Date,Shelter_ID,Capacity_Beds,Occupied_Beds,Capacity_Rooms,Occupied_Rooms,Unoccupied_Beds,Unoccupied_Rooms,Bed_Occupancy_Rate,Room_Occupancy_Rate,Service_User_Count
2023-01-01,1000,127,86,63,30,41,33,0.6771653543307087,0.47619047619047616,116
2023-01-02,1000,115,70,52,51,45,1,0.6086956521739131,0.9807692307692307,121
2023-01-03,1000,121,77,61,36,44,25,0.6363636363636364,0.5901639344262295,113
2023-01-04,1000,136,80,60,46,56,14,0.5882352941176471,0.7666666666666667,126
2023-01-05,1000,143,92,84,49,51,35,0.6433566433566433,0.5833333333333334,141
2023-01-06,1000,146,70,81,33,76,48,0.4794520547945205,0.4074074074074074,103
2023-01-07,1000,108,89,52,50,19,2,0.8240740740740741,0.9615384615384616,139
2023-01-08,1000,104,94,86,47,10,39,0.9038461538461539,0.5465116279069767,141
2023-01-09,1000,137,75,52,43,62,9,0.5474452554744526,0.8269230769230769,118
2023-01-10,1000,115,77,89,34,38,55,0.6695652173913044,0.38202247191011235,111
2023-01-11,1000,103,69,51,31,34,20,0.6699029126213593,0.6078431372549019,100
2023-01-12,1000,133,85,75,37,48,38,0.6390977443609023,0.49333333333333335,122
2023-01-13,1000,138,78,70,44,60,26,0.5652173913043478,0.6285714285714286,122
2023-01-14,1000,121,93,57,45,28,12,0.768595041322314,0.7894736842105263,138
2023-01-15,1000,125,81,50,31,44,19,0.648,0.62,112
2023-01-16,1000,105,68,63,29,37,34,0.6476190476190476,0.4603174603174603,97
2023-01-17,1000,114,83,67,34,31,33,0.7280701754385965,0.5074626865671642,117
2023-01-18,1000,113,70,51,39,43,12,0.6194690265486725,0.7647058823529411,109
2023-01-19,1000,113,92,60,36,21,24,0.8141592920353983,0.6,128
2023-01-20,1000,103,101,84,43,2,41,0.9805825242718447,0.5119047619047619,144
2023-01-21,1000,103,77,55,45,26,10,0.7475728155339806,0.8181818181818182,122
2023-01-22,1000,120,80,73,44,40,29,0.6666666666666666,0.6027397260273972,124
2023-01-23,1000,139,72,87,55,67,32,0.5179856115107914,0.632183908045977,127
2023-01-24,1000,119,83,63,44,36,19,0.6974789915966386,0.6984126984126984,127
2023-01-25,1000,102,81,90,43,21,47,0.7941176470588235,0.4777777777777778,124
2023-01-26,1000,135,85,54,37,50,17,0.6296296296296297,0.6851851851851852,122
2023-01-27,1000,130,81,83,40,49,43,0.6230769230769231,0.4819277108433735,121
2023-01-28,1000,128,69,95,44,59,51,0.5390625,0.4631578947368421,113
2023-01-29,1000,104,79,59,42,25,17,0.7596153846153846,0.711864406779661,121
2023-01-30,1000,101,68,77,38,33,39,0.6732673267326733,0.4935064935064935,106
2023-01-31,1000,146,91,99,40,55,59,0.6232876712328768,0.40404040404040403,131
2023-02-01,1000,139,82,99,45,57,54,0.5899280575539568,0.45454545454545453,127
2023-02-02,1000,119,75,70,43,44,27,0.6302521008403361,0.6142857142857143,118
2023-02-03,1000,147,97,57,43,50,14,0.6598639455782312,0.7543859649122807,140
2023-02-04,1000,143,80,98,34,63,64,0.5594405594405595,0.3469387755102041,114
2023-02-05,1000,102,90,62,37,12,25,0.8823529411764706,0.5967741935483871,127
2023-02-06,1000,122,69,77,37,53,40,0.5655737704918032,0.4805194805194805,106
2023-02-07,1000,140,87,94,35,53,59,0.6214285714285714,0.3723404255319149,122
2023-02-08,1000,150,86,71,36,64,35,0.5733333333333334,0.5070422535211268,122
2023-02-09,1000,135,86,82,41,49,41,0.6370370370370371,0.5,127
2023-02-10,1000,107,81,66,36,26,30,0.7570093457943925,0.5454545454545454,117
2023-02-11,1000,131,89,65,32,42,33,0.6793893129770993,0.49230769230769234,121
2023-02-12,1000,141,102,70,35,39,35,0.723404255319149,0.5,137
2023-02-13,1000,142,72,83,43,70,40,0.5070422535211268,0.5180722891566265,115
2023-02-14,1000,101,95,80,36,6,44,0.9405940594059405,0.45,131
2023-02-15,1000,114,77,51,34,37,17,0.6754385964912281,0.6666666666666666,111
2023-02-16,1000,148,66,69,39,82,30,0.44594594594594594,0.5652173913043478,105
2023-02-17,1000,137,65,70,39,72,31,0.4744525547445255,0.5571428571428572,104
2023-02-18,1000,150,81,85,38,69,47,0.54,0.4470588235294118,119
2023-02-19,1000,105,87,67,35,18,32,0.8285714285714286,0.5223880597014925,122
2023-02-20,1000,148,84,83,30,64,53,0.5675675675675675,0.3614457831325301,114
2023-02-21,1000,128,81,83,46,47,37,0.6328125,0.5542168674698795,127
2023-02-22,1000,131,79,90,38,52,52,0.6030534351145038,0.4222222222222222,117
2023-02-23,1000,148,80,74,51,68,23,0.5405405405405406,0.6891891891891891,131
2023-02-24,1000,107,75,79,53,32,26,0.7009345794392523,0.6708860759493671,128
2023-02-25,1000,125,80,61,46,45,15,0.64,0.7540983606557377,126
2023-02-26,1000,116,76,71,36,40,35,0.6551724137931034,0.5070422535211268,112
2023-02-27,1000,107,95,60,41,12,19,0.8878504672897196,0.6833333333333333,136
2023-02-28,1000,141,98,68,36,43,32,0.6950354609929078,0.5294117647058824,134
2023-03-01,1000,131,76,68,39,55,29,0.5801526717557252,0.5735294117647058,115
2023-03-02,1000,146,85,85,38,61,47,0.5821917808219178,0.4470588235294118,123
2023-03-03,1000,121,75,65,35,46,30,0.6198347107438017,0.5384615384615384,110
2023-03-04,1000,134,87,89,41,47,48,0.6492537313432836,0.4606741573033708,128
2023-03-05,1000,140,79,91,33,61,58,0.5642857142857143,0.3626373626373626,112
2023-03-06,1000,115,83,50,48,32,2,0.7217391304347827,0.96,131
2023-03-07,1000,102,76,73,33,26,40,0.7450980392156863,0.4520547945205479,109
2023-03-08,1000,121,84,93,40,37,53,0.6942148760330579,0.43010752688172044,124
2023-03-09,1000,109,82,80,51,27,29,0.7522935779816514,0.6375,133
2023-03-10,1000,121,78,75,46,43,29,0.6446280991735537,0.6133333333333333,124
2023-03-11,1000,144,64,78,41,80,37,0.4444444444444444,0.5256410256410257,105
2023-03-12,1000,124,77,60,36,47,24,0.6209677419354839,0.6,113
2023-03-13,1000,102,66,72,36,36,36,0.6470588235294118,0.5,102
2023-03-14,1000,118,98,90,41,20,49,0.8305084745762712,0.45555555555555555,139
2023-03-15,1000,149,81,96,35,68,61,0.5436241610738255,0.3645833333333333,116
2023-03-16,1000,125,85,96,44,40,52,0.68,0.4583333333333333,129
2023-03-17,1000,122,89,97,42,33,55,0.7295081967213115,0.4329896907216495,131
2023-03-18,1000,105,73,72,48,32,24,0.6952380952380952,0.6666666666666666,121
2023-03-19,1000,119,100,93,41,19,52,0.8403361344537815,0.44086021505376344,141
2023-03-20,1000,140,85,96,44,55,52,0.6071428571428571,0.4583333333333333,129
2023-03-21,1000,106,91,56,37,15,19,0.8584905660377359,0.6607142857142857,128
2023-03-22,1000,131,105,51,44,26,7,0.8015267175572519,0.8627450980392157,149
2023-03-23,1000,150,86,93,40,64,53,0.5733333333333334,0.43010752688172044,126
2023-03-24,1000,105,85,56,45,20,11,0.8095238095238095,0.8035714285714286,130
2023-03-25,1000,136,77,91,40,59,51,0.5661764705882353,0.43956043956043955,117
2023-03-26,1000,126,68,95,36,58,59,0.5396825396825397,0.37894736842105264,104
2023-03-27,1000,111,82,73,36,29,37,0.7387387387387387,0.4931506849315068,118
2023-03-28,1000,107,72,84,40,35,44,0.6728971962616822,0.47619047619047616,112
2023-03-29,1000,147,87,51,30,60,21,0.5918367346938775,0.5882352941176471,117
2023-03-30,1000,100,92,68,24,8,44,0.92,0.35294117647058826,116
2023-03-31,1000,135,78,81,41,57,40,0.5777777777777777,0.5061728395061729,119
2023-04-01,1000,127,69,74,41,58,33,0.5433070866141733,0.5540540540540541,110
2023-04-02,1000,118,76,87,36,42,51,0.6440677966101694,0.41379310344827586,112
2023-04-03,1000,108,77,98,35,31,63,0.7129629629629629,0.35714285714285715,112
2023-04-04,1000,129,96,84,39,33,45,0.7441860465116279,0.4642857142857143,135
2023-04-05,1000,116,94,88,36,22,52,0.8103448275862069,0.4090909090909091,130
2023-04-06,1000,137,83,94,37,54,57,0.6058394160583942,0.39361702127659576,120
2023-04-07,1000,121,66,78,54,55,24,0.5454545454545454,0.6923076923076923,120
2023-04-08,1000,105,73,87,38,32,49,0.6952380952380952,0.4367816091954023,111
2023-04-09,1000,120,85,56,38,35,18,0.7083333333333334,0.6785714285714286,123
2023-04-10,1000,120,83,85,31,37,54,0.6916666666666667,0.36470588235294116,114
2023-04-11,1000,131,76,63,43,55,20,0.5801526717557252,0.6825396825396826,119
2023-04-12,1000,112,82,91,45,30,46,0.7321428571428571,0.4945054945054945,127
2023-04-13,1000,116,83,90,40,33,50,0.7155172413793104,0.4444444444444444,123
2023-04-14,1000,101,69,91,39,32,52,0.6831683168316832,0.42857142857142855,108
2023-04-15,1000,105,87,58,42,18,16,0.8285714285714286,0.7241379310344828,129
2023-04-16,1000,101,74,92,56,27,36,0.7326732673267327,0.6086956521739131,130
2023-04-17,1000,115,82,69,45,33,24,0.7130434782608696,0.6521739130434783,127
2023-04-18,1000,110,75,92,47,35,45,0.6818181818181818,0.5108695652173914,122
2023-04-19,1000,135,86,86,38,49,48,0.6370370370370371,0.4418604651162791,124
2023-04-20,1000,134,98,100,43,36,57,0.7313432835820896,0.43,141
2023-04-21,1000,125,89,56,42,36,14,0.712,0.75,131
2023-04-22,1000,135,79,97,44,56,53,0.5851851851851851,0.4536082474226804,123
2023-04-23,1000,120,81,85,37,39,48,0.675,0.43529411764705883,118
2023-04-24,1000,141,59,86,35,82,51,0.41843971631205673,0.4069767441860465,94
2023-04-25,1000,137,104,78,39,33,39,0.7591240875912408,0.5,143
2023-04-26,1000,105,66,56,39,39,17,0.6285714285714286,0.6964285714285714,105
2023-04-27,1000,108,72,80,34,36,46,0.6666666666666666,0.425,106
2023-04-28,1000,142,89,50,35,53,15,0.6267605633802817,0.7,124
2023-04-29,1000,118,102,84,25,16,59,0.864406779661017,0.2976190476190476,127
2023-04-30,1000,121,83,62,47,38,15,0.6859504132231405,0.7580645161290323,130
2023-05-01,1000,145,95,92,33,50,59,0.6551724137931034,0.358695652173913,128
2023-05-02,1000,139,81,64,43,58,21,0.5827338129496403,0.671875,124
2023-05-03,1000,128,84,57,53,44,4,0.65625,0.9298245614035088,137
2023-05-04,1000,148,98,61,43,50,18,0.6621621621621622,0.7049180327868853,141
2023-05-05,1000,144,77,96,28,67,68,0.5347222222222222,0.2916666666666667,105
2023-05-06,1000,115,78,63,33,37,30,0.6782608695652174,0.5238095238095238,111
2023-05-07,1000,101,79,92,40,22,52,0.7821782178217822,0.43478260869565216,119
2023-05-08,1000,137,75,67,47,62,20,0.5474452554744526,0.7014925373134329,122
2023-05-09,1000,123,75,53,48,48,5,0.6097560975609756,0.9056603773584906,123
2023-05-10,1000,129,79,52,40,50,12,0.6124031007751938,0.7692307692307693,119
2023-05-11,1000,142,90,55,30,52,25,0.6338028169014085,0.5454545454545454,120
2023-05-12,1000,105,78,65,47,27,18,0.7428571428571429,0.7230769230769231,125
2023-05-13,1000,129,91,91,41,38,50,0.7054263565891473,0.45054945054945056,132
2023-05-14,1000,118,78,58,50,40,8,0.6610169491525424,0.8620689655172413,128
2023-05-15,1000,114,87,51,51,27,0,0.7631578947368421,1,138
2023-05-16,1000,121,89,98,34,32,64,0.7355371900826446,0.3469387755102041,123
2023-05-17,1000,113,76,59,31,37,28,0.672566371681416,0.5254237288135594,107
2023-05-18,1000,122,59,89,43,63,46,0.48360655737704916,0.48314606741573035,102
2023-05-19,1000,118,76,75,33,42,42,0.6440677966101694,0.44,109
2023-05-20,1000,118,74,92,31,44,61,0.6271186440677966,0.33695652173913043,105
2023-05-21,1000,106,84,74,35,22,39,0.7924528301886793,0.47297297297297297,119
2023-05-22,1000,108,78,72,41,30,31,0.7222222222222222,0.5694444444444444,119
2023-05-23,1000,147,81,61,44,66,17,0.5510204081632653,0.7213114754098361,125
2023-05-24,1000,139,94,86,29,45,57,0.6762589928057554,0.3372093023255814,123
2023-05-25,1000,134,79,91,40,55,51,0.5895522388059702,0.43956043956043955,119
2023-05-26,1000,125,91,72,46,34,26,0.728,0.6388888888888888,137
2023-05-27,1000,115,65,54,32,50,22,0.5652173913043478,0.5925925925925926,97
2023-05-28,1000,121,87,93,30,34,63,0.71900826446281,0.3225806451612903,117
2023-05-29,1000,122,89,57,45,33,12,0.7295081967213115,0.7894736842105263,134
2023-05-30,1000,127,77,58,46,50,12,0.6062992125984252,0.7931034482758621,123
2023-05-31,1000,133,80,78,42,53,36,0.6015037593984962,0.5384615384615384,122
2023-06-01,1000,136,90,76,40,46,36,0.6617647058823529,0.5263157894736842,130
2023-06-02,1000,147,93,79,31,54,48,0.6326530612244898,0.3924050632911392,124
2023-06-03,1000,120,95,67,46,25,21,0.7916666666666666,0.6865671641791045,141
2023-06-04,1000,140,84,95,41,56,54,0.6,0.43157894736842106,125
2023-06-05,1000,134,67,82,47,67,35,0.5,0.573170731707317,114
2023-06-06,1000,139,79,78,42,60,36,0.5683453237410072,0.5384615384615384,121
2023-06-07,1000,102,88,87,41,14,46,0.8627450980392157,0.47126436781609193,129
2023-06-08,1000,107,77,75,36,30,39,0.719626168224299,0.48,113
2023-06-09,1000,118,95,52,43,23,9,0.8050847457627118,0.8269230769230769,138
2023-06-10,1000,103,69,84,36,34,48,0.6699029126213593,0.42857142857142855,105
2023-06-11,1000,119,76,93,41,43,52,0.6386554621848739,0.44086021505376344,117
2023-06-12,1000,118,81,62,43,37,19,0.6864406779661016,0.6935483870967742,124
2023-06-13,1000,106,78,72,45,28,27,0.7358490566037735,0.625,123
2023-06-14,1000,131,83,79,41,48,38,0.6335877862595419,0.5189873417721519,124
2023-06-15,1000,116,83,97,27,33,70,0.7155172413793104,0.27835051546391754,110
2023-06-16,1000,124,86,76,39,38,37,0.6935483870967742,0.5131578947368421,125
2023-06-17,1000,134,75,71,49,59,22,0.5597014925373134,0.6901408450704225,124
2023-06-18,1000,101,87,51,36,14,15,0.8613861386138614,0.7058823529411765,123
2023-06-19,1000,136,83,78,46,53,32,0.6102941176470589,0.5897435897435898,129
2023-06-20,1000,146,58,84,37,88,47,0.3972602739726027,0.44047619047619047,95
2023-06-21,1000,146,88,80,49,58,31,0.6027397260273972,0.6125,137
2023-06-22,1000,129,86,70,33,43,37,0.6666666666666666,0.4714285714285714,119
2023-06-23,1000,109,81,87,34,28,53,0.7431192660550459,0.39080459770114945,115
2023-06-24,1000,121,80,74,38,41,36,0.6611570247933884,0.5135135135135135,118
2023-06-25,1000,148,81,77,48,67,29,0.5472972972972973,0.6233766233766234,129
2023-06-26,1000,134,69,78,40,65,38,0.5149253731343284,0.5128205128205128,109
2023-06-27,1000,124,99,84,47,25,37,0.7983870967741935,0.5595238095238095,146
2023-06-28,1000,115,88,93,51,27,42,0.7652173913043478,0.5483870967741935,139
2023-06-29,1000,108,90,54,46,18,8,0.8333333333333334,0.8518518518518519,136
2023-06-30,1000,119,86,62,44,33,18,0.7226890756302521,0.7096774193548387,130
2023-07-01,1000,111,84,89,46,27,43,0.7567567567567568,0.5168539325842697,130
2023-07-02,1000,136,90,54,36,46,18,0.6617647058823529,0.6666666666666666,126
2023-07-03,1000,116,69,74,37,47,37,0.5948275862068966,0.5,106
2023-07-04,1000,102,92,95,40,10,55,0.9019607843137255,0.42105263157894735,132
2023-07-05,1000,146,71,59,39,75,20,0.4863013698630137,0.6610169491525424,110
2023-07-06,1000,121,83,96,38,38,58,0.6859504132231405,0.3958333333333333,121
2023-07-07,1000,136,91,93,35,45,58,0.6691176470588235,0.3763440860215054,126
2023-07-08,1000,137,69,60,47,68,13,0.5036496350364964,0.7833333333333333,116
2023-07-09,1000,117,75,86,32,42,54,0.6410256410256411,0.37209302325581395,107
2023-07-10,1000,129,71,55,37,58,18,0.5503875968992248,0.6727272727272727,108
2023-07-11,1000,118,88,91,31,30,60,0.7457627118644068,0.34065934065934067,119
2023-07-12,1000,117,75,99,46,42,53,0.6410256410256411,0.46464646464646464,121
2023-07-13,1000,122,80,63,37,42,26,0.6557377049180327,0.5873015873015873,117
2023-07-14,1000,142,85,71,34,57,37,0.5985915492957746,0.4788732394366197,119
2023-07-15,1000,147,84,72,51,63,21,0.5714285714285714,0.7083333333333334,135
2023-07-16,1000,130,81,94,40,49,54,0.6230769230769231,0.425531914893617,121
2023-07-17,1000,105,53,62,39,52,23,0.5047619047619047,0.6290322580645161,92
2023-07-18,1000,106,76,56,41,30,15,0.71698113207547165,0.7321428571428571,117
2023-07-19,1000,107,83,60,29,24,31,0.7757009345794392,0.48333333333333334,112
2023-07-20,1000,103,75,50,42,28,8,0.7281553398058253,0.84,117
2023-07-21,1000,142,72,86,46,70,40,0.5070422535211268,0.5348837209302325,118
2023-07-22,1000,114,91,82,42,23,40,0.7982456140350878,0.5121951219512195,133
2023-07-23,1000,116,69,64,37,47,27,0.5948275862068966,0.578125,106
2023-07-24,1000,142,78,75,36,64,39,0.5492957746478874,0.48,114
2023-07-25,1000,138,82,86,47,56,39,0.5942028985507246,0.5465116279069767,129
2023-07-26,1000,141,84,52,48,57,4,0.5957446808510638,0.9230769230769231,132
2023-07-27,1000,123,70,51,43,53,8,0.5691056910569106,0.8431372549019608,113
2023-07-28,1000,142,94,60,40,48,20,0.6619718309859155,0.6666666666666666,134
2023-07-29,1000,134,72,87,31,62,56,0.5373134328358209,0.3563218390804598,103
2023-07-30,1000,117,74,70,36,43,34,0.6324786324786325,0.5142857142857142,110
2023-07-31,1000,110,68,67,56,42,11,0.6181818181818182,0.835820895522388,124
2023-08-01,1000,132,94,64,42,38,22,0.7121212121212122,0.65625,136
2023-08-02,1000,107,79,94,40,28,54,0.7383177570093458,0.425531914893617,119
2023-08-03,1000,107,91,94,38,16,56,0.8504672897196262,0.40425531914893614,129
2023-08-04,1000,121,71,75,51,50,24,0.5867768595041323,0.68,122
2023-08-05,1000,141,88,88,45,53,43,0.624113475177305,0.5113636363636364,133
2023-08-06,1000,136,86,52,49,50,3,0.6323529411764706,0.9423076923076923,135
2023-08-07,1000,111,81,76,30,30,46,0.7297297297297297,0.39473684210526316,111
2023-08-08,1000,141,78,87,37,63,50,0.5531914893617021,0.42528735632183906,115
2023-08-09,1000,119,81,100,42,38,58,0.680672268907563,0.42,123
2023-08-10,1000,132,77,90,38,55,52,0.5833333333333334,0.4222222222222222,115
2023-08-11,1000,105,74,82,41,31,41,0.7047619047619048,0.5,115
2023-08-12,1000,102,83,50,35,19,15,0.8137254901960784,0.7,118
2023-08-13,1000,135,71,78,43,64,35,0.5259259259259259,0.5512820512820513,114
2023-08-14,1000,135,67,76,35,68,41,0.4962962962962963,0.4605263157894737,102
2023-08-15,1000,110,84,90,37,26,53,0.7636363636363637,0.4111111111111111,121
2023-08-16,1000,134,73,61,42,61,19,0.5447761194029851,0.6885245901639344,115
2023-08-17,1000,132,80,63,49,52,14,0.6060606060606061,0.7777777777777778,129
2023-08-18,1000,150,71,96,38,79,58,0.47333333333333333,0.3958333333333333,109
2023-08-19,1000,128,90,60,27,38,33,0.703125,0.45,117
2023-08-20,1000,100,65,73,37,35,36,0.65,0.5068493150684932,102
2023-08-21,1000,129,75,59,32,54,27,0.5813953488372093,0.5423728813559322,107
2023-08-22,1000,127,78,67,35,49,32,0.6141732283464567,0.5223880597014925,113
2023-08-23,1000,143,87,66,29,56,37,0.6083916083916084,0.4393939393939394,116
2023-08-24,1000,118,80,55,41,38,14,0.6779661016949152,0.7454545454545455,121
2023-08-25,1000,109,88,89,44,21,45,0.8073394495412844,0.4943820224719101,132
2023-08-26,1000,120,76,56,43,44,13,0.6333333333333333,0.7678571428571429,119
2023-08-27,1000,112,87,81,44,25,37,0.7767857142857143,0.5432098765432098,131
2023-08-28,1000,111,91,72,38,20,34,0.8198198198198198,0.5277777777777778,129
2023-08-29,1000,128,88,74,33,40,41,0.6875,0.44594594594594594,121
2023-08-30,1000,130,75,100,50,55,50,0.5769230769230769,0.5,125
2023-08-31,1000,132,79,57,37,53,20,0.5984848484848485,0.6491228070175439,116
2023-09-01,1000,144,73,78,39,71,39,0.5069444444444444,0.5,112
2023-09-02,1000,109,79,100,35,30,65,0.7247706422018348,0.35,114
2023-09-03,1000,121,81,86,33,40,53,0.6694214876033058,0.38372093023255816,114
2023-09-04,1000,112,69,94,28,43,66,0.6160714285714286,0.2978723404255319,97
2023-09-05,1000,126,70,52,36,56,16,0.5555555555555556,0.6923076923076923,106
2023-09-06,1000,139,81,100,29,58,71,0.5827338129496403,0.29,110
2023-09-07,1000,117,88,76,38,29,38,0.7521367521367521,0.5,126
2023-09-08,1000,122,87,70,42,35,28,0.7131147540983607,0.6,129
2023-09-09,1000,130,72,86,26,58,60,0.5538461538461539,0.3023255813953488,98
2023-09-10,1000,101,81,94,41,20,53,0.801980198019802,0.43617021276595747,122
2023-09-11,1000,123,67,93,41,56,52,0.5447154471544715,0.44086021505376344,108
2023-09-12,1000,137,96,76,36,41,40,0.7007299270072993,0.47368421052631576,132
2023-09-13,1000,124,89,61,43,35,18,0.717741935483871,0.7049180327868853,132
2023-09-14,1000,113,71,72,36,42,36,0.6283185840707964,0.5,107
2023-09-15,1000,137,93,84,44,44,40,0.6788321167883211,0.5238095238095238,137
2023-09-16,1000,136,88,76,40,48,36,0.6470588235294118,0.5263157894736842,128
2023-09-17,1000,110,75,55,50,35,5,0.6818181818181818,0.9090909090909091,125
2023-09-18,1000,131,86,97,37,45,60,0.6564885496183206,0.38144329896907214,123
2023-09-19,1000,145,96,86,35,49,51,0.6620689655172414,0.4069767441860465,131
2023-09-20,1000,127,76,73,33,51,40,0.5984251968503937,0.4520547945205479,109
2023-09-21,1000,140,80,57,38,60,19,0.5714285714285714,0.6666666666666666,118
2023-09-22,1000,132,75,64,36,57,28,0.5681818181818182,0.5625,111
2023-09-23,1000,132,81,61,44,51,17,0.6136363636363636,0.7213114754098361,125
2023-09-24,1000,131,75,77,39,56,38,0.5725190839694656,0.5064935064935064,114
2023-09-25,1000,114,73,79,52,41,27,0.6403508771929824,0.6582278481012658,125
2023-09-26,1000,137,66,90,45,71,45,0.48175182481751827,0.5,111
2023-09-27,1000,120,68,71,33,52,38,0.5666666666666667,0.4647887323943662,101
2023-09-28,1000,109,93,76,36,16,40,0.8532110091743119,0.47368421052631576,129
2023-09-29,1000,133,61,74,33,72,41,0.45864661654135336,0.44594594594594594,94
2023-09-30,1000,142,82,72,37,60,35,0.5774647887323944,0.5138888888888888,119
2023-10-01,1000,124,87,89,33,37,56,0.7016129032258065,0.3707865168539326,120
2023-10-02,1000,149,81,84,36,68,48,0.5436241610738255,0.42857142857142855,117
2023-10-03,1000,143,87,63,43,56,20,0.6083916083916084,0.6825396825396826,130
2023-10-04,1000,142,71,96,39,71,57,0.5,0.40625,110
2023-10-05,1000,150,68,69,51,82,18,0.4533333333333333,0.7391304347826086,119
2023-10-06,1000,136,65,69,41,71,28,0.47794117647058826,0.5942028985507246,106
2023-10-07,1000,101,80,70,43,21,27,0.7920792079207921,0.6142857142857143,123
2023-10-08,1000,137,97,70,34,40,36,0.708029197080292,0.4857142857142857,131
2023-10-09,1000,101,79,82,45,22,37,0.7821782178217822,0.5487804878048781,124
2023-10-10,1000,104,86,55,43,18,12,0.8269230769230769,0.7818181818181819,129
2023-10-11,1000,122,89,82,40,33,42,0.7295081967213115,0.4878048780487805,129
2023-10-12,1000,144,90,64,33,54,31,0.625,0.515625,123
2023-10-13,1000,136,75,84,38,61,46,0.5514705882352942,0.4523809523809524,113
2023-10-14,1000,108,92,80,25,16,55,0.8518518518518519,0.3125,117
2023-10-15,1000,126,82,76,34,44,42,0.6507936507936508,0.4473684210526316,116
2023-10-16,1000,137,91,66,42,46,24,0.6642335766423357,0.6363636363636364,133
2023-10-17,1000,114,67,94,29,47,65,0.5877192982456141,0.30851063829787234,96
2023-10-18,1000,121,84,56,38,37,18,0.6942148760330579,0.6785714285714286,122
2023-10-19,1000,119,91,59,33,28,26,0.7647058823529411,0.559322033898305,124
2023-10-20,1000,140,75,92,53,65,39,0.5357142857142857,0.5760869565217391,128
2023-10-21,1000,133,75,65,55,58,10,0.5639097744360902,0.8461538461538461,130
2023-10-22,1000,110,79,84,43,31,41,0.7181818181818181,0.5119047619047619,122
2023-10-23,1000,123,72,68,33,51,35,0.5853658536585366,0.4852941176470588,105
2023-10-24,1000,111,96,86,37,15,49,0.8648648648648649,0.43023255813953487,133
2023-10-25,1000,104,101,87,29,3,58,0.9711538461538461,0.3333333333333333,130
2023-10-26,1000,150,75,65,46,75,19,0.5,0.7076923076923077,121
2023-10-27,1000,130,78,60,38,52,22,0.6,0.6333333333333333,116
2023-10-28,1000,138,82,64,34,56,30,0.5942028985507246,0.53125,116
2023-10-29,1000,137,72,54,36,65,18,0.5255474452554745,0.6666666666666666,108
2023-10-30,1000,136,94,74,40,42,34,0.6911764705882353,0.5405405405405406,134
2023-10-31,1000,114,77,96,46,37,50,0.6754385964912281,0.4791666666666667,123
2023-11-01,1000,130,84,64,41,46,23,0.6461538461538462,0.640625,125
2023-11-02,1000,135,77,91,33,58,58,0.5703703703703704,0.3626373626373626,110
2023-11-03,1000,122,87,94,34,35,60,0.7131147540983607,0.3617021276595745,121
2023-11-04,1000,112,79,99,45,33,54,0.7053571428571429,0.45454545454545453,124
2023-11-05,1000,127,87,92,37,40,55,0.6850393700787402,0.40217391304347827,124
2023-11-06,1000,101,73,89,35,28,54,0.7227722772277227,0.39325842696629215,108
2023-11-07,1000,141,83,55,37,58,18,0.5886524822695035,0.6727272727272727,120
2023-11-08,1000,135,85,73,33,50,40,0.6296296296296297,0.4520547945205479,118
2023-11-09,1000,149,68,75,43,81,32,0.4563758389261745,0.5733333333333334,111
2023-11-10,1000,119,89,69,48,30,21,0.7478991596638656,0.6956521739130435,137
2023-11-11,1000,141,88,54,37,53,17,0.624113475177305,0.6851851851851852,125
2023-11-12,1000,101,96,95,40,5,55,0.9504950495049505,0.42105263157894735,136
2023-11-13,1000,116,69,95,38,47,57,0.5948275862068966,0.4,107
2023-11-14,1000,103,76,100,44,27,56,0.7378640776699029,0.44,120
2023-11-15,1000,121,83,51,40,38,11,0.6859504132231405,0.7843137254901961,123
2023-11-16,1000,109,79,50,45,30,5,0.7247706422018348,0.9,124
2023-11-17,1000,123,83,96,38,40,58,0.6747967479674797,0.3958333333333333,121
2023-11-18,1000,118,83,80,50,35,30,0.7033898305084746,0.625,133
2023-11-19,1000,112,87,58,42,25,16,0.7767857142857143,0.7241379310344828,129
2023-11-20,1000,145,91,70,40,54,30,0.6275862068965518,0.5714285714285714,131
2023-11-21,1000,140,91,92,43,49,49,0.65,0.4673913043478261,134
2023-11-22,1000,112,77,87,26,35,61,0.6875,0.2988505747126437,103
2023-11-23,1000,126,76,69,32,50,37,0.6031746031746031,0.463768115942029,108
2023-11-24,1000,122,87,95,43,35,52,0.7131147540983607,0.45263157894736844,130
2023-11-25,1000,114,92,66,37,22,29,0.8070175438596491,0.5606060606060606,129
2023-11-26,1000,129,70,91,35,59,56,0.5426356589147286,0.38461538461538464,105
2023-11-27,1000,118,88,83,37,30,46,0.7457627118644068,0.4457831325301205,125
2023-11-28,1000,109,69,77,38,40,39,0.6330275229357798,0.4935064935064935,107
2023-11-29,1000,112,73,53,41,39,12,0.6517857142857143,0.7735849056603774,114
2023-11-30,1000,132,71,98,41,61,57,0.5378787878787878,0.41836734693877553,112
2023-12-01,1000,105,67,90,24,38,66,0.638095238095238,0.26666666666666666,91
2023-12-02,1000,121,66,74,53,55,21,0.5454545454545454,0.7162162162162162,119
2023-12-03,1000,134,93,63,32,41,31,0.6940298507462687,0.5079365079365079,125
2023-12-04,1000,146,89,59,45,57,14,0.6095890410958904,0.7627118644067796,134
2023-12-05,1000,150,78,61,40,72,21,0.52,0.6557377049180327,118
2023-12-06,1000,132,89,77,42,43,35,0.6742424242424242,0.5454545454545454,131
2023-12-07,1000,148,81,67,41,67,26,0.5472972972972973,0.6119402985074627,122
2023-12-08,1000,149,84,77,37,65,40,0.5637583892617449,0.4805194805194805,121
2023-12-09,1000,146,83,63,41,63,22,0.5684931506849316,0.6507936507936508,124
2023-12-10,1000,146,84,63,37,62,26,0.5753424657534246,0.5873015873015873,121
2023-12-11,1000,120,71,85,44,49,41,0.5916666666666667,0.5176470588235295,115
2023-12-12,1000,103,81,68,39,22,29,0.7864077669902912,0.5735294117647058,120
2023-12-13,1000,113,86,91,33,27,58,0.7610619469026548,0.3626373626373626,119
2023-12-14,1000,126,61,91,31,65,60,0.48412698412698413,0.34065934065934067,92
2023-12-15,1000,145,74,60,34,71,26,0.5103448275862069,0.5666666666666667,108
2023-12-16,1000,116,92,85,34,24,51,0.7931034482758621,0.4,126
2023-12-17,1000,141,91,70,42,50,28,0.6453900709219859,0.6,133
2023-12-18,1000,147,66,58,44,81,14,0.4489795918367347,0.7586206896551724,110
2023-12-19,1000,126,82,70,42,44,28,0.6507936507936508,0.6,124
2023-12-20,1000,109,83,99,47,26,52,0.7614678899082569,0.47474747474747475,130
2023-12-21,1000,116,91,77,45,25,32,0.7844827586206896,0.5844155844155844,136
2023-12-22,1000,113,82,83,41,31,42,0.7256637168141593,0.4939759036144578,123
2023-12-23,1000,137,81,82,48,56,34,0.5912408759124088,0.5853658536585366,129
2023-12-24,1000,121,86,94,50,35,44,0.7107438016528925,0.5319148936170213,136
2023-12-25,1000,114,69,72,30,45,42,0.6052631578947368,0.4166666666666667,99
2023-12-26,1000,138,71,87,47,67,40,0.5144927536231884,0.5402298850574713,118
2023-12-27,1000,136,89,75,49,47,26,0.6544117647058824,0.6533333333333333,138
2023-12-28,1000,126,94,72,39,32,33,0.746031746031746,0.5416666666666666,133
2023-12-29,1000,137,68,96,36,69,60,0.49635036496350365,0.375,104
2023-12-30,1000,112,75,67,37,37,30,0.6696428571428571,0.5522388059701493,112
2023-12-31,1000,110,97,80,34,13,46,0.8818181818181818,0.425,131
2023-01-01,1001,107,83,94,41,24,53,0.7757009345794392,0.43617021276595747,124
2023-01-02,1001,147,74,55,40,73,15,0.5034013605442177,0.7272727272727273,114
2023-01-03,1001,150,86,89,39,64,50,0.5733333333333334,0.43820224719101125,125
2023-01-04,1001,149,92,65,41,57,24,0.6174496644295302,0.6307692307692307,133
2023-01-05,1001,115,85,65,30,30,35,0.7391304347826086,0.46153846153846156,115
2023-01-06,1001,111,79,77,43,32,34,0.7117117117117117,0.5584415584415584,122
2023-01-07,1001,122,96,93,41,26,52,0.7868852459016393,0.44086021505376344,137
2023-01-08,1001,131,77,79,37,54,42,0.5877862595419847,0.46835443037974683,114
2023-01-09,1001,114,83,66,39,31,27,0.7280701754385965,0.5909090909090909,122
2023-01-10,1001,139,83,64,43,56,21,0.5971223021582733,0.671875,126
2023-01-11,1001,135,71,58,45,64,13,0.5259259259259259,0.7758620689655172,116
2023-01-12,1001,112,75,97,36,37,61,0.6696428571428571,0.3711340206185567,111
2023-01-13,1001,113,67,53,36,46,17,0.5929203539823009,0.6792452830188679,103
2023-01-14,1001,140,78,63,28,62,35,0.5571428571428572,0.4444444444444444,106
2023-01-15,1001,118,89,81,42,29,39,0.7542372881355932,0.5185185185185185,131
2023-01-16,1001,132,85,75,39,47,36,0.6439393939393939,0.52,124
2023-01-17,1001,103,82,53,32,21,21,0.7961165048543689,0.6037735849056604,114
2023-01-18,1001,123,66,54,38,57,16,0.5365853658536586,0.7037037037037037,104
2023-01-19,1001,113,82,91,37,31,54,0.7256637168141593,0.4065934065934066,119
2023-01-20,1001,130,68,93,56,62,37,0.5230769230769231,0.6021505376344086,124
2023-01-21,1001,109,75,89,46,34,43,0.6880733944954128,0.5168539325842697,121
2023-01-22,1001,112,68,84,40,44,44,0.6071428571428571,0.47619047619047616,108
2023-01-23,1001,112,81,62,33,31,29,0.7232142857142857,0.532258064516129,114
2023-01-24,1001,126,83,85,38,43,47,0.6587301587301587,0.4470588235294118,121
2023-01-25,1001,141,77,67,38,64,29,0.5460992907801419,0.5671641791044776,115
2023-01-26,1001,150,83,83,39,67,44,0.5533333333333333,0.46987951807228917,122
2023-01-27,1001,142,79,75,49,63,26,0.5563380281690141,0.6533333333333333,128
2023-01-28,1001,114,77,60,43,37,17,0.6754385964912281,0.7166666666666667,120
2023-01-29,1001,146,88,72,40,58,32,0.6027397260273972,0.5555555555555556,128
2023-01-30,1001,142,80,64,34,62,30,0.5633802816901409,0.53125,114
2023-01-31,1001,135,85,60,44,50,16,0.6296296296296297,0.7333333333333333,129
2023-02-01,1001,126,80,90,44,46,46,0.6349206349206349,0.4888888888888889,124
2023-02-02,1001,148,82,59,32,66,27,0.5540540540540541,0.5423728813559322,114
2023-02-03,1001,113,90,83,35,23,48,0.7964601769911505,0.42168674698795183,125
2023-02-04,1001,113,75,93,35,38,58,0.6637168141592921,0.3763440860215054,110
2023-02-05,1001,117,91,67,47,26,20,0.7777777777777778,0.7014925373134329,138
2023-02-06,1001,121,83,72,46,38,26,0.6859504132231405,0.6388888888888888,129
2023-02-07,1001,139,84,62,44,55,18,0.60431654676259,0.7096774193548387,128
2023-02-08,1001,112,89,86,44,23,42,0.7946428571428571,0.5116279069767442,133
2023-02-09,1001,119,92,78,47,27,31,0.773109243697479,0.6025641025641025,139
2023-02-10,1001,130,84,62,39,46,23,0.6461538461538462,0.6290322580645161,123
2023-02-11,1001,110,87,89,42,23,47,0.7909090909090909,0.47191011235955055,129
2023-02-12,1001,102,75,69,55,27,14,0.7352941176470589,0.7971014492753623,130
2023-02-13,1001,130,85,86,43,45,43,0.6538461538461539,0.5,128
2023-02-14,1001,142,76,93,34,66,59,0.5352112676056338,0.3655913978494624,110
2023-02-15,1001,109,88,57,38,21,19,0.8073394495412844,0.6666666666666666,126
2023-02-16,1001,141,85,80,45,56,35,0.6028368794326241,0.5625,130
2023-02-17,1001,117,90,100,35,27,65,0.7692307692307693,0.35,125
2023-02-18,1001,125,71,96,44,54,52,0.568,0.4583333333333333,115
2023-02-19,1001,102,85,74,45,17,29,0.8333333333333334,0.6081081081081081,130
2023-02-20,1001,103,84,70,40,19,30,0.8155339805825242,0.5714285714285714,124
2023-02-21,1001,130,73,66,50,57,16,0.5615384615384615,0.7575757575757576,123
2023-02-22,1001,146,88,89,39,58,50,0.6027397260273972,0.43820224719101125,127
2023-02-23,1001,120,85,50,48,35,2,0.7083333333333334,0.96,133
2023-02-24,1001,133,86,54,36,47,18,0.6466165413533834,0.6666666666666666,122
2023-02-25,1001,114,79,92,43,35,49,0.6929824561403509,0.4673913043478261,122
2023-02-26,1001,149,77,68,34,72,34,0.5167785234899329,0.5,111
2023-02-27,1001,146,65,70,38,81,32,0.4452054794520548,0.5428571428571428,103
2023-02-28,1001,137,84,83,45,53,38,0.6131386861313869,0.54216867469879515,129
2023-03-01,1001,139,90,73,43,49,30,0.6474820143884892,0.589041095890411,133
2023-03-02,1001,127,77,70,39,50,31,0.6062992125984252,0.5571428571428572,116
2023-03-03,1001,140,73,51,37,67,14,0.5214285714285715,0.7254901960784313,110
2023-03-04,1001,118,81,58,43,37,15,0.6864406779661016,0.7413793103448276,124
2023-03-05,1001,123,86,78,33,37,45,0.6991869918699187,0.4230769230769231,119
2023-03-06,1001,129,70,57,36,59,21,0.5426356589147286,0.631578947368421,106
2023-03-07,1001,122,85,84,32,37,52,0.6967213114754098,0.38095238095238093,117
2023-03-08,1001,126,80,75,42,46,33,0.6349206349206349,0.56,122
2023-03-09,1001,139,89,81,37,50,44,0.6402877697841727,0.4567901234567901,126
2023-03-10,1001,129,83,64,40,46,24,0.6434108527131783,0.625,123
2023-03-11,1001,111,74,99,50,37,49,0.6666666666666666,0.5050505050505051,124
2023-03-12,1001,102,79,60,42,23,18,0.7745098039215687,0.7,121
2023-03-13,1001,146,88,90,39,58,51,0.6027397260273972,0.43333333333333335,127
2023-03-14,1001,148,71,97,45,77,52,0.4797297297297297,0.4639175257731959,116
2023-03-15,1001,130,92,50,39,38,11,0.7076923076923077,0.78,131
2023-03-16,1001,134,78,100,38,56,62,0.582089552238806,0.38,116
2023-03-17,1001,119,62,99,30,57,69,0.5210084033613446,0.30303030303030304,92
2023-03-18,1001,142,72,80,35,70,45,0.5070422535211268,0.4375,107
2023-03-19,1001,138,63,92,53,75,39,0.45652173913043476,0.5760869565217391,116
2023-03-20,1001,103,79,60,43,24,17,0.7669902912621359,0.7166666666666667,122
2023-03-21,1001,112,75,97,38,37,59,0.6696428571428571,0.3917525773195876,113
2023-03-22,1001,115,76,74,36,39,38,0.6608695652173913,0.4864864864864865,112
2023-03-23,1001,130,72,94,38,58,56,0.5538461538461539,0.40425531914893614,110
2023-03-24,1001,148,72,67,40,76,27,0.4864864864864865,0.5970149253731343,112
2023-03-25,1001,110,77,79,51,33,28,0.7,0.6455696202531646,128
2023-03-26,1001,120,78,68,55,42,13,0.65,0.8088235294117647,133
2023-03-27,1001,135,85,54,46,50,8,0.6296296296296297,0.8518518518518519,131
2023-03-28,1001,114,72,75,35,42,40,0.631578947368421,0.4666666666666667,107
2023-03-29,1001,128,89,100,45,39,55,0.6953125,0.45,134
2023-03-30,1001,129,78,91,39,51,52,0.6046511627906976,0.42857142857142855,117
2023-03-31,1001,117,68,51,35,49,16,0.5811965811965812,0.6862745098039216,103
2023-04-01,1001,106,92,69,38,14,31,0.8679245283018868,0.5507246376811594,130
2023-04-02,1001,101,93,70,53,8,17,0.9207920792079208,0.7571428571428571,146
2023-04-03,1001,136,82,75,42,54,33,0.6029411764705882,0.56,124
2023-04-04,1001,118,71,89,52,47,37,0.6016949152542372,0.5842696629213483,123
2023-04-05,1001,114,69,97,26,45,71,0.6052631578947368,0.26804123711340205,95
2023-04-06,1001,125,74,97,43,51,54,0.592,0.44329896907216493,117
2023-04-07,1001,140,85,99,45,55,54,0.6071428571428571,0.45454545454545453,130
2023-04-08,1001,138,82,97,39,56,58,0.5942028985507246,0.4020618556701031,121
2023-04-09,1001,115,73,69,39,42,30,0.6347826086956522,0.5652173913043478,112
2023-04-10,1001,143,77,72,47,66,25,0.5384615384615384,0.6527777777777778,124
2023-04-11,1001,123,87,75,40,36,35,0.7073170731707317,0.5333333333333333,127
2023-04-12,1001,120,89,87,55,31,32,0.7416666666666667,0.632183908045977,144
2023-04-13,1001,142,65,68,35,77,33,0.45774647887323944,0.5147058823529411,100
2023-04-14,1001,124,65,60,38,59,22,0.5241935483870968,0.6333333333333333,103
2023-04-15,1001,128,76,52,40,52,12,0.59375,0.7692307692307693,116
2023-04-16,1001,138,76,73,38,62,35,0.5507246376811594,0.5205479452054794,114
2023-04-17,1001,125,81,62,36,44,26,0.648,0.5806451612903226,117
2023-04-18,1001,106,71,80,52,35,28,0.6698113207547169,0.65,123
2023-04-19,1001,136,76,82,38,60,44,0.5588235294117647,0.4634146341463415,114
2023-04-20,1001,131,83,62,38,48,24,0.6335877862595419,0.6129032258064516,121
2023-04-21,1001,105,72,58,58,33,0,0.6857142857142857,1,130
2023-04-22,1001,132,74,96,43,58,53,0.5606060606060606,0.4479166666666667,117
2023-04-23,1001,137,72,98,44,65,54,0.5255474452554745,0.4489795918367347,116
2023-04-24,1001,112,71,52,44,41,8,0.6339285714285714,0.8461538461538461,115
2023-04-25,1001,109,77,86,33,32,53,0.7064220183486238,0.38372093023255816,110
2023-04-26,1001,145,81,83,35,64,48,0.5586206896551724,0.42168674698795183,116
2023-04-27,1001,123,83,87,41,40,46,0.6747967479674797,0.47126436781609193,124
2023-04-28,1001,119,75,60,32,44,28,0.6302521008403361,0.5333333333333333,107
2023-04-29,1001,105,86,74,27,19,47,0.819047619047619,0.36486486486486486,113
2023-04-30,1001,133,69,50,34,64,16,0.518796992481203,0.68,103
2023-05-01,1001,141,82,100,43,59,57,0.5815602836879432,0.43,125
2023-05-02,1001,128,79,63,44,49,19,0.6171875,0.6984126984126984,123
2023-05-03,1001,122,75,92,44,47,48,0.6147540983606558,0.4782608695652174,119
2023-05-04,1001,114,94,76,30,20,46,0.8245614035087719,0.39473684210526316,124
2023-05-05,1001,123,82,79,39,41,40,0.6666666666666666,0.4936708860759494,121
2023-05-06,1001,100,72,93,37,28,56,0.72,0.3978494623655914,109
2023-05-07,1001,132,94,90,38,38,52,0.7121212121212122,0.4222222222222222,132
2023-05-08,1001,148,81,55,40,67,15,0.5472972972972973,0.7272727272727273,121
2023-05-09,1001,119,68,50,27,51,23,0.5714285714285714,0.54,95
2023-05-10,1001,150,76,64,34,74,30,0.5066666666666667,0.53125,110
2023-05-11,1001,147,86,63,35,61,28,0.5850340136054422,0.5555555555555556,121
2023-05-12,1001,148,88,82,41,60,41,0.5945945945945946,0.5,129
2023-05-13,1001,105,85,88,49,20,39,0.8095238095238095,0.5568181818181818,134
2023-05-14,1001,130,74,68,35,56,33,0.5692307692307692,0.5147058823529411,109
2023-05-15,1001,120,78,56,34,42,22,0.65,0.6071428571428571,112
2023-05-16,1001,144,78,72,37,66,35,0.5416666666666666,0.5138888888888888,115
2023-05-17,1001,142,67,76,45,75,31,0.47183098591549294,0.5921052631578947,112
2023-05-18,1001,148,76,75,36,72,39,0.5135135135135135,0.48,112
2023-05-19,1001,146,72,53,30,74,23,0.4931506849315068,0.5660377358490566,102
2023-05-20,1001,127,89,69,35,38,34,0.7007874015748031,0.5072463768115942,124
2023-05-21,1001,137,78,98,37,59,61,0.5693430656934306,0.37755102040816324,115
2023-05-22,1001,108,77,98,27,31,71,0.7129629629629629,0.2755102040816326,104
2023-05-23,1001,132,82,56,42,50,14,0.6212121212121212,0.75,124
2023-05-24,1001,134,90,77,51,44,26,0.6716417910447762,0.6623376623376623,141
2023-05-25,1001,105,92,88,55,13,33,0.8761904761904762,0.625,147
2023-05-26,1001,130,91,80,45,39,35,0.7,0.5625,136
2023-05-27,1001,117,72,93,42,45,51,0.6153846153846154,0.45161290322580644,114
2023-05-28,1001,124,78,91,41,46,50,0.6290322580645161,0.45054945054945056,119
2023-05-29,1001,120,88,63,38,32,25,0.7333333333333333,0.6031746031746031,126
2023-05-30,1001,121,70,69,50,51,19,0.5785123966942148,0.7246376811594203,120
2023-05-31,1001,116,77,64,45,39,19,0.6637931034482759,0.703125,122
2023-06-01,1001,117,77,93,32,40,61,0.6581196581196581,0.34408602150537637,109
2023-06-02,1001,101,88,52,36,13,16,0.8712871287128713,0.6923076923076923,124
2023-06-03,1001,132,75,63,37,57,26,0.5681818181818182,0.5873015873015873,112
2023-06-04,1001,120,72,60,40,48,20,0.6,0.6666666666666666,112
2023-06-05,1001,110,89,86,30,21,56,0.8090909090909091,0.3488372093023256,119
2023-06-06,1001,129,78,57,33,51,24,0.6046511627906976,0.5789473684210527,111
2023-06-07,1001,106,79,94,41,27,53,0.7452830188679245,0.43617021276595747,120
2023-06-08,1001,122,83,76,39,39,37,0.680327868852459,0.5131578947368421,122
2023-06-09,1001,136,86,100,34,50,66,0.6323529411764706,0.34,120
2023-06-10,1001,119,81,79,36,38,43,0.680672268907563,0.45569620253164556,117
2023-06-11,1001,110,101,80,35,9,45,0.9181818181818182,0.4375,136
2023-06-12,1001,131,79,51,38,52,13,0.6030534351145038,0.7450980392156863,117
2023-06-13,1001,113,86,74,36,27,38,0.7610619469026548,0.4864864864864865,122
2023-06-14,1001,121,73,70,37,48,33,0.6033057851239669,0.5285714285714286,110
2023-06-15,1001,126,82,71,41,44,30,0.6507936507936508,0.5774647887323944,123
2023-06-16,1001,131,76,89,37,55,52,0.5801526717557252,0.4157303370786517,113
2023-06-17,1001,106,91,70,38,15,32,0.8584905660377359,0.5428571428571428,129
2023-06-18,1001,113,77,50,32,36,18,0.6814159292035398,0.64,109
2023-06-19,1001,145,74,98,40,71,58,0.5103448275862069,0.40816326530612246,114
2023-06-20,1001,106,101,55,42,5,13,0.9528301886792453,0.7636363636363637,143
2023-06-21,1001,106,73,80,45,33,35,0.6886792452830188,0.5625,118
2023-06-22,1001,112,80,83,39,32,44,0.7142857142857143,0.46987951807228917,119
2023-06-23,1001,106,80,90,50,26,40,0.7547169811320755,0.5555555555555556,130
2023-06-24,1001,144,71,87,45,73,42,0.4930555555555556,0.5172413793103449,116
2023-06-25,1001,100,91,75,45,9,30,0.91,0.6,136
2023-06-26,1001,129,89,94,41,40,53,0.689922480620155,0.43617021276595747,130
2023-06-27,1001,134,91,86,48,43,38,0.6791044776119403,0.5581395348837209,139
2023-06-28,1001,114,82,73,37,32,36,0.7192982456140351,0.5068493150684932,119
2023-06-29,1001,141,83,66,28,58,38,0.5886524822695035,0.42424242424242425,111
2023-06-30,1001,118,82,81,35,36,46,0.6949152542372882,0.43209876543209874,117
2023-07-01,1001,127,73,53,45,54,8,0.5748031496062992,0.8490566037735849,118
2023-07-02,1001,132,86,83,39,46,44,0.6515151515151515,0.46987951807228917,125
2023-07-03,1001,144,72,78,49,72,29,0.5,0.6282051282051282,121
2023-07-04,1001,123,92,68,32,31,36,0.7479674796747967,0.47058823529411764,124
2023-07-05,1001,148,92,50,50,56,0,0.6216216216216216,1,142
2023-07-06,1001,139,77,51,40,62,11,0.5539568345323741,0.7843137254901961,117
2023-07-07,1001,114,88,78,38,26,40,0.7719298245614035,0.48717948717948717,126
2023-07-08,1001,125,61,69,28,64,41,0.488,0.4057971014492754,89
2023-07-09,1001,115,97,78,42,18,36,0.8434782608695652,0.5384615384615384,139
2023-07-10,1001,141,74,50,45,67,5,0.524822695035461,0.9,119
2023-07-11,1001,133,89,61,45,44,16,0.6691729323308271,0.7377049180327869,134
2023-07-12,1001,100,83,83,40,17,43,0.83,0.4819277108433735,123
2023-07-13,1001,113,90,86,38,23,48,0.7964601769911505,0.4418604651162791,128
2023-07-14,1001,111,79,79,49,32,30,0.7117117117117117,0.620253164556962,128
2023-07-15,1001,150,90,97,46,60,51,0.6,0.4742268041237113,136
2023-07-16,1001,114,74,75,47,40,28,0.6491228070175439,0.6266666666666667,121
2023-07-17,1001,127,99,69,45,28,24,0.7795275590551181,0.6521739130434783,144
2023-07-18,1001,133,81,57,42,52,15,0.6090225563909775,0.7368421052631579,123
2023-07-19,1001,138,79,71,39,59,32,0.572463768115942,0.5492957746478874,118
2023-07-20,1001,113,65,90,38,48,52,0.5752212389380531,0.4222222222222222,103
2023-07-21,1001,146,75,57,36,71,21,0.5136986301369864,0.631578947368421,111
2023-07-22,1001,132,72,55,43,60,12,0.5454545454545454,0.7818181818181819,115
2023-07-23,1001,126,64,79,41,62,38,0.5079365079365079,0.5189873417721519,105
2023-07-24,1001,107,90,56,51,17,5,0.8411214953271028,0.9107142857142857,141
2023-07-25,1001,150,81,65,49,69,16,0.54,0.7538461538461538,130
2023-07-26,1001,146,81,66,41,65,25,0.5547945205479452,0.6212121212121212,122
2023-07-27,1001,150,87,56,43,63,13,0.58,0.7678571428571429,130
2023-07-28,1001,138,69,69,51,69,18,0.5,0.7391304347826086,120
2023-07-29,1001,128,71,74,38,57,36,0.5546875,0.5135135135135135,109
2023-07-30,1001,129,77,87,48,52,39,0.5968992248062015,0.5517241379310345,125
2023-07-31,1001,131,78,57,47,53,10,0.5954198473282443,0.8245614035087719,125
2023-08-01,1001,120,81,91,45,39,46,0.675,0.4945054945054945,126
2023-08-02,1001,102,77,85,44,25,41,0.7549019607843137,0.5176470588235295,121
2023-08-03,1001,130,66,70,39,64,31,0.5076923076923077,0.5571428571428572,105
2023-08-04,1001,121,72,93,43,49,50,0.5950413223140496,0.46236559139784944,115
2023-08-05,1001,130,88,73,41,42,32,0.676923076923077,0.5616438356164384,129
2023-08-06,1001,132,85,77,37,47,40,0.6439393939393939,0.4805194805194805,122
2023-08-07,1001,140,87,89,52,53,37,0.6214285714285714,0.5842696629213483,139
2023-08-08,1001,106,60,65,37,46,28,0.5660377358490566,0.5692307692307692,97
2023-08-09,1001,138,75,52,38,63,14,0.5434782608695652,0.7307692307692307,113
2023-08-10,1001,142,80,90,40,62,50,0.5633802816901409,0.4444444444444444,120
2023-08-11,1001,105,82,81,38,23,43,0.780952380952381,0.4691358024691358,120
2023-08-12,1001,134,71,50,41,63,9,0.5298507462686567,0.82,112
2023-08-13,1001,134,74,63,39,60,24,0.5522388059701493,0.6190476190476191,113
2023-08-14,1001,106,91,77,31,15,46,0.8584905660377359,0.4025974025974026,122
2023-08-15,1001,110,80,89,50,30,39,0.7272727272727273,0.5617977528089888,130
2023-08-16,1001,111,82,64,39,29,25,0.7387387387387387,0.609375,121
2023-08-17,1001,111,81,98,46,30,52,0.7297297297297297,0.46938775510204084,127
2023-08-18,1001,108,80,93,41,28,52,0.7407407407407407,0.44086021505376344,121
2023-08-19,1001,133,79,94,49,54,45,0.5939849624060151,0.5212765957446809,128
2023-08-20,1001,128,67,52,28,61,24,0.5234375,0.5384615384615384,95
2023-08-21,1001,145,65,54,31,80,23,0.4482758620689655,0.5740740740740741,96
2023-08-22,1001,139,92,82,49,47,33,0.6618705035971223,0.5975609756097561,141
2023-08-23,1001,122,69,60,49,53,11,0.5655737704918032,0.8166666666666667,118
2023-08-24,1001,122,81,55,46,41,9,0.6639344262295082,0.8363636363636363,127
2023-08-25,1001,136,67,82,40,69,42,0.49264705882352944,0.4878048780487805,107
2023-08-26,1001,103,72,79,30,31,49,0.6990291262135923,0.379746835443038,102
2023-08-27,1001,112,83,88,33,29,55,0.7410714285714286,0.375,116
2023-08-28,1001,106,78,77,55,28,22,0.7358490566037735,0.7142857142857143,133
2023-08-29,1001,112,90,70,38,22,32,0.8035714285714286,0.5428571428571428,128
2023-08-30,1001,131,88,81,37,43,44,0.6717557251908397,0.4567901234567901,125
2023-08-31,1001,111,91,69,35,20,34,0.8198198198198198,0.5072463768115942,126
2023-09-01,1001,119,60,52,37,59,15,0.5042016806722689,0.7115384615384616,97
2023-09-02,1001,112,90,85,45,22,40,0.8035714285714286,0.5294117647058824,135
2023-09-03,1001,145,84,99,34,61,65,0.5793103448275863,0.3434343434343434,118
2023-09-04,1001,108,84,72,40,24,32,0.7777777777777778,0.5555555555555556,124
2023-09-05,1001,136,85,54,41,51,13,0.625,0.7592592592592593,126
2023-09-06,1001,110,68,52,34,42,18,0.6181818181818182,0.6538461538461539,102
2023-09-07,1001,130,75,92,51,55,41,0.5769230769230769,0.5543478260869565,126
2023-09-08,1001,133,77,89,45,56,44,0.5789473684210527,0.5056179775280899,122
2023-09-09,1001,125,59,92,43,66,49,0.472,0.4673913043478261,102
2023-09-10,1001,136,78,63,27,58,36,0.5735294117647058,0.42857142857142855,105
2023-09-11,1001,122,74,85,36,48,49,0.6065573770491803,0.4235294117647059,110
2023-09-12,1001,132,73,89,41,59,48,0.553030303030303,0.4606741573033708,114
2023-09-13,1001,106,89,96,43,17,53,0.839622641509434,0.4479166666666667,132
2023-09-14,1001,140,65,100,42,75,58,0.4642857142857143,0.42,107
2023-09-15,1001,135,84,61,44,51,17,0.6222222222222222,0.7213114754098361,128
2023-09-16,1001,122,57,70,33,65,37,0.4672131147540984,0.4714285714285714,90
2023-09-17,1001,147,80,71,31,67,40,0.54421768707483,0.43661971830985913,111
2023-09-18,1001,122,88,93,46,34,47,0.7213114754098361,0.4946236559139785,134
2023-09-19,1001,127,71,77,29,56,48,0.5590551181102362,0.37662337662337664,100
2023-09-20,1001,148,88,77,45,60,32,0.5945945945945946,0.5844155844155844,133
2023-09-21,1001,104,88,69,40,16,29,0.8461538461538461,0.5797101449275363,128
2023-09-22,1001,101,86,100,50,15,50,0.8514851485148515,0.5,136
2023-09-23,1001,125,83,52,31,42,21,0.664,0.5961538461538461,114
2023-09-24,1001,137,68,68,35,69,33,0.49635036496350365,0.5147058823529411,103
2023-09-25,1001,122,61,61,34,61,27,0.5,0.5573770491803278,95
2023-09-26,1001,149,83,63,38,66,25,0.5570469798657718,0.6031746031746031,121
2023-09-27,1001,135,73,63,39,62,24,0.5407407407407407,0.6190476190476191,112
2023-09-28,1001,120,64,93,39,56,54,0.5333333333333333,0.41935483870967744,103
2023-09-29,1001,141,79,55,40,62,15,0.5602836879432624,0.7272727272727273,119
2023-09-30,1001,145,92,86,39,53,47,0.6344827586206897,0.45348837209302323,131
2023-10-01,1001,127,89,93,40,38,53,0.7007874015748031,0.43010752688172044,129
2023-10-02,1001,128,85,77,44,43,33,0.6640625,0.5714285714285714,129
2023-10-03,1001,120,79,52,44,41,8,0.6583333333333333,0.8461538461538461,123
2023-10-04,1001,137,73,55,38,64,17,0.5328467153284672,0.6909090909090909,111
2023-10-05,1001,147,86,83,28,61,55,0.5850340136054422,0.3373493975903614,114
2023-10-06,1001,111,87,56,48,24,8,0.7837837837837838,0.8571428571428571,135
2023-10-07,1001,135,92,76,43,43,33,0.6814814814814815,0.5657894736842105,135
2023-10-08,1001,137,68,82,42,69,40,0.49635036496350365,0.5121951219512195,110
2023-10-09,1001,126,79,61,35,47,26,0.626984126984127,0.5737704918032787,114
2023-10-10,1001,102,85,69,40,17,29,0.8333333333333334,0.5797101449275363,125
2023-10-11,1001,132,78,95,35,54,60,0.5909090909090909,0.3684210526315789,113
2023-10-12,1001,132,81,84,50,51,34,0.6136363636363636,0.5952380952380952,131
2023-10-13,1001,115,83,64,34,32,30,0.7217391304347827,0.53125,117
2023-10-14,1001,142,79,76,39,63,37,0.5563380281690141,0.5131578947368421,118
2023-10-15,1001,110,75,77,29,35,48,0.6818181818181818,0.37662337662337664,104
2023-10-16,1001,134,95,86,42,39,44,0.7089552238805971,0.4883720930232558,137
2023-10-17,1001,116,93,100,36,23,64,0.8017241379310345,0.36,129
2023-10-18,1001,121,76,53,34,45,19,0.628099173553719,0.6415094339622641,110
2023-10-19,1001,137,68,73,44,69,29,0.49635036496350365,0.6027397260273972,112
2023-10-20,1001,149,76,51,45,73,6,0.5100671140939598,0.8823529411764706,121
2023-10-21,1001,148,83,69,39,65,30,0.5608108108108109,0.5652173913043478,122
2023-10-22,1001,132,82,56,29,50,27,0.6212121212121212,0.5178571428571429,111
2023-10-23,1001,119,73,98,45,46,53,0.6134453781512605,0.45918367346938777,118
2023-10-24,1001,115,89,85,41,26,44,0.7739130434782608,0.4823529411764706,130
2023-10-25,1001,128,84,57,44,44,13,0.65625,0.7719298245614035,128
2023-10-26,1001,141,91,78,47,50,31,0.6453900709219859,0.6025641025641025,138
2023-10-27,1001,131,77,85,29,54,56,0.5877862595419847,0.3411764705882353,106
2023-10-28,1001,131,83,96,37,48,59,0.6335877862595419,0.3854166666666667,120
2023-10-29,1001,104,81,50,31,23,19,0.7788461538461539,0.62,112
2023-10-30,1001,130,83,54,39,47,15,0.6384615384615384,0.7222222222222222,122
2023-10-31,1001,142,78,60,33,64,27,0.5492957746478874,0.55,111
2023-11-01,1001,122,70,92,33,52,59,0.5737704918032787,0.358695652173913,103
2023-11-02,1001,106,80,52,39,26,13,0.7547169811320755,0.75,119
2023-11-03,1001,147,90,81,41,57,40,0.6122448979591837,0.5061728395061729,131
2023-11-04,1001,132,97,89,43,35,46,0.7348484848484849,0.48314606741573035,140
2023-11-05,1001,133,87,64,41,46,23,0.6541353383458647,0.640625,128
2023-11-06,1001,139,76,58,45,63,13,0.5467625899280576,0.7758620689655172,121
2023-11-07,1001,129,88,58,37,41,21,0.6821705426356589,0.6379310344827587,125
2023-11-08,1001,111,73,83,43,38,40,0.6576576576576577,0.5180722891566265,116
2023-11-09,1001,111,69,89,39,42,50,0.6216216216216216,0.43820224719101125,108
2023-11-10,1001,148,87,72,37,61,35,0.5878378378378378,0.5138888888888888,124
2023-11-11,1001,106,89,100,36,17,64,0.839622641509434,0.36,125
2023-11-12,1001,121,87,76,35,34,41,0.71900826446281,0.4605263157894737,122
2023-11-13,1001,128,91,88,47,37,41,0.7109375,0.5340909090909091,138
2023-11-14,1001,107,89,93,38,18,55,0.8317757009345794,0.40860215053763443,127
2023-11-15,1001,126,79,89,35,47,54,0.626984126984127,0.39325842696629215,114
2023-11-16,1001,118,75,66,33,43,33,0.635593220338983,0.5,108
2023-11-17,1001,121,64,53,40,57,13,0.5289256198347108,0.7547169811320755,104
2023-11-18,1001,110,80,67,42,30,25,0.7272727272727273,0.6268656716417911,122
2023-11-19,1001,121,84,64,44,37,20,0.6942148760330579,0.6875,128
2023-11-20,1001,100,80,70,37,20,33,0.8,0.5285714285714286,117
2023-11-21,1001,107,91,83,31,16,52,0.8504672897196262,0.37349397590361444,122
2023-11-22,1001,145,94,51,32,51,19,0.6482758620689655,0.6274509803921569,126
2023-11-23,1001,131,77,100,50,54,50,0.5877862595419847,0.5,127
2023-11-24,1001,117,79,90,40,38,50,0.6752136752136753,0.4444444444444444,119
2023-11-25,1001,118,72,53,40,46,13,0.6101694915254238,0.7547169811320755,112
2023-11-26,1001,141,83,55,50,58,5,0.5886524822695035,0.9090909090909091,133
2023-11-27,1001,140,72,87,42,68,45,0.5142857142857142,0.4827586206896552,114
2023-11-28,1001,115,75,67,32,40,35,0.6521739130434783,0.47761194029850745,107
2023-11-29,1001,131,67,62,40,64,22,0.5114503816793893,0.6451612903225806,107
2023-11-30,1001,150,82,92,40,68,52,0.5466666666666666,0.43478260869565216,122
2023-12-01,1001,103,72,97,44,31,53,0.6990291262135923,0.4536082474226804,116
2023-12-02,1001,129,84,73,45,45,28,0.6511627906976745,0.6164383561643836,129
2023-12-03,1001,132,72,71,40,60,31,0.5454545454545454,0.5633802816901409,112
2023-12-04,1001,125,75,58,30,50,28,0.6,0.5172413793103449,105
2023-12-05,1001,138,85,91,28,53,63,0.6159420289855072,0.3076923076923077,113
2023-12-06,1001,112,88,56,37,24,19,0.7857142857142857,0.6607142857142857,125
2023-12-07,1001,114,86,86,35,28,51,0.7543859649122807,0.4069767441860465,121
2023-12-08,1001,148,68,60,36,80,24,0.4594594594594595,0.6,104
2023-12-09,1001,133,76,86,39,57,47,0.5714285714285714,0.45348837209302323,115
2023-12-10,1001,112,94,63,48,18,15,0.8392857142857143,0.7619047619047619,142
2023-12-11,1001,120,81,61,59,39,2,0.675,0.9672131147540983,140
2023-12-12,1001,131,80,87,46,51,41,0.6106870229007634,0.5287356321839081,126
2023-12-13,1001,123,72,72,45,51,27,0.5853658536585366,0.625,117
2023-12-14,1001,148,58,95,34,90,61,0.3918918918918919,0.35789473684210527,92
2023-12-15,1001,143,90,82,47,53,35,0.6293706293706294,0.573170731707317,137
2023-12-16,1001,125,75,95,44,50,51,0.6,0.4631578947368421,119
2023-12-17,1001,136,87,67,48,49,19,0.6397058823529411,0.7164179104477612,135
2023-12-18,1001,110,72,90,44,38,46,0.6545454545454545,0.4888888888888889,116
2023-12-19,1001,118,74,98,30,44,68,0.6271186440677966,0.30612244897959184,104
2023-12-20,1001,122,84,69,31,38,38,0.6885245901639344,0.4492753623188406,115
2023-12-21,1001,102,73,88,25,29,63,0.7156862745098039,0.2840909090909091,98
2023-12-22,1001,116,75,65,41,41,24,0.646551724137931,0.6307692307692307,116
2023-12-23,1001,113,84,98,36,29,62,0.7433628318584071,0.3673469387755102,120
2023-12-24,1001,109,70,66,34,39,32,0.6422018348623854,0.5151515151515151,104
2023-12-25,1001,114,88,97,45,26,52,0.7719298245614035,0.4639175257731959,133
2023-12-26,1001,150,67,89,41,83,48,0.44666666666666666,0.4606741573033708,108
2023-12-27,1001,110,88,82,45,22,37,0.8,0.5487804878048781,133
2023-12-28,1001,140,81,86,30,59,56,0.5785714285714286,0.3488372093023256,111
2023-12-29,1001,141,78,73,34,63,39,0.5531914893617021,0.4657534246575342,112
2023-12-30,1001,102,89,84,32,13,52,0.8725490196078431,0.38095238095238093,121
2023-12-31,1001,132,87,99,34,45,65,0.6590909090909091,0.3434343434343434,121
2023-01-01,1002,129,99,84,37,30,47,0.7674418604651163,0.44047619047619047,136
2023-01-02,1002,100,77,60,42,23,18,0.77,0.7,119
2023-01-03,1002,147,102,91,42,45,49,0.6938775510204082,0.46153846153846156,144
2023-01-04,1002,147,69,78,46,78,32,0.46938775510204084,0.5897435897435898,115
2023-01-05,1002,145,75,79,49,70,30,0.5172413793103449,0.620253164556962,124
2023-01-06,1002,106,83,95,29,23,66,0.78301886792452835,0.30526315789473685,112
2023-01-07,1002,111,72,61,47,39,14,0.6486486486486487,0.7704918032786885,119
2023-01-08,1002,118,84,92,35,34,57,0.711864406779661,0.3804347826086957,119
2023-01-09,1002,127,71,68,44,56,24,0.5590551181102362,0.6470588235294118,115
2023-01-10,1002,137,99,83,40,38,43,0.7226277372262774,0.4819277108433735,139
2023-01-11,1002,150,79,78,41,71,37,0.5266666666666666,0.5256410256410257,120
2023-01-12,1002,107,79,88,34,28,54,0.7383177570093458,0.38636363636363635,113
2023-01-13,1002,118,88,65,35,30,30,0.7457627118644068,0.5384615384615384,123
2023-01-14,1002,121,77,93,34,44,59,0.6363636363636364,0.3655913978494624,111
2023-01-15,1002,145,79,94,49,66,45,0.5448275862068965,0.5212765957446809,128
2023-01-16,1002,118,92,59,40,26,19,0.7796610169491526,0.6779661016949152,132
2023-01-17,1002,136,67,95,32,69,63,0.49264705882352944,0.3368421052631579,99
2023-01-18,1002,141,79,62,27,62,35,0.5602836879432624,0.43548387096774194,106
2023-01-19,1002,125,86,97,40,39,57,0.688,0.41237113402061853,126
2023-01-20,1002,126,83,100,33,43,67,0.6587301587301587,0.33,116
2023-01-21,1002,150,84,92,42,66,50,0.56,0.45652173913043476,126
2023-01-22,1002,136,79,78,50,57,28,0.5808823529411765,0.6410256410256411,129
2023-01-23,1002,126,79,75,43,47,32,0.626984126984127,0.5733333333333334,122
2023-01-24,1002,109,87,98,41,22,57,0.7981651376146789,0.41836734693877553,128
2023-01-25,1002,137,73,60,34,64,26,0.5328467153284672,0.5666666666666667,107
2023-01-26,1002,121,69,92,35,52,57,0.5702479338842975,0.3804347826086957,104
2023-01-27,1002,110,75,88,37,35,51,0.6818181818181818,0.42045454545454547,112
2023-01-28,1002,137,78,56,47,59,9,0.5693430656934306,0.8392857142857143,125
2023-01-29,1002,111,81,72,45,30,27,0.7297297297297297,0.625,126
2023-01-30,1002,100,75,62,42,25,20,0.75,0.6774193548387096,117
2023-01-31,1002,125,88,91,45,37,46,0.704,0.4945054945054945,133
2023-02-01,1002,131,89,58,49,42,9,0.6793893129770993,0.8448275862068966,138
2023-02-02,1002,127,79,60,38,48,22,0.6220472440944882,0.6333333333333333,117
2023-02-03,1002,147,80,74,42,67,32,0.54421768707483,0.5675675675675675,122
2023-02-04,1002,102,59,93,50,43,43,0.5784313725490197,0.5376344086021505,109
2023-02-05,1002,132,86,69,51,46,18,0.6515151515151515,0.7391304347826086,137
2023-02-06,1002,136,98,90,32,38,58,0.7205882352941176,0.35555555555555557,130
2023-02-07,1002,140,83,64,39,57,25,0.5928571428571429,0.609375,122
2023-02-08,1002,140,75,81,43,65,38,0.5357142857142857,0.5308641975308642,118
2023-02-09,1002,101,80,63,41,21,22,0.7920792079207921,0.6507936507936508,121
2023-02-10,1002,115,72,60,37,43,23,0.6260869565217392,0.6166666666666667,109
2023-02-11,1002,132,98,67,49,34,18,0.7424242424242424,0.7313432835820896,147
2023-02-12,1002,123,90,89,43,33,46,0.7317073170731707,0.48314606741573035,133
2023-02-13,1002,126,78,93,36,48,57,0.6190476190476191,0.3870967741935484,114
2023-02-14,1002,135,95,97,41,40,56,0.7037037037037037,0.422680412371134,136
2023-02-15,1002,123,74,52,24,49,28,0.6016260162601627,0.46153846153846156,98
2023-02-16,1002,133,67,76,41,66,35,0.5037593984962406,0.5394736842105263,108
2023-02-17,1002,106,81,99,35,25,64,0.7641509433962265,0.35353535353535354,116
2023-02-18,1002,118,93,91,39,25,52,0.788135593220339,0.42857142857142855,132
2023-02-19,1002,115,80,84,32,35,52,0.6956521739130435,0.38095238095238093,112
2023-02-20,1002,113,88,53,38,25,15,0.7787610619469026,0.71698113207547165,126
2023-02-21,1002,102,80,73,36,22,37,0.7843137254901961,0.4931506849315068,116
2023-02-22,1002,103,71,87,52,32,35,0.6893203883495146,0.5977011494252874,123
2023-02-23,1002,103,86,53,33,17,20,0.8349514563106796,0.6226415094339622,119
2023-02-24,1002,141,99,97,40,42,57,0.7021276595744681,0.41237113402061853,139
2023-02-25,1002,102,55,53,42,47,11,0.5392156862745098,0.7924528301886793,97
2023-02-26,1002,127,74,88,43,53,45,0.5826771653543307,0.48863636363636365,117
2023-02-27,1002,133,82,82,35,51,47,0.6165413533834586,0.4268292682926829,117
2023-02-28,1002,108,84,99,41,24,58,0.7777777777777778,0.41414141414141414,125
2023-03-01,1002,124,75,59,48,49,11,0.6048387096774194,0.8135593220338984,123
2023-03-02,1002,124,76,99,28,48,71,0.6129032258064516,0.2828282828282828,104
2023-03-03,1002,117,79,77,31,38,46,0.6752136752136753,0.4025974025974026,110
2023-03-04,1002,102,83,64,42,19,22,0.8137254901960784,0.65625,125
2023-03-05,1002,126,81,69,37,45,32,0.6428571428571429,0.5362318840579711,118
2023-03-06,1002,124,77,80,43,47,37,0.6209677419354839,0.5375,120
2023-03-07,1002,122,74,88,49,48,39,0.6065573770491803,0.5568181818181818,123
2023-03-08,1002,142,75,97,44,67,53,0.528169014084507,0.4536082474226804,119
2023-03-09,1002,121,87,81,37,34,44,0.71900826446281,0.4567901234567901,124
2023-03-10,1002,121,82,69,34,39,35,0.6776859504132231,0.4927536231884058,116
2023-03-11,1002,142,75,70,54,67,16,0.528169014084507,0.7714285714285715,129
2023-03-12,1002,100,81,59,29,19,30,0.81,0.4915254237288136,110
2023-03-13,1002,105,85,89,28,20,61,0.8095238095238095,0.3146067415730337,113
2023-03-14,1002,147,88,86,34,59,52,0.5986394557823129,0.3953488372093023,122
2023-03-15,1002,110,72,50,38,38,12,0.6545454545454545,0.76,110
2023-03-16,1002,150,83,54,45,67,9,0.5533333333333333,0.8333333333333334,128
2023-03-17,1002,121,75,81,38,46,43,0.6198347107438017,0.4691358024691358,113
2023-03-18,1002,101,60,51,37,41,14,0.594059405940594,0.7254901960784313,97
2023-03-19,1002,130,66,84,44,64,40,0.5076923076923077,0.5238095238095238,110
2023-03-20,1002,149,88,93,56,61,37,0.5906040268456376,0.6021505376344086,144
2023-03-21,1002,133,84,73,30,49,43,0.631578947368421,0.410958904109589,114
2023-03-22,1002,123,73,60,44,50,16,0.5934959349593496,0.7333333333333333,117
2023-03-23,1002,130,79,62,48,51,14,0.6076923076923076,0.7741935483870968,127
2023-03-24,1002,106,82,97,48,24,49,0.7735849056603774,0.4948453608247423,130
2023-03-25,1002,132,87,60,35,45,25,0.6590909090909091,0.5833333333333334,122
2023-03-26,1002,140,69,81,46,71,35,0.4928571428571429,0.5679012345679012,115
2023-03-27,1002,134,88,89,38,46,51,0.6567164179104478,0.42696629213483145,126
2023-03-28,1002,127,90,88,32,37,56,0.7086614173228346,0.36363636363636365,122
2023-03-29,1002,136,68,51,35,68,16,0.5,0.6862745098039216,103
2023-03-30,1002,123,76,71,39,47,32,0.6178861788617886,0.5492957746478874,115
2023-03-31,1002,129,88,99,40,41,59,0.6821705426356589,0.40404040404040403,128
2023-04-01,1002,104,80,83,35,24,48,0.7692307692307693,0.42168674698795183,115
2023-04-02,1002,122,89,90,48,33,42,0.7295081967213115,0.5333333333333333,137
2023-04-03,1002,136,62,67,36,74,31,0.45588235294117646,0.5373134328358209,98
2023-04-04,1002,122,83,65,38,39,27,0.680327868852459,0.5846153846153846,121
2023-04-05,1002,117,78,79,36,39,43,0.6666666666666666,0.45569620253164556,114
2023-04-06,1002,132,86,94,32,46,62,0.6515151515151515,0.3404255319148936,118
2023-04-07,1002,123,93,56,25,30,31,0.7560975609756098,0.44642857142857145,118
2023-04-08,1002,125,86,87,40,39,47,0.688,0.45977011494252873,126
2023-04-09,1002,116,83,65,39,33,26,0.7155172413793104,0.6,122
2023-04-10,1002,130,81,96,44,49,52,0.6230769230769231,0.4583333333333333,125
2023-04-11,1002,104,77,52,48,27,4,0.7403846153846154,0.9230769230769231,125
2023-04-12,1002,121,86,65,43,35,22,0.7107438016528925,0.6615384615384615,129
2023-04-13,1002,148,74,53,45,74,8,0.5,0.8490566037735849,119
2023-04-14,1002,140,83,95,40,57,55,0.5928571428571429,0.42105263157894735,123
2023-04-15,1002,139,81,85,27,58,58,0.5827338129496403,0.3176470588235294,108
2023-04-16,1002,128,67,72,36,61,36,0.5234375,0.5,103
2023-04-17,1002,134,86,62,38,48,24,0.6417910447761194,0.6129032258064516,124
2023-04-18,1002,124,85,67,46,39,21,0.6854838709677419,0.6865671641791045,131
2023-04-19,1002,125,75,70,41,50,29,0.6,0.5857142857142857,116
2023-04-20,1002,115,79,76,40,36,36,0.6869565217391305,0.5263157894736842,119
2023-04-21,1002,103,92,54,36,11,18,0.8932038834951457,0.6666666666666666,128
2023-04-22,1002,127,70,95,34,57,61,0.5511811023622047,0.35789473684210527,104
2023-04-23,1002,108,79,52,38,29,14,0.7314814814814815,0.7307692307692307,117
2023-04-24,1002,126,93,85,31,33,54,0.7380952380952381,0.36470588235294116,124
2023-04-25,1002,132,60,60,38,72,22,0.45454545454545453,0.6333333333333333,98
2023-04-26,1002,132,91,58,37,41,21,0.6893939393939394,0.6379310344827587,128
2023-04-27,1002,149,84,73,41,65,32,0.5637583892617449,0.5616438356164384,125
2023-04-28,1002,147,78,59,42,69,17,0.5306122448979592,0.711864406779661,120
2023-04-29,1002,142,89,86,39,53,47,0.6267605633802817,0.45348837209302323,128
2023-04-30,1002,149,78,97,37,71,60,0.5234899328859061,0.38144329896907214,115
2023-05-01,1002,150,78,82,47,72,35,0.52,0.573170731707317,125
2023-05-02,1002,124,95,59,41,29,18,0.7661290322580645,0.6949152542372882,136
2023-05-03,1002,116,84,87,32,32,55,0.7241379310344828,0.367816091954023,116
2023-05-04,1002,107,84,78,42,23,36,0.7850467289719626,0.5384615384615384,126
2023-05-05,1002,138,91,70,47,47,23,0.6594202898550725,0.6714285714285714,138
2023-05-06,1002,126,68,77,37,58,40,0.5396825396825397,0.4805194805194805,105
2023-05-07,1002,148,81,94,42,67,52,0.5472972972972973,0.44680851063829785,123
2023-05-08,1002,144,91,50,41,53,9,0.6319444444444444,0.82,132
2023-05-09,1002,107,68,84,45,39,39,0.6355140186915887,0.5357142857142857,113
2023-05-10,1002,112,87,57,46,25,11,0.7767857142857143,0.8070175438596491,133
2023-05-11,1002,128,86,82,48,42,34,0.671875,0.5853658536585366,134
2023-05-12,1002,102,72,64,47,30,17,0.7058823529411765,0.734375,119
2023-05-13,1002,131,89,89,44,42,45,0.6793893129770993,0.4943820224719101,133
2023-05-14,1002,129,75,66,46,54,20,0.5813953488372093,0.696969696969697,121
2023-05-15,1002,130,74,76,39,56,37,0.5692307692307692,0.5131578947368421,113
2023-05-16,1002,106,86,58,50,20,8,0.8113207547169812,0.8620689655172413,136
2023-05-17,1002,124,78,57,42,46,15,0.6290322580645161,0.7368421052631579,120
2023-05-18,1002,133,75,60,30,58,30,0.5639097744360902,0.5,105
2023-05-19,1002,140,74,87,53,66,34,0.5285714285714286,0.6091954022988506,127
2023-05-20,1002,100,73,63,51,27,12,0.73,0.8095238095238095,124
2023-05-21,1002,133,76,50,27,57,23,0.5714285714285714,0.54,103
2023-05-22,1002,123,77,73,40,46,33,0.6260162601626016,0.547945205479452,117
2023-05-23,1002,130,82,70,45,48,25,0.6307692307692307,0.6428571428571429,127
2023-05-24,1002,144,84,72,47,60,25,0.5833333333333334,0.6527777777777778,131
2023-05-25,1002,123,80,50,40,43,10,0.6504065040650406,0.8,120
2023-05-26,1002,115,87,57,32,28,25,0.7565217391304347,0.5614035087719298,119
2023-05-27,1002,126,94,99,43,32,56,0.746031746031746,0.43434343434343436,137
2023-05-28,1002,119,82,83,41,37,42,0.6890756302521008,0.4939759036144578,123
2023-05-29,1002,126,86,62,37,40,25,0.6825396825396826,0.5967741935483871,123
2023-05-30,1002,148,78,90,27,70,63,0.527027027027027,0.3,105
2023-05-31,1002,112,93,83,33,19,50,0.8303571428571429,0.39759036144578314,126
2023-06-01,1002,118,95,95,41,23,54,0.8050847457627118,0.43157894736842106,136
2023-06-02,1002,117,73,88,44,44,44,0.6239316239316239,0.5,117
2023-06-03,1002,118,90,62,42,28,20,0.7627118644067796,0.6774193548387096,132
2023-06-04,1002,132,78,65,39,54,26,0.5909090909090909,0.6,117
2023-06-05,1002,112,71,64,39,41,25,0.6339285714285714,0.609375,110
2023-06-06,1002,108,63,93,46,45,47,0.5833333333333334,0.4946236559139785,109
2023-06-07,1002,130,77,51,36,53,15,0.5923076923076923,0.7058823529411765,113
2023-06-08,1002,122,87,58,37,35,21,0.7131147540983607,0.6379310344827587,124
2023-06-09,1002,112,92,75,31,20,44,0.8214285714285714,0.41333333333333333,123
2023-06-10,1002,131,74,73,42,57,31,0.5648854961832062,0.5753424657534246,116
2023-06-11,1002,102,83,63,28,19,35,0.8137254901960784,0.4444444444444444,111
2023-06-12,1002,111,63,87,36,48,51,0.5675675675675675,0.41379310344827586,99
2023-06-13,1002,116,66,65,47,50,18,0.5689655172413793,0.7230769230769231,113
2023-06-14,1002,143,71,75,42,72,33,0.4965034965034965,0.56,113
2023-06-15,1002,104,70,89,45,34,44,0.6730769230769231,0.5056179775280899,115
2023-06-16,1002,118,74,71,31,44,40,0.6271186440677966,0.43661971830985913,105
2023-06-17,1002,137,97,63,34,40,29,0.708029197080292,0.5396825396825397,131
2023-06-18,1002,138,79,71,33,59,38,0.572463768115942,0.4647887323943662,112
2023-06-19,1002,149,86,95,39,63,56,0.5771812080536913,0.4105263157894737,125
2023-06-20,1002,109,93,85,45,16,40,0.8532110091743119,0.5294117647058824,138
2023-06-21,1002,146,78,100,37,68,63,0.5342465753424658,0.37,115
2023-06-22,1002,140,89,68,41,51,27,0.6357142857142857,0.6029411764705882,130
2023-06-23,1002,107,107,85,34,0,51,1,0.4,141
2023-06-24,1002,147,96,65,50,51,15,0.6530612244897959,0.7692307692307693,146
2023-06-25,1002,121,83,73,46,38,27,0.6859504132231405,0.6301369863013698,129
2023-06-26,1002,107,87,62,37,20,25,0.8130841121495327,0.5967741935483871,124
2023-06-27,1002,127,91,51,41,36,10,0.7165354330708661,0.803921568627451,132
2023-06-28,1002,147,84,66,41,63,25,0.5714285714285714,0.6212121212121212,125
2023-06-29,1002,116,75,71,48,41,23,0.646551724137931,0.676056338028169,123
2023-06-30,1002,110,73,76,38,37,38,0.6636363636363637,0.5,111
2023-07-01,1002,106,83,78,37,23,41,0.78301886792452835,0.47435897435897434,120
2023-07-02,1002,135,94,52,46,41,6,0.6962962962962963,0.8846153846153846,140
2023-07-03,1002,148,92,57,33,56,24,0.6216216216216216,0.5789473684210527,125
2023-07-04,1002,121,56,94,35,65,59,0.4628099173553719,0.3723404255319149,91
2023-07-05,1002,150,90,80,39,60,41,0.6,0.4875,129
2023-07-06,1002,149,69,85,37,80,48,0.46308724832214765,0.43529411764705883,106
2023-07-07,1002,118,64,100,41,54,59,0.5423728813559322,0.41,105
2023-07-08,1002,142,73,92,38,69,54,0.5140845070422535,0.41304347826086957,111
2023-07-09,1002,117,79,57,44,38,13,0.6752136752136753,0.7719298245614035,123
2023-07-10,1002,147,91,98,29,56,69,0.6190476190476191,0.29591836734693877,120
2023-07-11,1002,105,87,59,29,18,30,0.8285714285714286,0.4915254237288136,116
2023-07-12,1002,123,75,77,44,48,33,0.6097560975609756,0.5714285714285714,119
2023-07-13,1002,101,77,56,41,24,15,0.7623762376237624,0.7321428571428571,118
2023-07-14,1002,121,100,51,30,21,21,0.8264462809917356,0.5882352941176471,130
2023-07-15,1002,142,93,62,45,49,17,0.6549295774647887,0.7258064516129032,138
2023-07-16,1002,150,75,66,55,75,11,0.5,0.8333333333333334,130
2023-07-17,1002,123,80,66,39,43,27,0.6504065040650406,0.5909090909090909,119
2023-07-18,1002,142,77,60,30,65,30,0.5422535211267606,0.5,107
2023-07-19,1002,129,95,64,44,34,20,0.7364341085271318,0.6875,139
2023-07-20,1002,138,74,68,41,64,27,0.5362318840579711,0.6029411764705882,115
2023-07-21,1002,107,94,87,48,13,39,0.8785046728971962,0.5517241379310345,142
2023-07-22,1002,133,89,55,39,44,16,0.6691729323308271,0.7090909090909091,128
2023-07-23,1002,102,89,85,32,13,53,0.8725490196078431,0.3764705882352941,121
2023-07-24,1002,113,95,61,36,18,25,0.8407079646017699,0.5901639344262295,131
2023-07-25,1002,137,80,66,38,57,28,0.583941605839416,0.5757575757575758,118
2023-07-26,1002,113,83,62,39,30,23,0.7345132743362832,0.6290322580645161,122
2023-07-27,1002,106,92,61,32,14,29,0.8679245283018868,0.5245901639344263,124
2023-07-28,1002,137,77,64,37,60,27,0.5620437956204379,0.578125,114
2023-07-29,1002,105,97,50,38,8,12,0.9238095238095239,0.76,135
2023-07-30,1002,142,80,93,35,62,58,0.5633802816901409,0.3763440860215054,115
2023-07-31,1002,110,70,86,27,40,59,0.6363636363636364,0.313953488372093,97
2023-08-01,1002,136,87,81,44,49,37,0.6397058823529411,0.5432098765432098,131
2023-08-02,1002,111,83,53,53,28,0,0.7477477477477478,1,136
2023-08-03,1002,125,80,79,44,45,35,0.64,0.5569620253164557,124
2023-08-04,1002,104,90,67,41,14,26,0.8653846153846154,0.6119402985074627,131
2023-08-05,1002,105,76,69,49,29,20,0.7238095238095238,0.7101449275362319,125
2023-08-06,1002,114,84,68,34,30,34,0.7368421052631579,0.5,118
2023-08-07,1002,150,69,64,37,81,27,0.46,0.578125,106
2023-08-08,1002,131,83,83,30,48,53,0.6335877862595419,0.3614457831325301,113
2023-08-09,1002,139,78,81,41,61,40,0.5611510791366906,0.5061728395061729,119
2023-08-10,1002,107,67,60,49,40,11,0.6261682242990654,0.8166666666666667,116
2023-08-11,1002,114,82,53,37,32,16,0.7192982456140351,0.6981132075471698,119
2023-08-12,1002,102,89,58,36,13,22,0.8725490196078431,0.6206896551724138,125
2023-08-13,1002,103,65,50,45,38,5,0.6310679611650486,0.9,110
2023-08-14,1002,125,90,61,42,35,19,0.72,0.6885245901639344,132
2023-08-15,1002,132,73,54,38,59,16,0.553030303030303,0.7037037037037037,111
2023-08-16,1002,144,67,85,37,77,48,0.4652777777777778,0.43529411764705883,104
2023-08-17,1002,131,84,70,36,47,34,0.6412213740458015,0.5142857142857142,120
2023-08-18,1002,109,68,51,38,41,13,0.6238532110091743,0.7450980392156863,106
2023-08-19,1002,146,68,89,39,78,50,0.4657534246575342,0.43820224719101125,107
2023-08-20,1002,122,83,71,36,39,35,0.680327868852459,0.5070422535211268,119
2023-08-21,1002,125,70,53,36,55,17,0.56,0.6792452830188679,106
2023-08-22,1002,139,80,61,29,59,32,0.5755395683453237,0.47540983606557374,109
2023-08-23,1002,121,78,59,32,43,27,0.6446280991735537,0.5423728813559322,110
2023-08-24,1002,103,75,76,38,28,38,0.7281553398058253,0.5,113
2023-08-25,1002,139,76,90,33,63,57,0.5467625899280576,0.36666666666666664,109
2023-08-26,1002,126,80,96,31,46,65,0.6349206349206349,0.3229166666666667,111
2023-08-27,1002,126,89,81,46,37,35,0.7063492063492064,0.5679012345679012,135
2023-08-28,1002,119,85,84,34,34,50,0.7142857142857143,0.40476190476190477,119
2023-08-29,1002,130,77,61,41,53,20,0.5923076923076923,0.6721311475409836,118
2023-08-30,1002,132,80,80,42,52,38,0.6060606060606061,0.525,122
2023-08-31,1002,109,83,64,36,26,28,0.7614678899082569,0.5625,119
2023-09-01,1002,104,82,94,34,22,60,0.7884615384615384,0.3617021276595745,116
2023-09-02,1002,115,76,78,55,39,23,0.6608695652173913,0.7051282051282052,131
2023-09-03,1002,130,88,78,46,42,32,0.676923076923077,0.5897435897435898,134
2023-09-04,1002,131,76,94,52,55,42,0.5801526717557252,0.5531914893617021,128
2023-09-05,1002,140,84,62,34,56,28,0.6,0.5483870967741935,118
2023-09-06,1002,103,77,92,27,26,65,0.7475728155339806,0.29347826086956524,104
2023-09-07,1002,144,78,64,42,66,22,0.5416666666666666,0.65625,120
2023-09-08,1002,103,77,91,50,26,41,0.7475728155339806,0.5494505494505495,127
2023-09-09,1002,115,70,70,40,45,30,0.6086956521739131,0.5714285714285714,110
2023-09-10,1002,129,80,82,35,49,47,0.6201550387596899,0.4268292682926829,115
2023-09-11,1002,104,76,69,50,28,19,0.7307692307692307,0.7246376811594203,126
2023-09-12,1002,124,75,80,32,49,48,0.6048387096774194,0.4,107
2023-09-13,1002,138,74,88,45,64,43,0.5362318840579711,0.5113636363636364,119
2023-09-14,1002,138,67,100,52,71,48,0.4855072463768116,0.52,119
2023-09-15,1002,125,75,88,40,50,48,0.6,0.45454545454545453,115
2023-09-16,1002,115,80,62,46,35,16,0.6956521739130435,0.7419354838709677,126
2023-09-17,1002,125,77,57,47,48,10,0.616,0.8245614035087719,124
2023-09-18,1002,135,69,59,38,66,21,0.5111111111111111,0.6440677966101694,107
2023-09-19,1002,127,93,58,39,34,19,0.7322834645669292,0.6724137931034483,132
2023-09-20,1002,101,69,89,49,32,40,0.6831683168316832,0.550561797752809,118
2023-09-21,1002,128,71,99,45,57,54,0.5546875,0.45454545454545453,116
2023-09-22,1002,131,62,53,32,69,21,0.4732824427480916,0.6037735849056604,94
2023-09-23,1002,132,79,79,46,53,33,0.5984848484848485,0.5822784810126582,125
2023-09-24,1002,131,83,90,44,48,46,0.6335877862595419,0.4888888888888889,127
2023-09-25,1002,131,73,85,46,58,39,0.5572519083969466,0.5411764705882353,119
2023-09-26,1002,128,84,53,39,44,14,0.65625,0.7358490566037735,123
2023-09-27,1002,116,67,85,42,49,43,0.5775862068965517,0.49411764705882355,109
2023-09-28,1002,136,86,78,27,50,51,0.6323529411764706,0.34615384615384615,113
2023-09-29,1002,104,92,54,36,12,18,0.8846153846153846,0.6666666666666666,128
2023-09-30,1002,101,80,89,41,21,48,0.7920792079207921,0.4606741573033708,121
2023-10-01,1002,110,78,82,46,32,36,0.7090909090909091,0.5609756097560976,124
2023-10-02,1002,101,72,79,32,29,47,0.7128712871287128,0.4050632911392405,104
2023-10-03,1002,107,84,78,40,23,38,0.7850467289719626,0.5128205128205128,124
2023-10-04,1002,146,75,62,47,71,15,0.5136986301369864,0.7580645161290323,122
2023-10-05,1002,128,74,56,43,54,13,0.578125,0.7678571428571429,117
2023-10-06,1002,109,75,54,38,34,16,0.6880733944954128,0.7037037037037037,113
2023-10-07,1002,150,78,87,30,72,57,0.52,0.3448275862068966,108
2023-10-08,1002,113,81,56,39,32,17,0.7168141592920354,0.6964285714285714,120
2023-10-09,1002,146,76,53,34,70,19,0.5205479452054794,0.6415094339622641,110
2023-10-10,1002,147,83,84,46,64,38,0.564625850340136,0.5476190476190477,129
2023-10-11,1002,140,103,88,36,37,52,0.7357142857142858,0.4090909090909091,139
2023-10-12,1002,109,70,95,40,39,55,0.6422018348623854,0.42105263157894735,110
2023-10-13,1002,106,70,63,34,36,29,0.660377358490566,0.5396825396825397,104
2023-10-14,1002,140,73,78,42,67,36,0.5214285714285715,0.5384615384615384,115
2023-10-15,1002,123,71,79,46,52,33,0.5772357723577236,0.5822784810126582,117
2023-10-16,1002,129,97,65,46,32,19,0.751937984496124,0.7076923076923077,143
2023-10-17,1002,129,91,87,40,38,47,0.7054263565891473,0.45977011494252873,131
2023-10-18,1002,150,84,72,47,66,25,0.56,0.6527777777777778,131
2023-10-19,1002,127,72,90,40,55,50,0.5669291338582677,0.4444444444444444,112
2023-10-20,1002,129,79,85,44,50,41,0.6124031007751938,0.5176470588235295,123
2023-10-21,1002,127,75,76,42,52,34,0.5905511811023622,0.5526315789473685,117
2023-10-22,1002,147,75,66,43,72,23,0.5102040816326531,0.6515151515151515,118
2023-10-23,1002,129,80,64,37,49,27,0.6201550387596899,0.578125,117
2023-10-24,1002,149,69,88,37,80,51,0.46308724832214765,0.42045454545454547,106
2023-10-25,1002,112,73,57,41,39,16,0.6517857142857143,0.7192982456140351,114
2023-10-26,1002,131,74,53,39,57,14,0.5648854961832062,0.7358490566037735,113
2023-10-27,1002,149,86,99,42,63,57,0.5771812080536913,0.42424242424242425,128
2023-10-28,1002,101,58,88,37,43,51,0.5742574257425742,0.42045454545454547,95
2023-10-29,1002,122,83,68,36,39,32,0.680327868852459,0.5294117647058824,119
2023-10-30,1002,140,80,71,42,60,29,0.5714285714285714,0.5915492957746479,122
2023-10-31,1002,113,90,57,57,23,0,0.7964601769911505,1,147
2023-11-01,1002,107,78,89,34,29,55,0.7289719626168224,0.38202247191011235,112
2023-11-02,1002,150,69,74,44,81,30,0.46,0.5945945945945946,113
2023-11-03,1002,128,93,84,38,35,46,0.7265625,0.4523809523809524,131
2023-11-04,1002,150,64,75,54,86,21,0.4266666666666667,0.72,118
2023-11-05,1002,101,82,83,39,19,44,0.8118811881188119,0.46987951807228917,121
2023-11-06,1002,106,68,52,39,38,13,0.6415094339622641,0.75,107
2023-11-07,1002,103,79,85,43,24,42,0.7669902912621359,0.5058823529411764,122
2023-11-08,1002,149,74,83,33,75,50,0.49664429530201343,0.39759036144578314,107
2023-11-09,1002,147,71,81,38,76,43,0.48299319727891155,0.4691358024691358,109
2023-11-10,1002,150,74,98,50,76,48,0.49333333333333335,0.5102040816326531,124
2023-11-11,1002,144,72,76,53,72,23,0.5,0.6973684210526315,125
2023-11-12,1002,105,82,85,53,23,32,0.780952380952381,0.6235294117647059,135
2023-11-13,1002,127,83,78,46,44,32,0.6535433070866141,0.5897435897435898,129
2023-11-14,1002,129,67,72,41,62,31,0.5193798449612403,0.5694444444444444,108
2023-11-15,1002,146,87,87,35,59,52,0.5958904109589042,0.40229885057471265,122
2023-11-16,1002,101,85,62,44,16,18,0.8415841584158416,0.7096774193548387,129
2023-11-17,1002,148,76,77,40,72,37,0.5135135135135135,0.5194805194805194,116
2023-11-18,1002,147,97,64,39,50,25,0.6598639455782312,0.609375,136
2023-11-19,1002,106,68,77,38,38,39,0.6415094339622641,0.4935064935064935,106
2023-11-20,1002,142,89,80,46,53,34,0.6267605633802817,0.575,135
2023-11-21,1002,107,73,73,51,34,22,0.6822429906542056,0.6986301369863014,124
2023-11-22,1002,143,80,97,44,63,53,0.5594405594405595,0.4536082474226804,124
2023-11-23,1002,116,86,97,37,30,60,0.7413793103448276,0.38144329896907214,123
2023-11-24,1002,128,81,58,42,47,16,0.6328125,0.7241379310344828,123
2023-11-25,1002,139,72,64,35,67,29,0.5179856115107914,0.546875,107
2023-11-26,1002,136,74,51,38,62,13,0.5441176470588235,0.7450980392156863,112
2023-11-27,1002,129,69,54,29,60,25,0.5348837209302325,0.5370370370370371,98
2023-11-28,1002,130,76,74,39,54,35,0.5846153846153846,0.527027027027027,115
2023-11-29,1002,100,84,98,54,16,44,0.84,0.5510204081632653,138
2023-11-30,1002,113,81,67,38,32,29,0.7168141592920354,0.5671641791044776,119
2023-12-01,1002,139,80,93,38,59,55,0.5755395683453237,0.40860215053763443,118
2023-12-02,1002,111,68,51,36,43,15,0.6126126126126126,0.7058823529411765,104
2023-12-03,1002,149,77,77,39,72,38,0.5167785234899329,0.5064935064935064,116
2023-12-04,1002,111,63,100,42,48,58,0.5675675675675675,0.42,105
2023-12-05,1002,127,63,93,34,64,59,0.49606299212598426,0.3655913978494624,97
2023-12-06,1002,136,81,86,29,55,57,0.5955882352941176,0.3372093023255814,110
2023-12-07,1002,149,88,95,42,61,53,0.5906040268456376,0.4421052631578947,130
2023-12-08,1002,111,77,90,34,34,56,0.6936936936936937,0.37777777777777777,111
2023-12-09,1002,101,83,71,48,18,23,0.8217821782178217,0.676056338028169,131
2023-12-10,1002,141,81,98,41,60,57,0.574468085106383,0.41836734693877553,122
2023-12-11,1002,101,89,56,44,12,12,0.8811881188118812,0.7857142857142857,133
2023-12-12,1002,138,81,72,39,57,33,0.5869565217391305,0.5416666666666666,120
2023-12-13,1002,100,81,81,36,19,45,0.81,0.4444444444444444,117
2023-12-14,1002,145,80,73,30,65,43,0.5517241379310345,0.410958904109589,110
2023-12-15,1002,120,80,75,49,40,26,0.6666666666666666,0.6533333333333333,129
2023-12-16,1002,107,81,78,44,26,34,0.7570093457943925,0.5641025641025641,125
2023-12-17,1002,133,78,74,31,55,43,0.5864661654135338,0.4189189189189189,109
2023-12-18,1002,119,75,70,29,44,41,0.6302521008403361,0.4142857142857143,104
2023-12-19,1002,139,69,67,47,70,20,0.49640287769784175,0.7014925373134329,116
2023-12-20,1002,107,85,87,29,22,58,0.794392523364486,0.3333333333333333,114
2023-12-21,1002,100,76,71,32,24,39,0.76,0.4507042253521127,108
2023-12-22,1002,134,77,81,39,57,42,0.5746268656716418,0.48148148148148145,116
2023-12-23,1002,143,71,56,36,72,20,0.4965034965034965,0.6428571428571429,107
2023-12-24,1002,148,74,77,44,74,33,0.5,0.5714285714285714,118
2023-12-25,1002,113,88,81,34,25,47,0.7787610619469026,0.41975308641975306,122
2023-12-26,1002,150,73,87,48,77,39,0.4866666666666667,0.5517241379310345,121
2023-12-27,1002,147,77,97,37,70,60,0.5238095238095238,0.38144329896907214,114
2023-12-28,1002,141,85,88,36,56,52,0.6028368794326241,0.4090909090909091,121
2023-12-29,1002,125,79,96,35,46,61,0.632,0.3645833333333333,114
2023-12-30,1002,149,69,76,28,80,48,0.46308724832214765,0.3684210526315789,97
2023-12-31,1002,117,90,100,35,27,65,0.7692307692307693,0.35,125
2023-01-01,1003,135,77,62,42,58,20,0.5703703703703704,0.6774193548387096,119
2023-01-02,1003,150,91,83,36,59,47,0.6066666666666667,0.43373493975903615,127
2023-01-03,1003,147,78,72,42,69,30,0.5306122448979592,0.5833333333333334,120
2023-01-04,1003,128,71,62,43,57,19,0.5546875,0.6935483870967742,114
2023-01-05,1003,106,81,68,40,25,28,0.7641509433962265,0.5882352941176471,121
2023-01-06,1003,128,67,52,44,61,8,0.5234375,0.8461538461538461,111
2023-01-07,1003,111,90,65,42,21,23,0.8108108108108109,0.6461538461538462,132
2023-01-08,1003,137,58,61,47,79,14,0.4233576642335766,0.7704918032786885,105
2023-01-09,1003,142,78,66,35,64,31,0.5492957746478874,0.5303030303030303,113
2023-01-10,1003,127,76,76,35,51,41,0.5984251968503937,0.4605263157894737,111
2023-01-11,1003,149,76,59,45,73,14,0.5100671140939598,0.7627118644067796,121
2023-01-12,1003,133,92,55,40,41,15,0.6917293233082706,0.7272727272727273,132
2023-01-13,1003,106,88,66,36,18,30,0.8301886792452831,0.5454545454545454,124
2023-01-14,1003,130,74,86,38,56,48,0.5692307692307692,0.4418604651162791,112
2023-01-15,1003,145,72,82,33,73,49,0.496551724137931,0.4024390243902439,105
2023-01-16,1003,116,87,89,32,29,57,0.75,0.3595505617977528,119
2023-01-17,1003,111,80,82,40,31,42,0.7207207207207207,0.4878048780487805,120
2023-01-18,1003,137,75,87,30,62,57,0.5474452554744526,0.3448275862068966,105
2023-01-19,1003,100,100,64,44,0,20,1,0.6875,144
2023-01-20,1003,125,71,89,45,54,44,0.568,0.5056179775280899,116
2023-01-21,1003,105,79,72,41,26,31,0.7523809523809524,0.5694444444444444,120
2023-01-22,1003,119,95,95,35,24,60,0.7983193277310925,0.3684210526315789,130
2023-01-23,1003,131,74,73,34,57,39,0.5648854961832062,0.4657534246575342,108
2023-01-24,1003,123,75,97,36,48,61,0.6097560975609756,0.3711340206185567,111
2023-01-25,1003,139,86,57,39,53,18,0.6187050359712231,0.6842105263157895,125
2023-01-26,1003,136,74,74,35,62,39,0.5441176470588235,0.47297297297297297,109
2023-01-27,1003,108,76,69,53,32,16,0.7037037037037037,0.7681159420289855,129
2023-01-28,1003,115,80,53,36,35,17,0.6956521739130435,0.6792452830188679,116
2023-01-29,1003,145,80,75,46,65,29,0.5517241379310345,0.6133333333333333,126
2023-01-30,1003,122,81,92,43,41,49,0.6639344262295082,0.4673913043478261,124
2023-01-31,1003,108,68,77,44,40,33,0.6296296296296297,0.5714285714285714,112
2023-02-01,1003,103,76,73,36,27,37,0.7378640776699029,0.4931506849315068,112
2023-02-02,1003,140,85,83,43,55,40,0.6071428571428571,0.5180722891566265,128
2023-02-03,1003,134,82,61,43,52,18,0.6119402985074627,0.7049180327868853,125
2023-02-04,1003,103,67,60,31,36,29,0.6504854368932039,0.5166666666666667,98
2023-02-05,1003,116,77,90,42,39,48,0.6637931034482759,0.4666666666666667,119
2023-02-06,1003,110,79,97,33,31,64,0.7181818181818181,0.3402061855670103,112
2023-02-07,1003,150,76,68,38,74,30,0.5066666666666667,0.5588235294117647,114
2023-02-08,1003,129,93,91,38,36,53,0.7209302325581395,0.4175824175824176,131
2023-02-09,1003,141,88,83,40,53,43,0.624113475177305,0.4819277108433735,128
2023-02-10,1003,124,93,69,40,31,29,0.75,0.5797101449275363,133
2023-02-11,1003,140,77,100,37,63,63,0.55,0.37,114
2023-02-12,1003,120,69,80,40,51,40,0.575,0.5,109
2023-02-13,1003,102,78,86,43,24,43,0.7647058823529411,0.5,121
2023-02-14,1003,104,85,81,38,19,43,0.8173076923076923,0.4691358024691358,123
2023-02-15,1003,135,86,52,42,49,10,0.6370370370370371,0.8076923076923077,128
2023-02-16,1003,136,82,97,50,54,47,0.6029411764705882,0.5154639175257731,132
2023-02-17,1003,147,80,72,34,67,38,0.54421768707483,0.4722222222222222,114
2023-02-18,1003,111,79,64,50,32,14,0.7117117117117117,0.78125,129
2023-02-19,1003,136,70,61,39,66,22,0.5147058823529411,0.639344262295082,109
2023-02-20,1003,134,89,64,28,45,36,0.664179104477612,0.4375,117
2023-02-21,1003,118,92,55,44,26,11,0.7796610169491526,0.8,136
2023-02-22,1003,135,82,74,43,53,31,0.6074074074074074,0.581081081081081,125
2023-02-23,1003,141,75,57,38,66,19,0.5319148936170213,0.6666666666666666,113
2023-02-24,1003,101,81,55,38,20,17,0.801980198019802,0.6909090909090909,119
2023-02-25,1003,102,96,73,49,6,24,0.9411764705882353,0.6712328767123288,145
2023-02-26,1003,111,86,60,60,25,0,0.7747747747747747,1,146
2023-02-27,1003,136,70,72,40,66,32,0.5147058823529411,0.5555555555555556,110
2023-02-28,1003,139,70,100,39,69,61,0.5035971223021583,0.39,109
2023-03-01,1003,121,86,90,39,35,51,0.7107438016528925,0.43333333333333335,125
2023-03-02,1003,150,85,75,30,65,45,0.5666666666666667,0.4,115
2023-03-03,1003,134,78,61,33,56,28,0.582089552238806,0.5409836065573771,111
2023-03-04,1003,108,84,98,32,24,66,0.7777777777777778,0.32653061224489793,116
2023-03-05,1003,132,82,92,31,50,61,0.6212121212121212,0.33695652173913043,113
2023-03-06,1003,103,79,74,24,24,50,0.7669902912621359,0.32432432432432434,103
2023-03-07,1003,121,71,90,36,50,54,0.5867768595041323,0.4,107
2023-03-08,1003,116,93,97,51,23,46,0.8017241379310345,0.5257731958762887,144
2023-03-09,1003,126,81,82,38,45,44,0.6428571428571429,0.4634146341463415,119
2023-03-10,1003,143,81,89,55,62,34,0.5664335664335665,0.6179775280898876,136
2023-03-11,1003,150,90,59,35,60,24,0.6,0.5932203389830508,125
2023-03-12,1003,111,83,90,42,28,48,0.7477477477477478,0.4666666666666667,125
2023-03-13,1003,115,85,85,42,30,43,0.7391304347826086,0.49411764705882355,127
2023-03-14,1003,119,72,76,37,47,39,0.6050420168067226,0.4868421052631579,109
2023-03-15,1003,136,95,79,39,41,40,0.6985294117647058,0.4936708860759494,134
2023-03-16,1003,127,68,68,40,59,28,0.5354330708661418,0.5882352941176471,108
2023-03-17,1003,149,83,58,41,66,17,0.5570469798657718,0.7068965517241379,124
2023-03-18,1003,110,74,97,34,36,63,0.6727272727272727,0.35051546391752575,108
2023-03-19,1003,117,76,56,37,41,19,0.6495726495726496,0.6607142857142857,113
2023-03-20,1003,134,88,98,43,46,55,0.6567164179104478,0.4387755102040816,131
2023-03-21,1003,123,92,57,45,31,12,0.7479674796747967,0.7894736842105263,137
2023-03-22,1003,102,91,91,35,11,56,0.8921568627450981,0.38461538461538464,126
2023-03-23,1003,129,72,63,32,57,31,0.5581395348837209,0.5079365079365079,104
2023-03-24,1003,113,78,57,39,35,18,0.6902654867256637,0.6842105263157895,117
2023-03-25,1003,138,84,73,37,54,36,0.6086956521739131,0.5068493150684932,121
2023-03-26,1003,108,79,95,35,29,60,0.7314814814814815,0.3684210526315789,114
2023-03-27,1003,118,81,78,52,37,26,0.6864406779661016,0.6666666666666666,133
2023-03-28,1003,106,95,87,38,11,49,0.8962264150943396,0.4367816091954023,133
2023-03-29,1003,105,102,58,37,3,21,0.9714285714285714,0.6379310344827587,139
2023-03-30,1003,134,78,87,44,56,43,0.582089552238806,0.5057471264367817,122
2023-03-31,1003,144,81,76,43,63,33,0.5625,0.5657894736842105,124
2023-04-01,1003,127,87,61,43,40,18,0.6850393700787402,0.7049180327868853,130
2023-04-02,1003,117,69,55,37,48,18,0.5897435897435898,0.6727272727272727,106
2023-04-03,1003,104,70,80,35,34,45,0.6730769230769231,0.4375,105
2023-04-04,1003,131,81,82,40,50,42,0.6183206106870229,0.4878048780487805,121
2023-04-05,1003,134,76,86,32,58,54,0.5671641791044776,0.37209302325581395,108
2023-04-06,1003,150,90,61,47,60,14,0.6,0.7704918032786885,137
2023-04-07,1003,147,89,86,41,58,45,0.6054421768707483,0.47674418604651164,130
2023-04-08,1003,137,100,56,51,37,5,0.7299270072992701,0.9107142857142857,151
2023-04-09,1003,121,75,55,51,46,4,0.6198347107438017,0.9272727272727272,126
2023-04-10,1003,112,82,82,42,30,40,0.7321428571428571,0.5121951219512195,124
2023-04-11,1003,140,69,98,41,71,57,0.4928571428571429,0.41836734693877553,110
2023-04-12,1003,101,92,89,44,9,45,0.9108910891089109,0.4943820224719101,136
2023-04-13,1003,118,79,56,39,39,17,0.6694915254237288,0.6964285714285714,118
2023-04-14,1003,109,69,93,35,40,58,0.6330275229357798,0.3763440860215054,104
2023-04-15,1003,138,84,71,32,54,39,0.6086956521739131,0.4507042253521127,116
2023-04-16,1003,115,80,66,45,35,21,0.6956521739130435,0.6818181818181818,125
2023-04-17,1003,113,85,81,38,28,43,0.7522123893805309,0.4691358024691358,123
2023-04-18,1003,124,67,100,45,57,55,0.5403225806451613,0.45,112
2023-04-19,1003,136,71,82,39,65,43,0.5220588235294118,0.47560975609756095,110
2023-04-20,1003,115,80,100,30,35,70,0.6956521739130435,0.3,110
2023-04-21,1003,122,76,99,41,46,58,0.6229508196721312,0.41414141414141414,117
2023-04-22,1003,107,83,89,38,24,51,0.7757009345794392,0.42696629213483145,121
2023-04-23,1003,134,66,78,39,68,39,0.4925373134328358,0.5,105
2023-04-24,1003,147,83,53,33,64,20,0.564625850340136,0.6226415094339622,116
2023-04-25,1003,145,66,97,39,79,58,0.45517241379310347,0.4020618556701031,105
2023-04-26,1003,107,69,76,45,38,31,0.6448598130841121,0.5921052631578947,114
2023-04-27,1003,139,67,80,33,72,47,0.48201438848920863,0.4125,100
2023-04-28,1003,150,71,99,39,79,60,0.47333333333333333,0.3939393939393939,110
2023-04-29,1003,111,69,54,37,42,17,0.6216216216216216,0.6851851851851852,106
2023-04-30,1003,105,80,87,43,25,44,0.7619047619047619,0.4942528735632184,123
2023-05-01,1003,103,80,54,51,23,3,0.7766990291262136,0.9444444444444444,131
2023-05-02,1003,141,92,80,37,49,43,0.6524822695035462,0.4625,129
2023-05-03,1003,128,75,55,38,53,17,0.5859375,0.6909090909090909,113
2023-05-04,1003,122,69,75,44,53,31,0.5655737704918032,0.5866666666666667,113
2023-05-05,1003,111,88,72,42,23,30,0.7927927927927928,0.5833333333333334,130
2023-05-06,1003,126,89,56,39,37,17,0.7063492063492064,0.6964285714285714,128
2023-05-07,1003,137,85,74,37,52,37,0.6204379562043796,0.5,122
2023-05-08,1003,126,75,57,40,51,17,0.5952380952380952,0.7017543859649122,115
2023-05-09,1003,148,85,62,37,63,25,0.5743243243243243,0.5967741935483871,122
2023-05-10,1003,109,73,99,42,36,57,0.6697247706422018,0.42424242424242425,115
2023-05-11,1003,105,74,86,35,31,51,0.7047619047619048,0.4069767441860465,109
2023-05-12,1003,132,78,75,48,54,27,0.5909090909090909,0.64,126
2023-05-13,1003,108,77,50,38,31,12,0.7129629629629629,0.76,115
2023-05-14,1003,103,84,81,44,19,37,0.8155339805825242,0.5432098765432098,128
2023-05-15,1003,130,69,94,48,61,46,0.5307692307692308,0.5106382978723404,117
2023-05-16,1003,144,76,98,53,68,45,0.5277777777777778,0.5408163265306123,129
2023-05-17,1003,103,76,70,33,27,37,0.7378640776699029,0.4714285714285714,109
2023-05-18,1003,112,82,91,41,30,50,0.7321428571428571,0.45054945054945056,123
2023-05-19,1003,133,75,59,40,58,19,0.5639097744360902,0.6779661016949152,115
2023-05-20,1003,124,84,60,45,40,15,0.6774193548387096,0.75,129
2023-05-21,1003,139,86,94,35,53,59,0.6187050359712231,0.3723404255319149,121
2023-05-22,1003,147,77,63,50,70,13,0.5238095238095238,0.7936507936507936,127
2023-05-23,1003,139,68,53,44,71,9,0.4892086330935252,0.8301886792452831,112
2023-05-24,1003,110,67,81,35,43,46,0.6090909090909091,0.43209876543209874,102
2023-05-25,1003,122,86,75,46,36,29,0.7049180327868853,0.6133333333333333,132
2023-05-26,1003,140,72,76,30,68,46,0.5142857142857142,0.39473684210526316,102
2023-05-27,1003,106,77,62,34,29,28,0.7264150943396226,0.5483870967741935,111
2023-05-28,1003,116,92,92,49,24,43,0.7931034482758621,0.532608695652174,141
2023-05-29,1003,149,83,96,32,66,64,0.5570469798657718,0.3333333333333333,115
2023-05-30,1003,150,100,67,37,50,30,0.6666666666666666,0.5522388059701493,137
2023-05-31,1003,100,68,69,38,32,31,0.68,0.5507246376811594,106
2023-06-01,1003,149,85,77,49,64,28,0.5704697986577181,0.6363636363636364,134
2023-06-02,1003,129,79,55,34,50,21,0.6124031007751938,0.6181818181818182,113
2023-06-03,1003,123,87,78,43,36,35,0.7073170731707317,0.5512820512820513,130
2023-06-04,1003,107,86,96,44,21,52,0.8037383177570093,0.4583333333333333,130
2023-06-05,1003,106,85,57,43,21,14,0.8018867924528302,0.7543859649122807,128
2023-06-06,1003,122,75,68,48,47,20,0.6147540983606558,0.7058823529411765,123
2023-06-07,1003,110,83,83,46,27,37,0.7545454545454545,0.5542168674698795,129
2023-06-08,1003,136,74,98,35,62,63,0.5441176470588235,0.35714285714285715,109
2023-06-09,1003,141,74,75,45,67,30,0.524822695035461,0.6,119
2023-06-10,1003,145,67,67,39,78,28,0.46206896551724136,0.582089552238806,106
2023-06-11,1003,135,79,53,37,56,16,0.5851851851851851,0.6981132075471698,116
2023-06-12,1003,118,76,65,41,42,24,0.6440677966101694,0.6307692307692307,117
2023-06-13,1003,100,81,78,51,19,27,0.81,0.6538461538461539,132
2023-06-14,1003,136,86,72,43,50,29,0.6323529411764706,0.5972222222222222,129
2023-06-15,1003,112,85,88,32,27,56,0.7589285714285714,0.36363636363636365,117
2023-06-16,1003,127,75,54,45,52,9,0.5905511811023622,0.8333333333333334,120
2023-06-17,1003,148,88,88,43,60,45,0.5945945945945946,0.48863636363636365,131
2023-06-18,1003,123,80,88,43,43,45,0.6504065040650406,0.48863636363636365,123
2023-06-19,1003,121,97,90,24,24,66,0.8016528925619835,0.26666666666666666,121
2023-06-20,1003,103,75,72,47,28,25,0.7281553398058253,0.6527777777777778,122
2023-06-21,1003,140,106,69,38,34,31,0.7571428571428571,0.5507246376811594,144
2023-06-22,1003,119,69,99,53,50,46,0.5798319327731093,0.5353535353535354,122
2023-06-23,1003,105,88,75,55,17,20,0.8380952380952381,0.7333333333333333,143
2023-06-24,1003,133,78,65,44,55,21,0.5864661654135338,0.676923076923077,122
2023-06-25,1003,121,72,59,42,49,17,0.5950413223140496,0.711864406779661,114
2023-06-26,1003,106,84,98,37,22,61,0.7924528301886793,0.37755102040816324,121
2023-06-27,1003,143,86,92,49,57,43,0.6013986013986014,0.532608695652174,135
2023-06-28,1003,107,70,69,42,37,27,0.6542056074766355,0.6086956521739131,112
2023-06-29,1003,138,91,92,35,47,57,0.6594202898550725,0.3804347826086957,126
2023-06-30,1003,138,77,83,39,61,44,0.5579710144927537,0.46987951807228917,116
2023-07-01,1003,129,55,92,42,74,50,0.4263565891472868,0.45652173913043476,97
2023-07-02,1003,105,88,71,39,17,32,0.8380952380952381,0.5492957746478874,127
2023-07-03,1003,107,66,58,47,41,11,0.616822429906542,0.8103448275862069,113
2023-07-04,1003,126,84,87,44,42,43,0.6666666666666666,0.5057471264367817,128
2023-07-05,1003,126,74,66,49,52,17,0.5873015873015873,0.7424242424242424,123
2023-07-06,1003,115,83,65,37,32,28,0.7217391304347827,0.5692307692307692,120
2023-07-07,1003,129,65,67,34,64,33,0.5038759689922481,0.5074626865671642,99
2023-07-08,1003,121,84,91,36,37,55,0.6942148760330579,0.3956043956043956,120
2023-07-09,1003,112,81,67,31,31,36,0.7232142857142857,0.4626865671641791,112
2023-07-10,1003,117,61,52,44,56,8,0.5213675213675214,0.8461538461538461,105
2023-07-11,1003,130,71,59,38,59,21,0.5461538461538461,0.6440677966101694,109
2023-07-12,1003,115,89,100,40,26,60,0.7739130434782608,0.4,129
2023-07-13,1003,142,83,73,55,59,18,0.5845070422535211,0.7534246575342466,138
2023-07-14,1003,100,78,56,22,22,34,0.78,0.39285714285714285,100
2023-07-15,1003,120,75,59,46,45,13,0.625,0.7796610169491526,121
2023-07-16,1003,102,76,65,43,26,22,0.7450980392156863,0.6615384615384615,119
2023-07-17,1003,149,68,60,45,81,15,0.4563758389261745,0.75,113
2023-07-18,1003,128,78,93,51,50,42,0.609375,0.5483870967741935,129
2023-07-19,1003,122,75,71,49,47,22,0.6147540983606558,0.6901408450704225,124
2023-07-20,1003,126,68,59,46,58,13,0.5396825396825397,0.7796610169491526,114
2023-07-21,1003,137,79,51,43,58,8,0.5766423357664233,0.8431372549019608,122
2023-07-22,1003,145,80,94,39,65,55,0.5517241379310345,0.4148936170212766,119
2023-07-23,1003,127,64,85,38,63,47,0.5039370078740157,0.4470588235294118,102
2023-07-24,1003,146,69,54,29,77,25,0.4726027397260274,0.5370370370370371,98
2023-07-25,1003,119,91,55,48,28,7,0.7647058823529411,0.8727272727272727,139
2023-07-26,1003,150,74,92,49,76,43,0.49333333333333335,0.532608695652174,123
2023-07-27,1003,116,69,98,37,47,61,0.5948275862068966,0.37755102040816324,106
2023-07-28,1003,113,90,87,44,23,43,0.7964601769911505,0.5057471264367817,134
2023-07-29,1003,150,89,83,40,61,43,0.5933333333333334,0.4819277108433735,129
2023-07-30,1003,106,70,90,39,36,51,0.660377358490566,0.43333333333333335,109
2023-07-31,1003,125,89,89,46,36,43,0.712,0.5168539325842697,135
2023-08-01,1003,119,85,66,36,34,30,0.7142857142857143,0.5454545454545454,121
2023-08-02,1003,133,90,100,41,43,59,0.6766917293233082,0.41,131
2023-08-03,1003,145,79,94,42,66,52,0.5448275862068965,0.44680851063829785,121
2023-08-04,1003,119,85,84,44,34,40,0.7142857142857143,0.5238095238095238,129
2023-08-05,1003,127,80,100,44,47,56,0.6299212598425197,0.44,124
2023-08-06,1003,135,82,94,40,53,54,0.6074074074074074,0.425531914893617,122
2023-08-07,1003,119,75,90,45,44,45,0.6302521008403361,0.5,120
2023-08-08,1003,131,73,53,43,58,10,0.5572519083969466,0.8113207547169812,116
2023-08-09,1003,110,79,63,43,31,20,0.7181818181818181,0.6825396825396826,122
2023-08-10,1003,127,79,58,47,48,11,0.6220472440944882,0.8103448275862069,126
2023-08-11,1003,143,65,74,33,78,41,0.45454545454545453,0.44594594594594594,98
2023-08-12,1003,145,74,70,48,71,22,0.5103448275862069,0.6857142857142857,122
2023-08-13,1003,126,71,56,41,55,15,0.5634920634920635,0.7321428571428571,112
2023-08-14,1003,110,91,95,45,19,50,0.8272727272727273,0.47368421052631576,136
2023-08-15,1003,137,82,81,40,55,41,0.5985401459854015,0.49382716049382713,122
2023-08-16,1003,116,83,79,39,33,40,0.7155172413793104,0.4936708860759494,122
2023-08-17,1003,129,75,66,42,54,24,0.5813953488372093,0.6363636363636364,117
2023-08-18,1003,128,75,64,41,53,23,0.5859375,0.640625,116
2023-08-19,1003,147,77,100,39,70,61,0.5238095238095238,0.39,116
2023-08-20,1003,140,74,68,43,66,25,0.5285714285714286,0.6323529411764706,117
2023-08-21,1003,140,89,63,39,51,24,0.6357142857142857,0.6190476190476191,128
2023-08-22,1003,130,84,69,44,46,25,0.6461538461538462,0.6376811594202898,128
2023-08-23,1003,119,77,75,30,42,45,0.6470588235294118,0.4,107
2023-08-24,1003,120,79,54,50,41,4,0.6583333333333333,0.9259259259259259,129
2023-08-25,1003,115,102,95,31,13,64,0.8869565217391304,0.3263157894736842,133
2023-08-26,1003,128,96,61,30,32,31,0.75,0.4918032786885246,126
2023-08-27,1003,127,72,76,55,55,21,0.5669291338582677,0.7236842105263158,127
2023-08-28,1003,100,78,95,40,22,55,0.78,0.42105263157894735,118
2023-08-29,1003,104,82,62,26,22,36,0.7884615384615384,0.41935483870967744,108
2023-08-30,1003,113,78,62,46,35,16,0.6902654867256637,0.7419354838709677,124
2023-08-31,1003,126,91,57,43,35,14,0.7222222222222222,0.7543859649122807,134
2023-09-01,1003,140,70,99,46,70,53,0.5,0.46464646464646464,116
2023-09-02,1003,131,85,95,39,46,56,0.648854961832061,0.4105263157894737,124
2023-09-03,1003,148,71,58,38,77,20,0.4797297297297297,0.6551724137931034,109
2023-09-04,1003,141,78,60,47,63,13,0.5531914893617021,0.7833333333333333,125
2023-09-05,1003,108,89,65,48,19,17,0.8240740740740741,0.7384615384615385,137
2023-09-06,1003,107,72,76,33,35,43,0.6728971962616822,0.4342105263157895,105
2023-09-07,1003,106,93,88,39,13,49,0.8773584905660378,0.4431818181818182,132
2023-09-08,1003,100,72,76,36,28,40,0.72,0.47368421052631576,108
2023-09-09,1003,145,86,82,37,59,45,0.593103448275862,0.45121951219512196,123
2023-09-10,1003,130,85,57,34,45,23,0.6538461538461539,0.5964912280701754,119
2023-09-11,1003,115,85,87,33,30,54,0.7391304347826086,0.3793103448275862,118
2023-09-12,1003,141,79,69,41,62,28,0.5602836879432624,0.5942028985507246,120
2023-09-13,1003,148,87,75,40,61,35,0.5878378378378378,0.5333333333333333,127
2023-09-14,1003,140,92,97,49,48,48,0.6571428571428571,0.5051546391752577,141
2023-09-15,1003,118,83,96,26,35,70,0.7033898305084746,0.2708333333333333,109
2023-09-16,1003,110,74,62,36,36,26,0.6727272727272727,0.5806451612903226,110
2023-09-17,1003,109,68,71,45,41,26,0.6238532110091743,0.6338028169014085,113
2023-09-18,1003,131,85,74,42,46,32,0.648854961832061,0.5675675675675675,127
2023-09-19,1003,112,81,79,44,31,35,0.7232142857142857,0.5569620253164557,125
2023-09-20,1003,142,81,58,39,61,19,0.5704225352112676,0.6724137931034483,120
2023-09-21,1003,137,84,70,23,53,47,0.6131386861313869,0.32857142857142857,107
2023-09-22,1003,127,76,75,46,51,29,0.5984251968503937,0.6133333333333333,122
2023-09-23,1003,150,80,99,36,70,63,0.5333333333333333,0.36363636363636365,116
2023-09-24,1003,121,74,54,41,47,13,0.6115702479338843,0.7592592592592593,115
2023-09-25,1003,145,80,83,38,65,45,0.5517241379310345,0.4578313253012048,118
2023-09-26,1003,142,88,64,39,54,25,0.6197183098591549,0.609375,127
2023-09-27,1003,144,80,56,30,64,26,0.5555555555555556,0.5357142857142857,110
2023-09-28,1003,116,73,50,47,43,3,0.6293103448275862,0.94,120
2023-09-29,1003,124,78,98,29,46,69,0.6290322580645161,0.29591836734693877,107
2023-09-30,1003,125,81,98,32,44,66,0.648,0.32653061224489793,113
2023-10-01,1003,100,83,51,39,17,12,0.83,0.7647058823529411,122
2023-10-02,1003,115,75,93,50,40,43,0.6521739130434783,0.5376344086021505,125
2023-10-03,1003,132,76,85,39,56,46,0.5757575757575758,0.4588235294117647,115
2023-10-04,1003,118,77,89,60,41,29,0.652542372881356,0.6741573033707865,137
2023-10-05,1003,125,80,82,47,45,35,0.64,0.573170731707317,127
2023-10-06,1003,130,80,70,38,50,32,0.6153846153846154,0.5428571428571428,118
2023-10-07,1003,149,78,58,43,71,15,0.5234899328859061,0.7413793103448276,121
2023-10-08,1003,131,79,63,34,52,29,0.6030534351145038,0.5396825396825397,113
2023-10-09,1003,102,65,86,41,37,45,0.6372549019607843,0.47674418604651164,106
2023-10-10,1003,130,75,80,39,55,41,0.5769230769230769,0.4875,114
2023-10-11,1003,123,85,96,48,38,48,0.6910569105691057,0.5,133
2023-10-12,1003,121,93,65,30,28,35,0.768595041322314,0.46153846153846156,123
2023-10-13,1003,146,98,61,40,48,21,0.6712328767123288,0.6557377049180327,138
2023-10-14,1003,129,89,79,33,40,46,0.689922480620155,0.4177215189873418,122
2023-10-15,1003,144,92,74,40,52,34,0.6388888888888888,0.5405405405405406,132
2023-10-16,1003,130,78,94,42,52,52,0.6,0.44680851063829785,120
2023-10-17,1003,128,71,62,48,57,14,0.5546875,0.7741935483870968,119
2023-10-18,1003,110,87,89,46,23,43,0.7909090909090909,0.5168539325842697,133
2023-10-19,1003,108,82,83,37,26,46,0.7592592592592593,0.4457831325301205,119
2023-10-20,1003,133,75,100,38,58,62,0.5639097744360902,0.38,113
2023-10-21,1003,123,64,79,33,59,46,0.5203252032520326,0.4177215189873418,97
2023-10-22,1003,100,75,71,33,25,38,0.75,0.4647887323943662,108
2023-10-23,1003,146,97,64,43,49,21,0.6643835616438356,0.671875,140
2023-10-24,1003,139,88,54,44,51,10,0.6330935251798561,0.8148148148148148,132
2023-10-25,1003,127,78,94,50,49,44,0.6141732283464567,0.5319148936170213,128
2023-10-26,1003,145,69,81,40,76,41,0.47586206896551725,0.49382716049382713,109
2023-10-27,1003,135,86,98,36,49,62,0.6370370370370371,0.3673469387755102,122
2023-10-28,1003,103,81,59,29,22,30,0.7864077669902912,0.4915254237288136,110
2023-10-29,1003,134,96,50,35,38,15,0.7164179104477612,0.7,131
2023-10-30,1003,125,84,70,37,41,33,0.672,0.5285714285714286,121
2023-10-31,1003,129,75,50,29,54,21,0.5813953488372093,0.58,104
2023-11-01,1003,119,73,55,55,46,0,0.6134453781512605,1,128
2023-11-02,1003,136,94,68,32,42,36,0.6911764705882353,0.47058823529411764,126
2023-11-03,1003,121,84,97,30,37,67,0.6942148760330579,0.30927835051546393,114
2023-11-04,1003,125,76,84,42,49,42,0.608,0.5,118
2023-11-05,1003,107,69,86,32,38,54,0.6448598130841121,0.37209302325581395,101
2023-11-06,1003,123,85,65,38,38,27,0.6910569105691057,0.5846153846153846,123
2023-11-07,1003,101,83,78,52,18,26,0.8217821782178217,0.6666666666666666,135
2023-11-08,1003,136,79,94,41,57,53,0.5808823529411765,0.43617021276595747,120
2023-11-09,1003,118,80,69,34,38,35,0.6779661016949152,0.4927536231884058,114
2023-11-10,1003,110,86,95,40,24,55,0.7818181818181819,0.42105263157894735,126
2023-11-11,1003,133,86,51,48,47,3,0.6466165413533834,0.9411764705882353,134
2023-11-12,1003,127,77,50,39,50,11,0.6062992125984252,0.78,116
2023-11-13,1003,119,75,50,35,44,15,0.6302521008403361,0.7,110
2023-11-14,1003,131,73,50,37,58,13,0.5572519083969466,0.74,110
2023-11-15,1003,123,79,68,35,44,33,0.6422764227642277,0.5147058823529411,114
2023-11-16,1003,103,80,59,33,23,26,0.7766990291262136,0.559322033898305,113
2023-11-17,1003,104,70,97,42,34,55,0.6730769230769231,0.4329896907216495,112
2023-11-18,1003,142,71,67,48,71,19,0.5,0.7164179104477612,119
2023-11-19,1003,100,76,50,35,24,15,0.76,0.7,111
2023-11-20,1003,112,78,81,40,34,41,0.6964285714285714,0.49382716049382713,118
2023-11-21,1003,100,79,88,47,21,41,0.79,0.5340909090909091,126
2023-11-22,1003,110,82,94,51,28,43,0.7454545454545455,0.5425531914893617,133
2023-11-23,1003,135,89,70,51,46,19,0.6592592592592592,0.7285714285714285,140
2023-11-24,1003,108,67,77,38,41,39,0.6203703703703703,0.4935064935064935,105
2023-11-25,1003,115,80,95,41,35,54,0.6956521739130435,0.43157894736842106,121
2023-11-26,1003,128,80,79,45,48,34,0.625,0.569620253164557,125
2023-11-27,1003,127,73,97,45,54,52,0.5748031496062992,0.4639175257731959,118
2023-11-28,1003,134,81,87,48,53,39,0.6044776119402985,0.5517241379310345,129
2023-11-29,1003,131,86,58,40,45,18,0.6564885496183206,0.6896551724137931,126
2023-11-30,1003,117,73,100,30,44,70,0.6239316239316239,0.3,103
2023-12-01,1003,121,71,60,44,50,16,0.5867768595041323,0.7333333333333333,115
2023-12-02,1003,128,84,58,46,44,12,0.65625,0.7931034482758621,130
2023-12-03,1003,107,71,98,50,36,48,0.6635514018691588,0.5102040816326531,121
2023-12-04,1003,109,71,79,47,38,32,0.6513761467889908,0.5949367088607594,118
2023-12-05,1003,142,90,73,40,52,33,0.6338028169014085,0.547945205479452,130
2023-12-06,1003,104,90,50,35,14,15,0.8653846153846154,0.7,125
2023-12-07,1003,144,88,89,42,56,47,0.6111111111111112,0.47191011235955055,130
2023-12-08,1003,106,86,59,35,20,24,0.8113207547169812,0.5932203389830508,121
2023-12-09,1003,124,71,59,47,53,12,0.5725806451612904,0.7966101694915254,118
2023-12-10,1003,120,91,51,41,29,10,0.7583333333333333,0.803921568627451,132
2023-12-11,1003,129,67,58,41,62,17,0.5193798449612403,0.7068965517241379,108
2023-12-12,1003,146,79,86,37,67,49,0.541095890410959,0.43023255813953487,116
2023-12-13,1003,103,71,73,41,32,32,0.6893203883495146,0.5616438356164384,112
2023-12-14,1003,123,79,60,46,44,14,0.6422764227642277,0.7666666666666667,125
2023-12-15,1003,133,79,100,46,54,54,0.5939849624060151,0.46,125
2023-12-16,1003,100,85,59,36,15,23,0.85,0.6101694915254238,121
2023-12-17,1003,105,87,61,40,18,21,0.8285714285714286,0.6557377049180327,127
2023-12-18,1003,117,67,70,35,50,35,0.5726495726495726,0.5,102
2023-12-19,1003,102,70,80,36,32,44,0.6862745098039216,0.45,106
2023-12-20,1003,136,78,59,48,58,11,0.5735294117647058,0.8135593220338984,126
2023-12-21,1003,138,73,83,38,65,45,0.5289855072463768,0.4578313253012048,111
2023-12-22,1003,131,76,100,47,55,53,0.5801526717557252,0.47,123
2023-12-23,1003,105,77,69,46,28,23,0.7333333333333333,0.6666666666666666,123
2023-12-24,1003,118,84,77,30,34,47,0.711864406779661,0.38961038961038963,114
2023-12-25,1003,128,93,98,39,35,59,0.7265625,0.3979591836734694,132
2023-12-26,1003,108,85,52,46,23,6,0.7870370370370371,0.8846153846153846,131
2023-12-27,1003,104,97,60,42,7,18,0.9326923076923077,0.7,139
2023-12-28,1003,106,83,71,29,23,42,0.78301886792452835,0.4084507042253521,112
2023-12-29,1003,106,97,95,39,9,56,0.9150943396226415,0.4105263157894737,136
2023-12-30,1003,143,83,80,43,60,37,0.5804195804195804,0.5375,126
2023-12-31,1003,120,63,61,45,57,16,0.525,0.7377049180327869,108
2023-01-01,1004,120,75,61,38,45,23,0.625,0.6229508196721312,113
2023-01-02,1004,129,74,51,44,55,7,0.5736434108527132,0.8627450980392157,118
2023-01-03,1004,131,78,50,36,53,14,0.5954198473282443,0.72,114
2023-01-04,1004,149,78,99,45,71,54,0.5234899328859061,0.45454545454545453,123
2023-01-05,1004,138,69,82,41,69,41,0.5,0.5,110
2023-01-06,1004,130,84,60,46,46,14,0.6461538461538462,0.7666666666666667,130
2023-01-07,1004,121,86,52,38,35,14,0.7107438016528925,0.7307692307692307,124
2023-01-08,1004,109,104,99,35,5,64,0.9541284403669725,0.35353535353535354,139
2023-01-09,1004,108,78,95,28,30,67,0.7222222222222222,0.29473684210526313,106
2023-01-10,1004,115,89,80,39,26,41,0.7739130434782608,0.4875,128
2023-01-11,1004,107,77,54,30,30,24,0.719626168224299,0.5555555555555556,107
2023-01-12,1004,104,71,82,38,33,44,0.6826923076923077,0.4634146341463415,109
2023-01-13,1004,102,81,82,33,21,49,0.7941176470588235,0.4024390243902439,114
2023-01-14,1004,127,75,72,50,52,22,0.5905511811023622,0.6944444444444444,125
2023-01-15,1004,133,88,57,36,45,21,0.6616541353383458,0.631578947368421,124
2023-01-16,1004,137,86,61,29,51,32,0.6277372262773723,0.47540983606557374,115
2023-01-17,1004,141,78,51,48,63,3,0.5531914893617021,0.9411764705882353,126
2023-01-18,1004,148,78,99,52,70,47,0.527027027027027,0.5252525252525253,130
2023-01-19,1004,111,89,53,40,22,13,0.8018018018018018,0.7547169811320755,129
2023-01-20,1004,141,80,72,45,61,27,0.5673758865248227,0.625,125
2023-01-21,1004,135,88,64,35,47,29,0.6518518518518519,0.546875,123
2023-01-22,1004,118,72,85,43,46,42,0.6101694915254238,0.5058823529411764,115
2023-01-23,1004,128,86,89,40,42,49,0.671875,0.449438202247191,126
2023-01-24,1004,143,83,77,36,60,41,0.5804195804195804,0.4675324675324675,119
2023-01-25,1004,137,79,52,39,58,13,0.5766423357664233,0.75,118
2023-01-26,1004,110,63,52,40,47,12,0.5727272727272728,0.7692307692307693,103
2023-01-27,1004,129,71,68,28,58,40,0.5503875968992248,0.4117647058823529,99
2023-01-28,1004,149,74,89,19,75,70,0.49664429530201343,0.21348314606741572,93
2023-01-29,1004,129,66,54,39,63,15,0.5116279069767442,0.7222222222222222,105
2023-01-30,1004,110,78,50,50,32,0,0.7090909090909091,1,128
2023-01-31,1004,149,82,73,35,67,38,0.5503355704697986,0.4794520547945205,117
2023-02-01,1004,126,82,76,38,44,38,0.6507936507936508,0.5,120
2023-02-02,1004,145,100,77,38,45,39,0.6896551724137931,0.4935064935064935,138
2023-02-03,1004,125,87,81,39,38,42,0.696,0.48148148148148145,126
2023-02-04,1004,100,70,64,40,30,24,0.7,0.625,110
2023-02-05,1004,126,75,88,30,51,58,0.5952380952380952,0.3409090909090909,105
2023-02-06,1004,121,77,61,60,44,1,0.6363636363636364,0.9836065573770492,137
2023-02-07,1004,139,72,93,38,67,55,0.5179856115107914,0.40860215053763443,110
2023-02-08,1004,141,77,93,48,64,45,0.5460992907801419,0.5161290322580645,125
2023-02-09,1004,121,89,67,44,32,23,0.7355371900826446,0.6567164179104478,133
2023-02-10,1004,135,67,93,45,68,48,0.4962962962962963,0.4838709677419355,112
2023-02-11,1004,108,87,50,44,21,6,0.8055555555555556,0.88,131
2023-02-12,1004,122,66,72,37,56,35,0.5409836065573771,0.5138888888888888,103
2023-02-13,1004,141,73,95,35,68,60,0.5177304964539007,0.3684210526315789,108
2023-02-14,1004,141,82,83,31,59,52,0.5815602836879432,0.37349397590361444,113
2023-02-15,1004,135,78,97,42,57,55,0.5777777777777777,0.4329896907216495,120
2023-02-16,1004,136,85,97,39,51,58,0.625,0.4020618556701031,124
2023-02-17,1004,149,88,66,39,61,27,0.5906040268456376,0.5909090909090909,127
2023-02-18,1004,119,82,62,39,37,23,0.6890756302521008,0.6290322580645161,121
2023-02-19,1004,120,82,90,48,38,42,0.6833333333333333,0.5333333333333333,130
2023-02-20,1004,105,77,94,34,28,60,0.7333333333333333,0.3617021276595745,111
2023-02-21,1004,121,71,72,45,50,27,0.5867768595041323,0.625,116
2023-02-22,1004,130,89,69,44,41,25,0.6846153846153846,0.6376811594202898,133
2023-02-23,1004,104,85,80,33,19,47,0.8173076923076923,0.4125,118
2023-02-24,1004,148,77,70,42,71,28,0.5202702702702703,0.6,119
2023-02-25,1004,113,91,66,37,22,29,0.8053097345132744,0.5606060606060606,128
2023-02-26,1004,120,82,78,38,38,40,0.6833333333333333,0.48717948717948717,120
2023-02-27,1004,125,85,54,35,40,19,0.68,0.6481481481481481,120
2023-02-28,1004,146,92,95,41,54,54,0.6301369863013698,0.43157894736842106,133
2023-03-01,1004,113,76,93,44,37,49,0.672566371681416,0.4731182795698925,120
2023-03-02,1004,119,81,66,41,38,25,0.680672268907563,0.6212121212121212,122
2023-03-03,1004,130,83,68,48,47,20,0.6384615384615384,0.7058823529411765,131
2023-03-04,1004,134,96,64,33,38,31,0.7164179104477612,0.515625,129
2023-03-05,1004,136,79,55,47,57,8,0.5808823529411765,0.8545454545454545,126
2023-03-06,1004,148,82,76,36,66,40,0.5540540540540541,0.47368421052631576,118
2023-03-07,1004,146,81,85,39,65,46,0.5547945205479452,0.4588235294117647,120
2023-03-08,1004,127,75,83,40,52,43,0.5905511811023622,0.4819277108433735,115
2023-03-09,1004,109,87,89,31,22,58,0.7981651376146789,0.34831460674157305,118
2023-03-10,1004,106,86,53,32,20,21,0.8113207547169812,0.6037735849056604,118
2023-03-11,1004,135,86,54,30,49,24,0.6370370370370371,0.5555555555555556,116
2023-03-12,1004,146,77,64,44,69,20,0.5273972602739726,0.6875,121
2023-03-13,1004,115,84,100,37,31,63,0.7304347826086957,0.37,121
2023-03-14,1004,144,89,64,38,55,26,0.6180555555555556,0.59375,127
2023-03-15,1004,122,65,51,50,57,1,0.5327868852459017,0.9803921568627451,115
2023-03-16,1004,109,88,70,38,21,32,0.8073394495412844,0.5428571428571428,126
2023-03-17,1004,129,89,79,45,40,34,0.689922480620155,0.569620253164557,134
2023-03-18,1004,149,76,95,42,73,53,0.5100671140939598,0.4421052631578947,118
2023-03-19,1004,110,68,92,46,42,46,0.6181818181818182,0.5,114
2023-03-20,1004,131,85,100,36,46,64,0.648854961832061,0.36,121
2023-03-21,1004,107,82,70,40,25,30,0.7663551401869159,0.5714285714285714,122
2023-03-22,1004,134,90,63,39,44,24,0.6716417910447762,0.6190476190476191,129
2023-03-23,1004,130,82,81,36,48,45,0.6307692307692307,0.4444444444444444,118
2023-03-24,1004,146,73,100,42,73,58,0.5,0.42,115
2023-03-25,1004,120,71,65,41,49,24,0.5916666666666667,0.6307692307692307,112
2023-03-26,1004,146,89,95,31,57,64,0.6095890410958904,0.3263157894736842,120
2023-03-27,1004,101,73,90,52,28,38,0.7227722772277227,0.5777777777777777,125
2023-03-28,1004,126,71,88,45,55,43,0.5634920634920635,0.5113636363636364,116
2023-03-29,1004,117,79,71,49,38,22,0.6752136752136753,0.6901408450704225,128
2023-03-30,1004,134,69,60,37,65,23,0.5149253731343284,0.6166666666666667,106
2023-03-31,1004,133,73,66,30,60,36,0.5488721804511278,0.45454545454545453,103
2023-04-01,1004,140,76,64,34,64,30,0.5428571428571428,0.53125,110
2023-04-02,1004,127,79,50,40,48,10,0.6220472440944882,0.8,119
2023-04-03,1004,114,85,68,41,29,27,0.7456140350877193,0.6029411764705882,126
2023-04-04,1004,140,63,64,33,77,31,0.45,0.515625,96
2023-04-05,1004,145,80,100,51,65,49,0.5517241379310345,0.51,131
2023-04-06,1004,143,75,82,40,68,42,0.5244755244755245,0.4878048780487805,115
2023-04-07,1004,114,64,93,44,50,49,0.5614035087719298,0.4731182795698925,108
2023-04-08,1004,117,78,67,43,39,24,0.6666666666666666,0.6417910447761194,121
2023-04-09,1004,119,85,58,37,34,21,0.7142857142857143,0.6379310344827587,122
2023-04-10,1004,131,82,93,33,49,60,0.6259541984732825,0.3548387096774194,115
2023-04-11,1004,148,75,92,40,73,52,0.5067567567567568,0.43478260869565216,115
2023-04-12,1004,111,79,64,42,32,22,0.7117117117117117,0.65625,121
2023-04-13,1004,143,76,77,44,67,33,0.5314685314685315,0.5714285714285714,120
2023-04-14,1004,145,74,86,35,71,51,0.5103448275862069,0.4069767441860465,109
2023-04-15,1004,108,69,55,41,39,14,0.6388888888888888,0.7454545454545455,110
2023-04-16,1004,141,58,57,33,83,24,0.41134751773049644,0.5789473684210527,91
2023-04-17,1004,131,74,93,43,57,50,0.5648854961832062,0.46236559139784944,117
2023-04-18,1004,140,69,82,50,71,32,0.4928571428571429,0.6097560975609756,119
2023-04-19,1004,131,75,71,39,56,32,0.5725190839694656,0.5492957746478874,114
2023-04-20,1004,105,87,55,37,18,18,0.8285714285714286,0.6727272727272727,124
2023-04-21,1004,104,71,56,43,33,13,0.6826923076923077,0.7678571428571429,114
2023-04-22,1004,135,81,69,30,54,39,0.6,0.43478260869565216,111
2023-04-23,1004,103,82,62,38,21,24,0.7961165048543689,0.6129032258064516,120
2023-04-24,1004,131,82,92,45,49,47,0.6259541984732825,0.4891304347826087,127
2023-04-25,1004,110,77,84,29,33,55,0.7,0.34523809523809523,106
2023-04-26,1004,131,75,92,40,56,52,0.5725190839694656,0.43478260869565216,115
2023-04-27,1004,102,78,54,42,24,12,0.7647058823529411,0.7777777777777778,120
2023-04-28,1004,142,90,77,41,52,36,0.6338028169014085,0.5324675324675324,131
2023-04-29,1004,112,76,87,43,36,44,0.6785714285714286,0.4942528735632184,119
2023-04-30,1004,114,89,65,31,25,34,0.7807017543859649,0.47692307692307695,120
2023-05-01,1004,120,71,64,41,49,23,0.5916666666666667,0.640625,112
2023-05-02,1004,120,71,97,37,49,60,0.5916666666666667,0.38144329896907214,108
2023-05-03,1004,125,97,51,39,28,12,0.776,0.7647058823529411,136
2023-05-04,1004,126,71,80,28,55,52,0.5634920634920635,0.35,99
2023-05-05,1004,130,66,85,37,64,48,0.5076923076923077,0.43529411764705883,103
2023-05-06,1004,116,71,50,35,45,15,0.6120689655172413,0.7,106
2023-05-07,1004,128,73,81,31,55,50,0.5703125,0.38271604938271603,104
2023-05-08,1004,150,79,69,45,71,24,0.5266666666666666,0.6521739130434783,124
2023-05-09,1004,140,80,94,46,60,48,0.5714285714285714,0.48936170212765956,126
2023-05-10,1004,149,79,89,42,70,47,0.5302013422818792,0.47191011235955055,121
2023-05-11,1004,120,95,81,32,25,49,0.7916666666666666,0.3950617283950617,127
2023-05-12,1004,127,66,87,46,61,41,0.5196850393700787,0.5287356321839081,112
2023-05-13,1004,123,80,87,40,43,47,0.6504065040650406,0.45977011494252873,120
2023-05-14,1004,102,89,84,37,13,47,0.8725490196078431,0.44047619047619047,126
2023-05-15,1004,106,84,71,45,22,26,0.7924528301886793,0.6338028169014085,129
2023-05-16,1004,111,80,54,34,31,20,0.7207207207207207,0.6296296296296297,114
2023-05-17,1004,100,84,69,38,16,31,0.84,0.5507246376811594,122
2023-05-18,1004,101,90,92,48,11,44,0.8910891089108911,0.5217391304347826,138
2023-05-19,1004,110,80,83,43,30,40,0.7272727272727273,0.5180722891566265,123
2023-05-20,1004,103,80,53,35,23,18,0.7766990291262136,0.660377358490566,115
2023-05-21,1004,138,82,66,41,56,25,0.5942028985507246,0.6212121212121212,123
2023-05-22,1004,114,81,65,44,33,21,0.7105263157894737,0.676923076923077,125
2023-05-23,1004,116,100,74,37,16,37,0.8620689655172413,0.5,137
2023-05-24,1004,116,88,72,42,28,30,0.7586206896551724,0.5833333333333334,130
2023-05-25,1004,132,73,71,45,59,26,0.553030303030303,0.6338028169014085,118
2023-05-26,1004,127,76,68,43,51,25,0.5984251968503937,0.6323529411764706,119
2023-05-27,1004,104,75,67,53,29,14,0.7211538461538461,0.7910447761194029,128
2023-05-28,1004,146,72,89,48,74,41,0.4931506849315068,0.5393258426966292,120
2023-05-29,1004,120,70,89,45,50,44,0.5833333333333334,0.5056179775280899,115
2023-05-30,1004,147,74,65,40,73,25,0.5034013605442177,0.6153846153846154,114
2023-05-31,1004,144,82,82,40,62,42,0.5694444444444444,0.4878048780487805,122
2023-06-01,1004,137,78,72,51,59,21,0.5693430656934306,0.7083333333333334,129
2023-06-02,1004,123,89,98,47,34,51,0.7235772357723578,0.47959183673469385,136
2023-06-03,1004,150,75,91,42,75,49,0.5,0.46153846153846156,117
2023-06-04,1004,101,75,58,36,26,22,0.7425742574257426,0.6206896551724138,111
2023-06-05,1004,149,91,95,39,58,56,0.610738255033557,0.4105263157894737,130
2023-06-06,1004,146,89,70,41,57,29,0.6095890410958904,0.5857142857142857,130
2023-06-07,1004,131,81,99,41,50,58,0.6183206106870229,0.41414141414141414,122
2023-06-08,1004,131,87,99,40,44,59,0.6641221374045801,0.40404040404040403,127
2023-06-09,1004,128,83,55,46,45,9,0.6484375,0.8363636363636363,129
2023-06-10,1004,133,72,86,38,61,48,0.5413533834586466,0.4418604651162791,110
2023-06-11,1004,150,74,87,38,76,49,0.49333333333333335,0.4367816091954023,112
2023-06-12,1004,104,72,71,37,32,34,0.6923076923076923,0.5211267605633803,109
2023-06-13,1004,112,89,79,41,23,38,0.7946428571428571,0.5189873417721519,130
2023-06-14,1004,144,81,76,38,63,38,0.5625,0.5,119
2023-06-15,1004,145,75,66,40,70,26,0.5172413793103449,0.6060606060606061,115
2023-06-16,1004,145,72,95,34,73,61,0.496551724137931,0.35789473684210527,106
2023-06-17,1004,117,78,70,39,39,31,0.6666666666666666,0.5571428571428572,117
2023-06-18,1004,139,81,62,46,58,16,0.5827338129496403,0.7419354838709677,127
2023-06-19,1004,148,98,96,35,50,61,0.6621621621621622,0.3645833333333333,133
2023-06-20,1004,127,79,87,45,48,42,0.6220472440944882,0.5172413793103449,124
2023-06-21,1004,129,80,85,48,49,37,0.6201550387596899,0.5647058823529412,128
2023-06-22,1004,149,78,51,33,71,18,0.5234899328859061,0.6470588235294118,111
2023-06-23,1004,148,79,61,31,69,30,0.5337837837837838,0.5081967213114754,110
2023-06-24,1004,144,77,73,43,67,30,0.5347222222222222,0.589041095890411,120
2023-06-25,1004,106,77,100,40,29,60,0.7264150943396226,0.4,117
2023-06-26,1004,102,92,52,36,10,16,0.9019607843137255,0.6923076923076923,128
2023-06-27,1004,124,78,65,35,46,30,0.6290322580645161,0.5384615384615384,113
2023-06-28,1004,116,89,88,37,27,51,0.7672413793103449,0.42045454545454547,126
2023-06-29,1004,122,80,66,49,42,17,0.6557377049180327,0.7424242424242424,129
2023-06-30,1004,136,82,67,41,54,26,0.6029411764705882,0.6119402985074627,123
2023-07-01,1004,104,87,65,38,17,27,0.8365384615384616,0.5846153846153846,125
2023-07-02,1004,126,72,88,33,54,55,0.5714285714285714,0.375,105
2023-07-03,1004,127,85,83,43,42,40,0.6692913385826772,0.5180722891566265,128
2023-07-04,1004,130,78,72,43,52,29,0.6,0.5972222222222222,121
2023-07-05,1004,131,83,87,46,48,41,0.6335877862595419,0.5287356321839081,129
2023-07-06,1004,139,80,70,55,59,15,0.5755395683453237,0.7857142857142857,135
2023-07-07,1004,138,77,57,37,61,20,0.5579710144927537,0.6491228070175439,114
2023-07-08,1004,144,99,92,44,45,48,0.6875,0.4782608695652174,143
2023-07-09,1004,112,80,75,40,32,35,0.7142857142857143,0.5333333333333333,120
2023-07-10,1004,146,81,98,33,65,65,0.5547945205479452,0.336734693877551,114
2023-07-11,1004,147,79,77,47,68,30,0.5374149659863946,0.6103896103896104,126
2023-07-12,1004,106,76,73,37,30,36,0.71698113207547165,0.5068493150684932,113
2023-07-13,1004,117,69,83,31,48,52,0.5897435897435898,0.37349397590361444,100
2023-07-14,1004,113,84,84,46,29,38,0.7433628318584071,0.5476190476190477,130
2023-07-15,1004,144,87,86,37,57,49,0.6041666666666666,0.43023255813953487,124
2023-07-16,1004,124,98,82,28,26,54,0.7903225806451613,0.34146341463414637,126
2023-07-17,1004,119,80,61,27,39,34,0.6722689075630253,0.4426229508196721,107
2023-07-18,1004,138,77,100,54,61,46,0.5579710144927537,0.54,131
2023-07-19,1004,107,74,76,42,33,34,0.6915887850467289,0.5526315789473685,116
2023-07-20,1004,109,74,51,37,35,14,0.6788990825688074,0.7254901960784313,111
2023-07-21,1004,108,75,74,32,33,42,0.6944444444444444,0.43243243243243246,107
2023-07-22,1004,146,76,98,55,70,43,0.5205479452054794,0.5612244897959183,131
2023-07-23,1004,106,85,61,36,21,25,0.8018867924528302,0.5901639344262295,121
2023-07-24,1004,131,80,74,59,51,15,0.6106870229007634,0.7972972972972973,139
2023-07-25,1004,142,64,89,53,78,36,0.4507042253521127,0.5955056179775281,117
2023-07-26,1004,144,90,76,38,54,38,0.625,0.5,128
2023-07-27,1004,113,83,92,45,30,47,0.7345132743362832,0.4891304347826087,128
2023-07-28,1004,113,68,65,43,45,22,0.6017699115044248,0.6615384615384615,111
2023-07-29,1004,100,77,84,34,23,50,0.77,0.40476190476190477,111
2023-07-30,1004,143,73,50,48,70,2,0.5104895104895105,0.96,121
2023-07-31,1004,117,81,53,46,36,7,0.6923076923076923,0.8679245283018868,127
2023-08-01,1004,133,85,71,28,48,43,0.6390977443609023,0.39436619718309857,113
2023-08-02,1004,107,75,91,44,32,47,0.7009345794392523,0.4835164835164835,119
2023-08-03,1004,115,74,68,47,41,21,0.6434782608695652,0.6911764705882353,121
2023-08-04,1004,133,70,78,31,63,47,0.5263157894736842,0.3974358974358974,101
2023-08-05,1004,113,90,74,52,23,22,0.7964601769911505,0.7027027027027027,142
2023-08-06,1004,111,73,73,42,38,31,0.6576576576576577,0.5753424657534246,115
2023-08-07,1004,130,76,88,34,54,54,0.5846153846153846,0.38636363636363635,110
2023-08-08,1004,117,94,71,38,23,33,0.8034188034188035,0.5352112676056338,132
2023-08-09,1004,110,66,90,46,44,44,0.6,0.5111111111111111,112
2023-08-10,1004,138,103,98,41,35,57,0.7463768115942029,0.41836734693877553,144
2023-08-11,1004,100,66,100,29,34,71,0.66,0.29,95
2023-08-12,1004,144,77,86,43,67,43,0.5347222222222222,0.5,120
2023-08-13,1004,120,63,78,38,57,40,0.525,0.48717948717948717,101
2023-08-14,1004,143,84,69,59,59,10,0.5874125874125874,0.855072463768116,143
2023-08-15,1004,108,72,98,43,36,55,0.6666666666666666,0.4387755102040816,115
2023-08-16,1004,146,84,53,32,62,21,0.5753424657534246,0.6037735849056604,116
2023-08-17,1004,135,82,80,43,53,37,0.6074074074074074,0.5375,125
2023-08-18,1004,109,72,80,40,37,40,0.6605504587155964,0.5,112
2023-08-19,1004,117,69,91,44,48,47,0.5897435897435898,0.4835164835164835,113
2023-08-20,1004,111,90,62,44,21,18,0.8108108108108109,0.7096774193548387,134
2023-08-21,1004,121,85,77,37,36,40,0.7024793388429752,0.4805194805194805,122
2023-08-22,1004,119,65,75,48,54,27,0.5462184873949579,0.64,113
2023-08-23,1004,139,91,92,42,48,50,0.6546762589928058,0.45652173913043476,133
2023-08-24,1004,123,89,56,45,34,11,0.7235772357723578,0.8035714285714286,134
2023-08-25,1004,131,91,77,41,40,36,0.6946564885496184,0.5324675324675324,132
2023-08-26,1004,124,93,80,31,31,49,0.75,0.3875,124
2023-08-27,1004,130,68,62,45,62,17,0.5230769230769231,0.7258064516129032,113
2023-08-28,1004,119,76,78,39,43,39,0.6386554621848739,0.5,115
2023-08-29,1004,111,66,59,35,45,24,0.5945945945945946,0.5932203389830508,101
2023-08-30,1004,136,78,67,37,58,30,0.5735294117647058,0.5522388059701493,115
2023-08-31,1004,115,85,80,45,30,35,0.7391304347826086,0.5625,130
2023-09-01,1004,102,71,78,39,31,39,0.696078431372549,0.5,110
2023-09-02,1004,141,75,70,37,66,33,0.5319148936170213,0.5285714285714286,112
2023-09-03,1004,120,71,82,39,49,43,0.5916666666666667,0.47560975609756095,110
2023-09-04,1004,135,83,98,39,52,59,0.6148148148148148,0.3979591836734694,122
2023-09-05,1004,121,91,90,33,30,57,0.7520661157024794,0.36666666666666664,124
2023-09-06,1004,112,71,55,45,41,10,0.6339285714285714,0.8181818181818182,116
2023-09-07,1004,107,74,72,47,33,25,0.6915887850467289,0.6527777777777778,121
2023-09-08,1004,120,80,53,42,40,11,0.6666666666666666,0.7924528301886793,122
2023-09-09,1004,129,85,74,45,44,29,0.6589147286821705,0.6081081081081081,130
2023-09-10,1004,139,75,87,45,64,42,0.539568345323741,0.5172413793103449,120
2023-09-11,1004,148,96,61,41,52,20,0.6486486486486487,0.6721311475409836,137
2023-09-12,1004,135,81,84,40,54,44,0.6,0.47619047619047616,121
2023-09-13,1004,128,87,66,35,41,31,0.6796875,0.5303030303030303,122
2023-09-14,1004,134,71,90,40,63,50,0.5298507462686567,0.4444444444444444,111
2023-09-15,1004,136,69,90,45,67,45,0.5073529411764706,0.5,114
2023-09-16,1004,127,83,56,51,44,5,0.6535433070866141,0.9107142857142857,134
2023-09-17,1004,137,95,87,38,42,49,0.6934306569343066,0.4367816091954023,133
2023-09-18,1004,122,89,67,36,33,31,0.7295081967213115,0.5373134328358209,125
2023-09-19,1004,141,108,59,40,33,19,0.7659574468085106,0.6779661016949152,148
2023-09-20,1004,141,90,61,45,51,16,0.6382978723404256,0.7377049180327869,135
2023-09-21,1004,129,84,52,38,45,14,0.6511627906976745,0.7307692307692307,122
2023-09-22,1004,131,72,87,40,59,47,0.549618320610687,0.45977011494252873,112
2023-09-23,1004,141,74,93,46,67,47,0.524822695035461,0.4946236559139785,120
2023-09-24,1004,105,87,54,35,18,19,0.8285714285714286,0.6481481481481481,122
2023-09-25,1004,144,85,89,30,59,59,0.5902777777777778,0.33707865168539325,115
2023-09-26,1004,136,90,87,39,46,48,0.6617647058823529,0.4482758620689655,129
2023-09-27,1004,131,86,86,47,45,39,0.6564885496183206,0.5465116279069767,133
2023-09-28,1004,118,91,98,41,27,57,0.7711864406779662,0.41836734693877553,132
2023-09-29,1004,140,87,88,50,53,38,0.6214285714285714,0.5681818181818182,137
2023-09-30,1004,101,93,63,49,8,14,0.9207920792079208,0.7777777777777778,142
2023-10-01,1004,106,78,83,45,28,38,0.7358490566037735,0.54216867469879515,123
2023-10-02,1004,122,87,96,32,35,64,0.7131147540983607,0.3333333333333333,119
2023-10-03,1004,124,96,71,40,28,31,0.7741935483870968,0.5633802816901409,136
2023-10-04,1004,135,82,68,38,53,30,0.6074074074074074,0.5588235294117647,120
2023-10-05,1004,149,74,88,41,75,47,0.49664429530201343,0.4659090909090909,115
2023-10-06,1004,105,79,66,39,26,27,0.7523809523809524,0.5909090909090909,118
2023-10-07,1004,130,79,58,37,51,21,0.6076923076923076,0.6379310344827587,116
2023-10-08,1004,109,81,69,48,28,21,0.7431192660550459,0.6956521739130435,129
2023-10-09,1004,114,94,86,45,20,41,0.8245614035087719,0.5232558139534884,139
2023-10-10,1004,110,80,52,40,30,12,0.7272727272727273,0.7692307692307693,120
2023-10-11,1004,146,70,99,39,76,60,0.4794520547945205,0.3939393939393939,109
2023-10-12,1004,139,67,55,26,72,29,0.48201438848920863,0.4727272727272727,93
2023-10-13,1004,130,82,78,49,48,29,0.6307692307692307,0.6282051282051282,131
2023-10-14,1004,107,96,81,43,11,38,0.897196261682243,0.5308641975308642,139
2023-10-15,1004,108,95,54,44,13,10,0.8796296296296297,0.8148148148148148,139
2023-10-16,1004,149,87,93,41,62,52,0.5838926174496645,0.44086021505376344,128
2023-10-17,1004,123,77,56,41,46,15,0.6260162601626016,0.7321428571428571,118
2023-10-18,1004,127,64,75,40,63,35,0.5039370078740157,0.5333333333333333,104
2023-10-19,1004,110,86,61,47,24,14,0.7818181818181819,0.7704918032786885,133
2023-10-20,1004,118,85,68,33,33,35,0.7203389830508474,0.4852941176470588,118
2023-10-21,1004,101,66,91,58,35,33,0.6534653465346535,0.6373626373626373,124
2023-10-22,1004,123,76,74,34,47,40,0.6178861788617886,0.4594594594594595,110
2023-10-23,1004,141,84,88,42,57,46,0.5957446808510638,0.4772727272727273,126
2023-10-24,1004,150,94,51,36,56,15,0.6266666666666667,0.7058823529411765,130
2023-10-25,1004,113,87,91,39,26,52,0.7699115044247787,0.42857142857142855,126
2023-10-26,1004,149,88,60,43,61,17,0.5906040268456376,0.7166666666666667,131
2023-10-27,1004,103,82,51,48,21,3,0.7961165048543689,0.9411764705882353,130
2023-10-28,1004,137,79,63,52,58,11,0.5766423357664233,0.8253968253968254,131
2023-10-29,1004,113,75,50,44,38,6,0.6637168141592921,0.88,119
2023-10-30,1004,112,83,100,45,29,55,0.7410714285714286,0.45,128
2023-10-31,1004,135,74,60,45,61,15,0.5481481481481482,0.75,119
2023-11-01,1004,107,73,93,31,34,62,0.6822429906542056,0.3333333333333333,104
2023-11-02,1004,101,81,95,48,20,47,0.801980198019802,0.5052631578947369,129
2023-11-03,1004,148,81,97,49,67,48,0.5472972972972973,0.5051546391752577,130
2023-11-04,1004,120,63,54,33,57,21,0.525,0.6111111111111112,96
2023-11-05,1004,116,70,99,36,46,63,0.603448275862069,0.36363636363636365,106
2023-11-06,1004,125,77,82,37,48,45,0.616,0.45121951219512196,114
2023-11-07,1004,143,77,83,40,66,43,0.5384615384615384,0.4819277108433735,117
2023-11-08,1004,142,81,91,39,61,52,0.5704225352112676,0.42857142857142855,120
2023-11-09,1004,113,98,73,39,15,34,0.8672566371681416,0.5342465753424658,137
2023-11-10,1004,107,86,62,42,21,20,0.8037383177570093,0.6774193548387096,128
2023-11-11,1004,146,79,53,43,67,10,0.541095890410959,0.8113207547169812,122
2023-11-12,1004,117,70,54,44,47,10,0.5982905982905983,0.8148148148148148,114
2023-11-13,1004,140,88,57,37,52,20,0.6285714285714286,0.6491228070175439,125
2023-11-14,1004,133,80,82,51,53,31,0.6015037593984962,0.6219512195121951,131
2023-11-15,1004,137,64,90,37,73,53,0.46715328467153283,0.4111111111111111,101
2023-11-16,1004,116,81,84,40,35,44,0.6982758620689655,0.47619047619047616,121
2023-11-17,1004,125,82,82,37,43,45,0.656,0.45121951219512196,119
2023-11-18,1004,128,73,95,35,55,60,0.5703125,0.3684210526315789,108
2023-11-19,1004,109,85,67,49,24,18,0.7798165137614679,0.7313432835820896,134
2023-11-20,1004,123,79,59,43,44,16,0.6422764227642277,0.7288135593220338,122
2023-11-21,1004,122,87,65,44,35,21,0.7131147540983607,0.676923076923077,131
2023-11-22,1004,143,83,62,38,60,24,0.5804195804195804,0.6129032258064516,121
2023-11-23,1004,100,72,64,53,28,11,0.72,0.828125,125
2023-11-24,1004,107,82,69,49,25,20,0.7663551401869159,0.7101449275362319,131
2023-11-25,1004,101,85,74,42,16,32,0.8415841584158416,0.5675675675675675,127
2023-11-26,1004,104,70,97,33,34,64,0.6730769230769231,0.3402061855670103,103
2023-11-27,1004,118,70,71,37,48,34,0.5932203389830508,0.5211267605633803,107
2023-11-28,1004,123,96,62,34,27,28,0.7804878048780488,0.5483870967741935,130
2023-11-29,1004,122,77,99,40,45,59,0.6311475409836066,0.40404040404040403,117
2023-11-30,1004,150,76,77,38,74,39,0.5066666666666667,0.4935064935064935,114
2023-12-01,1004,140,94,65,43,46,22,0.6714285714285714,0.6615384615384615,137
2023-12-02,1004,106,83,64,38,23,26,0.78301886792452835,0.59375,121
2023-12-03,1004,136,64,67,45,72,22,0.47058823529411764,0.6716417910447762,109
2023-12-04,1004,134,78,72,35,56,37,0.582089552238806,0.4861111111111111,113
2023-12-05,1004,128,83,59,31,45,28,0.6484375,0.5254237288135594,114
2023-12-06,1004,129,65,52,36,64,16,0.5038759689922481,0.6923076923076923,101
2023-12-07,1004,105,87,65,41,18,24,0.8285714285714286,0.6307692307692307,128
2023-12-08,1004,130,85,92,42,45,50,0.6538461538461539,0.45652173913043476,127
2023-12-09,1004,112,78,78,32,34,46,0.6964285714285714,0.41025641025641024,110
2023-12-10,1004,122,90,88,43,32,45,0.7377049180327869,0.48863636363636365,133
2023-12-11,1004,145,78,90,53,67,37,0.5379310344827586,0.5888888888888889,131
2023-12-12,1004,147,72,71,36,75,35,0.4897959183673469,0.5070422535211268,108
2023-12-13,1004,125,84,74,36,41,38,0.672,0.4864864864864865,120
2023-12-14,1004,133,83,60,43,50,17,0.6240601503759399,0.7166666666666667,126
2023-12-15,1004,142,86,65,46,56,19,0.6056338028169014,0.7076923076923077,132
2023-12-16,1004,128,85,72,44,43,28,0.6640625,0.6111111111111112,129
2023-12-17,1004,128,95,70,36,33,34,0.7421875,0.5142857142857142,131
2023-12-18,1004,136,61,53,42,75,11,0.4485294117647059,0.7924528301886793,103
2023-12-19,1004,111,97,57,43,14,14,0.8738738738738738,0.7543859649122807,140
2023-12-20,1004,110,69,80,39,41,41,0.6272727272727273,0.4875,108
2023-12-21,1004,132,86,97,42,46,55,0.6515151515151515,0.4329896907216495,128
2023-12-22,1004,146,87,79,37,59,42,0.5958904109589042,0.46835443037974683,124
2023-12-23,1004,100,86,96,49,14,47,0.86,0.5104166666666666,135
2023-12-24,1004,131,86,100,27,45,73,0.6564885496183206,0.27,113
2023-12-25,1004,149,65,87,44,84,43,0.436241610738255,0.5057471264367817,109
2023-12-26,1004,143,77,60,34,66,26,0.5384615384615384,0.5666666666666667,111
2023-12-27,1004,122,74,66,43,48,23,0.6065573770491803,0.6515151515151515,117
2023-12-28,1004,150,77,61,34,73,27,0.5133333333333333,0.5573770491803278,111
2023-12-29,1004,125,93,96,52,32,44,0.744,0.5416666666666666,145
2023-12-30,1004,113,74,66,44,39,22,0.6548672566371682,0.6666666666666666,118
2023-12-31,1004,138,89,70,44,49,26,0.644927536231884,0.6285714285714286,133
2023-01-01,1005,121,72,98,42,49,56,0.5950413223140496,0.42857142857142855,114
2023-01-02,1005,138,73,84,41,65,43,0.5289855072463768,0.4880952380952381,114
2023-01-03,1005,142,89,63,42,53,21,0.6267605633802817,0.6666666666666666,131
2023-01-04,1005,104,94,52,52,10,0,0.9038461538461539,1,146
2023-01-05,1005,138,77,82,38,61,44,0.5579710144927537,0.4634146341463415,115
2023-01-06,1005,137,79,77,47,58,30,0.5766423357664233,0.6103896103896104,126
2023-01-07,1005,145,77,96,50,68,46,0.5310344827586206,0.5208333333333334,127
2023-01-08,1005,129,78,77,41,51,36,0.6046511627906976,0.5324675324675324,119
2023-01-09,1005,109,84,94,45,25,49,0.7706422018348624,0.4787234042553192,129
2023-01-10,1005,118,72,97,47,46,50,0.6101694915254238,0.4845360824742268,119
2023-01-11,1005,120,88,98,36,32,62,0.7333333333333333,0.3673469387755102,124
2023-01-12,1005,143,66,90,47,77,43,0.46153846153846156,0.5222222222222223,113
2023-01-13,1005,100,69,59,44,31,15,0.69,0.7457627118644068,113
2023-01-14,1005,111,84,86,39,27,47,0.7567567567567568,0.45348837209302323,123
2023-01-15,1005,134,83,51,31,51,20,0.6194029850746269,0.6078431372549019,114
2023-01-16,1005,144,78,98,33,66,65,0.5416666666666666,0.336734693877551,111
2023-01-17,1005,115,70,51,48,45,3,0.6086956521739131,0.9411764705882353,118
2023-01-18,1005,141,79,81,29,62,52,0.5602836879432624,0.35802469135802467,108
2023-01-19,1005,142,77,81,42,65,39,0.5422535211267606,0.5185185185185185,119
2023-01-20,1005,137,95,68,41,42,27,0.6934306569343066,0.6029411764705882,136
2023-01-21,1005,147,94,91,31,53,60,0.6394557823129252,0.34065934065934067,125
2023-01-22,1005,137,75,68,35,62,33,0.5474452554744526,0.5147058823529411,110
2023-01-23,1005,105,70,56,33,35,23,0.6666666666666666,0.5892857142857143,103
2023-01-24,1005,136,88,50,35,48,15,0.6470588235294118,0.7,123
2023-01-25,1005,111,94,75,42,17,33,0.8468468468468469,0.56,136
2023-01-26,1005,126,86,86,46,40,40,0.6825396825396826,0.5348837209302325,132
2023-01-27,1005,124,72,72,36,52,36,0.5806451612903226,0.5,108
2023-01-28,1005,125,63,68,43,62,25,0.504,0.6323529411764706,106
2023-01-29,1005,110,61,85,37,49,48,0.5545454545454546,0.43529411764705883,98
2023-01-30,1005,122,79,66,32,43,34,0.6475409836065574,0.48484848484848486,111
2023-01-31,1005,105,86,54,34,19,20,0.819047619047619,0.6296296296296297,120
2023-02-01,1005,129,77,50,43,52,7,0.5968992248062015,0.86,120
2023-02-02,1005,149,78,94,36,71,58,0.5234899328859061,0.3829787234042553,114
2023-02-03,1005,124,73,83,38,51,45,0.5887096774193549,0.4578313253012048,111
2023-02-04,1005,138,72,50,44,66,6,0.5217391304347826,0.88,116
2023-02-05,1005,136,73,66,39,63,27,0.5367647058823529,0.5909090909090909,112
2023-02-06,1005,131,85,74,43,46,31,0.648854961832061,0.581081081081081,128
2023-02-07,1005,137,73,56,37,64,19,0.5328467153284672,0.6607142857142857,110
2023-02-08,1005,147,83,62,48,64,14,0.564625850340136,0.7741935483870968,131
2023-02-09,1005,117,82,96,38,35,58,0.7008547008547008,0.3958333333333333,120
2023-02-10,1005,146,85,63,40,61,23,0.5821917808219178,0.6349206349206349,125
2023-02-11,1005,116,82,79,39,34,40,0.7068965517241379,0.4936708860759494,121
2023-02-12,1005,148,98,95,40,50,55,0.6621621621621622,0.42105263157894735,138
2023-02-13,1005,122,88,79,45,34,34,0.7213114754098361,0.569620253164557,133
2023-02-14,1005,104,84,84,43,20,41,0.8076923076923077,0.5119047619047619,127
2023-02-15,1005,142,81,56,47,61,9,0.5704225352112676,0.8392857142857143,128
2023-02-16,1005,120,74,92,43,46,49,0.6166666666666667,0.4673913043478261,117
2023-02-17,1005,124,80,58,33,44,25,0.6451612903225806,0.5689655172413793,113
2023-02-18,1005,104,78,81,50,26,31,0.75,0.6172839506172839,128
2023-02-19,1005,132,81,90,35,51,55,0.6136363636363636,0.3888888888888889,116
2023-02-20,1005,137,92,78,35,45,43,0.6715328467153284,0.44871794871794873,127
2023-02-21,1005,149,91,93,42,58,51,0.610738255033557,0.45161290322580644,133
2023-02-22,1005,142,83,63,45,59,18,0.5845070422535211,0.7142857142857143,128
2023-02-23,1005,113,82,72,44,31,28,0.7256637168141593,0.6111111111111112,126
2023-02-24,1005,140,86,54,31,54,23,0.6142857142857143,0.5740740740740741,117
2023-02-25,1005,103,79,87,37,24,50,0.7669902912621359,0.42528735632183906,116
2023-02-26,1005,116,71,94,34,45,60,0.6120689655172413,0.3617021276595745,105
2023-02-27,1005,127,93,80,44,34,36,0.7322834645669292,0.55,137
2023-02-28,1005,105,81,85,39,24,46,0.7714285714285715,0.4588235294117647,120
2023-03-01,1005,115,81,68,41,34,27,0.7043478260869566,0.6029411764705882,122
2023-03-02,1005,111,89,52,46,22,6,0.8018018018018018,0.8846153846153846,135
2023-03-03,1005,143,75,96,45,68,51,0.5244755244755245,0.46875,120
2023-03-04,1005,114,86,57,41,28,16,0.7543859649122807,0.7192982456140351,127
2023-03-05,1005,111,82,92,49,29,43,0.7387387387387387,0.532608695652174,131
2023-03-06,1005,118,75,84,54,43,30,0.635593220338983,0.6428571428571429,129
2023-03-07,1005,121,90,88,42,31,46,0.743801652892562,0.4772727272727273,132
2023-03-08,1005,144,90,76,53,54,23,0.625,0.6973684210526315,143
2023-03-09,1005,105,85,98,47,20,51,0.8095238095238095,0.47959183673469385,132
2023-03-10,1005,143,72,55,42,71,13,0.5034965034965035,0.7636363636363637,114
2023-03-11,1005,104,93,82,35,11,47,0.8942307692307693,0.4268292682926829,128
2023-03-12,1005,145,85,100,35,60,65,0.5862068965517241,0.35,120
2023-03-13,1005,147,72,72,27,75,45,0.4897959183673469,0.375,99
2023-03-14,1005,101,87,53,47,14,6,0.8613861386138614,0.8867924528301887,134
2023-03-15,1005,129,75,87,34,54,53,0.5813953488372093,0.39080459770114945,109
2023-03-16,1005,102,74,96,31,28,65,0.7254901960784313,0.3229166666666667,105
2023-03-17,1005,121,96,61,36,25,25,0.7933884297520661,0.5901639344262295,132
2023-03-18,1005,134,78,56,37,56,19,0.582089552238806,0.6607142857142857,115
2023-03-19,1005,114,86,88,42,28,46,0.7543859649122807,0.4772727272727273,128
2023-03-20,1005,147,92,79,44,55,35,0.6258503401360545,0.5569620253164557,136
2023-03-21,1005,103,77,83,41,26,42,0.7475728155339806,0.4939759036144578,118
2023-03-22,1005,125,76,86,45,49,41,0.608,0.5232558139534884,121
2023-03-23,1005,133,88,51,47,45,4,0.6616541353383458,0.9215686274509803,135
2023-03-24,1005,125,84,83,36,41,47,0.672,0.43373493975903615,120
2023-03-25,1005,120,84,72,39,36,33,0.7,0.5416666666666666,123
2023-03-26,1005,143,79,59,33,64,26,0.5524475524475524,0.559322033898305,112
2023-03-27,1005,119,86,92,43,33,49,0.7226890756302521,0.4673913043478261,129
2023-03-28,1005,112,74,65,27,38,38,0.6607142857142857,0.4153846153846154,101
2023-03-29,1005,100,90,69,36,10,33,0.9,0.5217391304347826,126
2023-03-30,1005,128,87,96,56,41,40,0.6796875,0.5833333333333334,143
2023-03-31,1005,142,83,58,45,59,13,0.5845070422535211,0.7758620689655172,128
2023-04-01,1005,138,84,91,38,54,53,0.6086956521739131,0.4175824175824176,122
2023-04-02,1005,132,96,80,53,36,27,0.7272727272727273,0.6625,149
2023-04-03,1005,150,90,61,38,60,23,0.6,0.6229508196721312,128
2023-04-04,1005,115,92,79,43,23,36,0.8,0.5443037974683544,135
2023-04-05,1005,140,81,84,43,59,41,0.5785714285714286,0.5119047619047619,124
2023-04-06,1005,134,79,85,28,55,57,0.5895522388059702,0.32941176470588235,107
2023-04-07,1005,148,74,62,42,74,20,0.5,0.6774193548387096,116
2023-04-08,1005,144,71,96,39,73,57,0.4930555555555556,0.40625,110
2023-04-09,1005,138,86,63,43,52,20,0.6231884057971014,0.6825396825396826,129
2023-04-10,1005,129,61,54,31,68,23,0.4728682170542636,0.5740740740740741,92
2023-04-11,1005,117,78,75,47,39,28,0.6666666666666666,0.6266666666666667,125
2023-04-12,1005,105,81,59,37,24,22,0.7714285714285715,0.6271186440677966,118
2023-04-13,1005,134,76,93,43,58,50,0.5671641791044776,0.46236559139784944,119
2023-04-14,1005,115,89,69,35,26,34,0.7739130434782608,0.5072463768115942,124
2023-04-15,1005,103,68,67,29,35,38,0.6601941747572816,0.43283582089552236,97
2023-04-16,1005,132,101,68,34,31,34,0.7651515151515151,0.5,135
2023-04-17,1005,121,93,59,31,28,28,0.768595041322314,0.5254237288135594,124
2023-04-18,1005,150,81,71,40,69,31,0.54,0.5633802816901409,121
2023-04-19,1005,121,84,71,35,37,36,0.6942148760330579,0.49295774647887325,119
2023-04-20,1005,149,86,83,40,63,43,0.5771812080536913,0.4819277108433735,126
2023-04-21,1005,106,86,84,31,20,53,0.8113207547169812,0.36904761904761907,117
2023-04-22,1005,128,89,71,35,39,36,0.6953125,0.49295774647887325,124
2023-04-23,1005,136,77,72,38,59,34,0.5661764705882353,0.5277777777777778,115
2023-04-24,1005,135,90,67,48,45,19,0.6666666666666666,0.7164179104477612,138
2023-04-25,1005,103,90,91,36,13,55,0.8737864077669902,0.3956043956043956,126
2023-04-26,1005,148,78,65,39,70,26,0.527027027027027,0.6,117
2023-04-27,1005,101,83,56,39,18,17,0.8217821782178217,0.6964285714285714,122
2023-04-28,1005,101,75,70,28,26,42,0.7425742574257426,0.4,103
2023-04-29,1005,150,95,70,43,55,27,0.6333333333333333,0.6142857142857143,138
2023-04-30,1005,137,82,83,32,55,51,0.5985401459854015,0.3855421686746988,114
2023-05-01,1005,136,101,57,45,35,12,0.7426470588235294,0.7894736842105263,146
2023-05-02,1005,140,76,70,43,64,27,0.5428571428571428,0.6142857142857143,119
2023-05-03,1005,147,77,89,51,70,38,0.5238095238095238,0.5730337078651685,128
2023-05-04,1005,114,67,79,45,47,34,0.5877192982456141,0.569620253164557,112
2023-05-05,1005,120,95,50,36,25,14,0.7916666666666666,0.72,131
2023-05-06,1005,139,71,53,30,68,23,0.5107913669064749,0.5660377358490566,101
2023-05-07,1005,125,75,85,40,50,45,0.6,0.47058823529411764,115
2023-05-08,1005,113,67,67,51,46,16,0.5929203539823009,0.7611940298507462,118
2023-05-09,1005,126,100,86,50,26,36,0.7936507936507936,0.5813953488372093,150
2023-05-10,1005,131,88,99,41,43,58,0.6717557251908397,0.41414141414141414,129
2023-05-11,1005,121,96,80,38,25,42,0.7933884297520661,0.475,134
2023-05-12,1005,132,77,66,44,55,22,0.5833333333333334,0.6666666666666666,121
2023-05-13,1005,100,75,70,35,25,35,0.75,0.5,110
2023-05-14,1005,123,93,97,27,30,70,0.7560975609756098,0.27835051546391754,120
2023-05-15,1005,150,89,55,45,61,10,0.5933333333333334,0.8181818181818182,134
2023-05-16,1005,119,81,51,42,38,9,0.680672268907563,0.8235294117647058,123
2023-05-17,1005,146,77,86,32,69,54,0.5273972602739726,0.37209302325581395,109
2023-05-18,1005,115,81,100,52,34,48,0.7043478260869566,0.52,133
2023-05-19,1005,129,82,88,34,47,54,0.6356589147286822,0.38636363636363635,116
2023-05-20,1005,107,79,71,35,28,36,0.7383177570093458,0.49295774647887325,114
2023-05-21,1005,125,74,82,40,51,42,0.592,0.4878048780487805,114
2023-05-22,1005,124,78,83,41,46,42,0.6290322580645161,0.4939759036144578,119
2023-05-23,1005,110,74,66,45,36,21,0.6727272727272727,0.6818181818181818,119
2023-05-24,1005,126,75,61,38,51,23,0.5952380952380952,0.6229508196721312,113
2023-05-25,1005,102,75,62,45,27,17,0.7352941176470589,0.7258064516129032,120
2023-05-26,1005,126,74,68,34,52,34,0.5873015873015873,0.5,108
2023-05-27,1005,101,81,100,49,20,51,0.801980198019802,0.49,130
2023-05-28,1005,129,87,67,40,42,27,0.6744186046511628,0.5970149253731343,127
2023-05-29,1005,121,78,79,44,43,35,0.6446280991735537,0.5569620253164557,122
2023-05-30,1005,136,85,59,39,51,20,0.625,0.6610169491525424,124
2023-05-31,1005,128,75,87,48,53,39,0.5859375,0.5517241379310345,123
2023-06-01,1005,126,92,90,39,34,51,0.7301587301587301,0.43333333333333335,131
2023-06-02,1005,111,72,97,54,39,43,0.6486486486486487,0.5567010309278351,126
2023-06-03,1005,146,72,96,33,74,63,0.4931506849315068,0.34375,105
2023-06-04,1005,104,96,69,49,8,20,0.9230769230769231,0.7101449275362319,145
2023-06-05,1005,120,73,93,38,47,55,0.6083333333333333,0.40860215053763443,111
2023-06-06,1005,123,61,94,54,62,40,0.4959349593495935,0.574468085106383,115
2023-06-07,1005,112,79,85,41,33,44,0.7053571428571429,0.4823529411764706,120
2023-06-08,1005,142,81,53,42,61,11,0.5704225352112676,0.7924528301886793,123
2023-06-09,1005,134,95,59,46,39,13,0.7089552238805971,0.7796610169491526,141
2023-06-10,1005,129,80,51,42,49,9,0.6201550387596899,0.8235294117647058,122
2023-06-11,1005,126,85,89,38,41,51,0.6746031746031746,0.42696629213483145,123
2023-06-12,1005,115,73,88,51,42,37,0.6347826086956522,0.5795454545454546,124
2023-06-13,1005,147,82,100,28,65,72,0.5578231292517006,0.28,110
2023-06-14,1005,126,68,67,42,58,25,0.5396825396825397,0.6268656716417911,110
2023-06-15,1005,135,79,97,32,56,65,0.5851851851851851,0.32989690721649484,111
2023-06-16,1005,105,88,95,54,17,41,0.8380952380952381,0.5684210526315789,142
2023-06-17,1005,114,73,60,41,41,19,0.6403508771929824,0.6833333333333333,114
2023-06-18,1005,126,85,50,41,41,9,0.6746031746031746,0.82,126
2023-06-19,1005,137,68,65,38,69,27,0.49635036496350365,0.5846153846153846,106
2023-06-20,1005,140,88,54,36,52,18,0.6285714285714286,0.6666666666666666,124
2023-06-21,1005,150,65,76,45,85,31,0.43333333333333335,0.5921052631578947,110
2023-06-22,1005,107,86,53,44,21,9,0.8037383177570093,0.8301886792452831,130
2023-06-23,1005,117,91,80,49,26,31,0.7777777777777778,0.6125,140
2023-06-24,1005,142,104,78,27,38,51,0.7323943661971831,0.34615384615384615,131
2023-06-25,1005,146,70,94,45,76,49,0.4794520547945205,0.4787234042553192,115
2023-06-26,1005,113,85,81,44,28,37,0.7522123893805309,0.5432098765432098,129
2023-06-27,1005,116,93,76,52,23,24,0.8017241379310345,0.6842105263157895,145
2023-06-28,1005,131,72,68,52,59,16,0.549618320610687,0.7647058823529411,124
2023-06-29,1005,111,77,62,43,34,19,0.6936936936936937,0.6935483870967742,120
2023-06-30,1005,140,77,90,42,63,48,0.55,0.4666666666666667,119
2023-07-01,1005,147,68,74,40,79,34,0.46258503401360546,0.5405405405405406,108
2023-07-02,1005,106,83,68,38,23,30,0.78301886792452835,0.5588235294117647,121
2023-07-03,1005,114,65,80,39,49,41,0.5701754385964912,0.4875,104
2023-07-04,1005,113,84,96,42,29,54,0.7433628318584071,0.4375,126
2023-07-05,1005,126,73,67,44,53,23,0.5793650793650794,0.6567164179104478,117
2023-07-06,1005,134,58,96,50,76,46,0.43283582089552236,0.5208333333333334,108
2023-07-07,1005,146,83,65,37,63,28,0.5684931506849316,0.5692307692307692,120
2023-07-08,1005,107,80,58,43,27,15,0.7476635514018691,0.7413793103448276,123
2023-07-09,1005,101,89,96,31,12,65,0.8811881188118812,0.3229166666666667,120
2023-07-10,1005,103,88,60,38,15,22,0.8543689320388349,0.6333333333333333,126
2023-07-11,1005,112,78,68,38,34,30,0.6964285714285714,0.5588235294117647,116
2023-07-12,1005,110,90,62,42,20,20,0.8181818181818182,0.6774193548387096,132
2023-07-13,1005,141,91,63,50,50,13,0.6453900709219859,0.7936507936507936,141
2023-07-14,1005,122,71,89,30,51,59,0.5819672131147541,0.33707865168539325,101
2023-07-15,1005,117,89,64,54,28,10,0.7606837606837606,0.84375,143
2023-07-16,1005,143,103,99,31,40,68,0.7202797202797203,0.31313131313131315,134
2023-07-17,1005,146,95,74,37,51,37,0.6506849315068494,0.5,132
2023-07-18,1005,140,70,100,41,70,59,0.5,0.41,111
2023-07-19,1005,109,80,97,38,29,59,0.7339449541284404,0.3917525773195876,118
2023-07-20,1005,131,75,83,34,56,49,0.5725190839694656,0.40963855421686746,109
2023-07-21,1005,108,96,89,45,12,44,0.8888888888888888,0.5056179775280899,141
2023-07-22,1005,102,76,99,40,26,59,0.7450980392156863,0.40404040404040403,116
2023-07-23,1005,106,75,69,40,31,29,0.7075471698113207,0.5797101449275363,115
2023-07-24,1005,101,79,100,43,22,57,0.7821782178217822,0.43,122
2023-07-25,1005,141,110,99,46,31,53,0.7801418439716312,0.46464646464646464,156
2023-07-26,1005,134,83,90,36,51,54,0.6194029850746269,0.4,119
2023-07-27,1005,139,84,86,37,55,49,0.60431654676259,0.43023255813953487,121
2023-07-28,1005,147,96,58,40,51,18,0.6530612244897959,0.6896551724137931,136
2023-07-29,1005,124,89,95,44,35,51,0.717741935483871,0.4631578947368421,133
2023-07-30,1005,112,69,74,41,43,33,0.6160714285714286,0.5540540540540541,110
2023-07-31,1005,141,81,74,49,60,25,0.574468085106383,0.6621621621621622,130
2023-08-01,1005,120,83,55,32,37,23,0.6916666666666667,0.5818181818181818,115
2023-08-02,1005,110,88,67,36,22,31,0.8,0.5373134328358209,124
2023-08-03,1005,105,82,83,37,23,46,0.780952380952381,0.4457831325301205,119
2023-08-04,1005,123,92,89,45,31,44,0.7479674796747967,0.5056179775280899,137
2023-08-05,1005,125,79,97,28,46,69,0.632,0.28865979381443296,107
2023-08-06,1005,121,83,97,49,38,48,0.6859504132231405,0.5051546391752577,132
2023-08-07,1005,121,76,99,33,45,66,0.628099173553719,0.3333333333333333,109
2023-08-08,1005,106,65,77,42,41,35,0.6132075471698113,0.5454545454545454,107
2023-08-09,1005,133,68,98,45,65,53,0.5112781954887218,0.45918367346938777,113
2023-08-10,1005,129,76,50,44,53,6,0.5891472868217055,0.88,120
2023-08-11,1005,113,82,79,46,31,33,0.7256637168141593,0.5822784810126582,128
2023-08-12,1005,134,69,100,38,65,62,0.5149253731343284,0.38,107
2023-08-13,1005,128,71,64,39,57,25,0.5546875,0.609375,110
2023-08-14,1005,108,74,82,31,34,51,0.6851851851851852,0.3780487804878049,105
2023-08-15,1005,116,81,61,35,35,26,0.6982758620689655,0.5737704918032787,116
2023-08-16,1005,120,82,65,32,38,33,0.6833333333333333,0.49230769230769234,114
2023-08-17,1005,118,79,91,41,39,50,0.6694915254237288,0.45054945054945056,120
2023-08-18,1005,116,103,62,34,13,28,0.8879310344827587,0.5483870967741935,137
2023-08-19,1005,103,76,50,38,27,12,0.7378640776699029,0.76,114
2023-08-20,1005,137,66,84,45,71,39,0.48175182481751827,0.5357142857142857,111
2023-08-21,1005,147,75,73,41,72,32,0.5102040816326531,0.5616438356164384,116
2023-08-22,1005,108,92,68,37,16,31,0.8518518518518519,0.5441176470588235,129
2023-08-23,1005,111,87,68,37,24,31,0.7837837837837838,0.5441176470588235,124
2023-08-24,1005,100,89,92,37,11,55,0.89,0.40217391304347827,126
2023-08-25,1005,106,74,69,31,32,38,0.6981132075471698,0.4492753623188406,105
2023-08-26,1005,137,78,85,30,59,55,0.5693430656934306,0.35294117647058826,108
2023-08-27,1005,133,79,91,34,54,57,0.5939849624060151,0.37362637362637363,113
2023-08-28,1005,116,71,98,46,45,52,0.6120689655172413,0.46938775510204084,117
2023-08-29,1005,144,76,70,38,68,32,0.5277777777777778,0.5428571428571428,114
2023-08-30,1005,137,83,98,43,54,55,0.6058394160583942,0.4387755102040816,126
2023-08-31,1005,118,84,92,43,34,49,0.711864406779661,0.4673913043478261,127
2023-09-01,1005,101,81,65,39,20,26,0.801980198019802,0.6,120
2023-09-02,1005,117,74,88,33,43,55,0.6324786324786325,0.375,107
2023-09-03,1005,148,64,92,41,84,51,0.43243243243243246,0.44565217391304346,105
2023-09-04,1005,128,76,50,42,52,8,0.59375,0.84,118
2023-09-05,1005,137,80,60,40,57,20,0.583941605839416,0.6666666666666666,120
2023-09-06,1005,148,81,72,38,67,34,0.5472972972972973,0.5277777777777778,119
2023-09-07,1005,123,65,83,36,58,47,0.5284552845528455,0.43373493975903615,101
2023-09-08,1005,142,75,54,41,67,13,0.528169014084507,0.7592592592592593,116
2023-09-09,1005,150,91,52,38,59,14,0.6066666666666667,0.7307692307692307,129
2023-09-10,1005,115,76,82,51,39,31,0.6608695652173913,0.6219512195121951,127
2023-09-11,1005,127,82,58,45,45,13,0.6456692913385826,0.7758620689655172,127
2023-09-12,1005,143,92,91,40,51,51,0.6433566433566433,0.43956043956043955,132
2023-09-13,1005,131,79,59,44,52,15,0.6030534351145038,0.7457627118644068,123
2023-09-14,1005,108,77,76,37,31,39,0.7129629629629629,0.4868421052631579,114
2023-09-15,1005,145,68,74,36,77,38,0.4689655172413793,0.4864864864864865,104
2023-09-16,1005,140,82,100,27,58,73,0.5857142857142857,0.27,109
2023-09-17,1005,119,74,58,33,45,25,0.6218487394957983,0.5689655172413793,107
2023-09-18,1005,111,74,59,27,37,32,0.6666666666666666,0.4576271186440678,101
2023-09-19,1005,113,87,60,40,26,20,0.7699115044247787,0.6666666666666666,127
2023-09-20,1005,104,85,74,49,19,25,0.8173076923076923,0.6621621621621622,134
2023-09-21,1005,110,84,63,39,26,24,0.7636363636363637,0.6190476190476191,123
2023-09-22,1005,147,83,89,33,64,56,0.564625850340136,0.3707865168539326,116
2023-09-23,1005,140,80,93,39,60,54,0.5714285714285714,0.41935483870967744,119
2023-09-24,1005,109,87,72,47,22,25,0.7981651376146789,0.6527777777777778,134
2023-09-25,1005,125,73,68,38,52,30,0.584,0.5588235294117647,111
2023-09-26,1005,139,84,87,46,55,41,0.60431654676259,0.5287356321839081,130
2023-09-27,1005,140,76,54,40,64,14,0.5428571428571428,0.7407407407407407,116
2023-09-28,1005,150,84,72,36,66,36,0.56,0.5,120
2023-09-29,1005,108,70,69,44,38,25,0.6481481481481481,0.6376811594202898,114
2023-09-30,1005,145,82,71,44,63,27,0.5655172413793104,0.6197183098591549,126
2023-10-01,1005,137,89,97,47,48,50,0.6496350364963503,0.4845360824742268,136
2023-10-02,1005,104,74,96,38,30,58,0.7115384615384616,0.3958333333333333,112
2023-10-03,1005,101,71,58,40,30,18,0.7029702970297029,0.6896551724137931,111
2023-10-04,1005,147,62,54,41,85,13,0.4217687074829932,0.7592592592592593,103
2023-10-05,1005,149,76,53,44,73,9,0.5100671140939598,0.8301886792452831,120
2023-10-06,1005,127,90,89,36,37,53,0.7086614173228346,0.4044943820224719,126
2023-10-07,1005,130,74,59,32,56,27,0.5692307692307692,0.5423728813559322,106
2023-10-08,1005,111,76,80,53,35,27,0.6846846846846847,0.6625,129
2023-10-09,1005,116,92,91,38,24,53,0.7931034482758621,0.4175824175824176,130
2023-10-10,1005,147,78,68,41,69,27,0.5306122448979592,0.6029411764705882,119
2023-10-11,1005,143,93,70,34,50,36,0.6503496503496503,0.4857142857142857,127
2023-10-12,1005,120,80,72,48,40,24,0.6666666666666666,0.6666666666666666,128
2023-10-13,1005,121,82,60,35,39,25,0.6776859504132231,0.5833333333333334,117
2023-10-14,1005,109,87,63,37,22,26,0.7981651376146789,0.5873015873015873,124
2023-10-15,1005,115,79,62,45,36,17,0.6869565217391305,0.7258064516129032,124
2023-10-16,1005,100,94,89,36,6,53,0.94,0.4044943820224719,130
2023-10-17,1005,122,61,52,38,61,14,0.5,0.7307692307692307,99
2023-10-18,1005,141,77,65,37,64,28,0.5460992907801419,0.5692307692307692,114
2023-10-19,1005,118,89,54,30,29,24,0.7542372881355932,0.5555555555555556,119
2023-10-20,1005,117,83,84,38,34,46,0.7094017094017094,0.4523809523809524,121
2023-10-21,1005,149,68,99,45,81,54,0.4563758389261745,0.45454545454545453,113
2023-10-22,1005,115,67,64,30,48,34,0.5826086956521739,0.46875,97
2023-10-23,1005,109,70,68,50,39,18,0.6422018348623854,0.7352941176470589,120
2023-10-24,1005,147,85,95,43,62,52,0.5782312925170068,0.45263157894736844,128
2023-10-25,1005,128,95,86,49,33,37,0.7421875,0.5697674418604651,144
2023-10-26,1005,106,81,70,41,25,29,0.7641509433962265,0.5857142857142857,122
2023-10-27,1005,104,81,72,37,23,35,0.7788461538461539,0.5138888888888888,118
2023-10-28,1005,144,84,53,38,60,15,0.5833333333333334,0.71698113207547165,122
2023-10-29,1005,121,93,96,47,28,49,0.768595041322314,0.4895833333333333,140
2023-10-30,1005,148,81,62,35,67,27,0.5472972972972973,0.5645161290322581,116
2023-10-31,1005,117,78,68,41,39,27,0.6666666666666666,0.6029411764705882,119
2023-11-01,1005,150,95,76,33,55,43,0.6333333333333333,0.4342105263157895,128
2023-11-02,1005,146,82,64,44,64,20,0.5616438356164384,0.6875,126
2023-11-03,1005,103,64,66,34,39,32,0.6213592233009708,0.5151515151515151,98
2023-11-04,1005,142,74,66,41,68,25,0.5211267605633803,0.6212121212121212,115
2023-11-05,1005,139,87,84,33,52,51,0.6258992805755396,0.39285714285714285,120
2023-11-06,1005,128,82,75,37,46,38,0.640625,0.49333333333333335,119
2023-11-07,1005,118,81,92,34,37,58,0.6864406779661016,0.3695652173913043,115
2023-11-08,1005,123,83,82,40,40,42,0.6747967479674797,0.4878048780487805,123
2023-11-09,1005,110,98,74,45,12,29,0.8909090909090909,0.6081081081081081,143
2023-11-10,1005,139,78,83,39,61,44,0.5611510791366906,0.46987951807228917,117
2023-11-11,1005,147,86,84,50,61,34,0.5850340136054422,0.5952380952380952,136
2023-11-12,1005,125,75,81,44,50,37,0.6,0.5432098765432098,119
2023-11-13,1005,136,77,94,36,59,58,0.5661764705882353,0.3829787234042553,113
2023-11-14,1005,112,75,60,38,37,22,0.6696428571428571,0.6333333333333333,113
2023-11-15,1005,137,85,69,39,52,30,0.6204379562043796,0.5652173913043478,124
2023-11-16,1005,138,68,60,45,70,15,0.4927536231884058,0.75,113
2023-11-17,1005,112,63,78,35,49,43,0.5625,0.44871794871794873,98
2023-11-18,1005,141,77,64,37,64,27,0.5460992907801419,0.578125,114
2023-11-19,1005,130,65,86,43,65,43,0.5,0.5,108
2023-11-20,1005,111,91,96,41,20,55,0.8198198198198198,0.4270833333333333,132
2023-11-21,1005,148,78,99,34,70,65,0.527027027027027,0.3434343434343434,112
2023-11-22,1005,128,80,80,42,48,38,0.625,0.525,122
2023-11-23,1005,122,86,89,42,36,47,0.7049180327868853,0.47191011235955055,128
2023-11-24,1005,123,62,94,41,61,53,0.5040650406504065,0.43617021276595747,103
2023-11-25,1005,137,98,88,28,39,60,0.7153284671532847,0.3181818181818182,126
2023-11-26,1005,116,89,98,51,27,47,0.7672413793103449,0.5204081632653061,140
2023-11-27,1005,131,78,65,30,53,35,0.5954198473282443,0.46153846153846156,108
2023-11-28,1005,142,86,73,41,56,32,0.6056338028169014,0.5616438356164384,127
2023-11-29,1005,138,77,69,42,61,27,0.5579710144927537,0.6086956521739131,119
2023-11-30,1005,134,83,99,33,51,66,0.6194029850746269,0.3333333333333333,116
2023-12-01,1005,148,73,73,41,75,32,0.49324324324324326,0.5616438356164384,114
2023-12-02,1005,120,80,57,39,40,18,0.6666666666666666,0.6842105263157895,119
2023-12-03,1005,128,96,85,36,32,49,0.75,0.4235294117647059,132
2023-12-04,1005,133,86,92,47,47,45,0.6466165413533834,0.5108695652173914,133
2023-12-05,1005,108,96,52,44,12,8,0.8888888888888888,0.8461538461538461,140
2023-12-06,1005,135,87,95,38,48,57,0.6444444444444445,0.4,125
2023-12-07,1005,116,78,83,48,38,35,0.6724137931034483,0.5783132530120482,126
2023-12-08,1005,108,85,69,46,23,23,0.7870370370370371,0.6666666666666666,131
2023-12-09,1005,111,90,94,40,21,54,0.8108108108108109,0.425531914893617,130
2023-12-10,1005,132,81,54,35,51,19,0.6136363636363636,0.6481481481481481,116
2023-12-11,1005,118,82,95,35,36,60,0.6949152542372882,0.3684210526315789,117
2023-12-12,1005,141,78,58,40,63,18,0.5531914893617021,0.6896551724137931,118
2023-12-13,1005,120,82,70,56,38,14,0.6833333333333333,0.8,138
2023-12-14,1005,149,86,76,34,63,42,0.5771812080536913,0.4473684210526316,120
2023-12-15,1005,150,82,55,36,68,19,0.5466666666666666,0.6545454545454545,118
2023-12-16,1005,140,87,55,41,53,14,0.6214285714285714,0.7454545454545455,128
2023-12-17,1005,137,81,56,40,56,16,0.5912408759124088,0.7142857142857143,121
2023-12-18,1005,137,93,91,41,44,50,0.6788321167883211,0.45054945054945056,134
2023-12-19,1005,105,82,89,45,23,44,0.780952380952381,0.5056179775280899,127
2023-12-20,1005,134,71,85,40,63,45,0.5298507462686567,0.47058823529411764,111
2023-12-21,1005,150,77,81,45,73,36,0.5133333333333333,0.5555555555555556,122
2023-12-22,1005,103,65,79,35,38,44,0.6310679611650486,0.4430379746835443,100
2023-12-23,1005,147,82,90,41,65,49,0.5578231292517006,0.45555555555555555,123
2023-12-24,1005,134,68,53,39,66,14,0.5074626865671642,0.7358490566037735,107
2023-12-25,1005,106,81,90,27,25,63,0.7641509433962265,0.3,108
2023-12-26,1005,149,76,68,37,73,31,0.5100671140939598,0.5441176470588235,113
2023-12-27,1005,126,90,69,47,36,22,0.7142857142857143,0.6811594202898551,137
2023-12-28,1005,126,79,79,37,47,42,0.626984126984127,0.46835443037974683,116
2023-12-29,1005,111,73,87,44,38,43,0.6576576576576577,0.5057471264367817,117
2023-12-30,1005,149,92,54,49,57,5,0.6174496644295302,0.9074074074074074,141
2023-12-31,1005,114,81,89,38,33,51,0.7105263157894737,0.42696629213483145,119
2023-01-01,1006,123,89,75,39,34,36,0.7235772357723578,0.52,128
2023-01-02,1006,139,71,88,34,68,54,0.5107913669064749,0.38636363636363635,105
2023-01-03,1006,145,82,97,44,63,53,0.5655172413793104,0.4536082474226804,126
2023-01-04,1006,130,63,66,40,67,26,0.4846153846153846,0.6060606060606061,103
2023-01-05,1006,136,68,75,49,68,26,0.5,0.6533333333333333,117
2023-01-06,1006,148,80,91,41,68,50,0.5405405405405406,0.45054945054945056,121
2023-01-07,1006,145,89,94,40,56,54,0.6137931034482759,0.425531914893617,129
2023-01-08,1006,143,77,69,26,66,43,0.5384615384615384,0.37681159420289856,103
2023-01-09,1006,125,84,61,52,41,9,0.672,0.8524590163934426,136
2023-01-10,1006,112,79,71,42,33,29,0.7053571428571429,0.5915492957746479,121
2023-01-11,1006,110,78,79,39,32,40,0.7090909090909091,0.4936708860759494,117
2023-01-12,1006,108,72,94,47,36,47,0.6666666666666666,0.5,119
2023-01-13,1006,136,88,58,38,48,20,0.6470588235294118,0.6551724137931034,126
2023-01-14,1006,103,89,79,29,14,50,0.8640776699029126,0.3670886075949367,118
2023-01-15,1006,146,73,91,37,73,54,0.5,0.4065934065934066,110
2023-01-16,1006,125,84,54,31,41,23,0.672,0.5740740740740741,115
2023-01-17,1006,145,62,90,39,83,51,0.42758620689655175,0.43333333333333335,101
2023-01-18,1006,129,73,56,29,56,27,0.5658914728682171,0.5178571428571429,102
2023-01-19,1006,123,80,55,36,43,19,0.6504065040650406,0.6545454545454545,116
2023-01-20,1006,149,81,52,50,68,2,0.5436241610738255,0.9615384615384616,131
2023-01-21,1006,130,78,50,33,52,17,0.6,0.66,111
2023-01-22,1006,112,69,59,33,43,26,0.6160714285714286,0.559322033898305,102
2023-01-23,1006,143,85,73,35,58,38,0.5944055944055944,0.4794520547945205,120
2023-01-24,1006,103,82,86,32,21,54,0.7961165048543689,0.37209302325581395,114
2023-01-25,1006,112,72,72,27,40,45,0.6428571428571429,0.375,99
2023-01-26,1006,129,79,69,39,50,30,0.6124031007751938,0.5652173913043478,118
2023-01-27,1006,121,84,94,36,37,58,0.6942148760330579,0.3829787234042553,120
2023-01-28,1006,122,95,62,33,27,29,0.7786885245901639,0.532258064516129,128
2023-01-29,1006,129,70,98,32,59,66,0.5426356589147286,0.32653061224489793,102
2023-01-30,1006,136,70,70,40,66,30,0.5147058823529411,0.5714285714285714,110
2023-01-31,1006,134,77,98,42,57,56,0.5746268656716418,0.42857142857142855,119
2023-02-01,1006,115,92,99,35,23,64,0.8,0.35353535353535354,127
2023-02-02,1006,139,88,81,43,51,38,0.6330935251798561,0.5308641975308642,131
2023-02-03,1006,134,85,83,39,49,44,0.6343283582089553,0.46987951807228917,124
2023-02-04,1006,115,91,62,41,24,21,0.7913043478260869,0.6612903225806451,132
2023-02-05,1006,148,107,55,45,41,10,0.722972972972973,0.8181818181818182,152
2023-02-06,1006,144,72,69,39,72,30,0.5,0.5652173913043478,111
2023-02-07,1006,103,80,73,42,23,31,0.7766990291262136,0.5753424657534246,122
2023-02-08,1006,130,59,62,45,71,17,0.45384615384615384,0.7258064516129032,104
2023-02-09,1006,140,75,73,42,65,31,0.5357142857142857,0.5753424657534246,117
2023-02-10,1006,147,61,58,45,86,13,0.41496598639455784,0.7758620689655172,106
2023-02-11,1006,127,82,62,38,45,24,0.6456692913385826,0.6129032258064516,120
2023-02-12,1006,145,94,70,42,51,28,0.6482758620689655,0.6,136
2023-02-13,1006,125,72,59,40,53,19,0.576,0.6779661016949152,112
2023-02-14,1006,116,85,62,35,31,27,0.7327586206896551,0.5645161290322581,120
2023-02-15,1006,129,80,73,44,49,29,0.6201550387596899,0.6027397260273972,124
2023-02-16,1006,110,102,84,42,8,42,0.9272727272727272,0.5,144
2023-02-17,1006,122,71,99,39,51,60,0.5819672131147541,0.3939393939393939,110
2023-02-18,1006,114,73,99,45,41,54,0.6403508771929824,0.45454545454545453,118
2023-02-19,1006,139,84,98,41,55,57,0.60431654676259,0.41836734693877553,125
2023-02-20,1006,102,74,83,41,28,42,0.7254901960784313,0.4939759036144578,115
2023-02-21,1006,141,72,97,48,69,49,0.5106382978723404,0.4948453608247423,120
2023-02-22,1006,128,89,81,40,39,41,0.6953125,0.49382716049382713,129
2023-02-23,1006,128,90,73,38,38,35,0.703125,0.5205479452054794,128
2023-02-24,1006,142,83,97,40,59,57,0.5845070422535211,0.41237113402061853,123
2023-02-25,1006,109,74,85,38,35,47,0.6788990825688074,0.4470588235294118,112
2023-02-26,1006,124,72,97,29,52,68,0.5806451612903226,0.29896907216494845,101
2023-02-27,1006,103,89,83,39,14,44,0.8640776699029126,0.46987951807228917,128
2023-02-28,1006,149,80,68,31,69,37,0.5369127516778524,0.45588235294117646,111
2023-03-01,1006,112,83,58,39,29,19,0.7410714285714286,0.6724137931034483,122
2023-03-02,1006,138,84,86,30,54,56,0.6086956521739131,0.3488372093023256,114
2023-03-03,1006,111,70,87,42,41,45,0.6306306306306306,0.4827586206896552,112
2023-03-04,1006,100,76,59,37,24,22,0.76,0.6271186440677966,113
2023-03-05,1006,132,92,77,38,40,39,0.696969696969697,0.4935064935064935,130
2023-03-06,1006,110,92,81,36,18,45,0.8363636363636363,0.4444444444444444,128
2023-03-07,1006,141,79,59,39,62,20,0.5602836879432624,0.6610169491525424,118
2023-03-08,1006,104,81,59,38,23,21,0.7788461538461539,0.6440677966101694,119
2023-03-09,1006,132,83,56,37,49,19,0.6287878787878788,0.6607142857142857,120
2023-03-10,1006,114,70,99,38,44,61,0.6140350877192983,0.3838383838383838,108
2023-03-11,1006,123,86,83,44,37,39,0.6991869918699187,0.5301204819277109,130
2023-03-12,1006,109,85,92,40,24,52,0.7798165137614679,0.43478260869565216,125
2023-03-13,1006,148,78,76,37,70,39,0.527027027027027,0.4868421052631579,115
2023-03-14,1006,114,74,55,43,40,12,0.6491228070175439,0.7818181818181819,117
2023-03-15,1006,144,77,56,37,67,19,0.5347222222222222,0.6607142857142857,114
2023-03-16,1006,132,94,54,50,38,4,0.7121212121212122,0.9259259259259259,144
2023-03-17,1006,135,94,53,53,41,0,0.6962962962962963,1,147
2023-03-18,1006,110,82,52,43,28,9,0.7454545454545455,0.8269230769230769,125
2023-03-19,1006,127,93,63,32,34,31,0.7322834645669292,0.5079365079365079,125
2023-03-20,1006,131,67,99,41,64,58,0.5114503816793893,0.41414141414141414,108
2023-03-21,1006,113,81,75,45,32,30,0.7168141592920354,0.6,126
2023-03-22,1006,105,79,71,33,26,38,0.7523809523809524,0.4647887323943662,112
2023-03-23,1006,143,72,74,36,71,38,0.5034965034965035,0.4864864864864865,108
2023-03-24,1006,101,80,50,42,21,8,0.7920792079207921,0.84,122
2023-03-25,1006,140,86,87,43,54,44,0.6142857142857143,0.4942528735632184,129
2023-03-26,1006,149,85,83,41,64,42,0.5704697986577181,0.4939759036144578,126
2023-03-27,1006,132,71,73,43,61,30,0.5378787878787878,0.589041095890411,114
2023-03-28,1006,107,84,73,49,23,24,0.7850467289719626,0.6712328767123288,133
2023-03-29,1006,103,93,86,53,10,33,0.9029126213592233,0.6162790697674418,146
2023-03-30,1006,104,72,91,42,32,49,0.6923076923076923,0.46153846153846156,114
2023-03-31,1006,109,94,70,44,15,26,0.8623853211009175,0.6285714285714286,138
2023-04-01,1006,146,78,50,44,68,6,0.5342465753424658,0.88,122
2023-04-02,1006,142,56,95,46,86,49,0.39436619718309857,0.4842105263157895,102
2023-04-03,1006,116,75,67,39,41,28,0.646551724137931,0.582089552238806,114
2023-04-04,1006,129,74,51,40,55,11,0.5736434108527132,0.7843137254901961,114
2023-04-05,1006,127,88,59,43,39,16,0.6929133858267716,0.7288135593220338,131
2023-04-06,1006,106,66,67,42,40,25,0.6226415094339622,0.6268656716417911,108
2023-04-07,1006,118,78,58,35,40,23,0.6610169491525424,0.603448275862069,113
2023-04-08,1006,120,82,93,35,38,58,0.6833333333333333,0.3763440860215054,117
2023-04-09,1006,150,88,50,30,62,20,0.5866666666666667,0.6,118
2023-04-10,1006,128,77,59,59,51,0,0.6015625,1,136
2023-04-11,1006,144,80,80,44,64,36,0.5555555555555556,0.55,124
2023-04-12,1006,100,93,73,46,7,27,0.93,0.6301369863013698,139
2023-04-13,1006,138,82,70,36,56,34,0.5942028985507246,0.5142857142857142,118
2023-04-14,1006,111,81,82,58,30,24,0.7297297297297297,0.7073170731707317,139
2023-04-15,1006,147,81,76,35,66,41,0.5510204081632653,0.4605263157894737,116
2023-04-16,1006,121,73,78,36,48,42,0.6033057851239669,0.46153846153846156,109
2023-04-17,1006,140,83,86,44,57,42,0.5928571428571429,0.5116279069767442,127
2023-04-18,1006,130,90,68,51,40,17,0.6923076923076923,0.75,141
2023-04-19,1006,108,84,92,38,24,54,0.7777777777777778,0.41304347826086957,122
2023-04-20,1006,111,90,96,44,21,52,0.8108108108108109,0.4583333333333333,134
2023-04-21,1006,139,70,51,43,69,8,0.5035971223021583,0.8431372549019608,113
2023-04-22,1006,123,85,87,40,38,47,0.6910569105691057,0.45977011494252873,125
2023-04-23,1006,107,79,52,43,28,9,0.7383177570093458,0.8269230769230769,122
2023-04-24,1006,105,73,84,32,32,52,0.6952380952380952,0.38095238095238093,105
2023-04-25,1006,116,105,66,40,11,26,0.9051724137931034,0.6060606060606061,145
2023-04-26,1006,112,80,77,38,32,39,0.7142857142857143,0.4935064935064935,118
2023-04-27,1006,115,85,87,42,30,45,0.7391304347826086,0.4827586206896552,127
2023-04-28,1006,127,76,78,38,51,40,0.5984251968503937,0.48717948717948717,114
2023-04-29,1006,124,83,53,38,41,15,0.6693548387096774,0.71698113207547165,121
2023-04-30,1006,100,78,92,31,22,61,0.78,0.33695652173913043,109
2023-05-01,1006,110,69,98,34,41,64,0.6272727272727273,0.3469387755102041,103
2023-05-02,1006,112,100,87,34,12,53,0.8928571428571429,0.39080459770114945,134
2023-05-03,1006,117,76,80,36,41,44,0.6495726495726496,0.45,112
2023-05-04,1006,112,80,55,33,32,22,0.7142857142857143,0.6,113
2023-05-05,1006,124,90,80,22,34,58,0.7258064516129032,0.275,112
2023-05-06,1006,106,85,89,37,21,52,0.8018867924528302,0.4157303370786517,122
2023-05-07,1006,107,71,59,38,36,21,0.6635514018691588,0.6440677966101694,109
2023-05-08,1006,117,67,95,40,50,55,0.5726495726495726,0.42105263157894735,107
2023-05-09,1006,105,85,94,44,20,50,0.8095238095238095,0.46808510638297873,129
2023-05-10,1006,140,81,87,40,59,47,0.5785714285714286,0.45977011494252873,121
2023-05-11,1006,123,86,86,37,37,49,0.6991869918699187,0.43023255813953487,123
2023-05-12,1006,140,77,56,39,63,17,0.55,0.6964285714285714,116
2023-05-13,1006,139,89,97,47,50,50,0.6402877697841727,0.4845360824742268,136
2023-05-14,1006,129,78,56,37,51,19,0.6046511627906976,0.6607142857142857,115
2023-05-15,1006,137,77,59,43,60,16,0.5620437956204379,0.7288135593220338,120
2023-05-16,1006,102,65,89,45,37,44,0.6372549019607843,0.5056179775280899,110
2023-05-17,1006,127,94,87,40,33,47,0.7401574803149606,0.45977011494252873,134
2023-05-18,1006,142,77,95,45,65,50,0.5422535211267606,0.47368421052631576,122
2023-05-19,1006,143,78,75,27,65,48,0.5454545454545454,0.36,105
2023-05-20,1006,135,78,88,39,57,49,0.5777777777777777,0.4431818181818182,117
2023-05-21,1006,107,82,88,42,25,46,0.7663551401869159,0.4772727272727273,124
2023-05-22,1006,126,73,74,34,53,40,0.5793650793650794,0.4594594594594595,107
2023-05-23,1006,137,77,71,39,60,32,0.5620437956204379,0.5492957746478874,116
2023-05-24,1006,148,90,68,42,58,26,0.6081081081081081,0.6176470588235294,132
2023-05-25,1006,135,79,94,40,56,54,0.5851851851851851,0.425531914893617,119
2023-05-26,1006,113,73,77,43,40,34,0.6460176991150443,0.5584415584415584,116
2023-05-27,1006,129,72,71,42,57,29,0.5581395348837209,0.5915492957746479,114
2023-05-28,1006,100,79,54,40,21,14,0.79,0.7407407407407407,119
2023-05-29,1006,126,103,69,54,23,15,0.8174603174603174,0.782608695652174,157
2023-05-30,1006,137,85,96,39,52,57,0.6204379562043796,0.40625,124
2023-05-31,1006,108,87,62,39,21,23,0.8055555555555556,0.6290322580645161,126
2023-06-01,1006,114,65,84,45,49,39,0.5701754385964912,0.5357142857142857,110
2023-06-02,1006,140,69,73,31,71,42,0.4928571428571429,0.4246575342465753,100
2023-06-03,1006,101,77,95,35,24,60,0.7623762376237624,0.3684210526315789,112
2023-06-04,1006,126,72,82,49,54,33,0.5714285714285714,0.5975609756097561,121
2023-06-05,1006,136,95,79,40,41,39,0.6985294117647058,0.5063291139240507,135
2023-06-06,1006,142,86,52,48,56,4,0.6056338028169014,0.9230769230769231,134
2023-06-07,1006,150,92,72,36,58,36,0.6133333333333333,0.5,128
2023-06-08,1006,123,91,58,48,32,10,0.7398373983739838,0.8275862068965517,139
2023-06-09,1006,116,82,94,41,34,53,0.7068965517241379,0.43617021276595747,123
2023-06-10,1006,115,73,79,42,42,37,0.6347826086956522,0.5316455696202531,115
2023-06-11,1006,100,93,52,35,7,17,0.93,0.6730769230769231,128
2023-06-12,1006,143,64,76,27,79,49,0.44755244755244755,0.35526315789473684,91
2023-06-13,1006,110,87,51,31,23,20,0.7909090909090909,0.6078431372549019,118
2023-06-14,1006,106,60,88,45,46,43,0.5660377358490566,0.5113636363636364,105
2023-06-15,1006,118,78,78,37,40,41,0.6610169491525424,0.47435897435897434,115
2023-06-16,1006,122,85,60,41,37,19,0.6967213114754098,0.6833333333333333,126
2023-06-17,1006,133,70,77,37,63,40,0.5263157894736842,0.4805194805194805,107
2023-06-18,1006,139,68,89,43,71,46,0.4892086330935252,0.48314606741573035,111
2023-06-19,1006,126,64,85,36,62,49,0.5079365079365079,0.4235294117647059,100
2023-06-20,1006,129,93,61,36,36,25,0.7209302325581395,0.5901639344262295,129
2023-06-21,1006,143,70,64,50,73,14,0.48951048951048953,0.78125,120
2023-06-22,1006,121,76,56,27,45,29,0.628099173553719,0.48214285714285715,103
2023-06-23,1006,120,68,74,38,52,36,0.5666666666666667,0.5135135135135135,106
2023-06-24,1006,112,68,82,46,44,36,0.6071428571428571,0.5609756097560976,114
2023-06-25,1006,125,80,79,34,45,45,0.64,0.43037974683544306,114
2023-06-26,1006,143,83,72,30,60,42,0.5804195804195804,0.4166666666666667,113
2023-06-27,1006,120,72,62,45,48,17,0.6,0.7258064516129032,117
2023-06-28,1006,108,66,85,34,42,51,0.6111111111111112,0.4,100
2023-06-29,1006,110,80,50,46,30,4,0.7272727272727273,0.92,126
2023-06-30,1006,127,75,80,35,52,45,0.5905511811023622,0.4375,110
2023-07-01,1006,102,88,98,45,14,53,0.8627450980392157,0.45918367346938777,133
2023-07-02,1006,145,87,85,46,58,39,0.6,0.5411764705882353,133
2023-07-03,1006,143,83,66,50,60,16,0.5804195804195804,0.7575757575757576,133
2023-07-04,1006,127,68,59,42,59,17,0.5354330708661418,0.711864406779661,110
2023-07-05,1006,122,84,53,36,38,17,0.6885245901639344,0.6792452830188679,120
2023-07-06,1006,140,88,98,36,52,62,0.6285714285714286,0.3673469387755102,124
2023-07-07,1006,112,76,79,36,36,43,0.6785714285714286,0.45569620253164556,112
2023-07-08,1006,146,73,97,30,73,67,0.5,0.30927835051546393,103
2023-07-09,1006,146,82,73,44,64,29,0.5616438356164384,0.6027397260273972,126
2023-07-10,1006,117,74,80,27,43,53,0.6324786324786325,0.3375,101
2023-07-11,1006,113,89,86,47,24,39,0.7876106194690266,0.5465116279069767,136
2023-07-12,1006,125,94,94,42,31,52,0.752,0.44680851063829785,136
2023-07-13,1006,126,66,98,42,60,56,0.5238095238095238,0.42857142857142855,108
2023-07-14,1006,120,83,70,33,37,37,0.6916666666666667,0.4714285714285714,116
2023-07-15,1006,146,83,65,35,63,30,0.5684931506849316,0.5384615384615384,118
2023-07-16,1006,146,78,59,38,68,21,0.5342465753424658,0.6440677966101694,116
2023-07-17,1006,107,73,100,38,34,62,0.6822429906542056,0.38,111
2023-07-18,1006,147,89,85,43,58,42,0.6054421768707483,0.5058823529411764,132
2023-07-19,1006,107,78,76,38,29,38,0.7289719626168224,0.5,116
2023-07-20,1006,114,72,81,48,42,33,0.631578947368421,0.5925925925925926,120
2023-07-21,1006,148,85,84,40,63,44,0.5743243243243243,0.47619047619047616,125
2023-07-22,1006,137,88,61,47,49,14,0.6423357664233577,0.7704918032786885,135
2023-07-23,1006,134,81,94,29,53,65,0.6044776119402985,0.30851063829787234,110
2023-07-24,1006,130,77,53,37,53,16,0.5923076923076923,0.6981132075471698,114
2023-07-25,1006,121,69,100,32,52,68,0.5702479338842975,0.32,101
2023-07-26,1006,144,71,81,46,73,35,0.4930555555555556,0.5679012345679012,117
2023-07-27,1006,150,64,77,36,86,41,0.4266666666666667,0.4675324675324675,100
2023-07-28,1006,117,82,100,40,35,60,0.7008547008547008,0.4,122
2023-07-29,1006,145,83,69,41,62,28,0.5724137931034483,0.5942028985507246,124
2023-07-30,1006,106,87,98,45,19,53,0.8207547169811321,0.45918367346938777,132
2023-07-31,1006,129,87,69,26,42,43,0.6744186046511628,0.37681159420289856,113
2023-08-01,1006,100,82,62,45,18,17,0.82,0.7258064516129032,127
2023-08-02,1006,126,72,69,36,54,33,0.5714285714285714,0.5217391304347826,108
2023-08-03,1006,117,70,100,42,47,58,0.5982905982905983,0.42,112
2023-08-04,1006,118,91,87,43,27,44,0.7711864406779662,0.4942528735632184,134
2023-08-05,1006,133,88,83,35,45,48,0.6616541353383458,0.42168674698795183,123
2023-08-06,1006,149,71,91,36,78,55,0.47651006711409394,0.3956043956043956,107
2023-08-07,1006,115,92,81,28,23,53,0.8,0.345679012345679,120
2023-08-08,1006,119,99,84,45,20,39,0.8319327731092437,0.5357142857142857,144
2023-08-09,1006,150,94,91,44,56,47,0.6266666666666667,0.4835164835164835,138
2023-08-10,1006,109,82,88,33,27,55,0.7522935779816514,0.375,115
2023-08-11,1006,131,90,97,37,41,60,0.6870229007633588,0.38144329896907214,127
2023-08-12,1006,135,83,81,49,52,32,0.6148148148148148,0.6049382716049383,132
2023-08-13,1006,138,99,62,39,39,23,0.717391304347826,0.6290322580645161,138
2023-08-14,1006,148,65,69,40,83,29,0.4391891891891892,0.5797101449275363,105
2023-08-15,1006,117,85,83,46,32,37,0.7264957264957265,0.5542168674698795,131
2023-08-16,1006,112,71,75,32,41,43,0.6339285714285714,0.4266666666666667,103
2023-08-17,1006,144,74,69,36,70,33,0.5138888888888888,0.5217391304347826,110
2023-08-18,1006,117,82,86,38,35,48,0.7008547008547008,0.4418604651162791,120
2023-08-19,1006,139,62,83,38,77,45,0.4460431654676259,0.4578313253012048,100
2023-08-20,1006,118,82,90,43,36,47,0.6949152542372882,0.4777777777777778,125
2023-08-21,1006,125,84,79,28,41,51,0.672,0.35443037974683544,112
2023-08-22,1006,111,81,87,40,30,47,0.7297297297297297,0.45977011494252873,121
2023-08-23,1006,116,63,70,36,53,34,0.5431034482758621,0.5142857142857142,99
2023-08-24,1006,128,104,71,37,24,34,0.8125,0.5211267605633803,141
2023-08-25,1006,136,86,96,44,50,52,0.6323529411764706,0.4583333333333333,130
2023-08-26,1006,148,70,57,41,78,16,0.47297297297297297,0.7192982456140351,111
2023-08-27,1006,110,72,80,57,38,23,0.6545454545454545,0.7125,129
2023-08-28,1006,140,84,65,38,56,27,0.6,0.5846153846153846,122
2023-08-29,1006,141,78,58,39,63,19,0.5531914893617021,0.6724137931034483,117
2023-08-30,1006,148,77,85,47,71,38,0.5202702702702703,0.5529411764705883,124
2023-08-31,1006,131,75,83,37,56,46,0.5725190839694656,0.4457831325301205,112
2023-09-01,1006,112,67,72,38,45,34,0.5982142857142857,0.5277777777777778,105
2023-09-02,1006,110,101,73,30,9,43,0.9181818181818182,0.410958904109589,131
2023-09-03,1006,135,90,92,40,45,52,0.6666666666666666,0.43478260869565216,130
2023-09-04,1006,135,81,83,41,54,42,0.6,0.4939759036144578,122
2023-09-05,1006,145,85,54,33,60,21,0.5862068965517241,0.6111111111111112,118
2023-09-06,1006,121,80,50,50,41,0,0.6611570247933884,1,130
2023-09-07,1006,139,86,77,45,53,32,0.6187050359712231,0.5844155844155844,131
2023-09-08,1006,134,71,90,58,63,32,0.5298507462686567,0.6444444444444445,129
2023-09-09,1006,136,68,64,39,68,25,0.5,0.609375,107
2023-09-10,1006,102,71,82,42,31,40,0.696078431372549,0.5121951219512195,113
2023-09-11,1006,102,68,85,33,34,52,0.6666666666666666,0.38823529411764707,101
2023-09-12,1006,106,82,63,42,24,21,0.7735849056603774,0.6666666666666666,124
2023-09-13,1006,148,82,62,35,66,27,0.5540540540540541,0.5645161290322581,117
2023-09-14,1006,117,79,79,39,38,40,0.6752136752136753,0.4936708860759494,118
2023-09-15,1006,140,79,58,46,61,12,0.5642857142857143,0.7931034482758621,125
2023-09-16,1006,113,76,86,45,37,41,0.672566371681416,0.5232558139534884,121
2023-09-17,1006,137,69,65,36,68,29,0.5036496350364964,0.5538461538461539,105
2023-09-18,1006,105,83,50,50,22,0,0.7904761904761904,1,133
2023-09-19,1006,119,75,69,37,44,32,0.6302521008403361,0.5362318840579711,112
2023-09-20,1006,115,77,67,41,38,26,0.6695652173913044,0.6119402985074627,118
2023-09-21,1006,135,79,76,41,56,35,0.5851851851851851,0.5394736842105263,120
2023-09-22,1006,146,68,58,35,78,23,0.4657534246575342,0.603448275862069,103
2023-09-23,1006,114,85,65,51,29,14,0.7456140350877193,0.7846153846153846,136
2023-09-24,1006,128,67,66,38,61,28,0.5234375,0.5757575757575758,105
2023-09-25,1006,120,82,63,40,38,23,0.6833333333333333,0.6349206349206349,122
2023-09-26,1006,104,104,81,29,0,52,1,0.35802469135802467,133
2023-09-27,1006,141,67,69,43,74,26,0.475177304964539,0.6231884057971014,110
2023-09-28,1006,129,75,51,35,54,16,0.5813953488372093,0.6862745098039216,110
2023-09-29,1006,140,74,63,31,66,32,0.5285714285714286,0.49206349206349204,105
2023-09-30,1006,104,87,52,32,17,20,0.8365384615384616,0.6153846153846154,119
2023-10-01,1006,123,68,70,43,55,27,0.5528455284552846,0.6142857142857143,111
2023-10-02,1006,132,74,59,39,58,20,0.5606060606060606,0.6610169491525424,113
2023-10-03,1006,131,93,89,57,38,32,0.7099236641221374,0.6404494382022472,150
2023-10-04,1006,141,81,74,48,60,26,0.574468085106383,0.6486486486486487,129
2023-10-05,1006,139,71,65,36,68,29,0.5107913669064749,0.5538461538461539,107
2023-10-06,1006,139,77,71,37,62,34,0.5539568345323741,0.5211267605633803,114
2023-10-07,1006,131,87,71,45,44,26,0.6641221374045801,0.6338028169014085,132
2023-10-08,1006,142,83,64,29,59,35,0.5845070422535211,0.453125,112
2023-10-09,1006,136,80,87,32,56,55,0.5882352941176471,0.367816091954023,112
2023-10-10,1006,141,83,59,31,58,28,0.5886524822695035,0.5254237288135594,114
2023-10-11,1006,103,82,83,44,21,39,0.7961165048543689,0.5301204819277109,126
2023-10-12,1006,128,105,86,40,23,46,0.8203125,0.46511627906976744,145
2023-10-13,1006,139,80,81,32,59,49,0.5755395683453237,0.3950617283950617,112
2023-10-14,1006,101,67,85,39,34,46,0.6633663366336634,0.4588235294117647,106
2023-10-15,1006,104,81,51,39,23,12,0.7788461538461539,0.7647058823529411,120
2023-10-16,1006,117,89,62,30,28,32,0.7606837606837606,0.4838709677419355,119
2023-10-17,1006,115,89,77,41,26,36,0.7739130434782608,0.5324675324675324,130
2023-10-18,1006,117,83,99,31,34,68,0.7094017094017094,0.31313131313131315,114
2023-10-19,1006,135,76,73,44,59,29,0.562962962962963,0.6027397260273972,120
2023-10-20,1006,129,72,84,35,57,49,0.5581395348837209,0.4166666666666667,107
2023-10-21,1006,136,83,70,31,53,39,0.6102941176470589,0.44285714285714284,114
2023-10-22,1006,103,79,72,31,24,41,0.7669902912621359,0.4305555555555556,110
2023-10-23,1006,116,90,50,44,26,6,0.7758620689655172,0.88,134
2023-10-24,1006,130,66,75,48,64,27,0.5076923076923077,0.64,114
2023-10-25,1006,110,75,62,41,35,21,0.6818181818181818,0.6612903225806451,116
2023-10-26,1006,102,79,78,39,23,39,0.7745098039215687,0.5,118
2023-10-27,1006,118,82,57,34,36,23,0.6949152542372882,0.5964912280701754,116
2023-10-28,1006,146,92,93,37,54,56,0.6301369863013698,0.3978494623655914,129
2023-10-29,1006,143,70,88,41,73,47,0.48951048951048953,0.4659090909090909,111
2023-10-30,1006,100,79,87,47,21,40,0.79,0.5402298850574713,126
2023-10-31,1006,124,71,50,42,53,8,0.5725806451612904,0.84,113
2023-11-01,1006,144,86,75,29,58,46,0.5972222222222222,0.38666666666666666,115
2023-11-02,1006,107,70,92,46,37,46,0.6542056074766355,0.5,116
2023-11-03,1006,105,72,63,35,33,28,0.6857142857142857,0.5555555555555556,107
2023-11-04,1006,129,71,57,41,58,16,0.5503875968992248,0.7192982456140351,112
2023-11-05,1006,116,89,52,43,27,9,0.7672413793103449,0.8269230769230769,132
2023-11-06,1006,116,77,67,34,39,33,0.6637931034482759,0.5074626865671642,111
2023-11-07,1006,120,79,84,39,41,45,0.6583333333333333,0.4642857142857143,118
2023-11-08,1006,121,90,82,39,31,43,0.743801652892562,0.47560975609756095,129
2023-11-09,1006,134,74,95,54,60,41,0.5522388059701493,0.5684210526315789,128
2023-11-10,1006,129,84,92,41,45,51,0.6511627906976745,0.44565217391304346,125
2023-11-11,1006,149,86,65,42,63,23,0.5771812080536913,0.6461538461538462,128
2023-11-12,1006,106,80,85,46,26,39,0.7547169811320755,0.5411764705882353,126
2023-11-13,1006,150,60,59,48,90,11,0.4,0.8135593220338984,108
2023-11-14,1006,148,77,58,42,71,16,0.5202702702702703,0.7241379310344828,119
2023-11-15,1006,107,63,57,46,44,11,0.5887850467289719,0.8070175438596491,109
2023-11-16,1006,141,94,72,39,47,33,0.6666666666666666,0.5416666666666666,133
2023-11-17,1006,102,91,81,50,11,31,0.8921568627450981,0.6172839506172839,141
2023-11-18,1006,136,96,66,51,40,15,0.7058823529411765,0.7727272727272727,147
2023-11-19,1006,143,97,75,39,46,36,0.6783216783216783,0.52,136
2023-11-20,1006,131,81,96,48,50,48,0.6183206106870229,0.5,129
2023-11-21,1006,106,75,73,39,31,34,0.7075471698113207,0.5342465753424658,114
2023-11-22,1006,122,73,95,38,49,57,0.5983606557377049,0.4,111
2023-11-23,1006,119,84,58,36,35,22,0.7058823529411765,0.6206896551724138,120
2023-11-24,1006,145,88,61,39,57,22,0.6068965517241379,0.639344262295082,127
2023-11-25,1006,150,78,84,38,72,46,0.52,0.4523809523809524,116
2023-11-26,1006,103,82,95,38,21,57,0.7961165048543689,0.4,120
2023-11-27,1006,130,80,73,33,50,40,0.6153846153846154,0.4520547945205479,113
2023-11-28,1006,148,91,62,40,57,22,0.6148648648648649,0.6451612903225806,131
2023-11-29,1006,115,74,98,33,41,65,0.6434782608695652,0.336734693877551,107
2023-11-30,1006,133,75,81,31,58,50,0.5639097744360902,0.38271604938271603,106
2023-12-01,1006,114,58,58,51,56,7,0.5087719298245614,0.8793103448275862,109
2023-12-02,1006,114,67,92,39,47,53,0.5877192982456141,0.42391304347826086,106
2023-12-03,1006,123,72,97,39,51,58,0.5853658536585366,0.4020618556701031,111
2023-12-04,1006,109,77,90,41,32,49,0.7064220183486238,0.45555555555555555,118
2023-12-05,1006,137,73,63,42,64,21,0.5328467153284672,0.6666666666666666,115
2023-12-06,1006,122,79,65,35,43,30,0.6475409836065574,0.5384615384615384,114
2023-12-07,1006,137,81,50,41,56,9,0.5912408759124088,0.82,122
2023-12-08,1006,142,75,67,48,67,19,0.528169014084507,0.7164179104477612,123
2023-12-09,1006,112,88,72,33,24,39,0.7857142857142857,0.4583333333333333,121
2023-12-10,1006,118,94,79,37,24,42,0.7966101694915254,0.46835443037974683,131
2023-12-11,1006,134,73,73,47,61,26,0.5447761194029851,0.6438356164383562,120
2023-12-12,1006,117,77,93,45,40,48,0.6581196581196581,0.4838709677419355,122
2023-12-13,1006,125,59,86,35,66,51,0.472,0.4069767441860465,94
2023-12-14,1006,110,64,63,46,46,17,0.5818181818181818,0.7301587301587301,110
2023-12-15,1006,150,90,56,32,60,24,0.6,0.5714285714285714,122
2023-12-16,1006,107,75,96,40,32,56,0.7009345794392523,0.4166666666666667,115
2023-12-17,1006,126,99,65,38,27,27,0.7857142857142857,0.5846153846153846,137
2023-12-18,1006,101,91,76,30,10,46,0.900990099009901,0.39473684210526316,121
2023-12-19,1006,139,79,95,48,60,47,0.5683453237410072,0.5052631578947369,127
2023-12-20,1006,107,80,81,40,27,41,0.7476635514018691,0.49382716049382713,120
2023-12-21,1006,117,71,58,32,46,26,0.6068376068376068,0.5517241379310345,103
2023-12-22,1006,116,69,100,41,47,59,0.5948275862068966,0.41,110
2023-12-23,1006,133,83,83,49,50,34,0.6240601503759399,0.5903614457831325,132
2023-12-24,1006,131,74,53,53,57,0,0.5648854961832062,1,127
2023-12-25,1006,128,83,69,36,45,33,0.6484375,0.5217391304347826,119
2023-12-26,1006,104,73,66,37,31,29,0.7019230769230769,0.5606060606060606,110
2023-12-27,1006,107,72,58,41,35,17,0.6728971962616822,0.7068965517241379,113
2023-12-28,1006,104,67,75,35,37,40,0.6442307692307693,0.4666666666666667,102
2023-12-29,1006,147,79,68,38,68,30,0.5374149659863946,0.5588235294117647,117
2023-12-30,1006,104,86,55,48,18,7,0.8269230769230769,0.8727272727272727,134
2023-12-31,1006,113,71,71,48,42,23,0.6283185840707964,0.676056338028169,119
2023-01-01,1007,146,86,63,32,60,31,0.589041095890411,0.5079365079365079,118
2023-01-02,1007,107,85,84,36,22,48,0.794392523364486,0.42857142857142855,121
2023-01-03,1007,141,73,86,37,68,49,0.5177304964539007,0.43023255813953487,110
2023-01-04,1007,114,84,71,46,30,25,0.7368421052631579,0.647887323943662,130
2023-01-05,1007,116,82,78,45,34,33,0.7068965517241379,0.5769230769230769,127
2023-01-06,1007,114,79,53,45,35,8,0.6929824561403509,0.8490566037735849,124
2023-01-07,1007,116,92,68,46,24,22,0.7931034482758621,0.6764705882352942,138
2023-01-08,1007,135,95,63,53,40,10,0.7037037037037037,0.8412698412698413,148
2023-01-09,1007,105,87,96,33,18,63,0.8285714285714286,0.34375,120
2023-01-10,1007,100,69,81,53,31,28,0.69,0.654320987654321,122
2023-01-11,1007,103,80,74,40,23,34,0.7766990291262136,0.5405405405405406,120
2023-01-12,1007,105,80,97,32,25,65,0.7619047619047619,0.32989690721649484,112
2023-01-13,1007,146,79,97,45,67,52,0.541095890410959,0.4639175257731959,124
2023-01-14,1007,117,78,88,38,39,50,0.6666666666666666,0.4318181818181818,116
2023-01-15,1007,143,86,97,38,57,59,0.6013986013986014,0.3917525773195876,124
2023-01-16,1007,118,70,84,42,48,42,0.5932203389830508,0.5,112
2023-01-17,1007,102,76,69,39,26,30,0.7450980392156863,0.5652173913043478,115
2023-01-18,1007,105,66,52,43,39,9,0.6285714285714286,0.8269230769230769,109
2023-01-19,1007,121,90,66,49,31,17,0.743801652892562,0.7424242424242424,139
2023-01-20,1007,142,70,93,43,72,50,0.49295774647887325,0.46236559139784944,113
2023-01-21,1007,131,78,68,47,53,21,0.5954198473282443,0.6911764705882353,125
2023-01-22,1007,133,77,93,46,56,47,0.5789473684210527,0.4946236559139785,123
2023-01-23,1007,101,79,75,30,22,45,0.7821782178217822,0.4,109
2023-01-24,1007,103,81,94,43,22,51,0.7864077669902912,0.4574468085106383,124
2023-01-25,1007,133,87,85,50,46,35,0.6541353383458647,0.5882352941176471,137
2023-01-26,1007,137,103,77,33,34,44,0.7518248175182481,0.42857142857142855,136
2023-01-27,1007,131,93,77,35,38,42,0.7099236641221374,0.45454545454545453,128
2023-01-28,1007,118,93,81,39,25,42,0.788135593220339,0.48148148148148145,132
2023-01-29,1007,113,88,73,35,25,38,0.7787610619469026,0.4794520547945205,123
2023-01-30,1007,144,76,92,47,68,45,0.5277777777777778,0.5108695652173914,123
2023-01-31,1007,101,69,56,40,32,16,0.6831683168316832,0.7142857142857143,109
2023-02-01,1007,136,93,52,45,43,7,0.6838235294117647,0.8653846153846154,138
2023-02-02,1007,121,88,77,42,33,35,0.7272727272727273,0.5454545454545454,130
2023-02-03,1007,101,64,86,37,37,49,0.6336633663366337,0.43023255813953487,101
2023-02-04,1007,136,69,64,38,67,26,0.5073529411764706,0.59375,107
2023-02-05,1007,103,90,70,35,13,35,0.8737864077669902,0.5,125
2023-02-06,1007,102,73,99,35,29,64,0.7156862745098039,0.35353535353535354,108
2023-02-07,1007,148,82,62,49,66,13,0.5540540540540541,0.7903225806451613,131
2023-02-08,1007,107,79,53,38,28,15,0.7383177570093458,0.71698113207547165,117
2023-02-09,1007,127,81,82,46,46,36,0.6377952755905512,0.5609756097560976,127
2023-02-10,1007,134,89,93,51,45,42,0.664179104477612,0.5483870967741935,140
2023-02-11,1007,109,109,58,35,0,23,1,0.603448275862069,144
2023-02-12,1007,117,75,58,39,42,19,0.6410256410256411,0.6724137931034483,114
2023-02-13,1007,132,92,87,45,40,42,0.696969696969697,0.5172413793103449,137
2023-02-14,1007,150,85,75,39,65,36,0.5666666666666667,0.52,124
2023-02-15,1007,118,94,67,42,24,25,0.7966101694915254,0.6268656716417911,136
2023-02-16,1007,108,89,98,40,19,58,0.8240740740740741,0.40816326530612246,129
2023-02-17,1007,127,82,67,42,45,25,0.6456692913385826,0.6268656716417911,124
2023-02-18,1007,130,94,71,50,36,21,0.7230769230769231,0.704225352112676,144
2023-02-19,1007,121,86,71,45,35,26,0.7107438016528925,0.6338028169014085,131
2023-02-20,1007,112,87,65,21,25,44,0.7767857142857143,0.3230769230769231,108
2023-02-21,1007,138,70,91,31,68,60,0.5072463768115942,0.34065934065934067,101
2023-02-22,1007,147,82,61,42,65,19,0.5578231292517006,0.6885245901639344,124
2023-02-23,1007,129,83,88,35,46,53,0.6434108527131783,0.3977272727272727,118
2023-02-24,1007,131,73,92,40,58,52,0.5572519083969466,0.43478260869565216,113
2023-02-25,1007,105,71,69,35,34,34,0.6761904761904762,0.5072463768115942,106
2023-02-26,1007,136,81,77,37,55,40,0.5955882352941176,0.4805194805194805,118
2023-02-27,1007,111,64,75,39,47,36,0.5765765765765766,0.52,103
2023-02-28,1007,107,86,86,39,21,47,0.8037383177570093,0.45348837209302323,125
2023-03-01,1007,146,88,74,47,58,27,0.6027397260273972,0.6351351351351351,135
2023-03-02,1007,137,72,73,40,65,33,0.5255474452554745,0.547945205479452,112
2023-03-03,1007,112,52,53,32,60,21,0.4642857142857143,0.6037735849056604,84
2023-03-04,1007,116,77,67,47,39,20,0.6637931034482759,0.7014925373134329,124
2023-03-05,1007,105,76,62,35,29,27,0.7238095238095238,0.5645161290322581,111
2023-03-06,1007,104,74,59,49,30,10,0.7115384615384616,0.8305084745762712,123
2023-03-07,1007,121,106,82,38,15,44,0.8760330578512396,0.4634146341463415,144
2023-03-08,1007,125,85,65,35,40,30,0.68,0.5384615384615384,120
2023-03-09,1007,104,67,57,48,37,9,0.6442307692307693,0.8421052631578947,115
2023-03-10,1007,115,89,92,32,26,60,0.7739130434782608,0.34782608695652173,121
2023-03-11,1007,142,100,58,39,42,19,0.704225352112676,0.6724137931034483,139
2023-03-12,1007,111,95,76,47,16,29,0.8558558558558559,0.618421052631579,142
2023-03-13,1007,112,74,96,35,38,61,0.6607142857142857,0.3645833333333333,109
2023-03-14,1007,123,67,55,35,56,20,0.5447154471544715,0.6363636363636364,102
2023-03-15,1007,119,98,58,49,21,9,0.8235294117647058,0.8448275862068966,147
2023-03-16,1007,120,68,81,41,52,40,0.5666666666666667,0.5061728395061729,109
2023-03-17,1007,111,75,71,47,36,24,0.6756756756756757,0.6619718309859155,122
2023-03-18,1007,116,89,97,36,27,61,0.7672413793103449,0.3711340206185567,125
2023-03-19,1007,145,80,93,52,65,41,0.5517241379310345,0.5591397849462365,132
2023-03-20,1007,149,72,60,36,77,24,0.48322147651006714,0.6,108
2023-03-21,1007,138,81,61,32,57,29,0.5869565217391305,0.5245901639344263,113
2023-03-22,1007,135,68,82,41,67,41,0.5037037037037037,0.5,109
2023-03-23,1007,126,77,78,52,49,26,0.6111111111111112,0.6666666666666666,129
2023-03-24,1007,101,72,79,44,29,35,0.7128712871287128,0.5569620253164557,116
2023-03-25,1007,126,66,91,48,60,43,0.5238095238095238,0.5274725274725275,114
2023-03-26,1007,140,79,58,47,61,11,0.5642857142857143,0.8103448275862069,126
2023-03-27,1007,137,69,97,39,68,58,0.5036496350364964,0.4020618556701031,108
2023-03-28,1007,131,78,68,35,53,33,0.5954198473282443,0.5147058823529411,113
2023-03-29,1007,129,75,57,44,54,13,0.5813953488372093,0.7719298245614035,119
2023-03-30,1007,126,73,84,38,53,46,0.5793650793650794,0.4523809523809524,111
2023-03-31,1007,132,81,99,37,51,62,0.6136363636363636,0.37373737373737376,118
2023-04-01,1007,123,86,83,48,37,35,0.6991869918699187,0.5783132530120482,134
2023-04-02,1007,104,80,57,38,24,19,0.7692307692307693,0.6666666666666666,118
2023-04-03,1007,131,84,94,40,47,54,0.6412213740458015,0.425531914893617,124
2023-04-04,1007,125,70,58,48,55,10,0.56,0.8275862068965517,118
2023-04-05,1007,100,77,54,44,23,10,0.77,0.8148148148148148,121
2023-04-06,1007,141,73,58,38,68,20,0.5177304964539007,0.6551724137931034,111
2023-04-07,1007,137,87,58,40,50,18,0.635036496350365,0.6896551724137931,127
2023-04-08,1007,109,81,65,38,28,27,0.7431192660550459,0.5846153846153846,119
2023-04-09,1007,108,98,91,37,10,54,0.9074074074074074,0.4065934065934066,135
2023-04-10,1007,138,85,72,38,53,34,0.6159420289855072,0.5277777777777778,123
2023-04-11,1007,141,79,74,39,62,35,0.5602836879432624,0.527027027027027,118
2023-04-12,1007,144,76,95,35,68,60,0.5277777777777778,0.3684210526315789,111
2023-04-13,1007,150,80,88,39,70,49,0.5333333333333333,0.4431818181818182,119
2023-04-14,1007,106,88,72,32,18,40,0.8301886792452831,0.4444444444444444,120
2023-04-15,1007,129,82,69,44,47,25,0.6356589147286822,0.6376811594202898,126
2023-04-16,1007,143,64,67,50,79,17,0.44755244755244755,0.746268656716418,114
2023-04-17,1007,100,80,94,38,20,56,0.8,0.40425531914893614,118
2023-04-18,1007,136,72,66,39,64,27,0.5294117647058824,0.5909090909090909,111
2023-04-19,1007,147,79,90,30,68,60,0.5374149659863946,0.3333333333333333,109
2023-04-20,1007,142,86,72,42,56,30,0.6056338028169014,0.5833333333333334,128
2023-04-21,1007,145,84,66,46,61,20,0.5793103448275863,0.696969696969697,130
2023-04-22,1007,110,68,70,38,42,32,0.6181818181818182,0.5428571428571428,106
2023-04-23,1007,115,67,51,49,48,2,0.5826086956521739,0.9607843137254902,116
2023-04-24,1007,133,80,89,37,53,52,0.6015037593984962,0.4157303370786517,117
2023-04-25,1007,105,90,86,35,15,51,0.8571428571428571,0.4069767441860465,125
2023-04-26,1007,145,74,83,53,71,30,0.5103448275862069,0.6385542168674698,127
2023-04-27,1007,109,93,54,50,16,4,0.8532110091743119,0.9259259259259259,143
2023-04-28,1007,114,77,50,36,37,14,0.6754385964912281,0.72,113
2023-04-29,1007,114,63,77,44,51,33,0.5526315789473685,0.5714285714285714,107
2023-04-30,1007,131,75,69,59,56,10,0.5725190839694656,0.855072463768116,134
2023-05-01,1007,134,84,91,41,50,50,0.6268656716417911,0.45054945054945056,125
2023-05-02,1007,143,95,99,36,48,63,0.6643356643356644,0.36363636363636365,131
2023-05-03,1007,111,76,94,36,35,58,0.6846846846846847,0.3829787234042553,112
2023-05-04,1007,145,78,68,39,67,29,0.5379310344827586,0.5735294117647058,117
2023-05-05,1007,115,69,80,29,46,51,0.6,0.3625,98
2023-05-06,1007,143,86,59,43,57,16,0.6013986013986014,0.7288135593220338,129
2023-05-07,1007,118,80,95,38,38,57,0.6779661016949152,0.4,118
2023-05-08,1007,102,81,77,36,21,41,0.7941176470588235,0.4675324675324675,117
2023-05-09,1007,128,76,62,53,52,9,0.59375,0.8548387096774194,129
2023-05-10,1007,132,80,93,41,52,52,0.6060606060606061,0.44086021505376344,121
2023-05-11,1007,102,71,70,37,31,33,0.696078431372549,0.5285714285714286,108
2023-05-12,1007,141,103,64,33,38,31,0.7304964539007093,0.515625,136
2023-05-13,1007,103,68,90,45,35,45,0.6601941747572816,0.5,113
2023-05-14,1007,132,77,52,42,55,10,0.5833333333333334,0.8076923076923077,119
2023-05-15,1007,115,68,60,37,47,23,0.591304347826087,0.6166666666666667,105
2023-05-16,1007,110,67,84,30,43,54,0.6090909090909091,0.35714285714285715,97
2023-05-17,1007,126,88,86,49,38,37,0.6984126984126984,0.5697674418604651,137
2023-05-18,1007,108,87,60,39,21,21,0.8055555555555556,0.65,126
2023-05-19,1007,149,77,93,46,72,47,0.5167785234899329,0.4946236559139785,123
2023-05-20,1007,134,69,69,49,65,20,0.5149253731343284,0.7101449275362319,118
2023-05-21,1007,128,74,70,37,54,33,0.578125,0.5285714285714286,111
2023-05-22,1007,125,82,84,32,43,52,0.656,0.38095238095238093,114
2023-05-23,1007,103,86,66,33,17,33,0.8349514563106796,0.5,119
2023-05-24,1007,133,74,56,38,59,18,0.556390977443609,0.6785714285714286,112
2023-05-25,1007,121,90,71,47,31,24,0.743801652892562,0.6619718309859155,137
2023-05-26,1007,137,74,65,35,63,30,0.5401459854014599,0.5384615384615384,109
2023-05-27,1007,147,70,55,44,77,11,0.47619047619047616,0.8,114
2023-05-28,1007,146,85,52,39,61,13,0.5821917808219178,0.75,124
2023-05-29,1007,133,63,81,42,70,39,0.47368421052631576,0.5185185185185185,105
2023-05-30,1007,141,88,69,40,53,29,0.624113475177305,0.5797101449275363,128
2023-05-31,1007,106,75,75,46,31,29,0.7075471698113207,0.6133333333333333,121
2023-06-01,1007,146,91,73,34,55,39,0.6232876712328768,0.4657534246575342,125
2023-06-02,1007,145,83,68,35,62,33,0.5724137931034483,0.5147058823529411,118
2023-06-03,1007,116,81,91,42,35,49,0.6982758620689655,0.46153846153846156,123
2023-06-04,1007,141,63,95,46,78,49,0.44680851063829785,0.4842105263157895,109
2023-06-05,1007,130,99,53,53,31,0,0.7615384615384615,1,152
2023-06-06,1007,108,77,83,44,31,39,0.7129629629629629,0.5301204819277109,121
2023-06-07,1007,123,73,50,34,50,16,0.5934959349593496,0.68,107
2023-06-08,1007,146,89,96,49,57,47,0.6095890410958904,0.5104166666666666,138
2023-06-09,1007,136,100,52,32,36,20,0.7352941176470589,0.6153846153846154,132
2023-06-10,1007,130,74,83,34,56,49,0.5692307692307692,0.40963855421686746,108
2023-06-11,1007,123,90,64,36,33,28,0.7317073170731707,0.5625,126
2023-06-12,1007,133,86,85,35,47,50,0.6466165413533834,0.4117647058823529,121
2023-06-13,1007,143,74,74,46,69,28,0.5174825174825175,0.6216216216216216,120
2023-06-14,1007,144,94,94,50,50,44,0.6527777777777778,0.5319148936170213,144
2023-06-15,1007,126,80,67,35,46,32,0.6349206349206349,0.5223880597014925,115
2023-06-16,1007,137,86,82,27,51,55,0.6277372262773723,0.32926829268292684,113
2023-06-17,1007,114,89,91,30,25,61,0.7807017543859649,0.32967032967032966,119
2023-06-18,1007,143,82,68,46,61,22,0.5734265734265734,0.6764705882352942,128
2023-06-19,1007,108,88,72,37,20,35,0.8148148148148148,0.5138888888888888,125
2023-06-20,1007,106,80,70,43,26,27,0.7547169811320755,0.6142857142857143,123
2023-06-21,1007,119,76,58,47,43,11,0.6386554621848739,0.8103448275862069,123
2023-06-22,1007,101,83,72,35,18,37,0.8217821782178217,0.4861111111111111,118
2023-06-23,1007,107,89,89,43,18,46,0.8317757009345794,0.48314606741573035,132
2023-06-24,1007,144,79,66,46,65,20,0.5486111111111112,0.696969696969697,125
2023-06-25,1007,150,81,94,47,69,47,0.54,0.5,128
2023-06-26,1007,143,76,67,42,67,25,0.5314685314685315,0.6268656716417911,118
2023-06-27,1007,134,89,97,45,45,52,0.664179104477612,0.4639175257731959,134
2023-06-28,1007,129,69,73,38,60,35,0.5348837209302325,0.5205479452054794,107
2023-06-29,1007,126,77,50,50,49,0,0.6111111111111112,1,127
2023-06-30,1007,106,84,67,36,22,31,0.7924528301886793,0.5373134328358209,120
2023-07-01,1007,102,73,50,36,29,14,0.7156862745098039,0.72,109
2023-07-02,1007,144,89,62,38,55,24,0.6180555555555556,0.6129032258064516,127
2023-07-03,1007,128,104,67,56,24,11,0.8125,0.835820895522388,160
2023-07-04,1007,130,76,50,34,54,16,0.5846153846153846,0.68,110
2023-07-05,1007,137,76,60,41,61,19,0.5547445255474452,0.6833333333333333,117
2023-07-06,1007,101,89,88,35,12,53,0.8811881188118812,0.3977272727272727,124
2023-07-07,1007,133,78,74,48,55,26,0.5864661654135338,0.6486486486486487,126
2023-07-08,1007,130,78,65,36,52,29,0.6,0.5538461538461539,114
2023-07-09,1007,138,73,65,42,65,23,0.5289855072463768,0.6461538461538462,115
2023-07-10,1007,107,78,73,30,29,43,0.7289719626168224,0.410958904109589,108
2023-07-11,1007,123,83,60,43,40,17,0.6747967479674797,0.7166666666666667,126
2023-07-12,1007,137,86,89,29,51,60,0.6277372262773723,0.3258426966292135,115
2023-07-13,1007,113,56,89,49,57,40,0.49557522123893805,0.550561797752809,105
2023-07-14,1007,114,87,64,34,27,30,0.7631578947368421,0.53125,121
2023-07-15,1007,123,86,87,33,37,54,0.6991869918699187,0.3793103448275862,119
2023-07-16,1007,110,81,92,38,29,54,0.7363636363636363,0.41304347826086957,119
2023-07-17,1007,121,79,84,38,42,46,0.6528925619834711,0.4523809523809524,117
2023-07-18,1007,150,89,62,44,61,18,0.5933333333333334,0.7096774193548387,133
2023-07-19,1007,147,76,67,32,71,35,0.5170068027210885,0.47761194029850745,108
2023-07-20,1007,108,91,94,48,17,46,0.8425925925925926,0.5106382978723404,139
2023-07-21,1007,149,75,79,28,74,51,0.5033557046979866,0.35443037974683544,103
2023-07-22,1007,120,78,95,35,42,60,0.65,0.3684210526315789,113
2023-07-23,1007,143,77,82,44,66,38,0.5384615384615384,0.5365853658536586,121
2023-07-24,1007,102,76,60,37,26,23,0.7450980392156863,0.6166666666666667,113
2023-07-25,1007,143,72,54,32,71,22,0.5034965034965035,0.5925925925925926,104
2023-07-26,1007,150,87,77,30,63,47,0.58,0.38961038961038963,117
2023-07-27,1007,148,81,94,36,67,58,0.5472972972972973,0.3829787234042553,117
2023-07-28,1007,120,90,62,44,30,18,0.75,0.7096774193548387,134
2023-07-29,1007,145,91,72,30,54,42,0.6275862068965518,0.4166666666666667,121
2023-07-30,1007,138,68,97,31,70,66,0.4927536231884058,0.31958762886597936,99
2023-07-31,1007,126,75,82,43,51,39,0.5952380952380952,0.524390243902439,118
2023-08-01,1007,115,69,71,37,46,34,0.6,0.5211267605633803,106
2023-08-02,1007,102,84,63,32,18,31,0.8235294117647058,0.5079365079365079,116
2023-08-03,1007,143,85,85,36,58,49,0.5944055944055944,0.4235294117647059,121
2023-08-04,1007,129,81,59,50,48,9,0.627906976744186,0.847457627118644,131
2023-08-05,1007,104,64,50,43,40,7,0.6153846153846154,0.86,107
2023-08-06,1007,149,87,63,40,62,23,0.5838926174496645,0.6349206349206349,127
2023-08-07,1007,116,93,55,41,23,14,0.8017241379310345,0.7454545454545455,134
2023-08-08,1007,106,66,75,36,40,39,0.6226415094339622,0.48,102
2023-08-09,1007,125,80,75,48,45,27,0.64,0.64,128
2023-08-10,1007,107,93,91,44,14,47,0.8691588785046729,0.4835164835164835,137
2023-08-11,1007,139,80,89,43,59,46,0.5755395683453237,0.48314606741573035,123
2023-08-12,1007,121,76,75,39,45,36,0.628099173553719,0.52,115
2023-08-13,1007,114,72,81,41,42,40,0.631578947368421,0.5061728395061729,113
2023-08-14,1007,125,89,67,35,36,32,0.712,0.5223880597014925,124
2023-08-15,1007,140,75,78,32,65,46,0.5357142857142857,0.41025641025641024,107
2023-08-16,1007,147,95,54,50,52,4,0.6462585034013606,0.9259259259259259,145
2023-08-17,1007,118,80,56,42,38,14,0.6779661016949152,0.75,122
2023-08-18,1007,129,90,54,37,39,17,0.6976744186046512,0.6851851851851852,127
2023-08-19,1007,106,89,83,36,17,47,0.839622641509434,0.43373493975903615,125
2023-08-20,1007,134,81,63,43,53,20,0.6044776119402985,0.6825396825396826,124
2023-08-21,1007,150,89,50,38,61,12,0.5933333333333334,0.76,127
2023-08-22,1007,125,89,96,42,36,54,0.712,0.4375,131
2023-08-23,1007,108,72,69,41,36,28,0.6666666666666666,0.5942028985507246,113
2023-08-24,1007,137,69,51,46,68,5,0.5036496350364964,0.9019607843137255,115
2023-08-25,1007,116,79,82,37,37,45,0.6810344827586207,0.45121951219512196,116
2023-08-26,1007,140,72,56,31,68,25,0.5142857142857142,0.5535714285714286,103
2023-08-27,1007,138,68,100,47,70,53,0.4927536231884058,0.47,115
2023-08-28,1007,140,79,58,35,61,23,0.5642857142857143,0.603448275862069,114
2023-08-29,1007,114,74,50,42,40,8,0.6491228070175439,0.84,116
2023-08-30,1007,119,81,96,33,38,63,0.680672268907563,0.34375,114
2023-08-31,1007,121,76,69,44,45,25,0.628099173553719,0.6376811594202898,120
2023-09-01,1007,141,53,95,42,88,53,0.375886524822695,0.4421052631578947,95
2023-09-02,1007,131,88,94,49,43,45,0.6717557251908397,0.5212765957446809,137
2023-09-03,1007,142,77,80,35,65,45,0.5422535211267606,0.4375,112
2023-09-04,1007,135,81,90,45,54,45,0.6,0.5,126
2023-09-05,1007,138,79,73,49,59,24,0.572463768115942,0.6712328767123288,128
2023-09-06,1007,123,88,66,31,35,35,0.7154471544715447,0.4696969696969697,119
2023-09-07,1007,122,94,82,42,28,40,0.7704918032786885,0.5121951219512195,136
2023-09-08,1007,129,61,76,51,68,25,0.4728682170542636,0.6710526315789473,112
2023-09-09,1007,124,75,51,42,49,9,0.6048387096774194,0.8235294117647058,117
2023-09-10,1007,131,80,84,45,51,39,0.6106870229007634,0.5357142857142857,125
2023-09-11,1007,125,81,52,42,44,10,0.648,0.8076923076923077,123
2023-09-12,1007,101,76,72,42,25,30,0.7524752475247525,0.5833333333333334,118
2023-09-13,1007,132,67,82,49,65,33,0.5075757575757576,0.5975609756097561,116
2023-09-14,1007,125,84,97,44,41,53,0.672,0.4536082474226804,128
2023-09-15,1007,111,74,95,31,37,64,0.6666666666666666,0.3263157894736842,105
2023-09-16,1007,126,76,92,40,50,52,0.6031746031746031,0.43478260869565216,116
2023-09-17,1007,117,67,58,42,50,16,0.5726495726495726,0.7241379310344828,109
2023-09-18,1007,118,72,89,44,46,45,0.6101694915254238,0.4943820224719101,116
2023-09-19,1007,137,82,82,30,55,52,0.5985401459854015,0.36585365853658536,112
2023-09-20,1007,115,88,58,37,27,21,0.7652173913043478,0.6379310344827587,125
2023-09-21,1007,127,93,99,53,34,46,0.7322834645669292,0.5353535353535354,146
2023-09-22,1007,130,80,76,31,50,45,0.6153846153846154,0.40789473684210525,111
2023-09-23,1007,135,76,53,41,59,12,0.562962962962963,0.7735849056603774,117
2023-09-24,1007,121,77,54,28,44,26,0.6363636363636364,0.5185185185185185,105
2023-09-25,1007,136,79,62,33,57,29,0.5808823529411765,0.532258064516129,112
2023-09-26,1007,101,81,53,48,20,5,0.801980198019802,0.9056603773584906,129
2023-09-27,1007,126,72,93,41,54,52,0.5714285714285714,0.44086021505376344,113
2023-09-28,1007,143,70,85,37,73,48,0.48951048951048953,0.43529411764705883,107
2023-09-29,1007,109,82,61,43,27,18,0.7522935779816514,0.7049180327868853,125
2023-09-30,1007,142,93,69,42,49,27,0.6549295774647887,0.6086956521739131,135
2023-10-01,1007,149,68,65,30,81,35,0.4563758389261745,0.46153846153846156,98
2023-10-02,1007,147,79,57,37,68,20,0.5374149659863946,0.6491228070175439,116
2023-10-03,1007,107,81,88,51,26,37,0.7570093457943925,0.5795454545454546,132
2023-10-04,1007,134,78,80,39,56,41,0.582089552238806,0.4875,117
2023-10-05,1007,139,79,68,41,60,27,0.5683453237410072,0.6029411764705882,120
2023-10-06,1007,115,61,94,41,54,53,0.5304347826086957,0.43617021276595747,102
2023-10-07,1007,144,81,82,39,63,43,0.5625,0.47560975609756095,120
2023-10-08,1007,146,79,96,39,67,57,0.541095890410959,0.40625,118
2023-10-09,1007,121,67,81,40,54,41,0.5537190082644629,0.49382716049382713,107
2023-10-10,1007,101,62,93,43,39,50,0.6138613861386139,0.46236559139784944,105
2023-10-11,1007,107,70,65,26,37,39,0.6542056074766355,0.4,96
2023-10-12,1007,100,68,66,43,32,23,0.68,0.6515151515151515,111
2023-10-13,1007,141,78,62,30,63,32,0.5531914893617021,0.4838709677419355,108
2023-10-14,1007,126,67,61,49,59,12,0.5317460317460317,0.8032786885245902,116
2023-10-15,1007,133,78,62,44,55,18,0.5864661654135338,0.7096774193548387,122
2023-10-16,1007,143,89,76,41,54,35,0.6223776223776224,0.5394736842105263,130
2023-10-17,1007,123,60,93,43,63,50,0.4878048780487805,0.46236559139784944,103
2023-10-18,1007,100,80,56,40,20,16,0.8,0.7142857142857143,120
2023-10-19,1007,114,92,67,50,22,17,0.8070175438596491,0.746268656716418,142
2023-10-20,1007,115,90,51,37,25,14,0.782608695652174,0.7254901960784313,127
2023-10-21,1007,133,85,60,36,48,24,0.6390977443609023,0.6,121
2023-10-22,1007,146,90,77,34,56,43,0.6164383561643836,0.44155844155844154,124
2023-10-23,1007,111,72,97,30,39,67,0.6486486486486487,0.30927835051546393,102
2023-10-24,1007,112,84,75,32,28,43,0.75,0.4266666666666667,116
2023-10-25,1007,127,99,72,37,28,35,0.7795275590551181,0.5138888888888888,136
2023-10-26,1007,126,84,58,46,42,12,0.6666666666666666,0.7931034482758621,130
2023-10-27,1007,130,85,87,38,45,49,0.6538461538461539,0.4367816091954023,123
2023-10-28,1007,133,61,55,30,72,25,0.45864661654135336,0.5454545454545454,91
2023-10-29,1007,102,85,96,43,17,53,0.8333333333333334,0.4479166666666667,128
2023-10-30,1007,148,87,97,47,61,50,0.5878378378378378,0.4845360824742268,134
2023-10-31,1007,127,71,75,42,56,33,0.5590551181102362,0.56,113
2023-11-01,1007,129,64,57,42,65,15,0.49612403100775193,0.7368421052631579,106
2023-11-02,1007,113,89,65,53,24,12,0.7876106194690266,0.8153846153846154,142
2023-11-03,1007,134,95,77,57,39,20,0.7089552238805971,0.7402597402597403,152
2023-11-04,1007,115,91,57,49,24,8,0.7913043478260869,0.8596491228070176,140
2023-11-05,1007,100,88,68,63,12,5,0.88,0.9264705882352942,151
2023-11-06,1007,101,76,57,38,25,19,0.7524752475247525,0.6666666666666666,114
2023-11-07,1007,127,77,100,47,50,53,0.6062992125984252,0.47,124
2023-11-08,1007,117,84,79,42,33,37,0.717948717948718,0.5316455696202531,126
2023-11-09,1007,112,84,52,43,28,9,0.75,0.8269230769230769,127
2023-11-10,1007,108,77,80,36,31,44,0.7129629629629629,0.45,113
2023-11-11,1007,115,79,64,36,36,28,0.6869565217391305,0.5625,115
2023-11-12,1007,107,71,74,36,36,38,0.6635514018691588,0.4864864864864865,107
2023-11-13,1007,144,96,81,54,48,27,0.6666666666666666,0.6666666666666666,150
2023-11-14,1007,115,71,95,37,44,58,0.6173913043478261,0.3894736842105263,108
2023-11-15,1007,103,76,50,33,27,17,0.7378640776699029,0.66,109
2023-11-16,1007,113,89,56,38,24,18,0.7876106194690266,0.6785714285714286,127
2023-11-17,1007,146,70,95,40,76,55,0.4794520547945205,0.42105263157894735,110
2023-11-18,1007,147,78,84,36,69,48,0.5306122448979592,0.42857142857142855,114
2023-11-19,1007,100,91,57,41,9,16,0.91,0.7192982456140351,132
2023-11-20,1007,132,89,100,36,43,64,0.6742424242424242,0.36,125
2023-11-21,1007,148,69,61,37,79,24,0.46621621621621623,0.6065573770491803,106
2023-11-22,1007,149,83,99,39,66,60,0.5570469798657718,0.3939393939393939,122
2023-11-23,1007,117,66,54,40,51,14,0.5641025641025641,0.7407407407407407,106
2023-11-24,1007,113,78,64,38,35,26,0.6902654867256637,0.59375,116
2023-11-25,1007,127,101,55,46,26,9,0.7952755905511811,0.8363636363636363,147
2023-11-26,1007,138,77,96,26,61,70,0.5579710144927537,0.2708333333333333,103
2023-11-27,1007,118,67,78,44,51,34,0.5677966101694916,0.5641025641025641,111
2023-11-28,1007,126,91,84,54,35,30,0.7222222222222222,0.6428571428571429,145
2023-11-29,1007,143,74,60,36,69,24,0.5174825174825175,0.6,110
2023-11-30,1007,136,92,74,29,44,45,0.6764705882352942,0.3918918918918919,121
2023-12-01,1007,108,71,100,40,37,60,0.6574074074074074,0.4,111
2023-12-02,1007,130,84,76,32,46,44,0.6461538461538462,0.42105263157894735,116
2023-12-03,1007,140,68,74,29,72,45,0.4857142857142857,0.3918918918918919,97
2023-12-04,1007,119,66,50,42,53,8,0.5546218487394958,0.84,108
2023-12-05,1007,120,69,95,42,51,53,0.575,0.4421052631578947,111
2023-12-06,1007,120,86,88,39,34,49,0.7166666666666667,0.4431818181818182,125
2023-12-07,1007,143,85,73,43,58,30,0.5944055944055944,0.589041095890411,128
2023-12-08,1007,107,78,63,46,29,17,0.7289719626168224,0.7301587301587301,124
2023-12-09,1007,124,95,77,31,29,46,0.7661290322580645,0.4025974025974026,126
2023-12-10,1007,102,79,64,42,23,22,0.7745098039215687,0.65625,121
2023-12-11,1007,122,81,51,37,41,14,0.6639344262295082,0.7254901960784313,118
2023-12-12,1007,135,77,74,46,58,28,0.5703703703703704,0.6216216216216216,123
2023-12-13,1007,124,82,79,49,42,30,0.6612903225806451,0.620253164556962,131
2023-12-14,1007,141,79,66,44,62,22,0.5602836879432624,0.6666666666666666,123
2023-12-15,1007,106,86,75,32,20,43,0.8113207547169812,0.4266666666666667,118
2023-12-16,1007,143,75,80,44,68,36,0.5244755244755245,0.55,119
2023-12-17,1007,124,75,97,52,49,45,0.6048387096774194,0.5360824742268041,127
2023-12-18,1007,124,80,94,38,44,56,0.6451612903225806,0.40425531914893614,118
2023-12-19,1007,126,79,76,51,47,25,0.626984126984127,0.6710526315789473,130
2023-12-20,1007,104,73,50,50,31,0,0.7019230769230769,1,123
2023-12-21,1007,147,88,51,37,59,14,0.5986394557823129,0.7254901960784313,125
2023-12-22,1007,108,66,68,40,42,28,0.6111111111111112,0.5882352941176471,106
2023-12-23,1007,137,78,52,47,59,5,0.5693430656934306,0.9038461538461539,125
2023-12-24,1007,125,75,50,47,50,3,0.6,0.94,122
2023-12-25,1007,110,67,61,43,43,18,0.6090909090909091,0.7049180327868853,110
2023-12-26,1007,140,104,69,38,36,31,0.7428571428571429,0.5507246376811594,142
2023-12-27,1007,127,84,70,36,43,34,0.6614173228346457,0.5142857142857142,120
2023-12-28,1007,104,74,53,33,30,20,0.7115384615384616,0.6226415094339622,107
2023-12-29,1007,108,81,99,42,27,57,0.75,0.42424242424242425,123
2023-12-30,1007,110,77,66,41,33,25,0.7,0.6212121212121212,118
2023-12-31,1007,133,74,99,68,59,31,0.556390977443609,0.6868686868686869,142
2023-01-01,1008,119,70,69,38,49,31,0.5882352941176471,0.5507246376811594,108
2023-01-02,1008,116,85,70,41,31,29,0.7327586206896551,0.5857142857142857,126
2023-01-03,1008,141,81,92,43,60,49,0.574468085106383,0.4673913043478261,124
2023-01-04,1008,143,101,98,46,42,52,0.7062937062937062,0.46938775510204084,147
2023-01-05,1008,149,88,80,37,61,43,0.5906040268456376,0.4625,125
2023-01-06,1008,121,76,76,30,45,46,0.628099173553719,0.39473684210526316,106
2023-01-07,1008,144,84,53,48,60,5,0.5833333333333334,0.9056603773584906,132
2023-01-08,1008,100,81,52,35,19,17,0.81,0.6730769230769231,116
2023-01-09,1008,132,78,100,43,54,57,0.5909090909090909,0.43,121
2023-01-10,1008,141,83,82,31,58,51,0.5886524822695035,0.3780487804878049,114
2023-01-11,1008,107,81,53,34,26,19,0.7570093457943925,0.6415094339622641,115
2023-01-12,1008,137,68,50,31,69,19,0.49635036496350365,0.62,99
2023-01-13,1008,135,79,71,53,56,18,0.5851851851851851,0.7464788732394366,132
2023-01-14,1008,140,74,85,35,66,50,0.5285714285714286,0.4117647058823529,109
2023-01-15,1008,125,101,78,34,24,44,0.808,0.4358974358974359,135
2023-01-16,1008,126,98,74,43,28,31,0.7777777777777778,0.581081081081081,141
2023-01-17,1008,104,78,75,28,26,47,0.75,0.37333333333333335,106
2023-01-18,1008,141,74,97,37,67,60,0.524822695035461,0.38144329896907214,111
2023-01-19,1008,102,87,52,48,15,4,0.8529411764705882,0.9230769230769231,135
2023-01-20,1008,134,111,82,40,23,42,0.8283582089552238,0.4878048780487805,151
2023-01-21,1008,128,79,82,61,49,21,0.6171875,0.7439024390243902,140
2023-01-22,1008,120,86,50,49,34,1,0.7166666666666667,0.98,135
2023-01-23,1008,118,86,74,47,32,27,0.7288135593220338,0.6351351351351351,133
2023-01-24,1008,130,91,77,41,39,36,0.7,0.5324675324675324,132
2023-01-25,1008,113,88,79,39,25,40,0.7787610619469026,0.4936708860759494,127
2023-01-26,1008,150,75,84,43,75,41,0.5,0.5119047619047619,118
2023-01-27,1008,130,79,53,37,51,16,0.6076923076923076,0.6981132075471698,116
2023-01-28,1008,119,84,93,37,35,56,0.7058823529411765,0.3978494623655914,121
2023-01-29,1008,143,97,52,42,46,10,0.6783216783216783,0.8076923076923077,139
2023-01-30,1008,147,76,56,43,71,13,0.5170068027210885,0.7678571428571429,119
2023-01-31,1008,118,77,91,46,41,45,0.652542372881356,0.5054945054945055,123
2023-02-01,1008,109,70,89,26,39,63,0.6422018348623854,0.29213483146067415,96
2023-02-02,1008,140,92,86,30,48,56,0.6571428571428571,0.3488372093023256,122
2023-02-03,1008,148,87,83,47,61,36,0.5878378378378378,0.5662650602409639,134
2023-02-04,1008,133,76,99,29,57,70,0.5714285714285714,0.29292929292929293,105
2023-02-05,1008,125,76,100,35,49,65,0.608,0.35,111
2023-02-06,1008,101,69,60,48,32,12,0.6831683168316832,0.8,117
2023-02-07,1008,130,99,58,39,31,19,0.7615384615384615,0.6724137931034483,138
2023-02-08,1008,136,76,60,31,60,29,0.5588235294117647,0.5166666666666667,107
2023-02-09,1008,104,81,82,41,23,41,0.7788461538461539,0.5,122
2023-02-10,1008,113,66,63,27,47,36,0.584070796460177,0.42857142857142855,93
2023-02-11,1008,138,88,66,31,50,35,0.6376811594202898,0.4696969696969697,119
2023-02-12,1008,113,78,56,34,35,22,0.6902654867256637,0.6071428571428571,112
2023-02-13,1008,123,63,83,34,60,49,0.5121951219512195,0.40963855421686746,97
2023-02-14,1008,108,88,95,48,20,47,0.8148148148148148,0.5052631578947369,136
2023-02-15,1008,125,88,100,36,37,64,0.704,0.36,124
2023-02-16,1008,137,80,75,44,57,31,0.583941605839416,0.5866666666666667,124
2023-02-17,1008,127,74,78,46,53,32,0.5826771653543307,0.5897435897435898,120
2023-02-18,1008,132,97,61,38,35,23,0.7348484848484849,0.6229508196721312,135
2023-02-19,1008,132,79,70,47,53,23,0.5984848484848485,0.6714285714285714,126
2023-02-20,1008,138,82,89,49,56,40,0.5942028985507246,0.550561797752809,131
2023-02-21,1008,127,74,62,40,53,22,0.5826771653543307,0.6451612903225806,114
2023-02-22,1008,118,84,61,37,34,24,0.711864406779661,0.6065573770491803,121
2023-02-23,1008,110,91,76,42,19,34,0.8272727272727273,0.5526315789473685,133
2023-02-24,1008,123,86,80,41,37,39,0.6991869918699187,0.5125,127
2023-02-25,1008,103,72,57,38,31,19,0.6990291262135923,0.6666666666666666,110
2023-02-26,1008,111,80,79,54,31,25,0.7207207207207207,0.6835443037974683,134
2023-02-27,1008,129,71,93,35,58,58,0.5503875968992248,0.3763440860215054,106
2023-02-28,1008,131,73,61,38,58,23,0.5572519083969466,0.6229508196721312,111
2023-03-01,1008,115,79,89,29,36,60,0.6869565217391305,0.3258426966292135,108
2023-03-02,1008,132,86,57,52,46,5,0.6515151515151515,0.9122807017543859,138
2023-03-03,1008,112,83,85,45,29,40,0.7410714285714286,0.5294117647058824,128
2023-03-04,1008,149,70,69,52,79,17,0.4697986577181208,0.7536231884057971,122
2023-03-05,1008,117,87,75,31,30,44,0.7435897435897436,0.41333333333333333,118
2023-03-06,1008,130,76,73,41,54,32,0.5846153846153846,0.5616438356164384,117
2023-03-07,1008,121,83,59,32,38,27,0.6859504132231405,0.5423728813559322,115
2023-03-08,1008,137,89,70,32,48,38,0.6496350364963503,0.45714285714285713,121
2023-03-09,1008,117,99,79,41,18,38,0.8461538461538461,0.5189873417721519,140
2023-03-10,1008,108,76,80,50,32,30,0.7037037037037037,0.625,126
2023-03-11,1008,100,64,55,31,36,24,0.64,0.5636363636363636,95
2023-03-12,1008,111,94,55,40,17,15,0.8468468468468469,0.7272727272727273,134
2023-03-13,1008,123,75,52,37,48,15,0.6097560975609756,0.7115384615384616,112
2023-03-14,1008,147,96,57,47,51,10,0.6530612244897959,0.8245614035087719,143
2023-03-15,1008,149,88,93,42,61,51,0.5906040268456376,0.45161290322580644,130
2023-03-16,1008,143,78,89,42,65,47,0.5454545454545454,0.47191011235955055,120
2023-03-17,1008,112,93,94,38,19,56,0.8303571428571429,0.40425531914893614,131
2023-03-18,1008,142,88,75,38,54,37,0.6197183098591549,0.5066666666666667,126
2023-03-19,1008,131,63,84,37,68,47,0.48091603053435117,0.44047619047619047,100
2023-03-20,1008,116,70,75,41,46,34,0.603448275862069,0.5466666666666666,111
2023-03-21,1008,146,84,61,46,62,15,0.5753424657534246,0.7540983606557377,130
2023-03-22,1008,139,74,74,42,65,32,0.5323741007194245,0.5675675675675675,116
2023-03-23,1008,113,91,92,44,22,48,0.8053097345132744,0.4782608695652174,135
2023-03-24,1008,147,79,76,36,68,40,0.5374149659863946,0.47368421052631576,115
2023-03-25,1008,142,81,84,33,61,51,0.5704225352112676,0.39285714285714285,114
2023-03-26,1008,118,79,71,40,39,31,0.6694915254237288,0.5633802816901409,119
2023-03-27,1008,118,76,70,44,42,26,0.6440677966101694,0.6285714285714286,120
2023-03-28,1008,132,99,62,33,33,29,0.75,0.532258064516129,132
2023-03-29,1008,135,85,80,35,50,45,0.6296296296296297,0.4375,120
2023-03-30,1008,130,76,72,36,54,36,0.5846153846153846,0.5,112
2023-03-31,1008,124,72,97,34,52,63,0.5806451612903226,0.35051546391752575,106
2023-04-01,1008,137,58,82,40,79,42,0.4233576642335766,0.4878048780487805,98
2023-04-02,1008,133,89,73,44,44,29,0.6691729323308271,0.6027397260273972,133
2023-04-03,1008,149,78,88,32,71,56,0.5234899328859061,0.36363636363636365,110
2023-04-04,1008,132,79,94,47,53,47,0.5984848484848485,0.5,126
2023-04-05,1008,103,83,90,46,20,44,0.8058252427184466,0.5111111111111111,129
2023-04-06,1008,102,84,74,53,18,21,0.8235294117647058,0.7162162162162162,137
2023-04-07,1008,138,81,88,49,57,39,0.5869565217391305,0.5568181818181818,130
2023-04-08,1008,103,55,66,43,48,23,0.5339805825242718,0.6515151515151515,98
2023-04-09,1008,123,71,63,38,52,25,0.5772357723577236,0.6031746031746031,109
2023-04-10,1008,111,84,69,40,27,29,0.7567567567567568,0.5797101449275363,124
2023-04-11,1008,118,81,81,47,37,34,0.6864406779661016,0.5802469135802469,128
2023-04-12,1008,142,75,58,46,67,12,0.528169014084507,0.7931034482758621,121
2023-04-13,1008,146,89,62,46,57,16,0.6095890410958904,0.7419354838709677,135
2023-04-14,1008,150,80,62,44,70,18,0.5333333333333333,0.7096774193548387,124
2023-04-15,1008,124,101,64,36,23,28,0.8145161290322581,0.5625,137
2023-04-16,1008,104,83,89,43,21,46,0.7980769230769231,0.48314606741573035,126
2023-04-17,1008,140,83,86,36,57,50,0.5928571428571429,0.4186046511627907,119
2023-04-18,1008,141,94,86,29,47,57,0.6666666666666666,0.3372093023255814,123
2023-04-19,1008,116,93,59,41,23,18,0.8017241379310345,0.6949152542372882,134
2023-04-20,1008,143,93,94,34,50,60,0.6503496503496503,0.3617021276595745,127
2023-04-21,1008,122,82,93,40,40,53,0.6721311475409836,0.43010752688172044,122
2023-04-22,1008,142,95,99,52,47,47,0.6690140845070423,0.5252525252525253,147
2023-04-23,1008,128,71,90,40,57,50,0.5546875,0.4444444444444444,111
2023-04-24,1008,143,86,81,21,57,60,0.6013986013986014,0.25925925925925924,107
2023-04-25,1008,121,85,70,43,36,27,0.7024793388429752,0.6142857142857143,128
2023-04-26,1008,109,73,68,34,36,34,0.6697247706422018,0.5,107
2023-04-27,1008,109,85,97,45,24,52,0.7798165137614679,0.4639175257731959,130
2023-04-28,1008,149,75,77,49,74,28,0.5033557046979866,0.6363636363636364,124
2023-04-29,1008,100,93,54,36,7,18,0.93,0.6666666666666666,129
2023-04-30,1008,115,82,62,40,33,22,0.7130434782608696,0.6451612903225806,122
2023-05-01,1008,129,86,68,34,43,34,0.6666666666666666,0.5,120
2023-05-02,1008,127,87,73,53,40,20,0.6850393700787402,0.726027397260274,140
2023-05-03,1008,114,80,76,32,34,44,0.7017543859649122,0.42105263157894735,112
2023-05-04,1008,143,85,90,36,58,54,0.5944055944055944,0.4,121
2023-05-05,1008,109,86,55,44,23,11,0.7889908256880734,0.8,130
2023-05-06,1008,130,85,100,40,45,60,0.6538461538461539,0.4,125
2023-05-07,1008,113,67,64,38,46,26,0.5929203539823009,0.59375,105
2023-05-08,1008,122,77,61,40,45,21,0.6311475409836066,0.6557377049180327,117
2023-05-09,1008,143,79,98,37,64,61,0.5524475524475524,0.37755102040816324,116
2023-05-10,1008,126,78,65,36,48,29,0.6190476190476191,0.5538461538461539,114
2023-05-11,1008,126,82,53,53,44,0,0.6507936507936508,1,135
2023-05-12,1008,145,84,55,33,61,22,0.5793103448275863,0.6,117
2023-05-13,1008,128,86,96,35,42,61,0.671875,0.3645833333333333,121
2023-05-14,1008,139,84,79,48,55,31,0.60431654676259,0.6075949367088608,132
2023-05-15,1008,101,93,95,27,8,68,0.9207920792079208,0.28421052631578947,120
2023-05-16,1008,142,69,68,46,73,22,0.4859154929577465,0.6764705882352942,115
2023-05-17,1008,115,87,58,37,28,21,0.7565217391304347,0.6379310344827587,124
2023-05-18,1008,123,60,73,30,63,43,0.4878048780487805,0.410958904109589,90
2023-05-19,1008,130,76,95,54,54,41,0.5846153846153846,0.5684210526315789,130
2023-05-20,1008,123,82,96,37,41,59,0.6666666666666666,0.3854166666666667,119
2023-05-21,1008,127,74,51,36,53,15,0.5826771653543307,0.7058823529411765,110
2023-05-22,1008,105,90,63,45,15,18,0.8571428571428571,0.7142857142857143,135
2023-05-23,1008,148,93,98,43,55,55,0.6283783783783784,0.4387755102040816,136
2023-05-24,1008,136,73,89,36,63,53,0.5367647058823529,0.4044943820224719,109
2023-05-25,1008,150,92,80,39,58,41,0.6133333333333333,0.4875,131
2023-05-26,1008,130,85,54,34,45,20,0.6538461538461539,0.6296296296296297,119
2023-05-27,1008,115,83,62,42,32,20,0.7217391304347827,0.6774193548387096,125
2023-05-28,1008,108,61,64,39,47,25,0.5648148148148148,0.609375,100
2023-05-29,1008,106,63,56,38,43,18,0.5943396226415094,0.6785714285714286,101
2023-05-30,1008,114,84,91,32,30,59,0.7368421052631579,0.3516483516483517,116
2023-05-31,1008,133,89,59,43,44,16,0.6691729323308271,0.7288135593220338,132
2023-06-01,1008,138,75,74,39,63,35,0.5434782608695652,0.527027027027027,114
2023-06-02,1008,110,87,98,40,23,58,0.7909090909090909,0.40816326530612246,127
2023-06-03,1008,117,80,95,32,37,63,0.6837606837606838,0.3368421052631579,112
2023-06-04,1008,101,85,53,49,16,4,0.8415841584158416,0.9245283018867925,134
2023-06-05,1008,145,92,70,42,53,28,0.6344827586206897,0.6,134
2023-06-06,1008,112,78,85,34,34,51,0.6964285714285714,0.4,112
2023-06-07,1008,122,76,95,49,46,46,0.6229508196721312,0.5157894736842106,125
2023-06-08,1008,117,83,92,38,34,54,0.7094017094017094,0.41304347826086957,121
2023-06-09,1008,146,79,66,34,67,32,0.541095890410959,0.5151515151515151,113
2023-06-10,1008,107,75,56,44,32,12,0.7009345794392523,0.7857142857142857,119
2023-06-11,1008,112,75,100,51,37,49,0.6696428571428571,0.51,126
2023-06-12,1008,104,84,74,43,20,31,0.8076923076923077,0.581081081081081,127
2023-06-13,1008,126,75,62,40,51,22,0.5952380952380952,0.6451612903225806,115
2023-06-14,1008,143,72,57,35,71,22,0.5034965034965035,0.6140350877192983,107
2023-06-15,1008,140,78,76,39,62,37,0.5571428571428572,0.5131578947368421,117
2023-06-16,1008,141,73,100,44,68,56,0.5177304964539007,0.44,117
2023-06-17,1008,114,73,83,35,41,48,0.6403508771929824,0.42168674698795183,108
2023-06-18,1008,108,75,89,47,33,42,0.6944444444444444,0.5280898876404494,122
2023-06-19,1008,131,75,79,31,56,48,0.5725190839694656,0.3924050632911392,106
2023-06-20,1008,122,84,85,42,38,43,0.6885245901639344,0.49411764705882355,126
2023-06-21,1008,106,79,55,33,27,22,0.7452830188679245,0.6,112
2023-06-22,1008,121,63,85,45,58,40,0.5206611570247934,0.5294117647058824,108
2023-06-23,1008,145,91,75,37,54,38,0.6275862068965518,0.49333333333333335,128
2023-06-24,1008,121,74,57,30,47,27,0.6115702479338843,0.5263157894736842,104
2023-06-25,1008,147,81,75,30,66,45,0.5510204081632653,0.4,111
2023-06-26,1008,112,89,73,40,23,33,0.7946428571428571,0.547945205479452,129
2023-06-27,1008,125,88,56,33,37,23,0.704,0.5892857142857143,121
2023-06-28,1008,123,84,52,41,39,11,0.6829268292682927,0.7884615384615384,125
2023-06-29,1008,140,87,85,44,53,41,0.6214285714285714,0.5176470588235295,131
2023-06-30,1008,121,75,89,41,46,48,0.6198347107438017,0.4606741573033708,116
2023-07-01,1008,118,84,51,50,34,1,0.711864406779661,0.9803921568627451,134
2023-07-02,1008,133,83,94,42,50,52,0.6240601503759399,0.44680851063829785,125
2023-07-03,1008,129,79,83,40,50,43,0.6124031007751938,0.4819277108433735,119
2023-07-04,1008,133,71,59,46,62,13,0.5338345864661654,0.7796610169491526,117
2023-07-05,1008,122,78,96,47,44,49,0.639344262295082,0.4895833333333333,125
2023-07-06,1008,129,74,90,48,55,42,0.5736434108527132,0.5333333333333333,122
2023-07-07,1008,127,71,58,48,56,10,0.5590551181102362,0.8275862068965517,119
2023-07-08,1008,131,63,95,39,68,56,0.48091603053435117,0.4105263157894737,102
2023-07-09,1008,124,64,90,35,60,55,0.5161290322580645,0.3888888888888889,99
2023-07-10,1008,109,74,60,37,35,23,0.6788990825688074,0.6166666666666667,111
2023-07-11,1008,114,74,68,46,40,22,0.6491228070175439,0.6764705882352942,120
2023-07-12,1008,126,91,66,47,35,19,0.7222222222222222,0.7121212121212122,138
2023-07-13,1008,104,91,72,49,13,23,0.875,0.6805555555555556,140
2023-07-14,1008,102,60,98,43,42,55,0.5882352941176471,0.4387755102040816,103
2023-07-15,1008,103,69,69,34,34,35,0.6699029126213593,0.4927536231884058,103
2023-07-16,1008,144,91,88,41,53,47,0.6319444444444444,0.4659090909090909,132
2023-07-17,1008,144,79,64,52,65,12,0.5486111111111112,0.8125,131
2023-07-18,1008,104,75,88,41,29,47,0.7211538461538461,0.4659090909090909,116
2023-07-19,1008,141,73,80,37,68,43,0.5177304964539007,0.4625,110
2023-07-20,1008,127,78,94,32,49,62,0.6141732283464567,0.3404255319148936,110
2023-07-21,1008,137,70,99,50,67,49,0.5109489051094891,0.5050505050505051,120
2023-07-22,1008,126,85,52,28,41,24,0.6746031746031746,0.5384615384615384,113
2023-07-23,1008,102,79,55,47,23,8,0.7745098039215687,0.8545454545454545,126
2023-07-24,1008,113,83,74,44,30,30,0.7345132743362832,0.5945945945945946,127
2023-07-25,1008,107,82,56,33,25,23,0.7663551401869159,0.5892857142857143,115
2023-07-26,1008,113,77,77,38,36,39,0.6814159292035398,0.4935064935064935,115
2023-07-27,1008,104,80,62,41,24,21,0.7692307692307693,0.6612903225806451,121
2023-07-28,1008,117,58,91,40,59,51,0.49572649572649574,0.43956043956043955,98
2023-07-29,1008,137,84,82,42,53,40,0.6131386861313869,0.5121951219512195,126
2023-07-30,1008,131,76,71,31,55,40,0.5801526717557252,0.43661971830985913,107
2023-07-31,1008,113,69,64,38,44,26,0.6106194690265486,0.59375,107
2023-08-01,1008,140,80,94,29,60,65,0.5714285714285714,0.30851063829787234,109
2023-08-02,1008,135,78,86,35,57,51,0.5777777777777777,0.4069767441860465,113
2023-08-03,1008,111,79,93,34,32,59,0.7117117117117117,0.3655913978494624,113
2023-08-04,1008,140,57,53,30,83,23,0.40714285714285714,0.5660377358490566,87
2023-08-05,1008,120,87,78,46,33,32,0.725,0.5897435897435898,133
2023-08-06,1008,108,81,62,41,27,21,0.75,0.6612903225806451,122
2023-08-07,1008,124,89,78,30,35,48,0.717741935483871,0.38461538461538464,119
2023-08-08,1008,136,98,93,37,38,56,0.7205882352941176,0.3978494623655914,135
2023-08-09,1008,109,73,58,40,36,18,0.6697247706422018,0.6896551724137931,113
2023-08-10,1008,106,78,56,56,28,0,0.7358490566037735,1,134
2023-08-11,1008,145,77,93,43,68,50,0.5310344827586206,0.46236559139784944,120
2023-08-12,1008,100,76,99,39,24,60,0.76,0.3939393939393939,115
2023-08-13,1008,101,79,66,46,22,20,0.7821782178217822,0.696969696969697,125
2023-08-14,1008,143,84,71,42,59,29,0.5874125874125874,0.5915492957746479,126
2023-08-15,1008,135,82,92,38,53,54,0.6074074074074074,0.41304347826086957,120
2023-08-16,1008,119,88,52,49,31,3,0.7394957983193278,0.9423076923076923,137
2023-08-17,1008,103,84,85,34,19,51,0.8155339805825242,0.4,118
2023-08-18,1008,149,71,67,35,78,32,0.47651006711409394,0.5223880597014925,106
2023-08-19,1008,101,89,60,38,12,22,0.8811881188118812,0.6333333333333333,127
2023-08-20,1008,144,79,58,38,65,20,0.5486111111111112,0.6551724137931034,117
2023-08-21,1008,128,64,76,47,64,29,0.5,0.618421052631579,111
2023-08-22,1008,145,78,63,44,67,19,0.5379310344827586,0.6984126984126984,122
2023-08-23,1008,103,96,62,43,7,19,0.9320388349514563,0.6935483870967742,139
2023-08-24,1008,115,70,91,34,45,57,0.6086956521739131,0.37362637362637363,104
2023-08-25,1008,135,64,78,51,71,27,0.4740740740740741,0.6538461538461539,115
2023-08-26,1008,134,89,65,39,45,26,0.664179104477612,0.6,128
2023-08-27,1008,107,78,85,37,29,48,0.7289719626168224,0.43529411764705883,115
2023-08-28,1008,149,73,97,52,76,45,0.4899328859060403,0.5360824742268041,125
2023-08-29,1008,117,78,50,31,39,19,0.6666666666666666,0.62,109
2023-08-30,1008,145,79,81,36,66,45,0.5448275862068965,0.4444444444444444,115
2023-08-31,1008,140,72,90,45,68,45,0.5142857142857142,0.5,117
2023-09-01,1008,146,79,86,44,67,42,0.541095890410959,0.5116279069767442,123
2023-09-02,1008,111,68,77,36,43,41,0.6126126126126126,0.4675324675324675,104
2023-09-03,1008,111,67,68,40,44,28,0.6036036036036037,0.5882352941176471,107
2023-09-04,1008,130,82,57,48,48,9,0.6307692307692307,0.8421052631578947,130
2023-09-05,1008,110,85,74,43,25,31,0.7727272727272727,0.581081081081081,128
2023-09-06,1008,146,88,75,48,58,27,0.6027397260273972,0.64,136
2023-09-07,1008,126,81,53,45,45,8,0.6428571428571429,0.8490566037735849,126
2023-09-08,1008,102,68,74,28,34,46,0.6666666666666666,0.3783783783783784,96
2023-09-09,1008,116,85,98,46,31,52,0.7327586206896551,0.46938775510204084,131
2023-09-10,1008,123,74,81,26,49,55,0.6016260162601627,0.32098765432098764,100
2023-09-11,1008,150,79,51,48,71,3,0.5266666666666666,0.9411764705882353,127
2023-09-12,1008,108,91,98,41,17,57,0.8425925925925926,0.41836734693877553,132
2023-09-13,1008,138,63,64,39,75,25,0.45652173913043476,0.609375,102
2023-09-14,1008,110,69,84,56,41,28,0.6272727272727273,0.6666666666666666,125
2023-09-15,1008,102,70,67,48,32,19,0.6862745098039216,0.7164179104477612,118
2023-09-16,1008,133,74,65,48,59,17,0.556390977443609,0.7384615384615385,122
2023-09-17,1008,126,69,58,35,57,23,0.5476190476190477,0.603448275862069,104
2023-09-18,1008,107,82,81,42,25,39,0.7663551401869159,0.5185185185185185,124
2023-09-19,1008,123,68,76,36,55,40,0.5528455284552846,0.47368421052631576,104
2023-09-20,1008,149,96,92,40,53,52,0.6442953020134228,0.43478260869565216,136
2023-09-21,1008,108,79,51,45,29,6,0.7314814814814815,0.8823529411764706,124
2023-09-22,1008,143,85,51,35,58,16,0.5944055944055944,0.6862745098039216,120
2023-09-23,1008,122,73,66,39,49,27,0.5983606557377049,0.5909090909090909,112
2023-09-24,1008,146,71,84,49,75,35,0.4863013698630137,0.5833333333333334,120
2023-09-25,1008,131,85,66,40,46,26,0.648854961832061,0.6060606060606061,125
2023-09-26,1008,106,91,81,30,15,51,0.8584905660377359,0.37037037037037035,121
2023-09-27,1008,119,85,59,44,34,15,0.7142857142857143,0.7457627118644068,129
2023-09-28,1008,141,77,58,42,64,16,0.5460992907801419,0.7241379310344828,119
2023-09-29,1008,136,85,71,32,51,39,0.625,0.4507042253521127,117
2023-09-30,1008,144,93,70,41,51,29,0.6458333333333334,0.5857142857142857,134
2023-10-01,1008,101,83,62,25,18,37,0.8217821782178217,0.4032258064516129,108
2023-10-02,1008,128,73,64,35,55,29,0.5703125,0.546875,108
2023-10-03,1008,112,75,82,40,37,42,0.6696428571428571,0.4878048780487805,115
2023-10-04,1008,142,66,78,45,76,33,0.4647887323943662,0.5769230769230769,111
2023-10-05,1008,139,65,89,34,74,55,0.4676258992805755,0.38202247191011235,99
2023-10-06,1008,148,86,57,42,62,15,0.581081081081081,0.7368421052631579,128
2023-10-07,1008,144,78,69,38,66,31,0.5416666666666666,0.5507246376811594,116
2023-10-08,1008,150,106,68,35,44,33,0.7066666666666667,0.5147058823529411,141
2023-10-09,1008,119,84,84,31,35,53,0.7058823529411765,0.36904761904761907,115
2023-10-10,1008,118,82,67,47,36,20,0.6949152542372882,0.7014925373134329,129
2023-10-11,1008,126,91,99,40,35,59,0.7222222222222222,0.40404040404040403,131
2023-10-12,1008,131,95,89,34,36,55,0.7251908396946565,0.38202247191011235,129
2023-10-13,1008,133,81,71,44,52,27,0.6090225563909775,0.6197183098591549,125
2023-10-14,1008,144,77,98,41,67,57,0.5347222222222222,0.41836734693877553,118
2023-10-15,1008,145,94,62,41,51,21,0.6482758620689655,0.6612903225806451,135
2023-10-16,1008,121,86,93,52,35,41,0.7107438016528925,0.5591397849462365,138
2023-10-17,1008,113,60,66,47,53,19,0.5309734513274337,0.7121212121212122,107
2023-10-18,1008,139,91,87,39,48,48,0.6546762589928058,0.4482758620689655,130
2023-10-19,1008,148,75,96,43,73,53,0.5067567567567568,0.4479166666666667,118
2023-10-20,1008,109,63,66,42,46,24,0.5779816513761468,0.6363636363636364,105
2023-10-21,1008,101,75,83,46,26,37,0.7425742574257426,0.5542168674698795,121
2023-10-22,1008,111,70,70,45,41,25,0.6306306306306306,0.6428571428571429,115
2023-10-23,1008,125,83,65,37,42,28,0.664,0.5692307692307692,120
2023-10-24,1008,116,91,68,34,25,34,0.7844827586206896,0.5,125
2023-10-25,1008,133,85,80,44,48,36,0.6390977443609023,0.55,129
2023-10-26,1008,121,56,100,44,65,56,0.4628099173553719,0.44,100
2023-10-27,1008,109,71,87,45,38,42,0.6513761467889908,0.5172413793103449,116
2023-10-28,1008,109,75,54,53,34,1,0.6880733944954128,0.9814814814814815,128
2023-10-29,1008,138,74,86,46,64,40,0.5362318840579711,0.5348837209302325,120
2023-10-30,1008,146,81,82,36,65,46,0.5547945205479452,0.43902439024390244,117
2023-10-31,1008,108,75,74,43,33,31,0.6944444444444444,0.581081081081081,118
2023-11-01,1008,140,89,55,36,51,19,0.6357142857142857,0.6545454545454545,125
2023-11-02,1008,140,83,92,28,57,64,0.5928571428571429,0.30434782608695654,111
2023-11-03,1008,139,81,97,39,58,58,0.5827338129496403,0.4020618556701031,120
2023-11-04,1008,130,69,96,33,61,63,0.5307692307692308,0.34375,102
2023-11-05,1008,118,87,70,43,31,27,0.7372881355932204,0.6142857142857143,130
2023-11-06,1008,126,78,99,35,48,64,0.6190476190476191,0.35353535353535354,113
2023-11-07,1008,128,72,99,35,56,64,0.5625,0.35353535353535354,107
2023-11-08,1008,102,78,81,36,24,45,0.7647058823529411,0.4444444444444444,114
2023-11-09,1008,106,69,56,39,37,17,0.6509433962264151,0.6964285714285714,108
2023-11-10,1008,133,84,62,32,49,30,0.631578947368421,0.5161290322580645,116
2023-11-11,1008,141,91,50,40,50,10,0.6453900709219859,0.8,131
2023-11-12,1008,102,79,93,39,23,54,0.7745098039215687,0.41935483870967744,118
2023-11-13,1008,141,76,76,37,65,39,0.5390070921985816,0.4868421052631579,113
2023-11-14,1008,103,77,73,36,26,37,0.7475728155339806,0.4931506849315068,113
2023-11-15,1008,119,65,73,42,54,31,0.5462184873949579,0.5753424657534246,107
2023-11-16,1008,137,99,54,44,38,10,0.7226277372262774,0.8148148148148148,143
2023-11-17,1008,125,86,96,34,39,62,0.688,0.3541666666666667,120
2023-11-18,1008,123,86,96,41,37,55,0.6991869918699187,0.4270833333333333,127
2023-11-19,1008,126,71,66,49,55,17,0.5634920634920635,0.7424242424242424,120
2023-11-20,1008,124,83,50,45,41,5,0.6693548387096774,0.9,128
2023-11-21,1008,107,86,80,51,21,29,0.8037383177570093,0.6375,137
2023-11-22,1008,114,81,50,43,33,7,0.7105263157894737,0.86,124
2023-11-23,1008,111,81,82,33,30,49,0.7297297297297297,0.4024390243902439,114
2023-11-24,1008,120,93,78,48,27,30,0.775,0.6153846153846154,141
2023-11-25,1008,146,85,56,38,61,18,0.5821917808219178,0.6785714285714286,123
2023-11-26,1008,111,76,87,38,35,49,0.6846846846846847,0.4367816091954023,114
2023-11-27,1008,133,74,57,51,59,6,0.556390977443609,0.8947368421052632,125
2023-11-28,1008,111,75,69,40,36,29,0.6756756756756757,0.5797101449275363,115
2023-11-29,1008,144,104,89,37,40,52,0.7222222222222222,0.4157303370786517,141
2023-11-30,1008,150,75,72,35,75,37,0.5,0.4861111111111111,110
2023-12-01,1008,116,73,69,37,43,32,0.6293103448275862,0.5362318840579711,110
2023-12-02,1008,101,78,88,38,23,50,0.7722772277227723,0.4318181818181818,116
2023-12-03,1008,124,71,64,38,53,26,0.5725806451612904,0.59375,109
2023-12-04,1008,136,75,83,35,61,48,0.5514705882352942,0.42168674698795183,110
2023-12-05,1008,146,82,69,36,64,33,0.5616438356164384,0.5217391304347826,118
2023-12-06,1008,139,78,77,33,61,44,0.5611510791366906,0.42857142857142855,111
2023-12-07,1008,145,77,79,52,68,27,0.5310344827586206,0.6582278481012658,129
2023-12-08,1008,115,78,70,56,37,14,0.6782608695652174,0.8,134
2023-12-09,1008,145,74,90,42,71,48,0.5103448275862069,0.4666666666666667,116
2023-12-10,1008,131,96,59,45,35,14,0.732824427480916,0.7627118644067796,141
2023-12-11,1008,142,99,83,33,43,50,0.6971830985915493,0.39759036144578314,132
2023-12-12,1008,131,87,83,32,44,51,0.6641221374045801,0.3855421686746988,119
2023-12-13,1008,106,71,92,39,35,53,0.6698113207547169,0.42391304347826086,110
2023-12-14,1008,119,72,96,31,47,65,0.6050420168067226,0.3229166666666667,103
2023-12-15,1008,145,90,72,48,55,24,0.6206896551724138,0.6666666666666666,138
2023-12-16,1008,102,88,73,39,14,34,0.8627450980392157,0.5342465753424658,127
2023-12-17,1008,141,73,64,36,68,28,0.5177304964539007,0.5625,109
2023-12-18,1008,150,80,53,37,70,16,0.5333333333333333,0.6981132075471698,117
2023-12-19,1008,123,80,83,34,43,49,0.6504065040650406,0.40963855421686746,114
2023-12-20,1008,132,75,80,34,57,46,0.5681818181818182,0.425,109
2023-12-21,1008,111,87,68,47,24,21,0.7837837837837838,0.6911764705882353,134
2023-12-22,1008,148,81,79,37,67,42,0.5472972972972973,0.46835443037974683,118
2023-12-23,1008,140,63,63,36,77,27,0.45,0.5714285714285714,99
2023-12-24,1008,128,80,86,38,48,48,0.625,0.4418604651162791,118
2023-12-25,1008,143,63,61,39,80,22,0.4405594405594406,0.639344262295082,102
2023-12-26,1008,128,74,61,32,54,29,0.578125,0.5245901639344263,106
2023-12-27,1008,115,87,62,37,28,25,0.7565217391304347,0.5967741935483871,124
2023-12-28,1008,114,94,77,37,20,40,0.8245614035087719,0.4805194805194805,131
2023-12-29,1008,110,82,59,41,28,18,0.7454545454545455,0.6949152542372882,123
2023-12-30,1008,131,75,67,44,56,23,0.5725190839694656,0.6567164179104478,119
2023-12-31,1008,117,94,55,34,23,21,0.8034188034188035,0.6181818181818182,128
2023-01-01,1009,104,76,56,44,28,12,0.7307692307692307,0.7857142857142857,120
2023-01-02,1009,120,95,82,42,25,40,0.7916666666666666,0.5121951219512195,137
2023-01-03,1009,134,66,65,37,68,28,0.4925373134328358,0.5692307692307692,103
2023-01-04,1009,126,68,72,23,58,49,0.5396825396825397,0.3194444444444444,91
2023-01-05,1009,145,85,69,28,60,41,0.5862068965517241,0.4057971014492754,113
2023-01-06,1009,132,83,64,41,49,23,0.6287878787878788,0.640625,124
2023-01-07,1009,144,78,88,43,66,45,0.5416666666666666,0.48863636363636365,121
2023-01-08,1009,145,79,73,34,66,39,0.5448275862068965,0.4657534246575342,113
2023-01-09,1009,118,74,75,27,44,48,0.6271186440677966,0.36,101
2023-01-10,1009,147,87,51,32,60,19,0.5918367346938775,0.6274509803921569,119
2023-01-11,1009,114,83,77,50,31,27,0.7280701754385965,0.6493506493506493,133
2023-01-12,1009,128,71,77,44,57,33,0.5546875,0.5714285714285714,115
2023-01-13,1009,104,67,80,35,37,45,0.6442307692307693,0.4375,102
2023-01-14,1009,144,84,51,43,60,8,0.5833333333333334,0.8431372549019608,127
2023-01-15,1009,137,88,76,37,49,39,0.6423357664233577,0.4868421052631579,125
2023-01-16,1009,140,92,86,51,48,35,0.6571428571428571,0.5930232558139535,143
2023-01-17,1009,147,66,93,37,81,56,0.4489795918367347,0.3978494623655914,103
2023-01-18,1009,136,79,58,31,57,27,0.5808823529411765,0.5344827586206896,110
2023-01-19,1009,123,74,69,35,49,34,0.6016260162601627,0.5072463768115942,109
2023-01-20,1009,103,74,75,38,29,37,0.7184466019417476,0.5066666666666667,112
2023-01-21,1009,149,84,97,42,65,55,0.5637583892617449,0.4329896907216495,126
2023-01-22,1009,120,80,96,45,40,51,0.6666666666666666,0.46875,125
2023-01-23,1009,147,85,77,44,62,33,0.5782312925170068,0.5714285714285714,129
2023-01-24,1009,110,82,80,42,28,38,0.7454545454545455,0.525,124
2023-01-25,1009,128,66,81,43,62,38,0.515625,0.5308641975308642,109
2023-01-26,1009,123,82,83,44,41,39,0.6666666666666666,0.5301204819277109,126
2023-01-27,1009,117,70,63,48,47,15,0.5982905982905983,0.7619047619047619,118
2023-01-28,1009,103,73,90,35,30,55,0.7087378640776699,0.3888888888888889,108
2023-01-29,1009,127,87,57,36,40,21,0.6850393700787402,0.631578947368421,123
2023-01-30,1009,134,66,93,32,68,61,0.4925373134328358,0.34408602150537637,98
2023-01-31,1009,109,86,65,46,23,19,0.7889908256880734,0.7076923076923077,132
2023-02-01,1009,140,77,81,35,63,46,0.55,0.43209876543209874,112
2023-02-02,1009,118,71,90,38,47,52,0.6016949152542372,0.4222222222222222,109
2023-02-03,1009,124,86,93,32,38,61,0.6935483870967742,0.34408602150537637,118
2023-02-04,1009,113,77,67,39,36,28,0.6814159292035398,0.582089552238806,116
2023-02-05,1009,129,64,55,37,65,18,0.49612403100775193,0.6727272727272727,101
2023-02-06,1009,145,71,70,44,74,26,0.4896551724137931,0.6285714285714286,115
2023-02-07,1009,114,76,58,48,38,10,0.6666666666666666,0.8275862068965517,124
2023-02-08,1009,129,85,97,46,44,51,0.6589147286821705,0.4742268041237113,131
2023-02-09,1009,118,73,89,39,45,50,0.6186440677966102,0.43820224719101125,112
2023-02-10,1009,107,76,70,38,31,32,0.7102803738317757,0.5428571428571428,114
2023-02-11,1009,138,76,100,49,62,51,0.5507246376811594,0.49,125
2023-02-12,1009,116,75,59,34,41,25,0.646551724137931,0.576271186440678,109
2023-02-13,1009,133,67,100,36,66,64,0.5037593984962406,0.36,103
2023-02-14,1009,107,61,94,45,46,49,0.5700934579439252,0.4787234042553192,106
2023-02-15,1009,103,98,53,38,5,15,0.9514563106796117,0.71698113207547165,136
2023-02-16,1009,134,73,62,38,61,24,0.5447761194029851,0.6129032258064516,111
2023-02-17,1009,128,87,74,38,41,36,0.6796875,0.5135135135135135,125
2023-02-18,1009,125,77,62,38,48,24,0.616,0.6129032258064516,115
2023-02-19,1009,145,76,80,50,69,30,0.5241379310344828,0.625,126
2023-02-20,1009,111,82,59,46,29,13,0.7387387387387387,0.7796610169491526,128
2023-02-21,1009,116,79,71,39,37,32,0.6810344827586207,0.5492957746478874,118
2023-02-22,1009,100,91,99,51,9,48,0.91,0.5151515151515151,142
2023-02-23,1009,115,85,57,32,30,25,0.7391304347826086,0.5614035087719298,117
2023-02-24,1009,127,85,84,45,42,39,0.6692913385826772,0.5357142857142857,130
2023-02-25,1009,103,81,51,34,22,17,0.7864077669902912,0.6666666666666666,115
2023-02-26,1009,149,79,57,37,70,20,0.5302013422818792,0.6491228070175439,116
2023-02-27,1009,132,81,62,41,51,21,0.6136363636363636,0.6612903225806451,122
2023-02-28,1009,139,65,81,50,74,31,0.4676258992805755,0.6172839506172839,115
2023-03-01,1009,111,81,79,43,30,36,0.7297297297297297,0.5443037974683544,124
2023-03-02,1009,136,76,65,46,60,19,0.5588235294117647,0.7076923076923077,122
2023-03-03,1009,130,72,59,43,58,16,0.5538461538461539,0.7288135593220338,115
2023-03-04,1009,104,86,84,43,18,41,0.8269230769230769,0.5119047619047619,129
2023-03-05,1009,126,79,96,36,47,60,0.626984126984127,0.375,115
2023-03-06,1009,136,99,64,36,37,28,0.7279411764705882,0.5625,135
2023-03-07,1009,149,75,97,40,74,57,0.5033557046979866,0.41237113402061853,115
2023-03-08,1009,110,82,64,36,28,28,0.7454545454545455,0.5625,118
2023-03-09,1009,122,85,89,59,37,30,0.6967213114754098,0.6629213483146067,144
2023-03-10,1009,113,88,73,43,25,30,0.7787610619469026,0.589041095890411,131
2023-03-11,1009,138,91,81,38,47,43,0.6594202898550725,0.4691358024691358,129
2023-03-12,1009,132,81,98,48,51,50,0.6136363636363636,0.4897959183673469,129
2023-03-13,1009,112,73,52,45,39,7,0.6517857142857143,0.8653846153846154,118
2023-03-14,1009,135,76,74,48,59,26,0.562962962962963,0.6486486486486487,124
2023-03-15,1009,149,97,94,38,52,56,0.6510067114093959,0.40425531914893614,135
2023-03-16,1009,144,72,51,39,72,12,0.5,0.7647058823529411,111
2023-03-17,1009,120,76,68,40,44,28,0.6333333333333333,0.5882352941176471,116
2023-03-18,1009,133,96,59,42,37,17,0.7218045112781954,0.711864406779661,138
2023-03-19,1009,113,78,83,32,35,51,0.6902654867256637,0.3855421686746988,110
2023-03-20,1009,139,72,61,30,67,31,0.5179856115107914,0.4918032786885246,102
2023-03-21,1009,111,76,82,29,35,53,0.6846846846846847,0.35365853658536583,105
2023-03-22,1009,149,79,87,39,70,48,0.5302013422818792,0.4482758620689655,118
2023-03-23,1009,142,62,53,52,80,1,0.43661971830985913,0.9811320754716981,114
2023-03-24,1009,126,83,68,32,43,36,0.6587301587301587,0.47058823529411764,115
2023-03-25,1009,113,72,87,34,41,53,0.6371681415929203,0.39080459770114945,106
2023-03-26,1009,139,81,92,39,58,53,0.5827338129496403,0.42391304347826086,120
2023-03-27,1009,107,76,71,40,31,31,0.7102803738317757,0.5633802816901409,116
2023-03-28,1009,122,85,90,46,37,44,0.6967213114754098,0.5111111111111111,131
2023-03-29,1009,114,67,92,55,47,37,0.5877192982456141,0.5978260869565217,122
2023-03-30,1009,128,81,65,47,47,18,0.6328125,0.7230769230769231,128
2023-03-31,1009,149,64,67,43,85,24,0.42953020134228187,0.6417910447761194,107
2023-04-01,1009,137,92,82,42,45,40,0.6715328467153284,0.5121951219512195,134
2023-04-02,1009,150,72,82,30,78,52,0.48,0.36585365853658536,102
2023-04-03,1009,126,80,94,52,46,42,0.6349206349206349,0.5531914893617021,132
2023-04-04,1009,104,82,83,48,22,35,0.7884615384615384,0.5783132530120482,130
2023-04-05,1009,115,61,70,40,54,30,0.5304347826086957,0.5714285714285714,101
2023-04-06,1009,132,68,90,45,64,45,0.5151515151515151,0.5,113
2023-04-07,1009,103,83,59,37,20,22,0.8058252427184466,0.6271186440677966,120
2023-04-08,1009,109,70,97,35,39,62,0.6422018348623854,0.36082474226804123,105
2023-04-09,1009,134,67,97,46,67,51,0.5,0.4742268041237113,113
2023-04-10,1009,117,84,80,40,33,40,0.717948717948718,0.5,124
2023-04-11,1009,141,87,76,36,54,40,0.6170212765957447,0.47368421052631576,123
2023-04-12,1009,129,70,92,48,59,44,0.5426356589147286,0.5217391304347826,118
2023-04-13,1009,104,94,52,40,10,12,0.9038461538461539,0.7692307692307693,134
2023-04-14,1009,142,63,75,40,79,35,0.44366197183098594,0.5333333333333333,103
2023-04-15,1009,106,70,86,40,36,46,0.660377358490566,0.46511627906976744,110
2023-04-16,1009,123,66,51,34,57,17,0.5365853658536586,0.6666666666666666,100
2023-04-17,1009,128,70,73,34,58,39,0.546875,0.4657534246575342,104
2023-04-18,1009,147,79,66,49,68,17,0.5374149659863946,0.7424242424242424,128
2023-04-19,1009,121,90,99,37,31,62,0.743801652892562,0.37373737373737376,127
2023-04-20,1009,128,74,78,38,54,40,0.578125,0.48717948717948717,112
2023-04-21,1009,142,71,66,34,71,32,0.5,0.5151515151515151,105
2023-04-22,1009,122,74,99,44,48,55,0.6065573770491803,0.4444444444444444,118
2023-04-23,1009,102,81,72,32,21,40,0.7941176470588235,0.4444444444444444,113
2023-04-24,1009,114,71,74,33,43,41,0.6228070175438597,0.44594594594594594,104
2023-04-25,1009,125,87,64,45,38,19,0.696,0.703125,132
2023-04-26,1009,126,73,62,43,53,19,0.5793650793650794,0.6935483870967742,116
2023-04-27,1009,120,91,59,25,29,34,0.7583333333333333,0.423728813559322,116
2023-04-28,1009,142,82,82,46,60,36,0.5774647887323944,0.5609756097560976,128
2023-04-29,1009,103,75,78,41,28,37,0.7281553398058253,0.5256410256410257,116
2023-04-30,1009,134,75,81,42,59,39,0.5597014925373134,0.5185185185185185,117
2023-05-01,1009,104,81,64,35,23,29,0.7788461538461539,0.546875,116
2023-05-02,1009,150,83,72,44,67,28,0.5533333333333333,0.6111111111111112,127
2023-05-03,1009,107,83,96,46,24,50,0.7757009345794392,0.4791666666666667,129
2023-05-04,1009,149,86,56,36,63,20,0.5771812080536913,0.6428571428571429,122
2023-05-05,1009,108,70,86,40,38,46,0.6481481481481481,0.46511627906976744,110
2023-05-06,1009,150,63,82,44,87,38,0.42,0.5365853658536586,107
2023-05-07,1009,121,83,50,50,38,0,0.6859504132231405,1,133
2023-05-08,1009,140,72,62,45,68,17,0.5142857142857142,0.7258064516129032,117
2023-05-09,1009,108,79,90,55,29,35,0.7314814814814815,0.6111111111111112,134
2023-05-10,1009,141,75,69,43,66,26,0.5319148936170213,0.6231884057971014,118
2023-05-11,1009,106,88,74,42,18,32,0.8301886792452831,0.5675675675675675,130
2023-05-12,1009,108,74,70,42,34,28,0.6851851851851852,0.6,116
2023-05-13,1009,100,69,56,41,31,15,0.69,0.7321428571428571,110
2023-05-14,1009,131,80,52,39,51,13,0.6106870229007634,0.75,119
2023-05-15,1009,127,76,99,32,51,67,0.5984251968503937,0.32323232323232326,108
2023-05-16,1009,130,84,64,33,46,31,0.6461538461538462,0.515625,117
2023-05-17,1009,144,71,90,25,73,65,0.4930555555555556,0.2777777777777778,96
2023-05-18,1009,125,86,95,37,39,58,0.688,0.3894736842105263,123
2023-05-19,1009,100,84,93,36,16,57,0.84,0.3870967741935484,120
2023-05-20,1009,132,92,76,34,40,42,0.696969696969697,0.4473684210526316,126
2023-05-21,1009,144,89,72,33,55,39,0.6180555555555556,0.4583333333333333,122
2023-05-22,1009,120,83,69,43,37,26,0.6916666666666667,0.6231884057971014,126
2023-05-23,1009,118,83,58,29,35,29,0.7033898305084746,0.5,112
2023-05-24,1009,135,75,53,35,60,18,0.5555555555555556,0.660377358490566,110
2023-05-25,1009,101,91,78,39,10,39,0.900990099009901,0.5,130
2023-05-26,1009,125,80,53,52,45,1,0.64,0.9811320754716981,132
2023-05-27,1009,110,70,65,40,40,25,0.6363636363636364,0.6153846153846154,110
2023-05-28,1009,131,67,85,39,64,46,0.5114503816793893,0.4588235294117647,106
2023-05-29,1009,124,92,58,44,32,14,0.7419354838709677,0.7586206896551724,136
2023-05-30,1009,124,81,55,36,43,19,0.6532258064516129,0.6545454545454545,117
2023-05-31,1009,141,83,54,53,58,1,0.5886524822695035,0.9814814814814815,136
2023-06-01,1009,128,73,60,38,55,22,0.5703125,0.6333333333333333,111
2023-06-02,1009,130,82,81,41,48,40,0.6307692307692307,0.5061728395061729,123
2023-06-03,1009,107,90,88,41,17,47,0.8411214953271028,0.4659090909090909,131
2023-06-04,1009,133,74,64,32,59,32,0.556390977443609,0.5,106
2023-06-05,1009,132,71,87,42,61,45,0.5378787878787878,0.4827586206896552,113
2023-06-06,1009,143,90,96,39,53,57,0.6293706293706294,0.40625,129
2023-06-07,1009,121,80,61,54,41,7,0.6611570247933884,0.8852459016393442,134
2023-06-08,1009,129,68,80,41,61,39,0.5271317829457365,0.5125,109
2023-06-09,1009,132,104,97,50,28,47,0.7878787878787878,0.5154639175257731,154
2023-06-10,1009,130,77,90,55,53,35,0.5923076923076923,0.6111111111111112,132
2023-06-11,1009,134,76,93,38,58,55,0.5671641791044776,0.40860215053763443,114
2023-06-12,1009,133,79,70,33,54,37,0.5939849624060151,0.4714285714285714,112
2023-06-13,1009,115,94,78,49,21,29,0.8173913043478261,0.6282051282051282,143
2023-06-14,1009,111,70,50,37,41,13,0.6306306306306306,0.74,107
2023-06-15,1009,148,77,85,47,71,38,0.5202702702702703,0.5529411764705883,124
2023-06-16,1009,119,82,61,31,37,30,0.6890756302521008,0.5081967213114754,113
2023-06-17,1009,145,80,60,34,65,26,0.5517241379310345,0.5666666666666667,114
2023-06-18,1009,123,84,66,35,39,31,0.6829268292682927,0.5303030303030303,119
2023-06-19,1009,109,77,55,38,32,17,0.7064220183486238,0.6909090909090909,115
2023-06-20,1009,123,76,95,39,47,56,0.6178861788617886,0.4105263157894737,115
2023-06-21,1009,131,83,87,40,48,47,0.6335877862595419,0.45977011494252873,123
2023-06-22,1009,114,81,75,32,33,43,0.7105263157894737,0.4266666666666667,113
2023-06-23,1009,119,82,78,32,37,46,0.6890756302521008,0.41025641025641024,114
2023-06-24,1009,116,85,98,48,31,50,0.7327586206896551,0.4897959183673469,133
2023-06-25,1009,109,70,98,52,39,46,0.6422018348623854,0.5306122448979592,122
2023-06-26,1009,135,84,85,39,51,46,0.6222222222222222,0.4588235294117647,123
2023-06-27,1009,137,82,86,34,55,52,0.5985401459854015,0.3953488372093023,116
2023-06-28,1009,130,79,67,38,51,29,0.6076923076923076,0.5671641791044776,117
2023-06-29,1009,103,68,60,42,35,18,0.6601941747572816,0.7,110
2023-06-30,1009,100,79,59,50,21,9,0.79,0.847457627118644,129
2023-07-01,1009,119,72,59,38,47,21,0.6050420168067226,0.6440677966101694,110
2023-07-02,1009,132,76,82,37,56,45,0.5757575757575758,0.45121951219512196,113
2023-07-03,1009,121,79,76,37,42,39,0.6528925619834711,0.4868421052631579,116
2023-07-04,1009,143,71,63,45,72,18,0.4965034965034965,0.7142857142857143,116
2023-07-05,1009,143,78,87,45,65,42,0.5454545454545454,0.5172413793103449,123
2023-07-06,1009,100,72,51,39,28,12,0.72,0.7647058823529411,111
2023-07-07,1009,104,77,81,34,27,47,0.7403846153846154,0.41975308641975306,111
2023-07-08,1009,103,86,57,35,17,22,0.8349514563106796,0.6140350877192983,121
2023-07-09,1009,122,90,93,34,32,59,0.7377049180327869,0.3655913978494624,124
2023-07-10,1009,144,73,82,37,71,45,0.5069444444444444,0.45121951219512196,110
2023-07-11,1009,140,69,62,36,71,26,0.4928571428571429,0.5806451612903226,105
2023-07-12,1009,137,64,99,47,73,52,0.46715328467153283,0.47474747474747475,111
2023-07-13,1009,124,80,96,49,44,47,0.6451612903225806,0.5104166666666666,129
2023-07-14,1009,147,93,76,36,54,40,0.6326530612244898,0.47368421052631576,129
2023-07-15,1009,110,71,59,30,39,29,0.6454545454545455,0.5084745762711864,101
2023-07-16,1009,112,81,81,38,31,43,0.7232142857142857,0.4691358024691358,119
2023-07-17,1009,112,73,61,37,39,24,0.6517857142857143,0.6065573770491803,110
2023-07-18,1009,143,83,81,34,60,47,0.5804195804195804,0.41975308641975306,117
2023-07-19,1009,134,78,60,53,56,7,0.582089552238806,0.8833333333333333,131
2023-07-20,1009,141,83,99,34,58,65,0.5886524822695035,0.3434343434343434,117
2023-07-21,1009,138,71,65,37,67,28,0.5144927536231884,0.5692307692307692,108
2023-07-22,1009,109,82,53,40,27,13,0.7522935779816514,0.7547169811320755,122
2023-07-23,1009,130,81,85,40,49,45,0.6230769230769231,0.47058823529411764,121
2023-07-24,1009,132,74,70,36,58,34,0.5606060606060606,0.5142857142857142,110
2023-07-25,1009,133,83,50,39,50,11,0.6240601503759399,0.78,122
2023-07-26,1009,108,60,98,40,48,58,0.5555555555555556,0.40816326530612246,100
2023-07-27,1009,108,85,69,33,23,36,0.7870370370370371,0.4782608695652174,118
2023-07-28,1009,144,78,66,41,66,25,0.5416666666666666,0.6212121212121212,119
2023-07-29,1009,115,82,99,55,33,44,0.7130434782608696,0.5555555555555556,137
2023-07-30,1009,111,63,55,36,48,19,0.5675675675675675,0.6545454545454545,99
2023-07-31,1009,115,103,86,58,12,28,0.8956521739130435,0.6744186046511628,161
2023-08-01,1009,144,92,54,39,52,15,0.6388888888888888,0.7222222222222222,131
2023-08-02,1009,127,84,89,30,43,59,0.6614173228346457,0.33707865168539325,114
2023-08-03,1009,125,73,71,33,52,38,0.584,0.4647887323943662,106
2023-08-04,1009,150,86,82,48,64,34,0.5733333333333334,0.5853658536585366,134
2023-08-05,1009,111,70,67,32,41,35,0.6306306306306306,0.47761194029850745,102
2023-08-06,1009,126,68,96,42,58,54,0.5396825396825397,0.4375,110
2023-08-07,1009,118,79,87,43,39,44,0.6694915254237288,0.4942528735632184,122
2023-08-08,1009,116,80,100,40,36,60,0.6896551724137931,0.4,120
2023-08-09,1009,141,73,73,39,68,34,0.5177304964539007,0.5342465753424658,112
2023-08-10,1009,149,92,80,48,57,32,0.6174496644295302,0.6,140
2023-08-11,1009,144,74,50,40,70,10,0.5138888888888888,0.8,114
2023-08-12,1009,108,76,54,27,32,27,0.7037037037037037,0.5,103
2023-08-13,1009,133,74,94,43,59,51,0.556390977443609,0.4574468085106383,117
2023-08-14,1009,124,72,64,30,52,34,0.5806451612903226,0.46875,102
2023-08-15,1009,125,74,73,41,51,32,0.592,0.5616438356164384,115
2023-08-16,1009,127,68,98,37,59,61,0.5354330708661418,0.37755102040816324,105
2023-08-17,1009,103,64,97,40,39,57,0.6213592233009708,0.41237113402061853,104
2023-08-18,1009,123,76,89,45,47,44,0.6178861788617886,0.5056179775280899,121
2023-08-19,1009,101,84,96,34,17,62,0.8316831683168316,0.3541666666666667,118
2023-08-20,1009,102,80,84,50,22,34,0.7843137254901961,0.5952380952380952,130
2023-08-21,1009,118,84,56,28,34,28,0.711864406779661,0.5,112
2023-08-22,1009,143,75,61,52,68,9,0.5244755244755245,0.8524590163934426,127
2023-08-23,1009,123,78,87,43,45,44,0.6341463414634146,0.4942528735632184,121
2023-08-24,1009,145,74,79,38,71,41,0.5103448275862069,0.4810126582278481,112
2023-08-25,1009,125,76,98,37,49,61,0.608,0.37755102040816324,113
2023-08-26,1009,133,69,50,35,64,15,0.518796992481203,0.7,104
2023-08-27,1009,132,77,99,43,55,56,0.5833333333333334,0.43434343434343436,120
2023-08-28,1009,124,65,55,41,59,14,0.5241935483870968,0.7454545454545455,106
2023-08-29,1009,146,77,80,37,69,43,0.5273972602739726,0.4625,114
2023-08-30,1009,101,93,94,45,8,49,0.9207920792079208,0.4787234042553192,138
2023-08-31,1009,111,77,98,38,34,60,0.6936936936936937,0.3877551020408163,115
2023-09-01,1009,100,67,89,28,33,61,0.67,0.3146067415730337,95
2023-09-02,1009,102,83,64,39,19,25,0.8137254901960784,0.609375,122
2023-09-03,1009,105,71,81,40,34,41,0.6761904761904762,0.49382716049382713,111
2023-09-04,1009,116,82,50,36,34,14,0.7068965517241379,0.72,118
2023-09-05,1009,124,78,86,41,46,45,0.6290322580645161,0.47674418604651164,119
2023-09-06,1009,104,96,54,46,8,8,0.9230769230769231,0.8518518518518519,142
2023-09-07,1009,126,76,59,41,50,18,0.6031746031746031,0.6949152542372882,117
2023-09-08,1009,109,66,72,33,43,39,0.6055045871559633,0.4583333333333333,99
2023-09-09,1009,140,86,79,51,54,28,0.6142857142857143,0.6455696202531646,137
2023-09-10,1009,136,82,95,42,54,53,0.6029411764705882,0.4421052631578947,124
2023-09-11,1009,121,77,90,40,44,50,0.6363636363636364,0.4444444444444444,117
2023-09-12,1009,128,79,96,37,49,59,0.6171875,0.3854166666666667,116
2023-09-13,1009,126,74,100,36,52,64,0.5873015873015873,0.36,110
2023-09-14,1009,104,74,86,46,30,40,0.7115384615384616,0.5348837209302325,120
2023-09-15,1009,114,71,96,50,43,46,0.6228070175438597,0.5208333333333334,121
2023-09-16,1009,117,81,69,44,36,25,0.6923076923076923,0.6376811594202898,125
2023-09-17,1009,123,95,92,31,28,61,0.7723577235772358,0.33695652173913043,126
2023-09-18,1009,137,101,81,39,36,42,0.7372262773722628,0.48148148148148145,140
2023-09-19,1009,110,77,94,45,33,49,0.7,0.4787234042553192,122
2023-09-20,1009,110,72,63,36,38,27,0.6545454545454545,0.5714285714285714,108
2023-09-21,1009,147,85,70,50,62,20,0.5782312925170068,0.7142857142857143,135
2023-09-22,1009,128,82,54,43,46,11,0.640625,0.7962962962962963,125
2023-09-23,1009,145,88,84,37,57,47,0.6068965517241379,0.44047619047619047,125
2023-09-24,1009,111,69,60,42,42,18,0.6216216216216216,0.7,111
2023-09-25,1009,138,74,87,38,64,49,0.5362318840579711,0.4367816091954023,112
2023-09-26,1009,128,70,69,41,58,28,0.546875,0.5942028985507246,111
2023-09-27,1009,108,86,60,34,22,26,0.7962962962962963,0.5666666666666667,120
2023-09-28,1009,108,77,76,33,31,43,0.7129629629629629,0.4342105263157895,110
2023-09-29,1009,105,87,60,29,18,31,0.8285714285714286,0.48333333333333334,116
2023-09-30,1009,137,82,72,48,55,24,0.5985401459854015,0.6666666666666666,130
2023-10-01,1009,129,83,87,48,46,39,0.6434108527131783,0.5517241379310345,131
2023-10-02,1009,100,99,61,39,1,22,0.99,0.639344262295082,138
2023-10-03,1009,129,80,78,38,49,40,0.6201550387596899,0.48717948717948717,118
2023-10-04,1009,129,74,79,56,55,23,0.5736434108527132,0.7088607594936709,130
2023-10-05,1009,109,70,69,42,39,27,0.6422018348623854,0.6086956521739131,112
2023-10-06,1009,123,84,61,37,39,24,0.6829268292682927,0.6065573770491803,121
2023-10-07,1009,113,95,59,36,18,23,0.8407079646017699,0.6101694915254238,131
2023-10-08,1009,144,76,54,28,68,26,0.5277777777777778,0.5185185185185185,104
2023-10-09,1009,123,95,75,37,28,38,0.7723577235772358,0.49333333333333335,132
2023-10-10,1009,150,75,94,39,75,55,0.5,0.4148936170212766,114
2023-10-11,1009,112,68,99,35,44,64,0.6071428571428571,0.35353535353535354,103
2023-10-12,1009,135,79,89,33,56,56,0.5851851851851851,0.3707865168539326,112
2023-10-13,1009,115,86,85,45,29,40,0.7478260869565218,0.5294117647058824,131
2023-10-14,1009,133,78,88,44,55,44,0.5864661654135338,0.5,122
2023-10-15,1009,144,78,60,30,66,30,0.5416666666666666,0.5,108
2023-10-16,1009,109,78,71,40,31,31,0.7155963302752294,0.5633802816901409,118
2023-10-17,1009,103,94,57,35,9,22,0.912621359223301,0.6140350877192983,129
2023-10-18,1009,117,75,81,43,42,38,0.6410256410256411,0.5308641975308642,118
2023-10-19,1009,104,70,56,39,34,17,0.6730769230769231,0.6964285714285714,109
2023-10-20,1009,109,83,54,45,26,9,0.7614678899082569,0.8333333333333334,128
2023-10-21,1009,149,80,56,41,69,15,0.5369127516778524,0.7321428571428571,121
2023-10-22,1009,140,83,95,47,57,48,0.5928571428571429,0.49473684210526314,130
2023-10-23,1009,120,78,75,50,42,25,0.65,0.6666666666666666,128
2023-10-24,1009,118,84,87,38,34,49,0.711864406779661,0.4367816091954023,122
2023-10-25,1009,103,79,85,39,24,46,0.7669902912621359,0.4588235294117647,118
2023-10-26,1009,106,96,50,37,10,13,0.9056603773584906,0.74,133
2023-10-27,1009,120,93,91,35,27,56,0.775,0.38461538461538464,128
2023-10-28,1009,128,72,66,39,56,27,0.5625,0.5909090909090909,111
2023-10-29,1009,116,83,61,34,33,27,0.7155172413793104,0.5573770491803278,117
2023-10-30,1009,132,78,76,37,54,39,0.5909090909090909,0.4868421052631579,115
2023-10-31,1009,103,77,83,36,26,47,0.7475728155339806,0.43373493975903615,113
2023-11-01,1009,127,70,90,38,57,52,0.5511811023622047,0.4222222222222222,108
2023-11-02,1009,102,88,92,42,14,50,0.8627450980392157,0.45652173913043476,130
2023-11-03,1009,103,94,79,27,9,52,0.912621359223301,0.34177215189873417,121
2023-11-04,1009,115,75,52,30,40,22,0.6521739130434783,0.5769230769230769,105
2023-11-05,1009,101,89,50,50,12,0,0.8811881188118812,1,139
2023-11-06,1009,102,81,69,36,21,33,0.7941176470588235,0.5217391304347826,117
2023-11-07,1009,108,94,72,34,14,38,0.8703703703703703,0.4722222222222222,128
2023-11-08,1009,141,79,50,49,62,1,0.5602836879432624,0.98,128
2023-11-09,1009,125,85,79,38,40,41,0.68,0.4810126582278481,123
2023-11-10,1009,130,70,89,45,60,44,0.5384615384615384,0.5056179775280899,115
2023-11-11,1009,142,84,87,33,58,54,0.5915492957746479,0.3793103448275862,117
2023-11-12,1009,117,87,56,37,30,19,0.7435897435897436,0.6607142857142857,124
2023-11-13,1009,131,71,96,43,60,53,0.5419847328244275,0.4479166666666667,114
2023-11-14,1009,128,84,86,34,44,52,0.65625,0.3953488372093023,118
2023-11-15,1009,121,89,56,54,32,2,0.7355371900826446,0.9642857142857143,143
2023-11-16,1009,137,88,77,32,49,45,0.6423357664233577,0.4155844155844156,120
2023-11-17,1009,102,66,74,36,36,38,0.6470588235294118,0.4864864864864865,102
2023-11-18,1009,123,89,82,36,34,46,0.7235772357723578,0.43902439024390244,125
2023-11-19,1009,103,71,83,42,32,41,0.6893203883495146,0.5060240963855421,113
2023-11-20,1009,133,100,98,37,33,61,0.7518796992481203,0.37755102040816324,137
2023-11-21,1009,135,82,98,35,53,63,0.6074074074074074,0.35714285714285715,117
2023-11-22,1009,150,82,59,32,68,27,0.5466666666666666,0.5423728813559322,114
2023-11-23,1009,138,75,89,39,63,50,0.5434782608695652,0.43820224719101125,114
2023-11-24,1009,136,86,80,37,50,43,0.6323529411764706,0.4625,123
2023-11-25,1009,130,84,82,48,46,34,0.6461538461538462,0.5853658536585366,132
2023-11-26,1009,107,78,97,35,29,62,0.7289719626168224,0.36082474226804123,113
2023-11-27,1009,136,85,92,41,51,51,0.625,0.44565217391304346,126
2023-11-28,1009,112,101,59,40,11,19,0.9017857142857143,0.6779661016949152,141
2023-11-29,1009,117,77,69,46,40,23,0.6581196581196581,0.6666666666666666,123
2023-11-30,1009,114,81,83,39,33,44,0.7105263157894737,0.46987951807228917,120
2023-12-01,1009,124,83,58,43,41,15,0.6693548387096774,0.7413793103448276,126
2023-12-02,1009,108,71,81,36,37,45,0.6574074074074074,0.4444444444444444,107
2023-12-03,1009,107,72,81,38,35,43,0.6728971962616822,0.4691358024691358,110
2023-12-04,1009,134,90,89,40,44,49,0.6716417910447762,0.449438202247191,130
2023-12-05,1009,104,74,98,53,30,45,0.7115384615384616,0.5408163265306123,127
2023-12-06,1009,134,87,75,38,47,37,0.6492537313432836,0.5066666666666667,125
2023-12-07,1009,108,85,81,46,23,35,0.7870370370370371,0.5679012345679012,131
2023-12-08,1009,121,121,92,34,0,58,1,0.3695652173913043,155
2023-12-09,1009,133,89,60,36,44,24,0.6691729323308271,0.6,125
2023-12-10,1009,119,88,92,47,31,45,0.7394957983193278,0.5108695652173914,135
2023-12-11,1009,132,77,66,34,55,32,0.5833333333333334,0.5151515151515151,111
2023-12-12,1009,142,61,63,44,81,19,0.4295774647887324,0.6984126984126984,105
2023-12-13,1009,141,72,100,32,69,68,0.5106382978723404,0.32,104
2023-12-14,1009,116,91,94,48,25,46,0.7844827586206896,0.5106382978723404,139
2023-12-15,1009,141,77,97,31,64,66,0.5460992907801419,0.31958762886597936,108
2023-12-16,1009,136,85,84,45,51,39,0.625,0.5357142857142857,130
2023-12-17,1009,105,70,86,37,35,49,0.6666666666666666,0.43023255813953487,107
2023-12-18,1009,102,74,94,32,28,62,0.7254901960784313,0.3404255319148936,106
2023-12-19,1009,101,83,100,31,18,69,0.8217821782178217,0.31,114
2023-12-20,1009,111,66,56,51,45,5,0.5945945945945946,0.9107142857142857,117
2023-12-21,1009,137,72,69,31,65,38,0.5255474452554745,0.4492753623188406,103
2023-12-22,1009,145,97,88,47,48,41,0.6689655172413793,0.5340909090909091,144
2023-12-23,1009,129,93,70,40,36,30,0.7209302325581395,0.5714285714285714,133
2023-12-24,1009,146,90,81,38,56,43,0.6164383561643836,0.4691358024691358,128
2023-12-25,1009,115,94,92,44,21,48,0.8173913043478261,0.4782608695652174,138
2023-12-26,1009,107,80,85,31,27,54,0.7476635514018691,0.36470588235294116,111
2023-12-27,1009,130,70,59,38,60,21,0.5384615384615384,0.6440677966101694,108
2023-12-28,1009,130,86,77,46,44,31,0.6615384615384615,0.5974025974025974,132
2023-12-29,1009,132,81,60,40,51,20,0.6136363636363636,0.6666666666666666,121
2023-12-30,1009,140,74,89,44,66,45,0.5285714285714286,0.4943820224719101,118
2023-12-31,1009,126,82,73,54,44,19,0.6507936507936508,0.7397260273972602,136
2023-01-01,1010,120,88,58,39,32,19,0.7333333333333333,0.6724137931034483,127
2023-01-02,1010,134,79,98,42,55,56,0.5895522388059702,0.42857142857142855,121
2023-01-03,1010,123,87,95,43,36,52,0.7073170731707317,0.45263157894736844,130
2023-01-04,1010,133,103,62,31,30,31,0.7744360902255639,0.5,134
2023-01-05,1010,106,91,62,37,15,25,0.8584905660377359,0.5967741935483871,128
2023-01-06,1010,128,77,66,30,51,36,0.6015625,0.45454545454545453,107
2023-01-07,1010,108,84,78,48,24,30,0.7777777777777778,0.6153846153846154,132
2023-01-08,1010,120,77,85,49,43,36,0.6416666666666667,0.5764705882352941,126
2023-01-09,1010,122,78,63,45,44,18,0.639344262295082,0.7142857142857143,123
2023-01-10,1010,141,74,94,53,67,41,0.524822695035461,0.5638297872340425,127
2023-01-11,1010,121,83,60,28,38,32,0.6859504132231405,0.4666666666666667,111
2023-01-12,1010,100,84,53,36,16,17,0.84,0.6792452830188679,120
2023-01-13,1010,149,87,80,36,62,44,0.5838926174496645,0.45,123
2023-01-14,1010,136,81,76,36,55,40,0.5955882352941176,0.47368421052631576,117
2023-01-15,1010,101,93,84,49,8,35,0.9207920792079208,0.5833333333333334,142
2023-01-16,1010,143,57,62,34,86,28,0.3986013986013986,0.5483870967741935,91
2023-01-17,1010,111,80,57,44,31,13,0.7207207207207207,0.7719298245614035,124
2023-01-18,1010,104,75,89,40,29,49,0.7211538461538461,0.449438202247191,115
2023-01-19,1010,110,105,52,45,5,7,0.9545454545454546,0.8653846153846154,150
2023-01-20,1010,110,91,91,40,19,51,0.8272727272727273,0.43956043956043955,131
2023-01-21,1010,112,97,74,30,15,44,0.8660714285714286,0.40540540540540543,127
2023-01-22,1010,122,85,86,46,37,40,0.6967213114754098,0.5348837209302325,131
2023-01-23,1010,128,76,87,49,52,38,0.59375,0.5632183908045977,125
2023-01-24,1010,144,84,62,35,60,27,0.5833333333333334,0.5645161290322581,119
2023-01-25,1010,114,77,82,41,37,41,0.6754385964912281,0.5,118
2023-01-26,1010,126,71,74,53,55,21,0.5634920634920635,0.7162162162162162,124
2023-01-27,1010,117,57,83,44,60,39,0.48717948717948717,0.5301204819277109,101
2023-01-28,1010,122,82,95,41,40,54,0.6721311475409836,0.43157894736842106,123
2023-01-29,1010,140,80,84,43,60,41,0.5714285714285714,0.5119047619047619,123
2023-01-30,1010,129,97,77,43,32,34,0.751937984496124,0.5584415584415584,140
2023-01-31,1010,123,72,58,33,51,25,0.5853658536585366,0.5689655172413793,105
2023-02-01,1010,108,80,57,48,28,9,0.7407407407407407,0.8421052631578947,128
2023-02-02,1010,128,82,86,43,46,43,0.640625,0.5,125
2023-02-03,1010,104,85,58,51,19,7,0.8173076923076923,0.8793103448275862,136
2023-02-04,1010,131,82,88,46,49,42,0.6259541984732825,0.5227272727272727,128
2023-02-05,1010,146,80,98,31,66,67,0.547945205479452,0.3163265306122449,111
2023-02-06,1010,129,72,86,36,57,50,0.5581395348837209,0.4186046511627907,108
2023-02-07,1010,134,69,70,36,65,34,0.5149253731343284,0.5142857142857142,105
2023-02-08,1010,122,84,73,40,38,33,0.6885245901639344,0.547945205479452,124
2023-02-09,1010,120,81,77,49,39,28,0.675,0.6363636363636364,130
2023-02-10,1010,134,78,77,33,56,44,0.582089552238806,0.42857142857142855,111
2023-02-11,1010,101,80,91,43,21,48,0.7920792079207921,0.4725274725274725,123
2023-02-12,1010,138,89,80,27,49,53,0.644927536231884,0.3375,116
2023-02-13,1010,107,80,64,36,27,28,0.7476635514018691,0.5625,116
2023-02-14,1010,111,77,66,48,34,18,0.6936936936936937,0.7272727272727273,125
2023-02-15,1010,143,79,57,50,64,7,0.5524475524475524,0.8771929824561403,129
2023-02-16,1010,100,75,93,37,25,56,0.75,0.3978494623655914,112
2023-02-17,1010,101,76,55,35,25,20,0.7524752475247525,0.6363636363636364,111
2023-02-18,1010,124,79,59,36,45,23,0.6370967741935484,0.6101694915254238,115
2023-02-19,1010,149,70,52,44,79,8,0.4697986577181208,0.8461538461538461,114
2023-02-20,1010,141,60,65,51,81,14,0.425531914893617,0.7846153846153846,111
2023-02-21,1010,113,68,51,40,45,11,0.6017699115044248,0.7843137254901961,108
2023-02-22,1010,150,81,55,46,69,9,0.54,0.8363636363636363,127
2023-02-23,1010,128,100,86,43,28,43,0.78125,0.5,143
2023-02-24,1010,147,72,100,51,75,49,0.4897959183673469,0.51,123
2023-02-25,1010,103,90,54,46,13,8,0.8737864077669902,0.8518518518518519,136
2023-02-26,1010,106,69,51,34,37,17,0.6509433962264151,0.6666666666666666,103
2023-02-27,1010,108,96,72,46,12,26,0.8888888888888888,0.6388888888888888,142
2023-02-28,1010,134,98,56,36,36,20,0.7313432835820896,0.6428571428571429,134
2023-03-01,1010,134,71,54,52,63,2,0.5298507462686567,0.9629629629629629,123
2023-03-02,1010,104,78,53,32,26,21,0.75,0.6037735849056604,110
2023-03-03,1010,132,79,98,29,53,69,0.5984848484848485,0.29591836734693877,108
2023-03-04,1010,119,75,61,27,44,34,0.6302521008403361,0.4426229508196721,102
2023-03-05,1010,134,83,77,39,51,38,0.6194029850746269,0.5064935064935064,122
2023-03-06,1010,146,87,98,53,59,45,0.5958904109589042,0.5408163265306123,140
2023-03-07,1010,123,96,60,43,27,17,0.7804878048780488,0.7166666666666667,139
2023-03-08,1010,140,72,68,47,68,21,0.5142857142857142,0.6911764705882353,119
2023-03-09,1010,147,93,78,39,54,39,0.6326530612244898,0.5,132
2023-03-10,1010,141,97,62,41,44,21,0.6879432624113475,0.6612903225806451,138
2023-03-11,1010,145,64,66,39,81,27,0.4413793103448276,0.5909090909090909,103
2023-03-12,1010,107,89,97,35,18,62,0.8317757009345794,0.36082474226804123,124
2023-03-13,1010,131,73,86,40,58,46,0.5572519083969466,0.46511627906976744,113
2023-03-14,1010,149,72,100,40,77,60,0.48322147651006714,0.4,112
2023-03-15,1010,110,81,80,43,29,37,0.7363636363636363,0.5375,124
2023-03-16,1010,113,94,100,41,19,59,0.831858407079646,0.41,135
2023-03-17,1010,138,85,73,43,53,30,0.6159420289855072,0.589041095890411,128
2023-03-18,1010,144,87,67,41,57,26,0.6041666666666666,0.6119402985074627,128
2023-03-19,1010,138,85,59,29,53,30,0.6159420289855072,0.4915254237288136,114
2023-03-20,1010,110,86,76,43,24,33,0.7818181818181819,0.5657894736842105,129
2023-03-21,1010,134,67,60,55,67,5,0.5,0.9166666666666666,122
2023-03-22,1010,147,75,74,48,72,26,0.5102040816326531,0.6486486486486487,123
2023-03-23,1010,146,99,59,48,47,11,0.678082191780822,0.8135593220338984,147
2023-03-24,1010,144,74,68,37,70,31,0.5138888888888888,0.5441176470588235,111
2023-03-25,1010,123,85,77,44,38,33,0.6910569105691057,0.5714285714285714,129
2023-03-26,1010,140,90,69,44,50,25,0.6428571428571429,0.6376811594202898,134
2023-03-27,1010,119,91,95,39,28,56,0.7647058823529411,0.4105263157894737,130
2023-03-28,1010,108,75,81,45,33,36,0.6944444444444444,0.5555555555555556,120
2023-03-29,1010,106,76,52,48,30,4,0.71698113207547165,0.9230769230769231,124
2023-03-30,1010,145,74,58,37,71,21,0.5103448275862069,0.6379310344827587,111
2023-03-31,1010,130,80,56,47,50,9,0.6153846153846154,0.8392857142857143,127
2023-04-01,1010,121,91,72,34,30,38,0.7520661157024794,0.4722222222222222,125
2023-04-02,1010,135,98,90,43,37,47,0.725925925925926,0.4777777777777778,141
2023-04-03,1010,104,80,79,40,24,39,0.7692307692307693,0.5063291139240507,120
2023-04-04,1010,142,63,84,33,79,51,0.44366197183098594,0.39285714285714285,96
2023-04-05,1010,118,70,58,33,48,25,0.5932203389830508,0.5689655172413793,103
2023-04-06,1010,107,77,77,39,30,38,0.719626168224299,0.5064935064935064,116
2023-04-07,1010,109,82,68,40,27,28,0.7522935779816514,0.5882352941176471,122
2023-04-08,1010,113,88,79,36,25,43,0.7787610619469026,0.45569620253164556,124
2023-04-09,1010,127,91,66,47,36,19,0.7165354330708661,0.7121212121212122,138
2023-04-10,1010,141,85,98,41,56,57,0.6028368794326241,0.41836734693877553,126
2023-04-11,1010,105,77,70,44,28,26,0.7333333333333333,0.6285714285714286,121
2023-04-12,1010,120,96,69,51,24,18,0.8,0.7391304347826086,147
2023-04-13,1010,108,74,77,39,34,38,0.6851851851851852,0.5064935064935064,113
2023-04-14,1010,139,79,82,52,60,30,0.5683453237410072,0.6341463414634146,131
2023-04-15,1010,145,74,63,47,71,16,0.5103448275862069,0.746031746031746,121
2023-04-16,1010,100,81,94,53,19,41,0.81,0.5638297872340425,134
2023-04-17,1010,138,92,85,39,46,46,0.6666666666666666,0.4588235294117647,131
2023-04-18,1010,114,82,99,44,32,55,0.7192982456140351,0.4444444444444444,126
2023-04-19,1010,102,78,90,33,24,57,0.7647058823529411,0.36666666666666664,111
2023-04-20,1010,118,93,80,35,25,45,0.788135593220339,0.4375,128
2023-04-21,1010,143,62,89,54,81,35,0.43356643356643354,0.6067415730337079,116
2023-04-22,1010,126,94,68,49,32,19,0.746031746031746,0.7205882352941176,143
2023-04-23,1010,115,87,67,49,28,18,0.7565217391304347,0.7313432835820896,136
2023-04-24,1010,110,81,50,36,29,14,0.7363636363636363,0.72,117
2023-04-25,1010,113,72,66,37,41,29,0.6371681415929203,0.5606060606060606,109
2023-04-26,1010,121,74,80,47,47,33,0.6115702479338843,0.5875,121
2023-04-27,1010,144,70,90,32,74,58,0.4861111111111111,0.35555555555555557,102
2023-04-28,1010,114,79,85,30,35,55,0.6929824561403509,0.35294117647058826,109
2023-04-29,1010,126,93,67,52,33,15,0.7380952380952381,0.7761194029850746,145
2023-04-30,1010,135,77,72,44,58,28,0.5703703703703704,0.6111111111111112,121
2023-05-01,1010,112,67,67,31,45,36,0.5982142857142857,0.4626865671641791,98
2023-05-02,1010,110,96,63,35,14,28,0.8727272727272727,0.5555555555555556,131
2023-05-03,1010,149,69,93,36,80,57,0.46308724832214765,0.3870967741935484,105
2023-05-04,1010,128,68,96,52,60,44,0.53125,0.5416666666666666,120
2023-05-05,1010,140,93,71,41,47,30,0.6642857142857143,0.5774647887323944,134
2023-05-06,1010,138,92,64,40,46,24,0.6666666666666666,0.625,132
2023-05-07,1010,119,71,99,43,48,56,0.5966386554621849,0.43434343434343436,114
2023-05-08,1010,136,94,89,40,42,49,0.6911764705882353,0.449438202247191,134
2023-05-09,1010,120,81,90,41,39,49,0.675,0.45555555555555555,122
2023-05-10,1010,102,76,68,45,26,23,0.7450980392156863,0.6617647058823529,121
2023-05-11,1010,101,89,69,49,12,20,0.8811881188118812,0.7101449275362319,138
2023-05-12,1010,138,83,80,38,55,42,0.6014492753623188,0.475,121
2023-05-13,1010,102,67,90,37,35,53,0.6568627450980392,0.4111111111111111,104
2023-05-14,1010,104,69,85,38,35,47,0.6634615384615384,0.4470588235294118,107
2023-05-15,1010,121,80,94,37,41,57,0.6611570247933884,0.39361702127659576,117
2023-05-16,1010,130,88,53,40,42,13,0.676923076923077,0.7547169811320755,128
2023-05-17,1010,141,80,65,25,61,40,0.5673758865248227,0.38461538461538464,105
2023-05-18,1010,114,72,83,38,42,45,0.631578947368421,0.4578313253012048,110
2023-05-19,1010,140,87,85,35,53,50,0.6214285714285714,0.4117647058823529,122
2023-05-20,1010,147,67,50,49,80,1,0.4557823129251701,0.98,116
2023-05-21,1010,130,84,89,43,46,46,0.6461538461538462,0.48314606741573035,127
2023-05-22,1010,123,76,67,39,47,28,0.6178861788617886,0.582089552238806,115
2023-05-23,1010,123,82,58,38,41,20,0.6666666666666666,0.6551724137931034,120
2023-05-24,1010,143,85,77,41,58,36,0.5944055944055944,0.5324675324675324,126
2023-05-25,1010,105,72,83,29,33,54,0.6857142857142857,0.3493975903614458,101
2023-05-26,1010,129,90,67,37,39,30,0.6976744186046512,0.5522388059701493,127
2023-05-27,1010,133,78,83,39,55,44,0.5864661654135338,0.46987951807228917,117
2023-05-28,1010,140,76,62,41,64,21,0.5428571428571428,0.6612903225806451,117
2023-05-29,1010,123,65,54,49,58,5,0.5284552845528455,0.9074074074074074,114
2023-05-30,1010,117,77,55,39,40,16,0.6581196581196581,0.7090909090909091,116
2023-05-31,1010,109,93,75,50,16,25,0.8532110091743119,0.6666666666666666,143
2023-06-01,1010,103,83,56,43,20,13,0.8058252427184466,0.7678571428571429,126
2023-06-02,1010,100,81,73,41,19,32,0.81,0.5616438356164384,122
2023-06-03,1010,119,71,53,38,48,15,0.5966386554621849,0.71698113207547165,109
2023-06-04,1010,127,70,67,36,57,31,0.5511811023622047,0.5373134328358209,106
2023-06-05,1010,135,69,66,52,66,14,0.5111111111111111,0.7878787878787878,121
2023-06-06,1010,115,76,52,36,39,16,0.6608695652173913,0.6923076923076923,112
2023-06-07,1010,136,68,89,46,68,43,0.5,0.5168539325842697,114
2023-06-08,1010,125,72,90,46,53,44,0.576,0.5111111111111111,118
2023-06-09,1010,122,65,80,43,57,37,0.5327868852459017,0.5375,108
2023-06-10,1010,100,75,61,24,25,37,0.75,0.39344262295081966,99
2023-06-11,1010,133,80,82,38,53,44,0.6015037593984962,0.4634146341463415,118
2023-06-12,1010,142,69,93,42,73,51,0.4859154929577465,0.45161290322580644,111
2023-06-13,1010,126,78,98,32,48,66,0.6190476190476191,0.32653061224489793,110
2023-06-14,1010,122,64,75,38,58,37,0.5245901639344263,0.5066666666666667,102
2023-06-15,1010,128,73,83,43,55,40,0.5703125,0.5180722891566265,116
2023-06-16,1010,142,93,85,41,49,44,0.6549295774647887,0.4823529411764706,134
2023-06-17,1010,121,80,94,58,41,36,0.6611570247933884,0.6170212765957447,138
2023-06-18,1010,114,83,72,36,31,36,0.7280701754385965,0.5,119
2023-06-19,1010,119,70,67,41,49,26,0.5882352941176471,0.6119402985074627,111
2023-06-20,1010,145,79,86,39,66,47,0.5448275862068965,0.45348837209302323,118
2023-06-21,1010,145,71,80,25,74,55,0.4896551724137931,0.3125,96
2023-06-22,1010,120,85,82,26,35,56,0.7083333333333334,0.3170731707317073,111
2023-06-23,1010,129,83,98,31,46,67,0.6434108527131783,0.3163265306122449,114
2023-06-24,1010,133,73,80,35,60,45,0.5488721804511278,0.4375,108
2023-06-25,1010,149,80,89,33,69,56,0.5369127516778524,0.3707865168539326,113
2023-06-26,1010,113,72,60,34,41,26,0.6371681415929203,0.5666666666666667,106
2023-06-27,1010,145,100,66,41,45,25,0.6896551724137931,0.6212121212121212,141
2023-06-28,1010,128,74,68,35,54,33,0.578125,0.5147058823529411,109
2023-06-29,1010,125,70,50,38,55,12,0.56,0.76,108
2023-06-30,1010,135,99,92,39,36,53,0.7333333333333333,0.42391304347826086,138
2023-07-01,1010,118,93,95,46,25,49,0.788135593220339,0.4842105263157895,139
2023-07-02,1010,147,84,81,36,63,45,0.5714285714285714,0.4444444444444444,120
2023-07-03,1010,124,82,75,46,42,29,0.6612903225806451,0.6133333333333333,128
2023-07-04,1010,131,96,56,47,35,9,0.732824427480916,0.8392857142857143,143
2023-07-05,1010,133,72,56,38,61,18,0.5413533834586466,0.6785714285714286,110
2023-07-06,1010,137,74,84,40,63,44,0.5401459854014599,0.47619047619047616,114
2023-07-07,1010,110,86,92,44,24,48,0.7818181818181819,0.4782608695652174,130
2023-07-08,1010,139,97,75,51,42,24,0.697841726618705,0.68,148
2023-07-09,1010,108,83,56,46,25,10,0.7685185185185185,0.8214285714285714,129
2023-07-10,1010,125,83,65,42,42,23,0.664,0.6461538461538462,125
2023-07-11,1010,123,79,94,41,44,53,0.6422764227642277,0.43617021276595747,120
2023-07-12,1010,110,94,71,43,16,28,0.8545454545454545,0.6056338028169014,137
2023-07-13,1010,113,77,97,41,36,56,0.6814159292035398,0.422680412371134,118
2023-07-14,1010,131,73,99,30,58,69,0.5572519083969466,0.30303030303030304,103
2023-07-15,1010,149,84,61,40,65,21,0.5637583892617449,0.6557377049180327,124
2023-07-16,1010,117,65,64,35,52,29,0.5555555555555556,0.546875,100
2023-07-17,1010,120,84,77,42,36,35,0.7,0.5454545454545454,126
2023-07-18,1010,130,82,70,39,48,31,0.6307692307692307,0.5571428571428572,121
2023-07-19,1010,124,83,95,43,41,52,0.6693548387096774,0.45263157894736844,126
2023-07-20,1010,103,88,67,43,15,24,0.8543689320388349,0.6417910447761194,131
2023-07-21,1010,110,84,82,36,26,46,0.7636363636363637,0.43902439024390244,120
2023-07-22,1010,144,74,57,40,70,17,0.5138888888888888,0.7017543859649122,114
2023-07-23,1010,142,70,87,46,72,41,0.49295774647887325,0.5287356321839081,116
2023-07-24,1010,111,86,90,34,25,56,0.7747747747747747,0.37777777777777777,120
2023-07-25,1010,140,94,80,30,46,50,0.6714285714285714,0.375,124
2023-07-26,1010,150,88,87,44,62,43,0.5866666666666667,0.5057471264367817,132
2023-07-27,1010,127,75,74,34,52,40,0.5905511811023622,0.4594594594594595,109
2023-07-28,1010,139,95,97,30,44,67,0.6834532374100719,0.30927835051546393,125
2023-07-29,1010,110,96,76,36,14,40,0.8727272727272727,0.47368421052631576,132
2023-07-30,1010,139,77,51,30,62,21,0.5539568345323741,0.5882352941176471,107
2023-07-31,1010,123,83,66,32,40,34,0.6747967479674797,0.48484848484848486,115
2023-08-01,1010,130,71,88,38,59,50,0.5461538461538461,0.4318181818181818,109
2023-08-02,1010,119,79,79,40,40,39,0.6638655462184874,0.5063291139240507,119
2023-08-03,1010,116,70,88,45,46,43,0.603448275862069,0.5113636363636364,115
2023-08-04,1010,107,79,68,41,28,27,0.7383177570093458,0.6029411764705882,120
2023-08-05,1010,115,79,82,48,36,34,0.6869565217391305,0.5853658536585366,127
2023-08-06,1010,137,82,67,39,55,28,0.5985401459854015,0.582089552238806,121
2023-08-07,1010,137,78,64,32,59,32,0.5693430656934306,0.5,110
2023-08-08,1010,128,81,51,40,47,11,0.6328125,0.7843137254901961,121
2023-08-09,1010,134,69,60,33,65,27,0.5149253731343284,0.55,102
2023-08-10,1010,128,73,68,36,55,32,0.5703125,0.5294117647058824,109
2023-08-11,1010,149,88,94,43,61,51,0.5906040268456376,0.4574468085106383,131
2023-08-12,1010,123,79,79,48,44,31,0.6422764227642277,0.6075949367088608,127
2023-08-13,1010,118,94,73,47,24,26,0.7966101694915254,0.6438356164383562,141
2023-08-14,1010,125,89,80,23,36,57,0.712,0.2875,112
2023-08-15,1010,131,78,89,40,53,49,0.5954198473282443,0.449438202247191,118
2023-08-16,1010,100,83,70,35,17,35,0.83,0.5,118
2023-08-17,1010,143,68,73,41,75,32,0.4755244755244755,0.5616438356164384,109
2023-08-18,1010,137,96,54,46,41,8,0.7007299270072993,0.8518518518518519,142
2023-08-19,1010,134,78,87,31,56,56,0.582089552238806,0.3563218390804598,109
2023-08-20,1010,130,78,75,40,52,35,0.6,0.5333333333333333,118
2023-08-21,1010,106,58,68,30,48,38,0.5471698113207547,0.4411764705882353,88
2023-08-22,1010,131,79,96,38,52,58,0.6030534351145038,0.3958333333333333,117
2023-08-23,1010,149,93,73,38,56,35,0.6241610738255033,0.5205479452054794,131
2023-08-24,1010,144,86,64,33,58,31,0.5972222222222222,0.515625,119
2023-08-25,1010,116,76,54,35,40,19,0.6551724137931034,0.6481481481481481,111
2023-08-26,1010,120,75,86,47,45,39,0.625,0.5465116279069767,122
2023-08-27,1010,118,86,61,47,32,14,0.7288135593220338,0.7704918032786885,133
2023-08-28,1010,107,89,75,51,18,24,0.8317757009345794,0.68,140
2023-08-29,1010,123,62,70,36,61,34,0.5040650406504065,0.5142857142857142,98
2023-08-30,1010,104,63,96,38,41,58,0.6057692307692307,0.3958333333333333,101
2023-08-31,1010,138,80,67,33,58,34,0.5797101449275363,0.4925373134328358,113
2023-09-01,1010,111,70,80,41,41,39,0.6306306306306306,0.5125,111
2023-09-02,1010,137,92,72,38,45,34,0.6715328467153284,0.5277777777777778,130
2023-09-03,1010,125,74,54,50,51,4,0.592,0.9259259259259259,124
2023-09-04,1010,125,72,100,37,53,63,0.576,0.37,109
2023-09-05,1010,140,92,91,52,48,39,0.6571428571428571,0.5714285714285714,144
2023-09-06,1010,120,87,70,37,33,33,0.725,0.5285714285714286,124
2023-09-07,1010,131,100,71,27,31,44,0.7633587786259542,0.38028169014084506,127
2023-09-08,1010,107,75,56,43,32,13,0.7009345794392523,0.7678571428571429,118
2023-09-09,1010,146,77,65,48,69,17,0.5273972602739726,0.7384615384615385,125
2023-09-10,1010,122,78,67,31,44,36,0.639344262295082,0.4626865671641791,109
2023-09-11,1010,105,89,86,44,16,42,0.8476190476190476,0.5116279069767442,133
2023-09-12,1010,132,79,95,48,53,47,0.5984848484848485,0.5052631578947369,127
2023-09-13,1010,145,70,85,44,75,41,0.4827586206896552,0.5176470588235295,114
2023-09-14,1010,114,82,66,40,32,26,0.7192982456140351,0.6060606060606061,122
2023-09-15,1010,124,81,90,44,43,46,0.6532258064516129,0.4888888888888889,125
2023-09-16,1010,142,74,55,47,68,8,0.5211267605633803,0.8545454545454545,121
2023-09-17,1010,109,79,55,38,30,17,0.7247706422018348,0.6909090909090909,117
2023-09-18,1010,125,82,78,47,43,31,0.656,0.6025641025641025,129
2023-09-19,1010,103,79,84,53,24,31,0.7669902912621359,0.6309523809523809,132
2023-09-20,1010,119,94,54,42,25,12,0.7899159663865546,0.7777777777777778,136
2023-09-21,1010,127,72,77,46,55,31,0.5669291338582677,0.5974025974025974,118
2023-09-22,1010,138,74,64,50,64,14,0.5362318840579711,0.78125,124
2023-09-23,1010,116,63,57,32,53,25,0.5431034482758621,0.5614035087719298,95
2023-09-24,1010,110,85,67,36,25,31,0.7727272727272727,0.5373134328358209,121
2023-09-25,1010,135,72,57,36,63,21,0.5333333333333333,0.631578947368421,108
2023-09-26,1010,109,72,91,34,37,57,0.6605504587155964,0.37362637362637363,106
2023-09-27,1010,116,87,94,32,29,62,0.75,0.3404255319148936,119
2023-09-28,1010,144,81,97,53,63,44,0.5625,0.5463917525773195,134
2023-09-29,1010,132,87,86,37,45,49,0.6590909090909091,0.43023255813953487,124
2023-09-30,1010,141,73,52,42,68,10,0.5177304964539007,0.8076923076923077,115
2023-10-01,1010,123,88,60,40,35,20,0.7154471544715447,0.6666666666666666,128
2023-10-02,1010,143,83,92,46,60,46,0.5804195804195804,0.5,129
2023-10-03,1010,144,67,96,47,77,49,0.4652777777777778,0.4895833333333333,114
2023-10-04,1010,144,84,99,38,60,61,0.5833333333333334,0.3838383838383838,122
2023-10-05,1010,138,61,87,44,77,43,0.4420289855072464,0.5057471264367817,105
2023-10-06,1010,125,82,76,36,43,40,0.656,0.47368421052631576,118
2023-10-07,1010,145,92,84,38,53,46,0.6344827586206897,0.4523809523809524,130
2023-10-08,1010,133,98,72,57,35,15,0.7368421052631579,0.7916666666666666,155
2023-10-09,1010,132,77,66,33,55,33,0.5833333333333334,0.5,110
2023-10-10,1010,108,102,85,38,6,47,0.9444444444444444,0.4470588235294118,140
2023-10-11,1010,111,68,92,32,43,60,0.6126126126126126,0.34782608695652173,100
2023-10-12,1010,117,82,68,46,35,22,0.7008547008547008,0.6764705882352942,128
2023-10-13,1010,119,74,76,47,45,29,0.6218487394957983,0.618421052631579,121
2023-10-14,1010,121,71,50,36,50,14,0.5867768595041323,0.72,107
2023-10-15,1010,135,72,81,43,63,38,0.5333333333333333,0.5308641975308642,115
2023-10-16,1010,134,85,60,40,49,20,0.6343283582089553,0.6666666666666666,125
2023-10-17,1010,115,90,57,35,25,22,0.782608695652174,0.6140350877192983,125
2023-10-18,1010,118,74,86,38,44,48,0.6271186440677966,0.4418604651162791,112
2023-10-19,1010,111,90,82,34,21,48,0.8108108108108109,0.4146341463414634,124
2023-10-20,1010,106,85,97,27,21,70,0.8018867924528302,0.27835051546391754,112
2023-10-21,1010,150,87,75,31,63,44,0.58,0.41333333333333333,118
2023-10-22,1010,127,92,81,44,35,37,0.7244094488188977,0.5432098765432098,136
2023-10-23,1010,113,86,75,33,27,42,0.7610619469026548,0.44,119
2023-10-24,1010,114,65,53,46,49,7,0.5701754385964912,0.8679245283018868,111
2023-10-25,1010,101,88,74,46,13,28,0.8712871287128713,0.6216216216216216,134
2023-10-26,1010,114,80,60,37,34,23,0.7017543859649122,0.6166666666666667,117
2023-10-27,1010,124,74,96,36,50,60,0.5967741935483871,0.375,110
2023-10-28,1010,135,72,78,43,63,35,0.5333333333333333,0.5512820512820513,115
2023-10-29,1010,137,92,94,42,45,52,0.6715328467153284,0.44680851063829785,134
2023-10-30,1010,145,71,75,47,74,28,0.4896551724137931,0.6266666666666667,118
2023-10-31,1010,107,77,58,35,30,23,0.719626168224299,0.603448275862069,112
2023-11-01,1010,131,82,87,40,49,47,0.6259541984732825,0.45977011494252873,122
2023-11-02,1010,149,69,84,39,80,45,0.46308724832214765,0.4642857142857143,108
2023-11-03,1010,145,83,93,34,62,59,0.5724137931034483,0.3655913978494624,117
2023-11-04,1010,142,72,97,34,70,63,0.5070422535211268,0.35051546391752575,106
2023-11-05,1010,132,84,89,39,48,50,0.6363636363636364,0.43820224719101125,123
2023-11-06,1010,144,74,99,33,70,66,0.5138888888888888,0.3333333333333333,107
2023-11-07,1010,126,82,64,41,44,23,0.6507936507936508,0.640625,123
2023-11-08,1010,119,105,78,35,14,43,0.8823529411764706,0.44871794871794873,140
2023-11-09,1010,103,77,87,38,26,49,0.7475728155339806,0.4367816091954023,115
2023-11-10,1010,121,82,85,37,39,48,0.6776859504132231,0.43529411764705883,119
2023-11-11,1010,132,87,77,29,45,48,0.6590909090909091,0.37662337662337664,116
2023-11-12,1010,137,84,92,38,53,54,0.6131386861313869,0.41304347826086957,122
2023-11-13,1010,140,80,62,33,60,29,0.5714285714285714,0.532258064516129,113
2023-11-14,1010,104,86,71,39,18,32,0.8269230769230769,0.5492957746478874,125
2023-11-15,1010,103,82,76,52,21,24,0.7961165048543689,0.6842105263157895,134
2023-11-16,1010,109,81,50,35,28,15,0.7431192660550459,0.7,116
2023-11-17,1010,137,78,73,35,59,38,0.5693430656934306,0.4794520547945205,113
2023-11-18,1010,115,76,100,32,39,68,0.6608695652173913,0.32,108
2023-11-19,1010,101,76,94,38,25,56,0.7524752475247525,0.40425531914893614,114
2023-11-20,1010,123,69,58,40,54,18,0.5609756097560976,0.6896551724137931,109
2023-11-21,1010,136,90,60,42,46,18,0.6617647058823529,0.7,132
2023-11-22,1010,124,72,70,32,52,38,0.5806451612903226,0.45714285714285713,104
2023-11-23,1010,139,76,58,44,63,14,0.5467625899280576,0.7586206896551724,120
2023-11-24,1010,106,73,79,47,33,32,0.6886792452830188,0.5949367088607594,120
2023-11-25,1010,108,84,62,36,24,26,0.7777777777777778,0.5806451612903226,120
2023-11-26,1010,100,83,88,32,17,56,0.83,0.36363636363636365,115
2023-11-27,1010,130,91,90,45,39,45,0.7,0.5,136
2023-11-28,1010,102,89,91,31,13,60,0.8725490196078431,0.34065934065934067,120
2023-11-29,1010,114,92,84,42,22,42,0.8070175438596491,0.5,134
2023-11-30,1010,146,81,73,28,65,45,0.5547945205479452,0.3835616438356164,109
2023-12-01,1010,139,98,89,30,41,59,0.7050359712230215,0.33707865168539325,128
2023-12-02,1010,112,89,58,34,23,24,0.7946428571428571,0.5862068965517241,123
2023-12-03,1010,137,79,70,42,58,28,0.5766423357664233,0.6,121
2023-12-04,1010,123,74,98,45,49,53,0.6016260162601627,0.45918367346938777,119
2023-12-05,1010,110,84,54,43,26,11,0.7636363636363637,0.7962962962962963,127
2023-12-06,1010,114,74,76,39,40,37,0.6491228070175439,0.5131578947368421,113
2023-12-07,1010,123,71,67,37,52,30,0.5772357723577236,0.5522388059701493,108
2023-12-08,1010,124,94,79,56,30,23,0.7580645161290323,0.7088607594936709,150
2023-12-09,1010,134,91,60,43,43,17,0.6791044776119403,0.7166666666666667,134
2023-12-10,1010,138,78,81,35,60,46,0.5652173913043478,0.43209876543209874,113
2023-12-11,1010,131,73,96,36,58,60,0.5572519083969466,0.375,109
2023-12-12,1010,139,71,76,37,68,39,0.5107913669064749,0.4868421052631579,108
2023-12-13,1010,117,79,81,41,38,40,0.6752136752136753,0.5061728395061729,120
2023-12-14,1010,147,70,64,42,77,22,0.47619047619047616,0.65625,112
2023-12-15,1010,136,79,52,49,57,3,0.5808823529411765,0.9423076923076923,128
2023-12-16,1010,144,87,87,48,57,39,0.6041666666666666,0.5517241379310345,135
2023-12-17,1010,117,92,53,46,25,7,0.7863247863247863,0.8679245283018868,138
2023-12-18,1010,111,78,97,36,33,61,0.7027027027027027,0.3711340206185567,114
2023-12-19,1010,140,65,70,45,75,25,0.4642857142857143,0.6428571428571429,110
2023-12-20,1010,117,79,82,37,38,45,0.6752136752136753,0.45121951219512196,116
2023-12-21,1010,136,68,61,40,68,21,0.5,0.6557377049180327,108
2023-12-22,1010,125,70,84,37,55,47,0.56,0.44047619047619047,107
2023-12-23,1010,104,82,95,50,22,45,0.7884615384615384,0.5263157894736842,132
2023-12-24,1010,129,90,90,38,39,52,0.6976744186046512,0.4222222222222222,128
2023-12-25,1010,133,86,59,39,47,20,0.6466165413533834,0.6610169491525424,125
2023-12-26,1010,143,91,71,39,52,32,0.6363636363636364,0.5492957746478874,130
2023-12-27,1010,113,75,88,38,38,50,0.6637168141592921,0.4318181818181818,113
2023-12-28,1010,125,86,90,47,39,43,0.688,0.5222222222222223,133
2023-12-29,1010,127,93,89,43,34,46,0.7322834645669292,0.48314606741573035,136
2023-12-30,1010,126,91,72,36,35,36,0.7222222222222222,0.5,127
2023-12-31,1010,125,80,64,55,45,9,0.64,0.859375,135
2023-01-01,1011,118,82,94,39,36,55,0.6949152542372882,0.4148936170212766,121
2023-01-02,1011,112,85,59,41,27,18,0.7589285714285714,0.6949152542372882,126
2023-01-03,1011,124,91,73,45,33,28,0.7338709677419355,0.6164383561643836,136
2023-01-04,1011,111,67,71,43,44,28,0.6036036036036037,0.6056338028169014,110
2023-01-05,1011,142,85,55,42,57,13,0.5985915492957746,0.7636363636363637,127
2023-01-06,1011,108,84,88,37,24,51,0.7777777777777778,0.42045454545454547,121
2023-01-07,1011,119,69,93,39,50,54,0.5798319327731093,0.41935483870967744,108
2023-01-08,1011,126,82,52,36,44,16,0.6507936507936508,0.6923076923076923,118
2023-01-09,1011,117,81,88,38,36,50,0.6923076923076923,0.4318181818181818,119
2023-01-10,1011,130,73,83,37,57,46,0.5615384615384615,0.4457831325301205,110
2023-01-11,1011,120,90,63,29,30,34,0.75,0.4603174603174603,119
2023-01-12,1011,125,89,80,39,36,41,0.712,0.4875,128
2023-01-13,1011,128,80,72,34,48,38,0.625,0.4722222222222222,114
2023-01-14,1011,135,75,96,36,60,60,0.5555555555555556,0.375,111
2023-01-15,1011,145,87,83,28,58,55,0.6,0.3373493975903614,115
2023-01-16,1011,132,59,52,41,73,11,0.44696969696969696,0.7884615384615384,100
2023-01-17,1011,118,75,81,37,43,44,0.635593220338983,0.4567901234567901,112
2023-01-18,1011,115,75,71,63,40,8,0.6521739130434783,0.8873239436619719,138
2023-01-19,1011,144,83,90,61,61,29,0.5763888888888888,0.6777777777777778,144
2023-01-20,1011,104,81,79,49,23,30,0.7788461538461539,0.620253164556962,130
2023-01-21,1011,131,78,85,44,53,41,0.5954198473282443,0.5176470588235295,122
2023-01-22,1011,118,80,92,34,38,58,0.6779661016949152,0.3695652173913043,114
2023-01-23,1011,113,72,96,38,41,58,0.6371681415929203,0.3958333333333333,110
2023-01-24,1011,113,85,79,37,28,42,0.7522123893805309,0.46835443037974683,122
2023-01-25,1011,105,82,55,44,23,11,0.780952380952381,0.8,126
2023-01-26,1011,116,72,88,43,44,45,0.6206896551724138,0.48863636363636365,115
2023-01-27,1011,139,70,57,33,69,24,0.5035971223021583,0.5789473684210527,103
2023-01-28,1011,107,74,55,35,33,20,0.6915887850467289,0.6363636363636364,109
2023-01-29,1011,147,90,88,36,57,52,0.6122448979591837,0.4090909090909091,126
2023-01-30,1011,132,94,62,28,38,34,0.7121212121212122,0.45161290322580644,122
2023-01-31,1011,133,70,71,41,63,30,0.5263157894736842,0.5774647887323944,111
2023-02-01,1011,112,82,50,29,30,21,0.7321428571428571,0.58,111
2023-02-02,1011,148,67,62,40,81,22,0.4527027027027027,0.6451612903225806,107
2023-02-03,1011,115,65,76,32,50,44,0.5652173913043478,0.42105263157894735,97
2023-02-04,1011,110,96,74,33,14,41,0.8727272727272727,0.44594594594594594,129
2023-02-05,1011,113,83,66,41,30,25,0.7345132743362832,0.6212121212121212,124
2023-02-06,1011,132,81,58,39,51,19,0.6136363636363636,0.6724137931034483,120
2023-02-07,1011,136,78,51,39,58,12,0.5735294117647058,0.7647058823529411,117
2023-02-08,1011,133,63,53,35,70,18,0.47368421052631576,0.660377358490566,98
2023-02-09,1011,110,81,69,43,29,26,0.7363636363636363,0.6231884057971014,124
2023-02-10,1011,112,87,75,43,25,32,0.7767857142857143,0.5733333333333334,130
2023-02-11,1011,126,83,75,41,43,34,0.6587301587301587,0.5466666666666666,124
2023-02-12,1011,150,84,94,35,66,59,0.56,0.3723404255319149,119
2023-02-13,1011,142,94,90,41,48,49,0.6619718309859155,0.45555555555555555,135
2023-02-14,1011,119,65,76,35,54,41,0.5462184873949579,0.4605263157894737,100
2023-02-15,1011,149,80,50,36,69,14,0.5369127516778524,0.72,116
2023-02-16,1011,124,86,51,48,38,3,0.6935483870967742,0.9411764705882353,134
2023-02-17,1011,144,68,63,39,76,24,0.4722222222222222,0.6190476190476191,107
2023-02-18,1011,128,81,62,23,47,39,0.6328125,0.3709677419354839,104
2023-02-19,1011,116,73,68,46,43,22,0.6293103448275862,0.6764705882352942,119
2023-02-20,1011,148,91,62,38,57,24,0.6148648648648649,0.6129032258064516,129
2023-02-21,1011,127,79,85,41,48,44,0.6220472440944882,0.4823529411764706,120
2023-02-22,1011,144,88,79,44,56,35,0.6111111111111112,0.5569620253164557,132
2023-02-23,1011,119,74,89,52,45,37,0.6218487394957983,0.5842696629213483,126
2023-02-24,1011,104,77,86,34,27,52,0.7403846153846154,0.3953488372093023,111
2023-02-25,1011,101,81,76,40,20,36,0.801980198019802,0.5263157894736842,121
2023-02-26,1011,120,74,84,38,46,46,0.6166666666666667,0.4523809523809524,112
2023-02-27,1011,133,77,95,43,56,52,0.5789473684210527,0.45263157894736844,120
2023-02-28,1011,130,78,87,46,52,41,0.6,0.5287356321839081,124
2023-03-01,1011,101,80,56,41,21,15,0.7920792079207921,0.7321428571428571,121
2023-03-02,1011,118,84,88,45,34,43,0.711864406779661,0.5113636363636364,129
2023-03-03,1011,107,77,93,36,30,57,0.719626168224299,0.3870967741935484,113
2023-03-04,1011,127,86,54,38,41,16,0.6771653543307087,0.7037037037037037,124
2023-03-05,1011,122,87,86,35,35,51,0.7131147540983607,0.4069767441860465,122
2023-03-06,1011,108,80,82,34,28,48,0.7407407407407407,0.4146341463414634,114
2023-03-07,1011,114,93,54,34,21,20,0.8157894736842105,0.6296296296296297,127
2023-03-08,1011,129,73,58,38,56,20,0.5658914728682171,0.6551724137931034,111
2023-03-09,1011,131,77,77,39,54,38,0.5877862595419847,0.5064935064935064,116
2023-03-10,1011,136,70,69,43,66,26,0.5147058823529411,0.6231884057971014,113
2023-03-11,1011,127,74,51,51,53,0,0.5826771653543307,1,125
2023-03-12,1011,147,79,63,40,68,23,0.5374149659863946,0.6349206349206349,119
2023-03-13,1011,121,80,66,47,41,19,0.6611570247933884,0.7121212121212122,127
2023-03-14,1011,104,69,100,41,35,59,0.6634615384615384,0.41,110
2023-03-15,1011,108,90,56,46,18,10,0.8333333333333334,0.8214285714285714,136
2023-03-16,1011,103,90,75,24,13,51,0.8737864077669902,0.32,114
2023-03-17,1011,116,77,95,35,39,60,0.6637931034482759,0.3684210526315789,112
2023-03-18,1011,148,86,74,49,62,25,0.581081081081081,0.6621621621621622,135
2023-03-19,1011,102,75,75,34,27,41,0.7352941176470589,0.4533333333333333,109
2023-03-20,1011,120,86,71,39,34,32,0.7166666666666667,0.5492957746478874,125
2023-03-21,1011,148,68,51,37,80,14,0.4594594594594595,0.7254901960784313,105
2023-03-22,1011,120,79,66,39,41,27,0.6583333333333333,0.5909090909090909,118
2023-03-23,1011,132,85,56,31,47,25,0.6439393939393939,0.5535714285714286,116
2023-03-24,1011,141,90,88,43,51,45,0.6382978723404256,0.48863636363636365,133
2023-03-25,1011,120,67,57,37,53,20,0.5583333333333333,0.6491228070175439,104
2023-03-26,1011,114,88,55,39,26,16,0.7719298245614035,0.7090909090909091,127
2023-03-27,1011,142,73,77,35,69,42,0.5140845070422535,0.45454545454545453,108
2023-03-28,1011,134,78,72,30,56,42,0.582089552238806,0.4166666666666667,108
2023-03-29,1011,116,76,89,49,40,40,0.6551724137931034,0.550561797752809,125
2023-03-30,1011,123,75,78,42,48,36,0.6097560975609756,0.5384615384615384,117
2023-03-31,1011,148,76,69,43,72,26,0.5135135135135135,0.6231884057971014,119
2023-04-01,1011,138,67,100,40,71,60,0.4855072463768116,0.4,107
2023-04-02,1011,128,85,85,43,43,42,0.6640625,0.5058823529411764,128
2023-04-03,1011,131,78,67,36,53,31,0.5954198473282443,0.5373134328358209,114
2023-04-04,1011,133,75,72,39,58,33,0.5639097744360902,0.5416666666666666,114
2023-04-05,1011,142,74,78,37,68,41,0.5211267605633803,0.47435897435897434,111
2023-04-06,1011,143,87,54,49,56,5,0.6083916083916084,0.9074074074074074,136
2023-04-07,1011,149,96,97,33,53,64,0.6442953020134228,0.3402061855670103,129
2023-04-08,1011,150,81,96,38,69,58,0.54,0.3958333333333333,119
2023-04-09,1011,116,75,88,43,41,45,0.646551724137931,0.48863636363636365,118
2023-04-10,1011,134,84,82,43,50,39,0.6268656716417911,0.524390243902439,127
2023-04-11,1011,101,89,98,36,12,62,0.8811881188118812,0.3673469387755102,125
2023-04-12,1011,131,86,74,51,45,23,0.6564885496183206,0.6891891891891891,137
2023-04-13,1011,141,90,65,35,51,30,0.6382978723404256,0.5384615384615384,125
2023-04-14,1011,115,86,92,41,29,51,0.7478260869565218,0.44565217391304346,127
2023-04-15,1011,146,85,63,38,61,25,0.5821917808219178,0.6031746031746031,123
2023-04-16,1011,140,87,56,35,53,21,0.6214285714285714,0.625,122
2023-04-17,1011,101,78,82,36,23,46,0.7722772277227723,0.43902439024390244,114
2023-04-18,1011,121,91,81,32,30,49,0.7520661157024794,0.3950617283950617,123
2023-04-19,1011,101,82,54,46,19,8,0.8118811881188119,0.8518518518518519,128
2023-04-20,1011,118,67,70,42,51,28,0.5677966101694916,0.6,109
2023-04-21,1011,122,77,71,38,45,33,0.6311475409836066,0.5352112676056338,115
2023-04-22,1011,147,86,88,38,61,50,0.5850340136054422,0.4318181818181818,124
2023-04-23,1011,108,71,66,30,37,36,0.6574074074074074,0.45454545454545453,101
2023-04-24,1011,147,80,65,47,67,18,0.54421768707483,0.7230769230769231,127
2023-04-25,1011,150,84,83,40,66,43,0.56,0.4819277108433735,124
2023-04-26,1011,136,86,84,41,50,43,0.6323529411764706,0.4880952380952381,127
2023-04-27,1011,133,80,56,34,53,22,0.6015037593984962,0.6071428571428571,114
2023-04-28,1011,131,78,98,47,53,51,0.5954198473282443,0.47959183673469385,125
2023-04-29,1011,106,69,98,45,37,53,0.6509433962264151,0.45918367346938777,114
2023-04-30,1011,101,87,79,35,14,44,0.8613861386138614,0.4430379746835443,122
2023-05-01,1011,148,88,95,49,60,46,0.5945945945945946,0.5157894736842106,137
2023-05-02,1011,148,92,97,48,56,49,0.6216216216216216,0.4948453608247423,140
2023-05-03,1011,107,89,77,43,18,34,0.8317757009345794,0.5584415584415584,132
2023-05-04,1011,124,74,90,40,50,50,0.5967741935483871,0.4444444444444444,114
2023-05-05,1011,112,94,61,32,18,29,0.8392857142857143,0.5245901639344263,126
2023-05-06,1011,100,82,94,48,18,46,0.82,0.5106382978723404,130
2023-05-07,1011,137,75,95,36,62,59,0.5474452554744526,0.37894736842105264,111
2023-05-08,1011,116,64,62,45,52,17,0.5517241379310345,0.7258064516129032,109
2023-05-09,1011,140,79,71,45,61,26,0.5642857142857143,0.6338028169014085,124
2023-05-10,1011,146,96,76,46,50,30,0.6575342465753424,0.6052631578947368,142
2023-05-11,1011,122,86,65,48,36,17,0.7049180327868853,0.7384615384615385,134
2023-05-12,1011,122,76,94,45,46,49,0.6229508196721312,0.4787234042553192,121
2023-05-13,1011,123,69,91,40,54,51,0.5609756097560976,0.43956043956043955,109
2023-05-14,1011,150,69,98,32,81,66,0.46,0.32653061224489793,101
2023-05-15,1011,132,74,93,33,58,60,0.5606060606060606,0.3548387096774194,107
2023-05-16,1011,112,85,83,41,27,42,0.7589285714285714,0.4939759036144578,126
2023-05-17,1011,130,89,85,48,41,37,0.6846153846153846,0.5647058823529412,137
2023-05-18,1011,123,80,92,40,43,52,0.6504065040650406,0.43478260869565216,120
2023-05-19,1011,136,75,96,39,61,57,0.5514705882352942,0.40625,114
2023-05-20,1011,142,72,62,40,70,22,0.5070422535211268,0.6451612903225806,112
2023-05-21,1011,103,84,52,49,19,3,0.8155339805825242,0.9423076923076923,133
2023-05-22,1011,139,78,78,40,61,38,0.5611510791366906,0.5128205128205128,118
2023-05-23,1011,121,74,63,41,47,22,0.6115702479338843,0.6507936507936508,115
2023-05-24,1011,135,69,95,34,66,61,0.5111111111111111,0.35789473684210527,103
2023-05-25,1011,123,87,55,47,36,8,0.7073170731707317,0.8545454545454545,134
2023-05-26,1011,115,75,63,40,40,23,0.6521739130434783,0.6349206349206349,115
2023-05-27,1011,141,81,65,47,60,18,0.574468085106383,0.7230769230769231,128
2023-05-28,1011,105,81,69,32,24,37,0.7714285714285715,0.463768115942029,113
2023-05-29,1011,150,83,52,44,67,8,0.5533333333333333,0.8461538461538461,127
2023-05-30,1011,148,87,66,23,61,43,0.5878378378378378,0.3484848484848485,110
2023-05-31,1011,124,81,58,43,43,15,0.6532258064516129,0.7413793103448276,124
2023-06-01,1011,121,72,80,45,49,35,0.5950413223140496,0.5625,117
2023-06-02,1011,148,83,81,42,65,39,0.5608108108108109,0.5185185185185185,125
2023-06-03,1011,112,71,98,39,41,59,0.6339285714285714,0.3979591836734694,110
2023-06-04,1011,131,76,68,43,55,25,0.5801526717557252,0.6323529411764706,119
2023-06-05,1011,128,78,69,35,50,34,0.609375,0.5072463768115942,113
2023-06-06,1011,122,70,75,41,52,34,0.5737704918032787,0.5466666666666666,111
2023-06-07,1011,133,78,86,48,55,38,0.5864661654135338,0.5581395348837209,126
2023-06-08,1011,121,72,62,36,49,26,0.5950413223140496,0.5806451612903226,108
2023-06-09,1011,103,76,56,38,27,18,0.7378640776699029,0.6785714285714286,114
2023-06-10,1011,129,85,61,33,44,28,0.6589147286821705,0.5409836065573771,118
2023-06-11,1011,141,76,82,46,65,36,0.5390070921985816,0.5609756097560976,122
2023-06-12,1011,102,89,96,38,13,58,0.8725490196078431,0.3958333333333333,127
2023-06-13,1011,109,103,59,47,6,12,0.944954128440367,0.7966101694915254,150
2023-06-14,1011,101,74,89,27,27,62,0.7326732673267327,0.30337078651685395,101
2023-06-15,1011,107,82,97,34,25,63,0.7663551401869159,0.35051546391752575,116
2023-06-16,1011,147,75,62,28,72,34,0.5102040816326531,0.45161290322580644,103
2023-06-17,1011,101,93,59,38,8,21,0.9207920792079208,0.6440677966101694,131
2023-06-18,1011,145,71,56,38,74,18,0.4896551724137931,0.6785714285714286,109
2023-06-19,1011,141,92,69,49,49,20,0.6524822695035462,0.7101449275362319,141
2023-06-20,1011,140,74,98,37,66,61,0.5285714285714286,0.37755102040816324,111
2023-06-21,1011,124,75,50,44,49,6,0.6048387096774194,0.88,119
2023-06-22,1011,126,69,52,52,57,0,0.5476190476190477,1,121
2023-06-23,1011,143,82,86,45,61,41,0.5734265734265734,0.5232558139534884,127
2023-06-24,1011,138,92,77,39,46,38,0.6666666666666666,0.5064935064935064,131
2023-06-25,1011,114,92,71,36,22,35,0.8070175438596491,0.5070422535211268,128
2023-06-26,1011,149,86,95,52,63,43,0.5771812080536913,0.5473684210526316,138
2023-06-27,1011,128,80,88,34,48,54,0.625,0.38636363636363635,114
2023-06-28,1011,130,83,62,43,47,19,0.6384615384615384,0.6935483870967742,126
2023-06-29,1011,111,77,64,41,34,23,0.6936936936936937,0.640625,118
2023-06-30,1011,113,105,53,53,8,0,0.9292035398230089,1,158
2023-07-01,1011,132,84,56,43,48,13,0.6363636363636364,0.7678571428571429,127
2023-07-02,1011,120,101,76,40,19,36,0.8416666666666667,0.5263157894736842,141
2023-07-03,1011,139,73,56,35,66,21,0.5251798561151079,0.625,108
2023-07-04,1011,132,75,73,35,57,38,0.5681818181818182,0.4794520547945205,110
2023-07-05,1011,124,79,51,35,45,16,0.6370967741935484,0.6862745098039216,114
2023-07-06,1011,140,77,67,42,63,25,0.55,0.6268656716417911,119
2023-07-07,1011,125,65,61,54,60,7,0.52,0.8852459016393442,119
2023-07-08,1011,148,85,84,43,63,41,0.5743243243243243,0.5119047619047619,128
2023-07-09,1011,111,66,71,43,45,28,0.5945945945945946,0.6056338028169014,109
2023-07-10,1011,111,68,94,32,43,62,0.6126126126126126,0.3404255319148936,100
2023-07-11,1011,119,73,92,39,46,53,0.6134453781512605,0.42391304347826086,112
2023-07-12,1011,150,69,64,34,81,30,0.46,0.53125,103
2023-07-13,1011,149,76,67,54,73,13,0.5100671140939598,0.8059701492537313,130
2023-07-14,1011,131,81,65,38,50,27,0.6183206106870229,0.5846153846153846,119
2023-07-15,1011,142,59,61,40,83,21,0.4154929577464789,0.6557377049180327,99
2023-07-16,1011,133,71,80,34,62,46,0.5338345864661654,0.425,105
2023-07-17,1011,123,75,97,51,48,46,0.6097560975609756,0.5257731958762887,126
2023-07-18,1011,109,74,91,40,35,51,0.6788990825688074,0.43956043956043955,114
2023-07-19,1011,144,82,87,45,62,42,0.5694444444444444,0.5172413793103449,127
2023-07-20,1011,107,62,95,37,45,58,0.5794392523364486,0.3894736842105263,99
2023-07-21,1011,124,76,69,41,48,28,0.6129032258064516,0.5942028985507246,117
2023-07-22,1011,147,76,95,43,71,52,0.5170068027210885,0.45263157894736844,119
2023-07-23,1011,125,69,64,42,56,22,0.552,0.65625,111
2023-07-24,1011,113,82,99,33,31,66,0.7256637168141593,0.3333333333333333,115
2023-07-25,1011,135,82,67,44,53,23,0.6074074074074074,0.6567164179104478,126
2023-07-26,1011,143,84,58,38,59,20,0.5874125874125874,0.6551724137931034,122
2023-07-27,1011,130,87,71,40,43,31,0.6692307692307692,0.5633802816901409,127
2023-07-28,1011,113,83,88,43,30,45,0.7345132743362832,0.48863636363636365,126
2023-07-29,1011,106,79,64,46,27,18,0.7452830188679245,0.71875,125
2023-07-30,1011,149,89,70,33,60,37,0.5973154362416108,0.4714285714285714,122
2023-07-31,1011,122,82,76,30,40,46,0.6721311475409836,0.39473684210526316,112
2023-08-01,1011,137,91,85,39,46,46,0.6642335766423357,0.4588235294117647,130
2023-08-02,1011,108,90,77,34,18,43,0.8333333333333334,0.44155844155844154,124
2023-08-03,1011,140,90,72,42,50,30,0.6428571428571429,0.5833333333333334,132
2023-08-04,1011,131,90,57,42,41,15,0.6870229007633588,0.7368421052631579,132
2023-08-05,1011,114,71,98,34,43,64,0.6228070175438597,0.3469387755102041,105
2023-08-06,1011,148,91,78,41,57,37,0.6148648648648649,0.5256410256410257,132
2023-08-07,1011,116,87,72,30,29,42,0.75,0.4166666666666667,117
2023-08-08,1011,124,76,77,32,48,45,0.6129032258064516,0.4155844155844156,108
2023-08-09,1011,128,73,79,36,55,43,0.5703125,0.45569620253164556,109
2023-08-10,1011,150,104,69,38,46,31,0.6933333333333334,0.5507246376811594,142
2023-08-11,1011,118,85,65,38,33,27,0.7203389830508474,0.5846153846153846,123
2023-08-12,1011,112,85,76,44,27,32,0.7589285714285714,0.5789473684210527,129
2023-08-13,1011,139,78,88,42,61,46,0.5611510791366906,0.4772727272727273,120
2023-08-14,1011,117,85,81,35,32,46,0.7264957264957265,0.43209876543209874,120
2023-08-15,1011,142,84,64,43,58,21,0.5915492957746479,0.671875,127
2023-08-16,1011,141,72,50,33,69,17,0.5106382978723404,0.66,105
2023-08-17,1011,128,71,58,41,57,17,0.5546875,0.7068965517241379,112
2023-08-18,1011,125,92,72,39,33,33,0.736,0.5416666666666666,131
2023-08-19,1011,104,72,67,45,32,22,0.6923076923076923,0.6716417910447762,117
2023-08-20,1011,146,77,87,41,69,46,0.5273972602739726,0.47126436781609193,118
2023-08-21,1011,135,89,80,44,46,36,0.6592592592592592,0.55,133
2023-08-22,1011,136,87,51,43,49,8,0.6397058823529411,0.8431372549019608,130
2023-08-23,1011,123,84,89,57,39,32,0.6829268292682927,0.6404494382022472,141
2023-08-24,1011,104,85,98,34,19,64,0.8173076923076923,0.3469387755102041,119
2023-08-25,1011,131,94,52,39,37,13,0.7175572519083969,0.75,133
2023-08-26,1011,132,80,67,40,52,27,0.6060606060606061,0.5970149253731343,120
2023-08-27,1011,112,63,68,39,49,29,0.5625,0.5735294117647058,102
2023-08-28,1011,106,78,94,47,28,47,0.7358490566037735,0.5,125
2023-08-29,1011,110,94,95,51,16,44,0.8545454545454545,0.5368421052631579,145
2023-08-30,1011,110,71,90,33,39,57,0.6454545454545455,0.36666666666666664,104
2023-08-31,1011,109,69,64,41,40,23,0.6330275229357798,0.640625,110
2023-09-01,1011,141,81,71,34,60,37,0.574468085106383,0.4788732394366197,115
2023-09-02,1011,121,80,83,48,41,35,0.6611570247933884,0.5783132530120482,128
2023-09-03,1011,119,71,95,57,48,38,0.5966386554621849,0.6,128
2023-09-04,1011,144,66,94,38,78,56,0.4583333333333333,0.40425531914893614,104
2023-09-05,1011,143,78,59,44,65,15,0.5454545454545454,0.7457627118644068,122
2023-09-06,1011,110,71,64,39,39,25,0.6454545454545455,0.609375,110
2023-09-07,1011,120,85,72,44,35,28,0.7083333333333334,0.6111111111111112,129
2023-09-08,1011,102,102,65,36,0,29,1,0.5538461538461539,138
2023-09-09,1011,103,75,60,40,28,20,0.7281553398058253,0.6666666666666666,115
2023-09-10,1011,141,85,59,36,56,23,0.6028368794326241,0.6101694915254238,121
2023-09-11,1011,122,84,70,43,38,27,0.6885245901639344,0.6142857142857143,127
2023-09-12,1011,121,85,75,42,36,33,0.7024793388429752,0.56,127
2023-09-13,1011,119,76,77,32,43,45,0.6386554621848739,0.4155844155844156,108
2023-09-14,1011,138,71,73,38,67,35,0.5144927536231884,0.5205479452054794,109
2023-09-15,1011,104,77,51,39,27,12,0.7403846153846154,0.7647058823529411,116
2023-09-16,1011,115,81,84,47,34,37,0.7043478260869566,0.5595238095238095,128
2023-09-17,1011,106,83,95,34,23,61,0.78301886792452835,0.35789473684210527,117
2023-09-18,1011,133,89,91,36,44,55,0.6691729323308271,0.3956043956043956,125
2023-09-19,1011,126,78,76,41,48,35,0.6190476190476191,0.5394736842105263,119
2023-09-20,1011,122,82,93,43,40,50,0.6721311475409836,0.46236559139784944,125
2023-09-21,1011,140,80,57,44,60,13,0.5714285714285714,0.7719298245614035,124
2023-09-22,1011,143,84,83,45,59,38,0.5874125874125874,0.54216867469879515,129
2023-09-23,1011,147,66,50,32,81,18,0.4489795918367347,0.64,98
2023-09-24,1011,105,71,91,39,34,52,0.6761904761904762,0.42857142857142855,110
2023-09-25,1011,102,75,77,64,27,13,0.7352941176470589,0.8311688311688312,139
2023-09-26,1011,122,95,61,38,27,23,0.7786885245901639,0.6229508196721312,133
2023-09-27,1011,125,70,81,40,55,41,0.56,0.49382716049382713,110
2023-09-28,1011,149,90,72,36,59,36,0.6040268456375839,0.5,126
2023-09-29,1011,100,90,95,37,10,58,0.9,0.3894736842105263,127
2023-09-30,1011,148,69,58,38,79,20,0.46621621621621623,0.6551724137931034,107
2023-10-01,1011,128,70,52,30,58,22,0.546875,0.5769230769230769,100
2023-10-02,1011,126,73,78,39,53,39,0.5793650793650794,0.5,112
2023-10-03,1011,145,69,60,40,76,20,0.47586206896551725,0.6666666666666666,109
2023-10-04,1011,107,84,50,33,23,17,0.7850467289719626,0.66,117
2023-10-05,1011,109,97,95,34,12,61,0.8899082568807339,0.35789473684210527,131
2023-10-06,1011,100,80,84,44,20,40,0.8,0.5238095238095238,124
2023-10-07,1011,111,81,100,46,30,54,0.7297297297297297,0.46,127
2023-10-08,1011,121,79,60,39,42,21,0.6528925619834711,0.65,118
2023-10-09,1011,125,68,50,48,57,2,0.544,0.96,116
2023-10-10,1011,122,90,70,42,32,28,0.7377049180327869,0.6,132
2023-10-11,1011,146,81,70,40,65,30,0.5547945205479452,0.5714285714285714,121
2023-10-12,1011,130,75,65,34,55,31,0.5769230769230769,0.5230769230769231,109
2023-10-13,1011,149,103,52,44,46,8,0.6912751677852349,0.8461538461538461,147
2023-10-14,1011,141,74,77,43,67,34,0.524822695035461,0.5584415584415584,117
2023-10-15,1011,107,72,69,40,35,29,0.6728971962616822,0.5797101449275363,112
2023-10-16,1011,121,91,78,28,30,50,0.7520661157024794,0.358974358974359,119
2023-10-17,1011,100,76,51,44,24,7,0.76,0.8627450980392157,120
2023-10-18,1011,112,88,78,36,24,42,0.7857142857142857,0.46153846153846156,124
2023-10-19,1011,107,68,65,37,39,28,0.6355140186915887,0.5692307692307692,105
2023-10-20,1011,134,71,50,34,63,16,0.5298507462686567,0.68,105
2023-10-21,1011,123,72,88,36,51,52,0.5853658536585366,0.4090909090909091,108
2023-10-22,1011,114,75,55,40,39,15,0.6578947368421053,0.7272727272727273,115
2023-10-23,1011,133,83,91,31,50,60,0.6240601503759399,0.34065934065934067,114
2023-10-24,1011,135,100,73,31,35,42,0.7407407407407407,0.4246575342465753,131
2023-10-25,1011,127,59,53,36,68,17,0.4645669291338583,0.6792452830188679,95
2023-10-26,1011,120,86,53,39,34,14,0.7166666666666667,0.7358490566037735,125
2023-10-27,1011,103,81,95,31,22,64,0.7864077669902912,0.3263157894736842,112
2023-10-28,1011,142,85,51,39,57,12,0.5985915492957746,0.7647058823529411,124
2023-10-29,1011,101,83,83,42,18,41,0.8217821782178217,0.5060240963855421,125
2023-10-30,1011,118,72,60,41,46,19,0.6101694915254238,0.6833333333333333,113
2023-10-31,1011,127,59,85,41,68,44,0.4645669291338583,0.4823529411764706,100
2023-11-01,1011,108,76,54,40,32,14,0.7037037037037037,0.7407407407407407,116
2023-11-02,1011,120,88,61,54,32,7,0.7333333333333333,0.8852459016393442,142
2023-11-03,1011,121,97,57,39,24,18,0.8016528925619835,0.6842105263157895,136
2023-11-04,1011,135,87,71,42,48,29,0.6444444444444445,0.5915492957746479,129
2023-11-05,1011,100,86,87,46,14,41,0.86,0.5287356321839081,132
2023-11-06,1011,119,75,59,47,44,12,0.6302521008403361,0.7966101694915254,122
2023-11-07,1011,110,87,80,41,23,39,0.7909090909090909,0.5125,128
2023-11-08,1011,150,70,52,36,80,16,0.4666666666666667,0.6923076923076923,106
2023-11-09,1011,102,73,87,35,29,52,0.7156862745098039,0.40229885057471265,108
2023-11-10,1011,100,86,91,42,14,49,0.86,0.46153846153846156,128
2023-11-11,1011,112,74,82,42,38,40,0.6607142857142857,0.5121951219512195,116
2023-11-12,1011,141,71,72,35,70,37,0.5035460992907801,0.4861111111111111,106
2023-11-13,1011,141,78,81,48,63,33,0.5531914893617021,0.5925925925925926,126
2023-11-14,1011,101,84,100,34,17,66,0.8316831683168316,0.34,118
2023-11-15,1011,116,93,57,47,23,10,0.8017241379310345,0.8245614035087719,140
2023-11-16,1011,107,74,80,48,33,32,0.6915887850467289,0.6,122
2023-11-17,1011,102,75,72,49,27,23,0.7352941176470589,0.6805555555555556,124
2023-11-18,1011,111,77,59,42,34,17,0.6936936936936937,0.711864406779661,119
2023-11-19,1011,115,77,50,36,38,14,0.6695652173913044,0.72,113
2023-11-20,1011,123,69,92,35,54,57,0.5609756097560976,0.3804347826086957,104
2023-11-21,1011,144,73,95,29,71,66,0.5069444444444444,0.30526315789473685,102
2023-11-22,1011,101,101,88,53,0,35,1,0.6022727272727273,154
2023-11-23,1011,146,67,83,40,79,43,0.4589041095890411,0.4819277108433735,107
2023-11-24,1011,147,76,72,37,71,35,0.5170068027210885,0.5138888888888888,113
2023-11-25,1011,134,69,73,36,65,37,0.5149253731343284,0.4931506849315068,105
2023-11-26,1011,119,79,57,29,40,28,0.6638655462184874,0.5087719298245614,108
2023-11-27,1011,105,71,96,37,34,59,0.6761904761904762,0.3854166666666667,108
2023-11-28,1011,149,81,69,50,68,19,0.5436241610738255,0.7246376811594203,131
2023-11-29,1011,107,85,50,40,22,10,0.794392523364486,0.8,125
2023-11-30,1011,147,77,57,38,70,19,0.5238095238095238,0.6666666666666666,115
2023-12-01,1011,144,78,50,39,66,11,0.5416666666666666,0.78,117
2023-12-02,1011,122,71,56,50,51,6,0.5819672131147541,0.8928571428571429,121
2023-12-03,1011,147,69,86,34,78,52,0.46938775510204084,0.3953488372093023,103
2023-12-04,1011,134,75,73,49,59,24,0.5597014925373134,0.6712328767123288,124
2023-12-05,1011,109,79,92,36,30,56,0.7247706422018348,0.391304347826087,115
2023-12-06,1011,149,82,53,39,67,14,0.5503355704697986,0.7358490566037735,121
2023-12-07,1011,108,93,89,32,15,57,0.8611111111111112,0.3595505617977528,125
2023-12-08,1011,144,69,95,53,75,42,0.4791666666666667,0.5578947368421052,122
2023-12-09,1011,149,75,57,42,74,15,0.5033557046979866,0.7368421052631579,117
2023-12-10,1011,128,72,72,38,56,34,0.5625,0.5277777777777778,110
2023-12-11,1011,134,84,86,30,50,56,0.6268656716417911,0.3488372093023256,114
2023-12-12,1011,115,71,82,34,44,48,0.6173913043478261,0.4146341463414634,105
2023-12-13,1011,147,78,82,39,69,43,0.5306122448979592,0.47560975609756095,117
2023-12-14,1011,128,103,50,42,25,8,0.8046875,0.84,145
2023-12-15,1011,146,80,94,51,66,43,0.547945205479452,0.5425531914893617,131
2023-12-16,1011,114,86,61,31,28,30,0.7543859649122807,0.5081967213114754,117
2023-12-17,1011,140,79,53,39,61,14,0.5642857142857143,0.7358490566037735,118
2023-12-18,1011,100,95,83,36,5,47,0.95,0.43373493975903615,131
2023-12-19,1011,128,83,98,41,45,57,0.6484375,0.41836734693877553,124
2023-12-20,1011,113,70,53,24,43,29,0.6194690265486725,0.4528301886792453,94
2023-12-21,1011,148,79,93,41,69,52,0.5337837837837838,0.44086021505376344,120
2023-12-22,1011,122,95,82,28,27,54,0.7786885245901639,0.34146341463414637,123
2023-12-23,1011,115,80,98,39,35,59,0.6956521739130435,0.3979591836734694,119
2023-12-24,1011,127,70,79,36,57,43,0.5511811023622047,0.45569620253164556,106
2023-12-25,1011,108,75,96,27,33,69,0.6944444444444444,0.28125,102
2023-12-26,1011,118,89,66,36,29,30,0.7542372881355932,0.5454545454545454,125
2023-12-27,1011,103,80,78,37,23,41,0.7766990291262136,0.47435897435897434,117
2023-12-28,1011,117,71,96,32,46,64,0.6068376068376068,0.3333333333333333,103
2023-12-29,1011,136,72,86,41,64,45,0.5294117647058824,0.47674418604651164,113
2023-12-30,1011,115,72,89,34,43,55,0.6260869565217392,0.38202247191011235,106
2023-12-31,1011,139,95,95,38,44,57,0.6834532374100719,0.4,133
2023-01-01,1012,137,101,83,30,36,53,0.7372262773722628,0.3614457831325301,131
2023-01-02,1012,109,76,64,47,33,17,0.6972477064220184,0.734375,123
2023-01-03,1012,139,89,96,33,50,63,0.6402877697841727,0.34375,122
2023-01-04,1012,145,73,53,47,72,6,0.503448275862069,0.8867924528301887,120
2023-01-05,1012,137,85,91,50,52,41,0.6204379562043796,0.5494505494505495,135
2023-01-06,1012,146,72,68,27,74,41,0.4931506849315068,0.39705882352941174,99
2023-01-07,1012,143,72,69,38,71,31,0.5034965034965035,0.5507246376811594,110
2023-01-08,1012,124,78,100,51,46,49,0.6290322580645161,0.51,129
2023-01-09,1012,109,74,87,36,35,51,0.6788990825688074,0.41379310344827586,110
2023-01-10,1012,145,97,80,55,48,25,0.6689655172413793,0.6875,152
2023-01-11,1012,122,83,94,47,39,47,0.680327868852459,0.5,130
2023-01-12,1012,137,81,91,30,56,61,0.5912408759124088,0.32967032967032966,111
2023-01-13,1012,121,77,80,45,44,35,0.6363636363636364,0.5625,122
2023-01-14,1012,123,92,92,45,31,47,0.7479674796747967,0.4891304347826087,137
2023-01-15,1012,113,104,68,42,9,26,0.9203539823008849,0.6176470588235294,146
2023-01-16,1012,125,80,92,28,45,64,0.64,0.30434782608695654,108
2023-01-17,1012,128,75,86,33,53,53,0.5859375,0.38372093023255816,108
2023-01-18,1012,129,69,96,44,60,52,0.5348837209302325,0.4583333333333333,113
2023-01-19,1012,121,82,95,36,39,59,0.6776859504132231,0.37894736842105264,118
2023-01-20,1012,109,85,71,48,24,23,0.7798165137614679,0.676056338028169,133
2023-01-21,1012,100,92,78,33,8,45,0.92,0.4230769230769231,125
2023-01-22,1012,150,66,90,41,84,49,0.44,0.45555555555555555,107
2023-01-23,1012,105,98,91,47,7,44,0.9333333333333333,0.5164835164835165,145
2023-01-24,1012,122,71,96,30,51,66,0.5819672131147541,0.3125,101
2023-01-25,1012,131,79,51,40,52,11,0.6030534351145038,0.7843137254901961,119
2023-01-26,1012,120,85,92,34,35,58,0.7083333333333334,0.3695652173913043,119
2023-01-27,1012,127,74,59,41,53,18,0.5826771653543307,0.6949152542372882,115
2023-01-28,1012,132,80,57,47,52,10,0.6060606060606061,0.8245614035087719,127
2023-01-29,1012,120,68,99,57,52,42,0.5666666666666667,0.5757575757575758,125
2023-01-30,1012,126,82,78,49,44,29,0.6507936507936508,0.6282051282051282,131
2023-01-31,1012,125,89,68,48,36,20,0.712,0.7058823529411765,137
2023-02-01,1012,120,72,67,40,48,27,0.6,0.5970149253731343,112
2023-02-02,1012,143,80,95,32,63,63,0.5594405594405595,0.3368421052631579,112
2023-02-03,1012,149,83,97,36,66,61,0.5570469798657718,0.3711340206185567,119
2023-02-04,1012,103,92,79,39,11,40,0.8932038834951457,0.4936708860759494,131
2023-02-05,1012,147,93,51,44,54,7,0.6326530612244898,0.8627450980392157,137
2023-02-06,1012,110,81,55,33,29,22,0.7363636363636363,0.6,114
2023-02-07,1012,142,56,82,55,86,27,0.39436619718309857,0.6707317073170732,111
2023-02-08,1012,136,87,95,35,49,60,0.6397058823529411,0.3684210526315789,122
2023-02-09,1012,115,84,67,28,31,39,0.7304347826086957,0.417910447761194,112
2023-02-10,1012,147,86,72,32,61,40,0.5850340136054422,0.4444444444444444,118
2023-02-11,1012,119,96,89,37,23,52,0.8067226890756303,0.4157303370786517,133
2023-02-12,1012,136,92,77,52,44,25,0.6764705882352942,0.6753246753246753,144
2023-02-13,1012,129,82,69,49,47,20,0.6356589147286822,0.7101449275362319,131
2023-02-14,1012,137,90,85,44,47,41,0.656934306569343,0.5176470588235295,134
2023-02-15,1012,141,77,51,51,64,0,0.5460992907801419,1,128
2023-02-16,1012,136,69,62,40,67,22,0.5073529411764706,0.6451612903225806,109
2023-02-17,1012,120,82,98,44,38,54,0.6833333333333333,0.4489795918367347,126
2023-02-18,1012,109,67,68,49,42,19,0.6146788990825688,0.7205882352941176,116
2023-02-19,1012,110,65,92,35,45,57,0.5909090909090909,0.3804347826086957,100
2023-02-20,1012,118,86,51,41,32,10,0.7288135593220338,0.803921568627451,127
2023-02-21,1012,140,83,70,43,57,27,0.5928571428571429,0.6142857142857143,126
2023-02-22,1012,105,69,76,44,36,32,0.6571428571428571,0.5789473684210527,113
2023-02-23,1012,126,73,93,36,53,57,0.5793650793650794,0.3870967741935484,109
2023-02-24,1012,144,97,96,50,47,46,0.6736111111111112,0.5208333333333334,147
2023-02-25,1012,116,94,98,59,22,39,0.8103448275862069,0.6020408163265306,153
2023-02-26,1012,145,78,71,30,67,41,0.5379310344827586,0.4225352112676056,108
2023-02-27,1012,127,85,51,38,42,13,0.6692913385826772,0.7450980392156863,123
2023-02-28,1012,113,85,70,37,28,33,0.7522123893805309,0.5285714285714286,122
2023-03-01,1012,142,63,63,31,79,32,0.44366197183098594,0.49206349206349204,94
2023-03-02,1012,113,76,93,39,37,54,0.672566371681416,0.41935483870967744,115
2023-03-03,1012,129,79,68,34,50,34,0.6124031007751938,0.5,113
2023-03-04,1012,132,88,52,32,44,20,0.6666666666666666,0.6153846153846154,120
2023-03-05,1012,141,98,60,33,43,27,0.6950354609929078,0.55,131
2023-03-06,1012,122,82,78,43,40,35,0.6721311475409836,0.5512820512820513,125
2023-03-07,1012,133,76,66,36,57,30,0.5714285714285714,0.5454545454545454,112
2023-03-08,1012,146,85,52,33,61,19,0.5821917808219178,0.6346153846153846,118
2023-03-09,1012,141,93,92,35,48,57,0.6595744680851063,0.3804347826086957,128
2023-03-10,1012,114,59,99,37,55,62,0.5175438596491229,0.37373737373737376,96
2023-03-11,1012,150,74,64,39,76,25,0.49333333333333335,0.609375,113
2023-03-12,1012,143,82,58,41,61,17,0.5734265734265734,0.7068965517241379,123
2023-03-13,1012,150,99,58,38,51,20,0.66,0.6551724137931034,137
2023-03-14,1012,139,74,78,37,65,41,0.5323741007194245,0.47435897435897434,111
2023-03-15,1012,111,83,80,54,28,26,0.7477477477477478,0.675,137
2023-03-16,1012,112,76,67,46,36,21,0.6785714285714286,0.6865671641791045,122
2023-03-17,1012,137,96,77,49,41,28,0.7007299270072993,0.6363636363636364,145
2023-03-18,1012,143,74,62,39,69,23,0.5174825174825175,0.6290322580645161,113
2023-03-19,1012,135,76,66,38,59,28,0.562962962962963,0.5757575757575758,114
2023-03-20,1012,125,92,70,25,33,45,0.736,0.35714285714285715,117
2023-03-21,1012,107,84,58,33,23,25,0.7850467289719626,0.5689655172413793,117
2023-03-22,1012,113,90,51,30,23,21,0.7964601769911505,0.5882352941176471,120
2023-03-23,1012,139,71,54,40,68,14,0.5107913669064749,0.7407407407407407,111
2023-03-24,1012,119,92,55,42,27,13,0.773109243697479,0.7636363636363637,134
2023-03-25,1012,103,80,84,52,23,32,0.7766990291262136,0.6190476190476191,132
2023-03-26,1012,138,84,58,40,54,18,0.6086956521739131,0.6896551724137931,124
2023-03-27,1012,149,71,70,53,78,17,0.47651006711409394,0.7571428571428571,124
2023-03-28,1012,140,86,76,39,54,37,0.6142857142857143,0.5131578947368421,125
2023-03-29,1012,130,96,84,39,34,45,0.7384615384615385,0.4642857142857143,135
2023-03-30,1012,125,71,66,46,54,20,0.568,0.696969696969697,117
2023-03-31,1012,106,75,98,39,31,59,0.7075471698113207,0.3979591836734694,114
2023-04-01,1012,146,88,50,50,58,0,0.6027397260273972,1,138
2023-04-02,1012,129,83,90,38,46,52,0.6434108527131783,0.4222222222222222,121
2023-04-03,1012,121,81,74,38,40,36,0.6694214876033058,0.5135135135135135,119
2023-04-04,1012,111,78,82,43,33,39,0.7027027027027027,0.524390243902439,121
2023-04-05,1012,102,65,96,41,37,55,0.6372549019607843,0.4270833333333333,106
2023-04-06,1012,139,85,60,34,54,26,0.6115107913669064,0.5666666666666667,119
2023-04-07,1012,107,73,95,43,34,52,0.6822429906542056,0.45263157894736844,116
2023-04-08,1012,107,86,90,36,21,54,0.8037383177570093,0.4,122
2023-04-09,1012,132,83,59,44,49,15,0.6287878787878788,0.7457627118644068,127
2023-04-10,1012,105,84,58,48,21,10,0.8,0.8275862068965517,132
2023-04-11,1012,139,69,73,36,70,37,0.49640287769784175,0.4931506849315068,105
2023-04-12,1012,141,86,63,39,55,24,0.6099290780141844,0.6190476190476191,125
2023-04-13,1012,114,74,52,34,40,18,0.6491228070175439,0.6538461538461539,108
2023-04-14,1012,148,81,68,40,67,28,0.5472972972972973,0.5882352941176471,121
2023-04-15,1012,135,82,64,36,53,28,0.6074074074074074,0.5625,118
2023-04-16,1012,144,82,78,51,62,27,0.5694444444444444,0.6538461538461539,133
2023-04-17,1012,105,79,60,42,26,18,0.7523809523809524,0.7,121
2023-04-18,1012,100,79,70,32,21,38,0.79,0.45714285714285713,111
2023-04-19,1012,138,85,66,47,53,19,0.6159420289855072,0.7121212121212122,132
2023-04-20,1012,110,83,64,46,27,18,0.7545454545454545,0.71875,129
2023-04-21,1012,103,81,90,41,22,49,0.7864077669902912,0.45555555555555555,122
2023-04-22,1012,119,81,74,37,38,37,0.680672268907563,0.5,118
2023-04-23,1012,111,84,88,38,27,50,0.7567567567567568,0.4318181818181818,122
2023-04-24,1012,106,76,81,52,30,29,0.71698113207547165,0.6419753086419753,128
2023-04-25,1012,137,88,69,37,49,32,0.6423357664233577,0.5362318840579711,125
2023-04-26,1012,128,77,50,31,51,19,0.6015625,0.62,108
2023-04-27,1012,105,79,88,31,26,57,0.7523809523809524,0.3522727272727273,110
2023-04-28,1012,122,95,81,37,27,44,0.7786885245901639,0.4567901234567901,132
2023-04-29,1012,138,85,85,38,53,47,0.6159420289855072,0.4470588235294118,123
2023-04-30,1012,144,89,52,38,55,14,0.6180555555555556,0.7307692307692307,127
2023-05-01,1012,135,71,68,45,64,23,0.5259259259259259,0.6617647058823529,116
2023-05-02,1012,131,90,72,39,41,33,0.6870229007633588,0.5416666666666666,129
2023-05-03,1012,145,83,92,39,62,53,0.5724137931034483,0.42391304347826086,122
2023-05-04,1012,119,88,85,50,31,35,0.7394957983193278,0.5882352941176471,138
2023-05-05,1012,116,79,62,34,37,28,0.6810344827586207,0.5483870967741935,113
2023-05-06,1012,114,73,82,61,41,21,0.6403508771929824,0.7439024390243902,134
2023-05-07,1012,136,76,73,39,60,34,0.5588235294117647,0.5342465753424658,115
2023-05-08,1012,139,76,89,48,63,41,0.5467625899280576,0.5393258426966292,124
2023-05-09,1012,142,83,83,44,59,39,0.5845070422535211,0.5301204819277109,127
2023-05-10,1012,141,87,92,33,54,59,0.6170212765957447,0.358695652173913,120
2023-05-11,1012,135,84,58,39,51,19,0.6222222222222222,0.6724137931034483,123
2023-05-12,1012,128,84,100,55,44,45,0.65625,0.55,139
2023-05-13,1012,144,92,79,35,52,44,0.6388888888888888,0.4430379746835443,127
2023-05-14,1012,101,89,68,44,12,24,0.8811881188118812,0.6470588235294118,133
2023-05-15,1012,140,84,98,44,56,54,0.6,0.4489795918367347,128
2023-05-16,1012,149,85,90,44,64,46,0.5704697986577181,0.4888888888888889,129
2023-05-17,1012,149,84,58,35,65,23,0.5637583892617449,0.603448275862069,119
2023-05-18,1012,138,92,59,52,46,7,0.6666666666666666,0.8813559322033898,144
2023-05-19,1012,100,71,65,30,29,35,0.71,0.46153846153846156,101
2023-05-20,1012,131,83,87,35,48,52,0.6335877862595419,0.40229885057471265,118
2023-05-21,1012,106,77,85,50,29,35,0.7264150943396226,0.5882352941176471,127
2023-05-22,1012,120,71,76,39,49,37,0.5916666666666667,0.5131578947368421,110
2023-05-23,1012,149,73,80,36,76,44,0.4899328859060403,0.45,109
2023-05-24,1012,109,86,58,30,23,28,0.7889908256880734,0.5172413793103449,116
2023-05-25,1012,142,73,99,49,69,50,0.5140845070422535,0.494949494949495,122
2023-05-26,1012,129,78,59,45,51,14,0.6046511627906976,0.7627118644067796,123
2023-05-27,1012,113,95,55,41,18,14,0.8407079646017699,0.7454545454545455,136
2023-05-28,1012,100,73,58,42,27,16,0.73,0.7241379310344828,115
2023-05-29,1012,118,75,67,44,43,23,0.635593220338983,0.6567164179104478,119
2023-05-30,1012,104,92,75,40,12,35,0.8846153846153846,0.5333333333333333,132
2023-05-31,1012,145,78,77,34,67,43,0.5379310344827586,0.44155844155844154,112
2023-06-01,1012,112,81,89,43,31,46,0.7232142857142857,0.48314606741573035,124
2023-06-02,1012,118,72,95,35,46,60,0.6101694915254238,0.3684210526315789,107
2023-06-03,1012,136,73,54,38,63,16,0.5367647058823529,0.7037037037037037,111
2023-06-04,1012,149,84,88,34,65,54,0.5637583892617449,0.38636363636363635,118
2023-06-05,1012,101,57,89,33,44,56,0.5643564356435643,0.3707865168539326,90
2023-06-06,1012,116,85,91,34,31,57,0.7327586206896551,0.37362637362637363,119
2023-06-07,1012,114,73,82,37,41,45,0.6403508771929824,0.45121951219512196,110
2023-06-08,1012,142,91,56,43,51,13,0.6408450704225352,0.7678571428571429,134
2023-06-09,1012,113,88,73,34,25,39,0.7787610619469026,0.4657534246575342,122
2023-06-10,1012,134,69,69,36,65,33,0.5149253731343284,0.5217391304347826,105
2023-06-11,1012,116,92,90,36,24,54,0.7931034482758621,0.4,128
2023-06-12,1012,144,87,71,45,57,26,0.6041666666666666,0.6338028169014085,132
2023-06-13,1012,143,76,98,47,67,51,0.5314685314685315,0.47959183673469385,123
2023-06-14,1012,114,70,87,32,44,55,0.6140350877192983,0.367816091954023,102
2023-06-15,1012,106,81,52,50,25,2,0.7641509433962265,0.9615384615384616,131
2023-06-16,1012,149,71,78,37,78,41,0.47651006711409394,0.47435897435897434,108
2023-06-17,1012,145,95,78,40,50,38,0.6551724137931034,0.5128205128205128,135
2023-06-18,1012,138,74,85,41,64,44,0.5362318840579711,0.4823529411764706,115
2023-06-19,1012,139,78,59,37,61,22,0.5611510791366906,0.6271186440677966,115
2023-06-20,1012,126,66,82,37,60,45,0.5238095238095238,0.45121951219512196,103
2023-06-21,1012,106,81,54,54,25,0,0.7641509433962265,1,135
2023-06-22,1012,101,89,75,42,12,33,0.8811881188118812,0.56,131
2023-06-23,1012,132,86,90,38,46,52,0.6515151515151515,0.4222222222222222,124
2023-06-24,1012,138,88,56,30,50,26,0.6376811594202898,0.5357142857142857,118
2023-06-25,1012,113,79,84,33,34,51,0.6991150442477876,0.39285714285714285,112
2023-06-26,1012,149,82,86,41,67,45,0.5503355704697986,0.47674418604651164,123
2023-06-27,1012,120,78,55,43,42,12,0.65,0.7818181818181819,121
2023-06-28,1012,115,64,74,45,51,29,0.5565217391304348,0.6081081081081081,109
2023-06-29,1012,117,72,63,36,45,27,0.6153846153846154,0.5714285714285714,108
2023-06-30,1012,112,73,76,28,39,48,0.6517857142857143,0.3684210526315789,101
2023-07-01,1012,131,83,71,41,48,30,0.6335877862595419,0.5774647887323944,124
2023-07-02,1012,146,98,56,36,48,20,0.6712328767123288,0.6428571428571429,134
2023-07-03,1012,128,61,83,41,67,42,0.4765625,0.4939759036144578,102
2023-07-04,1012,128,94,96,32,34,64,0.734375,0.3333333333333333,126
2023-07-05,1012,105,71,71,52,34,19,0.6761904761904762,0.7323943661971831,123
2023-07-06,1012,127,79,53,36,48,17,0.6220472440944882,0.6792452830188679,115
2023-07-07,1012,135,71,78,35,64,43,0.5259259259259259,0.44871794871794873,106
2023-07-08,1012,141,80,91,38,61,53,0.5673758865248227,0.4175824175824176,118
2023-07-09,1012,129,76,90,31,53,59,0.5891472868217055,0.34444444444444444,107
2023-07-10,1012,143,80,88,40,63,48,0.5594405594405595,0.45454545454545453,120
2023-07-11,1012,114,67,50,41,47,9,0.5877192982456141,0.82,108
2023-07-12,1012,121,83,87,41,38,46,0.6859504132231405,0.47126436781609193,124
2023-07-13,1012,142,93,84,33,49,51,0.6549295774647887,0.39285714285714285,126
2023-07-14,1012,104,75,92,43,29,49,0.7211538461538461,0.4673913043478261,118
2023-07-15,1012,106,95,94,31,11,63,0.8962264150943396,0.32978723404255317,126
2023-07-16,1012,100,89,71,31,11,40,0.89,0.43661971830985913,120
2023-07-17,1012,108,89,81,36,19,45,0.8240740740740741,0.4444444444444444,125
2023-07-18,1012,112,73,79,40,39,39,0.6517857142857143,0.5063291139240507,113
2023-07-19,1012,121,90,60,37,31,23,0.743801652892562,0.6166666666666667,127
2023-07-20,1012,139,88,55,40,51,15,0.6330935251798561,0.7272727272727273,128
2023-07-21,1012,138,78,66,47,60,19,0.5652173913043478,0.7121212121212122,125
2023-07-22,1012,142,65,72,37,77,35,0.45774647887323944,0.5138888888888888,102
2023-07-23,1012,112,84,92,40,28,52,0.75,0.43478260869565216,124
2023-07-24,1012,133,74,80,36,59,44,0.556390977443609,0.45,110
2023-07-25,1012,126,75,97,52,51,45,0.5952380952380952,0.5360824742268041,127
2023-07-26,1012,102,92,75,41,10,34,0.9019607843137255,0.5466666666666666,133
2023-07-27,1012,126,88,100,34,38,66,0.6984126984126984,0.34,122
2023-07-28,1012,104,72,81,47,32,34,0.6923076923076923,0.5802469135802469,119
2023-07-29,1012,139,77,59,37,62,22,0.5539568345323741,0.6271186440677966,114
2023-07-30,1012,122,74,93,45,48,48,0.6065573770491803,0.4838709677419355,119
2023-07-31,1012,142,79,95,41,63,54,0.5563380281690141,0.43157894736842106,120
2023-08-01,1012,143,82,100,35,61,65,0.5734265734265734,0.35,117
2023-08-02,1012,104,80,89,40,24,49,0.7692307692307693,0.449438202247191,120
2023-08-03,1012,141,99,61,34,42,27,0.7021276595744681,0.5573770491803278,133
2023-08-04,1012,106,95,69,41,11,28,0.8962264150943396,0.5942028985507246,136
2023-08-05,1012,108,83,64,32,25,32,0.7685185185185185,0.5,115
2023-08-06,1012,144,74,63,41,70,22,0.5138888888888888,0.6507936507936508,115
2023-08-07,1012,104,88,93,41,16,52,0.8461538461538461,0.44086021505376344,129
2023-08-08,1012,131,79,93,45,52,48,0.6030534351145038,0.4838709677419355,124
2023-08-09,1012,122,85,71,28,37,43,0.6967213114754098,0.39436619718309857,113
2023-08-10,1012,126,77,95,38,49,57,0.6111111111111112,0.4,115
2023-08-11,1012,131,96,59,37,35,22,0.732824427480916,0.6271186440677966,133
2023-08-12,1012,132,73,60,49,59,11,0.553030303030303,0.8166666666666667,122
2023-08-13,1012,141,73,76,42,68,34,0.5177304964539007,0.5526315789473685,115
2023-08-14,1012,123,80,79,41,43,38,0.6504065040650406,0.5189873417721519,121
2023-08-15,1012,145,85,61,44,60,17,0.5862068965517241,0.7213114754098361,129
2023-08-16,1012,109,80,87,27,29,60,0.7339449541284404,0.3103448275862069,107
2023-08-17,1012,142,83,52,38,59,14,0.5845070422535211,0.7307692307692307,121
2023-08-18,1012,130,85,93,33,45,60,0.6538461538461539,0.3548387096774194,118
2023-08-19,1012,111,79,90,41,32,49,0.7117117117117117,0.45555555555555555,120
2023-08-20,1012,106,86,54,31,20,23,0.8113207547169812,0.5740740740740741,117
2023-08-21,1012,133,74,75,48,59,27,0.556390977443609,0.64,122
2023-08-22,1012,108,74,83,30,34,53,0.6851851851851852,0.3614457831325301,104
2023-08-23,1012,119,88,68,43,31,25,0.7394957983193278,0.6323529411764706,131
2023-08-24,1012,129,69,91,32,60,59,0.5348837209302325,0.3516483516483517,101
2023-08-25,1012,102,70,81,30,32,51,0.6862745098039216,0.37037037037037035,100
2023-08-26,1012,104,86,98,33,18,65,0.8269230769230769,0.336734693877551,119
2023-08-27,1012,125,77,87,40,48,47,0.616,0.45977011494252873,117
2023-08-28,1012,106,96,83,50,10,33,0.9056603773584906,0.6024096385542169,146
2023-08-29,1012,128,72,73,28,56,45,0.5625,0.3835616438356164,100
2023-08-30,1012,103,87,89,33,16,56,0.8446601941747572,0.3707865168539326,120
2023-08-31,1012,146,79,85,46,67,39,0.541095890410959,0.5411764705882353,125
2023-09-01,1012,124,71,51,39,53,12,0.5725806451612904,0.7647058823529411,110
2023-09-02,1012,145,61,70,32,84,38,0.4206896551724138,0.45714285714285713,93
2023-09-03,1012,111,70,82,37,41,45,0.6306306306306306,0.45121951219512196,107
2023-09-04,1012,147,80,57,53,67,4,0.54421768707483,0.9298245614035088,133
2023-09-05,1012,131,71,62,52,60,10,0.5419847328244275,0.8387096774193549,123
2023-09-06,1012,137,77,67,37,60,30,0.5620437956204379,0.5522388059701493,114
2023-09-07,1012,150,82,69,41,68,28,0.5466666666666666,0.5942028985507246,123
2023-09-08,1012,124,86,79,38,38,41,0.6935483870967742,0.4810126582278481,124
2023-09-09,1012,110,80,66,39,30,27,0.7272727272727273,0.5909090909090909,119
2023-09-10,1012,136,94,71,53,42,18,0.6911764705882353,0.7464788732394366,147
2023-09-11,1012,100,86,99,36,14,63,0.86,0.36363636363636365,122
2023-09-12,1012,109,58,91,36,51,55,0.5321100917431193,0.3956043956043956,94
2023-09-13,1012,121,89,55,39,32,16,0.7355371900826446,0.7090909090909091,128
2023-09-14,1012,106,81,96,35,25,61,0.7641509433962265,0.3645833333333333,116
2023-09-15,1012,115,89,54,43,26,11,0.7739130434782608,0.7962962962962963,132
2023-09-16,1012,111,84,77,44,27,33,0.7567567567567568,0.5714285714285714,128
2023-09-17,1012,101,89,64,23,12,41,0.8811881188118812,0.359375,112
2023-09-18,1012,116,72,90,45,44,45,0.6206896551724138,0.5,117
2023-09-19,1012,129,84,82,53,45,29,0.6511627906976745,0.6463414634146342,137
2023-09-20,1012,148,78,87,32,70,55,0.527027027027027,0.367816091954023,110
2023-09-21,1012,136,101,80,47,35,33,0.7426470588235294,0.5875,148
2023-09-22,1012,100,93,78,47,7,31,0.93,0.6025641025641025,140
2023-09-23,1012,140,71,83,35,69,48,0.5071428571428571,0.42168674698795183,106
2023-09-24,1012,120,73,67,33,47,34,0.6083333333333333,0.4925373134328358,106
2023-09-25,1012,149,94,80,26,55,54,0.6308724832214765,0.325,120
2023-09-26,1012,144,82,77,37,62,40,0.5694444444444444,0.4805194805194805,119
2023-09-27,1012,120,74,95,35,46,60,0.6166666666666667,0.3684210526315789,109
2023-09-28,1012,118,86,92,36,32,56,0.7288135593220338,0.391304347826087,122
2023-09-29,1012,104,76,98,54,28,44,0.7307692307692307,0.5510204081632653,130
2023-09-30,1012,129,80,85,55,49,30,0.6201550387596899,0.6470588235294118,135
2023-10-01,1012,145,92,95,41,53,54,0.6344827586206897,0.43157894736842106,133
2023-10-02,1012,135,84,84,30,51,54,0.6222222222222222,0.35714285714285715,114
2023-10-03,1012,125,87,52,50,38,2,0.696,0.9615384615384616,137
2023-10-04,1012,109,75,94,39,34,55,0.6880733944954128,0.4148936170212766,114
2023-10-05,1012,111,80,92,52,31,40,0.7207207207207207,0.5652173913043478,132
2023-10-06,1012,117,72,59,38,45,21,0.6153846153846154,0.6440677966101694,110
2023-10-07,1012,126,65,56,40,61,16,0.5158730158730159,0.7142857142857143,105
2023-10-08,1012,118,75,73,37,43,36,0.635593220338983,0.5068493150684932,112
2023-10-09,1012,103,86,74,35,17,39,0.8349514563106796,0.47297297297297297,121
2023-10-10,1012,144,91,88,38,53,50,0.6319444444444444,0.4318181818181818,129
2023-10-11,1012,147,72,62,37,75,25,0.4897959183673469,0.5967741935483871,109
2023-10-12,1012,125,95,63,45,30,18,0.76,0.7142857142857143,140
2023-10-13,1012,115,96,65,42,19,23,0.8347826086956521,0.6461538461538462,138
2023-10-14,1012,150,86,61,38,64,23,0.5733333333333334,0.6229508196721312,124
2023-10-15,1012,106,76,69,43,30,26,0.71698113207547165,0.6231884057971014,119
2023-10-16,1012,129,86,72,33,43,39,0.6666666666666666,0.4583333333333333,119
2023-10-17,1012,141,79,92,36,62,56,0.5602836879432624,0.391304347826087,115
2023-10-18,1012,146,86,52,44,60,8,0.589041095890411,0.8461538461538461,130
2023-10-19,1012,114,66,98,37,48,61,0.5789473684210527,0.37755102040816324,103
2023-10-20,1012,127,66,91,45,61,46,0.5196850393700787,0.4945054945054945,111
2023-10-21,1012,102,73,84,35,29,49,0.7156862745098039,0.4166666666666667,108
2023-10-22,1012,112,87,82,37,25,45,0.7767857142857143,0.45121951219512196,124
2023-10-23,1012,106,84,98,36,22,62,0.7924528301886793,0.3673469387755102,120
2023-10-24,1012,107,93,97,40,14,57,0.8691588785046729,0.41237113402061853,133
2023-10-25,1012,120,87,96,54,33,42,0.725,0.5625,141
2023-10-26,1012,141,80,67,38,61,29,0.5673758865248227,0.5671641791044776,118
2023-10-27,1012,114,83,99,40,31,59,0.7280701754385965,0.40404040404040403,123
2023-10-28,1012,134,68,88,49,66,39,0.5074626865671642,0.5568181818181818,117
2023-10-29,1012,111,83,83,46,28,37,0.7477477477477478,0.5542168674698795,129
2023-10-30,1012,139,75,94,41,64,53,0.539568345323741,0.43617021276595747,116
2023-10-31,1012,122,94,92,39,28,53,0.7704918032786885,0.42391304347826086,133
2023-11-01,1012,147,89,100,31,58,69,0.6054421768707483,0.31,120
2023-11-02,1012,140,84,51,46,56,5,0.6,0.9019607843137255,130
2023-11-03,1012,143,80,80,35,63,45,0.5594405594405595,0.4375,115
2023-11-04,1012,118,85,69,41,33,28,0.7203389830508474,0.5942028985507246,126
2023-11-05,1012,122,84,74,43,38,31,0.6885245901639344,0.581081081081081,127
2023-11-06,1012,140,74,87,40,66,47,0.5285714285714286,0.45977011494252873,114
2023-11-07,1012,130,76,75,41,54,34,0.5846153846153846,0.5466666666666666,117
2023-11-08,1012,106,82,73,34,24,39,0.7735849056603774,0.4657534246575342,116
2023-11-09,1012,110,78,50,30,32,20,0.7090909090909091,0.6,108
2023-11-10,1012,126,87,65,45,39,20,0.6904761904761905,0.6923076923076923,132
2023-11-11,1012,122,74,90,41,48,49,0.6065573770491803,0.45555555555555555,115
2023-11-12,1012,134,74,81,32,60,49,0.5522388059701493,0.3950617283950617,106
2023-11-13,1012,116,86,85,41,30,44,0.7413793103448276,0.4823529411764706,127
2023-11-14,1012,129,74,67,35,55,32,0.5736434108527132,0.5223880597014925,109
2023-11-15,1012,134,86,91,52,48,39,0.6417910447761194,0.5714285714285714,138
2023-11-16,1012,122,73,87,31,49,56,0.5983606557377049,0.3563218390804598,104
2023-11-17,1012,149,91,52,39,58,13,0.610738255033557,0.75,130
2023-11-18,1012,104,96,94,35,8,59,0.9230769230769231,0.3723404255319149,131
2023-11-19,1012,147,74,81,36,73,45,0.5034013605442177,0.4444444444444444,110
2023-11-20,1012,124,71,68,42,53,26,0.5725806451612904,0.6176470588235294,113
2023-11-21,1012,113,81,86,36,32,50,0.7168141592920354,0.4186046511627907,117
2023-11-22,1012,150,60,76,43,90,33,0.4,0.5657894736842105,103
2023-11-23,1012,132,73,71,40,59,31,0.553030303030303,0.5633802816901409,113
2023-11-24,1012,132,86,76,32,46,44,0.6515151515151515,0.42105263157894735,118
2023-11-25,1012,136,70,59,30,66,29,0.5147058823529411,0.5084745762711864,100
2023-11-26,1012,141,81,70,39,60,31,0.574468085106383,0.5571428571428572,120
2023-11-27,1012,135,67,91,31,68,60,0.4962962962962963,0.34065934065934067,98
2023-11-28,1012,136,78,66,41,58,25,0.5735294117647058,0.6212121212121212,119
2023-11-29,1012,116,74,88,40,42,48,0.6379310344827587,0.45454545454545453,114
2023-11-30,1012,118,80,98,47,38,51,0.6779661016949152,0.47959183673469385,127
2023-12-01,1012,108,88,63,39,20,24,0.8148148148148148,0.6190476190476191,127
2023-12-02,1012,136,77,73,36,59,37,0.5661764705882353,0.4931506849315068,113
2023-12-03,1012,125,72,86,33,53,53,0.576,0.38372093023255816,105
2023-12-04,1012,110,84,54,37,26,17,0.7636363636363637,0.6851851851851852,121
2023-12-05,1012,104,83,81,42,21,39,0.7980769230769231,0.5185185185185185,125
2023-12-06,1012,141,91,74,43,50,31,0.6453900709219859,0.581081081081081,134
2023-12-07,1012,121,88,50,43,33,7,0.7272727272727273,0.86,131
2023-12-08,1012,126,73,71,45,53,26,0.5793650793650794,0.6338028169014085,118
2023-12-09,1012,125,80,80,39,45,41,0.64,0.4875,119
2023-12-10,1012,149,81,88,41,68,47,0.5436241610738255,0.4659090909090909,122
2023-12-11,1012,136,84,97,49,52,48,0.6176470588235294,0.5051546391752577,133
2023-12-12,1012,130,82,87,49,48,38,0.6307692307692307,0.5632183908045977,131
2023-12-13,1012,106,77,97,49,29,48,0.7264150943396226,0.5051546391752577,126
2023-12-14,1012,137,55,59,33,82,26,0.40145985401459855,0.559322033898305,88
2023-12-15,1012,116,70,73,42,46,31,0.603448275862069,0.5753424657534246,112
2023-12-16,1012,147,84,84,39,63,45,0.5714285714285714,0.4642857142857143,123
2023-12-17,1012,115,81,71,31,34,40,0.7043478260869566,0.43661971830985913,112
2023-12-18,1012,140,88,90,36,52,54,0.6285714285714286,0.4,124
2023-12-19,1012,139,72,54,40,67,14,0.5179856115107914,0.7407407407407407,112
2023-12-20,1012,147,74,82,35,73,47,0.5034013605442177,0.4268292682926829,109
2023-12-21,1012,145,83,80,30,62,50,0.5724137931034483,0.375,113
2023-12-22,1012,112,65,81,34,47,47,0.5803571428571429,0.41975308641975306,99
2023-12-23,1012,100,82,63,36,18,27,0.82,0.5714285714285714,118
2023-12-24,1012,144,80,74,43,64,31,0.5555555555555556,0.581081081081081,123
2023-12-25,1012,105,78,93,26,27,67,0.7428571428571429,0.27956989247311825,104
2023-12-26,1012,100,78,65,32,22,33,0.78,0.49230769230769234,110
2023-12-27,1012,121,73,83,47,48,36,0.6033057851239669,0.5662650602409639,120
2023-12-28,1012,107,89,67,39,18,28,0.8317757009345794,0.582089552238806,128
2023-12-29,1012,121,79,83,55,42,28,0.6528925619834711,0.6626506024096386,134
2023-12-30,1012,131,93,94,31,38,63,0.7099236641221374,0.32978723404255317,124
2023-12-31,1012,109,81,78,47,28,31,0.7431192660550459,0.6025641025641025,128
2023-01-01,1013,134,78,99,47,56,52,0.582089552238806,0.47474747474747475,125
2023-01-02,1013,140,74,53,40,66,13,0.5285714285714286,0.7547169811320755,114
2023-01-03,1013,128,57,69,41,71,28,0.4453125,0.5942028985507246,98
2023-01-04,1013,117,87,59,43,30,16,0.7435897435897436,0.7288135593220338,130
2023-01-05,1013,145,95,80,44,50,36,0.6551724137931034,0.55,139
2023-01-06,1013,119,66,64,40,53,24,0.5546218487394958,0.625,106
2023-01-07,1013,129,74,71,33,55,38,0.5736434108527132,0.4647887323943662,107
2023-01-08,1013,106,78,66,43,28,23,0.7358490566037735,0.6515151515151515,121
2023-01-09,1013,131,73,90,37,58,53,0.5572519083969466,0.4111111111111111,110
2023-01-10,1013,106,77,62,39,29,23,0.7264150943396226,0.6290322580645161,116
2023-01-11,1013,101,88,53,46,13,7,0.8712871287128713,0.8679245283018868,134
2023-01-12,1013,110,70,100,41,40,59,0.6363636363636364,0.41,111
2023-01-13,1013,116,94,56,31,22,25,0.8103448275862069,0.5535714285714286,125
2023-01-14,1013,133,85,66,29,48,37,0.6390977443609023,0.4393939393939394,114
2023-01-15,1013,108,94,94,39,14,55,0.8703703703703703,0.4148936170212766,133
2023-01-16,1013,119,90,71,50,29,21,0.7563025210084033,0.704225352112676,140
2023-01-17,1013,147,83,68,46,64,22,0.564625850340136,0.6764705882352942,129
2023-01-18,1013,108,80,76,47,28,29,0.7407407407407407,0.618421052631579,127
2023-01-19,1013,104,78,79,47,26,32,0.75,0.5949367088607594,125
2023-01-20,1013,117,70,76,48,47,28,0.5982905982905983,0.631578947368421,118
2023-01-21,1013,137,78,86,54,59,32,0.5693430656934306,0.627906976744186,132
2023-01-22,1013,127,92,73,46,35,27,0.7244094488188977,0.6301369863013698,138
2023-01-23,1013,142,89,94,41,53,53,0.6267605633802817,0.43617021276595747,130
2023-01-24,1013,128,89,93,40,39,53,0.6953125,0.43010752688172044,129
2023-01-25,1013,101,75,61,40,26,21,0.7425742574257426,0.6557377049180327,115
2023-01-26,1013,150,82,52,40,68,12,0.5466666666666666,0.7692307692307693,122
2023-01-27,1013,127,88,80,37,39,43,0.6929133858267716,0.4625,125
2023-01-28,1013,142,80,93,44,62,49,0.5633802816901409,0.4731182795698925,124
2023-01-29,1013,142,60,91,37,82,54,0.4225352112676056,0.4065934065934066,97
2023-01-30,1013,101,75,81,39,26,42,0.7425742574257426,0.48148148148148145,114
2023-01-31,1013,130,80,80,37,50,43,0.6153846153846154,0.4625,117
2023-02-01,1013,111,79,75,44,32,31,0.7117117117117117,0.5866666666666667,123
2023-02-02,1013,138,85,93,36,53,57,0.6159420289855072,0.3870967741935484,121
2023-02-03,1013,150,64,72,35,86,37,0.4266666666666667,0.4861111111111111,99
2023-02-04,1013,100,87,82,37,13,45,0.87,0.45121951219512196,124
2023-02-05,1013,131,70,73,48,61,25,0.5343511450381679,0.6575342465753424,118
2023-02-06,1013,114,60,52,43,54,9,0.5263157894736842,0.8269230769230769,103
2023-02-07,1013,125,75,92,42,50,50,0.6,0.45652173913043476,117
2023-02-08,1013,130,92,67,39,38,28,0.7076923076923077,0.582089552238806,131
2023-02-09,1013,120,60,50,39,60,11,0.5,0.78,99
2023-02-10,1013,115,75,98,34,40,64,0.6521739130434783,0.3469387755102041,109
2023-02-11,1013,146,100,57,38,46,19,0.684931506849315,0.6666666666666666,138
2023-02-12,1013,113,76,73,34,37,39,0.672566371681416,0.4657534246575342,110
2023-02-13,1013,118,68,81,33,50,48,0.576271186440678,0.4074074074074074,101
2023-02-14,1013,130,78,64,37,52,27,0.6,0.578125,115
2023-02-15,1013,143,79,78,48,64,30,0.5524475524475524,0.6153846153846154,127
2023-02-16,1013,150,62,92,35,88,57,0.41333333333333333,0.3804347826086957,97
2023-02-17,1013,131,82,82,44,49,38,0.6259541984732825,0.5365853658536586,126
2023-02-18,1013,106,84,51,33,22,18,0.7924528301886793,0.6470588235294118,117
2023-02-19,1013,148,61,50,43,87,7,0.41216216216216217,0.86,104
2023-02-20,1013,127,78,100,33,49,67,0.6141732283464567,0.33,111
2023-02-21,1013,114,78,83,33,36,50,0.6842105263157895,0.39759036144578314,111
2023-02-22,1013,126,79,50,40,47,10,0.626984126984127,0.8,119
2023-02-23,1013,109,73,53,34,36,19,0.6697247706422018,0.6415094339622641,107
2023-02-24,1013,104,75,100,45,29,55,0.7211538461538461,0.45,120
2023-02-25,1013,112,81,50,46,31,4,0.7232142857142857,0.92,127
2023-02-26,1013,128,93,68,57,35,11,0.7265625,0.8382352941176471,150
2023-02-27,1013,134,82,53,41,52,12,0.6119402985074627,0.7735849056603774,123
2023-02-28,1013,137,85,96,39,52,57,0.6204379562043796,0.40625,124
2023-03-01,1013,147,80,79,36,67,43,0.54421768707483,0.45569620253164556,116
2023-03-02,1013,137,77,50,48,60,2,0.5620437956204379,0.96,125
2023-03-03,1013,118,88,66,43,30,23,0.7457627118644068,0.6515151515151515,131
2023-03-04,1013,149,81,54,43,68,11,0.5436241610738255,0.7962962962962963,124
2023-03-05,1013,128,79,100,48,49,52,0.6171875,0.48,127
2023-03-06,1013,144,77,79,46,67,33,0.5347222222222222,0.5822784810126582,123
2023-03-07,1013,142,96,71,39,46,32,0.676056338028169,0.5492957746478874,135
2023-03-08,1013,144,77,84,51,67,33,0.5347222222222222,0.6071428571428571,128
2023-03-09,1013,106,80,95,39,26,56,0.7547169811320755,0.4105263157894737,119
2023-03-10,1013,119,61,76,35,58,41,0.5126050420168067,0.4605263157894737,96
2023-03-11,1013,144,81,71,46,63,25,0.5625,0.647887323943662,127
2023-03-12,1013,140,81,85,51,59,34,0.5785714285714286,0.6,132
2023-03-13,1013,102,70,61,44,32,17,0.6862745098039216,0.7213114754098361,114
2023-03-14,1013,127,71,94,37,56,57,0.5590551181102362,0.39361702127659576,108
2023-03-15,1013,115,86,55,40,29,15,0.7478260869565218,0.7272727272727273,126
2023-03-16,1013,101,84,51,31,17,20,0.8316831683168316,0.6078431372549019,115
2023-03-17,1013,100,70,90,50,30,40,0.7,0.5555555555555556,120
2023-03-18,1013,138,89,85,31,49,54,0.644927536231884,0.36470588235294116,120
2023-03-19,1013,119,69,82,35,50,47,0.5798319327731093,0.4268292682926829,104
2023-03-20,1013,111,83,54,34,28,20,0.7477477477477478,0.6296296296296297,117
2023-03-21,1013,113,71,55,27,42,28,0.6283185840707964,0.4909090909090909,98
2023-03-22,1013,141,87,66,32,54,34,0.6170212765957447,0.48484848484848486,119
2023-03-23,1013,109,76,56,41,33,15,0.6972477064220184,0.7321428571428571,117
2023-03-24,1013,115,79,69,40,36,29,0.6869565217391305,0.5797101449275363,119
2023-03-25,1013,109,59,54,41,50,13,0.5412844036697247,0.7592592592592593,100
2023-03-26,1013,112,79,86,48,33,38,0.7053571428571429,0.5581395348837209,127
2023-03-27,1013,143,84,71,43,59,28,0.5874125874125874,0.6056338028169014,127
2023-03-28,1013,137,75,51,36,62,15,0.5474452554744526,0.7058823529411765,111
2023-03-29,1013,112,96,54,31,16,23,0.8571428571428571,0.5740740740740741,127
2023-03-30,1013,101,79,70,46,22,24,0.7821782178217822,0.6571428571428571,125
2023-03-31,1013,123,85,61,44,38,17,0.6910569105691057,0.7213114754098361,129
2023-04-01,1013,143,81,83,24,62,59,0.5664335664335665,0.2891566265060241,105
2023-04-02,1013,133,73,72,37,60,35,0.5488721804511278,0.5138888888888888,110
2023-04-03,1013,104,76,95,37,28,58,0.7307692307692307,0.3894736842105263,113
2023-04-04,1013,147,78,54,31,69,23,0.5306122448979592,0.5740740740740741,109
2023-04-05,1013,132,79,57,33,53,24,0.5984848484848485,0.5789473684210527,112
2023-04-06,1013,122,77,72,46,45,26,0.6311475409836066,0.6388888888888888,123
2023-04-07,1013,101,99,51,34,2,17,0.9801980198019802,0.6666666666666666,133
2023-04-08,1013,109,96,90,36,13,54,0.8807339449541285,0.4,132
2023-04-09,1013,104,80,84,38,24,46,0.7692307692307693,0.4523809523809524,118
2023-04-10,1013,146,87,89,34,59,55,0.5958904109589042,0.38202247191011235,121
2023-04-11,1013,125,93,75,41,32,34,0.744,0.5466666666666666,134
2023-04-12,1013,114,69,70,33,45,37,0.6052631578947368,0.4714285714285714,102
2023-04-13,1013,145,87,97,38,58,59,0.6,0.3917525773195876,125
2023-04-14,1013,103,74,57,29,29,28,0.7184466019417476,0.5087719298245614,103
2023-04-15,1013,127,56,76,41,71,35,0.4409448818897638,0.5394736842105263,97
2023-04-16,1013,100,79,52,39,21,13,0.79,0.75,118
2023-04-17,1013,107,76,50,50,31,0,0.7102803738317757,1,126
2023-04-18,1013,125,84,66,49,41,17,0.672,0.7424242424242424,133
2023-04-19,1013,110,85,54,54,25,0,0.7727272727272727,1,139
2023-04-20,1013,122,98,64,41,24,23,0.8032786885245902,0.640625,139
2023-04-21,1013,105,69,77,44,36,33,0.6571428571428571,0.5714285714285714,113
2023-04-22,1013,138,78,64,48,60,16,0.5652173913043478,0.75,126
2023-04-23,1013,135,87,60,38,48,22,0.6444444444444445,0.6333333333333333,125
2023-04-24,1013,135,94,56,48,41,8,0.6962962962962963,0.8571428571428571,142
2023-04-25,1013,134,86,87,54,48,33,0.6417910447761194,0.6206896551724138,140
2023-04-26,1013,100,72,64,43,28,21,0.72,0.671875,115
2023-04-27,1013,143,82,58,37,61,21,0.5734265734265734,0.6379310344827587,119
2023-04-28,1013,100,79,82,42,21,40,0.79,0.5121951219512195,121
2023-04-29,1013,100,78,93,44,22,49,0.78,0.4731182795698925,122
2023-04-30,1013,111,84,57,44,27,13,0.7567567567567568,0.7719298245614035,128
2023-05-01,1013,115,91,59,39,24,20,0.7913043478260869,0.6610169491525424,130
2023-05-02,1013,147,101,94,43,46,51,0.6870748299319728,0.4574468085106383,144
2023-05-03,1013,145,72,90,43,73,47,0.496551724137931,0.4777777777777778,115
2023-05-04,1013,135,78,64,42,57,22,0.5777777777777777,0.65625,120
2023-05-05,1013,109,97,85,39,12,46,0.8899082568807339,0.4588235294117647,136
2023-05-06,1013,139,85,97,38,54,59,0.6115107913669064,0.3917525773195876,123
2023-05-07,1013,143,78,69,37,65,32,0.5454545454545454,0.5362318840579711,115
2023-05-08,1013,133,74,58,42,59,16,0.556390977443609,0.7241379310344828,116
2023-05-09,1013,145,87,80,47,58,33,0.6,0.5875,134
2023-05-10,1013,115,89,57,36,26,21,0.7739130434782608,0.631578947368421,125
2023-05-11,1013,133,64,58,33,69,25,0.48120300751879697,0.5689655172413793,97
2023-05-12,1013,106,83,100,37,23,63,0.78301886792452835,0.37,120
2023-05-13,1013,108,78,88,40,30,48,0.7222222222222222,0.45454545454545453,118
2023-05-14,1013,107,88,98,38,19,60,0.822429906542056,0.3877551020408163,126
2023-05-15,1013,101,67,98,40,34,58,0.6633663366336634,0.40816326530612246,107
2023-05-16,1013,149,65,65,44,84,21,0.436241610738255,0.676923076923077,109
2023-05-17,1013,112,89,68,38,23,30,0.7946428571428571,0.5588235294117647,127
2023-05-18,1013,113,89,54,37,24,17,0.7876106194690266,0.6851851851851852,126
2023-05-19,1013,131,80,62,40,51,22,0.6106870229007634,0.6451612903225806,120
2023-05-20,1013,102,80,66,34,22,32,0.7843137254901961,0.5151515151515151,114
2023-05-21,1013,134,76,75,38,58,37,0.5671641791044776,0.5066666666666667,114
2023-05-22,1013,101,94,76,45,7,31,0.9306930693069307,0.5921052631578947,139
2023-05-23,1013,140,82,60,46,58,14,0.5857142857142857,0.7666666666666667,128
2023-05-24,1013,148,73,65,39,75,26,0.49324324324324326,0.6,112
2023-05-25,1013,145,80,89,48,65,41,0.5517241379310345,0.5393258426966292,128
2023-05-26,1013,115,77,68,49,38,19,0.6695652173913044,0.7205882352941176,126
2023-05-27,1013,102,84,84,31,18,53,0.8235294117647058,0.36904761904761907,115
2023-05-28,1013,132,85,61,36,47,25,0.6439393939393939,0.5901639344262295,121
2023-05-29,1013,148,62,88,40,86,48,0.4189189189189189,0.45454545454545453,102
2023-05-30,1013,126,73,82,35,53,47,0.5793650793650794,0.4268292682926829,108
2023-05-31,1013,135,68,75,41,67,34,0.5037037037037037,0.5466666666666666,109
2023-06-01,1013,105,78,76,35,27,41,0.7428571428571429,0.4605263157894737,113
2023-06-02,1013,137,78,88,53,59,35,0.5693430656934306,0.6022727272727273,131
2023-06-03,1013,116,76,62,45,40,17,0.6551724137931034,0.7258064516129032,121
2023-06-04,1013,122,76,65,33,46,32,0.6229508196721312,0.5076923076923077,109
2023-06-05,1013,108,83,56,39,25,17,0.7685185185185185,0.6964285714285714,122
2023-06-06,1013,117,69,93,33,48,60,0.5897435897435898,0.3548387096774194,102
2023-06-07,1013,126,83,85,41,43,44,0.6587301587301587,0.4823529411764706,124
2023-06-08,1013,126,80,78,39,46,39,0.6349206349206349,0.5,119
2023-06-09,1013,114,85,67,40,29,27,0.7456140350877193,0.5970149253731343,125
2023-06-10,1013,107,83,76,40,24,36,0.7757009345794392,0.5263157894736842,123
2023-06-11,1013,132,77,81,48,55,33,0.5833333333333334,0.5925925925925926,125
2023-06-12,1013,141,89,53,43,52,10,0.6312056737588653,0.8113207547169812,132
2023-06-13,1013,143,87,99,31,56,68,0.6083916083916084,0.31313131313131315,118
2023-06-14,1013,107,78,100,53,29,47,0.7289719626168224,0.53,131
2023-06-15,1013,138,78,90,34,60,56,0.5652173913043478,0.37777777777777777,112
2023-06-16,1013,121,87,88,37,34,51,0.71900826446281,0.42045454545454547,124
2023-06-17,1013,138,96,65,36,42,29,0.6956521739130435,0.5538461538461539,132
2023-06-18,1013,124,77,81,38,47,43,0.6209677419354839,0.4691358024691358,115
2023-06-19,1013,116,81,82,41,35,41,0.6982758620689655,0.5,122
2023-06-20,1013,105,83,74,40,22,34,0.7904761904761904,0.5405405405405406,123
2023-06-21,1013,128,85,84,36,43,48,0.6640625,0.42857142857142855,121
2023-06-22,1013,140,61,53,33,79,20,0.4357142857142857,0.6226415094339622,94
2023-06-23,1013,121,59,97,44,62,53,0.48760330578512395,0.4536082474226804,103
2023-06-24,1013,124,69,69,38,55,31,0.5564516129032258,0.5507246376811594,107
2023-06-25,1013,122,76,99,51,46,48,0.6229508196721312,0.5151515151515151,127
2023-06-26,1013,126,61,90,34,65,56,0.48412698412698413,0.37777777777777777,95
2023-06-27,1013,136,77,65,43,59,22,0.5661764705882353,0.6615384615384615,120
2023-06-28,1013,104,76,72,46,28,26,0.7307692307692307,0.6388888888888888,122
2023-06-29,1013,119,71,51,47,48,4,0.5966386554621849,0.9215686274509803,118
2023-06-30,1013,107,84,69,45,23,24,0.7850467289719626,0.6521739130434783,129
2023-07-01,1013,105,80,67,43,25,24,0.7619047619047619,0.6417910447761194,123
2023-07-02,1013,143,87,70,43,56,27,0.6083916083916084,0.6142857142857143,130
2023-07-03,1013,134,61,85,31,73,54,0.4552238805970149,0.36470588235294116,92
2023-07-04,1013,134,71,90,39,63,51,0.5298507462686567,0.43333333333333335,110
2023-07-05,1013,127,79,53,37,48,16,0.6220472440944882,0.6981132075471698,116
2023-07-06,1013,127,73,73,42,54,31,0.5748031496062992,0.5753424657534246,115
2023-07-07,1013,116,75,95,33,41,62,0.646551724137931,0.3473684210526316,108
2023-07-08,1013,125,77,51,45,48,6,0.616,0.8823529411764706,122
2023-07-09,1013,126,78,59,34,48,25,0.6190476190476191,0.576271186440678,112
2023-07-10,1013,126,76,89,34,50,55,0.6031746031746031,0.38202247191011235,110
2023-07-11,1013,139,80,98,38,59,60,0.5755395683453237,0.3877551020408163,118
2023-07-12,1013,101,90,79,42,11,37,0.8910891089108911,0.5316455696202531,132
2023-07-13,1013,101,75,97,37,26,60,0.7425742574257426,0.38144329896907214,112
2023-07-14,1013,109,99,99,35,10,64,0.908256880733945,0.35353535353535354,134
2023-07-15,1013,149,93,88,54,56,34,0.6241610738255033,0.6136363636363636,147
2023-07-16,1013,109,90,59,30,19,29,0.8256880733944955,0.5084745762711864,120
2023-07-17,1013,140,80,85,31,60,54,0.5714285714285714,0.36470588235294116,111
2023-07-18,1013,131,81,57,30,50,27,0.6183206106870229,0.5263157894736842,111
2023-07-19,1013,113,86,71,57,27,14,0.7610619469026548,0.8028169014084507,143
2023-07-20,1013,147,72,69,44,75,25,0.4897959183673469,0.6376811594202898,116
2023-07-21,1013,130,82,81,36,48,45,0.6307692307692307,0.4444444444444444,118
2023-07-22,1013,131,86,70,31,45,39,0.6564885496183206,0.44285714285714284,117
2023-07-23,1013,134,79,63,40,55,23,0.5895522388059702,0.6349206349206349,119
2023-07-24,1013,108,79,92,23,29,69,0.7314814814814815,0.25,102
2023-07-25,1013,122,76,81,43,46,38,0.6229508196721312,0.5308641975308642,119
2023-07-26,1013,102,83,50,42,19,8,0.8137254901960784,0.84,125
2023-07-27,1013,128,74,78,30,54,48,0.578125,0.38461538461538464,104
2023-07-28,1013,130,74,57,45,56,12,0.5692307692307692,0.7894736842105263,119
2023-07-29,1013,126,73,50,35,53,15,0.5793650793650794,0.7,108
2023-07-30,1013,107,79,97,38,28,59,0.7383177570093458,0.3917525773195876,117
2023-07-31,1013,134,73,75,35,61,40,0.5447761194029851,0.4666666666666667,108
2023-08-01,1013,105,78,68,48,27,20,0.7428571428571429,0.7058823529411765,126
2023-08-02,1013,114,81,52,34,33,18,0.7105263157894737,0.6538461538461539,115
2023-08-03,1013,148,60,60,36,88,24,0.40540540540540543,0.6,96
2023-08-04,1013,117,71,91,42,46,49,0.6068376068376068,0.46153846153846156,113
2023-08-05,1013,111,90,61,37,21,24,0.8108108108108109,0.6065573770491803,127
2023-08-06,1013,139,65,92,39,74,53,0.4676258992805755,0.42391304347826086,104
2023-08-07,1013,115,79,86,30,36,56,0.6869565217391305,0.3488372093023256,109
2023-08-08,1013,114,84,79,38,30,41,0.7368421052631579,0.4810126582278481,122
2023-08-09,1013,107,90,80,33,17,47,0.8411214953271028,0.4125,123
2023-08-10,1013,121,78,51,44,43,7,0.6446280991735537,0.8627450980392157,122
2023-08-11,1013,133,79,82,40,54,42,0.5939849624060151,0.4878048780487805,119
2023-08-12,1013,125,80,72,41,45,31,0.64,0.5694444444444444,121
2023-08-13,1013,117,67,87,43,50,44,0.5726495726495726,0.4942528735632184,110
2023-08-14,1013,119,75,71,30,44,41,0.6302521008403361,0.4225352112676056,105
2023-08-15,1013,144,82,89,34,62,55,0.5694444444444444,0.38202247191011235,116
2023-08-16,1013,117,84,84,48,33,36,0.717948717948718,0.5714285714285714,132
2023-08-17,1013,104,87,86,33,17,53,0.8365384615384616,0.38372093023255816,120
2023-08-18,1013,100,88,67,41,12,26,0.88,0.6119402985074627,129
2023-08-19,1013,106,78,93,36,28,57,0.7358490566037735,0.3870967741935484,114
2023-08-20,1013,104,85,95,35,19,60,0.8173076923076923,0.3684210526315789,120
2023-08-21,1013,117,97,54,46,20,8,0.8290598290598291,0.8518518518518519,143
2023-08-22,1013,121,92,85,39,29,46,0.7603305785123967,0.4588235294117647,131
2023-08-23,1013,132,67,73,53,65,20,0.5075757575757576,0.726027397260274,120
2023-08-24,1013,148,91,75,36,57,39,0.6148648648648649,0.48,127
2023-08-25,1013,142,79,81,35,63,46,0.5563380281690141,0.43209876543209874,114
2023-08-26,1013,134,82,61,37,52,24,0.6119402985074627,0.6065573770491803,119
2023-08-27,1013,140,80,66,47,60,19,0.5714285714285714,0.7121212121212122,127
2023-08-28,1013,113,89,58,43,24,15,0.7876106194690266,0.7413793103448276,132
2023-08-29,1013,114,84,60,36,30,24,0.7368421052631579,0.6,120
2023-08-30,1013,106,84,72,40,22,32,0.7924528301886793,0.5555555555555556,124
2023-08-31,1013,118,96,51,42,22,9,0.8135593220338984,0.8235294117647058,138
2023-09-01,1013,121,70,56,31,51,25,0.5785123966942148,0.5535714285714286,101
2023-09-02,1013,128,87,71,46,41,25,0.6796875,0.647887323943662,133
2023-09-03,1013,120,75,65,44,45,21,0.625,0.676923076923077,119
2023-09-04,1013,140,84,95,35,56,60,0.6,0.3684210526315789,119
2023-09-05,1013,116,102,52,34,14,18,0.8793103448275862,0.6538461538461539,136
2023-09-06,1013,150,78,87,43,72,44,0.52,0.4942528735632184,121
2023-09-07,1013,139,81,76,31,58,45,0.5827338129496403,0.40789473684210525,112
2023-09-08,1013,131,78,80,41,53,39,0.5954198473282443,0.5125,119
2023-09-09,1013,133,85,60,38,48,22,0.6390977443609023,0.6333333333333333,123
2023-09-10,1013,100,74,64,37,26,27,0.74,0.578125,111
2023-09-11,1013,145,71,72,35,74,37,0.4896551724137931,0.4861111111111111,106
2023-09-12,1013,121,72,78,40,49,38,0.5950413223140496,0.5128205128205128,112
2023-09-13,1013,119,66,85,41,53,44,0.5546218487394958,0.4823529411764706,107
2023-09-14,1013,128,87,51,35,41,16,0.6796875,0.6862745098039216,122
2023-09-15,1013,110,82,75,37,28,38,0.7454545454545455,0.49333333333333335,119
2023-09-16,1013,100,93,95,37,7,58,0.93,0.3894736842105263,130
2023-09-17,1013,112,89,54,41,23,13,0.7946428571428571,0.7592592592592593,130
2023-09-18,1013,140,80,67,54,60,13,0.5714285714285714,0.8059701492537313,134
2023-09-19,1013,112,93,85,39,19,46,0.8303571428571429,0.4588235294117647,132
2023-09-20,1013,109,97,91,38,12,53,0.8899082568807339,0.4175824175824176,135
2023-09-21,1013,137,85,89,42,52,47,0.6204379562043796,0.47191011235955055,127
2023-09-22,1013,139,73,60,30,66,30,0.5251798561151079,0.5,103
2023-09-23,1013,129,92,55,41,37,14,0.7131782945736435,0.7454545454545455,133
2023-09-24,1013,139,102,64,34,37,30,0.7338129496402878,0.53125,136
2023-09-25,1013,130,83,100,35,47,65,0.6384615384615384,0.35,118
2023-09-26,1013,138,85,53,37,53,16,0.6159420289855072,0.6981132075471698,122
2023-09-27,1013,127,72,57,32,55,25,0.5669291338582677,0.5614035087719298,104
2023-09-28,1013,104,98,62,40,6,22,0.9423076923076923,0.6451612903225806,138
2023-09-29,1013,136,80,83,40,56,43,0.5882352941176471,0.4819277108433735,120
2023-09-30,1013,129,76,51,34,53,17,0.5891472868217055,0.6666666666666666,110
2023-10-01,1013,107,59,62,34,48,28,0.5514018691588785,0.5483870967741935,93
2023-10-02,1013,103,85,89,42,18,47,0.8252427184466019,0.47191011235955055,127
2023-10-03,1013,137,70,87,40,67,47,0.5109489051094891,0.45977011494252873,110
2023-10-04,1013,130,75,90,33,55,57,0.5769230769230769,0.36666666666666664,108
2023-10-05,1013,102,80,79,41,22,38,0.7843137254901961,0.5189873417721519,121
2023-10-06,1013,140,76,69,48,64,21,0.5428571428571428,0.6956521739130435,124
2023-10-07,1013,125,91,53,44,34,9,0.728,0.8301886792452831,135
2023-10-08,1013,137,83,81,39,54,42,0.6058394160583942,0.48148148148148145,122
2023-10-09,1013,143,79,92,43,64,49,0.5524475524475524,0.4673913043478261,122
2023-10-10,1013,129,88,71,32,41,39,0.6821705426356589,0.4507042253521127,120
2023-10-11,1013,111,85,87,42,26,45,0.7657657657657657,0.4827586206896552,127
2023-10-12,1013,122,78,68,34,44,34,0.639344262295082,0.5,112
2023-10-13,1013,102,73,92,36,29,56,0.7156862745098039,0.391304347826087,109
2023-10-14,1013,130,84,71,41,46,30,0.6461538461538462,0.5774647887323944,125
2023-10-15,1013,120,94,53,46,26,7,0.7833333333333333,0.8679245283018868,140
2023-10-16,1013,124,75,94,40,49,54,0.6048387096774194,0.425531914893617,115
2023-10-17,1013,101,77,66,49,24,17,0.7623762376237624,0.7424242424242424,126
2023-10-18,1013,117,70,61,26,47,35,0.5982905982905983,0.4262295081967213,96
2023-10-19,1013,141,68,87,41,73,46,0.48226950354609927,0.47126436781609193,109
2023-10-20,1013,103,95,100,51,8,49,0.9223300970873787,0.51,146
2023-10-21,1013,116,63,53,39,53,14,0.5431034482758621,0.7358490566037735,102
2023-10-22,1013,113,95,68,38,18,30,0.8407079646017699,0.5588235294117647,133
2023-10-23,1013,109,92,77,38,17,39,0.8440366972477065,0.4935064935064935,130
2023-10-24,1013,117,64,96,56,53,40,0.5470085470085471,0.5833333333333334,120
2023-10-25,1013,132,82,80,47,50,33,0.6212121212121212,0.5875,129
2023-10-26,1013,126,78,82,42,48,40,0.6190476190476191,0.5121951219512195,120
2023-10-27,1013,130,83,72,36,47,36,0.6384615384615384,0.5,119
2023-10-28,1013,109,86,97,44,23,53,0.7889908256880734,0.4536082474226804,130
2023-10-29,1013,100,69,50,34,31,16,0.69,0.68,103
2023-10-30,1013,109,77,86,37,32,49,0.7064220183486238,0.43023255813953487,114
2023-10-31,1013,132,75,81,34,57,47,0.5681818181818182,0.41975308641975306,109
2023-11-01,1013,142,70,79,43,72,36,0.49295774647887325,0.5443037974683544,113
2023-11-02,1013,109,79,88,39,30,49,0.7247706422018348,0.4431818181818182,118
2023-11-03,1013,142,71,77,46,71,31,0.5,0.5974025974025974,117
2023-11-04,1013,133,80,67,47,53,20,0.6015037593984962,0.7014925373134329,127
2023-11-05,1013,127,76,73,33,51,40,0.5984251968503937,0.4520547945205479,109
2023-11-06,1013,122,83,63,40,39,23,0.680327868852459,0.6349206349206349,123
2023-11-07,1013,141,73,88,32,68,56,0.5177304964539007,0.36363636363636365,105
2023-11-08,1013,140,90,78,41,50,37,0.6428571428571429,0.5256410256410257,131
2023-11-09,1013,128,70,57,43,58,14,0.546875,0.7543859649122807,113
2023-11-10,1013,138,84,95,47,54,48,0.6086956521739131,0.49473684210526314,131
2023-11-11,1013,104,86,50,35,18,15,0.8269230769230769,0.7,121
2023-11-12,1013,115,68,97,48,47,49,0.591304347826087,0.4948453608247423,116
2023-11-13,1013,124,80,99,35,44,64,0.6451612903225806,0.35353535353535354,115
2023-11-14,1013,123,72,96,44,51,52,0.5853658536585366,0.4583333333333333,116
2023-11-15,1013,144,84,57,34,60,23,0.5833333333333334,0.5964912280701754,118
2023-11-16,1013,110,80,58,43,30,15,0.7272727272727273,0.7413793103448276,123
2023-11-17,1013,119,81,70,34,38,36,0.680672268907563,0.4857142857142857,115
2023-11-18,1013,117,87,63,41,30,22,0.7435897435897436,0.6507936507936508,128
2023-11-19,1013,100,81,75,31,19,44,0.81,0.41333333333333333,112
2023-11-20,1013,140,86,59,46,54,13,0.6142857142857143,0.7796610169491526,132
2023-11-21,1013,127,75,72,37,52,35,0.5905511811023622,0.5138888888888888,112
2023-11-22,1013,102,87,67,30,15,37,0.8529411764705882,0.44776119402985076,117
2023-11-23,1013,147,80,54,31,67,23,0.54421768707483,0.5740740740740741,111
2023-11-24,1013,146,78,67,35,68,32,0.5342465753424658,0.5223880597014925,113
2023-11-25,1013,148,74,69,28,74,41,0.5,0.4057971014492754,102
2023-11-26,1013,114,81,57,35,33,22,0.7105263157894737,0.6140350877192983,116
2023-11-27,1013,119,73,86,42,46,44,0.6134453781512605,0.4883720930232558,115
2023-11-28,1013,122,84,89,32,38,57,0.6885245901639344,0.3595505617977528,116
2023-11-29,1013,149,84,74,36,65,38,0.5637583892617449,0.4864864864864865,120
2023-11-30,1013,130,89,79,41,41,38,0.6846153846153846,0.5189873417721519,130
2023-12-01,1013,129,70,93,36,59,57,0.5426356589147286,0.3870967741935484,106
2023-12-02,1013,137,62,96,26,75,70,0.45255474452554745,0.2708333333333333,88
2023-12-03,1013,144,90,66,50,54,16,0.625,0.7575757575757576,140
2023-12-04,1013,142,73,82,43,69,39,0.5140845070422535,0.524390243902439,116
2023-12-05,1013,143,83,68,46,60,22,0.5804195804195804,0.6764705882352942,129
2023-12-06,1013,149,92,62,41,57,21,0.6174496644295302,0.6612903225806451,133
2023-12-07,1013,118,74,85,44,44,41,0.6271186440677966,0.5176470588235295,118
2023-12-08,1013,131,72,72,38,59,34,0.549618320610687,0.5277777777777778,110
2023-12-09,1013,118,70,78,41,48,37,0.5932203389830508,0.5256410256410257,111
2023-12-10,1013,101,95,90,40,6,50,0.9405940594059405,0.4444444444444444,135
2023-12-11,1013,132,92,50,50,40,0,0.696969696969697,1,142
2023-12-12,1013,150,75,76,47,75,29,0.5,0.618421052631579,122
2023-12-13,1013,115,90,58,44,25,14,0.782608695652174,0.7586206896551724,134
2023-12-14,1013,120,73,64,38,47,26,0.6083333333333333,0.59375,111
2023-12-15,1013,139,76,55,39,63,16,0.5467625899280576,0.7090909090909091,115
2023-12-16,1013,109,80,84,38,29,46,0.7339449541284404,0.4523809523809524,118
2023-12-17,1013,103,63,54,34,40,20,0.6116504854368932,0.6296296296296297,97
2023-12-18,1013,136,86,81,43,50,38,0.6323529411764706,0.5308641975308642,129
2023-12-19,1013,144,66,58,36,78,22,0.4583333333333333,0.6206896551724138,102
2023-12-20,1013,117,78,94,27,39,67,0.6666666666666666,0.2872340425531915,105
2023-12-21,1013,122,86,90,51,36,39,0.7049180327868853,0.5666666666666667,137
2023-12-22,1013,114,67,79,31,47,48,0.5877192982456141,0.3924050632911392,98
2023-12-23,1013,150,82,86,46,68,40,0.5466666666666666,0.5348837209302325,128
2023-12-24,1013,112,82,51,38,30,13,0.7321428571428571,0.7450980392156863,120
2023-12-25,1013,119,75,77,38,44,39,0.6302521008403361,0.4935064935064935,113
2023-12-26,1013,123,89,99,33,34,66,0.7235772357723578,0.3333333333333333,122
2023-12-27,1013,110,89,99,44,21,55,0.8090909090909091,0.4444444444444444,133
2023-12-28,1013,139,76,63,47,63,16,0.5467625899280576,0.746031746031746,123
2023-12-29,1013,138,82,60,44,56,16,0.5942028985507246,0.7333333333333333,126
2023-12-30,1013,106,89,99,34,17,65,0.839622641509434,0.3434343434343434,123
2023-12-31,1013,100,81,51,48,19,3,0.81,0.9411764705882353,129
2023-01-01,1014,118,72,59,36,46,23,0.6101694915254238,0.6101694915254238,108
2023-01-02,1014,133,76,77,35,57,42,0.5714285714285714,0.45454545454545453,111
2023-01-03,1014,115,87,79,41,28,38,0.7565217391304347,0.5189873417721519,128
2023-01-04,1014,111,82,98,40,29,58,0.7387387387387387,0.40816326530612246,122
2023-01-05,1014,148,70,88,37,78,51,0.47297297297297297,0.42045454545454547,107
2023-01-06,1014,104,86,94,51,18,43,0.8269230769230769,0.5425531914893617,137
2023-01-07,1014,118,80,89,41,38,48,0.6779661016949152,0.4606741573033708,121
2023-01-08,1014,124,89,56,44,35,12,0.717741935483871,0.7857142857142857,133
2023-01-09,1014,117,68,95,32,49,63,0.5811965811965812,0.3368421052631579,100
2023-01-10,1014,133,86,87,42,47,45,0.6466165413533834,0.4827586206896552,128
2023-01-11,1014,114,84,98,35,30,63,0.7368421052631579,0.35714285714285715,119
2023-01-12,1014,122,74,97,44,48,53,0.6065573770491803,0.4536082474226804,118
2023-01-13,1014,109,63,95,39,46,56,0.5779816513761468,0.4105263157894737,102
2023-01-14,1014,150,66,53,29,84,24,0.44,0.5471698113207547,95
2023-01-15,1014,105,84,87,44,21,43,0.8,0.5057471264367817,128
2023-01-16,1014,112,83,83,35,29,48,0.7410714285714286,0.42168674698795183,118
2023-01-17,1014,136,89,94,47,47,47,0.6544117647058824,0.5,136
2023-01-18,1014,144,83,70,48,61,22,0.5763888888888888,0.6857142857142857,131
2023-01-19,1014,123,70,73,38,53,35,0.5691056910569106,0.5205479452054794,108
2023-01-20,1014,131,88,89,41,43,48,0.6717557251908397,0.4606741573033708,129
2023-01-21,1014,125,77,74,39,48,35,0.616,0.527027027027027,116
2023-01-22,1014,137,78,60,40,59,20,0.5693430656934306,0.6666666666666666,118
2023-01-23,1014,138,67,58,36,71,22,0.4855072463768116,0.6206896551724138,103
2023-01-24,1014,144,79,63,34,65,29,0.5486111111111112,0.5396825396825397,113
2023-01-25,1014,127,78,100,44,49,56,0.6141732283464567,0.44,122
2023-01-26,1014,133,89,84,36,44,48,0.6691729323308271,0.42857142857142855,125
2023-01-27,1014,135,74,84,51,61,33,0.5481481481481482,0.6071428571428571,125
2023-01-28,1014,145,82,95,40,63,55,0.5655172413793104,0.42105263157894735,122
2023-01-29,1014,118,70,62,29,48,33,0.5932203389830508,0.46774193548387094,99
2023-01-30,1014,136,86,81,44,50,37,0.6323529411764706,0.5432098765432098,130
2023-01-31,1014,121,82,78,48,39,30,0.6776859504132231,0.6153846153846154,130
2023-02-01,1014,113,83,88,34,30,54,0.7345132743362832,0.38636363636363635,117
2023-02-02,1014,131,65,99,53,66,46,0.4961832061068702,0.5353535353535354,118
2023-02-03,1014,137,78,63,47,59,16,0.5693430656934306,0.746031746031746,125
2023-02-04,1014,141,78,84,42,63,42,0.5531914893617021,0.5,120
2023-02-05,1014,140,100,59,42,40,17,0.7142857142857143,0.711864406779661,142
2023-02-06,1014,104,62,90,36,42,54,0.5961538461538461,0.4,98
2023-02-07,1014,102,78,59,44,24,15,0.7647058823529411,0.7457627118644068,122
2023-02-08,1014,124,84,92,47,40,45,0.6774193548387096,0.5108695652173914,131
2023-02-09,1014,112,72,97,43,40,54,0.6428571428571429,0.44329896907216493,115
2023-02-10,1014,127,78,89,24,49,65,0.6141732283464567,0.2696629213483146,102
2023-02-11,1014,115,61,61,39,54,22,0.5304347826086957,0.639344262295082,100
2023-02-12,1014,101,83,94,41,18,53,0.8217821782178217,0.43617021276595747,124
2023-02-13,1014,132,77,95,42,55,53,0.5833333333333334,0.4421052631578947,119
2023-02-14,1014,126,71,92,34,55,58,0.5634920634920635,0.3695652173913043,105
2023-02-15,1014,145,70,93,34,75,59,0.4827586206896552,0.3655913978494624,104
2023-02-16,1014,107,78,74,32,29,42,0.7289719626168224,0.43243243243243246,110
2023-02-17,1014,133,75,97,42,58,55,0.5639097744360902,0.4329896907216495,117
2023-02-18,1014,148,87,80,29,61,51,0.5878378378378378,0.3625,116
2023-02-19,1014,147,103,55,47,44,8,0.7006802721088435,0.8545454545454545,150
2023-02-20,1014,106,86,72,44,20,28,0.8113207547169812,0.6111111111111112,130
2023-02-21,1014,119,88,77,48,31,29,0.7394957983193278,0.6233766233766234,136
2023-02-22,1014,108,97,64,41,11,23,0.8981481481481481,0.640625,138
2023-02-23,1014,146,78,87,36,68,51,0.5342465753424658,0.41379310344827586,114
2023-02-24,1014,120,80,71,33,40,38,0.6666666666666666,0.4647887323943662,113
2023-02-25,1014,109,92,98,30,17,68,0.8440366972477065,0.30612244897959184,122
2023-02-26,1014,139,74,90,37,65,53,0.5323741007194245,0.4111111111111111,111
2023-02-27,1014,129,90,69,52,39,17,0.6976744186046512,0.7536231884057971,142
2023-02-28,1014,141,85,55,41,56,14,0.6028368794326241,0.7454545454545455,126
2023-03-01,1014,115,61,94,32,54,62,0.5304347826086957,0.3404255319148936,93
2023-03-02,1014,145,83,89,40,62,49,0.5724137931034483,0.449438202247191,123
2023-03-03,1014,126,90,88,41,36,47,0.7142857142857143,0.4659090909090909,131
2023-03-04,1014,130,70,63,38,60,25,0.5384615384615384,0.6031746031746031,108
2023-03-05,1014,145,80,90,41,65,49,0.5517241379310345,0.45555555555555555,121
2023-03-06,1014,139,80,86,42,59,44,0.5755395683453237,0.4883720930232558,122
2023-03-07,1014,134,70,96,37,64,59,0.5223880597014925,0.3854166666666667,107
2023-03-08,1014,102,66,77,31,36,46,0.6470588235294118,0.4025974025974026,97
2023-03-09,1014,113,68,83,37,45,46,0.6017699115044248,0.4457831325301205,105
2023-03-10,1014,107,76,97,43,31,54,0.7102803738317757,0.44329896907216493,119
2023-03-11,1014,100,79,87,32,21,55,0.79,0.367816091954023,111
2023-03-12,1014,135,87,53,33,48,20,0.6444444444444445,0.6226415094339622,120
2023-03-13,1014,123,86,55,37,37,18,0.6991869918699187,0.6727272727272727,123
2023-03-14,1014,102,87,70,43,15,27,0.8529411764705882,0.6142857142857143,130
2023-03-15,1014,113,81,91,38,32,53,0.7168141592920354,0.4175824175824176,119
2023-03-16,1014,131,96,84,38,35,46,0.732824427480916,0.4523809523809524,134
2023-03-17,1014,137,84,97,37,53,60,0.6131386861313869,0.38144329896907214,121
2023-03-18,1014,125,82,96,43,43,53,0.656,0.4479166666666667,125
2023-03-19,1014,149,70,76,47,79,29,0.4697986577181208,0.618421052631579,117
2023-03-20,1014,148,94,80,29,54,51,0.6351351351351351,0.3625,123
2023-03-21,1014,107,90,59,46,17,13,0.8411214953271028,0.7796610169491526,136
2023-03-22,1014,113,72,72,37,41,35,0.6371681415929203,0.5138888888888888,109
2023-03-23,1014,126,73,68,52,53,16,0.5793650793650794,0.7647058823529411,125
2023-03-24,1014,107,68,58,22,39,36,0.6355140186915887,0.3793103448275862,90
2023-03-25,1014,128,91,77,52,37,25,0.7109375,0.6753246753246753,143
2023-03-26,1014,122,83,93,43,39,50,0.680327868852459,0.46236559139784944,126
2023-03-27,1014,130,74,59,47,56,12,0.5692307692307692,0.7966101694915254,121
2023-03-28,1014,100,64,54,40,36,14,0.64,0.7407407407407407,104
2023-03-29,1014,112,88,78,45,24,33,0.7857142857142857,0.5769230769230769,133
2023-03-30,1014,141,63,83,37,78,46,0.44680851063829785,0.4457831325301205,100
2023-03-31,1014,125,87,88,46,38,42,0.696,0.5227272727272727,133
2023-04-01,1014,148,75,74,37,73,37,0.5067567567567568,0.5,112
2023-04-02,1014,108,93,62,43,15,19,0.8611111111111112,0.6935483870967742,136
2023-04-03,1014,103,83,94,39,20,55,0.8058252427184466,0.4148936170212766,122
2023-04-04,1014,148,75,90,35,73,55,0.5067567567567568,0.3888888888888889,110
2023-04-05,1014,120,73,81,47,47,34,0.6083333333333333,0.5802469135802469,120
2023-04-06,1014,107,84,77,30,23,47,0.7850467289719626,0.38961038961038963,114
2023-04-07,1014,146,79,91,50,67,41,0.541095890410959,0.5494505494505495,129
2023-04-08,1014,104,72,55,41,32,14,0.6923076923076923,0.7454545454545455,113
2023-04-09,1014,136,90,81,38,46,43,0.6617647058823529,0.4691358024691358,128
2023-04-10,1014,102,83,69,40,19,29,0.8137254901960784,0.5797101449275363,123
2023-04-11,1014,126,90,75,30,36,45,0.7142857142857143,0.4,120
2023-04-12,1014,104,67,77,45,37,32,0.6442307692307693,0.5844155844155844,112
2023-04-13,1014,110,77,79,40,33,39,0.7,0.5063291139240507,117
2023-04-14,1014,138,82,71,39,56,32,0.5942028985507246,0.5492957746478874,121
2023-04-15,1014,100,83,95,42,17,53,0.83,0.4421052631578947,125
2023-04-16,1014,101,65,75,42,36,33,0.6435643564356436,0.56,107
2023-04-17,1014,131,72,64,48,59,16,0.549618320610687,0.75,120
2023-04-18,1014,133,80,51,31,53,20,0.6015037593984962,0.6078431372549019,111
2023-04-19,1014,114,92,60,43,22,17,0.8070175438596491,0.7166666666666667,135
2023-04-20,1014,141,77,62,34,64,28,0.5460992907801419,0.5483870967741935,111
2023-04-21,1014,109,75,73,40,34,33,0.6880733944954128,0.547945205479452,115
2023-04-22,1014,105,67,73,30,38,43,0.638095238095238,0.410958904109589,97
2023-04-23,1014,146,80,67,42,66,25,0.547945205479452,0.6268656716417911,122
2023-04-24,1014,102,86,57,32,16,25,0.8431372549019608,0.5614035087719298,118
2023-04-25,1014,101,73,89,37,28,52,0.7227722772277227,0.4157303370786517,110
2023-04-26,1014,103,90,56,42,13,14,0.8737864077669902,0.75,132
2023-04-27,1014,119,77,61,29,42,32,0.6470588235294118,0.47540983606557374,106
2023-04-28,1014,116,90,59,40,26,19,0.7758620689655172,0.6779661016949152,130
2023-04-29,1014,144,83,91,38,61,53,0.5763888888888888,0.4175824175824176,121
2023-04-30,1014,104,78,52,32,26,20,0.75,0.6153846153846154,110
2023-05-01,1014,112,90,54,36,22,18,0.8035714285714286,0.6666666666666666,126
2023-05-02,1014,134,84,54,50,50,4,0.6268656716417911,0.9259259259259259,134
2023-05-03,1014,124,81,70,42,43,28,0.6532258064516129,0.6,123
2023-05-04,1014,138,70,64,60,68,4,0.5072463768115942,0.9375,130
2023-05-05,1014,142,80,93,33,62,60,0.5633802816901409,0.3548387096774194,113
2023-05-06,1014,145,75,82,36,70,46,0.5172413793103449,0.43902439024390244,111
2023-05-07,1014,109,99,88,37,10,51,0.908256880733945,0.42045454545454547,136
2023-05-08,1014,140,76,73,26,64,47,0.5428571428571428,0.3561643835616438,102
2023-05-09,1014,135,83,51,35,52,16,0.6148148148148148,0.6862745098039216,118
2023-05-10,1014,115,84,65,35,31,30,0.7304347826086957,0.5384615384615384,119
2023-05-11,1014,142,84,93,45,58,48,0.5915492957746479,0.4838709677419355,129
2023-05-12,1014,107,86,64,36,21,28,0.8037383177570093,0.5625,122
2023-05-13,1014,131,77,61,41,54,20,0.5877862595419847,0.6721311475409836,118
2023-05-14,1014,110,77,73,43,33,30,0.7,0.589041095890411,120
2023-05-15,1014,150,75,50,35,75,15,0.5,0.7,110
2023-05-16,1014,126,84,91,46,42,45,0.6666666666666666,0.5054945054945055,130
2023-05-17,1014,125,78,79,41,47,38,0.624,0.5189873417721519,119
2023-05-18,1014,113,75,73,30,38,43,0.6637168141592921,0.410958904109589,105
2023-05-19,1014,103,74,69,42,29,27,0.7184466019417476,0.6086956521739131,116
2023-05-20,1014,115,92,77,34,23,43,0.8,0.44155844155844154,126
2023-05-21,1014,117,83,94,48,34,46,0.7094017094017094,0.5106382978723404,131
2023-05-22,1014,137,102,55,55,35,0,0.7445255474452555,1,157
2023-05-23,1014,125,75,58,53,50,5,0.6,0.9137931034482759,128
2023-05-24,1014,145,83,92,42,62,50,0.5724137931034483,0.45652173913043476,125
2023-05-25,1014,103,85,54,43,18,11,0.8252427184466019,0.7962962962962963,128
2023-05-26,1014,129,82,53,47,47,6,0.6356589147286822,0.8867924528301887,129
2023-05-27,1014,124,87,82,31,37,51,0.7016129032258065,0.3780487804878049,118
2023-05-28,1014,131,65,78,44,66,34,0.4961832061068702,0.5641025641025641,109
2023-05-29,1014,111,92,98,34,19,64,0.8288288288288288,0.3469387755102041,126
2023-05-30,1014,125,95,72,32,30,40,0.76,0.4444444444444444,127
2023-05-31,1014,109,82,52,46,27,6,0.7522935779816514,0.8846153846153846,128
2023-06-01,1014,118,76,79,38,42,41,0.6440677966101694,0.4810126582278481,114
2023-06-02,1014,145,91,51,36,54,15,0.6275862068965518,0.7058823529411765,127
2023-06-03,1014,135,97,60,34,38,26,0.7185185185185186,0.5666666666666667,131
2023-06-04,1014,146,81,88,51,65,37,0.5547945205479452,0.5795454545454546,132
2023-06-05,1014,149,79,94,39,70,55,0.5302013422818792,0.4148936170212766,118
2023-06-06,1014,136,62,67,38,74,29,0.45588235294117646,0.5671641791044776,100
2023-06-07,1014,131,84,83,45,47,38,0.6412213740458015,0.54216867469879515,129
2023-06-08,1014,129,90,59,35,39,24,0.6976744186046512,0.5932203389830508,125
2023-06-09,1014,116,85,65,37,31,28,0.7327586206896551,0.5692307692307692,122
2023-06-10,1014,103,68,83,41,35,42,0.6601941747572816,0.4939759036144578,109
2023-06-11,1014,144,71,84,48,73,36,0.4930555555555556,0.5714285714285714,119
2023-06-12,1014,141,76,96,34,65,62,0.5390070921985816,0.3541666666666667,110
2023-06-13,1014,104,90,87,35,14,52,0.8653846153846154,0.40229885057471265,125
2023-06-14,1014,126,78,67,36,48,31,0.6190476190476191,0.5373134328358209,114
2023-06-15,1014,126,76,58,35,50,23,0.6031746031746031,0.603448275862069,111
2023-06-16,1014,144,83,72,32,61,40,0.5763888888888888,0.4444444444444444,115
2023-06-17,1014,147,76,89,42,71,47,0.5170068027210885,0.47191011235955055,118
2023-06-18,1014,132,95,97,48,37,49,0.7196969696969697,0.4948453608247423,143
2023-06-19,1014,111,76,57,44,35,13,0.6846846846846847,0.7719298245614035,120
2023-06-20,1014,121,85,65,40,36,25,0.7024793388429752,0.6153846153846154,125
2023-06-21,1014,119,87,89,30,32,59,0.7310924369747899,0.33707865168539325,117
2023-06-22,1014,143,84,90,35,59,55,0.5874125874125874,0.3888888888888889,119
2023-06-23,1014,142,77,76,48,65,28,0.5422535211267606,0.631578947368421,125
2023-06-24,1014,142,97,74,38,45,36,0.6830985915492958,0.5135135135135135,135
2023-06-25,1014,124,65,92,42,59,50,0.5241935483870968,0.45652173913043476,107
2023-06-26,1014,100,83,79,42,17,37,0.83,0.5316455696202531,125
2023-06-27,1014,122,91,82,42,31,40,0.7459016393442623,0.5121951219512195,133
2023-06-28,1014,124,96,66,39,28,27,0.7741935483870968,0.5909090909090909,135
2023-06-29,1014,146,66,71,35,80,36,0.4520547945205479,0.49295774647887325,101
2023-06-30,1014,117,70,92,42,47,50,0.5982905982905983,0.45652173913043476,112
2023-07-01,1014,143,78,97,33,65,64,0.5454545454545454,0.3402061855670103,111
2023-07-02,1014,119,91,51,39,28,12,0.7647058823529411,0.7647058823529411,130
2023-07-03,1014,101,72,71,40,29,31,0.7128712871287128,0.5633802816901409,112
2023-07-04,1014,140,87,73,50,53,23,0.6214285714285714,0.684931506849315,137
2023-07-05,1014,101,101,70,39,0,31,1,0.5571428571428572,140
2023-07-06,1014,124,79,62,42,45,20,0.6370967741935484,0.6774193548387096,121
2023-07-07,1014,143,85,67,34,58,33,0.5944055944055944,0.5074626865671642,119
2023-07-08,1014,146,85,81,34,61,47,0.5821917808219178,0.41975308641975306,119
2023-07-09,1014,130,70,82,36,60,46,0.5384615384615384,0.43902439024390244,106
2023-07-10,1014,121,83,78,49,38,29,0.6859504132231405,0.6282051282051282,132
2023-07-11,1014,109,66,52,34,43,18,0.6055045871559633,0.6538461538461539,100
2023-07-12,1014,131,82,54,34,49,20,0.6259541984732825,0.6296296296296297,116
2023-07-13,1014,108,93,74,29,15,45,0.8611111111111112,0.3918918918918919,122
2023-07-14,1014,150,72,50,35,78,15,0.48,0.7,107
2023-07-15,1014,103,91,88,34,12,54,0.883495145631068,0.38636363636363635,125
2023-07-16,1014,149,76,61,43,73,18,0.5100671140939598,0.7049180327868853,119
2023-07-17,1014,146,65,73,36,81,37,0.4452054794520548,0.4931506849315068,101
2023-07-18,1014,136,87,89,44,49,45,0.6397058823529411,0.4943820224719101,131
2023-07-19,1014,126,86,60,48,40,12,0.6825396825396826,0.8,134
2023-07-20,1014,128,82,94,39,46,55,0.640625,0.4148936170212766,121
2023-07-21,1014,147,81,51,28,66,23,0.5510204081632653,0.5490196078431373,109
2023-07-22,1014,130,81,69,41,49,28,0.6230769230769231,0.5942028985507246,122
2023-07-23,1014,133,80,100,44,53,56,0.6015037593984962,0.44,124
2023-07-24,1014,146,98,51,47,48,4,0.6712328767123288,0.9215686274509803,145
2023-07-25,1014,147,82,92,43,65,49,0.5578231292517006,0.4673913043478261,125
2023-07-26,1014,132,95,90,29,37,61,0.7196969696969697,0.32222222222222224,124
2023-07-27,1014,134,78,57,33,56,24,0.582089552238806,0.5789473684210527,111
2023-07-28,1014,104,76,63,42,28,21,0.7307692307692307,0.6666666666666666,118
2023-07-29,1014,136,95,50,39,41,11,0.6985294117647058,0.78,134
2023-07-30,1014,103,79,71,46,24,25,0.7669902912621359,0.647887323943662,125
2023-07-31,1014,141,69,88,36,72,52,0.48936170212765956,0.4090909090909091,105
2023-08-01,1014,146,85,85,50,61,35,0.5821917808219178,0.5882352941176471,135
2023-08-02,1014,102,76,52,38,26,14,0.7450980392156863,0.7307692307692307,114
2023-08-03,1014,105,99,90,41,6,49,0.9428571428571428,0.45555555555555555,140
2023-08-04,1014,111,74,98,42,37,56,0.6666666666666666,0.42857142857142855,116
2023-08-05,1014,128,87,76,50,41,26,0.6796875,0.6578947368421053,137
2023-08-06,1014,131,71,53,50,60,3,0.5419847328244275,0.9433962264150944,121
2023-08-07,1014,114,84,67,42,30,25,0.7368421052631579,0.6268656716417911,126
2023-08-08,1014,149,70,99,38,79,61,0.4697986577181208,0.3838383838383838,108
2023-08-09,1014,116,89,79,49,27,30,0.7672413793103449,0.620253164556962,138
2023-08-10,1014,118,83,68,36,35,32,0.7033898305084746,0.5294117647058824,119
2023-08-11,1014,101,97,53,33,4,20,0.9603960396039604,0.6226415094339622,130
2023-08-12,1014,148,84,88,49,64,39,0.5675675675675675,0.5568181818181818,133
2023-08-13,1014,117,75,71,30,42,41,0.6410256410256411,0.4225352112676056,105
2023-08-14,1014,122,85,66,41,37,25,0.6967213114754098,0.6212121212121212,126
2023-08-15,1014,109,74,76,35,35,41,0.6788990825688074,0.4605263157894737,109
2023-08-16,1014,100,71,83,35,29,48,0.71,0.42168674698795183,106
2023-08-17,1014,136,69,52,43,67,9,0.5073529411764706,0.8269230769230769,112
2023-08-18,1014,110,81,51,49,29,2,0.7363636363636363,0.9607843137254902,130
2023-08-19,1014,135,61,84,39,74,45,0.45185185185185184,0.4642857142857143,100
2023-08-20,1014,109,85,54,42,24,12,0.7798165137614679,0.7777777777777778,127
2023-08-21,1014,114,84,62,37,30,25,0.7368421052631579,0.5967741935483871,121
2023-08-22,1014,112,80,55,32,32,23,0.7142857142857143,0.5818181818181818,112
2023-08-23,1014,143,78,65,41,65,24,0.5454545454545454,0.6307692307692307,119
2023-08-24,1014,142,86,70,42,56,28,0.6056338028169014,0.6,128
2023-08-25,1014,109,67,80,53,42,27,0.6146788990825688,0.6625,120
2023-08-26,1014,109,93,79,40,16,39,0.8532110091743119,0.5063291139240507,133
2023-08-27,1014,114,74,99,34,40,65,0.6491228070175439,0.3434343434343434,108
2023-08-28,1014,113,80,86,46,33,40,0.7079646017699115,0.5348837209302325,126
2023-08-29,1014,144,69,69,44,75,25,0.4791666666666667,0.6376811594202898,113
2023-08-30,1014,139,69,95,44,70,51,0.49640287769784175,0.4631578947368421,113
2023-08-31,1014,114,75,71,30,39,41,0.6578947368421053,0.4225352112676056,105
2023-09-01,1014,140,61,51,51,79,0,0.4357142857142857,1,112
2023-09-02,1014,147,78,54,49,69,5,0.5306122448979592,0.9074074074074074,127
2023-09-03,1014,106,82,89,34,24,55,0.7735849056603774,0.38202247191011235,116
2023-09-04,1014,106,68,58,51,38,7,0.6415094339622641,0.8793103448275862,119
2023-09-05,1014,141,75,86,34,66,52,0.5319148936170213,0.3953488372093023,109
2023-09-06,1014,114,84,68,37,30,31,0.7368421052631579,0.5441176470588235,121
2023-09-07,1014,147,80,73,39,67,34,0.54421768707483,0.5342465753424658,119
2023-09-08,1014,104,76,52,45,28,7,0.7307692307692307,0.8653846153846154,121
2023-09-09,1014,121,83,68,38,38,30,0.6859504132231405,0.5588235294117647,121
2023-09-10,1014,127,88,83,33,39,50,0.6929133858267716,0.39759036144578314,121
2023-09-11,1014,150,83,51,48,67,3,0.5533333333333333,0.9411764705882353,131
2023-09-12,1014,114,76,66,38,38,28,0.6666666666666666,0.5757575757575758,114
2023-09-13,1014,116,77,63,52,39,11,0.6637931034482759,0.8253968253968254,129
2023-09-14,1014,123,66,96,32,57,64,0.5365853658536586,0.3333333333333333,98
2023-09-15,1014,134,73,76,50,61,26,0.5447761194029851,0.6578947368421053,123
2023-09-16,1014,112,72,56,47,40,9,0.6428571428571429,0.8392857142857143,119
2023-09-17,1014,134,85,57,48,49,9,0.6343283582089553,0.8421052631578947,133
2023-09-18,1014,122,89,77,53,33,24,0.7295081967213115,0.6883116883116883,142
2023-09-19,1014,125,85,91,40,40,51,0.68,0.43956043956043955,125
2023-09-20,1014,110,61,73,50,49,23,0.5545454545454546,0.684931506849315,111
2023-09-21,1014,101,80,82,47,21,35,0.7920792079207921,0.573170731707317,127
2023-09-22,1014,104,87,73,42,17,31,0.8365384615384616,0.5753424657534246,129
2023-09-23,1014,126,81,99,41,45,58,0.6428571428571429,0.41414141414141414,122
2023-09-24,1014,145,84,74,56,61,18,0.5793103448275863,0.7567567567567568,140
2023-09-25,1014,112,96,77,43,16,34,0.8571428571428571,0.5584415584415584,139
2023-09-26,1014,104,85,87,39,19,48,0.8173076923076923,0.4482758620689655,124
2023-09-27,1014,135,88,83,31,47,52,0.6518518518518519,0.37349397590361444,119
2023-09-28,1014,116,84,54,48,32,6,0.7241379310344828,0.8888888888888888,132
2023-09-29,1014,145,101,52,47,44,5,0.696551724137931,0.9038461538461539,148
2023-09-30,1014,122,67,96,38,55,58,0.5491803278688525,0.3958333333333333,105
2023-10-01,1014,133,84,77,41,49,36,0.631578947368421,0.5324675324675324,125
2023-10-02,1014,150,77,67,37,73,30,0.5133333333333333,0.5522388059701493,114
2023-10-03,1014,133,86,61,39,47,22,0.6466165413533834,0.639344262295082,125
2023-10-04,1014,129,74,96,43,55,53,0.5736434108527132,0.4479166666666667,117
2023-10-05,1014,124,70,94,37,54,57,0.5645161290322581,0.39361702127659576,107
2023-10-06,1014,115,71,85,40,44,45,0.6173913043478261,0.47058823529411764,111
2023-10-07,1014,100,69,73,40,31,33,0.69,0.547945205479452,109
2023-10-08,1014,102,74,98,46,28,52,0.7254901960784313,0.46938775510204084,120
2023-10-09,1014,142,89,89,42,53,47,0.6267605633802817,0.47191011235955055,131
2023-10-10,1014,107,64,75,45,43,30,0.5981308411214953,0.6,109
2023-10-11,1014,105,83,90,47,22,43,0.7904761904761904,0.5222222222222223,130
2023-10-12,1014,143,72,73,40,71,33,0.5034965034965035,0.547945205479452,112
2023-10-13,1014,107,78,82,39,29,43,0.7289719626168224,0.47560975609756095,117
2023-10-14,1014,107,76,75,36,31,39,0.7102803738317757,0.48,112
2023-10-15,1014,107,73,70,45,34,25,0.6822429906542056,0.6428571428571429,118
2023-10-16,1014,101,60,89,38,41,51,0.594059405940594,0.42696629213483145,98
2023-10-17,1014,111,97,83,44,14,39,0.8738738738738738,0.5301204819277109,141
2023-10-18,1014,135,81,68,51,54,17,0.6,0.75,132
2023-10-19,1014,123,78,90,43,45,47,0.6341463414634146,0.4777777777777778,121
2023-10-20,1014,142,67,72,35,75,37,0.47183098591549294,0.4861111111111111,102
2023-10-21,1014,130,58,84,32,72,52,0.4461538461538462,0.38095238095238093,90
2023-10-22,1014,102,94,90,40,8,50,0.9215686274509803,0.4444444444444444,134
2023-10-23,1014,112,91,56,35,21,21,0.8125,0.625,126
2023-10-24,1014,107,103,76,35,4,41,0.9626168224299065,0.4605263157894737,138
2023-10-25,1014,100,86,99,44,14,55,0.86,0.4444444444444444,130
2023-10-26,1014,113,78,64,38,35,26,0.6902654867256637,0.59375,116
2023-10-27,1014,109,83,61,26,26,35,0.7614678899082569,0.4262295081967213,109
2023-10-28,1014,117,93,57,43,24,14,0.7948717948717948,0.7543859649122807,136
2023-10-29,1014,111,68,64,26,43,38,0.6126126126126126,0.40625,94
2023-10-30,1014,133,76,88,42,57,46,0.5714285714285714,0.4772727272727273,118
2023-10-31,1014,125,95,68,36,30,32,0.76,0.5294117647058824,131
2023-11-01,1014,110,78,88,39,32,49,0.7090909090909091,0.4431818181818182,117
2023-11-02,1014,140,76,85,44,64,41,0.5428571428571428,0.5176470588235295,120
2023-11-03,1014,112,68,88,46,44,42,0.6071428571428571,0.5227272727272727,114
2023-11-04,1014,104,74,64,29,30,35,0.7115384615384616,0.453125,103
2023-11-05,1014,108,83,81,41,25,40,0.7685185185185185,0.5061728395061729,124
2023-11-06,1014,150,70,76,36,80,40,0.4666666666666667,0.47368421052631576,106
2023-11-07,1014,103,96,61,34,7,27,0.9320388349514563,0.5573770491803278,130
2023-11-08,1014,126,89,57,53,37,4,0.7063492063492064,0.9298245614035088,142
2023-11-09,1014,106,64,81,51,42,30,0.6037735849056604,0.6296296296296297,115
2023-11-10,1014,109,83,63,32,26,31,0.7614678899082569,0.5079365079365079,115
2023-11-11,1014,147,76,90,30,71,60,0.5170068027210885,0.3333333333333333,106
2023-11-12,1014,149,89,81,37,60,44,0.5973154362416108,0.4567901234567901,126
2023-11-13,1014,103,82,97,30,21,67,0.7961165048543689,0.30927835051546393,112
2023-11-14,1014,135,74,67,36,61,31,0.5481481481481482,0.5373134328358209,110
2023-11-15,1014,126,90,57,42,36,15,0.7142857142857143,0.7368421052631579,132
2023-11-16,1014,143,97,58,33,46,25,0.6783216783216783,0.5689655172413793,130
2023-11-17,1014,147,76,79,30,71,49,0.5170068027210885,0.379746835443038,106
2023-11-18,1014,124,64,92,39,60,53,0.5161290322580645,0.42391304347826086,103
2023-11-19,1014,133,85,87,33,48,54,0.6390977443609023,0.3793103448275862,118
2023-11-20,1014,135,83,85,41,52,44,0.6148148148148148,0.4823529411764706,124
2023-11-21,1014,114,74,85,40,40,45,0.6491228070175439,0.47058823529411764,114
2023-11-22,1014,114,71,81,45,43,36,0.6228070175438597,0.5555555555555556,116
2023-11-23,1014,103,83,51,45,20,6,0.8058252427184466,0.8823529411764706,128
2023-11-24,1014,111,89,57,49,22,8,0.8018018018018018,0.8596491228070176,138
2023-11-25,1014,135,76,98,35,59,63,0.562962962962963,0.35714285714285715,111
2023-11-26,1014,109,89,87,49,20,38,0.8165137614678899,0.5632183908045977,138
2023-11-27,1014,140,90,98,41,50,57,0.6428571428571429,0.41836734693877553,131
2023-11-28,1014,109,79,95,45,30,50,0.7247706422018348,0.47368421052631576,124
2023-11-29,1014,112,86,63,47,26,16,0.7678571428571429,0.746031746031746,133
2023-11-30,1014,115,72,57,30,43,27,0.6260869565217392,0.5263157894736842,102
2023-12-01,1014,135,71,82,55,64,27,0.5259259259259259,0.6707317073170732,126
2023-12-02,1014,142,84,91,43,58,48,0.5915492957746479,0.4725274725274725,127
2023-12-03,1014,139,88,96,52,51,44,0.6330935251798561,0.5416666666666666,140
2023-12-04,1014,124,74,99,32,50,67,0.5967741935483871,0.32323232323232326,106
2023-12-05,1014,137,91,77,34,46,43,0.6642335766423357,0.44155844155844154,125
2023-12-06,1014,116,70,69,48,46,21,0.603448275862069,0.6956521739130435,118
2023-12-07,1014,119,101,94,39,18,55,0.8487394957983193,0.4148936170212766,140
2023-12-08,1014,134,86,76,39,48,37,0.6417910447761194,0.5131578947368421,125
2023-12-09,1014,112,76,77,39,36,38,0.6785714285714286,0.5064935064935064,115
2023-12-10,1014,122,69,90,37,53,53,0.5655737704918032,0.4111111111111111,106
2023-12-11,1014,119,74,56,35,45,21,0.6218487394957983,0.625,109
2023-12-12,1014,143,70,62,45,73,17,0.48951048951048953,0.7258064516129032,115
2023-12-13,1014,103,72,83,53,31,30,0.6990291262135923,0.6385542168674698,125
2023-12-14,1014,139,69,94,50,70,44,0.49640287769784175,0.5319148936170213,119
2023-12-15,1014,143,81,90,34,62,56,0.5664335664335665,0.37777777777777777,115
2023-12-16,1014,142,84,69,35,58,34,0.5915492957746479,0.5072463768115942,119
2023-12-17,1014,146,93,90,41,53,49,0.636986301369863,0.45555555555555555,134
2023-12-18,1014,145,85,65,41,60,24,0.5862068965517241,0.6307692307692307,126
2023-12-19,1014,126,73,75,43,53,32,0.5793650793650794,0.5733333333333334,116
2023-12-20,1014,147,79,82,37,68,45,0.5374149659863946,0.45121951219512196,116
2023-12-21,1014,115,84,92,33,31,59,0.7304347826086957,0.358695652173913,117
2023-12-22,1014,127,67,61,38,60,23,0.5275590551181102,0.6229508196721312,105
2023-12-23,1014,123,97,57,42,26,15,0.7886178861788617,0.7368421052631579,139
2023-12-24,1014,106,88,57,29,18,28,0.8301886792452831,0.5087719298245614,117
2023-12-25,1014,101,92,57,47,9,10,0.9108910891089109,0.8245614035087719,139
2023-12-26,1014,120,75,72,41,45,31,0.625,0.5694444444444444,116
2023-12-27,1014,109,76,95,33,33,62,0.6972477064220184,0.3473684210526316,109
2023-12-28,1014,140,78,68,47,62,21,0.5571428571428572,0.6911764705882353,125
2023-12-29,1014,144,93,89,35,51,54,0.6458333333333334,0.39325842696629215,128
2023-12-30,1014,101,89,50,30,12,20,0.8811881188118812,0.6,119
2023-12-31,1014,115,73,93,41,42,52,0.6347826086956522,0.44086021505376344,114
2023-01-01,1015,102,66,64,34,36,30,0.6470588235294118,0.53125,100
2023-01-02,1015,127,84,99,46,43,53,0.6614173228346457,0.46464646464646464,130
2023-01-03,1015,127,83,76,28,44,48,0.6535433070866141,0.3684210526315789,111
2023-01-04,1015,140,71,62,37,69,25,0.5071428571428571,0.5967741935483871,108
2023-01-05,1015,104,70,93,42,34,51,0.6730769230769231,0.45161290322580644,112
2023-01-06,1015,136,75,87,40,61,47,0.5514705882352942,0.45977011494252873,115
2023-01-07,1015,120,78,82,48,42,34,0.65,0.5853658536585366,126
2023-01-08,1015,112,85,51,44,27,7,0.7589285714285714,0.8627450980392157,129
2023-01-09,1015,102,75,74,41,27,33,0.7352941176470589,0.5540540540540541,116
2023-01-10,1015,144,94,54,40,50,14,0.6527777777777778,0.7407407407407407,134
2023-01-11,1015,145,66,50,38,79,12,0.45517241379310347,0.76,104
2023-01-12,1015,110,84,71,34,26,37,0.7636363636363637,0.4788732394366197,118
2023-01-13,1015,141,84,94,39,57,55,0.5957446808510638,0.4148936170212766,123
2023-01-14,1015,135,84,98,48,51,50,0.6222222222222222,0.4897959183673469,132
2023-01-15,1015,139,83,66,40,56,26,0.5971223021582733,0.6060606060606061,123
2023-01-16,1015,106,93,98,31,13,67,0.8773584905660378,0.3163265306122449,124
2023-01-17,1015,110,73,61,42,37,19,0.6636363636363637,0.6885245901639344,115
2023-01-18,1015,100,88,85,30,12,55,0.88,0.35294117647058826,118
2023-01-19,1015,139,76,85,35,63,50,0.5467625899280576,0.4117647058823529,111
2023-01-20,1015,107,96,56,38,11,18,0.897196261682243,0.6785714285714286,134
2023-01-21,1015,150,74,91,33,76,58,0.49333333333333335,0.3626373626373626,107
2023-01-22,1015,146,73,70,33,73,37,0.5,0.4714285714285714,106
2023-01-23,1015,103,62,73,37,41,36,0.6019417475728155,0.5068493150684932,99
2023-01-24,1015,133,78,63,46,55,17,0.5864661654135338,0.7301587301587301,124
2023-01-25,1015,143,85,97,35,58,62,0.5944055944055944,0.36082474226804123,120
2023-01-26,1015,119,73,64,33,46,31,0.6134453781512605,0.515625,106
2023-01-27,1015,123,82,83,32,41,51,0.6666666666666666,0.3855421686746988,114
2023-01-28,1015,146,67,87,47,79,40,0.4589041095890411,0.5402298850574713,114
2023-01-29,1015,104,82,74,56,22,18,0.7884615384615384,0.7567567567567568,138
2023-01-30,1015,102,89,88,51,13,37,0.8725490196078431,0.5795454545454546,140
2023-01-31,1015,121,77,77,43,44,34,0.6363636363636364,0.5584415584415584,120
2023-02-01,1015,112,82,87,36,30,51,0.7321428571428571,0.41379310344827586,118
2023-02-02,1015,109,91,84,23,18,61,0.8348623853211009,0.27380952380952384,114
2023-02-03,1015,140,76,61,38,64,23,0.5428571428571428,0.6229508196721312,114
2023-02-04,1015,123,85,62,28,38,34,0.6910569105691057,0.45161290322580644,113
2023-02-05,1015,125,83,89,40,42,49,0.664,0.449438202247191,123
2023-02-06,1015,105,64,98,32,41,66,0.6095238095238096,0.32653061224489793,96
2023-02-07,1015,123,80,65,43,43,22,0.6504065040650406,0.6615384615384615,123
2023-02-08,1015,115,52,84,38,63,46,0.45217391304347826,0.4523809523809524,90
2023-02-09,1015,108,73,89,41,35,48,0.6759259259259259,0.4606741573033708,114
2023-02-10,1015,137,87,69,36,50,33,0.635036496350365,0.5217391304347826,123
2023-02-11,1015,100,70,72,49,30,23,0.7,0.6805555555555556,119
2023-02-12,1015,121,87,98,38,34,60,0.71900826446281,0.3877551020408163,125
2023-02-13,1015,100,73,64,37,27,27,0.73,0.578125,110
2023-02-14,1015,146,84,96,44,62,52,0.5753424657534246,0.4583333333333333,128
2023-02-15,1015,100,82,71,32,18,39,0.82,0.4507042253521127,114
2023-02-16,1015,142,74,90,50,68,40,0.5211267605633803,0.5555555555555556,124
2023-02-17,1015,148,78,92,36,70,56,0.527027027027027,0.391304347826087,114
2023-02-18,1015,136,64,72,25,72,47,0.47058823529411764,0.3472222222222222,89
2023-02-19,1015,146,70,85,36,76,49,0.4794520547945205,0.4235294117647059,106
2023-02-20,1015,100,80,62,32,20,30,0.8,0.5161290322580645,112
2023-02-21,1015,100,87,67,42,13,25,0.87,0.6268656716417911,129
2023-02-22,1015,125,82,79,43,43,36,0.656,0.5443037974683544,125
2023-02-23,1015,122,60,53,44,62,9,0.4918032786885246,0.8301886792452831,104
2023-02-24,1015,108,69,87,43,39,44,0.6388888888888888,0.4942528735632184,112
2023-02-25,1015,113,68,61,42,45,19,0.6017699115044248,0.6885245901639344,110
2023-02-26,1015,101,87,73,46,14,27,0.8613861386138614,0.6301369863013698,133
2023-02-27,1015,121,95,58,39,26,19,0.7851239669421488,0.6724137931034483,134
2023-02-28,1015,118,86,79,41,32,38,0.7288135593220338,0.5189873417721519,127
2023-03-01,1015,112,84,85,37,28,48,0.75,0.43529411764705883,121
2023-03-02,1015,146,78,70,42,68,28,0.5342465753424658,0.6,120
2023-03-03,1015,116,76,97,38,40,59,0.6551724137931034,0.3917525773195876,114
2023-03-04,1015,146,64,87,57,82,30,0.4383561643835616,0.6551724137931034,121
2023-03-05,1015,136,78,70,46,58,24,0.5735294117647058,0.6571428571428571,124
2023-03-06,1015,111,84,85,45,27,40,0.7567567567567568,0.5294117647058824,129
2023-03-07,1015,144,79,81,48,65,33,0.5486111111111112,0.5925925925925926,127
2023-03-08,1015,114,80,80,41,34,39,0.7017543859649122,0.5125,121
2023-03-09,1015,133,84,59,22,49,37,0.631578947368421,0.3728813559322034,106
2023-03-10,1015,115,81,100,41,34,59,0.7043478260869566,0.41,122
2023-03-11,1015,148,72,55,46,76,9,0.4864864864864865,0.8363636363636363,118
2023-03-12,1015,122,61,68,25,61,43,0.5,0.36764705882352944,86
2023-03-13,1015,123,82,65,49,41,16,0.6666666666666666,0.7538461538461538,131
2023-03-14,1015,109,74,55,43,35,12,0.6788990825688074,0.7818181818181819,117
2023-03-15,1015,112,93,96,38,19,58,0.8303571428571429,0.3958333333333333,131
2023-03-16,1015,108,88,62,39,20,23,0.8148148148148148,0.6290322580645161,127
2023-03-17,1015,140,80,67,37,60,30,0.5714285714285714,0.5522388059701493,117
2023-03-18,1015,121,85,87,40,36,47,0.7024793388429752,0.45977011494252873,125
2023-03-19,1015,133,85,71,38,48,33,0.6390977443609023,0.5352112676056338,123
2023-03-20,1015,105,105,52,41,0,11,1,0.7884615384615384,146
2023-03-21,1015,114,82,66,41,32,25,0.7192982456140351,0.6212121212121212,123
2023-03-22,1015,148,82,63,52,66,11,0.5540540540540541,0.8253968253968254,134
2023-03-23,1015,119,78,74,38,41,36,0.6554621848739496,0.5135135135135135,116
2023-03-24,1015,130,77,67,46,53,21,0.5923076923076923,0.6865671641791045,123
2023-03-25,1015,122,84,62,34,38,28,0.6885245901639344,0.5483870967741935,118
2023-03-26,1015,118,72,84,34,46,50,0.6101694915254238,0.40476190476190477,106
2023-03-27,1015,142,81,75,43,61,32,0.5704225352112676,0.5733333333333334,124
2023-03-28,1015,139,85,93,47,54,46,0.6115107913669064,0.5053763440860215,132
2023-03-29,1015,100,77,94,49,23,45,0.77,0.5212765957446809,126
2023-03-30,1015,107,85,75,42,22,33,0.794392523364486,0.56,127
2023-03-31,1015,144,76,100,31,68,69,0.5277777777777778,0.31,107
2023-04-01,1015,150,78,59,40,72,19,0.52,0.6779661016949152,118
2023-04-02,1015,116,81,55,36,35,19,0.6982758620689655,0.6545454545454545,117
2023-04-03,1015,101,92,91,38,9,53,0.9108910891089109,0.4175824175824176,130
2023-04-04,1015,108,90,84,34,18,50,0.8333333333333334,0.40476190476190477,124
2023-04-05,1015,116,73,83,33,43,50,0.6293103448275862,0.39759036144578314,106
2023-04-06,1015,107,81,66,42,26,24,0.7570093457943925,0.6363636363636364,123
2023-04-07,1015,130,75,58,40,55,18,0.5769230769230769,0.6896551724137931,115
2023-04-08,1015,134,98,62,40,36,22,0.7313432835820896,0.6451612903225806,138
2023-04-09,1015,116,78,55,30,38,25,0.6724137931034483,0.5454545454545454,108
2023-04-10,1015,129,83,85,32,46,53,0.6434108527131783,0.3764705882352941,115
2023-04-11,1015,114,86,72,44,28,28,0.7543859649122807,0.6111111111111112,130
2023-04-12,1015,131,85,95,37,46,58,0.648854961832061,0.3894736842105263,122
2023-04-13,1015,147,74,81,43,73,38,0.5034013605442177,0.5308641975308642,117
2023-04-14,1015,131,87,89,47,44,42,0.6641221374045801,0.5280898876404494,134
2023-04-15,1015,139,77,96,41,62,55,0.5539568345323741,0.4270833333333333,118
2023-04-16,1015,146,89,68,35,57,33,0.6095890410958904,0.5147058823529411,124
2023-04-17,1015,143,78,95,39,65,56,0.5454545454545454,0.4105263157894737,117
2023-04-18,1015,111,84,88,37,27,51,0.7567567567567568,0.42045454545454547,121
2023-04-19,1015,105,89,77,31,16,46,0.8476190476190476,0.4025974025974026,120
2023-04-20,1015,135,82,76,54,53,22,0.6074074074074074,0.7105263157894737,136
2023-04-21,1015,115,78,72,41,37,31,0.6782608695652174,0.5694444444444444,119
2023-04-22,1015,142,67,56,42,75,14,0.47183098591549294,0.75,109
2023-04-23,1015,140,74,93,41,66,52,0.5285714285714286,0.44086021505376344,115
2023-04-24,1015,123,70,55,28,53,27,0.5691056910569106,0.509090909090909,98
2023-04-25,1015,145,82,50,36,63,14,0.5655172413793104,0.72,118
2023-04-26,1015,139,76,64,43,63,21,0.5467625899280576,0.671875,119
2023-04-27,1015,143,91,75,54,52,21,0.6363636363636364,0.72,145
2023-04-28,1015,123,81,60,35,42,25,0.6585365853658537,0.5833333333333334,116
2023-04-29,1015,111,73,100,51,38,49,0.6576576576576577,0.51,124
2023-04-30,1015,119,79,88,51,40,37,0.6638655462184874,0.5795454545454546,130
2023-05-01,1015,137,88,52,40,49,12,0.6423357664233577,0.7692307692307693,128
2023-05-02,1015,105,96,64,32,9,32,0.9142857142857143,0.5,128
2023-05-03,1015,118,84,80,31,34,49,0.711864406779661,0.3875,115
2023-05-04,1015,149,86,51,40,63,11,0.5771812080536913,0.7843137254901961,126
2023-05-05,1015,130,84,98,43,46,55,0.6461538461538462,0.4387755102040816,127
2023-05-06,1015,115,76,53,53,39,0,0.6608695652173913,1,129
2023-05-07,1015,103,77,82,37,26,45,0.7475728155339806,0.45121951219512196,114
2023-05-08,1015,131,78,95,46,53,49,0.5954198473282443,0.4842105263157895,124
2023-05-09,1015,110,82,75,47,28,28,0.7454545454545455,0.6266666666666667,129
2023-05-10,1015,131,72,83,26,59,57,0.549618320610687,0.3132530120481928,98
2023-05-11,1015,120,62,87,33,58,54,0.5166666666666667,0.3793103448275862,95
2023-05-12,1015,146,68,55,51,78,4,0.4657534246575342,0.9272727272727272,119
2023-05-13,1015,141,78,87,46,63,41,0.5531914893617021,0.5287356321839081,124
2023-05-14,1015,107,75,72,45,32,27,0.7009345794392523,0.625,120
2023-05-15,1015,104,78,59,37,26,22,0.75,0.6271186440677966,115
2023-05-16,1015,148,82,87,43,66,44,0.5540540540540541,0.4942528735632184,125
2023-05-17,1015,124,84,94,39,40,55,0.6774193548387096,0.4148936170212766,123
2023-05-18,1015,138,76,53,39,62,14,0.5507246376811594,0.7358490566037735,115
2023-05-19,1015,139,77,66,36,62,30,0.5539568345323741,0.5454545454545454,113
2023-05-20,1015,139,73,61,29,66,32,0.5251798561151079,0.47540983606557374,102
2023-05-21,1015,111,73,100,45,38,55,0.6576576576576577,0.45,118
2023-05-22,1015,101,62,93,54,39,39,0.6138613861386139,0.5806451612903226,116
2023-05-23,1015,149,58,58,40,91,18,0.38926174496644295,0.6896551724137931,98
2023-05-24,1015,126,84,66,33,42,33,0.6666666666666666,0.5,117
2023-05-25,1015,101,76,93,53,25,40,0.7524752475247525,0.5698924731182796,129
2023-05-26,1015,105,61,83,46,44,37,0.580952380952381,0.5542168674698795,107
2023-05-27,1015,109,61,81,43,48,38,0.5596330275229358,0.5308641975308642,104
2023-05-28,1015,109,83,54,45,26,9,0.7614678899082569,0.8333333333333334,128
2023-05-29,1015,102,83,99,35,19,64,0.8137254901960784,0.35353535353535354,118
2023-05-30,1015,112,83,100,31,29,69,0.7410714285714286,0.31,114
2023-05-31,1015,140,95,57,45,45,12,0.6785714285714286,0.7894736842105263,140
2023-06-01,1015,116,76,74,33,40,41,0.6551724137931034,0.44594594594594594,109
2023-06-02,1015,138,74,93,36,64,57,0.5362318840579711,0.3870967741935484,110
2023-06-03,1015,106,80,93,39,26,54,0.7547169811320755,0.41935483870967744,119
2023-06-04,1015,132,82,86,49,50,37,0.6212121212121212,0.5697674418604651,131
2023-06-05,1015,147,81,95,38,66,57,0.5510204081632653,0.4,119
2023-06-06,1015,118,73,68,35,45,33,0.6186440677966102,0.5147058823529411,108
2023-06-07,1015,101,74,73,33,27,40,0.7326732673267327,0.4520547945205479,107
2023-06-08,1015,119,76,100,51,43,49,0.6386554621848739,0.51,127
2023-06-09,1015,132,81,64,47,51,17,0.6136363636363636,0.734375,128
2023-06-10,1015,147,73,52,50,74,2,0.4965986394557823,0.9615384615384616,123
2023-06-11,1015,146,95,53,38,51,15,0.6506849315068494,0.71698113207547165,133
2023-06-12,1015,148,68,73,39,80,34,0.4594594594594595,0.5342465753424658,107
2023-06-13,1015,102,85,53,42,17,11,0.8333333333333334,0.7924528301886793,127
2023-06-14,1015,125,71,65,29,54,36,0.568,0.4461538461538462,100
2023-06-15,1015,119,84,100,39,35,61,0.7058823529411765,0.39,123
2023-06-16,1015,142,65,92,32,77,60,0.45774647887323944,0.34782608695652173,97
2023-06-17,1015,136,96,86,40,40,46,0.7058823529411765,0.46511627906976744,136
2023-06-18,1015,118,88,52,42,30,10,0.7457627118644068,0.8076923076923077,130
2023-06-19,1015,148,82,92,34,66,58,0.5540540540540541,0.3695652173913043,116
2023-06-20,1015,103,90,60,38,13,22,0.8737864077669902,0.6333333333333333,128
2023-06-21,1015,104,94,73,29,10,44,0.9038461538461539,0.3972602739726027,123
2023-06-22,1015,126,87,68,27,39,41,0.6904761904761905,0.39705882352941174,114
2023-06-23,1015,140,66,96,49,74,47,0.4714285714285714,0.5104166666666666,115
2023-06-24,1015,132,86,99,31,46,68,0.6515151515151515,0.31313131313131315,117
2023-06-25,1015,118,67,67,40,51,27,0.5677966101694916,0.5970149253731343,107
2023-06-26,1015,130,80,79,43,50,36,0.6153846153846154,0.5443037974683544,123
2023-06-27,1015,139,70,58,39,69,19,0.5035971223021583,0.6724137931034483,109
2023-06-28,1015,110,76,98,36,34,62,0.6909090909090909,0.3673469387755102,112
2023-06-29,1015,114,79,65,45,35,20,0.6929824561403509,0.6923076923076923,124
2023-06-30,1015,137,66,78,38,71,40,0.48175182481751827,0.48717948717948717,104
2023-07-01,1015,103,85,53,34,18,19,0.8252427184466019,0.6415094339622641,119
2023-07-02,1015,135,72,54,39,63,15,0.5333333333333333,0.7222222222222222,111
2023-07-03,1015,143,97,72,46,46,26,0.6783216783216783,0.6388888888888888,143
2023-07-04,1015,133,81,56,33,52,23,0.6090225563909775,0.5892857142857143,114
2023-07-05,1015,141,89,57,48,52,9,0.6312056737588653,0.8421052631578947,137
2023-07-06,1015,133,81,57,44,52,13,0.6090225563909775,0.7719298245614035,125
2023-07-07,1015,138,76,58,32,62,26,0.5507246376811594,0.5517241379310345,108
2023-07-08,1015,140,71,50,37,69,13,0.5071428571428571,0.74,108
2023-07-09,1015,143,74,97,44,69,53,0.5174825174825175,0.4536082474226804,118
2023-07-10,1015,122,66,96,43,56,53,0.5409836065573771,0.4479166666666667,109
2023-07-11,1015,113,93,55,35,20,20,0.8230088495575221,0.6363636363636364,128
2023-07-12,1015,115,70,75,43,45,32,0.6086956521739131,0.5733333333333334,113
2023-07-13,1015,105,87,68,31,18,37,0.8285714285714286,0.45588235294117646,118
2023-07-14,1015,140,84,55,41,56,14,0.6,0.7454545454545455,125
2023-07-15,1015,113,82,97,44,31,53,0.7256637168141593,0.4536082474226804,126
2023-07-16,1015,102,82,91,30,20,61,0.803921568627451,0.32967032967032966,112
2023-07-17,1015,141,95,89,45,46,44,0.6737588652482269,0.5056179775280899,140
2023-07-18,1015,140,83,66,47,57,19,0.5928571428571429,0.7121212121212122,130
2023-07-19,1015,118,81,57,38,37,19,0.6864406779661016,0.6666666666666666,119
2023-07-20,1015,144,76,93,50,68,43,0.5277777777777778,0.5376344086021505,126
2023-07-21,1015,103,83,57,34,20,23,0.8058252427184466,0.5964912280701754,117
2023-07-22,1015,121,74,60,35,47,25,0.6115702479338843,0.5833333333333334,109
2023-07-23,1015,101,71,82,41,30,41,0.7029702970297029,0.5,112
2023-07-24,1015,135,83,87,41,52,46,0.6148148148148148,0.47126436781609193,124
2023-07-25,1015,114,78,61,41,36,20,0.6842105263157895,0.6721311475409836,119
2023-07-26,1015,140,83,74,44,57,30,0.5928571428571429,0.5945945945945946,127
2023-07-27,1015,149,78,56,35,71,21,0.5234899328859061,0.625,113
2023-07-28,1015,106,87,79,37,19,42,0.8207547169811321,0.46835443037974683,124
2023-07-29,1015,134,89,87,47,45,40,0.664179104477612,0.5402298850574713,136
2023-07-30,1015,138,88,97,41,50,56,0.6376811594202898,0.422680412371134,129
2023-07-31,1015,110,74,95,35,36,60,0.6727272727272727,0.3684210526315789,109
2023-08-01,1015,147,92,79,53,55,26,0.6258503401360545,0.6708860759493671,145
2023-08-02,1015,124,71,99,45,53,54,0.5725806451612904,0.45454545454545453,116
2023-08-03,1015,123,76,66,41,47,25,0.6178861788617886,0.6212121212121212,117
2023-08-04,1015,100,85,58,44,15,14,0.85,0.7586206896551724,129
2023-08-05,1015,125,76,77,50,49,27,0.608,0.6493506493506493,126
2023-08-06,1015,125,73,93,32,52,61,0.584,0.34408602150537637,105
2023-08-07,1015,105,79,67,47,26,20,0.7523809523809524,0.7014925373134329,126
2023-08-08,1015,132,94,76,33,38,43,0.7121212121212122,0.4342105263157895,127
2023-08-09,1015,104,99,82,35,5,47,0.9519230769230769,0.4268292682926829,134
2023-08-10,1015,136,78,52,51,58,1,0.5735294117647058,0.9807692307692307,129
2023-08-11,1015,103,88,82,40,15,42,0.8543689320388349,0.4878048780487805,128
2023-08-12,1015,112,91,89,43,21,46,0.8125,0.48314606741573035,134
2023-08-13,1015,148,75,82,47,73,35,0.5067567567567568,0.573170731707317,122
2023-08-14,1015,115,78,74,51,37,23,0.6782608695652174,0.6891891891891891,129
2023-08-15,1015,129,70,94,54,59,40,0.5426356589147286,0.574468085106383,124
2023-08-16,1015,100,80,97,36,20,61,0.8,0.3711340206185567,116
2023-08-17,1015,123,75,72,38,48,34,0.6097560975609756,0.5277777777777778,113
2023-08-18,1015,114,61,82,43,53,39,0.5350877192982456,0.524390243902439,104
2023-08-19,1015,139,87,84,35,52,49,0.6258992805755396,0.4166666666666667,122
2023-08-20,1015,105,73,72,39,32,33,0.6952380952380952,0.5416666666666666,112
2023-08-21,1015,146,66,84,39,80,45,0.4520547945205479,0.4642857142857143,105
2023-08-22,1015,148,87,52,39,61,13,0.5878378378378378,0.75,126
2023-08-23,1015,120,70,63,37,50,26,0.5833333333333334,0.5873015873015873,107
2023-08-24,1015,130,84,91,44,46,47,0.6461538461538462,0.4835164835164835,128
2023-08-25,1015,137,79,90,39,58,51,0.5766423357664233,0.43333333333333335,118
2023-08-26,1015,115,97,75,35,18,40,0.8434782608695652,0.4666666666666667,132
2023-08-27,1015,122,84,92,44,38,48,0.6885245901639344,0.4782608695652174,128
2023-08-28,1015,133,77,89,38,56,51,0.5789473684210527,0.42696629213483145,115
2023-08-29,1015,144,85,57,41,59,16,0.5902777777777778,0.7192982456140351,126
2023-08-30,1015,125,79,96,48,46,48,0.632,0.5,127
2023-08-31,1015,134,79,97,43,55,54,0.5895522388059702,0.44329896907216493,122
2023-09-01,1015,124,76,62,44,48,18,0.6129032258064516,0.7096774193548387,120
2023-09-02,1015,125,72,90,29,53,61,0.576,0.32222222222222224,101
2023-09-03,1015,145,89,67,39,56,28,0.6137931034482759,0.582089552238806,128
2023-09-04,1015,100,74,77,42,26,35,0.74,0.5454545454545454,116
2023-09-05,1015,120,76,91,44,44,47,0.6333333333333333,0.4835164835164835,120
2023-09-06,1015,121,80,59,28,41,31,0.6611570247933884,0.4745762711864407,108
2023-09-07,1015,121,70,56,55,51,1,0.5785123966942148,0.9821428571428571,125
2023-09-08,1015,132,105,84,48,27,36,0.7954545454545454,0.5714285714285714,153
2023-09-09,1015,146,74,86,40,72,46,0.5068493150684932,0.46511627906976744,114
2023-09-10,1015,118,80,60,55,38,5,0.6779661016949152,0.9166666666666666,135
2023-09-11,1015,129,91,75,38,38,37,0.7054263565891473,0.5066666666666667,129
2023-09-12,1015,116,83,80,49,33,31,0.7155172413793104,0.6125,132
2023-09-13,1015,106,81,59,30,25,29,0.7641509433962265,0.5084745762711864,111
2023-09-14,1015,123,82,58,40,41,18,0.6666666666666666,0.6896551724137931,122
2023-09-15,1015,101,66,60,41,35,19,0.6534653465346535,0.6833333333333333,107
2023-09-16,1015,106,91,72,29,15,43,0.8584905660377359,0.4027777777777778,120
2023-09-17,1015,134,78,67,35,56,32,0.582089552238806,0.5223880597014925,113
2023-09-18,1015,146,86,63,40,60,23,0.589041095890411,0.6349206349206349,126
2023-09-19,1015,112,85,64,51,27,13,0.7589285714285714,0.796875,136
2023-09-20,1015,103,74,54,46,29,8,0.7184466019417476,0.8518518518518519,120
2023-09-21,1015,104,76,80,49,28,31,0.7307692307692307,0.6125,125
2023-09-22,1015,146,85,94,33,61,61,0.5821917808219178,0.35106382978723405,118
2023-09-23,1015,103,82,65,34,21,31,0.7961165048543689,0.5230769230769231,116
2023-09-24,1015,113,80,53,42,33,11,0.7079646017699115,0.7924528301886793,122
2023-09-25,1015,147,75,86,50,72,36,0.5102040816326531,0.5813953488372093,125
2023-09-26,1015,105,86,78,33,19,45,0.819047619047619,0.4230769230769231,119
2023-09-27,1015,137,87,59,42,50,17,0.635036496350365,0.711864406779661,129
2023-09-28,1015,124,73,70,50,51,20,0.5887096774193549,0.7142857142857143,123
2023-09-29,1015,144,88,97,46,56,51,0.6111111111111112,0.4742268041237113,134
2023-09-30,1015,137,75,55,41,62,14,0.5474452554744526,0.7454545454545455,116
2023-10-01,1015,134,101,68,37,33,31,0.753731343283582,0.5441176470588235,138
2023-10-02,1015,149,81,81,42,68,39,0.5436241610738255,0.5185185185185185,123
2023-10-03,1015,138,73,76,43,65,33,0.5289855072463768,0.5657894736842105,116
2023-10-04,1015,123,88,73,40,35,33,0.7154471544715447,0.547945205479452,128
2023-10-05,1015,107,93,83,39,14,44,0.8691588785046729,0.46987951807228917,132
2023-10-06,1015,114,82,97,45,32,52,0.7192982456140351,0.4639175257731959,127
2023-10-07,1015,136,90,65,44,46,21,0.6617647058823529,0.676923076923077,134
2023-10-08,1015,106,99,95,50,7,45,0.9339622641509434,0.5263157894736842,149
2023-10-09,1015,126,75,65,39,51,26,0.5952380952380952,0.6,114
2023-10-10,1015,117,84,56,45,33,11,0.717948717948718,0.8035714285714286,129
2023-10-11,1015,121,82,90,46,39,44,0.6776859504132231,0.5111111111111111,128
2023-10-12,1015,142,82,57,33,60,24,0.5774647887323944,0.5789473684210527,115
2023-10-13,1015,141,88,60,46,53,14,0.624113475177305,0.7666666666666667,134
2023-10-14,1015,150,91,63,56,59,7,0.6066666666666667,0.8888888888888888,147
2023-10-15,1015,103,74,64,43,29,21,0.7184466019417476,0.671875,117
2023-10-16,1015,122,62,87,45,60,42,0.5081967213114754,0.5172413793103449,107
2023-10-17,1015,147,96,98,40,51,58,0.6530612244897959,0.40816326530612246,136
2023-10-18,1015,142,99,83,34,43,49,0.6971830985915493,0.40963855421686746,133
2023-10-19,1015,131,82,58,46,49,12,0.6259541984732825,0.7931034482758621,128
2023-10-20,1015,124,96,91,28,28,63,0.7741935483870968,0.3076923076923077,124
2023-10-21,1015,129,82,66,51,47,15,0.6356589147286822,0.7727272727272727,133
2023-10-22,1015,116,64,83,50,52,33,0.5517241379310345,0.6024096385542169,114
2023-10-23,1015,101,66,76,51,35,25,0.6534653465346535,0.6710526315789473,117
2023-10-24,1015,141,89,55,47,52,8,0.6312056737588653,0.8545454545454545,136
2023-10-25,1015,111,96,91,39,15,52,0.8648648648648649,0.42857142857142855,135
2023-10-26,1015,147,76,67,45,71,22,0.5170068027210885,0.6716417910447762,121
2023-10-27,1015,107,72,65,29,35,36,0.6728971962616822,0.4461538461538462,101
2023-10-28,1015,104,81,76,31,23,45,0.7788461538461539,0.40789473684210525,112
2023-10-29,1015,105,85,90,31,20,59,0.8095238095238095,0.34444444444444444,116
2023-10-30,1015,125,63,68,35,62,33,0.504,0.5147058823529411,98
2023-10-31,1015,135,70,74,32,65,42,0.5185185185185185,0.43243243243243246,102
2023-11-01,1015,111,74,89,25,37,64,0.6666666666666666,0.2808988764044944,99
2023-11-02,1015,109,70,81,40,39,41,0.6422018348623854,0.49382716049382713,110
2023-11-03,1015,107,95,50,32,12,18,0.8878504672897196,0.64,127
2023-11-04,1015,135,87,60,46,48,14,0.6444444444444445,0.7666666666666667,133
2023-11-05,1015,105,92,100,30,13,70,0.8761904761904762,0.3,122
2023-11-06,1015,102,85,99,34,17,65,0.8333333333333334,0.3434343434343434,119
2023-11-07,1015,128,81,55,36,47,19,0.6328125,0.6545454545454545,117
2023-11-08,1015,149,83,53,38,66,15,0.5570469798657718,0.71698113207547165,121
2023-11-09,1015,125,71,53,31,54,22,0.568,0.5849056603773585,102
2023-11-10,1015,126,79,59,42,47,17,0.626984126984127,0.711864406779661,121
2023-11-11,1015,143,81,89,43,62,46,0.5664335664335665,0.48314606741573035,124
2023-11-12,1015,108,80,98,40,28,58,0.7407407407407407,0.40816326530612246,120
2023-11-13,1015,112,93,80,39,19,41,0.8303571428571429,0.4875,132
2023-11-14,1015,137,83,66,45,54,21,0.6058394160583942,0.6818181818181818,128
2023-11-15,1015,122,68,61,41,54,20,0.5573770491803278,0.6721311475409836,109
2023-11-16,1015,148,72,68,38,76,30,0.4864864864864865,0.5588235294117647,110
2023-11-17,1015,148,77,97,49,71,48,0.5202702702702703,0.5051546391752577,126
2023-11-18,1015,144,81,83,44,63,39,0.5625,0.5301204819277109,125
2023-11-19,1015,110,81,81,44,29,37,0.7363636363636363,0.5432098765432098,125
2023-11-20,1015,106,96,70,43,10,27,0.9056603773584906,0.6142857142857143,139
2023-11-21,1015,145,101,77,35,44,42,0.696551724137931,0.45454545454545453,136
2023-11-22,1015,101,69,52,47,32,5,0.6831683168316832,0.9038461538461539,116
2023-11-23,1015,139,82,66,26,57,40,0.5899280575539568,0.3939393939393939,108
2023-11-24,1015,125,78,90,41,47,49,0.624,0.45555555555555555,119
2023-11-25,1015,129,85,72,36,44,36,0.6589147286821705,0.5,121
2023-11-26,1015,134,89,58,37,45,21,0.664179104477612,0.6379310344827587,126
2023-11-27,1015,102,70,72,37,32,35,0.6862745098039216,0.5138888888888888,107
2023-11-28,1015,143,75,83,56,68,27,0.5244755244755245,0.6746987951807228,131
2023-11-29,1015,101,78,67,42,23,25,0.7722772277227723,0.6268656716417911,120
2023-11-30,1015,104,96,73,47,8,26,0.9230769230769231,0.6438356164383562,143
2023-12-01,1015,144,84,77,44,60,33,0.5833333333333334,0.5714285714285714,128
2023-12-02,1015,104,78,80,48,26,32,0.75,0.6,126
2023-12-03,1015,129,76,93,41,53,52,0.5891472868217055,0.44086021505376344,117
2023-12-04,1015,123,73,98,28,50,70,0.5934959349593496,0.2857142857142857,101
2023-12-05,1015,129,96,69,40,33,29,0.7441860465116279,0.5797101449275363,136
2023-12-06,1015,139,92,59,34,47,25,0.6618705035971223,0.576271186440678,126
2023-12-07,1015,139,72,57,36,67,21,0.5179856115107914,0.631578947368421,108
2023-12-08,1015,147,75,72,29,72,43,0.5102040816326531,0.4027777777777778,104
2023-12-09,1015,102,90,78,44,12,34,0.8823529411764706,0.5641025641025641,134
2023-12-10,1015,139,80,87,38,59,49,0.5755395683453237,0.4367816091954023,118
2023-12-11,1015,145,76,95,40,69,55,0.5241379310344828,0.42105263157894735,116
2023-12-12,1015,147,79,87,43,68,44,0.5374149659863946,0.4942528735632184,122
2023-12-13,1015,147,94,99,51,53,48,0.6394557823129252,0.5151515151515151,145
2023-12-14,1015,123,72,69,41,51,28,0.5853658536585366,0.5942028985507246,113
2023-12-15,1015,102,85,62,31,17,31,0.8333333333333334,0.5,116
2023-12-16,1015,107,76,57,31,31,26,0.7102803738317757,0.543859649122807,107
2023-12-17,1015,131,76,56,45,55,11,0.5801526717557252,0.8035714285714286,121
2023-12-18,1015,149,83,83,42,66,41,0.5570469798657718,0.5060240963855421,125
2023-12-19,1015,110,93,50,29,17,21,0.8454545454545455,0.58,122
2023-12-20,1015,116,79,92,35,37,57,0.6810344827586207,0.3804347826086957,114
2023-12-21,1015,102,82,72,39,20,33,0.803921568627451,0.5416666666666666,121
2023-12-22,1015,102,85,96,38,17,58,0.8333333333333334,0.3958333333333333,123
2023-12-23,1015,120,78,98,50,42,48,0.65,0.5102040816326531,128
2023-12-24,1015,134,92,96,46,42,50,0.6865671641791045,0.4791666666666667,138
2023-12-25,1015,134,81,55,31,53,24,0.6044776119402985,0.5636363636363636,112
2023-12-26,1015,101,76,86,46,25,40,0.7524752475247525,0.5348837209302325,122
2023-12-27,1015,122,77,62,40,45,22,0.6311475409836066,0.6451612903225806,117
2023-12-28,1015,107,88,94,48,19,46,0.822429906542056,0.5106382978723404,136
2023-12-29,1015,149,78,59,43,71,16,0.5234899328859061,0.7288135593220338,121
2023-12-30,1015,141,84,73,38,57,35,0.5957446808510638,0.5205479452054794,122
2023-12-31,1015,125,87,100,37,38,63,0.696,0.37,124
2023-01-01,1016,109,68,99,38,41,61,0.6238532110091743,0.3838383838383838,106
2023-01-02,1016,143,66,83,37,77,46,0.46153846153846156,0.4457831325301205,103
2023-01-03,1016,120,70,58,40,50,18,0.5833333333333334,0.6896551724137931,110
2023-01-04,1016,111,80,90,39,31,51,0.7207207207207207,0.43333333333333335,119
2023-01-05,1016,122,90,81,46,32,35,0.7377049180327869,0.5679012345679012,136
2023-01-06,1016,139,75,61,37,64,24,0.539568345323741,0.6065573770491803,112
2023-01-07,1016,128,74,67,37,54,30,0.578125,0.5522388059701493,111
2023-01-08,1016,140,67,96,31,73,65,0.4785714285714286,0.3229166666666667,98
2023-01-09,1016,143,70,56,47,73,9,0.48951048951048953,0.8392857142857143,117
2023-01-10,1016,108,81,63,32,27,31,0.75,0.5079365079365079,113
2023-01-11,1016,120,57,52,34,63,18,0.475,0.6538461538461539,91
2023-01-12,1016,110,74,100,46,36,54,0.6727272727272727,0.46,120
2023-01-13,1016,132,77,99,37,55,62,0.5833333333333334,0.37373737373737376,114
2023-01-14,1016,111,80,50,43,31,7,0.7207207207207207,0.86,123
2023-01-15,1016,142,67,61,34,75,27,0.47183098591549294,0.5573770491803278,101
2023-01-16,1016,149,71,69,46,78,23,0.47651006711409394,0.6666666666666666,117
2023-01-17,1016,117,90,51,42,27,9,0.7692307692307693,0.8235294117647058,132
2023-01-18,1016,118,82,98,25,36,73,0.6949152542372882,0.25510204081632654,107
2023-01-19,1016,110,86,80,45,24,35,0.7818181818181819,0.5625,131
2023-01-20,1016,100,80,84,33,20,51,0.8,0.39285714285714285,113
2023-01-21,1016,126,80,66,27,46,39,0.6349206349206349,0.4090909090909091,107
2023-01-22,1016,137,83,90,47,54,43,0.6058394160583942,0.5222222222222223,130
2023-01-23,1016,148,88,61,42,60,19,0.5945945945945946,0.6885245901639344,130
2023-01-24,1016,119,83,86,43,36,43,0.6974789915966386,0.5,126
2023-01-25,1016,142,78,51,35,64,16,0.5492957746478874,0.6862745098039216,113
2023-01-26,1016,137,63,99,41,74,58,0.45985401459854014,0.41414141414141414,104
2023-01-27,1016,125,61,53,39,64,14,0.488,0.7358490566037735,100
2023-01-28,1016,122,75,56,47,47,9,0.6147540983606558,0.8392857142857143,122
2023-01-29,1016,118,83,90,46,35,44,0.7033898305084746,0.5111111111111111,129
2023-01-30,1016,142,100,97,51,42,46,0.704225352112676,0.5257731958762887,151
2023-01-31,1016,108,84,68,42,24,26,0.7777777777777778,0.6176470588235294,126
2023-02-01,1016,130,93,74,38,37,36,0.7153846153846154,0.5135135135135135,131
2023-02-02,1016,139,76,85,37,63,48,0.5467625899280576,0.43529411764705883,113
2023-02-03,1016,145,82,90,49,63,41,0.5655172413793104,0.5444444444444444,131
2023-02-04,1016,132,66,59,34,66,25,0.5,0.576271186440678,100
2023-02-05,1016,137,91,94,55,46,39,0.6642335766423357,0.5851063829787234,146
2023-02-06,1016,107,95,56,51,12,5,0.8878504672897196,0.9107142857142857,146
2023-02-07,1016,142,77,94,39,65,55,0.5422535211267606,0.4148936170212766,116
2023-02-08,1016,101,79,53,46,22,7,0.7821782178217822,0.8679245283018868,125
2023-02-09,1016,136,81,90,48,55,42,0.5955882352941176,0.5333333333333333,129
2023-02-10,1016,104,74,80,36,30,44,0.7115384615384616,0.45,110
2023-02-11,1016,100,70,89,47,30,42,0.7,0.5280898876404494,117
2023-02-12,1016,111,89,96,40,22,56,0.8018018018018018,0.4166666666666667,129
2023-02-13,1016,102,78,86,38,24,48,0.7647058823529411,0.4418604651162791,116
2023-02-14,1016,100,70,78,36,30,42,0.7,0.46153846153846156,106
2023-02-15,1016,121,93,80,41,28,39,0.768595041322314,0.5125,134
2023-02-16,1016,137,77,74,41,60,33,0.5620437956204379,0.5540540540540541,118
2023-02-17,1016,107,83,96,45,24,51,0.7757009345794392,0.46875,128
2023-02-18,1016,108,77,71,43,31,28,0.7129629629629629,0.6056338028169014,120
2023-02-19,1016,141,67,96,45,74,51,0.475177304964539,0.46875,112
2023-02-20,1016,103,88,65,32,15,33,0.8543689320388349,0.49230769230769234,120
2023-02-21,1016,132,72,63,51,60,12,0.5454545454545454,0.8095238095238095,123
2023-02-22,1016,106,93,100,52,13,48,0.8773584905660378,0.52,145
2023-02-23,1016,145,77,61,50,68,11,0.5310344827586206,0.819672131147541,127
2023-02-24,1016,132,70,91,38,62,53,0.5303030303030303,0.4175824175824176,108
2023-02-25,1016,103,84,72,56,19,16,0.8155339805825242,0.7777777777777778,140
2023-02-26,1016,136,73,89,36,63,53,0.5367647058823529,0.4044943820224719,109
2023-02-27,1016,123,89,83,31,34,52,0.7235772357723578,0.37349397590361444,120
2023-02-28,1016,110,82,91,38,28,53,0.7454545454545455,0.4175824175824176,120
2023-03-01,1016,105,74,76,30,31,46,0.7047619047619048,0.39473684210526316,104
2023-03-02,1016,105,88,88,37,17,51,0.8380952380952381,0.42045454545454547,125
2023-03-03,1016,137,85,94,28,52,66,0.6204379562043796,0.2978723404255319,113
2023-03-04,1016,145,69,53,25,76,28,0.47586206896551725,0.4716981132075472,94
2023-03-05,1016,101,73,52,39,28,13,0.7227722772277227,0.75,112
2023-03-06,1016,146,67,85,38,79,47,0.4589041095890411,0.4470588235294118,105
2023-03-07,1016,143,77,88,41,66,47,0.5384615384615384,0.4659090909090909,118
2023-03-08,1016,100,74,66,37,26,29,0.74,0.5606060606060606,111
2023-03-09,1016,117,72,90,38,45,52,0.6153846153846154,0.4222222222222222,110
2023-03-10,1016,149,87,51,37,62,14,0.5838926174496645,0.7254901960784313,124
2023-03-11,1016,126,64,69,42,62,27,0.5079365079365079,0.6086956521739131,106
2023-03-12,1016,120,72,63,43,48,20,0.6,0.6825396825396826,115
2023-03-13,1016,136,72,55,38,64,17,0.5294117647058824,0.6909090909090909,110
2023-03-14,1016,108,84,62,37,24,25,0.7777777777777778,0.5967741935483871,121
2023-03-15,1016,124,77,90,38,47,52,0.6209677419354839,0.4222222222222222,115
2023-03-16,1016,150,77,62,42,73,20,0.5133333333333333,0.6774193548387096,119
2023-03-17,1016,139,81,66,37,58,29,0.5827338129496403,0.5606060606060606,118
2023-03-18,1016,141,81,93,39,60,54,0.574468085106383,0.41935483870967744,120
2023-03-19,1016,134,84,96,45,50,51,0.6268656716417911,0.46875,129
2023-03-20,1016,128,92,77,40,36,37,0.71875,0.5194805194805194,132
2023-03-21,1016,134,79,80,42,55,38,0.5895522388059702,0.525,121
2023-03-22,1016,106,86,54,34,20,20,0.8113207547169812,0.6296296296296297,120
2023-03-23,1016,111,63,73,36,48,37,0.5675675675675675,0.4931506849315068,99
2023-03-24,1016,115,90,91,39,25,52,0.782608695652174,0.42857142857142855,129
2023-03-25,1016,150,68,56,41,82,15,0.4533333333333333,0.7321428571428571,109
2023-03-26,1016,147,89,91,36,58,55,0.6054421768707483,0.3956043956043956,125
2023-03-27,1016,135,77,63,39,58,24,0.5703703703703704,0.6190476190476191,116
2023-03-28,1016,116,80,60,41,36,19,0.6896551724137931,0.6833333333333333,121
2023-03-29,1016,128,73,63,32,55,31,0.5703125,0.5079365079365079,105
2023-03-30,1016,106,87,61,52,19,9,0.8207547169811321,0.8524590163934426,139
2023-03-31,1016,105,71,73,37,34,36,0.6761904761904762,0.5068493150684932,108
2023-04-01,1016,139,88,70,46,51,24,0.6330935251798561,0.6571428571428571,134
2023-04-02,1016,104,87,94,41,17,53,0.8365384615384616,0.43617021276595747,128
2023-04-03,1016,119,83,68,27,36,41,0.6974789915966386,0.39705882352941174,110
2023-04-04,1016,114,81,63,49,33,14,0.7105263157894737,0.7777777777777778,130
2023-04-05,1016,106,90,95,32,16,63,0.8490566037735849,0.3368421052631579,122
2023-04-06,1016,149,87,90,39,62,51,0.5838926174496645,0.43333333333333335,126
2023-04-07,1016,143,58,74,32,85,42,0.40559440559440557,0.43243243243243246,90
2023-04-08,1016,134,68,50,50,66,0,0.5074626865671642,1,118
2023-04-09,1016,141,74,51,34,67,17,0.524822695035461,0.6666666666666666,108
2023-04-10,1016,146,82,51,40,64,11,0.5616438356164384,0.7843137254901961,122
2023-04-11,1016,131,81,52,44,50,8,0.6183206106870229,0.8461538461538461,125
2023-04-12,1016,105,90,97,52,15,45,0.8571428571428571,0.5360824742268041,142
2023-04-13,1016,139,86,84,39,53,45,0.6187050359712231,0.4642857142857143,125
2023-04-14,1016,144,79,99,38,65,61,0.5486111111111112,0.3838383838383838,117
2023-04-15,1016,135,62,74,39,73,35,0.45925925925925926,0.527027027027027,101
2023-04-16,1016,119,78,88,33,41,55,0.6554621848739496,0.375,111
2023-04-17,1016,146,79,84,34,67,50,0.541095890410959,0.40476190476190477,113
2023-04-18,1016,138,69,53,31,69,22,0.5,0.5849056603773585,100
2023-04-19,1016,130,82,74,37,48,37,0.6307692307692307,0.5,119
2023-04-20,1016,102,74,74,45,28,29,0.7254901960784313,0.6081081081081081,119
2023-04-21,1016,150,83,61,34,67,27,0.5533333333333333,0.5573770491803278,117
2023-04-22,1016,110,75,99,32,35,67,0.6818181818181818,0.32323232323232326,107
2023-04-23,1016,125,83,71,35,42,36,0.664,0.49295774647887325,118
2023-04-24,1016,125,88,67,40,37,27,0.704,0.5970149253731343,128
2023-04-25,1016,133,77,66,53,56,13,0.5789473684210527,0.803030303030303,130
2023-04-26,1016,117,88,55,37,29,18,0.7521367521367521,0.6727272727272727,125
2023-04-27,1016,118,88,92,39,30,53,0.7457627118644068,0.42391304347826086,127
2023-04-28,1016,129,99,50,39,30,11,0.7674418604651163,0.78,138
2023-04-29,1016,142,78,75,37,64,38,0.5492957746478874,0.49333333333333335,115
2023-04-30,1016,130,83,92,38,47,54,0.6384615384615384,0.41304347826086957,121
2023-05-01,1016,131,81,99,36,50,63,0.6183206106870229,0.36363636363636365,117
2023-05-02,1016,128,78,88,59,50,29,0.609375,0.6704545454545454,137
2023-05-03,1016,101,91,76,40,10,36,0.900990099009901,0.5263157894736842,131
2023-05-04,1016,132,72,57,35,60,22,0.5454545454545454,0.6140350877192983,107
2023-05-05,1016,149,81,71,34,68,37,0.5436241610738255,0.4788732394366197,115
2023-05-06,1016,123,76,70,29,47,41,0.6178861788617886,0.4142857142857143,105
2023-05-07,1016,139,110,94,39,29,55,0.7913669064748201,0.4148936170212766,149
2023-05-08,1016,111,71,58,39,40,19,0.6396396396396397,0.6724137931034483,110
2023-05-09,1016,103,64,99,36,39,63,0.6213592233009708,0.36363636363636365,100
2023-05-10,1016,102,79,84,41,23,43,0.7745098039215687,0.4880952380952381,120
2023-05-11,1016,110,79,94,34,31,60,0.7181818181818181,0.3617021276595745,113
2023-05-12,1016,115,89,87,35,26,52,0.7739130434782608,0.40229885057471265,124
2023-05-13,1016,100,89,99,41,11,58,0.89,0.41414141414141414,130
2023-05-14,1016,117,71,72,47,46,25,0.6068376068376068,0.6527777777777778,118
2023-05-15,1016,146,84,61,43,62,18,0.5753424657534246,0.7049180327868853,127
2023-05-16,1016,128,78,84,41,50,43,0.609375,0.4880952380952381,119
2023-05-17,1016,102,88,51,41,14,10,0.8627450980392157,0.803921568627451,129
2023-05-18,1016,120,80,54,34,40,20,0.6666666666666666,0.6296296296296297,114
2023-05-19,1016,129,75,80,40,54,40,0.5813953488372093,0.5,115
2023-05-20,1016,143,86,90,45,57,45,0.6013986013986014,0.5,131
2023-05-21,1016,100,82,52,40,18,12,0.82,0.7692307692307693,122
2023-05-22,1016,101,82,98,35,19,63,0.8118811881188119,0.35714285714285715,117
2023-05-23,1016,127,82,67,49,45,18,0.6456692913385826,0.7313432835820896,131
2023-05-24,1016,106,81,93,35,25,58,0.7641509433962265,0.3763440860215054,116
2023-05-25,1016,133,79,79,33,54,46,0.5939849624060151,0.4177215189873418,112
2023-05-26,1016,150,82,84,38,68,46,0.5466666666666666,0.4523809523809524,120
2023-05-27,1016,103,77,96,45,26,51,0.7475728155339806,0.46875,122
2023-05-28,1016,136,78,99,34,58,65,0.5735294117647058,0.3434343434343434,112
2023-05-29,1016,148,80,66,44,68,22,0.5405405405405406,0.6666666666666666,124
2023-05-30,1016,128,78,72,48,50,24,0.609375,0.6666666666666666,126
2023-05-31,1016,146,93,57,45,53,12,0.636986301369863,0.7894736842105263,138
2023-06-01,1016,134,76,89,52,58,37,0.5671641791044776,0.5842696629213483,128
2023-06-02,1016,115,79,56,47,36,9,0.6869565217391305,0.8392857142857143,126
2023-06-03,1016,113,80,92,50,33,42,0.7079646017699115,0.5434782608695652,130
2023-06-04,1016,142,77,69,42,65,27,0.5422535211267606,0.6086956521739131,119
2023-06-05,1016,140,74,99,36,66,63,0.5285714285714286,0.36363636363636365,110
2023-06-06,1016,114,81,57,28,33,29,0.7105263157894737,0.49122807017543857,109
2023-06-07,1016,121,71,96,47,50,49,0.5867768595041323,0.4895833333333333,118
2023-06-08,1016,132,69,73,40,63,33,0.5227272727272727,0.547945205479452,109
2023-06-09,1016,143,77,90,39,66,51,0.5384615384615384,0.43333333333333335,116
2023-06-10,1016,132,86,68,43,46,25,0.6515151515151515,0.6323529411764706,129
2023-06-11,1016,101,61,90,43,40,47,0.6039603960396039,0.4777777777777778,104
2023-06-12,1016,117,87,64,38,30,26,0.7435897435897436,0.59375,125
2023-06-13,1016,144,90,54,43,54,11,0.625,0.7962962962962963,133
2023-06-14,1016,125,75,64,47,50,17,0.6,0.734375,122
2023-06-15,1016,100,88,86,54,12,32,0.88,0.627906976744186,142
2023-06-16,1016,109,76,98,43,33,55,0.6972477064220184,0.4387755102040816,119
2023-06-17,1016,120,82,53,38,38,15,0.6833333333333333,0.71698113207547165,120
2023-06-18,1016,136,67,58,41,69,17,0.49264705882352944,0.7068965517241379,108
2023-06-19,1016,140,80,66,48,60,18,0.5714285714285714,0.7272727272727273,128
2023-06-20,1016,109,75,81,35,34,46,0.6880733944954128,0.43209876543209874,110
2023-06-21,1016,101,72,50,40,29,10,0.7128712871287128,0.8,112
2023-06-22,1016,135,85,82,39,50,43,0.6296296296296297,0.47560975609756095,124
2023-06-23,1016,102,93,76,47,9,29,0.9117647058823529,0.618421052631579,140
2023-06-24,1016,113,89,60,56,24,4,0.7876106194690266,0.9333333333333333,145
2023-06-25,1016,106,87,77,40,19,37,0.8207547169811321,0.5194805194805194,127
2023-06-26,1016,133,83,85,34,50,51,0.6240601503759399,0.4,117
2023-06-27,1016,137,66,88,44,71,44,0.48175182481751827,0.5,110
2023-06-28,1016,138,84,63,50,54,13,0.6086956521739131,0.7936507936507936,134
2023-06-29,1016,111,87,52,39,24,13,0.7837837837837838,0.75,126
2023-06-30,1016,102,85,55,44,17,11,0.8333333333333334,0.8,129
2023-07-01,1016,136,71,92,32,65,60,0.5220588235294118,0.34782608695652173,103
2023-07-02,1016,105,77,94,40,28,54,0.7333333333333333,0.425531914893617,117
2023-07-03,1016,102,69,66,40,33,26,0.6764705882352942,0.6060606060606061,109
2023-07-04,1016,139,106,50,39,33,11,0.762589928057554,0.78,145
2023-07-05,1016,146,81,60,40,65,20,0.5547945205479452,0.6666666666666666,121
2023-07-06,1016,146,86,90,36,60,54,0.589041095890411,0.4,122
2023-07-07,1016,140,85,78,39,55,39,0.6071428571428571,0.5,124
2023-07-08,1016,100,78,80,47,22,33,0.78,0.5875,125
2023-07-09,1016,149,77,62,36,72,26,0.5167785234899329,0.5806451612903226,113
2023-07-10,1016,118,74,82,38,44,44,0.6271186440677966,0.4634146341463415,112
2023-07-11,1016,114,90,61,35,24,26,0.7894736842105263,0.5737704918032787,125
2023-07-12,1016,150,66,91,32,84,59,0.44,0.3516483516483517,98
2023-07-13,1016,132,87,92,31,45,61,0.6590909090909091,0.33695652173913043,118
2023-07-14,1016,104,79,83,43,25,40,0.7596153846153846,0.5180722891566265,122
2023-07-15,1016,111,98,96,41,13,55,0.8828828828828829,0.4270833333333333,139
2023-07-16,1016,114,70,52,35,44,17,0.6140350877192983,0.6730769230769231,105
2023-07-17,1016,136,77,70,34,59,36,0.5661764705882353,0.4857142857142857,111
2023-07-18,1016,149,90,74,41,59,33,0.6040268456375839,0.5540540540540541,131
2023-07-19,1016,126,90,58,36,36,22,0.7142857142857143,0.6206896551724138,126
2023-07-20,1016,133,78,74,43,55,31,0.5864661654135338,0.581081081081081,121
2023-07-21,1016,107,64,85,38,43,47,0.5981308411214953,0.4470588235294118,102
2023-07-22,1016,141,94,57,46,47,11,0.6666666666666666,0.8070175438596491,140
2023-07-23,1016,128,75,59,34,53,25,0.5859375,0.576271186440678,109
2023-07-24,1016,137,80,77,38,57,39,0.583941605839416,0.4935064935064935,118
2023-07-25,1016,134,82,90,41,52,49,0.6119402985074627,0.45555555555555555,123
2023-07-26,1016,110,87,89,43,23,46,0.7909090909090909,0.48314606741573035,130
2023-07-27,1016,114,85,90,35,29,55,0.7456140350877193,0.3888888888888889,120
2023-07-28,1016,148,91,51,45,57,6,0.6148648648648649,0.8823529411764706,136
2023-07-29,1016,143,69,96,42,74,54,0.4825174825174825,0.4375,111
2023-07-30,1016,115,85,88,42,30,46,0.7391304347826086,0.4772727272727273,127
2023-07-31,1016,118,83,80,41,35,39,0.7033898305084746,0.5125,124
2023-08-01,1016,147,87,79,43,60,36,0.5918367346938775,0.5443037974683544,130
2023-08-02,1016,138,98,73,51,40,22,0.7101449275362319,0.6986301369863014,149
2023-08-03,1016,121,78,86,33,43,53,0.6446280991735537,0.38372093023255816,111
2023-08-04,1016,101,89,72,35,12,37,0.8811881188118812,0.4861111111111111,124
2023-08-05,1016,149,88,55,50,61,5,0.5906040268456376,0.9090909090909091,138
2023-08-06,1016,149,74,55,29,75,26,0.49664429530201343,0.5272727272727272,103
2023-08-07,1016,149,72,51,39,77,12,0.48322147651006714,0.7647058823529411,111
2023-08-08,1016,128,79,95,32,49,63,0.6171875,0.3368421052631579,111
2023-08-09,1016,130,95,94,39,35,55,0.7307692307692307,0.4148936170212766,134
2023-08-10,1016,145,73,53,49,72,4,0.503448275862069,0.9245283018867925,122
2023-08-11,1016,121,90,75,49,31,26,0.743801652892562,0.6533333333333333,139
2023-08-12,1016,107,82,74,40,25,34,0.7663551401869159,0.5405405405405406,122
2023-08-13,1016,104,90,64,35,14,29,0.8653846153846154,0.546875,125
2023-08-14,1016,148,85,89,41,63,48,0.5743243243243243,0.4606741573033708,126
2023-08-15,1016,144,82,87,43,62,44,0.5694444444444444,0.4942528735632184,125
2023-08-16,1016,145,91,92,53,54,39,0.6275862068965518,0.5760869565217391,144
2023-08-17,1016,123,82,73,43,41,30,0.6666666666666666,0.589041095890411,125
2023-08-18,1016,150,85,53,49,65,4,0.5666666666666667,0.9245283018867925,134
2023-08-19,1016,141,95,88,40,46,48,0.6737588652482269,0.45454545454545453,135
2023-08-20,1016,122,86,98,37,36,61,0.7049180327868853,0.37755102040816324,123
2023-08-21,1016,101,80,79,35,21,44,0.7920792079207921,0.4430379746835443,115
2023-08-22,1016,143,82,50,38,61,12,0.5734265734265734,0.76,120
2023-08-23,1016,112,79,68,33,33,35,0.7053571428571429,0.4852941176470588,112
2023-08-24,1016,103,72,50,48,31,2,0.6990291262135923,0.96,120
2023-08-25,1016,109,75,55,33,34,22,0.6880733944954128,0.6,108
2023-08-26,1016,134,81,81,37,53,44,0.6044776119402985,0.4567901234567901,118
2023-08-27,1016,114,72,80,45,42,35,0.631578947368421,0.5625,117
2023-08-28,1016,143,87,54,31,56,23,0.6083916083916084,0.5740740740740741,118
2023-08-29,1016,116,80,96,56,36,40,0.6896551724137931,0.5833333333333334,136
2023-08-30,1016,136,71,53,43,65,10,0.5220588235294118,0.8113207547169812,114
2023-08-31,1016,138,92,67,35,46,32,0.6666666666666666,0.5223880597014925,127
2023-09-01,1016,136,66,52,37,70,15,0.4852941176470588,0.7115384615384616,103
2023-09-02,1016,145,71,79,41,74,38,0.4896551724137931,0.5189873417721519,112
2023-09-03,1016,125,81,94,38,44,56,0.648,0.40425531914893614,119
2023-09-04,1016,101,83,63,35,18,28,0.8217821782178217,0.5555555555555556,118
2023-09-05,1016,103,79,77,43,24,34,0.7669902912621359,0.5584415584415584,122
2023-09-06,1016,127,57,56,31,70,25,0.44881889763779526,0.5535714285714286,88
2023-09-07,1016,148,83,65,30,65,35,0.5608108108108109,0.46153846153846156,113
2023-09-08,1016,147,76,74,31,71,43,0.5170068027210885,0.4189189189189189,107
2023-09-09,1016,148,79,57,42,69,15,0.5337837837837838,0.7368421052631579,121
2023-09-10,1016,106,83,61,37,23,24,0.78301886792452835,0.6065573770491803,120
2023-09-11,1016,112,73,86,37,39,49,0.6517857142857143,0.43023255813953487,110
2023-09-12,1016,127,84,98,39,43,59,0.6614173228346457,0.3979591836734694,123
2023-09-13,1016,121,63,87,42,58,45,0.5206611570247934,0.4827586206896552,105
2023-09-14,1016,117,72,79,35,45,44,0.6153846153846154,0.4430379746835443,107
2023-09-15,1016,117,87,57,43,30,14,0.7435897435897436,0.7543859649122807,130
2023-09-16,1016,148,90,64,48,58,16,0.6081081081081081,0.75,138
2023-09-17,1016,130,84,55,38,46,17,0.6461538461538462,0.6909090909090909,122
2023-09-18,1016,142,86,87,31,56,56,0.6056338028169014,0.3563218390804598,117
2023-09-19,1016,145,72,73,41,73,32,0.496551724137931,0.5616438356164384,113
2023-09-20,1016,140,72,96,50,68,46,0.5142857142857142,0.5208333333333334,122
2023-09-21,1016,132,90,56,39,42,17,0.6818181818181818,0.6964285714285714,129
2023-09-22,1016,134,86,94,49,48,45,0.6417910447761194,0.5212765957446809,135
2023-09-23,1016,126,81,99,40,45,59,0.6428571428571429,0.40404040404040403,121
2023-09-24,1016,119,82,77,36,37,41,0.6890756302521008,0.4675324675324675,118
2023-09-25,1016,135,76,78,48,59,30,0.562962962962963,0.6153846153846154,124
2023-09-26,1016,141,65,54,37,76,17,0.46099290780141844,0.6851851851851852,102
2023-09-27,1016,117,65,97,38,52,59,0.5555555555555556,0.3917525773195876,103
2023-09-28,1016,143,73,55,41,70,14,0.5104895104895105,0.7454545454545455,114
2023-09-29,1016,143,91,93,46,52,47,0.6363636363636364,0.4946236559139785,137
2023-09-30,1016,113,69,70,37,44,33,0.6106194690265486,0.5285714285714286,106
2023-10-01,1016,118,75,74,40,43,34,0.635593220338983,0.5405405405405406,115
2023-10-02,1016,101,87,50,39,14,11,0.8613861386138614,0.78,126
2023-10-03,1016,115,87,93,49,28,44,0.7565217391304347,0.5268817204301075,136
2023-10-04,1016,143,77,51,36,66,15,0.5384615384615384,0.7058823529411765,113
2023-10-05,1016,130,76,66,39,54,27,0.5846153846153846,0.5909090909090909,115
2023-10-06,1016,117,73,94,48,44,46,0.6239316239316239,0.5106382978723404,121
2023-10-07,1016,130,67,69,43,63,26,0.5153846153846153,0.6231884057971014,110
2023-10-08,1016,102,71,67,39,31,28,0.696078431372549,0.582089552238806,110
2023-10-09,1016,127,67,57,43,60,14,0.5275590551181102,0.7543859649122807,110
2023-10-10,1016,124,92,94,29,32,65,0.7419354838709677,0.30851063829787234,121
2023-10-11,1016,108,76,100,39,32,61,0.7037037037037037,0.39,115
2023-10-12,1016,108,70,84,35,38,49,0.6481481481481481,0.4166666666666667,105
2023-10-13,1016,132,57,51,39,75,12,0.4318181818181818,0.7647058823529411,96
2023-10-14,1016,113,67,83,39,46,44,0.5929203539823009,0.46987951807228917,106
2023-10-15,1016,144,74,52,48,70,4,0.5138888888888888,0.9230769230769231,122
2023-10-16,1016,131,91,65,40,40,25,0.6946564885496184,0.6153846153846154,131
2023-10-17,1016,124,90,98,36,34,62,0.7258064516129032,0.3673469387755102,126
2023-10-18,1016,144,83,88,38,61,50,0.5763888888888888,0.4318181818181818,121
2023-10-19,1016,102,85,50,42,17,8,0.8333333333333334,0.84,127
2023-10-20,1016,134,76,94,43,58,51,0.5671641791044776,0.4574468085106383,119
2023-10-21,1016,145,80,92,39,65,53,0.5517241379310345,0.42391304347826086,119
2023-10-22,1016,105,71,68,44,34,24,0.6761904761904762,0.6470588235294118,115
2023-10-23,1016,107,93,63,43,14,20,0.8691588785046729,0.6825396825396826,136
2023-10-24,1016,136,75,70,35,61,35,0.5514705882352942,0.5,110
2023-10-25,1016,148,81,100,32,67,68,0.5472972972972973,0.32,113
2023-10-26,1016,112,86,77,35,26,42,0.7678571428571429,0.45454545454545453,121
2023-10-27,1016,102,51,71,41,51,30,0.5,0.5774647887323944,92
2023-10-28,1016,102,72,86,50,30,36,0.7058823529411765,0.5813953488372093,122
2023-10-29,1016,127,89,95,33,38,62,0.7007874015748031,0.3473684210526316,122
2023-10-30,1016,139,83,59,42,56,17,0.5971223021582733,0.711864406779661,125
2023-10-31,1016,116,72,74,36,44,38,0.6206896551724138,0.4864864864864865,108
2023-11-01,1016,121,77,51,47,44,4,0.6363636363636364,0.9215686274509803,124
2023-11-02,1016,134,94,72,46,40,26,0.7014925373134329,0.6388888888888888,140
2023-11-03,1016,117,67,86,37,50,49,0.5726495726495726,0.43023255813953487,104
2023-11-04,1016,147,78,57,38,69,19,0.5306122448979592,0.6666666666666666,116
2023-11-05,1016,123,94,57,41,29,16,0.7642276422764228,0.7192982456140351,135
2023-11-06,1016,127,81,50,49,46,1,0.6377952755905512,0.98,130
2023-11-07,1016,102,78,92,39,24,53,0.7647058823529411,0.42391304347826086,117
2023-11-08,1016,113,58,57,35,55,22,0.5132743362831859,0.6140350877192983,93
2023-11-09,1016,110,65,100,37,45,63,0.5909090909090909,0.37,102
2023-11-10,1016,132,90,69,49,42,20,0.6818181818181818,0.7101449275362319,139
2023-11-11,1016,115,73,67,40,42,27,0.6347826086956522,0.5970149253731343,113
2023-11-12,1016,106,69,81,40,37,41,0.6509433962264151,0.49382716049382713,109
2023-11-13,1016,114,85,96,39,29,57,0.7456140350877193,0.40625,124
2023-11-14,1016,127,85,68,40,42,28,0.6692913385826772,0.5882352941176471,125
2023-11-15,1016,124,74,92,47,50,45,0.5967741935483871,0.5108695652173914,121
2023-11-16,1016,122,109,93,36,13,57,0.8934426229508197,0.3870967741935484,145
2023-11-17,1016,132,98,85,38,34,47,0.7424242424242424,0.4470588235294118,136
2023-11-18,1016,127,75,52,37,52,15,0.5905511811023622,0.7115384615384616,112
2023-11-19,1016,100,70,70,38,30,32,0.7,0.5428571428571428,108
2023-11-20,1016,127,68,77,49,59,28,0.5354330708661418,0.6363636363636364,117
2023-11-21,1016,120,70,91,50,50,41,0.5833333333333334,0.5494505494505495,120
2023-11-22,1016,134,81,73,38,53,35,0.6044776119402985,0.5205479452054794,119
2023-11-23,1016,118,80,61,39,38,22,0.6779661016949152,0.639344262295082,119
2023-11-24,1016,144,92,52,39,52,13,0.6388888888888888,0.75,131
2023-11-25,1016,140,84,56,39,56,17,0.6,0.6964285714285714,123
2023-11-26,1016,150,89,69,44,61,25,0.5933333333333334,0.6376811594202898,133
2023-11-27,1016,149,74,57,50,75,7,0.49664429530201343,0.8771929824561403,124
2023-11-28,1016,102,80,75,32,22,43,0.7843137254901961,0.4266666666666667,112
2023-11-29,1016,113,83,89,36,30,53,0.7345132743362832,0.4044943820224719,119
2023-11-30,1016,114,85,97,50,29,47,0.7456140350877193,0.5154639175257731,135
2023-12-01,1016,101,80,86,38,21,48,0.7920792079207921,0.4418604651162791,118
2023-12-02,1016,150,82,70,32,68,38,0.5466666666666666,0.45714285714285713,114
2023-12-03,1016,114,81,60,35,33,25,0.7105263157894737,0.5833333333333334,116
2023-12-04,1016,101,96,68,41,5,27,0.9504950495049505,0.6029411764705882,137
2023-12-05,1016,101,98,60,46,3,14,0.9702970297029703,0.7666666666666667,144
2023-12-06,1016,102,85,90,52,17,38,0.8333333333333334,0.5777777777777777,137
2023-12-07,1016,132,106,59,39,26,20,0.803030303030303,0.6610169491525424,145
2023-12-08,1016,109,72,66,38,37,28,0.6605504587155964,0.5757575757575758,110
2023-12-09,1016,124,83,95,38,41,57,0.6693548387096774,0.4,121
2023-12-10,1016,136,106,80,45,30,35,0.7794117647058824,0.5625,151
2023-12-11,1016,104,88,71,36,16,35,0.8461538461538461,0.5070422535211268,124
2023-12-12,1016,127,74,70,25,53,45,0.5826771653543307,0.35714285714285715,99
2023-12-13,1016,150,91,68,42,59,26,0.6066666666666667,0.6176470588235294,133
2023-12-14,1016,141,73,70,37,68,33,0.5177304964539007,0.5285714285714286,110
2023-12-15,1016,143,76,62,38,67,24,0.5314685314685315,0.6129032258064516,114
2023-12-16,1016,116,81,93,39,35,54,0.6982758620689655,0.41935483870967744,120
2023-12-17,1016,149,75,83,42,74,41,0.5033557046979866,0.5060240963855421,117
2023-12-18,1016,141,65,51,45,76,6,0.46099290780141844,0.8823529411764706,110
2023-12-19,1016,145,79,74,35,66,39,0.5448275862068965,0.47297297297297297,114
2023-12-20,1016,116,70,65,41,46,24,0.603448275862069,0.6307692307692307,111
2023-12-21,1016,114,68,94,35,46,59,0.5964912280701754,0.3723404255319149,103
2023-12-22,1016,140,69,62,43,71,19,0.4928571428571429,0.6935483870967742,112
2023-12-23,1016,122,86,100,41,36,59,0.7049180327868853,0.41,127
2023-12-24,1016,103,88,77,34,15,43,0.8543689320388349,0.44155844155844154,122
2023-12-25,1016,128,82,98,40,46,58,0.640625,0.40816326530612246,122
2023-12-26,1016,142,74,75,37,68,38,0.5211267605633803,0.49333333333333335,111
2023-12-27,1016,132,84,97,41,48,56,0.6363636363636364,0.422680412371134,125
2023-12-28,1016,137,93,56,28,44,28,0.6788321167883211,0.5,121
2023-12-29,1016,103,89,100,36,14,64,0.8640776699029126,0.36,125
2023-12-30,1016,113,70,68,34,43,34,0.6194690265486725,0.5,104
2023-12-31,1016,128,64,95,43,64,52,0.5,0.45263157894736844,107
2023-01-01,1017,133,60,61,47,73,14,0.45112781954887216,0.7704918032786885,107
2023-01-02,1017,102,84,84,36,18,48,0.8235294117647058,0.42857142857142855,120
2023-01-03,1017,103,74,50,35,29,15,0.7184466019417476,0.7,109
2023-01-04,1017,103,84,87,38,19,49,0.8155339805825242,0.4367816091954023,122
2023-01-05,1017,102,84,72,38,18,34,0.8235294117647058,0.5277777777777778,122
2023-01-06,1017,101,78,90,36,23,54,0.7722772277227723,0.4,114
2023-01-07,1017,134,82,70,47,52,23,0.6119402985074627,0.6714285714285714,129
2023-01-08,1017,100,88,68,46,12,22,0.88,0.6764705882352942,134
2023-01-09,1017,105,85,99,31,20,68,0.8095238095238095,0.31313131313131315,116
2023-01-10,1017,109,75,91,39,34,52,0.6880733944954128,0.42857142857142855,114
2023-01-11,1017,111,101,97,39,10,58,0.9099099099099099,0.4020618556701031,140
2023-01-12,1017,121,80,76,42,41,34,0.6611570247933884,0.5526315789473685,122
2023-01-13,1017,104,97,64,43,7,21,0.9326923076923077,0.671875,140
2023-01-14,1017,144,76,68,52,68,16,0.5277777777777778,0.7647058823529411,128
2023-01-15,1017,123,83,79,35,40,44,0.6747967479674797,0.4430379746835443,118
2023-01-16,1017,124,73,81,36,51,45,0.5887096774193549,0.4444444444444444,109
2023-01-17,1017,110,60,74,44,50,30,0.5454545454545454,0.5945945945945946,104
2023-01-18,1017,139,74,92,46,65,46,0.5323741007194245,0.5,120
2023-01-19,1017,150,92,97,42,58,55,0.6133333333333333,0.4329896907216495,134
2023-01-20,1017,132,75,51,50,57,1,0.5681818181818182,0.9803921568627451,125
2023-01-21,1017,136,80,94,48,56,46,0.5882352941176471,0.5106382978723404,128
2023-01-22,1017,138,88,89,36,50,53,0.6376811594202898,0.4044943820224719,124
2023-01-23,1017,134,71,97,41,63,56,0.5298507462686567,0.422680412371134,112
2023-01-24,1017,106,83,68,43,23,25,0.78301886792452835,0.6323529411764706,126
2023-01-25,1017,131,74,100,44,57,56,0.5648854961832062,0.44,118
2023-01-26,1017,147,83,87,34,64,53,0.564625850340136,0.39080459770114945,117
2023-01-27,1017,112,80,76,45,32,31,0.7142857142857143,0.5921052631578947,125
2023-01-28,1017,133,80,50,32,53,18,0.6015037593984962,0.64,112
2023-01-29,1017,149,74,79,39,75,40,0.49664429530201343,0.4936708860759494,113
2023-01-30,1017,121,71,57,57,50,0,0.5867768595041323,1,128
2023-01-31,1017,108,71,87,50,37,37,0.6574074074074074,0.5747126436781609,121
2023-02-01,1017,135,102,73,33,33,40,0.7555555555555555,0.4520547945205479,135
2023-02-02,1017,121,79,73,40,42,33,0.6528925619834711,0.547945205479452,119
2023-02-03,1017,110,83,80,36,27,44,0.7545454545454545,0.45,119
2023-02-04,1017,137,82,70,39,55,31,0.5985401459854015,0.5571428571428572,121
2023-02-05,1017,112,81,90,39,31,51,0.7232142857142857,0.43333333333333335,120
2023-02-06,1017,132,101,91,42,31,49,0.7651515151515151,0.46153846153846156,143
2023-02-07,1017,105,85,90,39,20,51,0.8095238095238095,0.43333333333333335,124
2023-02-08,1017,118,77,60,47,41,13,0.652542372881356,0.7833333333333333,124
2023-02-09,1017,145,98,97,42,47,55,0.6758620689655173,0.4329896907216495,140
2023-02-10,1017,100,88,99,44,12,55,0.88,0.4444444444444444,132
2023-02-11,1017,128,69,73,36,59,37,0.5390625,0.4931506849315068,105
2023-02-12,1017,142,89,96,44,53,52,0.6267605633802817,0.4583333333333333,133
2023-02-13,1017,147,92,76,35,55,41,0.6258503401360545,0.4605263157894737,127
2023-02-14,1017,115,81,63,43,34,20,0.7043478260869566,0.6825396825396826,124
2023-02-15,1017,145,67,55,34,78,21,0.46206896551724136,0.6181818181818182,101
2023-02-16,1017,149,70,93,47,79,46,0.4697986577181208,0.5053763440860215,117
2023-02-17,1017,125,73,97,47,52,50,0.584,0.4845360824742268,120
2023-02-18,1017,102,80,57,49,22,8,0.7843137254901961,0.8596491228070176,129
2023-02-19,1017,134,76,60,52,58,8,0.5671641791044776,0.8666666666666667,128
2023-02-20,1017,141,83,98,49,58,49,0.5886524822695035,0.5,132
2023-02-21,1017,107,98,95,44,9,51,0.9158878504672897,0.4631578947368421,142
2023-02-22,1017,149,92,86,43,57,43,0.6174496644295302,0.5,135
2023-02-23,1017,100,65,72,30,35,42,0.65,0.4166666666666667,95
2023-02-24,1017,106,86,61,45,20,16,0.8113207547169812,0.7377049180327869,131
2023-02-25,1017,132,70,50,48,62,2,0.5303030303030303,0.96,118
2023-02-26,1017,130,77,56,31,53,25,0.5923076923076923,0.5535714285714286,108
2023-02-27,1017,109,75,78,40,34,38,0.6880733944954128,0.5128205128205128,115
2023-02-28,1017,115,77,58,35,38,23,0.6695652173913044,0.603448275862069,112
2023-03-01,1017,124,85,50,35,39,15,0.6854838709677419,0.7,120
2023-03-02,1017,141,90,94,39,51,55,0.6382978723404256,0.4148936170212766,129
2023-03-03,1017,119,67,81,35,52,46,0.5630252100840336,0.43209876543209874,102
2023-03-04,1017,143,82,75,40,61,35,0.5734265734265734,0.5333333333333333,122
2023-03-05,1017,135,75,75,45,60,30,0.5555555555555556,0.6,120
2023-03-06,1017,149,66,83,34,83,49,0.4429530201342282,0.40963855421686746,100
2023-03-07,1017,141,83,74,30,58,44,0.5886524822695035,0.40540540540540543,113
2023-03-08,1017,123,95,95,29,28,66,0.7723577235772358,0.30526315789473685,124
2023-03-09,1017,143,87,74,41,56,33,0.6083916083916084,0.5540540540540541,128
2023-03-10,1017,141,81,67,31,60,36,0.574468085106383,0.4626865671641791,112
2023-03-11,1017,125,77,53,52,48,1,0.616,0.9811320754716981,129
2023-03-12,1017,106,84,69,43,22,26,0.7924528301886793,0.6231884057971014,127
2023-03-13,1017,149,88,70,50,61,20,0.5906040268456376,0.7142857142857143,138
2023-03-14,1017,123,81,52,35,42,17,0.6585365853658537,0.6730769230769231,116
2023-03-15,1017,120,72,87,39,48,48,0.6,0.4482758620689655,111
2023-03-16,1017,126,78,67,33,48,34,0.6190476190476191,0.4925373134328358,111
2023-03-17,1017,145,84,84,41,61,43,0.5793103448275863,0.4880952380952381,125
2023-03-18,1017,145,77,97,41,68,56,0.5310344827586206,0.422680412371134,118
2023-03-19,1017,126,73,69,37,53,32,0.5793650793650794,0.5362318840579711,110
2023-03-20,1017,148,82,57,35,66,22,0.5540540540540541,0.6140350877192983,117
2023-03-21,1017,116,82,79,47,34,32,0.7068965517241379,0.5949367088607594,129
2023-03-22,1017,105,78,53,42,27,11,0.7428571428571429,0.7924528301886793,120
2023-03-23,1017,137,80,61,40,57,21,0.583941605839416,0.6557377049180327,120
2023-03-24,1017,135,75,99,45,60,54,0.5555555555555556,0.45454545454545453,120
2023-03-25,1017,119,85,82,38,34,44,0.7142857142857143,0.4634146341463415,123
2023-03-26,1017,116,76,71,49,40,22,0.6551724137931034,0.6901408450704225,125
2023-03-27,1017,130,96,68,38,34,30,0.7384615384615385,0.5588235294117647,134
2023-03-28,1017,114,73,67,41,41,26,0.6403508771929824,0.6119402985074627,114
2023-03-29,1017,106,82,79,44,24,35,0.7735849056603774,0.5569620253164557,126
2023-03-30,1017,116,86,57,38,30,19,0.7413793103448276,0.6666666666666666,124
2023-03-31,1017,113,90,98,37,23,61,0.7964601769911505,0.37755102040816324,127
2023-04-01,1017,109,82,68,54,27,14,0.7522935779816514,0.7941176470588235,136
2023-04-02,1017,123,84,96,35,39,61,0.6829268292682927,0.3645833333333333,119
2023-04-03,1017,147,64,85,38,83,47,0.43537414965986393,0.4470588235294118,102
2023-04-04,1017,135,66,89,35,69,54,0.4888888888888889,0.39325842696629215,101
2023-04-05,1017,133,80,67,39,53,28,0.6015037593984962,0.582089552238806,119
2023-04-06,1017,126,91,52,36,35,16,0.7222222222222222,0.6923076923076923,127
2023-04-07,1017,120,85,67,33,35,34,0.7083333333333334,0.4925373134328358,118
2023-04-08,1017,108,71,74,30,37,44,0.6574074074074074,0.40540540540540543,101
2023-04-09,1017,122,75,64,39,47,25,0.6147540983606558,0.609375,114
2023-04-10,1017,118,67,71,42,51,29,0.5677966101694916,0.5915492957746479,109
2023-04-11,1017,145,72,95,39,73,56,0.496551724137931,0.4105263157894737,111
2023-04-12,1017,113,72,59,35,41,24,0.6371681415929203,0.5932203389830508,107
2023-04-13,1017,102,89,59,37,13,22,0.8725490196078431,0.6271186440677966,126
2023-04-14,1017,111,82,70,36,29,34,0.7387387387387387,0.5142857142857142,118
2023-04-15,1017,105,76,85,37,29,48,0.7238095238095238,0.43529411764705883,113
2023-04-16,1017,127,74,85,42,53,43,0.5826771653543307,0.49411764705882355,116
2023-04-17,1017,128,90,77,31,38,46,0.703125,0.4025974025974026,121
2023-04-18,1017,146,88,51,36,58,15,0.6027397260273972,0.7058823529411765,124
2023-04-19,1017,104,84,51,37,20,14,0.8076923076923077,0.7254901960784313,121
2023-04-20,1017,139,86,61,35,53,26,0.6187050359712231,0.5737704918032787,121
2023-04-21,1017,139,74,57,45,65,12,0.5323741007194245,0.7894736842105263,119
2023-04-22,1017,104,84,87,33,20,54,0.8076923076923077,0.3793103448275862,117
2023-04-23,1017,138,88,57,39,50,18,0.6376811594202898,0.6842105263157895,127
2023-04-24,1017,137,71,53,44,66,9,0.5182481751824818,0.8301886792452831,115
2023-04-25,1017,116,72,96,50,44,46,0.6206896551724138,0.5208333333333334,122
2023-04-26,1017,126,77,74,46,49,28,0.6111111111111112,0.6216216216216216,123
2023-04-27,1017,139,72,96,47,67,49,0.5179856115107914,0.4895833333333333,119
2023-04-28,1017,111,73,65,43,38,22,0.6576576576576577,0.6615384615384615,116
2023-04-29,1017,107,75,70,36,32,34,0.7009345794392523,0.5142857142857142,111
2023-04-30,1017,100,80,58,38,20,20,0.8,0.6551724137931034,118
2023-05-01,1017,133,83,96,32,50,64,0.6240601503759399,0.3333333333333333,115
2023-05-02,1017,126,89,83,44,37,39,0.7063492063492064,0.5301204819277109,133
2023-05-03,1017,138,75,82,53,63,29,0.5434782608695652,0.6463414634146342,128
2023-05-04,1017,144,79,74,35,65,39,0.5486111111111112,0.47297297297297297,114
2023-05-05,1017,114,89,70,46,25,24,0.7807017543859649,0.6571428571428571,135
2023-05-06,1017,149,90,91,44,59,47,0.6040268456375839,0.4835164835164835,134
2023-05-07,1017,113,68,90,32,45,58,0.6017699115044248,0.35555555555555557,100
2023-05-08,1017,141,87,84,47,54,37,0.6170212765957447,0.5595238095238095,134
2023-05-09,1017,123,90,57,45,33,12,0.7317073170731707,0.7894736842105263,135
2023-05-10,1017,128,86,50,49,42,1,0.671875,0.98,135
2023-05-11,1017,128,71,93,54,57,39,0.5546875,0.5806451612903226,125
2023-05-12,1017,126,72,81,36,54,45,0.5714285714285714,0.4444444444444444,108
2023-05-13,1017,122,80,66,35,42,31,0.6557377049180327,0.5303030303030303,115
2023-05-14,1017,142,80,60,46,62,14,0.5633802816901409,0.7666666666666667,126
2023-05-15,1017,105,67,85,26,38,59,0.638095238095238,0.3058823529411765,93
2023-05-16,1017,103,73,74,38,30,36,0.7087378640776699,0.5135135135135135,111
2023-05-17,1017,109,94,61,38,15,23,0.8623853211009175,0.6229508196721312,132
2023-05-18,1017,150,84,77,37,66,40,0.56,0.4805194805194805,121
2023-05-19,1017,102,88,63,38,14,25,0.8627450980392157,0.6031746031746031,126
2023-05-20,1017,103,76,64,37,27,27,0.7378640776699029,0.578125,113
2023-05-21,1017,109,81,97,44,28,53,0.7431192660550459,0.4536082474226804,125
2023-05-22,1017,106,71,94,30,35,64,0.6698113207547169,0.3191489361702128,101
2023-05-23,1017,125,75,64,35,50,29,0.6,0.546875,110
2023-05-24,1017,137,76,89,33,61,56,0.5547445255474452,0.3707865168539326,109
2023-05-25,1017,107,68,65,35,39,30,0.6355140186915887,0.5384615384615384,103
2023-05-26,1017,144,69,59,38,75,21,0.4791666666666667,0.6440677966101694,107
2023-05-27,1017,108,90,65,37,18,28,0.8333333333333334,0.5692307692307692,127
2023-05-28,1017,144,71,86,39,73,47,0.4930555555555556,0.45348837209302323,110
2023-05-29,1017,115,82,91,38,33,53,0.7130434782608696,0.4175824175824176,120
2023-05-30,1017,102,88,58,40,14,18,0.8627450980392157,0.6896551724137931,128
2023-05-31,1017,119,76,64,39,43,25,0.6386554621848739,0.609375,115
2023-06-01,1017,141,72,61,37,69,24,0.5106382978723404,0.6065573770491803,109
2023-06-02,1017,150,85,99,35,65,64,0.5666666666666667,0.35353535353535354,120
2023-06-03,1017,122,79,80,43,43,37,0.6475409836065574,0.5375,122
2023-06-04,1017,108,81,75,35,27,40,0.75,0.4666666666666667,116
2023-06-05,1017,102,70,98,57,32,41,0.6862745098039216,0.5816326530612245,127
2023-06-06,1017,144,86,57,42,58,15,0.5972222222222222,0.7368421052631579,128
2023-06-07,1017,132,81,91,42,51,49,0.6136363636363636,0.46153846153846156,123
2023-06-08,1017,127,72,65,36,55,29,0.5669291338582677,0.5538461538461539,108
2023-06-09,1017,112,88,56,34,24,22,0.7857142857142857,0.6071428571428571,122
2023-06-10,1017,137,71,82,40,66,42,0.5182481751824818,0.4878048780487805,111
2023-06-11,1017,147,89,56,38,58,18,0.6054421768707483,0.6785714285714286,127
2023-06-12,1017,136,79,71,40,57,31,0.5808823529411765,0.5633802816901409,119
2023-06-13,1017,124,79,88,29,45,59,0.6370967741935484,0.32954545454545453,108
2023-06-14,1017,110,85,90,38,25,52,0.7727272727272727,0.4222222222222222,123
2023-06-15,1017,140,74,74,46,66,28,0.5285714285714286,0.6216216216216216,120
2023-06-16,1017,135,80,88,26,55,62,0.5925925925925926,0.29545454545454547,106
2023-06-17,1017,146,99,60,35,47,25,0.678082191780822,0.5833333333333334,134
2023-06-18,1017,137,82,67,43,55,24,0.5985401459854015,0.6417910447761194,125
2023-06-19,1017,132,69,76,29,63,47,0.5227272727272727,0.3815789473684211,98
2023-06-20,1017,126,86,59,41,40,18,0.6825396825396826,0.6949152542372882,127
2023-06-21,1017,130,90,99,47,40,52,0.6923076923076923,0.47474747474747475,137
2023-06-22,1017,112,85,50,36,27,14,0.7589285714285714,0.72,121
2023-06-23,1017,131,85,78,44,46,34,0.648854961832061,0.5641025641025641,129
2023-06-24,1017,101,67,54,31,34,23,0.6633663366336634,0.5740740740740741,98
2023-06-25,1017,102,78,73,36,24,37,0.7647058823529411,0.4931506849315068,114
2023-06-26,1017,136,86,75,41,50,34,0.6323529411764706,0.5466666666666666,127
2023-06-27,1017,131,93,77,37,38,40,0.7099236641221374,0.4805194805194805,130
2023-06-28,1017,150,80,92,53,70,39,0.5333333333333333,0.5760869565217391,133
2023-06-29,1017,140,90,75,27,50,48,0.6428571428571429,0.36,117
2023-06-30,1017,137,82,61,42,55,19,0.5985401459854015,0.6885245901639344,124
2023-07-01,1017,108,92,70,53,16,17,0.8518518518518519,0.7571428571428571,145
2023-07-02,1017,107,77,89,44,30,45,0.719626168224299,0.4943820224719101,121
2023-07-03,1017,120,89,52,48,31,4,0.7416666666666667,0.9230769230769231,137
2023-07-04,1017,142,68,62,41,74,21,0.4788732394366197,0.6612903225806451,109
2023-07-05,1017,103,82,83,41,21,42,0.7961165048543689,0.4939759036144578,123
2023-07-06,1017,149,82,51,42,67,9,0.5503355704697986,0.8235294117647058,124
2023-07-07,1017,140,79,89,34,61,55,0.5642857142857143,0.38202247191011235,113
2023-07-08,1017,105,84,67,43,21,24,0.8,0.6417910447761194,127
2023-07-09,1017,112,90,84,38,22,46,0.8035714285714286,0.4523809523809524,128
2023-07-10,1017,134,91,58,52,43,6,0.6791044776119403,0.896551724137931,143
2023-07-11,1017,123,73,58,36,50,22,0.5934959349593496,0.6206896551724138,109
2023-07-12,1017,135,87,57,41,48,16,0.6444444444444445,0.7192982456140351,128
2023-07-13,1017,128,71,79,40,57,39,0.5546875,0.5063291139240507,111
2023-07-14,1017,150,80,74,36,70,38,0.5333333333333333,0.4864864864864865,116
2023-07-15,1017,140,88,50,42,52,8,0.6285714285714286,0.84,130
2023-07-16,1017,115,86,52,35,29,17,0.7478260869565218,0.6730769230769231,121
2023-07-17,1017,130,88,54,36,42,18,0.676923076923077,0.6666666666666666,124
2023-07-18,1017,150,79,56,37,71,19,0.5266666666666666,0.6607142857142857,116
2023-07-19,1017,131,69,55,46,62,9,0.5267175572519084,0.8363636363636363,115
2023-07-20,1017,110,74,56,45,36,11,0.6727272727272727,0.8035714285714286,119
2023-07-21,1017,128,69,88,44,59,44,0.5390625,0.5,113
2023-07-22,1017,111,75,51,40,36,11,0.6756756756756757,0.7843137254901961,115
2023-07-23,1017,132,89,69,46,43,23,0.6742424242424242,0.6666666666666666,135
2023-07-24,1017,131,68,63,55,63,8,0.5190839694656488,0.873015873015873,123
2023-07-25,1017,105,84,86,31,21,55,0.8,0.36046511627906974,115
2023-07-26,1017,149,79,95,47,70,48,0.5302013422818792,0.49473684210526314,126
2023-07-27,1017,136,73,72,40,63,32,0.5367647058823529,0.5555555555555556,113
2023-07-28,1017,114,91,68,45,23,23,0.7982456140350878,0.6617647058823529,136
2023-07-29,1017,108,83,100,39,25,61,0.7685185185185185,0.39,122
2023-07-30,1017,145,74,51,42,71,9,0.5103448275862069,0.8235294117647058,116
2023-07-31,1017,134,72,83,38,62,45,0.5373134328358209,0.4578313253012048,110
2023-08-01,1017,102,74,84,48,28,36,0.7254901960784313,0.5714285714285714,122
2023-08-02,1017,117,76,50,29,41,21,0.6495726495726496,0.58,105
2023-08-03,1017,101,70,62,40,31,22,0.693069306930693,0.6451612903225806,110
2023-08-04,1017,111,92,69,46,19,23,0.8288288288288288,0.6666666666666666,138
2023-08-05,1017,139,85,61,33,54,28,0.6115107913669064,0.5409836065573771,118
2023-08-06,1017,143,84,58,42,59,16,0.5874125874125874,0.7241379310344828,126
2023-08-07,1017,142,85,56,27,57,29,0.5985915492957746,0.48214285714285715,112
2023-08-08,1017,137,62,70,34,75,36,0.45255474452554745,0.4857142857142857,96
2023-08-09,1017,117,68,87,40,49,47,0.5811965811965812,0.45977011494252873,108
2023-08-10,1017,129,70,78,42,59,36,0.5426356589147286,0.5384615384615384,112
2023-08-11,1017,133,73,63,32,60,31,0.5488721804511278,0.5079365079365079,105
2023-08-12,1017,142,84,87,37,58,50,0.5915492957746479,0.42528735632183906,121
2023-08-13,1017,145,81,85,41,64,44,0.5586206896551724,0.4823529411764706,122
2023-08-14,1017,101,75,94,37,26,57,0.7425742574257426,0.39361702127659576,112
2023-08-15,1017,128,74,79,47,54,32,0.578125,0.5949367088607594,121
2023-08-16,1017,107,77,61,37,30,24,0.719626168224299,0.6065573770491803,114
2023-08-17,1017,145,88,86,48,57,38,0.6068965517241379,0.5581395348837209,136
2023-08-18,1017,132,81,86,39,51,47,0.6136363636363636,0.45348837209302323,120
2023-08-19,1017,104,80,67,31,24,36,0.7692307692307693,0.4626865671641791,111
2023-08-20,1017,101,86,67,38,15,29,0.8514851485148515,0.5671641791044776,124
2023-08-21,1017,141,105,94,35,36,59,0.7446808510638298,0.3723404255319149,140
2023-08-22,1017,124,77,68,39,47,29,0.6209677419354839,0.5735294117647058,116
2023-08-23,1017,144,87,52,40,57,12,0.6041666666666666,0.7692307692307693,127
2023-08-24,1017,126,83,61,26,43,35,0.6587301587301587,0.4262295081967213,109
2023-08-25,1017,139,70,51,38,69,13,0.5035971223021583,0.7450980392156863,108
2023-08-26,1017,125,97,73,35,28,38,0.776,0.4794520547945205,132
2023-08-27,1017,148,85,97,38,63,59,0.5743243243243243,0.3917525773195876,123
2023-08-28,1017,133,82,87,41,51,46,0.6165413533834586,0.47126436781609193,123
2023-08-29,1017,104,94,51,51,10,0,0.9038461538461539,1,145
2023-08-30,1017,143,76,74,46,67,28,0.5314685314685315,0.6216216216216216,122
2023-08-31,1017,138,74,61,45,64,16,0.5362318840579711,0.7377049180327869,119
2023-09-01,1017,133,68,66,44,65,22,0.5112781954887218,0.6666666666666666,112
2023-09-02,1017,113,69,90,40,44,50,0.6106194690265486,0.4444444444444444,109
2023-09-03,1017,129,92,95,41,37,54,0.7131782945736435,0.43157894736842106,133
2023-09-04,1017,118,84,52,49,34,3,0.711864406779661,0.9423076923076923,133
2023-09-05,1017,112,79,51,35,33,16,0.7053571428571429,0.6862745098039216,114
2023-09-06,1017,126,77,56,49,49,7,0.6111111111111112,0.875,126
2023-09-07,1017,121,75,100,31,46,69,0.6198347107438017,0.31,106
2023-09-08,1017,115,66,64,33,49,31,0.5739130434782609,0.515625,99
2023-09-09,1017,104,71,84,41,33,43,0.6826923076923077,0.4880952380952381,112
2023-09-10,1017,108,91,60,41,17,19,0.8425925925925926,0.6833333333333333,132
2023-09-11,1017,142,79,50,36,63,14,0.5563380281690141,0.72,115
2023-09-12,1017,113,92,59,40,21,19,0.8141592920353983,0.6779661016949152,132
2023-09-13,1017,127,76,53,36,51,17,0.5984251968503937,0.6792452830188679,112
2023-09-14,1017,120,86,62,37,34,25,0.7166666666666667,0.5967741935483871,123
2023-09-15,1017,135,81,100,51,54,49,0.6,0.51,132
2023-09-16,1017,138,71,55,49,67,6,0.5144927536231884,0.8909090909090909,120
2023-09-17,1017,120,73,68,36,47,32,0.6083333333333333,0.5294117647058824,109
2023-09-18,1017,121,83,78,41,38,37,0.6859504132231405,0.5256410256410257,124
2023-09-19,1017,110,68,88,52,42,36,0.6181818181818182,0.5909090909090909,120
2023-09-20,1017,138,80,83,56,58,27,0.5797101449275363,0.6746987951807228,136
2023-09-21,1017,131,67,65,29,64,36,0.5114503816793893,0.4461538461538462,96
2023-09-22,1017,116,61,81,44,55,37,0.5258620689655172,0.5432098765432098,105
2023-09-23,1017,143,77,75,39,66,36,0.5384615384615384,0.52,116
2023-09-24,1017,148,73,66,38,75,28,0.49324324324324326,0.5757575757575758,111
2023-09-25,1017,123,90,79,41,33,38,0.7317073170731707,0.5189873417721519,131
2023-09-26,1017,147,73,82,41,74,41,0.4965986394557823,0.5,114
2023-09-27,1017,125,80,60,50,45,10,0.64,0.8333333333333334,130
2023-09-28,1017,133,79,85,47,54,38,0.5939849624060151,0.5529411764705883,126
2023-09-29,1017,108,78,53,36,30,17,0.7222222222222222,0.6792452830188679,114
2023-09-30,1017,118,80,89,39,38,50,0.6779661016949152,0.43820224719101125,119
2023-10-01,1017,140,72,74,39,68,35,0.5142857142857142,0.527027027027027,111
2023-10-02,1017,116,63,84,43,53,41,0.5431034482758621,0.5119047619047619,106
2023-10-03,1017,143,64,85,46,79,39,0.44755244755244755,0.5411764705882353,110
2023-10-04,1017,134,89,69,36,45,33,0.664179104477612,0.5217391304347826,125
2023-10-05,1017,122,74,89,26,48,63,0.6065573770491803,0.29213483146067415,100
2023-10-06,1017,144,68,90,41,76,49,0.4722222222222222,0.45555555555555555,109
2023-10-07,1017,144,75,79,33,69,46,0.5208333333333334,0.4177215189873418,108
2023-10-08,1017,125,61,55,39,64,16,0.488,0.7090909090909091,100
2023-10-09,1017,138,77,93,44,61,49,0.5579710144927537,0.4731182795698925,121
2023-10-10,1017,108,84,78,41,24,37,0.7777777777777778,0.5256410256410257,125
2023-10-11,1017,121,87,75,44,34,31,0.71900826446281,0.5866666666666667,131
2023-10-12,1017,128,81,73,34,47,39,0.6328125,0.4657534246575342,115
2023-10-13,1017,135,69,84,34,66,50,0.5111111111111111,0.40476190476190477,103
2023-10-14,1017,112,82,81,32,30,49,0.7321428571428571,0.3950617283950617,114
2023-10-15,1017,150,72,56,44,78,12,0.48,0.7857142857142857,116
2023-10-16,1017,126,84,55,49,42,6,0.6666666666666666,0.8909090909090909,133
2023-10-17,1017,124,69,56,39,55,17,0.5564516129032258,0.6964285714285714,108
2023-10-18,1017,112,84,70,39,28,31,0.75,0.5571428571428572,123
2023-10-19,1017,103,84,94,41,19,53,0.8155339805825242,0.43617021276595747,125
2023-10-20,1017,117,69,77,45,48,32,0.5897435897435898,0.5844155844155844,114
2023-10-21,1017,138,80,90,36,58,54,0.5797101449275363,0.4,116
2023-10-22,1017,107,81,88,36,26,52,0.7570093457943925,0.4090909090909091,117
2023-10-23,1017,139,96,94,38,43,56,0.6906474820143885,0.40425531914893614,134
2023-10-24,1017,150,90,67,47,60,20,0.6,0.7014925373134329,137
2023-10-25,1017,129,80,72,41,49,31,0.6201550387596899,0.5694444444444444,121
2023-10-26,1017,104,77,70,52,27,18,0.7403846153846154,0.7428571428571429,129
2023-10-27,1017,118,81,92,35,37,57,0.6864406779661016,0.3804347826086957,116
2023-10-28,1017,115,77,81,50,38,31,0.6695652173913044,0.6172839506172839,127
2023-10-29,1017,137,77,93,38,60,55,0.5620437956204379,0.40860215053763443,115
2023-10-30,1017,134,82,85,50,52,35,0.6119402985074627,0.5882352941176471,132
2023-10-31,1017,103,71,56,29,32,27,0.6893203883495146,0.5178571428571429,100
2023-11-01,1017,132,73,87,37,59,50,0.553030303030303,0.42528735632183906,110
2023-11-02,1017,150,73,76,42,77,34,0.4866666666666667,0.5526315789473685,115
2023-11-03,1017,121,79,80,56,42,24,0.6528925619834711,0.7,135
2023-11-04,1017,122,89,78,34,33,44,0.7295081967213115,0.4358974358974359,123
2023-11-05,1017,109,83,66,39,26,27,0.7614678899082569,0.5909090909090909,122
2023-11-06,1017,135,64,84,60,71,24,0.4740740740740741,0.7142857142857143,124
2023-11-07,1017,137,83,61,50,54,11,0.6058394160583942,0.819672131147541,133
2023-11-08,1017,133,81,70,44,52,26,0.6090225563909775,0.6285714285714286,125
2023-11-09,1017,128,78,98,41,50,57,0.609375,0.41836734693877553,119
2023-11-10,1017,149,70,94,40,79,54,0.4697986577181208,0.425531914893617,110
2023-11-11,1017,137,77,55,37,60,18,0.5620437956204379,0.6727272727272727,114
2023-11-12,1017,143,84,50,34,59,16,0.5874125874125874,0.68,118
2023-11-13,1017,127,64,77,47,63,30,0.5039370078740157,0.6103896103896104,111
2023-11-14,1017,130,74,70,38,56,32,0.5692307692307692,0.5428571428571428,112
2023-11-15,1017,150,79,68,48,71,20,0.5266666666666666,0.7058823529411765,127
2023-11-16,1017,142,86,81,39,56,42,0.6056338028169014,0.48148148148148145,125
2023-11-17,1017,150,86,72,44,64,28,0.5733333333333334,0.6111111111111112,130
2023-11-18,1017,102,82,72,25,20,47,0.803921568627451,0.3472222222222222,107
2023-11-19,1017,125,67,50,37,58,13,0.536,0.74,104
2023-11-20,1017,145,85,86,49,60,37,0.5862068965517241,0.5697674418604651,134
2023-11-21,1017,124,89,52,38,35,14,0.717741935483871,0.7307692307692307,127
2023-11-22,1017,130,77,73,40,53,33,0.5923076923076923,0.547945205479452,117
2023-11-23,1017,102,75,95,46,27,49,0.7352941176470589,0.4842105263157895,121
2023-11-24,1017,105,78,84,40,27,44,0.7428571428571429,0.47619047619047616,118
2023-11-25,1017,111,91,74,43,20,31,0.8198198198198198,0.581081081081081,134
2023-11-26,1017,118,97,81,39,21,42,0.8220338983050848,0.48148148148148145,136
2023-11-27,1017,134,80,86,48,54,38,0.5970149253731343,0.5581395348837209,128
2023-11-28,1017,107,89,63,43,18,20,0.8317757009345794,0.6825396825396826,132
2023-11-29,1017,106,78,82,39,28,43,0.7358490566037735,0.47560975609756095,117
2023-11-30,1017,115,88,59,38,27,21,0.7652173913043478,0.6440677966101694,126
2023-12-01,1017,145,81,80,40,64,40,0.5586206896551724,0.5,121
2023-12-02,1017,101,74,58,27,27,31,0.7326732673267327,0.46551724137931033,101
2023-12-03,1017,103,85,50,35,18,15,0.8252427184466019,0.7,120
2023-12-04,1017,128,71,90,42,57,48,0.5546875,0.4666666666666667,113
2023-12-05,1017,138,79,85,35,59,50,0.572463768115942,0.4117647058823529,114
2023-12-06,1017,120,86,52,31,34,21,0.7166666666666667,0.5961538461538461,117
2023-12-07,1017,107,87,86,38,20,48,0.8130841121495327,0.4418604651162791,125
2023-12-08,1017,149,72,76,43,77,33,0.48322147651006714,0.5657894736842105,115
2023-12-09,1017,119,72,54,47,47,7,0.6050420168067226,0.8703703703703703,119
2023-12-10,1017,101,76,100,48,25,52,0.7524752475247525,0.48,124
2023-12-11,1017,120,90,72,34,30,38,0.75,0.4722222222222222,124
2023-12-12,1017,140,70,82,42,70,40,0.5,0.5121951219512195,112
2023-12-13,1017,148,74,99,41,74,58,0.5,0.41414141414141414,115
2023-12-14,1017,139,78,83,49,61,34,0.5611510791366906,0.5903614457831325,127
2023-12-15,1017,134,78,87,37,56,50,0.582089552238806,0.42528735632183906,115
2023-12-16,1017,119,97,54,54,22,0,0.8151260504201681,1,151
2023-12-17,1017,123,77,73,47,46,26,0.6260162601626016,0.6438356164383562,124
2023-12-18,1017,146,101,81,38,45,43,0.6917808219178082,0.4691358024691358,139
2023-12-19,1017,142,73,66,31,69,35,0.5140845070422535,0.4696969696969697,104
2023-12-20,1017,148,85,88,37,63,51,0.5743243243243243,0.42045454545454547,122
2023-12-21,1017,117,86,64,50,31,14,0.7350427350427351,0.78125,136
2023-12-22,1017,145,88,89,44,57,45,0.6068965517241379,0.4943820224719101,132
2023-12-23,1017,122,72,50,30,50,20,0.5901639344262295,0.6,102
2023-12-24,1017,143,79,70,47,64,23,0.5524475524475524,0.6714285714285714,126
2023-12-25,1017,133,62,82,29,71,53,0.46616541353383456,0.35365853658536583,91
2023-12-26,1017,125,69,93,40,56,53,0.552,0.43010752688172044,109
2023-12-27,1017,134,70,54,38,64,16,0.5223880597014925,0.7037037037037037,108
2023-12-28,1017,118,80,70,41,38,29,0.6779661016949152,0.5857142857142857,121
2023-12-29,1017,144,67,87,56,77,31,0.4652777777777778,0.6436781609195402,123
2023-12-30,1017,132,98,92,34,34,58,0.7424242424242424,0.3695652173913043,132
2023-12-31,1017,103,76,57,53,27,4,0.7378640776699029,0.9298245614035088,129
2023-01-01,1018,115,78,92,45,37,47,0.6782608695652174,0.4891304347826087,123
2023-01-02,1018,118,78,92,43,40,49,0.6610169491525424,0.4673913043478261,121
2023-01-03,1018,130,65,73,36,65,37,0.5,0.4931506849315068,101
2023-01-04,1018,108,74,87,48,34,39,0.6851851851851852,0.5517241379310345,122
2023-01-05,1018,113,88,92,44,25,48,0.7787610619469026,0.4782608695652174,132
2023-01-06,1018,124,80,86,35,44,51,0.6451612903225806,0.4069767441860465,115
2023-01-07,1018,135,84,80,42,51,38,0.6222222222222222,0.525,126
2023-01-08,1018,135,79,52,38,56,14,0.5851851851851851,0.7307692307692307,117
2023-01-09,1018,147,75,69,42,72,27,0.5102040816326531,0.6086956521739131,117
2023-01-10,1018,107,66,66,37,41,29,0.616822429906542,0.5606060606060606,103
2023-01-11,1018,109,73,81,42,36,39,0.6697247706422018,0.5185185185185185,115
2023-01-12,1018,127,74,72,43,53,29,0.5826771653543307,0.5972222222222222,117
2023-01-13,1018,125,92,97,34,33,63,0.736,0.35051546391752575,126
2023-01-14,1018,109,86,80,31,23,49,0.7889908256880734,0.3875,117
2023-01-15,1018,127,76,82,35,51,47,0.5984251968503937,0.4268292682926829,111
2023-01-16,1018,110,76,56,39,34,17,0.6909090909090909,0.6964285714285714,115
2023-01-17,1018,142,83,77,40,59,37,0.5845070422535211,0.5194805194805194,123
2023-01-18,1018,122,76,50,33,46,17,0.6229508196721312,0.66,109
2023-01-19,1018,114,82,55,32,32,23,0.7192982456140351,0.5818181818181818,114
2023-01-20,1018,139,91,59,43,48,16,0.6546762589928058,0.7288135593220338,134
2023-01-21,1018,124,105,82,39,19,43,0.8467741935483871,0.47560975609756095,144
2023-01-22,1018,148,73,80,45,75,35,0.49324324324324326,0.5625,118
2023-01-23,1018,109,76,78,34,33,44,0.6972477064220184,0.4358974358974359,110
2023-01-24,1018,125,68,56,32,57,24,0.544,0.5714285714285714,100
2023-01-25,1018,108,77,62,36,31,26,0.7129629629629629,0.5806451612903226,113
2023-01-26,1018,129,74,83,36,55,47,0.5736434108527132,0.43373493975903615,110
2023-01-27,1018,124,72,64,31,52,33,0.5806451612903226,0.484375,103
2023-01-28,1018,130,83,90,44,47,46,0.6384615384615384,0.4888888888888889,127
2023-01-29,1018,119,70,72,42,49,30,0.5882352941176471,0.5833333333333334,112
2023-01-30,1018,130,92,99,36,38,63,0.7076923076923077,0.36363636363636365,128
2023-01-31,1018,119,104,98,38,15,60,0.8739495798319328,0.3877551020408163,142
2023-02-01,1018,120,68,83,38,52,45,0.5666666666666667,0.4578313253012048,106
2023-02-02,1018,116,88,50,39,28,11,0.7586206896551724,0.78,127
2023-02-03,1018,111,86,65,34,25,31,0.7747747747747747,0.5230769230769231,120
2023-02-04,1018,125,77,53,37,48,16,0.616,0.6981132075471698,114
2023-02-05,1018,150,88,50,50,62,0,0.5866666666666667,1,138
2023-02-06,1018,150,89,67,51,61,16,0.5933333333333334,0.7611940298507462,140
2023-02-07,1018,115,75,56,37,40,19,0.6521739130434783,0.6607142857142857,112
2023-02-08,1018,142,82,63,49,60,14,0.5774647887323944,0.7777777777777778,131
2023-02-09,1018,101,75,50,25,26,25,0.7425742574257426,0.5,100
2023-02-10,1018,127,68,92,30,59,62,0.5354330708661418,0.32608695652173914,98
2023-02-11,1018,104,70,62,40,34,22,0.6730769230769231,0.6451612903225806,110
2023-02-12,1018,124,73,56,44,51,12,0.5887096774193549,0.7857142857142857,117
2023-02-13,1018,144,77,86,35,67,51,0.5347222222222222,0.4069767441860465,112
2023-02-14,1018,142,83,68,38,59,30,0.5845070422535211,0.5588235294117647,121
2023-02-15,1018,130,87,50,41,43,9,0.6692307692307692,0.82,128
2023-02-16,1018,115,92,96,48,23,48,0.8,0.5,140
2023-02-17,1018,132,85,70,39,47,31,0.6439393939393939,0.5571428571428572,124
2023-02-18,1018,131,72,100,33,59,67,0.549618320610687,0.33,105
2023-02-19,1018,144,83,89,40,61,49,0.5763888888888888,0.449438202247191,123
2023-02-20,1018,103,85,83,34,18,49,0.8252427184466019,0.40963855421686746,119
2023-02-21,1018,101,77,51,47,24,4,0.7623762376237624,0.9215686274509803,124
2023-02-22,1018,123,82,74,45,41,29,0.6666666666666666,0.6081081081081081,127
2023-02-23,1018,127,67,57,37,60,20,0.5275590551181102,0.6491228070175439,104
2023-02-24,1018,134,76,88,32,58,56,0.5671641791044776,0.36363636363636365,108
2023-02-25,1018,101,85,65,44,16,21,0.8415841584158416,0.676923076923077,129
2023-02-26,1018,118,78,96,34,40,62,0.6610169491525424,0.3541666666666667,112
2023-02-27,1018,119,71,75,35,48,40,0.5966386554621849,0.4666666666666667,106
2023-02-28,1018,100,66,90,35,34,55,0.66,0.3888888888888889,101
2023-03-01,1018,137,80,90,31,57,59,0.583941605839416,0.34444444444444444,111
2023-03-02,1018,126,92,86,36,34,50,0.7301587301587301,0.4186046511627907,128
2023-03-03,1018,120,83,53,33,37,20,0.6916666666666667,0.6226415094339622,116
2023-03-04,1018,134,89,96,28,45,68,0.664179104477612,0.2916666666666667,117
2023-03-05,1018,106,94,67,36,12,31,0.8867924528301887,0.5373134328358209,130
2023-03-06,1018,107,90,51,35,17,16,0.8411214953271028,0.6862745098039216,125
2023-03-07,1018,134,71,60,45,63,15,0.5298507462686567,0.75,116
2023-03-08,1018,140,76,51,28,64,23,0.5428571428571428,0.5490196078431373,104
2023-03-09,1018,141,85,85,26,56,59,0.6028368794326241,0.3058823529411765,111
2023-03-10,1018,117,74,82,41,43,41,0.6324786324786325,0.5,115
2023-03-11,1018,146,82,84,60,64,24,0.5616438356164384,0.7142857142857143,142
2023-03-12,1018,113,77,79,36,36,43,0.6814159292035398,0.45569620253164556,113
2023-03-13,1018,138,76,86,40,62,46,0.5507246376811594,0.46511627906976744,116
2023-03-14,1018,123,92,63,29,31,34,0.7479674796747967,0.4603174603174603,121
2023-03-15,1018,126,83,75,37,43,38,0.6587301587301587,0.49333333333333335,120
2023-03-16,1018,112,77,67,46,35,21,0.6875,0.6865671641791045,123
2023-03-17,1018,103,64,88,39,39,49,0.6213592233009708,0.4431818181818182,103
2023-03-18,1018,146,75,65,40,71,25,0.5136986301369864,0.6153846153846154,115
2023-03-19,1018,126,86,60,30,40,30,0.6825396825396826,0.5,116
2023-03-20,1018,125,99,81,36,26,45,0.792,0.4444444444444444,135
2023-03-21,1018,112,96,92,41,16,51,0.8571428571428571,0.44565217391304346,137
2023-03-22,1018,115,94,69,41,21,28,0.8173913043478261,0.5942028985507246,135
2023-03-23,1018,117,71,90,37,46,53,0.6068376068376068,0.4111111111111111,108
2023-03-24,1018,132,91,51,40,41,11,0.6893939393939394,0.7843137254901961,131
2023-03-25,1018,133,77,55,38,56,17,0.5789473684210527,0.6909090909090909,115
2023-03-26,1018,143,75,91,43,68,48,0.5244755244755245,0.4725274725274725,118
2023-03-27,1018,150,92,98,42,58,56,0.6133333333333333,0.42857142857142855,134
2023-03-28,1018,130,73,65,39,57,26,0.5615384615384615,0.6,112
2023-03-29,1018,132,76,55,38,56,17,0.5757575757575758,0.6909090909090909,114
2023-03-30,1018,127,78,73,38,49,35,0.6141732283464567,0.5205479452054794,116
2023-03-31,1018,128,78,98,41,50,57,0.609375,0.41836734693877553,119
2023-04-01,1018,114,91,100,44,23,56,0.7982456140350878,0.44,135
2023-04-02,1018,101,74,57,40,27,17,0.7326732673267327,0.7017543859649122,114
2023-04-03,1018,149,73,88,33,76,55,0.4899328859060403,0.375,106
2023-04-04,1018,102,92,81,35,10,46,0.9019607843137255,0.43209876543209874,127
2023-04-05,1018,116,66,84,38,50,46,0.5689655172413793,0.4523809523809524,104
2023-04-06,1018,132,73,83,37,59,46,0.553030303030303,0.4457831325301205,110
2023-04-07,1018,143,66,51,35,77,16,0.46153846153846156,0.6862745098039216,101
2023-04-08,1018,125,81,59,43,44,16,0.648,0.7288135593220338,124
2023-04-09,1018,137,96,78,38,41,40,0.7007299270072993,0.48717948717948717,134
2023-04-10,1018,122,82,74,36,40,38,0.6721311475409836,0.4864864864864865,118
2023-04-11,1018,112,73,98,35,39,63,0.6517857142857143,0.35714285714285715,108
2023-04-12,1018,134,76,75,41,58,34,0.5671641791044776,0.5466666666666666,117
2023-04-13,1018,136,78,51,44,58,7,0.5735294117647058,0.8627450980392157,122
2023-04-14,1018,107,79,55,39,28,16,0.7383177570093458,0.7090909090909091,118
2023-04-15,1018,134,88,61,42,46,19,0.6567164179104478,0.6885245901639344,130
2023-04-16,1018,123,94,84,41,29,43,0.7642276422764228,0.4880952380952381,135
2023-04-17,1018,130,84,51,51,46,0,0.6461538461538462,1,135
2023-04-18,1018,125,85,53,45,40,8,0.68,0.8490566037735849,130
2023-04-19,1018,117,73,64,35,44,29,0.6239316239316239,0.546875,108
2023-04-20,1018,122,80,84,43,42,41,0.6557377049180327,0.5119047619047619,123
2023-04-21,1018,125,80,88,43,45,45,0.64,0.48863636363636365,123
2023-04-22,1018,133,89,58,32,44,26,0.6691729323308271,0.5517241379310345,121
2023-04-23,1018,111,88,95,45,23,50,0.7927927927927928,0.47368421052631576,133
2023-04-24,1018,117,71,65,48,46,17,0.6068376068376068,0.7384615384615385,119
2023-04-25,1018,146,90,78,38,56,40,0.6164383561643836,0.48717948717948717,128
2023-04-26,1018,123,80,76,39,43,37,0.6504065040650406,0.5131578947368421,119
2023-04-27,1018,127,87,64,41,40,23,0.6850393700787402,0.640625,128
2023-04-28,1018,116,82,99,48,34,51,0.7068965517241379,0.48484848484848486,130
2023-04-29,1018,147,70,94,40,77,54,0.47619047619047616,0.425531914893617,110
2023-04-30,1018,145,105,77,28,40,49,0.7241379310344828,0.36363636363636365,133
2023-05-01,1018,127,89,83,30,38,53,0.7007874015748031,0.3614457831325301,119
2023-05-02,1018,148,91,85,46,57,39,0.6148648648648649,0.5411764705882353,137
2023-05-03,1018,145,86,95,43,59,52,0.593103448275862,0.45263157894736844,129
2023-05-04,1018,126,73,53,36,53,17,0.5793650793650794,0.6792452830188679,109
2023-05-05,1018,103,87,54,51,16,3,0.8446601941747572,0.9444444444444444,138
2023-05-06,1018,143,89,68,34,54,34,0.6223776223776224,0.5,123
2023-05-07,1018,109,63,100,33,46,67,0.5779816513761468,0.33,96
2023-05-08,1018,119,83,57,52,36,5,0.6974789915966386,0.9122807017543859,135
2023-05-09,1018,135,87,58,43,48,15,0.6444444444444445,0.7413793103448276,130
2023-05-10,1018,143,76,84,33,67,51,0.5314685314685315,0.39285714285714285,109
2023-05-11,1018,108,90,98,39,18,59,0.8333333333333334,0.3979591836734694,129
2023-05-12,1018,134,93,75,47,41,28,0.6940298507462687,0.6266666666666667,140
2023-05-13,1018,113,76,85,38,37,47,0.672566371681416,0.4470588235294118,114
2023-05-14,1018,144,89,69,53,55,16,0.6180555555555556,0.7681159420289855,142
2023-05-15,1018,110,63,99,28,47,71,0.5727272727272728,0.2828282828282828,91
2023-05-16,1018,131,70,78,31,61,47,0.5343511450381679,0.3974358974358974,101
2023-05-17,1018,143,67,55,43,76,12,0.46853146853146854,0.7818181818181819,110
2023-05-18,1018,121,62,71,40,59,31,0.512396694214876,0.5633802816901409,102
2023-05-19,1018,118,70,97,40,48,57,0.5932203389830508,0.41237113402061853,110
2023-05-20,1018,104,80,84,43,24,41,0.7692307692307693,0.5119047619047619,123
2023-05-21,1018,107,88,67,34,19,33,0.822429906542056,0.5074626865671642,122
2023-05-22,1018,121,71,66,36,50,30,0.5867768595041323,0.5454545454545454,107
2023-05-23,1018,108,69,98,55,39,43,0.6388888888888888,0.5612244897959183,124
2023-05-24,1018,114,67,77,39,47,38,0.5877192982456141,0.5064935064935064,106
2023-05-25,1018,108,80,74,43,28,31,0.7407407407407407,0.581081081081081,123
2023-05-26,1018,108,75,98,34,33,64,0.6944444444444444,0.3469387755102041,109
2023-05-27,1018,109,92,94,42,17,52,0.8440366972477065,0.44680851063829785,134
2023-05-28,1018,150,62,75,33,88,42,0.41333333333333333,0.44,95
2023-05-29,1018,131,81,65,38,50,27,0.6183206106870229,0.5846153846153846,119
2023-05-30,1018,146,80,69,38,66,31,0.547945205479452,0.5507246376811594,118
2023-05-31,1018,102,83,88,45,19,43,0.8137254901960784,0.5113636363636364,128
2023-06-01,1018,135,76,63,33,59,30,0.562962962962963,0.5238095238095238,109
2023-06-02,1018,125,86,95,42,39,53,0.688,0.4421052631578947,128
2023-06-03,1018,147,82,98,48,65,50,0.5578231292517006,0.4897959183673469,130
2023-06-04,1018,140,70,76,31,70,45,0.5,0.40789473684210525,101
2023-06-05,1018,116,70,59,42,46,17,0.603448275862069,0.711864406779661,112
2023-06-06,1018,114,73,92,37,41,55,0.6403508771929824,0.40217391304347827,110
2023-06-07,1018,111,79,78,44,32,34,0.7117117117117117,0.5641025641025641,123
2023-06-08,1018,105,82,83,47,23,36,0.780952380952381,0.5662650602409639,129
2023-06-09,1018,150,76,65,41,74,24,0.5066666666666667,0.6307692307692307,117
2023-06-10,1018,103,89,95,38,14,57,0.8640776699029126,0.4,127
2023-06-11,1018,123,74,90,45,49,45,0.6016260162601627,0.5,119
2023-06-12,1018,133,98,94,37,35,57,0.7368421052631579,0.39361702127659576,135
2023-06-13,1018,109,71,65,48,38,17,0.6513761467889908,0.7384615384615385,119
2023-06-14,1018,130,86,92,42,44,50,0.6615384615384615,0.45652173913043476,128
2023-06-15,1018,122,85,58,27,37,31,0.6967213114754098,0.46551724137931033,112
2023-06-16,1018,136,70,93,43,66,50,0.5147058823529411,0.46236559139784944,113
2023-06-17,1018,139,75,87,44,64,43,0.539568345323741,0.5057471264367817,119
2023-06-18,1018,105,65,70,46,40,24,0.6190476190476191,0.6571428571428571,111
2023-06-19,1018,145,83,79,41,62,38,0.5724137931034483,0.5189873417721519,124
2023-06-20,1018,148,74,98,37,74,61,0.5,0.37755102040816324,111
2023-06-21,1018,132,80,79,44,52,35,0.6060606060606061,0.5569620253164557,124
2023-06-22,1018,142,81,55,34,61,21,0.5704225352112676,0.6181818181818182,115
2023-06-23,1018,126,89,79,55,37,24,0.7063492063492064,0.6962025316455697,144
2023-06-24,1018,106,66,65,36,40,29,0.6226415094339622,0.5538461538461539,102
2023-06-25,1018,137,88,98,25,49,73,0.6423357664233577,0.25510204081632654,113
2023-06-26,1018,118,74,70,52,44,18,0.6271186440677966,0.7428571428571429,126
2023-06-27,1018,135,80,89,34,55,55,0.5925925925925926,0.38202247191011235,114
2023-06-28,1018,102,84,97,46,18,51,0.8235294117647058,0.4742268041237113,130
2023-06-29,1018,133,85,62,43,48,19,0.6390977443609023,0.6935483870967742,128
2023-06-30,1018,134,72,83,30,62,53,0.5373134328358209,0.3614457831325301,102
2023-07-01,1018,127,75,80,42,52,38,0.5905511811023622,0.525,117
2023-07-02,1018,134,78,60,40,56,20,0.582089552238806,0.6666666666666666,118
2023-07-03,1018,139,97,56,33,42,23,0.697841726618705,0.5892857142857143,130
2023-07-04,1018,119,76,71,39,43,32,0.6386554621848739,0.5492957746478874,115
2023-07-05,1018,112,79,100,40,33,60,0.7053571428571429,0.4,119
2023-07-06,1018,109,83,75,40,26,35,0.7614678899082569,0.5333333333333333,123
2023-07-07,1018,131,86,55,41,45,14,0.6564885496183206,0.7454545454545455,127
2023-07-08,1018,114,72,64,39,42,25,0.631578947368421,0.609375,111
2023-07-09,1018,140,83,93,47,57,46,0.5928571428571429,0.5053763440860215,130
2023-07-10,1018,104,104,75,36,0,39,1,0.48,140
2023-07-11,1018,139,95,88,48,44,40,0.6834532374100719,0.5454545454545454,143
2023-07-12,1018,133,88,97,44,45,53,0.6616541353383458,0.4536082474226804,132
2023-07-13,1018,101,70,94,32,31,62,0.693069306930693,0.3404255319148936,102
2023-07-14,1018,146,78,88,41,68,47,0.5342465753424658,0.4659090909090909,119
2023-07-15,1018,101,65,73,31,36,42,0.6435643564356436,0.4246575342465753,96
2023-07-16,1018,137,89,93,40,48,53,0.6496350364963503,0.43010752688172044,129
2023-07-17,1018,138,80,93,37,58,56,0.5797101449275363,0.3978494623655914,117
2023-07-18,1018,111,89,59,37,22,22,0.8018018018018018,0.6271186440677966,126
2023-07-19,1018,125,96,86,43,29,43,0.768,0.5,139
2023-07-20,1018,106,76,50,48,30,2,0.71698113207547165,0.96,124
2023-07-21,1018,120,75,100,44,45,56,0.625,0.44,119
2023-07-22,1018,130,92,51,50,38,1,0.7076923076923077,0.9803921568627451,142
2023-07-23,1018,129,73,56,40,56,16,0.5658914728682171,0.7142857142857143,113
2023-07-24,1018,105,65,89,44,40,45,0.6190476190476191,0.4943820224719101,109
2023-07-25,1018,107,90,58,41,17,17,0.8411214953271028,0.7068965517241379,131
2023-07-26,1018,106,73,78,40,33,38,0.6886792452830188,0.5128205128205128,113
2023-07-27,1018,135,88,73,43,47,30,0.6518518518518519,0.589041095890411,131
2023-07-28,1018,108,58,85,38,50,47,0.5370370370370371,0.4470588235294118,96
2023-07-29,1018,130,63,83,40,67,43,0.4846153846153846,0.4819277108433735,103
2023-07-30,1018,105,75,64,36,30,28,0.7142857142857143,0.5625,111
2023-07-31,1018,143,66,74,45,77,29,0.46153846153846156,0.6081081081081081,111
2023-08-01,1018,116,62,61,44,54,17,0.5344827586206896,0.7213114754098361,106
2023-08-02,1018,104,89,68,23,15,45,0.8557692307692307,0.3382352941176471,112
2023-08-03,1018,112,83,67,36,29,31,0.7410714285714286,0.5373134328358209,119
2023-08-04,1018,116,76,54,41,40,13,0.6551724137931034,0.7592592592592593,117
2023-08-05,1018,134,82,75,33,52,42,0.6119402985074627,0.44,115
2023-08-06,1018,142,73,72,46,69,26,0.5140845070422535,0.6388888888888888,119
2023-08-07,1018,136,67,98,43,69,55,0.49264705882352944,0.4387755102040816,110
2023-08-08,1018,116,78,76,35,38,41,0.6724137931034483,0.4605263157894737,113
2023-08-09,1018,139,80,81,40,59,41,0.5755395683453237,0.49382716049382713,120
2023-08-10,1018,124,79,65,39,45,26,0.6370967741935484,0.6,118
2023-08-11,1018,146,95,50,36,51,14,0.6506849315068494,0.72,131
2023-08-12,1018,131,82,72,47,49,25,0.6259541984732825,0.6527777777777778,129
2023-08-13,1018,133,91,79,30,42,49,0.6842105263157895,0.379746835443038,121
2023-08-14,1018,126,78,82,49,48,33,0.6190476190476191,0.5975609756097561,127
2023-08-15,1018,119,81,57,32,38,25,0.680672268907563,0.5614035087719298,113
2023-08-16,1018,104,83,77,29,21,48,0.7980769230769231,0.37662337662337664,112
2023-08-17,1018,127,74,79,41,53,38,0.5826771653543307,0.5189873417721519,115
2023-08-18,1018,146,84,71,43,62,28,0.5753424657534246,0.6056338028169014,127
2023-08-19,1018,119,87,93,34,32,59,0.7310924369747899,0.3655913978494624,121
2023-08-20,1018,134,80,84,33,54,51,0.5970149253731343,0.39285714285714285,113
2023-08-21,1018,146,85,63,35,61,28,0.5821917808219178,0.5555555555555556,120
2023-08-22,1018,135,78,78,34,57,44,0.5777777777777777,0.4358974358974359,112
2023-08-23,1018,140,72,66,38,68,28,0.5142857142857142,0.5757575757575758,110
2023-08-24,1018,103,83,100,43,20,57,0.8058252427184466,0.43,126
2023-08-25,1018,100,84,73,44,16,29,0.84,0.6027397260273972,128
2023-08-26,1018,112,82,90,47,30,43,0.7321428571428571,0.5222222222222223,129
2023-08-27,1018,118,72,92,43,46,49,0.6101694915254238,0.4673913043478261,115
2023-08-28,1018,106,80,59,38,26,21,0.7547169811320755,0.6440677966101694,118
2023-08-29,1018,150,93,61,41,57,20,0.62,0.6721311475409836,134
2023-08-30,1018,136,59,80,50,77,30,0.4338235294117647,0.625,109
2023-08-31,1018,101,74,100,29,27,71,0.7326732673267327,0.29,103
2023-09-01,1018,147,74,59,30,73,29,0.5034013605442177,0.5084745762711864,104
2023-09-02,1018,144,80,90,39,64,51,0.5555555555555556,0.43333333333333335,119
2023-09-03,1018,138,81,87,50,57,37,0.5869565217391305,0.5747126436781609,131
2023-09-04,1018,130,69,75,43,61,32,0.5307692307692308,0.5733333333333334,112
2023-09-05,1018,108,95,50,37,13,13,0.8796296296296297,0.74,132
2023-09-06,1018,149,87,86,46,62,40,0.5838926174496645,0.5348837209302325,133
2023-09-07,1018,128,73,76,45,55,31,0.5703125,0.5921052631578947,118
2023-09-08,1018,139,90,78,31,49,47,0.6474820143884892,0.3974358974358974,121
2023-09-09,1018,109,70,84,50,39,34,0.6422018348623854,0.5952380952380952,120
2023-09-10,1018,108,68,57,42,40,15,0.6296296296296297,0.7368421052631579,110
2023-09-11,1018,124,97,69,41,27,28,0.782258064516129,0.5942028985507246,138
2023-09-12,1018,150,88,90,34,62,56,0.5866666666666667,0.37777777777777777,122
2023-09-13,1018,134,91,72,50,43,22,0.6791044776119403,0.6944444444444444,141
2023-09-14,1018,146,86,97,41,60,56,0.589041095890411,0.422680412371134,127
2023-09-15,1018,136,77,68,32,59,36,0.5661764705882353,0.47058823529411764,109
2023-09-16,1018,137,74,88,46,63,42,0.5401459854014599,0.5227272727272727,120
2023-09-17,1018,125,72,100,23,53,77,0.576,0.23,95
2023-09-18,1018,104,89,74,36,15,38,0.8557692307692307,0.4864864864864865,125
2023-09-19,1018,100,72,94,40,28,54,0.72,0.425531914893617,112
2023-09-20,1018,139,65,96,59,74,37,0.4676258992805755,0.6145833333333334,124
2023-09-21,1018,138,81,93,45,57,48,0.5869565217391305,0.4838709677419355,126
2023-09-22,1018,106,67,67,45,39,22,0.6320754716981132,0.6716417910447762,112
2023-09-23,1018,102,72,52,42,30,10,0.7058823529411765,0.8076923076923077,114
2023-09-24,1018,150,80,50,33,70,17,0.5333333333333333,0.66,113
2023-09-25,1018,117,89,89,47,28,42,0.7606837606837606,0.5280898876404494,136
2023-09-26,1018,113,68,66,37,45,29,0.6017699115044248,0.5606060606060606,105
2023-09-27,1018,131,82,99,48,49,51,0.6259541984732825,0.48484848484848486,130
2023-09-28,1018,127,78,86,30,49,56,0.6141732283464567,0.3488372093023256,108
2023-09-29,1018,121,80,66,42,41,24,0.6611570247933884,0.6363636363636364,122
2023-09-30,1018,123,77,91,34,46,57,0.6260162601626016,0.37362637362637363,111
2023-10-01,1018,140,79,85,43,61,42,0.5642857142857143,0.5058823529411764,122
2023-10-02,1018,101,76,52,44,25,8,0.7524752475247525,0.8461538461538461,120
2023-10-03,1018,138,74,83,38,64,45,0.5362318840579711,0.4578313253012048,112
2023-10-04,1018,123,71,59,38,52,21,0.5772357723577236,0.6440677966101694,109
2023-10-05,1018,101,71,82,44,30,38,0.7029702970297029,0.5365853658536586,115
2023-10-06,1018,109,95,66,41,14,25,0.8715596330275229,0.6212121212121212,136
2023-10-07,1018,149,65,84,34,84,50,0.436241610738255,0.40476190476190477,99
2023-10-08,1018,138,86,86,39,52,47,0.6231884057971014,0.45348837209302323,125
2023-10-09,1018,142,73,71,33,69,38,0.5140845070422535,0.4647887323943662,106
2023-10-10,1018,107,82,51,32,25,19,0.7663551401869159,0.6274509803921569,114
2023-10-11,1018,149,58,70,42,91,28,0.38926174496644295,0.6,100
2023-10-12,1018,138,82,97,35,56,62,0.5942028985507246,0.36082474226804123,117
2023-10-13,1018,117,81,82,41,36,41,0.6923076923076923,0.5,122
2023-10-14,1018,133,77,80,51,56,29,0.5789473684210527,0.6375,128
2023-10-15,1018,102,78,82,52,24,30,0.7647058823529411,0.6341463414634146,130
2023-10-16,1018,111,94,57,34,17,23,0.8468468468468469,0.5964912280701754,128
2023-10-17,1018,133,82,70,45,51,25,0.6165413533834586,0.6428571428571429,127
2023-10-18,1018,130,80,81,33,50,48,0.6153846153846154,0.4074074074074074,113
2023-10-19,1018,127,66,50,39,61,11,0.5196850393700787,0.78,105
2023-10-20,1018,105,82,98,49,23,49,0.780952380952381,0.5,131
2023-10-21,1018,115,70,99,26,45,73,0.6086956521739131,0.26262626262626265,96
2023-10-22,1018,132,92,77,41,40,36,0.696969696969697,0.5324675324675324,133
2023-10-23,1018,108,83,67,49,25,18,0.7685185185185185,0.7313432835820896,132
2023-10-24,1018,145,79,99,41,66,58,0.5448275862068965,0.41414141414141414,120
2023-10-25,1018,124,85,96,40,39,56,0.6854838709677419,0.4166666666666667,125
2023-10-26,1018,124,78,77,49,46,28,0.6290322580645161,0.6363636363636364,127
2023-10-27,1018,138,80,84,44,58,40,0.5797101449275363,0.5238095238095238,124
2023-10-28,1018,108,61,77,48,47,29,0.5648148148148148,0.6233766233766234,109
2023-10-29,1018,125,78,65,41,47,24,0.624,0.6307692307692307,119
2023-10-30,1018,112,82,55,37,30,18,0.7321428571428571,0.6727272727272727,119
2023-10-31,1018,102,69,53,31,33,22,0.6764705882352942,0.5849056603773585,100
2023-11-01,1018,113,84,71,52,29,19,0.7433628318584071,0.7323943661971831,136
2023-11-02,1018,132,75,89,45,57,44,0.5681818181818182,0.5056179775280899,120
2023-11-03,1018,113,94,74,54,19,20,0.831858407079646,0.7297297297297297,148
2023-11-04,1018,124,85,99,26,39,73,0.6854838709677419,0.26262626262626265,111
2023-11-05,1018,138,82,86,41,56,45,0.5942028985507246,0.47674418604651164,123
2023-11-06,1018,118,81,55,38,37,17,0.6864406779661016,0.6909090909090909,119
2023-11-07,1018,119,73,87,42,46,45,0.6134453781512605,0.4827586206896552,115
2023-11-08,1018,148,75,75,38,73,37,0.5067567567567568,0.5066666666666667,113
2023-11-09,1018,116,75,92,40,41,52,0.646551724137931,0.43478260869565216,115
2023-11-10,1018,125,82,80,31,43,49,0.656,0.3875,113
2023-11-11,1018,101,79,76,33,22,43,0.7821782178217822,0.4342105263157895,112
2023-11-12,1018,124,103,93,35,21,58,0.8306451612903226,0.3763440860215054,138
2023-11-13,1018,139,85,96,39,54,57,0.6115107913669064,0.40625,124
2023-11-14,1018,117,75,76,34,42,42,0.6410256410256411,0.4473684210526316,109
2023-11-15,1018,148,84,98,35,64,63,0.5675675675675675,0.35714285714285715,119
2023-11-16,1018,106,82,60,52,24,8,0.7735849056603774,0.8666666666666667,134
2023-11-17,1018,128,73,75,46,55,29,0.5703125,0.6133333333333333,119
2023-11-18,1018,106,85,98,39,21,59,0.8018867924528302,0.3979591836734694,124
2023-11-19,1018,149,85,100,38,64,62,0.5704697986577181,0.38,123
2023-11-20,1018,101,56,52,42,45,10,0.5544554455445545,0.8076923076923077,98
2023-11-21,1018,115,93,75,36,22,39,0.808695652173913,0.48,129
2023-11-22,1018,114,85,77,45,29,32,0.7456140350877193,0.5844155844155844,130
2023-11-23,1018,110,91,64,37,19,27,0.8272727272727273,0.578125,128
2023-11-24,1018,121,66,84,43,55,41,0.5454545454545454,0.5119047619047619,109
2023-11-25,1018,102,79,53,43,23,10,0.7745098039215687,0.8113207547169812,122
2023-11-26,1018,112,84,95,40,28,55,0.75,0.42105263157894735,124
2023-11-27,1018,138,75,79,41,63,38,0.5434782608695652,0.5189873417721519,116
2023-11-28,1018,148,80,87,39,68,48,0.5405405405405406,0.4482758620689655,119
2023-11-29,1018,135,74,80,38,61,42,0.5481481481481482,0.475,112
2023-11-30,1018,112,67,84,54,45,30,0.5982142857142857,0.6428571428571429,121
2023-12-01,1018,112,87,55,35,25,20,0.7767857142857143,0.6363636363636364,122
2023-12-02,1018,119,63,59,55,56,4,0.5294117647058824,0.9322033898305084,118
2023-12-03,1018,133,100,74,48,33,26,0.7518796992481203,0.6486486486486487,148
2023-12-04,1018,107,79,77,38,28,39,0.7383177570093458,0.4935064935064935,117
2023-12-05,1018,128,72,92,54,56,38,0.5625,0.5869565217391305,126
2023-12-06,1018,132,89,53,44,43,9,0.6742424242424242,0.8301886792452831,133
2023-12-07,1018,109,87,79,50,22,29,0.7981651376146789,0.6329113924050633,137
2023-12-08,1018,143,85,94,41,58,53,0.5944055944055944,0.43617021276595747,126
2023-12-09,1018,139,65,54,46,74,8,0.4676258992805755,0.8518518518518519,111
2023-12-10,1018,145,82,53,36,63,17,0.5655172413793104,0.6792452830188679,118
2023-12-11,1018,134,74,92,45,60,47,0.5522388059701493,0.4891304347826087,119
2023-12-12,1018,115,76,81,41,39,40,0.6608695652173913,0.5061728395061729,117
2023-12-13,1018,135,72,77,44,63,33,0.5333333333333333,0.5714285714285714,116
2023-12-14,1018,127,76,89,30,51,59,0.5984251968503937,0.33707865168539325,106
2023-12-15,1018,139,69,91,39,70,52,0.49640287769784175,0.42857142857142855,108
2023-12-16,1018,122,89,93,45,33,48,0.7295081967213115,0.4838709677419355,134
2023-12-17,1018,127,74,84,44,53,40,0.5826771653543307,0.5238095238095238,118
2023-12-18,1018,133,82,97,35,51,62,0.6165413533834586,0.36082474226804123,117
2023-12-19,1018,144,94,97,30,50,67,0.6527777777777778,0.30927835051546393,124
2023-12-20,1018,104,101,72,32,3,40,0.9711538461538461,0.4444444444444444,133
2023-12-21,1018,128,98,59,27,30,32,0.765625,0.4576271186440678,125
2023-12-22,1018,110,72,69,36,38,33,0.6545454545454545,0.5217391304347826,108
2023-12-23,1018,106,84,100,46,22,54,0.7924528301886793,0.46,130
2023-12-24,1018,133,89,99,48,44,51,0.6691729323308271,0.48484848484848486,137
2023-12-25,1018,118,83,78,51,35,27,0.7033898305084746,0.6538461538461539,134
2023-12-26,1018,120,66,77,41,54,36,0.55,0.5324675324675324,107
2023-12-27,1018,103,75,53,45,28,8,0.7281553398058253,0.8490566037735849,120
2023-12-28,1018,143,95,86,40,48,46,0.6643356643356644,0.46511627906976744,135
2023-12-29,1018,100,90,76,42,10,34,0.9,0.5526315789473685,132
2023-12-30,1018,128,61,97,36,67,61,0.4765625,0.3711340206185567,97
2023-12-31,1018,127,76,90,49,51,41,0.5984251968503937,0.5444444444444444,125
2023-01-01,1019,107,84,78,36,23,42,0.7850467289719626,0.46153846153846156,120
2023-01-02,1019,108,97,58,39,11,19,0.8981481481481481,0.6724137931034483,136
2023-01-03,1019,118,65,69,37,53,32,0.5508474576271186,0.5362318840579711,102
2023-01-04,1019,100,92,92,42,8,50,0.92,0.45652173913043476,134
2023-01-05,1019,146,88,85,40,58,45,0.6027397260273972,0.47058823529411764,128
2023-01-06,1019,123,86,81,45,37,36,0.6991869918699187,0.5555555555555556,131
2023-01-07,1019,137,72,99,52,65,47,0.5255474452554745,0.5252525252525253,124
2023-01-08,1019,118,73,74,37,45,37,0.6186440677966102,0.5,110
2023-01-09,1019,110,72,74,31,38,43,0.6545454545454545,0.4189189189189189,103
2023-01-10,1019,100,80,89,36,20,53,0.8,0.4044943820224719,116
2023-01-11,1019,147,82,81,41,65,40,0.5578231292517006,0.5061728395061729,123
2023-01-12,1019,112,79,55,49,33,6,0.7053571428571429,0.8909090909090909,128
2023-01-13,1019,108,66,90,43,42,47,0.6111111111111112,0.4777777777777778,109
2023-01-14,1019,127,80,59,33,47,26,0.6299212598425197,0.559322033898305,113
2023-01-15,1019,110,78,70,42,32,28,0.7090909090909091,0.6,120
2023-01-16,1019,124,85,92,39,39,53,0.6854838709677419,0.42391304347826086,124
2023-01-17,1019,126,92,60,40,34,20,0.7301587301587301,0.6666666666666666,132
2023-01-18,1019,131,86,83,40,45,43,0.6564885496183206,0.4819277108433735,126
2023-01-19,1019,120,75,76,35,45,41,0.625,0.4605263157894737,110
2023-01-20,1019,117,89,78,44,28,34,0.7606837606837606,0.5641025641025641,133
2023-01-21,1019,109,68,78,42,41,36,0.6238532110091743,0.5384615384615384,110
2023-01-22,1019,126,93,80,41,33,39,0.7380952380952381,0.5125,134
2023-01-23,1019,142,83,52,39,59,13,0.5845070422535211,0.75,122
2023-01-24,1019,107,76,52,44,31,8,0.7102803738317757,0.8461538461538461,120
2023-01-25,1019,114,81,66,43,33,23,0.7105263157894737,0.6515151515151515,124
2023-01-26,1019,115,69,85,33,46,52,0.6,0.38823529411764707,102
2023-01-27,1019,110,75,55,49,35,6,0.6818181818181818,0.8909090909090909,124
2023-01-28,1019,114,78,50,42,36,8,0.6842105263157895,0.84,120
2023-01-29,1019,124,84,59,41,40,18,0.6774193548387096,0.6949152542372882,125
2023-01-30,1019,108,64,93,50,44,43,0.5925925925925926,0.5376344086021505,114
2023-01-31,1019,109,75,97,33,34,64,0.6880733944954128,0.3402061855670103,108
2023-02-01,1019,145,71,71,37,74,34,0.4896551724137931,0.5211267605633803,108
2023-02-02,1019,135,80,96,42,55,54,0.5925925925925926,0.4375,122
2023-02-03,1019,109,87,69,41,22,28,0.7981651376146789,0.5942028985507246,128
2023-02-04,1019,133,89,73,44,44,29,0.6691729323308271,0.6027397260273972,133
2023-02-05,1019,144,95,88,43,49,45,0.6597222222222222,0.48863636363636365,138
2023-02-06,1019,118,74,97,47,44,50,0.6271186440677966,0.4845360824742268,121
2023-02-07,1019,129,72,95,47,57,48,0.5581395348837209,0.49473684210526314,119
2023-02-08,1019,141,89,78,35,52,43,0.6312056737588653,0.44871794871794873,124
2023-02-09,1019,130,70,81,39,60,42,0.5384615384615384,0.48148148148148145,109
2023-02-10,1019,100,92,94,38,8,56,0.92,0.40425531914893614,130
2023-02-11,1019,148,76,64,28,72,36,0.5135135135135135,0.4375,104
2023-02-12,1019,133,74,96,38,59,58,0.556390977443609,0.3958333333333333,112
2023-02-13,1019,124,79,85,50,45,35,0.6370967741935484,0.5882352941176471,129
2023-02-14,1019,121,74,59,33,47,26,0.6115702479338843,0.559322033898305,107
2023-02-15,1019,117,75,82,34,42,48,0.6410256410256411,0.4146341463414634,109
2023-02-16,1019,107,82,68,38,25,30,0.7663551401869159,0.5588235294117647,120
2023-02-17,1019,143,76,57,42,67,15,0.5314685314685315,0.7368421052631579,118
2023-02-18,1019,107,88,76,30,19,46,0.822429906542056,0.39473684210526316,118
2023-02-19,1019,105,79,99,33,26,66,0.7523809523809524,0.3333333333333333,112
2023-02-20,1019,114,82,72,40,32,32,0.7192982456140351,0.5555555555555556,122
2023-02-21,1019,112,72,92,41,40,51,0.6428571428571429,0.44565217391304346,113
2023-02-22,1019,148,80,76,40,68,36,0.5405405405405406,0.5263157894736842,120
2023-02-23,1019,115,100,66,33,15,33,0.8695652173913043,0.5,133
2023-02-24,1019,139,77,50,41,62,9,0.5539568345323741,0.82,118
2023-02-25,1019,132,89,78,41,43,37,0.6742424242424242,0.5256410256410257,130
2023-02-26,1019,101,73,93,35,28,58,0.7227722772277227,0.3763440860215054,108
2023-02-27,1019,141,77,70,48,64,22,0.5460992907801419,0.6857142857142857,125
2023-02-28,1019,120,79,91,31,41,60,0.6583333333333333,0.34065934065934067,110
2023-03-01,1019,134,86,57,34,48,23,0.6417910447761194,0.5964912280701754,120
2023-03-02,1019,140,88,62,40,52,22,0.6285714285714286,0.6451612903225806,128
2023-03-03,1019,109,80,84,37,29,47,0.7339449541284404,0.44047619047619047,117
2023-03-04,1019,120,84,84,49,36,35,0.7,0.5833333333333334,133
2023-03-05,1019,101,83,89,44,18,45,0.8217821782178217,0.4943820224719101,127
2023-03-06,1019,100,74,58,27,26,31,0.74,0.46551724137931033,101
2023-03-07,1019,102,68,74,51,34,23,0.6666666666666666,0.6891891891891891,119
2023-03-08,1019,113,93,70,43,20,27,0.8230088495575221,0.6142857142857143,136
2023-03-09,1019,149,73,50,32,76,18,0.4899328859060403,0.64,105
2023-03-10,1019,136,94,84,39,42,45,0.6911764705882353,0.4642857142857143,133
2023-03-11,1019,101,89,64,40,12,24,0.8811881188118812,0.625,129
2023-03-12,1019,119,85,76,46,34,30,0.7142857142857143,0.6052631578947368,131
2023-03-13,1019,141,93,81,39,48,42,0.6595744680851063,0.48148148148148145,132
2023-03-14,1019,130,84,95,47,46,48,0.6461538461538462,0.49473684210526314,131
2023-03-15,1019,149,95,73,33,54,40,0.6375838926174496,0.4520547945205479,128
2023-03-16,1019,100,82,83,39,18,44,0.82,0.46987951807228917,121
2023-03-17,1019,142,74,88,37,68,51,0.5211267605633803,0.42045454545454547,111
2023-03-18,1019,121,70,66,36,51,30,0.5785123966942148,0.5454545454545454,106
2023-03-19,1019,117,79,52,44,38,8,0.6752136752136753,0.8461538461538461,123
2023-03-20,1019,120,70,72,46,50,26,0.5833333333333334,0.6388888888888888,116
2023-03-21,1019,129,71,93,37,58,56,0.5503875968992248,0.3978494623655914,108
2023-03-22,1019,126,74,55,48,52,7,0.5873015873015873,0.8727272727272727,122
2023-03-23,1019,142,71,76,31,71,45,0.5,0.40789473684210525,102
2023-03-24,1019,141,86,58,40,55,18,0.6099290780141844,0.6896551724137931,126
2023-03-25,1019,120,67,63,41,53,22,0.5583333333333333,0.6507936507936508,108
2023-03-26,1019,124,74,72,53,50,19,0.5967741935483871,0.7361111111111112,127
2023-03-27,1019,122,75,95,46,47,49,0.6147540983606558,0.4842105263157895,121
2023-03-28,1019,133,86,71,48,47,23,0.6466165413533834,0.676056338028169,134
2023-03-29,1019,143,73,95,29,70,66,0.5104895104895105,0.30526315789473685,102
2023-03-30,1019,106,86,79,39,20,40,0.8113207547169812,0.4936708860759494,125
2023-03-31,1019,120,88,95,49,32,46,0.7333333333333333,0.5157894736842106,137
2023-04-01,1019,109,70,72,53,39,19,0.6422018348623854,0.7361111111111112,123
2023-04-02,1019,114,90,61,32,24,29,0.7894736842105263,0.5245901639344263,122
2023-04-03,1019,142,69,64,41,73,23,0.4859154929577465,0.640625,110
2023-04-04,1019,131,83,74,33,48,41,0.6335877862595419,0.44594594594594594,116
2023-04-05,1019,122,84,51,50,38,1,0.6885245901639344,0.9803921568627451,134
2023-04-06,1019,121,79,93,40,42,53,0.6528925619834711,0.43010752688172044,119
2023-04-07,1019,109,76,82,34,33,48,0.6972477064220184,0.4146341463414634,110
2023-04-08,1019,149,85,76,40,64,36,0.5704697986577181,0.5263157894736842,125
2023-04-09,1019,128,64,81,47,64,34,0.5,0.5802469135802469,111
2023-04-10,1019,147,73,72,52,74,20,0.4965986394557823,0.7222222222222222,125
2023-04-11,1019,117,74,74,39,43,35,0.6324786324786325,0.527027027027027,113
2023-04-12,1019,141,77,90,36,64,54,0.5460992907801419,0.4,113
2023-04-13,1019,126,84,99,35,42,64,0.6666666666666666,0.35353535353535354,119
2023-04-14,1019,103,75,99,33,28,66,0.7281553398058253,0.3333333333333333,108
2023-04-15,1019,130,79,70,43,51,27,0.6076923076923076,0.6142857142857143,122
2023-04-16,1019,124,76,51,33,48,18,0.6129032258064516,0.6470588235294118,109
2023-04-17,1019,132,100,65,41,32,24,0.7575757575757576,0.6307692307692307,141
2023-04-18,1019,143,82,82,59,61,23,0.5734265734265734,0.7195121951219512,141
2023-04-19,1019,121,78,86,38,43,48,0.6446280991735537,0.4418604651162791,116
2023-04-20,1019,117,78,68,41,39,27,0.6666666666666666,0.6029411764705882,119
2023-04-21,1019,105,82,78,36,23,42,0.780952380952381,0.46153846153846156,118
2023-04-22,1019,121,88,94,39,33,55,0.7272727272727273,0.4148936170212766,127
2023-04-23,1019,136,86,93,44,50,49,0.6323529411764706,0.4731182795698925,130
2023-04-24,1019,150,69,97,41,81,56,0.46,0.422680412371134,110
2023-04-25,1019,102,79,95,45,23,50,0.7745098039215687,0.47368421052631576,124
2023-04-26,1019,120,87,90,30,33,60,0.725,0.3333333333333333,117
2023-04-27,1019,127,81,93,38,46,55,0.6377952755905512,0.40860215053763443,119
2023-04-28,1019,105,82,76,50,23,26,0.780952380952381,0.6578947368421053,132
2023-04-29,1019,146,70,72,39,76,33,0.4794520547945205,0.5416666666666666,109
2023-04-30,1019,141,93,70,32,48,38,0.6595744680851063,0.45714285714285713,125
2023-05-01,1019,111,82,55,44,29,11,0.7387387387387387,0.8,126
2023-05-02,1019,129,63,81,34,66,47,0.4883720930232558,0.41975308641975306,97
2023-05-03,1019,111,74,79,50,37,29,0.6666666666666666,0.6329113924050633,124
2023-05-04,1019,115,87,83,34,28,49,0.7565217391304347,0.40963855421686746,121
2023-05-05,1019,127,81,73,43,46,30,0.6377952755905512,0.589041095890411,124
2023-05-06,1019,111,78,50,33,33,17,0.7027027027027027,0.66,111
2023-05-07,1019,144,88,77,36,56,41,0.6111111111111112,0.4675324675324675,124
2023-05-08,1019,103,91,93,32,12,61,0.883495145631068,0.34408602150537637,123
2023-05-09,1019,115,93,95,51,22,44,0.808695652173913,0.5368421052631579,144
2023-05-10,1019,104,84,63,30,20,33,0.8076923076923077,0.47619047619047616,114
2023-05-11,1019,150,70,73,42,80,31,0.4666666666666667,0.5753424657534246,112
2023-05-12,1019,108,99,91,45,9,46,0.9166666666666666,0.4945054945054945,144
2023-05-13,1019,139,86,52,37,53,15,0.6187050359712231,0.7115384615384616,123
2023-05-14,1019,119,63,92,40,56,52,0.5294117647058824,0.43478260869565216,103
2023-05-15,1019,104,74,60,53,30,7,0.7115384615384616,0.8833333333333333,127
2023-05-16,1019,130,71,92,39,59,53,0.5461538461538461,0.42391304347826086,110
2023-05-17,1019,109,78,77,36,31,41,0.7155963302752294,0.4675324675324675,114
2023-05-18,1019,130,77,67,44,53,23,0.5923076923076923,0.6567164179104478,121
2023-05-19,1019,101,75,76,49,26,27,0.7425742574257426,0.6447368421052632,124
2023-05-20,1019,111,77,99,39,34,60,0.6936936936936937,0.3939393939393939,116
2023-05-21,1019,130,80,95,51,50,44,0.6153846153846154,0.5368421052631579,131
2023-05-22,1019,143,67,52,40,76,12,0.46853146853146854,0.7692307692307693,107
2023-05-23,1019,123,85,90,43,38,47,0.6910569105691057,0.4777777777777778,128
2023-05-24,1019,138,86,59,34,52,25,0.6231884057971014,0.576271186440678,120
2023-05-25,1019,136,80,65,40,56,25,0.5882352941176471,0.6153846153846154,120
2023-05-26,1019,109,75,95,38,34,57,0.6880733944954128,0.4,113
2023-05-27,1019,135,80,84,38,55,46,0.5925925925925926,0.4523809523809524,118
2023-05-28,1019,103,74,57,36,29,21,0.7184466019417476,0.631578947368421,110
2023-05-29,1019,140,80,91,46,60,45,0.5714285714285714,0.5054945054945055,126
2023-05-30,1019,101,72,75,45,29,30,0.7128712871287128,0.6,117
2023-05-31,1019,100,75,82,38,25,44,0.75,0.4634146341463415,113
2023-06-01,1019,147,79,78,37,68,41,0.5374149659863946,0.47435897435897434,116
2023-06-02,1019,128,78,100,59,50,41,0.609375,0.59,137
2023-06-03,1019,108,81,90,36,27,54,0.75,0.4,117
2023-06-04,1019,109,86,94,37,23,57,0.7889908256880734,0.39361702127659576,123
2023-06-05,1019,103,84,59,43,19,16,0.8155339805825242,0.7288135593220338,127
2023-06-06,1019,139,78,50,31,61,19,0.5611510791366906,0.62,109
2023-06-07,1019,133,79,50,35,54,15,0.5939849624060151,0.7,114
2023-06-08,1019,143,82,59,51,61,8,0.5734265734265734,0.864406779661017,133
2023-06-09,1019,101,82,63,45,19,18,0.8118811881188119,0.7142857142857143,127
2023-06-10,1019,127,73,84,36,54,48,0.5748031496062992,0.42857142857142855,109
2023-06-11,1019,142,99,96,40,43,56,0.6971830985915493,0.4166666666666667,139
2023-06-12,1019,100,78,89,39,22,50,0.78,0.43820224719101125,117
2023-06-13,1019,106,75,87,38,31,49,0.7075471698113207,0.4367816091954023,113
2023-06-14,1019,128,80,82,30,48,52,0.625,0.36585365853658536,110
2023-06-15,1019,129,69,90,45,60,45,0.5348837209302325,0.5,114
2023-06-16,1019,127,89,85,40,38,45,0.7007874015748031,0.47058823529411764,129
2023-06-17,1019,123,92,80,36,31,44,0.7479674796747967,0.45,128
2023-06-18,1019,120,83,52,27,37,25,0.6916666666666667,0.5192307692307693,110
2023-06-19,1019,122,70,96,29,52,67,0.5737704918032787,0.3020833333333333,99
2023-06-20,1019,129,96,100,42,33,58,0.7441860465116279,0.42,138
2023-06-21,1019,126,77,53,47,49,6,0.6111111111111112,0.8867924528301887,124
2023-06-22,1019,119,88,94,33,31,61,0.7394957983193278,0.35106382978723405,121
2023-06-23,1019,107,78,90,41,29,49,0.7289719626168224,0.45555555555555555,119
2023-06-24,1019,142,83,54,28,59,26,0.5845070422535211,0.5185185185185185,111
2023-06-25,1019,138,92,82,53,46,29,0.6666666666666666,0.6463414634146342,145
2023-06-26,1019,107,76,85,50,31,35,0.7102803738317757,0.5882352941176471,126
2023-06-27,1019,103,67,65,44,36,21,0.6504854368932039,0.676923076923077,111
2023-06-28,1019,148,84,58,40,64,18,0.5675675675675675,0.6896551724137931,124
2023-06-29,1019,109,76,65,32,33,33,0.6972477064220184,0.49230769230769234,108
2023-06-30,1019,147,83,89,41,64,48,0.564625850340136,0.4606741573033708,124
2023-07-01,1019,123,80,100,39,43,61,0.6504065040650406,0.39,119
2023-07-02,1019,124,91,97,40,33,57,0.7338709677419355,0.41237113402061853,131
2023-07-03,1019,106,74,79,40,32,39,0.6981132075471698,0.5063291139240507,114
2023-07-04,1019,128,71,57,37,57,20,0.5546875,0.6491228070175439,108
2023-07-05,1019,124,85,51,38,39,13,0.6854838709677419,0.7450980392156863,123
2023-07-06,1019,107,89,74,44,18,30,0.8317757009345794,0.5945945945945946,133
2023-07-07,1019,123,75,88,36,48,52,0.6097560975609756,0.4090909090909091,111
2023-07-08,1019,102,77,83,42,25,41,0.7549019607843137,0.5060240963855421,119
2023-07-09,1019,148,61,73,36,87,37,0.41216216216216217,0.4931506849315068,97
2023-07-10,1019,101,80,77,32,21,45,0.7920792079207921,0.4155844155844156,112
2023-07-11,1019,146,82,72,30,64,42,0.5616438356164384,0.4166666666666667,112
2023-07-12,1019,127,95,69,39,32,30,0.7480314960629921,0.5652173913043478,134
2023-07-13,1019,113,79,66,35,34,31,0.6991150442477876,0.5303030303030303,114
2023-07-14,1019,122,80,91,33,42,58,0.6557377049180327,0.3626373626373626,113
2023-07-15,1019,100,96,50,44,4,6,0.96,0.88,140
2023-07-16,1019,124,70,99,39,54,60,0.5645161290322581,0.3939393939393939,109
2023-07-17,1019,109,77,93,39,32,54,0.7064220183486238,0.41935483870967744,116
2023-07-18,1019,136,74,50,33,62,17,0.5441176470588235,0.66,107
2023-07-19,1019,120,79,52,52,41,0,0.6583333333333333,1,131
2023-07-20,1019,125,73,95,49,52,46,0.584,0.5157894736842106,122
2023-07-21,1019,105,81,66,38,24,28,0.7714285714285715,0.5757575757575758,119
2023-07-22,1019,105,72,83,51,33,32,0.6857142857142857,0.6144578313253012,123
2023-07-23,1019,145,94,75,27,51,48,0.6482758620689655,0.36,121
2023-07-24,1019,130,69,93,48,61,45,0.5307692307692308,0.5161290322580645,117
2023-07-25,1019,139,73,99,52,66,47,0.5251798561151079,0.5252525252525253,125
2023-07-26,1019,102,78,84,38,24,46,0.7647058823529411,0.4523809523809524,116
2023-07-27,1019,133,89,71,38,44,33,0.6691729323308271,0.5352112676056338,127
2023-07-28,1019,147,87,95,34,60,61,0.5918367346938775,0.35789473684210527,121
2023-07-29,1019,110,87,56,33,23,23,0.7909090909090909,0.5892857142857143,120
2023-07-30,1019,119,70,73,44,49,29,0.5882352941176471,0.6027397260273972,114
2023-07-31,1019,140,71,83,45,69,38,0.5071428571428571,0.54216867469879515,116
2023-08-01,1019,133,73,85,42,60,43,0.5488721804511278,0.49411764705882355,115
2023-08-02,1019,111,88,78,30,23,48,0.7927927927927928,0.38461538461538464,118
2023-08-03,1019,117,82,57,44,35,13,0.7008547008547008,0.7719298245614035,126
2023-08-04,1019,117,94,100,38,23,62,0.8034188034188035,0.38,132
2023-08-05,1019,144,80,99,35,64,64,0.5555555555555556,0.35353535353535354,115
2023-08-06,1019,150,85,60,27,65,33,0.5666666666666667,0.45,112
2023-08-07,1019,145,82,67,42,63,25,0.5655172413793104,0.6268656716417911,124
2023-08-08,1019,132,87,52,38,45,14,0.6590909090909091,0.7307692307692307,125
2023-08-09,1019,147,71,57,49,76,8,0.48299319727891155,0.8596491228070176,120
2023-08-10,1019,112,84,86,34,28,52,0.75,0.3953488372093023,118
2023-08-11,1019,139,87,91,40,52,51,0.6258992805755396,0.43956043956043955,127
2023-08-12,1019,137,80,63,41,57,22,0.583941605839416,0.6507936507936508,121
2023-08-13,1019,144,74,87,53,70,34,0.5138888888888888,0.6091954022988506,127
2023-08-14,1019,107,75,91,32,32,59,0.7009345794392523,0.3516483516483517,107
2023-08-15,1019,141,87,51,41,54,10,0.6170212765957447,0.803921568627451,128
2023-08-16,1019,145,89,57,46,56,11,0.6137931034482759,0.8070175438596491,135
2023-08-17,1019,129,67,97,45,62,52,0.5193798449612403,0.4639175257731959,112
2023-08-18,1019,137,64,72,39,73,33,0.46715328467153283,0.5416666666666666,103
2023-08-19,1019,137,82,84,37,55,47,0.5985401459854015,0.44047619047619047,119
2023-08-20,1019,121,60,70,58,61,12,0.49586776859504134,0.8285714285714286,118
2023-08-21,1019,145,79,82,36,66,46,0.5448275862068965,0.43902439024390244,115
2023-08-22,1019,118,86,79,40,32,39,0.7288135593220338,0.5063291139240507,126
2023-08-23,1019,127,84,82,39,43,43,0.6614173228346457,0.47560975609756095,123
2023-08-24,1019,103,86,75,39,17,36,0.8349514563106796,0.52,125
2023-08-25,1019,140,85,62,48,55,14,0.6071428571428571,0.7741935483870968,133
2023-08-26,1019,115,101,83,42,14,41,0.8782608695652174,0.5060240963855421,143
2023-08-27,1019,103,78,58,39,25,19,0.7572815533980582,0.6724137931034483,117
2023-08-28,1019,107,80,75,47,27,28,0.7476635514018691,0.6266666666666667,127
2023-08-29,1019,128,87,50,46,41,4,0.6796875,0.92,133
2023-08-30,1019,130,89,86,37,41,49,0.6846153846153846,0.43023255813953487,126
2023-08-31,1019,118,84,89,43,34,46,0.711864406779661,0.48314606741573035,127
2023-09-01,1019,138,76,51,42,62,9,0.5507246376811594,0.8235294117647058,118
2023-09-02,1019,113,75,68,34,38,34,0.6637168141592921,0.5,109
2023-09-03,1019,129,83,99,30,46,69,0.6434108527131783,0.30303030303030304,113
2023-09-04,1019,146,81,52,29,65,23,0.5547945205479452,0.5576923076923077,110
2023-09-05,1019,121,71,73,39,50,34,0.5867768595041323,0.5342465753424658,110
2023-09-06,1019,142,83,61,52,59,9,0.5845070422535211,0.8524590163934426,135
2023-09-07,1019,142,76,82,37,66,45,0.5352112676056338,0.45121951219512196,113
2023-09-08,1019,133,91,79,28,42,51,0.6842105263157895,0.35443037974683544,119
2023-09-09,1019,140,79,51,29,61,22,0.5642857142857143,0.5686274509803921,108
2023-09-10,1019,147,71,93,43,76,50,0.48299319727891155,0.46236559139784944,114
2023-09-11,1019,119,76,72,39,43,33,0.6386554621848739,0.5416666666666666,115
2023-09-12,1019,120,90,99,48,30,51,0.75,0.48484848484848486,138
2023-09-13,1019,118,86,88,42,32,46,0.7288135593220338,0.4772727272727273,128
2023-09-14,1019,100,95,79,52,5,27,0.95,0.6582278481012658,147
2023-09-15,1019,117,91,67,30,26,37,0.7777777777777778,0.44776119402985076,121
2023-09-16,1019,101,82,52,34,19,18,0.8118811881188119,0.6538461538461539,116
2023-09-17,1019,124,86,56,42,38,14,0.6935483870967742,0.75,128
2023-09-18,1019,104,80,59,33,24,26,0.7692307692307693,0.559322033898305,113
2023-09-19,1019,117,102,59,41,15,18,0.8717948717948718,0.6949152542372882,143
2023-09-20,1019,114,66,71,34,48,37,0.5789473684210527,0.4788732394366197,100
2023-09-21,1019,110,78,85,35,32,50,0.7090909090909091,0.4117647058823529,113
2023-09-22,1019,126,75,60,46,51,14,0.5952380952380952,0.7666666666666667,121
2023-09-23,1019,132,81,68,47,51,21,0.6136363636363636,0.6911764705882353,128
2023-09-24,1019,136,77,83,34,59,49,0.5661764705882353,0.40963855421686746,111
2023-09-25,1019,121,76,94,33,45,61,0.628099173553719,0.35106382978723405,109
2023-09-26,1019,135,65,55,43,70,12,0.48148148148148145,0.7818181818181819,108
2023-09-27,1019,142,72,71,43,70,28,0.5070422535211268,0.6056338028169014,115
2023-09-28,1019,150,83,97,41,67,56,0.5533333333333333,0.422680412371134,124
2023-09-29,1019,132,82,60,47,50,13,0.6212121212121212,0.7833333333333333,129
2023-09-30,1019,105,81,92,43,24,49,0.7714285714285715,0.4673913043478261,124
2023-10-01,1019,122,87,61,49,35,12,0.7131147540983607,0.8032786885245902,136
2023-10-02,1019,102,83,58,36,19,22,0.8137254901960784,0.6206896551724138,119
2023-10-03,1019,137,77,60,36,60,24,0.5620437956204379,0.6,113
2023-10-04,1019,139,71,89,60,68,29,0.5107913669064749,0.6741573033707865,131
2023-10-05,1019,111,76,65,43,35,22,0.6846846846846847,0.6615384615384615,119
2023-10-06,1019,137,93,92,39,44,53,0.6788321167883211,0.42391304347826086,132
2023-10-07,1019,148,82,68,45,66,23,0.5540540540540541,0.6617647058823529,127
2023-10-08,1019,107,82,52,49,25,3,0.7663551401869159,0.9423076923076923,131
2023-10-09,1019,120,88,71,36,32,35,0.7333333333333333,0.5070422535211268,124
2023-10-10,1019,150,81,66,39,69,27,0.54,0.5909090909090909,120
2023-10-11,1019,103,89,96,39,14,57,0.8640776699029126,0.40625,128
2023-10-12,1019,113,88,91,38,25,53,0.7787610619469026,0.4175824175824176,126
2023-10-13,1019,117,81,100,62,36,38,0.6923076923076923,0.62,143
2023-10-14,1019,118,97,51,40,21,11,0.8220338983050848,0.7843137254901961,137
2023-10-15,1019,117,72,62,40,45,22,0.6153846153846154,0.6451612903225806,112
2023-10-16,1019,142,84,94,54,58,40,0.5915492957746479,0.574468085106383,138
2023-10-17,1019,130,95,81,45,35,36,0.7307692307692307,0.5555555555555556,140
2023-10-18,1019,137,86,60,52,51,8,0.6277372262773723,0.8666666666666667,138
2023-10-19,1019,140,92,81,37,48,44,0.6571428571428571,0.4567901234567901,129
2023-10-20,1019,141,66,89,46,75,43,0.46808510638297873,0.5168539325842697,112
2023-10-21,1019,143,65,74,35,78,39,0.45454545454545453,0.47297297297297297,100
2023-10-22,1019,114,68,83,40,46,43,0.5964912280701754,0.4819277108433735,108
2023-10-23,1019,138,82,67,37,56,30,0.5942028985507246,0.5522388059701493,119
2023-10-24,1019,144,72,79,42,72,37,0.5,0.5316455696202531,114
2023-10-25,1019,147,86,98,28,61,70,0.5850340136054422,0.2857142857142857,114
2023-10-26,1019,123,86,68,38,37,30,0.6991869918699187,0.5588235294117647,124
2023-10-27,1019,126,75,79,34,51,45,0.5952380952380952,0.43037974683544306,109
2023-10-28,1019,113,63,89,48,50,41,0.5575221238938053,0.5393258426966292,111
2023-10-29,1019,120,75,82,36,45,46,0.625,0.43902439024390244,111
2023-10-30,1019,135,81,98,41,54,57,0.6,0.41836734693877553,122
2023-10-31,1019,122,67,55,35,55,20,0.5491803278688525,0.6363636363636364,102
2023-11-01,1019,135,74,100,41,61,59,0.5481481481481482,0.41,115
2023-11-02,1019,148,75,93,47,73,46,0.5067567567567568,0.5053763440860215,122
2023-11-03,1019,118,77,81,39,41,42,0.652542372881356,0.48148148148148145,116
2023-11-04,1019,129,91,93,44,38,49,0.7054263565891473,0.4731182795698925,135
2023-11-05,1019,136,72,61,36,64,25,0.5294117647058824,0.5901639344262295,108
2023-11-06,1019,117,90,54,32,27,22,0.7692307692307693,0.5925925925925926,122
2023-11-07,1019,128,82,100,39,46,61,0.640625,0.39,121
2023-11-08,1019,137,80,94,43,57,51,0.583941605839416,0.4574468085106383,123
2023-11-09,1019,136,82,90,41,54,49,0.6029411764705882,0.45555555555555555,123
2023-11-10,1019,136,85,70,44,51,26,0.625,0.6285714285714286,129
2023-11-11,1019,147,83,73,39,64,34,0.564625850340136,0.5342465753424658,122
2023-11-12,1019,132,89,83,47,43,36,0.6742424242424242,0.5662650602409639,136
2023-11-13,1019,148,81,62,42,67,20,0.5472972972972973,0.6774193548387096,123
2023-11-14,1019,144,86,95,57,58,38,0.5972222222222222,0.6,143
2023-11-15,1019,106,67,66,40,39,26,0.6320754716981132,0.6060606060606061,107
2023-11-16,1019,144,84,61,37,60,24,0.5833333333333334,0.6065573770491803,121
2023-11-17,1019,114,80,96,36,34,60,0.7017543859649122,0.375,116
2023-11-18,1019,126,80,85,36,46,49,0.6349206349206349,0.4235294117647059,116
2023-11-19,1019,120,78,50,37,42,13,0.65,0.74,115
2023-11-20,1019,131,81,77,38,50,39,0.6183206106870229,0.4935064935064935,119
2023-11-21,1019,105,102,71,32,3,39,0.9714285714285714,0.4507042253521127,134
2023-11-22,1019,115,70,93,47,45,46,0.6086956521739131,0.5053763440860215,117
2023-11-23,1019,139,82,89,41,57,48,0.5899280575539568,0.4606741573033708,123
2023-11-24,1019,136,82,86,36,54,50,0.6029411764705882,0.4186046511627907,118
2023-11-25,1019,105,88,70,36,17,34,0.8380952380952381,0.5142857142857142,124
2023-11-26,1019,134,71,94,40,63,54,0.5298507462686567,0.425531914893617,111
2023-11-27,1019,132,68,50,38,64,12,0.5151515151515151,0.76,106
2023-11-28,1019,123,83,82,36,40,46,0.6747967479674797,0.43902439024390244,119
2023-11-29,1019,146,78,52,46,68,6,0.5342465753424658,0.8846153846153846,124
2023-11-30,1019,109,79,65,42,30,23,0.7247706422018348,0.6461538461538462,121
2023-12-01,1019,147,76,87,40,71,47,0.5170068027210885,0.45977011494252873,116
2023-12-02,1019,147,88,97,36,59,61,0.5986394557823129,0.3711340206185567,124
2023-12-03,1019,109,78,58,34,31,24,0.7155963302752294,0.5862068965517241,112
2023-12-04,1019,116,79,67,34,37,33,0.6810344827586207,0.5074626865671642,113
2023-12-05,1019,121,75,73,37,46,36,0.6198347107438017,0.5068493150684932,112
2023-12-06,1019,121,88,68,25,33,43,0.7272727272727273,0.36764705882352944,113
2023-12-07,1019,138,88,81,39,50,42,0.6376811594202898,0.48148148148148145,127
2023-12-08,1019,115,70,73,43,45,30,0.6086956521739131,0.589041095890411,113
2023-12-09,1019,127,84,54,47,43,7,0.6614173228346457,0.8703703703703703,131
2023-12-10,1019,133,84,70,41,49,29,0.631578947368421,0.5857142857142857,125
2023-12-11,1019,139,89,54,34,50,20,0.6402877697841727,0.6296296296296297,123
2023-12-12,1019,142,84,68,31,58,37,0.5915492957746479,0.45588235294117646,115
2023-12-13,1019,131,101,100,47,30,53,0.7709923664122137,0.47,148
2023-12-14,1019,114,83,95,49,31,46,0.7280701754385965,0.5157894736842106,132
2023-12-15,1019,143,84,51,36,59,15,0.5874125874125874,0.7058823529411765,120
2023-12-16,1019,142,83,50,46,59,4,0.5845070422535211,0.92,129
2023-12-17,1019,138,87,75,32,51,43,0.6304347826086957,0.4266666666666667,119
2023-12-18,1019,139,85,91,30,54,61,0.6115107913669064,0.32967032967032966,115
2023-12-19,1019,112,92,55,46,20,9,0.8214285714285714,0.8363636363636363,138
2023-12-20,1019,118,93,64,39,25,25,0.788135593220339,0.609375,132
2023-12-21,1019,120,74,60,35,46,25,0.6166666666666667,0.5833333333333334,109
2023-12-22,1019,147,97,51,47,50,4,0.6598639455782312,0.9215686274509803,144
2023-12-23,1019,136,75,72,54,61,18,0.5514705882352942,0.75,129
2023-12-24,1019,101,83,94,41,18,53,0.8217821782178217,0.43617021276595747,124
2023-12-25,1019,116,74,72,42,42,30,0.6379310344827587,0.5833333333333334,116
2023-12-26,1019,144,80,66,34,64,32,0.5555555555555556,0.5151515151515151,114
2023-12-27,1019,148,71,85,49,77,36,0.4797297297297297,0.5764705882352941,120
2023-12-28,1019,131,79,94,38,52,56,0.6030534351145038,0.40425531914893614,117
2023-12-29,1019,120,97,60,32,23,28,0.8083333333333333,0.5333333333333333,129
2023-12-30,1019,123,95,86,41,28,45,0.7723577235772358,0.47674418604651164,136
2023-12-31,1019,146,80,60,49,66,11,0.547945205479452,0.8166666666666667,129
2023-01-01,1020,100,82,60,47,18,13,0.82,0.7833333333333333,129
2023-01-02,1020,101,85,66,39,16,27,0.8415841584158416,0.5909090909090909,124
2023-01-03,1020,113,89,59,36,24,23,0.7876106194690266,0.6101694915254238,125
2023-01-04,1020,138,78,74,48,60,26,0.5652173913043478,0.6486486486486487,126
2023-01-05,1020,123,84,87,46,39,41,0.6829268292682927,0.5287356321839081,130
2023-01-06,1020,135,93,76,30,42,46,0.6888888888888889,0.39473684210526316,123
2023-01-07,1020,145,73,73,52,72,21,0.503448275862069,0.7123287671232876,125
2023-01-08,1020,127,65,68,39,62,29,0.5118110236220472,0.5735294117647058,104
2023-01-09,1020,146,79,75,35,67,40,0.541095890410959,0.4666666666666667,114
2023-01-10,1020,142,74,79,35,68,44,0.5211267605633803,0.4430379746835443,109
2023-01-11,1020,142,79,94,34,63,60,0.5563380281690141,0.3617021276595745,113
2023-01-12,1020,112,72,65,40,40,25,0.6428571428571429,0.6153846153846154,112
2023-01-13,1020,147,74,93,41,73,52,0.5034013605442177,0.44086021505376344,115
2023-01-14,1020,114,86,63,40,28,23,0.7543859649122807,0.6349206349206349,126
2023-01-15,1020,104,90,76,41,14,35,0.8653846153846154,0.5394736842105263,131
2023-01-16,1020,141,79,99,40,62,59,0.5602836879432624,0.40404040404040403,119
2023-01-17,1020,119,85,72,28,34,44,0.7142857142857143,0.3888888888888889,113
2023-01-18,1020,126,78,99,38,48,61,0.6190476190476191,0.3838383838383838,116
2023-01-19,1020,139,61,61,49,78,12,0.43884892086330934,0.8032786885245902,110
2023-01-20,1020,128,91,57,32,37,25,0.7109375,0.5614035087719298,123
2023-01-21,1020,106,77,57,32,29,25,0.7264150943396226,0.5614035087719298,109
2023-01-22,1020,128,94,76,35,34,41,0.734375,0.4605263157894737,129
2023-01-23,1020,132,89,74,37,43,37,0.6742424242424242,0.5,126
2023-01-24,1020,140,75,75,46,65,29,0.5357142857142857,0.6133333333333333,121
2023-01-25,1020,120,70,60,38,50,22,0.5833333333333334,0.6333333333333333,108
2023-01-26,1020,105,84,77,38,21,39,0.8,0.4935064935064935,122
2023-01-27,1020,105,81,88,50,24,38,0.7714285714285715,0.5681818181818182,131
2023-01-28,1020,104,72,70,53,32,17,0.6923076923076923,0.7571428571428571,125
2023-01-29,1020,114,80,59,30,34,29,0.7017543859649122,0.5084745762711864,110
2023-01-30,1020,109,74,84,44,35,40,0.6788990825688074,0.5238095238095238,118
2023-01-31,1020,131,87,62,42,44,20,0.6641221374045801,0.6774193548387096,129
2023-02-01,1020,119,87,85,28,32,57,0.7310924369747899,0.32941176470588235,115
2023-02-02,1020,131,73,85,51,58,34,0.5572519083969466,0.6,124
2023-02-03,1020,102,73,100,42,29,58,0.7156862745098039,0.42,115
2023-02-04,1020,105,90,100,36,15,64,0.8571428571428571,0.36,126
2023-02-05,1020,119,74,74,47,45,27,0.6218487394957983,0.6351351351351351,121
2023-02-06,1020,135,79,76,33,56,43,0.5851851851851851,0.4342105263157895,112
2023-02-07,1020,149,71,66,34,78,32,0.47651006711409394,0.5151515151515151,105
2023-02-08,1020,150,70,93,49,80,44,0.4666666666666667,0.5268817204301075,119
2023-02-09,1020,134,81,90,44,53,46,0.6044776119402985,0.4888888888888889,125
2023-02-10,1020,112,68,79,47,44,32,0.6071428571428571,0.5949367088607594,115
2023-02-11,1020,137,98,88,38,39,50,0.7153284671532847,0.4318181818181818,136
2023-02-12,1020,113,78,52,45,35,7,0.6902654867256637,0.8653846153846154,123
2023-02-13,1020,107,93,89,57,14,32,0.8691588785046729,0.6404494382022472,150
2023-02-14,1020,132,84,58,31,48,27,0.6363636363636364,0.5344827586206896,115
2023-02-15,1020,134,87,88,43,47,45,0.6492537313432836,0.48863636363636365,130
2023-02-16,1020,107,85,92,27,22,65,0.794392523364486,0.29347826086956524,112
2023-02-17,1020,102,97,70,42,5,28,0.9509803921568627,0.6,139
2023-02-18,1020,101,78,89,36,23,53,0.7722772277227723,0.4044943820224719,114
2023-02-19,1020,138,84,70,38,54,32,0.6086956521739131,0.5428571428571428,122
2023-02-20,1020,141,96,61,39,45,22,0.6808510638297872,0.639344262295082,135
2023-02-21,1020,109,79,88,49,30,39,0.7247706422018348,0.5568181818181818,128
2023-02-22,1020,143,76,67,31,67,36,0.5314685314685315,0.4626865671641791,107
2023-02-23,1020,126,79,56,39,47,17,0.626984126984127,0.6964285714285714,118
2023-02-24,1020,149,74,53,51,75,2,0.49664429530201343,0.9622641509433962,125
2023-02-25,1020,104,82,79,37,22,42,0.7884615384615384,0.46835443037974683,119
2023-02-26,1020,127,82,78,39,45,39,0.6456692913385826,0.5,121
2023-02-27,1020,148,91,95,55,57,40,0.6148648648648649,0.5789473684210527,146
2023-02-28,1020,109,64,65,37,45,28,0.5871559633027523,0.5692307692307692,101
2023-03-01,1020,114,75,91,43,39,48,0.6578947368421053,0.4725274725274725,118
2023-03-02,1020,150,83,57,44,67,13,0.5533333333333333,0.7719298245614035,127
2023-03-03,1020,130,86,89,36,44,53,0.6615384615384615,0.4044943820224719,122
2023-03-04,1020,134,74,79,48,60,31,0.5522388059701493,0.6075949367088608,122
2023-03-05,1020,131,88,89,28,43,61,0.6717557251908397,0.3146067415730337,116
2023-03-06,1020,121,81,51,29,40,22,0.6694214876033058,0.5686274509803921,110
2023-03-07,1020,100,79,96,49,21,47,0.79,0.5104166666666666,128
2023-03-08,1020,100,78,77,40,22,37,0.78,0.5194805194805194,118
2023-03-09,1020,148,99,90,27,49,63,0.668918918918919,0.3,126
2023-03-10,1020,149,77,82,28,72,54,0.5167785234899329,0.34146341463414637,105
2023-03-11,1020,145,72,88,39,73,49,0.496551724137931,0.4431818181818182,111
2023-03-12,1020,123,84,81,45,39,36,0.6829268292682927,0.5555555555555556,129
2023-03-13,1020,138,80,86,35,58,51,0.5797101449275363,0.4069767441860465,115
2023-03-14,1020,137,94,75,38,43,37,0.6861313868613139,0.5066666666666667,132
2023-03-15,1020,141,80,74,38,61,36,0.5673758865248227,0.5135135135135135,118
2023-03-16,1020,116,64,68,46,52,22,0.5517241379310345,0.6764705882352942,110
2023-03-17,1020,146,84,56,32,62,24,0.5753424657534246,0.5714285714285714,116
2023-03-18,1020,119,86,53,33,33,20,0.7226890756302521,0.6226415094339622,119
2023-03-19,1020,104,90,98,34,14,64,0.8653846153846154,0.3469387755102041,124
2023-03-20,1020,106,82,51,34,24,17,0.7735849056603774,0.6666666666666666,116
2023-03-21,1020,112,81,60,36,31,24,0.7232142857142857,0.6,117
2023-03-22,1020,122,86,70,45,36,25,0.7049180327868853,0.6428571428571429,131
2023-03-23,1020,111,75,54,48,36,6,0.6756756756756757,0.8888888888888888,123
2023-03-24,1020,124,99,69,33,25,36,0.7983870967741935,0.4782608695652174,132
2023-03-25,1020,102,79,87,39,23,48,0.7745098039215687,0.4482758620689655,118
2023-03-26,1020,102,87,77,44,15,33,0.8529411764705882,0.5714285714285714,131
2023-03-27,1020,149,74,79,42,75,37,0.49664429530201343,0.5316455696202531,116
2023-03-28,1020,121,104,50,44,17,6,0.859504132231405,0.88,148
2023-03-29,1020,143,85,75,39,58,36,0.5944055944055944,0.52,124
2023-03-30,1020,146,80,89,45,66,44,0.547945205479452,0.5056179775280899,125
2023-03-31,1020,125,78,95,61,47,34,0.624,0.6421052631578947,139
2023-04-01,1020,137,97,71,20,40,51,0.708029197080292,0.28169014084507044,117
2023-04-02,1020,114,57,76,42,57,34,0.5,0.5526315789473685,99
2023-04-03,1020,150,69,67,37,81,30,0.46,0.5522388059701493,106
2023-04-04,1020,100,92,93,35,8,58,0.92,0.3763440860215054,127
2023-04-05,1020,100,76,66,40,24,26,0.76,0.6060606060606061,116
2023-04-06,1020,134,75,95,47,59,48,0.5597014925373134,0.49473684210526314,122
2023-04-07,1020,101,92,81,38,9,43,0.9108910891089109,0.4691358024691358,130
2023-04-08,1020,106,95,70,42,11,28,0.8962264150943396,0.6,137
2023-04-09,1020,143,92,58,54,51,4,0.6433566433566433,0.9310344827586207,146
2023-04-10,1020,119,84,79,40,35,39,0.7058823529411765,0.5063291139240507,124
2023-04-11,1020,133,69,89,28,64,61,0.518796992481203,0.3146067415730337,97
2023-04-12,1020,138,69,99,42,69,57,0.5,0.42424242424242425,111
2023-04-13,1020,110,77,62,34,33,28,0.7,0.5483870967741935,111
2023-04-14,1020,115,91,94,41,24,53,0.7913043478260869,0.43617021276595747,132
2023-04-15,1020,101,77,52,36,24,16,0.7623762376237624,0.6923076923076923,113
2023-04-16,1020,108,90,72,35,18,37,0.8333333333333334,0.4861111111111111,125
2023-04-17,1020,137,103,95,50,34,45,0.7518248175182481,0.5263157894736842,153
2023-04-18,1020,136,70,78,45,66,33,0.5147058823529411,0.5769230769230769,115
2023-04-19,1020,146,69,54,37,77,17,0.4726027397260274,0.6851851851851852,106
2023-04-20,1020,105,81,63,42,24,21,0.7714285714285715,0.6666666666666666,123
2023-04-21,1020,109,78,73,48,31,25,0.7155963302752294,0.6575342465753424,126
2023-04-22,1020,106,79,95,45,27,50,0.7452830188679245,0.47368421052631576,124
2023-04-23,1020,123,85,60,40,38,20,0.6910569105691057,0.6666666666666666,125
2023-04-24,1020,118,89,83,33,29,50,0.7542372881355932,0.39759036144578314,122
2023-04-25,1020,140,87,85,43,53,42,0.6214285714285714,0.5058823529411764,130
2023-04-26,1020,102,75,76,43,27,33,0.7352941176470589,0.5657894736842105,118
2023-04-27,1020,124,67,85,27,57,58,0.5403225806451613,0.3176470588235294,94
2023-04-28,1020,126,79,84,34,47,50,0.626984126984127,0.40476190476190477,113
2023-04-29,1020,127,76,61,40,51,21,0.5984251968503937,0.6557377049180327,116
2023-04-30,1020,140,71,87,51,69,36,0.5071428571428571,0.5862068965517241,122
2023-05-01,1020,111,78,50,50,33,0,0.7027027027027027,1,128
2023-05-02,1020,148,77,99,57,71,42,0.5202702702702703,0.5757575757575758,134
2023-05-03,1020,101,72,65,39,29,26,0.7128712871287128,0.6,111
2023-05-04,1020,116,80,59,54,36,5,0.6896551724137931,0.9152542372881356,134
2023-05-05,1020,150,85,75,44,65,31,0.5666666666666667,0.5866666666666667,129
2023-05-06,1020,113,81,83,43,32,40,0.7168141592920354,0.5180722891566265,124
2023-05-07,1020,107,88,85,46,19,39,0.822429906542056,0.5411764705882353,134
2023-05-08,1020,110,85,96,36,25,60,0.7727272727272727,0.375,121
2023-05-09,1020,137,83,73,38,54,35,0.6058394160583942,0.5205479452054794,121
2023-05-10,1020,140,75,73,34,65,39,0.5357142857142857,0.4657534246575342,109
2023-05-11,1020,129,91,92,44,38,48,0.7054263565891473,0.4782608695652174,135
2023-05-12,1020,137,61,91,29,76,62,0.44525547445255476,0.31868131868131866,90
2023-05-13,1020,116,73,54,45,43,9,0.6293103448275862,0.8333333333333334,118
2023-05-14,1020,142,100,97,39,42,58,0.704225352112676,0.4020618556701031,139
2023-05-15,1020,137,71,80,43,66,37,0.5182481751824818,0.5375,114
2023-05-16,1020,148,77,51,36,71,15,0.5202702702702703,0.7058823529411765,113
2023-05-17,1020,127,77,69,42,50,27,0.6062992125984252,0.6086956521739131,119
2023-05-18,1020,113,83,71,46,30,25,0.7345132743362832,0.647887323943662,129
2023-05-19,1020,136,85,67,35,51,32,0.625,0.5223880597014925,120
2023-05-20,1020,145,66,95,36,79,59,0.45517241379310347,0.37894736842105264,102
2023-05-21,1020,149,77,88,32,72,56,0.5167785234899329,0.36363636363636365,109
2023-05-22,1020,113,92,90,38,21,52,0.8141592920353983,0.4222222222222222,130
2023-05-23,1020,148,79,85,37,69,48,0.5337837837837838,0.43529411764705883,116
2023-05-24,1020,103,73,97,29,30,68,0.7087378640776699,0.29896907216494845,102
2023-05-25,1020,125,88,64,46,37,18,0.704,0.71875,134
2023-05-26,1020,113,86,89,41,27,48,0.7610619469026548,0.4606741573033708,127
2023-05-27,1020,141,68,78,44,73,34,0.48226950354609927,0.5641025641025641,112
2023-05-28,1020,121,83,90,39,38,51,0.6859504132231405,0.43333333333333335,122
2023-05-29,1020,125,75,68,54,50,14,0.6,0.7941176470588235,129
2023-05-30,1020,138,66,60,41,72,19,0.4782608695652174,0.6833333333333333,107
2023-05-31,1020,117,76,88,40,41,48,0.6495726495726496,0.45454545454545453,116
2023-06-01,1020,119,81,59,40,38,19,0.680672268907563,0.6779661016949152,121
2023-06-02,1020,112,81,100,35,31,65,0.7232142857142857,0.35,116
2023-06-03,1020,117,84,56,40,33,16,0.717948717948718,0.7142857142857143,124
2023-06-04,1020,144,85,92,36,59,56,0.5902777777777778,0.391304347826087,121
2023-06-05,1020,120,89,95,36,31,59,0.7416666666666667,0.37894736842105264,125
2023-06-06,1020,103,86,97,35,17,62,0.8349514563106796,0.36082474226804123,121
2023-06-07,1020,136,106,80,38,30,42,0.7794117647058824,0.475,144
2023-06-08,1020,148,72,80,39,76,41,0.4864864864864865,0.4875,111
2023-06-09,1020,144,72,66,40,72,26,0.5,0.6060606060606061,112
2023-06-10,1020,113,85,61,35,28,26,0.7522123893805309,0.5737704918032787,120
2023-06-11,1020,148,94,91,46,54,45,0.6351351351351351,0.5054945054945055,140
2023-06-12,1020,113,78,74,34,35,40,0.6902654867256637,0.4594594594594595,112
2023-06-13,1020,136,101,100,33,35,67,0.7426470588235294,0.33,134
2023-06-14,1020,139,75,50,50,64,0,0.539568345323741,1,125
2023-06-15,1020,123,85,79,34,38,45,0.6910569105691057,0.43037974683544306,119
2023-06-16,1020,138,76,62,32,62,30,0.5507246376811594,0.5161290322580645,108
2023-06-17,1020,137,73,64,34,64,30,0.5328467153284672,0.53125,107
2023-06-18,1020,119,86,85,40,33,45,0.7226890756302521,0.47058823529411764,126
2023-06-19,1020,145,72,82,37,73,45,0.496551724137931,0.45121951219512196,109
2023-06-20,1020,108,77,56,35,31,21,0.7129629629629629,0.625,112
2023-06-21,1020,143,77,63,35,66,28,0.5384615384615384,0.5555555555555556,112
2023-06-22,1020,127,64,55,39,63,16,0.5039370078740157,0.7090909090909091,103
2023-06-23,1020,139,87,74,40,52,34,0.6258992805755396,0.5405405405405406,127
2023-06-24,1020,104,79,100,41,25,59,0.7596153846153846,0.41,120
2023-06-25,1020,111,80,62,37,31,25,0.7207207207207207,0.5967741935483871,117
2023-06-26,1020,144,98,99,54,46,45,0.6805555555555556,0.5454545454545454,152
2023-06-27,1020,117,73,96,31,44,65,0.6239316239316239,0.3229166666666667,104
2023-06-28,1020,129,97,89,42,32,47,0.751937984496124,0.47191011235955055,139
2023-06-29,1020,112,88,87,40,24,47,0.7857142857142857,0.45977011494252873,128
2023-06-30,1020,135,83,73,52,52,21,0.6148148148148148,0.7123287671232876,135
2023-07-01,1020,113,81,91,38,32,53,0.7168141592920354,0.4175824175824176,119
2023-07-02,1020,150,89,79,41,61,38,0.5933333333333334,0.5189873417721519,130
2023-07-03,1020,145,88,80,43,57,37,0.6068965517241379,0.5375,131
2023-07-04,1020,149,86,84,34,63,50,0.5771812080536913,0.40476190476190477,120
2023-07-05,1020,125,86,50,33,39,17,0.688,0.66,119
2023-07-06,1020,115,79,52,48,36,4,0.6869565217391305,0.9230769230769231,127
2023-07-07,1020,126,79,71,38,47,33,0.626984126984127,0.5352112676056338,117
2023-07-08,1020,100,88,60,45,12,15,0.88,0.75,133
2023-07-09,1020,118,96,100,43,22,57,0.8135593220338984,0.43,139
2023-07-10,1020,118,69,64,32,49,32,0.5847457627118644,0.5,101
2023-07-11,1020,142,82,97,38,60,59,0.5774647887323944,0.3917525773195876,120
2023-07-12,1020,130,78,78,37,52,41,0.6,0.47435897435897434,115
2023-07-13,1020,141,89,83,52,52,31,0.6312056737588653,0.6265060240963856,141
2023-07-14,1020,102,69,95,45,33,50,0.6764705882352942,0.47368421052631576,114
2023-07-15,1020,135,80,92,37,55,55,0.5925925925925926,0.40217391304347827,117
2023-07-16,1020,101,94,67,35,7,32,0.9306930693069307,0.5223880597014925,129
2023-07-17,1020,118,85,93,45,33,48,0.7203389830508474,0.4838709677419355,130
2023-07-18,1020,128,94,87,43,34,44,0.734375,0.4942528735632184,137
2023-07-19,1020,141,63,83,33,78,50,0.44680851063829785,0.39759036144578314,96
2023-07-20,1020,113,69,99,53,44,46,0.6106194690265486,0.5353535353535354,122
2023-07-21,1020,137,75,75,34,62,41,0.5474452554744526,0.4533333333333333,109
2023-07-22,1020,139,83,55,35,56,20,0.5971223021582733,0.6363636363636364,118
2023-07-23,1020,146,84,60,32,62,28,0.5753424657534246,0.5333333333333333,116
2023-07-24,1020,136,98,66,40,38,26,0.7205882352941176,0.6060606060606061,138
2023-07-25,1020,140,84,66,35,56,31,0.6,0.5303030303030303,119
2023-07-26,1020,123,66,59,37,57,22,0.5365853658536586,0.6271186440677966,103
2023-07-27,1020,130,63,72,45,67,27,0.4846153846153846,0.625,108
2023-07-28,1020,125,67,58,39,58,19,0.536,0.6724137931034483,106
2023-07-29,1020,135,81,68,50,54,18,0.6,0.7352941176470589,131
2023-07-30,1020,121,84,88,39,37,49,0.6942148760330579,0.4431818181818182,123
2023-07-31,1020,138,64,50,41,74,9,0.463768115942029,0.82,105
2023-08-01,1020,104,64,65,56,40,9,0.6153846153846154,0.8615384615384616,120
2023-08-02,1020,127,71,66,36,56,30,0.5590551181102362,0.5454545454545454,107
2023-08-03,1020,100,79,53,40,21,13,0.79,0.7547169811320755,119
2023-08-04,1020,146,85,78,43,61,35,0.5821917808219178,0.5512820512820513,128
2023-08-05,1020,136,69,95,38,67,57,0.5073529411764706,0.4,107
2023-08-06,1020,131,71,86,36,60,50,0.5419847328244275,0.4186046511627907,107
2023-08-07,1020,128,64,68,38,64,30,0.5,0.5588235294117647,102
2023-08-08,1020,145,86,58,33,59,25,0.593103448275862,0.5689655172413793,119
2023-08-09,1020,115,84,79,42,31,37,0.7304347826086957,0.5316455696202531,126
2023-08-10,1020,104,82,98,42,22,56,0.7884615384615384,0.42857142857142855,124
2023-08-11,1020,147,77,74,43,70,31,0.5238095238095238,0.581081081081081,120
2023-08-12,1020,126,92,66,41,34,25,0.7301587301587301,0.6212121212121212,133
2023-08-13,1020,117,66,71,36,51,35,0.5641025641025641,0.5070422535211268,102
2023-08-14,1020,112,103,84,51,9,33,0.9196428571428571,0.6071428571428571,154
2023-08-15,1020,147,79,91,49,68,42,0.5374149659863946,0.5384615384615384,128
2023-08-16,1020,108,93,60,44,15,16,0.8611111111111112,0.7333333333333333,137
2023-08-17,1020,117,88,51,34,29,17,0.7521367521367521,0.6666666666666666,122
2023-08-18,1020,127,79,75,45,48,30,0.6220472440944882,0.6,124
2023-08-19,1020,149,96,86,40,53,46,0.6442953020134228,0.46511627906976744,136
2023-08-20,1020,100,68,73,22,32,51,0.68,0.3013698630136986,90
2023-08-21,1020,113,85,91,42,28,49,0.7522123893805309,0.46153846153846156,127
2023-08-22,1020,105,84,58,45,21,13,0.8,0.7758620689655172,129
2023-08-23,1020,117,78,78,35,39,43,0.6666666666666666,0.44871794871794873,113
2023-08-24,1020,125,76,73,35,49,38,0.608,0.4794520547945205,111
2023-08-25,1020,107,81,54,42,26,12,0.7570093457943925,0.7777777777777778,123
2023-08-26,1020,138,79,50,39,59,11,0.572463768115942,0.78,118
2023-08-27,1020,123,76,58,37,47,21,0.6178861788617886,0.6379310344827587,113
2023-08-28,1020,144,82,69,32,62,37,0.5694444444444444,0.463768115942029,114
2023-08-29,1020,106,85,83,36,21,47,0.8018867924528302,0.43373493975903615,121
2023-08-30,1020,127,78,90,44,49,46,0.6141732283464567,0.4888888888888889,122
2023-08-31,1020,109,78,73,39,31,34,0.7155963302752294,0.5342465753424658,117
2023-09-01,1020,113,81,69,42,32,27,0.7168141592920354,0.6086956521739131,123
2023-09-02,1020,128,88,97,44,40,53,0.6875,0.4536082474226804,132
2023-09-03,1020,128,89,50,48,39,2,0.6953125,0.96,137
2023-09-04,1020,124,70,64,38,54,26,0.5645161290322581,0.59375,108
2023-09-05,1020,117,74,75,33,43,42,0.6324786324786325,0.44,107
2023-09-06,1020,133,80,82,36,53,46,0.6015037593984962,0.43902439024390244,116
2023-09-07,1020,129,68,95,42,61,53,0.5271317829457365,0.4421052631578947,110
2023-09-08,1020,102,84,61,44,18,17,0.8235294117647058,0.7213114754098361,128
2023-09-09,1020,128,67,87,26,61,61,0.5234375,0.2988505747126437,93
2023-09-10,1020,108,85,98,43,23,55,0.7870370370370371,0.4387755102040816,128
2023-09-11,1020,112,90,81,36,22,45,0.8035714285714286,0.4444444444444444,126
2023-09-12,1020,146,96,88,37,50,51,0.6575342465753424,0.42045454545454547,133
2023-09-13,1020,144,64,85,40,80,45,0.4444444444444444,0.47058823529411764,104
2023-09-14,1020,126,77,85,36,49,49,0.6111111111111112,0.4235294117647059,113
2023-09-15,1020,101,78,95,35,23,60,0.7722772277227723,0.3684210526315789,113
2023-09-16,1020,147,72,50,36,75,14,0.4897959183673469,0.72,108
2023-09-17,1020,123,81,100,48,42,52,0.6585365853658537,0.48,129
2023-09-18,1020,122,83,82,41,39,41,0.680327868852459,0.5,124
2023-09-19,1020,135,70,81,35,65,46,0.5185185185185185,0.43209876543209874,105
2023-09-20,1020,100,92,71,29,8,42,0.92,0.4084507042253521,121
2023-09-21,1020,137,76,76,36,61,40,0.5547445255474452,0.47368421052631576,112
2023-09-22,1020,127,71,81,46,56,35,0.5590551181102362,0.5679012345679012,117
2023-09-23,1020,114,99,53,37,15,16,0.868421052631579,0.6981132075471698,136
2023-09-24,1020,123,82,77,39,41,38,0.6666666666666666,0.5064935064935064,121
2023-09-25,1020,141,80,64,48,61,16,0.5673758865248227,0.75,128
2023-09-26,1020,123,77,98,39,46,59,0.6260162601626016,0.3979591836734694,116
2023-09-27,1020,102,87,93,44,15,49,0.8529411764705882,0.4731182795698925,131
2023-09-28,1020,117,95,50,48,22,2,0.811965811965812,0.96,143
2023-09-29,1020,125,79,56,42,46,14,0.632,0.75,121
2023-09-30,1020,117,69,69,51,48,18,0.5897435897435898,0.7391304347826086,120
2023-10-01,1020,104,87,67,39,17,28,0.8365384615384616,0.582089552238806,126
2023-10-02,1020,118,80,66,37,38,29,0.6779661016949152,0.5606060606060606,117
2023-10-03,1020,109,78,65,30,31,35,0.7155963302752294,0.46153846153846156,108
2023-10-04,1020,123,73,83,39,50,44,0.5934959349593496,0.46987951807228917,112
2023-10-05,1020,106,81,95,34,25,61,0.7641509433962265,0.35789473684210527,115
2023-10-06,1020,131,71,76,41,60,35,0.5419847328244275,0.5394736842105263,112
2023-10-07,1020,141,86,90,43,55,47,0.6099290780141844,0.4777777777777778,129
2023-10-08,1020,117,60,66,50,57,16,0.5128205128205128,0.7575757575757576,110
2023-10-09,1020,134,90,63,44,44,19,0.6716417910447762,0.6984126984126984,134
2023-10-10,1020,131,77,62,42,54,20,0.5877862595419847,0.6774193548387096,119
2023-10-11,1020,145,76,81,25,69,56,0.5241379310344828,0.30864197530864196,101
2023-10-12,1020,108,84,52,38,24,14,0.7777777777777778,0.7307692307692307,122
2023-10-13,1020,143,85,97,34,58,63,0.5944055944055944,0.35051546391752575,119
2023-10-14,1020,135,81,53,38,54,15,0.6,0.71698113207547165,119
2023-10-15,1020,111,78,78,42,33,36,0.7027027027027027,0.5384615384615384,120
2023-10-16,1020,104,77,91,36,27,55,0.7403846153846154,0.3956043956043956,113
2023-10-17,1020,113,92,81,42,21,39,0.8141592920353983,0.5185185185185185,134
2023-10-18,1020,107,79,99,38,28,61,0.7383177570093458,0.3838383838383838,117
2023-10-19,1020,106,90,87,35,16,52,0.8490566037735849,0.40229885057471265,125
2023-10-20,1020,122,75,84,40,47,44,0.6147540983606558,0.47619047619047616,115
2023-10-21,1020,116,81,55,51,35,4,0.6982758620689655,0.9272727272727272,132
2023-10-22,1020,106,83,97,47,23,50,0.78301886792452835,0.4845360824742268,130
2023-10-23,1020,147,81,99,32,66,67,0.5510204081632653,0.32323232323232326,113
2023-10-24,1020,145,71,64,60,74,4,0.4896551724137931,0.9375,131
2023-10-25,1020,108,74,53,33,34,20,0.6851851851851852,0.6226415094339622,107
2023-10-26,1020,104,81,82,29,23,53,0.7788461538461539,0.35365853658536583,110
2023-10-27,1020,145,92,96,35,53,61,0.6344827586206897,0.3645833333333333,127
2023-10-28,1020,102,80,100,32,22,68,0.7843137254901961,0.32,112
2023-10-29,1020,113,78,50,31,35,19,0.6902654867256637,0.62,109
2023-10-30,1020,103,79,99,31,24,68,0.7669902912621359,0.31313131313131315,110
2023-10-31,1020,147,80,56,44,67,12,0.54421768707483,0.7857142857142857,124
2023-11-01,1020,118,89,98,47,29,51,0.7542372881355932,0.47959183673469385,136
2023-11-02,1020,101,84,73,25,17,48,0.8316831683168316,0.3424657534246575,109
2023-11-03,1020,100,88,68,49,12,19,0.88,0.7205882352941176,137
2023-11-04,1020,120,88,72,38,32,34,0.7333333333333333,0.5277777777777778,126
2023-11-05,1020,113,77,63,40,36,23,0.6814159292035398,0.6349206349206349,117
2023-11-06,1020,111,73,71,38,38,33,0.6576576576576577,0.5352112676056338,111
2023-11-07,1020,143,101,67,21,42,46,0.7062937062937062,0.31343283582089554,122
2023-11-08,1020,145,78,58,45,67,13,0.5379310344827586,0.7758620689655172,123
2023-11-09,1020,150,82,87,41,68,46,0.5466666666666666,0.47126436781609193,123
2023-11-10,1020,120,98,79,38,22,41,0.8166666666666667,0.4810126582278481,136
2023-11-11,1020,107,86,92,43,21,49,0.8037383177570093,0.4673913043478261,129
2023-11-12,1020,137,80,98,32,57,66,0.583941605839416,0.32653061224489793,112
2023-11-13,1020,140,78,79,28,62,51,0.5571428571428572,0.35443037974683544,106
2023-11-14,1020,112,80,52,36,32,16,0.7142857142857143,0.6923076923076923,116
2023-11-15,1020,105,86,97,35,19,62,0.819047619047619,0.36082474226804123,121
2023-11-16,1020,133,73,73,41,60,32,0.5488721804511278,0.5616438356164384,114
2023-11-17,1020,142,82,65,27,60,38,0.5774647887323944,0.4153846153846154,109
2023-11-18,1020,102,76,83,31,26,52,0.7450980392156863,0.37349397590361444,107
2023-11-19,1020,145,85,94,40,60,54,0.5862068965517241,0.425531914893617,125
2023-11-20,1020,106,86,75,41,20,34,0.8113207547169812,0.5466666666666666,127
2023-11-21,1020,140,74,96,24,66,72,0.5285714285714286,0.25,98
2023-11-22,1020,147,80,74,33,67,41,0.54421768707483,0.44594594594594594,113
2023-11-23,1020,123,79,82,42,44,40,0.6422764227642277,0.5121951219512195,121
2023-11-24,1020,131,99,83,27,32,56,0.7557251908396947,0.3253012048192771,126
2023-11-25,1020,114,66,50,38,48,12,0.5789473684210527,0.76,104
2023-11-26,1020,115,94,59,32,21,27,0.8173913043478261,0.5423728813559322,126
2023-11-27,1020,119,83,51,43,36,8,0.6974789915966386,0.8431372549019608,126
2023-11-28,1020,111,87,85,42,24,43,0.7837837837837838,0.49411764705882355,129
2023-11-29,1020,103,74,77,32,29,45,0.7184466019417476,0.4155844155844156,106
2023-11-30,1020,121,85,71,35,36,36,0.7024793388429752,0.49295774647887325,120
2023-12-01,1020,134,78,51,46,56,5,0.582089552238806,0.9019607843137255,124
2023-12-02,1020,128,110,78,43,18,35,0.859375,0.5512820512820513,153
2023-12-03,1020,119,81,69,57,38,12,0.680672268907563,0.8260869565217391,138
2023-12-04,1020,106,67,51,37,39,14,0.6320754716981132,0.7254901960784313,104
2023-12-05,1020,136,79,56,34,57,22,0.5808823529411765,0.6071428571428571,113
2023-12-06,1020,147,74,94,29,73,65,0.5034013605442177,0.30851063829787234,103
2023-12-07,1020,104,72,84,45,32,39,0.6923076923076923,0.5357142857142857,117
2023-12-08,1020,114,64,94,37,50,57,0.5614035087719298,0.39361702127659576,101
2023-12-09,1020,149,86,82,43,63,39,0.5771812080536913,0.524390243902439,129
2023-12-10,1020,113,77,76,36,36,40,0.6814159292035398,0.47368421052631576,113
2023-12-11,1020,133,86,55,29,47,26,0.6466165413533834,0.5272727272727272,115
2023-12-12,1020,139,76,58,35,63,23,0.5467625899280576,0.603448275862069,111
2023-12-13,1020,113,79,70,36,34,34,0.6991150442477876,0.5142857142857142,115
2023-12-14,1020,145,80,62,32,65,30,0.5517241379310345,0.5161290322580645,112
2023-12-15,1020,115,74,92,44,41,48,0.6434782608695652,0.4782608695652174,118
2023-12-16,1020,118,85,87,45,33,42,0.7203389830508474,0.5172413793103449,130
2023-12-17,1020,146,83,100,42,63,58,0.5684931506849316,0.42,125
2023-12-18,1020,101,82,90,35,19,55,0.8118811881188119,0.3888888888888889,117
2023-12-19,1020,150,66,98,49,84,49,0.44,0.5,115
2023-12-20,1020,139,77,78,44,62,34,0.5539568345323741,0.5641025641025641,121
2023-12-21,1020,110,83,75,38,27,37,0.7545454545454545,0.5066666666666667,121
2023-12-22,1020,102,67,84,43,35,41,0.6568627450980392,0.5119047619047619,110
2023-12-23,1020,125,71,82,34,54,48,0.568,0.4146341463414634,105
2023-12-24,1020,136,81,86,33,55,53,0.5955882352941176,0.38372093023255816,114
2023-12-25,1020,132,77,56,43,55,13,0.5833333333333334,0.7678571428571429,120
2023-12-26,1020,133,82,85,49,51,36,0.6165413533834586,0.5764705882352941,131
2023-12-27,1020,127,83,80,32,44,48,0.6535433070866141,0.4,115
2023-12-28,1020,114,91,84,54,23,30,0.7982456140350878,0.6428571428571429,145
2023-12-29,1020,136,82,95,41,54,54,0.6029411764705882,0.43157894736842106,123
2023-12-30,1020,140,85,59,48,55,11,0.6071428571428571,0.8135593220338984,133
2023-12-31,1020,144,92,64,37,52,27,0.6388888888888888,0.578125,129
2023-01-01,1021,136,86,90,37,50,53,0.6323529411764706,0.4111111111111111,123
2023-01-02,1021,145,81,65,34,64,31,0.5586206896551724,0.5230769230769231,115
2023-01-03,1021,105,83,51,43,22,8,0.7904761904761904,0.8431372549019608,126
2023-01-04,1021,121,83,92,38,38,54,0.6859504132231405,0.41304347826086957,121
2023-01-05,1021,139,80,71,44,59,27,0.5755395683453237,0.6197183098591549,124
2023-01-06,1021,129,94,96,45,35,51,0.7286821705426356,0.46875,139
2023-01-07,1021,149,100,57,42,49,15,0.6711409395973155,0.7368421052631579,142
2023-01-08,1021,147,91,52,52,56,0,0.6190476190476191,1,143
2023-01-09,1021,124,88,81,37,36,44,0.7096774193548387,0.4567901234567901,125
2023-01-10,1021,139,82,100,47,57,53,0.5899280575539568,0.47,129
2023-01-11,1021,138,78,51,38,60,13,0.5652173913043478,0.7450980392156863,116
2023-01-12,1021,140,81,78,36,59,42,0.5785714285714286,0.46153846153846156,117
2023-01-13,1021,138,60,95,34,78,61,0.43478260869565216,0.35789473684210527,94
2023-01-14,1021,145,84,66,42,61,24,0.5793103448275863,0.6363636363636364,126
2023-01-15,1021,124,69,66,43,55,23,0.5564516129032258,0.6515151515151515,112
2023-01-16,1021,143,92,79,42,51,37,0.6433566433566433,0.5316455696202531,134
2023-01-17,1021,110,78,75,38,32,37,0.7090909090909091,0.5066666666666667,116
2023-01-18,1021,148,77,76,38,71,38,0.5202702702702703,0.5,115
2023-01-19,1021,109,65,60,43,44,17,0.5963302752293578,0.7166666666666667,108
2023-01-20,1021,109,89,71,33,20,38,0.8165137614678899,0.4647887323943662,122
2023-01-21,1021,122,77,96,39,45,57,0.6311475409836066,0.40625,116
2023-01-22,1021,117,81,98,33,36,65,0.6923076923076923,0.336734693877551,114
2023-01-23,1021,119,94,58,48,25,10,0.7899159663865546,0.8275862068965517,142
2023-01-24,1021,131,72,62,43,59,19,0.549618320610687,0.6935483870967742,115
2023-01-25,1021,110,78,78,45,32,33,0.7090909090909091,0.5769230769230769,123
2023-01-26,1021,146,79,99,35,67,64,0.541095890410959,0.35353535353535354,114
2023-01-27,1021,121,86,71,40,35,31,0.7107438016528925,0.5633802816901409,126
2023-01-28,1021,129,85,79,32,44,47,0.6589147286821705,0.4050632911392405,117
2023-01-29,1021,120,72,73,34,48,39,0.6,0.4657534246575342,106
2023-01-30,1021,106,85,51,46,21,5,0.8018867924528302,0.9019607843137255,131
2023-01-31,1021,126,83,76,50,43,26,0.6587301587301587,0.6578947368421053,133
2023-02-01,1021,149,83,52,42,66,10,0.5570469798657718,0.8076923076923077,125
2023-02-02,1021,147,86,88,38,61,50,0.5850340136054422,0.4318181818181818,124
2023-02-03,1021,115,73,72,27,42,45,0.6347826086956522,0.375,100
2023-02-04,1021,104,100,71,42,4,29,0.9615384615384616,0.5915492957746479,142
2023-02-05,1021,115,83,76,37,32,39,0.7217391304347827,0.4868421052631579,120
2023-02-06,1021,129,82,60,40,47,20,0.6356589147286822,0.6666666666666666,122
2023-02-07,1021,141,65,52,47,76,5,0.46099290780141844,0.9038461538461539,112
2023-02-08,1021,129,66,53,37,63,16,0.5116279069767442,0.6981132075471698,103
2023-02-09,1021,150,73,69,50,77,19,0.4866666666666667,0.7246376811594203,123
2023-02-10,1021,115,83,90,36,32,54,0.7217391304347827,0.4,119
2023-02-11,1021,136,76,52,45,60,7,0.5588235294117647,0.8653846153846154,121
2023-02-12,1021,109,75,75,49,34,26,0.6880733944954128,0.6533333333333333,124
2023-02-13,1021,116,91,64,37,25,27,0.7844827586206896,0.578125,128
2023-02-14,1021,117,71,95,39,46,56,0.6068376068376068,0.4105263157894737,110
2023-02-15,1021,130,88,51,50,42,1,0.676923076923077,0.9803921568627451,138
2023-02-16,1021,148,73,87,30,75,57,0.49324324324324326,0.3448275862068966,103
2023-02-17,1021,128,75,62,47,53,15,0.5859375,0.7580645161290323,122
2023-02-18,1021,118,85,51,33,33,18,0.7203389830508474,0.6470588235294118,118
2023-02-19,1021,121,72,100,35,49,65,0.5950413223140496,0.35,107
2023-02-20,1021,134,68,97,36,66,61,0.5074626865671642,0.3711340206185567,104
2023-02-21,1021,141,79,90,41,62,49,0.5602836879432624,0.45555555555555555,120
2023-02-22,1021,110,97,52,49,13,3,0.8818181818181818,0.9423076923076923,146
2023-02-23,1021,116,80,55,39,36,16,0.6896551724137931,0.7090909090909091,119
2023-02-24,1021,101,88,99,49,13,50,0.8712871287128713,0.494949494949495,137
2023-02-25,1021,140,78,99,35,62,64,0.5571428571428572,0.35353535353535354,113
2023-02-26,1021,111,79,76,29,32,47,0.7117117117117117,0.3815789473684211,108
2023-02-27,1021,132,85,66,46,47,20,0.6439393939393939,0.696969696969697,131
2023-02-28,1021,109,87,90,45,22,45,0.7981651376146789,0.5,132
2023-03-01,1021,140,75,88,28,65,60,0.5357142857142857,0.3181818181818182,103
2023-03-02,1021,142,81,96,51,61,45,0.5704225352112676,0.53125,132
2023-03-03,1021,139,86,93,41,53,52,0.6187050359712231,0.44086021505376344,127
2023-03-04,1021,114,92,85,54,22,31,0.8070175438596491,0.6352941176470588,146
2023-03-05,1021,132,83,78,31,49,47,0.6287878787878788,0.3974358974358974,114
2023-03-06,1021,142,94,79,30,48,49,0.6619718309859155,0.379746835443038,124
2023-03-07,1021,139,83,90,50,56,40,0.5971223021582733,0.5555555555555556,133
2023-03-08,1021,143,77,57,37,66,20,0.5384615384615384,0.6491228070175439,114
2023-03-09,1021,147,75,84,36,72,48,0.5102040816326531,0.42857142857142855,111
2023-03-10,1021,143,66,94,44,77,50,0.46153846153846156,0.46808510638297873,110
2023-03-11,1021,109,75,61,37,34,24,0.6880733944954128,0.6065573770491803,112
2023-03-12,1021,131,75,64,43,56,21,0.5725190839694656,0.671875,118
2023-03-13,1021,123,69,63,34,54,29,0.5609756097560976,0.5396825396825397,103
2023-03-14,1021,113,73,75,47,40,28,0.6460176991150443,0.6266666666666667,120
2023-03-15,1021,110,83,75,34,27,41,0.7545454545454545,0.4533333333333333,117
2023-03-16,1021,130,79,95,29,51,66,0.6076923076923076,0.30526315789473685,108
2023-03-17,1021,132,85,96,50,47,46,0.6439393939393939,0.5208333333333334,135
2023-03-18,1021,112,69,97,46,43,51,0.6160714285714286,0.4742268041237113,115
2023-03-19,1021,135,81,62,41,54,21,0.6,0.6612903225806451,122
2023-03-20,1021,128,87,59,38,41,21,0.6796875,0.6440677966101694,125
2023-03-21,1021,124,76,64,53,48,11,0.6129032258064516,0.828125,129
2023-03-22,1021,133,92,72,38,41,34,0.6917293233082706,0.5277777777777778,130
2023-03-23,1021,134,89,50,31,45,19,0.664179104477612,0.62,120
2023-03-24,1021,112,81,94,42,31,52,0.7232142857142857,0.44680851063829785,123
2023-03-25,1021,143,89,57,41,54,16,0.6223776223776224,0.7192982456140351,130
2023-03-26,1021,107,88,92,50,19,42,0.822429906542056,0.5434782608695652,138
2023-03-27,1021,120,66,93,31,54,62,0.55,0.3333333333333333,97
2023-03-28,1021,124,93,57,39,31,18,0.75,0.6842105263157895,132
2023-03-29,1021,138,90,64,31,48,33,0.6521739130434783,0.484375,121
2023-03-30,1021,108,85,67,43,23,24,0.7870370370370371,0.6417910447761194,128
2023-03-31,1021,122,77,67,51,45,16,0.6311475409836066,0.7611940298507462,128
2023-04-01,1021,149,87,66,38,62,28,0.5838926174496645,0.5757575757575758,125
2023-04-02,1021,119,85,82,33,34,49,0.7142857142857143,0.4024390243902439,118
2023-04-03,1021,117,91,80,48,26,32,0.7777777777777778,0.6,139
2023-04-04,1021,142,82,65,44,60,21,0.5774647887323944,0.676923076923077,126
2023-04-05,1021,131,81,51,36,50,15,0.6183206106870229,0.7058823529411765,117
2023-04-06,1021,143,77,85,33,66,52,0.5384615384615384,0.38823529411764707,110
2023-04-07,1021,107,85,80,42,22,38,0.794392523364486,0.525,127
2023-04-08,1021,150,73,53,36,77,17,0.4866666666666667,0.6792452830188679,109
2023-04-09,1021,120,86,87,38,34,49,0.7166666666666667,0.4367816091954023,124
2023-04-10,1021,132,77,94,39,55,55,0.5833333333333334,0.4148936170212766,116
2023-04-11,1021,111,79,83,41,32,42,0.7117117117117117,0.4939759036144578,120
2023-04-12,1021,103,77,98,35,26,63,0.7475728155339806,0.35714285714285715,112
2023-04-13,1021,150,74,100,24,76,76,0.49333333333333335,0.24,98
2023-04-14,1021,142,79,97,40,63,57,0.5563380281690141,0.41237113402061853,119
2023-04-15,1021,113,72,63,54,41,9,0.6371681415929203,0.8571428571428571,126
2023-04-16,1021,142,90,91,41,52,50,0.6338028169014085,0.45054945054945056,131
2023-04-17,1021,110,72,91,24,38,67,0.6545454545454545,0.26373626373626374,96
2023-04-18,1021,110,89,94,34,21,60,0.8090909090909091,0.3617021276595745,123
2023-04-19,1021,141,84,76,29,57,47,0.5957446808510638,0.3815789473684211,113
2023-04-20,1021,135,90,86,31,45,55,0.6666666666666666,0.36046511627906974,121
2023-04-21,1021,117,69,100,32,48,68,0.5897435897435898,0.32,101
2023-04-22,1021,127,85,57,45,42,12,0.6692913385826772,0.7894736842105263,130
2023-04-23,1021,125,83,88,37,42,51,0.664,0.42045454545454547,120
2023-04-24,1021,148,76,95,35,72,60,0.5135135135135135,0.3684210526315789,111
2023-04-25,1021,109,77,53,41,32,12,0.7064220183486238,0.7735849056603774,118
2023-04-26,1021,137,86,71,33,51,38,0.6277372262773723,0.4647887323943662,119
2023-04-27,1021,118,69,51,31,49,20,0.5847457627118644,0.6078431372549019,100
2023-04-28,1021,121,86,72,42,35,30,0.7107438016528925,0.5833333333333334,128
2023-04-29,1021,140,67,59,40,73,19,0.4785714285714286,0.6779661016949152,107
2023-04-30,1021,145,75,61,33,70,28,0.5172413793103449,0.5409836065573771,108
2023-05-01,1021,128,79,80,44,49,36,0.6171875,0.55,123
2023-05-02,1021,107,78,100,45,29,55,0.7289719626168224,0.45,123
2023-05-03,1021,112,78,62,43,34,19,0.6964285714285714,0.6935483870967742,121
2023-05-04,1021,127,82,85,37,45,48,0.6456692913385826,0.43529411764705883,119
2023-05-05,1021,133,79,53,34,54,19,0.5939849624060151,0.6415094339622641,113
2023-05-06,1021,150,68,59,35,82,24,0.4533333333333333,0.5932203389830508,103
2023-05-07,1021,109,85,57,33,24,24,0.7798165137614679,0.5789473684210527,118
2023-05-08,1021,101,96,56,33,5,23,0.9504950495049505,0.5892857142857143,129
2023-05-09,1021,111,82,90,42,29,48,0.7387387387387387,0.4666666666666667,124
2023-05-10,1021,113,85,79,41,28,38,0.7522123893805309,0.5189873417721519,126
2023-05-11,1021,127,83,73,37,44,36,0.6535433070866141,0.5068493150684932,120
2023-05-12,1021,104,83,56,49,21,7,0.7980769230769231,0.875,132
2023-05-13,1021,144,74,70,36,70,34,0.5138888888888888,0.5142857142857142,110
2023-05-14,1021,120,86,81,35,34,46,0.7166666666666667,0.43209876543209874,121
2023-05-15,1021,143,90,74,48,53,26,0.6293706293706294,0.6486486486486487,138
2023-05-16,1021,118,69,91,41,49,50,0.5847457627118644,0.45054945054945056,110
2023-05-17,1021,112,64,67,43,48,24,0.5714285714285714,0.6417910447761194,107
2023-05-18,1021,133,81,83,43,52,40,0.6090225563909775,0.5180722891566265,124
2023-05-19,1021,145,95,51,33,50,18,0.6551724137931034,0.6470588235294118,128
2023-05-20,1021,123,93,97,37,30,60,0.7560975609756098,0.38144329896907214,130
2023-05-21,1021,129,83,68,33,46,35,0.6434108527131783,0.4852941176470588,116
2023-05-22,1021,121,83,97,52,38,45,0.6859504132231405,0.5360824742268041,135
2023-05-23,1021,130,72,59,43,58,16,0.5538461538461539,0.7288135593220338,115
2023-05-24,1021,149,78,69,56,71,13,0.5234899328859061,0.8115942028985508,134
2023-05-25,1021,106,87,77,39,19,38,0.8207547169811321,0.5064935064935064,126
2023-05-26,1021,109,98,94,45,11,49,0.8990825688073395,0.4787234042553192,143
2023-05-27,1021,112,68,94,51,44,43,0.6071428571428571,0.5425531914893617,119
2023-05-28,1021,138,87,72,35,51,37,0.6304347826086957,0.4861111111111111,122
2023-05-29,1021,109,79,62,35,30,27,0.7247706422018348,0.5645161290322581,114
2023-05-30,1021,149,82,77,44,67,33,0.5503355704697986,0.5714285714285714,126
2023-05-31,1021,112,83,89,42,29,47,0.7410714285714286,0.47191011235955055,125
2023-06-01,1021,106,76,68,32,30,36,0.71698113207547165,0.47058823529411764,108
2023-06-02,1021,102,84,93,37,18,56,0.8235294117647058,0.3978494623655914,121
2023-06-03,1021,139,73,63,39,66,24,0.5251798561151079,0.6190476190476191,112
2023-06-04,1021,147,81,52,42,66,10,0.5510204081632653,0.8076923076923077,123
2023-06-05,1021,126,82,92,40,44,52,0.6507936507936508,0.43478260869565216,122
2023-06-06,1021,112,67,60,48,45,12,0.5982142857142857,0.8,115
2023-06-07,1021,130,84,90,43,46,47,0.6461538461538462,0.4777777777777778,127
2023-06-08,1021,148,82,81,43,66,38,0.5540540540540541,0.5308641975308642,125
2023-06-09,1021,146,72,97,43,74,54,0.4931506849315068,0.44329896907216493,115
2023-06-10,1021,119,88,82,46,31,36,0.7394957983193278,0.5609756097560976,134
2023-06-11,1021,131,79,57,48,52,9,0.6030534351145038,0.8421052631578947,127
2023-06-12,1021,130,92,94,31,38,63,0.7076923076923077,0.32978723404255317,123
2023-06-13,1021,120,81,82,49,39,33,0.675,0.5975609756097561,130
2023-06-14,1021,144,82,82,33,62,49,0.5694444444444444,0.4024390243902439,115
2023-06-15,1021,113,94,98,39,19,59,0.831858407079646,0.3979591836734694,133
2023-06-16,1021,115,75,56,38,40,18,0.6521739130434783,0.6785714285714286,113
2023-06-17,1021,114,80,80,42,34,38,0.7017543859649122,0.525,122
2023-06-18,1021,144,64,61,38,80,23,0.4444444444444444,0.6229508196721312,102
2023-06-19,1021,123,99,98,33,24,65,0.8048780487804879,0.336734693877551,132
2023-06-20,1021,147,64,67,32,83,35,0.43537414965986393,0.47761194029850745,96
2023-06-21,1021,112,95,84,42,17,42,0.8482142857142857,0.5,137
2023-06-22,1021,129,77,55,39,52,16,0.5968992248062015,0.7090909090909091,116
2023-06-23,1021,109,97,50,36,12,14,0.8899082568807339,0.72,133
2023-06-24,1021,139,67,85,36,72,49,0.48201438848920863,0.4235294117647059,103
2023-06-25,1021,140,77,51,45,63,6,0.55,0.8823529411764706,122
2023-06-26,1021,146,96,67,46,50,21,0.6575342465753424,0.6865671641791045,142
2023-06-27,1021,118,96,60,48,22,12,0.8135593220338984,0.8,144
2023-06-28,1021,146,87,91,42,59,49,0.5958904109589042,0.46153846153846156,129
2023-06-29,1021,104,64,76,47,40,29,0.6153846153846154,0.618421052631579,111
2023-06-30,1021,148,83,50,43,65,7,0.5608108108108109,0.86,126
2023-07-01,1021,106,78,57,53,28,4,0.7358490566037735,0.9298245614035088,131
2023-07-02,1021,119,72,50,47,47,3,0.6050420168067226,0.94,119
2023-07-03,1021,118,82,91,43,36,48,0.6949152542372882,0.4725274725274725,125
2023-07-04,1021,137,83,95,40,54,55,0.6058394160583942,0.42105263157894735,123
2023-07-05,1021,135,86,83,38,49,45,0.6370370370370371,0.4578313253012048,124
2023-07-06,1021,114,78,73,19,36,54,0.6842105263157895,0.2602739726027397,97
2023-07-07,1021,117,76,60,36,41,24,0.6495726495726496,0.6,112
2023-07-08,1021,108,92,92,52,16,40,0.8518518518518519,0.5652173913043478,144
2023-07-09,1021,124,78,85,37,46,48,0.6290322580645161,0.43529411764705883,115
2023-07-10,1021,108,74,52,39,34,13,0.6851851851851852,0.75,113
2023-07-11,1021,147,70,83,36,77,47,0.47619047619047616,0.43373493975903615,106
2023-07-12,1021,129,107,73,44,22,29,0.8294573643410853,0.6027397260273972,151
2023-07-13,1021,125,89,57,36,36,21,0.712,0.631578947368421,125
2023-07-14,1021,114,74,88,37,40,51,0.6491228070175439,0.42045454545454547,111
2023-07-15,1021,100,82,70,48,18,22,0.82,0.6857142857142857,130
2023-07-16,1021,125,90,92,33,35,59,0.72,0.358695652173913,123
2023-07-17,1021,128,73,99,45,55,54,0.5703125,0.45454545454545453,118
2023-07-18,1021,139,70,52,45,69,7,0.5035971223021583,0.8653846153846154,115
2023-07-19,1021,148,82,67,30,66,37,0.5540540540540541,0.44776119402985076,112
2023-07-20,1021,118,86,57,34,32,23,0.7288135593220338,0.5964912280701754,120
2023-07-21,1021,105,89,72,38,16,34,0.8476190476190476,0.5277777777777778,127
2023-07-22,1021,146,95,69,41,51,28,0.6506849315068494,0.5942028985507246,136
2023-07-23,1021,125,76,79,42,49,37,0.608,0.5316455696202531,118
2023-07-24,1021,111,68,52,47,43,5,0.6126126126126126,0.9038461538461539,115
2023-07-25,1021,104,80,92,39,24,53,0.7692307692307693,0.42391304347826086,119
2023-07-26,1021,138,76,55,38,62,17,0.5507246376811594,0.6909090909090909,114
2023-07-27,1021,100,82,79,42,18,37,0.82,0.5316455696202531,124
2023-07-28,1021,116,81,96,31,35,65,0.6982758620689655,0.3229166666666667,112
2023-07-29,1021,149,82,74,44,67,30,0.5503355704697986,0.5945945945945946,126
2023-07-30,1021,121,84,64,44,37,20,0.6942148760330579,0.6875,128
2023-07-31,1021,138,85,64,41,53,23,0.6159420289855072,0.640625,126
2023-08-01,1021,118,77,88,41,41,47,0.652542372881356,0.4659090909090909,118
2023-08-02,1021,111,73,56,35,38,21,0.6576576576576577,0.625,108
2023-08-03,1021,130,65,58,40,65,18,0.5,0.6896551724137931,105
2023-08-04,1021,147,92,51,42,55,9,0.6258503401360545,0.8235294117647058,134
2023-08-05,1021,112,74,79,36,38,43,0.6607142857142857,0.45569620253164556,110
2023-08-06,1021,120,76,74,39,44,35,0.6333333333333333,0.527027027027027,115
2023-08-07,1021,150,76,57,31,74,26,0.5066666666666667,0.543859649122807,107
2023-08-08,1021,104,76,61,42,28,19,0.7307692307692307,0.6885245901639344,118
2023-08-09,1021,138,88,85,41,50,44,0.6376811594202898,0.4823529411764706,129
2023-08-10,1021,133,78,68,31,55,37,0.5864661654135338,0.45588235294117646,109
2023-08-11,1021,129,89,61,45,40,16,0.689922480620155,0.7377049180327869,134
2023-08-12,1021,148,89,91,28,59,63,0.6013513513513513,0.3076923076923077,117
2023-08-13,1021,146,69,66,43,77,23,0.4726027397260274,0.6515151515151515,112
2023-08-14,1021,106,78,88,41,28,47,0.7358490566037735,0.4659090909090909,119
2023-08-15,1021,123,97,65,44,26,21,0.7886178861788617,0.676923076923077,141
2023-08-16,1021,122,84,77,52,38,25,0.6885245901639344,0.6753246753246753,136
2023-08-17,1021,139,79,55,30,60,25,0.5683453237410072,0.5454545454545454,109
2023-08-18,1021,117,75,91,50,42,41,0.6410256410256411,0.5494505494505495,125
2023-08-19,1021,124,76,74,39,48,35,0.6129032258064516,0.527027027027027,115
2023-08-20,1021,103,89,95,53,14,42,0.8640776699029126,0.5578947368421052,142
2023-08-21,1021,119,62,52,43,57,9,0.5210084033613446,0.8269230769230769,105
2023-08-22,1021,124,63,84,46,61,38,0.5080645161290323,0.5476190476190477,109
2023-08-23,1021,114,79,71,36,35,35,0.6929824561403509,0.5070422535211268,115
2023-08-24,1021,120,79,81,40,41,41,0.6583333333333333,0.49382716049382713,119
2023-08-25,1021,106,74,60,34,32,26,0.6981132075471698,0.5666666666666667,108
2023-08-26,1021,113,97,92,39,16,53,0.8584070796460177,0.42391304347826086,136
2023-08-27,1021,127,65,69,31,62,38,0.5118110236220472,0.4492753623188406,96
2023-08-28,1021,119,77,50,33,42,17,0.6470588235294118,0.66,110
2023-08-29,1021,141,84,57,35,57,22,0.5957446808510638,0.6140350877192983,119
2023-08-30,1021,148,89,94,41,59,53,0.6013513513513513,0.43617021276595747,130
2023-08-31,1021,129,90,63,34,39,29,0.6976744186046512,0.5396825396825397,124
2023-09-01,1021,141,78,77,36,63,41,0.5531914893617021,0.4675324675324675,114
2023-09-02,1021,140,70,76,56,70,20,0.5,0.7368421052631579,126
2023-09-03,1021,145,75,92,41,70,51,0.5172413793103449,0.44565217391304346,116
2023-09-04,1021,103,68,98,40,35,58,0.6601941747572816,0.40816326530612246,108
2023-09-05,1021,138,86,85,50,52,35,0.6231884057971014,0.5882352941176471,136
2023-09-06,1021,115,79,74,37,36,37,0.6869565217391305,0.5,116
2023-09-07,1021,130,85,91,40,45,51,0.6538461538461539,0.43956043956043955,125
2023-09-08,1021,136,91,100,41,45,59,0.6691176470588235,0.41,132
2023-09-09,1021,149,93,82,44,56,38,0.6241610738255033,0.5365853658536586,137
2023-09-10,1021,132,82,76,41,50,35,0.6212121212121212,0.5394736842105263,123
2023-09-11,1021,125,70,55,31,55,24,0.56,0.5636363636363636,101
2023-09-12,1021,101,79,53,35,22,18,0.7821782178217822,0.660377358490566,114
2023-09-13,1021,132,71,72,37,61,35,0.5378787878787878,0.5138888888888888,108
2023-09-14,1021,115,88,53,41,27,12,0.7652173913043478,0.7735849056603774,129
2023-09-15,1021,146,80,85,40,66,45,0.547945205479452,0.47058823529411764,120
2023-09-16,1021,134,67,61,29,67,32,0.5,0.47540983606557374,96
2023-09-17,1021,144,88,77,37,56,40,0.6111111111111112,0.4805194805194805,125
2023-09-18,1021,137,100,72,30,37,42,0.7299270072992701,0.4166666666666667,130
2023-09-19,1021,112,87,83,41,25,42,0.7767857142857143,0.4939759036144578,128
2023-09-20,1021,111,69,89,44,42,45,0.6216216216216216,0.4943820224719101,113
2023-09-21,1021,148,81,57,48,67,9,0.5472972972972973,0.8421052631578947,129
2023-09-22,1021,145,77,98,30,68,68,0.5310344827586206,0.30612244897959184,107
2023-09-23,1021,132,82,63,43,50,20,0.6212121212121212,0.6825396825396826,125
2023-09-24,1021,102,70,96,44,32,52,0.6862745098039216,0.4583333333333333,114
2023-09-25,1021,146,79,79,32,67,47,0.541095890410959,0.4050632911392405,111
2023-09-26,1021,135,85,74,42,50,32,0.6296296296296297,0.5675675675675675,127
2023-09-27,1021,101,89,75,45,12,30,0.8811881188118812,0.6,134
2023-09-28,1021,114,92,72,37,22,35,0.8070175438596491,0.5138888888888888,129
2023-09-29,1021,103,73,62,47,30,15,0.7087378640776699,0.7580645161290323,120
2023-09-30,1021,121,90,52,47,31,5,0.743801652892562,0.9038461538461539,137
2023-10-01,1021,113,85,60,31,28,29,0.7522123893805309,0.5166666666666667,116
2023-10-02,1021,123,81,97,42,42,55,0.6585365853658537,0.4329896907216495,123
2023-10-03,1021,148,84,81,41,64,40,0.5675675675675675,0.5061728395061729,125
2023-10-04,1021,126,97,68,43,29,25,0.7698412698412699,0.6323529411764706,140
2023-10-05,1021,113,80,98,45,33,53,0.7079646017699115,0.45918367346938777,125
2023-10-06,1021,135,102,85,46,33,39,0.7555555555555555,0.5411764705882353,148
2023-10-07,1021,131,71,73,34,60,39,0.5419847328244275,0.4657534246575342,105
2023-10-08,1021,110,93,95,39,17,56,0.8454545454545455,0.4105263157894737,132
2023-10-09,1021,144,68,89,44,76,45,0.4722222222222222,0.4943820224719101,112
2023-10-10,1021,130,85,88,40,45,48,0.6538461538461539,0.45454545454545453,125
2023-10-11,1021,132,103,60,39,29,21,0.7803030303030303,0.65,142
2023-10-12,1021,126,70,94,36,56,58,0.5555555555555556,0.3829787234042553,106
2023-10-13,1021,143,72,51,33,71,18,0.5034965034965035,0.6470588235294118,105
2023-10-14,1021,119,81,75,29,38,46,0.680672268907563,0.38666666666666666,110
2023-10-15,1021,140,75,80,35,65,45,0.5357142857142857,0.4375,110
2023-10-16,1021,148,75,99,43,73,56,0.5067567567567568,0.43434343434343436,118
2023-10-17,1021,121,79,74,41,42,33,0.6528925619834711,0.5540540540540541,120
2023-10-18,1021,115,92,69,50,23,19,0.8,0.7246376811594203,142
2023-10-19,1021,126,81,50,41,45,9,0.6428571428571429,0.82,122
2023-10-20,1021,126,75,63,45,51,18,0.5952380952380952,0.7142857142857143,120
2023-10-21,1021,115,82,95,43,33,52,0.7130434782608696,0.45263157894736844,125
2023-10-22,1021,135,69,79,31,66,48,0.5111111111111111,0.3924050632911392,100
2023-10-23,1021,134,95,95,26,39,69,0.7089552238805971,0.2736842105263158,121
2023-10-24,1021,137,84,76,43,53,33,0.6131386861313869,0.5657894736842105,127
2023-10-25,1021,124,75,51,51,49,0,0.6048387096774194,1,126
2023-10-26,1021,147,74,71,40,73,31,0.5034013605442177,0.5633802816901409,114
2023-10-27,1021,106,61,55,41,45,14,0.5754716981132075,0.7454545454545455,102
2023-10-28,1021,107,71,100,29,36,71,0.6635514018691588,0.29,100
2023-10-29,1021,127,92,65,36,35,29,0.7244094488188977,0.5538461538461539,128
2023-10-30,1021,148,85,86,41,63,45,0.5743243243243243,0.47674418604651164,126
2023-10-31,1021,110,71,91,32,39,59,0.6454545454545455,0.3516483516483517,103
2023-11-01,1021,138,79,65,47,59,18,0.572463768115942,0.7230769230769231,126
2023-11-02,1021,130,77,54,34,53,20,0.5923076923076923,0.6296296296296297,111
2023-11-03,1021,142,64,99,45,78,54,0.4507042253521127,0.45454545454545453,109
2023-11-04,1021,101,79,78,46,22,32,0.7821782178217822,0.5897435897435898,125
2023-11-05,1021,139,92,83,45,47,38,0.6618705035971223,0.54216867469879515,137
2023-11-06,1021,130,79,91,36,51,55,0.6076923076923076,0.3956043956043956,115
2023-11-07,1021,140,88,85,47,52,38,0.6285714285714286,0.5529411764705883,135
2023-11-08,1021,106,81,67,50,25,17,0.7641509433962265,0.746268656716418,131
2023-11-09,1021,139,82,72,28,57,44,0.5899280575539568,0.3888888888888889,110
2023-11-10,1021,127,67,90,55,60,35,0.5275590551181102,0.6111111111111112,122
2023-11-11,1021,119,80,59,33,39,26,0.6722689075630253,0.559322033898305,113
2023-11-12,1021,136,75,74,32,61,42,0.5514705882352942,0.43243243243243246,107
2023-11-13,1021,127,68,56,44,59,12,0.5354330708661418,0.7857142857142857,112
2023-11-14,1021,133,69,83,36,64,47,0.518796992481203,0.43373493975903615,105
2023-11-15,1021,121,68,97,37,53,60,0.5619834710743802,0.38144329896907214,105
2023-11-16,1021,107,85,61,44,22,17,0.794392523364486,0.7213114754098361,129
2023-11-17,1021,113,89,61,38,24,23,0.7876106194690266,0.6229508196721312,127
2023-11-18,1021,148,79,79,38,69,41,0.5337837837837838,0.4810126582278481,117
2023-11-19,1021,118,80,94,40,38,54,0.6779661016949152,0.425531914893617,120
2023-11-20,1021,115,85,90,40,30,50,0.7391304347826086,0.4444444444444444,125
2023-11-21,1021,142,83,64,31,59,33,0.5845070422535211,0.484375,114
2023-11-22,1021,140,80,69,47,60,22,0.5714285714285714,0.6811594202898551,127
2023-11-23,1021,122,76,77,35,46,42,0.6229508196721312,0.45454545454545453,111
2023-11-24,1021,103,74,51,32,29,19,0.7184466019417476,0.6274509803921569,106
2023-11-25,1021,114,85,54,45,29,9,0.7456140350877193,0.8333333333333334,130
2023-11-26,1021,108,98,77,36,10,41,0.9074074074074074,0.4675324675324675,134
2023-11-27,1021,112,80,97,41,32,56,0.7142857142857143,0.422680412371134,121
2023-11-28,1021,102,81,100,39,21,61,0.7941176470588235,0.39,120
2023-11-29,1021,108,70,82,41,38,41,0.6481481481481481,0.5,111
2023-11-30,1021,147,86,88,44,61,44,0.5850340136054422,0.5,130
2023-12-01,1021,113,99,65,29,14,36,0.8761061946902655,0.4461538461538462,128
2023-12-02,1021,134,87,66,45,47,21,0.6492537313432836,0.6818181818181818,132
2023-12-03,1021,110,109,65,37,1,28,0.990909090909091,0.5692307692307692,146
2023-12-04,1021,136,74,86,44,62,42,0.5441176470588235,0.5116279069767442,118
2023-12-05,1021,124,85,57,35,39,22,0.6854838709677419,0.6140350877192983,120
2023-12-06,1021,100,76,98,35,24,63,0.76,0.35714285714285715,111
2023-12-07,1021,145,92,90,36,53,54,0.6344827586206897,0.4,128
2023-12-08,1021,150,74,77,28,76,49,0.49333333333333335,0.36363636363636365,102
2023-12-09,1021,109,80,64,31,29,33,0.7339449541284404,0.484375,111
2023-12-10,1021,108,94,60,30,14,30,0.8703703703703703,0.5,124
2023-12-11,1021,144,80,84,32,64,52,0.5555555555555556,0.38095238095238093,112
2023-12-12,1021,147,71,93,40,76,53,0.48299319727891155,0.43010752688172044,111
2023-12-13,1021,100,92,67,37,8,30,0.92,0.5522388059701493,129
2023-12-14,1021,105,67,64,27,38,37,0.638095238095238,0.421875,94
2023-12-15,1021,132,81,91,44,51,47,0.6136363636363636,0.4835164835164835,125
2023-12-16,1021,131,59,76,49,72,27,0.45038167938931295,0.6447368421052632,108
2023-12-17,1021,121,80,75,35,41,40,0.6611570247933884,0.4666666666666667,115
2023-12-18,1021,100,74,75,47,26,28,0.74,0.6266666666666667,121
2023-12-19,1021,109,73,60,38,36,22,0.6697247706422018,0.6333333333333333,111
2023-12-20,1021,131,92,51,31,39,20,0.7022900763358778,0.6078431372549019,123
2023-12-21,1021,128,79,96,32,49,64,0.6171875,0.3333333333333333,111
2023-12-22,1021,120,76,61,29,44,32,0.6333333333333333,0.47540983606557374,105
2023-12-23,1021,136,78,76,39,58,37,0.5735294117647058,0.5131578947368421,117
2023-12-24,1021,110,94,62,32,16,30,0.8545454545454545,0.5161290322580645,126
2023-12-25,1021,114,89,56,47,25,9,0.7807017543859649,0.8392857142857143,136
2023-12-26,1021,117,71,82,53,46,29,0.6068376068376068,0.6463414634146342,124
2023-12-27,1021,109,81,58,46,28,12,0.7431192660550459,0.7931034482758621,127
2023-12-28,1021,133,80,85,37,53,48,0.6015037593984962,0.43529411764705883,117
2023-12-29,1021,105,78,58,44,27,14,0.7428571428571429,0.7586206896551724,122
2023-12-30,1021,100,92,60,29,8,31,0.92,0.48333333333333334,121
2023-12-31,1021,145,68,64,40,77,24,0.4689655172413793,0.625,108
2023-01-01,1022,129,68,76,34,61,42,0.5271317829457365,0.4473684210526316,102
2023-01-02,1022,122,95,57,43,27,14,0.7786885245901639,0.7543859649122807,138
2023-01-03,1022,122,87,55,26,35,29,0.7131147540983607,0.4727272727272727,113
2023-01-04,1022,111,73,50,46,38,4,0.6576576576576577,0.92,119
2023-01-05,1022,110,74,99,47,36,52,0.6727272727272727,0.47474747474747475,121
2023-01-06,1022,142,86,67,35,56,32,0.6056338028169014,0.5223880597014925,121
2023-01-07,1022,127,77,68,35,50,33,0.6062992125984252,0.5147058823529411,112
2023-01-08,1022,134,81,82,44,53,38,0.6044776119402985,0.5365853658536586,125
2023-01-09,1022,148,89,78,35,59,43,0.6013513513513513,0.44871794871794873,124
2023-01-10,1022,130,84,60,39,46,21,0.6461538461538462,0.65,123
2023-01-11,1022,116,80,87,41,36,46,0.6896551724137931,0.47126436781609193,121
2023-01-12,1022,110,65,88,47,45,41,0.5909090909090909,0.5340909090909091,112
2023-01-13,1022,107,75,95,47,32,48,0.7009345794392523,0.49473684210526314,122
2023-01-14,1022,117,78,79,41,39,38,0.6666666666666666,0.5189873417721519,119
2023-01-15,1022,124,79,56,32,45,24,0.6370967741935484,0.5714285714285714,111
2023-01-16,1022,138,97,69,48,41,21,0.7028985507246377,0.6956521739130435,145
2023-01-17,1022,108,62,62,43,46,19,0.5740740740740741,0.6935483870967742,105
2023-01-18,1022,133,94,77,28,39,49,0.706766917293233,0.36363636363636365,122
2023-01-19,1022,106,77,75,42,29,33,0.7264150943396226,0.56,119
2023-01-20,1022,121,85,81,41,36,40,0.7024793388429752,0.5061728395061729,126
2023-01-21,1022,128,80,95,43,48,52,0.625,0.45263157894736844,123
2023-01-22,1022,136,80,97,38,56,59,0.5882352941176471,0.3917525773195876,118
2023-01-23,1022,137,89,96,36,48,60,0.6496350364963503,0.375,125
2023-01-24,1022,143,82,98,56,61,42,0.5734265734265734,0.5714285714285714,138
2023-01-25,1022,125,80,74,36,45,38,0.64,0.4864864864864865,116
2023-01-26,1022,103,72,78,62,31,16,0.6990291262135923,0.7948717948717948,134
2023-01-27,1022,128,83,58,40,45,18,0.6484375,0.6896551724137931,123
2023-01-28,1022,134,92,54,34,42,20,0.6865671641791045,0.6296296296296297,126
2023-01-29,1022,149,76,50,32,73,18,0.5100671140939598,0.64,108
2023-01-30,1022,148,85,51,41,63,10,0.5743243243243243,0.803921568627451,126
2023-01-31,1022,150,79,87,40,71,47,0.5266666666666666,0.45977011494252873,119
2023-02-01,1022,145,85,61,36,60,25,0.5862068965517241,0.5901639344262295,121
2023-02-02,1022,132,73,75,46,59,29,0.553030303030303,0.6133333333333333,119
2023-02-03,1022,132,70,72,41,62,31,0.5303030303030303,0.5694444444444444,111
2023-02-04,1022,120,88,58,40,32,18,0.7333333333333333,0.6896551724137931,128
2023-02-05,1022,108,77,70,29,31,41,0.7129629629629629,0.4142857142857143,106
2023-02-06,1022,124,78,74,50,46,24,0.6290322580645161,0.6756756756756757,128
2023-02-07,1022,125,76,71,46,49,25,0.608,0.647887323943662,122
2023-02-08,1022,145,73,56,45,72,11,0.503448275862069,0.8035714285714286,118
2023-02-09,1022,150,79,84,34,71,50,0.5266666666666666,0.40476190476190477,113
2023-02-10,1022,100,99,77,32,1,45,0.99,0.4155844155844156,131
2023-02-11,1022,146,76,70,32,70,38,0.5205479452054794,0.45714285714285713,108
2023-02-12,1022,143,105,76,45,38,31,0.7342657342657343,0.5921052631578947,150
2023-02-13,1022,150,74,71,39,76,32,0.49333333333333335,0.5492957746478874,113
2023-02-14,1022,135,86,54,44,49,10,0.6370370370370371,0.8148148148148148,130
2023-02-15,1022,110,79,75,45,31,30,0.7181818181818181,0.6,124
2023-02-16,1022,109,97,63,35,12,28,0.8899082568807339,0.5555555555555556,132
2023-02-17,1022,103,92,98,35,11,63,0.8932038834951457,0.35714285714285715,127
2023-02-18,1022,111,85,73,31,26,42,0.7657657657657657,0.4246575342465753,116
2023-02-19,1022,150,86,59,38,64,21,0.5733333333333334,0.6440677966101694,124
2023-02-20,1022,100,83,68,36,17,32,0.83,0.5294117647058824,119
2023-02-21,1022,136,100,58,47,36,11,0.7352941176470589,0.8103448275862069,147
2023-02-22,1022,148,89,65,23,59,42,0.6013513513513513,0.35384615384615387,112
2023-02-23,1022,112,83,63,49,29,14,0.7410714285714286,0.7777777777777778,132
2023-02-24,1022,150,83,83,31,67,52,0.5533333333333333,0.37349397590361444,114
2023-02-25,1022,124,73,52,40,51,12,0.5887096774193549,0.7692307692307693,113
2023-02-26,1022,147,87,86,41,60,45,0.5918367346938775,0.47674418604651164,128
2023-02-27,1022,146,82,54,43,64,11,0.5616438356164384,0.7962962962962963,125
2023-02-28,1022,130,87,71,24,43,47,0.6692307692307692,0.3380281690140845,111
2023-03-01,1022,150,70,82,48,80,34,0.4666666666666667,0.5853658536585366,118
2023-03-02,1022,136,88,61,47,48,14,0.6470588235294118,0.7704918032786885,135
2023-03-03,1022,127,87,54,43,40,11,0.6850393700787402,0.7962962962962963,130
2023-03-04,1022,107,80,79,32,27,47,0.7476635514018691,0.4050632911392405,112
2023-03-05,1022,138,75,63,47,63,16,0.5434782608695652,0.746031746031746,122
2023-03-06,1022,130,76,60,47,54,13,0.5846153846153846,0.7833333333333333,123
2023-03-07,1022,108,70,66,33,38,33,0.6481481481481481,0.5,103
2023-03-08,1022,144,79,60,40,65,20,0.5486111111111112,0.6666666666666666,119
2023-03-09,1022,138,82,90,41,56,49,0.5942028985507246,0.45555555555555555,123
2023-03-10,1022,109,74,65,27,35,38,0.6788990825688074,0.4153846153846154,101
2023-03-11,1022,102,68,54,38,34,16,0.6666666666666666,0.7037037037037037,106
2023-03-12,1022,124,86,62,42,38,20,0.6935483870967742,0.6774193548387096,128
2023-03-13,1022,114,101,57,36,13,21,0.8859649122807017,0.631578947368421,137
2023-03-14,1022,149,85,60,55,64,5,0.5704697986577181,0.9166666666666666,140
2023-03-15,1022,109,78,62,44,31,18,0.7155963302752294,0.7096774193548387,122
2023-03-16,1022,137,90,73,42,47,31,0.656934306569343,0.5753424657534246,132
2023-03-17,1022,142,71,80,43,71,37,0.5,0.5375,114
2023-03-18,1022,142,88,99,29,54,70,0.6197183098591549,0.29292929292929293,117
2023-03-19,1022,105,71,67,39,34,28,0.6761904761904762,0.582089552238806,110
2023-03-20,1022,132,77,99,37,55,62,0.5833333333333334,0.37373737373737376,114
2023-03-21,1022,106,84,89,37,22,52,0.7924528301886793,0.4157303370786517,121
2023-03-22,1022,102,71,83,36,31,47,0.696078431372549,0.43373493975903615,107
2023-03-23,1022,133,78,87,35,55,52,0.5864661654135338,0.40229885057471265,113
2023-03-24,1022,124,77,50,44,47,6,0.6209677419354839,0.88,121
2023-03-25,1022,138,64,91,46,74,45,0.463768115942029,0.5054945054945055,110
2023-03-26,1022,144,90,90,30,54,60,0.625,0.3333333333333333,120
2023-03-27,1022,142,82,99,40,60,59,0.5774647887323944,0.40404040404040403,122
2023-03-28,1022,145,82,68,28,63,40,0.5655172413793104,0.4117647058823529,110
2023-03-29,1022,142,83,93,44,59,49,0.5845070422535211,0.4731182795698925,127
2023-03-30,1022,109,77,95,48,32,47,0.7064220183486238,0.5052631578947369,125
2023-03-31,1022,110,95,59,35,15,24,0.8636363636363636,0.5932203389830508,130
2023-04-01,1022,125,91,81,41,34,40,0.728,0.5061728395061729,132
2023-04-02,1022,132,66,67,43,66,24,0.5,0.6417910447761194,109
2023-04-03,1022,121,71,76,29,50,47,0.5867768595041323,0.3815789473684211,100
2023-04-04,1022,149,86,78,47,63,31,0.5771812080536913,0.6025641025641025,133
2023-04-05,1022,136,93,77,50,43,27,0.6838235294117647,0.6493506493506493,143
2023-04-06,1022,131,81,92,48,50,44,0.6183206106870229,0.5217391304347826,129
2023-04-07,1022,117,93,85,35,24,50,0.7948717948717948,0.4117647058823529,128
2023-04-08,1022,149,97,86,33,52,53,0.6510067114093959,0.38372093023255816,130
2023-04-09,1022,139,85,62,34,54,28,0.6115107913669064,0.5483870967741935,119
2023-04-10,1022,104,91,94,32,13,62,0.875,0.3404255319148936,123
2023-04-11,1022,104,87,57,35,17,22,0.8365384615384616,0.6140350877192983,122
2023-04-12,1022,105,89,86,30,16,56,0.8476190476190476,0.3488372093023256,119
2023-04-13,1022,136,66,98,35,70,63,0.4852941176470588,0.35714285714285715,101
2023-04-14,1022,150,76,66,43,74,23,0.5066666666666667,0.6515151515151515,119
2023-04-15,1022,122,77,91,38,45,53,0.6311475409836066,0.4175824175824176,115
2023-04-16,1022,148,82,52,34,66,18,0.5540540540540541,0.6538461538461539,116
2023-04-17,1022,143,83,61,43,60,18,0.5804195804195804,0.7049180327868853,126
2023-04-18,1022,119,70,88,46,49,42,0.5882352941176471,0.5227272727272727,116
2023-04-19,1022,118,98,54,39,20,15,0.8305084745762712,0.7222222222222222,137
2023-04-20,1022,148,76,51,36,72,15,0.5135135135135135,0.7058823529411765,112
2023-04-21,1022,103,58,50,40,45,10,0.5631067961165048,0.8,98
2023-04-22,1022,149,76,80,36,73,44,0.5100671140939598,0.45,112
2023-04-23,1022,126,79,52,41,47,11,0.626984126984127,0.7884615384615384,120
2023-04-24,1022,136,86,88,42,50,46,0.6323529411764706,0.4772727272727273,128
2023-04-25,1022,107,80,75,40,27,35,0.7476635514018691,0.5333333333333333,120
2023-04-26,1022,129,89,100,33,40,67,0.689922480620155,0.33,122
2023-04-27,1022,101,90,89,40,11,49,0.8910891089108911,0.449438202247191,130
2023-04-28,1022,101,71,93,51,30,42,0.7029702970297029,0.5483870967741935,122
2023-04-29,1022,142,84,88,45,58,43,0.5915492957746479,0.5113636363636364,129
2023-04-30,1022,120,72,63,46,48,17,0.6,0.7301587301587301,118
2023-05-01,1022,109,86,66,35,23,31,0.7889908256880734,0.5303030303030303,121
2023-05-02,1022,140,67,96,40,73,56,0.4785714285714286,0.4166666666666667,107
2023-05-03,1022,122,84,50,50,38,0,0.6885245901639344,1,134
2023-05-04,1022,114,82,72,32,32,40,0.7192982456140351,0.4444444444444444,114
2023-05-05,1022,109,81,70,41,28,29,0.7431192660550459,0.5857142857142857,122
2023-05-06,1022,111,95,86,41,16,45,0.8558558558558559,0.47674418604651164,136
2023-05-07,1022,129,68,66,44,61,22,0.5271317829457365,0.6666666666666666,112
2023-05-08,1022,101,76,56,44,25,12,0.7524752475247525,0.7857142857142857,120
2023-05-09,1022,130,69,55,29,61,26,0.5307692307692308,0.5272727272727272,98
2023-05-10,1022,130,91,94,42,39,52,0.7,0.44680851063829785,133
2023-05-11,1022,128,97,63,30,31,33,0.7578125,0.47619047619047616,127
2023-05-12,1022,129,76,67,37,53,30,0.5891472868217055,0.5522388059701493,113
2023-05-13,1022,124,73,52,43,51,9,0.5887096774193549,0.8269230769230769,116
2023-05-14,1022,112,70,87,48,42,39,0.625,0.5517241379310345,118
2023-05-15,1022,148,71,52,37,77,15,0.4797297297297297,0.7115384615384616,108
2023-05-16,1022,135,86,68,44,49,24,0.6370370370370371,0.6470588235294118,130
2023-05-17,1022,145,73,59,29,72,30,0.503448275862069,0.4915254237288136,102
2023-05-18,1022,106,75,81,60,31,21,0.7075471698113207,0.7407407407407407,135
2023-05-19,1022,149,82,79,42,67,37,0.5503355704697986,0.5316455696202531,124
2023-05-20,1022,117,73,70,43,44,27,0.6239316239316239,0.6142857142857143,116
2023-05-21,1022,109,86,76,36,23,40,0.7889908256880734,0.47368421052631576,122
2023-05-22,1022,103,84,83,45,19,38,0.8155339805825242,0.54216867469879515,129
2023-05-23,1022,133,83,72,44,50,28,0.6240601503759399,0.6111111111111112,127
2023-05-24,1022,110,77,98,41,33,57,0.7,0.41836734693877553,118
2023-05-25,1022,108,72,92,35,36,57,0.6666666666666666,0.3804347826086957,107
2023-05-26,1022,111,83,58,48,28,10,0.7477477477477478,0.8275862068965517,131
2023-05-27,1022,122,82,55,46,40,9,0.6721311475409836,0.8363636363636363,128
2023-05-28,1022,127,75,81,38,52,43,0.5905511811023622,0.4691358024691358,113
2023-05-29,1022,145,88,85,36,57,49,0.6068965517241379,0.4235294117647059,124
2023-05-30,1022,102,77,92,39,25,53,0.7549019607843137,0.42391304347826086,116
2023-05-31,1022,108,79,97,41,29,56,0.7314814814814815,0.422680412371134,120
2023-06-01,1022,114,88,95,34,26,61,0.7719298245614035,0.35789473684210527,122
2023-06-02,1022,103,79,69,53,24,16,0.7669902912621359,0.7681159420289855,132
2023-06-03,1022,144,85,79,45,59,34,0.5902777777777778,0.569620253164557,130
2023-06-04,1022,123,77,60,42,46,18,0.6260162601626016,0.7,119
2023-06-05,1022,139,76,56,46,63,10,0.5467625899280576,0.8214285714285714,122
2023-06-06,1022,147,78,75,49,69,26,0.5306122448979592,0.6533333333333333,127
2023-06-07,1022,102,95,68,41,7,27,0.9313725490196079,0.6029411764705882,136
2023-06-08,1022,110,73,64,56,37,8,0.6636363636363637,0.875,129
2023-06-09,1022,103,89,94,31,14,63,0.8640776699029126,0.32978723404255317,120
2023-06-10,1022,103,95,53,42,8,11,0.9223300970873787,0.7924528301886793,137
2023-06-11,1022,119,93,86,43,26,43,0.7815126050420168,0.5,136
2023-06-12,1022,130,80,74,49,50,25,0.6153846153846154,0.6621621621621622,129
2023-06-13,1022,113,79,52,40,34,12,0.6991150442477876,0.7692307692307693,119
2023-06-14,1022,101,69,61,28,32,33,0.6831683168316832,0.45901639344262296,97
2023-06-15,1022,105,89,88,44,16,44,0.8476190476190476,0.5,133
2023-06-16,1022,123,87,86,39,36,47,0.7073170731707317,0.45348837209302323,126
2023-06-17,1022,132,86,96,29,46,67,0.6515151515151515,0.3020833333333333,115
2023-06-18,1022,111,74,63,38,37,25,0.6666666666666666,0.6031746031746031,112
2023-06-19,1022,144,77,53,37,67,16,0.5347222222222222,0.6981132075471698,114
2023-06-20,1022,138,85,52,37,53,15,0.6159420289855072,0.7115384615384616,122
2023-06-21,1022,105,85,93,38,20,55,0.8095238095238095,0.40860215053763443,123
2023-06-22,1022,116,91,98,40,25,58,0.7844827586206896,0.40816326530612246,131
2023-06-23,1022,146,85,65,45,61,20,0.5821917808219178,0.6923076923076923,130
2023-06-24,1022,139,89,54,32,50,22,0.6402877697841727,0.5925925925925926,121
2023-06-25,1022,113,77,79,36,36,43,0.6814159292035398,0.45569620253164556,113
2023-06-26,1022,116,61,66,44,55,22,0.5258620689655172,0.6666666666666666,105
2023-06-27,1022,125,77,60,46,48,14,0.616,0.7666666666666667,123
2023-06-28,1022,125,78,78,43,47,35,0.624,0.5512820512820513,121
2023-06-29,1022,100,72,92,40,28,52,0.72,0.43478260869565216,112
2023-06-30,1022,134,74,68,36,60,32,0.5522388059701493,0.5294117647058824,110
2023-07-01,1022,122,83,92,45,39,47,0.680327868852459,0.4891304347826087,128
2023-07-02,1022,133,91,89,49,42,40,0.6842105263157895,0.550561797752809,140
2023-07-03,1022,146,79,97,40,67,57,0.541095890410959,0.41237113402061853,119
2023-07-04,1022,137,77,100,51,60,49,0.5620437956204379,0.51,128
2023-07-05,1022,108,87,73,40,21,33,0.8055555555555556,0.547945205479452,127
2023-07-06,1022,137,91,88,38,46,50,0.6642335766423357,0.4318181818181818,129
2023-07-07,1022,131,73,69,37,58,32,0.5572519083969466,0.5362318840579711,110
2023-07-08,1022,100,82,88,34,18,54,0.82,0.38636363636363635,116
2023-07-09,1022,105,58,63,46,47,17,0.5523809523809524,0.7301587301587301,104
2023-07-10,1022,150,80,87,30,70,57,0.5333333333333333,0.3448275862068966,110
2023-07-11,1022,113,83,61,38,30,23,0.7345132743362832,0.6229508196721312,121
2023-07-12,1022,113,91,87,36,22,51,0.8053097345132744,0.41379310344827586,127
2023-07-13,1022,123,71,72,47,52,25,0.5772357723577236,0.6527777777777778,118
2023-07-14,1022,150,88,61,38,62,23,0.5866666666666667,0.6229508196721312,126
2023-07-15,1022,105,96,84,35,9,49,0.9142857142857143,0.4166666666666667,131
2023-07-16,1022,146,93,77,43,53,34,0.636986301369863,0.5584415584415584,136
2023-07-17,1022,134,77,100,45,57,55,0.5746268656716418,0.45,122
2023-07-18,1022,142,63,100,50,79,50,0.44366197183098594,0.5,113
2023-07-19,1022,116,77,65,37,39,28,0.6637931034482759,0.5692307692307692,114
2023-07-20,1022,103,97,94,41,6,53,0.941747572815534,0.43617021276595747,138
2023-07-21,1022,103,68,93,42,35,51,0.6601941747572816,0.45161290322580644,110
2023-07-22,1022,146,86,62,39,60,23,0.589041095890411,0.6290322580645161,125
2023-07-23,1022,123,79,98,37,44,61,0.6422764227642277,0.37755102040816324,116
2023-07-24,1022,103,91,70,43,12,27,0.883495145631068,0.6142857142857143,134
2023-07-25,1022,141,80,72,48,61,24,0.5673758865248227,0.6666666666666666,128
2023-07-26,1022,144,64,94,41,80,53,0.4444444444444444,0.43617021276595747,105
2023-07-27,1022,149,63,84,42,86,42,0.4228187919463087,0.5,105
2023-07-28,1022,104,59,96,45,45,51,0.5673076923076923,0.46875,104
2023-07-29,1022,141,62,55,34,79,21,0.4397163120567376,0.6181818181818182,96
2023-07-30,1022,110,88,89,34,22,55,0.8,0.38202247191011235,122
2023-07-31,1022,111,68,59,49,43,10,0.6126126126126126,0.8305084745762712,117
2023-08-01,1022,150,81,63,32,69,31,0.54,0.5079365079365079,113
2023-08-02,1022,150,92,52,38,58,14,0.6133333333333333,0.7307692307692307,130
2023-08-03,1022,110,66,51,29,44,22,0.6,0.5686274509803921,95
2023-08-04,1022,144,73,58,22,71,36,0.5069444444444444,0.3793103448275862,95
2023-08-05,1022,128,77,76,43,51,33,0.6015625,0.5657894736842105,120
2023-08-06,1022,132,88,90,34,44,56,0.6666666666666666,0.37777777777777777,122
2023-08-07,1022,128,64,87,29,64,58,0.5,0.3333333333333333,93
2023-08-08,1022,136,58,63,41,78,22,0.4264705882352941,0.6507936507936508,99
2023-08-09,1022,122,80,73,51,42,22,0.6557377049180327,0.6986301369863014,131
2023-08-10,1022,145,91,57,46,54,11,0.6275862068965518,0.8070175438596491,137
2023-08-11,1022,127,78,84,34,49,50,0.6141732283464567,0.40476190476190477,112
2023-08-12,1022,123,63,95,51,60,44,0.5121951219512195,0.5368421052631579,114
2023-08-13,1022,108,101,94,50,7,44,0.9351851851851852,0.5319148936170213,151
2023-08-14,1022,119,84,63,43,35,20,0.7058823529411765,0.6825396825396826,127
2023-08-15,1022,134,83,55,42,51,13,0.6194029850746269,0.7636363636363637,125
2023-08-16,1022,110,76,74,39,34,35,0.6909090909090909,0.527027027027027,115
2023-08-17,1022,107,58,71,41,49,30,0.5420560747663551,0.5774647887323944,99
2023-08-18,1022,146,90,82,39,56,43,0.6164383561643836,0.47560975609756095,129
2023-08-19,1022,144,112,90,39,32,51,0.7777777777777778,0.43333333333333335,151
2023-08-20,1022,139,71,88,36,68,52,0.5107913669064749,0.4090909090909091,107
2023-08-21,1022,136,92,68,37,44,31,0.6764705882352942,0.5441176470588235,129
2023-08-22,1022,103,100,53,45,3,8,0.970873786407767,0.8490566037735849,145
2023-08-23,1022,112,67,53,47,45,6,0.5982142857142857,0.8867924528301887,114
2023-08-24,1022,147,76,87,41,71,46,0.5170068027210885,0.47126436781609193,117
2023-08-25,1022,126,89,64,46,37,18,0.7063492063492064,0.71875,135
2023-08-26,1022,107,75,86,46,32,40,0.7009345794392523,0.5348837209302325,121
2023-08-27,1022,119,77,93,35,42,58,0.6470588235294118,0.3763440860215054,112
2023-08-28,1022,114,79,82,33,35,49,0.6929824561403509,0.4024390243902439,112
2023-08-29,1022,107,77,51,44,30,7,0.719626168224299,0.8627450980392157,121
2023-08-30,1022,140,78,66,34,62,32,0.5571428571428572,0.5151515151515151,112
2023-08-31,1022,140,94,62,35,46,27,0.6714285714285714,0.5645161290322581,129
2023-09-01,1022,113,84,84,48,29,36,0.7433628318584071,0.5714285714285714,132
2023-09-02,1022,116,81,77,30,35,47,0.6982758620689655,0.38961038961038963,111
2023-09-03,1022,111,88,85,36,23,49,0.7927927927927928,0.4235294117647059,124
2023-09-04,1022,114,76,100,46,38,54,0.6666666666666666,0.46,122
2023-09-05,1022,123,72,67,45,51,22,0.5853658536585366,0.6716417910447762,117
2023-09-06,1022,131,84,70,43,47,27,0.6412213740458015,0.6142857142857143,127
2023-09-07,1022,134,82,76,38,52,38,0.6119402985074627,0.5,120
2023-09-08,1022,105,79,50,32,26,18,0.7523809523809524,0.64,111
2023-09-09,1022,138,88,57,44,50,13,0.6376811594202898,0.7719298245614035,132
2023-09-10,1022,134,88,100,32,46,68,0.6567164179104478,0.32,120
2023-09-11,1022,133,74,69,36,59,33,0.556390977443609,0.5217391304347826,110
2023-09-12,1022,140,77,86,39,63,47,0.55,0.45348837209302323,116
2023-09-13,1022,102,76,76,31,26,45,0.7450980392156863,0.40789473684210525,107
2023-09-14,1022,146,78,67,37,68,30,0.5342465753424658,0.5522388059701493,115
2023-09-15,1022,101,80,77,41,21,36,0.7920792079207921,0.5324675324675324,121
2023-09-16,1022,141,99,54,42,42,12,0.7021276595744681,0.7777777777777778,141
2023-09-17,1022,119,70,82,38,49,44,0.5882352941176471,0.4634146341463415,108
2023-09-18,1022,114,75,57,43,39,14,0.6578947368421053,0.7543859649122807,118
2023-09-19,1022,127,87,62,34,40,28,0.6850393700787402,0.5483870967741935,121
2023-09-20,1022,104,74,73,38,30,35,0.7115384615384616,0.5205479452054794,112
2023-09-21,1022,131,69,64,34,62,30,0.5267175572519084,0.53125,103
2023-09-22,1022,148,94,66,32,54,34,0.6351351351351351,0.48484848484848486,126
2023-09-23,1022,119,80,93,38,39,55,0.6722689075630253,0.40860215053763443,118
2023-09-24,1022,113,64,53,36,49,17,0.5663716814159292,0.6792452830188679,100
2023-09-25,1022,137,71,80,38,66,42,0.5182481751824818,0.475,109
2023-09-26,1022,106,74,90,48,32,42,0.6981132075471698,0.5333333333333333,122
2023-09-27,1022,134,76,60,35,58,25,0.5671641791044776,0.5833333333333334,111
2023-09-28,1022,127,89,60,39,38,21,0.7007874015748031,0.65,128
2023-09-29,1022,143,100,94,35,43,59,0.6993006993006993,0.3723404255319149,135
2023-09-30,1022,103,89,81,37,14,44,0.8640776699029126,0.4567901234567901,126
2023-10-01,1022,133,84,74,47,49,27,0.631578947368421,0.6351351351351351,131
2023-10-02,1022,127,76,95,44,51,51,0.5984251968503937,0.4631578947368421,120
2023-10-03,1022,109,94,77,41,15,36,0.8623853211009175,0.5324675324675324,135
2023-10-04,1022,124,81,63,48,43,15,0.6532258064516129,0.7619047619047619,129
2023-10-05,1022,121,87,88,36,34,52,0.71900826446281,0.4090909090909091,123
2023-10-06,1022,120,89,55,43,31,12,0.7416666666666667,0.7818181818181819,132
2023-10-07,1022,108,79,66,49,29,17,0.7314814814814815,0.7424242424242424,128
2023-10-08,1022,110,69,60,39,41,21,0.6272727272727273,0.65,108
2023-10-09,1022,138,71,64,30,67,34,0.5144927536231884,0.46875,101
2023-10-10,1022,148,72,56,46,76,10,0.4864864864864865,0.8214285714285714,118
2023-10-11,1022,117,81,53,38,36,15,0.6923076923076923,0.71698113207547165,119
2023-10-12,1022,133,67,59,44,66,15,0.5037593984962406,0.7457627118644068,111
2023-10-13,1022,114,81,84,45,33,39,0.7105263157894737,0.5357142857142857,126
2023-10-14,1022,113,78,86,37,35,49,0.6902654867256637,0.43023255813953487,115
2023-10-15,1022,108,71,97,39,37,58,0.6574074074074074,0.4020618556701031,110
2023-10-16,1022,111,78,88,37,33,51,0.7027027027027027,0.42045454545454547,115
2023-10-17,1022,118,70,91,39,48,52,0.5932203389830508,0.42857142857142855,109
2023-10-18,1022,145,88,56,34,57,22,0.6068965517241379,0.6071428571428571,122
2023-10-19,1022,144,83,80,36,61,44,0.5763888888888888,0.45,119
2023-10-20,1022,121,78,57,37,43,20,0.6446280991735537,0.6491228070175439,115
2023-10-21,1022,100,81,94,41,19,53,0.81,0.43617021276595747,122
2023-10-22,1022,120,78,63,35,42,28,0.65,0.5555555555555556,113
2023-10-23,1022,145,69,69,45,76,24,0.47586206896551725,0.6521739130434783,114
2023-10-24,1022,115,76,95,34,39,61,0.6608695652173913,0.35789473684210527,110
2023-10-25,1022,124,104,98,54,20,44,0.8387096774193549,0.5510204081632653,158
2023-10-26,1022,146,80,89,36,66,53,0.547945205479452,0.4044943820224719,116
2023-10-27,1022,108,61,87,44,47,43,0.5648148148148148,0.5057471264367817,105
2023-10-28,1022,118,69,76,43,49,33,0.5847457627118644,0.5657894736842105,112
2023-10-29,1022,108,74,73,42,34,31,0.6851851851851852,0.5753424657534246,116
2023-10-30,1022,109,87,55,36,22,19,0.7981651376146789,0.6545454545454545,123
2023-10-31,1022,140,84,72,28,56,44,0.6,0.3888888888888889,112
2023-11-01,1022,117,64,76,45,53,31,0.5470085470085471,0.5921052631578947,109
2023-11-02,1022,144,84,55,38,60,17,0.5833333333333334,0.6909090909090909,122
2023-11-03,1022,104,99,95,42,5,53,0.9519230769230769,0.4421052631578947,141
2023-11-04,1022,150,75,52,36,75,16,0.5,0.6923076923076923,111
2023-11-05,1022,105,88,88,34,17,54,0.8380952380952381,0.38636363636363635,122
2023-11-06,1022,128,90,92,45,38,47,0.703125,0.4891304347826087,135
2023-11-07,1022,128,77,63,35,51,28,0.6015625,0.5555555555555556,112
2023-11-08,1022,137,72,84,31,65,53,0.5255474452554745,0.36904761904761907,103
2023-11-09,1022,144,90,77,54,54,23,0.625,0.7012987012987013,144
2023-11-10,1022,135,83,64,39,52,25,0.6148148148148148,0.609375,122
2023-11-11,1022,137,79,81,43,58,38,0.5766423357664233,0.5308641975308642,122
2023-11-12,1022,117,99,57,34,18,23,0.8461538461538461,0.5964912280701754,133
2023-11-13,1022,113,84,83,49,29,34,0.7433628318584071,0.5903614457831325,133
2023-11-14,1022,130,90,81,38,40,43,0.6923076923076923,0.4691358024691358,128
2023-11-15,1022,100,88,80,36,12,44,0.88,0.45,124
2023-11-16,1022,126,87,53,45,39,8,0.6904761904761905,0.8490566037735849,132
2023-11-17,1022,122,84,72,49,38,23,0.6885245901639344,0.6805555555555556,133
2023-11-18,1022,143,93,94,39,50,55,0.6503496503496503,0.4148936170212766,132
2023-11-19,1022,131,66,70,44,65,26,0.5038167938931297,0.6285714285714286,110
2023-11-20,1022,134,78,80,53,56,27,0.582089552238806,0.6625,131
2023-11-21,1022,134,89,88,45,45,43,0.664179104477612,0.5113636363636364,134
2023-11-22,1022,123,84,58,28,39,30,0.6829268292682927,0.4827586206896552,112
2023-11-23,1022,107,56,80,44,51,36,0.5233644859813084,0.55,100
2023-11-24,1022,135,88,100,40,47,60,0.6518518518518519,0.4,128
2023-11-25,1022,148,76,59,42,72,17,0.5135135135135135,0.711864406779661,118
2023-11-26,1022,122,68,86,45,54,41,0.5573770491803278,0.5232558139534884,113
2023-11-27,1022,110,66,81,46,44,35,0.6,0.5679012345679012,112
2023-11-28,1022,120,86,74,30,34,44,0.7166666666666667,0.40540540540540543,116
2023-11-29,1022,106,86,72,40,20,32,0.8113207547169812,0.5555555555555556,126
2023-11-30,1022,114,70,72,38,44,34,0.6140350877192983,0.5277777777777778,108
2023-12-01,1022,132,79,97,44,53,53,0.5984848484848485,0.4536082474226804,123
2023-12-02,1022,101,101,54,38,0,16,1,0.7037037037037037,139
2023-12-03,1022,103,92,82,30,11,52,0.8932038834951457,0.36585365853658536,122
2023-12-04,1022,135,87,62,38,48,24,0.6444444444444445,0.6129032258064516,125
2023-12-05,1022,146,77,96,55,69,41,0.5273972602739726,0.5729166666666666,132
2023-12-06,1022,138,89,78,47,49,31,0.644927536231884,0.6025641025641025,136
2023-12-07,1022,122,95,85,34,27,51,0.7786885245901639,0.4,129
2023-12-08,1022,132,78,94,28,54,66,0.5909090909090909,0.2978723404255319,106
2023-12-09,1022,110,90,83,33,20,50,0.8181818181818182,0.39759036144578314,123
2023-12-10,1022,148,70,69,40,78,29,0.47297297297297297,0.5797101449275363,110
2023-12-11,1022,148,82,52,31,66,21,0.5540540540540541,0.5961538461538461,113
2023-12-12,1022,100,77,90,35,23,55,0.77,0.3888888888888889,112
2023-12-13,1022,125,86,62,36,39,26,0.688,0.5806451612903226,122
2023-12-14,1022,100,76,100,41,24,59,0.76,0.41,117
2023-12-15,1022,133,79,63,35,54,28,0.5939849624060151,0.5555555555555556,114
2023-12-16,1022,150,83,63,37,67,26,0.5533333333333333,0.5873015873015873,120
2023-12-17,1022,146,84,59,55,62,4,0.5753424657534246,0.9322033898305084,139
2023-12-18,1022,103,78,50,34,25,16,0.7572815533980582,0.68,112
2023-12-19,1022,146,69,79,28,77,51,0.4726027397260274,0.35443037974683544,97
2023-12-20,1022,147,75,69,34,72,35,0.5102040816326531,0.4927536231884058,109
2023-12-21,1022,128,71,76,40,57,36,0.5546875,0.5263157894736842,111
2023-12-22,1022,135,88,67,42,47,25,0.6518518518518519,0.6268656716417911,130
2023-12-23,1022,109,84,67,30,25,37,0.7706422018348624,0.44776119402985076,114
2023-12-24,1022,134,85,93,46,49,47,0.6343283582089553,0.4946236559139785,131
2023-12-25,1022,107,89,100,38,18,62,0.8317757009345794,0.38,127
2023-12-26,1022,114,79,63,51,35,12,0.6929824561403509,0.8095238095238095,130
2023-12-27,1022,138,84,76,30,54,46,0.6086956521739131,0.39473684210526316,114
2023-12-28,1022,120,62,75,36,58,39,0.5166666666666667,0.48,98
2023-12-29,1022,150,84,70,34,66,36,0.56,0.4857142857142857,118
2023-12-30,1022,147,87,53,36,60,17,0.5918367346938775,0.6792452830188679,123
2023-12-31,1022,149,86,89,47,63,42,0.5771812080536913,0.5280898876404494,133
2023-01-01,1023,121,88,100,35,33,65,0.7272727272727273,0.35,123
2023-01-02,1023,127,80,59,37,47,22,0.6299212598425197,0.6271186440677966,117
2023-01-03,1023,111,87,99,32,24,67,0.7837837837837838,0.32323232323232326,119
2023-01-04,1023,120,69,66,40,51,26,0.575,0.6060606060606061,109
2023-01-05,1023,121,104,73,37,17,36,0.859504132231405,0.5068493150684932,141
2023-01-06,1023,107,83,67,46,24,21,0.7757009345794392,0.6865671641791045,129
2023-01-07,1023,141,74,80,37,67,43,0.524822695035461,0.4625,111
2023-01-08,1023,119,76,68,44,43,24,0.6386554621848739,0.6470588235294118,120
2023-01-09,1023,146,74,88,52,72,36,0.5068493150684932,0.5909090909090909,126
2023-01-10,1023,148,75,86,35,73,51,0.5067567567567568,0.4069767441860465,110
2023-01-11,1023,120,69,94,35,51,59,0.575,0.3723404255319149,104
2023-01-12,1023,134,92,61,43,42,18,0.6865671641791045,0.7049180327868853,135
2023-01-13,1023,140,67,64,42,73,22,0.4785714285714286,0.65625,109
2023-01-14,1023,124,74,98,36,50,62,0.5967741935483871,0.3673469387755102,110
2023-01-15,1023,104,76,91,54,28,37,0.7307692307692307,0.5934065934065934,130
2023-01-16,1023,133,81,57,39,52,18,0.6090225563909775,0.6842105263157895,120
2023-01-17,1023,135,86,75,39,49,36,0.6370370370370371,0.52,125
2023-01-18,1023,144,65,59,47,79,12,0.4513888888888889,0.7966101694915254,112
2023-01-19,1023,141,62,56,35,79,21,0.4397163120567376,0.625,97
2023-01-20,1023,139,83,52,42,56,10,0.5971223021582733,0.8076923076923077,125
2023-01-21,1023,135,73,57,46,62,11,0.5407407407407407,0.8070175438596491,119
2023-01-22,1023,106,78,94,42,28,52,0.7358490566037735,0.44680851063829785,120
2023-01-23,1023,100,78,80,52,22,28,0.78,0.65,130
2023-01-24,1023,105,76,67,39,29,28,0.7238095238095238,0.582089552238806,115
2023-01-25,1023,128,60,100,47,68,53,0.46875,0.47,107
2023-01-26,1023,118,86,63,38,32,25,0.7288135593220338,0.6031746031746031,124
2023-01-27,1023,135,77,51,38,58,13,0.5703703703703704,0.7450980392156863,115
2023-01-28,1023,147,73,99,35,74,64,0.4965986394557823,0.35353535353535354,108
2023-01-29,1023,142,94,95,38,48,57,0.6619718309859155,0.4,132
2023-01-30,1023,112,76,81,43,36,38,0.6785714285714286,0.5308641975308642,119
2023-01-31,1023,130,77,80,35,53,45,0.5923076923076923,0.4375,112
2023-02-01,1023,102,64,89,51,38,38,0.6274509803921569,0.5730337078651685,115
2023-02-02,1023,118,75,65,40,43,25,0.635593220338983,0.6153846153846154,115
2023-02-03,1023,124,94,65,43,30,22,0.7580645161290323,0.6615384615384615,137
2023-02-04,1023,126,81,98,36,45,62,0.6428571428571429,0.3673469387755102,117
2023-02-05,1023,143,83,91,42,60,49,0.5804195804195804,0.46153846153846156,125
2023-02-06,1023,118,76,75,49,42,26,0.6440677966101694,0.6533333333333333,125
2023-02-07,1023,108,92,66,31,16,35,0.8518518518518519,0.4696969696969697,123
2023-02-08,1023,109,73,94,43,36,51,0.6697247706422018,0.4574468085106383,116
2023-02-09,1023,128,82,53,38,46,15,0.640625,0.71698113207547165,120
2023-02-10,1023,146,71,71,32,75,39,0.4863013698630137,0.4507042253521127,103
2023-02-11,1023,149,69,75,38,80,37,0.46308724832214765,0.5066666666666667,107
2023-02-12,1023,107,78,62,37,29,25,0.7289719626168224,0.5967741935483871,115
2023-02-13,1023,119,86,85,38,33,47,0.7226890756302521,0.4470588235294118,124
2023-02-14,1023,111,75,82,43,36,39,0.6756756756756757,0.524390243902439,118
2023-02-15,1023,104,62,77,29,42,48,0.5961538461538461,0.37662337662337664,91
2023-02-16,1023,105,77,74,47,28,27,0.7333333333333333,0.6351351351351351,124
2023-02-17,1023,139,91,54,47,48,7,0.6546762589928058,0.8703703703703703,138
2023-02-18,1023,121,75,52,38,46,14,0.6198347107438017,0.7307692307692307,113
2023-02-19,1023,138,65,82,50,73,32,0.47101449275362317,0.6097560975609756,115
2023-02-20,1023,125,75,74,36,50,38,0.6,0.4864864864864865,111
2023-02-21,1023,102,90,80,36,12,44,0.8823529411764706,0.45,126
2023-02-22,1023,111,72,89,38,39,51,0.6486486486486487,0.42696629213483145,110
2023-02-23,1023,101,88,82,48,13,34,0.8712871287128713,0.5853658536585366,136
2023-02-24,1023,146,73,72,26,73,46,0.5,0.3611111111111111,99
2023-02-25,1023,137,89,98,46,48,52,0.6496350364963503,0.46938775510204084,135
2023-02-26,1023,115,66,67,28,49,39,0.5739130434782609,0.417910447761194,94
2023-02-27,1023,148,88,66,52,60,14,0.5945945945945946,0.7878787878787878,140
2023-02-28,1023,131,90,51,43,41,8,0.6870229007633588,0.8431372549019608,133
2023-03-01,1023,134,77,67,42,57,25,0.5746268656716418,0.6268656716417911,119
2023-03-02,1023,150,80,68,38,70,30,0.5333333333333333,0.5588235294117647,118
2023-03-03,1023,145,91,80,36,54,44,0.6275862068965518,0.45,127
2023-03-04,1023,128,73,69,36,55,33,0.5703125,0.5217391304347826,109
2023-03-05,1023,106,92,79,32,14,47,0.8679245283018868,0.4050632911392405,124
2023-03-06,1023,111,72,53,24,39,29,0.6486486486486487,0.4528301886792453,96
2023-03-07,1023,143,84,75,44,59,31,0.5874125874125874,0.5866666666666667,128
2023-03-08,1023,139,72,65,47,67,18,0.5179856115107914,0.7230769230769231,119
2023-03-09,1023,126,77,67,43,49,24,0.6111111111111112,0.6417910447761194,120
2023-03-10,1023,119,76,86,30,43,56,0.6386554621848739,0.3488372093023256,106
2023-03-11,1023,136,71,100,36,65,64,0.5220588235294118,0.36,107
2023-03-12,1023,136,74,55,46,62,9,0.5441176470588235,0.8363636363636363,120
2023-03-13,1023,138,94,76,35,44,41,0.6811594202898551,0.4605263157894737,129
2023-03-14,1023,109,94,63,41,15,22,0.8623853211009175,0.6507936507936508,135
2023-03-15,1023,108,88,72,35,20,37,0.8148148148148148,0.4861111111111111,123
2023-03-16,1023,121,88,94,57,33,37,0.7272727272727273,0.6063829787234043,145
2023-03-17,1023,115,73,85,46,42,39,0.6347826086956522,0.5411764705882353,119
2023-03-18,1023,150,64,54,37,86,17,0.4266666666666667,0.6851851851851852,101
2023-03-19,1023,124,87,97,34,37,63,0.7016129032258065,0.35051546391752575,121
2023-03-20,1023,102,70,90,41,32,49,0.6862745098039216,0.45555555555555555,111
2023-03-21,1023,141,80,80,34,61,46,0.5673758865248227,0.425,114
2023-03-22,1023,133,75,76,55,58,21,0.5639097744360902,0.7236842105263158,130
2023-03-23,1023,143,79,73,38,64,35,0.5524475524475524,0.5205479452054794,117
2023-03-24,1023,104,71,94,40,33,54,0.6826923076923077,0.425531914893617,111
2023-03-25,1023,149,91,96,42,58,54,0.610738255033557,0.4375,133
2023-03-26,1023,140,62,94,42,78,52,0.44285714285714284,0.44680851063829785,104
2023-03-27,1023,114,105,59,37,9,22,0.9210526315789473,0.6271186440677966,142
2023-03-28,1023,113,84,96,43,29,53,0.7433628318584071,0.4479166666666667,127
2023-03-29,1023,124,83,75,38,41,37,0.6693548387096774,0.5066666666666667,121
2023-03-30,1023,119,94,85,38,25,47,0.7899159663865546,0.4470588235294118,132
2023-03-31,1023,147,78,68,37,69,31,0.5306122448979592,0.5441176470588235,115
2023-04-01,1023,133,93,99,37,40,62,0.6992481203007519,0.37373737373737376,130
2023-04-02,1023,105,98,71,38,7,33,0.9333333333333333,0.5352112676056338,136
2023-04-03,1023,115,76,93,43,39,50,0.6608695652173913,0.46236559139784944,119
2023-04-04,1023,128,82,62,33,46,29,0.640625,0.532258064516129,115
2023-04-05,1023,140,77,84,44,63,40,0.55,0.5238095238095238,121
2023-04-06,1023,134,74,70,35,60,35,0.5522388059701493,0.5,109
2023-04-07,1023,141,81,60,30,60,30,0.574468085106383,0.5,111
2023-04-08,1023,113,81,78,43,32,35,0.7168141592920354,0.5512820512820513,124
2023-04-09,1023,132,77,94,38,55,56,0.5833333333333334,0.40425531914893614,115
2023-04-10,1023,128,84,70,36,44,34,0.65625,0.5142857142857142,120
2023-04-11,1023,150,91,61,46,59,15,0.6066666666666667,0.7540983606557377,137
2023-04-12,1023,102,76,52,37,26,15,0.7450980392156863,0.7115384615384616,113
2023-04-13,1023,141,80,53,41,61,12,0.5673758865248227,0.7735849056603774,121
2023-04-14,1023,102,84,55,24,18,31,0.8235294117647058,0.43636363636363634,108
2023-04-15,1023,135,95,72,55,40,17,0.7037037037037037,0.7638888888888888,150
2023-04-16,1023,101,67,50,48,34,2,0.6633663366336634,0.96,115
2023-04-17,1023,115,79,80,39,36,41,0.6869565217391305,0.4875,118
2023-04-18,1023,109,85,84,42,24,42,0.7798165137614679,0.5,127
2023-04-19,1023,121,82,71,33,39,38,0.6776859504132231,0.4647887323943662,115
2023-04-20,1023,114,68,50,41,46,9,0.5964912280701754,0.82,109
2023-04-21,1023,117,83,85,44,34,41,0.7094017094017094,0.5176470588235295,127
2023-04-22,1023,106,81,58,37,25,21,0.7641509433962265,0.6379310344827587,118
2023-04-23,1023,139,80,87,44,59,43,0.5755395683453237,0.5057471264367817,124
2023-04-24,1023,118,82,65,53,36,12,0.6949152542372882,0.8153846153846154,135
2023-04-25,1023,115,78,71,49,37,22,0.6782608695652174,0.6901408450704225,127
2023-04-26,1023,119,85,66,41,34,25,0.7142857142857143,0.6212121212121212,126
2023-04-27,1023,104,79,68,51,25,17,0.7596153846153846,0.75,130
2023-04-28,1023,130,75,69,40,55,29,0.5769230769230769,0.5797101449275363,115
2023-04-29,1023,123,72,60,38,51,22,0.5853658536585366,0.6333333333333333,110
2023-04-30,1023,148,89,70,46,59,24,0.6013513513513513,0.6571428571428571,135
2023-05-01,1023,120,79,85,48,41,37,0.6583333333333333,0.5647058823529412,127
2023-05-02,1023,120,77,58,35,43,23,0.6416666666666667,0.603448275862069,112
2023-05-03,1023,124,96,55,47,28,8,0.7741935483870968,0.8545454545454545,143
2023-05-04,1023,122,90,89,38,32,51,0.7377049180327869,0.42696629213483145,128
2023-05-05,1023,131,81,71,43,50,28,0.6183206106870229,0.6056338028169014,124
2023-05-06,1023,127,78,96,47,49,49,0.6141732283464567,0.4895833333333333,125
2023-05-07,1023,120,90,51,41,30,10,0.75,0.803921568627451,131
2023-05-08,1023,124,87,61,35,37,26,0.7016129032258065,0.5737704918032787,122
2023-05-09,1023,137,81,59,41,56,18,0.5912408759124088,0.6949152542372882,122
2023-05-10,1023,108,96,51,38,12,13,0.8888888888888888,0.7450980392156863,134
2023-05-11,1023,137,85,68,36,52,32,0.6204379562043796,0.5294117647058824,121
2023-05-12,1023,133,91,98,38,42,60,0.6842105263157895,0.3877551020408163,129
2023-05-13,1023,102,84,97,43,18,54,0.8235294117647058,0.44329896907216493,127
2023-05-14,1023,128,65,85,45,63,40,0.5078125,0.5294117647058824,110
2023-05-15,1023,106,92,67,36,14,31,0.8679245283018868,0.5373134328358209,128
2023-05-16,1023,119,72,65,40,47,25,0.6050420168067226,0.6153846153846154,112
2023-05-17,1023,129,81,64,33,48,31,0.627906976744186,0.515625,114
2023-05-18,1023,129,69,74,38,60,36,0.5348837209302325,0.5135135135135135,107
2023-05-19,1023,147,66,85,37,81,48,0.4489795918367347,0.43529411764705883,103
2023-05-20,1023,125,78,52,39,47,13,0.624,0.75,117
2023-05-21,1023,130,75,80,43,55,37,0.5769230769230769,0.5375,118
2023-05-22,1023,103,80,99,28,23,71,0.7766990291262136,0.2828282828282828,108
2023-05-23,1023,118,73,90,37,45,53,0.6186440677966102,0.4111111111111111,110
2023-05-24,1023,150,70,61,44,80,17,0.4666666666666667,0.7213114754098361,114
2023-05-25,1023,147,66,81,33,81,48,0.4489795918367347,0.4074074074074074,99
2023-05-26,1023,150,98,87,41,52,46,0.6533333333333333,0.47126436781609193,139
2023-05-27,1023,124,96,63,45,28,18,0.7741935483870968,0.7142857142857143,141
2023-05-28,1023,118,79,84,40,39,44,0.6694915254237288,0.47619047619047616,119
2023-05-29,1023,142,85,90,51,57,39,0.5985915492957746,0.5666666666666667,136
2023-05-30,1023,143,83,88,43,60,45,0.5804195804195804,0.48863636363636365,126
2023-05-31,1023,116,76,80,30,40,50,0.6551724137931034,0.375,106
2023-06-01,1023,127,81,65,42,46,23,0.6377952755905512,0.6461538461538462,123
2023-06-02,1023,130,77,53,37,53,16,0.5923076923076923,0.6981132075471698,114
2023-06-03,1023,111,88,99,24,23,75,0.7927927927927928,0.24242424242424243,112
2023-06-04,1023,149,76,83,38,73,45,0.5100671140939598,0.4578313253012048,114
2023-06-05,1023,112,75,82,47,37,35,0.6696428571428571,0.573170731707317,122
2023-06-06,1023,138,93,79,46,45,33,0.6739130434782609,0.5822784810126582,139
2023-06-07,1023,108,59,60,30,49,30,0.5462962962962963,0.5,89
2023-06-08,1023,110,84,56,45,26,11,0.7636363636363637,0.8035714285714286,129
2023-06-09,1023,109,68,78,35,41,43,0.6238532110091743,0.44871794871794873,103
2023-06-10,1023,139,79,62,46,60,16,0.5683453237410072,0.7419354838709677,125
2023-06-11,1023,124,80,86,39,44,47,0.6451612903225806,0.45348837209302323,119
2023-06-12,1023,109,68,71,41,41,30,0.6238532110091743,0.5774647887323944,109
2023-06-13,1023,141,77,71,52,64,19,0.5460992907801419,0.7323943661971831,129
2023-06-14,1023,102,79,61,45,23,16,0.7745098039215687,0.7377049180327869,124
2023-06-15,1023,102,78,80,33,24,47,0.7647058823529411,0.4125,111
2023-06-16,1023,116,83,72,50,33,22,0.7155172413793104,0.6944444444444444,133
2023-06-17,1023,119,88,98,31,31,67,0.7394957983193278,0.3163265306122449,119
2023-06-18,1023,134,90,53,35,44,18,0.6716417910447762,0.660377358490566,125
2023-06-19,1023,116,89,90,47,27,43,0.7672413793103449,0.5222222222222223,136
2023-06-20,1023,124,73,69,30,51,39,0.5887096774193549,0.43478260869565216,103
2023-06-21,1023,117,85,88,43,32,45,0.7264957264957265,0.48863636363636365,128
2023-06-22,1023,121,70,84,48,51,36,0.5785123966942148,0.5714285714285714,118
2023-06-23,1023,132,79,88,49,53,39,0.5984848484848485,0.5568181818181818,128
2023-06-24,1023,107,97,89,42,10,47,0.9065420560747663,0.47191011235955055,139
2023-06-25,1023,116,92,69,36,24,33,0.7931034482758621,0.5217391304347826,128
2023-06-26,1023,116,74,97,40,42,57,0.6379310344827587,0.41237113402061853,114
2023-06-27,1023,113,84,54,37,29,17,0.7433628318584071,0.6851851851851852,121
2023-06-28,1023,106,73,77,50,33,27,0.6886792452830188,0.6493506493506493,123
2023-06-29,1023,145,91,53,34,54,19,0.6275862068965518,0.6415094339622641,125
2023-06-30,1023,140,76,85,32,64,53,0.5428571428571428,0.3764705882352941,108
2023-07-01,1023,121,88,73,37,33,36,0.7272727272727273,0.5068493150684932,125
2023-07-02,1023,148,89,72,43,59,29,0.6013513513513513,0.5972222222222222,132
2023-07-03,1023,102,90,69,31,12,38,0.8823529411764706,0.4492753623188406,121
2023-07-04,1023,127,68,54,26,59,28,0.5354330708661418,0.48148148148148145,94
2023-07-05,1023,110,75,71,42,35,29,0.6818181818181818,0.5915492957746479,117
2023-07-06,1023,136,83,60,39,53,21,0.6102941176470589,0.65,122
2023-07-07,1023,139,87,69,39,52,30,0.6258992805755396,0.5652173913043478,126
2023-07-08,1023,106,77,95,46,29,49,0.7264150943396226,0.4842105263157895,123
2023-07-09,1023,127,88,82,30,39,52,0.6929133858267716,0.36585365853658536,118
2023-07-10,1023,104,89,82,38,15,44,0.8557692307692307,0.4634146341463415,127
2023-07-11,1023,131,60,88,41,71,47,0.4580152671755725,0.4659090909090909,101
2023-07-12,1023,139,83,62,34,56,28,0.5971223021582733,0.5483870967741935,117
2023-07-13,1023,132,68,73,40,64,33,0.5151515151515151,0.547945205479452,108
2023-07-14,1023,136,76,67,41,60,26,0.5588235294117647,0.6119402985074627,117
2023-07-15,1023,128,82,87,40,46,47,0.640625,0.45977011494252873,122
2023-07-16,1023,144,75,84,32,69,52,0.5208333333333334,0.38095238095238093,107
2023-07-17,1023,144,77,94,39,67,55,0.5347222222222222,0.4148936170212766,116
2023-07-18,1023,120,94,55,33,26,22,0.7833333333333333,0.6,127
2023-07-19,1023,147,82,88,38,65,50,0.5578231292517006,0.4318181818181818,120
2023-07-20,1023,135,81,76,48,54,28,0.6,0.631578947368421,129
2023-07-21,1023,118,91,65,48,27,17,0.7711864406779662,0.7384615384615385,139
2023-07-22,1023,139,77,85,41,62,44,0.5539568345323741,0.4823529411764706,118
2023-07-23,1023,130,69,67,44,61,23,0.5307692307692308,0.6567164179104478,113
2023-07-24,1023,108,83,53,36,25,17,0.7685185185185185,0.6792452830188679,119
2023-07-25,1023,118,91,58,29,27,29,0.7711864406779662,0.5,120
2023-07-26,1023,128,91,95,45,37,50,0.7109375,0.47368421052631576,136
2023-07-27,1023,147,77,88,33,70,55,0.5238095238095238,0.375,110
2023-07-28,1023,121,80,81,49,41,32,0.6611570247933884,0.6049382716049383,129
2023-07-29,1023,124,86,54,40,38,14,0.6935483870967742,0.7407407407407407,126
2023-07-30,1023,117,80,100,33,37,67,0.6837606837606838,0.33,113
2023-07-31,1023,108,84,54,46,24,8,0.7777777777777778,0.8518518518518519,130
2023-08-01,1023,150,80,52,33,70,19,0.5333333333333333,0.6346153846153846,113
2023-08-02,1023,119,79,88,47,40,41,0.6638655462184874,0.5340909090909091,126
2023-08-03,1023,108,61,83,26,47,57,0.5648148148148148,0.3132530120481928,87
2023-08-04,1023,149,85,67,35,64,32,0.5704697986577181,0.5223880597014925,120
2023-08-05,1023,107,80,99,40,27,59,0.7476635514018691,0.40404040404040403,120
2023-08-06,1023,110,71,72,41,39,31,0.6454545454545455,0.5694444444444444,112
2023-08-07,1023,112,73,53,35,39,18,0.6517857142857143,0.660377358490566,108
2023-08-08,1023,107,70,87,33,37,54,0.6542056074766355,0.3793103448275862,103
2023-08-09,1023,127,72,86,50,55,36,0.5669291338582677,0.5813953488372093,122
2023-08-10,1023,136,89,62,32,47,30,0.6544117647058824,0.5161290322580645,121
2023-08-11,1023,116,68,69,38,48,31,0.5862068965517241,0.5507246376811594,106
2023-08-12,1023,130,78,75,38,52,37,0.6,0.5066666666666667,116
2023-08-13,1023,103,93,64,36,10,28,0.9029126213592233,0.5625,129
2023-08-14,1023,100,84,66,38,16,28,0.84,0.5757575757575758,122
2023-08-15,1023,116,82,90,33,34,57,0.7068965517241379,0.36666666666666664,115
2023-08-16,1023,119,86,74,43,33,31,0.7226890756302521,0.581081081081081,129
2023-08-17,1023,122,79,80,34,43,46,0.6475409836065574,0.425,113
2023-08-18,1023,125,78,58,45,47,13,0.624,0.7758620689655172,123
2023-08-19,1023,143,68,54,36,75,18,0.4755244755244755,0.6666666666666666,104
2023-08-20,1023,107,65,64,32,42,32,0.6074766355140186,0.5,97
2023-08-21,1023,148,66,56,39,82,17,0.44594594594594594,0.6964285714285714,105
2023-08-22,1023,123,77,93,42,46,51,0.6260162601626016,0.45161290322580644,119
2023-08-23,1023,120,77,62,42,43,20,0.6416666666666667,0.6774193548387096,119
2023-08-24,1023,101,78,79,43,23,36,0.7722772277227723,0.5443037974683544,121
2023-08-25,1023,120,92,74,33,28,41,0.7666666666666667,0.44594594594594594,125
2023-08-26,1023,141,79,73,33,62,40,0.5602836879432624,0.4520547945205479,112
2023-08-27,1023,141,81,66,40,60,26,0.574468085106383,0.6060606060606061,121
2023-08-28,1023,112,69,83,38,43,45,0.6160714285714286,0.4578313253012048,107
2023-08-29,1023,138,73,52,37,65,15,0.5289855072463768,0.7115384615384616,110
2023-08-30,1023,142,90,94,33,52,61,0.6338028169014085,0.35106382978723405,123
2023-08-31,1023,144,97,61,46,47,15,0.6736111111111112,0.7540983606557377,143
2023-09-01,1023,117,71,56,38,46,18,0.6068376068376068,0.6785714285714286,109
2023-09-02,1023,145,81,68,43,64,25,0.5586206896551724,0.6323529411764706,124
2023-09-03,1023,102,87,52,39,15,13,0.8529411764705882,0.75,126
2023-09-04,1023,147,86,86,38,61,48,0.5850340136054422,0.4418604651162791,124
2023-09-05,1023,105,77,100,47,28,53,0.7333333333333333,0.47,124
2023-09-06,1023,107,84,67,40,23,27,0.7850467289719626,0.5970149253731343,124
2023-09-07,1023,135,89,54,34,46,20,0.6592592592592592,0.6296296296296297,123
2023-09-08,1023,133,80,91,33,53,58,0.6015037593984962,0.3626373626373626,113
2023-09-09,1023,101,63,78,40,38,38,0.6237623762376238,0.5128205128205128,103
2023-09-10,1023,123,67,61,43,56,18,0.5447154471544715,0.7049180327868853,110
2023-09-11,1023,135,76,55,45,59,10,0.562962962962963,0.8181818181818182,121
2023-09-12,1023,124,93,75,40,31,35,0.75,0.5333333333333333,133
2023-09-13,1023,105,91,71,39,14,32,0.8666666666666667,0.5492957746478874,130
2023-09-14,1023,118,92,76,56,26,20,0.7796610169491526,0.7368421052631579,148
2023-09-15,1023,137,79,65,39,58,26,0.5766423357664233,0.6,118
2023-09-16,1023,146,85,54,37,61,17,0.5821917808219178,0.6851851851851852,122
2023-09-17,1023,124,77,58,31,47,27,0.6209677419354839,0.5344827586206896,108
2023-09-18,1023,150,80,92,29,70,63,0.5333333333333333,0.31521739130434784,109
2023-09-19,1023,146,86,55,40,60,15,0.589041095890411,0.7272727272727273,126
2023-09-20,1023,147,91,57,41,56,16,0.6190476190476191,0.7192982456140351,132
2023-09-21,1023,119,84,94,30,35,64,0.7058823529411765,0.3191489361702128,114
2023-09-22,1023,135,85,52,52,50,0,0.6296296296296297,1,137
2023-09-23,1023,147,75,67,49,72,18,0.5102040816326531,0.7313432835820896,124
2023-09-24,1023,102,84,97,43,18,54,0.8235294117647058,0.44329896907216493,127
2023-09-25,1023,143,75,95,53,68,42,0.5244755244755245,0.5578947368421052,128
2023-09-26,1023,114,74,59,43,40,16,0.6491228070175439,0.7288135593220338,117
2023-09-27,1023,137,75,53,53,62,0,0.5474452554744526,1,128
2023-09-28,1023,124,91,55,37,33,18,0.7338709677419355,0.6727272727272727,128
2023-09-29,1023,113,82,90,42,31,48,0.7256637168141593,0.4666666666666667,124
2023-09-30,1023,111,74,54,44,37,10,0.6666666666666666,0.8148148148148148,118
2023-10-01,1023,139,84,86,44,55,42,0.60431654676259,0.5116279069767442,128
2023-10-02,1023,131,81,91,29,50,62,0.6183206106870229,0.31868131868131866,110
2023-10-03,1023,143,69,88,33,74,55,0.4825174825174825,0.375,102
2023-10-04,1023,119,88,64,41,31,23,0.7394957983193278,0.640625,129
2023-10-05,1023,118,68,74,45,50,29,0.576271186440678,0.6081081081081081,113
2023-10-06,1023,124,73,100,37,51,63,0.5887096774193549,0.37,110
2023-10-07,1023,131,69,55,42,62,13,0.5267175572519084,0.7636363636363637,111
2023-10-08,1023,150,70,97,33,80,64,0.4666666666666667,0.3402061855670103,103
2023-10-09,1023,117,82,70,28,35,42,0.7008547008547008,0.4,110
2023-10-10,1023,109,78,87,44,31,43,0.7155963302752294,0.5057471264367817,122
2023-10-11,1023,149,89,65,41,60,24,0.5973154362416108,0.6307692307692307,130
2023-10-12,1023,127,98,81,36,29,45,0.7716535433070866,0.4444444444444444,134
2023-10-13,1023,128,83,67,40,45,27,0.6484375,0.5970149253731343,123
2023-10-14,1023,115,80,91,37,35,54,0.6956521739130435,0.4065934065934066,117
2023-10-15,1023,150,92,70,38,58,32,0.6133333333333333,0.5428571428571428,130
2023-10-16,1023,113,76,59,35,37,24,0.672566371681416,0.5932203389830508,111
2023-10-17,1023,116,92,96,25,24,71,0.7931034482758621,0.2604166666666667,117
2023-10-18,1023,134,97,54,43,37,11,0.7238805970149254,0.7962962962962963,140
2023-10-19,1023,122,89,56,43,33,13,0.7295081967213115,0.7678571428571429,132
2023-10-20,1023,142,85,61,44,57,17,0.5985915492957746,0.7213114754098361,129
2023-10-21,1023,107,66,61,42,41,19,0.616822429906542,0.6885245901639344,108
2023-10-22,1023,124,81,74,51,43,23,0.6532258064516129,0.6891891891891891,132
2023-10-23,1023,150,90,69,42,60,27,0.6,0.6086956521739131,132
2023-10-24,1023,127,85,86,38,42,48,0.6692913385826772,0.4418604651162791,123
2023-10-25,1023,145,80,85,39,65,46,0.5517241379310345,0.4588235294117647,119
2023-10-26,1023,124,78,95,35,46,60,0.6290322580645161,0.3684210526315789,113
2023-10-27,1023,134,100,86,42,34,44,0.746268656716418,0.4883720930232558,142
2023-10-28,1023,109,72,82,34,37,48,0.6605504587155964,0.4146341463414634,106
2023-10-29,1023,115,76,60,38,39,22,0.6608695652173913,0.6333333333333333,114
2023-10-30,1023,126,55,94,31,71,63,0.4365079365079365,0.32978723404255317,86
2023-10-31,1023,128,87,58,41,41,17,0.6796875,0.7068965517241379,128
2023-11-01,1023,109,88,94,32,21,62,0.8073394495412844,0.3404255319148936,120
2023-11-02,1023,104,80,51,50,24,1,0.7692307692307693,0.9803921568627451,130
2023-11-03,1023,135,81,73,44,54,29,0.6,0.6027397260273972,125
2023-11-04,1023,120,68,89,50,52,39,0.5666666666666667,0.5617977528089888,118
2023-11-05,1023,101,76,67,49,25,18,0.7524752475247525,0.7313432835820896,125
2023-11-06,1023,142,99,93,37,43,56,0.6971830985915493,0.3978494623655914,136
2023-11-07,1023,141,69,70,42,72,28,0.48936170212765956,0.6,111
2023-11-08,1023,102,78,63,54,24,9,0.7647058823529411,0.8571428571428571,132
2023-11-09,1023,137,76,66,44,61,22,0.5547445255474452,0.6666666666666666,120
2023-11-10,1023,138,87,88,35,51,53,0.6304347826086957,0.3977272727272727,122
2023-11-11,1023,117,73,99,48,44,51,0.6239316239316239,0.48484848484848486,121
2023-11-12,1023,144,81,100,53,63,47,0.5625,0.53,134
2023-11-13,1023,112,72,57,39,40,18,0.6428571428571429,0.6842105263157895,111
2023-11-14,1023,144,77,91,43,67,48,0.5347222222222222,0.4725274725274725,120
2023-11-15,1023,117,98,65,42,19,23,0.8376068376068376,0.6461538461538462,140
2023-11-16,1023,136,56,58,39,80,19,0.4117647058823529,0.6724137931034483,95
2023-11-17,1023,138,97,84,44,41,40,0.7028985507246377,0.5238095238095238,141
2023-11-18,1023,145,74,71,37,71,34,0.5103448275862069,0.5211267605633803,111
2023-11-19,1023,141,62,72,42,79,30,0.4397163120567376,0.5833333333333334,104
2023-11-20,1023,126,98,78,44,28,34,0.7777777777777778,0.5641025641025641,142
2023-11-21,1023,122,90,51,40,32,11,0.7377049180327869,0.7843137254901961,130
2023-11-22,1023,125,89,65,43,36,22,0.712,0.6615384615384615,132
2023-11-23,1023,103,79,82,32,24,50,0.7669902912621359,0.3902439024390244,111
2023-11-24,1023,131,78,81,40,53,41,0.5954198473282443,0.49382716049382713,118
2023-11-25,1023,138,80,54,38,58,16,0.5797101449275363,0.7037037037037037,118
2023-11-26,1023,102,77,93,30,25,63,0.7549019607843137,0.3225806451612903,107
2023-11-27,1023,105,79,79,45,26,34,0.7523809523809524,0.569620253164557,124
2023-11-28,1023,133,85,80,38,48,42,0.6390977443609023,0.475,123
2023-11-29,1023,140,82,74,28,58,46,0.5857142857142857,0.3783783783783784,110
2023-11-30,1023,129,81,59,45,48,14,0.627906976744186,0.7627118644067796,126
2023-12-01,1023,134,85,91,38,49,53,0.6343283582089553,0.4175824175824176,123
2023-12-02,1023,131,66,86,44,65,42,0.5038167938931297,0.5116279069767442,110
2023-12-03,1023,113,93,70,47,20,23,0.8230088495575221,0.6714285714285714,140
2023-12-04,1023,141,97,86,43,44,43,0.6879432624113475,0.5,140
2023-12-05,1023,144,83,61,37,61,24,0.5763888888888888,0.6065573770491803,120
2023-12-06,1023,131,62,50,46,69,4,0.4732824427480916,0.92,108
2023-12-07,1023,129,84,99,35,45,64,0.6511627906976745,0.35353535353535354,119
2023-12-08,1023,141,83,75,36,58,39,0.5886524822695035,0.48,119
2023-12-09,1023,115,80,80,45,35,35,0.6956521739130435,0.5625,125
2023-12-10,1023,117,65,69,39,52,30,0.5555555555555556,0.5652173913043478,104
2023-12-11,1023,101,61,62,27,40,35,0.6039603960396039,0.43548387096774194,88
2023-12-12,1023,121,86,93,40,35,53,0.7107438016528925,0.43010752688172044,126
2023-12-13,1023,118,72,63,45,46,18,0.6101694915254238,0.7142857142857143,117
2023-12-14,1023,137,82,54,38,55,16,0.5985401459854015,0.7037037037037037,120
2023-12-15,1023,110,86,55,43,24,12,0.7818181818181819,0.7818181818181819,129
2023-12-16,1023,148,93,86,32,55,54,0.6283783783783784,0.37209302325581395,125
2023-12-17,1023,140,75,88,32,65,56,0.5357142857142857,0.36363636363636365,107
2023-12-18,1023,135,76,70,27,59,43,0.562962962962963,0.38571428571428573,103
2023-12-19,1023,133,81,93,42,52,51,0.6090225563909775,0.45161290322580644,123
2023-12-20,1023,147,85,70,44,62,26,0.5782312925170068,0.6285714285714286,129
2023-12-21,1023,141,84,53,42,57,11,0.5957446808510638,0.7924528301886793,126
2023-12-22,1023,130,67,75,41,63,34,0.5153846153846153,0.5466666666666666,108
2023-12-23,1023,109,62,98,30,47,68,0.5688073394495413,0.30612244897959184,92
2023-12-24,1023,118,86,66,42,32,24,0.7288135593220338,0.6363636363636364,128
2023-12-25,1023,147,71,97,39,76,58,0.48299319727891155,0.4020618556701031,110
2023-12-26,1023,147,85,53,46,62,7,0.5782312925170068,0.8679245283018868,131
2023-12-27,1023,127,86,53,33,41,20,0.6771653543307087,0.6226415094339622,119
2023-12-28,1023,115,75,59,36,40,23,0.6521739130434783,0.6101694915254238,111
2023-12-29,1023,140,81,95,41,59,54,0.5785714285714286,0.43157894736842106,122
2023-12-30,1023,136,65,66,44,71,22,0.47794117647058826,0.6666666666666666,109
2023-12-31,1023,145,85,78,37,60,41,0.5862068965517241,0.47435897435897434,122
2023-01-01,1024,142,88,61,42,54,19,0.6197183098591549,0.6885245901639344,130
2023-01-02,1024,106,78,53,42,28,11,0.7358490566037735,0.7924528301886793,120
2023-01-03,1024,111,83,91,41,28,50,0.7477477477477478,0.45054945054945056,124
2023-01-04,1024,124,86,61,40,38,21,0.6935483870967742,0.6557377049180327,126
2023-01-05,1024,102,79,86,42,23,44,0.7745098039215687,0.4883720930232558,121
2023-01-06,1024,123,80,56,35,43,21,0.6504065040650406,0.625,115
2023-01-07,1024,142,96,83,35,46,48,0.676056338028169,0.42168674698795183,131
2023-01-08,1024,136,91,60,40,45,20,0.6691176470588235,0.6666666666666666,131
2023-01-09,1024,141,91,76,37,50,39,0.6453900709219859,0.4868421052631579,128
2023-01-10,1024,101,77,74,39,24,35,0.7623762376237624,0.527027027027027,116
2023-01-11,1024,139,69,96,51,70,45,0.49640287769784175,0.53125,120
2023-01-12,1024,133,82,72,30,51,42,0.6165413533834586,0.4166666666666667,112
2023-01-13,1024,112,67,99,32,45,67,0.5982142857142857,0.32323232323232326,99
2023-01-14,1024,100,83,64,48,17,16,0.83,0.75,131
2023-01-15,1024,130,94,96,47,36,49,0.7230769230769231,0.4895833333333333,141
2023-01-16,1024,127,65,93,36,62,57,0.5118110236220472,0.3870967741935484,101
2023-01-17,1024,104,83,91,50,21,41,0.7980769230769231,0.5494505494505495,133
2023-01-18,1024,137,90,61,42,47,19,0.656934306569343,0.6885245901639344,132
2023-01-19,1024,108,92,60,44,16,16,0.8518518518518519,0.7333333333333333,136
2023-01-20,1024,139,70,58,41,69,17,0.5035971223021583,0.7068965517241379,111
2023-01-21,1024,102,74,75,41,28,34,0.7254901960784313,0.5466666666666666,115
2023-01-22,1024,105,91,66,38,14,28,0.8666666666666667,0.5757575757575758,129
2023-01-23,1024,140,74,52,35,66,17,0.5285714285714286,0.6730769230769231,109
2023-01-24,1024,135,70,52,40,65,12,0.5185185185185185,0.7692307692307693,110
2023-01-25,1024,135,86,51,32,49,19,0.6370370370370371,0.6274509803921569,118
2023-01-26,1024,102,74,58,41,28,17,0.7254901960784313,0.7068965517241379,115
2023-01-27,1024,120,97,94,47,23,47,0.8083333333333333,0.5,144
2023-01-28,1024,140,74,85,41,66,44,0.5285714285714286,0.4823529411764706,115
2023-01-29,1024,101,79,60,42,22,18,0.7821782178217822,0.7,121
2023-01-30,1024,147,83,71,34,64,37,0.564625850340136,0.4788732394366197,117
2023-01-31,1024,120,76,65,36,44,29,0.6333333333333333,0.5538461538461539,112
2023-02-01,1024,108,66,65,47,42,18,0.6111111111111112,0.7230769230769231,113
2023-02-02,1024,141,79,99,37,62,62,0.5602836879432624,0.37373737373737376,116
2023-02-03,1024,138,70,61,38,68,23,0.5072463768115942,0.6229508196721312,108
2023-02-04,1024,115,84,66,45,31,21,0.7304347826086957,0.6818181818181818,129
2023-02-05,1024,134,56,56,31,78,25,0.417910447761194,0.5535714285714286,87
2023-02-06,1024,119,74,83,30,45,53,0.6218487394957983,0.3614457831325301,104
2023-02-07,1024,149,77,69,39,72,30,0.5167785234899329,0.5652173913043478,116
2023-02-08,1024,110,86,78,34,24,44,0.7818181818181819,0.4358974358974359,120
2023-02-09,1024,104,78,51,37,26,14,0.75,0.7254901960784313,115
2023-02-10,1024,115,78,50,39,37,11,0.6782608695652174,0.78,117
2023-02-11,1024,101,63,75,46,38,29,0.6237623762376238,0.6133333333333333,109
2023-02-12,1024,104,72,68,29,32,39,0.6923076923076923,0.4264705882352941,101
2023-02-13,1024,111,79,96,37,32,59,0.7117117117117117,0.3854166666666667,116
2023-02-14,1024,124,99,78,41,25,37,0.7983870967741935,0.5256410256410257,140
2023-02-15,1024,150,94,52,35,56,17,0.6266666666666667,0.6730769230769231,129
2023-02-16,1024,145,63,55,41,82,14,0.43448275862068964,0.7454545454545455,104
2023-02-17,1024,116,78,97,48,38,49,0.6724137931034483,0.4948453608247423,126
2023-02-18,1024,144,79,56,44,65,12,0.5486111111111112,0.7857142857142857,123
2023-02-19,1024,122,64,71,39,58,32,0.5245901639344263,0.5492957746478874,103
2023-02-20,1024,130,83,79,42,47,37,0.6384615384615384,0.5316455696202531,125
2023-02-21,1024,115,97,60,43,18,17,0.8434782608695652,0.7166666666666667,140
2023-02-22,1024,111,66,99,41,45,58,0.5945945945945946,0.41414141414141414,107
2023-02-23,1024,112,90,86,39,22,47,0.8035714285714286,0.45348837209302323,129
2023-02-24,1024,148,70,50,39,78,11,0.47297297297297297,0.78,109
2023-02-25,1024,146,73,58,51,73,7,0.5,0.8793103448275862,124
2023-02-26,1024,149,74,93,41,75,52,0.49664429530201343,0.44086021505376344,115
2023-02-27,1024,143,76,72,45,67,27,0.5314685314685315,0.625,121
2023-02-28,1024,113,83,66,42,30,24,0.7345132743362832,0.6363636363636364,125
2023-03-01,1024,104,96,97,31,8,66,0.9230769230769231,0.31958762886597936,127
2023-03-02,1024,108,89,56,36,19,20,0.8240740740740741,0.6428571428571429,125
2023-03-03,1024,115,88,80,38,27,42,0.7652173913043478,0.475,126
2023-03-04,1024,138,81,78,36,57,42,0.5869565217391305,0.46153846153846156,117
2023-03-05,1024,126,82,69,42,44,27,0.6507936507936508,0.6086956521739131,124
2023-03-06,1024,107,70,55,45,37,10,0.6542056074766355,0.8181818181818182,115
2023-03-07,1024,122,78,55,45,44,10,0.639344262295082,0.8181818181818182,123
2023-03-08,1024,120,87,80,37,33,43,0.725,0.4625,124
2023-03-09,1024,116,85,53,53,31,0,0.7327586206896551,1,138
2023-03-10,1024,103,63,66,43,40,23,0.6116504854368932,0.6515151515151515,106
2023-03-11,1024,105,100,57,48,5,9,0.9523809523809523,0.8421052631578947,148
2023-03-12,1024,100,91,92,38,9,54,0.91,0.41304347826086957,129
2023-03-13,1024,113,84,57,33,29,24,0.7433628318584071,0.5789473684210527,117
2023-03-14,1024,142,80,62,34,62,28,0.5633802816901409,0.5483870967741935,114
2023-03-15,1024,135,70,83,42,65,41,0.5185185185185185,0.5060240963855421,112
2023-03-16,1024,115,76,57,38,39,19,0.6608695652173913,0.6666666666666666,114
2023-03-17,1024,101,84,62,31,17,31,0.8316831683168316,0.5,115
2023-03-18,1024,131,78,71,29,53,42,0.5954198473282443,0.4084507042253521,107
2023-03-19,1024,146,65,50,38,81,12,0.4452054794520548,0.76,103
2023-03-20,1024,118,69,57,40,49,17,0.5847457627118644,0.7017543859649122,109
2023-03-21,1024,150,86,71,32,64,39,0.5733333333333334,0.4507042253521127,118
2023-03-22,1024,146,83,78,30,63,48,0.5684931506849316,0.38461538461538464,113
2023-03-23,1024,116,81,92,34,35,58,0.6982758620689655,0.3695652173913043,115
2023-03-24,1024,101,66,64,50,35,14,0.6534653465346535,0.78125,116
2023-03-25,1024,133,86,87,26,47,61,0.6466165413533834,0.2988505747126437,112
2023-03-26,1024,124,89,93,26,35,67,0.717741935483871,0.27956989247311825,115
2023-03-27,1024,106,91,96,42,15,54,0.8584905660377359,0.4375,133
2023-03-28,1024,113,85,92,35,28,57,0.7522123893805309,0.3804347826086957,120
2023-03-29,1024,112,71,71,40,41,31,0.6339285714285714,0.5633802816901409,111
2023-03-30,1024,102,93,95,46,9,49,0.9117647058823529,0.4842105263157895,139
2023-03-31,1024,112,62,59,47,50,12,0.5535714285714286,0.7966101694915254,109
2023-04-01,1024,134,62,66,28,72,38,0.4626865671641791,0.42424242424242425,90
2023-04-02,1024,150,83,61,28,67,33,0.5533333333333333,0.45901639344262296,111
2023-04-03,1024,118,80,96,41,38,55,0.6779661016949152,0.4270833333333333,121
2023-04-04,1024,108,87,97,45,21,52,0.8055555555555556,0.4639175257731959,132
2023-04-05,1024,132,64,90,42,68,48,0.48484848484848486,0.4666666666666667,106
2023-04-06,1024,138,90,97,38,48,59,0.6521739130434783,0.3917525773195876,128
2023-04-07,1024,122,89,53,36,33,17,0.7295081967213115,0.6792452830188679,125
2023-04-08,1024,134,72,91,49,62,42,0.5373134328358209,0.5384615384615384,121
2023-04-09,1024,141,67,90,40,74,50,0.475177304964539,0.4444444444444444,107
2023-04-10,1024,124,88,81,45,36,36,0.7096774193548387,0.5555555555555556,133
2023-04-11,1024,143,88,64,38,55,26,0.6153846153846154,0.59375,126
2023-04-12,1024,142,63,57,44,79,13,0.44366197183098594,0.7719298245614035,107
2023-04-13,1024,126,94,56,37,32,19,0.746031746031746,0.6607142857142857,131
2023-04-14,1024,148,98,82,41,50,41,0.6621621621621622,0.5,139
2023-04-15,1024,107,59,72,38,48,34,0.5514018691588785,0.5277777777777778,97
2023-04-16,1024,141,57,98,42,84,56,0.40425531914893614,0.42857142857142855,99
2023-04-17,1024,131,75,81,39,56,42,0.5725190839694656,0.48148148148148145,114
2023-04-18,1024,144,64,58,46,80,12,0.4444444444444444,0.7931034482758621,110
2023-04-19,1024,134,85,66,32,49,34,0.6343283582089553,0.48484848484848486,117
2023-04-20,1024,136,78,88,52,58,36,0.5735294117647058,0.5909090909090909,130
2023-04-21,1024,138,84,89,25,54,64,0.6086956521739131,0.2808988764044944,109
2023-04-22,1024,112,90,67,43,22,24,0.8035714285714286,0.6417910447761194,133
2023-04-23,1024,125,65,71,38,60,33,0.52,0.5352112676056338,103
2023-04-24,1024,126,84,64,36,42,28,0.6666666666666666,0.5625,120
2023-04-25,1024,110,76,92,45,34,47,0.6909090909090909,0.4891304347826087,121
2023-04-26,1024,127,84,75,39,43,36,0.6614173228346457,0.52,123
2023-04-27,1024,116,70,92,47,46,45,0.603448275862069,0.5108695652173914,117
2023-04-28,1024,133,89,53,26,44,27,0.6691729323308271,0.49056603773584906,115
2023-04-29,1024,136,77,93,45,59,48,0.5661764705882353,0.4838709677419355,122
2023-04-30,1024,103,77,93,38,26,55,0.7475728155339806,0.40860215053763443,115
2023-05-01,1024,132,74,89,38,58,51,0.5606060606060606,0.42696629213483145,112
2023-05-02,1024,141,67,92,32,74,60,0.475177304964539,0.34782608695652173,99
2023-05-03,1024,102,96,77,42,6,35,0.9411764705882353,0.5454545454545454,138
2023-05-04,1024,115,87,71,34,28,37,0.7565217391304347,0.4788732394366197,121
2023-05-05,1024,103,78,100,39,25,61,0.7572815533980582,0.39,117
2023-05-06,1024,116,72,78,37,44,41,0.6206896551724138,0.47435897435897434,109
2023-05-07,1024,139,68,56,45,71,11,0.4892086330935252,0.8035714285714286,113
2023-05-08,1024,118,61,56,35,57,21,0.5169491525423728,0.625,96
2023-05-09,1024,134,86,86,39,48,47,0.6417910447761194,0.45348837209302323,125
2023-05-10,1024,116,89,62,54,27,8,0.7672413793103449,0.8709677419354839,143
2023-05-11,1024,145,81,69,45,64,24,0.5586206896551724,0.6521739130434783,126
2023-05-12,1024,110,80,84,39,30,45,0.7272727272727273,0.4642857142857143,119
2023-05-13,1024,110,82,72,42,28,30,0.7454545454545455,0.5833333333333334,124
2023-05-14,1024,127,84,81,43,43,38,0.6614173228346457,0.5308641975308642,127
2023-05-15,1024,100,75,53,30,25,23,0.75,0.5660377358490566,105
2023-05-16,1024,112,81,74,36,31,38,0.7232142857142857,0.4864864864864865,117
2023-05-17,1024,117,76,56,35,41,21,0.6495726495726496,0.625,111
2023-05-18,1024,120,67,94,54,53,40,0.5583333333333333,0.574468085106383,121
2023-05-19,1024,143,81,59,48,62,11,0.5664335664335665,0.8135593220338984,129
2023-05-20,1024,147,73,75,34,74,41,0.4965986394557823,0.4533333333333333,107
2023-05-21,1024,140,72,95,46,68,49,0.5142857142857142,0.4842105263157895,118
2023-05-22,1024,102,63,97,28,39,69,0.6176470588235294,0.28865979381443296,91
2023-05-23,1024,108,82,88,49,26,39,0.7592592592592593,0.5568181818181818,131
2023-05-24,1024,145,78,98,46,67,52,0.5379310344827586,0.46938775510204084,124
2023-05-25,1024,146,73,86,46,73,40,0.5,0.5348837209302325,119
2023-05-26,1024,133,85,63,37,48,26,0.6390977443609023,0.5873015873015873,122
2023-05-27,1024,137,79,63,43,58,20,0.5766423357664233,0.6825396825396826,122
2023-05-28,1024,125,81,81,47,44,34,0.648,0.5802469135802469,128
2023-05-29,1024,124,74,91,36,50,55,0.5967741935483871,0.3956043956043956,110
2023-05-30,1024,100,78,82,48,22,34,0.78,0.5853658536585366,126
2023-05-31,1024,117,84,98,44,33,54,0.717948717948718,0.4489795918367347,128
2023-06-01,1024,147,77,54,45,70,9,0.5238095238095238,0.8333333333333334,122
2023-06-02,1024,128,90,66,35,38,31,0.703125,0.5303030303030303,125
2023-06-03,1024,148,82,86,30,66,56,0.5540540540540541,0.3488372093023256,112
2023-06-04,1024,109,83,57,49,26,8,0.7614678899082569,0.8596491228070176,132
2023-06-05,1024,101,75,68,46,26,22,0.7425742574257426,0.6764705882352942,121
2023-06-06,1024,102,83,97,37,19,60,0.8137254901960784,0.38144329896907214,120
2023-06-07,1024,149,76,79,52,73,27,0.5100671140939598,0.6582278481012658,128
2023-06-08,1024,138,80,86,37,58,49,0.5797101449275363,0.43023255813953487,117
2023-06-09,1024,103,66,52,40,37,12,0.6407766990291263,0.7692307692307693,106
2023-06-10,1024,134,71,58,42,63,16,0.5298507462686567,0.7241379310344828,113
2023-06-11,1024,138,63,72,45,75,27,0.45652173913043476,0.625,108
2023-06-12,1024,143,71,77,41,72,36,0.4965034965034965,0.5324675324675324,112
2023-06-13,1024,110,84,60,30,26,30,0.7636363636363637,0.5,114
2023-06-14,1024,110,89,51,47,21,4,0.8090909090909091,0.9215686274509803,136
2023-06-15,1024,131,92,53,45,39,8,0.7022900763358778,0.8490566037735849,137
2023-06-16,1024,130,77,53,53,53,0,0.5923076923076923,1,130
2023-06-17,1024,114,78,91,32,36,59,0.6842105263157895,0.3516483516483517,110
2023-06-18,1024,120,66,57,41,54,16,0.55,0.7192982456140351,107
2023-06-19,1024,131,83,90,34,48,56,0.6335877862595419,0.37777777777777777,117
2023-06-20,1024,101,73,64,40,28,24,0.7227722772277227,0.625,113
2023-06-21,1024,107,94,65,45,13,20,0.8785046728971962,0.6923076923076923,139
2023-06-22,1024,144,79,66,40,65,26,0.5486111111111112,0.6060606060606061,119
2023-06-23,1024,130,82,80,48,48,32,0.6307692307692307,0.6,130
2023-06-24,1024,122,81,88,40,41,48,0.6639344262295082,0.45454545454545453,121
2023-06-25,1024,118,73,56,42,45,14,0.6186440677966102,0.75,115
2023-06-26,1024,115,89,98,45,26,53,0.7739130434782608,0.45918367346938777,134
2023-06-27,1024,131,70,82,40,61,42,0.5343511450381679,0.4878048780487805,110
2023-06-28,1024,110,73,65,35,37,30,0.6636363636363637,0.5384615384615384,108
2023-06-29,1024,112,84,58,55,28,3,0.75,0.9482758620689655,139
2023-06-30,1024,131,81,73,44,50,29,0.6183206106870229,0.6027397260273972,125
2023-07-01,1024,139,95,53,35,44,18,0.6834532374100719,0.660377358490566,130
2023-07-02,1024,148,91,70,45,57,25,0.6148648648648649,0.6428571428571429,136
2023-07-03,1024,114,63,67,31,51,36,0.5526315789473685,0.4626865671641791,94
2023-07-04,1024,149,95,79,41,54,38,0.6375838926174496,0.5189873417721519,136
2023-07-05,1024,113,81,100,49,32,51,0.7168141592920354,0.49,130
2023-07-06,1024,128,101,81,48,27,33,0.7890625,0.5925925925925926,149
2023-07-07,1024,112,85,69,52,27,17,0.7589285714285714,0.7536231884057971,137
2023-07-08,1024,131,82,78,51,49,27,0.6259541984732825,0.6538461538461539,133
2023-07-09,1024,140,77,63,35,63,28,0.55,0.5555555555555556,112
2023-07-10,1024,143,68,80,40,75,40,0.4755244755244755,0.5,108
2023-07-11,1024,138,83,80,26,55,54,0.6014492753623188,0.325,109
2023-07-12,1024,116,86,74,33,30,41,0.7413793103448276,0.44594594594594594,119
2023-07-13,1024,142,74,51,37,68,14,0.5211267605633803,0.7254901960784313,111
2023-07-14,1024,108,68,81,33,40,48,0.6296296296296297,0.4074074074074074,101
2023-07-15,1024,138,72,71,37,66,34,0.5217391304347826,0.5211267605633803,109
2023-07-16,1024,135,81,82,33,54,49,0.6,0.4024390243902439,114
2023-07-17,1024,126,94,57,48,32,9,0.746031746031746,0.8421052631578947,142
2023-07-18,1024,100,77,87,31,23,56,0.77,0.3563218390804598,108
2023-07-19,1024,143,71,72,44,72,28,0.4965034965034965,0.6111111111111112,115
2023-07-20,1024,129,82,51,47,47,4,0.6356589147286822,0.9215686274509803,129
2023-07-21,1024,146,68,64,32,78,32,0.4657534246575342,0.5,100
2023-07-22,1024,103,95,70,40,8,30,0.9223300970873787,0.5714285714285714,135
2023-07-23,1024,119,96,50,36,23,14,0.8067226890756303,0.72,132
2023-07-24,1024,104,81,81,46,23,35,0.7788461538461539,0.5679012345679012,127
2023-07-25,1024,106,71,82,35,35,47,0.6698113207547169,0.4268292682926829,106
2023-07-26,1024,142,78,86,48,64,38,0.5492957746478874,0.5581395348837209,126
2023-07-27,1024,129,84,90,34,45,56,0.6511627906976745,0.37777777777777777,118
2023-07-28,1024,131,94,53,44,37,9,0.7175572519083969,0.8301886792452831,138
2023-07-29,1024,145,85,79,30,60,49,0.5862068965517241,0.379746835443038,115
2023-07-30,1024,124,76,83,41,48,42,0.6129032258064516,0.4939759036144578,117
2023-07-31,1024,143,76,74,34,67,40,0.5314685314685315,0.4594594594594595,110
2023-08-01,1024,146,96,100,33,50,67,0.6575342465753424,0.33,129
2023-08-02,1024,124,71,88,40,53,48,0.5725806451612904,0.45454545454545453,111
2023-08-03,1024,113,80,75,33,33,42,0.7079646017699115,0.44,113
2023-08-04,1024,135,64,85,39,71,46,0.4740740740740741,0.4588235294117647,103
2023-08-05,1024,118,78,82,32,40,50,0.6610169491525424,0.3902439024390244,110
2023-08-06,1024,106,83,73,45,23,28,0.78301886792452835,0.6164383561643836,128
2023-08-07,1024,123,89,70,40,34,30,0.7235772357723578,0.5714285714285714,129
2023-08-08,1024,108,81,82,33,27,49,0.75,0.4024390243902439,114
2023-08-09,1024,130,63,73,31,67,42,0.4846153846153846,0.4246575342465753,94
2023-08-10,1024,123,99,63,40,24,23,0.8048780487804879,0.6349206349206349,139
2023-08-11,1024,149,65,88,49,84,39,0.436241610738255,0.5568181818181818,114
2023-08-12,1024,132,77,78,38,55,40,0.5833333333333334,0.48717948717948717,115
2023-08-13,1024,106,73,90,39,33,51,0.6886792452830188,0.43333333333333335,112
2023-08-14,1024,102,84,72,37,18,35,0.8235294117647058,0.5138888888888888,121
2023-08-15,1024,100,57,67,40,43,27,0.57,0.5970149253731343,97
2023-08-16,1024,140,78,92,40,62,52,0.5571428571428572,0.43478260869565216,118
2023-08-17,1024,136,88,65,40,48,25,0.6470588235294118,0.6153846153846154,128
2023-08-18,1024,121,69,95,43,52,52,0.5702479338842975,0.45263157894736844,112
2023-08-19,1024,107,79,75,31,28,44,0.7383177570093458,0.41333333333333333,110
2023-08-20,1024,150,78,96,40,72,56,0.52,0.4166666666666667,118
2023-08-21,1024,148,67,79,34,81,45,0.4527027027027027,0.43037974683544306,101
2023-08-22,1024,101,89,92,40,12,52,0.8811881188118812,0.43478260869565216,129
2023-08-23,1024,146,79,55,37,67,18,0.541095890410959,0.6727272727272727,116
2023-08-24,1024,107,64,85,36,43,49,0.5981308411214953,0.4235294117647059,100
2023-08-25,1024,147,78,87,43,69,44,0.5306122448979592,0.4942528735632184,121
2023-08-26,1024,121,82,92,37,39,55,0.6776859504132231,0.40217391304347827,119
2023-08-27,1024,124,83,76,40,41,36,0.6693548387096774,0.5263157894736842,123
2023-08-28,1024,137,81,96,44,56,52,0.5912408759124088,0.4583333333333333,125
2023-08-29,1024,129,79,70,42,50,28,0.6124031007751938,0.6,121
2023-08-30,1024,134,68,97,36,66,61,0.5074626865671642,0.3711340206185567,104
2023-08-31,1024,100,59,75,34,41,41,0.59,0.4533333333333333,93
2023-09-01,1024,130,73,63,44,57,19,0.5615384615384615,0.6984126984126984,117
2023-09-02,1024,115,106,75,32,9,43,0.9217391304347826,0.4266666666666667,138
2023-09-03,1024,130,86,81,39,44,42,0.6615384615384615,0.48148148148148145,125
2023-09-04,1024,118,74,61,48,44,13,0.6271186440677966,0.7868852459016393,122
2023-09-05,1024,141,74,78,36,67,42,0.524822695035461,0.46153846153846156,110
2023-09-06,1024,141,63,62,29,78,33,0.44680851063829785,0.46774193548387094,92
2023-09-07,1024,140,74,96,37,66,59,0.5285714285714286,0.3854166666666667,111
2023-09-08,1024,126,86,83,36,40,47,0.6825396825396826,0.43373493975903615,122
2023-09-09,1024,116,83,81,46,33,35,0.7155172413793104,0.5679012345679012,129
2023-09-10,1024,143,87,71,43,56,28,0.6083916083916084,0.6056338028169014,130
2023-09-11,1024,149,102,84,48,47,36,0.6845637583892618,0.5714285714285714,150
2023-09-12,1024,142,85,62,40,57,22,0.5985915492957746,0.6451612903225806,125
2023-09-13,1024,131,72,68,28,59,40,0.549618320610687,0.4117647058823529,100
2023-09-14,1024,134,89,72,29,45,43,0.664179104477612,0.4027777777777778,118
2023-09-15,1024,137,85,90,38,52,52,0.6204379562043796,0.4222222222222222,123
2023-09-16,1024,148,80,67,39,68,28,0.5405405405405406,0.582089552238806,119
2023-09-17,1024,143,69,61,45,74,16,0.4825174825174825,0.7377049180327869,114
2023-09-18,1024,109,64,95,44,45,51,0.5871559633027523,0.4631578947368421,108
2023-09-19,1024,108,75,70,42,33,28,0.6944444444444444,0.6,117
2023-09-20,1024,136,70,79,38,66,41,0.5147058823529411,0.4810126582278481,108
2023-09-21,1024,101,84,73,40,17,33,0.8316831683168316,0.547945205479452,124
2023-09-22,1024,123,77,92,47,46,45,0.6260162601626016,0.5108695652173914,124
2023-09-23,1024,128,102,79,33,26,46,0.796875,0.4177215189873418,135
2023-09-24,1024,143,59,69,39,84,30,0.4125874125874126,0.5652173913043478,98
2023-09-25,1024,141,65,81,43,76,38,0.46099290780141844,0.5308641975308642,108
2023-09-26,1024,139,80,62,41,59,21,0.5755395683453237,0.6612903225806451,121
2023-09-27,1024,111,84,77,40,27,37,0.7567567567567568,0.5194805194805194,124
2023-09-28,1024,105,87,69,34,18,35,0.8285714285714286,0.4927536231884058,121
2023-09-29,1024,148,85,70,39,63,31,0.5743243243243243,0.5571428571428572,124
2023-09-30,1024,147,83,79,34,64,45,0.564625850340136,0.43037974683544306,117
2023-10-01,1024,115,79,98,38,36,60,0.6869565217391305,0.3877551020408163,117
2023-10-02,1024,145,87,56,39,58,17,0.6,0.6964285714285714,126
2023-10-03,1024,101,77,54,39,24,15,0.7623762376237624,0.7222222222222222,116
2023-10-04,1024,110,88,76,49,22,27,0.8,0.6447368421052632,137
2023-10-05,1024,113,67,95,52,46,43,0.5929203539823009,0.5473684210526316,119
2023-10-06,1024,131,93,67,42,38,25,0.7099236641221374,0.6268656716417911,135
2023-10-07,1024,150,86,98,47,64,51,0.5733333333333334,0.47959183673469385,133
2023-10-08,1024,130,87,63,36,43,27,0.6692307692307692,0.5714285714285714,123
2023-10-09,1024,108,81,96,34,27,62,0.75,0.3541666666666667,115
2023-10-10,1024,146,74,95,54,72,41,0.5068493150684932,0.5684210526315789,128
2023-10-11,1024,128,82,85,30,46,55,0.640625,0.35294117647058826,112
2023-10-12,1024,114,76,74,40,38,34,0.6666666666666666,0.5405405405405406,116
2023-10-13,1024,110,76,62,49,34,13,0.6909090909090909,0.7903225806451613,125
2023-10-14,1024,131,84,89,42,47,47,0.6412213740458015,0.47191011235955055,126
2023-10-15,1024,130,68,75,41,62,34,0.5230769230769231,0.5466666666666666,109
2023-10-16,1024,106,94,63,27,12,36,0.8867924528301887,0.42857142857142855,121
2023-10-17,1024,150,78,65,38,72,27,0.52,0.5846153846153846,116
2023-10-18,1024,115,77,82,46,38,36,0.6695652173913044,0.5609756097560976,123
2023-10-19,1024,135,74,78,46,61,32,0.5481481481481482,0.5897435897435898,120
2023-10-20,1024,103,77,80,37,26,43,0.7475728155339806,0.4625,114
2023-10-21,1024,115,74,90,45,41,45,0.6434782608695652,0.5,119
2023-10-22,1024,149,84,56,46,65,10,0.5637583892617449,0.8214285714285714,130
2023-10-23,1024,101,68,54,36,33,18,0.6732673267326733,0.6666666666666666,104
2023-10-24,1024,125,78,78,46,47,32,0.624,0.5897435897435898,124
2023-10-25,1024,142,60,90,35,82,55,0.4225352112676056,0.3888888888888889,95
2023-10-26,1024,137,63,78,36,74,42,0.45985401459854014,0.46153846153846156,99
2023-10-27,1024,116,83,66,48,33,18,0.7155172413793104,0.7272727272727273,131
2023-10-28,1024,123,80,83,27,43,56,0.6504065040650406,0.3253012048192771,107
2023-10-29,1024,121,74,93,41,47,52,0.6115702479338843,0.44086021505376344,115
2023-10-30,1024,107,92,78,29,15,49,0.8598130841121495,0.3717948717948718,121
2023-10-31,1024,144,78,69,31,66,38,0.5416666666666666,0.4492753623188406,109
2023-11-01,1024,134,81,58,38,53,20,0.6044776119402985,0.6551724137931034,119
2023-11-02,1024,134,73,76,41,61,35,0.5447761194029851,0.5394736842105263,114
2023-11-03,1024,122,84,63,30,38,33,0.6885245901639344,0.47619047619047616,114
2023-11-04,1024,129,98,92,39,31,53,0.7596899224806202,0.42391304347826086,137
2023-11-05,1024,141,90,88,44,51,44,0.6382978723404256,0.5,134
2023-11-06,1024,147,69,73,32,78,41,0.46938775510204084,0.4383561643835616,101
2023-11-07,1024,137,88,83,42,49,41,0.6423357664233577,0.5060240963855421,130
2023-11-08,1024,110,93,56,33,17,23,0.8454545454545455,0.5892857142857143,126
2023-11-09,1024,123,97,83,53,26,30,0.7886178861788617,0.6385542168674698,150
2023-11-10,1024,135,77,89,50,58,39,0.5703703703703704,0.5617977528089888,127
2023-11-11,1024,135,81,71,38,54,33,0.6,0.5352112676056338,119
2023-11-12,1024,115,76,66,46,39,20,0.6608695652173913,0.696969696969697,122
2023-11-13,1024,107,65,61,47,42,14,0.6074766355140186,0.7704918032786885,112
2023-11-14,1024,141,61,53,41,80,12,0.4326241134751773,0.7735849056603774,102
2023-11-15,1024,100,69,67,31,31,36,0.69,0.4626865671641791,100
2023-11-16,1024,141,64,67,34,77,33,0.45390070921985815,0.5074626865671642,98
2023-11-17,1024,126,81,89,38,45,51,0.6428571428571429,0.42696629213483145,119
2023-11-18,1024,117,73,83,47,44,36,0.6239316239316239,0.5662650602409639,120
2023-11-19,1024,116,88,79,41,28,38,0.7586206896551724,0.5189873417721519,129
2023-11-20,1024,101,78,54,35,23,19,0.7722772277227723,0.6481481481481481,113
2023-11-21,1024,140,70,64,45,70,19,0.5,0.703125,115
2023-11-22,1024,121,81,97,44,40,53,0.6694214876033058,0.4536082474226804,125
2023-11-23,1024,116,97,89,27,19,62,0.8362068965517241,0.30337078651685395,124
2023-11-24,1024,102,73,65,39,29,26,0.7156862745098039,0.6,112
2023-11-25,1024,123,74,100,50,49,50,0.6016260162601627,0.5,124
2023-11-26,1024,127,87,94,46,40,48,0.6850393700787402,0.48936170212765956,133
2023-11-27,1024,125,76,89,32,49,57,0.608,0.3595505617977528,108
2023-11-28,1024,119,87,93,38,32,55,0.7310924369747899,0.40860215053763443,125
2023-11-29,1024,137,66,94,49,71,45,0.48175182481751827,0.5212765957446809,115
2023-11-30,1024,103,74,53,48,29,5,0.7184466019417476,0.9056603773584906,122
2023-12-01,1024,144,75,63,23,69,40,0.5208333333333334,0.36507936507936506,98
2023-12-02,1024,117,74,86,40,43,46,0.6324786324786325,0.46511627906976744,114
2023-12-03,1024,102,86,99,43,16,56,0.8431372549019608,0.43434343434343436,129
2023-12-04,1024,123,65,92,40,58,52,0.5284552845528455,0.43478260869565216,105
2023-12-05,1024,123,76,86,36,47,50,0.6178861788617886,0.4186046511627907,112
2023-12-06,1024,125,82,79,48,43,31,0.656,0.6075949367088608,130
2023-12-07,1024,114,102,94,32,12,62,0.8947368421052632,0.3404255319148936,134
2023-12-08,1024,127,69,81,42,58,39,0.5433070866141733,0.5185185185185185,111
2023-12-09,1024,119,79,57,37,40,20,0.6638655462184874,0.6491228070175439,116
2023-12-10,1024,122,75,95,32,47,63,0.6147540983606558,0.3368421052631579,107
2023-12-11,1024,138,77,72,38,61,34,0.5579710144927537,0.5277777777777778,115
2023-12-12,1024,105,92,61,38,13,23,0.8761904761904762,0.6229508196721312,130
2023-12-13,1024,130,72,97,44,58,53,0.5538461538461539,0.4536082474226804,116
2023-12-14,1024,133,69,96,39,64,57,0.518796992481203,0.40625,108
2023-12-15,1024,134,74,93,56,60,37,0.5522388059701493,0.6021505376344086,130
2023-12-16,1024,139,81,61,31,58,30,0.5827338129496403,0.5081967213114754,112
2023-12-17,1024,134,88,75,41,46,34,0.6567164179104478,0.5466666666666666,129
2023-12-18,1024,148,84,90,35,64,55,0.5675675675675675,0.3888888888888889,119
2023-12-19,1024,103,75,67,39,28,28,0.7281553398058253,0.582089552238806,114
2023-12-20,1024,139,69,86,40,70,46,0.49640287769784175,0.46511627906976744,109
2023-12-21,1024,148,67,60,47,81,13,0.4527027027027027,0.7833333333333333,114
2023-12-22,1024,131,88,85,42,43,43,0.6717557251908397,0.49411764705882355,130
2023-12-23,1024,121,78,73,41,43,32,0.6446280991735537,0.5616438356164384,119
2023-12-24,1024,103,103,73,51,0,22,1,0.6986301369863014,154
2023-12-25,1024,141,69,82,40,72,42,0.48936170212765956,0.4878048780487805,109
2023-12-26,1024,129,85,92,39,44,53,0.6589147286821705,0.42391304347826086,124
2023-12-27,1024,145,83,59,36,62,23,0.5724137931034483,0.6101694915254238,119
2023-12-28,1024,105,90,78,34,15,44,0.8571428571428571,0.4358974358974359,124
2023-12-29,1024,102,83,82,49,19,33,0.8137254901960784,0.5975609756097561,132
2023-12-30,1024,123,81,74,37,42,37,0.6585365853658537,0.5,118
2023-12-31,1024,104,98,90,45,6,45,0.9423076923076923,0.5,143
2023-01-01,1025,131,89,52,32,42,20,0.6793893129770993,0.6153846153846154,121
2023-01-02,1025,136,90,63,39,46,24,0.6617647058823529,0.6190476190476191,129
2023-01-03,1025,119,73,95,38,46,57,0.6134453781512605,0.4,111
2023-01-04,1025,108,76,91,34,32,57,0.7037037037037037,0.37362637362637363,110
2023-01-05,1025,141,74,53,53,67,0,0.524822695035461,1,127
2023-01-06,1025,115,67,63,46,48,17,0.5826086956521739,0.7301587301587301,113
2023-01-07,1025,101,79,72,38,22,34,0.7821782178217822,0.5277777777777778,117
2023-01-08,1025,125,75,54,49,50,5,0.6,0.9074074074074074,124
2023-01-09,1025,129,82,92,41,47,51,0.6356589147286822,0.44565217391304346,123
2023-01-10,1025,135,90,84,27,45,57,0.6666666666666666,0.32142857142857145,117
2023-01-11,1025,117,75,89,39,42,50,0.6410256410256411,0.43820224719101125,114
2023-01-12,1025,101,86,98,46,15,52,0.8514851485148515,0.46938775510204084,132
2023-01-13,1025,145,79,61,47,66,14,0.5448275862068965,0.7704918032786885,126
2023-01-14,1025,141,80,81,47,61,34,0.5673758865248227,0.5802469135802469,127
2023-01-15,1025,122,98,63,34,24,29,0.8032786885245902,0.5396825396825397,132
2023-01-16,1025,108,88,74,38,20,36,0.8148148148148148,0.5135135135135135,126
2023-01-17,1025,143,71,74,43,72,31,0.4965034965034965,0.581081081081081,114
2023-01-18,1025,150,82,99,48,68,51,0.5466666666666666,0.48484848484848486,130
2023-01-19,1025,139,75,52,32,64,20,0.539568345323741,0.6153846153846154,107
2023-01-20,1025,142,81,73,53,61,20,0.5704225352112676,0.726027397260274,134
2023-01-21,1025,107,69,59,27,38,32,0.6448598130841121,0.4576271186440678,96
2023-01-22,1025,127,71,57,43,56,14,0.5590551181102362,0.7543859649122807,114
2023-01-23,1025,101,92,53,53,9,0,0.9108910891089109,1,145
2023-01-24,1025,114,73,50,41,41,9,0.6403508771929824,0.82,114
2023-01-25,1025,141,82,50,43,59,7,0.5815602836879432,0.86,125
2023-01-26,1025,136,91,60,38,45,22,0.6691176470588235,0.6333333333333333,129
2023-01-27,1025,102,75,92,41,27,51,0.7352941176470589,0.44565217391304346,116
2023-01-28,1025,123,80,75,46,43,29,0.6504065040650406,0.6133333333333333,126
2023-01-29,1025,150,84,80,42,66,38,0.56,0.525,126
2023-01-30,1025,106,85,50,47,21,3,0.8018867924528302,0.94,132
2023-01-31,1025,129,76,84,43,53,41,0.5891472868217055,0.5119047619047619,119
2023-02-01,1025,142,82,62,37,60,25,0.5774647887323944,0.5967741935483871,119
2023-02-02,1025,137,67,89,35,70,54,0.48905109489051096,0.39325842696629215,102
2023-02-03,1025,129,81,81,38,48,43,0.627906976744186,0.4691358024691358,119
2023-02-04,1025,104,73,63,38,31,25,0.7019230769230769,0.6031746031746031,111
2023-02-05,1025,102,78,76,39,24,37,0.7647058823529411,0.5131578947368421,117
2023-02-06,1025,143,67,75,53,76,22,0.46853146853146854,0.7066666666666667,120
2023-02-07,1025,132,84,99,38,48,61,0.6363636363636364,0.3838383838383838,122
2023-02-08,1025,148,90,94,45,58,49,0.6081081081081081,0.4787234042553192,135
2023-02-09,1025,117,81,93,42,36,51,0.6923076923076923,0.45161290322580644,123
2023-02-10,1025,146,69,71,47,77,24,0.4726027397260274,0.6619718309859155,116
2023-02-11,1025,111,84,60,35,27,25,0.7567567567567568,0.5833333333333334,119
2023-02-12,1025,142,89,62,43,53,19,0.6267605633802817,0.6935483870967742,132
2023-02-13,1025,112,83,58,36,29,22,0.7410714285714286,0.6206896551724138,119
2023-02-14,1025,139,76,53,41,63,12,0.5467625899280576,0.7735849056603774,117
2023-02-15,1025,131,88,63,42,43,21,0.6717557251908397,0.6666666666666666,130
2023-02-16,1025,116,82,82,34,34,48,0.7068965517241379,0.4146341463414634,116
2023-02-17,1025,145,76,55,39,69,16,0.5241379310344828,0.7090909090909091,115
2023-02-18,1025,104,78,73,41,26,32,0.75,0.5616438356164384,119
2023-02-19,1025,109,88,99,42,21,57,0.8073394495412844,0.42424242424242425,130
2023-02-20,1025,112,89,56,40,23,16,0.7946428571428571,0.7142857142857143,129
2023-02-21,1025,145,91,79,34,54,45,0.6275862068965518,0.43037974683544306,125
2023-02-22,1025,139,64,61,36,75,25,0.460431654676259,0.5901639344262295,100
2023-02-23,1025,124,92,68,39,32,29,0.7419354838709677,0.5735294117647058,131
2023-02-24,1025,108,82,61,48,26,13,0.7592592592592593,0.7868852459016393,130
2023-02-25,1025,148,75,86,40,73,46,0.5067567567567568,0.46511627906976744,115
2023-02-26,1025,115,68,82,40,47,42,0.591304347826087,0.4878048780487805,108
2023-02-27,1025,141,75,89,32,66,57,0.5319148936170213,0.3595505617977528,107
2023-02-28,1025,130,67,86,43,63,43,0.5153846153846153,0.5,110
2023-03-01,1025,139,66,92,26,73,66,0.4748201438848921,0.2826086956521739,92
2023-03-02,1025,103,93,51,35,10,16,0.9029126213592233,0.6862745098039216,128
2023-03-03,1025,119,70,66,43,49,23,0.5882352941176471,0.6515151515151515,113
2023-03-04,1025,149,76,99,37,73,62,0.5100671140939598,0.37373737373737376,113
2023-03-05,1025,134,96,58,39,38,19,0.7164179104477612,0.6724137931034483,135
2023-03-06,1025,100,76,82,34,24,48,0.76,0.4146341463414634,110
2023-03-07,1025,114,82,73,37,32,36,0.7192982456140351,0.5068493150684932,119
2023-03-08,1025,140,93,69,39,47,30,0.6642857142857143,0.5652173913043478,132
2023-03-09,1025,104,65,53,52,39,1,0.625,0.9811320754716981,117
2023-03-10,1025,129,78,60,43,51,17,0.6046511627906976,0.7166666666666667,121
2023-03-11,1025,133,65,89,41,68,48,0.48872180451127817,0.4606741573033708,106
2023-03-12,1025,113,89,61,51,24,10,0.7876106194690266,0.8360655737704918,140
2023-03-13,1025,125,83,89,46,42,43,0.664,0.5168539325842697,129
2023-03-14,1025,115,82,67,31,33,36,0.7130434782608696,0.4626865671641791,113
2023-03-15,1025,121,77,68,48,44,20,0.6363636363636364,0.7058823529411765,125
2023-03-16,1025,101,71,97,41,30,56,0.7029702970297029,0.422680412371134,112
2023-03-17,1025,146,80,51,42,66,9,0.547945205479452,0.8235294117647058,122
2023-03-18,1025,148,79,82,52,69,30,0.5337837837837838,0.6341463414634146,131
2023-03-19,1025,117,81,53,35,36,18,0.6923076923076923,0.660377358490566,116
2023-03-20,1025,119,76,52,36,43,16,0.6386554621848739,0.6923076923076923,112
2023-03-21,1025,126,80,58,37,46,21,0.6349206349206349,0.6379310344827587,117
2023-03-22,1025,104,90,87,32,14,55,0.8653846153846154,0.367816091954023,122
2023-03-23,1025,119,72,86,44,47,42,0.6050420168067226,0.5116279069767442,116
2023-03-24,1025,134,72,50,35,62,15,0.5373134328358209,0.7,107
2023-03-25,1025,117,84,80,42,33,38,0.717948717948718,0.525,126
2023-03-26,1025,145,83,91,33,62,58,0.5724137931034483,0.3626373626373626,116
2023-03-27,1025,104,100,60,39,4,21,0.9615384615384616,0.65,139
2023-03-28,1025,111,78,85,41,33,44,0.7027027027027027,0.4823529411764706,119
2023-03-29,1025,146,89,82,41,57,41,0.6095890410958904,0.5,130
2023-03-30,1025,121,63,59,40,58,19,0.5206611570247934,0.6779661016949152,103
2023-03-31,1025,111,64,67,48,47,19,0.5765765765765766,0.7164179104477612,112
2023-04-01,1025,136,81,56,36,55,20,0.5955882352941176,0.6428571428571429,117
2023-04-02,1025,146,82,63,44,64,19,0.5616438356164384,0.6984126984126984,126
2023-04-03,1025,126,74,73,47,52,26,0.5873015873015873,0.6438356164383562,121
2023-04-04,1025,114,74,52,34,40,18,0.6491228070175439,0.6538461538461539,108
2023-04-05,1025,149,69,59,36,80,23,0.46308724832214765,0.6101694915254238,105
2023-04-06,1025,131,89,51,38,42,13,0.6793893129770993,0.7450980392156863,127
2023-04-07,1025,136,87,91,45,49,46,0.6397058823529411,0.4945054945054945,132
2023-04-08,1025,110,78,64,38,32,26,0.7090909090909091,0.59375,116
2023-04-09,1025,113,87,64,39,26,25,0.7699115044247787,0.609375,126
2023-04-10,1025,138,78,83,49,60,34,0.5652173913043478,0.5903614457831325,127
2023-04-11,1025,118,71,82,30,47,52,0.6016949152542372,0.36585365853658536,101
2023-04-12,1025,136,72,68,43,64,25,0.5294117647058824,0.6323529411764706,115
2023-04-13,1025,138,82,68,38,56,30,0.5942028985507246,0.5588235294117647,120
2023-04-14,1025,141,83,55,42,58,13,0.5886524822695035,0.7636363636363637,125
2023-04-15,1025,100,61,71,48,39,23,0.61,0.676056338028169,109
2023-04-16,1025,138,98,68,38,40,30,0.7101449275362319,0.5588235294117647,136
2023-04-17,1025,120,85,67,42,35,25,0.7083333333333334,0.6268656716417911,127
2023-04-18,1025,122,66,59,45,56,14,0.5409836065573771,0.7627118644067796,111
2023-04-19,1025,137,81,65,39,56,26,0.5912408759124088,0.6,120
2023-04-20,1025,130,87,96,39,43,57,0.6692307692307692,0.40625,126
2023-04-21,1025,143,79,97,38,64,59,0.5524475524475524,0.3917525773195876,117
2023-04-22,1025,116,67,52,29,49,23,0.5775862068965517,0.5576923076923077,96
2023-04-23,1025,134,89,57,49,45,8,0.664179104477612,0.8596491228070176,138
2023-04-24,1025,133,77,66,34,56,32,0.5789473684210527,0.5151515151515151,111
2023-04-25,1025,137,90,74,40,47,34,0.656934306569343,0.5405405405405406,130
2023-04-26,1025,106,85,76,42,21,34,0.8018867924528302,0.5526315789473685,127
2023-04-27,1025,116,75,52,46,41,6,0.646551724137931,0.8846153846153846,121
2023-04-28,1025,150,78,85,41,72,44,0.52,0.4823529411764706,119
2023-04-29,1025,112,87,87,55,25,32,0.7767857142857143,0.632183908045977,142
2023-04-30,1025,130,78,90,40,52,50,0.6,0.4444444444444444,118
2023-05-01,1025,126,81,70,51,45,19,0.6428571428571429,0.7285714285714285,132
2023-05-02,1025,121,89,90,48,32,42,0.7355371900826446,0.5333333333333333,137
2023-05-03,1025,114,81,51,39,33,12,0.7105263157894737,0.7647058823529411,120
2023-05-04,1025,103,81,80,38,22,42,0.7864077669902912,0.475,119
2023-05-05,1025,100,81,88,40,19,48,0.81,0.45454545454545453,121
2023-05-06,1025,126,89,99,47,37,52,0.7063492063492064,0.47474747474747475,136
2023-05-07,1025,128,73,75,42,55,33,0.5703125,0.56,115
2023-05-08,1025,135,80,98,54,55,44,0.5925925925925926,0.5510204081632653,134
2023-05-09,1025,121,86,93,29,35,64,0.7107438016528925,0.3118279569892473,115
2023-05-10,1025,131,71,69,44,60,25,0.5419847328244275,0.6376811594202898,115
2023-05-11,1025,115,86,83,29,29,54,0.7478260869565218,0.3493975903614458,115
2023-05-12,1025,145,83,90,40,62,50,0.5724137931034483,0.4444444444444444,123
2023-05-13,1025,149,75,66,38,74,28,0.5033557046979866,0.5757575757575758,113
2023-05-14,1025,104,75,83,31,29,52,0.7211538461538461,0.37349397590361444,106
2023-05-15,1025,117,63,65,47,54,18,0.5384615384615384,0.7230769230769231,110
2023-05-16,1025,111,86,88,43,25,45,0.7747747747747747,0.48863636363636365,129
2023-05-17,1025,100,87,82,35,13,47,0.87,0.4268292682926829,122
2023-05-18,1025,127,93,67,28,34,39,0.7322834645669292,0.417910447761194,121
2023-05-19,1025,115,75,78,40,40,38,0.6521739130434783,0.5128205128205128,115
2023-05-20,1025,136,77,70,44,59,26,0.5661764705882353,0.6285714285714286,121
2023-05-21,1025,109,84,51,35,25,16,0.7706422018348624,0.6862745098039216,119
2023-05-22,1025,119,86,54,39,33,15,0.7226890756302521,0.7222222222222222,125
2023-05-23,1025,120,82,57,44,38,13,0.6833333333333333,0.7719298245614035,126
2023-05-24,1025,113,96,75,36,17,39,0.8495575221238938,0.48,132
2023-05-25,1025,116,91,84,46,25,38,0.7844827586206896,0.5476190476190477,137
2023-05-26,1025,123,90,72,41,33,31,0.7317073170731707,0.5694444444444444,131
2023-05-27,1025,123,77,56,46,46,10,0.6260162601626016,0.8214285714285714,123
2023-05-28,1025,127,67,92,43,60,49,0.5275590551181102,0.4673913043478261,110
2023-05-29,1025,123,72,70,26,51,44,0.5853658536585366,0.37142857142857144,98
2023-05-30,1025,146,75,65,39,71,26,0.5136986301369864,0.6,114
2023-05-31,1025,116,90,56,45,26,11,0.7758620689655172,0.8035714285714286,135
2023-06-01,1025,105,86,67,53,19,14,0.819047619047619,0.7910447761194029,139
2023-06-02,1025,150,95,68,34,55,34,0.6333333333333333,0.5,129
2023-06-03,1025,117,90,59,35,27,24,0.7692307692307693,0.5932203389830508,125
2023-06-04,1025,118,77,50,33,41,17,0.652542372881356,0.66,110
2023-06-05,1025,115,61,85,29,54,56,0.5304347826086957,0.3411764705882353,90
2023-06-06,1025,114,88,72,48,26,24,0.7719298245614035,0.6666666666666666,136
2023-06-07,1025,115,95,94,40,20,54,0.8260869565217391,0.425531914893617,135
2023-06-08,1025,136,81,99,46,55,53,0.5955882352941176,0.46464646464646464,127
2023-06-09,1025,105,79,71,38,26,33,0.7523809523809524,0.5352112676056338,117
2023-06-10,1025,143,65,82,27,78,55,0.45454545454545453,0.32926829268292684,92
2023-06-11,1025,122,79,90,54,43,36,0.6475409836065574,0.6,133
2023-06-12,1025,134,78,70,39,56,31,0.582089552238806,0.5571428571428572,117
2023-06-13,1025,111,92,97,30,19,67,0.8288288288288288,0.30927835051546393,122
2023-06-14,1025,108,68,54,38,40,16,0.6296296296296297,0.7037037037037037,106
2023-06-15,1025,137,81,53,49,56,4,0.5912408759124088,0.9245283018867925,130
2023-06-16,1025,101,79,55,28,22,27,0.7821782178217822,0.509090909090909,107
2023-06-17,1025,109,73,99,49,36,50,0.6697247706422018,0.494949494949495,122
2023-06-18,1025,119,74,74,43,45,31,0.6218487394957983,0.581081081081081,117
2023-06-19,1025,135,69,95,41,66,54,0.5111111111111111,0.43157894736842106,110
2023-06-20,1025,115,84,98,40,31,58,0.7304347826086957,0.40816326530612246,124
2023-06-21,1025,129,73,79,49,56,30,0.5658914728682171,0.620253164556962,122
2023-06-22,1025,129,103,90,47,26,43,0.7984496124031008,0.5222222222222223,150
2023-06-23,1025,134,79,70,39,55,31,0.5895522388059702,0.5571428571428572,118
2023-06-24,1025,143,69,89,35,74,54,0.4825174825174825,0.39325842696629215,104
2023-06-25,1025,143,72,65,42,71,23,0.5034965034965035,0.6461538461538462,114
2023-06-26,1025,148,87,100,35,61,65,0.5878378378378378,0.35,122
2023-06-27,1025,121,85,65,40,36,25,0.7024793388429752,0.6153846153846154,125
2023-06-28,1025,125,97,66,40,28,26,0.776,0.6060606060606061,137
2023-06-29,1025,131,76,89,47,55,42,0.5801526717557252,0.5280898876404494,123
2023-06-30,1025,137,80,84,39,57,45,0.583941605839416,0.4642857142857143,119
2023-07-01,1025,150,72,71,41,78,30,0.48,0.5774647887323944,113
2023-07-02,1025,108,83,62,36,25,26,0.7685185185185185,0.5806451612903226,119
2023-07-03,1025,140,82,94,52,58,42,0.5857142857142857,0.5531914893617021,134
2023-07-04,1025,150,86,91,37,64,54,0.5733333333333334,0.4065934065934066,123
2023-07-05,1025,139,63,65,34,76,31,0.45323741007194246,0.5230769230769231,97
2023-07-06,1025,130,83,94,39,47,55,0.6384615384615384,0.4148936170212766,122
2023-07-07,1025,104,78,82,38,26,44,0.75,0.4634146341463415,116
2023-07-08,1025,133,84,76,45,49,31,0.631578947368421,0.5921052631578947,129
2023-07-09,1025,127,85,50,38,42,12,0.6692913385826772,0.76,123
2023-07-10,1025,122,73,68,43,49,25,0.5983606557377049,0.6323529411764706,116
2023-07-11,1025,122,70,74,36,52,38,0.5737704918032787,0.4864864864864865,106
2023-07-12,1025,117,74,79,41,43,38,0.6324786324786325,0.5189873417721519,115
2023-07-13,1025,134,86,82,38,48,44,0.6417910447761194,0.4634146341463415,124
2023-07-14,1025,149,64,63,34,85,29,0.42953020134228187,0.5396825396825397,98
2023-07-15,1025,111,74,52,38,37,14,0.6666666666666666,0.7307692307692307,112
2023-07-16,1025,112,73,89,39,39,50,0.6517857142857143,0.43820224719101125,112
2023-07-17,1025,139,81,82,45,58,37,0.5827338129496403,0.5487804878048781,126
2023-07-18,1025,102,72,50,35,30,15,0.7058823529411765,0.7,107
2023-07-19,1025,143,81,70,45,62,25,0.5664335664335665,0.6428571428571429,126
2023-07-20,1025,118,82,64,34,36,30,0.6949152542372882,0.53125,116
2023-07-21,1025,108,70,53,39,38,14,0.6481481481481481,0.7358490566037735,109
2023-07-22,1025,150,78,95,38,72,57,0.52,0.4,116
2023-07-23,1025,135,71,55,39,64,16,0.5259259259259259,0.7090909090909091,110
2023-07-24,1025,117,80,76,43,37,33,0.6837606837606838,0.5657894736842105,123
2023-07-25,1025,120,92,71,45,28,26,0.7666666666666667,0.6338028169014085,137
2023-07-26,1025,122,63,55,45,59,10,0.5163934426229508,0.8181818181818182,108
2023-07-27,1025,122,74,71,38,48,33,0.6065573770491803,0.5352112676056338,112
2023-07-28,1025,139,82,77,43,57,34,0.5899280575539568,0.5584415584415584,125
2023-07-29,1025,124,99,90,37,25,53,0.7983870967741935,0.4111111111111111,136
2023-07-30,1025,118,70,90,31,48,59,0.5932203389830508,0.34444444444444444,101
2023-07-31,1025,117,70,52,33,47,19,0.5982905982905983,0.6346153846153846,103
2023-08-01,1025,116,77,93,41,39,52,0.6637931034482759,0.44086021505376344,118
2023-08-02,1025,106,85,91,38,21,53,0.8018867924528302,0.4175824175824176,123
2023-08-03,1025,115,81,80,42,34,38,0.7043478260869566,0.525,123
2023-08-04,1025,107,93,91,52,14,39,0.8691588785046729,0.5714285714285714,145
2023-08-05,1025,137,78,97,44,59,53,0.5693430656934306,0.4536082474226804,122
2023-08-06,1025,135,92,58,27,43,31,0.6814814814814815,0.46551724137931033,119
2023-08-07,1025,111,97,73,54,14,19,0.8738738738738738,0.7397260273972602,151
2023-08-08,1025,122,84,79,48,38,31,0.6885245901639344,0.6075949367088608,132
2023-08-09,1025,103,83,59,38,20,21,0.8058252427184466,0.6440677966101694,121
2023-08-10,1025,136,86,94,46,50,48,0.6323529411764706,0.48936170212765956,132
2023-08-11,1025,125,82,100,39,43,61,0.656,0.39,121
2023-08-12,1025,116,84,93,34,32,59,0.7241379310344828,0.3655913978494624,118
2023-08-13,1025,100,77,73,43,23,30,0.77,0.589041095890411,120
2023-08-14,1025,144,69,99,43,75,56,0.4791666666666667,0.43434343434343436,112
2023-08-15,1025,121,76,77,47,45,30,0.628099173553719,0.6103896103896104,123
2023-08-16,1025,109,80,60,40,29,20,0.7339449541284404,0.6666666666666666,120
2023-08-17,1025,136,93,59,37,43,22,0.6838235294117647,0.6271186440677966,130
2023-08-18,1025,146,113,66,45,33,21,0.773972602739726,0.6818181818181818,158
2023-08-19,1025,107,77,78,50,30,28,0.719626168224299,0.6410256410256411,127
2023-08-20,1025,108,93,66,39,15,27,0.8611111111111112,0.5909090909090909,132
2023-08-21,1025,146,79,63,37,67,26,0.541095890410959,0.5873015873015873,116
2023-08-22,1025,114,85,63,55,29,8,0.7456140350877193,0.873015873015873,140
2023-08-23,1025,120,97,53,37,23,16,0.8083333333333333,0.6981132075471698,134
2023-08-24,1025,143,73,51,36,70,15,0.5104895104895105,0.7058823529411765,109
2023-08-25,1025,113,78,56,38,35,18,0.6902654867256637,0.6785714285714286,116
2023-08-26,1025,150,64,67,36,86,31,0.4266666666666667,0.5373134328358209,100
2023-08-27,1025,129,77,91,47,52,44,0.5968992248062015,0.5164835164835165,124
2023-08-28,1025,117,95,74,43,22,31,0.811965811965812,0.581081081081081,138
2023-08-29,1025,150,89,72,30,61,42,0.5933333333333334,0.4166666666666667,119
2023-08-30,1025,127,96,72,47,31,25,0.7559055118110236,0.6527777777777778,143
2023-08-31,1025,140,74,93,40,66,53,0.5285714285714286,0.43010752688172044,114
2023-09-01,1025,145,71,87,41,74,46,0.4896551724137931,0.47126436781609193,112
2023-09-02,1025,110,100,97,40,10,57,0.9090909090909091,0.41237113402061853,140
2023-09-03,1025,118,76,66,40,42,26,0.6440677966101694,0.6060606060606061,116
2023-09-04,1025,115,75,93,45,40,48,0.6521739130434783,0.4838709677419355,120
2023-09-05,1025,104,78,87,26,26,61,0.75,0.2988505747126437,104
2023-09-06,1025,135,78,84,33,57,51,0.5777777777777777,0.39285714285714285,111
2023-09-07,1025,138,74,86,39,64,47,0.5362318840579711,0.45348837209302323,113
2023-09-08,1025,106,73,51,27,33,24,0.6886792452830188,0.5294117647058824,100
2023-09-09,1025,116,91,51,44,25,7,0.7844827586206896,0.8627450980392157,135
2023-09-10,1025,128,69,100,37,59,63,0.5390625,0.37,106
2023-09-11,1025,108,85,58,38,23,20,0.7870370370370371,0.6551724137931034,123
2023-09-12,1025,134,85,99,41,49,58,0.6343283582089553,0.41414141414141414,126
2023-09-13,1025,112,69,68,34,43,34,0.6160714285714286,0.5,103
2023-09-14,1025,119,72,63,41,47,22,0.6050420168067226,0.6507936507936508,113
2023-09-15,1025,104,99,58,43,5,15,0.9519230769230769,0.7413793103448276,142
2023-09-16,1025,133,91,75,46,42,29,0.6842105263157895,0.6133333333333333,137
2023-09-17,1025,146,100,73,51,46,22,0.684931506849315,0.6986301369863014,151
2023-09-18,1025,120,74,89,31,46,58,0.6166666666666667,0.34831460674157305,105
2023-09-19,1025,106,78,54,51,28,3,0.7358490566037735,0.9444444444444444,129
2023-09-20,1025,121,98,69,37,23,32,0.8099173553719008,0.5362318840579711,135
2023-09-21,1025,120,90,51,34,30,17,0.75,0.6666666666666666,124
2023-09-22,1025,146,81,88,34,65,54,0.5547945205479452,0.38636363636363635,115
2023-09-23,1025,136,78,83,39,58,44,0.5735294117647058,0.46987951807228917,117
2023-09-24,1025,115,81,99,34,34,65,0.7043478260869566,0.3434343434343434,115
2023-09-25,1025,108,86,57,36,22,21,0.7962962962962963,0.631578947368421,122
2023-09-26,1025,144,82,100,48,62,52,0.5694444444444444,0.48,130
2023-09-27,1025,139,72,83,38,67,45,0.5179856115107914,0.4578313253012048,110
2023-09-28,1025,134,79,77,38,55,39,0.5895522388059702,0.4935064935064935,117
2023-09-29,1025,139,72,58,40,67,18,0.5179856115107914,0.6896551724137931,112
2023-09-30,1025,114,76,67,44,38,23,0.6666666666666666,0.6567164179104478,120
2023-10-01,1025,138,83,54,39,55,15,0.6014492753623188,0.7222222222222222,122
2023-10-02,1025,142,84,61,38,58,23,0.5915492957746479,0.6229508196721312,122
2023-10-03,1025,102,69,74,42,33,32,0.6764705882352942,0.5675675675675675,111
2023-10-04,1025,113,60,76,37,53,39,0.5309734513274337,0.4868421052631579,97
2023-10-05,1025,137,72,95,48,65,47,0.5255474452554745,0.5052631578947369,120
2023-10-06,1025,112,78,79,45,34,34,0.6964285714285714,0.569620253164557,123
2023-10-07,1025,145,83,99,51,62,48,0.5724137931034483,0.5151515151515151,134
2023-10-08,1025,135,86,56,45,49,11,0.6370370370370371,0.8035714285714286,131
2023-10-09,1025,118,70,81,33,48,48,0.5932203389830508,0.4074074074074074,103
2023-10-10,1025,137,81,84,47,56,37,0.5912408759124088,0.5595238095238095,128
2023-10-11,1025,126,69,68,41,57,27,0.5476190476190477,0.6029411764705882,110
2023-10-12,1025,101,91,68,40,10,28,0.900990099009901,0.5882352941176471,131
2023-10-13,1025,133,73,57,27,60,30,0.5488721804511278,0.47368421052631576,100
2023-10-14,1025,147,98,81,45,49,36,0.6666666666666666,0.5555555555555556,143
2023-10-15,1025,145,76,65,43,69,22,0.5241379310344828,0.6615384615384615,119
2023-10-16,1025,148,62,51,26,86,25,0.4189189189189189,0.5098039215686274,88
2023-10-17,1025,129,70,55,37,59,18,0.5426356589147286,0.6727272727272727,107
2023-10-18,1025,148,74,69,38,74,31,0.5,0.5507246376811594,112
2023-10-19,1025,123,69,73,47,54,26,0.5609756097560976,0.6438356164383562,116
2023-10-20,1025,121,72,51,32,49,19,0.5950413223140496,0.6274509803921569,104
2023-10-21,1025,146,70,92,54,76,38,0.4794520547945205,0.5869565217391305,124
2023-10-22,1025,100,62,52,35,38,17,0.62,0.6730769230769231,97
2023-10-23,1025,144,86,64,38,58,26,0.5972222222222222,0.59375,124
2023-10-24,1025,112,78,77,39,34,38,0.6964285714285714,0.5064935064935064,117
2023-10-25,1025,147,89,85,47,58,38,0.6054421768707483,0.5529411764705883,136
2023-10-26,1025,146,81,58,27,65,31,0.5547945205479452,0.46551724137931033,108
2023-10-27,1025,142,103,91,47,39,44,0.7253521126760564,0.5164835164835165,150
2023-10-28,1025,117,105,90,50,12,40,0.8974358974358975,0.5555555555555556,155
2023-10-29,1025,143,94,52,36,49,16,0.6573426573426573,0.6923076923076923,130
2023-10-30,1025,103,70,94,35,33,59,0.6796116504854369,0.3723404255319149,105
2023-10-31,1025,109,82,60,39,27,21,0.7522935779816514,0.65,121
2023-11-01,1025,112,76,52,42,36,10,0.6785714285714286,0.8076923076923077,118
2023-11-02,1025,150,73,94,33,77,61,0.4866666666666667,0.35106382978723405,106
2023-11-03,1025,120,78,69,41,42,28,0.65,0.5942028985507246,119
2023-11-04,1025,112,93,88,37,19,51,0.8303571428571429,0.42045454545454547,130
2023-11-05,1025,116,87,85,34,29,51,0.75,0.4,121
2023-11-06,1025,121,90,95,37,31,58,0.743801652892562,0.3894736842105263,127
2023-11-07,1025,130,65,73,45,65,28,0.5,0.6164383561643836,110
2023-11-08,1025,111,75,62,43,36,19,0.6756756756756757,0.6935483870967742,118
2023-11-09,1025,105,78,69,46,27,23,0.7428571428571429,0.6666666666666666,124
2023-11-10,1025,135,77,56,35,58,21,0.5703703703703704,0.625,112
2023-11-11,1025,105,63,72,42,42,30,0.6,0.5833333333333334,105
2023-11-12,1025,103,81,64,48,22,16,0.7864077669902912,0.75,129
2023-11-13,1025,144,96,81,42,48,39,0.6666666666666666,0.5185185185185185,138
2023-11-14,1025,134,73,59,39,61,20,0.5447761194029851,0.6610169491525424,112
2023-11-15,1025,144,81,54,42,63,12,0.5625,0.7777777777777778,123
2023-11-16,1025,114,105,82,44,9,38,0.9210526315789473,0.5365853658536586,149
2023-11-17,1025,135,83,50,45,52,5,0.6148148148148148,0.9,128
2023-11-18,1025,100,79,82,43,21,39,0.79,0.524390243902439,122
2023-11-19,1025,129,74,50,38,55,12,0.5736434108527132,0.76,112
2023-11-20,1025,111,92,79,41,19,38,0.8288288288288288,0.5189873417721519,133
2023-11-21,1025,141,80,66,35,61,31,0.5673758865248227,0.5303030303030303,115
2023-11-22,1025,112,79,51,42,33,9,0.7053571428571429,0.8235294117647058,121
2023-11-23,1025,128,81,76,36,47,40,0.6328125,0.47368421052631576,117
2023-11-24,1025,142,82,80,47,60,33,0.5774647887323944,0.5875,129
2023-11-25,1025,115,86,85,28,29,57,0.7478260869565218,0.32941176470588235,114
2023-11-26,1025,100,71,64,52,29,12,0.71,0.8125,123
2023-11-27,1025,132,100,74,40,32,34,0.7575757575757576,0.5405405405405406,140
2023-11-28,1025,130,94,60,48,36,12,0.7230769230769231,0.8,142
2023-11-29,1025,128,87,66,36,41,30,0.6796875,0.5454545454545454,123
2023-11-30,1025,129,74,51,44,55,7,0.5736434108527132,0.8627450980392157,118
2023-12-01,1025,102,72,99,51,30,48,0.7058823529411765,0.5151515151515151,123
2023-12-02,1025,128,78,96,29,50,67,0.609375,0.3020833333333333,107
2023-12-03,1025,144,94,96,40,50,56,0.6527777777777778,0.4166666666666667,134
2023-12-04,1025,130,78,83,38,52,45,0.6,0.4578313253012048,116
2023-12-05,1025,118,78,52,42,40,10,0.6610169491525424,0.8076923076923077,120
2023-12-06,1025,121,72,66,50,49,16,0.5950413223140496,0.7575757575757576,122
2023-12-07,1025,124,75,73,42,49,31,0.6048387096774194,0.5753424657534246,117
2023-12-08,1025,106,101,100,31,5,69,0.9528301886792453,0.31,132
2023-12-09,1025,139,78,53,39,61,14,0.5611510791366906,0.7358490566037735,117
2023-12-10,1025,112,98,98,37,14,61,0.875,0.37755102040816324,135
2023-12-11,1025,141,74,64,36,67,28,0.524822695035461,0.5625,110
2023-12-12,1025,118,83,83,50,35,33,0.7033898305084746,0.6024096385542169,133
2023-12-13,1025,147,78,56,46,69,10,0.5306122448979592,0.8214285714285714,124
2023-12-14,1025,132,67,72,37,65,35,0.5075757575757576,0.5138888888888888,104
2023-12-15,1025,114,74,72,39,40,33,0.6491228070175439,0.5416666666666666,113
2023-12-16,1025,135,95,64,44,40,20,0.7037037037037037,0.6875,139
2023-12-17,1025,110,73,86,36,37,50,0.6636363636363637,0.4186046511627907,109
2023-12-18,1025,147,74,61,39,73,22,0.5034013605442177,0.639344262295082,113
2023-12-19,1025,100,92,53,44,8,9,0.92,0.8301886792452831,136
2023-12-20,1025,132,74,78,40,58,38,0.5606060606060606,0.5128205128205128,114
2023-12-21,1025,111,86,76,42,25,34,0.7747747747747747,0.5526315789473685,128
2023-12-22,1025,105,82,84,35,23,49,0.780952380952381,0.4166666666666667,117
2023-12-23,1025,141,76,76,45,65,31,0.5390070921985816,0.5921052631578947,121
2023-12-24,1025,134,95,63,47,39,16,0.7089552238805971,0.746031746031746,142
2023-12-25,1025,134,80,94,42,54,52,0.5970149253731343,0.44680851063829785,122
2023-12-26,1025,149,86,99,33,63,66,0.5771812080536913,0.3333333333333333,119
2023-12-27,1025,111,70,78,53,41,25,0.6306306306306306,0.6794871794871795,123
2023-12-28,1025,120,70,58,37,50,21,0.5833333333333334,0.6379310344827587,107
2023-12-29,1025,150,85,68,44,65,24,0.5666666666666667,0.6470588235294118,129
2023-12-30,1025,132,80,74,41,52,33,0.6060606060606061,0.5540540540540541,121
2023-12-31,1025,140,71,54,36,69,18,0.5071428571428571,0.6666666666666666,107
2023-01-01,1026,114,78,81,43,36,38,0.6842105263157895,0.5308641975308642,121
2023-01-02,1026,115,77,56,42,38,14,0.6695652173913044,0.75,119
2023-01-03,1026,147,75,64,45,72,19,0.5102040816326531,0.703125,120
2023-01-04,1026,127,66,79,33,61,46,0.5196850393700787,0.4177215189873418,99
2023-01-05,1026,118,86,61,43,32,18,0.7288135593220338,0.7049180327868853,129
2023-01-06,1026,124,77,68,48,47,20,0.6209677419354839,0.7058823529411765,125
2023-01-07,1026,124,71,55,27,53,28,0.5725806451612904,0.4909090909090909,98
2023-01-08,1026,119,81,72,30,38,42,0.680672268907563,0.4166666666666667,111
2023-01-09,1026,120,97,71,44,23,27,0.8083333333333333,0.6197183098591549,141
2023-01-10,1026,108,84,97,35,24,62,0.7777777777777778,0.36082474226804123,119
2023-01-11,1026,136,85,82,47,51,35,0.625,0.573170731707317,132
2023-01-12,1026,145,84,78,29,61,49,0.5793103448275863,0.3717948717948718,113
2023-01-13,1026,104,68,92,42,36,50,0.6538461538461539,0.45652173913043476,110
2023-01-14,1026,116,75,52,38,41,14,0.646551724137931,0.7307692307692307,113
2023-01-15,1026,150,77,77,44,73,33,0.5133333333333333,0.5714285714285714,121
2023-01-16,1026,111,72,54,48,39,6,0.6486486486486487,0.8888888888888888,120
2023-01-17,1026,138,77,61,49,61,12,0.5579710144927537,0.8032786885245902,126
2023-01-18,1026,148,81,91,34,67,57,0.5472972972972973,0.37362637362637363,115
2023-01-19,1026,106,69,59,43,37,16,0.6509433962264151,0.7288135593220338,112
2023-01-20,1026,135,84,81,40,51,41,0.6222222222222222,0.49382716049382713,124
2023-01-21,1026,128,72,97,43,56,54,0.5625,0.44329896907216493,115
2023-01-22,1026,135,82,94,38,53,56,0.6074074074074074,0.40425531914893614,120
2023-01-23,1026,149,79,87,47,70,40,0.5302013422818792,0.5402298850574713,126
2023-01-24,1026,148,80,68,43,68,25,0.5405405405405406,0.6323529411764706,123
2023-01-25,1026,133,72,98,41,61,57,0.5413533834586466,0.41836734693877553,113
2023-01-26,1026,135,77,89,33,58,56,0.5703703703703704,0.3707865168539326,110
2023-01-27,1026,106,66,57,35,40,22,0.6226415094339622,0.6140350877192983,101
2023-01-28,1026,150,97,79,37,53,42,0.6466666666666666,0.46835443037974683,134
2023-01-29,1026,143,71,79,47,72,32,0.4965034965034965,0.5949367088607594,118
2023-01-30,1026,101,79,68,52,22,16,0.7821782178217822,0.7647058823529411,131
2023-01-31,1026,144,78,93,30,66,63,0.5416666666666666,0.3225806451612903,108
2023-02-01,1026,145,94,71,37,51,34,0.6482758620689655,0.5211267605633803,131
2023-02-02,1026,140,67,88,36,73,52,0.4785714285714286,0.4090909090909091,103
2023-02-03,1026,111,77,91,51,34,40,0.6936936936936937,0.5604395604395604,128
2023-02-04,1026,128,85,90,46,43,44,0.6640625,0.5111111111111111,131
2023-02-05,1026,100,78,96,36,22,60,0.78,0.375,114
2023-02-06,1026,149,92,90,39,57,51,0.6174496644295302,0.43333333333333335,131
2023-02-07,1026,130,64,71,27,66,44,0.49230769230769234,0.38028169014084506,91
2023-02-08,1026,147,79,80,42,68,38,0.5374149659863946,0.525,121
2023-02-09,1026,115,89,50,45,26,5,0.7739130434782608,0.9,134
2023-02-10,1026,102,96,59,41,6,18,0.9411764705882353,0.6949152542372882,137
2023-02-11,1026,117,84,59,45,33,14,0.717948717948718,0.7627118644067796,129
2023-02-12,1026,144,70,56,46,74,10,0.4861111111111111,0.8214285714285714,116
2023-02-13,1026,133,79,57,29,54,28,0.5939849624060151,0.5087719298245614,108
2023-02-14,1026,147,83,77,40,64,37,0.564625850340136,0.5194805194805194,123
2023-02-15,1026,134,97,76,45,37,31,0.7238805970149254,0.5921052631578947,142
2023-02-16,1026,146,95,67,42,51,25,0.6506849315068494,0.6268656716417911,137
2023-02-17,1026,101,75,62,47,26,15,0.7425742574257426,0.7580645161290323,122
2023-02-18,1026,150,64,91,28,86,63,0.4266666666666667,0.3076923076923077,92
2023-02-19,1026,107,88,73,36,19,37,0.822429906542056,0.4931506849315068,124
2023-02-20,1026,142,63,99,42,79,57,0.44366197183098594,0.42424242424242425,105
2023-02-21,1026,125,81,60,33,44,27,0.648,0.55,114
2023-02-22,1026,127,82,95,32,45,63,0.6456692913385826,0.3368421052631579,114
2023-02-23,1026,149,86,53,44,63,9,0.5771812080536913,0.8301886792452831,130
2023-02-24,1026,102,79,98,41,23,57,0.7745098039215687,0.41836734693877553,120
2023-02-25,1026,106,82,83,48,24,35,0.7735849056603774,0.5783132530120482,130
2023-02-26,1026,145,74,62,42,71,20,0.5103448275862069,0.6774193548387096,116
2023-02-27,1026,107,77,60,43,30,17,0.719626168224299,0.7166666666666667,120
2023-02-28,1026,108,82,68,39,26,29,0.7592592592592593,0.5735294117647058,121
2023-03-01,1026,117,81,83,37,36,46,0.6923076923076923,0.4457831325301205,118
2023-03-02,1026,112,94,56,56,18,0,0.8392857142857143,1,150
2023-03-03,1026,113,84,88,45,29,43,0.7433628318584071,0.5113636363636364,129
2023-03-04,1026,118,77,58,35,41,23,0.652542372881356,0.603448275862069,112
2023-03-05,1026,112,88,54,51,24,3,0.7857142857142857,0.9444444444444444,139
2023-03-06,1026,113,81,94,27,32,67,0.7168141592920354,0.2872340425531915,108
2023-03-07,1026,109,85,65,28,24,37,0.7798165137614679,0.4307692307692308,113
2023-03-08,1026,101,87,78,43,14,35,0.8613861386138614,0.5512820512820513,130
2023-03-09,1026,103,78,96,50,25,46,0.7572815533980582,0.5208333333333334,128
2023-03-10,1026,107,93,98,49,14,49,0.8691588785046729,0.5,142
2023-03-11,1026,120,89,86,38,31,48,0.7416666666666667,0.4418604651162791,127
2023-03-12,1026,101,70,51,33,31,18,0.693069306930693,0.6470588235294118,103
2023-03-13,1026,103,70,55,36,33,19,0.6796116504854369,0.6545454545454545,106
2023-03-14,1026,117,78,88,39,39,49,0.6666666666666666,0.4431818181818182,117
2023-03-15,1026,135,67,76,43,68,33,0.4962962962962963,0.5657894736842105,110
2023-03-16,1026,142,96,82,51,46,31,0.676056338028169,0.6219512195121951,147
2023-03-17,1026,138,91,57,36,47,21,0.6594202898550725,0.631578947368421,127
2023-03-18,1026,136,88,90,34,48,56,0.6470588235294118,0.37777777777777777,122
2023-03-19,1026,136,81,75,41,55,34,0.5955882352941176,0.5466666666666666,122
2023-03-20,1026,109,97,89,31,12,58,0.8899082568807339,0.34831460674157305,128
2023-03-21,1026,122,65,71,37,57,34,0.5327868852459017,0.5211267605633803,102
2023-03-22,1026,112,74,66,32,38,34,0.6607142857142857,0.48484848484848486,106
2023-03-23,1026,150,72,50,30,78,20,0.48,0.6,102
2023-03-24,1026,113,79,51,35,34,16,0.6991150442477876,0.6862745098039216,114
2023-03-25,1026,132,83,78,35,49,43,0.6287878787878788,0.44871794871794873,118
2023-03-26,1026,106,98,80,34,8,46,0.9245283018867925,0.425,132
2023-03-27,1026,121,71,75,38,50,37,0.5867768595041323,0.5066666666666667,109
2023-03-28,1026,113,76,97,38,37,59,0.672566371681416,0.3917525773195876,114
2023-03-29,1026,127,68,78,44,59,34,0.5354330708661418,0.5641025641025641,112
2023-03-30,1026,118,85,83,39,33,44,0.7203389830508474,0.46987951807228917,124
2023-03-31,1026,150,80,80,33,70,47,0.5333333333333333,0.4125,113
2023-04-01,1026,123,69,74,41,54,33,0.5609756097560976,0.5540540540540541,110
2023-04-02,1026,149,78,60,44,71,16,0.5234899328859061,0.7333333333333333,122
2023-04-03,1026,122,73,93,31,49,62,0.5983606557377049,0.3333333333333333,104
2023-04-04,1026,146,85,97,36,61,61,0.5821917808219178,0.3711340206185567,121
2023-04-05,1026,136,75,100,37,61,63,0.5514705882352942,0.37,112
2023-04-06,1026,119,73,54,52,46,2,0.6134453781512605,0.9629629629629629,125
2023-04-07,1026,119,75,54,37,44,17,0.6302521008403361,0.6851851851851852,112
2023-04-08,1026,101,81,74,42,20,32,0.801980198019802,0.5675675675675675,123
2023-04-09,1026,117,80,63,32,37,31,0.6837606837606838,0.5079365079365079,112
2023-04-10,1026,129,60,98,37,69,61,0.46511627906976744,0.37755102040816324,97
2023-04-11,1026,135,78,94,29,57,65,0.5777777777777777,0.30851063829787234,107
2023-04-12,1026,112,73,73,35,39,38,0.6517857142857143,0.4794520547945205,108
2023-04-13,1026,122,89,86,40,33,46,0.7295081967213115,0.46511627906976744,129
2023-04-14,1026,141,86,93,37,55,56,0.6099290780141844,0.3978494623655914,123
2023-04-15,1026,148,81,83,46,67,37,0.5472972972972973,0.5542168674698795,127
2023-04-16,1026,137,70,69,46,67,23,0.5109489051094891,0.6666666666666666,116
2023-04-17,1026,140,82,57,51,58,6,0.5857142857142857,0.8947368421052632,133
2023-04-18,1026,143,86,96,26,57,70,0.6013986013986014,0.2708333333333333,112
2023-04-19,1026,130,81,72,40,49,32,0.6230769230769231,0.5555555555555556,121
2023-04-20,1026,102,92,65,41,10,24,0.9019607843137255,0.6307692307692307,133
2023-04-21,1026,118,85,58,38,33,20,0.7203389830508474,0.6551724137931034,123
2023-04-22,1026,110,74,56,29,36,27,0.6727272727272727,0.5178571428571429,103
2023-04-23,1026,112,73,50,48,39,2,0.6517857142857143,0.96,121
2023-04-24,1026,121,77,55,49,44,6,0.6363636363636364,0.8909090909090909,126
2023-04-25,1026,130,77,86,31,53,55,0.5923076923076923,0.36046511627906974,108
2023-04-26,1026,148,72,87,28,76,59,0.4864864864864865,0.3218390804597701,100
2023-04-27,1026,111,73,95,44,38,51,0.6576576576576577,0.4631578947368421,117
2023-04-28,1026,125,83,95,35,42,60,0.664,0.3684210526315789,118
2023-04-29,1026,146,66,80,46,80,34,0.4520547945205479,0.575,112
2023-04-30,1026,136,83,74,29,53,45,0.6102941176470589,0.3918918918918919,112
2023-05-01,1026,114,76,68,51,38,17,0.6666666666666666,0.75,127
2023-05-02,1026,134,73,76,37,61,39,0.5447761194029851,0.4868421052631579,110
2023-05-03,1026,102,71,60,39,31,21,0.696078431372549,0.65,110
2023-05-04,1026,149,84,93,34,65,59,0.5637583892617449,0.3655913978494624,118
2023-05-05,1026,142,67,97,36,75,61,0.47183098591549294,0.3711340206185567,103
2023-05-06,1026,145,77,92,51,68,41,0.5310344827586206,0.5543478260869565,128
2023-05-07,1026,121,92,52,42,29,10,0.7603305785123967,0.8076923076923077,134
2023-05-08,1026,136,88,64,42,48,22,0.6470588235294118,0.65625,130
2023-05-09,1026,140,89,88,42,51,46,0.6357142857142857,0.4772727272727273,131
2023-05-10,1026,121,81,51,39,40,12,0.6694214876033058,0.7647058823529411,120
2023-05-11,1026,112,71,52,50,41,2,0.6339285714285714,0.9615384615384616,121
2023-05-12,1026,139,73,99,48,66,51,0.5251798561151079,0.48484848484848486,121
2023-05-13,1026,120,88,96,41,32,55,0.7333333333333333,0.4270833333333333,129
2023-05-14,1026,149,80,72,34,69,38,0.5369127516778524,0.4722222222222222,114
2023-05-15,1026,119,100,94,51,19,43,0.8403361344537815,0.5425531914893617,151
2023-05-16,1026,114,83,81,38,31,43,0.7280701754385965,0.4691358024691358,121
2023-05-17,1026,106,85,68,35,21,33,0.8018867924528302,0.5147058823529411,120
2023-05-18,1026,124,92,94,50,32,44,0.7419354838709677,0.5319148936170213,142
2023-05-19,1026,109,74,51,38,35,13,0.6788990825688074,0.7450980392156863,112
2023-05-20,1026,124,92,58,42,32,16,0.7419354838709677,0.7241379310344828,134
2023-05-21,1026,108,72,60,36,36,24,0.6666666666666666,0.6,108
2023-05-22,1026,150,70,62,41,80,21,0.4666666666666667,0.6612903225806451,111
2023-05-23,1026,100,72,78,39,28,39,0.72,0.5,111
2023-05-24,1026,117,92,93,38,25,55,0.7863247863247863,0.40860215053763443,130
2023-05-25,1026,102,65,93,36,37,57,0.6372549019607843,0.3870967741935484,101
2023-05-26,1026,148,62,84,44,86,40,0.4189189189189189,0.5238095238095238,106
2023-05-27,1026,121,100,96,42,21,54,0.8264462809917356,0.4375,142
2023-05-28,1026,100,84,92,30,16,62,0.84,0.32608695652173914,114
2023-05-29,1026,130,71,70,39,59,31,0.5461538461538461,0.5571428571428572,110
2023-05-30,1026,144,85,59,43,59,16,0.5902777777777778,0.7288135593220338,128
2023-05-31,1026,144,79,90,44,65,46,0.5486111111111112,0.4888888888888889,123
2023-06-01,1026,100,80,56,37,20,19,0.8,0.6607142857142857,117
2023-06-02,1026,122,92,83,30,30,53,0.7540983606557377,0.3614457831325301,122
2023-06-03,1026,131,81,81,34,50,47,0.6183206106870229,0.41975308641975306,115
2023-06-04,1026,127,61,79,46,66,33,0.48031496062992124,0.5822784810126582,107
2023-06-05,1026,107,79,77,41,28,36,0.7383177570093458,0.5324675324675324,120
2023-06-06,1026,103,73,64,39,30,25,0.7087378640776699,0.609375,112
2023-06-07,1026,137,97,72,43,40,29,0.708029197080292,0.5972222222222222,140
2023-06-08,1026,141,80,83,49,61,34,0.5673758865248227,0.5903614457831325,129
2023-06-09,1026,115,87,97,47,28,50,0.7565217391304347,0.4845360824742268,134
2023-06-10,1026,148,76,83,36,72,47,0.5135135135135135,0.43373493975903615,112
2023-06-11,1026,144,78,68,44,66,24,0.5416666666666666,0.6470588235294118,122
2023-06-12,1026,139,81,68,42,58,26,0.5827338129496403,0.6176470588235294,123
2023-06-13,1026,103,93,65,34,10,31,0.9029126213592233,0.5230769230769231,127
2023-06-14,1026,137,75,51,36,62,15,0.5474452554744526,0.7058823529411765,111
2023-06-15,1026,113,76,50,50,37,0,0.672566371681416,1,126
2023-06-16,1026,120,85,50,31,35,19,0.7083333333333334,0.62,116
2023-06-17,1026,143,80,53,49,63,4,0.5594405594405595,0.9245283018867925,129
2023-06-18,1026,141,85,53,34,56,19,0.6028368794326241,0.6415094339622641,119
2023-06-19,1026,150,72,75,39,78,36,0.48,0.52,111
2023-06-20,1026,126,85,93,42,41,51,0.6746031746031746,0.45161290322580644,127
2023-06-21,1026,139,85,77,39,54,38,0.6115107913669064,0.5064935064935064,124
2023-06-22,1026,106,76,65,39,30,26,0.71698113207547165,0.6,115
2023-06-23,1026,135,81,53,37,54,16,0.6,0.6981132075471698,118
2023-06-24,1026,102,88,95,41,14,54,0.8627450980392157,0.43157894736842106,129
2023-06-25,1026,104,74,54,46,30,8,0.7115384615384616,0.8518518518518519,120
2023-06-26,1026,124,69,66,42,55,24,0.5564516129032258,0.6363636363636364,111
2023-06-27,1026,105,81,59,41,24,18,0.7714285714285715,0.6949152542372882,122
2023-06-28,1026,120,81,98,45,39,53,0.675,0.45918367346938777,126
2023-06-29,1026,143,82,61,41,61,20,0.5734265734265734,0.6721311475409836,123
2023-06-30,1026,121,72,55,38,49,17,0.5950413223140496,0.6909090909090909,110
2023-07-01,1026,145,79,66,37,66,29,0.5448275862068965,0.5606060606060606,116
2023-07-02,1026,137,75,99,41,62,58,0.5474452554744526,0.41414141414141414,116
2023-07-03,1026,108,79,75,37,29,38,0.7314814814814815,0.49333333333333335,116
2023-07-04,1026,116,69,50,35,47,15,0.5948275862068966,0.7,104
2023-07-05,1026,110,69,66,37,41,29,0.6272727272727273,0.5606060606060606,106
2023-07-06,1026,107,102,62,57,5,5,0.9532710280373832,0.9193548387096774,159
2023-07-07,1026,108,77,56,37,31,19,0.7129629629629629,0.6607142857142857,114
2023-07-08,1026,138,84,58,40,54,18,0.6086956521739131,0.6896551724137931,124
2023-07-09,1026,121,80,58,41,41,17,0.6611570247933884,0.7068965517241379,121
2023-07-10,1026,143,77,56,45,66,11,0.5384615384615384,0.8035714285714286,122
2023-07-11,1026,142,69,78,42,73,36,0.4859154929577465,0.5384615384615384,111
2023-07-12,1026,128,74,96,47,54,49,0.578125,0.4895833333333333,121
2023-07-13,1026,139,84,95,41,55,54,0.60431654676259,0.43157894736842106,125
2023-07-14,1026,149,85,99,41,64,58,0.5704697986577181,0.41414141414141414,126
2023-07-15,1026,107,95,53,39,12,14,0.8878504672897196,0.7358490566037735,134
2023-07-16,1026,129,100,56,46,29,10,0.7751937984496124,0.8214285714285714,146
2023-07-17,1026,110,81,91,48,29,43,0.7363636363636363,0.5274725274725275,129
2023-07-18,1026,102,91,61,45,11,16,0.8921568627450981,0.7377049180327869,136
2023-07-19,1026,144,85,69,38,59,31,0.5902777777777778,0.5507246376811594,123
2023-07-20,1026,126,90,66,44,36,22,0.7142857142857143,0.6666666666666666,134
2023-07-21,1026,118,98,84,36,20,48,0.8305084745762712,0.42857142857142855,134
2023-07-22,1026,134,68,78,45,66,33,0.5074626865671642,0.5769230769230769,113
2023-07-23,1026,100,65,85,34,35,51,0.65,0.4,99
2023-07-24,1026,119,89,74,39,30,35,0.7478991596638656,0.527027027027027,128
2023-07-25,1026,129,82,98,30,47,68,0.6356589147286822,0.30612244897959184,112
2023-07-26,1026,104,70,97,47,34,50,0.6730769230769231,0.4845360824742268,117
2023-07-27,1026,150,79,98,39,71,59,0.5266666666666666,0.3979591836734694,118
2023-07-28,1026,127,82,69,57,45,12,0.6456692913385826,0.8260869565217391,139
2023-07-29,1026,132,83,100,32,49,68,0.6287878787878788,0.32,115
2023-07-30,1026,133,80,54,50,53,4,0.6015037593984962,0.9259259259259259,130
2023-07-31,1026,150,78,90,47,72,43,0.52,0.5222222222222223,125
2023-08-01,1026,123,82,73,39,41,34,0.6666666666666666,0.5342465753424658,121
2023-08-02,1026,108,93,52,35,15,17,0.8611111111111112,0.6730769230769231,128
2023-08-03,1026,114,90,65,42,24,23,0.7894736842105263,0.6461538461538462,132
2023-08-04,1026,117,93,60,35,24,25,0.7948717948717948,0.5833333333333334,128
2023-08-05,1026,116,79,62,28,37,34,0.6810344827586207,0.45161290322580644,107
2023-08-06,1026,150,95,70,33,55,37,0.6333333333333333,0.4714285714285714,128
2023-08-07,1026,136,80,63,39,56,24,0.5882352941176471,0.6190476190476191,119
2023-08-08,1026,105,77,87,32,28,55,0.7333333333333333,0.367816091954023,109
2023-08-09,1026,102,81,74,41,21,33,0.7941176470588235,0.5540540540540541,122
2023-08-10,1026,133,77,88,39,56,49,0.5789473684210527,0.4431818181818182,116
2023-08-11,1026,127,79,76,41,48,35,0.6220472440944882,0.5394736842105263,120
2023-08-12,1026,120,81,99,43,39,56,0.675,0.43434343434343436,124
2023-08-13,1026,101,79,83,50,22,33,0.7821782178217822,0.6024096385542169,129
2023-08-14,1026,121,76,63,39,45,24,0.628099173553719,0.6190476190476191,115
2023-08-15,1026,137,91,65,52,46,13,0.6642335766423357,0.8,143
2023-08-16,1026,148,80,52,32,68,20,0.5405405405405406,0.6153846153846154,112
2023-08-17,1026,101,84,59,38,17,21,0.8316831683168316,0.6440677966101694,122
2023-08-18,1026,138,97,63,45,41,18,0.7028985507246377,0.7142857142857143,142
2023-08-19,1026,118,79,65,29,39,36,0.6694915254237288,0.4461538461538462,108
2023-08-20,1026,137,80,70,45,57,25,0.583941605839416,0.6428571428571429,125
2023-08-21,1026,121,96,67,49,25,18,0.7933884297520661,0.7313432835820896,145
2023-08-22,1026,131,69,82,34,62,48,0.5267175572519084,0.4146341463414634,103
2023-08-23,1026,142,65,63,42,77,21,0.45774647887323944,0.6666666666666666,107
2023-08-24,1026,131,90,62,48,41,14,0.6870229007633588,0.7741935483870968,138
2023-08-25,1026,110,85,89,47,25,42,0.7727272727272727,0.5280898876404494,132
2023-08-26,1026,149,75,60,35,74,25,0.5033557046979866,0.5833333333333334,110
2023-08-27,1026,138,79,78,32,59,46,0.572463768115942,0.41025641025641024,111
2023-08-28,1026,134,82,93,51,52,42,0.6119402985074627,0.5483870967741935,133
2023-08-29,1026,115,72,67,39,43,28,0.6260869565217392,0.582089552238806,111
2023-08-30,1026,114,79,84,50,35,34,0.6929824561403509,0.5952380952380952,129
2023-08-31,1026,139,87,67,37,52,30,0.6258992805755396,0.5522388059701493,124
2023-09-01,1026,131,92,92,38,39,54,0.7022900763358778,0.41304347826086957,130
2023-09-02,1026,120,86,96,35,34,61,0.7166666666666667,0.3645833333333333,121
2023-09-03,1026,141,82,97,42,59,55,0.5815602836879432,0.4329896907216495,124
2023-09-04,1026,132,94,92,34,38,58,0.7121212121212122,0.3695652173913043,128
2023-09-05,1026,137,84,94,43,53,51,0.6131386861313869,0.4574468085106383,127
2023-09-06,1026,114,95,85,29,19,56,0.8333333333333334,0.3411764705882353,124
2023-09-07,1026,132,76,63,49,56,14,0.5757575757575758,0.7777777777777778,125
2023-09-08,1026,134,105,75,31,29,44,0.7835820895522388,0.41333333333333333,136
2023-09-09,1026,119,98,100,36,21,64,0.8235294117647058,0.36,134
2023-09-10,1026,139,70,71,45,69,26,0.5035971223021583,0.6338028169014085,115
2023-09-11,1026,124,67,84,39,57,45,0.5403225806451613,0.4642857142857143,106
2023-09-12,1026,148,86,76,44,62,32,0.581081081081081,0.5789473684210527,130
2023-09-13,1026,118,85,86,46,33,40,0.7203389830508474,0.5348837209302325,131
2023-09-14,1026,105,63,95,42,42,53,0.6,0.4421052631578947,105
2023-09-15,1026,126,80,81,43,46,38,0.6349206349206349,0.5308641975308642,123
2023-09-16,1026,148,63,74,30,85,44,0.42567567567567566,0.40540540540540543,93
2023-09-17,1026,118,71,65,46,47,19,0.6016949152542372,0.7076923076923077,117
2023-09-18,1026,127,79,92,43,48,49,0.6220472440944882,0.4673913043478261,122
2023-09-19,1026,117,97,58,56,20,2,0.8290598290598291,0.9655172413793104,153
2023-09-20,1026,102,86,100,37,16,63,0.8431372549019608,0.37,123
2023-09-21,1026,133,66,97,43,67,54,0.49624060150375937,0.44329896907216493,109
2023-09-22,1026,114,75,87,30,39,57,0.6578947368421053,0.3448275862068966,105
2023-09-23,1026,112,79,54,30,33,24,0.7053571428571429,0.5555555555555556,109
2023-09-24,1026,114,72,54,45,42,9,0.631578947368421,0.8333333333333334,117
2023-09-25,1026,105,77,59,46,28,13,0.7333333333333333,0.7796610169491526,123
2023-09-26,1026,115,77,82,43,38,39,0.6695652173913044,0.524390243902439,120
2023-09-27,1026,123,93,64,52,30,12,0.7560975609756098,0.8125,145
2023-09-28,1026,107,63,53,42,44,11,0.5887850467289719,0.7924528301886793,105
2023-09-29,1026,129,96,60,37,33,23,0.7441860465116279,0.6166666666666667,133
2023-09-30,1026,107,83,79,36,24,43,0.7757009345794392,0.45569620253164556,119
2023-10-01,1026,134,78,59,36,56,23,0.582089552238806,0.6101694915254238,114
2023-10-02,1026,102,75,52,41,27,11,0.7352941176470589,0.7884615384615384,116
2023-10-03,1026,117,88,94,47,29,47,0.7521367521367521,0.5,135
2023-10-04,1026,136,71,93,33,65,60,0.5220588235294118,0.3548387096774194,104
2023-10-05,1026,102,83,86,47,19,39,0.8137254901960784,0.5465116279069767,130
2023-10-06,1026,102,78,90,50,24,40,0.7647058823529411,0.5555555555555556,128
2023-10-07,1026,127,69,94,29,58,65,0.5433070866141733,0.30851063829787234,98
2023-10-08,1026,126,70,73,42,56,31,0.5555555555555556,0.5753424657534246,112
2023-10-09,1026,143,80,90,42,63,48,0.5594405594405595,0.4666666666666667,122
2023-10-10,1026,146,84,57,31,62,26,0.5753424657534246,0.543859649122807,115
2023-10-11,1026,127,80,91,46,47,45,0.6299212598425197,0.5054945054945055,126
2023-10-12,1026,135,75,51,37,60,14,0.5555555555555556,0.7254901960784313,112
2023-10-13,1026,112,65,96,34,47,62,0.5803571428571429,0.3541666666666667,99
2023-10-14,1026,132,81,70,44,51,26,0.6136363636363636,0.6285714285714286,125
2023-10-15,1026,112,69,51,51,43,0,0.6160714285714286,1,120
2023-10-16,1026,112,62,52,44,50,8,0.5535714285714286,0.8461538461538461,106
2023-10-17,1026,132,84,68,48,48,20,0.6363636363636364,0.7058823529411765,132
2023-10-18,1026,135,79,66,40,56,26,0.5851851851851851,0.6060606060606061,119
2023-10-19,1026,110,80,75,36,30,39,0.7272727272727273,0.48,116
2023-10-20,1026,136,81,50,40,55,10,0.5955882352941176,0.8,121
2023-10-21,1026,143,73,88,32,70,56,0.5104895104895105,0.36363636363636365,105
2023-10-22,1026,128,81,75,45,47,30,0.6328125,0.6,126
2023-10-23,1026,149,82,99,39,67,60,0.5503355704697986,0.3939393939393939,121
2023-10-24,1026,112,83,85,35,29,50,0.7410714285714286,0.4117647058823529,118
2023-10-25,1026,135,62,99,37,73,62,0.45925925925925926,0.37373737373737376,99
2023-10-26,1026,100,75,59,41,25,18,0.75,0.6949152542372882,116
2023-10-27,1026,139,63,93,40,76,53,0.45323741007194246,0.43010752688172044,103
2023-10-28,1026,100,74,95,30,26,65,0.74,0.3157894736842105,104
2023-10-29,1026,140,80,71,33,60,38,0.5714285714285714,0.4647887323943662,113
2023-10-30,1026,143,92,88,41,51,47,0.6433566433566433,0.4659090909090909,133
2023-10-31,1026,129,70,92,33,59,59,0.5426356589147286,0.358695652173913,103
2023-11-01,1026,105,84,93,56,21,37,0.8,0.6021505376344086,140
2023-11-02,1026,150,80,96,47,70,49,0.5333333333333333,0.4895833333333333,127
2023-11-03,1026,119,75,58,53,44,5,0.6302521008403361,0.9137931034482759,128
2023-11-04,1026,119,79,96,50,40,46,0.6638655462184874,0.5208333333333334,129
2023-11-05,1026,114,88,90,45,26,45,0.7719298245614035,0.5,133
2023-11-06,1026,131,87,69,35,44,34,0.6641221374045801,0.5072463768115942,122
2023-11-07,1026,123,89,70,40,34,30,0.7235772357723578,0.5714285714285714,129
2023-11-08,1026,145,86,84,46,59,38,0.593103448275862,0.5476190476190477,132
2023-11-09,1026,137,84,57,31,53,26,0.6131386861313869,0.543859649122807,115
2023-11-10,1026,122,66,60,42,56,18,0.5409836065573771,0.7,108
2023-11-11,1026,133,95,55,32,38,23,0.7142857142857143,0.5818181818181818,127
2023-11-12,1026,141,82,88,56,59,32,0.5815602836879432,0.6363636363636364,138
2023-11-13,1026,131,76,51,40,55,11,0.5801526717557252,0.7843137254901961,116
2023-11-14,1026,117,75,51,36,42,15,0.6410256410256411,0.7058823529411765,111
2023-11-15,1026,103,84,73,31,19,42,0.8155339805825242,0.4246575342465753,115
2023-11-16,1026,125,85,52,34,40,18,0.68,0.6538461538461539,119
2023-11-17,1026,124,73,93,40,51,53,0.5887096774193549,0.43010752688172044,113
2023-11-18,1026,111,95,61,46,16,15,0.8558558558558559,0.7540983606557377,141
2023-11-19,1026,146,80,73,24,66,49,0.547945205479452,0.3287671232876712,104
2023-11-20,1026,110,90,88,41,20,47,0.8181818181818182,0.4659090909090909,131
2023-11-21,1026,107,80,64,44,27,20,0.7476635514018691,0.6875,124
2023-11-22,1026,124,76,85,36,48,49,0.6129032258064516,0.4235294117647059,112
2023-11-23,1026,135,84,81,35,51,46,0.6222222222222222,0.43209876543209874,119
2023-11-24,1026,112,82,67,26,30,41,0.7321428571428571,0.3880597014925373,108
2023-11-25,1026,132,75,61,48,57,13,0.5681818181818182,0.7868852459016393,123
2023-11-26,1026,109,73,98,41,36,57,0.6697247706422018,0.41836734693877553,114
2023-11-27,1026,121,77,70,47,44,23,0.6363636363636364,0.6714285714285714,124
2023-11-28,1026,105,94,50,45,11,5,0.8952380952380953,0.9,139
2023-11-29,1026,120,86,69,41,34,28,0.7166666666666667,0.5942028985507246,127
2023-11-30,1026,127,78,83,40,49,43,0.6141732283464567,0.4819277108433735,118
2023-12-01,1026,113,83,61,39,30,22,0.7345132743362832,0.639344262295082,122
2023-12-02,1026,131,74,98,39,57,59,0.5648854961832062,0.3979591836734694,113
2023-12-03,1026,124,84,99,36,40,63,0.6774193548387096,0.36363636363636365,120
2023-12-04,1026,116,94,99,30,22,69,0.8103448275862069,0.30303030303030304,124
2023-12-05,1026,113,83,69,37,30,32,0.7345132743362832,0.5362318840579711,120
2023-12-06,1026,105,83,65,29,22,36,0.7904761904761904,0.4461538461538462,112
2023-12-07,1026,103,83,71,47,20,24,0.8058252427184466,0.6619718309859155,130
2023-12-08,1026,129,79,58,46,50,12,0.6124031007751938,0.7931034482758621,125
2023-12-09,1026,136,92,55,41,44,14,0.6764705882352942,0.7454545454545455,133
2023-12-10,1026,111,73,57,54,38,3,0.6576576576576577,0.9473684210526315,127
2023-12-11,1026,111,71,63,40,40,23,0.6396396396396397,0.6349206349206349,111
2023-12-12,1026,126,89,100,41,37,59,0.7063492063492064,0.41,130
2023-12-13,1026,147,81,76,32,66,44,0.5510204081632653,0.42105263157894735,113
2023-12-14,1026,136,84,93,32,52,61,0.6176470588235294,0.34408602150537637,116
2023-12-15,1026,118,77,69,37,41,32,0.652542372881356,0.5362318840579711,114
2023-12-16,1026,123,86,94,44,37,50,0.6991869918699187,0.46808510638297873,130
2023-12-17,1026,147,76,76,38,71,38,0.5170068027210885,0.5,114
2023-12-18,1026,115,80,100,41,35,59,0.6956521739130435,0.41,121
2023-12-19,1026,121,79,83,39,42,44,0.6528925619834711,0.46987951807228917,118
2023-12-20,1026,105,81,82,44,24,38,0.7714285714285715,0.5365853658536586,125
2023-12-21,1026,137,72,97,35,65,62,0.5255474452554745,0.36082474226804123,107
2023-12-22,1026,142,80,75,40,62,35,0.5633802816901409,0.5333333333333333,120
2023-12-23,1026,145,75,81,49,70,32,0.5172413793103449,0.6049382716049383,124
2023-12-24,1026,148,79,85,34,69,51,0.5337837837837838,0.4,113
2023-12-25,1026,113,75,100,37,38,63,0.6637168141592921,0.37,112
2023-12-26,1026,110,80,92,42,30,50,0.7272727272727273,0.45652173913043476,122
2023-12-27,1026,146,86,100,38,60,62,0.589041095890411,0.38,124
2023-12-28,1026,135,76,66,38,59,28,0.562962962962963,0.5757575757575758,114
2023-12-29,1026,124,85,87,41,39,46,0.6854838709677419,0.47126436781609193,126
2023-12-30,1026,122,83,64,48,39,16,0.680327868852459,0.75,131
2023-12-31,1026,142,72,72,33,70,39,0.5070422535211268,0.4583333333333333,105
2023-01-01,1027,139,74,55,39,65,16,0.5323741007194245,0.7090909090909091,113
2023-01-02,1027,147,75,77,45,72,32,0.5102040816326531,0.5844155844155844,120
2023-01-03,1027,150,84,64,45,66,19,0.56,0.703125,129
2023-01-04,1027,149,82,50,29,67,21,0.5503355704697986,0.58,111
2023-01-05,1027,125,94,59,51,31,8,0.752,0.864406779661017,145
2023-01-06,1027,148,77,80,37,71,43,0.5202702702702703,0.4625,114
2023-01-07,1027,123,67,53,34,56,19,0.5447154471544715,0.6415094339622641,101
2023-01-08,1027,146,90,57,40,56,17,0.6164383561643836,0.7017543859649122,130
2023-01-09,1027,128,79,58,49,49,9,0.6171875,0.8448275862068966,128
2023-01-10,1027,122,72,91,40,50,51,0.5901639344262295,0.43956043956043955,112
2023-01-11,1027,143,83,82,42,60,40,0.5804195804195804,0.5121951219512195,125
2023-01-12,1027,111,84,56,50,27,6,0.7567567567567568,0.8928571428571429,134
2023-01-13,1027,117,95,100,49,22,51,0.811965811965812,0.49,144
2023-01-14,1027,103,76,71,36,27,35,0.7378640776699029,0.5070422535211268,112
2023-01-15,1027,128,78,65,41,50,24,0.609375,0.6307692307692307,119
2023-01-16,1027,147,73,68,39,74,29,0.4965986394557823,0.5735294117647058,112
2023-01-17,1027,117,71,91,41,46,50,0.6068376068376068,0.45054945054945056,112
2023-01-18,1027,143,76,52,36,67,16,0.5314685314685315,0.6923076923076923,112
2023-01-19,1027,130,68,97,36,62,61,0.5230769230769231,0.3711340206185567,104
2023-01-20,1027,144,74,59,48,70,11,0.5138888888888888,0.8135593220338984,122
2023-01-21,1027,102,80,97,42,22,55,0.7843137254901961,0.4329896907216495,122
2023-01-22,1027,112,75,100,37,37,63,0.6696428571428571,0.37,112
2023-01-23,1027,141,82,95,36,59,59,0.5815602836879432,0.37894736842105264,118
2023-01-24,1027,143,96,52,42,47,10,0.6713286713286714,0.8076923076923077,138
2023-01-25,1027,104,70,86,43,34,43,0.6730769230769231,0.5,113
2023-01-26,1027,140,70,82,28,70,54,0.5,0.34146341463414637,98
2023-01-27,1027,113,98,71,33,15,38,0.8672566371681416,0.4647887323943662,131
2023-01-28,1027,149,78,79,42,71,37,0.5234899328859061,0.5316455696202531,120
2023-01-29,1027,105,82,83,47,23,36,0.780952380952381,0.5662650602409639,129
2023-01-30,1027,145,81,89,27,64,62,0.5586206896551724,0.30337078651685395,108
2023-01-31,1027,145,70,50,42,75,8,0.4827586206896552,0.84,112
2023-02-01,1027,135,92,97,34,43,63,0.6814814814814815,0.35051546391752575,126
2023-02-02,1027,138,93,67,46,45,21,0.6739130434782609,0.6865671641791045,139
2023-02-03,1027,109,70,71,30,39,41,0.6422018348623854,0.4225352112676056,100
2023-02-04,1027,139,94,92,41,45,51,0.6762589928057554,0.44565217391304346,135
2023-02-05,1027,123,82,92,33,41,59,0.6666666666666666,0.358695652173913,115
2023-02-06,1027,118,84,97,41,34,56,0.711864406779661,0.422680412371134,125
2023-02-07,1027,134,76,83,31,58,52,0.5671641791044776,0.37349397590361444,107
2023-02-08,1027,122,88,57,44,34,13,0.7213114754098361,0.7719298245614035,132
2023-02-09,1027,135,76,100,37,59,63,0.562962962962963,0.37,113
2023-02-10,1027,114,101,79,45,13,34,0.8859649122807017,0.569620253164557,146
2023-02-11,1027,100,72,51,51,28,0,0.72,1,123
2023-02-12,1027,146,82,100,34,64,66,0.5616438356164384,0.34,116
2023-02-13,1027,133,77,61,31,56,30,0.5789473684210527,0.5081967213114754,108
2023-02-14,1027,122,75,61,46,47,15,0.6147540983606558,0.7540983606557377,121
2023-02-15,1027,137,79,100,47,58,53,0.5766423357664233,0.47,126
2023-02-16,1027,110,93,79,40,17,39,0.8454545454545455,0.5063291139240507,133
2023-02-17,1027,135,81,63,30,54,33,0.6,0.47619047619047616,111
2023-02-18,1027,119,75,53,32,44,21,0.6302521008403361,0.6037735849056604,107
2023-02-19,1027,144,79,55,39,65,16,0.5486111111111112,0.7090909090909091,118
2023-02-20,1027,123,79,52,46,44,6,0.6422764227642277,0.8846153846153846,125
2023-02-21,1027,126,89,61,31,37,30,0.7063492063492064,0.5081967213114754,120
2023-02-22,1027,144,81,86,44,63,42,0.5625,0.5116279069767442,125
2023-02-23,1027,105,68,92,42,37,50,0.6476190476190476,0.45652173913043476,110
2023-02-24,1027,111,75,50,38,36,12,0.6756756756756757,0.76,113
2023-02-25,1027,144,87,75,32,57,43,0.6041666666666666,0.4266666666666667,119
2023-02-26,1027,108,66,82,42,42,40,0.6111111111111112,0.5121951219512195,108
2023-02-27,1027,122,88,86,33,34,53,0.7213114754098361,0.38372093023255816,121
2023-02-28,1027,106,85,63,39,21,24,0.8018867924528302,0.6190476190476191,124
2023-03-01,1027,104,86,61,39,18,22,0.8269230769230769,0.639344262295082,125
2023-03-02,1027,103,73,99,26,30,73,0.7087378640776699,0.26262626262626265,99
2023-03-03,1027,110,90,73,36,20,37,0.8181818181818182,0.4931506849315068,126
2023-03-04,1027,134,96,78,46,38,32,0.7164179104477612,0.5897435897435898,142
2023-03-05,1027,127,74,78,47,53,31,0.5826771653543307,0.6025641025641025,121
2023-03-06,1027,145,71,63,40,74,23,0.4896551724137931,0.6349206349206349,111
2023-03-07,1027,134,64,85,41,70,44,0.47761194029850745,0.4823529411764706,105
2023-03-08,1027,144,64,61,38,80,23,0.4444444444444444,0.6229508196721312,102
2023-03-09,1027,134,94,81,51,40,30,0.7014925373134329,0.6296296296296297,145
2023-03-10,1027,125,77,83,37,48,46,0.616,0.4457831325301205,114
2023-03-11,1027,111,88,98,41,23,57,0.7927927927927928,0.41836734693877553,129
2023-03-12,1027,149,74,88,38,75,50,0.49664429530201343,0.4318181818181818,112
2023-03-13,1027,150,82,58,50,68,8,0.5466666666666666,0.8620689655172413,132
2023-03-14,1027,129,82,62,36,47,26,0.6356589147286822,0.5806451612903226,118
2023-03-15,1027,147,88,71,33,59,38,0.5986394557823129,0.4647887323943662,121
2023-03-16,1027,108,81,71,26,27,45,0.75,0.36619718309859156,107
2023-03-17,1027,143,81,71,41,62,30,0.5664335664335665,0.5774647887323944,122
2023-03-18,1027,149,80,69,35,69,34,0.5369127516778524,0.5072463768115942,115
2023-03-19,1027,141,71,98,41,70,57,0.5035460992907801,0.41836734693877553,112
2023-03-20,1027,131,76,91,41,55,50,0.5801526717557252,0.45054945054945056,117
2023-03-21,1027,105,80,55,49,25,6,0.7619047619047619,0.8909090909090909,129
2023-03-22,1027,105,92,59,47,13,12,0.8761904761904762,0.7966101694915254,139
2023-03-23,1027,116,76,54,33,40,21,0.6551724137931034,0.6111111111111112,109
2023-03-24,1027,109,82,66,43,27,23,0.7522935779816514,0.6515151515151515,125
2023-03-25,1027,129,72,81,28,57,53,0.5581395348837209,0.345679012345679,100
2023-03-26,1027,146,67,88,33,79,55,0.4589041095890411,0.375,100
2023-03-27,1027,146,68,50,39,78,11,0.4657534246575342,0.78,107
2023-03-28,1027,112,78,82,29,34,53,0.6964285714285714,0.35365853658536583,107
2023-03-29,1027,135,90,68,39,45,29,0.6666666666666666,0.5735294117647058,129
2023-03-30,1027,141,85,75,39,56,36,0.6028368794326241,0.52,124
2023-03-31,1027,116,87,73,38,29,35,0.75,0.5205479452054794,125
2023-04-01,1027,124,74,59,38,50,21,0.5967741935483871,0.6440677966101694,112
2023-04-02,1027,130,73,60,49,57,11,0.5615384615384615,0.8166666666666667,122
2023-04-03,1027,131,78,100,40,53,60,0.5954198473282443,0.4,118
2023-04-04,1027,118,83,51,33,35,18,0.7033898305084746,0.6470588235294118,116
2023-04-05,1027,145,69,84,38,76,46,0.47586206896551725,0.4523809523809524,107
2023-04-06,1027,124,76,81,54,48,27,0.6129032258064516,0.6666666666666666,130
2023-04-07,1027,125,83,90,50,42,40,0.664,0.5555555555555556,133
2023-04-08,1027,124,78,64,41,46,23,0.6290322580645161,0.640625,119
2023-04-09,1027,124,67,77,31,57,46,0.5403225806451613,0.4025974025974026,98
2023-04-10,1027,112,62,56,35,50,21,0.5535714285714286,0.625,97
2023-04-11,1027,124,88,63,33,36,30,0.7096774193548387,0.5238095238095238,121
2023-04-12,1027,102,85,57,44,17,13,0.8333333333333334,0.7719298245614035,129
2023-04-13,1027,107,89,89,34,18,55,0.8317757009345794,0.38202247191011235,123
2023-04-14,1027,120,68,78,42,52,36,0.5666666666666667,0.5384615384615384,110
2023-04-15,1027,149,70,98,44,79,54,0.4697986577181208,0.4489795918367347,114
2023-04-16,1027,123,80,87,34,43,53,0.6504065040650406,0.39080459770114945,114
2023-04-17,1027,114,81,97,38,33,59,0.7105263157894737,0.3917525773195876,119
2023-04-18,1027,134,70,66,39,64,27,0.5223880597014925,0.5909090909090909,109
2023-04-19,1027,118,86,100,42,32,58,0.7288135593220338,0.42,128
2023-04-20,1027,110,79,61,42,31,19,0.7181818181818181,0.6885245901639344,121
2023-04-21,1027,138,79,91,53,59,38,0.572463768115942,0.5824175824175825,132
2023-04-22,1027,109,82,64,33,27,31,0.7522935779816514,0.515625,115
2023-04-23,1027,150,71,91,43,79,48,0.47333333333333333,0.4725274725274725,114
2023-04-24,1027,120,83,67,44,37,23,0.6916666666666667,0.6567164179104478,127
2023-04-25,1027,107,79,51,35,28,16,0.7383177570093458,0.6862745098039216,114
2023-04-26,1027,147,76,78,46,71,32,0.5170068027210885,0.5897435897435898,122
2023-04-27,1027,144,80,72,48,64,24,0.5555555555555556,0.6666666666666666,128
2023-04-28,1027,114,82,66,44,32,22,0.7192982456140351,0.6666666666666666,126
2023-04-29,1027,125,90,69,45,35,24,0.72,0.6521739130434783,135
2023-04-30,1027,104,83,52,40,21,12,0.7980769230769231,0.7692307692307693,123
2023-05-01,1027,147,90,88,35,57,53,0.6122448979591837,0.3977272727272727,125
2023-05-02,1027,107,80,96,34,27,62,0.7476635514018691,0.3541666666666667,114
2023-05-03,1027,118,96,52,32,22,20,0.8135593220338984,0.6153846153846154,128
2023-05-04,1027,131,87,72,41,44,31,0.6641221374045801,0.5694444444444444,128
2023-05-05,1027,135,74,84,36,61,48,0.5481481481481482,0.42857142857142855,110
2023-05-06,1027,126,82,74,44,44,30,0.6507936507936508,0.5945945945945946,126
2023-05-07,1027,145,70,94,42,75,52,0.4827586206896552,0.44680851063829785,112
2023-05-08,1027,115,83,63,50,32,13,0.7217391304347827,0.7936507936507936,133
2023-05-09,1027,112,76,73,31,36,42,0.6785714285714286,0.4246575342465753,107
2023-05-10,1027,142,90,77,43,52,34,0.6338028169014085,0.5584415584415584,133
2023-05-11,1027,111,83,89,47,28,42,0.7477477477477478,0.5280898876404494,130
2023-05-12,1027,134,71,100,39,63,61,0.5298507462686567,0.39,110
2023-05-13,1027,144,80,71,41,64,30,0.5555555555555556,0.5774647887323944,121
2023-05-14,1027,101,75,63,50,26,13,0.7425742574257426,0.7936507936507936,125
2023-05-15,1027,127,78,51,43,49,8,0.6141732283464567,0.8431372549019608,121
2023-05-16,1027,127,94,89,44,33,45,0.7401574803149606,0.4943820224719101,138
2023-05-17,1027,111,97,65,33,14,32,0.8738738738738738,0.5076923076923077,130
2023-05-18,1027,140,96,82,45,44,37,0.6857142857142857,0.5487804878048781,141
2023-05-19,1027,122,70,53,32,52,21,0.5737704918032787,0.6037735849056604,102
2023-05-20,1027,110,84,61,45,26,16,0.7636363636363637,0.7377049180327869,129
2023-05-21,1027,143,82,98,39,61,59,0.5734265734265734,0.3979591836734694,121
2023-05-22,1027,101,85,50,37,16,13,0.8415841584158416,0.74,122
2023-05-23,1027,130,69,74,37,61,37,0.5307692307692308,0.5,106
2023-05-24,1027,104,63,77,44,41,33,0.6057692307692307,0.5714285714285714,107
2023-05-25,1027,104,84,81,39,20,42,0.8076923076923077,0.48148148148148145,123
2023-05-26,1027,118,81,98,35,37,63,0.6864406779661016,0.35714285714285715,116
2023-05-27,1027,130,86,53,47,44,6,0.6615384615384615,0.8867924528301887,133
2023-05-28,1027,115,101,95,52,14,43,0.8782608695652174,0.5473684210526316,153
2023-05-29,1027,100,72,65,40,28,25,0.72,0.6153846153846154,112
2023-05-30,1027,117,94,94,43,23,51,0.8034188034188035,0.4574468085106383,137
2023-05-31,1027,104,76,55,55,28,0,0.7307692307692307,1,131
2023-06-01,1027,144,85,68,41,59,27,0.5902777777777778,0.6029411764705882,126
2023-06-02,1027,101,73,54,34,28,20,0.7227722772277227,0.6296296296296297,107
2023-06-03,1027,100,85,54,38,15,16,0.85,0.7037037037037037,123
2023-06-04,1027,137,86,61,37,51,24,0.6277372262773723,0.6065573770491803,123
2023-06-05,1027,123,63,57,39,60,18,0.5121951219512195,0.6842105263157895,102
2023-06-06,1027,133,69,90,40,64,50,0.518796992481203,0.4444444444444444,109
2023-06-07,1027,146,68,95,41,78,54,0.4657534246575342,0.43157894736842106,109
2023-06-08,1027,123,85,70,40,38,30,0.6910569105691057,0.5714285714285714,125
2023-06-09,1027,127,75,55,37,52,18,0.5905511811023622,0.6727272727272727,112
2023-06-10,1027,105,77,53,49,28,4,0.7333333333333333,0.9245283018867925,126
2023-06-11,1027,119,76,94,61,43,33,0.6386554621848739,0.648936170212766,137
2023-06-12,1027,149,71,53,32,78,21,0.47651006711409394,0.6037735849056604,103
2023-06-13,1027,137,81,54,30,56,24,0.5912408759124088,0.5555555555555556,111
2023-06-14,1027,147,85,56,42,62,14,0.5782312925170068,0.75,127
2023-06-15,1027,150,76,72,50,74,22,0.5066666666666667,0.6944444444444444,126
2023-06-16,1027,100,66,61,28,34,33,0.66,0.45901639344262296,94
2023-06-17,1027,149,87,64,34,62,30,0.5838926174496645,0.53125,121
2023-06-18,1027,133,81,76,41,52,35,0.6090225563909775,0.5394736842105263,122
2023-06-19,1027,144,80,81,34,64,47,0.5555555555555556,0.41975308641975306,114
2023-06-20,1027,137,66,61,30,71,31,0.48175182481751827,0.4918032786885246,96
2023-06-21,1027,129,70,95,42,59,53,0.5426356589147286,0.4421052631578947,112
2023-06-22,1027,135,81,94,48,54,46,0.6,0.5106382978723404,129
2023-06-23,1027,118,75,87,46,43,41,0.635593220338983,0.5287356321839081,121
2023-06-24,1027,102,75,91,44,27,47,0.7352941176470589,0.4835164835164835,119
2023-06-25,1027,129,86,75,46,43,29,0.6666666666666666,0.6133333333333333,132
2023-06-26,1027,136,79,70,37,57,33,0.5808823529411765,0.5285714285714286,116
2023-06-27,1027,136,85,50,38,51,12,0.625,0.76,123
2023-06-28,1027,146,91,59,40,55,19,0.6232876712328768,0.6779661016949152,131
2023-06-29,1027,129,78,92,43,51,49,0.6046511627906976,0.4673913043478261,121
2023-06-30,1027,148,71,89,36,77,53,0.4797297297297297,0.4044943820224719,107
2023-07-01,1027,132,86,68,52,46,16,0.6515151515151515,0.7647058823529411,138
2023-07-02,1027,117,89,59,46,28,13,0.7606837606837606,0.7796610169491526,135
2023-07-03,1027,121,82,81,49,39,32,0.6776859504132231,0.6049382716049383,131
2023-07-04,1027,150,85,89,36,65,53,0.5666666666666667,0.4044943820224719,121
2023-07-05,1027,148,88,76,43,60,33,0.5945945945945946,0.5657894736842105,131
2023-07-06,1027,126,76,57,39,50,18,0.6031746031746031,0.6842105263157895,115
2023-07-07,1027,108,85,95,46,23,49,0.7870370370370371,0.4842105263157895,131
2023-07-08,1027,101,89,52,40,12,12,0.8811881188118812,0.7692307692307693,129
2023-07-09,1027,122,70,83,33,52,50,0.5737704918032787,0.39759036144578314,103
2023-07-10,1027,135,88,82,45,47,37,0.6518518518518519,0.5487804878048781,133
2023-07-11,1027,143,85,93,49,58,44,0.5944055944055944,0.5268817204301075,134
2023-07-12,1027,136,83,59,40,53,19,0.6102941176470589,0.6779661016949152,123
2023-07-13,1027,106,65,65,30,41,35,0.6132075471698113,0.46153846153846156,95
2023-07-14,1027,137,86,73,30,51,43,0.6277372262773723,0.410958904109589,116
2023-07-15,1027,150,69,79,39,81,40,0.46,0.4936708860759494,108
2023-07-16,1027,123,76,52,25,47,27,0.6178861788617886,0.4807692307692308,101
2023-07-17,1027,100,87,69,32,13,37,0.87,0.463768115942029,119
2023-07-18,1027,104,84,89,42,20,47,0.8076923076923077,0.47191011235955055,126
2023-07-19,1027,145,92,81,53,53,28,0.6344827586206897,0.654320987654321,145
2023-07-20,1027,128,88,94,38,40,56,0.6875,0.40425531914893614,126
2023-07-21,1027,126,80,60,29,46,31,0.6349206349206349,0.48333333333333334,109
2023-07-22,1027,134,76,83,43,58,40,0.5671641791044776,0.5180722891566265,119
2023-07-23,1027,140,74,86,34,66,52,0.5285714285714286,0.3953488372093023,108
2023-07-24,1027,130,89,84,51,41,33,0.6846153846153846,0.6071428571428571,140
2023-07-25,1027,103,62,92,38,41,54,0.6019417475728155,0.41304347826086957,100
2023-07-26,1027,129,67,91,40,62,51,0.5193798449612403,0.43956043956043955,107
2023-07-27,1027,143,64,61,36,79,25,0.44755244755244755,0.5901639344262295,100
2023-07-28,1027,103,84,91,45,19,46,0.8155339805825242,0.4945054945054945,129
2023-07-29,1027,137,74,50,42,63,8,0.5401459854014599,0.84,116
2023-07-30,1027,139,83,85,46,56,39,0.5971223021582733,0.5411764705882353,129
2023-07-31,1027,143,69,78,37,74,41,0.4825174825174825,0.47435897435897434,106
2023-08-01,1027,119,81,88,39,38,49,0.680672268907563,0.4431818181818182,120
2023-08-02,1027,125,71,58,35,54,23,0.568,0.603448275862069,106
2023-08-03,1027,115,91,65,37,24,28,0.7913043478260869,0.5692307692307692,128
2023-08-04,1027,137,91,74,58,46,16,0.6642335766423357,0.7837837837837838,149
2023-08-05,1027,100,74,66,45,26,21,0.74,0.6818181818181818,119
2023-08-06,1027,104,82,58,42,22,16,0.7884615384615384,0.7241379310344828,124
2023-08-07,1027,106,64,74,37,42,37,0.6037735849056604,0.5,101
2023-08-08,1027,107,84,100,33,23,67,0.7850467289719626,0.33,117
2023-08-09,1027,111,74,64,36,37,28,0.6666666666666666,0.5625,110
2023-08-10,1027,133,81,53,43,52,10,0.6090225563909775,0.8113207547169812,124
2023-08-11,1027,144,73,86,48,71,38,0.5069444444444444,0.5581395348837209,121
2023-08-12,1027,111,78,54,44,33,10,0.7027027027027027,0.8148148148148148,122
2023-08-13,1027,111,74,80,39,37,41,0.6666666666666666,0.4875,113
2023-08-14,1027,136,78,75,43,58,32,0.5735294117647058,0.5733333333333334,121
2023-08-15,1027,121,84,100,35,37,65,0.6942148760330579,0.35,119
2023-08-16,1027,108,97,64,28,11,36,0.8981481481481481,0.4375,125
2023-08-17,1027,114,77,59,43,37,16,0.6754385964912281,0.7288135593220338,120
2023-08-18,1027,121,94,100,23,27,77,0.7768595041322314,0.23,117
2023-08-19,1027,137,73,87,37,64,50,0.5328467153284672,0.42528735632183906,110
2023-08-20,1027,110,75,60,40,35,20,0.6818181818181818,0.6666666666666666,115
2023-08-21,1027,106,66,86,41,40,45,0.6226415094339622,0.47674418604651164,107
2023-08-22,1027,143,76,83,41,67,42,0.5314685314685315,0.4939759036144578,117
2023-08-23,1027,140,83,78,43,57,35,0.5928571428571429,0.5512820512820513,126
2023-08-24,1027,109,81,62,36,28,26,0.7431192660550459,0.5806451612903226,117
2023-08-25,1027,131,82,82,39,49,43,0.6259541984732825,0.47560975609756095,121
2023-08-26,1027,124,66,67,38,58,29,0.532258064516129,0.5671641791044776,104
2023-08-27,1027,148,73,91,34,75,57,0.49324324324324326,0.37362637362637363,107
2023-08-28,1027,131,76,84,46,55,38,0.5801526717557252,0.5476190476190477,122
2023-08-29,1027,131,75,53,39,56,14,0.5725190839694656,0.7358490566037735,114
2023-08-30,1027,116,86,70,48,30,22,0.7413793103448276,0.6857142857142857,134
2023-08-31,1027,146,94,64,37,52,27,0.6438356164383562,0.578125,131
2023-09-01,1027,123,98,66,31,25,35,0.7967479674796748,0.4696969696969697,129
2023-09-02,1027,132,69,85,48,63,37,0.5227272727272727,0.5647058823529412,117
2023-09-03,1027,140,77,67,30,63,37,0.55,0.44776119402985076,107
2023-09-04,1027,150,70,100,34,80,66,0.4666666666666667,0.34,104
2023-09-05,1027,125,80,89,47,45,42,0.64,0.5280898876404494,127
2023-09-06,1027,104,66,52,35,38,17,0.6346153846153846,0.6730769230769231,101
2023-09-07,1027,115,70,62,54,45,8,0.6086956521739131,0.8709677419354839,124
2023-09-08,1027,137,93,83,43,44,40,0.6788321167883211,0.5180722891566265,136
2023-09-09,1027,139,79,58,27,60,31,0.5683453237410072,0.46551724137931033,106
2023-09-10,1027,109,82,95,32,27,63,0.7522935779816514,0.3368421052631579,114
2023-09-11,1027,138,71,98,34,67,64,0.5144927536231884,0.3469387755102041,105
2023-09-12,1027,109,79,91,35,30,56,0.7247706422018348,0.38461538461538464,114
2023-09-13,1027,129,81,57,46,48,11,0.627906976744186,0.8070175438596491,127
2023-09-14,1027,101,89,96,47,12,49,0.8811881188118812,0.4895833333333333,136
2023-09-15,1027,108,73,85,39,35,46,0.6759259259259259,0.4588235294117647,112
2023-09-16,1027,120,83,87,38,37,49,0.6916666666666667,0.4367816091954023,121
2023-09-17,1027,109,79,52,42,30,10,0.7247706422018348,0.8076923076923077,121
2023-09-18,1027,138,72,55,30,66,25,0.5217391304347826,0.5454545454545454,102
2023-09-19,1027,103,91,69,49,12,20,0.883495145631068,0.7101449275362319,140
2023-09-20,1027,147,67,65,37,80,28,0.4557823129251701,0.5692307692307692,104
2023-09-21,1027,142,88,50,44,54,6,0.6197183098591549,0.88,132
2023-09-22,1027,126,64,67,36,62,31,0.5079365079365079,0.5373134328358209,100
2023-09-23,1027,132,81,90,47,51,43,0.6136363636363636,0.5222222222222223,128
2023-09-24,1027,103,65,57,40,38,17,0.6310679611650486,0.7017543859649122,105
2023-09-25,1027,110,83,50,49,27,1,0.7545454545454545,0.98,132
2023-09-26,1027,124,87,94,32,37,62,0.7016129032258065,0.3404255319148936,119
2023-09-27,1027,112,75,83,41,37,42,0.6696428571428571,0.4939759036144578,116
2023-09-28,1027,140,64,78,55,76,23,0.45714285714285713,0.7051282051282052,119
2023-09-29,1027,110,74,95,34,36,61,0.6727272727272727,0.35789473684210527,108
2023-09-30,1027,149,77,66,46,72,20,0.5167785234899329,0.696969696969697,123
2023-10-01,1027,133,83,55,35,50,20,0.6240601503759399,0.6363636363636364,118
2023-10-02,1027,115,95,80,37,20,43,0.8260869565217391,0.4625,132
2023-10-03,1027,100,65,100,50,35,50,0.65,0.5,115
2023-10-04,1027,143,75,59,41,68,18,0.5244755244755245,0.6949152542372882,116
2023-10-05,1027,108,67,90,42,41,48,0.6203703703703703,0.4666666666666667,109
2023-10-06,1027,114,84,56,26,30,30,0.7368421052631579,0.4642857142857143,110
2023-10-07,1027,116,83,77,37,33,40,0.7155172413793104,0.4805194805194805,120
2023-10-08,1027,140,66,67,31,74,36,0.4714285714285714,0.4626865671641791,97
2023-10-09,1027,140,90,57,31,50,26,0.6428571428571429,0.543859649122807,121
2023-10-10,1027,105,80,73,32,25,41,0.7619047619047619,0.4383561643835616,112
2023-10-11,1027,125,75,51,38,50,13,0.6,0.7450980392156863,113
2023-10-12,1027,138,77,76,54,61,22,0.5579710144927537,0.7105263157894737,131
2023-10-13,1027,105,74,83,36,31,47,0.7047619047619048,0.43373493975903615,110
2023-10-14,1027,137,79,50,50,58,0,0.5766423357664233,1,129
2023-10-15,1027,116,76,64,33,40,31,0.6551724137931034,0.515625,109
2023-10-16,1027,109,74,98,41,35,57,0.6788990825688074,0.41836734693877553,115
2023-10-17,1027,142,82,96,33,60,63,0.5774647887323944,0.34375,115
2023-10-18,1027,112,85,63,41,27,22,0.7589285714285714,0.6507936507936508,126
2023-10-19,1027,125,82,55,36,43,19,0.656,0.6545454545454545,118
2023-10-20,1027,123,74,88,33,49,55,0.6016260162601627,0.375,107
2023-10-21,1027,111,81,76,38,30,38,0.7297297297297297,0.5,119
2023-10-22,1027,123,80,71,46,43,25,0.6504065040650406,0.647887323943662,126
2023-10-23,1027,150,76,66,39,74,27,0.5066666666666667,0.5909090909090909,115
2023-10-24,1027,137,83,51,43,54,8,0.6058394160583942,0.8431372549019608,126
2023-10-25,1027,120,83,76,40,37,36,0.6916666666666667,0.5263157894736842,123
2023-10-26,1027,104,69,54,38,35,16,0.6634615384615384,0.7037037037037037,107
2023-10-27,1027,135,78,75,36,57,39,0.5777777777777777,0.48,114
2023-10-28,1027,111,76,59,37,35,22,0.6846846846846847,0.6271186440677966,113
2023-10-29,1027,147,82,99,42,65,57,0.5578231292517006,0.42424242424242425,124
2023-10-30,1027,124,78,75,47,46,28,0.6290322580645161,0.6266666666666667,125
2023-10-31,1027,100,94,68,43,6,25,0.94,0.6323529411764706,137
2023-11-01,1027,136,79,80,36,57,44,0.5808823529411765,0.45,115
2023-11-02,1027,104,73,83,48,31,35,0.7019230769230769,0.5783132530120482,121
2023-11-03,1027,143,70,77,31,73,46,0.48951048951048953,0.4025974025974026,101
2023-11-04,1027,137,66,67,39,71,28,0.48175182481751827,0.582089552238806,105
2023-11-05,1027,139,87,84,54,52,30,0.6258992805755396,0.6428571428571429,141
2023-11-06,1027,120,79,79,40,41,39,0.6583333333333333,0.5063291139240507,119
2023-11-07,1027,104,75,70,31,29,39,0.7211538461538461,0.44285714285714284,106
2023-11-08,1027,121,92,66,36,29,30,0.7603305785123967,0.5454545454545454,128
2023-11-09,1027,102,76,98,30,26,68,0.7450980392156863,0.30612244897959184,106
2023-11-10,1027,147,82,85,45,65,40,0.5578231292517006,0.5294117647058824,127
2023-11-11,1027,119,82,99,39,37,60,0.6890756302521008,0.3939393939393939,121
2023-11-12,1027,106,87,54,39,19,15,0.8207547169811321,0.7222222222222222,126
2023-11-13,1027,127,83,73,36,44,37,0.6535433070866141,0.4931506849315068,119
2023-11-14,1027,110,72,87,39,38,48,0.6545454545454545,0.4482758620689655,111
2023-11-15,1027,139,89,89,36,50,53,0.6402877697841727,0.4044943820224719,125
2023-11-16,1027,102,102,100,39,0,61,1,0.39,141
2023-11-17,1027,120,65,74,42,55,32,0.5416666666666666,0.5675675675675675,107
2023-11-18,1027,105,82,88,33,23,55,0.780952380952381,0.375,115
2023-11-19,1027,148,90,53,37,58,16,0.6081081081081081,0.6981132075471698,127
2023-11-20,1027,121,77,52,34,44,18,0.6363636363636364,0.6538461538461539,111
2023-11-21,1027,122,69,81,43,53,38,0.5655737704918032,0.5308641975308642,112
2023-11-22,1027,142,79,74,43,63,31,0.5563380281690141,0.581081081081081,122
2023-11-23,1027,112,61,92,40,51,52,0.5446428571428571,0.43478260869565216,101
2023-11-24,1027,144,78,65,48,66,17,0.5416666666666666,0.7384615384615385,126
2023-11-25,1027,146,70,51,47,76,4,0.4794520547945205,0.9215686274509803,117
2023-11-26,1027,109,92,83,22,17,61,0.8440366972477065,0.26506024096385544,114
2023-11-27,1027,113,88,87,39,25,48,0.7787610619469026,0.4482758620689655,127
2023-11-28,1027,120,69,99,48,51,51,0.575,0.48484848484848486,117
2023-11-29,1027,133,70,100,29,63,71,0.5263157894736842,0.29,99
2023-11-30,1027,140,83,100,45,57,55,0.5928571428571429,0.45,128
2023-12-01,1027,145,65,79,42,80,37,0.4482758620689655,0.5316455696202531,107
2023-12-02,1027,138,77,50,40,61,10,0.5579710144927537,0.8,117
2023-12-03,1027,143,77,88,42,66,46,0.5384615384615384,0.4772727272727273,119
2023-12-04,1027,119,82,62,36,37,26,0.6890756302521008,0.5806451612903226,118
2023-12-05,1027,134,77,80,30,57,50,0.5746268656716418,0.375,107
2023-12-06,1027,142,95,87,51,47,36,0.6690140845070423,0.5862068965517241,146
2023-12-07,1027,142,75,77,27,67,50,0.528169014084507,0.35064935064935066,102
2023-12-08,1027,120,81,84,38,39,46,0.675,0.4523809523809524,119
2023-12-09,1027,125,70,92,35,55,57,0.56,0.3804347826086957,105
2023-12-10,1027,135,76,84,53,59,31,0.562962962962963,0.6309523809523809,129
2023-12-11,1027,102,83,87,48,19,39,0.8137254901960784,0.5517241379310345,131
2023-12-12,1027,136,80,60,39,56,21,0.5882352941176471,0.65,119
2023-12-13,1027,150,89,51,45,61,6,0.5933333333333334,0.8823529411764706,134
2023-12-14,1027,102,78,59,45,24,14,0.7647058823529411,0.7627118644067796,123
2023-12-15,1027,125,77,93,42,48,51,0.616,0.45161290322580644,119
2023-12-16,1027,125,74,94,34,51,60,0.592,0.3617021276595745,108
2023-12-17,1027,125,75,63,36,50,27,0.6,0.5714285714285714,111
2023-12-18,1027,126,88,93,40,38,53,0.6984126984126984,0.43010752688172044,128
2023-12-19,1027,128,83,86,37,45,49,0.6484375,0.43023255813953487,120
2023-12-20,1027,103,86,62,40,17,22,0.8349514563106796,0.6451612903225806,126
2023-12-21,1027,147,70,98,42,77,56,0.47619047619047616,0.42857142857142855,112
2023-12-22,1027,105,88,59,37,17,22,0.8380952380952381,0.6271186440677966,125
2023-12-23,1027,130,93,93,43,37,50,0.7153846153846154,0.46236559139784944,136
2023-12-24,1027,132,75,60,32,57,28,0.5681818181818182,0.5333333333333333,107
2023-12-25,1027,104,81,84,38,23,46,0.7788461538461539,0.4523809523809524,119
2023-12-26,1027,116,80,96,34,36,62,0.6896551724137931,0.3541666666666667,114
2023-12-27,1027,101,74,61,44,27,17,0.7326732673267327,0.7213114754098361,118
2023-12-28,1027,125,101,88,43,24,45,0.808,0.48863636363636365,144
2023-12-29,1027,145,94,78,37,51,41,0.6482758620689655,0.47435897435897434,131
2023-12-30,1027,109,91,98,30,18,68,0.8348623853211009,0.30612244897959184,121
2023-12-31,1027,106,71,100,48,35,52,0.6698113207547169,0.48,119
2023-01-01,1028,146,95,66,24,51,42,0.6506849315068494,0.36363636363636365,119
2023-01-02,1028,120,86,72,27,34,45,0.7166666666666667,0.375,113
2023-01-03,1028,108,73,50,44,35,6,0.6759259259259259,0.88,117
2023-01-04,1028,119,74,65,46,45,19,0.6218487394957983,0.7076923076923077,120
2023-01-05,1028,141,81,84,41,60,43,0.574468085106383,0.4880952380952381,122
2023-01-06,1028,131,82,54,43,49,11,0.6259541984732825,0.7962962962962963,125
2023-01-07,1028,101,95,79,38,6,41,0.9405940594059405,0.4810126582278481,133
2023-01-08,1028,121,72,51,34,49,17,0.5950413223140496,0.6666666666666666,106
2023-01-09,1028,114,78,100,40,36,60,0.6842105263157895,0.4,118
2023-01-10,1028,111,62,86,44,49,42,0.5585585585585585,0.5116279069767442,106
2023-01-11,1028,101,78,64,41,23,23,0.7722772277227723,0.640625,119
2023-01-12,1028,114,81,89,30,33,59,0.7105263157894737,0.33707865168539325,111
2023-01-13,1028,127,81,71,45,46,26,0.6377952755905512,0.6338028169014085,126
2023-01-14,1028,110,82,75,50,28,25,0.7454545454545455,0.6666666666666666,132
2023-01-15,1028,103,62,69,38,41,31,0.6019417475728155,0.5507246376811594,100
2023-01-16,1028,102,74,79,38,28,41,0.7254901960784313,0.4810126582278481,112
2023-01-17,1028,107,69,62,42,38,20,0.6448598130841121,0.6774193548387096,111
2023-01-18,1028,128,60,54,33,68,21,0.46875,0.6111111111111112,93
2023-01-19,1028,109,107,97,39,2,58,0.981651376146789,0.4020618556701031,146
2023-01-20,1028,128,73,74,47,55,27,0.5703125,0.6351351351351351,120
2023-01-21,1028,131,77,81,31,54,50,0.5877862595419847,0.38271604938271603,108
2023-01-22,1028,111,70,85,37,41,48,0.6306306306306306,0.43529411764705883,107
2023-01-23,1028,149,84,73,33,65,40,0.5637583892617449,0.4520547945205479,117
2023-01-24,1028,119,91,76,34,28,42,0.7647058823529411,0.4473684210526316,125
2023-01-25,1028,142,87,53,32,55,21,0.6126760563380281,0.6037735849056604,119
2023-01-26,1028,114,77,70,40,37,30,0.6754385964912281,0.5714285714285714,117
2023-01-27,1028,126,71,71,42,55,29,0.5634920634920635,0.5915492957746479,113
2023-01-28,1028,106,90,87,39,16,48,0.8490566037735849,0.4482758620689655,129
2023-01-29,1028,140,89,87,33,51,54,0.6357142857142857,0.3793103448275862,122
2023-01-30,1028,136,85,63,29,51,34,0.625,0.4603174603174603,114
2023-01-31,1028,137,80,75,45,57,30,0.583941605839416,0.6,125
2023-02-01,1028,118,67,76,41,51,35,0.5677966101694916,0.5394736842105263,108
2023-02-02,1028,140,87,97,34,53,63,0.6214285714285714,0.35051546391752575,121
2023-02-03,1028,112,83,71,38,29,33,0.7410714285714286,0.5352112676056338,121
2023-02-04,1028,120,79,80,51,41,29,0.6583333333333333,0.6375,130
2023-02-05,1028,133,68,86,44,65,42,0.5112781954887218,0.5116279069767442,112
2023-02-06,1028,103,77,51,46,26,5,0.7475728155339806,0.9019607843137255,123
2023-02-07,1028,105,67,87,33,38,54,0.638095238095238,0.3793103448275862,100
2023-02-08,1028,135,88,51,38,47,13,0.6518518518518519,0.7450980392156863,126
2023-02-09,1028,149,85,94,30,64,64,0.5704697986577181,0.3191489361702128,115
2023-02-10,1028,113,98,89,39,15,50,0.8672566371681416,0.43820224719101125,137
2023-02-11,1028,108,72,50,33,36,17,0.6666666666666666,0.66,105
2023-02-12,1028,137,81,63,33,56,30,0.5912408759124088,0.5238095238095238,114
2023-02-13,1028,143,73,59,36,70,23,0.5104895104895105,0.6101694915254238,109
2023-02-14,1028,133,84,65,57,49,8,0.631578947368421,0.8769230769230769,141
2023-02-15,1028,147,60,85,45,87,40,0.40816326530612246,0.5294117647058824,105
2023-02-16,1028,145,102,77,45,43,32,0.7034482758620689,0.5844155844155844,147
2023-02-17,1028,120,68,79,41,52,38,0.5666666666666667,0.5189873417721519,109
2023-02-18,1028,103,87,90,42,16,48,0.8446601941747572,0.4666666666666667,129
2023-02-19,1028,111,97,94,46,14,48,0.8738738738738738,0.48936170212765956,143
2023-02-20,1028,115,68,98,45,47,53,0.591304347826087,0.45918367346938777,113
2023-02-21,1028,108,82,80,34,26,46,0.7592592592592593,0.425,116
2023-02-22,1028,136,79,68,39,57,29,0.5808823529411765,0.5735294117647058,118
2023-02-23,1028,117,83,97,43,34,54,0.7094017094017094,0.44329896907216493,126
2023-02-24,1028,108,90,59,44,18,15,0.8333333333333334,0.7457627118644068,134
2023-02-25,1028,141,90,65,32,51,33,0.6382978723404256,0.49230769230769234,122
2023-02-26,1028,123,73,98,48,50,50,0.5934959349593496,0.4897959183673469,121
2023-02-27,1028,150,65,75,52,85,23,0.43333333333333335,0.6933333333333334,117
2023-02-28,1028,131,90,79,37,41,42,0.6870229007633588,0.46835443037974683,127
2023-03-01,1028,139,91,70,41,48,29,0.6546762589928058,0.5857142857142857,132
2023-03-02,1028,130,73,64,42,57,22,0.5615384615384615,0.65625,115
2023-03-03,1028,112,83,84,41,29,43,0.7410714285714286,0.4880952380952381,124
2023-03-04,1028,144,81,50,35,63,15,0.5625,0.7,116
2023-03-05,1028,139,66,87,38,73,49,0.4748201438848921,0.4367816091954023,104
2023-03-06,1028,103,75,91,36,28,55,0.7281553398058253,0.3956043956043956,111
2023-03-07,1028,115,68,81,40,47,41,0.591304347826087,0.49382716049382713,108
2023-03-08,1028,147,63,90,37,84,53,0.42857142857142855,0.4111111111111111,100
2023-03-09,1028,111,66,64,38,45,26,0.5945945945945946,0.59375,104
2023-03-10,1028,131,71,66,37,60,29,0.5419847328244275,0.5606060606060606,108
2023-03-11,1028,147,75,72,40,72,32,0.5102040816326531,0.5555555555555556,115
2023-03-12,1028,103,97,55,47,6,8,0.941747572815534,0.8545454545454545,144
2023-03-13,1028,128,81,72,34,47,38,0.6328125,0.4722222222222222,115
2023-03-14,1028,140,85,92,36,55,56,0.6071428571428571,0.391304347826087,121
2023-03-15,1028,140,66,69,41,74,28,0.4714285714285714,0.5942028985507246,107
2023-03-16,1028,134,77,85,39,57,46,0.5746268656716418,0.4588235294117647,116
2023-03-17,1028,101,70,71,44,31,27,0.693069306930693,0.6197183098591549,114
2023-03-18,1028,136,87,53,34,49,19,0.6397058823529411,0.6415094339622641,121
2023-03-19,1028,146,75,66,45,71,21,0.5136986301369864,0.6818181818181818,120
2023-03-20,1028,150,87,64,40,63,24,0.58,0.625,127
2023-03-21,1028,128,81,55,37,47,18,0.6328125,0.6727272727272727,118
2023-03-22,1028,150,77,63,40,73,23,0.5133333333333333,0.6349206349206349,117
2023-03-23,1028,111,83,92,31,28,61,0.7477477477477478,0.33695652173913043,114
2023-03-24,1028,141,97,84,36,44,48,0.6879432624113475,0.42857142857142855,133
2023-03-25,1028,105,71,86,58,34,28,0.6761904761904762,0.6744186046511628,129
2023-03-26,1028,125,87,76,41,38,35,0.696,0.5394736842105263,128
2023-03-27,1028,142,83,100,33,59,67,0.5845070422535211,0.33,116
2023-03-28,1028,146,85,66,29,61,37,0.5821917808219178,0.4393939393939394,114
2023-03-29,1028,148,90,61,54,58,7,0.6081081081081081,0.8852459016393442,144
2023-03-30,1028,129,81,81,37,48,44,0.627906976744186,0.4567901234567901,118
2023-03-31,1028,145,88,63,35,57,28,0.6068965517241379,0.5555555555555556,123
2023-04-01,1028,137,78,56,37,59,19,0.5693430656934306,0.6607142857142857,115
2023-04-02,1028,138,73,97,45,65,52,0.5289855072463768,0.4639175257731959,118
2023-04-03,1028,105,78,84,42,27,42,0.7428571428571429,0.5,120
2023-04-04,1028,128,85,63,46,43,17,0.6640625,0.7301587301587301,131
2023-04-05,1028,145,77,71,48,68,23,0.5310344827586206,0.676056338028169,125
2023-04-06,1028,114,86,60,30,28,30,0.7543859649122807,0.5,116
2023-04-07,1028,129,81,100,56,48,44,0.627906976744186,0.56,137
2023-04-08,1028,110,73,68,45,37,23,0.6636363636363637,0.6617647058823529,118
2023-04-09,1028,115,86,86,34,29,52,0.7478260869565218,0.3953488372093023,120
2023-04-10,1028,106,79,79,54,27,25,0.7452830188679245,0.6835443037974683,133
2023-04-11,1028,145,90,85,41,55,44,0.6206896551724138,0.4823529411764706,131
2023-04-12,1028,123,69,62,44,54,18,0.5609756097560976,0.7096774193548387,113
2023-04-13,1028,122,78,66,44,44,22,0.639344262295082,0.6666666666666666,122
2023-04-14,1028,145,77,62,45,68,17,0.5310344827586206,0.7258064516129032,122
2023-04-15,1028,136,81,95,37,55,58,0.5955882352941176,0.3894736842105263,118
2023-04-16,1028,118,75,69,38,43,31,0.635593220338983,0.5507246376811594,113
2023-04-17,1028,141,76,56,31,65,25,0.5390070921985816,0.5535714285714286,107
2023-04-18,1028,112,68,73,43,44,30,0.6071428571428571,0.589041095890411,111
2023-04-19,1028,111,72,91,42,39,49,0.6486486486486487,0.46153846153846156,114
2023-04-20,1028,145,76,89,43,69,46,0.5241379310344828,0.48314606741573035,119
2023-04-21,1028,137,83,66,34,54,32,0.6058394160583942,0.5151515151515151,117
2023-04-22,1028,135,82,100,39,53,61,0.6074074074074074,0.39,121
2023-04-23,1028,120,88,59,34,32,25,0.7333333333333333,0.576271186440678,122
2023-04-24,1028,142,91,99,43,51,56,0.6408450704225352,0.43434343434343436,134
2023-04-25,1028,134,97,98,40,37,58,0.7238805970149254,0.40816326530612246,137
2023-04-26,1028,136,64,67,28,72,39,0.47058823529411764,0.417910447761194,92
2023-04-27,1028,130,86,75,42,44,33,0.6615384615384615,0.56,128
2023-04-28,1028,107,86,59,41,21,18,0.8037383177570093,0.6949152542372882,127
2023-04-29,1028,133,80,85,30,53,55,0.6015037593984962,0.35294117647058826,110
2023-04-30,1028,138,68,94,50,70,44,0.4927536231884058,0.5319148936170213,118
2023-05-01,1028,124,76,52,38,48,14,0.6129032258064516,0.7307692307692307,114
2023-05-02,1028,110,83,78,53,27,25,0.7545454545454545,0.6794871794871795,136
2023-05-03,1028,113,76,69,33,37,36,0.672566371681416,0.4782608695652174,109
2023-05-04,1028,119,73,76,32,46,44,0.6134453781512605,0.42105263157894735,105
2023-05-05,1028,122,85,89,35,37,54,0.6967213114754098,0.39325842696629215,120
2023-05-06,1028,134,85,75,46,49,29,0.6343283582089553,0.6133333333333333,131
2023-05-07,1028,137,95,96,46,42,50,0.6934306569343066,0.4791666666666667,141
2023-05-08,1028,119,72,51,38,47,13,0.6050420168067226,0.7450980392156863,110
2023-05-09,1028,133,82,63,40,51,23,0.6165413533834586,0.6349206349206349,122
2023-05-10,1028,131,89,59,48,42,11,0.6793893129770993,0.8135593220338984,137
2023-05-11,1028,140,79,56,42,61,14,0.5642857142857143,0.75,121
2023-05-12,1028,141,97,89,48,44,41,0.6879432624113475,0.5393258426966292,145
2023-05-13,1028,121,82,69,42,39,27,0.6776859504132231,0.6086956521739131,124
2023-05-14,1028,100,75,84,46,25,38,0.75,0.5476190476190477,121
2023-05-15,1028,111,85,94,45,26,49,0.7657657657657657,0.4787234042553192,130
2023-05-16,1028,118,90,75,47,28,28,0.7627118644067796,0.6266666666666667,137
2023-05-17,1028,139,67,100,37,72,63,0.48201438848920863,0.37,104
2023-05-18,1028,119,81,72,40,38,32,0.680672268907563,0.5555555555555556,121
2023-05-19,1028,138,86,81,40,52,41,0.6231884057971014,0.49382716049382713,126
2023-05-20,1028,100,75,88,44,25,44,0.75,0.5,119
2023-05-21,1028,130,99,67,30,31,37,0.7615384615384615,0.44776119402985076,129
2023-05-22,1028,116,74,78,52,42,26,0.6379310344827587,0.6666666666666666,126
2023-05-23,1028,129,87,52,44,42,8,0.6744186046511628,0.8461538461538461,131
2023-05-24,1028,115,83,93,45,32,48,0.7217391304347827,0.4838709677419355,128
2023-05-25,1028,121,92,98,36,29,62,0.7603305785123967,0.3673469387755102,128
2023-05-26,1028,111,82,70,35,29,35,0.7387387387387387,0.5,117
2023-05-27,1028,148,84,75,34,64,41,0.5675675675675675,0.4533333333333333,118
2023-05-28,1028,124,58,75,49,66,26,0.46774193548387094,0.6533333333333333,107
2023-05-29,1028,133,83,86,32,50,54,0.6240601503759399,0.37209302325581395,115
2023-05-30,1028,101,73,57,33,28,24,0.7227722772277227,0.5789473684210527,106
2023-05-31,1028,107,83,82,31,24,51,0.7757009345794392,0.3780487804878049,114
2023-06-01,1028,145,77,69,40,68,29,0.5310344827586206,0.5797101449275363,117
2023-06-02,1028,109,74,66,38,35,28,0.6788990825688074,0.5757575757575758,112
2023-06-03,1028,150,74,90,47,76,43,0.49333333333333335,0.5222222222222223,121
2023-06-04,1028,123,75,92,33,48,59,0.6097560975609756,0.358695652173913,108
2023-06-05,1028,125,85,94,35,40,59,0.68,0.3723404255319149,120
2023-06-06,1028,115,65,97,49,50,48,0.5652173913043478,0.5051546391752577,114
2023-06-07,1028,119,83,56,42,36,14,0.6974789915966386,0.75,125
2023-06-08,1028,106,89,63,42,17,21,0.839622641509434,0.6666666666666666,131
2023-06-09,1028,143,82,58,49,61,9,0.5734265734265734,0.8448275862068966,131
2023-06-10,1028,125,91,95,49,34,46,0.728,0.5157894736842106,140
2023-06-11,1028,135,75,80,33,60,47,0.5555555555555556,0.4125,108
2023-06-12,1028,147,66,99,50,81,49,0.4489795918367347,0.5050505050505051,116
2023-06-13,1028,108,57,58,45,51,13,0.5277777777777778,0.7758620689655172,102
2023-06-14,1028,111,73,62,40,38,22,0.6576576576576577,0.6451612903225806,113
2023-06-15,1028,147,68,94,57,79,37,0.46258503401360546,0.6063829787234043,125
2023-06-16,1028,133,84,91,35,49,56,0.631578947368421,0.38461538461538464,119
2023-06-17,1028,114,68,94,39,46,55,0.5964912280701754,0.4148936170212766,107
2023-06-18,1028,109,72,57,43,37,14,0.6605504587155964,0.7543859649122807,115
2023-06-19,1028,110,72,91,31,38,60,0.6545454545454545,0.34065934065934067,103
2023-06-20,1028,128,60,71,37,68,34,0.46875,0.5211267605633803,97
2023-06-21,1028,107,76,91,38,31,53,0.7102803738317757,0.4175824175824176,114
2023-06-22,1028,104,85,58,48,19,10,0.8173076923076923,0.8275862068965517,133
2023-06-23,1028,138,69,67,38,69,29,0.5,0.5671641791044776,107
2023-06-24,1028,127,68,67,38,59,29,0.5354330708661418,0.5671641791044776,106
2023-06-25,1028,115,71,83,41,44,42,0.6173913043478261,0.4939759036144578,112
2023-06-26,1028,150,83,65,26,67,39,0.5533333333333333,0.4,109
2023-06-27,1028,122,66,74,54,56,20,0.5409836065573771,0.7297297297297297,120
2023-06-28,1028,132,81,76,41,51,35,0.6136363636363636,0.5394736842105263,122
2023-06-29,1028,115,56,59,33,59,26,0.48695652173913045,0.559322033898305,89
2023-06-30,1028,127,75,82,43,52,39,0.5905511811023622,0.524390243902439,118
2023-07-01,1028,109,84,75,44,25,31,0.7706422018348624,0.5866666666666667,128
2023-07-02,1028,112,74,77,37,38,40,0.6607142857142857,0.4805194805194805,111
2023-07-03,1028,136,91,85,41,45,44,0.6691176470588235,0.4823529411764706,132
2023-07-04,1028,108,82,58,39,26,19,0.7592592592592593,0.6724137931034483,121
2023-07-05,1028,125,83,66,36,42,30,0.664,0.5454545454545454,119
2023-07-06,1028,123,74,86,35,49,51,0.6016260162601627,0.4069767441860465,109
2023-07-07,1028,145,74,54,42,71,12,0.5103448275862069,0.7777777777777778,116
2023-07-08,1028,101,83,92,31,18,61,0.8217821782178217,0.33695652173913043,114
2023-07-09,1028,148,84,69,39,64,30,0.5675675675675675,0.5652173913043478,123
2023-07-10,1028,119,78,88,41,41,47,0.6554621848739496,0.4659090909090909,119
2023-07-11,1028,139,85,91,37,54,54,0.6115107913669064,0.4065934065934066,122
2023-07-12,1028,125,68,87,40,57,47,0.544,0.45977011494252873,108
2023-07-13,1028,148,80,71,37,68,34,0.5405405405405406,0.5211267605633803,117
2023-07-14,1028,112,81,97,38,31,59,0.7232142857142857,0.3917525773195876,119
2023-07-15,1028,139,78,78,44,61,34,0.5611510791366906,0.5641025641025641,122
2023-07-16,1028,127,90,92,49,37,43,0.7086614173228346,0.532608695652174,139
2023-07-17,1028,141,77,55,48,64,7,0.5460992907801419,0.8727272727272727,125
2023-07-18,1028,119,63,94,38,56,56,0.5294117647058824,0.40425531914893614,101
2023-07-19,1028,150,90,67,30,60,37,0.6,0.44776119402985076,120
2023-07-20,1028,150,77,81,45,73,36,0.5133333333333333,0.5555555555555556,122
2023-07-21,1028,125,89,70,35,36,35,0.712,0.5,124
2023-07-22,1028,132,75,55,40,57,15,0.5681818181818182,0.7272727272727273,115
2023-07-23,1028,149,82,92,40,67,52,0.5503355704697986,0.43478260869565216,122
2023-07-24,1028,117,79,91,35,38,56,0.6752136752136753,0.38461538461538464,114
2023-07-25,1028,133,77,63,38,56,25,0.5789473684210527,0.6031746031746031,115
2023-07-26,1028,148,73,95,30,75,65,0.49324324324324326,0.3157894736842105,103
2023-07-27,1028,137,87,60,36,50,24,0.635036496350365,0.6,123
2023-07-28,1028,133,78,99,37,55,62,0.5864661654135338,0.37373737373737376,115
2023-07-29,1028,125,72,82,41,53,41,0.576,0.5,113
2023-07-30,1028,123,78,88,32,45,56,0.6341463414634146,0.36363636363636365,110
2023-07-31,1028,149,90,93,40,59,53,0.6040268456375839,0.43010752688172044,130
2023-08-01,1028,103,87,50,44,16,6,0.8446601941747572,0.88,131
2023-08-02,1028,106,81,63,35,25,28,0.7641509433962265,0.5555555555555556,116
2023-08-03,1028,144,75,87,46,69,41,0.5208333333333334,0.5287356321839081,121
2023-08-04,1028,133,86,56,40,47,16,0.6466165413533834,0.7142857142857143,126
2023-08-05,1028,138,82,84,54,56,30,0.5942028985507246,0.6428571428571429,136
2023-08-06,1028,112,75,57,30,37,27,0.6696428571428571,0.5263157894736842,105
2023-08-07,1028,142,73,91,34,69,57,0.5140845070422535,0.37362637362637363,107
2023-08-08,1028,105,75,90,25,30,65,0.7142857142857143,0.2777777777777778,100
2023-08-09,1028,128,83,88,33,45,55,0.6484375,0.375,116
2023-08-10,1028,132,67,90,35,65,55,0.5075757575757576,0.3888888888888889,102
2023-08-11,1028,141,83,89,25,58,64,0.5886524822695035,0.2808988764044944,108
2023-08-12,1028,142,91,97,40,51,57,0.6408450704225352,0.41237113402061853,131
2023-08-13,1028,132,77,87,51,55,36,0.5833333333333334,0.5862068965517241,128
2023-08-14,1028,140,79,89,49,61,40,0.5642857142857143,0.550561797752809,128
2023-08-15,1028,142,87,66,40,55,26,0.6126760563380281,0.6060606060606061,127
2023-08-16,1028,121,92,68,52,29,16,0.7603305785123967,0.7647058823529411,144
2023-08-17,1028,115,76,58,39,39,19,0.6608695652173913,0.6724137931034483,115
2023-08-18,1028,120,87,72,45,33,27,0.725,0.625,132
2023-08-19,1028,120,82,54,33,38,21,0.6833333333333333,0.6111111111111112,115
2023-08-20,1028,147,83,87,30,64,57,0.564625850340136,0.3448275862068966,113
2023-08-21,1028,140,90,66,40,50,26,0.6428571428571429,0.6060606060606061,130
2023-08-22,1028,132,75,82,46,57,36,0.5681818181818182,0.5609756097560976,121
2023-08-23,1028,135,72,75,36,63,39,0.5333333333333333,0.48,108
2023-08-24,1028,134,74,55,47,60,8,0.5522388059701493,0.8545454545454545,121
2023-08-25,1028,150,95,85,31,55,54,0.6333333333333333,0.36470588235294116,126
2023-08-26,1028,101,78,88,30,23,58,0.7722772277227723,0.3409090909090909,108
2023-08-27,1028,143,87,97,42,56,55,0.6083916083916084,0.4329896907216495,129
2023-08-28,1028,111,74,60,28,37,32,0.6666666666666666,0.4666666666666667,102
2023-08-29,1028,147,69,85,36,78,49,0.46938775510204084,0.4235294117647059,105
2023-08-30,1028,125,68,94,39,57,55,0.544,0.4148936170212766,107
2023-08-31,1028,147,80,98,41,67,57,0.54421768707483,0.41836734693877553,121
2023-09-01,1028,133,89,83,42,44,41,0.6691729323308271,0.5060240963855421,131
2023-09-02,1028,130,67,61,52,63,9,0.5153846153846153,0.8524590163934426,119
2023-09-03,1028,132,82,67,38,50,29,0.6212121212121212,0.5671641791044776,120
2023-09-04,1028,108,75,63,39,33,24,0.6944444444444444,0.6190476190476191,114
2023-09-05,1028,122,77,90,50,45,40,0.6311475409836066,0.5555555555555556,127
2023-09-06,1028,124,88,81,57,36,24,0.7096774193548387,0.7037037037037037,145
2023-09-07,1028,120,77,67,35,43,32,0.6416666666666667,0.5223880597014925,112
2023-09-08,1028,116,90,50,45,26,5,0.7758620689655172,0.9,135
2023-09-09,1028,135,69,58,42,66,16,0.5111111111111111,0.7241379310344828,111
2023-09-10,1028,150,69,77,40,81,37,0.46,0.5194805194805194,109
2023-09-11,1028,123,71,93,43,52,50,0.5772357723577236,0.46236559139784944,114
2023-09-12,1028,141,84,86,45,57,41,0.5957446808510638,0.5232558139534884,129
2023-09-13,1028,111,73,94,39,38,55,0.6576576576576577,0.4148936170212766,112
2023-09-14,1028,100,85,56,39,15,17,0.85,0.6964285714285714,124
2023-09-15,1028,103,86,67,36,17,31,0.8349514563106796,0.5373134328358209,122
2023-09-16,1028,120,73,74,46,47,28,0.6083333333333333,0.6216216216216216,119
2023-09-17,1028,140,74,58,39,66,19,0.5285714285714286,0.6724137931034483,113
2023-09-18,1028,143,90,78,44,53,34,0.6293706293706294,0.5641025641025641,134
2023-09-19,1028,134,86,70,42,48,28,0.6417910447761194,0.6,128
2023-09-20,1028,142,79,84,37,63,47,0.5563380281690141,0.44047619047619047,116
2023-09-21,1028,124,73,72,45,51,27,0.5887096774193549,0.625,118
2023-09-22,1028,127,86,68,38,41,30,0.6771653543307087,0.5588235294117647,124
2023-09-23,1028,131,72,92,48,59,44,0.549618320610687,0.5217391304347826,120
2023-09-24,1028,102,73,91,34,29,57,0.7156862745098039,0.37362637362637363,107
2023-09-25,1028,139,65,88,31,74,57,0.4676258992805755,0.3522727272727273,96
2023-09-26,1028,113,82,62,36,31,26,0.7256637168141593,0.5806451612903226,118
2023-09-27,1028,102,94,56,37,8,19,0.9215686274509803,0.6607142857142857,131
2023-09-28,1028,140,74,58,48,66,10,0.5285714285714286,0.8275862068965517,122
2023-09-29,1028,148,88,94,42,60,52,0.5945945945945946,0.44680851063829785,130
2023-09-30,1028,100,76,80,32,24,48,0.76,0.4,108
2023-10-01,1028,134,92,64,40,42,24,0.6865671641791045,0.625,132
2023-10-02,1028,148,73,53,30,75,23,0.49324324324324326,0.5660377358490566,103
2023-10-03,1028,118,77,70,49,41,21,0.652542372881356,0.7,126
2023-10-04,1028,116,96,66,41,20,25,0.8275862068965517,0.6212121212121212,137
2023-10-05,1028,111,82,65,41,29,24,0.7387387387387387,0.6307692307692307,123
2023-10-06,1028,125,78,59,33,47,26,0.624,0.559322033898305,111
2023-10-07,1028,112,60,88,39,52,49,0.5357142857142857,0.4431818181818182,99
2023-10-08,1028,115,78,59,37,37,22,0.6782608695652174,0.6271186440677966,115
2023-10-09,1028,121,78,68,36,43,32,0.6446280991735537,0.5294117647058824,114
2023-10-10,1028,112,74,55,30,38,25,0.6607142857142857,0.5454545454545454,104
2023-10-11,1028,102,87,85,53,15,32,0.8529411764705882,0.6235294117647059,140
2023-10-12,1028,105,78,94,45,27,49,0.7428571428571429,0.4787234042553192,123
2023-10-13,1028,114,82,61,34,32,27,0.7192982456140351,0.5573770491803278,116
2023-10-14,1028,119,71,85,42,48,43,0.5966386554621849,0.49411764705882355,113
2023-10-15,1028,126,87,81,50,39,31,0.6904761904761905,0.6172839506172839,137
2023-10-16,1028,104,77,85,33,27,52,0.7403846153846154,0.38823529411764707,110
2023-10-17,1028,134,77,75,36,57,39,0.5746268656716418,0.48,113
2023-10-18,1028,149,70,54,37,79,17,0.4697986577181208,0.6851851851851852,107
2023-10-19,1028,106,75,54,33,31,21,0.7075471698113207,0.6111111111111112,108
2023-10-20,1028,132,73,65,51,59,14,0.553030303030303,0.7846153846153846,124
2023-10-21,1028,124,85,98,48,39,50,0.6854838709677419,0.4897959183673469,133
2023-10-22,1028,131,97,99,36,34,63,0.7404580152671756,0.36363636363636365,133
2023-10-23,1028,126,79,94,29,47,65,0.626984126984127,0.30851063829787234,108
2023-10-24,1028,116,84,50,49,32,1,0.7241379310344828,0.98,133
2023-10-25,1028,112,62,91,50,50,41,0.5535714285714286,0.5494505494505495,112
2023-10-26,1028,108,85,95,43,23,52,0.7870370370370371,0.45263157894736844,128
2023-10-27,1028,107,78,60,50,29,10,0.7289719626168224,0.8333333333333334,128
2023-10-28,1028,121,80,80,45,41,35,0.6611570247933884,0.5625,125
2023-10-29,1028,149,77,70,43,72,27,0.5167785234899329,0.6142857142857143,120
2023-10-30,1028,108,81,83,40,27,43,0.75,0.4819277108433735,121
2023-10-31,1028,101,73,56,46,28,10,0.7227722772277227,0.8214285714285714,119
2023-11-01,1028,150,84,57,45,66,12,0.56,0.7894736842105263,129
2023-11-02,1028,139,84,94,50,55,44,0.60431654676259,0.5319148936170213,134
2023-11-03,1028,127,85,87,40,42,47,0.6692913385826772,0.45977011494252873,125
2023-11-04,1028,109,83,75,37,26,38,0.7614678899082569,0.49333333333333335,120
2023-11-05,1028,106,78,78,42,28,36,0.7358490566037735,0.5384615384615384,120
2023-11-06,1028,145,87,76,54,58,22,0.6,0.7105263157894737,141
2023-11-07,1028,123,78,54,43,45,11,0.6341463414634146,0.7962962962962963,121
2023-11-08,1028,130,75,93,41,55,52,0.5769230769230769,0.44086021505376344,116
2023-11-09,1028,106,77,74,33,29,41,0.7264150943396226,0.44594594594594594,110
2023-11-10,1028,114,66,62,48,48,14,0.5789473684210527,0.7741935483870968,114
2023-11-11,1028,140,80,65,40,60,25,0.5714285714285714,0.6153846153846154,120
2023-11-12,1028,146,76,62,38,70,24,0.5205479452054794,0.6129032258064516,114
2023-11-13,1028,122,70,92,41,52,51,0.5737704918032787,0.44565217391304346,111
2023-11-14,1028,108,74,87,42,34,45,0.6851851851851852,0.4827586206896552,116
2023-11-15,1028,137,81,87,38,56,49,0.5912408759124088,0.4367816091954023,119
2023-11-16,1028,120,74,96,27,46,69,0.6166666666666667,0.28125,101
2023-11-17,1028,117,73,90,40,44,50,0.6239316239316239,0.4444444444444444,113
2023-11-18,1028,146,74,63,46,72,17,0.5068493150684932,0.7301587301587301,120
2023-11-19,1028,125,69,72,52,56,20,0.552,0.7222222222222222,121
2023-11-20,1028,124,74,70,29,50,41,0.5967741935483871,0.4142857142857143,103
2023-11-21,1028,117,80,76,37,37,39,0.6837606837606838,0.4868421052631579,117
2023-11-22,1028,115,58,72,48,57,24,0.5043478260869565,0.6666666666666666,106
2023-11-23,1028,138,61,66,42,77,24,0.4420289855072464,0.6363636363636364,103
2023-11-24,1028,123,88,96,45,35,51,0.7154471544715447,0.46875,133
2023-11-25,1028,130,94,81,46,36,35,0.7230769230769231,0.5679012345679012,140
2023-11-26,1028,133,69,85,45,64,40,0.518796992481203,0.5294117647058824,114
2023-11-27,1028,119,81,79,44,38,35,0.680672268907563,0.5569620253164557,125
2023-11-28,1028,148,78,86,42,70,44,0.527027027027027,0.4883720930232558,120
2023-11-29,1028,118,79,61,50,39,11,0.6694915254237288,0.819672131147541,129
2023-11-30,1028,105,84,90,36,21,54,0.8,0.4,120
2023-12-01,1028,144,74,92,40,70,52,0.5138888888888888,0.43478260869565216,114
2023-12-02,1028,135,71,60,45,64,15,0.5259259259259259,0.75,116
2023-12-03,1028,148,93,67,34,55,33,0.6283783783783784,0.5074626865671642,127
2023-12-04,1028,131,94,58,38,37,20,0.7175572519083969,0.6551724137931034,132
2023-12-05,1028,122,75,59,36,47,23,0.6147540983606558,0.6101694915254238,111
2023-12-06,1028,140,89,62,38,51,24,0.6357142857142857,0.6129032258064516,127
2023-12-07,1028,113,68,94,38,45,56,0.6017699115044248,0.40425531914893614,106
2023-12-08,1028,140,76,86,40,64,46,0.5428571428571428,0.46511627906976744,116
2023-12-09,1028,127,82,53,44,45,9,0.6456692913385826,0.8301886792452831,126
2023-12-10,1028,126,78,56,39,48,17,0.6190476190476191,0.6964285714285714,117
2023-12-11,1028,148,80,64,47,68,17,0.5405405405405406,0.734375,127
2023-12-12,1028,107,94,54,41,13,13,0.8785046728971962,0.7592592592592593,135
2023-12-13,1028,144,77,93,44,67,49,0.5347222222222222,0.4731182795698925,121
2023-12-14,1028,109,74,92,40,35,52,0.6788990825688074,0.43478260869565216,114
2023-12-15,1028,130,87,58,50,43,8,0.6692307692307692,0.8620689655172413,137
2023-12-16,1028,107,74,68,33,33,35,0.6915887850467289,0.4852941176470588,107
2023-12-17,1028,129,93,82,32,36,50,0.7209302325581395,0.3902439024390244,125
2023-12-18,1028,107,74,86,44,33,42,0.6915887850467289,0.5116279069767442,118
2023-12-19,1028,116,75,51,36,41,15,0.646551724137931,0.7058823529411765,111
2023-12-20,1028,108,69,52,42,39,10,0.6388888888888888,0.8076923076923077,111
2023-12-21,1028,134,94,59,39,40,20,0.7014925373134329,0.6610169491525424,133
2023-12-22,1028,131,83,62,39,48,23,0.6335877862595419,0.6290322580645161,122
2023-12-23,1028,128,101,79,57,27,22,0.7890625,0.7215189873417721,158
2023-12-24,1028,137,75,51,42,62,9,0.5474452554744526,0.8235294117647058,117
2023-12-25,1028,149,85,84,46,64,38,0.5704697986577181,0.5476190476190477,131
2023-12-26,1028,121,82,80,44,39,36,0.6776859504132231,0.55,126
2023-12-27,1028,150,81,87,42,69,45,0.54,0.4827586206896552,123
2023-12-28,1028,116,80,80,51,36,29,0.6896551724137931,0.6375,131
2023-12-29,1028,133,80,55,42,53,13,0.6015037593984962,0.7636363636363637,122
2023-12-30,1028,126,73,79,47,53,32,0.5793650793650794,0.5949367088607594,120
2023-12-31,1028,138,78,93,43,60,50,0.5652173913043478,0.46236559139784944,121
2023-01-01,1029,148,80,51,45,68,6,0.5405405405405406,0.8823529411764706,125
2023-01-02,1029,123,78,74,38,45,36,0.6341463414634146,0.5135135135135135,116
2023-01-03,1029,141,81,55,41,60,14,0.574468085106383,0.7454545454545455,122
2023-01-04,1029,105,78,69,36,27,33,0.7428571428571429,0.5217391304347826,114
2023-01-05,1029,129,84,62,37,45,25,0.6511627906976745,0.5967741935483871,121
2023-01-06,1029,103,80,59,38,23,21,0.7766990291262136,0.6440677966101694,118
2023-01-07,1029,125,76,76,45,49,31,0.608,0.5921052631578947,121
2023-01-08,1029,134,65,88,37,69,51,0.48507462686567165,0.42045454545454547,102
2023-01-09,1029,133,82,51,47,51,4,0.6165413533834586,0.9215686274509803,129
2023-01-10,1029,100,86,90,38,14,52,0.86,0.4222222222222222,124
2023-01-11,1029,138,81,61,36,57,25,0.5869565217391305,0.5901639344262295,117
2023-01-12,1029,120,95,50,43,25,7,0.7916666666666666,0.86,138
2023-01-13,1029,136,64,65,40,72,25,0.47058823529411764,0.6153846153846154,104
2023-01-14,1029,137,83,57,40,54,17,0.6058394160583942,0.7017543859649122,123
2023-01-15,1029,135,68,87,52,67,35,0.5037037037037037,0.5977011494252874,120
2023-01-16,1029,129,82,89,43,47,46,0.6356589147286822,0.48314606741573035,125
2023-01-17,1029,122,76,82,43,46,39,0.6229508196721312,0.524390243902439,119
2023-01-18,1029,100,81,56,44,19,12,0.81,0.7857142857142857,125
2023-01-19,1029,128,71,96,36,57,60,0.5546875,0.375,107
2023-01-20,1029,117,75,67,39,42,28,0.6410256410256411,0.582089552238806,114
2023-01-21,1029,149,80,98,37,69,61,0.5369127516778524,0.37755102040816324,117
2023-01-22,1029,116,90,60,34,26,26,0.7758620689655172,0.5666666666666667,124
2023-01-23,1029,112,89,80,46,23,34,0.7946428571428571,0.575,135
2023-01-24,1029,101,79,82,39,22,43,0.7821782178217822,0.47560975609756095,118
2023-01-25,1029,137,86,80,51,51,29,0.6277372262773723,0.6375,137
2023-01-26,1029,101,71,90,52,30,38,0.7029702970297029,0.5777777777777777,123
2023-01-27,1029,139,75,54,27,64,27,0.539568345323741,0.5,102
2023-01-28,1029,129,75,72,53,54,19,0.5813953488372093,0.7361111111111112,128
2023-01-29,1029,118,70,97,47,48,50,0.5932203389830508,0.4845360824742268,117
2023-01-30,1029,105,99,67,50,6,17,0.9428571428571428,0.746268656716418,149
2023-01-31,1029,123,63,99,35,60,64,0.5121951219512195,0.35353535353535354,98
2023-02-01,1029,109,65,87,39,44,48,0.5963302752293578,0.4482758620689655,104
2023-02-02,1029,117,82,51,45,35,6,0.7008547008547008,0.8823529411764706,127
2023-02-03,1029,122,76,74,41,46,33,0.6229508196721312,0.5540540540540541,117
2023-02-04,1029,117,79,57,43,38,14,0.6752136752136753,0.7543859649122807,122
2023-02-05,1029,112,69,54,33,43,21,0.6160714285714286,0.6111111111111112,102
2023-02-06,1029,115,102,90,31,13,59,0.8869565217391304,0.34444444444444444,133
2023-02-07,1029,124,85,78,48,39,30,0.6854838709677419,0.6153846153846154,133
2023-02-08,1029,105,70,71,34,35,37,0.6666666666666666,0.4788732394366197,104
2023-02-09,1029,115,84,84,35,31,49,0.7304347826086957,0.4166666666666667,119
2023-02-10,1029,122,64,84,31,58,53,0.5245901639344263,0.36904761904761907,95
2023-02-11,1029,148,92,67,41,56,26,0.6216216216216216,0.6119402985074627,133
2023-02-12,1029,139,79,66,37,60,29,0.5683453237410072,0.5606060606060606,116
2023-02-13,1029,142,90,93,31,52,62,0.6338028169014085,0.3333333333333333,121
2023-02-14,1029,137,86,59,38,51,21,0.6277372262773723,0.6440677966101694,124
2023-02-15,1029,138,93,78,45,45,33,0.6739130434782609,0.5769230769230769,138
2023-02-16,1029,138,55,83,33,83,50,0.39855072463768115,0.39759036144578314,88
2023-02-17,1029,117,79,82,42,38,40,0.6752136752136753,0.5121951219512195,121
2023-02-18,1029,100,79,50,38,21,12,0.79,0.76,117
2023-02-19,1029,118,61,50,40,57,10,0.5169491525423728,0.8,101
2023-02-20,1029,113,76,98,33,37,65,0.672566371681416,0.336734693877551,109
2023-02-21,1029,128,66,75,34,62,41,0.515625,0.4533333333333333,100
2023-02-22,1029,129,74,100,31,55,69,0.5736434108527132,0.31,105
2023-02-23,1029,110,95,76,40,15,36,0.8636363636363636,0.5263157894736842,135
2023-02-24,1029,116,82,86,52,34,34,0.7068965517241379,0.6046511627906976,134
2023-02-25,1029,137,93,81,44,44,37,0.6788321167883211,0.5432098765432098,137
2023-02-26,1029,138,63,87,47,75,40,0.45652173913043476,0.5402298850574713,110
2023-02-27,1029,119,83,89,42,36,47,0.6974789915966386,0.47191011235955055,125
2023-02-28,1029,142,84,64,39,58,25,0.5915492957746479,0.609375,123
2023-03-01,1029,133,64,52,40,69,12,0.48120300751879697,0.7692307692307693,104
2023-03-02,1029,121,79,52,47,42,5,0.6528925619834711,0.9038461538461539,126
2023-03-03,1029,141,87,78,39,54,39,0.6170212765957447,0.5,126
2023-03-04,1029,103,63,72,34,40,38,0.6116504854368932,0.4722222222222222,97
2023-03-05,1029,149,81,59,41,68,18,0.5436241610738255,0.6949152542372882,122
2023-03-06,1029,117,74,86,45,43,41,0.6324786324786325,0.5232558139534884,119
2023-03-07,1029,146,89,92,51,57,41,0.6095890410958904,0.5543478260869565,140
2023-03-08,1029,128,74,84,34,54,50,0.578125,0.40476190476190477,108
2023-03-09,1029,140,83,64,34,57,30,0.5928571428571429,0.53125,117
2023-03-10,1029,106,80,56,38,26,18,0.7547169811320755,0.6785714285714286,118
2023-03-11,1029,133,86,54,31,47,23,0.6466165413533834,0.5740740740740741,117
2023-03-12,1029,144,77,82,38,67,44,0.5347222222222222,0.4634146341463415,115
2023-03-13,1029,111,85,83,45,26,38,0.7657657657657657,0.54216867469879515,130
2023-03-14,1029,119,97,79,37,22,42,0.8151260504201681,0.46835443037974683,134
2023-03-15,1029,138,100,73,49,38,24,0.7246376811594203,0.6712328767123288,149
2023-03-16,1029,109,77,92,33,32,59,0.7064220183486238,0.358695652173913,110
2023-03-17,1029,146,79,78,46,67,32,0.541095890410959,0.5897435897435898,125
2023-03-18,1029,122,96,60,35,26,25,0.7868852459016393,0.5833333333333334,131
2023-03-19,1029,150,73,69,43,77,26,0.4866666666666667,0.6231884057971014,116
2023-03-20,1029,109,83,52,34,26,18,0.7614678899082569,0.6538461538461539,117
2023-03-21,1029,141,72,79,32,69,47,0.5106382978723404,0.4050632911392405,104
2023-03-22,1029,134,81,90,46,53,44,0.6044776119402985,0.5111111111111111,127
2023-03-23,1029,145,78,67,33,67,34,0.5379310344827586,0.4925373134328358,111
2023-03-24,1029,105,90,64,45,15,19,0.8571428571428571,0.703125,135
2023-03-25,1029,133,86,78,47,47,31,0.6466165413533834,0.6025641025641025,133
2023-03-26,1029,121,61,81,47,60,34,0.5041322314049587,0.5802469135802469,108
2023-03-27,1029,107,67,90,40,40,50,0.6261682242990654,0.4444444444444444,107
2023-03-28,1029,146,80,97,40,66,57,0.547945205479452,0.41237113402061853,120
2023-03-29,1029,138,83,69,49,55,20,0.6014492753623188,0.7101449275362319,132
2023-03-30,1029,123,88,64,43,35,21,0.7154471544715447,0.671875,131
2023-03-31,1029,131,86,58,37,45,21,0.6564885496183206,0.6379310344827587,123
2023-04-01,1029,117,66,95,48,51,47,0.5641025641025641,0.5052631578947369,114
2023-04-02,1029,120,76,85,50,44,35,0.6333333333333333,0.5882352941176471,126
2023-04-03,1029,149,83,70,40,66,30,0.5570469798657718,0.5714285714285714,123
2023-04-04,1029,115,82,90,35,33,55,0.7130434782608696,0.3888888888888889,117
2023-04-05,1029,101,74,78,35,27,43,0.7326732673267327,0.44871794871794873,109
2023-04-06,1029,134,93,97,44,41,53,0.6940298507462687,0.4536082474226804,137
2023-04-07,1029,125,87,55,35,38,20,0.696,0.6363636363636364,122
2023-04-08,1029,126,75,83,45,51,38,0.5952380952380952,0.54216867469879515,120
2023-04-09,1029,149,61,96,46,88,50,0.40939597315436244,0.4791666666666667,107
2023-04-10,1029,118,81,90,37,37,53,0.6864406779661016,0.4111111111111111,118
2023-04-11,1029,123,81,92,35,42,57,0.6585365853658537,0.3804347826086957,116
2023-04-12,1029,142,73,92,42,69,50,0.5140845070422535,0.45652173913043476,115
2023-04-13,1029,131,95,63,52,36,11,0.7251908396946565,0.8253968253968254,147
2023-04-14,1029,140,86,88,41,54,47,0.6142857142857143,0.4659090909090909,127
2023-04-15,1029,124,89,75,44,35,31,0.717741935483871,0.5866666666666667,133
2023-04-16,1029,109,87,89,40,22,49,0.7981651376146789,0.449438202247191,127
2023-04-17,1029,108,74,77,38,34,39,0.6851851851851852,0.4935064935064935,112
2023-04-18,1029,112,73,63,32,39,31,0.6517857142857143,0.5079365079365079,105
2023-04-19,1029,118,85,56,35,33,21,0.7203389830508474,0.625,120
2023-04-20,1029,110,81,50,50,29,0,0.7363636363636363,1,131
2023-04-21,1029,144,87,78,41,57,37,0.6041666666666666,0.5256410256410257,128
2023-04-22,1029,109,70,68,37,39,31,0.6422018348623854,0.5441176470588235,107
2023-04-23,1029,125,72,84,36,53,48,0.576,0.42857142857142855,108
2023-04-24,1029,109,81,95,44,28,51,0.7431192660550459,0.4631578947368421,125
2023-04-25,1029,130,92,52,42,38,10,0.7076923076923077,0.8076923076923077,134
2023-04-26,1029,115,75,95,41,40,54,0.6521739130434783,0.43157894736842106,116
2023-04-27,1029,150,79,80,41,71,39,0.5266666666666666,0.5125,120
2023-04-28,1029,109,79,99,40,30,59,0.7247706422018348,0.40404040404040403,119
2023-04-29,1029,150,74,94,35,76,59,0.49333333333333335,0.3723404255319149,109
2023-04-30,1029,142,78,81,46,64,35,0.5492957746478874,0.5679012345679012,124
2023-05-01,1029,125,68,61,44,57,17,0.544,0.7213114754098361,112
2023-05-02,1029,135,71,91,46,64,45,0.5259259259259259,0.5054945054945055,117
2023-05-03,1029,113,72,87,35,41,52,0.6371681415929203,0.40229885057471265,107
2023-05-04,1029,113,73,65,40,40,25,0.6460176991150443,0.6153846153846154,113
2023-05-05,1029,138,97,71,44,41,27,0.7028985507246377,0.6197183098591549,141
2023-05-06,1029,101,66,89,47,35,42,0.6534653465346535,0.5280898876404494,113
2023-05-07,1029,147,82,68,49,65,19,0.5578231292517006,0.7205882352941176,131
2023-05-08,1029,140,82,73,41,58,32,0.5857142857142857,0.5616438356164384,123
2023-05-09,1029,149,59,86,46,90,40,0.3959731543624161,0.5348837209302325,105
2023-05-10,1029,130,73,66,39,57,27,0.5615384615384615,0.5909090909090909,112
2023-05-11,1029,104,65,68,36,39,32,0.625,0.5294117647058824,101
2023-05-12,1029,125,73,79,33,52,46,0.584,0.4177215189873418,106
2023-05-13,1029,106,91,94,38,15,56,0.8584905660377359,0.40425531914893614,129
2023-05-14,1029,121,91,91,36,30,55,0.7520661157024794,0.3956043956043956,127
2023-05-15,1029,133,86,90,34,47,56,0.6466165413533834,0.37777777777777777,120
2023-05-16,1029,118,78,85,39,40,46,0.6610169491525424,0.4588235294117647,117
2023-05-17,1029,127,68,52,52,59,0,0.5354330708661418,1,120
2023-05-18,1029,114,82,90,41,32,49,0.7192982456140351,0.45555555555555555,123
2023-05-19,1029,116,75,63,29,41,34,0.646551724137931,0.4603174603174603,104
2023-05-20,1029,124,81,99,42,43,57,0.6532258064516129,0.42424242424242425,123
2023-05-21,1029,103,81,98,37,22,61,0.7864077669902912,0.37755102040816324,118
2023-05-22,1029,141,83,79,34,58,45,0.5886524822695035,0.43037974683544306,117
2023-05-23,1029,106,94,96,41,12,55,0.8867924528301887,0.4270833333333333,135
2023-05-24,1029,127,89,56,43,38,13,0.7007874015748031,0.7678571428571429,132
2023-05-25,1029,150,86,73,43,64,30,0.5733333333333334,0.589041095890411,129
2023-05-26,1029,121,77,95,38,44,57,0.6363636363636364,0.4,115
2023-05-27,1029,101,82,68,46,19,22,0.8118811881188119,0.6764705882352942,128
2023-05-28,1029,110,77,62,34,33,28,0.7,0.5483870967741935,111
2023-05-29,1029,111,76,56,40,35,16,0.6846846846846847,0.7142857142857143,116
2023-05-30,1029,107,74,55,35,33,20,0.6915887850467289,0.6363636363636364,109
2023-05-31,1029,107,75,79,37,32,42,0.7009345794392523,0.46835443037974683,112
2023-06-01,1029,135,78,87,34,57,53,0.5777777777777777,0.39080459770114945,112
2023-06-02,1029,140,79,71,39,61,32,0.5642857142857143,0.5492957746478874,118
2023-06-03,1029,120,84,84,36,36,48,0.7,0.42857142857142855,120
2023-06-04,1029,136,73,63,34,63,29,0.5367647058823529,0.5396825396825397,107
2023-06-05,1029,105,78,92,32,27,60,0.7428571428571429,0.34782608695652173,110
2023-06-06,1029,122,70,50,32,52,18,0.5737704918032787,0.64,102
2023-06-07,1029,135,82,76,42,53,34,0.6074074074074074,0.5526315789473685,124
2023-06-08,1029,116,90,79,35,26,44,0.7758620689655172,0.4430379746835443,125
2023-06-09,1029,100,69,75,27,31,48,0.69,0.36,96
2023-06-10,1029,141,77,79,41,64,38,0.5460992907801419,0.5189873417721519,118
2023-06-11,1029,147,92,53,44,55,9,0.6258503401360545,0.8301886792452831,136
2023-06-12,1029,108,83,68,41,25,27,0.7685185185185185,0.6029411764705882,124
2023-06-13,1029,150,71,83,51,79,32,0.47333333333333333,0.6144578313253012,122
2023-06-14,1029,114,87,57,45,27,12,0.7631578947368421,0.7894736842105263,132
2023-06-15,1029,123,75,81,32,48,49,0.6097560975609756,0.3950617283950617,107
2023-06-16,1029,112,96,80,49,16,31,0.8571428571428571,0.6125,145
2023-06-17,1029,149,85,76,31,64,45,0.5704697986577181,0.40789473684210525,116
2023-06-18,1029,109,71,68,41,38,27,0.6513761467889908,0.6029411764705882,112
2023-06-19,1029,124,66,53,35,58,18,0.532258064516129,0.660377358490566,101
2023-06-20,1029,121,70,60,29,51,31,0.5785123966942148,0.48333333333333334,99
2023-06-21,1029,138,81,97,37,57,60,0.5869565217391305,0.38144329896907214,118
2023-06-22,1029,150,81,67,44,69,23,0.54,0.6567164179104478,125
2023-06-23,1029,143,104,66,41,39,25,0.7272727272727273,0.6212121212121212,145
2023-06-24,1029,134,81,82,42,53,40,0.6044776119402985,0.5121951219512195,123
2023-06-25,1029,112,91,63,31,21,32,0.8125,0.49206349206349204,122
2023-06-26,1029,121,88,54,32,33,22,0.7272727272727273,0.5925925925925926,120
2023-06-27,1029,138,82,75,38,56,37,0.5942028985507246,0.5066666666666667,120
2023-06-28,1029,107,88,60,40,19,20,0.822429906542056,0.6666666666666666,128
2023-06-29,1029,111,91,66,37,20,29,0.8198198198198198,0.5606060606060606,128
2023-06-30,1029,145,69,54,37,76,17,0.47586206896551725,0.6851851851851852,106
2023-07-01,1029,141,80,91,37,61,54,0.5673758865248227,0.4065934065934066,117
2023-07-02,1029,148,85,91,38,63,53,0.5743243243243243,0.4175824175824176,123
2023-07-03,1029,146,76,52,35,70,17,0.5205479452054794,0.6730769230769231,111
2023-07-04,1029,150,81,62,49,69,13,0.54,0.7903225806451613,130
2023-07-05,1029,113,75,58,37,38,21,0.6637168141592921,0.6379310344827587,112
2023-07-06,1029,113,72,66,53,41,13,0.6371681415929203,0.803030303030303,125
2023-07-07,1029,115,71,88,42,44,46,0.6173913043478261,0.4772727272727273,113
2023-07-08,1029,116,71,76,51,45,25,0.6120689655172413,0.6710526315789473,122
2023-07-09,1029,115,82,75,54,33,21,0.7130434782608696,0.72,136
2023-07-10,1029,130,82,82,30,48,52,0.6307692307692307,0.36585365853658536,112
2023-07-11,1029,121,85,76,51,36,25,0.7024793388429752,0.6710526315789473,136
2023-07-12,1029,137,81,58,38,56,20,0.5912408759124088,0.6551724137931034,119
2023-07-13,1029,126,104,76,45,22,31,0.8253968253968254,0.5921052631578947,149
2023-07-14,1029,116,77,86,37,39,49,0.6637931034482759,0.43023255813953487,114
2023-07-15,1029,120,97,71,36,23,35,0.8083333333333333,0.5070422535211268,133
2023-07-16,1029,107,71,90,48,36,42,0.6635514018691588,0.5333333333333333,119
2023-07-17,1029,148,87,59,33,61,26,0.5878378378378378,0.559322033898305,120
2023-07-18,1029,117,95,65,43,22,22,0.811965811965812,0.6615384615384615,138
2023-07-19,1029,123,67,81,39,56,42,0.5447154471544715,0.48148148148148145,106
2023-07-20,1029,117,80,97,36,37,61,0.6837606837606838,0.3711340206185567,116
2023-07-21,1029,148,73,79,36,75,43,0.49324324324324326,0.45569620253164556,109
2023-07-22,1029,119,75,51,47,44,4,0.6302521008403361,0.9215686274509803,122
2023-07-23,1029,128,82,67,55,46,12,0.640625,0.8208955223880597,137
2023-07-24,1029,150,72,52,44,78,8,0.48,0.8461538461538461,116
2023-07-25,1029,103,73,56,40,30,16,0.7087378640776699,0.7142857142857143,113
2023-07-26,1029,112,92,53,43,20,10,0.8214285714285714,0.8113207547169812,135
2023-07-27,1029,131,78,92,44,53,48,0.5954198473282443,0.4782608695652174,122
2023-07-28,1029,149,79,83,36,70,47,0.5302013422818792,0.43373493975903615,115
2023-07-29,1029,110,84,55,38,26,17,0.7636363636363637,0.6909090909090909,122
2023-07-30,1029,140,88,95,35,52,60,0.6285714285714286,0.3684210526315789,123
2023-07-31,1029,104,71,59,35,33,24,0.6826923076923077,0.5932203389830508,106
2023-08-01,1029,130,87,54,32,43,22,0.6692307692307692,0.5925925925925926,119
2023-08-02,1029,112,75,89,51,37,38,0.6696428571428571,0.5730337078651685,126
2023-08-03,1029,145,66,90,40,79,50,0.45517241379310347,0.4444444444444444,106
2023-08-04,1029,118,78,72,38,40,34,0.6610169491525424,0.5277777777777778,116
2023-08-05,1029,108,90,78,41,18,37,0.8333333333333334,0.5256410256410257,131
2023-08-06,1029,130,76,74,32,54,42,0.5846153846153846,0.43243243243243246,108
2023-08-07,1029,108,70,94,38,38,56,0.6481481481481481,0.40425531914893614,108
2023-08-08,1029,120,81,92,46,39,46,0.675,0.5,127
2023-08-09,1029,117,75,51,40,42,11,0.6410256410256411,0.7843137254901961,115
2023-08-10,1029,107,89,89,34,18,55,0.8317757009345794,0.38202247191011235,123
2023-08-11,1029,114,74,80,46,40,34,0.6491228070175439,0.575,120
2023-08-12,1029,110,89,71,47,21,24,0.8090909090909091,0.6619718309859155,136
2023-08-13,1029,102,72,74,42,30,32,0.7058823529411765,0.5675675675675675,114
2023-08-14,1029,141,72,60,29,69,31,0.5106382978723404,0.48333333333333334,101
2023-08-15,1029,143,80,68,39,63,29,0.5594405594405595,0.5735294117647058,119
2023-08-16,1029,134,86,95,46,48,49,0.6417910447761194,0.4842105263157895,132
2023-08-17,1029,114,73,94,38,41,56,0.6403508771929824,0.40425531914893614,111
2023-08-18,1029,144,96,63,39,48,24,0.6666666666666666,0.6190476190476191,135
2023-08-19,1029,104,66,92,44,38,48,0.6346153846153846,0.4782608695652174,110
2023-08-20,1029,108,65,79,49,43,30,0.6018518518518519,0.620253164556962,114
2023-08-21,1029,132,74,56,36,58,20,0.5606060606060606,0.6428571428571429,110
2023-08-22,1029,148,74,57,36,74,21,0.5,0.631578947368421,110
2023-08-23,1029,106,81,87,41,25,46,0.7641509433962265,0.47126436781609193,122
2023-08-24,1029,118,95,73,49,23,24,0.8050847457627118,0.6712328767123288,144
2023-08-25,1029,132,89,94,32,43,62,0.6742424242424242,0.3404255319148936,121
2023-08-26,1029,144,69,84,39,75,45,0.4791666666666667,0.4642857142857143,108
2023-08-27,1029,139,91,93,43,48,50,0.6546762589928058,0.46236559139784944,134
2023-08-28,1029,104,73,64,30,31,34,0.7019230769230769,0.46875,103
2023-08-29,1029,118,80,100,50,38,50,0.6779661016949152,0.5,130
2023-08-30,1029,122,87,77,33,35,44,0.7131147540983607,0.42857142857142855,120
2023-08-31,1029,142,77,50,43,65,7,0.5422535211267606,0.86,120
2023-09-01,1029,143,102,95,45,41,50,0.7132867132867133,0.47368421052631576,147
2023-09-02,1029,114,68,72,41,46,31,0.5964912280701754,0.5694444444444444,109
2023-09-03,1029,112,80,50,35,32,15,0.7142857142857143,0.7,115
2023-09-04,1029,124,81,83,38,43,45,0.6532258064516129,0.4578313253012048,119
2023-09-05,1029,128,70,50,45,58,5,0.546875,0.9,115
2023-09-06,1029,111,84,57,41,27,16,0.7567567567567568,0.7192982456140351,125
2023-09-07,1029,113,99,57,31,14,26,0.8761061946902655,0.543859649122807,130
2023-09-08,1029,133,82,69,43,51,26,0.6165413533834586,0.6231884057971014,125
2023-09-09,1029,109,85,81,53,24,28,0.7798165137614679,0.654320987654321,138
2023-09-10,1029,141,67,91,41,74,50,0.475177304964539,0.45054945054945056,108
2023-09-11,1029,121,91,62,25,30,37,0.7520661157024794,0.4032258064516129,116
2023-09-12,1029,109,66,81,46,43,35,0.6055045871559633,0.5679012345679012,112
2023-09-13,1029,103,83,77,32,20,45,0.8058252427184466,0.4155844155844156,115
2023-09-14,1029,111,76,77,49,35,28,0.6846846846846847,0.6363636363636364,125
2023-09-15,1029,146,91,93,38,55,55,0.6232876712328768,0.40860215053763443,129
2023-09-16,1029,134,92,78,37,42,41,0.6865671641791045,0.47435897435897434,129
2023-09-17,1029,119,80,83,54,39,29,0.6722689075630253,0.6506024096385542,134
2023-09-18,1029,150,77,51,42,73,9,0.5133333333333333,0.8235294117647058,119
2023-09-19,1029,120,83,54,38,37,16,0.6916666666666667,0.7037037037037037,121
2023-09-20,1029,115,70,50,41,45,9,0.6086956521739131,0.82,111
2023-09-21,1029,144,99,91,42,45,49,0.6875,0.46153846153846156,141
2023-09-22,1029,126,76,89,41,50,48,0.6031746031746031,0.4606741573033708,117
2023-09-23,1029,130,82,50,41,48,9,0.6307692307692307,0.82,123
2023-09-24,1029,117,75,78,47,42,31,0.6410256410256411,0.6025641025641025,122
2023-09-25,1029,135,76,94,33,59,61,0.562962962962963,0.35106382978723405,109
2023-09-26,1029,104,70,71,36,34,35,0.6730769230769231,0.5070422535211268,106
2023-09-27,1029,149,76,74,41,73,33,0.5100671140939598,0.5540540540540541,117
2023-09-28,1029,120,78,67,42,42,25,0.65,0.6268656716417911,120
2023-09-29,1029,147,87,63,30,60,33,0.5918367346938775,0.47619047619047616,117
2023-09-30,1029,117,83,76,42,34,34,0.7094017094017094,0.5526315789473685,125
2023-10-01,1029,122,78,56,37,44,19,0.639344262295082,0.6607142857142857,115
2023-10-02,1029,126,84,61,41,42,20,0.6666666666666666,0.6721311475409836,125
2023-10-03,1029,129,97,57,57,32,0,0.751937984496124,1,154
2023-10-04,1029,123,97,90,33,26,57,0.7886178861788617,0.36666666666666664,130
2023-10-05,1029,113,78,75,37,35,38,0.6902654867256637,0.49333333333333335,115
2023-10-06,1029,146,89,86,39,57,47,0.6095890410958904,0.45348837209302323,128
2023-10-07,1029,108,75,56,47,33,9,0.6944444444444444,0.8392857142857143,122
2023-10-08,1029,134,77,55,42,57,13,0.5746268656716418,0.7636363636363637,119
2023-10-09,1029,100,93,67,46,7,21,0.93,0.6865671641791045,139
2023-10-10,1029,141,75,62,46,66,16,0.5319148936170213,0.7419354838709677,121
2023-10-11,1029,146,70,50,33,76,17,0.4794520547945205,0.66,103
2023-10-12,1029,112,74,57,40,38,17,0.6607142857142857,0.7017543859649122,114
2023-10-13,1029,139,69,78,30,70,48,0.49640287769784175,0.38461538461538464,99
2023-10-14,1029,150,76,64,34,74,30,0.5066666666666667,0.53125,110
2023-10-15,1029,141,102,84,45,39,39,0.723404255319149,0.5357142857142857,147
2023-10-16,1029,134,93,62,40,41,22,0.6940298507462687,0.6451612903225806,133
2023-10-17,1029,135,86,81,30,49,51,0.6370370370370371,0.37037037037037035,116
2023-10-18,1029,142,77,57,20,65,37,0.5422535211267606,0.3508771929824561,97
2023-10-19,1029,114,64,90,42,50,48,0.5614035087719298,0.4666666666666667,106
2023-10-20,1029,115,85,57,45,30,12,0.7391304347826086,0.7894736842105263,130
2023-10-21,1029,102,81,56,40,21,16,0.7941176470588235,0.7142857142857143,121
2023-10-22,1029,121,61,71,38,60,33,0.5041322314049587,0.5352112676056338,99
2023-10-23,1029,129,81,51,32,48,19,0.627906976744186,0.6274509803921569,113
2023-10-24,1029,136,96,87,38,40,49,0.7058823529411765,0.4367816091954023,134
2023-10-25,1029,125,86,70,36,39,34,0.688,0.5142857142857142,122
2023-10-26,1029,123,79,76,45,44,31,0.6422764227642277,0.5921052631578947,124
2023-10-27,1029,117,95,94,56,22,38,0.811965811965812,0.5957446808510638,151
2023-10-28,1029,136,77,79,39,59,40,0.5661764705882353,0.4936708860759494,116
2023-10-29,1029,120,82,85,41,38,44,0.6833333333333333,0.4823529411764706,123
2023-10-30,1029,142,79,79,43,63,36,0.5563380281690141,0.5443037974683544,122
2023-10-31,1029,127,83,92,38,44,54,0.6535433070866141,0.41304347826086957,121
2023-11-01,1029,119,75,52,41,44,11,0.6302521008403361,0.7884615384615384,116
2023-11-02,1029,114,83,68,39,31,29,0.7280701754385965,0.5735294117647058,122
2023-11-03,1029,143,70,98,34,73,64,0.48951048951048953,0.3469387755102041,104
2023-11-04,1029,128,78,53,42,50,11,0.609375,0.7924528301886793,120
2023-11-05,1029,102,78,83,34,24,49,0.7647058823529411,0.40963855421686746,112
2023-11-06,1029,114,84,51,37,30,14,0.7368421052631579,0.7254901960784313,121
2023-11-07,1029,111,83,75,36,28,39,0.7477477477477478,0.48,119
2023-11-08,1029,135,81,63,45,54,18,0.6,0.7142857142857143,126
2023-11-09,1029,130,83,85,38,47,47,0.6384615384615384,0.4470588235294118,121
2023-11-10,1029,138,82,57,38,56,19,0.5942028985507246,0.6666666666666666,120
2023-11-11,1029,100,75,57,46,25,11,0.75,0.8070175438596491,121
2023-11-12,1029,140,94,71,41,46,30,0.6714285714285714,0.5774647887323944,135
2023-11-13,1029,128,84,77,45,44,32,0.65625,0.5844155844155844,129
2023-11-14,1029,137,62,79,35,75,44,0.45255474452554745,0.4430379746835443,97
2023-11-15,1029,139,66,66,41,73,25,0.4748201438848921,0.6212121212121212,107
2023-11-16,1029,119,80,60,36,39,24,0.6722689075630253,0.6,116
2023-11-17,1029,104,82,54,43,22,11,0.7884615384615384,0.7962962962962963,125
2023-11-18,1029,119,77,56,35,42,21,0.6470588235294118,0.625,112
2023-11-19,1029,103,97,91,50,6,41,0.941747572815534,0.5494505494505495,147
2023-11-20,1029,111,89,72,35,22,37,0.8018018018018018,0.4861111111111111,124
2023-11-21,1029,107,97,86,41,10,45,0.9065420560747663,0.47674418604651164,138
2023-11-22,1029,144,78,89,39,66,50,0.5416666666666666,0.43820224719101125,117
2023-11-23,1029,149,90,66,41,59,25,0.6040268456375839,0.6212121212121212,131
2023-11-24,1029,104,85,81,44,19,37,0.8173076923076923,0.5432098765432098,129
2023-11-25,1029,111,80,96,42,31,54,0.7207207207207207,0.4375,122
2023-11-26,1029,146,68,77,49,78,28,0.4657534246575342,0.6363636363636364,117
2023-11-27,1029,121,82,74,42,39,32,0.6776859504132231,0.5675675675675675,124
2023-11-28,1029,100,83,81,33,17,48,0.83,0.4074074074074074,116
2023-11-29,1029,102,79,66,37,23,29,0.7745098039215687,0.5606060606060606,116
2023-11-30,1029,136,85,63,38,51,25,0.625,0.6031746031746031,123
2023-12-01,1029,114,89,58,35,25,23,0.7807017543859649,0.603448275862069,124
2023-12-02,1029,105,87,61,28,18,33,0.8285714285714286,0.45901639344262296,115
2023-12-03,1029,139,85,51,34,54,17,0.6115107913669064,0.6666666666666666,119
2023-12-04,1029,106,76,88,37,30,51,0.71698113207547165,0.42045454545454547,113
2023-12-05,1029,113,75,97,44,38,53,0.6637168141592921,0.4536082474226804,119
2023-12-06,1029,149,89,67,40,60,27,0.5973154362416108,0.5970149253731343,129
2023-12-07,1029,100,88,62,40,12,22,0.88,0.6451612903225806,128
2023-12-08,1029,109,91,57,44,18,13,0.8348623853211009,0.7719298245614035,135
2023-12-09,1029,110,66,87,39,44,48,0.6,0.4482758620689655,105
2023-12-10,1029,130,76,76,34,54,42,0.5846153846153846,0.4473684210526316,110
2023-12-11,1029,114,85,83,38,29,45,0.7456140350877193,0.4578313253012048,123
2023-12-12,1029,140,71,95,57,69,38,0.5071428571428571,0.6,128
2023-12-13,1029,142,76,92,45,66,47,0.5352112676056338,0.4891304347826087,121
2023-12-14,1029,147,83,63,40,64,23,0.564625850340136,0.6349206349206349,123
2023-12-15,1029,142,94,72,44,48,28,0.6619718309859155,0.6111111111111112,138
2023-12-16,1029,110,74,53,46,36,7,0.6727272727272727,0.8679245283018868,120
2023-12-17,1029,148,75,100,42,73,58,0.5067567567567568,0.42,117
2023-12-18,1029,127,80,73,47,47,26,0.6299212598425197,0.6438356164383562,127
2023-12-19,1029,123,85,92,27,38,65,0.6910569105691057,0.29347826086956524,112
2023-12-20,1029,145,88,53,43,57,10,0.6068965517241379,0.8113207547169812,131
2023-12-21,1029,112,96,63,39,16,24,0.8571428571428571,0.6190476190476191,135
2023-12-22,1029,137,83,59,41,54,18,0.6058394160583942,0.6949152542372882,124
2023-12-23,1029,109,71,100,43,38,57,0.6513761467889908,0.43,114
2023-12-24,1029,122,101,63,39,21,24,0.8278688524590164,0.6190476190476191,140
2023-12-25,1029,146,89,94,36,57,58,0.6095890410958904,0.3829787234042553,125
2023-12-26,1029,115,76,90,35,39,55,0.6608695652173913,0.3888888888888889,111
2023-12-27,1029,143,84,96,50,59,46,0.5874125874125874,0.5208333333333334,134
2023-12-28,1029,117,85,56,30,32,26,0.7264957264957265,0.5357142857142857,115
2023-12-29,1029,120,88,64,34,32,30,0.7333333333333333,0.53125,122
2023-12-30,1029,127,80,99,33,47,66,0.6299212598425197,0.3333333333333333,113
2023-12-31,1029,110,100,60,34,10,26,0.9090909090909091,0.5666666666666667,134
2023-01-01,1030,119,64,63,39,55,24,0.5378151260504201,0.6190476190476191,103
2023-01-02,1030,100,86,97,37,14,60,0.86,0.38144329896907214,123
2023-01-03,1030,150,72,86,36,78,50,0.48,0.4186046511627907,108
2023-01-04,1030,128,86,64,42,42,22,0.671875,0.65625,128
2023-01-05,1030,113,59,65,42,54,23,0.5221238938053098,0.6461538461538462,101
2023-01-06,1030,147,82,62,32,65,30,0.5578231292517006,0.5161290322580645,114
2023-01-07,1030,141,77,81,36,64,45,0.5460992907801419,0.4444444444444444,113
2023-01-08,1030,132,77,96,32,55,64,0.5833333333333334,0.3333333333333333,109
2023-01-09,1030,107,87,57,32,20,25,0.8130841121495327,0.5614035087719298,119
2023-01-10,1030,129,94,100,37,35,63,0.7286821705426356,0.37,131
2023-01-11,1030,126,77,72,41,49,31,0.6111111111111112,0.5694444444444444,118
2023-01-12,1030,108,73,79,41,35,38,0.6759259259259259,0.5189873417721519,114
2023-01-13,1030,115,85,86,44,30,42,0.7391304347826086,0.5116279069767442,129
2023-01-14,1030,109,92,61,36,17,25,0.8440366972477065,0.5901639344262295,128
2023-01-15,1030,123,73,77,38,50,39,0.5934959349593496,0.4935064935064935,111
2023-01-16,1030,134,85,93,43,49,50,0.6343283582089553,0.46236559139784944,128
2023-01-17,1030,139,95,59,36,44,23,0.6834532374100719,0.6101694915254238,131
2023-01-18,1030,126,63,60,38,63,22,0.5,0.6333333333333333,101
2023-01-19,1030,114,71,97,42,43,55,0.6228070175438597,0.4329896907216495,113
2023-01-20,1030,109,71,94,39,38,55,0.6513761467889908,0.4148936170212766,110
2023-01-21,1030,127,95,87,39,32,48,0.7480314960629921,0.4482758620689655,134
2023-01-22,1030,133,71,70,42,62,28,0.5338345864661654,0.6,113
2023-01-23,1030,132,75,89,48,57,41,0.5681818181818182,0.5393258426966292,123
2023-01-24,1030,146,96,54,50,50,4,0.6575342465753424,0.9259259259259259,146
2023-01-25,1030,115,77,85,34,38,51,0.6695652173913044,0.4,111
2023-01-26,1030,147,75,56,43,72,13,0.5102040816326531,0.7678571428571429,118
2023-01-27,1030,138,85,94,36,53,58,0.6159420289855072,0.3829787234042553,121
2023-01-28,1030,137,83,94,46,54,48,0.6058394160583942,0.48936170212765956,129
2023-01-29,1030,138,61,81,36,77,45,0.4420289855072464,0.4444444444444444,97
2023-01-30,1030,128,78,65,36,50,29,0.609375,0.5538461538461539,114
2023-01-31,1030,119,95,54,47,24,7,0.7983193277310925,0.8703703703703703,142
2023-02-01,1030,111,104,65,43,7,22,0.9369369369369369,0.6615384615384615,147
2023-02-02,1030,129,78,64,33,51,31,0.6046511627906976,0.515625,111
2023-02-03,1030,146,79,55,51,67,4,0.541095890410959,0.9272727272727272,130
2023-02-04,1030,110,78,63,58,32,5,0.7090909090909091,0.9206349206349206,136
2023-02-05,1030,109,69,97,37,40,60,0.6330275229357798,0.38144329896907214,106
2023-02-06,1030,129,75,71,39,54,32,0.5813953488372093,0.5492957746478874,114
2023-02-07,1030,119,85,96,52,34,44,0.7142857142857143,0.5416666666666666,137
2023-02-08,1030,106,85,74,51,21,23,0.8018867924528302,0.6891891891891891,136
2023-02-09,1030,104,83,85,56,21,29,0.7980769230769231,0.6588235294117647,139
2023-02-10,1030,139,97,60,47,42,13,0.697841726618705,0.7833333333333333,144
2023-02-11,1030,122,90,87,43,32,44,0.7377049180327869,0.4942528735632184,133
2023-02-12,1030,100,78,59,40,22,19,0.78,0.6779661016949152,118
2023-02-13,1030,119,72,69,38,47,31,0.6050420168067226,0.5507246376811594,110
2023-02-14,1030,135,79,84,33,56,51,0.5851851851851851,0.39285714285714285,112
2023-02-15,1030,128,87,96,37,41,59,0.6796875,0.3854166666666667,124
2023-02-16,1030,125,85,62,40,40,22,0.68,0.6451612903225806,125
2023-02-17,1030,145,70,51,39,75,12,0.4827586206896552,0.7647058823529411,109
2023-02-18,1030,105,84,80,30,21,50,0.8,0.375,114
2023-02-19,1030,140,79,78,40,61,38,0.5642857142857143,0.5128205128205128,119
2023-02-20,1030,119,75,54,42,44,12,0.6302521008403361,0.7777777777777778,117
2023-02-21,1030,125,78,71,39,47,32,0.624,0.5492957746478874,117
2023-02-22,1030,112,81,78,37,31,41,0.7232142857142857,0.47435897435897434,118
2023-02-23,1030,145,95,80,34,50,46,0.6551724137931034,0.425,129
2023-02-24,1030,131,87,89,34,44,55,0.6641221374045801,0.38202247191011235,121
2023-02-25,1030,124,88,98,49,36,49,0.7096774193548387,0.5,137
2023-02-26,1030,110,100,76,46,10,30,0.9090909090909091,0.6052631578947368,146
2023-02-27,1030,122,81,97,38,41,59,0.6639344262295082,0.3917525773195876,119
2023-02-28,1030,121,82,86,44,39,42,0.6776859504132231,0.5116279069767442,126
2023-03-01,1030,133,88,62,37,45,25,0.6616541353383458,0.5967741935483871,125
2023-03-02,1030,128,82,91,39,46,52,0.640625,0.42857142857142855,121
2023-03-03,1030,118,75,75,38,43,37,0.635593220338983,0.5066666666666667,113
2023-03-04,1030,104,80,66,35,24,31,0.7692307692307693,0.5303030303030303,115
2023-03-05,1030,133,80,57,40,53,17,0.6015037593984962,0.7017543859649122,120
2023-03-06,1030,109,77,89,48,32,41,0.7064220183486238,0.5393258426966292,125
2023-03-07,1030,134,68,68,31,66,37,0.5074626865671642,0.45588235294117646,99
2023-03-08,1030,109,80,84,37,29,47,0.7339449541284404,0.44047619047619047,117
2023-03-09,1030,146,100,79,43,46,36,0.684931506849315,0.5443037974683544,143
2023-03-10,1030,141,78,85,35,63,50,0.5531914893617021,0.4117647058823529,113
2023-03-11,1030,109,87,90,44,22,46,0.7981651376146789,0.4888888888888889,131
2023-03-12,1030,128,89,57,54,39,3,0.6953125,0.9473684210526315,143
2023-03-13,1030,108,85,60,33,23,27,0.7870370370370371,0.55,118
2023-03-14,1030,146,93,98,37,53,61,0.636986301369863,0.37755102040816324,130
2023-03-15,1030,150,92,51,49,58,2,0.6133333333333333,0.9607843137254902,141
2023-03-16,1030,133,94,84,36,39,48,0.706766917293233,0.42857142857142855,130
2023-03-17,1030,127,81,86,29,46,57,0.6377952755905512,0.3372093023255814,110
2023-03-18,1030,141,86,78,31,55,47,0.6099290780141844,0.3974358974358974,117
2023-03-19,1030,100,72,99,39,28,60,0.72,0.3939393939393939,111
2023-03-20,1030,128,78,62,38,50,24,0.609375,0.6129032258064516,116
2023-03-21,1030,120,72,85,41,48,44,0.6,0.4823529411764706,113
2023-03-22,1030,138,79,97,34,59,63,0.572463768115942,0.35051546391752575,113
2023-03-23,1030,120,90,65,41,30,24,0.75,0.6307692307692307,131
2023-03-24,1030,118,85,71,32,33,39,0.7203389830508474,0.4507042253521127,117
2023-03-25,1030,145,71,79,36,74,43,0.4896551724137931,0.45569620253164556,107
2023-03-26,1030,148,82,57,45,66,12,0.5540540540540541,0.7894736842105263,127
2023-03-27,1030,137,78,76,37,59,39,0.5693430656934306,0.4868421052631579,115
2023-03-28,1030,129,84,76,37,45,39,0.6511627906976745,0.4868421052631579,121
2023-03-29,1030,143,70,99,40,73,59,0.48951048951048953,0.40404040404040403,110
2023-03-30,1030,104,74,94,28,30,66,0.7115384615384616,0.2978723404255319,102
2023-03-31,1030,122,76,78,35,46,43,0.6229508196721312,0.44871794871794873,111
2023-04-01,1030,124,71,75,47,53,28,0.5725806451612904,0.6266666666666667,118
2023-04-02,1030,120,88,60,38,32,22,0.7333333333333333,0.6333333333333333,126
2023-04-03,1030,113,81,94,50,32,44,0.7168141592920354,0.5319148936170213,131
2023-04-04,1030,134,92,69,44,42,25,0.6865671641791045,0.6376811594202898,136
2023-04-05,1030,116,83,79,43,33,36,0.7155172413793104,0.5443037974683544,126
2023-04-06,1030,149,73,76,42,76,34,0.4899328859060403,0.5526315789473685,115
2023-04-07,1030,135,77,51,43,58,8,0.5703703703703704,0.8431372549019608,120
2023-04-08,1030,123,102,66,48,21,18,0.8292682926829268,0.7272727272727273,150
2023-04-09,1030,122,87,95,31,35,64,0.7131147540983607,0.3263157894736842,118
2023-04-10,1030,117,79,59,35,38,24,0.6752136752136753,0.5932203389830508,114
2023-04-11,1030,137,67,97,44,70,53,0.48905109489051096,0.4536082474226804,111
2023-04-12,1030,118,82,99,32,36,67,0.6949152542372882,0.32323232323232326,114
2023-04-13,1030,132,78,67,46,54,21,0.5909090909090909,0.6865671641791045,124
2023-04-14,1030,126,70,90,34,56,56,0.5555555555555556,0.37777777777777777,104
2023-04-15,1030,122,73,74,37,49,37,0.5983606557377049,0.5,110
2023-04-16,1030,114,86,59,40,28,19,0.7543859649122807,0.6779661016949152,126
2023-04-17,1030,121,81,84,46,40,38,0.6694214876033058,0.5476190476190477,127
2023-04-18,1030,145,85,82,64,60,18,0.5862068965517241,0.7804878048780488,149
2023-04-19,1030,147,90,74,37,57,37,0.6122448979591837,0.5,127
2023-04-20,1030,101,74,86,41,27,45,0.7326732673267327,0.47674418604651164,115
2023-04-21,1030,133,77,73,44,56,29,0.5789473684210527,0.6027397260273972,121
2023-04-22,1030,124,79,98,47,45,51,0.6370967741935484,0.47959183673469385,126
2023-04-23,1030,144,94,66,40,50,26,0.6527777777777778,0.6060606060606061,134
2023-04-24,1030,108,86,68,43,22,25,0.7962962962962963,0.6323529411764706,129
2023-04-25,1030,139,97,62,38,42,24,0.697841726618705,0.6129032258064516,135
2023-04-26,1030,103,78,70,43,25,27,0.7572815533980582,0.6142857142857143,121
2023-04-27,1030,145,87,93,47,58,46,0.6,0.5053763440860215,134
2023-04-28,1030,121,80,84,37,41,47,0.6611570247933884,0.44047619047619047,117
2023-04-29,1030,126,69,96,36,57,60,0.5476190476190477,0.375,105
2023-04-30,1030,118,86,70,44,32,26,0.7288135593220338,0.6285714285714286,130
2023-05-01,1030,149,77,74,47,72,27,0.5167785234899329,0.6351351351351351,124
2023-05-02,1030,138,91,100,39,47,61,0.6594202898550725,0.39,130
2023-05-03,1030,120,75,73,41,45,32,0.625,0.5616438356164384,116
2023-05-04,1030,113,69,51,50,44,1,0.6106194690265486,0.9803921568627451,119
2023-05-05,1030,140,82,88,34,58,54,0.5857142857142857,0.38636363636363635,116
2023-05-06,1030,112,78,65,27,34,38,0.6964285714285714,0.4153846153846154,105
2023-05-07,1030,122,89,92,30,33,62,0.7295081967213115,0.32608695652173914,119
2023-05-08,1030,133,74,53,51,59,2,0.556390977443609,0.9622641509433962,125
2023-05-09,1030,127,76,90,38,51,52,0.5984251968503937,0.4222222222222222,114
2023-05-10,1030,149,76,93,35,73,58,0.5100671140939598,0.3763440860215054,111
2023-05-11,1030,117,74,70,51,43,19,0.6324786324786325,0.7285714285714285,125
2023-05-12,1030,112,73,94,37,39,57,0.6517857142857143,0.39361702127659576,110
2023-05-13,1030,144,73,65,40,71,25,0.5069444444444444,0.6153846153846154,113
2023-05-14,1030,140,94,94,51,46,43,0.6714285714285714,0.5425531914893617,145
2023-05-15,1030,101,83,61,32,18,29,0.8217821782178217,0.5245901639344263,115
2023-05-16,1030,142,89,92,45,53,47,0.6267605633802817,0.4891304347826087,134
2023-05-17,1030,112,79,95,34,33,61,0.7053571428571429,0.35789473684210527,113
2023-05-18,1030,136,85,71,31,51,40,0.625,0.43661971830985913,116
2023-05-19,1030,126,71,86,37,55,49,0.5634920634920635,0.43023255813953487,108
2023-05-20,1030,116,96,90,38,20,52,0.8275862068965517,0.4222222222222222,134
2023-05-21,1030,135,77,98,47,58,51,0.5703703703703704,0.47959183673469385,124
2023-05-22,1030,101,90,75,27,11,48,0.8910891089108911,0.36,117
2023-05-23,1030,127,76,96,46,51,50,0.5984251968503937,0.4791666666666667,122
2023-05-24,1030,132,96,99,40,36,59,0.7272727272727273,0.40404040404040403,136
2023-05-25,1030,108,76,53,30,32,23,0.7037037037037037,0.5660377358490566,106
2023-05-26,1030,119,72,66,35,47,31,0.6050420168067226,0.5303030303030303,107
2023-05-27,1030,126,87,58,40,39,18,0.6904761904761905,0.6896551724137931,127
2023-05-28,1030,130,89,75,35,41,40,0.6846153846153846,0.4666666666666667,124
2023-05-29,1030,100,80,64,43,20,21,0.8,0.671875,123
2023-05-30,1030,137,96,67,36,41,31,0.7007299270072993,0.5373134328358209,132
2023-05-31,1030,123,67,78,40,56,38,0.5447154471544715,0.5128205128205128,107
2023-06-01,1030,136,89,74,35,47,39,0.6544117647058824,0.47297297297297297,124
2023-06-02,1030,109,79,99,44,30,55,0.7247706422018348,0.4444444444444444,123
2023-06-03,1030,101,83,85,36,18,49,0.8217821782178217,0.4235294117647059,119
2023-06-04,1030,103,88,60,35,15,25,0.8543689320388349,0.5833333333333334,123
2023-06-05,1030,117,67,91,37,50,54,0.5726495726495726,0.4065934065934066,104
2023-06-06,1030,120,96,73,43,24,30,0.8,0.589041095890411,139
2023-06-07,1030,126,60,92,40,66,52,0.47619047619047616,0.43478260869565216,100
2023-06-08,1030,146,76,54,42,70,12,0.5205479452054794,0.7777777777777778,118
2023-06-09,1030,104,86,100,43,18,57,0.8269230769230769,0.43,129
2023-06-10,1030,127,80,62,41,47,21,0.6299212598425197,0.6612903225806451,121
2023-06-11,1030,142,88,56,35,54,21,0.6197183098591549,0.625,123
2023-06-12,1030,139,85,59,28,54,31,0.6115107913669064,0.4745762711864407,113
2023-06-13,1030,132,81,66,31,51,35,0.6136363636363636,0.4696969696969697,112
2023-06-14,1030,106,72,94,32,34,62,0.6792452830188679,0.3404255319148936,104
2023-06-15,1030,103,78,69,44,25,25,0.7572815533980582,0.6376811594202898,122
2023-06-16,1030,123,75,62,41,48,21,0.6097560975609756,0.6612903225806451,116
2023-06-17,1030,143,68,50,34,75,16,0.4755244755244755,0.68,102
2023-06-18,1030,142,81,60,46,61,14,0.5704225352112676,0.7666666666666667,127
2023-06-19,1030,111,78,62,40,33,22,0.7027027027027027,0.6451612903225806,118
2023-06-20,1030,141,82,55,40,59,15,0.5815602836879432,0.7272727272727273,122
2023-06-21,1030,129,93,100,30,36,70,0.7209302325581395,0.3,123
2023-06-22,1030,110,78,90,31,32,59,0.7090909090909091,0.34444444444444444,109
2023-06-23,1030,132,84,60,48,48,12,0.6363636363636364,0.8,132
2023-06-24,1030,150,78,60,37,72,23,0.52,0.6166666666666667,115
2023-06-25,1030,138,75,74,56,63,18,0.5434782608695652,0.7567567567567568,131
2023-06-26,1030,130,78,93,39,52,54,0.6,0.41935483870967744,117
2023-06-27,1030,150,71,65,39,79,26,0.47333333333333333,0.6,110
2023-06-28,1030,113,83,91,30,30,61,0.7345132743362832,0.32967032967032966,113
2023-06-29,1030,110,70,59,43,40,16,0.6363636363636364,0.7288135593220338,113
2023-06-30,1030,143,88,56,33,55,23,0.6153846153846154,0.5892857142857143,121
2023-07-01,1030,109,83,69,36,26,33,0.7614678899082569,0.5217391304347826,119
2023-07-02,1030,108,90,81,39,18,42,0.8333333333333334,0.48148148148148145,129
2023-07-03,1030,122,101,90,35,21,55,0.8278688524590164,0.3888888888888889,136
2023-07-04,1030,124,85,94,42,39,52,0.6854838709677419,0.44680851063829785,127
2023-07-05,1030,139,69,79,32,70,47,0.49640287769784175,0.4050632911392405,101
2023-07-06,1030,126,76,71,39,50,32,0.6031746031746031,0.5492957746478874,115
2023-07-07,1030,119,98,64,45,21,19,0.8235294117647058,0.703125,143
2023-07-08,1030,122,84,67,43,38,24,0.6885245901639344,0.6417910447761194,127
2023-07-09,1030,116,80,86,55,36,31,0.6896551724137931,0.6395348837209303,135
2023-07-10,1030,109,90,80,32,19,48,0.8256880733944955,0.4,122
2023-07-11,1030,123,71,70,39,52,31,0.5772357723577236,0.5571428571428572,110
2023-07-12,1030,138,69,95,50,69,45,0.5,0.5263157894736842,119
2023-07-13,1030,101,82,87,39,19,48,0.8118811881188119,0.4482758620689655,121
2023-07-14,1030,135,78,66,31,57,35,0.5777777777777777,0.4696969696969697,109
2023-07-15,1030,131,73,66,33,58,33,0.5572519083969466,0.5,106
2023-07-16,1030,107,76,78,38,31,40,0.7102803738317757,0.48717948717948717,114
2023-07-17,1030,134,81,84,55,53,29,0.6044776119402985,0.6547619047619048,136
2023-07-18,1030,100,77,78,34,23,44,0.77,0.4358974358974359,111
2023-07-19,1030,129,80,81,35,49,46,0.6201550387596899,0.43209876543209874,115
2023-07-20,1030,137,82,52,39,55,13,0.5985401459854015,0.75,121
2023-07-21,1030,141,80,80,46,61,34,0.5673758865248227,0.575,126
2023-07-22,1030,121,94,61,51,27,10,0.7768595041322314,0.8360655737704918,145
2023-07-23,1030,101,75,99,48,26,51,0.7425742574257426,0.48484848484848486,123
2023-07-24,1030,129,84,89,43,45,46,0.6511627906976745,0.48314606741573035,127
2023-07-25,1030,132,66,96,31,66,65,0.5,0.3229166666666667,97
2023-07-26,1030,104,85,56,41,19,15,0.8173076923076923,0.7321428571428571,126
2023-07-27,1030,128,88,95,45,40,50,0.6875,0.47368421052631576,133
2023-07-28,1030,132,76,68,31,56,37,0.5757575757575758,0.45588235294117646,107
2023-07-29,1030,136,72,79,36,64,43,0.5294117647058824,0.45569620253164556,108
2023-07-30,1030,117,58,76,40,59,36,0.49572649572649574,0.5263157894736842,98
2023-07-31,1030,143,81,86,54,62,32,0.5664335664335665,0.627906976744186,135
2023-08-01,1030,110,77,52,45,33,7,0.7,0.8653846153846154,122
2023-08-02,1030,127,73,94,50,54,44,0.5748031496062992,0.5319148936170213,123
2023-08-03,1030,145,85,90,37,60,53,0.5862068965517241,0.4111111111111111,122
2023-08-04,1030,138,81,52,42,57,10,0.5869565217391305,0.8076923076923077,123
2023-08-05,1030,137,67,96,34,70,62,0.48905109489051096,0.3541666666666667,101
2023-08-06,1030,120,79,85,46,41,39,0.6583333333333333,0.5411764705882353,125
2023-08-07,1030,135,97,71,29,38,42,0.7185185185185186,0.4084507042253521,126
2023-08-08,1030,114,82,93,38,32,55,0.7192982456140351,0.40860215053763443,120
2023-08-09,1030,140,68,64,38,72,26,0.4857142857142857,0.59375,106
2023-08-10,1030,139,62,81,46,77,35,0.4460431654676259,0.5679012345679012,108
2023-08-11,1030,100,73,82,40,27,42,0.73,0.4878048780487805,113
2023-08-12,1030,105,79,59,49,26,10,0.7523809523809524,0.8305084745762712,128
2023-08-13,1030,150,67,63,42,83,21,0.44666666666666666,0.6666666666666666,109
2023-08-14,1030,129,74,75,34,55,41,0.5736434108527132,0.4533333333333333,108
2023-08-15,1030,142,90,74,38,52,36,0.6338028169014085,0.5135135135135135,128
2023-08-16,1030,109,79,52,42,30,10,0.7247706422018348,0.8076923076923077,121
2023-08-17,1030,142,79,71,38,63,33,0.5563380281690141,0.5352112676056338,117
2023-08-18,1030,140,82,69,44,58,25,0.5857142857142857,0.6376811594202898,126
2023-08-19,1030,133,83,63,38,50,25,0.6240601503759399,0.6031746031746031,121
2023-08-20,1030,136,68,82,35,68,47,0.5,0.4268292682926829,103
2023-08-21,1030,148,73,84,35,75,49,0.49324324324324326,0.4166666666666667,108
2023-08-22,1030,149,86,65,54,63,11,0.5771812080536913,0.8307692307692308,140
2023-08-23,1030,121,89,74,40,32,34,0.7355371900826446,0.5405405405405406,129
2023-08-24,1030,108,75,61,33,33,28,0.6944444444444444,0.5409836065573771,108
2023-08-25,1030,131,95,64,37,36,27,0.7251908396946565,0.578125,132
2023-08-26,1030,106,76,93,37,30,56,0.71698113207547165,0.3978494623655914,113
2023-08-27,1030,130,58,72,33,72,39,0.4461538461538462,0.4583333333333333,91
2023-08-28,1030,150,75,65,44,75,21,0.5,0.676923076923077,119
2023-08-29,1030,122,68,56,47,54,9,0.5573770491803278,0.8392857142857143,115
2023-08-30,1030,126,83,96,36,43,60,0.6587301587301587,0.375,119
2023-08-31,1030,130,76,92,33,54,59,0.5846153846153846,0.358695652173913,109
2023-09-01,1030,108,74,77,35,34,42,0.6851851851851852,0.45454545454545453,109
2023-09-02,1030,103,79,62,43,24,19,0.7669902912621359,0.6935483870967742,122
2023-09-03,1030,103,71,90,53,32,37,0.6893203883495146,0.5888888888888889,124
2023-09-04,1030,136,71,84,52,65,32,0.5220588235294118,0.6190476190476191,123
2023-09-05,1030,116,91,60,39,25,21,0.7844827586206896,0.65,130
2023-09-06,1030,139,78,81,33,61,48,0.5611510791366906,0.4074074074074074,111
2023-09-07,1030,147,75,70,31,72,39,0.5102040816326531,0.44285714285714284,106
2023-09-08,1030,106,81,73,28,25,45,0.7641509433962265,0.3835616438356164,109
2023-09-09,1030,115,74,64,39,41,25,0.6434782608695652,0.609375,113
2023-09-10,1030,135,86,69,41,49,28,0.6370370370370371,0.5942028985507246,127
2023-09-11,1030,129,101,60,45,28,15,0.7829457364341085,0.75,146
2023-09-12,1030,144,77,53,49,67,4,0.5347222222222222,0.9245283018867925,126
2023-09-13,1030,110,92,75,35,18,40,0.8363636363636363,0.4666666666666667,127
2023-09-14,1030,134,70,73,43,64,30,0.5223880597014925,0.589041095890411,113
2023-09-15,1030,143,81,78,38,62,40,0.5664335664335665,0.48717948717948717,119
2023-09-16,1030,123,94,96,43,29,53,0.7642276422764228,0.4479166666666667,137
2023-09-17,1030,109,74,65,34,35,31,0.6788990825688074,0.5230769230769231,108
2023-09-18,1030,118,103,59,40,15,19,0.8728813559322034,0.6779661016949152,143
2023-09-19,1030,115,77,57,31,38,26,0.6695652173913044,0.543859649122807,108
2023-09-20,1030,147,79,95,39,68,56,0.5374149659863946,0.4105263157894737,118
2023-09-21,1030,114,62,84,28,52,56,0.543859649122807,0.3333333333333333,90
2023-09-22,1030,136,80,92,50,56,42,0.5882352941176471,0.5434782608695652,130
2023-09-23,1030,124,86,55,39,38,16,0.6935483870967742,0.7090909090909091,125
2023-09-24,1030,137,73,66,27,64,39,0.5328467153284672,0.4090909090909091,100
2023-09-25,1030,122,61,50,39,61,11,0.5,0.78,100
2023-09-26,1030,136,84,98,42,52,56,0.6176470588235294,0.42857142857142855,126
2023-09-27,1030,114,82,87,38,32,49,0.7192982456140351,0.4367816091954023,120
2023-09-28,1030,126,83,55,41,43,14,0.6587301587301587,0.7454545454545455,124
2023-09-29,1030,146,70,58,34,76,24,0.4794520547945205,0.5862068965517241,104
2023-09-30,1030,149,96,74,42,53,32,0.6442953020134228,0.5675675675675675,138
2023-10-01,1030,124,78,81,37,46,44,0.6290322580645161,0.4567901234567901,115
2023-10-02,1030,146,82,78,44,64,34,0.5616438356164384,0.5641025641025641,126
2023-10-03,1030,120,85,93,31,35,62,0.7083333333333334,0.3333333333333333,116
2023-10-04,1030,135,101,73,33,34,40,0.7481481481481481,0.4520547945205479,134
2023-10-05,1030,135,55,52,42,80,10,0.4074074074074074,0.8076923076923077,97
2023-10-06,1030,139,76,87,35,63,52,0.5467625899280576,0.40229885057471265,111
2023-10-07,1030,135,83,86,38,52,48,0.6148148148148148,0.4418604651162791,121
2023-10-08,1030,129,86,70,50,43,20,0.6666666666666666,0.7142857142857143,136
2023-10-09,1030,120,69,99,39,51,60,0.575,0.3939393939393939,108
2023-10-10,1030,128,89,62,45,39,17,0.6953125,0.7258064516129032,134
2023-10-11,1030,107,89,63,54,18,9,0.8317757009345794,0.8571428571428571,143
2023-10-12,1030,134,76,97,39,58,58,0.5671641791044776,0.4020618556701031,115
2023-10-13,1030,135,76,83,39,59,44,0.562962962962963,0.46987951807228917,115
2023-10-14,1030,145,90,54,39,55,15,0.6206896551724138,0.7222222222222222,129
2023-10-15,1030,118,79,68,44,39,24,0.6694915254237288,0.6470588235294118,123
2023-10-16,1030,111,86,84,26,25,58,0.7747747747747747,0.30952380952380953,112
2023-10-17,1030,117,94,51,43,23,8,0.8034188034188035,0.8431372549019608,137
2023-10-18,1030,137,72,57,33,65,24,0.5255474452554745,0.5789473684210527,105
2023-10-19,1030,135,84,67,45,51,22,0.6222222222222222,0.6716417910447762,129
2023-10-20,1030,125,77,100,37,48,63,0.616,0.37,114
2023-10-21,1030,104,68,59,37,36,22,0.6538461538461539,0.6271186440677966,105
2023-10-22,1030,109,70,76,50,39,26,0.6422018348623854,0.6578947368421053,120
2023-10-23,1030,130,71,69,45,59,24,0.5461538461538461,0.6521739130434783,116
2023-10-24,1030,119,86,88,50,33,38,0.7226890756302521,0.5681818181818182,136
2023-10-25,1030,122,90,100,39,32,61,0.7377049180327869,0.39,129
2023-10-26,1030,137,81,69,38,56,31,0.5912408759124088,0.5507246376811594,119
2023-10-27,1030,147,78,56,56,69,0,0.5306122448979592,1,134
2023-10-28,1030,148,86,66,48,62,18,0.581081081081081,0.7272727272727273,134
2023-10-29,1030,103,89,59,41,14,18,0.8640776699029126,0.6949152542372882,130
2023-10-30,1030,126,76,92,39,50,53,0.6031746031746031,0.42391304347826086,115
2023-10-31,1030,118,72,70,47,46,23,0.6101694915254238,0.6714285714285714,119
2023-11-01,1030,140,74,58,44,66,14,0.5285714285714286,0.7586206896551724,118
2023-11-02,1030,105,83,94,41,22,53,0.7904761904761904,0.43617021276595747,124
2023-11-03,1030,135,82,72,44,53,28,0.6074074074074074,0.6111111111111112,126
2023-11-04,1030,105,73,82,44,32,38,0.6952380952380952,0.5365853658536586,117
2023-11-05,1030,150,81,53,47,69,6,0.54,0.8867924528301887,128
2023-11-06,1030,109,73,69,42,36,27,0.6697247706422018,0.6086956521739131,115
2023-11-07,1030,137,93,92,40,44,52,0.6788321167883211,0.43478260869565216,133
2023-11-08,1030,142,75,67,43,67,24,0.528169014084507,0.6417910447761194,118
2023-11-09,1030,100,73,55,33,27,22,0.73,0.6,106
2023-11-10,1030,104,82,61,38,22,23,0.7884615384615384,0.6229508196721312,120
2023-11-11,1030,143,89,83,43,54,40,0.6223776223776224,0.5180722891566265,132
2023-11-12,1030,127,81,84,42,46,42,0.6377952755905512,0.5,123
2023-11-13,1030,127,77,51,40,50,11,0.6062992125984252,0.7843137254901961,117
2023-11-14,1030,134,88,78,51,46,27,0.6567164179104478,0.6538461538461539,139
2023-11-15,1030,138,66,64,45,72,19,0.4782608695652174,0.703125,111
2023-11-16,1030,113,83,95,45,30,50,0.7345132743362832,0.47368421052631576,128
2023-11-17,1030,120,87,67,40,33,27,0.725,0.5970149253731343,127
2023-11-18,1030,114,77,95,42,37,53,0.6754385964912281,0.4421052631578947,119
2023-11-19,1030,128,69,93,29,59,64,0.5390625,0.3118279569892473,98
2023-11-20,1030,112,92,98,37,20,61,0.8214285714285714,0.37755102040816324,129
2023-11-21,1030,129,87,54,46,42,8,0.6744186046511628,0.8518518518518519,133
2023-11-22,1030,148,69,96,37,79,59,0.46621621621621623,0.3854166666666667,106
2023-11-23,1030,113,93,80,38,20,42,0.8230088495575221,0.475,131
2023-11-24,1030,121,74,73,43,47,30,0.6115702479338843,0.589041095890411,117
2023-11-25,1030,116,79,56,40,37,16,0.6810344827586207,0.7142857142857143,119
2023-11-26,1030,127,66,94,46,61,48,0.5196850393700787,0.48936170212765956,112
2023-11-27,1030,150,77,67,38,73,29,0.5133333333333333,0.5671641791044776,115
2023-11-28,1030,140,76,61,36,64,25,0.5428571428571428,0.5901639344262295,112
2023-11-29,1030,145,75,89,50,70,39,0.5172413793103449,0.5617977528089888,125
2023-11-30,1030,103,70,68,41,33,27,0.6796116504854369,0.6029411764705882,111
2023-12-01,1030,101,96,86,41,5,45,0.9504950495049505,0.47674418604651164,137
2023-12-02,1030,134,81,71,33,53,38,0.6044776119402985,0.4647887323943662,114
2023-12-03,1030,143,86,54,35,57,19,0.6013986013986014,0.6481481481481481,121
2023-12-04,1030,119,69,91,46,50,45,0.5798319327731093,0.5054945054945055,115
2023-12-05,1030,103,79,71,37,24,34,0.7669902912621359,0.5211267605633803,116
2023-12-06,1030,119,82,51,44,37,7,0.6890756302521008,0.8627450980392157,126
2023-12-07,1030,126,76,69,41,50,28,0.6031746031746031,0.5942028985507246,117
2023-12-08,1030,112,80,62,39,32,23,0.7142857142857143,0.6290322580645161,119
2023-12-09,1030,108,78,65,43,30,22,0.7222222222222222,0.6615384615384615,121
2023-12-10,1030,137,66,80,35,71,45,0.48175182481751827,0.4375,101
2023-12-11,1030,109,69,74,46,40,28,0.6330275229357798,0.6216216216216216,115
2023-12-12,1030,127,77,96,28,50,68,0.6062992125984252,0.2916666666666667,105
2023-12-13,1030,111,79,57,41,32,16,0.7117117117117117,0.7192982456140351,120
2023-12-14,1030,107,92,88,37,15,51,0.8598130841121495,0.42045454545454547,129
2023-12-15,1030,104,76,69,36,28,33,0.7307692307692307,0.5217391304347826,112
2023-12-16,1030,109,89,55,55,20,0,0.8165137614678899,1,144
2023-12-17,1030,124,66,94,42,58,52,0.532258064516129,0.44680851063829785,108
2023-12-18,1030,114,95,84,36,19,48,0.8333333333333334,0.42857142857142855,131
2023-12-19,1030,119,85,76,38,34,38,0.7142857142857143,0.5,123
2023-12-20,1030,126,84,86,35,42,51,0.6666666666666666,0.4069767441860465,119
2023-12-21,1030,101,65,59,26,36,33,0.6435643564356436,0.4406779661016949,91
2023-12-22,1030,104,76,51,34,28,17,0.7307692307692307,0.6666666666666666,110
2023-12-23,1030,103,83,87,31,20,56,0.8058252427184466,0.3563218390804598,114
2023-12-24,1030,111,80,68,42,31,26,0.7207207207207207,0.6176470588235294,122
2023-12-25,1030,130,73,84,47,57,37,0.5615384615384615,0.5595238095238095,120
2023-12-26,1030,145,78,67,34,67,33,0.5379310344827586,0.5074626865671642,112
2023-12-27,1030,139,69,100,39,70,61,0.49640287769784175,0.39,108
2023-12-28,1030,137,70,85,42,67,43,0.5109489051094891,0.49411764705882355,112
2023-12-29,1030,106,100,50,33,6,17,0.9433962264150944,0.66,133
2023-12-30,1030,117,77,62,46,40,16,0.6581196581196581,0.7419354838709677,123
2023-12-31,1030,126,83,62,53,43,9,0.6587301587301587,0.8548387096774194,136
2023-01-01,1031,139,80,71,52,59,19,0.5755395683453237,0.7323943661971831,132
2023-01-02,1031,148,76,76,48,72,28,0.5135135135135135,0.631578947368421,124
2023-01-03,1031,111,81,52,45,30,7,0.7297297297297297,0.8653846153846154,126
2023-01-04,1031,103,101,85,39,2,46,0.9805825242718447,0.4588235294117647,140
2023-01-05,1031,106,79,55,50,27,5,0.7452830188679245,0.9090909090909091,129
2023-01-06,1031,108,72,79,31,36,48,0.6666666666666666,0.3924050632911392,103
2023-01-07,1031,121,84,54,33,37,21,0.6942148760330579,0.6111111111111112,117
2023-01-08,1031,134,95,94,25,39,69,0.7089552238805971,0.26595744680851063,120
2023-01-09,1031,135,86,91,46,49,45,0.6370370370370371,0.5054945054945055,132
2023-01-10,1031,129,70,93,43,59,50,0.5426356589147286,0.46236559139784944,113
2023-01-11,1031,117,74,59,39,43,20,0.6324786324786325,0.6610169491525424,113
2023-01-12,1031,135,70,67,52,65,15,0.5185185185185185,0.7761194029850746,122
2023-01-13,1031,123,88,100,31,35,69,0.7154471544715447,0.31,119
2023-01-14,1031,149,93,69,48,56,21,0.6241610738255033,0.6956521739130435,141
2023-01-15,1031,148,67,90,40,81,50,0.4527027027027027,0.4444444444444444,107
2023-01-16,1031,150,76,91,45,74,46,0.5066666666666667,0.4945054945054945,121
2023-01-17,1031,126,74,55,46,52,9,0.5873015873015873,0.8363636363636363,120
2023-01-18,1031,112,71,83,43,41,40,0.6339285714285714,0.5180722891566265,114
2023-01-19,1031,124,87,66,47,37,19,0.7016129032258065,0.7121212121212122,134
2023-01-20,1031,126,68,71,24,58,47,0.5396825396825397,0.3380281690140845,92
2023-01-21,1031,134,90,65,29,44,36,0.6716417910447762,0.4461538461538462,119
2023-01-22,1031,145,87,84,32,58,52,0.6,0.38095238095238093,119
2023-01-23,1031,139,91,92,34,48,58,0.6546762589928058,0.3695652173913043,125
2023-01-24,1031,118,103,84,39,15,45,0.8728813559322034,0.4642857142857143,142
2023-01-25,1031,105,78,66,47,27,19,0.7428571428571429,0.7121212121212122,125
2023-01-26,1031,108,67,68,40,41,28,0.6203703703703703,0.5882352941176471,107
2023-01-27,1031,147,73,58,45,74,13,0.4965986394557823,0.7758620689655172,118
2023-01-28,1031,144,84,84,39,60,45,0.5833333333333334,0.4642857142857143,123
2023-01-29,1031,135,83,82,32,52,50,0.6148148148148148,0.3902439024390244,115
2023-01-30,1031,141,85,85,37,56,48,0.6028368794326241,0.43529411764705883,122
2023-01-31,1031,147,84,99,39,63,60,0.5714285714285714,0.3939393939393939,123
2023-02-01,1031,136,72,71,45,64,26,0.5294117647058824,0.6338028169014085,117
2023-02-02,1031,101,91,61,38,10,23,0.900990099009901,0.6229508196721312,129
2023-02-03,1031,145,68,98,36,77,62,0.4689655172413793,0.3673469387755102,104
2023-02-04,1031,101,91,63,34,10,29,0.900990099009901,0.5396825396825397,125
2023-02-05,1031,114,74,71,35,40,36,0.6491228070175439,0.49295774647887325,109
2023-02-06,1031,128,93,57,42,35,15,0.7265625,0.7368421052631579,135
2023-02-07,1031,128,68,55,36,60,19,0.53125,0.6545454545454545,104
2023-02-08,1031,106,89,94,56,17,38,0.839622641509434,0.5957446808510638,145
2023-02-09,1031,116,70,73,40,46,33,0.603448275862069,0.547945205479452,110
2023-02-10,1031,107,77,99,24,30,75,0.719626168224299,0.24242424242424243,101
2023-02-11,1031,149,70,51,35,79,16,0.4697986577181208,0.6862745098039216,105
2023-02-12,1031,113,80,87,50,33,37,0.7079646017699115,0.5747126436781609,130
2023-02-13,1031,132,72,78,50,60,28,0.5454545454545454,0.6410256410256411,122
2023-02-14,1031,118,69,96,39,49,57,0.5847457627118644,0.40625,108
2023-02-15,1031,131,67,54,54,64,0,0.5114503816793893,1,121
2023-02-16,1031,117,75,91,38,42,53,0.6410256410256411,0.4175824175824176,113
2023-02-17,1031,112,97,75,38,15,37,0.8660714285714286,0.5066666666666667,135
2023-02-18,1031,125,87,87,32,38,55,0.696,0.367816091954023,119
2023-02-19,1031,142,68,68,45,74,23,0.4788732394366197,0.6617647058823529,113
2023-02-20,1031,125,99,100,39,26,61,0.792,0.39,138
2023-02-21,1031,116,79,75,42,37,33,0.6810344827586207,0.56,121
2023-02-22,1031,125,78,85,40,47,45,0.624,0.47058823529411764,118
2023-02-23,1031,111,105,65,38,6,27,0.9459459459459459,0.5846153846153846,143
2023-02-24,1031,147,99,60,35,48,25,0.673469387755102,0.5833333333333334,134
2023-02-25,1031,133,68,87,38,65,49,0.5112781954887218,0.4367816091954023,106
2023-02-26,1031,134,85,71,39,49,32,0.6343283582089553,0.5492957746478874,124
2023-02-27,1031,137,82,67,30,55,37,0.5985401459854015,0.44776119402985076,112
2023-02-28,1031,133,70,92,34,63,58,0.5263157894736842,0.3695652173913043,104
2023-03-01,1031,107,72,55,37,35,18,0.6728971962616822,0.6727272727272727,109
2023-03-02,1031,135,81,55,49,54,6,0.6,0.8909090909090909,130
2023-03-03,1031,107,84,73,50,23,23,0.7850467289719626,0.684931506849315,134
2023-03-04,1031,100,83,90,39,17,51,0.83,0.43333333333333335,122
2023-03-05,1031,121,65,94,52,56,42,0.5371900826446281,0.5531914893617021,117
2023-03-06,1031,122,83,89,45,39,44,0.680327868852459,0.5056179775280899,128
2023-03-07,1031,144,82,66,35,62,31,0.5694444444444444,0.5303030303030303,117
2023-03-08,1031,129,71,100,41,58,59,0.5503875968992248,0.41,112
2023-03-09,1031,138,79,82,31,59,51,0.572463768115942,0.3780487804878049,110
2023-03-10,1031,126,73,72,39,53,33,0.5793650793650794,0.5416666666666666,112
2023-03-11,1031,109,78,83,34,31,49,0.7155963302752294,0.40963855421686746,112
2023-03-12,1031,116,67,53,33,49,20,0.5775862068965517,0.6226415094339622,100
2023-03-13,1031,142,104,74,38,38,36,0.7323943661971831,0.5135135135135135,142
2023-03-14,1031,118,84,51,42,34,9,0.711864406779661,0.8235294117647058,126
2023-03-15,1031,101,77,88,38,24,50,0.7623762376237624,0.4318181818181818,115
2023-03-16,1031,126,78,63,39,48,24,0.6190476190476191,0.6190476190476191,117
2023-03-17,1031,100,84,62,30,16,32,0.84,0.4838709677419355,114
2023-03-18,1031,111,70,58,33,41,25,0.6306306306306306,0.5689655172413793,103
2023-03-19,1031,133,83,94,43,50,51,0.6240601503759399,0.4574468085106383,126
2023-03-20,1031,120,84,78,41,36,37,0.7,0.5256410256410257,125
2023-03-21,1031,124,87,83,34,37,49,0.7016129032258065,0.40963855421686746,121
2023-03-22,1031,104,78,94,37,26,57,0.75,0.39361702127659576,115
2023-03-23,1031,113,82,71,58,31,13,0.7256637168141593,0.8169014084507042,140
2023-03-24,1031,126,89,55,43,37,12,0.7063492063492064,0.7818181818181819,132
2023-03-25,1031,137,83,85,36,54,49,0.6058394160583942,0.4235294117647059,119
2023-03-26,1031,129,94,98,51,35,47,0.7286821705426356,0.5204081632653061,145
2023-03-27,1031,146,87,67,47,59,20,0.5958904109589042,0.7014925373134329,134
2023-03-28,1031,133,80,62,49,53,13,0.6015037593984962,0.7903225806451613,129
2023-03-29,1031,120,77,89,43,43,46,0.6416666666666667,0.48314606741573035,120
2023-03-30,1031,127,77,55,37,50,18,0.6062992125984252,0.6727272727272727,114
2023-03-31,1031,134,87,80,53,47,27,0.6492537313432836,0.6625,140
2023-04-01,1031,101,82,52,42,19,10,0.8118811881188119,0.8076923076923077,124
2023-04-02,1031,144,82,96,34,62,62,0.5694444444444444,0.3541666666666667,116
2023-04-03,1031,145,82,55,23,63,32,0.5655172413793104,0.41818181818181815,105
2023-04-04,1031,124,72,77,38,52,39,0.5806451612903226,0.4935064935064935,110
2023-04-05,1031,142,94,64,34,48,30,0.6619718309859155,0.53125,128
2023-04-06,1031,119,84,90,35,35,55,0.7058823529411765,0.3888888888888889,119
2023-04-07,1031,128,85,95,43,43,52,0.6640625,0.45263157894736844,128
2023-04-08,1031,135,78,69,50,57,19,0.5777777777777777,0.7246376811594203,128
2023-04-09,1031,136,94,94,38,42,56,0.6911764705882353,0.40425531914893614,132
2023-04-10,1031,129,88,84,42,41,42,0.6821705426356589,0.5,130
2023-04-11,1031,113,79,92,42,34,50,0.6991150442477876,0.45652173913043476,121
2023-04-12,1031,147,71,88,45,76,43,0.48299319727891155,0.5113636363636364,116
2023-04-13,1031,123,72,53,39,51,14,0.5853658536585366,0.7358490566037735,111
2023-04-14,1031,117,96,70,48,21,22,0.8205128205128205,0.6857142857142857,144
2023-04-15,1031,113,82,77,52,31,25,0.7256637168141593,0.6753246753246753,134
2023-04-16,1031,122,90,99,36,32,63,0.7377049180327869,0.36363636363636365,126
2023-04-17,1031,144,79,79,52,65,27,0.5486111111111112,0.6582278481012658,131
2023-04-18,1031,123,87,66,44,36,22,0.7073170731707317,0.6666666666666666,131
2023-04-19,1031,128,80,52,49,48,3,0.625,0.9423076923076923,129
2023-04-20,1031,146,79,78,28,67,50,0.541095890410959,0.358974358974359,107
2023-04-21,1031,137,84,91,41,53,50,0.6131386861313869,0.45054945054945056,125
2023-04-22,1031,140,85,99,36,55,63,0.6071428571428571,0.36363636363636365,121
2023-04-23,1031,150,73,80,36,77,44,0.4866666666666667,0.45,109
2023-04-24,1031,104,90,87,36,14,51,0.8653846153846154,0.41379310344827586,126
2023-04-25,1031,133,72,87,33,61,54,0.5413533834586466,0.3793103448275862,105
2023-04-26,1031,122,75,90,30,47,60,0.6147540983606558,0.3333333333333333,105
2023-04-27,1031,102,79,56,28,23,28,0.7745098039215687,0.5,107
2023-04-28,1031,116,110,96,36,6,60,0.9482758620689655,0.375,146
2023-04-29,1031,105,97,86,34,8,52,0.9238095238095239,0.3953488372093023,131
2023-04-30,1031,114,77,65,45,37,20,0.6754385964912281,0.6923076923076923,122
2023-05-01,1031,145,72,67,42,73,25,0.496551724137931,0.6268656716417911,114
2023-05-02,1031,137,75,86,39,62,47,0.5474452554744526,0.45348837209302323,114
2023-05-03,1031,139,82,71,31,57,40,0.5899280575539568,0.43661971830985913,113
2023-05-04,1031,137,71,76,49,66,27,0.5182481751824818,0.6447368421052632,120
2023-05-05,1031,129,90,79,37,39,42,0.6976744186046512,0.46835443037974683,127
2023-05-06,1031,104,101,64,43,3,21,0.9711538461538461,0.671875,144
2023-05-07,1031,121,75,96,34,46,62,0.6198347107438017,0.3541666666666667,109
2023-05-08,1031,123,68,84,33,55,51,0.5528455284552846,0.39285714285714285,101
2023-05-09,1031,120,93,62,27,27,35,0.775,0.43548387096774194,120
2023-05-10,1031,135,85,75,40,50,35,0.6296296296296297,0.5333333333333333,125
2023-05-11,1031,121,69,95,33,52,62,0.5702479338842975,0.3473684210526316,102
2023-05-12,1031,142,74,50,35,68,15,0.5211267605633803,0.7,109
2023-05-13,1031,146,71,75,50,75,25,0.4863013698630137,0.6666666666666666,121
2023-05-14,1031,143,86,67,41,57,26,0.6013986013986014,0.6119402985074627,127
2023-05-15,1031,136,77,86,54,59,32,0.5661764705882353,0.627906976744186,131
2023-05-16,1031,124,96,74,37,28,37,0.7741935483870968,0.5,133
2023-05-17,1031,102,86,51,39,16,12,0.8431372549019608,0.7647058823529411,125
2023-05-18,1031,144,87,90,29,57,61,0.6041666666666666,0.32222222222222224,116
2023-05-19,1031,142,79,96,35,63,61,0.5563380281690141,0.3645833333333333,114
2023-05-20,1031,134,83,55,28,51,27,0.6194029850746269,0.509090909090909,111
2023-05-21,1031,150,85,71,35,65,36,0.5666666666666667,0.49295774647887325,120
2023-05-22,1031,117,85,87,41,32,46,0.7264957264957265,0.47126436781609193,126
2023-05-23,1031,124,69,98,33,55,65,0.5564516129032258,0.336734693877551,102
2023-05-24,1031,101,78,82,37,23,45,0.7722772277227723,0.45121951219512196,115
2023-05-25,1031,132,75,81,39,57,42,0.5681818181818182,0.48148148148148145,114
2023-05-26,1031,147,71,95,43,76,52,0.48299319727891155,0.45263157894736844,114
2023-05-27,1031,145,90,56,55,55,1,0.6206896551724138,0.9821428571428571,145
2023-05-28,1031,147,85,91,43,62,48,0.5782312925170068,0.4725274725274725,128
2023-05-29,1031,137,77,53,47,60,6,0.5620437956204379,0.8867924528301887,124
2023-05-30,1031,138,71,80,45,67,35,0.5144927536231884,0.5625,116
2023-05-31,1031,121,90,58,51,31,7,0.743801652892562,0.8793103448275862,141
2023-06-01,1031,141,74,83,41,67,42,0.524822695035461,0.4939759036144578,115
2023-06-02,1031,112,92,54,28,20,26,0.8214285714285714,0.5185185185185185,120
2023-06-03,1031,132,93,86,46,39,40,0.7045454545454546,0.5348837209302325,139
2023-06-04,1031,111,74,92,32,37,60,0.6666666666666666,0.34782608695652173,106
2023-06-05,1031,113,60,55,39,53,16,0.5309734513274337,0.7090909090909091,99
2023-06-06,1031,120,68,61,32,52,29,0.5666666666666667,0.5245901639344263,100
2023-06-07,1031,110,88,83,34,22,49,0.8,0.40963855421686746,122
2023-06-08,1031,124,86,57,40,38,17,0.6935483870967742,0.7017543859649122,126
2023-06-09,1031,134,70,52,39,64,13,0.5223880597014925,0.75,109
2023-06-10,1031,125,76,51,43,49,8,0.608,0.8431372549019608,119
2023-06-11,1031,142,65,68,47,77,21,0.45774647887323944,0.6911764705882353,112
2023-06-12,1031,104,73,88,41,31,47,0.7019230769230769,0.4659090909090909,114
2023-06-13,1031,110,80,56,35,30,21,0.7272727272727273,0.625,115
2023-06-14,1031,129,82,57,40,47,17,0.6356589147286822,0.7017543859649122,122
2023-06-15,1031,117,72,63,38,45,25,0.6153846153846154,0.6031746031746031,110
2023-06-16,1031,121,94,93,35,27,58,0.7768595041322314,0.3763440860215054,129
2023-06-17,1031,105,85,96,33,20,63,0.8095238095238095,0.34375,118
2023-06-18,1031,148,85,82,46,63,36,0.5743243243243243,0.5609756097560976,131
2023-06-19,1031,114,72,76,38,42,38,0.631578947368421,0.5,110
2023-06-20,1031,146,85,87,39,61,48,0.5821917808219178,0.4482758620689655,124
2023-06-21,1031,143,77,66,41,66,25,0.5384615384615384,0.6212121212121212,118
2023-06-22,1031,110,80,62,40,30,22,0.7272727272727273,0.6451612903225806,120
2023-06-23,1031,102,78,82,39,24,43,0.7647058823529411,0.47560975609756095,117
2023-06-24,1031,144,84,80,48,60,32,0.5833333333333334,0.6,132
2023-06-25,1031,136,106,89,38,30,51,0.7794117647058824,0.42696629213483145,144
2023-06-26,1031,101,95,92,41,6,51,0.9405940594059405,0.44565217391304346,136
2023-06-27,1031,100,74,78,43,26,35,0.74,0.5512820512820513,117
2023-06-28,1031,118,85,80,38,33,42,0.7203389830508474,0.475,123
2023-06-29,1031,112,77,53,46,35,7,0.6875,0.8679245283018868,123
2023-06-30,1031,149,71,62,39,78,23,0.47651006711409394,0.6290322580645161,110
2023-07-01,1031,128,78,95,41,50,54,0.609375,0.43157894736842106,119
2023-07-02,1031,146,76,51,30,70,21,0.5205479452054794,0.5882352941176471,106
2023-07-03,1031,128,69,67,26,59,41,0.5390625,0.3880597014925373,95
2023-07-04,1031,134,87,62,38,47,24,0.6492537313432836,0.6129032258064516,125
2023-07-05,1031,114,81,55,42,33,13,0.7105263157894737,0.7636363636363637,123
2023-07-06,1031,108,83,93,41,25,52,0.7685185185185185,0.44086021505376344,124
2023-07-07,1031,143,72,51,50,71,1,0.5034965034965035,0.9803921568627451,122
2023-07-08,1031,116,91,99,37,25,62,0.7844827586206896,0.37373737373737376,128
2023-07-09,1031,114,89,55,54,25,1,0.7807017543859649,0.9818181818181818,143
2023-07-10,1031,108,69,61,35,39,26,0.6388888888888888,0.5737704918032787,104
2023-07-11,1031,145,80,87,40,65,47,0.5517241379310345,0.45977011494252873,120
2023-07-12,1031,106,83,64,62,23,2,0.78301886792452835,0.96875,145
2023-07-13,1031,146,73,68,46,73,22,0.5,0.6764705882352942,119
2023-07-14,1031,147,69,72,37,78,35,0.46938775510204084,0.5138888888888888,106
2023-07-15,1031,104,82,68,36,22,32,0.7884615384615384,0.5294117647058824,118
2023-07-16,1031,148,85,89,37,63,52,0.5743243243243243,0.4157303370786517,122
2023-07-17,1031,137,69,66,34,68,32,0.5036496350364964,0.5151515151515151,103
2023-07-18,1031,150,82,90,36,68,54,0.5466666666666666,0.4,118
2023-07-19,1031,120,84,50,34,36,16,0.7,0.68,118
2023-07-20,1031,110,79,95,42,31,53,0.7181818181818181,0.4421052631578947,121
2023-07-21,1031,129,84,87,53,45,34,0.6511627906976745,0.6091954022988506,137
2023-07-22,1031,146,71,98,31,75,67,0.4863013698630137,0.3163265306122449,102
2023-07-23,1031,146,74,89,49,72,40,0.5068493150684932,0.550561797752809,123
2023-07-24,1031,118,86,92,50,32,42,0.7288135593220338,0.5434782608695652,136
2023-07-25,1031,105,73,95,28,32,67,0.6952380952380952,0.29473684210526313,101
2023-07-26,1031,133,79,87,46,54,41,0.5939849624060151,0.5287356321839081,125
2023-07-27,1031,111,92,69,51,19,18,0.8288288288288288,0.7391304347826086,143
2023-07-28,1031,147,88,65,45,59,20,0.5986394557823129,0.6923076923076923,133
2023-07-29,1031,129,87,69,29,42,40,0.6744186046511628,0.42028985507246375,116
2023-07-30,1031,136,56,54,39,80,15,0.4117647058823529,0.7222222222222222,95
2023-07-31,1031,101,85,81,35,16,46,0.8415841584158416,0.43209876543209874,120
2023-08-01,1031,109,75,90,47,34,43,0.6880733944954128,0.5222222222222223,122
2023-08-02,1031,127,77,68,48,50,20,0.6062992125984252,0.7058823529411765,125
2023-08-03,1031,116,76,64,34,40,30,0.6551724137931034,0.53125,110
2023-08-04,1031,121,74,72,38,47,34,0.6115702479338843,0.5277777777777778,112
2023-08-05,1031,136,73,68,48,63,20,0.5367647058823529,0.7058823529411765,121
2023-08-06,1031,126,81,87,41,45,46,0.6428571428571429,0.47126436781609193,122
2023-08-07,1031,136,57,97,41,79,56,0.41911764705882354,0.422680412371134,98
2023-08-08,1031,101,75,92,54,26,38,0.7425742574257426,0.5869565217391305,129
2023-08-09,1031,144,55,99,43,89,56,0.3819444444444444,0.43434343434343436,98
2023-08-10,1031,126,72,76,52,54,24,0.5714285714285714,0.6842105263157895,124
2023-08-11,1031,124,76,70,35,48,35,0.6129032258064516,0.5,111
2023-08-12,1031,140,73,90,44,67,46,0.5214285714285715,0.4888888888888889,117
2023-08-13,1031,146,72,57,49,74,8,0.4931506849315068,0.8596491228070176,121
2023-08-14,1031,109,67,91,28,42,63,0.6146788990825688,0.3076923076923077,95
2023-08-15,1031,147,94,61,43,53,18,0.6394557823129252,0.7049180327868853,137
2023-08-16,1031,137,97,100,34,40,66,0.708029197080292,0.34,131
2023-08-17,1031,143,83,80,40,60,40,0.5804195804195804,0.5,123
2023-08-18,1031,118,83,96,35,35,61,0.7033898305084746,0.3645833333333333,118
2023-08-19,1031,117,63,84,28,54,56,0.5384615384615384,0.3333333333333333,91
2023-08-20,1031,124,79,59,41,45,18,0.6370967741935484,0.6949152542372882,120
2023-08-21,1031,102,86,89,27,16,62,0.8431372549019608,0.30337078651685395,113
2023-08-22,1031,108,77,73,36,31,37,0.7129629629629629,0.4931506849315068,113
2023-08-23,1031,109,83,94,36,26,58,0.7614678899082569,0.3829787234042553,119
2023-08-24,1031,115,86,58,33,29,25,0.7478260869565218,0.5689655172413793,119
2023-08-25,1031,111,62,54,40,49,14,0.5585585585585585,0.7407407407407407,102
2023-08-26,1031,105,67,68,44,38,24,0.638095238095238,0.6470588235294118,111
2023-08-27,1031,127,78,99,49,49,50,0.6141732283464567,0.494949494949495,127
2023-08-28,1031,142,73,53,44,69,9,0.5140845070422535,0.8301886792452831,117
2023-08-29,1031,121,77,91,36,44,55,0.6363636363636364,0.3956043956043956,113
2023-08-30,1031,150,84,77,36,66,41,0.56,0.4675324675324675,120
2023-08-31,1031,135,77,98,37,58,61,0.5703703703703704,0.37755102040816324,114
2023-09-01,1031,100,100,64,45,0,19,1,0.703125,145
2023-09-02,1031,148,74,62,33,74,29,0.5,0.532258064516129,107
2023-09-03,1031,121,83,50,36,38,14,0.6859504132231405,0.72,119
2023-09-04,1031,128,78,62,37,50,25,0.609375,0.5967741935483871,115
2023-09-05,1031,103,82,86,43,21,43,0.7961165048543689,0.5,125
2023-09-06,1031,115,90,60,37,25,23,0.782608695652174,0.6166666666666667,127
2023-09-07,1031,100,87,67,46,13,21,0.87,0.6865671641791045,133
2023-09-08,1031,125,72,80,43,53,37,0.576,0.5375,115
2023-09-09,1031,134,71,85,36,63,49,0.5298507462686567,0.4235294117647059,107
2023-09-10,1031,121,92,58,34,29,24,0.7603305785123967,0.5862068965517241,126
2023-09-11,1031,124,84,94,47,40,47,0.6774193548387096,0.5,131
2023-09-12,1031,124,79,93,36,45,57,0.6370967741935484,0.3870967741935484,115
2023-09-13,1031,131,75,55,28,56,27,0.5725190839694656,0.509090909090909,103
2023-09-14,1031,121,75,93,54,46,39,0.6198347107438017,0.5806451612903226,129
2023-09-15,1031,128,87,74,30,41,44,0.6796875,0.40540540540540543,117
2023-09-16,1031,138,66,54,33,72,21,0.4782608695652174,0.6111111111111112,99
2023-09-17,1031,145,85,88,28,60,60,0.5862068965517241,0.3181818181818182,113
2023-09-18,1031,135,84,63,40,51,23,0.6222222222222222,0.6349206349206349,124
2023-09-19,1031,142,86,81,30,56,51,0.6056338028169014,0.37037037037037035,116
2023-09-20,1031,123,79,51,31,44,20,0.6422764227642277,0.6078431372549019,110
2023-09-21,1031,125,68,96,40,57,56,0.544,0.4166666666666667,108
2023-09-22,1031,145,75,78,41,70,37,0.5172413793103449,0.5256410256410257,116
2023-09-23,1031,147,86,99,46,61,53,0.5850340136054422,0.46464646464646464,132
2023-09-24,1031,105,81,67,48,24,19,0.7714285714285715,0.7164179104477612,129
2023-09-25,1031,107,82,99,38,25,61,0.7663551401869159,0.3838383838383838,120
2023-09-26,1031,117,80,81,37,37,44,0.6837606837606838,0.4567901234567901,117
2023-09-27,1031,141,99,63,34,42,29,0.7021276595744681,0.5396825396825397,133
2023-09-28,1031,125,87,57,44,38,13,0.696,0.7719298245614035,131
2023-09-29,1031,109,79,67,41,30,26,0.7247706422018348,0.6119402985074627,120
2023-09-30,1031,111,69,55,47,42,8,0.6216216216216216,0.8545454545454545,116
2023-10-01,1031,116,83,66,33,33,33,0.7155172413793104,0.5,116
2023-10-02,1031,139,74,67,32,65,35,0.5323741007194245,0.47761194029850745,106
2023-10-03,1031,138,79,63,25,59,38,0.572463768115942,0.3968253968253968,104
2023-10-04,1031,146,62,57,34,84,23,0.4246575342465753,0.5964912280701754,96
2023-10-05,1031,111,78,52,43,33,9,0.7027027027027027,0.8269230769230769,121
2023-10-06,1031,144,87,81,31,57,50,0.6041666666666666,0.38271604938271603,118
2023-10-07,1031,102,74,67,42,28,25,0.7254901960784313,0.6268656716417911,116
2023-10-08,1031,133,73,64,50,60,14,0.5488721804511278,0.78125,123
2023-10-09,1031,122,71,91,46,51,45,0.5819672131147541,0.5054945054945055,117
2023-10-10,1031,108,69,50,30,39,20,0.6388888888888888,0.6,99
2023-10-11,1031,132,64,95,34,68,61,0.48484848484848486,0.35789473684210527,98
2023-10-12,1031,100,91,58,36,9,22,0.91,0.6206896551724138,127
2023-10-13,1031,145,80,68,45,65,23,0.5517241379310345,0.6617647058823529,125
2023-10-14,1031,128,74,56,37,54,19,0.578125,0.6607142857142857,111
2023-10-15,1031,114,64,96,42,50,54,0.5614035087719298,0.4375,106
2023-10-16,1031,111,75,93,47,36,46,0.6756756756756757,0.5053763440860215,122
2023-10-17,1031,136,77,64,44,59,20,0.5661764705882353,0.6875,121
2023-10-18,1031,129,88,81,41,41,40,0.6821705426356589,0.5061728395061729,129
2023-10-19,1031,135,67,68,48,68,20,0.4962962962962963,0.7058823529411765,115
2023-10-20,1031,144,67,97,42,77,55,0.4652777777777778,0.4329896907216495,109
2023-10-21,1031,142,84,64,45,58,19,0.5915492957746479,0.703125,129
2023-10-22,1031,143,75,62,47,68,15,0.5244755244755245,0.7580645161290323,122
2023-10-23,1031,128,76,66,33,52,33,0.59375,0.5,109
2023-10-24,1031,140,75,53,43,65,10,0.5357142857142857,0.8113207547169812,118
2023-10-25,1031,148,75,71,38,73,33,0.5067567567567568,0.5352112676056338,113
2023-10-26,1031,148,94,94,35,54,59,0.6351351351351351,0.3723404255319149,129
2023-10-27,1031,123,70,63,45,53,18,0.5691056910569106,0.7142857142857143,115
2023-10-28,1031,123,72,100,47,51,53,0.5853658536585366,0.47,119
2023-10-29,1031,101,67,64,41,34,23,0.6633663366336634,0.640625,108
2023-10-30,1031,117,70,86,50,47,36,0.5982905982905983,0.5813953488372093,120
2023-10-31,1031,139,61,95,36,78,59,0.43884892086330934,0.37894736842105264,97
2023-11-01,1031,140,96,90,43,44,47,0.6857142857142857,0.4777777777777778,139
2023-11-02,1031,131,70,99,49,61,50,0.5343511450381679,0.494949494949495,119
2023-11-03,1031,103,84,62,42,19,20,0.8155339805825242,0.6774193548387096,126
2023-11-04,1031,128,80,71,37,48,34,0.625,0.5211267605633803,117
2023-11-05,1031,106,67,60,36,39,24,0.6320754716981132,0.6,103
2023-11-06,1031,136,101,94,53,35,41,0.7426470588235294,0.5638297872340425,154
2023-11-07,1031,117,77,99,42,40,57,0.6581196581196581,0.42424242424242425,119
2023-11-08,1031,123,70,85,36,53,49,0.5691056910569106,0.4235294117647059,106
2023-11-09,1031,119,85,72,49,34,23,0.7142857142857143,0.6805555555555556,134
2023-11-10,1031,120,85,63,40,35,23,0.7083333333333334,0.6349206349206349,125
2023-11-11,1031,120,88,59,46,32,13,0.7333333333333333,0.7796610169491526,134
2023-11-12,1031,114,92,67,32,22,35,0.8070175438596491,0.47761194029850745,124
2023-11-13,1031,144,69,97,39,75,58,0.4791666666666667,0.4020618556701031,108
2023-11-14,1031,116,79,53,42,37,11,0.6810344827586207,0.7924528301886793,121
2023-11-15,1031,126,89,71,48,37,23,0.7063492063492064,0.676056338028169,137
2023-11-16,1031,122,75,55,46,47,9,0.6147540983606558,0.8363636363636363,121
2023-11-17,1031,123,68,90,34,55,56,0.5528455284552846,0.37777777777777777,102
2023-11-18,1031,127,80,60,39,47,21,0.6299212598425197,0.65,119
2023-11-19,1031,101,76,51,40,25,11,0.7524752475247525,0.7843137254901961,116
2023-11-20,1031,107,82,96,46,25,50,0.7663551401869159,0.4791666666666667,128
2023-11-21,1031,104,74,76,50,30,26,0.7115384615384616,0.6578947368421053,124
2023-11-22,1031,115,106,69,31,9,38,0.9217391304347826,0.4492753623188406,137
2023-11-23,1031,116,59,55,38,57,17,0.5086206896551724,0.6909090909090909,97
2023-11-24,1031,144,85,56,37,59,19,0.5902777777777778,0.6607142857142857,122
2023-11-25,1031,103,73,82,45,30,37,0.7087378640776699,0.5487804878048781,118
2023-11-26,1031,103,95,89,35,8,54,0.9223300970873787,0.39325842696629215,130
2023-11-27,1031,148,73,86,37,75,49,0.49324324324324326,0.43023255813953487,110
2023-11-28,1031,147,89,72,37,58,35,0.6054421768707483,0.5138888888888888,126
2023-11-29,1031,146,84,76,30,62,46,0.5753424657534246,0.39473684210526316,114
2023-11-30,1031,108,75,55,41,33,14,0.6944444444444444,0.7454545454545455,116
2023-12-01,1031,105,84,53,38,21,15,0.8,0.71698113207547165,122
2023-12-02,1031,128,77,54,43,51,11,0.6015625,0.7962962962962963,120
2023-12-03,1031,149,75,56,40,74,16,0.5033557046979866,0.7142857142857143,115
2023-12-04,1031,133,78,50,36,55,14,0.5864661654135338,0.72,114
2023-12-05,1031,118,77,85,34,41,51,0.652542372881356,0.4,111
2023-12-06,1031,126,77,77,35,49,42,0.6111111111111112,0.45454545454545453,112
2023-12-07,1031,120,72,74,48,48,26,0.6,0.6486486486486487,120
2023-12-08,1031,141,92,54,41,49,13,0.6524822695035462,0.7592592592592593,133
2023-12-09,1031,106,82,65,28,24,37,0.7735849056603774,0.4307692307692308,110
2023-12-10,1031,125,82,59,36,43,23,0.656,0.6101694915254238,118
2023-12-11,1031,105,74,94,38,31,56,0.7047619047619048,0.40425531914893614,112
2023-12-12,1031,134,75,50,35,59,15,0.5597014925373134,0.7,110
2023-12-13,1031,141,72,74,39,69,35,0.5106382978723404,0.527027027027027,111
2023-12-14,1031,114,70,68,43,44,25,0.6140350877192983,0.6323529411764706,113
2023-12-15,1031,145,73,100,52,72,48,0.503448275862069,0.52,125
2023-12-16,1031,123,80,77,37,43,40,0.6504065040650406,0.4805194805194805,117
2023-12-17,1031,128,88,73,43,40,30,0.6875,0.589041095890411,131
2023-12-18,1031,134,74,99,34,60,65,0.5522388059701493,0.3434343434343434,108
2023-12-19,1031,141,84,50,50,57,0,0.5957446808510638,1,134
2023-12-20,1031,120,81,63,47,39,16,0.675,0.746031746031746,128
2023-12-21,1031,115,105,75,36,10,39,0.9130434782608695,0.48,141
2023-12-22,1031,113,68,64,46,45,18,0.6017699115044248,0.71875,114
2023-12-23,1031,148,87,83,40,61,43,0.5878378378378378,0.4819277108433735,127
2023-12-24,1031,128,86,58,36,42,22,0.671875,0.6206896551724138,122
2023-12-25,1031,115,80,75,33,35,42,0.6956521739130435,0.44,113
2023-12-26,1031,118,94,68,41,24,27,0.7966101694915254,0.6029411764705882,135
2023-12-27,1031,119,67,66,47,52,19,0.5630252100840336,0.7121212121212122,114
2023-12-28,1031,128,87,80,38,41,42,0.6796875,0.475,125
2023-12-29,1031,110,83,96,27,27,69,0.7545454545454545,0.28125,110
2023-12-30,1031,141,86,66,47,55,19,0.6099290780141844,0.7121212121212122,133
2023-12-31,1031,147,93,98,27,54,71,0.6326530612244898,0.2755102040816326,120
2023-01-01,1032,140,74,61,40,66,21,0.5285714285714286,0.6557377049180327,114
2023-01-02,1032,116,91,75,37,25,38,0.7844827586206896,0.49333333333333335,128
2023-01-03,1032,136,84,56,40,52,16,0.6176470588235294,0.7142857142857143,124
2023-01-04,1032,146,73,76,50,73,26,0.5,0.6578947368421053,123
2023-01-05,1032,115,81,86,43,34,43,0.7043478260869566,0.5,124
2023-01-06,1032,131,77,55,52,54,3,0.5877862595419847,0.9454545454545454,129
2023-01-07,1032,101,65,69,42,36,27,0.6435643564356436,0.6086956521739131,107
2023-01-08,1032,114,85,76,29,29,47,0.7456140350877193,0.3815789473684211,114
2023-01-09,1032,102,75,81,47,27,34,0.7352941176470589,0.5802469135802469,122
2023-01-10,1032,130,90,58,41,40,17,0.6923076923076923,0.7068965517241379,131
2023-01-11,1032,106,76,58,49,30,9,0.71698113207547165,0.8448275862068966,125
2023-01-12,1032,102,85,51,30,17,21,0.8333333333333334,0.5882352941176471,115
2023-01-13,1032,101,84,51,36,17,15,0.8316831683168316,0.7058823529411765,120
2023-01-14,1032,122,78,74,48,44,26,0.639344262295082,0.6486486486486487,126
2023-01-15,1032,143,80,53,40,63,13,0.5594405594405595,0.7547169811320755,120
2023-01-16,1032,126,80,68,34,46,34,0.6349206349206349,0.5,114
2023-01-17,1032,118,84,53,40,34,13,0.711864406779661,0.7547169811320755,124
2023-01-18,1032,132,85,83,43,47,40,0.6439393939393939,0.5180722891566265,128
2023-01-19,1032,123,80,62,43,43,19,0.6504065040650406,0.6935483870967742,123
2023-01-20,1032,127,84,64,43,43,21,0.6614173228346457,0.671875,127
2023-01-21,1032,117,69,67,42,48,25,0.5897435897435898,0.6268656716417911,111
2023-01-22,1032,140,80,68,55,60,13,0.5714285714285714,0.8088235294117647,135
2023-01-23,1032,121,73,78,42,48,36,0.6033057851239669,0.5384615384615384,115
2023-01-24,1032,149,62,90,42,87,48,0.4161073825503356,0.4666666666666667,104
2023-01-25,1032,117,109,65,45,8,20,0.9316239316239316,0.6923076923076923,154
2023-01-26,1032,104,74,73,53,30,20,0.7115384615384616,0.726027397260274,127
2023-01-27,1032,111,93,90,46,18,44,0.8378378378378378,0.5111111111111111,139
2023-01-28,1032,142,66,98,37,76,61,0.4647887323943662,0.37755102040816324,103
2023-01-29,1032,114,78,68,34,36,34,0.6842105263157895,0.5,112
2023-01-30,1032,103,78,85,43,25,42,0.7572815533980582,0.5058823529411764,121
2023-01-31,1032,105,65,63,49,40,14,0.6190476190476191,0.7777777777777778,114
2023-02-01,1032,144,67,85,36,77,49,0.4652777777777778,0.4235294117647059,103
2023-02-02,1032,132,73,91,33,59,58,0.553030303030303,0.3626373626373626,106
2023-02-03,1032,114,89,88,50,25,38,0.7807017543859649,0.5681818181818182,139
2023-02-04,1032,120,91,90,51,29,39,0.7583333333333333,0.5666666666666667,142
2023-02-05,1032,143,77,69,34,66,35,0.5384615384615384,0.4927536231884058,111
2023-02-06,1032,134,86,53,44,48,9,0.6417910447761194,0.8301886792452831,130
2023-02-07,1032,130,95,66,50,35,16,0.7307692307692307,0.7575757575757576,145
2023-02-08,1032,131,74,59,46,57,13,0.5648854961832062,0.7796610169491526,120
2023-02-09,1032,129,77,74,37,52,37,0.5968992248062015,0.5,114
2023-02-10,1032,141,75,51,46,66,5,0.5319148936170213,0.9019607843137255,121
2023-02-11,1032,102,77,97,39,25,58,0.7549019607843137,0.4020618556701031,116
2023-02-12,1032,148,84,81,40,64,41,0.5675675675675675,0.49382716049382713,124
2023-02-13,1032,126,71,88,37,55,51,0.5634920634920635,0.42045454545454547,108
2023-02-14,1032,142,95,75,48,47,27,0.6690140845070423,0.64,143
2023-02-15,1032,104,91,73,36,13,37,0.875,0.4931506849315068,127
2023-02-16,1032,146,78,82,39,68,43,0.5342465753424658,0.47560975609756095,117
2023-02-17,1032,104,81,71,37,23,34,0.7788461538461539,0.5211267605633803,118
2023-02-18,1032,112,68,50,38,44,12,0.6071428571428571,0.76,106
2023-02-19,1032,125,67,77,41,58,36,0.536,0.5324675324675324,108
2023-02-20,1032,131,80,50,50,51,0,0.6106870229007634,1,130
2023-02-21,1032,147,82,70,42,65,28,0.5578231292517006,0.6,124
2023-02-22,1032,104,80,69,43,24,26,0.7692307692307693,0.6231884057971014,123
2023-02-23,1032,108,81,70,33,27,37,0.75,0.4714285714285714,114
2023-02-24,1032,140,68,93,42,72,51,0.4857142857142857,0.45161290322580644,110
2023-02-25,1032,104,69,96,36,35,60,0.6634615384615384,0.375,105
2023-02-26,1032,108,78,56,43,30,13,0.7222222222222222,0.7678571428571429,121
2023-02-27,1032,123,75,96,51,48,45,0.6097560975609756,0.53125,126
2023-02-28,1032,138,84,59,33,54,26,0.6086956521739131,0.559322033898305,117
2023-03-01,1032,131,57,57,29,74,28,0.4351145038167939,0.5087719298245614,86
2023-03-02,1032,125,99,74,53,26,21,0.792,0.7162162162162162,152
2023-03-03,1032,124,82,55,44,42,11,0.6612903225806451,0.8,126
2023-03-04,1032,137,89,99,47,48,52,0.6496350364963503,0.47474747474747475,136
2023-03-05,1032,107,89,78,54,18,24,0.8317757009345794,0.6923076923076923,143
2023-03-06,1032,137,66,66,39,71,27,0.48175182481751827,0.5909090909090909,105
2023-03-07,1032,136,72,56,36,64,20,0.5294117647058824,0.6428571428571429,108
2023-03-08,1032,108,65,73,36,43,37,0.6018518518518519,0.4931506849315068,101
2023-03-09,1032,148,92,56,44,56,12,0.6216216216216216,0.7857142857142857,136
2023-03-10,1032,104,90,73,41,14,32,0.8653846153846154,0.5616438356164384,131
2023-03-11,1032,147,71,59,44,76,15,0.48299319727891155,0.7457627118644068,115
2023-03-12,1032,115,86,58,40,29,18,0.7478260869565218,0.6896551724137931,126
2023-03-13,1032,103,80,67,40,23,27,0.7766990291262136,0.5970149253731343,120
2023-03-14,1032,131,63,60,51,68,9,0.48091603053435117,0.85,114
2023-03-15,1032,116,81,62,40,35,22,0.6982758620689655,0.6451612903225806,121
2023-03-16,1032,150,93,83,47,57,36,0.62,0.5662650602409639,140
2023-03-17,1032,119,80,94,32,39,62,0.6722689075630253,0.3404255319148936,112
2023-03-18,1032,117,87,64,39,30,25,0.7435897435897436,0.609375,126
2023-03-19,1032,137,73,82,36,64,46,0.5328467153284672,0.43902439024390244,109
2023-03-20,1032,123,82,81,51,41,30,0.6666666666666666,0.6296296296296297,133
2023-03-21,1032,111,77,89,48,34,41,0.6936936936936937,0.5393258426966292,125
2023-03-22,1032,119,85,97,35,34,62,0.7142857142857143,0.36082474226804123,120
2023-03-23,1032,125,79,50,40,46,10,0.632,0.8,119
2023-03-24,1032,129,87,99,36,42,63,0.6744186046511628,0.36363636363636365,123
2023-03-25,1032,120,82,60,35,38,25,0.6833333333333333,0.5833333333333334,117
2023-03-26,1032,127,77,58,39,50,19,0.6062992125984252,0.6724137931034483,116
2023-03-27,1032,145,65,97,49,80,48,0.4482758620689655,0.5051546391752577,114
2023-03-28,1032,146,71,50,44,75,6,0.4863013698630137,0.88,115
2023-03-29,1032,133,73,72,37,60,35,0.5488721804511278,0.5138888888888888,110
2023-03-30,1032,149,73,96,19,76,77,0.4899328859060403,0.19791666666666666,92
2023-03-31,1032,128,80,100,44,48,56,0.625,0.44,124
2023-04-01,1032,130,80,97,47,50,50,0.6153846153846154,0.4845360824742268,127
2023-04-02,1032,138,76,97,45,62,52,0.5507246376811594,0.4639175257731959,121
2023-04-03,1032,123,70,79,29,53,50,0.5691056910569106,0.3670886075949367,99
2023-04-04,1032,112,79,70,37,33,33,0.7053571428571429,0.5285714285714286,116
2023-04-05,1032,126,73,83,35,53,48,0.5793650793650794,0.42168674698795183,108
2023-04-06,1032,108,90,73,37,18,36,0.8333333333333334,0.5068493150684932,127
2023-04-07,1032,106,78,87,43,28,44,0.7358490566037735,0.4942528735632184,121
2023-04-08,1032,101,75,50,35,26,15,0.7425742574257426,0.7,110
2023-04-09,1032,148,77,59,44,71,15,0.5202702702702703,0.7457627118644068,121
2023-04-10,1032,112,89,57,29,23,28,0.7946428571428571,0.5087719298245614,118
2023-04-11,1032,119,88,60,51,31,9,0.7394957983193278,0.85,139
2023-04-12,1032,140,96,81,39,44,42,0.6857142857142857,0.48148148148148145,135
2023-04-13,1032,116,72,60,40,44,20,0.6206896551724138,0.6666666666666666,112
2023-04-14,1032,149,92,79,35,57,44,0.6174496644295302,0.4430379746835443,127
2023-04-15,1032,106,73,50,50,33,0,0.6886792452830188,1,123
2023-04-16,1032,124,82,68,45,42,23,0.6612903225806451,0.6617647058823529,127
2023-04-17,1032,141,83,91,30,58,61,0.5886524822695035,0.32967032967032966,113
2023-04-18,1032,121,90,63,42,31,21,0.743801652892562,0.6666666666666666,132
2023-04-19,1032,103,95,62,30,8,32,0.9223300970873787,0.4838709677419355,125
2023-04-20,1032,129,85,94,39,44,55,0.6589147286821705,0.4148936170212766,124
2023-04-21,1032,150,73,59,35,77,24,0.4866666666666667,0.5932203389830508,108
2023-04-22,1032,140,73,65,41,67,24,0.5214285714285715,0.6307692307692307,114
2023-04-23,1032,139,75,71,52,64,19,0.539568345323741,0.7323943661971831,127
2023-04-24,1032,144,85,83,44,59,39,0.5902777777777778,0.5301204819277109,129
2023-04-25,1032,132,62,79,32,70,47,0.4696969696969697,0.4050632911392405,94
2023-04-26,1032,131,91,50,36,40,14,0.6946564885496184,0.72,127
2023-04-27,1032,100,71,52,40,29,12,0.71,0.7692307692307693,111
2023-04-28,1032,116,82,56,44,34,12,0.7068965517241379,0.7857142857142857,126
2023-04-29,1032,122,67,74,31,55,43,0.5491803278688525,0.4189189189189189,98
2023-04-30,1032,127,78,67,38,49,29,0.6141732283464567,0.5671641791044776,116
2023-05-01,1032,118,86,62,40,32,22,0.7288135593220338,0.6451612903225806,126
2023-05-02,1032,137,89,96,47,48,49,0.6496350364963503,0.4895833333333333,136
2023-05-03,1032,135,66,87,32,69,55,0.4888888888888889,0.367816091954023,98
2023-05-04,1032,137,80,51,42,57,9,0.583941605839416,0.8235294117647058,122
2023-05-05,1032,125,81,67,42,44,25,0.648,0.6268656716417911,123
2023-05-06,1032,143,95,86,48,48,38,0.6643356643356644,0.5581395348837209,143
2023-05-07,1032,117,84,84,35,33,49,0.717948717948718,0.4166666666666667,119
2023-05-08,1032,144,72,69,32,72,37,0.5,0.463768115942029,104
2023-05-09,1032,120,76,77,36,44,41,0.6333333333333333,0.4675324675324675,112
2023-05-10,1032,118,88,92,33,30,59,0.7457627118644068,0.358695652173913,121
2023-05-11,1032,116,84,58,37,32,21,0.7241379310344828,0.6379310344827587,121
2023-05-12,1032,120,68,57,32,52,25,0.5666666666666667,0.5614035087719298,100
2023-05-13,1032,146,81,51,35,65,16,0.5547945205479452,0.6862745098039216,116
2023-05-14,1032,138,83,93,42,55,51,0.6014492753623188,0.45161290322580644,125
2023-05-15,1032,129,80,77,34,49,43,0.6201550387596899,0.44155844155844154,114
2023-05-16,1032,123,84,100,33,39,67,0.6829268292682927,0.33,117
2023-05-17,1032,102,87,72,48,15,24,0.8529411764705882,0.6666666666666666,135
2023-05-18,1032,139,77,93,35,62,58,0.5539568345323741,0.3763440860215054,112
2023-05-19,1032,123,82,60,50,41,10,0.6666666666666666,0.8333333333333334,132
2023-05-20,1032,100,81,59,53,19,6,0.81,0.8983050847457628,134
2023-05-21,1032,112,78,92,36,34,56,0.6964285714285714,0.391304347826087,114
2023-05-22,1032,101,82,81,38,19,43,0.8118811881188119,0.4691358024691358,120
2023-05-23,1032,123,77,87,45,46,42,0.6260162601626016,0.5172413793103449,122
2023-05-24,1032,118,94,62,31,24,31,0.7966101694915254,0.5,125
2023-05-25,1032,139,82,55,46,57,9,0.5899280575539568,0.8363636363636363,128
2023-05-26,1032,141,78,95,49,63,46,0.5531914893617021,0.5157894736842106,127
2023-05-27,1032,124,72,75,41,52,34,0.5806451612903226,0.5466666666666666,113
2023-05-28,1032,142,67,62,29,75,33,0.47183098591549294,0.46774193548387094,96
2023-05-29,1032,145,74,77,39,71,38,0.5103448275862069,0.5064935064935064,113
2023-05-30,1032,111,71,99,36,40,63,0.6396396396396397,0.36363636363636365,107
2023-05-31,1032,122,69,85,49,53,36,0.5655737704918032,0.5764705882352941,118
2023-06-01,1032,143,78,71,39,65,32,0.5454545454545454,0.5492957746478874,117
2023-06-02,1032,150,78,57,44,72,13,0.52,0.7719298245614035,122
2023-06-03,1032,111,93,73,38,18,35,0.8378378378378378,0.5205479452054794,131
2023-06-04,1032,135,84,100,36,51,64,0.6222222222222222,0.36,120
2023-06-05,1032,106,78,62,51,28,11,0.7358490566037735,0.8225806451612904,129
2023-06-06,1032,103,92,97,43,11,54,0.8932038834951457,0.44329896907216493,135
2023-06-07,1032,111,77,86,39,34,47,0.6936936936936937,0.45348837209302323,116
2023-06-08,1032,114,94,57,37,20,20,0.8245614035087719,0.6491228070175439,131
2023-06-09,1032,145,87,69,36,58,33,0.6,0.5217391304347826,123
2023-06-10,1032,146,87,66,41,59,25,0.5958904109589042,0.6212121212121212,128
2023-06-11,1032,144,77,82,35,67,47,0.5347222222222222,0.4268292682926829,112
2023-06-12,1032,129,82,70,34,47,36,0.6356589147286822,0.4857142857142857,116
2023-06-13,1032,107,72,51,43,35,8,0.6728971962616822,0.8431372549019608,115
2023-06-14,1032,102,85,62,47,17,15,0.8333333333333334,0.7580645161290323,132
2023-06-15,1032,100,89,50,39,11,11,0.89,0.78,128
2023-06-16,1032,137,81,74,32,56,42,0.5912408759124088,0.43243243243243246,113
2023-06-17,1032,149,72,94,47,77,47,0.48322147651006714,0.5,119
2023-06-18,1032,125,85,55,42,40,13,0.68,0.7636363636363637,127
2023-06-19,1032,127,94,56,41,33,15,0.7401574803149606,0.7321428571428571,135
2023-06-20,1032,114,73,53,37,41,16,0.6403508771929824,0.6981132075471698,110
2023-06-21,1032,149,74,98,33,75,65,0.49664429530201343,0.336734693877551,107
2023-06-22,1032,144,78,67,37,66,30,0.5416666666666666,0.5522388059701493,115
2023-06-23,1032,144,80,84,38,64,46,0.5555555555555556,0.4523809523809524,118
2023-06-24,1032,133,86,68,36,47,32,0.6466165413533834,0.5294117647058824,122
2023-06-25,1032,120,76,50,39,44,11,0.6333333333333333,0.78,115
2023-06-26,1032,112,69,80,35,43,45,0.6160714285714286,0.4375,104
2023-06-27,1032,135,94,77,51,41,26,0.6962962962962963,0.6623376623376623,145
2023-06-28,1032,108,90,59,34,18,25,0.8333333333333334,0.576271186440678,124
2023-06-29,1032,100,84,71,39,16,32,0.84,0.5492957746478874,123
2023-06-30,1032,123,92,88,50,31,38,0.7479674796747967,0.5681818181818182,142
2023-07-01,1032,125,96,50,34,29,16,0.768,0.68,130
2023-07-02,1032,105,87,52,42,18,10,0.8285714285714286,0.8076923076923077,129
2023-07-03,1032,137,82,93,33,55,60,0.5985401459854015,0.3548387096774194,115
2023-07-04,1032,148,101,73,45,47,28,0.6824324324324325,0.6164383561643836,146
2023-07-05,1032,121,69,76,43,52,33,0.5702479338842975,0.5657894736842105,112
2023-07-06,1032,128,85,59,42,43,17,0.6640625,0.711864406779661,127
2023-07-07,1032,144,69,74,39,75,35,0.4791666666666667,0.527027027027027,108
2023-07-08,1032,144,99,67,39,45,28,0.6875,0.582089552238806,138
2023-07-09,1032,114,73,63,36,41,27,0.6403508771929824,0.5714285714285714,109
2023-07-10,1032,112,89,78,37,23,41,0.7946428571428571,0.47435897435897434,126
2023-07-11,1032,113,76,84,45,37,39,0.672566371681416,0.5357142857142857,121
2023-07-12,1032,114,68,60,44,46,16,0.5964912280701754,0.7333333333333333,112
2023-07-13,1032,125,77,52,46,48,6,0.616,0.8846153846153846,123
2023-07-14,1032,134,78,77,43,56,34,0.582089552238806,0.5584415584415584,121
2023-07-15,1032,125,93,97,47,32,50,0.744,0.4845360824742268,140
2023-07-16,1032,124,83,89,34,41,55,0.6693548387096774,0.38202247191011235,117
2023-07-17,1032,129,64,56,35,65,21,0.49612403100775193,0.625,99
2023-07-18,1032,105,79,52,38,26,14,0.7523809523809524,0.7307692307692307,117
2023-07-19,1032,117,85,97,40,32,57,0.7264957264957265,0.41237113402061853,125
2023-07-20,1032,104,72,50,46,32,4,0.6923076923076923,0.92,118
2023-07-21,1032,130,72,91,45,58,46,0.5538461538461539,0.4945054945054945,117
2023-07-22,1032,118,68,98,31,50,67,0.576271186440678,0.3163265306122449,99
2023-07-23,1032,122,79,84,45,43,39,0.6475409836065574,0.5357142857142857,124
2023-07-24,1032,120,72,71,40,48,31,0.6,0.5633802816901409,112
2023-07-25,1032,134,91,97,40,43,57,0.6791044776119403,0.41237113402061853,131
2023-07-26,1032,102,91,60,52,11,8,0.8921568627450981,0.8666666666666667,143
2023-07-27,1032,115,74,88,33,41,55,0.6434782608695652,0.375,107
2023-07-28,1032,117,62,58,41,55,17,0.5299145299145299,0.7068965517241379,103
2023-07-29,1032,129,83,58,40,46,18,0.6434108527131783,0.6896551724137931,123
2023-07-30,1032,106,87,90,47,19,43,0.8207547169811321,0.5222222222222223,134
2023-07-31,1032,122,87,86,56,35,30,0.7131147540983607,0.6511627906976745,143
2023-08-01,1032,141,87,76,48,54,28,0.6170212765957447,0.631578947368421,135
2023-08-02,1032,124,72,90,34,52,56,0.5806451612903226,0.37777777777777777,106
2023-08-03,1032,148,64,81,45,84,36,0.43243243243243246,0.5555555555555556,109
2023-08-04,1032,129,84,80,31,45,49,0.6511627906976745,0.3875,115
2023-08-05,1032,140,82,86,44,58,42,0.5857142857142857,0.5116279069767442,126
2023-08-06,1032,123,77,55,33,46,22,0.6260162601626016,0.6,110
2023-08-07,1032,124,83,80,38,41,42,0.6693548387096774,0.475,121
2023-08-08,1032,114,84,83,39,30,44,0.7368421052631579,0.46987951807228917,123
2023-08-09,1032,122,84,50,27,38,23,0.6885245901639344,0.54,111
2023-08-10,1032,107,81,86,35,26,51,0.7570093457943925,0.4069767441860465,116
2023-08-11,1032,119,79,80,42,40,38,0.6638655462184874,0.525,121
2023-08-12,1032,100,77,84,43,23,41,0.77,0.5119047619047619,120
2023-08-13,1032,142,84,73,37,58,36,0.5915492957746479,0.5068493150684932,121
2023-08-14,1032,131,79,92,43,52,49,0.6030534351145038,0.4673913043478261,122
2023-08-15,1032,136,96,100,35,40,65,0.7058823529411765,0.35,131
2023-08-16,1032,120,77,100,32,43,68,0.6416666666666667,0.32,109
2023-08-17,1032,150,77,71,42,73,29,0.5133333333333333,0.5915492957746479,119
2023-08-18,1032,117,87,55,44,30,11,0.7435897435897436,0.8,131
2023-08-19,1032,138,91,53,34,47,19,0.6594202898550725,0.6415094339622641,125
2023-08-20,1032,134,69,50,27,65,23,0.5149253731343284,0.54,96
2023-08-21,1032,148,86,50,33,62,17,0.581081081081081,0.66,119
2023-08-22,1032,109,81,71,36,28,35,0.7431192660550459,0.5070422535211268,117
2023-08-23,1032,129,77,81,51,52,30,0.5968992248062015,0.6296296296296297,128
2023-08-24,1032,112,90,56,37,22,19,0.8035714285714286,0.6607142857142857,127
2023-08-25,1032,115,71,69,45,44,24,0.6173913043478261,0.6521739130434783,116
2023-08-26,1032,128,81,53,39,47,14,0.6328125,0.7358490566037735,120
2023-08-27,1032,105,85,61,47,20,14,0.8095238095238095,0.7704918032786885,132
2023-08-28,1032,147,81,69,47,66,22,0.5510204081632653,0.6811594202898551,128
2023-08-29,1032,136,106,62,43,30,19,0.7794117647058824,0.6935483870967742,149
2023-08-30,1032,101,77,79,36,24,43,0.7623762376237624,0.45569620253164556,113
2023-08-31,1032,104,69,93,43,35,50,0.6634615384615384,0.46236559139784944,112
2023-09-01,1032,130,72,93,41,58,52,0.5538461538461539,0.44086021505376344,113
2023-09-02,1032,126,81,100,43,45,57,0.6428571428571429,0.43,124
2023-09-03,1032,101,75,87,47,26,40,0.7425742574257426,0.5402298850574713,122
2023-09-04,1032,149,76,55,52,73,3,0.5100671140939598,0.9454545454545454,128
2023-09-05,1032,107,74,93,35,33,58,0.6915887850467289,0.3763440860215054,109
2023-09-06,1032,134,89,82,46,45,36,0.664179104477612,0.5609756097560976,135
2023-09-07,1032,128,71,64,50,57,14,0.5546875,0.78125,121
2023-09-08,1032,138,72,61,32,66,29,0.5217391304347826,0.5245901639344263,104
2023-09-09,1032,135,98,90,33,37,57,0.725925925925926,0.36666666666666664,131
2023-09-10,1032,128,86,70,36,42,34,0.671875,0.5142857142857142,122
2023-09-11,1032,150,100,70,33,50,37,0.6666666666666666,0.4714285714285714,133
2023-09-12,1032,124,76,77,27,48,50,0.6129032258064516,0.35064935064935066,103
2023-09-13,1032,120,85,88,36,35,52,0.7083333333333334,0.4090909090909091,121
2023-09-14,1032,148,76,72,45,72,27,0.5135135135135135,0.625,121
2023-09-15,1032,122,103,67,53,19,14,0.8442622950819673,0.7910447761194029,156
2023-09-16,1032,129,69,73,52,60,21,0.5348837209302325,0.7123287671232876,121
2023-09-17,1032,119,61,89,32,58,57,0.5126050420168067,0.3595505617977528,93
2023-09-18,1032,110,80,93,30,30,63,0.7272727272727273,0.3225806451612903,110
2023-09-19,1032,150,78,77,37,72,40,0.52,0.4805194805194805,115
2023-09-20,1032,129,57,95,32,72,63,0.4418604651162791,0.3368421052631579,89
2023-09-21,1032,129,80,85,40,49,45,0.6201550387596899,0.47058823529411764,120
2023-09-22,1032,148,81,80,28,67,52,0.5472972972972973,0.35,109
2023-09-23,1032,106,68,59,32,38,27,0.6415094339622641,0.5423728813559322,100
2023-09-24,1032,118,79,68,42,39,26,0.6694915254237288,0.6176470588235294,121
2023-09-25,1032,134,90,71,41,44,30,0.6716417910447762,0.5774647887323944,131
2023-09-26,1032,107,107,84,40,0,44,1,0.47619047619047616,147
2023-09-27,1032,101,87,96,36,14,60,0.8613861386138614,0.375,123
2023-09-28,1032,111,88,91,39,23,52,0.7927927927927928,0.42857142857142855,127
2023-09-29,1032,112,75,97,44,37,53,0.6696428571428571,0.4536082474226804,119
2023-09-30,1032,108,80,81,31,28,50,0.7407407407407407,0.38271604938271603,111
2023-10-01,1032,111,90,60,34,21,26,0.8108108108108109,0.5666666666666667,124
2023-10-02,1032,108,95,55,36,13,19,0.8796296296296297,0.6545454545454545,131
2023-10-03,1032,132,69,95,30,63,65,0.5227272727272727,0.3157894736842105,99
2023-10-04,1032,133,74,57,36,59,21,0.556390977443609,0.631578947368421,110
2023-10-05,1032,137,69,92,43,68,49,0.5036496350364964,0.4673913043478261,112
2023-10-06,1032,111,79,99,34,32,65,0.7117117117117117,0.3434343434343434,113
2023-10-07,1032,123,80,62,46,43,16,0.6504065040650406,0.7419354838709677,126
2023-10-08,1032,122,79,93,49,43,44,0.6475409836065574,0.5268817204301075,128
2023-10-09,1032,123,71,64,42,52,22,0.5772357723577236,0.65625,113
2023-10-10,1032,143,76,64,37,67,27,0.5314685314685315,0.578125,113
2023-10-11,1032,123,70,95,37,53,58,0.5691056910569106,0.3894736842105263,107
2023-10-12,1032,106,78,59,46,28,13,0.7358490566037735,0.7796610169491526,124
2023-10-13,1032,114,84,77,44,30,33,0.7368421052631579,0.5714285714285714,128
2023-10-14,1032,136,79,86,39,57,47,0.5808823529411765,0.45348837209302323,118
2023-10-15,1032,117,71,71,43,46,28,0.6068376068376068,0.6056338028169014,114
2023-10-16,1032,108,75,76,48,33,28,0.6944444444444444,0.631578947368421,123
2023-10-17,1032,120,73,69,43,47,26,0.6083333333333333,0.6231884057971014,116
2023-10-18,1032,124,72,96,48,52,48,0.5806451612903226,0.5,120
2023-10-19,1032,122,88,55,39,34,16,0.7213114754098361,0.7090909090909091,127
2023-10-20,1032,133,90,62,39,43,23,0.6766917293233082,0.6290322580645161,129
2023-10-21,1032,124,76,60,32,48,28,0.6129032258064516,0.5333333333333333,108
2023-10-22,1032,115,75,98,35,40,63,0.6521739130434783,0.35714285714285715,110
2023-10-23,1032,124,72,67,44,52,23,0.5806451612903226,0.6567164179104478,116
2023-10-24,1032,112,76,60,40,36,20,0.6785714285714286,0.6666666666666666,116
2023-10-25,1032,143,81,91,43,62,48,0.5664335664335665,0.4725274725274725,124
2023-10-26,1032,116,80,69,46,36,23,0.6896551724137931,0.6666666666666666,126
2023-10-27,1032,132,106,73,43,26,30,0.803030303030303,0.589041095890411,149
2023-10-28,1032,124,72,84,42,52,42,0.5806451612903226,0.5,114
2023-10-29,1032,146,80,62,38,66,24,0.547945205479452,0.6129032258064516,118
2023-10-30,1032,138,72,71,29,66,42,0.5217391304347826,0.4084507042253521,101
2023-10-31,1032,120,89,85,53,31,32,0.7416666666666667,0.6235294117647059,142
2023-11-01,1032,129,78,99,40,51,59,0.6046511627906976,0.40404040404040403,118
2023-11-02,1032,127,76,81,40,51,41,0.5984251968503937,0.49382716049382713,116
2023-11-03,1032,120,68,62,35,52,27,0.5666666666666667,0.5645161290322581,103
2023-11-04,1032,149,73,59,31,76,28,0.4899328859060403,0.5254237288135594,104
2023-11-05,1032,145,76,73,28,69,45,0.5241379310344828,0.3835616438356164,104
2023-11-06,1032,120,71,57,31,49,26,0.5916666666666667,0.543859649122807,102
2023-11-07,1032,124,100,70,45,24,25,0.8064516129032258,0.6428571428571429,145
2023-11-08,1032,149,69,66,32,80,34,0.46308724832214765,0.48484848484848486,101
2023-11-09,1032,119,82,98,46,37,52,0.6890756302521008,0.46938775510204084,128
2023-11-10,1032,106,101,99,42,5,57,0.9528301886792453,0.42424242424242425,143
2023-11-11,1032,118,88,54,52,30,2,0.7457627118644068,0.9629629629629629,140
2023-11-12,1032,144,84,86,38,60,48,0.5833333333333334,0.4418604651162791,122
2023-11-13,1032,130,74,60,33,56,27,0.5692307692307692,0.55,107
2023-11-14,1032,141,90,64,32,51,32,0.6382978723404256,0.5,122
2023-11-15,1032,115,88,92,45,27,47,0.7652173913043478,0.4891304347826087,133
2023-11-16,1032,111,81,89,40,30,49,0.7297297297297297,0.449438202247191,121
2023-11-17,1032,148,86,79,42,62,37,0.581081081081081,0.5316455696202531,128
2023-11-18,1032,140,74,79,39,66,40,0.5285714285714286,0.4936708860759494,113
2023-11-19,1032,145,83,79,36,62,43,0.5724137931034483,0.45569620253164556,119
2023-11-20,1032,100,88,78,42,12,36,0.88,0.5384615384615384,130
2023-11-21,1032,105,61,65,37,44,28,0.580952380952381,0.5692307692307692,98
2023-11-22,1032,140,90,64,42,50,22,0.6428571428571429,0.65625,132
2023-11-23,1032,132,84,80,49,48,31,0.6363636363636364,0.6125,133
2023-11-24,1032,111,73,90,40,38,50,0.6576576576576577,0.4444444444444444,113
2023-11-25,1032,103,83,81,48,20,33,0.8058252427184466,0.5925925925925926,131
2023-11-26,1032,142,87,87,36,55,51,0.6126760563380281,0.41379310344827586,123
2023-11-27,1032,106,81,52,52,25,0,0.7641509433962265,1,133
2023-11-28,1032,147,112,53,35,35,18,0.7619047619047619,0.660377358490566,147
2023-11-29,1032,104,84,92,36,20,56,0.8076923076923077,0.391304347826087,120
2023-11-30,1032,126,78,95,34,48,61,0.6190476190476191,0.35789473684210527,112
2023-12-01,1032,108,88,61,26,20,35,0.8148148148148148,0.4262295081967213,114
2023-12-02,1032,116,72,68,25,44,43,0.6206896551724138,0.36764705882352944,97
2023-12-03,1032,120,87,57,49,33,8,0.725,0.8596491228070176,136
2023-12-04,1032,114,67,59,42,47,17,0.5877192982456141,0.711864406779661,109
2023-12-05,1032,146,96,84,29,50,55,0.6575342465753424,0.34523809523809523,125
2023-12-06,1032,140,97,73,30,43,43,0.6928571428571428,0.410958904109589,127
2023-12-07,1032,109,96,97,34,13,63,0.8807339449541285,0.35051546391752575,130
2023-12-08,1032,105,94,98,51,11,47,0.8952380952380953,0.5204081632653061,145
2023-12-09,1032,101,87,78,42,14,36,0.8613861386138614,0.5384615384615384,129
2023-12-10,1032,145,87,51,34,58,17,0.6,0.6666666666666666,121
2023-12-11,1032,143,76,60,31,67,29,0.5314685314685315,0.5166666666666667,107
2023-12-12,1032,122,76,65,32,46,33,0.6229508196721312,0.49230769230769234,108
2023-12-13,1032,135,75,82,40,60,42,0.5555555555555556,0.4878048780487805,115
2023-12-14,1032,148,80,89,39,68,50,0.5405405405405406,0.43820224719101125,119
2023-12-15,1032,129,68,62,50,61,12,0.5271317829457365,0.8064516129032258,118
2023-12-16,1032,121,84,56,54,37,2,0.6942148760330579,0.9642857142857143,138
2023-12-17,1032,138,101,62,40,37,22,0.7318840579710145,0.6451612903225806,141
2023-12-18,1032,141,71,70,39,70,31,0.5035460992907801,0.5571428571428572,110
2023-12-19,1032,116,72,67,35,44,32,0.6206896551724138,0.5223880597014925,107
2023-12-20,1032,116,75,100,33,41,67,0.646551724137931,0.33,108
2023-12-21,1032,136,89,89,39,47,50,0.6544117647058824,0.43820224719101125,128
2023-12-22,1032,116,81,72,46,35,26,0.6982758620689655,0.6388888888888888,127
2023-12-23,1032,106,74,99,35,32,64,0.6981132075471698,0.35353535353535354,109
2023-12-24,1032,124,89,56,34,35,22,0.717741935483871,0.6071428571428571,123
2023-12-25,1032,145,79,57,31,66,26,0.5448275862068965,0.543859649122807,110
2023-12-26,1032,128,90,96,41,38,55,0.703125,0.4270833333333333,131
2023-12-27,1032,112,86,65,39,26,26,0.7678571428571429,0.6,125
2023-12-28,1032,135,72,76,31,63,45,0.5333333333333333,0.40789473684210525,103
2023-12-29,1032,100,68,85,44,32,41,0.68,0.5176470588235295,112
2023-12-30,1032,134,82,72,39,52,33,0.6119402985074627,0.5416666666666666,121
2023-12-31,1032,142,78,76,38,64,38,0.5492957746478874,0.5,116
2023-01-01,1033,126,83,71,39,43,32,0.6587301587301587,0.5492957746478874,122
2023-01-02,1033,125,67,67,33,58,34,0.536,0.4925373134328358,100
2023-01-03,1033,138,82,87,34,56,53,0.5942028985507246,0.39080459770114945,116
2023-01-04,1033,122,74,76,39,48,37,0.6065573770491803,0.5131578947368421,113
2023-01-05,1033,125,71,62,43,54,19,0.568,0.6935483870967742,114
2023-01-06,1033,133,60,73,43,73,30,0.45112781954887216,0.589041095890411,103
2023-01-07,1033,105,89,97,43,16,54,0.8476190476190476,0.44329896907216493,132
2023-01-08,1033,134,80,60,41,54,19,0.5970149253731343,0.6833333333333333,121
2023-01-09,1033,115,88,66,33,27,33,0.7652173913043478,0.5,121
2023-01-10,1033,127,93,51,33,34,18,0.7322834645669292,0.6470588235294118,126
2023-01-11,1033,112,70,60,32,42,28,0.625,0.5333333333333333,102
2023-01-12,1033,127,80,71,35,47,36,0.6299212598425197,0.49295774647887325,115
2023-01-13,1033,116,90,86,34,26,52,0.7758620689655172,0.3953488372093023,124
2023-01-14,1033,113,61,84,41,52,43,0.5398230088495575,0.4880952380952381,102
2023-01-15,1033,125,79,90,35,46,55,0.632,0.3888888888888889,114
2023-01-16,1033,140,87,74,35,53,39,0.6214285714285714,0.47297297297297297,122
2023-01-17,1033,128,101,92,22,27,70,0.7890625,0.2391304347826087,123
2023-01-18,1033,114,74,83,29,40,54,0.6491228070175439,0.3493975903614458,103
2023-01-19,1033,127,83,87,29,44,58,0.6535433070866141,0.3333333333333333,112
2023-01-20,1033,127,83,59,48,44,11,0.6535433070866141,0.8135593220338984,131
2023-01-21,1033,123,83,59,37,40,22,0.6747967479674797,0.6271186440677966,120
2023-01-22,1033,111,91,83,40,20,43,0.8198198198198198,0.4819277108433735,131
2023-01-23,1033,112,80,80,30,32,50,0.7142857142857143,0.375,110
2023-01-24,1033,143,90,55,45,53,10,0.6293706293706294,0.8181818181818182,135
2023-01-25,1033,142,86,78,38,56,40,0.6056338028169014,0.48717948717948717,124
2023-01-26,1033,119,83,72,49,36,23,0.6974789915966386,0.6805555555555556,132
2023-01-27,1033,118,87,56,23,31,33,0.7372881355932204,0.4107142857142857,110
2023-01-28,1033,121,75,69,43,46,26,0.6198347107438017,0.6231884057971014,118
2023-01-29,1033,116,84,87,28,32,59,0.7241379310344828,0.3218390804597701,112
2023-01-30,1033,146,86,60,36,60,24,0.589041095890411,0.6,122
2023-01-31,1033,104,84,58,40,20,18,0.8076923076923077,0.6896551724137931,124
2023-02-01,1033,122,88,64,36,34,28,0.7213114754098361,0.5625,124
2023-02-02,1033,149,86,100,21,63,79,0.5771812080536913,0.21,107
2023-02-03,1033,116,84,81,44,32,37,0.7241379310344828,0.5432098765432098,128
2023-02-04,1033,104,70,67,50,34,17,0.6730769230769231,0.746268656716418,120
2023-02-05,1033,108,88,88,30,20,58,0.8148148148148148,0.3409090909090909,118
2023-02-06,1033,125,89,94,48,36,46,0.712,0.5106382978723404,137
2023-02-07,1033,145,77,60,45,68,15,0.5310344827586206,0.75,122
2023-02-08,1033,144,84,61,37,60,24,0.5833333333333334,0.6065573770491803,121
2023-02-09,1033,113,82,56,52,31,4,0.7256637168141593,0.9285714285714286,134
2023-02-10,1033,101,68,81,46,33,35,0.6732673267326733,0.5679012345679012,114
2023-02-11,1033,124,94,59,43,30,16,0.7580645161290323,0.7288135593220338,137
2023-02-12,1033,106,79,82,34,27,48,0.7452830188679245,0.4146341463414634,113
2023-02-13,1033,129,75,63,52,54,11,0.5813953488372093,0.8253968253968254,127
2023-02-14,1033,147,73,83,35,74,48,0.4965986394557823,0.42168674698795183,108
2023-02-15,1033,134,79,73,30,55,43,0.5895522388059702,0.410958904109589,109
2023-02-16,1033,149,81,79,34,68,45,0.5436241610738255,0.43037974683544306,115
2023-02-17,1033,112,92,58,42,20,16,0.8214285714285714,0.7241379310344828,134
2023-02-18,1033,146,89,81,41,57,40,0.6095890410958904,0.5061728395061729,130
2023-02-19,1033,127,93,54,36,34,18,0.7322834645669292,0.6666666666666666,129
2023-02-20,1033,109,75,56,46,34,10,0.6880733944954128,0.8214285714285714,121
2023-02-21,1033,119,79,95,39,40,56,0.6638655462184874,0.4105263157894737,118
2023-02-22,1033,105,76,68,37,29,31,0.7238095238095238,0.5441176470588235,113
2023-02-23,1033,134,80,58,30,54,28,0.5970149253731343,0.5172413793103449,110
2023-02-24,1033,138,80,89,38,58,51,0.5797101449275363,0.42696629213483145,118
2023-02-25,1033,113,79,76,35,34,41,0.6991150442477876,0.4605263157894737,114
2023-02-26,1033,113,89,54,45,24,9,0.7876106194690266,0.8333333333333334,134
2023-02-27,1033,136,76,75,35,60,40,0.5588235294117647,0.4666666666666667,111
2023-02-28,1033,123,87,56,41,36,15,0.7073170731707317,0.7321428571428571,128
2023-03-01,1033,139,73,88,39,66,49,0.5251798561151079,0.4431818181818182,112
2023-03-02,1033,133,84,50,36,49,14,0.631578947368421,0.72,120
2023-03-03,1033,118,79,90,44,39,46,0.6694915254237288,0.4888888888888889,123
2023-03-04,1033,115,104,55,44,11,11,0.9043478260869565,0.8,148
2023-03-05,1033,133,84,52,31,49,21,0.631578947368421,0.5961538461538461,115
2023-03-06,1033,106,87,95,36,19,59,0.8207547169811321,0.37894736842105264,123
2023-03-07,1033,133,72,69,37,61,32,0.5413533834586466,0.5362318840579711,109
2023-03-08,1033,109,77,69,46,32,23,0.7064220183486238,0.6666666666666666,123
2023-03-09,1033,125,75,74,45,50,29,0.6,0.6081081081081081,120
2023-03-10,1033,147,66,92,46,81,46,0.4489795918367347,0.5,112
2023-03-11,1033,127,88,84,44,39,40,0.6929133858267716,0.5238095238095238,132
2023-03-12,1033,117,94,67,44,23,23,0.8034188034188035,0.6567164179104478,138
2023-03-13,1033,133,61,52,45,72,7,0.45864661654135336,0.8653846153846154,106
2023-03-14,1033,124,83,87,45,41,42,0.6693548387096774,0.5172413793103449,128
2023-03-15,1033,121,78,79,43,43,36,0.6446280991735537,0.5443037974683544,121
2023-03-16,1033,124,84,94,39,40,55,0.6774193548387096,0.4148936170212766,123
2023-03-17,1033,133,84,75,37,49,38,0.631578947368421,0.49333333333333335,121
2023-03-18,1033,142,94,89,38,48,51,0.6619718309859155,0.42696629213483145,132
2023-03-19,1033,122,68,62,45,54,17,0.5573770491803278,0.7258064516129032,113
2023-03-20,1033,145,87,61,46,58,15,0.6,0.7540983606557377,133
2023-03-21,1033,150,93,66,40,57,26,0.62,0.6060606060606061,133
2023-03-22,1033,137,80,56,48,57,8,0.583941605839416,0.8571428571428571,128
2023-03-23,1033,110,73,77,43,37,34,0.6636363636363637,0.5584415584415584,116
2023-03-24,1033,135,80,93,33,55,60,0.5925925925925926,0.3548387096774194,113
2023-03-25,1033,110,66,96,47,44,49,0.6,0.4895833333333333,113
2023-03-26,1033,109,80,70,44,29,26,0.7339449541284404,0.6285714285714286,124
2023-03-27,1033,124,82,93,41,42,52,0.6612903225806451,0.44086021505376344,123
2023-03-28,1033,131,76,73,36,55,37,0.5801526717557252,0.4931506849315068,112
2023-03-29,1033,128,65,63,51,63,12,0.5078125,0.8095238095238095,116
2023-03-30,1033,101,74,53,43,27,10,0.7326732673267327,0.8113207547169812,117
2023-03-31,1033,126,79,97,39,47,58,0.626984126984127,0.4020618556701031,118
2023-04-01,1033,109,71,98,43,38,55,0.6513761467889908,0.4387755102040816,114
2023-04-02,1033,119,92,51,40,27,11,0.773109243697479,0.7843137254901961,132
2023-04-03,1033,113,77,66,39,36,27,0.6814159292035398,0.5909090909090909,116
2023-04-04,1033,140,74,71,42,66,29,0.5285714285714286,0.5915492957746479,116
2023-04-05,1033,109,76,96,50,33,46,0.6972477064220184,0.5208333333333334,126
2023-04-06,1033,148,88,54,38,60,16,0.5945945945945946,0.7037037037037037,126
2023-04-07,1033,116,66,84,50,50,34,0.5689655172413793,0.5952380952380952,116
2023-04-08,1033,116,83,88,25,33,63,0.7155172413793104,0.2840909090909091,108
2023-04-09,1033,120,64,66,45,56,21,0.5333333333333333,0.6818181818181818,109
2023-04-10,1033,139,87,70,42,52,28,0.6258992805755396,0.6,129
2023-04-11,1033,130,86,71,44,44,27,0.6615384615384615,0.6197183098591549,130
2023-04-12,1033,150,83,55,50,67,5,0.5533333333333333,0.9090909090909091,133
2023-04-13,1033,147,88,69,40,59,29,0.5986394557823129,0.5797101449275363,128
2023-04-14,1033,103,71,60,40,32,20,0.6893203883495146,0.6666666666666666,111
2023-04-15,1033,150,89,87,34,61,53,0.5933333333333334,0.39080459770114945,123
2023-04-16,1033,107,94,64,37,13,27,0.8785046728971962,0.578125,131
2023-04-17,1033,108,86,71,46,22,25,0.7962962962962963,0.647887323943662,132
2023-04-18,1033,109,80,85,38,29,47,0.7339449541284404,0.4470588235294118,118
2023-04-19,1033,142,84,98,40,58,58,0.5915492957746479,0.40816326530612246,124
2023-04-20,1033,126,73,82,42,53,40,0.5793650793650794,0.5121951219512195,115
2023-04-21,1033,130,75,98,30,55,68,0.5769230769230769,0.30612244897959184,105
2023-04-22,1033,140,75,87,38,65,49,0.5357142857142857,0.4367816091954023,113
2023-04-23,1033,114,85,89,38,29,51,0.7456140350877193,0.42696629213483145,123
2023-04-24,1033,132,72,66,47,60,19,0.5454545454545454,0.7121212121212122,119
2023-04-25,1033,106,86,87,42,20,45,0.8113207547169812,0.4827586206896552,128
2023-04-26,1033,148,78,89,33,70,56,0.527027027027027,0.3707865168539326,111
2023-04-27,1033,146,77,62,38,69,24,0.5273972602739726,0.6129032258064516,115
2023-04-28,1033,130,75,64,45,55,19,0.5769230769230769,0.703125,120
2023-04-29,1033,147,77,67,34,70,33,0.5238095238095238,0.5074626865671642,111
2023-04-30,1033,121,80,87,41,41,46,0.6611570247933884,0.47126436781609193,121
2023-05-01,1033,104,87,84,31,17,53,0.8365384615384616,0.36904761904761907,118
2023-05-02,1033,145,81,70,36,64,34,0.5586206896551724,0.5142857142857142,117
2023-05-03,1033,104,72,99,44,32,55,0.6923076923076923,0.4444444444444444,116
2023-05-04,1033,127,91,74,35,36,39,0.7165354330708661,0.47297297297297297,126
2023-05-05,1033,125,98,77,36,27,41,0.784,0.4675324675324675,134
2023-05-06,1033,134,74,94,39,60,55,0.5522388059701493,0.4148936170212766,113
2023-05-07,1033,123,82,99,42,41,57,0.6666666666666666,0.42424242424242425,124
2023-05-08,1033,149,74,88,28,75,60,0.49664429530201343,0.3181818181818182,102
2023-05-09,1033,127,79,66,30,48,36,0.6220472440944882,0.45454545454545453,109
2023-05-10,1033,149,81,74,42,68,32,0.5436241610738255,0.5675675675675675,123
2023-05-11,1033,106,69,78,41,37,37,0.6509433962264151,0.5256410256410257,110
2023-05-12,1033,137,72,84,41,65,43,0.5255474452554745,0.4880952380952381,113
2023-05-13,1033,101,96,81,32,5,49,0.9504950495049505,0.3950617283950617,128
2023-05-14,1033,139,90,99,37,49,62,0.6474820143884892,0.37373737373737376,127
2023-05-15,1033,141,79,84,45,62,39,0.5602836879432624,0.5357142857142857,124
2023-05-16,1033,115,68,76,37,47,39,0.591304347826087,0.4868421052631579,105
2023-05-17,1033,103,92,73,30,11,43,0.8932038834951457,0.410958904109589,122
2023-05-18,1033,104,90,90,33,14,57,0.8653846153846154,0.36666666666666664,123
2023-05-19,1033,126,71,98,43,55,55,0.5634920634920635,0.4387755102040816,114
2023-05-20,1033,142,73,62,48,69,14,0.5140845070422535,0.7741935483870968,121
2023-05-21,1033,118,67,83,37,51,46,0.5677966101694916,0.4457831325301205,104
2023-05-22,1033,127,76,51,42,51,9,0.5984251968503937,0.8235294117647058,118
2023-05-23,1033,106,70,70,33,36,37,0.660377358490566,0.4714285714285714,103
2023-05-24,1033,124,90,98,29,34,69,0.7258064516129032,0.29591836734693877,119
2023-05-25,1033,148,88,57,51,60,6,0.5945945945945946,0.8947368421052632,139
2023-05-26,1033,119,54,95,40,65,55,0.453781512605042,0.42105263157894735,94
2023-05-27,1033,101,77,96,37,24,59,0.7623762376237624,0.3854166666666667,114
2023-05-28,1033,141,65,60,48,76,12,0.46099290780141844,0.8,113
2023-05-29,1033,133,78,95,40,55,55,0.5864661654135338,0.42105263157894735,118
2023-05-30,1033,109,66,60,36,43,24,0.6055045871559633,0.6,102
2023-05-31,1033,133,83,85,35,50,50,0.6240601503759399,0.4117647058823529,118
2023-06-01,1033,143,76,61,34,67,27,0.5314685314685315,0.5573770491803278,110
2023-06-02,1033,141,91,86,32,50,54,0.6453900709219859,0.37209302325581395,123
2023-06-03,1033,105,70,68,41,35,27,0.6666666666666666,0.6029411764705882,111
2023-06-04,1033,136,79,84,43,57,41,0.5808823529411765,0.5119047619047619,122
2023-06-05,1033,102,77,60,34,25,26,0.7549019607843137,0.5666666666666667,111
2023-06-06,1033,144,64,50,36,80,14,0.4444444444444444,0.72,100
2023-06-07,1033,126,86,61,46,40,15,0.6825396825396826,0.7540983606557377,132
2023-06-08,1033,100,94,76,33,6,43,0.94,0.4342105263157895,127
2023-06-09,1033,102,77,76,43,25,33,0.7549019607843137,0.5657894736842105,120
2023-06-10,1033,109,74,95,45,35,50,0.6788990825688074,0.47368421052631576,119
2023-06-11,1033,132,91,93,50,41,43,0.6893939393939394,0.5376344086021505,141
2023-06-12,1033,122,82,66,38,40,28,0.6721311475409836,0.5757575757575758,120
2023-06-13,1033,100,77,57,46,23,11,0.77,0.8070175438596491,123
2023-06-14,1033,112,85,87,43,27,44,0.7589285714285714,0.4942528735632184,128
2023-06-15,1033,108,87,73,31,21,42,0.8055555555555556,0.4246575342465753,118
2023-06-16,1033,104,76,65,46,28,19,0.7307692307692307,0.7076923076923077,122
2023-06-17,1033,133,82,72,51,51,21,0.6165413533834586,0.7083333333333334,133
2023-06-18,1033,127,61,72,46,66,26,0.48031496062992124,0.6388888888888888,107
2023-06-19,1033,117,87,95,53,30,42,0.7435897435897436,0.5578947368421052,140
2023-06-20,1033,139,93,96,42,46,54,0.6690647482014388,0.4375,135
2023-06-21,1033,127,71,99,53,56,46,0.5590551181102362,0.5353535353535354,124
2023-06-22,1033,140,73,77,42,67,35,0.5214285714285715,0.5454545454545454,115
2023-06-23,1033,128,71,79,47,57,32,0.5546875,0.5949367088607594,118
2023-06-24,1033,133,102,77,26,31,51,0.7669172932330827,0.33766233766233766,128
2023-06-25,1033,139,83,75,38,56,37,0.5971223021582733,0.5066666666666667,121
2023-06-26,1033,133,78,60,33,55,27,0.5864661654135338,0.55,111
2023-06-27,1033,136,67,96,38,69,58,0.49264705882352944,0.3958333333333333,105
2023-06-28,1033,114,78,92,35,36,57,0.6842105263157895,0.3804347826086957,113
2023-06-29,1033,134,73,97,41,61,56,0.5447761194029851,0.422680412371134,114
2023-06-30,1033,119,88,51,43,31,8,0.7394957983193278,0.8431372549019608,131
2023-07-01,1033,121,78,51,51,43,0,0.6446280991735537,1,129
2023-07-02,1033,117,79,86,46,38,40,0.6752136752136753,0.5348837209302325,125
2023-07-03,1033,106,63,95,29,43,66,0.5943396226415094,0.30526315789473685,92
2023-07-04,1033,145,51,59,43,94,16,0.35172413793103446,0.7288135593220338,94
2023-07-05,1033,111,73,57,30,38,27,0.6576576576576577,0.5263157894736842,103
2023-07-06,1033,108,78,62,37,30,25,0.7222222222222222,0.5967741935483871,115
2023-07-07,1033,124,86,90,38,38,52,0.6935483870967742,0.4222222222222222,124
2023-07-08,1033,101,70,56,33,31,23,0.693069306930693,0.5892857142857143,103
2023-07-09,1033,137,85,74,27,52,47,0.6204379562043796,0.36486486486486486,112
2023-07-10,1033,139,76,68,42,63,26,0.5467625899280576,0.6176470588235294,118
2023-07-11,1033,128,82,87,55,46,32,0.640625,0.632183908045977,137
2023-07-12,1033,113,80,84,46,33,38,0.7079646017699115,0.5476190476190477,126
2023-07-13,1033,136,82,71,29,54,42,0.6029411764705882,0.4084507042253521,111
2023-07-14,1033,137,88,100,37,49,63,0.6423357664233577,0.37,125
2023-07-15,1033,134,72,74,36,62,38,0.5373134328358209,0.4864864864864865,108
2023-07-16,1033,136,68,75,39,68,36,0.5,0.52,107
2023-07-17,1033,123,90,65,32,33,33,0.7317073170731707,0.49230769230769234,122
2023-07-18,1033,140,76,75,38,64,37,0.5428571428571428,0.5066666666666667,114
2023-07-19,1033,143,73,62,40,70,22,0.5104895104895105,0.6451612903225806,113
2023-07-20,1033,144,67,60,39,77,21,0.4652777777777778,0.65,106
2023-07-21,1033,112,84,88,49,28,39,0.75,0.5568181818181818,133
2023-07-22,1033,128,86,77,43,42,34,0.671875,0.5584415584415584,129
2023-07-23,1033,145,84,79,50,61,29,0.5793103448275863,0.6329113924050633,134
2023-07-24,1033,145,91,59,43,54,16,0.6275862068965518,0.7288135593220338,134
2023-07-25,1033,150,83,90,47,67,43,0.5533333333333333,0.5222222222222223,130
2023-07-26,1033,105,78,50,48,27,2,0.7428571428571429,0.96,126
2023-07-27,1033,112,61,72,53,51,19,0.5446428571428571,0.7361111111111112,114
2023-07-28,1033,136,74,50,40,62,10,0.5441176470588235,0.8,114
2023-07-29,1033,148,98,97,34,50,63,0.6621621621621622,0.35051546391752575,132
2023-07-30,1033,143,89,91,33,54,58,0.6223776223776224,0.3626373626373626,122
2023-07-31,1033,140,68,73,32,72,41,0.4857142857142857,0.4383561643835616,100
2023-08-01,1033,112,76,87,46,36,41,0.6785714285714286,0.5287356321839081,122
2023-08-02,1033,137,78,57,39,59,18,0.5693430656934306,0.6842105263157895,117
2023-08-03,1033,117,85,84,54,32,30,0.7264957264957265,0.6428571428571429,139
2023-08-04,1033,134,74,80,39,60,41,0.5522388059701493,0.4875,113
2023-08-05,1033,124,77,55,37,47,18,0.6209677419354839,0.6727272727272727,114
2023-08-06,1033,100,73,98,30,27,68,0.73,0.30612244897959184,103
2023-08-07,1033,126,78,84,44,48,40,0.6190476190476191,0.5238095238095238,122
2023-08-08,1033,145,92,81,36,53,45,0.6344827586206897,0.4444444444444444,128
2023-08-09,1033,101,78,84,40,23,44,0.7722772277227723,0.47619047619047616,118
2023-08-10,1033,119,80,80,33,39,47,0.6722689075630253,0.4125,113
2023-08-11,1033,135,86,67,42,49,25,0.6370370370370371,0.6268656716417911,128
2023-08-12,1033,115,84,73,46,31,27,0.7304347826086957,0.6301369863013698,130
2023-08-13,1033,136,88,94,37,48,57,0.6470588235294118,0.39361702127659576,125
2023-08-14,1033,117,86,91,34,31,57,0.7350427350427351,0.37362637362637363,120
2023-08-15,1033,102,85,62,36,17,26,0.8333333333333334,0.5806451612903226,121
2023-08-16,1033,107,80,77,40,27,37,0.7476635514018691,0.5194805194805194,120
2023-08-17,1033,111,77,85,40,34,45,0.6936936936936937,0.47058823529411764,117
2023-08-18,1033,145,85,61,37,60,24,0.5862068965517241,0.6065573770491803,122
2023-08-19,1033,143,85,94,37,58,57,0.5944055944055944,0.39361702127659576,122
2023-08-20,1033,116,99,68,45,17,23,0.853448275862069,0.6617647058823529,144
2023-08-21,1033,119,81,98,40,38,58,0.680672268907563,0.40816326530612246,121
2023-08-22,1033,126,80,77,49,46,28,0.6349206349206349,0.6363636363636364,129
2023-08-23,1033,111,93,65,49,18,16,0.8378378378378378,0.7538461538461538,142
2023-08-24,1033,135,77,95,40,58,55,0.5703703703703704,0.42105263157894735,117
2023-08-25,1033,144,77,92,41,67,51,0.5347222222222222,0.44565217391304346,118
2023-08-26,1033,117,82,92,47,35,45,0.7008547008547008,0.5108695652173914,129
2023-08-27,1033,116,71,98,43,45,55,0.6120689655172413,0.4387755102040816,114
2023-08-28,1033,133,70,94,42,63,52,0.5263157894736842,0.44680851063829785,112
2023-08-29,1033,114,78,55,33,36,22,0.6842105263157895,0.6,111
2023-08-30,1033,106,87,98,44,19,54,0.8207547169811321,0.4489795918367347,131
2023-08-31,1033,142,81,53,37,61,16,0.5704225352112676,0.6981132075471698,118
2023-09-01,1033,101,78,60,45,23,15,0.7722772277227723,0.75,123
2023-09-02,1033,110,78,98,42,32,56,0.7090909090909091,0.42857142857142855,120
2023-09-03,1033,149,71,83,38,78,45,0.47651006711409394,0.4578313253012048,109
2023-09-04,1033,111,63,62,34,48,28,0.5675675675675675,0.5483870967741935,97
2023-09-05,1033,146,74,52,52,72,0,0.5068493150684932,1,126
2023-09-06,1033,149,82,63,53,67,10,0.5503355704697986,0.8412698412698413,135
2023-09-07,1033,136,73,80,50,63,30,0.5367647058823529,0.625,123
2023-09-08,1033,121,87,55,33,34,22,0.71900826446281,0.6,120
2023-09-09,1033,126,72,81,33,54,48,0.5714285714285714,0.4074074074074074,105
2023-09-10,1033,130,92,86,37,38,49,0.7076923076923077,0.43023255813953487,129
2023-09-11,1033,129,89,55,54,40,1,0.689922480620155,0.9818181818181818,143
2023-09-12,1033,138,84,98,47,54,51,0.6086956521739131,0.47959183673469385,131
2023-09-13,1033,146,91,84,45,55,39,0.6232876712328768,0.5357142857142857,136
2023-09-14,1033,120,75,70,47,45,23,0.625,0.6714285714285714,122
2023-09-15,1033,149,78,58,38,71,20,0.5234899328859061,0.6551724137931034,116
2023-09-16,1033,150,98,78,31,52,47,0.6533333333333333,0.3974358974358974,129
2023-09-17,1033,102,67,91,45,35,46,0.6568627450980392,0.4945054945054945,112
2023-09-18,1033,104,83,58,32,21,26,0.7980769230769231,0.5517241379310345,115
2023-09-19,1033,132,75,82,34,57,48,0.5681818181818182,0.4146341463414634,109
2023-09-20,1033,149,80,53,45,69,8,0.5369127516778524,0.8490566037735849,125
2023-09-21,1033,107,86,99,40,21,59,0.8037383177570093,0.40404040404040403,126
2023-09-22,1033,149,92,87,35,57,52,0.6174496644295302,0.40229885057471265,127
2023-09-23,1033,124,71,64,33,53,31,0.5725806451612904,0.515625,104
2023-09-24,1033,147,89,79,35,58,44,0.6054421768707483,0.4430379746835443,124
2023-09-25,1033,129,74,81,45,55,36,0.5736434108527132,0.5555555555555556,119
2023-09-26,1033,121,89,55,39,32,16,0.7355371900826446,0.7090909090909091,128
2023-09-27,1033,102,81,69,29,21,40,0.7941176470588235,0.42028985507246375,110
2023-09-28,1033,115,77,72,37,38,35,0.6695652173913044,0.5138888888888888,114
2023-09-29,1033,134,78,86,38,56,48,0.582089552238806,0.4418604651162791,116
2023-09-30,1033,109,91,69,39,18,30,0.8348623853211009,0.5652173913043478,130
2023-10-01,1033,150,83,58,31,67,27,0.5533333333333333,0.5344827586206896,114
2023-10-02,1033,109,99,77,41,10,36,0.908256880733945,0.5324675324675324,140
2023-10-03,1033,116,79,97,40,37,57,0.6810344827586207,0.41237113402061853,119
2023-10-04,1033,120,78,68,49,42,19,0.65,0.7205882352941176,127
2023-10-05,1033,116,64,61,29,52,32,0.5517241379310345,0.47540983606557374,93
2023-10-06,1033,119,85,78,32,34,46,0.7142857142857143,0.41025641025641024,117
2023-10-07,1033,135,67,68,28,68,40,0.4962962962962963,0.4117647058823529,95
2023-10-08,1033,147,94,95,42,53,53,0.6394557823129252,0.4421052631578947,136
2023-10-09,1033,130,74,67,59,56,8,0.5692307692307692,0.8805970149253731,133
2023-10-10,1033,138,84,89,31,54,58,0.6086956521739131,0.34831460674157305,115
2023-10-11,1033,125,82,78,36,43,42,0.656,0.46153846153846156,118
2023-10-12,1033,104,87,93,41,17,52,0.8365384615384616,0.44086021505376344,128
2023-10-13,1033,144,82,75,30,62,45,0.5694444444444444,0.4,112
2023-10-14,1033,150,94,84,37,56,47,0.6266666666666667,0.44047619047619047,131
2023-10-15,1033,131,84,77,41,47,36,0.6412213740458015,0.5324675324675324,125
2023-10-16,1033,150,78,59,45,72,14,0.52,0.7627118644067796,123
2023-10-17,1033,113,64,70,49,49,21,0.5663716814159292,0.7,113
2023-10-18,1033,100,83,71,47,17,24,0.83,0.6619718309859155,130
2023-10-19,1033,107,92,52,35,15,17,0.8598130841121495,0.6730769230769231,127
2023-10-20,1033,104,72,80,41,32,39,0.6923076923076923,0.5125,113
2023-10-21,1033,136,85,99,44,51,55,0.625,0.4444444444444444,129
2023-10-22,1033,125,96,59,40,29,19,0.768,0.6779661016949152,136
2023-10-23,1033,149,77,95,34,72,61,0.5167785234899329,0.35789473684210527,111
2023-10-24,1033,120,97,81,38,23,43,0.8083333333333333,0.4691358024691358,135
2023-10-25,1033,142,72,99,48,70,51,0.5070422535211268,0.48484848484848486,120
2023-10-26,1033,100,73,84,43,27,41,0.73,0.5119047619047619,116
2023-10-27,1033,117,90,90,48,27,42,0.7692307692307693,0.5333333333333333,138
2023-10-28,1033,105,68,70,34,37,36,0.6476190476190476,0.4857142857142857,102
2023-10-29,1033,134,84,83,34,50,49,0.6268656716417911,0.40963855421686746,118
2023-10-30,1033,106,83,82,29,23,53,0.78301886792452835,0.35365853658536583,112
2023-10-31,1033,113,76,71,40,37,31,0.672566371681416,0.5633802816901409,116
2023-11-01,1033,121,72,98,35,49,63,0.5950413223140496,0.35714285714285715,107
2023-11-02,1033,140,82,100,42,58,58,0.5857142857142857,0.42,124
2023-11-03,1033,139,74,75,53,65,22,0.5323741007194245,0.7066666666666667,127
2023-11-04,1033,121,58,91,34,63,57,0.4793388429752066,0.37362637362637363,92
2023-11-05,1033,101,88,74,46,13,28,0.8712871287128713,0.6216216216216216,134
2023-11-06,1033,135,76,63,40,59,23,0.562962962962963,0.6349206349206349,116
2023-11-07,1033,138,74,95,31,64,64,0.5362318840579711,0.3263157894736842,105
2023-11-08,1033,145,73,81,50,72,31,0.503448275862069,0.6172839506172839,123
2023-11-09,1033,138,84,91,38,54,53,0.6086956521739131,0.4175824175824176,122
2023-11-10,1033,106,85,58,43,21,15,0.8018867924528302,0.7413793103448276,128
2023-11-11,1033,136,86,91,50,50,41,0.6323529411764706,0.5494505494505495,136
2023-11-12,1033,145,78,54,53,67,1,0.5379310344827586,0.9814814814814815,131
2023-11-13,1033,133,87,70,38,46,32,0.6541353383458647,0.5428571428571428,125
2023-11-14,1033,134,97,57,42,37,15,0.7238805970149254,0.7368421052631579,139
2023-11-15,1033,131,93,69,34,38,35,0.7099236641221374,0.4927536231884058,127
2023-11-16,1033,118,71,75,42,47,33,0.6016949152542372,0.56,113
2023-11-17,1033,146,79,56,40,67,16,0.541095890410959,0.7142857142857143,119
2023-11-18,1033,129,70,74,37,59,37,0.5426356589147286,0.5,107
2023-11-19,1033,108,83,50,37,25,13,0.7685185185185185,0.74,120
2023-11-20,1033,103,84,95,34,19,61,0.8155339805825242,0.35789473684210527,118
2023-11-21,1033,105,95,60,37,10,23,0.9047619047619048,0.6166666666666667,132
2023-11-22,1033,135,88,92,39,47,53,0.6518518518518519,0.42391304347826086,127
2023-11-23,1033,102,82,58,36,20,22,0.803921568627451,0.6206896551724138,118
2023-11-24,1033,142,73,87,42,69,45,0.5140845070422535,0.4827586206896552,115
2023-11-25,1033,118,93,98,44,25,54,0.788135593220339,0.4489795918367347,137
2023-11-26,1033,106,76,98,45,30,53,0.71698113207547165,0.45918367346938777,121
2023-11-27,1033,148,91,76,30,57,46,0.6148648648648649,0.39473684210526316,121
2023-11-28,1033,144,77,52,45,67,7,0.5347222222222222,0.8653846153846154,122
2023-11-29,1033,137,90,60,36,47,24,0.656934306569343,0.6,126
2023-11-30,1033,102,77,79,47,25,32,0.7549019607843137,0.5949367088607594,124
2023-12-01,1033,123,80,61,34,43,27,0.6504065040650406,0.5573770491803278,114
2023-12-02,1033,142,70,81,32,72,49,0.49295774647887325,0.3950617283950617,102
2023-12-03,1033,142,75,75,41,67,34,0.528169014084507,0.5466666666666666,116
2023-12-04,1033,112,75,68,40,37,28,0.6696428571428571,0.5882352941176471,115
2023-12-05,1033,111,81,75,38,30,37,0.7297297297297297,0.5066666666666667,119
2023-12-06,1033,100,95,69,33,5,36,0.95,0.4782608695652174,128
2023-12-07,1033,136,75,54,45,61,9,0.5514705882352942,0.8333333333333334,120
2023-12-08,1033,134,80,89,36,54,53,0.5970149253731343,0.4044943820224719,116
2023-12-09,1033,118,82,85,44,36,41,0.6949152542372882,0.5176470588235295,126
2023-12-10,1033,122,98,99,34,24,65,0.8032786885245902,0.3434343434343434,132
2023-12-11,1033,116,79,65,39,37,26,0.6810344827586207,0.6,118
2023-12-12,1033,144,89,88,42,55,46,0.6180555555555556,0.4772727272727273,131
2023-12-13,1033,120,70,75,27,50,48,0.5833333333333334,0.36,97
2023-12-14,1033,125,100,65,35,25,30,0.8,0.5384615384615384,135
2023-12-15,1033,102,91,84,38,11,46,0.8921568627450981,0.4523809523809524,129
2023-12-16,1033,120,79,74,37,41,37,0.6583333333333333,0.5,116
2023-12-17,1033,131,82,59,42,49,17,0.6259541984732825,0.711864406779661,124
2023-12-18,1033,101,71,55,46,30,9,0.7029702970297029,0.8363636363636363,117
2023-12-19,1033,127,67,58,48,60,10,0.5275590551181102,0.8275862068965517,115
2023-12-20,1033,144,104,85,45,40,40,0.7222222222222222,0.5294117647058824,149
2023-12-21,1033,139,77,63,34,62,29,0.5539568345323741,0.5396825396825397,111
2023-12-22,1033,113,70,90,36,43,54,0.6194690265486725,0.4,106
2023-12-23,1033,123,71,86,39,52,47,0.5772357723577236,0.45348837209302323,110
2023-12-24,1033,109,82,71,36,27,35,0.7522935779816514,0.5070422535211268,118
2023-12-25,1033,148,75,98,26,73,72,0.5067567567567568,0.2653061224489796,101
2023-12-26,1033,119,90,89,44,29,45,0.7563025210084033,0.4943820224719101,134
2023-12-27,1033,124,78,70,41,46,29,0.6290322580645161,0.5857142857142857,119
2023-12-28,1033,108,74,60,32,34,28,0.6851851851851852,0.5333333333333333,106
2023-12-29,1033,121,66,74,36,55,38,0.5454545454545454,0.4864864864864865,102
2023-12-30,1033,131,106,84,40,25,44,0.8091603053435115,0.47619047619047616,146
2023-12-31,1033,116,65,87,44,51,43,0.5603448275862069,0.5057471264367817,109
2023-01-01,1034,132,79,75,39,53,36,0.5984848484848485,0.52,118
2023-01-02,1034,139,83,76,28,56,48,0.5971223021582733,0.3684210526315789,111
2023-01-03,1034,149,83,100,50,66,50,0.5570469798657718,0.5,133
2023-01-04,1034,120,72,100,42,48,58,0.6,0.42,114
2023-01-05,1034,147,91,89,38,56,51,0.6190476190476191,0.42696629213483145,129
2023-01-06,1034,148,91,92,45,57,47,0.6148648648648649,0.4891304347826087,136
2023-01-07,1034,127,77,61,34,50,27,0.6062992125984252,0.5573770491803278,111
2023-01-08,1034,119,73,87,46,46,41,0.6134453781512605,0.5287356321839081,119
2023-01-09,1034,136,64,65,40,72,25,0.47058823529411764,0.6153846153846154,104
2023-01-10,1034,149,76,65,41,73,24,0.5100671140939598,0.6307692307692307,117
2023-01-11,1034,133,81,68,54,52,14,0.6090225563909775,0.7941176470588235,135
2023-01-12,1034,120,62,92,43,58,49,0.5166666666666667,0.4673913043478261,105
2023-01-13,1034,104,91,96,30,13,66,0.875,0.3125,121
2023-01-14,1034,126,92,85,37,34,48,0.7301587301587301,0.43529411764705883,129
2023-01-15,1034,129,78,87,45,51,42,0.6046511627906976,0.5172413793103449,123
2023-01-16,1034,129,74,85,40,55,45,0.5736434108527132,0.47058823529411764,114
2023-01-17,1034,108,68,67,42,40,25,0.6296296296296297,0.6268656716417911,110
2023-01-18,1034,120,75,89,45,45,44,0.625,0.5056179775280899,120
2023-01-19,1034,136,99,92,41,37,51,0.7279411764705882,0.44565217391304346,140
2023-01-20,1034,106,71,86,37,35,49,0.6698113207547169,0.43023255813953487,108
2023-01-21,1034,112,76,54,42,36,12,0.6785714285714286,0.7777777777777778,118
2023-01-22,1034,132,84,71,34,48,37,0.6363636363636364,0.4788732394366197,118
2023-01-23,1034,138,71,94,46,67,48,0.5144927536231884,0.48936170212765956,117
2023-01-24,1034,107,79,99,48,28,51,0.7383177570093458,0.48484848484848486,127
2023-01-25,1034,146,84,96,36,62,60,0.5753424657534246,0.375,120
2023-01-26,1034,123,69,98,32,54,66,0.5609756097560976,0.32653061224489793,101
2023-01-27,1034,122,78,55,50,44,5,0.639344262295082,0.9090909090909091,128
2023-01-28,1034,119,89,64,33,30,31,0.7478991596638656,0.515625,122
2023-01-29,1034,117,86,54,35,31,19,0.7350427350427351,0.6481481481481481,121
2023-01-30,1034,114,76,86,45,38,41,0.6666666666666666,0.5232558139534884,121
2023-01-31,1034,102,84,64,42,18,22,0.8235294117647058,0.65625,126
2023-02-01,1034,119,77,92,40,42,52,0.6470588235294118,0.43478260869565216,117
2023-02-02,1034,110,73,99,32,37,67,0.6636363636363637,0.32323232323232326,105
2023-02-03,1034,113,77,89,40,36,49,0.6814159292035398,0.449438202247191,117
2023-02-04,1034,113,79,98,45,34,53,0.6991150442477876,0.45918367346938777,124
2023-02-05,1034,108,76,63,43,32,20,0.7037037037037037,0.6825396825396826,119
2023-02-06,1034,118,72,61,40,46,21,0.6101694915254238,0.6557377049180327,112
2023-02-07,1034,126,89,66,42,37,24,0.7063492063492064,0.6363636363636364,131
2023-02-08,1034,116,80,64,34,36,30,0.6896551724137931,0.53125,114
2023-02-09,1034,113,72,99,41,41,58,0.6371681415929203,0.41414141414141414,113
2023-02-10,1034,112,89,52,36,23,16,0.7946428571428571,0.6923076923076923,125
2023-02-11,1034,122,68,82,44,54,38,0.5573770491803278,0.5365853658536586,112
2023-02-12,1034,149,98,75,47,51,28,0.6577181208053692,0.6266666666666667,145
2023-02-13,1034,135,90,85,29,45,56,0.6666666666666666,0.3411764705882353,119
2023-02-14,1034,119,82,94,49,37,45,0.6890756302521008,0.5212765957446809,131
2023-02-15,1034,108,80,60,51,28,9,0.7407407407407407,0.85,131
2023-02-16,1034,143,77,69,29,66,40,0.5384615384615384,0.42028985507246375,106
2023-02-17,1034,138,77,73,36,61,37,0.5579710144927537,0.4931506849315068,113
2023-02-18,1034,103,87,78,38,16,40,0.8446601941747572,0.48717948717948717,125
2023-02-19,1034,140,73,58,38,67,20,0.5214285714285715,0.6551724137931034,111
2023-02-20,1034,125,80,93,48,45,45,0.64,0.5161290322580645,128
2023-02-21,1034,122,77,77,35,45,42,0.6311475409836066,0.45454545454545453,112
2023-02-22,1034,121,97,57,32,24,25,0.8016528925619835,0.5614035087719298,129
2023-02-23,1034,145,81,66,39,64,27,0.5586206896551724,0.5909090909090909,120
2023-02-24,1034,112,61,50,44,51,6,0.5446428571428571,0.88,105
2023-02-25,1034,103,77,65,44,26,21,0.7475728155339806,0.676923076923077,121
2023-02-26,1034,100,81,75,35,19,40,0.81,0.4666666666666667,116
2023-02-27,1034,109,75,74,40,34,34,0.6880733944954128,0.5405405405405406,115
2023-02-28,1034,112,73,65,37,39,28,0.6517857142857143,0.5692307692307692,110
2023-03-01,1034,142,84,54,45,58,9,0.5915492957746479,0.8333333333333334,129
2023-03-02,1034,113,92,93,51,21,42,0.8141592920353983,0.5483870967741935,143
2023-03-03,1034,145,85,51,48,60,3,0.5862068965517241,0.9411764705882353,133
2023-03-04,1034,141,85,56,38,56,18,0.6028368794326241,0.6785714285714286,123
2023-03-05,1034,106,80,93,39,26,54,0.7547169811320755,0.41935483870967744,119
2023-03-06,1034,111,86,83,52,25,31,0.7747747747747747,0.6265060240963856,138
2023-03-07,1034,114,78,59,48,36,11,0.6842105263157895,0.8135593220338984,126
2023-03-08,1034,122,66,67,43,56,24,0.5409836065573771,0.6417910447761194,109
2023-03-09,1034,102,78,82,49,24,33,0.7647058823529411,0.5975609756097561,127
2023-03-10,1034,145,80,92,39,65,53,0.5517241379310345,0.42391304347826086,119
2023-03-11,1034,105,91,61,35,14,26,0.8666666666666667,0.5737704918032787,126
2023-03-12,1034,107,101,65,57,6,8,0.9439252336448598,0.8769230769230769,158
2023-03-13,1034,113,68,63,37,45,26,0.6017699115044248,0.5873015873015873,105
2023-03-14,1034,113,81,100,37,32,63,0.7168141592920354,0.37,118
2023-03-15,1034,102,90,91,56,12,35,0.8823529411764706,0.6153846153846154,146
2023-03-16,1034,125,77,98,40,48,58,0.616,0.40816326530612246,117
2023-03-17,1034,111,96,64,58,15,6,0.8648648648648649,0.90625,154
2023-03-18,1034,149,86,90,36,63,54,0.5771812080536913,0.4,122
2023-03-19,1034,102,86,71,35,16,36,0.8431372549019608,0.49295774647887325,121
2023-03-20,1034,100,89,54,45,11,9,0.89,0.8333333333333334,134
2023-03-21,1034,147,70,55,36,77,19,0.47619047619047616,0.6545454545454545,106
2023-03-22,1034,131,69,99,29,62,70,0.5267175572519084,0.29292929292929293,98
2023-03-23,1034,102,78,75,36,24,39,0.7647058823529411,0.48,114
2023-03-24,1034,106,91,79,43,15,36,0.8584905660377359,0.5443037974683544,134
2023-03-25,1034,131,74,77,40,57,37,0.5648854961832062,0.5194805194805194,114
2023-03-26,1034,127,87,82,36,40,46,0.6850393700787402,0.43902439024390244,123
2023-03-27,1034,135,81,66,46,54,20,0.6,0.696969696969697,127
2023-03-28,1034,104,83,55,39,21,16,0.7980769230769231,0.7090909090909091,122
2023-03-29,1034,123,81,68,32,42,36,0.6585365853658537,0.47058823529411764,113
2023-03-30,1034,104,93,60,35,11,25,0.8942307692307693,0.5833333333333334,128
2023-03-31,1034,145,77,81,36,68,45,0.5310344827586206,0.4444444444444444,113
2023-04-01,1034,113,79,88,27,34,61,0.6991150442477876,0.3068181818181818,106
2023-04-02,1034,121,93,94,39,28,55,0.768595041322314,0.4148936170212766,132
2023-04-03,1034,129,76,99,38,53,61,0.5891472868217055,0.3838383838383838,114
2023-04-04,1034,147,98,51,28,49,23,0.6666666666666666,0.5490196078431373,126
2023-04-05,1034,148,71,72,34,77,38,0.4797297297297297,0.4722222222222222,105
2023-04-06,1034,141,77,91,40,64,51,0.5460992907801419,0.43956043956043955,117
2023-04-07,1034,118,88,50,37,30,13,0.7457627118644068,0.74,125
2023-04-08,1034,140,86,51,46,54,5,0.6142857142857143,0.9019607843137255,132
2023-04-09,1034,109,100,93,31,9,62,0.9174311926605505,0.3333333333333333,131
2023-04-10,1034,129,59,66,49,70,17,0.4573643410852713,0.7424242424242424,108
2023-04-11,1034,132,80,76,38,52,38,0.6060606060606061,0.5,118
2023-04-12,1034,135,72,88,53,63,35,0.5333333333333333,0.6022727272727273,125
2023-04-13,1034,123,84,100,53,39,47,0.6829268292682927,0.53,137
2023-04-14,1034,122,67,59,36,55,23,0.5491803278688525,0.6101694915254238,103
2023-04-15,1034,110,89,73,49,21,24,0.8090909090909091,0.6712328767123288,138
2023-04-16,1034,125,88,70,40,37,30,0.704,0.5714285714285714,128
2023-04-17,1034,136,83,56,30,53,26,0.6102941176470589,0.5357142857142857,113
2023-04-18,1034,119,72,84,45,47,39,0.6050420168067226,0.5357142857142857,117
2023-04-19,1034,129,93,73,46,36,27,0.7209302325581395,0.6301369863013698,139
2023-04-20,1034,147,73,77,40,74,37,0.4965986394557823,0.5194805194805194,113
2023-04-21,1034,113,75,58,36,38,22,0.6637168141592921,0.6206896551724138,111
2023-04-22,1034,114,69,99,41,45,58,0.6052631578947368,0.41414141414141414,110
2023-04-23,1034,118,98,87,40,20,47,0.8305084745762712,0.45977011494252873,138
2023-04-24,1034,147,90,76,41,57,35,0.6122448979591837,0.5394736842105263,131
2023-04-25,1034,134,72,81,40,62,41,0.5373134328358209,0.49382716049382713,112
2023-04-26,1034,144,85,57,26,59,31,0.5902777777777778,0.45614035087719296,111
2023-04-27,1034,100,88,66,34,12,32,0.88,0.5151515151515151,122
2023-04-28,1034,110,90,93,46,20,47,0.8181818181818182,0.4946236559139785,136
2023-04-29,1034,110,88,85,40,22,45,0.8,0.47058823529411764,128
2023-04-30,1034,145,78,69,31,67,38,0.5379310344827586,0.4492753623188406,109
2023-05-01,1034,149,69,63,36,80,27,0.46308724832214765,0.5714285714285714,105
2023-05-02,1034,136,74,99,41,62,58,0.5441176470588235,0.41414141414141414,115
2023-05-03,1034,114,79,95,48,35,47,0.6929824561403509,0.5052631578947369,127
2023-05-04,1034,131,89,75,34,42,41,0.6793893129770993,0.4533333333333333,123
2023-05-05,1034,121,87,61,39,34,22,0.71900826446281,0.639344262295082,126
2023-05-06,1034,148,63,95,55,85,40,0.42567567567567566,0.5789473684210527,118
2023-05-07,1034,105,80,50,41,25,9,0.7619047619047619,0.82,121
2023-05-08,1034,144,84,63,45,60,18,0.5833333333333334,0.7142857142857143,129
2023-05-09,1034,104,89,86,42,15,44,0.8557692307692307,0.4883720930232558,131
2023-05-10,1034,141,70,76,33,71,43,0.49645390070921985,0.4342105263157895,103
2023-05-11,1034,105,66,72,47,39,25,0.6285714285714286,0.6527777777777778,113
2023-05-12,1034,108,88,50,39,20,11,0.8148148148148148,0.78,127
2023-05-13,1034,129,96,86,44,33,42,0.7441860465116279,0.5116279069767442,140
2023-05-14,1034,107,87,62,50,20,12,0.8130841121495327,0.8064516129032258,137
2023-05-15,1034,130,76,100,25,54,75,0.5846153846153846,0.25,101
2023-05-16,1034,136,83,63,38,53,25,0.6102941176470589,0.6031746031746031,121
2023-05-17,1034,139,72,55,33,67,22,0.5179856115107914,0.6,105
2023-05-18,1034,143,76,63,47,67,16,0.5314685314685315,0.746031746031746,123
2023-05-19,1034,122,70,96,49,52,47,0.5737704918032787,0.5104166666666666,119
2023-05-20,1034,144,79,70,38,65,32,0.5486111111111112,0.5428571428571428,117
2023-05-21,1034,107,77,66,42,30,24,0.719626168224299,0.6363636363636364,119
2023-05-22,1034,133,75,100,40,58,60,0.5639097744360902,0.4,115
2023-05-23,1034,135,70,90,30,65,60,0.5185185185185185,0.3333333333333333,100
2023-05-24,1034,112,91,65,38,21,27,0.8125,0.5846153846153846,129
2023-05-25,1034,135,93,50,47,42,3,0.6888888888888889,0.94,140
2023-05-26,1034,109,81,81,47,28,34,0.7431192660550459,0.5802469135802469,128
2023-05-27,1034,141,90,88,40,51,48,0.6382978723404256,0.45454545454545453,130
2023-05-28,1034,122,60,80,46,62,34,0.4918032786885246,0.575,106
2023-05-29,1034,114,74,62,34,40,28,0.6491228070175439,0.5483870967741935,108
2023-05-30,1034,129,80,59,47,49,12,0.6201550387596899,0.7966101694915254,127
2023-05-31,1034,120,74,98,44,46,54,0.6166666666666667,0.4489795918367347,118
2023-06-01,1034,127,86,63,50,41,13,0.6771653543307087,0.7936507936507936,136
2023-06-02,1034,137,88,81,30,49,51,0.6423357664233577,0.37037037037037035,118
2023-06-03,1034,145,81,90,37,64,53,0.5586206896551724,0.4111111111111111,118
2023-06-04,1034,140,86,95,41,54,54,0.6142857142857143,0.43157894736842106,127
2023-06-05,1034,115,73,52,42,42,10,0.6347826086956522,0.8076923076923077,115
2023-06-06,1034,114,72,91,33,42,58,0.631578947368421,0.3626373626373626,105
2023-06-07,1034,118,79,58,42,39,16,0.6694915254237288,0.7241379310344828,121
2023-06-08,1034,140,77,91,39,63,52,0.55,0.42857142857142855,116
2023-06-09,1034,102,71,74,43,31,31,0.696078431372549,0.581081081081081,114
2023-06-10,1034,111,79,99,36,32,63,0.7117117117117117,0.36363636363636365,115
2023-06-11,1034,135,89,82,41,46,41,0.6592592592592592,0.5,130
2023-06-12,1034,148,112,90,43,36,47,0.7567567567567568,0.4777777777777778,155
2023-06-13,1034,112,74,70,46,38,24,0.6607142857142857,0.6571428571428571,120
2023-06-14,1034,117,96,79,36,21,43,0.8205128205128205,0.45569620253164556,132
2023-06-15,1034,102,90,74,39,12,35,0.8823529411764706,0.527027027027027,129
2023-06-16,1034,134,81,98,38,53,60,0.6044776119402985,0.3877551020408163,119
2023-06-17,1034,109,73,87,39,36,48,0.6697247706422018,0.4482758620689655,112
2023-06-18,1034,131,75,88,35,56,53,0.5725190839694656,0.3977272727272727,110
2023-06-19,1034,116,88,50,49,28,1,0.7586206896551724,0.98,137
2023-06-20,1034,102,87,79,28,15,51,0.8529411764705882,0.35443037974683544,115
2023-06-21,1034,123,98,52,41,25,11,0.7967479674796748,0.7884615384615384,139
2023-06-22,1034,141,85,57,40,56,17,0.6028368794326241,0.7017543859649122,125
2023-06-23,1034,108,82,95,35,26,60,0.7592592592592593,0.3684210526315789,117
2023-06-24,1034,148,84,89,38,64,51,0.5675675675675675,0.42696629213483145,122
2023-06-25,1034,130,77,61,43,53,18,0.5923076923076923,0.7049180327868853,120
2023-06-26,1034,100,80,79,30,20,49,0.8,0.379746835443038,110
2023-06-27,1034,117,81,52,46,36,6,0.6923076923076923,0.8846153846153846,127
2023-06-28,1034,105,80,73,33,25,40,0.7619047619047619,0.4520547945205479,113
2023-06-29,1034,134,78,63,47,56,16,0.582089552238806,0.746031746031746,125
2023-06-30,1034,136,80,92,47,56,45,0.5882352941176471,0.5108695652173914,127
2023-07-01,1034,133,85,57,47,48,10,0.6390977443609023,0.8245614035087719,132
2023-07-02,1034,146,72,83,49,74,34,0.4931506849315068,0.5903614457831325,121
2023-07-03,1034,100,89,68,48,11,20,0.89,0.7058823529411765,137
2023-07-04,1034,102,79,78,40,23,38,0.7745098039215687,0.5128205128205128,119
2023-07-05,1034,116,94,53,45,22,8,0.8103448275862069,0.8490566037735849,139
2023-07-06,1034,102,78,50,36,24,14,0.7647058823529411,0.72,114
2023-07-07,1034,114,81,72,35,33,37,0.7105263157894737,0.4861111111111111,116
2023-07-08,1034,136,72,93,48,64,45,0.5294117647058824,0.5161290322580645,120
2023-07-09,1034,138,79,88,34,59,54,0.572463768115942,0.38636363636363635,113
2023-07-10,1034,118,98,54,39,20,15,0.8305084745762712,0.7222222222222222,137
2023-07-11,1034,143,70,99,42,73,57,0.48951048951048953,0.42424242424242425,112
2023-07-12,1034,110,82,92,42,28,50,0.7454545454545455,0.45652173913043476,124
2023-07-13,1034,138,94,92,36,44,56,0.6811594202898551,0.391304347826087,130
2023-07-14,1034,125,83,62,40,42,22,0.664,0.6451612903225806,123
2023-07-15,1034,142,90,54,35,52,19,0.6338028169014085,0.6481481481481481,125
2023-07-16,1034,118,77,54,34,41,20,0.652542372881356,0.6296296296296297,111
2023-07-17,1034,112,77,81,33,35,48,0.6875,0.4074074074074074,110
2023-07-18,1034,127,80,63,37,47,26,0.6299212598425197,0.5873015873015873,117
2023-07-19,1034,115,75,79,43,40,36,0.6521739130434783,0.5443037974683544,118
2023-07-20,1034,146,83,53,35,63,18,0.5684931506849316,0.660377358490566,118
2023-07-21,1034,124,83,77,38,41,39,0.6693548387096774,0.4935064935064935,121
2023-07-22,1034,135,69,80,35,66,45,0.5111111111111111,0.4375,104
2023-07-23,1034,118,64,62,39,54,23,0.5423728813559322,0.6290322580645161,103
2023-07-24,1034,115,70,84,41,45,43,0.6086956521739131,0.4880952380952381,111
2023-07-25,1034,115,75,60,42,40,18,0.6521739130434783,0.7,117
2023-07-26,1034,123,62,71,36,61,35,0.5040650406504065,0.5070422535211268,98
2023-07-27,1034,106,79,74,40,27,34,0.7452830188679245,0.5405405405405406,119
2023-07-28,1034,130,77,65,51,53,14,0.5923076923076923,0.7846153846153846,128
2023-07-29,1034,115,90,78,50,25,28,0.782608695652174,0.6410256410256411,140
2023-07-30,1034,150,84,86,49,66,37,0.56,0.5697674418604651,133
2023-07-31,1034,112,80,100,38,32,62,0.7142857142857143,0.38,118
2023-08-01,1034,149,91,88,40,58,48,0.610738255033557,0.45454545454545453,131
2023-08-02,1034,131,77,85,42,54,43,0.5877862595419847,0.49411764705882355,119
2023-08-03,1034,101,63,84,47,38,37,0.6237623762376238,0.5595238095238095,110
2023-08-04,1034,120,88,70,46,32,24,0.7333333333333333,0.6571428571428571,134
2023-08-05,1034,129,73,81,31,56,50,0.5658914728682171,0.38271604938271603,104
2023-08-06,1034,146,83,86,50,63,36,0.5684931506849316,0.5813953488372093,133
2023-08-07,1034,104,69,56,48,35,8,0.6634615384615384,0.8571428571428571,117
2023-08-08,1034,107,68,73,28,39,45,0.6355140186915887,0.3835616438356164,96
2023-08-09,1034,141,71,94,35,70,59,0.5035460992907801,0.3723404255319149,106
2023-08-10,1034,146,88,85,29,58,56,0.6027397260273972,0.3411764705882353,117
2023-08-11,1034,105,79,96,39,26,57,0.7523809523809524,0.40625,118
2023-08-12,1034,131,79,91,38,52,53,0.6030534351145038,0.4175824175824176,117
2023-08-13,1034,146,70,97,33,76,64,0.4794520547945205,0.3402061855670103,103
2023-08-14,1034,126,76,97,48,50,49,0.6031746031746031,0.4948453608247423,124
2023-08-15,1034,118,76,80,41,42,39,0.6440677966101694,0.5125,117
2023-08-16,1034,112,73,97,42,39,55,0.6517857142857143,0.4329896907216495,115
2023-08-17,1034,141,86,90,36,55,54,0.6099290780141844,0.4,122
2023-08-18,1034,106,72,68,50,34,18,0.6792452830188679,0.7352941176470589,122
2023-08-19,1034,136,81,95,38,55,57,0.5955882352941176,0.4,119
2023-08-20,1034,101,82,57,46,19,11,0.8118811881188119,0.8070175438596491,128
2023-08-21,1034,148,87,63,35,61,28,0.5878378378378378,0.5555555555555556,122
2023-08-22,1034,132,80,68,37,52,31,0.6060606060606061,0.5441176470588235,117
2023-08-23,1034,111,79,93,38,32,55,0.7117117117117117,0.40860215053763443,117
2023-08-24,1034,145,76,94,39,69,55,0.5241379310344828,0.4148936170212766,115
2023-08-25,1034,150,76,68,43,74,25,0.5066666666666667,0.6323529411764706,119
2023-08-26,1034,144,61,59,32,83,27,0.4236111111111111,0.5423728813559322,93
2023-08-27,1034,144,87,67,47,57,20,0.6041666666666666,0.7014925373134329,134
2023-08-28,1034,111,88,56,28,23,28,0.7927927927927928,0.5,116
2023-08-29,1034,136,80,85,42,56,43,0.5882352941176471,0.49411764705882355,122
2023-08-30,1034,101,67,81,35,34,46,0.6633663366336634,0.43209876543209874,102
2023-08-31,1034,141,84,82,32,57,50,0.5957446808510638,0.3902439024390244,116
2023-09-01,1034,144,83,51,39,61,12,0.5763888888888888,0.7647058823529411,122
2023-09-02,1034,134,73,85,29,61,56,0.5447761194029851,0.3411764705882353,102
2023-09-03,1034,121,78,100,54,43,46,0.6446280991735537,0.54,132
2023-09-04,1034,136,66,68,39,70,29,0.4852941176470588,0.5735294117647058,105
2023-09-05,1034,133,73,56,35,60,21,0.5488721804511278,0.625,108
2023-09-06,1034,108,65,83,49,43,34,0.6018518518518519,0.5903614457831325,114
2023-09-07,1034,124,104,74,43,20,31,0.8387096774193549,0.581081081081081,147
2023-09-08,1034,149,69,83,37,80,46,0.46308724832214765,0.4457831325301205,106
2023-09-09,1034,126,85,77,38,41,39,0.6746031746031746,0.4935064935064935,123
2023-09-10,1034,135,97,81,36,38,45,0.7185185185185186,0.4444444444444444,133
2023-09-11,1034,129,80,78,34,49,44,0.6201550387596899,0.4358974358974359,114
2023-09-12,1034,146,81,60,34,65,26,0.5547945205479452,0.5666666666666667,115
2023-09-13,1034,128,93,95,41,35,54,0.7265625,0.43157894736842106,134
2023-09-14,1034,109,78,99,44,31,55,0.7155963302752294,0.4444444444444444,122
2023-09-15,1034,143,69,83,32,74,51,0.4825174825174825,0.3855421686746988,101
2023-09-16,1034,113,87,51,43,26,8,0.7699115044247787,0.8431372549019608,130
2023-09-17,1034,119,67,80,49,52,31,0.5630252100840336,0.6125,116
2023-09-18,1034,144,81,97,58,63,39,0.5625,0.5979381443298969,139
2023-09-19,1034,120,81,55,36,39,19,0.675,0.6545454545454545,117
2023-09-20,1034,107,83,55,45,24,10,0.7757009345794392,0.8181818181818182,128
2023-09-21,1034,143,86,67,50,57,17,0.6013986013986014,0.746268656716418,136
2023-09-22,1034,102,97,74,42,5,32,0.9509803921568627,0.5675675675675675,139
2023-09-23,1034,132,84,79,26,48,53,0.6363636363636364,0.3291139240506329,110
2023-09-24,1034,117,73,55,41,44,14,0.6239316239316239,0.7454545454545455,114
2023-09-25,1034,133,61,59,40,72,19,0.45864661654135336,0.6779661016949152,101
2023-09-26,1034,143,88,69,46,55,23,0.6153846153846154,0.6666666666666666,134
2023-09-27,1034,131,60,51,42,71,9,0.4580152671755725,0.8235294117647058,102
2023-09-28,1034,135,72,55,30,63,25,0.5333333333333333,0.5454545454545454,102
2023-09-29,1034,126,77,79,38,49,41,0.6111111111111112,0.4810126582278481,115
2023-09-30,1034,143,84,61,42,59,19,0.5874125874125874,0.6885245901639344,126
2023-10-01,1034,115,76,50,34,39,16,0.6608695652173913,0.68,110
2023-10-02,1034,109,82,79,50,27,29,0.7522935779816514,0.6329113924050633,132
2023-10-03,1034,107,69,94,39,38,55,0.6448598130841121,0.4148936170212766,108
2023-10-04,1034,129,78,94,51,51,43,0.6046511627906976,0.5425531914893617,129
2023-10-05,1034,123,63,54,49,60,5,0.5121951219512195,0.9074074074074074,112
2023-10-06,1034,102,80,65,35,22,30,0.7843137254901961,0.5384615384615384,115
2023-10-07,1034,121,74,79,36,47,43,0.6115702479338843,0.45569620253164556,110
2023-10-08,1034,106,80,87,36,26,51,0.7547169811320755,0.41379310344827586,116
2023-10-09,1034,111,73,87,29,38,58,0.6576576576576577,0.3333333333333333,102
2023-10-10,1034,146,67,82,52,79,30,0.4589041095890411,0.6341463414634146,119
2023-10-11,1034,133,73,56,34,60,22,0.5488721804511278,0.6071428571428571,107
2023-10-12,1034,105,87,69,43,18,26,0.8285714285714286,0.6231884057971014,130
2023-10-13,1034,100,84,97,40,16,57,0.84,0.41237113402061853,124
2023-10-14,1034,104,89,83,50,15,33,0.8557692307692307,0.6024096385542169,139
2023-10-15,1034,106,86,68,35,20,33,0.8113207547169812,0.5147058823529411,121
2023-10-16,1034,134,71,78,31,63,47,0.5298507462686567,0.3974358974358974,102
2023-10-17,1034,110,81,74,42,29,32,0.7363636363636363,0.5675675675675675,123
2023-10-18,1034,113,89,95,45,24,50,0.7876106194690266,0.47368421052631576,134
2023-10-19,1034,138,79,85,42,59,43,0.572463768115942,0.49411764705882355,121
2023-10-20,1034,116,69,86,41,47,45,0.5948275862068966,0.47674418604651164,110
2023-10-21,1034,150,76,71,44,74,27,0.5066666666666667,0.6197183098591549,120
2023-10-22,1034,141,77,88,30,64,58,0.5460992907801419,0.3409090909090909,107
2023-10-23,1034,146,83,65,39,63,26,0.5684931506849316,0.6,122
2023-10-24,1034,145,81,65,31,64,34,0.5586206896551724,0.47692307692307695,112
2023-10-25,1034,135,80,57,46,55,11,0.5925925925925926,0.8070175438596491,126
2023-10-26,1034,148,69,84,38,79,46,0.46621621621621623,0.4523809523809524,107
2023-10-27,1034,136,86,84,46,50,38,0.6323529411764706,0.5476190476190477,132
2023-10-28,1034,148,61,98,50,87,48,0.41216216216216217,0.5102040816326531,111
2023-10-29,1034,119,76,78,39,43,39,0.6386554621848739,0.5,115
2023-10-30,1034,115,79,70,41,36,29,0.6869565217391305,0.5857142857142857,120
2023-10-31,1034,123,73,87,44,50,43,0.5934959349593496,0.5057471264367817,117
2023-11-01,1034,117,59,97,37,58,60,0.5042735042735043,0.38144329896907214,96
2023-11-02,1034,101,82,54,49,19,5,0.8118811881188119,0.9074074074074074,131
2023-11-03,1034,105,71,62,54,34,8,0.6761904761904762,0.8709677419354839,125
2023-11-04,1034,113,84,88,47,29,41,0.7433628318584071,0.5340909090909091,131
2023-11-05,1034,132,64,51,35,68,16,0.48484848484848486,0.6862745098039216,99
2023-11-06,1034,114,70,74,33,44,41,0.6140350877192983,0.44594594594594594,103
2023-11-07,1034,114,83,71,44,31,27,0.7280701754385965,0.6197183098591549,127
2023-11-08,1034,114,72,80,29,42,51,0.631578947368421,0.3625,101
2023-11-09,1034,103,76,60,41,27,19,0.7378640776699029,0.6833333333333333,117
2023-11-10,1034,119,61,71,32,58,39,0.5126050420168067,0.4507042253521127,93
2023-11-11,1034,117,88,63,39,29,24,0.7521367521367521,0.6190476190476191,127
2023-11-12,1034,124,70,75,41,54,34,0.5645161290322581,0.5466666666666666,111
2023-11-13,1034,122,84,93,43,38,50,0.6885245901639344,0.46236559139784944,127
2023-11-14,1034,142,79,85,46,63,39,0.5563380281690141,0.5411764705882353,125
2023-11-15,1034,100,72,60,45,28,15,0.72,0.75,117
2023-11-16,1034,115,88,89,47,27,42,0.7652173913043478,0.5280898876404494,135
2023-11-17,1034,101,86,68,49,15,19,0.8514851485148515,0.7205882352941176,135
2023-11-18,1034,122,85,73,35,37,38,0.6967213114754098,0.4794520547945205,120
2023-11-19,1034,107,74,99,51,33,48,0.6915887850467289,0.5151515151515151,125
2023-11-20,1034,120,60,83,39,60,44,0.5,0.46987951807228917,99
2023-11-21,1034,109,70,57,45,39,12,0.6422018348623854,0.7894736842105263,115
2023-11-22,1034,109,86,57,38,23,19,0.7889908256880734,0.6666666666666666,124
2023-11-23,1034,129,71,74,37,58,37,0.5503875968992248,0.5,108
2023-11-24,1034,124,90,60,44,34,16,0.7258064516129032,0.7333333333333333,134
2023-11-25,1034,118,96,100,39,22,61,0.8135593220338984,0.39,135
2023-11-26,1034,139,71,50,42,68,8,0.5107913669064749,0.84,113
2023-11-27,1034,149,89,51,48,60,3,0.5973154362416108,0.9411764705882353,137
2023-11-28,1034,110,85,72,38,25,34,0.7727272727272727,0.5277777777777778,123
2023-11-29,1034,116,91,61,38,25,23,0.7844827586206896,0.6229508196721312,129
2023-11-30,1034,125,76,50,48,49,2,0.608,0.96,124
2023-12-01,1034,130,83,92,41,47,51,0.6384615384615384,0.44565217391304346,124
2023-12-02,1034,113,88,78,35,25,43,0.7787610619469026,0.44871794871794873,123
2023-12-03,1034,130,89,85,58,41,27,0.6846153846153846,0.6823529411764706,147
2023-12-04,1034,110,79,72,45,31,27,0.7181818181818181,0.625,124
2023-12-05,1034,136,78,76,44,58,32,0.5735294117647058,0.5789473684210527,122
2023-12-06,1034,133,85,60,31,48,29,0.6390977443609023,0.5166666666666667,116
2023-12-07,1034,129,81,82,43,48,39,0.627906976744186,0.524390243902439,124
2023-12-08,1034,107,85,50,37,22,13,0.794392523364486,0.74,122
2023-12-09,1034,133,71,65,30,62,35,0.5338345864661654,0.46153846153846156,101
2023-12-10,1034,142,61,73,41,81,32,0.4295774647887324,0.5616438356164384,102
2023-12-11,1034,136,93,100,28,43,72,0.6838235294117647,0.28,121
2023-12-12,1034,132,82,61,40,50,21,0.6212121212121212,0.6557377049180327,122
2023-12-13,1034,144,68,69,43,76,26,0.4722222222222222,0.6231884057971014,111
2023-12-14,1034,140,90,70,29,50,41,0.6428571428571429,0.4142857142857143,119
2023-12-15,1034,112,76,77,44,36,33,0.6785714285714286,0.5714285714285714,120
2023-12-16,1034,130,83,69,44,47,25,0.6384615384615384,0.6376811594202898,127
2023-12-17,1034,133,78,92,39,55,53,0.5864661654135338,0.42391304347826086,117
2023-12-18,1034,138,74,60,29,64,31,0.5362318840579711,0.48333333333333334,103
2023-12-19,1034,126,69,60,47,57,13,0.5476190476190477,0.7833333333333333,116
2023-12-20,1034,104,78,75,44,26,31,0.75,0.5866666666666667,122
2023-12-21,1034,135,76,54,39,59,15,0.562962962962963,0.7222222222222222,115
2023-12-22,1034,105,90,53,44,15,9,0.8571428571428571,0.8301886792452831,134
2023-12-23,1034,143,61,87,28,82,59,0.42657342657342656,0.3218390804597701,89
2023-12-24,1034,139,69,98,32,70,66,0.49640287769784175,0.32653061224489793,101
2023-12-25,1034,106,70,52,26,36,26,0.660377358490566,0.5,96
2023-12-26,1034,113,81,66,34,32,32,0.7168141592920354,0.5151515151515151,115
2023-12-27,1034,116,77,81,45,39,36,0.6637931034482759,0.5555555555555556,122
2023-12-28,1034,138,71,79,26,67,53,0.5144927536231884,0.3291139240506329,97
2023-12-29,1034,144,81,59,49,63,10,0.5625,0.8305084745762712,130
2023-12-30,1034,133,80,95,38,53,57,0.6015037593984962,0.4,118
2023-12-31,1034,130,70,75,51,60,24,0.5384615384615384,0.68,121
2023-01-01,1035,146,90,90,45,56,45,0.6164383561643836,0.5,135
2023-01-02,1035,114,69,96,36,45,60,0.6052631578947368,0.375,105
2023-01-03,1035,102,102,86,47,0,39,1,0.5465116279069767,149
2023-01-04,1035,148,72,71,40,76,31,0.4864864864864865,0.5633802816901409,112
2023-01-05,1035,138,81,82,43,57,39,0.5869565217391305,0.524390243902439,124
2023-01-06,1035,145,96,77,44,49,33,0.6620689655172414,0.5714285714285714,140
2023-01-07,1035,107,74,63,34,33,29,0.6915887850467289,0.5396825396825397,108
2023-01-08,1035,148,68,75,39,80,36,0.4594594594594595,0.52,107
2023-01-09,1035,101,80,81,50,21,31,0.7920792079207921,0.6172839506172839,130
2023-01-10,1035,128,80,100,46,48,54,0.625,0.46,126
2023-01-11,1035,123,70,73,34,53,39,0.5691056910569106,0.4657534246575342,104
2023-01-12,1035,126,64,86,33,62,53,0.5079365079365079,0.38372093023255816,97
2023-01-13,1035,117,99,63,46,18,17,0.8461538461538461,0.7301587301587301,145
2023-01-14,1035,128,71,83,46,57,37,0.5546875,0.5542168674698795,117
2023-01-15,1035,117,88,79,41,29,38,0.7521367521367521,0.5189873417721519,129
2023-01-16,1035,123,70,55,42,53,13,0.5691056910569106,0.7636363636363637,112
2023-01-17,1035,108,82,90,27,26,63,0.7592592592592593,0.3,109
2023-01-18,1035,110,81,69,32,29,37,0.7363636363636363,0.463768115942029,113
2023-01-19,1035,146,82,98,36,64,62,0.5616438356164384,0.3673469387755102,118
2023-01-20,1035,142,70,55,44,72,11,0.49295774647887325,0.8,114
2023-01-21,1035,141,84,57,42,57,15,0.5957446808510638,0.7368421052631579,126
2023-01-22,1035,103,80,66,40,23,26,0.7766990291262136,0.6060606060606061,120
2023-01-23,1035,131,82,55,45,49,10,0.6259541984732825,0.8181818181818182,127
2023-01-24,1035,141,88,79,47,53,32,0.624113475177305,0.5949367088607594,135
2023-01-25,1035,145,76,58,30,69,28,0.5241379310344828,0.5172413793103449,106
2023-01-26,1035,120,97,80,47,23,33,0.8083333333333333,0.5875,144
2023-01-27,1035,137,69,94,36,68,58,0.5036496350364964,0.3829787234042553,105
2023-01-28,1035,123,75,88,46,48,42,0.6097560975609756,0.5227272727272727,121
2023-01-29,1035,124,68,67,46,56,21,0.5483870967741935,0.6865671641791045,114
2023-01-30,1035,149,74,65,34,75,31,0.49664429530201343,0.5230769230769231,108
2023-01-31,1035,148,84,95,42,64,53,0.5675675675675675,0.4421052631578947,126
2023-02-01,1035,131,94,98,47,37,51,0.7175572519083969,0.47959183673469385,141
2023-02-02,1035,136,82,63,40,54,23,0.6029411764705882,0.6349206349206349,122
2023-02-03,1035,142,70,99,45,72,54,0.49295774647887325,0.45454545454545453,115
2023-02-04,1035,139,74,92,32,65,60,0.5323741007194245,0.34782608695652173,106
2023-02-05,1035,130,77,76,32,53,44,0.5923076923076923,0.42105263157894735,109
2023-02-06,1035,113,78,59,50,35,9,0.6902654867256637,0.847457627118644,128
2023-02-07,1035,107,71,54,45,36,9,0.6635514018691588,0.8333333333333334,116
2023-02-08,1035,104,88,80,45,16,35,0.8461538461538461,0.5625,133
2023-02-09,1035,128,60,63,38,68,25,0.46875,0.6031746031746031,98
2023-02-10,1035,146,89,81,39,57,42,0.6095890410958904,0.48148148148148145,128
2023-02-11,1035,117,72,55,34,45,21,0.6153846153846154,0.6181818181818182,106
2023-02-12,1035,110,64,69,37,46,32,0.5818181818181818,0.5362318840579711,101
2023-02-13,1035,116,79,94,41,37,53,0.6810344827586207,0.43617021276595747,120
2023-02-14,1035,148,75,87,36,73,51,0.5067567567567568,0.41379310344827586,111
2023-02-15,1035,116,87,90,33,29,57,0.75,0.36666666666666664,120
2023-02-16,1035,147,60,65,36,87,29,0.40816326530612246,0.5538461538461539,96
2023-02-17,1035,139,78,74,37,61,37,0.5611510791366906,0.5,115
2023-02-18,1035,150,70,99,43,80,56,0.4666666666666667,0.43434343434343436,113
2023-02-19,1035,136,76,63,37,60,26,0.5588235294117647,0.5873015873015873,113
2023-02-20,1035,106,75,54,46,31,8,0.7075471698113207,0.8518518518518519,121
2023-02-21,1035,101,87,66,32,14,34,0.8613861386138614,0.48484848484848486,119
2023-02-22,1035,106,91,65,38,15,27,0.8584905660377359,0.5846153846153846,129
2023-02-23,1035,122,85,72,43,37,29,0.6967213114754098,0.5972222222222222,128
2023-02-24,1035,149,91,79,32,58,47,0.610738255033557,0.4050632911392405,123
2023-02-25,1035,135,75,97,36,60,61,0.5555555555555556,0.3711340206185567,111
2023-02-26,1035,143,77,54,41,66,13,0.5384615384615384,0.7592592592592593,118
2023-02-27,1035,144,89,69,38,55,31,0.6180555555555556,0.5507246376811594,127
2023-02-28,1035,109,91,67,41,18,26,0.8348623853211009,0.6119402985074627,132
2023-03-01,1035,110,74,68,38,36,30,0.6727272727272727,0.5588235294117647,112
2023-03-02,1035,148,80,67,35,68,32,0.5405405405405406,0.5223880597014925,115
2023-03-03,1035,105,86,91,32,19,59,0.819047619047619,0.3516483516483517,118
2023-03-04,1035,110,88,73,29,22,44,0.8,0.3972602739726027,117
2023-03-05,1035,135,82,63,48,53,15,0.6074074074074074,0.7619047619047619,130
2023-03-06,1035,150,71,87,38,79,49,0.47333333333333333,0.4367816091954023,109
2023-03-07,1035,134,81,96,49,53,47,0.6044776119402985,0.5104166666666666,130
2023-03-08,1035,133,95,93,37,38,56,0.7142857142857143,0.3978494623655914,132
2023-03-09,1035,113,95,81,43,18,38,0.8407079646017699,0.5308641975308642,138
2023-03-10,1035,108,88,65,37,20,28,0.8148148148148148,0.5692307692307692,125
2023-03-11,1035,148,76,66,41,72,25,0.5135135135135135,0.6212121212121212,117
2023-03-12,1035,146,93,54,44,53,10,0.636986301369863,0.8148148148148148,137
2023-03-13,1035,138,66,96,37,72,59,0.4782608695652174,0.3854166666666667,103
2023-03-14,1035,111,77,97,44,34,53,0.6936936936936937,0.4536082474226804,121
2023-03-15,1035,136,68,94,43,68,51,0.5,0.4574468085106383,111
2023-03-16,1035,107,68,53,42,39,11,0.6355140186915887,0.7924528301886793,110
2023-03-17,1035,135,75,56,49,60,7,0.5555555555555556,0.875,124
2023-03-18,1035,130,75,88,32,55,56,0.5769230769230769,0.36363636363636365,107
2023-03-19,1035,117,65,100,44,52,56,0.5555555555555556,0.44,109
2023-03-20,1035,123,68,75,43,55,32,0.5528455284552846,0.5733333333333334,111
2023-03-21,1035,105,75,50,42,30,8,0.7142857142857143,0.84,117
2023-03-22,1035,125,67,86,43,58,43,0.536,0.5,110
2023-03-23,1035,110,80,90,44,30,46,0.7272727272727273,0.4888888888888889,124
2023-03-24,1035,100,87,78,38,13,40,0.87,0.48717948717948717,125
2023-03-25,1035,134,84,74,29,50,45,0.6268656716417911,0.3918918918918919,113
2023-03-26,1035,115,74,62,42,41,20,0.6434782608695652,0.6774193548387096,116
2023-03-27,1035,128,71,92,42,57,50,0.5546875,0.45652173913043476,113
2023-03-28,1035,132,80,66,49,52,17,0.6060606060606061,0.7424242424242424,129
2023-03-29,1035,104,72,55,35,32,20,0.6923076923076923,0.6363636363636364,107
2023-03-30,1035,120,88,61,41,32,20,0.7333333333333333,0.6721311475409836,129
2023-03-31,1035,140,71,95,47,69,48,0.5071428571428571,0.49473684210526314,118
2023-04-01,1035,111,84,72,38,27,34,0.7567567567567568,0.5277777777777778,122
2023-04-02,1035,141,75,55,34,66,21,0.5319148936170213,0.6181818181818182,109
2023-04-03,1035,143,79,88,52,64,36,0.5524475524475524,0.5909090909090909,131
2023-04-04,1035,110,76,83,30,34,53,0.6909090909090909,0.3614457831325301,106
2023-04-05,1035,149,82,84,36,67,48,0.5503355704697986,0.42857142857142855,118
2023-04-06,1035,144,69,66,55,75,11,0.4791666666666667,0.8333333333333334,124
2023-04-07,1035,124,80,73,29,44,44,0.6451612903225806,0.3972602739726027,109
2023-04-08,1035,141,82,56,44,59,12,0.5815602836879432,0.7857142857142857,126
2023-04-09,1035,129,92,91,57,37,34,0.7131782945736435,0.6263736263736264,149
2023-04-10,1035,140,91,71,40,49,31,0.65,0.5633802816901409,131
2023-04-11,1035,148,81,80,40,67,40,0.5472972972972973,0.5,121
2023-04-12,1035,119,74,99,46,45,53,0.6218487394957983,0.46464646464646464,120
2023-04-13,1035,144,96,94,43,48,51,0.6666666666666666,0.4574468085106383,139
2023-04-14,1035,124,89,100,37,35,63,0.717741935483871,0.37,126
2023-04-15,1035,115,67,78,35,48,43,0.5826086956521739,0.44871794871794873,102
2023-04-16,1035,140,78,64,44,62,20,0.5571428571428572,0.6875,122
2023-04-17,1035,106,89,83,38,17,45,0.839622641509434,0.4578313253012048,127
2023-04-18,1035,110,77,86,33,33,53,0.7,0.38372093023255816,110
2023-04-19,1035,109,81,60,49,28,11,0.7431192660550459,0.8166666666666667,130
2023-04-20,1035,104,87,68,41,17,27,0.8365384615384616,0.6029411764705882,128
2023-04-21,1035,130,90,54,52,40,2,0.6923076923076923,0.9629629629629629,142
2023-04-22,1035,106,78,87,34,28,53,0.7358490566037735,0.39080459770114945,112
2023-04-23,1035,116,72,83,45,44,38,0.6206896551724138,0.54216867469879515,117
2023-04-24,1035,134,77,62,47,57,15,0.5746268656716418,0.7580645161290323,124
2023-04-25,1035,104,89,93,50,15,43,0.8557692307692307,0.5376344086021505,139
2023-04-26,1035,111,70,83,38,41,45,0.6306306306306306,0.4578313253012048,108
2023-04-27,1035,103,78,60,41,25,19,0.7572815533980582,0.6833333333333333,119
2023-04-28,1035,123,89,51,35,34,16,0.7235772357723578,0.6862745098039216,124
2023-04-29,1035,147,75,76,38,72,38,0.5102040816326531,0.5,113
2023-04-30,1035,117,71,67,26,46,41,0.6068376068376068,0.3880597014925373,97
2023-05-01,1035,125,69,54,36,56,18,0.552,0.6666666666666666,105
2023-05-02,1035,134,67,93,49,67,44,0.5,0.5268817204301075,116
2023-05-03,1035,101,75,67,41,26,26,0.7425742574257426,0.6119402985074627,116
2023-05-04,1035,115,72,68,35,43,33,0.6260869565217392,0.5147058823529411,107
2023-05-05,1035,108,82,94,52,26,42,0.7592592592592593,0.5531914893617021,134
2023-05-06,1035,137,66,98,31,71,67,0.48175182481751827,0.3163265306122449,97
2023-05-07,1035,141,85,61,55,56,6,0.6028368794326241,0.9016393442622951,140
2023-05-08,1035,116,84,78,30,32,48,0.7241379310344828,0.38461538461538464,114
2023-05-09,1035,133,70,77,39,63,38,0.5263157894736842,0.5064935064935064,109
2023-05-10,1035,145,72,81,38,73,43,0.496551724137931,0.4691358024691358,110
2023-05-11,1035,119,79,87,50,40,37,0.6638655462184874,0.5747126436781609,129
2023-05-12,1035,128,77,68,35,51,33,0.6015625,0.5147058823529411,112
2023-05-13,1035,136,62,86,35,74,51,0.45588235294117646,0.4069767441860465,97
2023-05-14,1035,105,80,57,34,25,23,0.7619047619047619,0.5964912280701754,114
2023-05-15,1035,144,69,55,55,75,0,0.4791666666666667,1,124
2023-05-16,1035,125,65,94,43,60,51,0.52,0.4574468085106383,108
2023-05-17,1035,123,71,99,34,52,65,0.5772357723577236,0.3434343434343434,105
2023-05-18,1035,149,91,98,38,58,60,0.610738255033557,0.3877551020408163,129
2023-05-19,1035,139,79,56,44,60,12,0.5683453237410072,0.7857142857142857,123
2023-05-20,1035,101,67,90,39,34,51,0.6633663366336634,0.43333333333333335,106
2023-05-21,1035,122,65,69,30,57,39,0.5327868852459017,0.43478260869565216,95
2023-05-22,1035,120,102,55,34,18,21,0.85,0.6181818181818182,136
2023-05-23,1035,146,67,73,37,79,36,0.4589041095890411,0.5068493150684932,104
2023-05-24,1035,132,86,71,38,46,33,0.6515151515151515,0.5352112676056338,124
2023-05-25,1035,125,86,52,44,39,8,0.688,0.8461538461538461,130
2023-05-26,1035,142,86,97,37,56,60,0.6056338028169014,0.38144329896907214,123
2023-05-27,1035,113,97,85,52,16,33,0.8584070796460177,0.611764705882353,149
2023-05-28,1035,128,79,52,36,49,16,0.6171875,0.6923076923076923,115
2023-05-29,1035,121,77,61,40,44,21,0.6363636363636364,0.6557377049180327,117
2023-05-30,1035,141,76,90,44,65,46,0.5390070921985816,0.4888888888888889,120
2023-05-31,1035,143,93,88,38,50,50,0.6503496503496503,0.4318181818181818,131
2023-06-01,1035,126,83,72,43,43,29,0.6587301587301587,0.5972222222222222,126
2023-06-02,1035,113,68,63,43,45,20,0.6017699115044248,0.6825396825396826,111
2023-06-03,1035,108,82,69,37,26,32,0.7592592592592593,0.5362318840579711,119
2023-06-04,1035,104,82,81,30,22,51,0.7884615384615384,0.37037037037037035,112
2023-06-05,1035,126,92,65,40,34,25,0.7301587301587301,0.6153846153846154,132
2023-06-06,1035,101,88,60,42,13,18,0.8712871287128713,0.7,130
2023-06-07,1035,117,71,66,37,46,29,0.6068376068376068,0.5606060606060606,108
2023-06-08,1035,112,77,51,35,35,16,0.6875,0.6862745098039216,112
2023-06-09,1035,101,83,57,45,18,12,0.8217821782178217,0.7894736842105263,128
2023-06-10,1035,104,91,59,34,13,25,0.875,0.576271186440678,125
2023-06-11,1035,139,74,70,44,65,26,0.5323741007194245,0.6285714285714286,118
2023-06-12,1035,138,67,59,47,71,12,0.4855072463768116,0.7966101694915254,114
2023-06-13,1035,122,69,51,44,53,7,0.5655737704918032,0.8627450980392157,113
2023-06-14,1035,121,80,75,49,41,26,0.6611570247933884,0.6533333333333333,129
2023-06-15,1035,131,76,86,36,55,50,0.5801526717557252,0.4186046511627907,112
2023-06-16,1035,122,68,71,31,54,40,0.5573770491803278,0.43661971830985913,99
2023-06-17,1035,144,75,87,45,69,42,0.5208333333333334,0.5172413793103449,120
2023-06-18,1035,116,75,78,36,41,42,0.646551724137931,0.46153846153846156,111
2023-06-19,1035,120,82,78,51,38,27,0.6833333333333333,0.6538461538461539,133
2023-06-20,1035,109,75,89,52,34,37,0.6880733944954128,0.5842696629213483,127
2023-06-21,1035,143,76,77,30,67,47,0.5314685314685315,0.38961038961038963,106
2023-06-22,1035,103,84,97,36,19,61,0.8155339805825242,0.3711340206185567,120
2023-06-23,1035,140,81,50,37,59,13,0.5785714285714286,0.74,118
2023-06-24,1035,106,74,75,42,32,33,0.6981132075471698,0.56,116
2023-06-25,1035,142,77,92,47,65,45,0.5422535211267606,0.5108695652173914,124
2023-06-26,1035,130,79,95,27,51,68,0.6076923076923076,0.28421052631578947,106
2023-06-27,1035,132,83,54,47,49,7,0.6287878787878788,0.8703703703703703,130
2023-06-28,1035,146,85,95,44,61,51,0.5821917808219178,0.4631578947368421,129
2023-06-29,1035,140,77,63,44,63,19,0.55,0.6984126984126984,121
2023-06-30,1035,133,87,79,50,46,29,0.6541353383458647,0.6329113924050633,137
2023-07-01,1035,109,87,70,37,22,33,0.7981651376146789,0.5285714285714286,124
2023-07-02,1035,139,87,65,36,52,29,0.6258992805755396,0.5538461538461539,123
2023-07-03,1035,134,73,90,49,61,41,0.5447761194029851,0.5444444444444444,122
2023-07-04,1035,110,61,52,45,49,7,0.5545454545454546,0.8653846153846154,106
2023-07-05,1035,145,81,100,49,64,51,0.5586206896551724,0.49,130
2023-07-06,1035,100,91,80,37,9,43,0.91,0.4625,128
2023-07-07,1035,112,85,85,40,27,45,0.7589285714285714,0.47058823529411764,125
2023-07-08,1035,121,85,61,41,36,20,0.7024793388429752,0.6721311475409836,126
2023-07-09,1035,110,75,74,48,35,26,0.6818181818181818,0.6486486486486487,123
2023-07-10,1035,145,86,69,43,59,26,0.593103448275862,0.6231884057971014,129
2023-07-11,1035,124,78,91,36,46,55,0.6290322580645161,0.3956043956043956,114
2023-07-12,1035,149,67,77,44,82,33,0.44966442953020136,0.5714285714285714,111
2023-07-13,1035,129,83,82,35,46,47,0.6434108527131783,0.4268292682926829,118
2023-07-14,1035,104,85,98,25,19,73,0.8173076923076923,0.25510204081632654,110
2023-07-15,1035,132,78,65,37,54,28,0.5909090909090909,0.5692307692307692,115
2023-07-16,1035,112,99,77,41,13,36,0.8839285714285714,0.5324675324675324,140
2023-07-17,1035,121,67,81,36,54,45,0.5537190082644629,0.4444444444444444,103
2023-07-18,1035,137,74,73,29,63,44,0.5401459854014599,0.3972602739726027,103
2023-07-19,1035,144,81,67,35,63,32,0.5625,0.5223880597014925,116
2023-07-20,1035,109,72,92,38,37,54,0.6605504587155964,0.41304347826086957,110
2023-07-21,1035,122,85,81,40,37,41,0.6967213114754098,0.49382716049382713,125
2023-07-22,1035,112,89,71,54,23,17,0.7946428571428571,0.7605633802816901,143
2023-07-23,1035,102,86,70,36,16,34,0.8431372549019608,0.5142857142857142,122
2023-07-24,1035,143,70,91,41,73,50,0.48951048951048953,0.45054945054945056,111
2023-07-25,1035,103,83,61,37,20,24,0.8058252427184466,0.6065573770491803,120
2023-07-26,1035,111,71,80,48,40,32,0.6396396396396397,0.6,119
2023-07-27,1035,119,80,73,35,39,38,0.6722689075630253,0.4794520547945205,115
2023-07-28,1035,141,79,99,45,62,54,0.5602836879432624,0.45454545454545453,124
2023-07-29,1035,102,93,82,40,9,42,0.9117647058823529,0.4878048780487805,133
2023-07-30,1035,135,72,67,38,63,29,0.5333333333333333,0.5671641791044776,110
2023-07-31,1035,118,59,66,34,59,32,0.5,0.5151515151515151,93
2023-08-01,1035,135,99,53,43,36,10,0.7333333333333333,0.8113207547169812,142
2023-08-02,1035,112,93,59,44,19,15,0.8303571428571429,0.7457627118644068,137
2023-08-03,1035,114,77,61,41,37,20,0.6754385964912281,0.6721311475409836,118
2023-08-04,1035,130,89,91,41,41,50,0.6846153846153846,0.45054945054945056,130
2023-08-05,1035,131,77,52,42,54,10,0.5877862595419847,0.8076923076923077,119
2023-08-06,1035,125,69,81,45,56,36,0.552,0.5555555555555556,114
2023-08-07,1035,124,100,74,40,24,34,0.8064516129032258,0.5405405405405406,140
2023-08-08,1035,119,78,71,52,41,19,0.6554621848739496,0.7323943661971831,130
2023-08-09,1035,110,62,95,41,48,54,0.5636363636363636,0.43157894736842106,103
2023-08-10,1035,129,103,81,39,26,42,0.7984496124031008,0.48148148148148145,142
2023-08-11,1035,105,73,85,43,32,42,0.6952380952380952,0.5058823529411764,116
2023-08-12,1035,114,96,96,37,18,59,0.8421052631578947,0.3854166666666667,133
2023-08-13,1035,109,69,62,43,40,19,0.6330275229357798,0.6935483870967742,112
2023-08-14,1035,116,81,78,46,35,32,0.6982758620689655,0.5897435897435898,127
2023-08-15,1035,123,86,92,32,37,60,0.6991869918699187,0.34782608695652173,118
2023-08-16,1035,139,80,97,49,59,48,0.5755395683453237,0.5051546391752577,129
2023-08-17,1035,111,78,97,42,33,55,0.7027027027027027,0.4329896907216495,120
2023-08-18,1035,117,66,52,44,51,8,0.5641025641025641,0.8461538461538461,110
2023-08-19,1035,128,72,60,39,56,21,0.5625,0.65,111
2023-08-20,1035,125,74,94,40,51,54,0.592,0.425531914893617,114
2023-08-21,1035,120,85,82,36,35,46,0.7083333333333334,0.43902439024390244,121
2023-08-22,1035,138,82,77,41,56,36,0.5942028985507246,0.5324675324675324,123
2023-08-23,1035,102,92,53,41,10,12,0.9019607843137255,0.7735849056603774,133
2023-08-24,1035,132,85,81,39,47,42,0.6439393939393939,0.48148148148148145,124
2023-08-25,1035,140,75,77,35,65,42,0.5357142857142857,0.45454545454545453,110
2023-08-26,1035,126,78,99,47,48,52,0.6190476190476191,0.47474747474747475,125
2023-08-27,1035,124,72,55,44,52,11,0.5806451612903226,0.8,116
2023-08-28,1035,130,84,50,43,46,7,0.6461538461538462,0.86,127
2023-08-29,1035,128,84,81,48,44,33,0.65625,0.5925925925925926,132
2023-08-30,1035,134,87,64,44,47,20,0.6492537313432836,0.6875,131
2023-08-31,1035,141,64,70,43,77,27,0.45390070921985815,0.6142857142857143,107
2023-09-01,1035,133,76,85,46,57,39,0.5714285714285714,0.5411764705882353,122
2023-09-02,1035,129,82,68,36,47,32,0.6356589147286822,0.5294117647058824,118
2023-09-03,1035,131,78,88,44,53,44,0.5954198473282443,0.5,122
2023-09-04,1035,134,65,67,44,69,23,0.48507462686567165,0.6567164179104478,109
2023-09-05,1035,148,83,58,40,65,18,0.5608108108108109,0.6896551724137931,123
2023-09-06,1035,131,80,53,46,51,7,0.6106870229007634,0.8679245283018868,126
2023-09-07,1035,125,78,96,38,47,58,0.624,0.3958333333333333,116
2023-09-08,1035,100,87,92,45,13,47,0.87,0.4891304347826087,132
2023-09-09,1035,105,89,76,44,16,32,0.8476190476190476,0.5789473684210527,133
2023-09-10,1035,131,75,63,40,56,23,0.5725190839694656,0.6349206349206349,115
2023-09-11,1035,143,73,87,43,70,44,0.5104895104895105,0.4942528735632184,116
2023-09-12,1035,127,92,72,33,35,39,0.7244094488188977,0.4583333333333333,125
2023-09-13,1035,149,80,50,34,69,16,0.5369127516778524,0.68,114
2023-09-14,1035,140,79,70,40,61,30,0.5642857142857143,0.5714285714285714,119
2023-09-15,1035,113,74,90,26,39,64,0.6548672566371682,0.28888888888888886,100
2023-09-16,1035,106,83,93,49,23,44,0.78301886792452835,0.5268817204301075,132
2023-09-17,1035,110,63,69,44,47,25,0.5727272727272728,0.6376811594202898,107
2023-09-18,1035,110,77,74,40,33,34,0.7,0.5405405405405406,117
2023-09-19,1035,123,88,77,44,35,33,0.7154471544715447,0.5714285714285714,132
2023-09-20,1035,144,79,52,37,65,15,0.5486111111111112,0.7115384615384616,116
2023-09-21,1035,138,80,77,46,58,31,0.5797101449275363,0.5974025974025974,126
2023-09-22,1035,116,70,76,44,46,32,0.603448275862069,0.5789473684210527,114
2023-09-23,1035,111,80,86,35,31,51,0.7207207207207207,0.4069767441860465,115
2023-09-24,1035,125,81,55,39,44,16,0.648,0.7090909090909091,120
2023-09-25,1035,127,72,60,37,55,23,0.5669291338582677,0.6166666666666667,109
2023-09-26,1035,130,86,51,44,44,7,0.6615384615384615,0.8627450980392157,130
2023-09-27,1035,102,77,72,43,25,29,0.7549019607843137,0.5972222222222222,120
2023-09-28,1035,140,86,72,37,54,35,0.6142857142857143,0.5138888888888888,123
2023-09-29,1035,128,83,85,42,45,43,0.6484375,0.49411764705882355,125
2023-09-30,1035,142,69,50,36,73,14,0.4859154929577465,0.72,105
2023-10-01,1035,100,79,73,45,21,28,0.79,0.6164383561643836,124
2023-10-02,1035,118,82,86,38,36,48,0.6949152542372882,0.4418604651162791,120
2023-10-03,1035,140,81,57,44,59,13,0.5785714285714286,0.7719298245614035,125
2023-10-04,1035,126,74,82,36,52,46,0.5873015873015873,0.43902439024390244,110
2023-10-05,1035,134,71,61,43,63,18,0.5298507462686567,0.7049180327868853,114
2023-10-06,1035,116,72,70,36,44,34,0.6206896551724138,0.5142857142857142,108
2023-10-07,1035,114,82,100,37,32,63,0.7192982456140351,0.37,119
2023-10-08,1035,107,89,53,51,18,2,0.8317757009345794,0.9622641509433962,140
2023-10-09,1035,145,73,100,44,72,56,0.503448275862069,0.44,117
2023-10-10,1035,124,80,98,41,44,57,0.6451612903225806,0.41836734693877553,121
2023-10-11,1035,114,77,70,46,37,24,0.6754385964912281,0.6571428571428571,123
2023-10-12,1035,129,87,57,49,42,8,0.6744186046511628,0.8596491228070176,136
2023-10-13,1035,118,72,78,38,46,40,0.6101694915254238,0.48717948717948717,110
2023-10-14,1035,122,85,86,31,37,55,0.6967213114754098,0.36046511627906974,116
2023-10-15,1035,143,71,62,39,72,23,0.4965034965034965,0.6290322580645161,110
2023-10-16,1035,145,90,80,45,55,35,0.6206896551724138,0.5625,135
2023-10-17,1035,125,90,56,40,35,16,0.72,0.7142857142857143,130
2023-10-18,1035,146,79,63,37,67,26,0.541095890410959,0.5873015873015873,116
2023-10-19,1035,139,67,68,45,72,23,0.48201438848920863,0.6617647058823529,112
2023-10-20,1035,141,78,96,41,63,55,0.5531914893617021,0.4270833333333333,119
2023-10-21,1035,123,98,67,33,25,34,0.7967479674796748,0.4925373134328358,131
2023-10-22,1035,122,71,70,46,51,24,0.5819672131147541,0.6571428571428571,117
2023-10-23,1035,131,78,88,41,53,47,0.5954198473282443,0.4659090909090909,119
2023-10-24,1035,145,70,99,44,75,55,0.4827586206896552,0.4444444444444444,114
2023-10-25,1035,131,70,78,42,61,36,0.5343511450381679,0.5384615384615384,112
2023-10-26,1035,135,71,99,39,64,60,0.5259259259259259,0.3939393939393939,110
2023-10-27,1035,128,75,75,38,53,37,0.5859375,0.5066666666666667,113
2023-10-28,1035,117,92,74,36,25,38,0.7863247863247863,0.4864864864864865,128
2023-10-29,1035,109,83,93,48,26,45,0.7614678899082569,0.5161290322580645,131
2023-10-30,1035,114,82,89,47,32,42,0.7192982456140351,0.5280898876404494,129
2023-10-31,1035,124,85,99,25,39,74,0.6854838709677419,0.25252525252525254,110
2023-11-01,1035,145,89,77,45,56,32,0.6137931034482759,0.5844155844155844,134
2023-11-02,1035,112,80,75,57,32,18,0.7142857142857143,0.76,137
2023-11-03,1035,132,79,88,47,53,41,0.5984848484848485,0.5340909090909091,126
2023-11-04,1035,144,78,85,46,66,39,0.5416666666666666,0.5411764705882353,124
2023-11-05,1035,121,104,93,43,17,50,0.859504132231405,0.46236559139784944,147
2023-11-06,1035,144,81,84,32,63,52,0.5625,0.38095238095238093,113
2023-11-07,1035,150,84,51,36,66,15,0.56,0.7058823529411765,120
2023-11-08,1035,110,88,80,43,22,37,0.8,0.5375,131
2023-11-09,1035,112,84,57,48,28,9,0.75,0.8421052631578947,132
2023-11-10,1035,140,81,67,37,59,30,0.5785714285714286,0.5522388059701493,118
2023-11-11,1035,143,74,68,33,69,35,0.5174825174825175,0.4852941176470588,107
2023-11-12,1035,111,64,57,37,47,20,0.5765765765765766,0.6491228070175439,101
2023-11-13,1035,108,75,88,43,33,45,0.6944444444444444,0.48863636363636365,118
2023-11-14,1035,116,83,69,45,33,24,0.7155172413793104,0.6521739130434783,128
2023-11-15,1035,136,78,72,42,58,30,0.5735294117647058,0.5833333333333334,120
2023-11-16,1035,136,77,93,48,59,45,0.5661764705882353,0.5161290322580645,125
2023-11-17,1035,134,78,86,56,56,30,0.582089552238806,0.6511627906976745,134
2023-11-18,1035,137,58,75,28,79,47,0.4233576642335766,0.37333333333333335,86
2023-11-19,1035,124,91,92,47,33,45,0.7338709677419355,0.5108695652173914,138
2023-11-20,1035,105,74,83,36,31,47,0.7047619047619048,0.43373493975903615,110
2023-11-21,1035,116,90,79,37,26,42,0.7758620689655172,0.46835443037974683,127
2023-11-22,1035,150,81,82,30,69,52,0.54,0.36585365853658536,111
2023-11-23,1035,121,87,77,52,34,25,0.71900826446281,0.6753246753246753,139
2023-11-24,1035,147,78,65,40,69,25,0.5306122448979592,0.6153846153846154,118
2023-11-25,1035,149,61,59,38,88,21,0.40939597315436244,0.6440677966101694,99
2023-11-26,1035,121,85,100,50,36,50,0.7024793388429752,0.5,135
2023-11-27,1035,117,90,64,39,27,25,0.7692307692307693,0.609375,129
2023-11-28,1035,108,77,56,47,31,9,0.7129629629629629,0.8392857142857143,124
2023-11-29,1035,142,91,94,34,51,60,0.6408450704225352,0.3617021276595745,125
2023-11-30,1035,106,92,94,30,14,64,0.8679245283018868,0.3191489361702128,122
2023-12-01,1035,104,81,62,54,23,8,0.7788461538461539,0.8709677419354839,135
2023-12-02,1035,108,84,58,35,24,23,0.7777777777777778,0.603448275862069,119
2023-12-03,1035,106,91,68,37,15,31,0.8584905660377359,0.5441176470588235,128
2023-12-04,1035,117,63,71,45,54,26,0.5384615384615384,0.6338028169014085,108
2023-12-05,1035,101,95,50,39,6,11,0.9405940594059405,0.78,134
2023-12-06,1035,111,81,54,43,30,11,0.7297297297297297,0.7962962962962963,124
2023-12-07,1035,144,61,59,38,83,21,0.4236111111111111,0.6440677966101694,99
2023-12-08,1035,129,73,54,32,56,22,0.5658914728682171,0.5925925925925926,105
2023-12-09,1035,103,89,57,35,14,22,0.8640776699029126,0.6140350877192983,124
2023-12-10,1035,123,76,56,54,47,2,0.6178861788617886,0.9642857142857143,130
2023-12-11,1035,136,81,59,31,55,28,0.5955882352941176,0.5254237288135594,112
2023-12-12,1035,117,94,73,37,23,36,0.8034188034188035,0.5068493150684932,131
2023-12-13,1035,129,99,51,38,30,13,0.7674418604651163,0.7450980392156863,137
2023-12-14,1035,121,84,90,42,37,48,0.6942148760330579,0.4666666666666667,126
2023-12-15,1035,103,96,54,41,7,13,0.9320388349514563,0.7592592592592593,137
2023-12-16,1035,141,79,95,35,62,60,0.5602836879432624,0.3684210526315789,114
2023-12-17,1035,102,73,52,39,29,13,0.7156862745098039,0.75,112
2023-12-18,1035,110,91,62,42,19,20,0.8272727272727273,0.6774193548387096,133
2023-12-19,1035,117,79,94,44,38,50,0.6752136752136753,0.46808510638297873,123
2023-12-20,1035,142,80,54,42,62,12,0.5633802816901409,0.7777777777777778,122
2023-12-21,1035,121,71,60,46,50,14,0.5867768595041323,0.7666666666666667,117
2023-12-22,1035,125,97,83,42,28,41,0.776,0.5060240963855421,139
2023-12-23,1035,130,84,76,24,46,52,0.6461538461538462,0.3157894736842105,108
2023-12-24,1035,107,95,67,36,12,31,0.8878504672897196,0.5373134328358209,131
2023-12-25,1035,145,99,90,42,46,48,0.6827586206896552,0.4666666666666667,141
2023-12-26,1035,137,67,97,42,70,55,0.48905109489051096,0.4329896907216495,109
2023-12-27,1035,131,73,88,43,58,45,0.5572519083969466,0.48863636363636365,116
2023-12-28,1035,146,87,55,44,59,11,0.5958904109589042,0.8,131
2023-12-29,1035,123,98,85,36,25,49,0.7967479674796748,0.4235294117647059,134
2023-12-30,1035,133,71,87,32,62,55,0.5338345864661654,0.367816091954023,103
2023-12-31,1035,107,71,61,38,36,23,0.6635514018691588,0.6229508196721312,109
2023-01-01,1036,139,76,87,42,63,45,0.5467625899280576,0.4827586206896552,118
2023-01-02,1036,132,71,85,51,61,34,0.5378787878787878,0.6,122
2023-01-03,1036,121,85,82,45,36,37,0.7024793388429752,0.5487804878048781,130
2023-01-04,1036,138,79,79,37,59,42,0.572463768115942,0.46835443037974683,116
2023-01-05,1036,131,77,90,37,54,53,0.5877862595419847,0.4111111111111111,114
2023-01-06,1036,101,79,96,43,22,53,0.7821782178217822,0.4479166666666667,122
2023-01-07,1036,138,77,98,31,61,67,0.5579710144927537,0.3163265306122449,108
2023-01-08,1036,119,79,83,48,40,35,0.6638655462184874,0.5783132530120482,127
2023-01-09,1036,108,80,89,42,28,47,0.7407407407407407,0.47191011235955055,122
2023-01-10,1036,138,98,63,34,40,29,0.7101449275362319,0.5396825396825397,132
2023-01-11,1036,106,75,83,44,31,39,0.7075471698113207,0.5301204819277109,119
2023-01-12,1036,146,79,58,44,67,14,0.541095890410959,0.7586206896551724,123
2023-01-13,1036,113,84,92,41,29,51,0.7433628318584071,0.44565217391304346,125
2023-01-14,1036,121,83,70,31,38,39,0.6859504132231405,0.44285714285714284,114
2023-01-15,1036,104,77,73,47,27,26,0.7403846153846154,0.6438356164383562,124
2023-01-16,1036,127,75,88,38,52,50,0.5905511811023622,0.4318181818181818,113
2023-01-17,1036,147,90,77,41,57,36,0.6122448979591837,0.5324675324675324,131
2023-01-18,1036,133,89,92,29,44,63,0.6691729323308271,0.31521739130434784,118
2023-01-19,1036,106,74,95,45,32,50,0.6981132075471698,0.47368421052631576,119
2023-01-20,1036,146,86,76,34,60,42,0.589041095890411,0.4473684210526316,120
2023-01-21,1036,111,73,95,35,38,60,0.6576576576576577,0.3684210526315789,108
2023-01-22,1036,120,107,65,35,13,30,0.8916666666666667,0.5384615384615384,142
2023-01-23,1036,126,63,99,32,63,67,0.5,0.32323232323232326,95
2023-01-24,1036,130,70,67,29,60,38,0.5384615384615384,0.43283582089552236,99
2023-01-25,1036,110,75,89,28,35,61,0.6818181818181818,0.3146067415730337,103
2023-01-26,1036,132,77,85,38,55,47,0.5833333333333334,0.4470588235294118,115
2023-01-27,1036,143,82,100,37,61,63,0.5734265734265734,0.37,119
2023-01-28,1036,120,90,90,46,30,44,0.75,0.5111111111111111,136
2023-01-29,1036,128,81,72,48,47,24,0.6328125,0.6666666666666666,129
2023-01-30,1036,110,68,57,37,42,20,0.6181818181818182,0.6491228070175439,105
2023-01-31,1036,105,92,91,44,13,47,0.8761904761904762,0.4835164835164835,136
2023-02-01,1036,107,91,61,37,16,24,0.8504672897196262,0.6065573770491803,128
2023-02-02,1036,102,67,75,39,35,36,0.6568627450980392,0.52,106
2023-02-03,1036,145,73,95,35,72,60,0.503448275862069,0.3684210526315789,108
2023-02-04,1036,129,61,51,41,68,10,0.4728682170542636,0.803921568627451,102
2023-02-05,1036,111,97,87,43,14,44,0.8738738738738738,0.4942528735632184,140
2023-02-06,1036,142,74,62,45,68,17,0.5211267605633803,0.7258064516129032,119
2023-02-07,1036,146,65,62,46,81,16,0.4452054794520548,0.7419354838709677,111
2023-02-08,1036,103,94,57,47,9,10,0.912621359223301,0.8245614035087719,141
2023-02-09,1036,112,71,78,27,41,51,0.6339285714285714,0.34615384615384615,98
2023-02-10,1036,121,86,52,52,35,0,0.7107438016528925,1,138
2023-02-11,1036,132,73,84,45,59,39,0.553030303030303,0.5357142857142857,118
2023-02-12,1036,139,93,62,35,46,27,0.6690647482014388,0.5645161290322581,128
2023-02-13,1036,118,69,62,28,49,34,0.5847457627118644,0.45161290322580644,97
2023-02-14,1036,136,81,66,47,55,19,0.5955882352941176,0.7121212121212122,128
2023-02-15,1036,129,74,79,40,55,39,0.5736434108527132,0.5063291139240507,114
2023-02-16,1036,122,78,94,39,44,55,0.639344262295082,0.4148936170212766,117
2023-02-17,1036,127,66,96,31,61,65,0.5196850393700787,0.3229166666666667,97
2023-02-18,1036,104,92,76,37,12,39,0.8846153846153846,0.4868421052631579,129
2023-02-19,1036,108,73,60,51,35,9,0.6759259259259259,0.85,124
2023-02-20,1036,100,89,60,36,11,24,0.89,0.6,125
2023-02-21,1036,116,87,76,33,29,43,0.75,0.4342105263157895,120
2023-02-22,1036,135,74,83,41,61,42,0.5481481481481482,0.4939759036144578,115
2023-02-23,1036,101,81,71,41,20,30,0.801980198019802,0.5774647887323944,122
2023-02-24,1036,125,84,55,49,41,6,0.672,0.8909090909090909,133
2023-02-25,1036,132,70,79,44,62,35,0.5303030303030303,0.5569620253164557,114
2023-02-26,1036,114,82,83,41,32,42,0.7192982456140351,0.4939759036144578,123
2023-02-27,1036,111,85,95,40,26,55,0.7657657657657657,0.42105263157894735,125
2023-02-28,1036,150,77,57,38,73,19,0.5133333333333333,0.6666666666666666,115
2023-03-01,1036,103,91,84,41,12,43,0.883495145631068,0.4880952380952381,132
2023-03-02,1036,131,74,90,48,57,42,0.5648854961832062,0.5333333333333333,122
2023-03-03,1036,131,89,80,40,42,40,0.6793893129770993,0.5,129
2023-03-04,1036,133,86,95,35,47,60,0.6466165413533834,0.3684210526315789,121
2023-03-05,1036,124,83,90,45,41,45,0.6693548387096774,0.5,128
2023-03-06,1036,138,88,88,46,50,42,0.6376811594202898,0.5227272727272727,134
2023-03-07,1036,102,74,70,43,28,27,0.7254901960784313,0.6142857142857143,117
2023-03-08,1036,104,82,82,37,22,45,0.7884615384615384,0.45121951219512196,119
2023-03-09,1036,133,80,78,45,53,33,0.6015037593984962,0.5769230769230769,125
2023-03-10,1036,138,91,73,35,47,38,0.6594202898550725,0.4794520547945205,126
2023-03-11,1036,128,78,61,30,50,31,0.609375,0.4918032786885246,108
2023-03-12,1036,115,81,98,31,34,67,0.7043478260869566,0.3163265306122449,112
2023-03-13,1036,110,77,77,35,33,42,0.7,0.45454545454545453,112
2023-03-14,1036,138,81,97,41,57,56,0.5869565217391305,0.422680412371134,122
2023-03-15,1036,138,74,73,47,64,26,0.5362318840579711,0.6438356164383562,121
2023-03-16,1036,112,88,52,46,24,6,0.7857142857142857,0.8846153846153846,134
2023-03-17,1036,111,86,80,34,25,46,0.7747747747747747,0.425,120
2023-03-18,1036,109,93,66,42,16,24,0.8532110091743119,0.6363636363636364,135
2023-03-19,1036,148,67,93,42,81,51,0.4527027027027027,0.45161290322580644,109
2023-03-20,1036,133,81,86,45,52,41,0.6090225563909775,0.5232558139534884,126
2023-03-21,1036,142,97,73,32,45,41,0.6830985915492958,0.4383561643835616,129
2023-03-22,1036,109,87,87,38,22,49,0.7981651376146789,0.4367816091954023,125
2023-03-23,1036,110,77,88,43,33,45,0.7,0.48863636363636365,120
2023-03-24,1036,124,85,64,47,39,17,0.6854838709677419,0.734375,132
2023-03-25,1036,100,88,79,34,12,45,0.88,0.43037974683544306,122
2023-03-26,1036,128,71,61,36,57,25,0.5546875,0.5901639344262295,107
2023-03-27,1036,124,89,62,47,35,15,0.717741935483871,0.7580645161290323,136
2023-03-28,1036,113,80,61,43,33,18,0.7079646017699115,0.7049180327868853,123
2023-03-29,1036,143,101,77,36,42,41,0.7062937062937062,0.4675324675324675,137
2023-03-30,1036,104,74,93,39,30,54,0.7115384615384616,0.41935483870967744,113
2023-03-31,1036,100,92,81,43,8,38,0.92,0.5308641975308642,135
2023-04-01,1036,101,66,83,45,35,38,0.6534653465346535,0.54216867469879515,111
2023-04-02,1036,142,83,64,45,59,19,0.5845070422535211,0.703125,128
2023-04-03,1036,147,70,78,38,77,40,0.47619047619047616,0.48717948717948717,108
2023-04-04,1036,107,80,57,49,27,8,0.7476635514018691,0.8596491228070176,129
2023-04-05,1036,131,88,72,39,43,33,0.6717557251908397,0.5416666666666666,127
2023-04-06,1036,147,67,93,40,80,53,0.4557823129251701,0.43010752688172044,107
2023-04-07,1036,112,91,59,41,21,18,0.8125,0.6949152542372882,132
2023-04-08,1036,106,106,89,32,0,57,1,0.3595505617977528,138
2023-04-09,1036,141,79,69,37,62,32,0.5602836879432624,0.5362318840579711,116
2023-04-10,1036,125,73,91,46,52,45,0.584,0.5054945054945055,119
2023-04-11,1036,111,77,70,44,34,26,0.6936936936936937,0.6285714285714286,121
2023-04-12,1036,109,63,71,40,46,31,0.5779816513761468,0.5633802816901409,103
2023-04-13,1036,141,64,82,39,77,43,0.45390070921985815,0.47560975609756095,103
2023-04-14,1036,142,82,82,34,60,48,0.5774647887323944,0.4146341463414634,116
2023-04-15,1036,141,90,67,36,51,31,0.6382978723404256,0.5373134328358209,126
2023-04-16,1036,132,90,51,41,42,10,0.6818181818181818,0.803921568627451,131
2023-04-17,1036,127,80,72,40,47,32,0.6299212598425197,0.5555555555555556,120
2023-04-18,1036,111,65,94,43,46,51,0.5855855855855856,0.4574468085106383,108
2023-04-19,1036,105,75,73,47,30,26,0.7142857142857143,0.6438356164383562,122
2023-04-20,1036,146,84,81,30,62,51,0.5753424657534246,0.37037037037037035,114
2023-04-21,1036,112,84,70,48,28,22,0.75,0.6857142857142857,132
2023-04-22,1036,135,83,78,44,52,34,0.6148148148148148,0.5641025641025641,127
2023-04-23,1036,136,82,62,36,54,26,0.6029411764705882,0.5806451612903226,118
2023-04-24,1036,146,70,62,37,76,25,0.4794520547945205,0.5967741935483871,107
2023-04-25,1036,147,76,92,32,71,60,0.5170068027210885,0.34782608695652173,108
2023-04-26,1036,129,65,53,41,64,12,0.5038759689922481,0.7735849056603774,106
2023-04-27,1036,150,73,95,42,77,53,0.4866666666666667,0.4421052631578947,115
2023-04-28,1036,127,94,91,37,33,54,0.7401574803149606,0.4065934065934066,131
2023-04-29,1036,129,72,94,47,57,47,0.5581395348837209,0.5,119
2023-04-30,1036,136,90,84,40,46,44,0.6617647058823529,0.47619047619047616,130
2023-05-01,1036,144,75,73,30,69,43,0.5208333333333334,0.410958904109589,105
2023-05-02,1036,143,97,94,45,46,49,0.6783216783216783,0.4787234042553192,142
2023-05-03,1036,127,77,99,37,50,62,0.6062992125984252,0.37373737373737376,114
2023-05-04,1036,150,85,92,48,65,44,0.5666666666666667,0.5217391304347826,133
2023-05-05,1036,124,75,96,52,49,44,0.6048387096774194,0.5416666666666666,127
2023-05-06,1036,136,78,84,50,58,34,0.5735294117647058,0.5952380952380952,128
2023-05-07,1036,105,93,85,36,12,49,0.8857142857142857,0.4235294117647059,129
2023-05-08,1036,102,72,88,37,30,51,0.7058823529411765,0.42045454545454547,109
2023-05-09,1036,126,72,63,43,54,20,0.5714285714285714,0.6825396825396826,115
2023-05-10,1036,131,83,70,46,48,24,0.6335877862595419,0.6571428571428571,129
2023-05-11,1036,119,102,72,45,17,27,0.8571428571428571,0.625,147
2023-05-12,1036,109,90,56,26,19,30,0.8256880733944955,0.4642857142857143,116
2023-05-13,1036,150,80,58,32,70,26,0.5333333333333333,0.5517241379310345,112
2023-05-14,1036,139,79,51,46,60,5,0.5683453237410072,0.9019607843137255,125
2023-05-15,1036,145,85,55,33,60,22,0.5862068965517241,0.6,118
2023-05-16,1036,103,82,55,45,21,10,0.7961165048543689,0.8181818181818182,127
2023-05-17,1036,115,73,81,32,42,49,0.6347826086956522,0.3950617283950617,105
2023-05-18,1036,100,79,94,36,21,58,0.79,0.3829787234042553,115
2023-05-19,1036,102,83,63,40,19,23,0.8137254901960784,0.6349206349206349,123
2023-05-20,1036,150,74,81,40,76,41,0.49333333333333335,0.49382716049382713,114
2023-05-21,1036,107,82,87,50,25,37,0.7663551401869159,0.5747126436781609,132
2023-05-22,1036,126,81,98,31,45,67,0.6428571428571429,0.3163265306122449,112
2023-05-23,1036,148,90,84,31,58,53,0.6081081081081081,0.36904761904761907,121
2023-05-24,1036,138,61,90,38,77,52,0.4420289855072464,0.4222222222222222,99
2023-05-25,1036,118,76,53,34,42,19,0.6440677966101694,0.6415094339622641,110
2023-05-26,1036,150,77,92,33,73,59,0.5133333333333333,0.358695652173913,110
2023-05-27,1036,119,79,77,46,40,31,0.6638655462184874,0.5974025974025974,125
2023-05-28,1036,123,87,58,50,36,8,0.7073170731707317,0.8620689655172413,137
2023-05-29,1036,123,88,53,38,35,15,0.7154471544715447,0.71698113207547165,126
2023-05-30,1036,110,80,75,41,30,34,0.7272727272727273,0.5466666666666666,121
2023-05-31,1036,136,75,91,34,61,57,0.5514705882352942,0.37362637362637363,109
2023-06-01,1036,148,74,70,45,74,25,0.5,0.6428571428571429,119
2023-06-02,1036,126,84,98,33,42,65,0.6666666666666666,0.336734693877551,117
2023-06-03,1036,101,95,81,45,6,36,0.9405940594059405,0.5555555555555556,140
2023-06-04,1036,106,89,55,40,17,15,0.839622641509434,0.7272727272727273,129
2023-06-05,1036,122,84,78,37,38,41,0.6885245901639344,0.47435897435897434,121
2023-06-06,1036,130,80,54,49,50,5,0.6153846153846154,0.9074074074074074,129
2023-06-07,1036,130,93,99,41,37,58,0.7153846153846154,0.41414141414141414,134
2023-06-08,1036,102,66,95,36,36,59,0.6470588235294118,0.37894736842105264,102
2023-06-09,1036,125,90,72,47,35,25,0.72,0.6527777777777778,137
2023-06-10,1036,108,80,57,50,28,7,0.7407407407407407,0.8771929824561403,130
2023-06-11,1036,142,93,76,50,49,26,0.6549295774647887,0.6578947368421053,143
2023-06-12,1036,128,71,74,42,57,32,0.5546875,0.5675675675675675,113
2023-06-13,1036,130,75,53,47,55,6,0.5769230769230769,0.8867924528301887,122
2023-06-14,1036,131,76,94,31,55,63,0.5801526717557252,0.32978723404255317,107
2023-06-15,1036,148,56,99,37,92,62,0.3783783783783784,0.37373737373737376,93
2023-06-16,1036,136,93,73,38,43,35,0.6838235294117647,0.5205479452054794,131
2023-06-17,1036,145,86,69,41,59,28,0.593103448275862,0.5942028985507246,127
2023-06-18,1036,147,83,57,47,64,10,0.564625850340136,0.8245614035087719,130
2023-06-19,1036,126,79,87,39,47,48,0.626984126984127,0.4482758620689655,118
2023-06-20,1036,141,88,76,59,53,17,0.624113475177305,0.7763157894736842,147
2023-06-21,1036,101,76,83,50,25,33,0.7524752475247525,0.6024096385542169,126
2023-06-22,1036,116,76,99,46,40,53,0.6551724137931034,0.46464646464646464,122
2023-06-23,1036,131,66,77,28,65,49,0.5038167938931297,0.36363636363636365,94
2023-06-24,1036,128,79,60,33,49,27,0.6171875,0.55,112
2023-06-25,1036,111,69,86,42,42,44,0.6216216216216216,0.4883720930232558,111
2023-06-26,1036,131,99,92,46,32,46,0.7557251908396947,0.5,145
2023-06-27,1036,134,81,82,45,53,37,0.6044776119402985,0.5487804878048781,126
2023-06-28,1036,135,79,99,48,56,51,0.5851851851851851,0.48484848484848486,127
2023-06-29,1036,139,96,79,34,43,45,0.6906474820143885,0.43037974683544306,130
2023-06-30,1036,127,81,54,43,46,11,0.6377952755905512,0.7962962962962963,124
2023-07-01,1036,150,81,81,42,69,39,0.54,0.5185185185185185,123
2023-07-02,1036,109,94,56,38,15,18,0.8623853211009175,0.6785714285714286,132
2023-07-03,1036,107,83,67,43,24,24,0.7757009345794392,0.6417910447761194,126
2023-07-04,1036,144,72,84,36,72,48,0.5,0.42857142857142855,108
2023-07-05,1036,116,81,62,46,35,16,0.6982758620689655,0.7419354838709677,127
2023-07-06,1036,137,92,74,34,45,40,0.6715328467153284,0.4594594594594595,126
2023-07-07,1036,128,69,67,42,59,25,0.5390625,0.6268656716417911,111
2023-07-08,1036,146,96,51,31,50,20,0.6575342465753424,0.6078431372549019,127
2023-07-09,1036,109,68,99,41,41,58,0.6238532110091743,0.41414141414141414,109
2023-07-10,1036,133,88,95,44,45,51,0.6616541353383458,0.4631578947368421,132
2023-07-11,1036,120,64,67,41,56,26,0.5333333333333333,0.6119402985074627,105
2023-07-12,1036,114,83,72,40,31,32,0.7280701754385965,0.5555555555555556,123
2023-07-13,1036,115,73,57,57,42,0,0.6347826086956522,1,130
2023-07-14,1036,108,84,82,51,24,31,0.7777777777777778,0.6219512195121951,135
2023-07-15,1036,133,85,95,41,48,54,0.6390977443609023,0.43157894736842106,126
2023-07-16,1036,138,66,50,44,72,6,0.4782608695652174,0.88,110
2023-07-17,1036,108,77,61,31,31,30,0.7129629629629629,0.5081967213114754,108
2023-07-18,1036,145,79,80,34,66,46,0.5448275862068965,0.425,113
2023-07-19,1036,111,81,66,34,30,32,0.7297297297297297,0.5151515151515151,115
2023-07-20,1036,124,67,66,32,57,34,0.5403225806451613,0.48484848484848486,99
2023-07-21,1036,123,89,55,46,34,9,0.7235772357723578,0.8363636363636363,135
2023-07-22,1036,148,67,81,41,81,40,0.4527027027027027,0.5061728395061729,108
2023-07-23,1036,137,79,74,39,58,35,0.5766423357664233,0.527027027027027,118
2023-07-24,1036,108,89,60,41,19,19,0.8240740740740741,0.6833333333333333,130
2023-07-25,1036,129,71,52,50,58,2,0.5503875968992248,0.9615384615384616,121
2023-07-26,1036,109,77,83,54,32,29,0.7064220183486238,0.6506024096385542,131
2023-07-27,1036,102,66,62,42,36,20,0.6470588235294118,0.6774193548387096,108
2023-07-28,1036,106,79,51,50,27,1,0.7452830188679245,0.9803921568627451,129
2023-07-29,1036,100,68,100,36,32,64,0.68,0.36,104
2023-07-30,1036,142,74,77,33,68,44,0.5211267605633803,0.42857142857142855,107
2023-07-31,1036,127,72,71,33,55,38,0.5669291338582677,0.4647887323943662,105
2023-08-01,1036,125,83,92,42,42,50,0.664,0.45652173913043476,125
2023-08-02,1036,113,85,69,52,28,17,0.7522123893805309,0.7536231884057971,137
2023-08-03,1036,125,83,95,45,42,50,0.664,0.47368421052631576,128
2023-08-04,1036,147,88,97,36,59,61,0.5986394557823129,0.3711340206185567,124
2023-08-05,1036,108,80,90,44,28,46,0.7407407407407407,0.4888888888888889,124
2023-08-06,1036,100,86,89,40,14,49,0.86,0.449438202247191,126
2023-08-07,1036,100,80,95,48,20,47,0.8,0.5052631578947369,128
2023-08-08,1036,100,81,77,41,19,36,0.81,0.5324675324675324,122
2023-08-09,1036,124,88,91,36,36,55,0.7096774193548387,0.3956043956043956,124
2023-08-10,1036,148,104,67,30,44,37,0.7027027027027027,0.44776119402985076,134
2023-08-11,1036,135,80,92,33,55,59,0.5925925925925926,0.358695652173913,113
2023-08-12,1036,136,85,85,49,51,36,0.625,0.5764705882352941,134
2023-08-13,1036,144,99,79,47,45,32,0.6875,0.5949367088607594,146
2023-08-14,1036,102,81,99,36,21,63,0.7941176470588235,0.36363636363636365,117
2023-08-15,1036,145,71,65,35,74,30,0.4896551724137931,0.5384615384615384,106
2023-08-16,1036,147,79,79,35,68,44,0.5374149659863946,0.4430379746835443,114
2023-08-17,1036,131,80,59,45,51,14,0.6106870229007634,0.7627118644067796,125
2023-08-18,1036,145,66,63,43,79,20,0.45517241379310347,0.6825396825396826,109
2023-08-19,1036,150,80,70,36,70,34,0.5333333333333333,0.5142857142857142,116
2023-08-20,1036,118,73,59,31,45,28,0.6186440677966102,0.5254237288135594,104
2023-08-21,1036,108,97,67,37,11,30,0.8981481481481481,0.5522388059701493,134
2023-08-22,1036,106,100,68,32,6,36,0.9433962264150944,0.47058823529411764,132
2023-08-23,1036,147,78,63,43,69,20,0.5306122448979592,0.6825396825396826,121
2023-08-24,1036,132,82,100,41,50,59,0.6212121212121212,0.41,123
2023-08-25,1036,136,77,89,44,59,45,0.5661764705882353,0.4943820224719101,121
2023-08-26,1036,113,79,53,40,34,13,0.6991150442477876,0.7547169811320755,119
2023-08-27,1036,138,72,57,42,66,15,0.5217391304347826,0.7368421052631579,114
2023-08-28,1036,145,89,90,46,56,44,0.6137931034482759,0.5111111111111111,135
2023-08-29,1036,145,77,59,48,68,11,0.5310344827586206,0.8135593220338984,125
2023-08-30,1036,123,62,81,33,61,48,0.5040650406504065,0.4074074074074074,95
2023-08-31,1036,146,84,93,35,62,58,0.5753424657534246,0.3763440860215054,119
2023-09-01,1036,142,87,73,38,55,35,0.6126760563380281,0.5205479452054794,125
2023-09-02,1036,146,68,51,51,78,0,0.4657534246575342,1,119
2023-09-03,1036,109,76,88,43,33,45,0.6972477064220184,0.48863636363636365,119
2023-09-04,1036,103,76,85,35,27,50,0.7378640776699029,0.4117647058823529,111
2023-09-05,1036,128,87,81,34,41,47,0.6796875,0.41975308641975306,121
2023-09-06,1036,117,72,69,34,45,35,0.6153846153846154,0.4927536231884058,106
2023-09-07,1036,124,82,98,37,42,61,0.6612903225806451,0.37755102040816324,119
2023-09-08,1036,121,77,69,39,44,30,0.6363636363636364,0.5652173913043478,116
2023-09-09,1036,103,80,85,38,23,47,0.7766990291262136,0.4470588235294118,118
2023-09-10,1036,122,69,97,28,53,69,0.5655737704918032,0.28865979381443296,97
2023-09-11,1036,135,82,73,29,53,44,0.6074074074074074,0.3972602739726027,111
2023-09-12,1036,101,68,77,53,33,24,0.6732673267326733,0.6883116883116883,121
2023-09-13,1036,111,103,76,44,8,32,0.9279279279279279,0.5789473684210527,147
2023-09-14,1036,128,80,90,42,48,48,0.625,0.4666666666666667,122
2023-09-15,1036,122,95,99,43,27,56,0.7786885245901639,0.43434343434343436,138
2023-09-16,1036,106,72,88,36,34,52,0.6792452830188679,0.4090909090909091,108
2023-09-17,1036,100,77,85,37,23,48,0.77,0.43529411764705883,114
2023-09-18,1036,139,68,86,34,71,52,0.4892086330935252,0.3953488372093023,102
2023-09-19,1036,140,61,67,48,79,19,0.4357142857142857,0.7164179104477612,109
2023-09-20,1036,108,95,69,40,13,29,0.8796296296296297,0.5797101449275363,135
2023-09-21,1036,125,90,51,36,35,15,0.72,0.7058823529411765,126
2023-09-22,1036,149,78,85,55,71,30,0.5234899328859061,0.6470588235294118,133
2023-09-23,1036,127,71,68,43,56,25,0.5590551181102362,0.6323529411764706,114
2023-09-24,1036,133,91,59,48,42,11,0.6842105263157895,0.8135593220338984,139
2023-09-25,1036,115,75,63,45,40,18,0.6521739130434783,0.7142857142857143,120
2023-09-26,1036,149,84,99,41,65,58,0.5637583892617449,0.41414141414141414,125
2023-09-27,1036,143,80,50,40,63,10,0.5594405594405595,0.8,120
2023-09-28,1036,142,78,71,47,64,24,0.5492957746478874,0.6619718309859155,125
2023-09-29,1036,117,80,61,52,37,9,0.6837606837606838,0.8524590163934426,132
2023-09-30,1036,144,85,69,44,59,25,0.5902777777777778,0.6376811594202898,129
2023-10-01,1036,138,97,57,41,41,16,0.7028985507246377,0.7192982456140351,138
2023-10-02,1036,141,80,100,32,61,68,0.5673758865248227,0.32,112
2023-10-03,1036,144,77,51,30,67,21,0.5347222222222222,0.5882352941176471,107
2023-10-04,1036,134,75,69,47,59,22,0.5597014925373134,0.6811594202898551,122
2023-10-05,1036,128,79,80,43,49,37,0.6171875,0.5375,122
2023-10-06,1036,125,76,97,40,49,57,0.608,0.41237113402061853,116
2023-10-07,1036,105,87,86,33,18,53,0.8285714285714286,0.38372093023255816,120
2023-10-08,1036,138,80,56,33,58,23,0.5797101449275363,0.5892857142857143,113
2023-10-09,1036,145,78,87,37,67,50,0.5379310344827586,0.42528735632183906,115
2023-10-10,1036,126,100,70,44,26,26,0.7936507936507936,0.6285714285714286,144
2023-10-11,1036,116,76,78,36,40,42,0.6551724137931034,0.46153846153846156,112
2023-10-12,1036,129,83,53,38,46,15,0.6434108527131783,0.71698113207547165,121
2023-10-13,1036,122,79,63,31,43,32,0.6475409836065574,0.49206349206349204,110
2023-10-14,1036,114,83,80,45,31,35,0.7280701754385965,0.5625,128
2023-10-15,1036,112,89,96,42,23,54,0.7946428571428571,0.4375,131
2023-10-16,1036,122,92,86,37,30,49,0.7540983606557377,0.43023255813953487,129
2023-10-17,1036,133,80,52,34,53,18,0.6015037593984962,0.6538461538461539,114
2023-10-18,1036,146,72,87,45,74,42,0.4931506849315068,0.5172413793103449,117
2023-10-19,1036,147,88,54,35,59,19,0.5986394557823129,0.6481481481481481,123
2023-10-20,1036,148,97,54,37,51,17,0.6554054054054054,0.6851851851851852,134
2023-10-21,1036,150,83,56,47,67,9,0.5533333333333333,0.8392857142857143,130
2023-10-22,1036,109,83,99,35,26,64,0.7614678899082569,0.35353535353535354,118
2023-10-23,1036,115,84,85,32,31,53,0.7304347826086957,0.3764705882352941,116
2023-10-24,1036,149,88,66,50,61,16,0.5906040268456376,0.7575757575757576,138
2023-10-25,1036,128,65,66,42,63,24,0.5078125,0.6363636363636364,107
2023-10-26,1036,144,90,60,34,54,26,0.625,0.5666666666666667,124
2023-10-27,1036,141,74,52,52,67,0,0.524822695035461,1,126
2023-10-28,1036,124,87,75,30,37,45,0.7016129032258065,0.4,117
2023-10-29,1036,150,78,72,47,72,25,0.52,0.6527777777777778,125
2023-10-30,1036,129,75,54,43,54,11,0.5813953488372093,0.7962962962962963,118
2023-10-31,1036,108,85,90,35,23,55,0.7870370370370371,0.3888888888888889,120
2023-11-01,1036,109,82,82,29,27,53,0.7522935779816514,0.35365853658536583,111
2023-11-02,1036,112,73,60,43,39,17,0.6517857142857143,0.7166666666666667,116
2023-11-03,1036,116,71,53,42,45,11,0.6120689655172413,0.7924528301886793,113
2023-11-04,1036,145,67,74,54,78,20,0.46206896551724136,0.7297297297297297,121
2023-11-05,1036,111,78,51,38,33,13,0.7027027027027027,0.7450980392156863,116
2023-11-06,1036,104,82,94,35,22,59,0.7884615384615384,0.3723404255319149,117
2023-11-07,1036,145,88,96,35,57,61,0.6068965517241379,0.3645833333333333,123
2023-11-08,1036,109,75,70,45,34,25,0.6880733944954128,0.6428571428571429,120
2023-11-09,1036,107,84,93,43,23,50,0.7850467289719626,0.46236559139784944,127
2023-11-10,1036,138,74,98,39,64,59,0.5362318840579711,0.3979591836734694,113
2023-11-11,1036,122,81,90,44,41,46,0.6639344262295082,0.4888888888888889,125
2023-11-12,1036,150,78,86,50,72,36,0.52,0.5813953488372093,128
2023-11-13,1036,117,78,98,34,39,64,0.6666666666666666,0.3469387755102041,112
2023-11-14,1036,105,89,92,50,16,42,0.8476190476190476,0.5434782608695652,139
2023-11-15,1036,149,75,75,38,74,37,0.5033557046979866,0.5066666666666667,113
2023-11-16,1036,123,63,83,41,60,42,0.5121951219512195,0.4939759036144578,104
2023-11-17,1036,119,83,72,33,36,39,0.6974789915966386,0.4583333333333333,116
2023-11-18,1036,142,80,95,41,62,54,0.5633802816901409,0.43157894736842106,121
2023-11-19,1036,101,86,87,35,15,52,0.8514851485148515,0.40229885057471265,121
2023-11-20,1036,130,75,71,38,55,33,0.5769230769230769,0.5352112676056338,113
2023-11-21,1036,125,77,93,43,48,50,0.616,0.46236559139784944,120
2023-11-22,1036,121,88,60,39,33,21,0.7272727272727273,0.65,127
2023-11-23,1036,140,86,89,48,54,41,0.6142857142857143,0.5393258426966292,134
2023-11-24,1036,117,87,74,40,30,34,0.7435897435897436,0.5405405405405406,127
2023-11-25,1036,114,76,99,51,38,48,0.6666666666666666,0.5151515151515151,127
2023-11-26,1036,103,82,71,41,21,30,0.7961165048543689,0.5774647887323944,123
2023-11-27,1036,125,74,97,32,51,65,0.592,0.32989690721649484,106
2023-11-28,1036,109,78,76,31,31,45,0.7155963302752294,0.40789473684210525,109
2023-11-29,1036,128,73,69,56,55,13,0.5703125,0.8115942028985508,129
2023-11-30,1036,105,87,90,32,18,58,0.8285714285714286,0.35555555555555557,119
2023-12-01,1036,100,81,50,44,19,6,0.81,0.88,125
2023-12-02,1036,102,84,86,41,18,45,0.8235294117647058,0.47674418604651164,125
2023-12-03,1036,135,98,94,41,37,53,0.725925925925926,0.43617021276595747,139
2023-12-04,1036,135,79,70,43,56,27,0.5851851851851851,0.6142857142857143,122
2023-12-05,1036,137,83,72,41,54,31,0.6058394160583942,0.5694444444444444,124
2023-12-06,1036,111,75,54,38,36,16,0.6756756756756757,0.7037037037037037,113
2023-12-07,1036,106,76,59,34,30,25,0.71698113207547165,0.576271186440678,110
2023-12-08,1036,140,63,85,41,77,44,0.45,0.4823529411764706,104
2023-12-09,1036,121,83,93,47,38,46,0.6859504132231405,0.5053763440860215,130
2023-12-10,1036,146,92,74,50,54,24,0.6301369863013698,0.6756756756756757,142
2023-12-11,1036,136,93,64,42,43,22,0.6838235294117647,0.65625,135
2023-12-12,1036,149,86,64,42,63,22,0.5771812080536913,0.65625,128
2023-12-13,1036,143,81,76,37,62,39,0.5664335664335665,0.4868421052631579,118
2023-12-14,1036,134,76,59,31,58,28,0.5671641791044776,0.5254237288135594,107
2023-12-15,1036,112,80,89,41,32,48,0.7142857142857143,0.4606741573033708,121
2023-12-16,1036,104,78,96,38,26,58,0.75,0.3958333333333333,116
2023-12-17,1036,120,80,62,34,40,28,0.6666666666666666,0.5483870967741935,114
2023-12-18,1036,110,74,99,35,36,64,0.6727272727272727,0.35353535353535354,109
2023-12-19,1036,102,71,52,36,31,16,0.696078431372549,0.6923076923076923,107
2023-12-20,1036,127,75,99,40,52,59,0.5905511811023622,0.40404040404040403,115
2023-12-21,1036,130,82,80,35,48,45,0.6307692307692307,0.4375,117
2023-12-22,1036,129,80,80,50,49,30,0.6201550387596899,0.625,130
2023-12-23,1036,111,75,93,43,36,50,0.6756756756756757,0.46236559139784944,118
2023-12-24,1036,134,73,56,41,61,15,0.5447761194029851,0.7321428571428571,114
2023-12-25,1036,142,78,75,59,64,16,0.5492957746478874,0.7866666666666666,137
2023-12-26,1036,118,77,75,31,41,44,0.652542372881356,0.41333333333333333,108
2023-12-27,1036,123,89,60,41,34,19,0.7235772357723578,0.6833333333333333,130
2023-12-28,1036,126,85,59,40,41,19,0.6746031746031746,0.6779661016949152,125
2023-12-29,1036,142,100,70,40,42,30,0.704225352112676,0.5714285714285714,140
2023-12-30,1036,131,62,67,38,69,29,0.4732824427480916,0.5671641791044776,100
2023-12-31,1036,111,66,73,36,45,37,0.5945945945945946,0.4931506849315068,102
2023-01-01,1037,103,75,95,48,28,47,0.7281553398058253,0.5052631578947369,123
2023-01-02,1037,105,89,92,46,16,46,0.8476190476190476,0.5,135
2023-01-03,1037,128,68,73,44,60,29,0.53125,0.6027397260273972,112
2023-01-04,1037,100,73,51,31,27,20,0.73,0.6078431372549019,104
2023-01-05,1037,135,82,69,52,53,17,0.6074074074074074,0.7536231884057971,134
2023-01-06,1037,126,96,81,28,30,53,0.7619047619047619,0.345679012345679,124
2023-01-07,1037,147,68,86,46,79,40,0.46258503401360546,0.5348837209302325,114
2023-01-08,1037,115,85,82,37,30,45,0.7391304347826086,0.45121951219512196,122
2023-01-09,1037,148,74,69,33,74,36,0.5,0.4782608695652174,107
2023-01-10,1037,142,75,68,43,67,25,0.528169014084507,0.6323529411764706,118
2023-01-11,1037,129,78,87,54,51,33,0.6046511627906976,0.6206896551724138,132
2023-01-12,1037,127,70,74,44,57,30,0.5511811023622047,0.5945945945945946,114
2023-01-13,1037,119,65,88,45,54,43,0.5462184873949579,0.5113636363636364,110
2023-01-14,1037,112,82,85,27,30,58,0.7321428571428571,0.3176470588235294,109
2023-01-15,1037,135,98,66,41,37,25,0.725925925925926,0.6212121212121212,139
2023-01-16,1037,113,68,88,34,45,54,0.6017699115044248,0.38636363636363635,102
2023-01-17,1037,141,88,80,35,53,45,0.624113475177305,0.4375,123
2023-01-18,1037,104,89,51,47,15,4,0.8557692307692307,0.9215686274509803,136
2023-01-19,1037,130,94,59,56,36,3,0.7230769230769231,0.9491525423728814,150
2023-01-20,1037,136,93,97,40,43,57,0.6838235294117647,0.41237113402061853,133
2023-01-21,1037,140,90,74,38,50,36,0.6428571428571429,0.5135135135135135,128
2023-01-22,1037,103,81,63,37,22,26,0.7864077669902912,0.5873015873015873,118
2023-01-23,1037,114,76,90,36,38,54,0.6666666666666666,0.4,112
2023-01-24,1037,138,77,86,43,61,43,0.5579710144927537,0.5,120
2023-01-25,1037,148,78,55,33,70,22,0.527027027027027,0.6,111
2023-01-26,1037,134,80,71,38,54,33,0.5970149253731343,0.5352112676056338,118
2023-01-27,1037,122,79,100,34,43,66,0.6475409836065574,0.34,113
2023-01-28,1037,122,66,74,32,56,42,0.5409836065573771,0.43243243243243246,98
2023-01-29,1037,103,77,89,39,26,50,0.7475728155339806,0.43820224719101125,116
2023-01-30,1037,139,98,93,51,41,42,0.7050359712230215,0.5483870967741935,149
2023-01-31,1037,105,79,74,37,26,37,0.7523809523809524,0.5,116
2023-02-01,1037,121,83,67,46,38,21,0.6859504132231405,0.6865671641791045,129
2023-02-02,1037,121,70,72,38,51,34,0.5785123966942148,0.5277777777777778,108
2023-02-03,1037,142,79,100,38,63,62,0.5563380281690141,0.38,117
2023-02-04,1037,134,75,62,41,59,21,0.5597014925373134,0.6612903225806451,116
2023-02-05,1037,120,84,74,30,36,44,0.7,0.40540540540540543,114
2023-02-06,1037,115,82,58,43,33,15,0.7130434782608696,0.7413793103448276,125
2023-02-07,1037,119,92,95,42,27,53,0.773109243697479,0.4421052631578947,134
2023-02-08,1037,106,72,96,44,34,52,0.6792452830188679,0.4583333333333333,116
2023-02-09,1037,123,75,81,41,48,40,0.6097560975609756,0.5061728395061729,116
2023-02-10,1037,125,84,68,31,41,37,0.672,0.45588235294117646,115
2023-02-11,1037,135,83,72,41,52,31,0.6148148148148148,0.5694444444444444,124
2023-02-12,1037,129,98,88,44,31,44,0.7596899224806202,0.5,142
2023-02-13,1037,147,93,89,38,54,51,0.6326530612244898,0.42696629213483145,131
2023-02-14,1037,140,81,55,33,59,22,0.5785714285714286,0.6,114
2023-02-15,1037,122,83,68,29,39,39,0.680327868852459,0.4264705882352941,112
2023-02-16,1037,127,78,68,31,49,37,0.6141732283464567,0.45588235294117646,109
2023-02-17,1037,149,70,87,42,79,45,0.4697986577181208,0.4827586206896552,112
2023-02-18,1037,149,74,89,27,75,62,0.49664429530201343,0.30337078651685395,101
2023-02-19,1037,136,80,76,40,56,36,0.5882352941176471,0.5263157894736842,120
2023-02-20,1037,146,85,94,44,61,50,0.5821917808219178,0.46808510638297873,129
2023-02-21,1037,110,80,80,46,30,34,0.7272727272727273,0.575,126
2023-02-22,1037,122,85,99,43,37,56,0.6967213114754098,0.43434343434343436,128
2023-02-23,1037,120,76,60,49,44,11,0.6333333333333333,0.8166666666666667,125
2023-02-24,1037,125,94,59,34,31,25,0.752,0.576271186440678,128
2023-02-25,1037,108,81,68,43,27,25,0.75,0.6323529411764706,124
2023-02-26,1037,101,68,95,44,33,51,0.6732673267326733,0.4631578947368421,112
2023-02-27,1037,122,67,93,38,55,55,0.5491803278688525,0.40860215053763443,105
2023-02-28,1037,108,73,57,41,35,16,0.6759259259259259,0.7192982456140351,114
2023-03-01,1037,116,78,76,38,38,38,0.6724137931034483,0.5,116
2023-03-02,1037,115,96,58,41,19,17,0.8347826086956521,0.7068965517241379,137
2023-03-03,1037,104,83,58,38,21,20,0.7980769230769231,0.6551724137931034,121
2023-03-04,1037,136,76,84,33,60,51,0.5588235294117647,0.39285714285714285,109
2023-03-05,1037,127,81,66,38,46,28,0.6377952755905512,0.5757575757575758,119
2023-03-06,1037,110,64,57,46,46,11,0.5818181818181818,0.8070175438596491,110
2023-03-07,1037,121,83,58,46,38,12,0.6859504132231405,0.7931034482758621,129
2023-03-08,1037,104,85,61,39,19,22,0.8173076923076923,0.639344262295082,124
2023-03-09,1037,128,77,84,47,51,37,0.6015625,0.5595238095238095,124
2023-03-10,1037,108,70,57,45,38,12,0.6481481481481481,0.7894736842105263,115
2023-03-11,1037,145,83,99,40,62,59,0.5724137931034483,0.40404040404040403,123
2023-03-12,1037,133,79,82,36,54,46,0.5939849624060151,0.43902439024390244,115
2023-03-13,1037,133,83,78,43,50,35,0.6240601503759399,0.5512820512820513,126
2023-03-14,1037,120,80,91,35,40,56,0.6666666666666666,0.38461538461538464,115
2023-03-15,1037,127,81,60,32,46,28,0.6377952755905512,0.5333333333333333,113
2023-03-16,1037,143,88,76,32,55,44,0.6153846153846154,0.42105263157894735,120
2023-03-17,1037,115,80,80,40,35,40,0.6956521739130435,0.5,120
2023-03-18,1037,149,82,95,45,67,50,0.5503355704697986,0.47368421052631576,127
2023-03-19,1037,139,83,90,33,56,57,0.5971223021582733,0.36666666666666664,116
2023-03-20,1037,100,92,66,45,8,21,0.92,0.6818181818181818,137
2023-03-21,1037,140,84,67,45,56,22,0.6,0.6716417910447762,129
2023-03-22,1037,148,86,100,44,62,56,0.581081081081081,0.44,130
2023-03-23,1037,133,92,68,47,41,21,0.6917293233082706,0.6911764705882353,139
2023-03-24,1037,105,84,57,44,21,13,0.8,0.7719298245614035,128
2023-03-25,1037,120,71,59,45,49,14,0.5916666666666667,0.7627118644067796,116
2023-03-26,1037,109,80,72,42,29,30,0.7339449541284404,0.5833333333333334,122
2023-03-27,1037,129,73,61,28,56,33,0.5658914728682171,0.45901639344262296,101
2023-03-28,1037,126,91,84,52,35,32,0.7222222222222222,0.6190476190476191,143
2023-03-29,1037,148,84,77,47,64,30,0.5675675675675675,0.6103896103896104,131
2023-03-30,1037,131,69,70,40,62,30,0.5267175572519084,0.5714285714285714,109
2023-03-31,1037,124,69,59,31,55,28,0.5564516129032258,0.5254237288135594,100
2023-04-01,1037,127,85,89,44,42,45,0.6692913385826772,0.4943820224719101,129
2023-04-02,1037,149,66,53,53,83,0,0.4429530201342282,1,119
2023-04-03,1037,146,83,69,29,63,40,0.5684931506849316,0.42028985507246375,112
2023-04-04,1037,102,85,98,40,17,58,0.8333333333333334,0.40816326530612246,125
2023-04-05,1037,139,79,76,28,60,48,0.5683453237410072,0.3684210526315789,107
2023-04-06,1037,143,93,62,29,50,33,0.6503496503496503,0.46774193548387094,122
2023-04-07,1037,125,67,91,50,58,41,0.536,0.5494505494505495,117
2023-04-08,1037,126,80,68,29,46,39,0.6349206349206349,0.4264705882352941,109
2023-04-09,1037,145,89,93,43,56,50,0.6137931034482759,0.46236559139784944,132
2023-04-10,1037,129,67,89,33,62,56,0.5193798449612403,0.3707865168539326,100
2023-04-11,1037,113,73,76,34,40,42,0.6460176991150443,0.4473684210526316,107
2023-04-12,1037,126,82,89,33,44,56,0.6507936507936508,0.3707865168539326,115
2023-04-13,1037,123,81,90,40,42,50,0.6585365853658537,0.4444444444444444,121
2023-04-14,1037,117,84,54,40,33,14,0.717948717948718,0.7407407407407407,124
2023-04-15,1037,118,78,55,41,40,14,0.6610169491525424,0.7454545454545455,119
2023-04-16,1037,124,87,96,41,37,55,0.7016129032258065,0.4270833333333333,128
2023-04-17,1037,138,85,70,43,53,27,0.6159420289855072,0.6142857142857143,128
2023-04-18,1037,133,65,75,41,68,34,0.48872180451127817,0.5466666666666666,106
2023-04-19,1037,140,60,82,39,80,43,0.42857142857142855,0.47560975609756095,99
2023-04-20,1037,143,84,51,24,59,27,0.5874125874125874,0.47058823529411764,108
2023-04-21,1037,148,87,86,41,61,45,0.5878378378378378,0.47674418604651164,128
2023-04-22,1037,138,69,62,40,69,22,0.5,0.6451612903225806,109
2023-04-23,1037,129,79,72,32,50,40,0.6124031007751938,0.4444444444444444,111
2023-04-24,1037,112,81,91,45,31,46,0.7232142857142857,0.4945054945054945,126
2023-04-25,1037,134,86,59,42,48,17,0.6417910447761194,0.711864406779661,128
2023-04-26,1037,138,94,86,40,44,46,0.6811594202898551,0.46511627906976744,134
2023-04-27,1037,136,94,86,37,42,49,0.6911764705882353,0.43023255813953487,131
2023-04-28,1037,133,82,99,50,51,49,0.6165413533834586,0.5050505050505051,132
2023-04-29,1037,138,78,96,38,60,58,0.5652173913043478,0.3958333333333333,116
2023-04-30,1037,119,77,93,31,42,62,0.6470588235294118,0.3333333333333333,108
2023-05-01,1037,107,78,66,37,29,29,0.7289719626168224,0.5606060606060606,115
2023-05-02,1037,104,88,79,35,16,44,0.8461538461538461,0.4430379746835443,123
2023-05-03,1037,146,85,99,52,61,47,0.5821917808219178,0.5252525252525253,137
2023-05-04,1037,125,76,84,30,49,54,0.608,0.35714285714285715,106
2023-05-05,1037,129,66,95,41,63,54,0.5116279069767442,0.43157894736842106,107
2023-05-06,1037,132,78,99,30,54,69,0.5909090909090909,0.30303030303030304,108
2023-05-07,1037,109,77,91,37,32,54,0.7064220183486238,0.4065934065934066,114
2023-05-08,1037,134,64,81,43,70,38,0.47761194029850745,0.5308641975308642,107
2023-05-09,1037,113,89,69,32,24,37,0.7876106194690266,0.463768115942029,121
2023-05-10,1037,106,90,59,34,16,25,0.8490566037735849,0.576271186440678,124
2023-05-11,1037,123,75,89,44,48,45,0.6097560975609756,0.4943820224719101,119
2023-05-12,1037,109,83,76,45,26,31,0.7614678899082569,0.5921052631578947,128
2023-05-13,1037,119,91,62,40,28,22,0.7647058823529411,0.6451612903225806,131
2023-05-14,1037,146,64,73,43,82,30,0.4383561643835616,0.589041095890411,107
2023-05-15,1037,147,82,90,47,65,43,0.5578231292517006,0.5222222222222223,129
2023-05-16,1037,122,77,64,40,45,24,0.6311475409836066,0.625,117
2023-05-17,1037,147,76,72,43,71,29,0.5170068027210885,0.5972222222222222,119
2023-05-18,1037,142,93,55,31,49,24,0.6549295774647887,0.5636363636363636,124
2023-05-19,1037,142,75,74,43,67,31,0.528169014084507,0.581081081081081,118
2023-05-20,1037,137,83,61,31,54,30,0.6058394160583942,0.5081967213114754,114
2023-05-21,1037,125,89,72,36,36,36,0.712,0.5,125
2023-05-22,1037,149,59,68,44,90,24,0.3959731543624161,0.6470588235294118,103
2023-05-23,1037,136,74,53,34,62,19,0.5441176470588235,0.6415094339622641,108
2023-05-24,1037,121,70,67,41,51,26,0.5785123966942148,0.6119402985074627,111
2023-05-25,1037,128,80,92,60,48,32,0.625,0.6521739130434783,140
2023-05-26,1037,123,86,86,41,37,45,0.6991869918699187,0.47674418604651164,127
2023-05-27,1037,114,76,96,35,38,61,0.6666666666666666,0.3645833333333333,111
2023-05-28,1037,144,88,56,45,56,11,0.6111111111111112,0.8035714285714286,133
2023-05-29,1037,136,71,91,37,65,54,0.5220588235294118,0.4065934065934066,108
2023-05-30,1037,104,78,70,33,26,37,0.75,0.4714285714285714,111
2023-05-31,1037,141,103,83,26,38,57,0.7304964539007093,0.3132530120481928,129
2023-06-01,1037,133,70,78,39,63,39,0.5263157894736842,0.5,109
2023-06-02,1037,145,82,90,42,63,48,0.5655172413793104,0.4666666666666667,124
2023-06-03,1037,150,94,74,45,56,29,0.6266666666666667,0.6081081081081081,139
2023-06-04,1037,118,88,62,50,30,12,0.7457627118644068,0.8064516129032258,138
2023-06-05,1037,107,70,98,38,37,60,0.6542056074766355,0.3877551020408163,108
2023-06-06,1037,140,80,94,39,60,55,0.5714285714285714,0.4148936170212766,119
2023-06-07,1037,132,90,90,45,42,45,0.6818181818181818,0.5,135
2023-06-08,1037,129,76,88,42,53,46,0.5891472868217055,0.4772727272727273,118
2023-06-09,1037,101,69,96,43,32,53,0.6831683168316832,0.4479166666666667,112
2023-06-10,1037,132,72,94,34,60,60,0.5454545454545454,0.3617021276595745,106
2023-06-11,1037,124,75,68,41,49,27,0.6048387096774194,0.6029411764705882,116
2023-06-12,1037,103,81,80,46,22,34,0.7864077669902912,0.575,127
2023-06-13,1037,140,77,66,35,63,31,0.55,0.5303030303030303,112
2023-06-14,1037,104,79,55,41,25,14,0.7596153846153846,0.7454545454545455,120
2023-06-15,1037,131,86,58,41,45,17,0.6564885496183206,0.7068965517241379,127
2023-06-16,1037,148,67,53,38,81,15,0.4527027027027027,0.71698113207547165,105
2023-06-17,1037,141,99,93,69,42,24,0.7021276595744681,0.7419354838709677,168
2023-06-18,1037,119,92,85,44,27,41,0.773109243697479,0.5176470588235295,136
2023-06-19,1037,128,80,90,48,48,42,0.625,0.5333333333333333,128
2023-06-20,1037,124,76,74,38,48,36,0.6129032258064516,0.5135135135135135,114
2023-06-21,1037,143,78,66,43,65,23,0.5454545454545454,0.6515151515151515,121
2023-06-22,1037,127,89,72,52,38,20,0.7007874015748031,0.7222222222222222,141
2023-06-23,1037,125,89,84,46,36,38,0.712,0.5476190476190477,135
2023-06-24,1037,114,73,91,41,41,50,0.6403508771929824,0.45054945054945056,114
2023-06-25,1037,134,79,98,39,55,59,0.5895522388059702,0.3979591836734694,118
2023-06-26,1037,114,77,65,48,37,17,0.6754385964912281,0.7384615384615385,125
2023-06-27,1037,137,79,63,35,58,28,0.5766423357664233,0.5555555555555556,114
2023-06-28,1037,122,69,73,38,53,35,0.5655737704918032,0.5205479452054794,107
2023-06-29,1037,137,76,59,39,61,20,0.5547445255474452,0.6610169491525424,115
2023-06-30,1037,127,80,66,46,47,20,0.6299212598425197,0.696969696969697,126
2023-07-01,1037,108,57,86,42,51,44,0.5277777777777778,0.4883720930232558,99
2023-07-02,1037,118,73,84,35,45,49,0.6186440677966102,0.4166666666666667,108
2023-07-03,1037,133,74,90,42,59,48,0.556390977443609,0.4666666666666667,116
2023-07-04,1037,136,91,78,31,45,47,0.6691176470588235,0.3974358974358974,122
2023-07-05,1037,146,85,55,38,61,17,0.5821917808219178,0.6909090909090909,123
2023-07-06,1037,125,76,72,33,49,39,0.608,0.4583333333333333,109
2023-07-07,1037,138,79,96,42,59,54,0.572463768115942,0.4375,121
2023-07-08,1037,125,85,87,31,40,56,0.68,0.3563218390804598,116
2023-07-09,1037,149,92,71,36,57,35,0.6174496644295302,0.5070422535211268,128
2023-07-10,1037,120,74,50,44,46,6,0.6166666666666667,0.88,118
2023-07-11,1037,116,83,68,45,33,23,0.7155172413793104,0.6617647058823529,128
2023-07-12,1037,130,91,89,52,39,37,0.7,0.5842696629213483,143
2023-07-13,1037,125,86,98,43,39,55,0.688,0.4387755102040816,129
2023-07-14,1037,112,88,94,39,24,55,0.7857142857142857,0.4148936170212766,127
2023-07-15,1037,105,80,81,35,25,46,0.7619047619047619,0.43209876543209874,115
2023-07-16,1037,146,83,67,47,63,20,0.5684931506849316,0.7014925373134329,130
2023-07-17,1037,134,80,66,35,54,31,0.5970149253731343,0.5303030303030303,115
2023-07-18,1037,113,78,71,44,35,27,0.6902654867256637,0.6197183098591549,122
2023-07-19,1037,111,72,55,45,39,10,0.6486486486486487,0.8181818181818182,117
2023-07-20,1037,134,77,53,41,57,12,0.5746268656716418,0.7735849056603774,118
2023-07-21,1037,125,78,78,44,47,34,0.624,0.5641025641025641,122
2023-07-22,1037,137,82,50,44,55,6,0.5985401459854015,0.88,126
2023-07-23,1037,139,87,52,32,52,20,0.6258992805755396,0.6153846153846154,119
2023-07-24,1037,115,81,50,37,34,13,0.7043478260869566,0.74,118
2023-07-25,1037,144,69,54,37,75,17,0.4791666666666667,0.6851851851851852,106
2023-07-26,1037,138,86,71,31,52,40,0.6231884057971014,0.43661971830985913,117
2023-07-27,1037,111,68,92,44,43,48,0.6126126126126126,0.4782608695652174,112
2023-07-28,1037,145,73,63,39,72,24,0.503448275862069,0.6190476190476191,112
2023-07-29,1037,120,88,80,31,32,49,0.7333333333333333,0.3875,119
2023-07-30,1037,132,68,70,50,64,20,0.5151515151515151,0.7142857142857143,118
2023-07-31,1037,130,73,82,39,57,43,0.5615384615384615,0.47560975609756095,112
2023-08-01,1037,109,88,62,27,21,35,0.8073394495412844,0.43548387096774194,115
2023-08-02,1037,126,84,72,34,42,38,0.6666666666666666,0.4722222222222222,118
2023-08-03,1037,106,83,84,37,23,47,0.78301886792452835,0.44047619047619047,120
2023-08-04,1037,138,94,87,43,44,44,0.6811594202898551,0.4942528735632184,137
2023-08-05,1037,122,75,59,38,47,21,0.6147540983606558,0.6440677966101694,113
2023-08-06,1037,135,55,51,40,80,11,0.4074074074074074,0.7843137254901961,95
2023-08-07,1037,106,70,51,35,36,16,0.660377358490566,0.6862745098039216,105
2023-08-08,1037,132,84,92,43,48,49,0.6363636363636364,0.4673913043478261,127
2023-08-09,1037,107,92,92,35,15,57,0.8598130841121495,0.3804347826086957,127
2023-08-10,1037,120,82,55,40,38,15,0.6833333333333333,0.7272727272727273,122
2023-08-11,1037,150,85,55,38,65,17,0.5666666666666667,0.6909090909090909,123
2023-08-12,1037,113,88,79,38,25,41,0.7787610619469026,0.4810126582278481,126
2023-08-13,1037,138,72,63,51,66,12,0.5217391304347826,0.8095238095238095,123
2023-08-14,1037,108,74,99,41,34,58,0.6851851851851852,0.41414141414141414,115
2023-08-15,1037,120,65,86,42,55,44,0.5416666666666666,0.4883720930232558,107
2023-08-16,1037,122,80,57,46,42,11,0.6557377049180327,0.8070175438596491,126
2023-08-17,1037,133,82,67,39,51,28,0.6165413533834586,0.582089552238806,121
2023-08-18,1037,110,90,80,45,20,35,0.8181818181818182,0.5625,135
2023-08-19,1037,124,56,77,45,68,32,0.45161290322580644,0.5844155844155844,101
2023-08-20,1037,117,77,71,45,40,26,0.6581196581196581,0.6338028169014085,122
2023-08-21,1037,125,73,67,28,52,39,0.584,0.417910447761194,101
2023-08-22,1037,109,82,50,32,27,18,0.7522935779816514,0.64,114
2023-08-23,1037,104,60,71,44,44,27,0.5769230769230769,0.6197183098591549,104
2023-08-24,1037,106,84,54,45,22,9,0.7924528301886793,0.8333333333333334,129
2023-08-25,1037,113,83,82,42,30,40,0.7345132743362832,0.5121951219512195,125
2023-08-26,1037,104,82,50,40,22,10,0.7884615384615384,0.8,122
2023-08-27,1037,112,81,80,33,31,47,0.7232142857142857,0.4125,114
2023-08-28,1037,111,64,97,39,47,58,0.5765765765765766,0.4020618556701031,103
2023-08-29,1037,115,73,89,42,42,47,0.6347826086956522,0.47191011235955055,115
2023-08-30,1037,125,84,59,42,41,17,0.672,0.711864406779661,126
2023-08-31,1037,114,71,75,36,43,39,0.6228070175438597,0.48,107
2023-09-01,1037,115,85,97,51,30,46,0.7391304347826086,0.5257731958762887,136
2023-09-02,1037,112,67,50,37,45,13,0.5982142857142857,0.74,104
2023-09-03,1037,133,81,82,36,52,46,0.6090225563909775,0.43902439024390244,117
2023-09-04,1037,108,83,54,28,25,26,0.7685185185185185,0.5185185185185185,111
2023-09-05,1037,108,70,65,43,38,22,0.6481481481481481,0.6615384615384615,113
2023-09-06,1037,141,86,81,38,55,43,0.6099290780141844,0.4691358024691358,124
2023-09-07,1037,102,67,54,43,35,11,0.6568627450980392,0.7962962962962963,110
2023-09-08,1037,147,78,50,36,69,14,0.5306122448979592,0.72,114
2023-09-09,1037,117,79,75,44,38,31,0.6752136752136753,0.5866666666666667,123
2023-09-10,1037,142,64,74,35,78,39,0.4507042253521127,0.47297297297297297,99
2023-09-11,1037,147,69,55,41,78,14,0.46938775510204084,0.7454545454545455,110
2023-09-12,1037,103,83,85,42,20,43,0.8058252427184466,0.49411764705882355,125
2023-09-13,1037,130,77,77,43,53,34,0.5923076923076923,0.5584415584415584,120
2023-09-14,1037,116,93,51,35,23,16,0.8017241379310345,0.6862745098039216,128
2023-09-15,1037,119,79,72,39,40,33,0.6638655462184874,0.5416666666666666,118
2023-09-16,1037,139,75,98,45,64,53,0.539568345323741,0.45918367346938777,120
2023-09-17,1037,110,84,63,23,26,40,0.7636363636363637,0.36507936507936506,107
2023-09-18,1037,114,75,83,41,39,42,0.6578947368421053,0.4939759036144578,116
2023-09-19,1037,100,86,60,40,14,20,0.86,0.6666666666666666,126
2023-09-20,1037,122,76,51,44,46,7,0.6229508196721312,0.8627450980392157,120
2023-09-21,1037,127,92,89,41,35,48,0.7244094488188977,0.4606741573033708,133
2023-09-22,1037,103,75,98,39,28,59,0.7281553398058253,0.3979591836734694,114
2023-09-23,1037,144,98,77,37,46,40,0.6805555555555556,0.4805194805194805,135
2023-09-24,1037,132,85,79,40,47,39,0.6439393939393939,0.5063291139240507,125
2023-09-25,1037,140,92,78,37,48,41,0.6571428571428571,0.47435897435897434,129
2023-09-26,1037,117,94,63,49,23,14,0.8034188034188035,0.7777777777777778,143
2023-09-27,1037,112,87,75,38,25,37,0.7767857142857143,0.5066666666666667,125
2023-09-28,1037,139,69,71,42,70,29,0.49640287769784175,0.5915492957746479,111
2023-09-29,1037,136,73,97,29,63,68,0.5367647058823529,0.29896907216494845,102
2023-09-30,1037,144,81,61,38,63,23,0.5625,0.6229508196721312,119
2023-10-01,1037,139,72,85,42,67,43,0.5179856115107914,0.49411764705882355,114
2023-10-02,1037,113,84,88,43,29,45,0.7433628318584071,0.48863636363636365,127
2023-10-03,1037,127,67,100,35,60,65,0.5275590551181102,0.35,102
2023-10-04,1037,137,86,98,40,51,58,0.6277372262773723,0.40816326530612246,126
2023-10-05,1037,105,82,91,43,23,48,0.780952380952381,0.4725274725274725,125
2023-10-06,1037,134,74,88,38,60,50,0.5522388059701493,0.4318181818181818,112
2023-10-07,1037,141,86,96,43,55,53,0.6099290780141844,0.4479166666666667,129
2023-10-08,1037,144,63,63,38,81,25,0.4375,0.6031746031746031,101
2023-10-09,1037,135,92,50,38,43,12,0.6814814814814815,0.76,130
2023-10-10,1037,123,92,77,43,31,34,0.7479674796747967,0.5584415584415584,135
2023-10-11,1037,117,91,71,45,26,26,0.7777777777777778,0.6338028169014085,136
2023-10-12,1037,142,99,90,40,43,50,0.6971830985915493,0.4444444444444444,139
2023-10-13,1037,110,75,73,37,35,36,0.6818181818181818,0.5068493150684932,112
2023-10-14,1037,126,81,56,44,45,12,0.6428571428571429,0.7857142857142857,125
2023-10-15,1037,129,59,96,38,70,58,0.4573643410852713,0.3958333333333333,97
2023-10-16,1037,145,71,91,39,74,52,0.4896551724137931,0.42857142857142855,110
2023-10-17,1037,143,85,55,40,58,15,0.5944055944055944,0.7272727272727273,125
2023-10-18,1037,145,68,54,46,77,8,0.4689655172413793,0.8518518518518519,114
2023-10-19,1037,148,75,93,45,73,48,0.5067567567567568,0.4838709677419355,120
2023-10-20,1037,123,74,99,36,49,63,0.6016260162601627,0.36363636363636365,110
2023-10-21,1037,146,74,72,39,72,33,0.5068493150684932,0.5416666666666666,113
2023-10-22,1037,109,75,69,40,34,29,0.6880733944954128,0.5797101449275363,115
2023-10-23,1037,122,70,54,54,52,0,0.5737704918032787,1,124
2023-10-24,1037,142,91,52,37,51,15,0.6408450704225352,0.7115384615384616,128
2023-10-25,1037,106,86,68,29,20,39,0.8113207547169812,0.4264705882352941,115
2023-10-26,1037,119,89,99,35,30,64,0.7478991596638656,0.35353535353535354,124
2023-10-27,1037,111,89,81,40,22,41,0.8018018018018018,0.49382716049382713,129
2023-10-28,1037,111,72,59,42,39,17,0.6486486486486487,0.711864406779661,114
2023-10-29,1037,149,83,53,29,66,24,0.5570469798657718,0.5471698113207547,112
2023-10-30,1037,148,73,55,35,75,20,0.49324324324324326,0.6363636363636364,108
2023-10-31,1037,133,75,71,44,58,27,0.5639097744360902,0.6197183098591549,119
2023-11-01,1037,117,90,54,39,27,15,0.7692307692307693,0.7222222222222222,129
2023-11-02,1037,134,87,81,45,47,36,0.6492537313432836,0.5555555555555556,132
2023-11-03,1037,108,80,63,39,28,24,0.7407407407407407,0.6190476190476191,119
2023-11-04,1037,117,74,94,36,43,58,0.6324786324786325,0.3829787234042553,110
2023-11-05,1037,149,90,67,44,59,23,0.6040268456375839,0.6567164179104478,134
2023-11-06,1037,126,81,93,32,45,61,0.6428571428571429,0.34408602150537637,113
2023-11-07,1037,144,66,52,39,78,13,0.4583333333333333,0.75,105
2023-11-08,1037,123,75,76,37,48,39,0.6097560975609756,0.4868421052631579,112
2023-11-09,1037,100,85,96,39,15,57,0.85,0.40625,124
2023-11-10,1037,106,73,85,39,33,46,0.6886792452830188,0.4588235294117647,112
2023-11-11,1037,137,73,92,49,64,43,0.5328467153284672,0.532608695652174,122
2023-11-12,1037,102,81,55,40,21,15,0.7941176470588235,0.7272727272727273,121
2023-11-13,1037,107,78,88,39,29,49,0.7289719626168224,0.4431818181818182,117
2023-11-14,1037,112,81,54,47,31,7,0.7232142857142857,0.8703703703703703,128
2023-11-15,1037,140,83,62,32,57,30,0.5928571428571429,0.5161290322580645,115
2023-11-16,1037,124,81,82,38,43,44,0.6532258064516129,0.4634146341463415,119
2023-11-17,1037,121,70,67,44,51,23,0.5785123966942148,0.6567164179104478,114
2023-11-18,1037,144,78,82,39,66,43,0.5416666666666666,0.47560975609756095,117
2023-11-19,1037,112,71,97,41,41,56,0.6339285714285714,0.422680412371134,112
2023-11-20,1037,119,89,58,36,30,22,0.7478991596638656,0.6206896551724138,125
2023-11-21,1037,118,85,55,37,33,18,0.7203389830508474,0.6727272727272727,122
2023-11-22,1037,102,70,95,40,32,55,0.6862745098039216,0.42105263157894735,110
2023-11-23,1037,100,67,54,49,33,5,0.67,0.9074074074074074,116
2023-11-24,1037,101,98,59,36,3,23,0.9702970297029703,0.6101694915254238,134
2023-11-25,1037,128,84,87,42,44,45,0.65625,0.4827586206896552,126
2023-11-26,1037,141,99,60,40,42,20,0.7021276595744681,0.6666666666666666,139
2023-11-27,1037,133,65,86,45,68,41,0.48872180451127817,0.5232558139534884,110
2023-11-28,1037,106,80,50,30,26,20,0.7547169811320755,0.6,110
2023-11-29,1037,120,76,52,46,44,6,0.6333333333333333,0.8846153846153846,122
2023-11-30,1037,148,82,98,32,66,66,0.5540540540540541,0.32653061224489793,114
2023-12-01,1037,106,79,96,36,27,60,0.7452830188679245,0.375,115
2023-12-02,1037,119,72,64,37,47,27,0.6050420168067226,0.578125,109
2023-12-03,1037,132,98,99,40,34,59,0.7424242424242424,0.40404040404040403,138
2023-12-04,1037,117,88,80,31,29,49,0.7521367521367521,0.3875,119
2023-12-05,1037,144,77,82,48,67,34,0.5347222222222222,0.5853658536585366,125
2023-12-06,1037,126,74,57,37,52,20,0.5873015873015873,0.6491228070175439,111
2023-12-07,1037,113,71,86,42,42,44,0.6283185840707964,0.4883720930232558,113
2023-12-08,1037,145,87,91,39,58,52,0.6,0.42857142857142855,126
2023-12-09,1037,142,78,55,41,64,14,0.5492957746478874,0.7454545454545455,119
2023-12-10,1037,142,69,81,31,73,50,0.4859154929577465,0.38271604938271603,100
2023-12-11,1037,115,90,84,37,25,47,0.782608695652174,0.44047619047619047,127
2023-12-12,1037,107,86,66,34,21,32,0.8037383177570093,0.5151515151515151,120
2023-12-13,1037,112,72,52,39,40,13,0.6428571428571429,0.75,111
2023-12-14,1037,149,78,88,37,71,51,0.5234899328859061,0.42045454545454547,115
2023-12-15,1037,125,78,100,44,47,56,0.624,0.44,122
2023-12-16,1037,145,90,72,46,55,26,0.6206896551724138,0.6388888888888888,136
2023-12-17,1037,140,85,69,49,55,20,0.6071428571428571,0.7101449275362319,134
2023-12-18,1037,137,92,54,54,45,0,0.6715328467153284,1,146
2023-12-19,1037,102,68,57,29,34,28,0.6666666666666666,0.5087719298245614,97
2023-12-20,1037,112,94,56,40,18,16,0.8392857142857143,0.7142857142857143,134
2023-12-21,1037,129,93,51,32,36,19,0.7209302325581395,0.6274509803921569,125
2023-12-22,1037,115,92,80,39,23,41,0.8,0.4875,131
2023-12-23,1037,139,82,70,35,57,35,0.5899280575539568,0.5,117
2023-12-24,1037,112,78,89,42,34,47,0.6964285714285714,0.47191011235955055,120
2023-12-25,1037,131,81,57,49,50,8,0.6183206106870229,0.8596491228070176,130
2023-12-26,1037,103,56,71,41,47,30,0.5436893203883495,0.5774647887323944,97
2023-12-27,1037,116,92,77,36,24,41,0.7931034482758621,0.4675324675324675,128
2023-12-28,1037,135,77,94,37,58,57,0.5703703703703704,0.39361702127659576,114
2023-12-29,1037,128,72,100,49,56,51,0.5625,0.49,121
2023-12-30,1037,111,81,85,39,30,46,0.7297297297297297,0.4588235294117647,120
2023-12-31,1037,126,71,67,41,55,26,0.5634920634920635,0.6119402985074627,112
2023-01-01,1038,145,73,85,44,72,41,0.503448275862069,0.5176470588235295,117
2023-01-02,1038,116,68,98,50,48,48,0.5862068965517241,0.5102040816326531,118
2023-01-03,1038,125,86,58,43,39,15,0.688,0.7413793103448276,129
2023-01-04,1038,122,81,92,35,41,57,0.6639344262295082,0.3804347826086957,116
2023-01-05,1038,105,67,89,40,38,49,0.638095238095238,0.449438202247191,107
2023-01-06,1038,133,95,87,41,38,46,0.7142857142857143,0.47126436781609193,136
2023-01-07,1038,102,84,57,33,18,24,0.8235294117647058,0.5789473684210527,117
2023-01-08,1038,133,73,74,41,60,33,0.5488721804511278,0.5540540540540541,114
2023-01-09,1038,147,83,92,43,64,49,0.564625850340136,0.4673913043478261,126
2023-01-10,1038,150,69,97,41,81,56,0.46,0.422680412371134,110
2023-01-11,1038,135,84,66,33,51,33,0.6222222222222222,0.5,117
2023-01-12,1038,145,104,79,39,41,40,0.7172413793103448,0.4936708860759494,143
2023-01-13,1038,143,88,82,44,55,38,0.6153846153846154,0.5365853658536586,132
2023-01-14,1038,144,75,99,39,69,60,0.5208333333333334,0.3939393939393939,114
2023-01-15,1038,144,73,89,54,71,35,0.5069444444444444,0.6067415730337079,127
2023-01-16,1038,123,81,67,35,42,32,0.6585365853658537,0.5223880597014925,116
2023-01-17,1038,114,83,89,40,31,49,0.7280701754385965,0.449438202247191,123
2023-01-18,1038,144,78,99,38,66,61,0.5416666666666666,0.3838383838383838,116
2023-01-19,1038,137,71,92,37,66,55,0.5182481751824818,0.40217391304347827,108
2023-01-20,1038,118,83,66,43,35,23,0.7033898305084746,0.6515151515151515,126
2023-01-21,1038,143,74,91,47,69,44,0.5174825174825175,0.5164835164835165,121
2023-01-22,1038,130,81,74,39,49,35,0.6230769230769231,0.527027027027027,120
2023-01-23,1038,129,75,85,34,54,51,0.5813953488372093,0.4,109
2023-01-24,1038,136,75,94,38,61,56,0.5514705882352942,0.40425531914893614,113
2023-01-25,1038,120,85,67,43,35,24,0.7083333333333334,0.6417910447761194,128
2023-01-26,1038,122,90,92,43,32,49,0.7377049180327869,0.4673913043478261,133
2023-01-27,1038,131,75,54,41,56,13,0.5725190839694656,0.7592592592592593,116
2023-01-28,1038,121,103,67,56,18,11,0.8512396694214877,0.835820895522388,159
2023-01-29,1038,122,91,84,38,31,46,0.7459016393442623,0.4523809523809524,129
2023-01-30,1038,134,87,50,46,47,4,0.6492537313432836,0.92,133
2023-01-31,1038,134,86,67,40,48,27,0.6417910447761194,0.5970149253731343,126
2023-02-01,1038,114,62,95,44,52,51,0.543859649122807,0.4631578947368421,106
2023-02-02,1038,132,70,70,37,62,33,0.5303030303030303,0.5285714285714286,107
2023-02-03,1038,112,73,92,51,39,41,0.6517857142857143,0.5543478260869565,124
2023-02-04,1038,110,81,54,38,29,16,0.7363636363636363,0.7037037037037037,119
2023-02-05,1038,148,83,59,43,65,16,0.5608108108108109,0.7288135593220338,126
2023-02-06,1038,119,86,92,34,33,58,0.7226890756302521,0.3695652173913043,120
2023-02-07,1038,147,83,98,37,64,61,0.564625850340136,0.37755102040816324,120
2023-02-08,1038,128,78,92,38,50,54,0.609375,0.41304347826086957,116
2023-02-09,1038,104,80,58,37,24,21,0.7692307692307693,0.6379310344827587,117
2023-02-10,1038,119,75,98,36,44,62,0.6302521008403361,0.3673469387755102,111
2023-02-11,1038,146,89,74,33,57,41,0.6095890410958904,0.44594594594594594,122
2023-02-12,1038,114,87,96,34,27,62,0.7631578947368421,0.3541666666666667,121
2023-02-13,1038,134,86,61,40,48,21,0.6417910447761194,0.6557377049180327,126
2023-02-14,1038,112,90,69,44,22,25,0.8035714285714286,0.6376811594202898,134
2023-02-15,1038,110,82,91,38,28,53,0.7454545454545455,0.4175824175824176,120
2023-02-16,1038,112,89,99,41,23,58,0.7946428571428571,0.41414141414141414,130
2023-02-17,1038,116,75,55,32,41,23,0.646551724137931,0.5818181818181818,107
2023-02-18,1038,119,97,58,45,22,13,0.8151260504201681,0.7758620689655172,142
2023-02-19,1038,101,89,94,34,12,60,0.8811881188118812,0.3617021276595745,123
2023-02-20,1038,126,72,82,38,54,44,0.5714285714285714,0.4634146341463415,110
2023-02-21,1038,139,94,77,47,45,30,0.6762589928057554,0.6103896103896104,141
2023-02-22,1038,148,81,76,35,67,41,0.5472972972972973,0.4605263157894737,116
2023-02-23,1038,133,80,57,44,53,13,0.6015037593984962,0.7719298245614035,124
2023-02-24,1038,103,77,63,34,26,29,0.7475728155339806,0.5396825396825397,111
2023-02-25,1038,104,88,54,38,16,16,0.8461538461538461,0.7037037037037037,126
2023-02-26,1038,141,86,66,50,55,16,0.6099290780141844,0.7575757575757576,136
2023-02-27,1038,123,89,85,34,34,51,0.7235772357723578,0.4,123
2023-02-28,1038,150,82,66,34,68,32,0.5466666666666666,0.5151515151515151,116
2023-03-01,1038,127,78,68,40,49,28,0.6141732283464567,0.5882352941176471,118
2023-03-02,1038,109,76,90,41,33,49,0.6972477064220184,0.45555555555555555,117
2023-03-03,1038,115,84,82,43,31,39,0.7304347826086957,0.524390243902439,127
2023-03-04,1038,150,78,57,37,72,20,0.52,0.6491228070175439,115
2023-03-05,1038,109,94,73,45,15,28,0.8623853211009175,0.6164383561643836,139
2023-03-06,1038,124,78,94,37,46,57,0.6290322580645161,0.39361702127659576,115
2023-03-07,1038,121,84,68,39,37,29,0.6942148760330579,0.5735294117647058,123
2023-03-08,1038,119,78,50,36,41,14,0.6554621848739496,0.72,114
2023-03-09,1038,104,104,93,41,0,52,1,0.44086021505376344,145
2023-03-10,1038,115,97,54,39,18,15,0.8434782608695652,0.7222222222222222,136
2023-03-11,1038,125,81,93,40,44,53,0.648,0.43010752688172044,121
2023-03-12,1038,131,77,63,38,54,25,0.5877862595419847,0.6031746031746031,115
2023-03-13,1038,106,69,87,36,37,51,0.6509433962264151,0.41379310344827586,105
2023-03-14,1038,125,66,88,42,59,46,0.528,0.4772727272727273,108
2023-03-15,1038,150,77,70,46,73,24,0.5133333333333333,0.6571428571428571,123
2023-03-16,1038,148,84,53,42,64,11,0.5675675675675675,0.7924528301886793,126
2023-03-17,1038,115,73,60,38,42,22,0.6347826086956522,0.6333333333333333,111
2023-03-18,1038,125,95,70,38,30,32,0.76,0.5428571428571428,133
2023-03-19,1038,129,85,50,42,44,8,0.6589147286821705,0.84,127
2023-03-20,1038,108,74,63,38,34,25,0.6851851851851852,0.6031746031746031,112
2023-03-21,1038,122,99,96,42,23,54,0.8114754098360656,0.4375,141
2023-03-22,1038,142,79,71,40,63,31,0.5563380281690141,0.5633802816901409,119
2023-03-23,1038,133,76,93,38,57,55,0.5714285714285714,0.40860215053763443,114
2023-03-24,1038,124,78,79,37,46,42,0.6290322580645161,0.46835443037974683,115
2023-03-25,1038,147,77,88,31,70,57,0.5238095238095238,0.3522727272727273,108
2023-03-26,1038,147,80,95,33,67,62,0.54421768707483,0.3473684210526316,113
2023-03-27,1038,124,72,91,39,52,52,0.5806451612903226,0.42857142857142855,111
2023-03-28,1038,139,83,75,32,56,43,0.5971223021582733,0.4266666666666667,115
2023-03-29,1038,127,82,57,37,45,20,0.6456692913385826,0.6491228070175439,119
2023-03-30,1038,127,69,70,54,58,16,0.5433070866141733,0.7714285714285715,123
2023-03-31,1038,106,72,50,40,34,10,0.6792452830188679,0.8,112
2023-04-01,1038,146,95,52,42,51,10,0.6506849315068494,0.8076923076923077,137
2023-04-02,1038,107,78,56,42,29,14,0.7289719626168224,0.75,120
2023-04-03,1038,143,106,75,55,37,20,0.7412587412587412,0.7333333333333333,161
2023-04-04,1038,120,86,68,42,34,26,0.7166666666666667,0.6176470588235294,128
2023-04-05,1038,111,87,53,38,24,15,0.7837837837837838,0.71698113207547165,125
2023-04-06,1038,124,72,88,36,52,52,0.5806451612903226,0.4090909090909091,108
2023-04-07,1038,101,91,61,40,10,21,0.900990099009901,0.6557377049180327,131
2023-04-08,1038,127,62,80,49,65,31,0.4881889763779528,0.6125,111
2023-04-09,1038,150,94,83,40,56,43,0.6266666666666667,0.4819277108433735,134
2023-04-10,1038,102,74,71,26,28,45,0.7254901960784313,0.36619718309859156,100
2023-04-11,1038,117,86,84,44,31,40,0.7350427350427351,0.5238095238095238,130
2023-04-12,1038,125,72,76,37,53,39,0.576,0.4868421052631579,109
2023-04-13,1038,145,90,54,39,55,15,0.6206896551724138,0.7222222222222222,129
2023-04-14,1038,143,69,91,35,74,56,0.4825174825174825,0.38461538461538464,104
2023-04-15,1038,145,85,62,47,60,15,0.5862068965517241,0.7580645161290323,132
2023-04-16,1038,137,86,64,58,51,6,0.6277372262773723,0.90625,144
2023-04-17,1038,135,73,56,56,62,0,0.5407407407407407,1,129
2023-04-18,1038,142,72,91,36,70,55,0.5070422535211268,0.3956043956043956,108
2023-04-19,1038,137,91,73,36,46,37,0.6642335766423357,0.4931506849315068,127
2023-04-20,1038,113,88,60,47,25,13,0.7787610619469026,0.7833333333333333,135
2023-04-21,1038,122,72,67,45,50,22,0.5901639344262295,0.6716417910447762,117
2023-04-22,1038,148,103,96,41,45,55,0.6959459459459459,0.4270833333333333,144
2023-04-23,1038,117,63,100,30,54,70,0.5384615384615384,0.3,93
2023-04-24,1038,119,77,66,51,42,15,0.6470588235294118,0.7727272727272727,128
2023-04-25,1038,150,70,86,35,80,51,0.4666666666666667,0.4069767441860465,105
2023-04-26,1038,147,79,72,40,68,32,0.5374149659863946,0.5555555555555556,119
2023-04-27,1038,140,96,75,39,44,36,0.6857142857142857,0.52,135
2023-04-28,1038,105,85,66,39,20,27,0.8095238095238095,0.5909090909090909,124
2023-04-29,1038,147,83,67,35,64,32,0.564625850340136,0.5223880597014925,118
2023-04-30,1038,106,82,59,39,24,20,0.7735849056603774,0.6610169491525424,121
2023-05-01,1038,145,68,83,40,77,43,0.4689655172413793,0.4819277108433735,108
2023-05-02,1038,121,66,91,39,55,52,0.5454545454545454,0.42857142857142855,105
2023-05-03,1038,127,83,52,38,44,14,0.6535433070866141,0.7307692307692307,121
2023-05-04,1038,120,75,79,45,45,34,0.625,0.569620253164557,120
2023-05-05,1038,106,80,94,42,26,52,0.7547169811320755,0.44680851063829785,122
2023-05-06,1038,138,79,63,32,59,31,0.572463768115942,0.5079365079365079,111
2023-05-07,1038,149,73,53,36,76,17,0.4899328859060403,0.6792452830188679,109
2023-05-08,1038,126,72,63,37,54,26,0.5714285714285714,0.5873015873015873,109
2023-05-09,1038,121,92,55,34,29,21,0.7603305785123967,0.6181818181818182,126
2023-05-10,1038,100,68,53,42,32,11,0.68,0.7924528301886793,110
2023-05-11,1038,146,82,54,30,64,24,0.5616438356164384,0.5555555555555556,112
2023-05-12,1038,132,79,70,43,53,27,0.5984848484848485,0.6142857142857143,122
2023-05-13,1038,102,98,58,41,4,17,0.9607843137254902,0.7068965517241379,139
2023-05-14,1038,117,97,54,38,20,16,0.8290598290598291,0.7037037037037037,135
2023-05-15,1038,118,72,79,51,46,28,0.6101694915254238,0.6455696202531646,123
2023-05-16,1038,147,93,69,37,54,32,0.6326530612244898,0.5362318840579711,130
2023-05-17,1038,136,90,82,42,46,40,0.6617647058823529,0.5121951219512195,132
2023-05-18,1038,133,86,100,39,47,61,0.6466165413533834,0.39,125
2023-05-19,1038,102,81,67,42,21,25,0.7941176470588235,0.6268656716417911,123
2023-05-20,1038,125,80,63,43,45,20,0.64,0.6825396825396826,123
2023-05-21,1038,125,78,90,43,47,47,0.624,0.4777777777777778,121
2023-05-22,1038,146,71,92,33,75,59,0.4863013698630137,0.358695652173913,104
2023-05-23,1038,101,69,76,32,32,44,0.6831683168316832,0.42105263157894735,101
2023-05-24,1038,128,71,81,45,57,36,0.5546875,0.5555555555555556,116
2023-05-25,1038,150,74,62,49,76,13,0.49333333333333335,0.7903225806451613,123
2023-05-26,1038,138,74,70,51,64,19,0.5362318840579711,0.7285714285714285,125
2023-05-27,1038,122,64,89,40,58,49,0.5245901639344263,0.449438202247191,104
2023-05-28,1038,132,77,69,40,55,29,0.5833333333333334,0.5797101449275363,117
2023-05-29,1038,113,75,69,37,38,32,0.6637168141592921,0.5362318840579711,112
2023-05-30,1038,105,80,60,41,25,19,0.7619047619047619,0.6833333333333333,121
2023-05-31,1038,118,73,87,30,45,57,0.6186440677966102,0.3448275862068966,103
2023-06-01,1038,119,98,60,53,21,7,0.8235294117647058,0.8833333333333333,151
2023-06-02,1038,101,86,56,56,15,0,0.8514851485148515,1,142
2023-06-03,1038,146,95,92,43,51,49,0.6506849315068494,0.4673913043478261,138
2023-06-04,1038,148,70,63,40,78,23,0.47297297297297297,0.6349206349206349,110
2023-06-05,1038,137,75,64,42,62,22,0.5474452554744526,0.65625,117
2023-06-06,1038,108,98,98,33,10,65,0.9074074074074074,0.336734693877551,131
2023-06-07,1038,122,83,87,36,39,51,0.680327868852459,0.41379310344827586,119
2023-06-08,1038,145,80,74,35,65,39,0.5517241379310345,0.47297297297297297,115
2023-06-09,1038,101,79,98,42,22,56,0.7821782178217822,0.42857142857142855,121
2023-06-10,1038,137,65,84,38,72,46,0.4744525547445255,0.4523809523809524,103
2023-06-11,1038,143,76,77,30,67,47,0.5314685314685315,0.38961038961038963,106
2023-06-12,1038,130,83,94,35,47,59,0.6384615384615384,0.3723404255319149,118
2023-06-13,1038,130,90,89,34,40,55,0.6923076923076923,0.38202247191011235,124
2023-06-14,1038,137,74,95,34,63,61,0.5401459854014599,0.35789473684210527,108
2023-06-15,1038,120,87,89,35,33,54,0.725,0.39325842696629215,122
2023-06-16,1038,132,77,65,50,55,15,0.5833333333333334,0.7692307692307693,127
2023-06-17,1038,148,69,99,33,79,66,0.46621621621621623,0.3333333333333333,102
2023-06-18,1038,103,84,71,39,19,32,0.8155339805825242,0.5492957746478874,123
2023-06-19,1038,101,84,59,44,17,15,0.8316831683168316,0.7457627118644068,128
2023-06-20,1038,139,78,79,46,61,33,0.5611510791366906,0.5822784810126582,124
2023-06-21,1038,110,84,83,39,26,44,0.7636363636363637,0.46987951807228917,123
2023-06-22,1038,134,71,68,37,63,31,0.5298507462686567,0.5441176470588235,108
2023-06-23,1038,121,81,74,39,40,35,0.6694214876033058,0.527027027027027,120
2023-06-24,1038,150,94,92,40,56,52,0.6266666666666667,0.43478260869565216,134
2023-06-25,1038,101,72,62,37,29,25,0.7128712871287128,0.5967741935483871,109
2023-06-26,1038,145,78,54,33,67,21,0.5379310344827586,0.6111111111111112,111
2023-06-27,1038,146,75,78,42,71,36,0.5136986301369864,0.5384615384615384,117
2023-06-28,1038,150,63,65,38,87,27,0.42,0.5846153846153846,101
2023-06-29,1038,102,91,61,40,11,21,0.8921568627450981,0.6557377049180327,131
2023-06-30,1038,139,89,70,42,50,28,0.6402877697841727,0.6,131
2023-07-01,1038,105,93,68,42,12,26,0.8857142857142857,0.6176470588235294,135
2023-07-02,1038,129,77,92,34,52,58,0.5968992248062015,0.3695652173913043,111
2023-07-03,1038,137,85,98,48,52,50,0.6204379562043796,0.4897959183673469,133
2023-07-04,1038,101,69,75,46,32,29,0.6831683168316832,0.6133333333333333,115
2023-07-05,1038,106,78,87,38,28,49,0.7358490566037735,0.4367816091954023,116
2023-07-06,1038,133,71,83,40,62,43,0.5338345864661654,0.4819277108433735,111
2023-07-07,1038,130,82,81,36,48,45,0.6307692307692307,0.4444444444444444,118
2023-07-08,1038,145,64,72,44,81,28,0.4413793103448276,0.6111111111111112,108
2023-07-09,1038,109,82,94,36,27,58,0.7522935779816514,0.3829787234042553,118
2023-07-10,1038,112,83,57,43,29,14,0.7410714285714286,0.7543859649122807,126
2023-07-11,1038,124,88,93,41,36,52,0.7096774193548387,0.44086021505376344,129
2023-07-12,1038,104,84,51,41,20,10,0.8076923076923077,0.803921568627451,125
2023-07-13,1038,138,79,58,48,59,10,0.572463768115942,0.8275862068965517,127
2023-07-14,1038,135,70,74,31,65,43,0.5185185185185185,0.4189189189189189,101
2023-07-15,1038,111,90,61,42,21,19,0.8108108108108109,0.6885245901639344,132
2023-07-16,1038,110,73,71,43,37,28,0.6636363636363637,0.6056338028169014,116
2023-07-17,1038,136,78,55,37,58,18,0.5735294117647058,0.6727272727272727,115
2023-07-18,1038,141,78,71,45,63,26,0.5531914893617021,0.6338028169014085,123
2023-07-19,1038,120,76,80,49,44,31,0.6333333333333333,0.6125,125
2023-07-20,1038,121,79,57,43,42,14,0.6528925619834711,0.7543859649122807,122
2023-07-21,1038,124,82,56,44,42,12,0.6612903225806451,0.7857142857142857,126
2023-07-22,1038,109,92,91,37,17,54,0.8440366972477065,0.4065934065934066,129
2023-07-23,1038,102,71,73,48,31,25,0.696078431372549,0.6575342465753424,119
2023-07-24,1038,122,77,77,45,45,32,0.6311475409836066,0.5844155844155844,122
2023-07-25,1038,123,73,68,41,50,27,0.5934959349593496,0.6029411764705882,114
2023-07-26,1038,136,85,67,39,51,28,0.625,0.582089552238806,124
2023-07-27,1038,117,66,50,36,51,14,0.5641025641025641,0.72,102
2023-07-28,1038,131,83,92,46,48,46,0.6335877862595419,0.5,129
2023-07-29,1038,133,85,93,36,48,57,0.6390977443609023,0.3870967741935484,121
2023-07-30,1038,131,94,51,50,37,1,0.7175572519083969,0.9803921568627451,144
2023-07-31,1038,113,87,82,45,26,37,0.7699115044247787,0.5487804878048781,132
2023-08-01,1038,111,71,94,29,40,65,0.6396396396396397,0.30851063829787234,100
2023-08-02,1038,146,72,91,28,74,63,0.4931506849315068,0.3076923076923077,100
2023-08-03,1038,120,89,98,45,31,53,0.7416666666666667,0.45918367346938777,134
2023-08-04,1038,137,81,62,27,56,35,0.5912408759124088,0.43548387096774194,108
2023-08-05,1038,149,74,65,50,75,15,0.49664429530201343,0.7692307692307693,124
2023-08-06,1038,148,88,59,42,60,17,0.5945945945945946,0.711864406779661,130
2023-08-07,1038,144,85,75,51,59,24,0.5902777777777778,0.68,136
2023-08-08,1038,109,82,71,50,27,21,0.7522935779816514,0.704225352112676,132
2023-08-09,1038,107,93,99,35,14,64,0.8691588785046729,0.35353535353535354,128
2023-08-10,1038,115,74,53,40,41,13,0.6434782608695652,0.7547169811320755,114
2023-08-11,1038,115,82,56,34,33,22,0.7130434782608696,0.6071428571428571,116
2023-08-12,1038,138,71,89,36,67,53,0.5144927536231884,0.4044943820224719,107
2023-08-13,1038,122,88,87,32,34,55,0.7213114754098361,0.367816091954023,120
2023-08-14,1038,116,87,60,35,29,25,0.75,0.5833333333333334,122
2023-08-15,1038,136,79,72,41,57,31,0.5808823529411765,0.5694444444444444,120
2023-08-16,1038,136,74,58,46,62,12,0.5441176470588235,0.7931034482758621,120
2023-08-17,1038,131,92,80,38,39,42,0.7022900763358778,0.475,130
2023-08-18,1038,124,75,70,40,49,30,0.6048387096774194,0.5714285714285714,115
2023-08-19,1038,129,85,71,44,44,27,0.6589147286821705,0.6197183098591549,129
2023-08-20,1038,142,98,79,40,44,39,0.6901408450704225,0.5063291139240507,138
2023-08-21,1038,103,87,91,29,16,62,0.8446601941747572,0.31868131868131866,116
2023-08-22,1038,137,99,88,41,38,47,0.7226277372262774,0.4659090909090909,140
2023-08-23,1038,119,62,69,38,57,31,0.5210084033613446,0.5507246376811594,100
2023-08-24,1038,115,92,88,45,23,43,0.8,0.5113636363636364,137
2023-08-25,1038,132,82,99,42,50,57,0.6212121212121212,0.42424242424242425,124
2023-08-26,1038,140,78,71,36,62,35,0.5571428571428572,0.5070422535211268,114
2023-08-27,1038,127,78,69,34,49,35,0.6141732283464567,0.4927536231884058,112
2023-08-28,1038,109,90,53,35,19,18,0.8256880733944955,0.660377358490566,125
2023-08-29,1038,148,88,94,37,60,57,0.5945945945945946,0.39361702127659576,125
2023-08-30,1038,145,84,91,38,61,53,0.5793103448275863,0.4175824175824176,122
2023-08-31,1038,104,76,100,37,28,63,0.7307692307692307,0.37,113
2023-09-01,1038,132,92,89,33,40,56,0.696969696969697,0.3707865168539326,125
2023-09-02,1038,149,72,54,41,77,13,0.48322147651006714,0.7592592592592593,113
2023-09-03,1038,137,80,71,38,57,33,0.583941605839416,0.5352112676056338,118
2023-09-04,1038,119,89,69,29,30,40,0.7478991596638656,0.42028985507246375,118
2023-09-05,1038,147,78,52,41,69,11,0.5306122448979592,0.7884615384615384,119
2023-09-06,1038,108,76,56,33,32,23,0.7037037037037037,0.5892857142857143,109
2023-09-07,1038,139,88,72,45,51,27,0.6330935251798561,0.625,133
2023-09-08,1038,129,82,56,30,47,26,0.6356589147286822,0.5357142857142857,112
2023-09-09,1038,108,91,93,48,17,45,0.8425925925925926,0.5161290322580645,139
2023-09-10,1038,129,80,61,35,49,26,0.6201550387596899,0.5737704918032787,115
2023-09-11,1038,136,87,60,39,49,21,0.6397058823529411,0.65,126
2023-09-12,1038,104,72,76,44,32,32,0.6923076923076923,0.5789473684210527,116
2023-09-13,1038,108,79,78,45,29,33,0.7314814814814815,0.5769230769230769,124
2023-09-14,1038,117,63,65,46,54,19,0.5384615384615384,0.7076923076923077,109
2023-09-15,1038,125,71,60,45,54,15,0.568,0.75,116
2023-09-16,1038,131,86,74,36,45,38,0.6564885496183206,0.4864864864864865,122
2023-09-17,1038,140,68,96,47,72,49,0.4857142857142857,0.4895833333333333,115
2023-09-18,1038,131,81,71,39,50,32,0.6183206106870229,0.5492957746478874,120
2023-09-19,1038,134,93,55,40,41,15,0.6940298507462687,0.7272727272727273,133
2023-09-20,1038,138,94,98,39,44,59,0.6811594202898551,0.3979591836734694,133
2023-09-21,1038,139,73,58,40,66,18,0.5251798561151079,0.6896551724137931,113
2023-09-22,1038,109,65,99,49,44,50,0.5963302752293578,0.494949494949495,114
2023-09-23,1038,148,87,58,47,61,11,0.5878378378378378,0.8103448275862069,134
2023-09-24,1038,107,74,71,36,33,35,0.6915887850467289,0.5070422535211268,110
2023-09-25,1038,125,86,62,42,39,20,0.688,0.6774193548387096,128
2023-09-26,1038,124,71,88,44,53,44,0.5725806451612904,0.5,115
2023-09-27,1038,128,66,100,48,62,52,0.515625,0.48,114
2023-09-28,1038,114,75,62,42,39,20,0.6578947368421053,0.6774193548387096,117
2023-09-29,1038,109,87,55,45,22,10,0.7981651376146789,0.8181818181818182,132
2023-09-30,1038,138,97,90,34,41,56,0.7028985507246377,0.37777777777777777,131
2023-10-01,1038,103,67,93,53,36,40,0.6504854368932039,0.5698924731182796,120
2023-10-02,1038,149,74,94,45,75,49,0.49664429530201343,0.4787234042553192,119
2023-10-03,1038,125,86,54,37,39,17,0.688,0.6851851851851852,123
2023-10-04,1038,129,100,51,42,29,9,0.7751937984496124,0.8235294117647058,142
2023-10-05,1038,126,77,65,51,49,14,0.6111111111111112,0.7846153846153846,128
2023-10-06,1038,123,82,77,32,41,45,0.6666666666666666,0.4155844155844156,114
2023-10-07,1038,108,86,76,39,22,37,0.7962962962962963,0.5131578947368421,125
2023-10-08,1038,136,73,78,24,63,54,0.5367647058823529,0.3076923076923077,97
2023-10-09,1038,103,74,84,33,29,51,0.7184466019417476,0.39285714285714285,107
2023-10-10,1038,121,79,54,53,42,1,0.6528925619834711,0.9814814814814815,132
2023-10-11,1038,104,83,88,28,21,60,0.7980769230769231,0.3181818181818182,111
2023-10-12,1038,107,69,95,44,38,51,0.6448598130841121,0.4631578947368421,113
2023-10-13,1038,113,87,55,42,26,13,0.7699115044247787,0.7636363636363637,129
2023-10-14,1038,105,97,68,47,8,21,0.9238095238095239,0.6911764705882353,144
2023-10-15,1038,138,85,84,47,53,37,0.6159420289855072,0.5595238095238095,132
2023-10-16,1038,128,96,74,43,32,31,0.75,0.581081081081081,139
2023-10-17,1038,128,86,77,26,42,51,0.671875,0.33766233766233766,112
2023-10-18,1038,122,80,65,44,42,21,0.6557377049180327,0.676923076923077,124
2023-10-19,1038,134,82,86,30,52,56,0.6119402985074627,0.3488372093023256,112
2023-10-20,1038,141,101,61,33,40,28,0.7163120567375887,0.5409836065573771,134
2023-10-21,1038,122,69,89,43,53,46,0.5655737704918032,0.48314606741573035,112
2023-10-22,1038,125,96,77,39,29,38,0.768,0.5064935064935064,135
2023-10-23,1038,134,80,85,40,54,45,0.5970149253731343,0.47058823529411764,120
2023-10-24,1038,141,84,68,35,57,33,0.5957446808510638,0.5147058823529411,119
2023-10-25,1038,127,77,85,33,50,52,0.6062992125984252,0.38823529411764707,110
2023-10-26,1038,137,84,89,46,53,43,0.6131386861313869,0.5168539325842697,130
2023-10-27,1038,130,77,81,42,53,39,0.5923076923076923,0.5185185185185185,119
2023-10-28,1038,150,70,67,42,80,25,0.4666666666666667,0.6268656716417911,112
2023-10-29,1038,131,95,58,32,36,26,0.7251908396946565,0.5517241379310345,127
2023-10-30,1038,107,96,86,42,11,44,0.897196261682243,0.4883720930232558,138
2023-10-31,1038,101,64,83,30,37,53,0.6336633663366337,0.3614457831325301,94
2023-11-01,1038,141,84,51,45,57,6,0.5957446808510638,0.8823529411764706,129
2023-11-02,1038,140,82,64,41,58,23,0.5857142857142857,0.640625,123
2023-11-03,1038,150,80,92,54,70,38,0.5333333333333333,0.5869565217391305,134
2023-11-04,1038,113,113,52,34,0,18,1,0.6538461538461539,147
2023-11-05,1038,145,84,71,52,61,19,0.5793103448275863,0.7323943661971831,136
2023-11-06,1038,147,75,82,45,72,37,0.5102040816326531,0.5487804878048781,120
2023-11-07,1038,149,97,55,41,52,14,0.6510067114093959,0.7454545454545455,138
2023-11-08,1038,120,68,63,50,52,13,0.5666666666666667,0.7936507936507936,118
2023-11-09,1038,120,86,52,38,34,14,0.7166666666666667,0.7307692307692307,124
2023-11-10,1038,130,67,92,32,63,60,0.5153846153846153,0.34782608695652173,99
2023-11-11,1038,113,68,50,49,45,1,0.6017699115044248,0.98,117
2023-11-12,1038,111,84,57,35,27,22,0.7567567567567568,0.6140350877192983,119
2023-11-13,1038,110,79,59,42,31,17,0.7181818181818181,0.711864406779661,121
2023-11-14,1038,113,76,52,35,37,17,0.672566371681416,0.6730769230769231,111
2023-11-15,1038,109,74,55,32,35,23,0.6788990825688074,0.5818181818181818,106
2023-11-16,1038,113,73,69,56,40,13,0.6460176991150443,0.8115942028985508,129
2023-11-17,1038,123,77,63,32,46,31,0.6260162601626016,0.5079365079365079,109
2023-11-18,1038,104,80,68,42,24,26,0.7692307692307693,0.6176470588235294,122
2023-11-19,1038,106,86,81,34,20,47,0.8113207547169812,0.41975308641975306,120
2023-11-20,1038,119,87,52,39,32,13,0.7310924369747899,0.75,126
2023-11-21,1038,120,108,52,29,12,23,0.9,0.5576923076923077,137
2023-11-22,1038,134,72,68,26,62,42,0.5373134328358209,0.38235294117647056,98
2023-11-23,1038,141,72,87,41,69,46,0.5106382978723404,0.47126436781609193,113
2023-11-24,1038,136,90,67,40,46,27,0.6617647058823529,0.5970149253731343,130
2023-11-25,1038,113,72,88,42,41,46,0.6371681415929203,0.4772727272727273,114
2023-11-26,1038,102,96,51,36,6,15,0.9411764705882353,0.7058823529411765,132
2023-11-27,1038,143,81,74,37,62,37,0.5664335664335665,0.5,118
2023-11-28,1038,144,68,97,40,76,57,0.4722222222222222,0.41237113402061853,108
2023-11-29,1038,146,71,93,37,75,56,0.4863013698630137,0.3978494623655914,108
2023-11-30,1038,138,60,87,41,78,46,0.43478260869565216,0.47126436781609193,101
2023-12-01,1038,138,77,51,28,61,23,0.5579710144927537,0.5490196078431373,105
2023-12-02,1038,141,79,63,33,62,30,0.5602836879432624,0.5238095238095238,112
2023-12-03,1038,144,84,83,39,60,44,0.5833333333333334,0.46987951807228917,123
2023-12-04,1038,109,82,56,44,27,12,0.7522935779816514,0.7857142857142857,126
2023-12-05,1038,122,90,79,32,32,47,0.7377049180327869,0.4050632911392405,122
2023-12-06,1038,138,69,65,39,69,26,0.5,0.6,108
2023-12-07,1038,101,74,66,31,27,35,0.7326732673267327,0.4696969696969697,105
2023-12-08,1038,133,94,65,40,39,25,0.706766917293233,0.6153846153846154,134
2023-12-09,1038,141,56,91,34,85,57,0.3971631205673759,0.37362637362637363,90
2023-12-10,1038,136,86,74,36,50,38,0.6323529411764706,0.4864864864864865,122
2023-12-11,1038,139,101,64,52,38,12,0.7266187050359713,0.8125,153
2023-12-12,1038,113,63,72,53,50,19,0.5575221238938053,0.7361111111111112,116
2023-12-13,1038,136,84,82,42,52,40,0.6176470588235294,0.5121951219512195,126
2023-12-14,1038,143,79,99,38,64,61,0.5524475524475524,0.3838383838383838,117
2023-12-15,1038,127,82,68,29,45,39,0.6456692913385826,0.4264705882352941,111
2023-12-16,1038,127,101,64,37,26,27,0.7952755905511811,0.578125,138
2023-12-17,1038,113,68,53,49,45,4,0.6017699115044248,0.9245283018867925,117
2023-12-18,1038,146,76,69,42,70,27,0.5205479452054794,0.6086956521739131,118
2023-12-19,1038,138,81,72,42,57,30,0.5869565217391305,0.5833333333333334,123
2023-12-20,1038,140,72,60,43,68,17,0.5142857142857142,0.7166666666666667,115
2023-12-21,1038,133,75,73,43,58,30,0.5639097744360902,0.589041095890411,118
2023-12-22,1038,119,77,59,44,42,15,0.6470588235294118,0.7457627118644068,121
2023-12-23,1038,107,97,51,29,10,22,0.9065420560747663,0.5686274509803921,126
2023-12-24,1038,102,79,56,29,23,27,0.7745098039215687,0.5178571428571429,108
2023-12-25,1038,144,76,97,34,68,63,0.5277777777777778,0.35051546391752575,110
2023-12-26,1038,105,68,88,37,37,51,0.6476190476190476,0.42045454545454547,105
2023-12-27,1038,127,71,99,37,56,62,0.5590551181102362,0.37373737373737376,108
2023-12-28,1038,101,77,77,38,24,39,0.7623762376237624,0.4935064935064935,115
2023-12-29,1038,103,83,64,30,20,34,0.8058252427184466,0.46875,113
2023-12-30,1038,113,74,97,60,39,37,0.6548672566371682,0.6185567010309279,134
2023-12-31,1038,106,71,77,40,35,37,0.6698113207547169,0.5194805194805194,111
2023-01-01,1039,145,90,59,29,55,30,0.6206896551724138,0.4915254237288136,119
2023-01-02,1039,128,83,57,44,45,13,0.6484375,0.7719298245614035,127
2023-01-03,1039,113,99,74,50,14,24,0.8761061946902655,0.6756756756756757,149
2023-01-04,1039,124,65,92,40,59,52,0.5241935483870968,0.43478260869565216,105
2023-01-05,1039,146,77,98,42,69,56,0.5273972602739726,0.42857142857142855,119
2023-01-06,1039,112,65,75,39,47,36,0.5803571428571429,0.52,104
2023-01-07,1039,123,83,89,39,40,50,0.6747967479674797,0.43820224719101125,122
2023-01-08,1039,142,86,90,42,56,48,0.6056338028169014,0.4666666666666667,128
2023-01-09,1039,139,73,62,41,66,21,0.5251798561151079,0.6612903225806451,114
2023-01-10,1039,118,88,97,40,30,57,0.7457627118644068,0.41237113402061853,128
2023-01-11,1039,131,74,65,46,57,19,0.5648854961832062,0.7076923076923077,120
2023-01-12,1039,119,76,75,43,43,32,0.6386554621848739,0.5733333333333334,119
2023-01-13,1039,125,64,77,30,61,47,0.512,0.38961038961038963,94
2023-01-14,1039,142,81,71,31,61,40,0.5704225352112676,0.43661971830985913,112
2023-01-15,1039,127,88,51,33,39,18,0.6929133858267716,0.6470588235294118,121
2023-01-16,1039,128,74,57,37,54,20,0.578125,0.6491228070175439,111
2023-01-17,1039,104,68,98,38,36,60,0.6538461538461539,0.3877551020408163,106
2023-01-18,1039,106,91,87,45,15,42,0.8584905660377359,0.5172413793103449,136
2023-01-19,1039,143,82,62,25,61,37,0.5734265734265734,0.4032258064516129,107
2023-01-20,1039,115,76,56,29,39,27,0.6608695652173913,0.5178571428571429,105
2023-01-21,1039,125,74,78,35,51,43,0.592,0.44871794871794873,109
2023-01-22,1039,130,83,95,31,47,64,0.6384615384615384,0.3263157894736842,114
2023-01-23,1039,143,71,59,42,72,17,0.4965034965034965,0.711864406779661,113
2023-01-24,1039,119,77,72,44,42,28,0.6470588235294118,0.6111111111111112,121
2023-01-25,1039,136,73,92,37,63,55,0.5367647058823529,0.40217391304347827,110
2023-01-26,1039,112,92,86,39,20,47,0.8214285714285714,0.45348837209302323,131
2023-01-27,1039,141,87,67,37,54,30,0.6170212765957447,0.5522388059701493,124
2023-01-28,1039,143,82,56,56,61,0,0.5734265734265734,1,138
2023-01-29,1039,144,81,100,44,63,56,0.5625,0.44,125
2023-01-30,1039,141,86,90,42,55,48,0.6099290780141844,0.4666666666666667,128
2023-01-31,1039,124,78,68,34,46,34,0.6290322580645161,0.5,112
2023-02-01,1039,140,94,50,38,46,12,0.6714285714285714,0.76,132
2023-02-02,1039,149,103,80,44,46,36,0.6912751677852349,0.55,147
2023-02-03,1039,147,81,60,33,66,27,0.5510204081632653,0.55,114
2023-02-04,1039,140,91,76,45,49,31,0.65,0.5921052631578947,136
2023-02-05,1039,104,73,100,43,31,57,0.7019230769230769,0.43,116
2023-02-06,1039,133,93,51,51,40,0,0.6992481203007519,1,144
2023-02-07,1039,145,69,89,49,76,40,0.47586206896551725,0.550561797752809,118
2023-02-08,1039,131,79,87,39,52,48,0.6030534351145038,0.4482758620689655,118
2023-02-09,1039,139,71,51,31,68,20,0.5107913669064749,0.6078431372549019,102
2023-02-10,1039,120,95,54,46,25,8,0.7916666666666666,0.8518518518518519,141
2023-02-11,1039,103,70,74,37,33,37,0.6796116504854369,0.5,107
2023-02-12,1039,136,82,86,37,54,49,0.6029411764705882,0.43023255813953487,119
2023-02-13,1039,103,73,79,38,30,41,0.7087378640776699,0.4810126582278481,111
2023-02-14,1039,101,66,60,40,35,20,0.6534653465346535,0.6666666666666666,106
2023-02-15,1039,106,75,53,31,31,22,0.7075471698113207,0.5849056603773585,106
2023-02-16,1039,143,76,85,34,67,51,0.5314685314685315,0.4,110
2023-02-17,1039,103,93,80,34,10,46,0.9029126213592233,0.425,127
2023-02-18,1039,114,73,68,32,41,36,0.6403508771929824,0.47058823529411764,105
2023-02-19,1039,126,84,80,48,42,32,0.6666666666666666,0.6,132
2023-02-20,1039,132,76,93,48,56,45,0.5757575757575758,0.5161290322580645,124
2023-02-21,1039,119,77,98,35,42,63,0.6470588235294118,0.35714285714285715,112
2023-02-22,1039,133,100,53,31,33,22,0.7518796992481203,0.5849056603773585,131
2023-02-23,1039,127,84,100,40,43,60,0.6614173228346457,0.4,124
2023-02-24,1039,115,72,50,36,43,14,0.6260869565217392,0.72,108
2023-02-25,1039,133,74,92,47,59,45,0.556390977443609,0.5108695652173914,121
2023-02-26,1039,139,94,76,44,45,32,0.6762589928057554,0.5789473684210527,138
2023-02-27,1039,105,66,77,33,39,44,0.6285714285714286,0.42857142857142855,99
2023-02-28,1039,137,78,90,49,59,41,0.5693430656934306,0.5444444444444444,127
2023-03-01,1039,122,69,88,50,53,38,0.5655737704918032,0.5681818181818182,119
2023-03-02,1039,129,78,57,42,51,15,0.6046511627906976,0.7368421052631579,120
2023-03-03,1039,114,67,100,46,47,54,0.5877192982456141,0.46,113
2023-03-04,1039,126,77,80,50,49,30,0.6111111111111112,0.625,127
2023-03-05,1039,146,79,90,49,67,41,0.541095890410959,0.5444444444444444,128
2023-03-06,1039,141,88,84,41,53,43,0.624113475177305,0.4880952380952381,129
2023-03-07,1039,116,95,67,33,21,34,0.8189655172413793,0.4925373134328358,128
2023-03-08,1039,129,71,87,31,58,56,0.5503875968992248,0.3563218390804598,102
2023-03-09,1039,118,90,91,34,28,57,0.7627118644067796,0.37362637362637363,124
2023-03-10,1039,115,78,55,39,37,16,0.6782608695652174,0.7090909090909091,117
2023-03-11,1039,105,78,73,42,27,31,0.7428571428571429,0.5753424657534246,120
2023-03-12,1039,135,63,67,43,72,24,0.4666666666666667,0.6417910447761194,106
2023-03-13,1039,145,86,85,38,59,47,0.593103448275862,0.4470588235294118,124
2023-03-14,1039,107,79,82,26,28,56,0.7383177570093458,0.3170731707317073,105
2023-03-15,1039,140,85,52,48,55,4,0.6071428571428571,0.9230769230769231,133
2023-03-16,1039,113,74,93,40,39,53,0.6548672566371682,0.43010752688172044,114
2023-03-17,1039,101,75,75,42,26,33,0.7425742574257426,0.56,117
2023-03-18,1039,131,67,60,44,64,16,0.5114503816793893,0.7333333333333333,111
2023-03-19,1039,116,77,80,38,39,42,0.6637931034482759,0.475,115
2023-03-20,1039,133,77,52,45,56,7,0.5789473684210527,0.8653846153846154,122
2023-03-21,1039,126,78,55,34,48,21,0.6190476190476191,0.6181818181818182,112
2023-03-22,1039,124,69,82,37,55,45,0.5564516129032258,0.45121951219512196,106
2023-03-23,1039,137,84,98,49,53,49,0.6131386861313869,0.5,133
2023-03-24,1039,132,63,76,30,69,46,0.4772727272727273,0.39473684210526316,93
2023-03-25,1039,131,72,80,35,59,45,0.549618320610687,0.4375,107
2023-03-26,1039,150,76,90,32,74,58,0.5066666666666667,0.35555555555555557,108
2023-03-27,1039,113,84,76,33,29,43,0.7433628318584071,0.4342105263157895,117
2023-03-28,1039,145,89,88,47,56,41,0.6137931034482759,0.5340909090909091,136
2023-03-29,1039,146,68,59,31,78,28,0.4657534246575342,0.5254237288135594,99
2023-03-30,1039,128,69,78,35,59,43,0.5390625,0.44871794871794873,104
2023-03-31,1039,133,69,53,53,64,0,0.518796992481203,1,122
2023-04-01,1039,140,72,97,35,68,62,0.5142857142857142,0.36082474226804123,107
2023-04-02,1039,124,95,71,35,29,36,0.7661290322580645,0.49295774647887325,130
2023-04-03,1039,146,88,78,32,58,46,0.6027397260273972,0.41025641025641024,120
2023-04-04,1039,142,81,67,37,61,30,0.5704225352112676,0.5522388059701493,118
2023-04-05,1039,123,88,55,48,35,7,0.7154471544715447,0.8727272727272727,136
2023-04-06,1039,107,86,61,41,21,20,0.8037383177570093,0.6721311475409836,127
2023-04-07,1039,138,81,72,43,57,29,0.5869565217391305,0.5972222222222222,124
2023-04-08,1039,111,81,65,39,30,26,0.7297297297297297,0.6,120
2023-04-09,1039,118,78,84,47,40,37,0.6610169491525424,0.5595238095238095,125
2023-04-10,1039,107,66,80,35,41,45,0.616822429906542,0.4375,101
2023-04-11,1039,133,76,83,43,57,40,0.5714285714285714,0.5180722891566265,119
2023-04-12,1039,137,76,77,38,61,39,0.5547445255474452,0.4935064935064935,114
2023-04-13,1039,122,81,85,41,41,44,0.6639344262295082,0.4823529411764706,122
2023-04-14,1039,119,67,99,40,52,59,0.5630252100840336,0.40404040404040403,107
2023-04-15,1039,144,84,91,36,60,55,0.5833333333333334,0.3956043956043956,120
2023-04-16,1039,142,78,51,40,64,11,0.5492957746478874,0.7843137254901961,118
2023-04-17,1039,143,67,51,47,76,4,0.46853146853146854,0.9215686274509803,114
2023-04-18,1039,113,77,85,39,36,46,0.6814159292035398,0.4588235294117647,116
2023-04-19,1039,105,67,75,49,38,26,0.638095238095238,0.6533333333333333,116
2023-04-20,1039,125,86,59,45,39,14,0.688,0.7627118644067796,131
2023-04-21,1039,150,87,67,52,63,15,0.58,0.7761194029850746,139
2023-04-22,1039,100,90,75,47,10,28,0.9,0.6266666666666667,137
2023-04-23,1039,100,77,68,46,23,22,0.77,0.6764705882352942,123
2023-04-24,1039,111,69,98,42,42,56,0.6216216216216216,0.42857142857142855,111
2023-04-25,1039,110,79,52,49,31,3,0.7181818181818181,0.9423076923076923,128
2023-04-26,1039,119,76,94,49,43,45,0.6386554621848739,0.5212765957446809,125
2023-04-27,1039,120,72,60,39,48,21,0.6,0.65,111
2023-04-28,1039,144,91,76,45,53,31,0.6319444444444444,0.5921052631578947,136
2023-04-29,1039,135,76,62,50,59,12,0.562962962962963,0.8064516129032258,126
2023-04-30,1039,105,75,55,39,30,16,0.7142857142857143,0.7090909090909091,114
2023-05-01,1039,116,90,57,46,26,11,0.7758620689655172,0.8070175438596491,136
2023-05-02,1039,100,62,90,34,38,56,0.62,0.37777777777777777,96
2023-05-03,1039,128,79,54,42,49,12,0.6171875,0.7777777777777778,121
2023-05-04,1039,113,76,64,45,37,19,0.672566371681416,0.703125,121
2023-05-05,1039,124,83,85,40,41,45,0.6693548387096774,0.47058823529411764,123
2023-05-06,1039,107,94,69,41,13,28,0.8785046728971962,0.5942028985507246,135
2023-05-07,1039,123,70,64,37,53,27,0.5691056910569106,0.578125,107
2023-05-08,1039,113,69,73,39,44,34,0.6106194690265486,0.5342465753424658,108
2023-05-09,1039,102,88,75,45,14,30,0.8627450980392157,0.6,133
2023-05-10,1039,113,91,99,47,22,52,0.8053097345132744,0.47474747474747475,138
2023-05-11,1039,108,84,50,39,24,11,0.7777777777777778,0.78,123
2023-05-12,1039,132,75,59,47,57,12,0.5681818181818182,0.7966101694915254,122
2023-05-13,1039,120,82,88,30,38,58,0.6833333333333333,0.3409090909090909,112
2023-05-14,1039,124,78,57,39,46,18,0.6290322580645161,0.6842105263157895,117
2023-05-15,1039,145,79,56,39,66,17,0.5448275862068965,0.6964285714285714,118
2023-05-16,1039,137,74,51,36,63,15,0.5401459854014599,0.7058823529411765,110
2023-05-17,1039,125,71,75,47,54,28,0.568,0.6266666666666667,118
2023-05-18,1039,132,87,76,47,45,29,0.6590909090909091,0.618421052631579,134
2023-05-19,1039,144,93,77,36,51,41,0.6458333333333334,0.4675324675324675,129
2023-05-20,1039,142,77,95,35,65,60,0.5422535211267606,0.3684210526315789,112
2023-05-21,1039,128,77,87,46,51,41,0.6015625,0.5287356321839081,123
2023-05-22,1039,108,73,82,42,35,40,0.6759259259259259,0.5121951219512195,115
2023-05-23,1039,134,104,63,44,30,19,0.7761194029850746,0.6984126984126984,148
2023-05-24,1039,100,81,95,35,19,60,0.81,0.3684210526315789,116
2023-05-25,1039,127,72,74,38,55,36,0.5669291338582677,0.5135135135135135,110
2023-05-26,1039,137,84,97,43,53,54,0.6131386861313869,0.44329896907216493,127
2023-05-27,1039,134,88,81,35,46,46,0.6567164179104478,0.43209876543209874,123
2023-05-28,1039,137,69,58,46,68,12,0.5036496350364964,0.7931034482758621,115
2023-05-29,1039,121,76,95,36,45,59,0.628099173553719,0.37894736842105264,112
2023-05-30,1039,111,76,95,36,35,59,0.6846846846846847,0.37894736842105264,112
2023-05-31,1039,114,89,56,40,25,16,0.7807017543859649,0.7142857142857143,129
2023-06-01,1039,116,82,81,36,34,45,0.7068965517241379,0.4444444444444444,118
2023-06-02,1039,111,73,96,38,38,58,0.6576576576576577,0.3958333333333333,111
2023-06-03,1039,146,87,67,43,59,24,0.5958904109589042,0.6417910447761194,130
2023-06-04,1039,112,88,82,56,24,26,0.7857142857142857,0.6829268292682927,144
2023-06-05,1039,105,78,60,41,27,19,0.7428571428571429,0.6833333333333333,119
2023-06-06,1039,122,79,87,45,43,42,0.6475409836065574,0.5172413793103449,124
2023-06-07,1039,115,70,51,49,45,2,0.6086956521739131,0.9607843137254902,119
2023-06-08,1039,129,74,66,47,55,19,0.5736434108527132,0.7121212121212122,121
2023-06-09,1039,115,79,54,48,36,6,0.6869565217391305,0.8888888888888888,127
2023-06-10,1039,126,66,89,37,60,52,0.5238095238095238,0.4157303370786517,103
2023-06-11,1039,100,80,67,49,20,18,0.8,0.7313432835820896,129
2023-06-12,1039,130,89,63,27,41,36,0.6846153846153846,0.42857142857142855,116
2023-06-13,1039,104,82,56,53,22,3,0.7884615384615384,0.9464285714285714,135
2023-06-14,1039,138,68,81,40,70,41,0.4927536231884058,0.49382716049382713,108
2023-06-15,1039,124,95,70,34,29,36,0.7661290322580645,0.4857142857142857,129
2023-06-16,1039,113,78,76,45,35,31,0.6902654867256637,0.5921052631578947,123
2023-06-17,1039,124,58,71,42,66,29,0.46774193548387094,0.5915492957746479,100
2023-06-18,1039,121,74,71,45,47,26,0.6115702479338843,0.6338028169014085,119
2023-06-19,1039,139,70,73,37,69,36,0.5035971223021583,0.5068493150684932,107
2023-06-20,1039,125,64,70,42,61,28,0.512,0.6,106
2023-06-21,1039,105,84,86,48,21,38,0.8,0.5581395348837209,132
2023-06-22,1039,132,88,54,41,44,13,0.6666666666666666,0.7592592592592593,129
2023-06-23,1039,110,70,98,38,40,60,0.6363636363636364,0.3877551020408163,108
2023-06-24,1039,134,93,96,32,41,64,0.6940298507462687,0.3333333333333333,125
2023-06-25,1039,113,94,83,37,19,46,0.831858407079646,0.4457831325301205,131
2023-06-26,1039,121,79,52,25,42,27,0.6528925619834711,0.4807692307692308,104
2023-06-27,1039,120,69,73,34,51,39,0.575,0.4657534246575342,103
2023-06-28,1039,144,76,88,40,68,48,0.5277777777777778,0.45454545454545453,116
2023-06-29,1039,103,93,60,42,10,18,0.9029126213592233,0.7,135
2023-06-30,1039,118,76,88,42,42,46,0.6440677966101694,0.4772727272727273,118
2023-07-01,1039,135,94,86,40,41,46,0.6962962962962963,0.46511627906976744,134
2023-07-02,1039,147,75,89,49,72,40,0.5102040816326531,0.550561797752809,124
2023-07-03,1039,118,64,70,36,54,34,0.5423728813559322,0.5142857142857142,100
2023-07-04,1039,130,79,70,36,51,34,0.6076923076923076,0.5142857142857142,115
2023-07-05,1039,134,83,70,34,51,36,0.6194029850746269,0.4857142857142857,117
2023-07-06,1039,133,85,100,34,48,66,0.6390977443609023,0.34,119
2023-07-07,1039,144,75,54,46,69,8,0.5208333333333334,0.8518518518518519,121
2023-07-08,1039,140,68,96,44,72,52,0.4857142857142857,0.4583333333333333,112
2023-07-09,1039,145,84,51,28,61,23,0.5793103448275863,0.5490196078431373,112
2023-07-10,1039,119,79,91,42,40,49,0.6638655462184874,0.46153846153846156,121
2023-07-11,1039,120,92,95,55,28,40,0.7666666666666667,0.5789473684210527,147
2023-07-12,1039,127,88,88,42,39,46,0.6929133858267716,0.4772727272727273,130
2023-07-13,1039,117,87,60,25,30,35,0.7435897435897436,0.4166666666666667,112
2023-07-14,1039,147,83,70,30,64,40,0.564625850340136,0.42857142857142855,113
2023-07-15,1039,146,76,74,32,70,42,0.5205479452054794,0.43243243243243246,108
2023-07-16,1039,105,87,61,31,18,30,0.8285714285714286,0.5081967213114754,118
2023-07-17,1039,148,72,68,39,76,29,0.4864864864864865,0.5735294117647058,111
2023-07-18,1039,143,81,63,43,62,20,0.5664335664335665,0.6825396825396826,124
2023-07-19,1039,100,76,51,46,24,5,0.76,0.9019607843137255,122
2023-07-20,1039,110,74,67,39,36,28,0.6727272727272727,0.582089552238806,113
2023-07-21,1039,100,77,74,27,23,47,0.77,0.36486486486486486,104
2023-07-22,1039,104,72,86,27,32,59,0.6923076923076923,0.313953488372093,99
2023-07-23,1039,129,93,57,52,36,5,0.7209302325581395,0.9122807017543859,145
2023-07-24,1039,104,61,86,36,43,50,0.5865384615384616,0.4186046511627907,97
2023-07-25,1039,126,82,98,43,44,55,0.6507936507936508,0.4387755102040816,125
2023-07-26,1039,130,82,73,44,48,29,0.6307692307692307,0.6027397260273972,126
2023-07-27,1039,130,91,83,39,39,44,0.7,0.46987951807228917,130
2023-07-28,1039,146,72,94,35,74,59,0.4931506849315068,0.3723404255319149,107
2023-07-29,1039,136,75,73,41,61,32,0.5514705882352942,0.5616438356164384,116
2023-07-30,1039,135,69,97,50,66,47,0.5111111111111111,0.5154639175257731,119
2023-07-31,1039,145,86,76,43,59,33,0.593103448275862,0.5657894736842105,129
2023-08-01,1039,143,78,86,48,65,38,0.5454545454545454,0.5581395348837209,126
2023-08-02,1039,116,77,68,41,39,27,0.6637931034482759,0.6029411764705882,118
2023-08-03,1039,108,84,90,38,24,52,0.7777777777777778,0.4222222222222222,122
2023-08-04,1039,102,91,50,44,11,6,0.8921568627450981,0.88,135
2023-08-05,1039,106,91,66,47,15,19,0.8584905660377359,0.7121212121212122,138
2023-08-06,1039,126,86,89,38,40,51,0.6825396825396826,0.42696629213483145,124
2023-08-07,1039,103,80,55,47,23,8,0.7766990291262136,0.8545454545454545,127
2023-08-08,1039,143,84,67,43,59,24,0.5874125874125874,0.6417910447761194,127
2023-08-09,1039,129,90,69,39,39,30,0.6976744186046512,0.5652173913043478,129
2023-08-10,1039,123,80,87,42,43,45,0.6504065040650406,0.4827586206896552,122
2023-08-11,1039,134,71,70,33,63,37,0.5298507462686567,0.4714285714285714,104
2023-08-12,1039,113,87,85,53,26,32,0.7699115044247787,0.6235294117647059,140
2023-08-13,1039,101,68,67,35,33,32,0.6732673267326733,0.5223880597014925,103
2023-08-14,1039,112,72,85,48,40,37,0.6428571428571429,0.5647058823529412,120
2023-08-15,1039,108,86,99,41,22,58,0.7962962962962963,0.41414141414141414,127
2023-08-16,1039,124,85,77,54,39,23,0.6854838709677419,0.7012987012987013,139
2023-08-17,1039,115,92,97,32,23,65,0.8,0.32989690721649484,124
2023-08-18,1039,100,94,98,35,6,63,0.94,0.35714285714285715,129
2023-08-19,1039,121,61,61,34,60,27,0.5041322314049587,0.5573770491803278,95
2023-08-20,1039,146,68,94,37,78,57,0.4657534246575342,0.39361702127659576,105
2023-08-21,1039,134,73,86,47,61,39,0.5447761194029851,0.5465116279069767,120
2023-08-22,1039,115,83,84,38,32,46,0.7217391304347827,0.4523809523809524,121
2023-08-23,1039,116,95,86,43,21,43,0.8189655172413793,0.5,138
2023-08-24,1039,108,81,82,37,27,45,0.75,0.45121951219512196,118
2023-08-25,1039,107,75,87,32,32,55,0.7009345794392523,0.367816091954023,107
2023-08-26,1039,127,78,83,33,49,50,0.6141732283464567,0.39759036144578314,111
2023-08-27,1039,126,94,83,38,32,45,0.746031746031746,0.4578313253012048,132
2023-08-28,1039,134,72,70,55,62,15,0.5373134328358209,0.7857142857142857,127
2023-08-29,1039,117,66,81,41,51,40,0.5641025641025641,0.5061728395061729,107
2023-08-30,1039,103,60,72,41,43,31,0.5825242718446602,0.5694444444444444,101
2023-08-31,1039,107,75,91,48,32,43,0.7009345794392523,0.5274725274725275,123
2023-09-01,1039,113,88,74,39,25,35,0.7787610619469026,0.527027027027027,127
2023-09-02,1039,125,86,61,40,39,21,0.688,0.6557377049180327,126
2023-09-03,1039,133,74,85,34,59,51,0.556390977443609,0.4,108
2023-09-04,1039,104,70,56,37,34,19,0.6730769230769231,0.6607142857142857,107
2023-09-05,1039,141,88,98,37,53,61,0.624113475177305,0.37755102040816324,125
2023-09-06,1039,113,98,76,28,15,48,0.8672566371681416,0.3684210526315789,126
2023-09-07,1039,123,79,63,46,44,17,0.6422764227642277,0.7301587301587301,125
2023-09-08,1039,125,82,52,38,43,14,0.656,0.7307692307692307,120
2023-09-09,1039,130,88,61,33,42,28,0.676923076923077,0.5409836065573771,121
2023-09-10,1039,111,82,96,36,29,60,0.7387387387387387,0.375,118
2023-09-11,1039,129,73,100,47,56,53,0.5658914728682171,0.47,120
2023-09-12,1039,138,66,81,42,72,39,0.4782608695652174,0.5185185185185185,108
2023-09-13,1039,103,85,83,35,18,48,0.8252427184466019,0.42168674698795183,120
2023-09-14,1039,115,68,85,32,47,53,0.591304347826087,0.3764705882352941,100
2023-09-15,1039,145,64,58,28,81,30,0.4413793103448276,0.4827586206896552,92
2023-09-16,1039,148,75,95,35,73,60,0.5067567567567568,0.3684210526315789,110
2023-09-17,1039,141,82,72,39,59,33,0.5815602836879432,0.5416666666666666,121
2023-09-18,1039,118,85,78,36,33,42,0.7203389830508474,0.46153846153846156,121
2023-09-19,1039,118,81,81,40,37,41,0.6864406779661016,0.49382716049382713,121
2023-09-20,1039,110,84,52,33,26,19,0.7636363636363637,0.6346153846153846,117
2023-09-21,1039,113,89,56,44,24,12,0.7876106194690266,0.7857142857142857,133
2023-09-22,1039,137,79,67,30,58,37,0.5766423357664233,0.44776119402985076,109
2023-09-23,1039,106,75,96,39,31,57,0.7075471698113207,0.40625,114
2023-09-24,1039,126,78,91,49,48,42,0.6190476190476191,0.5384615384615384,127
2023-09-25,1039,118,78,87,35,40,52,0.6610169491525424,0.40229885057471265,113
2023-09-26,1039,122,89,63,54,33,9,0.7295081967213115,0.8571428571428571,143
2023-09-27,1039,134,81,70,44,53,26,0.6044776119402985,0.6285714285714286,125
2023-09-28,1039,114,81,70,38,33,32,0.7105263157894737,0.5428571428571428,119
2023-09-29,1039,125,81,72,38,44,34,0.648,0.5277777777777778,119
2023-09-30,1039,133,66,74,31,67,43,0.49624060150375937,0.4189189189189189,97
2023-10-01,1039,141,84,58,36,57,22,0.5957446808510638,0.6206896551724138,120
2023-10-02,1039,124,88,72,41,36,31,0.7096774193548387,0.5694444444444444,129
2023-10-03,1039,112,83,92,40,29,52,0.7410714285714286,0.43478260869565216,123
2023-10-04,1039,150,66,61,45,84,16,0.44,0.7377049180327869,111
2023-10-05,1039,122,99,58,42,23,16,0.8114754098360656,0.7241379310344828,141
2023-10-06,1039,107,91,87,42,16,45,0.8504672897196262,0.4827586206896552,133
2023-10-07,1039,145,86,97,32,59,65,0.593103448275862,0.32989690721649484,118
2023-10-08,1039,124,87,88,47,37,41,0.7016129032258065,0.5340909090909091,134
2023-10-09,1039,142,70,95,44,72,51,0.49295774647887325,0.4631578947368421,114
2023-10-10,1039,123,83,53,41,40,12,0.6747967479674797,0.7735849056603774,124
2023-10-11,1039,132,91,95,36,41,59,0.6893939393939394,0.37894736842105264,127
2023-10-12,1039,132,94,70,41,38,29,0.7121212121212122,0.5857142857142857,135
2023-10-13,1039,138,71,50,49,67,1,0.5144927536231884,0.98,120
2023-10-14,1039,111,77,64,49,34,15,0.6936936936936937,0.765625,126
2023-10-15,1039,133,90,88,44,43,44,0.6766917293233082,0.5,134
2023-10-16,1039,101,82,85,43,19,42,0.8118811881188119,0.5058823529411764,125
2023-10-17,1039,146,73,98,31,73,67,0.5,0.3163265306122449,104
2023-10-18,1039,134,82,70,35,52,35,0.6119402985074627,0.5,117
2023-10-19,1039,126,88,71,38,38,33,0.6984126984126984,0.5352112676056338,126
2023-10-20,1039,118,100,51,46,18,5,0.847457627118644,0.9019607843137255,146
2023-10-21,1039,105,87,96,44,18,52,0.8285714285714286,0.4583333333333333,131
2023-10-22,1039,106,77,85,39,29,46,0.7264150943396226,0.4588235294117647,116
2023-10-23,1039,108,81,50,40,27,10,0.75,0.8,121
2023-10-24,1039,108,65,61,31,43,30,0.6018518518518519,0.5081967213114754,96
2023-10-25,1039,149,77,70,36,72,34,0.5167785234899329,0.5142857142857142,113
2023-10-26,1039,107,64,65,39,43,26,0.5981308411214953,0.6,103
2023-10-27,1039,140,77,51,36,63,15,0.55,0.7058823529411765,113
2023-10-28,1039,139,85,72,35,54,37,0.6115107913669064,0.4861111111111111,120
2023-10-29,1039,130,70,92,48,60,44,0.5384615384615384,0.5217391304347826,118
2023-10-30,1039,110,85,84,40,25,44,0.7727272727272727,0.47619047619047616,125
2023-10-31,1039,126,67,98,39,59,59,0.5317460317460317,0.3979591836734694,106
2023-11-01,1039,124,76,65,44,48,21,0.6129032258064516,0.676923076923077,120
2023-11-02,1039,128,65,65,42,63,23,0.5078125,0.6461538461538462,107
2023-11-03,1039,106,78,74,38,28,36,0.7358490566037735,0.5135135135135135,116
2023-11-04,1039,121,75,91,39,46,52,0.6198347107438017,0.42857142857142855,114
2023-11-05,1039,118,87,82,36,31,46,0.7372881355932204,0.43902439024390244,123
2023-11-06,1039,135,84,83,45,51,38,0.6222222222222222,0.54216867469879515,129
2023-11-07,1039,105,82,85,33,23,52,0.780952380952381,0.38823529411764707,115
2023-11-08,1039,104,75,50,39,29,11,0.7211538461538461,0.78,114
2023-11-09,1039,143,84,54,43,59,11,0.5874125874125874,0.7962962962962963,127
2023-11-10,1039,117,70,99,46,47,53,0.5982905982905983,0.46464646464646464,116
2023-11-11,1039,112,77,50,36,35,14,0.6875,0.72,113
2023-11-12,1039,125,76,65,34,49,31,0.608,0.5230769230769231,110
2023-11-13,1039,126,86,97,43,40,54,0.6825396825396826,0.44329896907216493,129
2023-11-14,1039,119,86,64,34,33,30,0.7226890756302521,0.53125,120
2023-11-15,1039,119,70,82,42,49,40,0.5882352941176471,0.5121951219512195,112
2023-11-16,1039,115,78,65,42,37,23,0.6782608695652174,0.6461538461538462,120
2023-11-17,1039,109,98,100,34,11,66,0.8990825688073395,0.34,132
2023-11-18,1039,147,86,71,47,61,24,0.5850340136054422,0.6619718309859155,133
2023-11-19,1039,135,84,91,28,51,63,0.6222222222222222,0.3076923076923077,112
2023-11-20,1039,102,86,59,35,16,24,0.8431372549019608,0.5932203389830508,121
2023-11-21,1039,100,80,65,28,20,37,0.8,0.4307692307692308,108
2023-11-22,1039,100,92,82,35,8,47,0.92,0.4268292682926829,127
2023-11-23,1039,142,86,75,42,56,33,0.6056338028169014,0.56,128
2023-11-24,1039,144,74,61,36,70,25,0.5138888888888888,0.5901639344262295,110
2023-11-25,1039,146,75,97,42,71,55,0.5136986301369864,0.4329896907216495,117
2023-11-26,1039,115,85,86,33,30,53,0.7391304347826086,0.38372093023255816,118
2023-11-27,1039,136,89,89,38,47,51,0.6544117647058824,0.42696629213483145,127
2023-11-28,1039,112,79,82,38,33,44,0.7053571428571429,0.4634146341463415,117
2023-11-29,1039,133,75,99,42,58,57,0.5639097744360902,0.42424242424242425,117
2023-11-30,1039,142,77,60,51,65,9,0.5422535211267606,0.85,128
2023-12-01,1039,126,80,94,44,46,50,0.6349206349206349,0.46808510638297873,124
2023-12-02,1039,147,84,82,34,63,48,0.5714285714285714,0.4146341463414634,118
2023-12-03,1039,150,79,78,45,71,33,0.5266666666666666,0.5769230769230769,124
2023-12-04,1039,143,63,71,43,80,28,0.4405594405594406,0.6056338028169014,106
2023-12-05,1039,136,74,78,37,62,41,0.5441176470588235,0.47435897435897434,111
2023-12-06,1039,130,94,84,40,36,44,0.7230769230769231,0.47619047619047616,134
2023-12-07,1039,124,69,87,39,55,48,0.5564516129032258,0.4482758620689655,108
2023-12-08,1039,103,64,72,35,39,37,0.6213592233009708,0.4861111111111111,99
2023-12-09,1039,147,86,88,36,61,52,0.5850340136054422,0.4090909090909091,122
2023-12-10,1039,111,74,62,40,37,22,0.6666666666666666,0.6451612903225806,114
2023-12-11,1039,101,74,67,39,27,28,0.7326732673267327,0.582089552238806,113
2023-12-12,1039,108,85,60,40,23,20,0.7870370370370371,0.6666666666666666,125
2023-12-13,1039,116,71,51,51,45,0,0.6120689655172413,1,122
2023-12-14,1039,136,70,57,35,66,22,0.5147058823529411,0.6140350877192983,105
2023-12-15,1039,130,77,93,47,53,46,0.5923076923076923,0.5053763440860215,124
2023-12-16,1039,106,77,93,34,29,59,0.7264150943396226,0.3655913978494624,111
2023-12-17,1039,143,81,96,38,62,58,0.5664335664335665,0.3958333333333333,119
2023-12-18,1039,109,87,88,34,22,54,0.7981651376146789,0.38636363636363635,121
2023-12-19,1039,104,72,88,32,32,56,0.6923076923076923,0.36363636363636365,104
2023-12-20,1039,102,70,62,36,32,26,0.6862745098039216,0.5806451612903226,106
2023-12-21,1039,127,72,94,41,55,53,0.5669291338582677,0.43617021276595747,113
2023-12-22,1039,144,88,84,39,56,45,0.6111111111111112,0.4642857142857143,127
2023-12-23,1039,109,72,91,52,37,39,0.6605504587155964,0.5714285714285714,124
2023-12-24,1039,128,71,53,41,57,12,0.5546875,0.7735849056603774,112
2023-12-25,1039,110,84,67,39,26,28,0.7636363636363637,0.582089552238806,123
2023-12-26,1039,118,89,65,36,29,29,0.7542372881355932,0.5538461538461539,125
2023-12-27,1039,109,67,93,32,42,61,0.6146788990825688,0.34408602150537637,99
2023-12-28,1039,150,66,56,36,84,20,0.44,0.6428571428571429,102
2023-12-29,1039,108,84,59,44,24,15,0.7777777777777778,0.7457627118644068,128
2023-12-30,1039,115,79,80,45,36,35,0.6869565217391305,0.5625,124
2023-12-31,1039,121,59,64,34,62,30,0.48760330578512395,0.53125,93
2023-01-01,1040,119,83,79,37,36,42,0.6974789915966386,0.46835443037974683,120
2023-01-02,1040,134,74,100,48,60,52,0.5522388059701493,0.48,122
2023-01-03,1040,125,63,85,43,62,42,0.504,0.5058823529411764,106
2023-01-04,1040,134,86,97,46,48,51,0.6417910447761194,0.4742268041237113,132
2023-01-05,1040,125,69,85,34,56,51,0.552,0.4,103
2023-01-06,1040,144,103,81,29,41,52,0.7152777777777778,0.35802469135802467,132
2023-01-07,1040,118,86,72,50,32,22,0.7288135593220338,0.6944444444444444,136
2023-01-08,1040,141,74,82,42,67,40,0.524822695035461,0.5121951219512195,116
2023-01-09,1040,130,76,90,47,54,43,0.5846153846153846,0.5222222222222223,123
2023-01-10,1040,117,71,61,47,46,14,0.6068376068376068,0.7704918032786885,118
2023-01-11,1040,107,82,67,32,25,35,0.7663551401869159,0.47761194029850745,114
2023-01-12,1040,124,80,80,46,44,34,0.6451612903225806,0.575,126
2023-01-13,1040,130,65,92,47,65,45,0.5,0.5108695652173914,112
2023-01-14,1040,120,69,57,39,51,18,0.575,0.6842105263157895,108
2023-01-15,1040,104,75,83,28,29,55,0.7211538461538461,0.3373493975903614,103
2023-01-16,1040,117,94,64,39,23,25,0.8034188034188035,0.609375,133
2023-01-17,1040,131,83,51,51,48,0,0.6335877862595419,1,134
2023-01-18,1040,131,75,61,38,56,23,0.5725190839694656,0.6229508196721312,113
2023-01-19,1040,135,97,53,53,38,0,0.7185185185185186,1,150
2023-01-20,1040,134,70,76,41,64,35,0.5223880597014925,0.5394736842105263,111
2023-01-21,1040,142,80,50,41,62,9,0.5633802816901409,0.82,121
2023-01-22,1040,150,75,80,42,75,38,0.5,0.525,117
2023-01-23,1040,115,82,58,41,33,17,0.7130434782608696,0.7068965517241379,123
2023-01-24,1040,116,70,67,33,46,34,0.603448275862069,0.4925373134328358,103
2023-01-25,1040,113,74,95,50,39,45,0.6548672566371682,0.5263157894736842,124
2023-01-26,1040,128,65,92,37,63,55,0.5078125,0.40217391304347827,102
2023-01-27,1040,113,69,68,29,44,39,0.6106194690265486,0.4264705882352941,98
2023-01-28,1040,136,73,86,25,63,61,0.5367647058823529,0.29069767441860467,98
2023-01-29,1040,125,93,61,46,32,15,0.744,0.7540983606557377,139
2023-01-30,1040,110,65,85,34,45,51,0.5909090909090909,0.4,99
2023-01-31,1040,120,88,86,40,32,46,0.7333333333333333,0.46511627906976744,128
2023-02-01,1040,113,71,74,35,42,39,0.6283185840707964,0.47297297297297297,106
2023-02-02,1040,129,66,57,41,63,16,0.5116279069767442,0.7192982456140351,107
2023-02-03,1040,146,76,88,38,70,50,0.5205479452054794,0.4318181818181818,114
2023-02-04,1040,149,70,84,30,79,54,0.4697986577181208,0.35714285714285715,100
2023-02-05,1040,136,81,90,41,55,49,0.5955882352941176,0.45555555555555555,122
2023-02-06,1040,144,84,63,47,60,16,0.5833333333333334,0.746031746031746,131
2023-02-07,1040,132,70,81,45,62,36,0.5303030303030303,0.5555555555555556,115
2023-02-08,1040,105,85,99,33,20,66,0.8095238095238095,0.3333333333333333,118
2023-02-09,1040,133,80,98,28,53,70,0.6015037593984962,0.2857142857142857,108
2023-02-10,1040,133,83,53,51,50,2,0.6240601503759399,0.9622641509433962,134
2023-02-11,1040,133,82,82,34,51,48,0.6165413533834586,0.4146341463414634,116
2023-02-12,1040,120,79,99,42,41,57,0.6583333333333333,0.42424242424242425,121
2023-02-13,1040,137,76,55,35,61,20,0.5547445255474452,0.6363636363636364,111
2023-02-14,1040,145,67,87,44,78,43,0.46206896551724136,0.5057471264367817,111
2023-02-15,1040,131,80,64,38,51,26,0.6106870229007634,0.59375,118
2023-02-16,1040,116,77,81,38,39,43,0.6637931034482759,0.4691358024691358,115
2023-02-17,1040,122,87,57,35,35,22,0.7131147540983607,0.6140350877192983,122
2023-02-18,1040,144,69,96,42,75,54,0.4791666666666667,0.4375,111
2023-02-19,1040,139,79,51,40,60,11,0.5683453237410072,0.7843137254901961,119
2023-02-20,1040,123,83,77,42,40,35,0.6747967479674797,0.5454545454545454,125
2023-02-21,1040,148,64,91,41,84,50,0.43243243243243246,0.45054945054945056,105
2023-02-22,1040,115,79,98,35,36,63,0.6869565217391305,0.35714285714285715,114
2023-02-23,1040,146,67,98,46,79,52,0.4589041095890411,0.46938775510204084,113
2023-02-24,1040,113,64,50,33,49,17,0.5663716814159292,0.66,97
2023-02-25,1040,142,77,88,42,65,46,0.5422535211267606,0.4772727272727273,119
2023-02-26,1040,139,68,60,31,71,29,0.4892086330935252,0.5166666666666667,99
2023-02-27,1040,101,88,95,45,13,50,0.8712871287128713,0.47368421052631576,133
2023-02-28,1040,125,69,79,50,56,29,0.552,0.6329113924050633,119
2023-03-01,1040,132,91,67,41,41,26,0.6893939393939394,0.6119402985074627,132
2023-03-02,1040,134,78,100,35,56,65,0.582089552238806,0.35,113
2023-03-03,1040,138,80,75,34,58,41,0.5797101449275363,0.4533333333333333,114
2023-03-04,1040,140,83,55,37,57,18,0.5928571428571429,0.6727272727272727,120
2023-03-05,1040,136,86,92,35,50,57,0.6323529411764706,0.3804347826086957,121
2023-03-06,1040,142,63,63,60,79,3,0.44366197183098594,0.9523809523809523,123
2023-03-07,1040,113,80,77,45,33,32,0.7079646017699115,0.5844155844155844,125
2023-03-08,1040,141,73,80,50,68,30,0.5177304964539007,0.625,123
2023-03-09,1040,150,84,95,40,66,55,0.56,0.42105263157894735,124
2023-03-10,1040,103,79,94,42,24,52,0.7669902912621359,0.44680851063829785,121
2023-03-11,1040,147,95,79,39,52,40,0.6462585034013606,0.4936708860759494,134
2023-03-12,1040,131,91,88,47,40,41,0.6946564885496184,0.5340909090909091,138
2023-03-13,1040,104,71,90,42,33,48,0.6826923076923077,0.4666666666666667,113
2023-03-14,1040,139,76,55,43,63,12,0.5467625899280576,0.7818181818181819,119
2023-03-15,1040,118,87,51,40,31,11,0.7372881355932204,0.7843137254901961,127
2023-03-16,1040,117,87,68,33,30,35,0.7435897435897436,0.4852941176470588,120
2023-03-17,1040,140,82,51,43,58,8,0.5857142857142857,0.8431372549019608,125
2023-03-18,1040,111,79,71,33,32,38,0.7117117117117117,0.4647887323943662,112
2023-03-19,1040,147,80,61,46,67,15,0.54421768707483,0.7540983606557377,126
2023-03-20,1040,105,64,57,33,41,24,0.6095238095238096,0.5789473684210527,97
2023-03-21,1040,114,87,98,34,27,64,0.7631578947368421,0.3469387755102041,121
2023-03-22,1040,139,64,92,45,75,47,0.460431654676259,0.4891304347826087,109
2023-03-23,1040,101,84,81,39,17,42,0.8316831683168316,0.48148148148148145,123
2023-03-24,1040,143,69,51,36,74,15,0.4825174825174825,0.7058823529411765,105
2023-03-25,1040,148,84,98,41,64,57,0.5675675675675675,0.41836734693877553,125
2023-03-26,1040,129,78,91,38,51,53,0.6046511627906976,0.4175824175824176,116
2023-03-27,1040,118,76,54,36,42,18,0.6440677966101694,0.6666666666666666,112
2023-03-28,1040,145,68,87,34,77,53,0.4689655172413793,0.39080459770114945,102
2023-03-29,1040,122,70,74,40,52,34,0.5737704918032787,0.5405405405405406,110
2023-03-30,1040,106,76,92,40,30,52,0.71698113207547165,0.43478260869565216,116
2023-03-31,1040,125,99,65,31,26,34,0.792,0.47692307692307695,130
2023-04-01,1040,126,66,66,44,60,22,0.5238095238095238,0.6666666666666666,110
2023-04-02,1040,105,82,52,32,23,20,0.780952380952381,0.6153846153846154,114
2023-04-03,1040,139,91,88,40,48,48,0.6546762589928058,0.45454545454545453,131
2023-04-04,1040,108,89,70,43,19,27,0.8240740740740741,0.6142857142857143,132
2023-04-05,1040,120,83,70,35,37,35,0.6916666666666667,0.5,118
2023-04-06,1040,105,87,61,53,18,8,0.8285714285714286,0.8688524590163934,140
2023-04-07,1040,126,74,66,38,52,28,0.5873015873015873,0.5757575757575758,112
2023-04-08,1040,147,89,59,43,58,16,0.6054421768707483,0.7288135593220338,132
2023-04-09,1040,141,82,87,60,59,27,0.5815602836879432,0.6896551724137931,142
2023-04-10,1040,149,72,60,32,77,28,0.48322147651006714,0.5333333333333333,104
2023-04-11,1040,123,84,89,39,39,50,0.6829268292682927,0.43820224719101125,123
2023-04-12,1040,129,79,86,40,50,46,0.6124031007751938,0.46511627906976744,119
2023-04-13,1040,146,78,95,28,68,67,0.5342465753424658,0.29473684210526313,106
2023-04-14,1040,136,74,82,43,62,39,0.5441176470588235,0.524390243902439,117
2023-04-15,1040,113,96,67,40,17,27,0.8495575221238938,0.5970149253731343,136
2023-04-16,1040,111,79,84,43,32,41,0.7117117117117117,0.5119047619047619,122
2023-04-17,1040,118,100,74,36,18,38,0.847457627118644,0.4864864864864865,136
2023-04-18,1040,136,86,71,48,50,23,0.6323529411764706,0.676056338028169,134
2023-04-19,1040,117,81,59,53,36,6,0.6923076923076923,0.8983050847457628,134
2023-04-20,1040,129,79,58,44,50,14,0.6124031007751938,0.7586206896551724,123
2023-04-21,1040,106,81,66,36,25,30,0.7641509433962265,0.5454545454545454,117
2023-04-22,1040,121,78,62,53,43,9,0.6446280991735537,0.8548387096774194,131
2023-04-23,1040,114,69,72,40,45,32,0.6052631578947368,0.5555555555555556,109
2023-04-24,1040,142,84,88,48,58,40,0.5915492957746479,0.5454545454545454,132
2023-04-25,1040,117,95,100,38,22,62,0.811965811965812,0.38,133
2023-04-26,1040,138,71,68,42,67,26,0.5144927536231884,0.6176470588235294,113
2023-04-27,1040,146,80,79,42,66,37,0.547945205479452,0.5316455696202531,122
2023-04-28,1040,105,61,95,29,44,66,0.580952380952381,0.30526315789473685,90
2023-04-29,1040,119,95,61,48,24,13,0.7983193277310925,0.7868852459016393,143
2023-04-30,1040,103,87,94,49,16,45,0.8446601941747572,0.5212765957446809,136
2023-05-01,1040,122,76,92,29,46,63,0.6229508196721312,0.31521739130434784,105
2023-05-02,1040,106,81,99,42,25,57,0.7641509433962265,0.42424242424242425,123
2023-05-03,1040,136,73,92,38,63,54,0.5367647058823529,0.41304347826086957,111
2023-05-04,1040,103,86,81,43,17,38,0.8349514563106796,0.5308641975308642,129
2023-05-05,1040,121,84,78,41,37,37,0.6942148760330579,0.5256410256410257,125
2023-05-06,1040,116,84,64,46,32,18,0.7241379310344828,0.71875,130
2023-05-07,1040,135,66,96,40,69,56,0.4888888888888889,0.4166666666666667,106
2023-05-08,1040,132,71,55,34,61,21,0.5378787878787878,0.6181818181818182,105
2023-05-09,1040,147,92,82,43,55,39,0.6258503401360545,0.524390243902439,135
2023-05-10,1040,127,69,91,32,58,59,0.5433070866141733,0.3516483516483517,101
2023-05-11,1040,101,78,57,40,23,17,0.7722772277227723,0.7017543859649122,118
2023-05-12,1040,129,92,78,38,37,40,0.7131782945736435,0.48717948717948717,130
2023-05-13,1040,140,70,63,42,70,21,0.5,0.6666666666666666,112
2023-05-14,1040,139,87,94,44,52,50,0.6258992805755396,0.46808510638297873,131
2023-05-15,1040,109,108,92,57,1,35,0.9908256880733946,0.6195652173913043,165
2023-05-16,1040,130,88,67,39,42,28,0.676923076923077,0.582089552238806,127
2023-05-17,1040,143,84,52,33,59,19,0.5874125874125874,0.6346153846153846,117
2023-05-18,1040,133,77,73,44,56,29,0.5789473684210527,0.6027397260273972,121
2023-05-19,1040,140,92,58,42,48,16,0.6571428571428571,0.7241379310344828,134
2023-05-20,1040,135,80,53,35,55,18,0.5925925925925926,0.660377358490566,115
2023-05-21,1040,113,78,94,31,35,63,0.6902654867256637,0.32978723404255317,109
2023-05-22,1040,137,84,62,39,53,23,0.6131386861313869,0.6290322580645161,123
2023-05-23,1040,108,76,89,34,32,55,0.7037037037037037,0.38202247191011235,110
2023-05-24,1040,127,91,83,52,36,31,0.7165354330708661,0.6265060240963856,143
2023-05-25,1040,139,99,86,44,40,42,0.7122302158273381,0.5116279069767442,143
2023-05-26,1040,110,78,87,36,32,51,0.7090909090909091,0.41379310344827586,114
2023-05-27,1040,135,70,68,36,65,32,0.5185185185185185,0.5294117647058824,106
2023-05-28,1040,116,75,69,37,41,32,0.646551724137931,0.5362318840579711,112
2023-05-29,1040,102,90,79,48,12,31,0.8823529411764706,0.6075949367088608,138
2023-05-30,1040,143,94,61,37,49,24,0.6573426573426573,0.6065573770491803,131
2023-05-31,1040,126,84,80,32,42,48,0.6666666666666666,0.4,116
2023-06-01,1040,118,74,91,36,44,55,0.6271186440677966,0.3956043956043956,110
2023-06-02,1040,115,72,64,36,43,28,0.6260869565217392,0.5625,108
2023-06-03,1040,112,87,82,35,25,47,0.7767857142857143,0.4268292682926829,122
2023-06-04,1040,119,85,98,44,34,54,0.7142857142857143,0.4489795918367347,129
2023-06-05,1040,101,84,60,38,17,22,0.8316831683168316,0.6333333333333333,122
2023-06-06,1040,109,92,50,41,17,9,0.8440366972477065,0.82,133
2023-06-07,1040,147,82,55,39,65,16,0.5578231292517006,0.7090909090909091,121
2023-06-08,1040,132,81,71,45,51,26,0.6136363636363636,0.6338028169014085,126
2023-06-09,1040,145,87,70,41,58,29,0.6,0.5857142857142857,128
2023-06-10,1040,134,95,77,36,39,41,0.7089552238805971,0.4675324675324675,131
2023-06-11,1040,141,74,82,41,67,41,0.524822695035461,0.5,115
2023-06-12,1040,102,76,72,41,26,31,0.7450980392156863,0.5694444444444444,117
2023-06-13,1040,119,80,68,41,39,27,0.6722689075630253,0.6029411764705882,121
2023-06-14,1040,108,75,96,31,33,65,0.6944444444444444,0.3229166666666667,106
2023-06-15,1040,146,85,64,32,61,32,0.5821917808219178,0.5,117
2023-06-16,1040,108,83,89,47,25,42,0.7685185185185185,0.5280898876404494,130
2023-06-17,1040,121,87,52,40,34,12,0.71900826446281,0.7692307692307693,127
2023-06-18,1040,118,89,84,44,29,40,0.7542372881355932,0.5238095238095238,133
2023-06-19,1040,115,64,90,43,51,47,0.5565217391304348,0.4777777777777778,107
2023-06-20,1040,120,89,55,35,31,20,0.7416666666666667,0.6363636363636364,124
2023-06-21,1040,139,81,94,46,58,48,0.5827338129496403,0.48936170212765956,127
2023-06-22,1040,114,93,83,37,21,46,0.8157894736842105,0.4457831325301205,130
2023-06-23,1040,132,74,70,47,58,23,0.5606060606060606,0.6714285714285714,121
2023-06-24,1040,146,71,74,43,75,31,0.4863013698630137,0.581081081081081,114
2023-06-25,1040,134,87,77,42,47,35,0.6492537313432836,0.5454545454545454,129
2023-06-26,1040,146,87,56,45,59,11,0.5958904109589042,0.8035714285714286,132
2023-06-27,1040,135,79,85,39,56,46,0.5851851851851851,0.4588235294117647,118
2023-06-28,1040,108,87,60,42,21,18,0.8055555555555556,0.7,129
2023-06-29,1040,121,72,70,50,49,20,0.5950413223140496,0.7142857142857143,122
2023-06-30,1040,141,76,75,41,65,34,0.5390070921985816,0.5466666666666666,117
2023-07-01,1040,121,78,51,46,43,5,0.6446280991735537,0.9019607843137255,124
2023-07-02,1040,146,74,100,41,72,59,0.5068493150684932,0.41,115
2023-07-03,1040,127,74,68,55,53,13,0.5826771653543307,0.8088235294117647,129
2023-07-04,1040,100,65,71,46,35,25,0.65,0.647887323943662,111
2023-07-05,1040,140,81,89,44,59,45,0.5785714285714286,0.4943820224719101,125
2023-07-06,1040,126,70,58,43,56,15,0.5555555555555556,0.7413793103448276,113
2023-07-07,1040,108,84,59,42,24,17,0.7777777777777778,0.711864406779661,126
2023-07-08,1040,107,82,51,33,25,18,0.7663551401869159,0.6470588235294118,115
2023-07-09,1040,138,85,67,36,53,31,0.6159420289855072,0.5373134328358209,121
2023-07-10,1040,111,66,92,40,45,52,0.5945945945945946,0.43478260869565216,106
2023-07-11,1040,130,73,70,48,57,22,0.5615384615384615,0.6857142857142857,121
2023-07-12,1040,105,96,86,39,9,47,0.9142857142857143,0.45348837209302323,135
2023-07-13,1040,132,83,80,37,49,43,0.6287878787878788,0.4625,120
2023-07-14,1040,123,74,72,40,49,32,0.6016260162601627,0.5555555555555556,114
2023-07-15,1040,137,101,60,46,36,14,0.7372262773722628,0.7666666666666667,147
2023-07-16,1040,141,67,98,46,74,52,0.475177304964539,0.46938775510204084,113
2023-07-17,1040,121,84,52,39,37,13,0.6942148760330579,0.75,123
2023-07-18,1040,105,71,92,42,34,50,0.6761904761904762,0.45652173913043476,113
2023-07-19,1040,133,89,53,33,44,20,0.6691729323308271,0.6226415094339622,122
2023-07-20,1040,113,101,56,41,12,15,0.8938053097345132,0.7321428571428571,142
2023-07-21,1040,137,81,55,55,56,0,0.5912408759124088,1,136
2023-07-22,1040,132,93,72,39,39,33,0.7045454545454546,0.5416666666666666,132
2023-07-23,1040,147,83,100,46,64,54,0.564625850340136,0.46,129
2023-07-24,1040,135,66,99,40,69,59,0.4888888888888889,0.40404040404040403,106
2023-07-25,1040,150,66,99,43,84,56,0.44,0.43434343434343436,109
2023-07-26,1040,118,95,89,36,23,53,0.8050847457627118,0.4044943820224719,131
2023-07-27,1040,126,73,71,41,53,30,0.5793650793650794,0.5774647887323944,114
2023-07-28,1040,114,100,59,49,14,10,0.8771929824561403,0.8305084745762712,149
2023-07-29,1040,124,85,98,37,39,61,0.6854838709677419,0.37755102040816324,122
2023-07-30,1040,125,88,78,34,37,44,0.704,0.4358974358974359,122
2023-07-31,1040,141,78,61,43,63,18,0.5531914893617021,0.7049180327868853,121
2023-08-01,1040,111,91,92,39,20,53,0.8198198198198198,0.42391304347826086,130
2023-08-02,1040,140,85,72,35,55,37,0.6071428571428571,0.4861111111111111,120
2023-08-03,1040,111,83,69,28,28,41,0.7477477477477478,0.4057971014492754,111
2023-08-04,1040,129,75,59,37,54,22,0.5813953488372093,0.6271186440677966,112
2023-08-05,1040,134,88,77,36,46,41,0.6567164179104478,0.4675324675324675,124
2023-08-06,1040,106,68,54,49,38,5,0.6415094339622641,0.9074074074074074,117
2023-08-07,1040,130,96,51,44,34,7,0.7384615384615385,0.8627450980392157,140
2023-08-08,1040,145,73,94,40,72,54,0.503448275862069,0.425531914893617,113
2023-08-09,1040,123,74,81,33,49,48,0.6016260162601627,0.4074074074074074,107
2023-08-10,1040,106,74,54,35,32,19,0.6981132075471698,0.6481481481481481,109
2023-08-11,1040,115,74,81,39,41,42,0.6434782608695652,0.48148148148148145,113
2023-08-12,1040,121,83,61,40,38,21,0.6859504132231405,0.6557377049180327,123
2023-08-13,1040,126,67,81,47,59,34,0.5317460317460317,0.5802469135802469,114
2023-08-14,1040,112,81,61,38,31,23,0.7232142857142857,0.6229508196721312,119
2023-08-15,1040,128,82,68,45,46,23,0.640625,0.6617647058823529,127
2023-08-16,1040,120,79,87,39,41,48,0.6583333333333333,0.4482758620689655,118
2023-08-17,1040,144,95,96,49,49,47,0.6597222222222222,0.5104166666666666,144
2023-08-18,1040,120,76,55,41,44,14,0.6333333333333333,0.7454545454545455,117
2023-08-19,1040,139,97,51,27,42,24,0.697841726618705,0.5294117647058824,124
2023-08-20,1040,103,72,54,35,31,19,0.6990291262135923,0.6481481481481481,107
2023-08-21,1040,118,67,60,37,51,23,0.5677966101694916,0.6166666666666667,104
2023-08-22,1040,145,66,82,34,79,48,0.45517241379310347,0.4146341463414634,100
2023-08-23,1040,113,77,74,35,36,39,0.6814159292035398,0.47297297297297297,112
2023-08-24,1040,114,76,80,41,38,39,0.6666666666666666,0.5125,117
2023-08-25,1040,102,76,100,37,26,63,0.7450980392156863,0.37,113
2023-08-26,1040,101,75,80,41,26,39,0.7425742574257426,0.5125,116
2023-08-27,1040,135,74,64,43,61,21,0.5481481481481482,0.671875,117
2023-08-28,1040,148,80,92,33,68,59,0.5405405405405406,0.358695652173913,113
2023-08-29,1040,105,87,94,26,18,68,0.8285714285714286,0.2765957446808511,113
2023-08-30,1040,106,79,62,33,27,29,0.7452830188679245,0.532258064516129,112
2023-08-31,1040,125,61,96,45,64,51,0.488,0.46875,106
2023-09-01,1040,117,86,64,49,31,15,0.7350427350427351,0.765625,135
2023-09-02,1040,150,59,75,35,91,40,0.3933333333333333,0.4666666666666667,94
2023-09-03,1040,117,91,85,35,26,50,0.7777777777777778,0.4117647058823529,126
2023-09-04,1040,100,72,54,45,28,9,0.72,0.8333333333333334,117
2023-09-05,1040,135,94,81,45,41,36,0.6962962962962963,0.5555555555555556,139
2023-09-06,1040,137,77,87,30,60,57,0.5620437956204379,0.3448275862068966,107
2023-09-07,1040,145,77,50,31,68,19,0.5310344827586206,0.62,108
2023-09-08,1040,131,82,95,39,49,56,0.6259541984732825,0.4105263157894737,121
2023-09-09,1040,142,76,89,43,66,46,0.5352112676056338,0.48314606741573035,119
2023-09-10,1040,143,82,65,39,61,26,0.5734265734265734,0.6,121
2023-09-11,1040,144,87,55,26,57,29,0.6041666666666666,0.4727272727272727,113
2023-09-12,1040,136,93,52,34,43,18,0.6838235294117647,0.6538461538461539,127
2023-09-13,1040,130,72,53,42,58,11,0.5538461538461539,0.7924528301886793,114
2023-09-14,1040,108,81,58,47,27,11,0.75,0.8103448275862069,128
2023-09-15,1040,120,78,56,56,42,0,0.65,1,134
2023-09-16,1040,140,86,83,43,54,40,0.6142857142857143,0.5180722891566265,129
2023-09-17,1040,150,80,51,50,70,1,0.5333333333333333,0.9803921568627451,130
2023-09-18,1040,116,70,55,41,46,14,0.603448275862069,0.7454545454545455,111
2023-09-19,1040,135,78,100,49,57,51,0.5777777777777777,0.49,127
2023-09-20,1040,122,85,77,40,37,37,0.6967213114754098,0.5194805194805194,125
2023-09-21,1040,134,92,87,38,42,49,0.6865671641791045,0.4367816091954023,130
2023-09-22,1040,121,70,69,55,51,14,0.5785123966942148,0.7971014492753623,125
2023-09-23,1040,143,75,91,46,68,45,0.5244755244755245,0.5054945054945055,121
2023-09-24,1040,135,82,65,41,53,24,0.6074074074074074,0.6307692307692307,123
2023-09-25,1040,132,93,75,41,39,34,0.7045454545454546,0.5466666666666666,134
2023-09-26,1040,110,85,76,33,25,43,0.7727272727272727,0.4342105263157895,118
2023-09-27,1040,115,90,66,40,25,26,0.782608695652174,0.6060606060606061,130
2023-09-28,1040,128,94,98,35,34,63,0.734375,0.35714285714285715,129
2023-09-29,1040,127,77,74,47,50,27,0.6062992125984252,0.6351351351351351,124
2023-09-30,1040,146,81,72,36,65,36,0.5547945205479452,0.5,117
2023-10-01,1040,149,80,87,37,69,50,0.5369127516778524,0.42528735632183906,117
2023-10-02,1040,132,83,96,43,49,53,0.6287878787878788,0.4479166666666667,126
2023-10-03,1040,114,79,93,39,35,54,0.6929824561403509,0.41935483870967744,118
2023-10-04,1040,143,81,70,42,62,28,0.5664335664335665,0.6,123
2023-10-05,1040,149,87,55,43,62,12,0.5838926174496645,0.7818181818181819,130
2023-10-06,1040,139,71,89,37,68,52,0.5107913669064749,0.4157303370786517,108
2023-10-07,1040,123,70,79,34,53,45,0.5691056910569106,0.43037974683544306,104
2023-10-08,1040,148,59,65,40,89,25,0.39864864864864863,0.6153846153846154,99
2023-10-09,1040,126,78,90,46,48,44,0.6190476190476191,0.5111111111111111,124
2023-10-10,1040,131,74,61,43,57,18,0.5648854961832062,0.7049180327868853,117
2023-10-11,1040,110,63,92,36,47,56,0.5727272727272728,0.391304347826087,99
2023-10-12,1040,121,87,93,40,34,53,0.71900826446281,0.43010752688172044,127
2023-10-13,1040,108,92,73,39,16,34,0.8518518518518519,0.5342465753424658,131
2023-10-14,1040,150,75,79,43,75,36,0.5,0.5443037974683544,118
2023-10-15,1040,123,83,68,41,40,27,0.6747967479674797,0.6029411764705882,124
2023-10-16,1040,145,71,96,41,74,55,0.4896551724137931,0.4270833333333333,112
2023-10-17,1040,123,75,95,35,48,60,0.6097560975609756,0.3684210526315789,110
2023-10-18,1040,142,74,89,36,68,53,0.5211267605633803,0.4044943820224719,110
2023-10-19,1040,138,81,54,37,57,17,0.5869565217391305,0.6851851851851852,118
2023-10-20,1040,142,77,80,44,65,36,0.5422535211267606,0.55,121
2023-10-21,1040,106,77,52,40,29,12,0.7264150943396226,0.7692307692307693,117
2023-10-22,1040,148,70,91,33,78,58,0.47297297297297297,0.3626373626373626,103
2023-10-23,1040,144,69,57,38,75,19,0.4791666666666667,0.6666666666666666,107
2023-10-24,1040,147,87,66,31,60,35,0.5918367346938775,0.4696969696969697,118
2023-10-25,1040,118,76,60,30,42,30,0.6440677966101694,0.5,106
2023-10-26,1040,127,81,64,44,46,20,0.6377952755905512,0.6875,125
2023-10-27,1040,100,81,93,41,19,52,0.81,0.44086021505376344,122
2023-10-28,1040,111,76,92,51,35,41,0.6846846846846847,0.5543478260869565,127
2023-10-29,1040,146,69,51,37,77,14,0.4726027397260274,0.7254901960784313,106
2023-10-30,1040,118,74,99,54,44,45,0.6271186440677966,0.5454545454545454,128
2023-10-31,1040,134,66,68,34,68,34,0.4925373134328358,0.5,100
2023-11-01,1040,130,74,90,45,56,45,0.5692307692307692,0.5,119
2023-11-02,1040,130,66,94,41,64,53,0.5076923076923077,0.43617021276595747,107
2023-11-03,1040,132,86,59,39,46,20,0.6515151515151515,0.6610169491525424,125
2023-11-04,1040,113,80,82,37,33,45,0.7079646017699115,0.45121951219512196,117
2023-11-05,1040,147,83,73,44,64,29,0.564625850340136,0.6027397260273972,127
2023-11-06,1040,110,76,87,25,34,62,0.6909090909090909,0.28735632183908044,101
2023-11-07,1040,110,84,90,42,26,48,0.7636363636363637,0.4666666666666667,126
2023-11-08,1040,142,76,83,47,66,36,0.5352112676056338,0.5662650602409639,123
2023-11-09,1040,135,59,53,31,76,22,0.43703703703703706,0.5849056603773585,90
2023-11-10,1040,102,77,58,41,25,17,0.7549019607843137,0.7068965517241379,118
2023-11-11,1040,145,73,88,38,72,50,0.503448275862069,0.4318181818181818,111
2023-11-12,1040,112,78,56,40,34,16,0.6964285714285714,0.7142857142857143,118
2023-11-13,1040,118,93,84,47,25,37,0.788135593220339,0.5595238095238095,140
2023-11-14,1040,102,97,51,40,5,11,0.9509803921568627,0.7843137254901961,137
2023-11-15,1040,146,83,88,47,63,41,0.5684931506849316,0.5340909090909091,130
2023-11-16,1040,138,72,81,46,66,35,0.5217391304347826,0.5679012345679012,118
2023-11-17,1040,149,79,68,43,70,25,0.5302013422818792,0.6323529411764706,122
2023-11-18,1040,121,87,91,39,34,52,0.71900826446281,0.42857142857142855,126
2023-11-19,1040,135,72,51,43,63,8,0.5333333333333333,0.8431372549019608,115
2023-11-20,1040,120,66,72,46,54,26,0.55,0.6388888888888888,112
2023-11-21,1040,135,86,62,38,49,24,0.6370370370370371,0.6129032258064516,124
2023-11-22,1040,107,80,85,47,27,38,0.7476635514018691,0.5529411764705883,127
2023-11-23,1040,118,71,88,29,47,59,0.6016949152542372,0.32954545454545453,100
2023-11-24,1040,127,74,67,46,53,21,0.5826771653543307,0.6865671641791045,120
2023-11-25,1040,118,97,99,33,21,66,0.8220338983050848,0.3333333333333333,130
2023-11-26,1040,127,78,73,36,49,37,0.6141732283464567,0.4931506849315068,114
2023-11-27,1040,132,71,62,25,61,37,0.5378787878787878,0.4032258064516129,96
2023-11-28,1040,113,78,96,41,35,55,0.6902654867256637,0.4270833333333333,119
2023-11-29,1040,144,84,90,48,60,42,0.5833333333333334,0.5333333333333333,132
2023-11-30,1040,110,81,84,39,29,45,0.7363636363636363,0.4642857142857143,120
2023-12-01,1040,103,88,80,22,15,58,0.8543689320388349,0.275,110
2023-12-02,1040,118,72,63,29,46,34,0.6101694915254238,0.4603174603174603,101
2023-12-03,1040,141,57,80,47,84,33,0.40425531914893614,0.5875,104
2023-12-04,1040,107,76,76,41,31,35,0.7102803738317757,0.5394736842105263,117
2023-12-05,1040,115,78,82,49,37,33,0.6782608695652174,0.5975609756097561,127
2023-12-06,1040,138,87,75,36,51,39,0.6304347826086957,0.48,123
2023-12-07,1040,141,84,72,46,57,26,0.5957446808510638,0.6388888888888888,130
2023-12-08,1040,128,81,85,42,47,43,0.6328125,0.49411764705882355,123
2023-12-09,1040,118,77,56,29,41,27,0.652542372881356,0.5178571428571429,106
2023-12-10,1040,106,80,85,43,26,42,0.7547169811320755,0.5058823529411764,123
2023-12-11,1040,113,79,78,36,34,42,0.6991150442477876,0.46153846153846156,115
2023-12-12,1040,149,74,97,42,75,55,0.49664429530201343,0.4329896907216495,116
2023-12-13,1040,108,84,76,44,24,32,0.7777777777777778,0.5789473684210527,128
2023-12-14,1040,150,92,100,27,58,73,0.6133333333333333,0.27,119
2023-12-15,1040,124,78,76,44,46,32,0.6290322580645161,0.5789473684210527,122
2023-12-16,1040,144,89,82,43,55,39,0.6180555555555556,0.524390243902439,132
2023-12-17,1040,116,101,53,31,15,22,0.8706896551724138,0.5849056603773585,132
2023-12-18,1040,138,66,73,33,72,40,0.4782608695652174,0.4520547945205479,99
2023-12-19,1040,141,69,63,31,72,32,0.48936170212765956,0.49206349206349204,100
2023-12-20,1040,115,87,76,44,28,32,0.7565217391304347,0.5789473684210527,131
2023-12-21,1040,140,71,71,43,69,28,0.5071428571428571,0.6056338028169014,114
2023-12-22,1040,132,82,82,46,50,36,0.6212121212121212,0.5609756097560976,128
2023-12-23,1040,135,87,84,36,48,48,0.6444444444444445,0.42857142857142855,123
2023-12-24,1040,139,73,85,34,66,51,0.5251798561151079,0.4,107
2023-12-25,1040,146,79,73,36,67,37,0.541095890410959,0.4931506849315068,115
2023-12-26,1040,109,84,81,48,25,33,0.7706422018348624,0.5925925925925926,132
2023-12-27,1040,144,86,71,42,58,29,0.5972222222222222,0.5915492957746479,128
2023-12-28,1040,106,81,83,33,25,50,0.7641509433962265,0.39759036144578314,114
2023-12-29,1040,102,93,87,28,9,59,0.9117647058823529,0.3218390804597701,121
2023-12-30,1040,110,75,92,37,35,55,0.6818181818181818,0.40217391304347827,112
2023-12-31,1040,133,92,63,48,41,15,0.6917293233082706,0.7619047619047619,140
2023-01-01,1041,127,69,50,31,58,19,0.5433070866141733,0.62,100
2023-01-02,1041,144,83,82,42,61,40,0.5763888888888888,0.5121951219512195,125
2023-01-03,1041,115,87,86,42,28,44,0.7565217391304347,0.4883720930232558,129
2023-01-04,1041,122,94,87,25,28,62,0.7704918032786885,0.28735632183908044,119
2023-01-05,1041,116,79,75,41,37,34,0.6810344827586207,0.5466666666666666,120
2023-01-06,1041,150,69,90,41,81,49,0.46,0.45555555555555555,110
2023-01-07,1041,135,75,85,36,60,49,0.5555555555555556,0.4235294117647059,111
2023-01-08,1041,122,81,89,47,41,42,0.6639344262295082,0.5280898876404494,128
2023-01-09,1041,140,94,50,30,46,20,0.6714285714285714,0.6,124
2023-01-10,1041,131,63,77,39,68,38,0.48091603053435117,0.5064935064935064,102
2023-01-11,1041,114,72,91,40,42,51,0.631578947368421,0.43956043956043955,112
2023-01-12,1041,102,76,64,25,26,39,0.7450980392156863,0.390625,101
2023-01-13,1041,107,79,82,39,28,43,0.7383177570093458,0.47560975609756095,118
2023-01-14,1041,117,65,97,40,52,57,0.5555555555555556,0.41237113402061853,105
2023-01-15,1041,107,91,77,39,16,38,0.8504672897196262,0.5064935064935064,130
2023-01-16,1041,116,84,71,39,32,32,0.7241379310344828,0.5492957746478874,123
2023-01-17,1041,135,82,55,39,53,16,0.6074074074074074,0.7090909090909091,121
2023-01-18,1041,131,85,55,50,46,5,0.648854961832061,0.9090909090909091,135
2023-01-19,1041,105,77,67,40,28,27,0.7333333333333333,0.5970149253731343,117
2023-01-20,1041,133,80,83,50,53,33,0.6015037593984962,0.6024096385542169,130
2023-01-21,1041,109,87,62,43,22,19,0.7981651376146789,0.6935483870967742,130
2023-01-22,1041,145,85,90,43,60,47,0.5862068965517241,0.4777777777777778,128
2023-01-23,1041,132,67,51,32,65,19,0.5075757575757576,0.6274509803921569,99
2023-01-24,1041,130,75,82,39,55,43,0.5769230769230769,0.47560975609756095,114
2023-01-25,1041,123,76,52,50,47,2,0.6178861788617886,0.9615384615384616,126
2023-01-26,1041,132,73,95,38,59,57,0.553030303030303,0.4,111
2023-01-27,1041,111,81,71,32,30,39,0.7297297297297297,0.4507042253521127,113
2023-01-28,1041,119,89,52,52,30,0,0.7478991596638656,1,141
2023-01-29,1041,127,81,65,43,46,22,0.6377952755905512,0.6615384615384615,124
2023-01-30,1041,100,83,75,48,17,27,0.83,0.64,131
2023-01-31,1041,140,76,51,42,64,9,0.5428571428571428,0.8235294117647058,118
2023-02-01,1041,144,92,55,45,52,10,0.6388888888888888,0.8181818181818182,137
2023-02-02,1041,117,84,95,34,33,61,0.717948717948718,0.35789473684210527,118
2023-02-03,1041,141,90,90,39,51,51,0.6382978723404256,0.43333333333333335,129
2023-02-04,1041,106,84,75,44,22,31,0.7924528301886793,0.5866666666666667,128
2023-02-05,1041,139,78,82,27,61,55,0.5611510791366906,0.32926829268292684,105
2023-02-06,1041,107,86,72,44,21,28,0.8037383177570093,0.6111111111111112,130
2023-02-07,1041,109,87,50,50,22,0,0.7981651376146789,1,137
2023-02-08,1041,112,76,91,38,36,53,0.6785714285714286,0.4175824175824176,114
2023-02-09,1041,140,72,68,39,68,29,0.5142857142857142,0.5735294117647058,111
2023-02-10,1041,122,80,77,40,42,37,0.6557377049180327,0.5194805194805194,120
2023-02-11,1041,144,98,62,43,46,19,0.6805555555555556,0.6935483870967742,141
2023-02-12,1041,135,80,69,55,55,14,0.5925925925925926,0.7971014492753623,135
2023-02-13,1041,112,62,77,45,50,32,0.5535714285714286,0.5844155844155844,107
2023-02-14,1041,113,76,64,36,37,28,0.672566371681416,0.5625,112
2023-02-15,1041,108,86,87,47,22,40,0.7962962962962963,0.5402298850574713,133
2023-02-16,1041,115,73,90,33,42,57,0.6347826086956522,0.36666666666666664,106
2023-02-17,1041,116,57,88,48,59,40,0.49137931034482757,0.5454545454545454,105
2023-02-18,1041,108,89,51,46,19,5,0.8240740740740741,0.9019607843137255,135
2023-02-19,1041,131,62,81,28,69,53,0.4732824427480916,0.345679012345679,90
2023-02-20,1041,115,84,57,40,31,17,0.7304347826086957,0.7017543859649122,124
2023-02-21,1041,125,87,89,45,38,44,0.696,0.5056179775280899,132
2023-02-22,1041,109,71,100,32,38,68,0.6513761467889908,0.32,103
2023-02-23,1041,113,81,59,48,32,11,0.7168141592920354,0.8135593220338984,129
2023-02-24,1041,111,82,95,42,29,53,0.7387387387387387,0.4421052631578947,124
2023-02-25,1041,130,66,94,43,64,51,0.5076923076923077,0.4574468085106383,109
2023-02-26,1041,146,89,99,43,57,56,0.6095890410958904,0.43434343434343436,132
2023-02-27,1041,122,64,95,41,58,54,0.5245901639344263,0.43157894736842106,105
2023-02-28,1041,103,71,57,46,32,11,0.6893203883495146,0.8070175438596491,117
2023-03-01,1041,131,87,63,46,44,17,0.6641221374045801,0.7301587301587301,133
2023-03-02,1041,118,84,70,38,34,32,0.711864406779661,0.5428571428571428,122
2023-03-03,1041,108,84,85,30,24,55,0.7777777777777778,0.35294117647058826,114
2023-03-04,1041,147,99,73,37,48,36,0.673469387755102,0.5068493150684932,136
2023-03-05,1041,146,90,53,47,56,6,0.6164383561643836,0.8867924528301887,137
2023-03-06,1041,137,88,89,28,49,61,0.6423357664233577,0.3146067415730337,116
2023-03-07,1041,148,82,56,41,66,15,0.5540540540540541,0.7321428571428571,123
2023-03-08,1041,138,81,98,48,57,50,0.5869565217391305,0.4897959183673469,129
2023-03-09,1041,111,95,64,39,16,25,0.8558558558558559,0.609375,134
2023-03-10,1041,107,69,80,42,38,38,0.6448598130841121,0.525,111
2023-03-11,1041,123,79,50,50,44,0,0.6422764227642277,1,129
2023-03-12,1041,136,95,84,42,41,42,0.6985294117647058,0.5,137
2023-03-13,1041,120,93,62,32,27,30,0.775,0.5161290322580645,125
2023-03-14,1041,112,77,65,49,35,16,0.6875,0.7538461538461538,126
2023-03-15,1041,105,71,83,39,34,44,0.6761904761904762,0.46987951807228917,110
2023-03-16,1041,144,87,86,36,57,50,0.6041666666666666,0.4186046511627907,123
2023-03-17,1041,100,76,89,39,24,50,0.76,0.43820224719101125,115
2023-03-18,1041,104,87,77,36,17,41,0.8365384615384616,0.4675324675324675,123
2023-03-19,1041,117,68,88,44,49,44,0.5811965811965812,0.5,112
2023-03-20,1041,144,86,84,41,58,43,0.5972222222222222,0.4880952380952381,127
2023-03-21,1041,127,88,72,44,39,28,0.6929133858267716,0.6111111111111112,132
2023-03-22,1041,124,69,85,49,55,36,0.5564516129032258,0.5764705882352941,118
2023-03-23,1041,148,74,81,40,74,41,0.5,0.49382716049382713,114
2023-03-24,1041,112,75,67,42,37,25,0.6696428571428571,0.6268656716417911,117
2023-03-25,1041,144,77,53,39,67,14,0.5347222222222222,0.7358490566037735,116
2023-03-26,1041,141,73,61,41,68,20,0.5177304964539007,0.6721311475409836,114
2023-03-27,1041,102,77,73,52,25,21,0.7549019607843137,0.7123287671232876,129
2023-03-28,1041,131,91,62,31,40,31,0.6946564885496184,0.5,122
2023-03-29,1041,123,80,75,36,43,39,0.6504065040650406,0.48,116
2023-03-30,1041,116,62,52,43,54,9,0.5344827586206896,0.8269230769230769,105
2023-03-31,1041,108,87,72,41,21,31,0.8055555555555556,0.5694444444444444,128
2023-04-01,1041,129,81,50,40,48,10,0.627906976744186,0.8,121
2023-04-02,1041,117,77,93,34,40,59,0.6581196581196581,0.3655913978494624,111
2023-04-03,1041,122,72,57,40,50,17,0.5901639344262295,0.7017543859649122,112
2023-04-04,1041,115,80,74,36,35,38,0.6956521739130435,0.4864864864864865,116
2023-04-05,1041,150,85,98,33,65,65,0.5666666666666667,0.336734693877551,118
2023-04-06,1041,104,68,77,37,36,40,0.6538461538461539,0.4805194805194805,105
2023-04-07,1041,112,61,77,45,51,32,0.5446428571428571,0.5844155844155844,106
2023-04-08,1041,126,77,86,37,49,49,0.6111111111111112,0.43023255813953487,114
2023-04-09,1041,119,86,86,46,33,40,0.7226890756302521,0.5348837209302325,132
2023-04-10,1041,126,101,65,39,25,26,0.8015873015873016,0.6,140
2023-04-11,1041,121,92,50,30,29,20,0.7603305785123967,0.6,122
2023-04-12,1041,114,80,69,40,34,29,0.7017543859649122,0.5797101449275363,120
2023-04-13,1041,109,82,72,57,27,15,0.7522935779816514,0.7916666666666666,139
2023-04-14,1041,105,94,71,32,11,39,0.8952380952380953,0.4507042253521127,126
2023-04-15,1041,116,85,70,35,31,35,0.7327586206896551,0.5,120
2023-04-16,1041,110,99,74,36,11,38,0.9,0.4864864864864865,135
2023-04-17,1041,130,89,77,25,41,52,0.6846153846153846,0.3246753246753247,114
2023-04-18,1041,126,75,56,40,51,16,0.5952380952380952,0.7142857142857143,115
2023-04-19,1041,117,88,89,39,29,50,0.7521367521367521,0.43820224719101125,127
2023-04-20,1041,131,86,68,44,45,24,0.6564885496183206,0.6470588235294118,130
2023-04-21,1041,148,86,80,32,62,48,0.581081081081081,0.4,118
2023-04-22,1041,132,90,85,52,42,33,0.6818181818181818,0.611764705882353,142
2023-04-23,1041,117,84,73,40,33,33,0.717948717948718,0.547945205479452,124
2023-04-24,1041,113,71,100,42,42,58,0.6283185840707964,0.42,113
2023-04-25,1041,117,76,100,47,41,53,0.6495726495726496,0.47,123
2023-04-26,1041,132,82,91,48,50,43,0.6212121212121212,0.5274725274725275,130
2023-04-27,1041,133,91,57,57,42,0,0.6842105263157895,1,148
2023-04-28,1041,130,95,70,38,35,32,0.7307692307692307,0.5428571428571428,133
2023-04-29,1041,113,95,78,33,18,45,0.8407079646017699,0.4230769230769231,128
2023-04-30,1041,130,69,75,25,61,50,0.5307692307692308,0.3333333333333333,94
2023-05-01,1041,105,86,79,42,19,37,0.819047619047619,0.5316455696202531,128
2023-05-02,1041,136,76,89,42,60,47,0.5588235294117647,0.47191011235955055,118
2023-05-03,1041,138,87,98,43,51,55,0.6304347826086957,0.4387755102040816,130
2023-05-04,1041,124,93,79,52,31,27,0.75,0.6582278481012658,145
2023-05-05,1041,138,67,65,33,71,32,0.4855072463768116,0.5076923076923077,100
2023-05-06,1041,140,80,87,27,60,60,0.5714285714285714,0.3103448275862069,107
2023-05-07,1041,150,69,93,51,81,42,0.46,0.5483870967741935,120
2023-05-08,1041,114,79,52,36,35,16,0.6929824561403509,0.6923076923076923,115
2023-05-09,1041,117,86,53,39,31,14,0.7350427350427351,0.7358490566037735,125
2023-05-10,1041,100,81,51,43,19,8,0.81,0.8431372549019608,124
2023-05-11,1041,140,79,76,45,61,31,0.5642857142857143,0.5921052631578947,124
2023-05-12,1041,142,62,66,39,80,27,0.43661971830985913,0.5909090909090909,101
2023-05-13,1041,114,63,78,34,51,44,0.5526315789473685,0.4358974358974359,97
2023-05-14,1041,127,73,62,38,54,24,0.5748031496062992,0.6129032258064516,111
2023-05-15,1041,149,82,60,41,67,19,0.5503355704697986,0.6833333333333333,123
2023-05-16,1041,138,69,77,46,69,31,0.5,0.5974025974025974,115
2023-05-17,1041,126,81,67,49,45,18,0.6428571428571429,0.7313432835820896,130
2023-05-18,1041,150,72,82,43,78,39,0.48,0.524390243902439,115
2023-05-19,1041,109,77,79,36,32,43,0.7064220183486238,0.45569620253164556,113
2023-05-20,1041,148,73,82,51,75,31,0.49324324324324326,0.6219512195121951,124
2023-05-21,1041,128,91,92,38,37,54,0.7109375,0.41304347826086957,129
2023-05-22,1041,114,88,59,36,26,23,0.7719298245614035,0.6101694915254238,124
2023-05-23,1041,134,80,77,41,54,36,0.5970149253731343,0.5324675324675324,121
2023-05-24,1041,130,71,74,35,59,39,0.5461538461538461,0.47297297297297297,106
2023-05-25,1041,127,70,53,38,57,15,0.5511811023622047,0.71698113207547165,108
2023-05-26,1041,122,79,97,42,43,55,0.6475409836065574,0.4329896907216495,121
2023-05-27,1041,127,69,61,44,58,17,0.5433070866141733,0.7213114754098361,113
2023-05-28,1041,111,74,72,29,37,43,0.6666666666666666,0.4027777777777778,103
2023-05-29,1041,119,67,53,44,52,9,0.5630252100840336,0.8301886792452831,111
2023-05-30,1041,106,87,83,50,19,33,0.8207547169811321,0.6024096385542169,137
2023-05-31,1041,135,84,68,47,51,21,0.6222222222222222,0.6911764705882353,131
2023-06-01,1041,111,81,100,47,30,53,0.7297297297297297,0.47,128
2023-06-02,1041,131,92,95,34,39,61,0.7022900763358778,0.35789473684210527,126
2023-06-03,1041,110,67,68,28,43,40,0.6090909090909091,0.4117647058823529,95
2023-06-04,1041,101,69,50,36,32,14,0.6831683168316832,0.72,105
2023-06-05,1041,109,73,55,32,36,23,0.6697247706422018,0.5818181818181818,105
2023-06-06,1041,122,63,77,45,59,32,0.5163934426229508,0.5844155844155844,108
2023-06-07,1041,141,71,52,43,70,9,0.5035460992907801,0.8269230769230769,114
2023-06-08,1041,144,84,72,37,60,35,0.5833333333333334,0.5138888888888888,121
2023-06-09,1041,145,72,85,48,73,37,0.496551724137931,0.5647058823529412,120
2023-06-10,1041,135,80,100,30,55,70,0.5925925925925926,0.3,110
2023-06-11,1041,128,78,54,40,50,14,0.609375,0.7407407407407407,118
2023-06-12,1041,144,75,89,38,69,51,0.5208333333333334,0.42696629213483145,113
2023-06-13,1041,125,68,95,42,57,53,0.544,0.4421052631578947,110
2023-06-14,1041,101,86,90,43,15,47,0.8514851485148515,0.4777777777777778,129
2023-06-15,1041,130,83,86,37,47,49,0.6384615384615384,0.43023255813953487,120
2023-06-16,1041,114,59,69,41,55,28,0.5175438596491229,0.5942028985507246,100
2023-06-17,1041,136,86,53,29,50,24,0.6323529411764706,0.5471698113207547,115
2023-06-18,1041,121,103,71,34,18,37,0.8512396694214877,0.4788732394366197,137
2023-06-19,1041,125,81,81,46,44,35,0.648,0.5679012345679012,127
2023-06-20,1041,110,94,91,53,16,38,0.8545454545454545,0.5824175824175825,147
2023-06-21,1041,148,94,97,34,54,63,0.6351351351351351,0.35051546391752575,128
2023-06-22,1041,128,76,80,37,52,43,0.59375,0.4625,113
2023-06-23,1041,101,80,52,46,21,6,0.7920792079207921,0.8846153846153846,126
2023-06-24,1041,117,79,56,36,38,20,0.6752136752136753,0.6428571428571429,115
2023-06-25,1041,112,80,73,35,32,38,0.7142857142857143,0.4794520547945205,115
2023-06-26,1041,131,100,96,47,31,49,0.7633587786259542,0.4895833333333333,147
2023-06-27,1041,150,89,93,37,61,56,0.5933333333333334,0.3978494623655914,126
2023-06-28,1041,122,67,59,38,55,21,0.5491803278688525,0.6440677966101694,105
2023-06-29,1041,142,83,60,47,59,13,0.5845070422535211,0.7833333333333333,130
2023-06-30,1041,116,82,84,41,34,43,0.7068965517241379,0.4880952380952381,123
2023-07-01,1041,114,70,60,38,44,22,0.6140350877192983,0.6333333333333333,108
2023-07-02,1041,142,60,81,33,82,48,0.4225352112676056,0.4074074074074074,93
2023-07-03,1041,113,88,60,46,25,14,0.7787610619469026,0.7666666666666667,134
2023-07-04,1041,116,67,58,39,49,19,0.5775862068965517,0.6724137931034483,106
2023-07-05,1041,122,100,56,36,22,20,0.819672131147541,0.6428571428571429,136
2023-07-06,1041,145,94,57,45,51,12,0.6482758620689655,0.7894736842105263,139
2023-07-07,1041,109,89,100,45,20,55,0.8165137614678899,0.45,134
2023-07-08,1041,100,84,65,31,16,34,0.84,0.47692307692307695,115
2023-07-09,1041,131,91,69,50,40,19,0.6946564885496184,0.7246376811594203,141
2023-07-10,1041,123,69,93,36,54,57,0.5609756097560976,0.3870967741935484,105
2023-07-11,1041,136,75,57,34,61,23,0.5514705882352942,0.5964912280701754,109
2023-07-12,1041,130,82,86,48,48,38,0.6307692307692307,0.5581395348837209,130
2023-07-13,1041,107,87,76,47,20,29,0.8130841121495327,0.618421052631579,134
2023-07-14,1041,127,78,69,50,49,19,0.6141732283464567,0.7246376811594203,128
2023-07-15,1041,142,78,63,39,64,24,0.5492957746478874,0.6190476190476191,117
2023-07-16,1041,122,85,94,32,37,62,0.6967213114754098,0.3404255319148936,117
2023-07-17,1041,120,76,56,41,44,15,0.6333333333333333,0.7321428571428571,117
2023-07-18,1041,123,80,55,33,43,22,0.6504065040650406,0.6,113
2023-07-19,1041,128,76,94,39,52,55,0.59375,0.4148936170212766,115
2023-07-20,1041,123,83,73,36,40,37,0.6747967479674797,0.4931506849315068,119
2023-07-21,1041,130,75,91,42,55,49,0.5769230769230769,0.46153846153846156,117
2023-07-22,1041,110,63,90,47,47,43,0.5727272727272728,0.5222222222222223,110
2023-07-23,1041,104,98,61,48,6,13,0.9423076923076923,0.7868852459016393,146
2023-07-24,1041,125,85,73,33,40,40,0.68,0.4520547945205479,118
2023-07-25,1041,130,83,78,34,47,44,0.6384615384615384,0.4358974358974359,117
2023-07-26,1041,103,83,62,34,20,28,0.8058252427184466,0.5483870967741935,117
2023-07-27,1041,105,88,85,34,17,51,0.8380952380952381,0.4,122
2023-07-28,1041,110,78,73,44,32,29,0.7090909090909091,0.6027397260273972,122
2023-07-29,1041,139,65,61,32,74,29,0.4676258992805755,0.5245901639344263,97
2023-07-30,1041,149,89,87,38,60,49,0.5973154362416108,0.4367816091954023,127
2023-07-31,1041,101,81,58,33,20,25,0.801980198019802,0.5689655172413793,114
2023-08-01,1041,141,73,57,42,68,15,0.5177304964539007,0.7368421052631579,115
2023-08-02,1041,120,73,70,26,47,44,0.6083333333333333,0.37142857142857144,99
2023-08-03,1041,125,94,99,43,31,56,0.752,0.43434343434343436,137
2023-08-04,1041,109,85,88,32,24,56,0.7798165137614679,0.36363636363636365,117
2023-08-05,1041,136,84,90,29,52,61,0.6176470588235294,0.32222222222222224,113
2023-08-06,1041,147,87,82,32,60,50,0.5918367346938775,0.3902439024390244,119
2023-08-07,1041,103,76,92,42,27,50,0.7378640776699029,0.45652173913043476,118
2023-08-08,1041,140,92,82,43,48,39,0.6571428571428571,0.524390243902439,135
2023-08-09,1041,145,82,58,42,63,16,0.5655172413793104,0.7241379310344828,124
2023-08-10,1041,145,90,71,51,55,20,0.6206896551724138,0.7183098591549296,141
2023-08-11,1041,106,92,87,48,14,39,0.8679245283018868,0.5517241379310345,140
2023-08-12,1041,120,77,99,32,43,67,0.6416666666666667,0.32323232323232326,109
2023-08-13,1041,139,78,93,39,61,54,0.5611510791366906,0.41935483870967744,117
2023-08-14,1041,126,89,72,54,37,18,0.7063492063492064,0.75,143
2023-08-15,1041,117,66,62,42,51,20,0.5641025641025641,0.6774193548387096,108
2023-08-16,1041,100,90,72,42,10,30,0.9,0.5833333333333334,132
2023-08-17,1041,146,75,89,32,71,57,0.5136986301369864,0.3595505617977528,107
2023-08-18,1041,115,92,92,48,23,44,0.8,0.5217391304347826,140
2023-08-19,1041,145,78,59,24,67,35,0.5379310344827586,0.4067796610169492,102
2023-08-20,1041,135,69,71,38,66,33,0.5111111111111111,0.5352112676056338,107
2023-08-21,1041,143,73,62,43,70,19,0.5104895104895105,0.6935483870967742,116
2023-08-22,1041,101,64,67,39,37,28,0.6336633663366337,0.582089552238806,103
2023-08-23,1041,126,89,77,40,37,37,0.7063492063492064,0.5194805194805194,129
2023-08-24,1041,142,73,84,34,69,50,0.5140845070422535,0.40476190476190477,107
2023-08-25,1041,109,62,70,42,47,28,0.5688073394495413,0.6,104
2023-08-26,1041,134,72,75,34,62,41,0.5373134328358209,0.4533333333333333,106
2023-08-27,1041,134,82,58,37,52,21,0.6119402985074627,0.6379310344827587,119
2023-08-28,1041,100,73,79,37,27,42,0.73,0.46835443037974683,110
2023-08-29,1041,112,78,100,39,34,61,0.6964285714285714,0.39,117
2023-08-30,1041,140,81,80,43,59,37,0.5785714285714286,0.5375,124
2023-08-31,1041,115,66,74,32,49,42,0.5739130434782609,0.43243243243243246,98
2023-09-01,1041,111,82,72,41,29,31,0.7387387387387387,0.5694444444444444,123
2023-09-02,1041,145,69,88,39,76,49,0.47586206896551725,0.4431818181818182,108
2023-09-03,1041,133,79,97,36,54,61,0.5939849624060151,0.3711340206185567,115
2023-09-04,1041,145,81,69,37,64,32,0.5586206896551724,0.5362318840579711,118
2023-09-05,1041,150,80,53,31,70,22,0.5333333333333333,0.5849056603773585,111
2023-09-06,1041,113,86,74,39,27,35,0.7610619469026548,0.527027027027027,125
2023-09-07,1041,133,71,70,39,62,31,0.5338345864661654,0.5571428571428572,110
2023-09-08,1041,118,73,76,50,45,26,0.6186440677966102,0.6578947368421053,123
2023-09-09,1041,120,75,78,51,45,27,0.625,0.6538461538461539,126
2023-09-10,1041,137,96,88,38,41,50,0.7007299270072993,0.4318181818181818,134
2023-09-11,1041,147,81,91,43,66,48,0.5510204081632653,0.4725274725274725,124
2023-09-12,1041,105,90,50,39,15,11,0.8571428571428571,0.78,129
2023-09-13,1041,113,83,73,44,30,29,0.7345132743362832,0.6027397260273972,127
2023-09-14,1041,132,83,72,36,49,36,0.6287878787878788,0.5,119
2023-09-15,1041,111,81,99,39,30,60,0.7297297297297297,0.3939393939393939,120
2023-09-16,1041,116,89,71,39,27,32,0.7672413793103449,0.5492957746478874,128
2023-09-17,1041,148,75,51,28,73,23,0.5067567567567568,0.5490196078431373,103
2023-09-18,1041,109,76,82,37,33,45,0.6972477064220184,0.45121951219512196,113
2023-09-19,1041,108,78,100,41,30,59,0.7222222222222222,0.41,119
2023-09-20,1041,143,75,76,38,68,38,0.5244755244755245,0.5,113
2023-09-21,1041,105,80,85,38,25,47,0.7619047619047619,0.4470588235294118,118
2023-09-22,1041,113,66,67,43,47,24,0.584070796460177,0.6417910447761194,109
2023-09-23,1041,133,86,73,49,47,24,0.6466165413533834,0.6712328767123288,135
2023-09-24,1041,137,72,100,51,65,49,0.5255474452554745,0.51,123
2023-09-25,1041,126,89,98,37,37,61,0.7063492063492064,0.37755102040816324,126
2023-09-26,1041,142,84,95,31,58,64,0.5915492957746479,0.3263157894736842,115
2023-09-27,1041,102,69,71,32,33,39,0.6764705882352942,0.4507042253521127,101
2023-09-28,1041,130,73,61,56,57,5,0.5615384615384615,0.9180327868852459,129
2023-09-29,1041,135,96,97,44,39,53,0.7111111111111111,0.4536082474226804,140
2023-09-30,1041,132,71,63,33,61,30,0.5378787878787878,0.5238095238095238,104
2023-10-01,1041,111,85,87,55,26,32,0.7657657657657657,0.632183908045977,140
2023-10-02,1041,141,75,56,29,66,27,0.5319148936170213,0.5178571428571429,104
2023-10-03,1041,101,80,100,42,21,58,0.7920792079207921,0.42,122
2023-10-04,1041,136,92,57,48,44,9,0.6764705882352942,0.8421052631578947,140
2023-10-05,1041,121,93,92,40,28,52,0.768595041322314,0.43478260869565216,133
2023-10-06,1041,105,75,85,37,30,48,0.7142857142857143,0.43529411764705883,112
2023-10-07,1041,111,85,52,34,26,18,0.7657657657657657,0.6538461538461539,119
2023-10-08,1041,111,84,66,46,27,20,0.7567567567567568,0.696969696969697,130
2023-10-09,1041,117,75,69,44,42,25,0.6410256410256411,0.6376811594202898,119
2023-10-10,1041,115,99,65,36,16,29,0.8608695652173913,0.5538461538461539,135
2023-10-11,1041,132,83,52,34,49,18,0.6287878787878788,0.6538461538461539,117
2023-10-12,1041,144,78,55,39,66,16,0.5416666666666666,0.7090909090909091,117
2023-10-13,1041,141,73,83,41,68,42,0.5177304964539007,0.4939759036144578,114
2023-10-14,1041,133,72,98,36,61,62,0.5413533834586466,0.3673469387755102,108
2023-10-15,1041,114,83,60,44,31,16,0.7280701754385965,0.7333333333333333,127
2023-10-16,1041,144,83,95,39,61,56,0.5763888888888888,0.4105263157894737,122
2023-10-17,1041,150,90,99,43,60,56,0.6,0.43434343434343436,133
2023-10-18,1041,132,71,57,37,61,20,0.5378787878787878,0.6491228070175439,108
2023-10-19,1041,121,94,73,25,27,48,0.7768595041322314,0.3424657534246575,119
2023-10-20,1041,121,77,52,43,44,9,0.6363636363636364,0.8269230769230769,120
2023-10-21,1041,114,81,65,52,33,13,0.7105263157894737,0.8,133
2023-10-22,1041,102,94,78,34,8,44,0.9215686274509803,0.4358974358974359,128
2023-10-23,1041,106,62,83,29,44,54,0.5849056603773585,0.3493975903614458,91
2023-10-24,1041,103,86,57,36,17,21,0.8349514563106796,0.631578947368421,122
2023-10-25,1041,103,69,69,33,34,36,0.6699029126213593,0.4782608695652174,102
2023-10-26,1041,126,78,76,51,48,25,0.6190476190476191,0.6710526315789473,129
2023-10-27,1041,150,82,80,37,68,43,0.5466666666666666,0.4625,119
2023-10-28,1041,104,80,76,43,24,33,0.7692307692307693,0.5657894736842105,123
2023-10-29,1041,120,81,65,41,39,24,0.675,0.6307692307692307,122
2023-10-30,1041,127,66,94,38,61,56,0.5196850393700787,0.40425531914893614,104
2023-10-31,1041,133,78,66,38,55,28,0.5864661654135338,0.5757575757575758,116
2023-11-01,1041,120,65,51,30,55,21,0.5416666666666666,0.5882352941176471,95
2023-11-02,1041,133,74,60,46,59,14,0.556390977443609,0.7666666666666667,120
2023-11-03,1041,101,62,72,35,39,37,0.6138613861386139,0.4861111111111111,97
2023-11-04,1041,115,77,54,46,38,8,0.6695652173913044,0.8518518518518519,123
2023-11-05,1041,126,81,62,46,45,16,0.6428571428571429,0.7419354838709677,127
2023-11-06,1041,141,82,77,37,59,40,0.5815602836879432,0.4805194805194805,119
2023-11-07,1041,134,85,85,44,49,41,0.6343283582089553,0.5176470588235295,129
2023-11-08,1041,119,83,92,43,36,49,0.6974789915966386,0.4673913043478261,126
2023-11-09,1041,125,90,80,32,35,48,0.72,0.4,122
2023-11-10,1041,112,80,52,38,32,14,0.7142857142857143,0.7307692307692307,118
2023-11-11,1041,104,75,98,43,29,55,0.7211538461538461,0.4387755102040816,118
2023-11-12,1041,139,80,80,36,59,44,0.5755395683453237,0.45,116
2023-11-13,1041,116,71,80,41,45,39,0.6120689655172413,0.5125,112
2023-11-14,1041,129,98,68,39,31,29,0.7596899224806202,0.5735294117647058,137
2023-11-15,1041,143,86,92,39,57,53,0.6013986013986014,0.42391304347826086,125
2023-11-16,1041,103,82,59,38,21,21,0.7961165048543689,0.6440677966101694,120
2023-11-17,1041,143,85,52,32,58,20,0.5944055944055944,0.6153846153846154,117
2023-11-18,1041,112,78,73,42,34,31,0.6964285714285714,0.5753424657534246,120
2023-11-19,1041,142,82,95,32,60,63,0.5774647887323944,0.3368421052631579,114
2023-11-20,1041,114,69,74,32,45,42,0.6052631578947368,0.43243243243243246,101
2023-11-21,1041,106,96,94,44,10,50,0.9056603773584906,0.46808510638297873,140
2023-11-22,1041,107,100,71,37,7,34,0.9345794392523364,0.5211267605633803,137
2023-11-23,1041,122,93,90,30,29,60,0.7622950819672131,0.3333333333333333,123
2023-11-24,1041,105,90,66,40,15,26,0.8571428571428571,0.6060606060606061,130
2023-11-25,1041,138,75,90,45,63,45,0.5434782608695652,0.5,120
2023-11-26,1041,146,81,83,48,65,35,0.5547945205479452,0.5783132530120482,129
2023-11-27,1041,145,79,95,46,66,49,0.5448275862068965,0.4842105263157895,125
2023-11-28,1041,139,85,77,47,54,30,0.6115107913669064,0.6103896103896104,132
2023-11-29,1041,142,79,71,38,63,33,0.5563380281690141,0.5352112676056338,117
2023-11-30,1041,108,85,82,43,23,39,0.7870370370370371,0.524390243902439,128
2023-12-01,1041,146,64,73,29,82,44,0.4383561643835616,0.3972602739726027,93
2023-12-02,1041,135,81,99,32,54,67,0.6,0.32323232323232326,113
2023-12-03,1041,121,70,62,44,51,18,0.5785123966942148,0.7096774193548387,114
2023-12-04,1041,136,70,100,43,66,57,0.5147058823529411,0.43,113
2023-12-05,1041,112,72,88,40,40,48,0.6428571428571429,0.45454545454545453,112
2023-12-06,1041,127,86,92,36,41,56,0.6771653543307087,0.391304347826087,122
2023-12-07,1041,108,85,57,38,23,19,0.7870370370370371,0.6666666666666666,123
2023-12-08,1041,149,85,62,33,64,29,0.5704697986577181,0.532258064516129,118
2023-12-09,1041,104,79,87,41,25,46,0.7596153846153846,0.47126436781609193,120
2023-12-10,1041,136,78,69,45,58,24,0.5735294117647058,0.6521739130434783,123
2023-12-11,1041,144,77,64,29,67,35,0.5347222222222222,0.453125,106
2023-12-12,1041,137,69,61,37,68,24,0.5036496350364964,0.6065573770491803,106
2023-12-13,1041,147,100,59,40,47,19,0.6802721088435374,0.6779661016949152,140
2023-12-14,1041,135,102,56,41,33,15,0.7555555555555555,0.7321428571428571,143
2023-12-15,1041,143,83,56,42,60,14,0.5804195804195804,0.75,125
2023-12-16,1041,147,69,50,44,78,6,0.46938775510204084,0.88,113
2023-12-17,1041,122,87,89,33,35,56,0.7131147540983607,0.3707865168539326,120
2023-12-18,1041,138,77,68,45,61,23,0.5579710144927537,0.6617647058823529,122
2023-12-19,1041,133,75,50,28,58,22,0.5639097744360902,0.56,103
2023-12-20,1041,133,84,73,35,49,38,0.631578947368421,0.4794520547945205,119
2023-12-21,1041,132,84,93,34,48,59,0.6363636363636364,0.3655913978494624,118
2023-12-22,1041,134,70,93,42,64,51,0.5223880597014925,0.45161290322580644,112
2023-12-23,1041,117,83,100,38,34,62,0.7094017094017094,0.38,121
2023-12-24,1041,136,79,77,34,57,43,0.5808823529411765,0.44155844155844154,113
2023-12-25,1041,111,82,95,43,29,52,0.7387387387387387,0.45263157894736844,125
2023-12-26,1041,147,71,91,33,76,58,0.48299319727891155,0.3626373626373626,104
2023-12-27,1041,114,75,84,40,39,44,0.6578947368421053,0.47619047619047616,115
2023-12-28,1041,128,76,55,40,52,15,0.59375,0.7272727272727273,116
2023-12-29,1041,116,78,58,35,38,23,0.6724137931034483,0.603448275862069,113
2023-12-30,1041,148,104,70,39,44,31,0.7027027027027027,0.5571428571428572,143
2023-12-31,1041,122,79,68,37,43,31,0.6475409836065574,0.5441176470588235,116
2023-01-01,1042,136,80,52,50,56,2,0.5882352941176471,0.9615384615384616,130
2023-01-02,1042,144,86,66,54,58,12,0.5972222222222222,0.8181818181818182,140
2023-01-03,1042,134,87,90,47,47,43,0.6492537313432836,0.5222222222222223,134
2023-01-04,1042,147,82,96,42,65,54,0.5578231292517006,0.4375,124
2023-01-05,1042,101,79,90,39,22,51,0.7821782178217822,0.43333333333333335,118
2023-01-06,1042,120,82,77,39,38,38,0.6833333333333333,0.5064935064935064,121
2023-01-07,1042,131,71,86,34,60,52,0.5419847328244275,0.3953488372093023,105
2023-01-08,1042,137,66,90,41,71,49,0.48175182481751827,0.45555555555555555,107
2023-01-09,1042,107,93,66,41,14,25,0.8691588785046729,0.6212121212121212,134
2023-01-10,1042,113,73,57,35,40,22,0.6460176991150443,0.6140350877192983,108
2023-01-11,1042,136,83,62,38,53,24,0.6102941176470589,0.6129032258064516,121
2023-01-12,1042,138,90,88,35,48,53,0.6521739130434783,0.3977272727272727,125
2023-01-13,1042,102,84,52,51,18,1,0.8235294117647058,0.9807692307692307,135
2023-01-14,1042,137,76,69,42,61,27,0.5547445255474452,0.6086956521739131,118
2023-01-15,1042,110,93,57,38,17,19,0.8454545454545455,0.6666666666666666,131
2023-01-16,1042,121,71,70,38,50,32,0.5867768595041323,0.5428571428571428,109
2023-01-17,1042,127,60,71,47,67,24,0.47244094488188976,0.6619718309859155,107
2023-01-18,1042,110,77,81,49,33,32,0.7,0.6049382716049383,126
2023-01-19,1042,148,72,78,48,76,30,0.4864864864864865,0.6153846153846154,120
2023-01-20,1042,103,81,78,36,22,42,0.7864077669902912,0.46153846153846156,117
2023-01-21,1042,147,72,70,44,75,26,0.4897959183673469,0.6285714285714286,116
2023-01-22,1042,113,98,56,43,15,13,0.8672566371681416,0.7678571428571429,141
2023-01-23,1042,104,71,81,47,33,34,0.6826923076923077,0.5802469135802469,118
2023-01-24,1042,120,70,98,42,50,56,0.5833333333333334,0.42857142857142855,112
2023-01-25,1042,120,67,86,33,53,53,0.5583333333333333,0.38372093023255816,100
2023-01-26,1042,144,68,76,50,76,26,0.4722222222222222,0.6578947368421053,118
2023-01-27,1042,104,73,63,47,31,16,0.7019230769230769,0.746031746031746,120
2023-01-28,1042,147,75,98,45,72,53,0.5102040816326531,0.45918367346938777,120
2023-01-29,1042,150,93,81,38,57,43,0.62,0.4691358024691358,131
2023-01-30,1042,112,68,95,41,44,54,0.6071428571428571,0.43157894736842106,109
2023-01-31,1042,142,74,62,46,68,16,0.5211267605633803,0.7419354838709677,120
2023-02-01,1042,115,74,77,41,41,36,0.6434782608695652,0.5324675324675324,115
2023-02-02,1042,149,81,100,30,68,70,0.5436241610738255,0.3,111
2023-02-03,1042,122,73,73,53,49,20,0.5983606557377049,0.726027397260274,126
2023-02-04,1042,114,83,84,44,31,40,0.7280701754385965,0.5238095238095238,127
2023-02-05,1042,110,88,81,37,22,44,0.8,0.4567901234567901,125
2023-02-06,1042,118,89,66,38,29,28,0.7542372881355932,0.5757575757575758,127
2023-02-07,1042,131,86,89,36,45,53,0.6564885496183206,0.4044943820224719,122
2023-02-08,1042,144,68,70,38,76,32,0.4722222222222222,0.5428571428571428,106
2023-02-09,1042,108,79,82,41,29,41,0.7314814814814815,0.5,120
2023-02-10,1042,115,77,93,36,38,57,0.6695652173913044,0.3870967741935484,113
2023-02-11,1042,129,84,72,36,45,36,0.6511627906976745,0.5,120
2023-02-12,1042,150,79,77,44,71,33,0.5266666666666666,0.5714285714285714,123
2023-02-13,1042,107,83,74,41,24,33,0.7757009345794392,0.5540540540540541,124
2023-02-14,1042,141,81,60,32,60,28,0.574468085106383,0.5333333333333333,113
2023-02-15,1042,130,84,82,42,46,40,0.6461538461538462,0.5121951219512195,126
2023-02-16,1042,111,74,62,26,37,36,0.6666666666666666,0.41935483870967744,100
2023-02-17,1042,144,84,94,48,60,46,0.5833333333333334,0.5106382978723404,132
2023-02-18,1042,138,82,80,40,56,40,0.5942028985507246,0.5,122
2023-02-19,1042,149,75,89,29,74,60,0.5033557046979866,0.3258426966292135,104
2023-02-20,1042,120,84,99,47,36,52,0.7,0.47474747474747475,131
2023-02-21,1042,101,87,98,39,14,59,0.8613861386138614,0.3979591836734694,126
2023-02-22,1042,108,73,90,46,35,44,0.6759259259259259,0.5111111111111111,119
2023-02-23,1042,148,76,90,44,72,46,0.5135135135135135,0.4888888888888889,120
2023-02-24,1042,112,75,55,42,37,13,0.6696428571428571,0.7636363636363637,117
2023-02-25,1042,125,82,69,32,43,37,0.656,0.463768115942029,114
2023-02-26,1042,139,70,86,42,69,44,0.5035971223021583,0.4883720930232558,112
2023-02-27,1042,144,75,68,34,69,34,0.5208333333333334,0.5,109
2023-02-28,1042,137,71,85,43,66,42,0.5182481751824818,0.5058823529411764,114
2023-03-01,1042,137,100,87,43,37,44,0.7299270072992701,0.4942528735632184,143
2023-03-02,1042,101,74,59,41,27,18,0.7326732673267327,0.6949152542372882,115
2023-03-03,1042,122,86,62,47,36,15,0.7049180327868853,0.7580645161290323,133
2023-03-04,1042,131,99,76,40,32,36,0.7557251908396947,0.5263157894736842,139
2023-03-05,1042,150,89,56,34,61,22,0.5933333333333334,0.6071428571428571,123
2023-03-06,1042,126,64,54,53,62,1,0.5079365079365079,0.9814814814814815,117
2023-03-07,1042,137,77,90,32,60,58,0.5620437956204379,0.35555555555555557,109
2023-03-08,1042,132,72,99,33,60,66,0.5454545454545454,0.3333333333333333,105
2023-03-09,1042,141,78,90,42,63,48,0.5531914893617021,0.4666666666666667,120
2023-03-10,1042,103,74,70,43,29,27,0.7184466019417476,0.6142857142857143,117
2023-03-11,1042,106,79,53,39,27,14,0.7452830188679245,0.7358490566037735,118
2023-03-12,1042,142,65,100,36,77,64,0.45774647887323944,0.36,101
2023-03-13,1042,148,92,88,52,56,36,0.6216216216216216,0.5909090909090909,144
2023-03-14,1042,144,88,76,42,56,34,0.6111111111111112,0.5526315789473685,130
2023-03-15,1042,115,97,67,42,18,25,0.8434782608695652,0.6268656716417911,139
2023-03-16,1042,123,79,93,35,44,58,0.6422764227642277,0.3763440860215054,114
2023-03-17,1042,115,89,65,34,26,31,0.7739130434782608,0.5230769230769231,123
2023-03-18,1042,108,84,57,33,24,24,0.7777777777777778,0.5789473684210527,117
2023-03-19,1042,119,81,89,44,38,45,0.680672268907563,0.4943820224719101,125
2023-03-20,1042,109,81,73,41,28,32,0.7431192660550459,0.5616438356164384,122
2023-03-21,1042,127,82,90,35,45,55,0.6456692913385826,0.3888888888888889,117
2023-03-22,1042,130,84,99,41,46,58,0.6461538461538462,0.41414141414141414,125
2023-03-23,1042,121,87,90,41,34,49,0.71900826446281,0.45555555555555555,128
2023-03-24,1042,116,84,81,30,32,51,0.7241379310344828,0.37037037037037035,114
2023-03-25,1042,127,71,65,40,56,25,0.5590551181102362,0.6153846153846154,111
2023-03-26,1042,122,79,86,46,43,40,0.6475409836065574,0.5348837209302325,125
2023-03-27,1042,144,88,56,31,56,25,0.6111111111111112,0.5535714285714286,119
2023-03-28,1042,112,73,63,34,39,29,0.6517857142857143,0.5396825396825397,107
2023-03-29,1042,136,89,92,38,47,54,0.6544117647058824,0.41304347826086957,127
2023-03-30,1042,115,77,99,31,38,68,0.6695652173913044,0.31313131313131315,108
2023-03-31,1042,130,63,67,29,67,38,0.4846153846153846,0.43283582089552236,92
2023-04-01,1042,110,80,68,39,30,29,0.7272727272727273,0.5735294117647058,119
2023-04-02,1042,113,76,93,39,37,54,0.672566371681416,0.41935483870967744,115
2023-04-03,1042,116,70,85,45,46,40,0.603448275862069,0.5294117647058824,115
2023-04-04,1042,110,85,55,55,25,0,0.7727272727272727,1,140
2023-04-05,1042,106,77,84,32,29,52,0.7264150943396226,0.38095238095238093,109
2023-04-06,1042,103,73,80,37,30,43,0.7087378640776699,0.4625,110
2023-04-07,1042,130,77,64,42,53,22,0.5923076923076923,0.65625,119
2023-04-08,1042,124,86,82,42,38,40,0.6935483870967742,0.5121951219512195,128
2023-04-09,1042,111,81,87,44,30,43,0.7297297297297297,0.5057471264367817,125
2023-04-10,1042,103,75,72,43,28,29,0.7281553398058253,0.5972222222222222,118
2023-04-11,1042,107,75,73,46,32,27,0.7009345794392523,0.6301369863013698,121
2023-04-12,1042,114,89,51,43,25,8,0.7807017543859649,0.8431372549019608,132
2023-04-13,1042,121,85,84,51,36,33,0.7024793388429752,0.6071428571428571,136
2023-04-14,1042,116,78,75,41,38,34,0.6724137931034483,0.5466666666666666,119
2023-04-15,1042,145,91,51,30,54,21,0.6275862068965518,0.5882352941176471,121
2023-04-16,1042,115,75,53,40,40,13,0.6521739130434783,0.7547169811320755,115
2023-04-17,1042,123,65,90,34,58,56,0.5284552845528455,0.37777777777777777,99
2023-04-18,1042,139,72,59,52,67,7,0.5179856115107914,0.8813559322033898,124
2023-04-19,1042,135,74,56,34,61,22,0.5481481481481482,0.6071428571428571,108
2023-04-20,1042,145,83,91,36,62,55,0.5724137931034483,0.3956043956043956,119
2023-04-21,1042,108,79,53,40,29,13,0.7314814814814815,0.7547169811320755,119
2023-04-22,1042,143,60,82,33,83,49,0.4195804195804196,0.4024390243902439,93
2023-04-23,1042,104,74,93,38,30,55,0.7115384615384616,0.40860215053763443,112
2023-04-24,1042,132,74,73,40,58,33,0.5606060606060606,0.547945205479452,114
2023-04-25,1042,132,64,86,53,68,33,0.48484848484848486,0.6162790697674418,117
2023-04-26,1042,112,79,84,22,33,62,0.7053571428571429,0.2619047619047619,101
2023-04-27,1042,120,85,76,34,35,42,0.7083333333333334,0.4473684210526316,119
2023-04-28,1042,113,76,86,38,37,48,0.672566371681416,0.4418604651162791,114
2023-04-29,1042,145,71,52,42,74,10,0.4896551724137931,0.8076923076923077,113
2023-04-30,1042,108,80,81,44,28,37,0.7407407407407407,0.5432098765432098,124
2023-05-01,1042,129,81,86,47,48,39,0.627906976744186,0.5465116279069767,128
2023-05-02,1042,115,85,96,30,30,66,0.7391304347826086,0.3125,115
2023-05-03,1042,124,83,86,56,41,30,0.6693548387096774,0.6511627906976745,139
2023-05-04,1042,147,103,75,33,44,42,0.7006802721088435,0.44,136
2023-05-05,1042,126,83,84,49,43,35,0.6587301587301587,0.5833333333333334,132
2023-05-06,1042,149,74,53,43,75,10,0.49664429530201343,0.8113207547169812,117
2023-05-07,1042,118,79,96,35,39,61,0.6694915254237288,0.3645833333333333,114
2023-05-08,1042,144,73,69,36,71,33,0.5069444444444444,0.5217391304347826,109
2023-05-09,1042,122,87,93,37,35,56,0.7131147540983607,0.3978494623655914,124
2023-05-10,1042,114,81,78,42,33,36,0.7105263157894737,0.5384615384615384,123
2023-05-11,1042,134,79,84,32,55,52,0.5895522388059702,0.38095238095238093,111
2023-05-12,1042,123,74,53,35,49,18,0.6016260162601627,0.660377358490566,109
2023-05-13,1042,106,84,65,36,22,29,0.7924528301886793,0.5538461538461539,120
2023-05-14,1042,113,97,68,37,16,31,0.8584070796460177,0.5441176470588235,134
2023-05-15,1042,121,75,61,40,46,21,0.6198347107438017,0.6557377049180327,115
2023-05-16,1042,142,89,99,48,53,51,0.6267605633802817,0.48484848484848486,137
2023-05-17,1042,124,80,53,44,44,9,0.6451612903225806,0.8301886792452831,124
2023-05-18,1042,107,94,66,41,13,25,0.8785046728971962,0.6212121212121212,135
2023-05-19,1042,146,86,100,37,60,63,0.589041095890411,0.37,123
2023-05-20,1042,122,86,95,38,36,57,0.7049180327868853,0.4,124
2023-05-21,1042,123,83,62,45,40,17,0.6747967479674797,0.7258064516129032,128
2023-05-22,1042,115,83,68,44,32,24,0.7217391304347827,0.6470588235294118,127
2023-05-23,1042,134,65,90,42,69,48,0.48507462686567165,0.4666666666666667,107
2023-05-24,1042,120,82,77,48,38,29,0.6833333333333333,0.6233766233766234,130
2023-05-25,1042,109,92,87,47,17,40,0.8440366972477065,0.5402298850574713,139
2023-05-26,1042,137,96,63,47,41,16,0.7007299270072993,0.746031746031746,143
2023-05-27,1042,124,66,58,37,58,21,0.532258064516129,0.6379310344827587,103
2023-05-28,1042,106,76,73,35,30,38,0.71698113207547165,0.4794520547945205,111
2023-05-29,1042,149,79,61,48,70,13,0.5302013422818792,0.7868852459016393,127
2023-05-30,1042,116,75,94,43,41,51,0.646551724137931,0.4574468085106383,118
2023-05-31,1042,120,81,53,44,39,9,0.675,0.8301886792452831,125
2023-06-01,1042,114,79,60,38,35,22,0.6929824561403509,0.6333333333333333,117
2023-06-02,1042,122,78,87,38,44,49,0.639344262295082,0.4367816091954023,116
2023-06-03,1042,140,84,68,34,56,34,0.6,0.5,118
2023-06-04,1042,129,69,64,33,60,31,0.5348837209302325,0.515625,102
2023-06-05,1042,111,65,58,44,46,14,0.5855855855855856,0.7586206896551724,109
2023-06-06,1042,109,90,75,32,19,43,0.8256880733944955,0.4266666666666667,122
2023-06-07,1042,138,77,62,31,61,31,0.5579710144927537,0.5,108
2023-06-08,1042,138,84,84,37,54,47,0.6086956521739131,0.44047619047619047,121
2023-06-09,1042,106,98,67,55,8,12,0.9245283018867925,0.8208955223880597,153
2023-06-10,1042,138,83,84,37,55,47,0.6014492753623188,0.44047619047619047,120
2023-06-11,1042,137,71,72,36,66,36,0.5182481751824818,0.5,107
2023-06-12,1042,144,71,55,33,73,22,0.4930555555555556,0.6,104
2023-06-13,1042,124,80,99,40,44,59,0.6451612903225806,0.40404040404040403,120
2023-06-14,1042,125,99,88,38,26,50,0.792,0.4318181818181818,137
2023-06-15,1042,126,96,71,42,30,29,0.7619047619047619,0.5915492957746479,138
2023-06-16,1042,110,79,98,44,31,54,0.7181818181818181,0.4489795918367347,123
2023-06-17,1042,113,81,57,38,32,19,0.7168141592920354,0.6666666666666666,119
2023-06-18,1042,133,75,66,34,58,32,0.5639097744360902,0.5151515151515151,109
2023-06-19,1042,100,74,82,38,26,44,0.74,0.4634146341463415,112
2023-06-20,1042,123,97,58,45,26,13,0.7886178861788617,0.7758620689655172,142
2023-06-21,1042,111,65,64,47,46,17,0.5855855855855856,0.734375,112
2023-06-22,1042,147,85,78,24,62,54,0.5782312925170068,0.3076923076923077,109
2023-06-23,1042,129,72,86,39,57,47,0.5581395348837209,0.45348837209302323,111
2023-06-24,1042,128,84,82,33,44,49,0.65625,0.4024390243902439,117
2023-06-25,1042,104,70,55,42,34,13,0.6730769230769231,0.7636363636363637,112
2023-06-26,1042,103,82,93,36,21,57,0.7961165048543689,0.3870967741935484,118
2023-06-27,1042,100,81,66,45,19,21,0.81,0.6818181818181818,126
2023-06-28,1042,133,61,52,41,72,11,0.45864661654135336,0.7884615384615384,102
2023-06-29,1042,112,88,52,43,24,9,0.7857142857142857,0.8269230769230769,131
2023-06-30,1042,125,86,94,50,39,44,0.688,0.5319148936170213,136
2023-07-01,1042,130,88,68,46,42,22,0.676923076923077,0.6764705882352942,134
2023-07-02,1042,100,90,63,43,10,20,0.9,0.6825396825396826,133
2023-07-03,1042,140,88,93,55,52,38,0.6285714285714286,0.5913978494623656,143
2023-07-04,1042,125,69,94,51,56,43,0.552,0.5425531914893617,120
2023-07-05,1042,104,83,89,44,21,45,0.7980769230769231,0.4943820224719101,127
2023-07-06,1042,150,64,56,36,86,20,0.4266666666666667,0.6428571428571429,100
2023-07-07,1042,103,74,62,35,29,27,0.7184466019417476,0.5645161290322581,109
2023-07-08,1042,137,82,61,49,55,12,0.5985401459854015,0.8032786885245902,131
2023-07-09,1042,123,87,65,37,36,28,0.7073170731707317,0.5692307692307692,124
2023-07-10,1042,131,94,96,37,37,59,0.7175572519083969,0.3854166666666667,131
2023-07-11,1042,112,81,53,41,31,12,0.7232142857142857,0.7735849056603774,122
2023-07-12,1042,145,69,64,30,76,34,0.47586206896551725,0.46875,99
2023-07-13,1042,124,85,57,36,39,21,0.6854838709677419,0.631578947368421,121
2023-07-14,1042,108,78,72,44,30,28,0.7222222222222222,0.6111111111111112,122
2023-07-15,1042,127,75,100,45,52,55,0.5905511811023622,0.45,120
2023-07-16,1042,144,60,53,34,84,19,0.4166666666666667,0.6415094339622641,94
2023-07-17,1042,119,86,59,30,33,29,0.7226890756302521,0.5084745762711864,116
2023-07-18,1042,115,87,56,43,28,13,0.7565217391304347,0.7678571428571429,130
2023-07-19,1042,125,73,60,37,52,23,0.584,0.6166666666666667,110
2023-07-20,1042,117,75,82,49,42,33,0.6410256410256411,0.5975609756097561,124
2023-07-21,1042,113,84,92,43,29,49,0.7433628318584071,0.4673913043478261,127
2023-07-22,1042,112,70,65,35,42,30,0.625,0.5384615384615384,105
2023-07-23,1042,113,83,51,51,30,0,0.7345132743362832,1,134
2023-07-24,1042,150,81,71,33,69,38,0.54,0.4647887323943662,114
2023-07-25,1042,124,98,70,25,26,45,0.7903225806451613,0.35714285714285715,123
2023-07-26,1042,117,60,83,40,57,43,0.5128205128205128,0.4819277108433735,100
2023-07-27,1042,141,88,85,35,53,50,0.624113475177305,0.4117647058823529,123
2023-07-28,1042,137,85,71,32,52,39,0.6204379562043796,0.4507042253521127,117
2023-07-29,1042,117,74,50,41,43,9,0.6324786324786325,0.82,115
2023-07-30,1042,106,55,83,46,51,37,0.5188679245283019,0.5542168674698795,101
2023-07-31,1042,146,78,97,42,68,55,0.5342465753424658,0.4329896907216495,120
2023-08-01,1042,124,71,57,38,53,19,0.5725806451612904,0.6666666666666666,109
2023-08-02,1042,127,89,81,52,38,29,0.7007874015748031,0.6419753086419753,141
2023-08-03,1042,147,72,73,45,75,28,0.4897959183673469,0.6164383561643836,117
2023-08-04,1042,128,79,82,36,49,46,0.6171875,0.43902439024390244,115
2023-08-05,1042,133,76,97,33,57,64,0.5714285714285714,0.3402061855670103,109
2023-08-06,1042,117,85,75,35,32,40,0.7264957264957265,0.4666666666666667,120
2023-08-07,1042,107,68,58,38,39,20,0.6355140186915887,0.6551724137931034,106
2023-08-08,1042,150,71,50,38,79,12,0.47333333333333333,0.76,109
2023-08-09,1042,139,81,98,46,58,52,0.5827338129496403,0.46938775510204084,127
2023-08-10,1042,111,78,90,41,33,49,0.7027027027027027,0.45555555555555555,119
2023-08-11,1042,132,77,60,52,55,8,0.5833333333333334,0.8666666666666667,129
2023-08-12,1042,125,78,93,50,47,43,0.624,0.5376344086021505,128
2023-08-13,1042,100,89,85,56,11,29,0.89,0.6588235294117647,145
2023-08-14,1042,123,69,50,45,54,5,0.5609756097560976,0.9,114
2023-08-15,1042,147,87,74,36,60,38,0.5918367346938775,0.4864864864864865,123
2023-08-16,1042,129,87,98,45,42,53,0.6744186046511628,0.45918367346938777,132
2023-08-17,1042,108,83,62,32,25,30,0.7685185185185185,0.5161290322580645,115
2023-08-18,1042,106,84,97,30,22,67,0.7924528301886793,0.30927835051546393,114
2023-08-19,1042,132,88,80,44,44,36,0.6666666666666666,0.55,132
2023-08-20,1042,112,91,67,42,21,25,0.8125,0.6268656716417911,133
2023-08-21,1042,124,79,87,32,45,55,0.6370967741935484,0.367816091954023,111
2023-08-22,1042,147,80,60,56,67,4,0.54421768707483,0.9333333333333333,136
2023-08-23,1042,121,69,82,46,52,36,0.5702479338842975,0.5609756097560976,115
2023-08-24,1042,147,87,70,31,60,39,0.5918367346938775,0.44285714285714284,118
2023-08-25,1042,106,88,89,47,18,42,0.8301886792452831,0.5280898876404494,135
2023-08-26,1042,142,63,50,37,79,13,0.44366197183098594,0.74,100
2023-08-27,1042,121,80,61,53,41,8,0.6611570247933884,0.8688524590163934,133
2023-08-28,1042,143,89,98,35,54,63,0.6223776223776224,0.35714285714285715,124
2023-08-29,1042,108,66,87,39,42,48,0.6111111111111112,0.4482758620689655,105
2023-08-30,1042,102,92,94,42,10,52,0.9019607843137255,0.44680851063829785,134
2023-08-31,1042,119,76,58,39,43,19,0.6386554621848739,0.6724137931034483,115
2023-09-01,1042,138,81,67,50,57,17,0.5869565217391305,0.746268656716418,131
2023-09-02,1042,139,84,97,45,55,52,0.60431654676259,0.4639175257731959,129
2023-09-03,1042,115,100,97,40,15,57,0.8695652173913043,0.41237113402061853,140
2023-09-04,1042,110,87,55,32,23,23,0.7909090909090909,0.5818181818181818,119
2023-09-05,1042,111,77,62,37,34,25,0.6936936936936937,0.5967741935483871,114
2023-09-06,1042,118,87,51,38,31,13,0.7372881355932204,0.7450980392156863,125
2023-09-07,1042,106,86,56,40,20,16,0.8113207547169812,0.7142857142857143,126
2023-09-08,1042,104,76,62,28,28,34,0.7307692307692307,0.45161290322580644,104
2023-09-09,1042,125,86,99,42,39,57,0.688,0.42424242424242425,128
2023-09-10,1042,108,81,68,40,27,28,0.75,0.5882352941176471,121
2023-09-11,1042,130,77,52,41,53,11,0.5923076923076923,0.7884615384615384,118
2023-09-12,1042,126,71,92,44,55,48,0.5634920634920635,0.4782608695652174,115
2023-09-13,1042,100,86,81,45,14,36,0.86,0.5555555555555556,131
2023-09-14,1042,143,76,88,41,67,47,0.5314685314685315,0.4659090909090909,117
2023-09-15,1042,149,75,53,33,74,20,0.5033557046979866,0.6226415094339622,108
2023-09-16,1042,148,91,65,39,57,26,0.6148648648648649,0.6,130
2023-09-17,1042,106,86,81,41,20,40,0.8113207547169812,0.5061728395061729,127
2023-09-18,1042,134,69,88,36,65,52,0.5149253731343284,0.4090909090909091,105
2023-09-19,1042,145,64,77,24,81,53,0.4413793103448276,0.3116883116883117,88
2023-09-20,1042,124,85,58,37,39,21,0.6854838709677419,0.6379310344827587,122
2023-09-21,1042,118,71,59,36,47,23,0.6016949152542372,0.6101694915254238,107
2023-09-22,1042,144,74,52,40,70,12,0.5138888888888888,0.7692307692307693,114
2023-09-23,1042,127,85,53,53,42,0,0.6692913385826772,1,138
2023-09-24,1042,120,77,61,35,43,26,0.6416666666666667,0.5737704918032787,112
2023-09-25,1042,150,77,80,41,73,39,0.5133333333333333,0.5125,118
2023-09-26,1042,102,88,95,50,14,45,0.8627450980392157,0.5263157894736842,138
2023-09-27,1042,149,87,72,49,62,23,0.5838926174496645,0.6805555555555556,136
2023-09-28,1042,127,82,63,44,45,19,0.6456692913385826,0.6984126984126984,126
2023-09-29,1042,147,81,67,43,66,24,0.5510204081632653,0.6417910447761194,124
2023-09-30,1042,126,81,52,34,45,18,0.6428571428571429,0.6538461538461539,115
2023-10-01,1042,114,89,98,38,25,60,0.7807017543859649,0.3877551020408163,127
2023-10-02,1042,126,93,91,51,33,40,0.7380952380952381,0.5604395604395604,144
2023-10-03,1042,146,83,91,44,63,47,0.5684931506849316,0.4835164835164835,127
2023-10-04,1042,145,81,81,35,64,46,0.5586206896551724,0.43209876543209874,116
2023-10-05,1042,136,93,80,42,43,38,0.6838235294117647,0.525,135
2023-10-06,1042,135,84,52,43,51,9,0.6222222222222222,0.8269230769230769,127
2023-10-07,1042,126,86,93,25,40,68,0.6825396825396826,0.26881720430107525,111
2023-10-08,1042,129,83,61,42,46,19,0.6434108527131783,0.6885245901639344,125
2023-10-09,1042,105,82,62,37,23,25,0.780952380952381,0.5967741935483871,119
2023-10-10,1042,135,70,53,52,65,1,0.5185185185185185,0.9811320754716981,122
2023-10-11,1042,110,75,81,42,35,39,0.6818181818181818,0.5185185185185185,117
2023-10-12,1042,145,75,65,42,70,23,0.5172413793103449,0.6461538461538462,117
2023-10-13,1042,113,71,100,41,42,59,0.6283185840707964,0.41,112
2023-10-14,1042,121,64,61,47,57,14,0.5289256198347108,0.7704918032786885,111
2023-10-15,1042,150,69,83,29,81,54,0.46,0.3493975903614458,98
2023-10-16,1042,110,78,71,34,32,37,0.7090909090909091,0.4788732394366197,112
2023-10-17,1042,117,83,68,54,34,14,0.7094017094017094,0.7941176470588235,137
2023-10-18,1042,133,82,68,33,51,35,0.6165413533834586,0.4852941176470588,115
2023-10-19,1042,140,80,63,47,60,16,0.5714285714285714,0.746031746031746,127
2023-10-20,1042,120,85,81,43,35,38,0.7083333333333334,0.5308641975308642,128
2023-10-21,1042,149,82,72,48,67,24,0.5503355704697986,0.6666666666666666,130
2023-10-22,1042,100,79,54,47,21,7,0.79,0.8703703703703703,126
2023-10-23,1042,113,84,61,39,29,22,0.7433628318584071,0.639344262295082,123
2023-10-24,1042,138,68,83,43,70,40,0.4927536231884058,0.5180722891566265,111
2023-10-25,1042,141,70,84,40,71,44,0.49645390070921985,0.47619047619047616,110
2023-10-26,1042,140,86,72,36,54,36,0.6142857142857143,0.5,122
2023-10-27,1042,116,88,82,46,28,36,0.7586206896551724,0.5609756097560976,134
2023-10-28,1042,150,69,66,30,81,36,0.46,0.45454545454545453,99
2023-10-29,1042,110,83,76,53,27,23,0.7545454545454545,0.6973684210526315,136
2023-10-30,1042,119,87,86,38,32,48,0.7310924369747899,0.4418604651162791,125
2023-10-31,1042,100,72,79,38,28,41,0.72,0.4810126582278481,110
2023-11-01,1042,137,79,77,29,58,48,0.5766423357664233,0.37662337662337664,108
2023-11-02,1042,107,79,85,42,28,43,0.7383177570093458,0.49411764705882355,121
2023-11-03,1042,106,81,86,28,25,58,0.7641509433962265,0.32558139534883723,109
2023-11-04,1042,127,69,92,35,58,57,0.5433070866141733,0.3804347826086957,104
2023-11-05,1042,105,71,70,36,34,34,0.6761904761904762,0.5142857142857142,107
2023-11-06,1042,102,86,89,51,16,38,0.8431372549019608,0.5730337078651685,137
2023-11-07,1042,129,84,83,28,45,55,0.6511627906976745,0.3373493975903614,112
2023-11-08,1042,145,89,82,39,56,43,0.6137931034482759,0.47560975609756095,128
2023-11-09,1042,142,81,60,36,61,24,0.5704225352112676,0.6,117
2023-11-10,1042,124,69,89,38,55,51,0.5564516129032258,0.42696629213483145,107
2023-11-11,1042,121,87,68,39,34,29,0.71900826446281,0.5735294117647058,126
2023-11-12,1042,113,99,67,33,14,34,0.8761061946902655,0.4925373134328358,132
2023-11-13,1042,109,75,51,32,34,19,0.6880733944954128,0.6274509803921569,107
2023-11-14,1042,114,82,60,34,32,26,0.7192982456140351,0.5666666666666667,116
2023-11-15,1042,150,87,81,46,63,35,0.58,0.5679012345679012,133
2023-11-16,1042,104,76,60,47,28,13,0.7307692307692307,0.7833333333333333,123
2023-11-17,1042,120,82,57,42,38,15,0.6833333333333333,0.7368421052631579,124
2023-11-18,1042,118,65,92,41,53,51,0.5508474576271186,0.44565217391304346,106
2023-11-19,1042,143,73,53,34,70,19,0.5104895104895105,0.6415094339622641,107
2023-11-20,1042,115,91,70,32,24,38,0.7913043478260869,0.45714285714285713,123
2023-11-21,1042,102,83,53,36,19,17,0.8137254901960784,0.6792452830188679,119
2023-11-22,1042,114,79,65,26,35,39,0.6929824561403509,0.4,105
2023-11-23,1042,139,70,82,44,69,38,0.5035971223021583,0.5365853658536586,114
2023-11-24,1042,110,80,79,38,30,41,0.7272727272727273,0.4810126582278481,118
2023-11-25,1042,134,88,62,53,46,9,0.6567164179104478,0.8548387096774194,141
2023-11-26,1042,115,86,69,46,29,23,0.7478260869565218,0.6666666666666666,132
2023-11-27,1042,112,84,90,33,28,57,0.75,0.36666666666666664,117
2023-11-28,1042,112,93,70,37,19,33,0.8303571428571429,0.5285714285714286,130
2023-11-29,1042,111,75,86,34,36,52,0.6756756756756757,0.3953488372093023,109
2023-11-30,1042,119,74,89,42,45,47,0.6218487394957983,0.47191011235955055,116
2023-12-01,1042,119,85,70,33,34,37,0.7142857142857143,0.4714285714285714,118
2023-12-02,1042,133,83,70,37,50,33,0.6240601503759399,0.5285714285714286,120
2023-12-03,1042,142,82,84,46,60,38,0.5774647887323944,0.5476190476190477,128
2023-12-04,1042,111,78,50,50,33,0,0.7027027027027027,1,128
2023-12-05,1042,150,86,78,34,64,44,0.5733333333333334,0.4358974358974359,120
2023-12-06,1042,123,82,86,28,41,58,0.6666666666666666,0.32558139534883723,110
2023-12-07,1042,111,86,67,38,25,29,0.7747747747747747,0.5671641791044776,124
2023-12-08,1042,120,78,71,37,42,34,0.65,0.5211267605633803,115
2023-12-09,1042,129,80,51,36,49,15,0.6201550387596899,0.7058823529411765,116
2023-12-10,1042,112,74,70,39,38,31,0.6607142857142857,0.5571428571428572,113
2023-12-11,1042,140,79,71,41,61,30,0.5642857142857143,0.5774647887323944,120
2023-12-12,1042,146,77,80,44,69,36,0.5273972602739726,0.55,121
2023-12-13,1042,136,62,52,39,74,13,0.45588235294117646,0.75,101
2023-12-14,1042,119,91,54,35,28,19,0.7647058823529411,0.6481481481481481,126
2023-12-15,1042,135,98,95,30,37,65,0.725925925925926,0.3157894736842105,128
2023-12-16,1042,142,83,57,34,59,23,0.5845070422535211,0.5964912280701754,117
2023-12-17,1042,108,76,98,45,32,53,0.7037037037037037,0.45918367346938777,121
2023-12-18,1042,110,74,61,41,36,20,0.6727272727272727,0.6721311475409836,115
2023-12-19,1042,150,77,83,31,73,52,0.5133333333333333,0.37349397590361444,108
2023-12-20,1042,110,73,88,40,37,48,0.6636363636363637,0.45454545454545453,113
2023-12-21,1042,115,91,56,29,24,27,0.7913043478260869,0.5178571428571429,120
2023-12-22,1042,107,84,68,35,23,33,0.7850467289719626,0.5147058823529411,119
2023-12-23,1042,110,87,92,32,23,60,0.7909090909090909,0.34782608695652173,119
2023-12-24,1042,149,102,78,42,47,36,0.6845637583892618,0.5384615384615384,144
2023-12-25,1042,112,85,71,34,27,37,0.7589285714285714,0.4788732394366197,119
2023-12-26,1042,112,82,96,39,30,57,0.7321428571428571,0.40625,121
2023-12-27,1042,134,72,98,44,62,54,0.5373134328358209,0.4489795918367347,116
2023-12-28,1042,116,72,89,34,44,55,0.6206896551724138,0.38202247191011235,106
2023-12-29,1042,138,67,88,47,71,41,0.4855072463768116,0.5340909090909091,114
2023-12-30,1042,124,69,59,42,55,17,0.5564516129032258,0.711864406779661,111
2023-12-31,1042,121,86,53,34,35,19,0.7107438016528925,0.6415094339622641,120
2023-01-01,1043,128,99,65,45,29,20,0.7734375,0.6923076923076923,144
2023-01-02,1043,126,80,55,37,46,18,0.6349206349206349,0.6727272727272727,117
2023-01-03,1043,141,86,58,35,55,23,0.6099290780141844,0.603448275862069,121
2023-01-04,1043,146,71,63,41,75,22,0.4863013698630137,0.6507936507936508,112
2023-01-05,1043,108,78,56,38,30,18,0.7222222222222222,0.6785714285714286,116
2023-01-06,1043,106,81,78,46,25,32,0.7641509433962265,0.5897435897435898,127
2023-01-07,1043,110,88,66,35,22,31,0.8,0.5303030303030303,123
2023-01-08,1043,121,78,52,41,43,11,0.6446280991735537,0.7884615384615384,119
2023-01-09,1043,147,80,66,32,67,34,0.54421768707483,0.48484848484848486,112
2023-01-10,1043,141,83,75,57,58,18,0.5886524822695035,0.76,140
2023-01-11,1043,122,76,96,45,46,51,0.6229508196721312,0.46875,121
2023-01-12,1043,105,82,99,31,23,68,0.780952380952381,0.31313131313131315,113
2023-01-13,1043,122,73,79,46,49,33,0.5983606557377049,0.5822784810126582,119
2023-01-14,1043,129,72,73,38,57,35,0.5581395348837209,0.5205479452054794,110
2023-01-15,1043,120,68,50,40,52,10,0.5666666666666667,0.8,108
2023-01-16,1043,142,76,81,51,66,30,0.5352112676056338,0.6296296296296297,127
2023-01-17,1043,147,79,88,36,68,52,0.5374149659863946,0.4090909090909091,115
2023-01-18,1043,127,86,71,33,41,38,0.6771653543307087,0.4647887323943662,119
2023-01-19,1043,127,71,50,28,56,22,0.5590551181102362,0.56,99
2023-01-20,1043,126,95,67,31,31,36,0.753968253968254,0.4626865671641791,126
2023-01-21,1043,105,80,64,51,25,13,0.7619047619047619,0.796875,131
2023-01-22,1043,130,80,85,44,50,41,0.6153846153846154,0.5176470588235295,124
2023-01-23,1043,125,75,95,49,50,46,0.6,0.5157894736842106,124
2023-01-24,1043,105,90,62,49,15,13,0.8571428571428571,0.7903225806451613,139
2023-01-25,1043,133,71,53,39,62,14,0.5338345864661654,0.7358490566037735,110
2023-01-26,1043,122,85,77,34,37,43,0.6967213114754098,0.44155844155844154,119
2023-01-27,1043,114,75,94,42,39,52,0.6578947368421053,0.44680851063829785,117
2023-01-28,1043,141,86,83,34,55,49,0.6099290780141844,0.40963855421686746,120
2023-01-29,1043,104,66,64,42,38,22,0.6346153846153846,0.65625,108
2023-01-30,1043,150,70,68,37,80,31,0.4666666666666667,0.5441176470588235,107
2023-01-31,1043,120,87,77,41,33,36,0.725,0.5324675324675324,128
2023-02-01,1043,140,94,53,30,46,23,0.6714285714285714,0.5660377358490566,124
2023-02-02,1043,137,81,89,37,56,52,0.5912408759124088,0.4157303370786517,118
2023-02-03,1043,132,88,87,44,44,43,0.6666666666666666,0.5057471264367817,132
2023-02-04,1043,115,74,86,40,41,46,0.6434782608695652,0.46511627906976744,114
2023-02-05,1043,119,70,71,42,49,29,0.5882352941176471,0.5915492957746479,112
2023-02-06,1043,100,100,77,45,0,32,1,0.5844155844155844,145
2023-02-07,1043,148,82,65,48,66,17,0.5540540540540541,0.7384615384615385,130
2023-02-08,1043,114,76,50,35,38,15,0.6666666666666666,0.7,111
2023-02-09,1043,135,71,81,47,64,34,0.5259259259259259,0.5802469135802469,118
2023-02-10,1043,114,91,63,35,23,28,0.7982456140350878,0.5555555555555556,126
2023-02-11,1043,103,94,97,41,9,56,0.912621359223301,0.422680412371134,135
2023-02-12,1043,143,85,92,28,58,64,0.5944055944055944,0.30434782608695654,113
2023-02-13,1043,113,85,79,45,28,34,0.7522123893805309,0.569620253164557,130
2023-02-14,1043,133,80,88,36,53,52,0.6015037593984962,0.4090909090909091,116
2023-02-15,1043,145,78,74,53,67,21,0.5379310344827586,0.7162162162162162,131
2023-02-16,1043,147,82,61,41,65,20,0.5578231292517006,0.6721311475409836,123
2023-02-17,1043,115,79,91,50,36,41,0.6869565217391305,0.5494505494505495,129
2023-02-18,1043,127,69,87,35,58,52,0.5433070866141733,0.40229885057471265,104
2023-02-19,1043,105,92,83,44,13,39,0.8761904761904762,0.5301204819277109,136
2023-02-20,1043,140,88,91,44,52,47,0.6285714285714286,0.4835164835164835,132
2023-02-21,1043,108,83,75,33,25,42,0.7685185185185185,0.44,116
2023-02-22,1043,130,76,50,37,54,13,0.5846153846153846,0.74,113
2023-02-23,1043,138,83,59,47,55,12,0.6014492753623188,0.7966101694915254,130
2023-02-24,1043,147,78,80,33,69,47,0.5306122448979592,0.4125,111
2023-02-25,1043,137,83,81,41,54,40,0.6058394160583942,0.5061728395061729,124
2023-02-26,1043,114,84,67,35,30,32,0.7368421052631579,0.5223880597014925,119
2023-02-27,1043,128,74,59,45,54,14,0.578125,0.7627118644067796,119
2023-02-28,1043,139,84,77,39,55,38,0.60431654676259,0.5064935064935064,123
2023-03-01,1043,150,88,64,29,62,35,0.5866666666666667,0.453125,117
2023-03-02,1043,103,77,59,41,26,18,0.7475728155339806,0.6949152542372882,118
2023-03-03,1043,149,83,98,47,66,51,0.5570469798657718,0.47959183673469385,130
2023-03-04,1043,143,82,87,40,61,47,0.5734265734265734,0.45977011494252873,122
2023-03-05,1043,136,89,64,44,47,20,0.6544117647058824,0.6875,133
2023-03-06,1043,147,68,91,33,79,58,0.46258503401360546,0.3626373626373626,101
2023-03-07,1043,131,91,90,57,40,33,0.6946564885496184,0.6333333333333333,148
2023-03-08,1043,104,81,91,40,23,51,0.7788461538461539,0.43956043956043955,121
2023-03-09,1043,121,69,77,42,52,35,0.5702479338842975,0.5454545454545454,111
2023-03-10,1043,129,75,88,43,54,45,0.5813953488372093,0.48863636363636365,118
2023-03-11,1043,148,87,66,42,61,24,0.5878378378378378,0.6363636363636364,129
2023-03-12,1043,128,78,93,34,50,59,0.609375,0.3655913978494624,112
2023-03-13,1043,134,70,98,45,64,53,0.5223880597014925,0.45918367346938777,115
2023-03-14,1043,144,87,97,34,57,63,0.6041666666666666,0.35051546391752575,121
2023-03-15,1043,113,85,100,36,28,64,0.7522123893805309,0.36,121
2023-03-16,1043,118,82,64,39,36,25,0.6949152542372882,0.609375,121
2023-03-17,1043,112,73,71,40,39,31,0.6517857142857143,0.5633802816901409,113
2023-03-18,1043,115,74,95,40,41,55,0.6434782608695652,0.42105263157894735,114
2023-03-19,1043,129,89,98,35,40,63,0.689922480620155,0.35714285714285715,124
2023-03-20,1043,147,82,55,39,65,16,0.5578231292517006,0.7090909090909091,121
2023-03-21,1043,127,62,70,39,65,31,0.4881889763779528,0.5571428571428572,101
2023-03-22,1043,106,85,66,43,21,23,0.8018867924528302,0.6515151515151515,128
2023-03-23,1043,111,97,70,43,14,27,0.8738738738738738,0.6142857142857143,140
2023-03-24,1043,102,83,57,40,19,17,0.8137254901960784,0.7017543859649122,123
2023-03-25,1043,127,81,70,42,46,28,0.6377952755905512,0.6,123
2023-03-26,1043,100,76,75,48,24,27,0.76,0.64,124
2023-03-27,1043,130,108,76,43,22,33,0.8307692307692308,0.5657894736842105,151
2023-03-28,1043,120,92,81,39,28,42,0.7666666666666667,0.48148148148148145,131
2023-03-29,1043,140,86,50,45,54,5,0.6142857142857143,0.9,131
2023-03-30,1043,101,69,86,29,32,57,0.6831683168316832,0.3372093023255814,98
2023-03-31,1043,114,90,52,47,24,5,0.7894736842105263,0.9038461538461539,137
2023-04-01,1043,135,73,53,25,62,28,0.5407407407407407,0.4716981132075472,98
2023-04-02,1043,108,87,88,51,21,37,0.8055555555555556,0.5795454545454546,138
2023-04-03,1043,119,78,69,29,41,40,0.6554621848739496,0.42028985507246375,107
2023-04-04,1043,142,57,85,44,85,41,0.4014084507042254,0.5176470588235295,101
2023-04-05,1043,127,83,93,34,44,59,0.6535433070866141,0.3655913978494624,117
2023-04-06,1043,130,87,95,37,43,58,0.6692307692307692,0.3894736842105263,124
2023-04-07,1043,138,80,58,37,58,21,0.5797101449275363,0.6379310344827587,117
2023-04-08,1043,108,70,84,21,38,63,0.6481481481481481,0.25,91
2023-04-09,1043,148,79,68,35,69,33,0.5337837837837838,0.5147058823529411,114
2023-04-10,1043,110,83,94,42,27,52,0.7545454545454545,0.44680851063829785,125
2023-04-11,1043,115,79,64,37,36,27,0.6869565217391305,0.578125,116
2023-04-12,1043,125,87,63,38,38,25,0.696,0.6031746031746031,125
2023-04-13,1043,121,74,69,41,47,28,0.6115702479338843,0.5942028985507246,115
2023-04-14,1043,108,77,63,44,31,19,0.7129629629629629,0.6984126984126984,121
2023-04-15,1043,141,72,100,35,69,65,0.5106382978723404,0.35,107
2023-04-16,1043,104,84,72,42,20,30,0.8076923076923077,0.5833333333333334,126
2023-04-17,1043,143,74,64,40,69,24,0.5174825174825175,0.625,114
2023-04-18,1043,107,99,95,38,8,57,0.9252336448598131,0.4,137
2023-04-19,1043,131,78,95,35,53,60,0.5954198473282443,0.3684210526315789,113
2023-04-20,1043,101,76,81,48,25,33,0.7524752475247525,0.5925925925925926,124
2023-04-21,1043,139,89,78,41,50,37,0.6402877697841727,0.5256410256410257,130
2023-04-22,1043,111,75,58,43,36,15,0.6756756756756757,0.7413793103448276,118
2023-04-23,1043,128,77,92,54,51,38,0.6015625,0.5869565217391305,131
2023-04-24,1043,136,87,50,43,49,7,0.6397058823529411,0.86,130
2023-04-25,1043,122,87,100,61,35,39,0.7131147540983607,0.61,148
2023-04-26,1043,148,90,55,51,58,4,0.6081081081081081,0.9272727272727272,141
2023-04-27,1043,135,65,89,25,70,64,0.48148148148148145,0.2808988764044944,90
2023-04-28,1043,113,63,53,42,50,11,0.5575221238938053,0.7924528301886793,105
2023-04-29,1043,124,83,50,33,41,17,0.6693548387096774,0.66,116
2023-04-30,1043,147,65,79,43,82,36,0.4421768707482993,0.5443037974683544,108
2023-05-01,1043,116,79,87,47,37,40,0.6810344827586207,0.5402298850574713,126
2023-05-02,1043,147,71,99,39,76,60,0.48299319727891155,0.3939393939393939,110
2023-05-03,1043,120,97,91,44,23,47,0.8083333333333333,0.4835164835164835,141
2023-05-04,1043,148,69,72,37,79,35,0.46621621621621623,0.5138888888888888,106
2023-05-05,1043,138,82,95,33,56,62,0.5942028985507246,0.3473684210526316,115
2023-05-06,1043,116,74,100,39,42,61,0.6379310344827587,0.39,113
2023-05-07,1043,131,75,53,42,56,11,0.5725190839694656,0.7924528301886793,117
2023-05-08,1043,129,81,83,39,48,44,0.627906976744186,0.46987951807228917,120
2023-05-09,1043,115,82,61,35,33,26,0.7130434782608696,0.5737704918032787,117
2023-05-10,1043,125,91,62,33,34,29,0.728,0.532258064516129,124
2023-05-11,1043,147,74,59,35,73,24,0.5034013605442177,0.5932203389830508,109
2023-05-12,1043,107,77,57,30,30,27,0.719626168224299,0.5263157894736842,107
2023-05-13,1043,140,69,82,34,71,48,0.4928571428571429,0.4146341463414634,103
2023-05-14,1043,132,95,75,43,37,32,0.7196969696969697,0.5733333333333334,138
2023-05-15,1043,114,78,98,46,36,52,0.6842105263157895,0.46938775510204084,124
2023-05-16,1043,131,82,58,41,49,17,0.6259541984732825,0.7068965517241379,123
2023-05-17,1043,133,77,51,44,56,7,0.5789473684210527,0.8627450980392157,121
2023-05-18,1043,115,89,81,40,26,41,0.7739130434782608,0.49382716049382713,129
2023-05-19,1043,112,88,59,34,24,25,0.7857142857142857,0.576271186440678,122
2023-05-20,1043,136,72,89,31,64,58,0.5294117647058824,0.34831460674157305,103
2023-05-21,1043,136,84,99,38,52,61,0.6176470588235294,0.3838383838383838,122
2023-05-22,1043,116,95,67,34,21,33,0.8189655172413793,0.5074626865671642,129
2023-05-23,1043,140,69,74,43,71,31,0.4928571428571429,0.581081081081081,112
2023-05-24,1043,124,93,60,36,31,24,0.75,0.6,129
2023-05-25,1043,103,92,81,51,11,30,0.8932038834951457,0.6296296296296297,143
2023-05-26,1043,112,99,62,39,13,23,0.8839285714285714,0.6290322580645161,138
2023-05-27,1043,116,73,59,34,43,25,0.6293103448275862,0.576271186440678,107
2023-05-28,1043,109,78,53,37,31,16,0.7155963302752294,0.6981132075471698,115
2023-05-29,1043,141,64,64,46,77,18,0.45390070921985815,0.71875,110
2023-05-30,1043,112,70,92,38,42,54,0.625,0.41304347826086957,108
2023-05-31,1043,132,71,93,39,61,54,0.5378787878787878,0.41935483870967744,110
2023-06-01,1043,110,96,81,32,14,49,0.8727272727272727,0.3950617283950617,128
2023-06-02,1043,124,81,63,38,43,25,0.6532258064516129,0.6031746031746031,119
2023-06-03,1043,100,82,57,45,18,12,0.82,0.7894736842105263,127
2023-06-04,1043,115,95,75,37,20,38,0.8260869565217391,0.49333333333333335,132
2023-06-05,1043,112,84,98,47,28,51,0.75,0.47959183673469385,131
2023-06-06,1043,117,78,96,45,39,51,0.6666666666666666,0.46875,123
2023-06-07,1043,114,70,67,36,44,31,0.6140350877192983,0.5373134328358209,106
2023-06-08,1043,128,94,59,39,34,20,0.734375,0.6610169491525424,133
2023-06-09,1043,150,83,59,44,67,15,0.5533333333333333,0.7457627118644068,127
2023-06-10,1043,126,82,70,43,44,27,0.6507936507936508,0.6142857142857143,125
2023-06-11,1043,127,84,95,39,43,56,0.6614173228346457,0.4105263157894737,123
2023-06-12,1043,123,83,92,47,40,45,0.6747967479674797,0.5108695652173914,130
2023-06-13,1043,150,69,98,38,81,60,0.46,0.3877551020408163,107
2023-06-14,1043,127,96,59,35,31,24,0.7559055118110236,0.5932203389830508,131
2023-06-15,1043,142,76,61,39,66,22,0.5352112676056338,0.639344262295082,115
2023-06-16,1043,105,85,76,39,20,37,0.8095238095238095,0.5131578947368421,124
2023-06-17,1043,107,83,62,36,24,26,0.7757009345794392,0.5806451612903226,119
2023-06-18,1043,120,70,72,43,50,29,0.5833333333333334,0.5972222222222222,113
2023-06-19,1043,110,95,61,42,15,19,0.8636363636363636,0.6885245901639344,137
2023-06-20,1043,136,69,97,33,67,64,0.5073529411764706,0.3402061855670103,102
2023-06-21,1043,119,78,73,45,41,28,0.6554621848739496,0.6164383561643836,123
2023-06-22,1043,101,71,69,48,30,21,0.7029702970297029,0.6956521739130435,119
2023-06-23,1043,100,86,70,28,14,42,0.86,0.4,114
2023-06-24,1043,119,85,99,49,34,50,0.7142857142857143,0.494949494949495,134
2023-06-25,1043,114,71,84,38,43,46,0.6228070175438597,0.4523809523809524,109
2023-06-26,1043,125,74,54,53,51,1,0.592,0.9814814814814815,127
2023-06-27,1043,101,77,52,48,24,4,0.7623762376237624,0.9230769230769231,125
2023-06-28,1043,121,84,78,37,37,41,0.6942148760330579,0.47435897435897434,121
2023-06-29,1043,108,78,57,44,30,13,0.7222222222222222,0.7719298245614035,122
2023-06-30,1043,120,65,93,43,55,50,0.5416666666666666,0.46236559139784944,108
2023-07-01,1043,127,70,85,41,57,44,0.5511811023622047,0.4823529411764706,111
2023-07-02,1043,119,71,53,30,48,23,0.5966386554621849,0.5660377358490566,101
2023-07-03,1043,123,69,66,47,54,19,0.5609756097560976,0.7121212121212122,116
2023-07-04,1043,104,74,51,32,30,19,0.7115384615384616,0.6274509803921569,106
2023-07-05,1043,103,80,97,36,23,61,0.7766990291262136,0.3711340206185567,116
2023-07-06,1043,141,71,60,40,70,20,0.5035460992907801,0.6666666666666666,111
2023-07-07,1043,118,79,60,34,39,26,0.6694915254237288,0.5666666666666667,113
2023-07-08,1043,143,78,92,42,65,50,0.5454545454545454,0.45652173913043476,120
2023-07-09,1043,102,86,64,45,16,19,0.8431372549019608,0.703125,131
2023-07-10,1043,133,96,77,38,37,39,0.7218045112781954,0.4935064935064935,134
2023-07-11,1043,119,75,55,37,44,18,0.6302521008403361,0.6727272727272727,112
2023-07-12,1043,122,69,71,39,53,32,0.5655737704918032,0.5492957746478874,108
2023-07-13,1043,145,70,56,37,75,19,0.4827586206896552,0.6607142857142857,107
2023-07-14,1043,139,71,73,26,68,47,0.5107913669064749,0.3561643835616438,97
2023-07-15,1043,148,84,93,46,64,47,0.5675675675675675,0.4946236559139785,130
2023-07-16,1043,137,81,64,41,56,23,0.5912408759124088,0.640625,122
2023-07-17,1043,150,66,96,45,84,51,0.44,0.46875,111
2023-07-18,1043,146,72,77,44,74,33,0.4931506849315068,0.5714285714285714,116
2023-07-19,1043,128,75,68,37,53,31,0.5859375,0.5441176470588235,112
2023-07-20,1043,129,78,62,40,51,22,0.6046511627906976,0.6451612903225806,118
2023-07-21,1043,137,70,58,40,67,18,0.5109489051094891,0.6896551724137931,110
2023-07-22,1043,127,83,79,47,44,32,0.6535433070866141,0.5949367088607594,130
2023-07-23,1043,146,100,90,44,46,46,0.684931506849315,0.4888888888888889,144
2023-07-24,1043,140,85,52,34,55,18,0.6071428571428571,0.6538461538461539,119
2023-07-25,1043,138,75,77,36,63,41,0.5434782608695652,0.4675324675324675,111
2023-07-26,1043,114,78,74,35,36,39,0.6842105263157895,0.47297297297297297,113
2023-07-27,1043,101,87,66,37,14,29,0.8613861386138614,0.5606060606060606,124
2023-07-28,1043,113,68,96,41,45,55,0.6017699115044248,0.4270833333333333,109
2023-07-29,1043,116,86,71,46,30,25,0.7413793103448276,0.647887323943662,132
2023-07-30,1043,117,110,50,38,7,12,0.9401709401709402,0.76,148
2023-07-31,1043,123,84,78,50,39,28,0.6829268292682927,0.6410256410256411,134
2023-08-01,1043,106,80,67,32,26,35,0.7547169811320755,0.47761194029850745,112
2023-08-02,1043,115,80,65,49,35,16,0.6956521739130435,0.7538461538461538,129
2023-08-03,1043,129,67,60,45,62,15,0.5193798449612403,0.75,112
2023-08-04,1043,142,74,63,35,68,28,0.5211267605633803,0.5555555555555556,109
2023-08-05,1043,115,67,59,30,48,29,0.5826086956521739,0.5084745762711864,97
2023-08-06,1043,109,87,76,38,22,38,0.7981651376146789,0.5,125
2023-08-07,1043,139,80,91,43,59,48,0.5755395683453237,0.4725274725274725,123
2023-08-08,1043,125,70,51,39,55,12,0.56,0.7647058823529411,109
2023-08-09,1043,142,88,81,28,54,53,0.6197183098591549,0.345679012345679,116
2023-08-10,1043,135,85,53,44,50,9,0.6296296296296297,0.8301886792452831,129
2023-08-11,1043,106,91,72,42,15,30,0.8584905660377359,0.5833333333333334,133
2023-08-12,1043,109,72,70,37,37,33,0.6605504587155964,0.5285714285714286,109
2023-08-13,1043,140,56,70,30,84,40,0.4,0.42857142857142855,86
2023-08-14,1043,119,78,98,46,41,52,0.6554621848739496,0.46938775510204084,124
2023-08-15,1043,130,82,88,32,48,56,0.6307692307692307,0.36363636363636365,114
2023-08-16,1043,120,86,82,35,34,47,0.7166666666666667,0.4268292682926829,121
2023-08-17,1043,110,87,84,47,23,37,0.7909090909090909,0.5595238095238095,134
2023-08-18,1043,125,75,74,38,50,36,0.6,0.5135135135135135,113
2023-08-19,1043,105,79,53,44,26,9,0.7523809523809524,0.8301886792452831,123
2023-08-20,1043,136,80,91,46,56,45,0.5882352941176471,0.5054945054945055,126
2023-08-21,1043,100,83,56,43,17,13,0.83,0.7678571428571429,126
2023-08-22,1043,112,80,83,36,32,47,0.7142857142857143,0.43373493975903615,116
2023-08-23,1043,123,80,76,36,43,40,0.6504065040650406,0.47368421052631576,116
2023-08-24,1043,136,86,56,50,50,6,0.6323529411764706,0.8928571428571429,136
2023-08-25,1043,111,69,82,41,42,41,0.6216216216216216,0.5,110
2023-08-26,1043,119,81,51,31,38,20,0.680672268907563,0.6078431372549019,112
2023-08-27,1043,140,87,56,37,53,19,0.6214285714285714,0.6607142857142857,124
2023-08-28,1043,116,76,100,30,40,70,0.6551724137931034,0.3,106
2023-08-29,1043,129,77,65,48,52,17,0.5968992248062015,0.7384615384615385,125
2023-08-30,1043,135,95,82,39,40,43,0.7037037037037037,0.47560975609756095,134
2023-08-31,1043,134,85,77,48,49,29,0.6343283582089553,0.6233766233766234,133
2023-09-01,1043,146,70,57,43,76,14,0.4794520547945205,0.7543859649122807,113
2023-09-02,1043,124,93,50,43,31,7,0.75,0.86,136
2023-09-03,1043,125,76,65,45,49,20,0.608,0.6923076923076923,121
2023-09-04,1043,133,78,90,36,55,54,0.5864661654135338,0.4,114
2023-09-05,1043,103,85,56,42,18,14,0.8252427184466019,0.75,127
2023-09-06,1043,101,66,74,38,35,36,0.6534653465346535,0.5135135135135135,104
2023-09-07,1043,147,81,92,40,66,52,0.5510204081632653,0.43478260869565216,121
2023-09-08,1043,111,74,77,36,37,41,0.6666666666666666,0.4675324675324675,110
2023-09-09,1043,116,83,69,47,33,22,0.7155172413793104,0.6811594202898551,130
2023-09-10,1043,135,87,90,45,48,45,0.6444444444444445,0.5,132
2023-09-11,1043,141,69,67,32,72,35,0.48936170212765956,0.47761194029850745,101
2023-09-12,1043,112,87,76,47,25,29,0.7767857142857143,0.618421052631579,134
2023-09-13,1043,111,71,72,30,40,42,0.6396396396396397,0.4166666666666667,101
2023-09-14,1043,124,103,56,34,21,22,0.8306451612903226,0.6071428571428571,137
2023-09-15,1043,124,75,77,41,49,36,0.6048387096774194,0.5324675324675324,116
2023-09-16,1043,113,87,62,48,26,14,0.7699115044247787,0.7741935483870968,135
2023-09-17,1043,129,72,70,34,57,36,0.5581395348837209,0.4857142857142857,106
2023-09-18,1043,143,79,98,51,64,47,0.5524475524475524,0.5204081632653061,130
2023-09-19,1043,134,90,99,34,44,65,0.6716417910447762,0.3434343434343434,124
2023-09-20,1043,139,76,98,33,63,65,0.5467625899280576,0.336734693877551,109
2023-09-21,1043,143,97,78,44,46,34,0.6783216783216783,0.5641025641025641,141
2023-09-22,1043,130,86,86,36,44,50,0.6615384615384615,0.4186046511627907,122
2023-09-23,1043,124,77,87,57,47,30,0.6209677419354839,0.6551724137931034,134
2023-09-24,1043,112,70,77,40,42,37,0.625,0.5194805194805194,110
2023-09-25,1043,140,84,74,42,56,32,0.6,0.5675675675675675,126
2023-09-26,1043,127,72,85,56,55,29,0.5669291338582677,0.6588235294117647,128
2023-09-27,1043,124,84,94,29,40,65,0.6774193548387096,0.30851063829787234,113
2023-09-28,1043,141,86,70,35,55,35,0.6099290780141844,0.5,121
2023-09-29,1043,120,77,55,27,43,28,0.6416666666666667,0.4909090909090909,104
2023-09-30,1043,102,67,63,40,35,23,0.6568627450980392,0.6349206349206349,107
2023-10-01,1043,114,69,96,43,45,53,0.6052631578947368,0.4479166666666667,112
2023-10-02,1043,128,78,50,42,50,8,0.609375,0.84,120
2023-10-03,1043,123,84,88,56,39,32,0.6829268292682927,0.6363636363636364,140
2023-10-04,1043,135,83,86,38,52,48,0.6148148148148148,0.4418604651162791,121
2023-10-05,1043,124,67,93,44,57,49,0.5403225806451613,0.4731182795698925,111
2023-10-06,1043,114,67,60,41,47,19,0.5877192982456141,0.6833333333333333,108
2023-10-07,1043,120,83,80,41,37,39,0.6916666666666667,0.5125,124
2023-10-08,1043,110,87,77,42,23,35,0.7909090909090909,0.5454545454545454,129
2023-10-09,1043,114,72,79,51,42,28,0.631578947368421,0.6455696202531646,123
2023-10-10,1043,128,77,71,44,51,27,0.6015625,0.6197183098591549,121
2023-10-11,1043,141,76,64,31,65,33,0.5390070921985816,0.484375,107
2023-10-12,1043,100,79,77,44,21,33,0.79,0.5714285714285714,123
2023-10-13,1043,121,74,79,37,47,42,0.6115702479338843,0.46835443037974683,111
2023-10-14,1043,131,76,96,32,55,64,0.5801526717557252,0.3333333333333333,108
2023-10-15,1043,140,75,94,58,65,36,0.5357142857142857,0.6170212765957447,133
2023-10-16,1043,138,70,97,40,68,57,0.5072463768115942,0.41237113402061853,110
2023-10-17,1043,112,83,67,35,29,32,0.7410714285714286,0.5223880597014925,118
2023-10-18,1043,103,93,59,44,10,15,0.9029126213592233,0.7457627118644068,137
2023-10-19,1043,107,75,83,29,32,54,0.7009345794392523,0.3493975903614458,104
2023-10-20,1043,113,93,86,34,20,52,0.8230088495575221,0.3953488372093023,127
2023-10-21,1043,122,73,91,44,49,47,0.5983606557377049,0.4835164835164835,117
2023-10-22,1043,141,81,94,45,60,49,0.574468085106383,0.4787234042553192,126
2023-10-23,1043,111,70,100,41,41,59,0.6306306306306306,0.41,111
2023-10-24,1043,109,96,98,39,13,59,0.8807339449541285,0.3979591836734694,135
2023-10-25,1043,143,76,95,33,67,62,0.5314685314685315,0.3473684210526316,109
2023-10-26,1043,136,69,58,43,67,15,0.5073529411764706,0.7413793103448276,112
2023-10-27,1043,133,94,99,43,39,56,0.706766917293233,0.43434343434343436,137
2023-10-28,1043,118,86,88,37,32,51,0.7288135593220338,0.42045454545454547,123
2023-10-29,1043,141,81,63,41,60,22,0.574468085106383,0.6507936507936508,122
2023-10-30,1043,120,67,52,36,53,16,0.5583333333333333,0.6923076923076923,103
2023-10-31,1043,112,64,59,43,48,16,0.5714285714285714,0.7288135593220338,107
2023-11-01,1043,144,109,97,38,35,59,0.7569444444444444,0.3917525773195876,147
2023-11-02,1043,143,85,54,33,58,21,0.5944055944055944,0.6111111111111112,118
2023-11-03,1043,130,69,89,43,61,46,0.5307692307692308,0.48314606741573035,112
2023-11-04,1043,110,71,70,45,39,25,0.6454545454545455,0.6428571428571429,116
2023-11-05,1043,106,78,55,37,28,18,0.7358490566037735,0.6727272727272727,115
2023-11-06,1043,147,93,58,32,54,26,0.6326530612244898,0.5517241379310345,125
2023-11-07,1043,145,90,65,47,55,18,0.6206896551724138,0.7230769230769231,137
2023-11-08,1043,130,82,92,30,48,62,0.6307692307692307,0.32608695652173914,112
2023-11-09,1043,147,79,70,34,68,36,0.5374149659863946,0.4857142857142857,113
2023-11-10,1043,124,72,87,35,52,52,0.5806451612903226,0.40229885057471265,107
2023-11-11,1043,101,75,97,53,26,44,0.7425742574257426,0.5463917525773195,128
2023-11-12,1043,110,92,80,32,18,48,0.8363636363636363,0.4,124
2023-11-13,1043,101,58,85,35,43,50,0.5742574257425742,0.4117647058823529,93
2023-11-14,1043,105,84,95,34,21,61,0.8,0.35789473684210527,118
2023-11-15,1043,142,84,81,32,58,49,0.5915492957746479,0.3950617283950617,116
2023-11-16,1043,107,75,98,30,32,68,0.7009345794392523,0.30612244897959184,105
2023-11-17,1043,148,82,84,43,66,41,0.5540540540540541,0.5119047619047619,125
2023-11-18,1043,115,83,88,51,32,37,0.7217391304347827,0.5795454545454546,134
2023-11-19,1043,138,76,67,34,62,33,0.5507246376811594,0.5074626865671642,110
2023-11-20,1043,101,85,77,46,16,31,0.8415841584158416,0.5974025974025974,131
2023-11-21,1043,117,74,83,42,43,41,0.6324786324786325,0.5060240963855421,116
2023-11-22,1043,107,83,85,37,24,48,0.7757009345794392,0.43529411764705883,120
2023-11-23,1043,142,79,65,39,63,26,0.5563380281690141,0.6,118
2023-11-24,1043,121,85,73,33,36,40,0.7024793388429752,0.4520547945205479,118
2023-11-25,1043,123,88,100,32,35,68,0.7154471544715447,0.32,120
2023-11-26,1043,147,86,89,34,61,55,0.5850340136054422,0.38202247191011235,120
2023-11-27,1043,111,70,66,40,41,26,0.6306306306306306,0.6060606060606061,110
2023-11-28,1043,134,73,95,39,61,56,0.5447761194029851,0.4105263157894737,112
2023-11-29,1043,118,75,62,31,43,31,0.635593220338983,0.5,106
2023-11-30,1043,129,56,53,40,73,13,0.43410852713178294,0.7547169811320755,96
2023-12-01,1043,122,69,86,38,53,48,0.5655737704918032,0.4418604651162791,107
2023-12-02,1043,131,105,76,50,26,26,0.8015267175572519,0.6578947368421053,155
2023-12-03,1043,127,84,53,41,43,12,0.6614173228346457,0.7735849056603774,125
2023-12-04,1043,101,80,92,33,21,59,0.7920792079207921,0.358695652173913,113
2023-12-05,1043,146,65,50,30,81,20,0.4452054794520548,0.6,95
2023-12-06,1043,127,84,61,31,43,30,0.6614173228346457,0.5081967213114754,115
2023-12-07,1043,109,88,70,35,21,35,0.8073394495412844,0.5,123
2023-12-08,1043,141,95,52,33,46,19,0.6737588652482269,0.6346153846153846,128
2023-12-09,1043,144,72,69,50,72,19,0.5,0.7246376811594203,122
2023-12-10,1043,149,77,77,46,72,31,0.5167785234899329,0.5974025974025974,123
2023-12-11,1043,125,83,72,34,42,38,0.664,0.4722222222222222,117
2023-12-12,1043,149,83,51,35,66,16,0.5570469798657718,0.6862745098039216,118
2023-12-13,1043,129,81,68,30,48,38,0.627906976744186,0.4411764705882353,111
2023-12-14,1043,139,74,94,43,65,51,0.5323741007194245,0.4574468085106383,117
2023-12-15,1043,124,96,71,35,28,36,0.7741935483870968,0.49295774647887325,131
2023-12-16,1043,132,86,94,40,46,54,0.6515151515151515,0.425531914893617,126
2023-12-17,1043,142,80,96,53,62,43,0.5633802816901409,0.5520833333333334,133
2023-12-18,1043,114,66,79,41,48,38,0.5789473684210527,0.5189873417721519,107
2023-12-19,1043,111,74,68,34,37,34,0.6666666666666666,0.5,108
2023-12-20,1043,143,69,59,53,74,6,0.4825174825174825,0.8983050847457628,122
2023-12-21,1043,149,76,72,55,73,17,0.5100671140939598,0.7638888888888888,131
2023-12-22,1043,120,82,51,42,38,9,0.6833333333333333,0.8235294117647058,124
2023-12-23,1043,120,84,68,39,36,29,0.7,0.5735294117647058,123
2023-12-24,1043,135,66,90,34,69,56,0.4888888888888889,0.37777777777777777,100
2023-12-25,1043,110,89,65,53,21,12,0.8090909090909091,0.8153846153846154,142
2023-12-26,1043,142,81,70,43,61,27,0.5704225352112676,0.6142857142857143,124
2023-12-27,1043,133,65,95,46,68,49,0.48872180451127817,0.4842105263157895,111
2023-12-28,1043,104,81,53,35,23,18,0.7788461538461539,0.660377358490566,116
2023-12-29,1043,110,62,56,43,48,13,0.5636363636363636,0.7678571428571429,105
2023-12-30,1043,148,86,73,31,62,42,0.581081081081081,0.4246575342465753,117
2023-12-31,1043,135,68,75,30,67,45,0.5037037037037037,0.4,98
2023-01-01,1044,119,76,95,33,43,62,0.6386554621848739,0.3473684210526316,109
2023-01-02,1044,101,101,68,29,0,39,1,0.4264705882352941,130
2023-01-03,1044,132,85,82,41,47,41,0.6439393939393939,0.5,126
2023-01-04,1044,115,80,58,36,35,22,0.6956521739130435,0.6206896551724138,116
2023-01-05,1044,109,81,78,43,28,35,0.7431192660550459,0.5512820512820513,124
2023-01-06,1044,102,93,82,46,9,36,0.9117647058823529,0.5609756097560976,139
2023-01-07,1044,110,99,76,42,11,34,0.9,0.5526315789473685,141
2023-01-08,1044,140,89,94,37,51,57,0.6357142857142857,0.39361702127659576,126
2023-01-09,1044,130,82,68,43,48,25,0.6307692307692307,0.6323529411764706,125
2023-01-10,1044,122,82,85,41,40,44,0.6721311475409836,0.4823529411764706,123
2023-01-11,1044,124,86,60,29,38,31,0.6935483870967742,0.48333333333333334,115
2023-01-12,1044,142,80,76,39,62,37,0.5633802816901409,0.5131578947368421,119
2023-01-13,1044,102,98,64,29,4,35,0.9607843137254902,0.453125,127
2023-01-14,1044,123,87,76,21,36,55,0.7073170731707317,0.27631578947368424,108
2023-01-15,1044,138,89,69,34,49,35,0.644927536231884,0.4927536231884058,123
2023-01-16,1044,115,78,51,33,37,18,0.6782608695652174,0.6470588235294118,111
2023-01-17,1044,112,91,79,42,21,37,0.8125,0.5316455696202531,133
2023-01-18,1044,113,79,98,35,34,63,0.6991150442477876,0.35714285714285715,114
2023-01-19,1044,131,83,90,43,48,47,0.6335877862595419,0.4777777777777778,126
2023-01-20,1044,150,85,72,45,65,27,0.5666666666666667,0.625,130
2023-01-21,1044,110,93,78,50,17,28,0.8454545454545455,0.6410256410256411,143
2023-01-22,1044,105,101,54,36,4,18,0.9619047619047619,0.6666666666666666,137
2023-01-23,1044,145,93,98,53,52,45,0.6413793103448275,0.5408163265306123,146
2023-01-24,1044,139,85,68,46,54,22,0.6115107913669064,0.6764705882352942,131
2023-01-25,1044,106,74,87,45,32,42,0.6981132075471698,0.5172413793103449,119
2023-01-26,1044,120,90,63,33,30,30,0.75,0.5238095238095238,123
2023-01-27,1044,147,107,83,48,40,35,0.7278911564625851,0.5783132530120482,155
2023-01-28,1044,144,53,88,37,91,51,0.3680555555555556,0.42045454545454547,90
2023-01-29,1044,124,74,88,42,50,46,0.5967741935483871,0.4772727272727273,116
2023-01-30,1044,146,89,93,41,57,52,0.6095890410958904,0.44086021505376344,130
2023-01-31,1044,132,59,66,46,73,20,0.44696969696969696,0.696969696969697,105
2023-02-01,1044,141,84,96,45,57,51,0.5957446808510638,0.46875,129
2023-02-02,1044,130,88,78,42,42,36,0.676923076923077,0.5384615384615384,130
2023-02-03,1044,106,79,89,54,27,35,0.7452830188679245,0.6067415730337079,133
2023-02-04,1044,141,74,72,39,67,33,0.524822695035461,0.5416666666666666,113
2023-02-05,1044,102,79,50,39,23,11,0.7745098039215687,0.78,118
2023-02-06,1044,146,95,91,36,51,55,0.6506849315068494,0.3956043956043956,131
2023-02-07,1044,146,79,66,42,67,24,0.541095890410959,0.6363636363636364,121
2023-02-08,1044,117,89,80,32,28,48,0.7606837606837606,0.4,121
2023-02-09,1044,127,78,90,46,49,44,0.6141732283464567,0.5111111111111111,124
2023-02-10,1044,115,79,90,45,36,45,0.6869565217391305,0.5,124
2023-02-11,1044,121,68,87,37,53,50,0.5619834710743802,0.42528735632183906,105
2023-02-12,1044,138,84,100,47,54,53,0.6086956521739131,0.47,131
2023-02-13,1044,128,70,94,39,58,55,0.546875,0.4148936170212766,109
2023-02-14,1044,102,77,87,38,25,49,0.7549019607843137,0.4367816091954023,115
2023-02-15,1044,148,75,56,45,73,11,0.5067567567567568,0.8035714285714286,120
2023-02-16,1044,101,101,90,49,0,41,1,0.5444444444444444,150
2023-02-17,1044,150,83,70,43,67,27,0.5533333333333333,0.6142857142857143,126
2023-02-18,1044,118,81,55,40,37,15,0.6864406779661016,0.7272727272727273,121
2023-02-19,1044,108,83,73,45,25,28,0.7685185185185185,0.6164383561643836,128
2023-02-20,1044,137,77,58,45,60,13,0.5620437956204379,0.7758620689655172,122
2023-02-21,1044,122,94,50,32,28,18,0.7704918032786885,0.64,126
2023-02-22,1044,101,83,78,46,18,32,0.8217821782178217,0.5897435897435898,129
2023-02-23,1044,138,72,50,38,66,12,0.5217391304347826,0.76,110
2023-02-24,1044,119,81,94,45,38,49,0.680672268907563,0.4787234042553192,126
2023-02-25,1044,131,67,85,29,64,56,0.5114503816793893,0.3411764705882353,96
2023-02-26,1044,118,83,64,39,35,25,0.7033898305084746,0.609375,122
2023-02-27,1044,108,93,99,27,15,72,0.8611111111111112,0.2727272727272727,120
2023-02-28,1044,120,79,62,30,41,32,0.6583333333333333,0.4838709677419355,109
2023-03-01,1044,131,86,88,38,45,50,0.6564885496183206,0.4318181818181818,124
2023-03-02,1044,128,87,55,37,41,18,0.6796875,0.6727272727272727,124
2023-03-03,1044,145,78,93,39,67,54,0.5379310344827586,0.41935483870967744,117
2023-03-04,1044,137,83,71,36,54,35,0.6058394160583942,0.5070422535211268,119
2023-03-05,1044,111,67,89,50,44,39,0.6036036036036037,0.5617977528089888,117
2023-03-06,1044,136,93,93,32,43,61,0.6838235294117647,0.34408602150537637,125
2023-03-07,1044,143,91,57,38,52,19,0.6363636363636364,0.6666666666666666,129
2023-03-08,1044,117,75,50,50,42,0,0.6410256410256411,1,125
2023-03-09,1044,126,71,76,38,55,38,0.5634920634920635,0.5,109
2023-03-10,1044,117,75,98,49,42,49,0.6410256410256411,0.5,124
2023-03-11,1044,137,88,97,43,49,54,0.6423357664233577,0.44329896907216493,131
2023-03-12,1044,125,85,76,48,40,28,0.68,0.631578947368421,133
2023-03-13,1044,121,68,96,45,53,51,0.5619834710743802,0.46875,113
2023-03-14,1044,137,83,71,42,54,29,0.6058394160583942,0.5915492957746479,125
2023-03-15,1044,142,74,51,50,68,1,0.5211267605633803,0.9803921568627451,124
2023-03-16,1044,103,89,80,32,14,48,0.8640776699029126,0.4,121
2023-03-17,1044,120,76,69,40,44,29,0.6333333333333333,0.5797101449275363,116
2023-03-18,1044,148,82,53,35,66,18,0.5540540540540541,0.660377358490566,117
2023-03-19,1044,116,71,97,40,45,57,0.6120689655172413,0.41237113402061853,111
2023-03-20,1044,105,74,55,41,31,14,0.7047619047619048,0.7454545454545455,115
2023-03-21,1044,133,69,52,43,64,9,0.518796992481203,0.8269230769230769,112
2023-03-22,1044,118,59,71,40,59,31,0.5,0.5633802816901409,99
2023-03-23,1044,145,91,53,44,54,9,0.6275862068965518,0.8301886792452831,135
2023-03-24,1044,101,81,54,41,20,13,0.801980198019802,0.7592592592592593,122
2023-03-25,1044,104,74,71,33,30,38,0.7115384615384616,0.4647887323943662,107
2023-03-26,1044,134,101,81,44,33,37,0.753731343283582,0.5432098765432098,145
2023-03-27,1044,143,79,97,48,64,49,0.5524475524475524,0.4948453608247423,127
2023-03-28,1044,113,83,56,42,30,14,0.7345132743362832,0.75,125
2023-03-29,1044,131,85,54,52,46,2,0.648854961832061,0.9629629629629629,137
2023-03-30,1044,150,81,76,42,69,34,0.54,0.5526315789473685,123
2023-03-31,1044,129,90,62,32,39,30,0.6976744186046512,0.5161290322580645,122
2023-04-01,1044,123,73,66,37,50,29,0.5934959349593496,0.5606060606060606,110
2023-04-02,1044,102,73,97,35,29,62,0.7156862745098039,0.36082474226804123,108
2023-04-03,1044,135,79,65,40,56,25,0.5851851851851851,0.6153846153846154,119
2023-04-04,1044,107,66,53,36,41,17,0.616822429906542,0.6792452830188679,102
2023-04-05,1044,140,114,53,37,26,16,0.8142857142857143,0.6981132075471698,151
2023-04-06,1044,126,67,78,36,59,42,0.5317460317460317,0.46153846153846156,103
2023-04-07,1044,141,97,99,40,44,59,0.6879432624113475,0.40404040404040403,137
2023-04-08,1044,127,95,55,40,32,15,0.7480314960629921,0.7272727272727273,135
2023-04-09,1044,143,79,68,47,64,21,0.5524475524475524,0.6911764705882353,126
2023-04-10,1044,136,67,80,41,69,39,0.49264705882352944,0.5125,108
2023-04-11,1044,113,70,59,38,43,21,0.6194690265486725,0.6440677966101694,108
2023-04-12,1044,138,83,85,43,55,42,0.6014492753623188,0.5058823529411764,126
2023-04-13,1044,102,79,56,44,23,12,0.7745098039215687,0.7857142857142857,123
2023-04-14,1044,133,81,89,44,52,45,0.6090225563909775,0.4943820224719101,125
2023-04-15,1044,119,83,56,52,36,4,0.6974789915966386,0.9285714285714286,135
2023-04-16,1044,105,83,75,47,22,28,0.7904761904761904,0.6266666666666667,130
2023-04-17,1044,104,71,70,40,33,30,0.6826923076923077,0.5714285714285714,111
2023-04-18,1044,114,74,85,38,40,47,0.6491228070175439,0.4470588235294118,112
2023-04-19,1044,107,69,96,41,38,55,0.6448598130841121,0.4270833333333333,110
2023-04-20,1044,130,74,52,30,56,22,0.5692307692307692,0.5769230769230769,104
2023-04-21,1044,141,71,80,45,70,35,0.5035460992907801,0.5625,116
2023-04-22,1044,113,73,52,51,40,1,0.6460176991150443,0.9807692307692307,124
2023-04-23,1044,112,57,56,36,55,20,0.5089285714285714,0.6428571428571429,93
2023-04-24,1044,133,79,56,36,54,20,0.5939849624060151,0.6428571428571429,115
2023-04-25,1044,126,93,62,45,33,17,0.7380952380952381,0.7258064516129032,138
2023-04-26,1044,110,71,67,39,39,28,0.6454545454545455,0.582089552238806,110
2023-04-27,1044,124,80,59,29,44,30,0.6451612903225806,0.4915254237288136,109
2023-04-28,1044,117,87,96,65,30,31,0.7435897435897436,0.6770833333333334,152
2023-04-29,1044,103,84,77,53,19,24,0.8155339805825242,0.6883116883116883,137
2023-04-30,1044,131,67,92,41,64,51,0.5114503816793893,0.44565217391304346,108
2023-05-01,1044,128,91,99,33,37,66,0.7109375,0.3333333333333333,124
2023-05-02,1044,102,102,74,52,0,22,1,0.7027027027027027,154
2023-05-03,1044,107,79,83,46,28,37,0.7383177570093458,0.5542168674698795,125
2023-05-04,1044,100,72,60,50,28,10,0.72,0.8333333333333334,122
2023-05-05,1044,148,92,68,48,56,20,0.6216216216216216,0.7058823529411765,140
2023-05-06,1044,104,88,71,37,16,34,0.8461538461538461,0.5211267605633803,125
2023-05-07,1044,142,76,96,40,66,56,0.5352112676056338,0.4166666666666667,116
2023-05-08,1044,125,75,92,37,50,55,0.6,0.40217391304347827,112
2023-05-09,1044,137,67,54,40,70,14,0.48905109489051096,0.7407407407407407,107
2023-05-10,1044,148,79,64,33,69,31,0.5337837837837838,0.515625,112
2023-05-11,1044,124,91,70,36,33,34,0.7338709677419355,0.5142857142857142,127
2023-05-12,1044,121,83,73,41,38,32,0.6859504132231405,0.5616438356164384,124
2023-05-13,1044,103,77,50,34,26,16,0.7475728155339806,0.68,111
2023-05-14,1044,126,79,66,43,47,23,0.626984126984127,0.6515151515151515,122
2023-05-15,1044,110,70,99,49,40,50,0.6363636363636364,0.494949494949495,119
2023-05-16,1044,127,84,51,25,43,26,0.6614173228346457,0.49019607843137253,109
2023-05-17,1044,111,85,65,39,26,26,0.7657657657657657,0.6,124
2023-05-18,1044,150,84,53,44,66,9,0.56,0.8301886792452831,128
2023-05-19,1044,133,76,90,39,57,51,0.5714285714285714,0.43333333333333335,115
2023-05-20,1044,136,92,88,32,44,56,0.6764705882352942,0.36363636363636365,124
2023-05-21,1044,131,79,76,48,52,28,0.6030534351145038,0.631578947368421,127
2023-05-22,1044,107,88,60,39,19,21,0.822429906542056,0.65,127
2023-05-23,1044,108,80,69,51,28,18,0.7407407407407407,0.7391304347826086,131
2023-05-24,1044,112,66,89,37,46,52,0.5892857142857143,0.4157303370786517,103
2023-05-25,1044,143,68,63,36,75,27,0.4755244755244755,0.5714285714285714,104
2023-05-26,1044,127,69,56,35,58,21,0.5433070866141733,0.625,104
2023-05-27,1044,133,78,92,39,55,53,0.5864661654135338,0.42391304347826086,117
2023-05-28,1044,144,86,55,53,58,2,0.5972222222222222,0.9636363636363636,139
2023-05-29,1044,135,81,86,46,54,40,0.6,0.5348837209302325,127
2023-05-30,1044,115,91,63,26,24,37,0.7913043478260869,0.4126984126984127,117
2023-05-31,1044,112,75,51,46,37,5,0.6696428571428571,0.9019607843137255,121
2023-06-01,1044,118,99,95,40,19,55,0.8389830508474576,0.42105263157894735,139
2023-06-02,1044,110,88,60,52,22,8,0.8,0.8666666666666667,140
2023-06-03,1044,104,77,89,45,27,44,0.7403846153846154,0.5056179775280899,122
2023-06-04,1044,122,76,94,38,46,56,0.6229508196721312,0.40425531914893614,114
2023-06-05,1044,141,65,83,49,76,34,0.46099290780141844,0.5903614457831325,114
2023-06-06,1044,113,75,71,38,38,33,0.6637168141592921,0.5352112676056338,113
2023-06-07,1044,121,74,53,42,47,11,0.6115702479338843,0.7924528301886793,116
2023-06-08,1044,110,82,82,35,28,47,0.7454545454545455,0.4268292682926829,117
2023-06-09,1044,137,85,98,41,52,57,0.6204379562043796,0.41836734693877553,126
2023-06-10,1044,102,82,68,33,20,35,0.803921568627451,0.4852941176470588,115
2023-06-11,1044,125,82,74,26,43,48,0.656,0.35135135135135137,108
2023-06-12,1044,122,83,87,46,39,41,0.680327868852459,0.5287356321839081,129
2023-06-13,1044,124,83,56,35,41,21,0.6693548387096774,0.625,118
2023-06-14,1044,130,70,66,46,60,20,0.5384615384615384,0.696969696969697,116
2023-06-15,1044,132,81,61,31,51,30,0.6136363636363636,0.5081967213114754,112
2023-06-16,1044,147,92,90,38,55,52,0.6258503401360545,0.4222222222222222,130
2023-06-17,1044,136,102,98,35,34,63,0.75,0.35714285714285715,137
2023-06-18,1044,135,67,77,36,68,41,0.4962962962962963,0.4675324675324675,103
2023-06-19,1044,136,69,50,42,67,8,0.5073529411764706,0.84,111
2023-06-20,1044,119,72,65,46,47,19,0.6050420168067226,0.7076923076923077,118
2023-06-21,1044,143,69,59,38,74,21,0.4825174825174825,0.6440677966101694,107
2023-06-22,1044,145,63,97,42,82,55,0.43448275862068964,0.4329896907216495,105
2023-06-23,1044,136,91,81,36,45,45,0.6691176470588235,0.4444444444444444,127
2023-06-24,1044,124,74,71,40,50,31,0.5967741935483871,0.5633802816901409,114
2023-06-25,1044,126,73,60,32,53,28,0.5793650793650794,0.5333333333333333,105
2023-06-26,1044,103,82,77,45,21,32,0.7961165048543689,0.5844155844155844,127
2023-06-27,1044,138,75,60,37,63,23,0.5434782608695652,0.6166666666666667,112
2023-06-28,1044,127,82,65,36,45,29,0.6456692913385826,0.5538461538461539,118
2023-06-29,1044,146,79,88,50,67,38,0.541095890410959,0.5681818181818182,129
2023-06-30,1044,131,69,68,25,62,43,0.5267175572519084,0.36764705882352944,94
2023-07-01,1044,110,79,65,37,31,28,0.7181818181818181,0.5692307692307692,116
2023-07-02,1044,119,79,57,40,40,17,0.6638655462184874,0.7017543859649122,119
2023-07-03,1044,148,75,100,29,73,71,0.5067567567567568,0.29,104
2023-07-04,1044,110,79,76,37,31,39,0.7181818181818181,0.4868421052631579,116
2023-07-05,1044,101,83,51,45,18,6,0.8217821782178217,0.8823529411764706,128
2023-07-06,1044,149,79,70,36,70,34,0.5302013422818792,0.5142857142857142,115
2023-07-07,1044,109,64,83,39,45,44,0.5871559633027523,0.46987951807228917,103
2023-07-08,1044,109,107,52,25,2,27,0.981651376146789,0.4807692307692308,132
2023-07-09,1044,137,88,61,39,49,22,0.6423357664233577,0.639344262295082,127
2023-07-10,1044,103,80,77,36,23,41,0.7766990291262136,0.4675324675324675,116
2023-07-11,1044,122,78,85,33,44,52,0.639344262295082,0.38823529411764707,111
2023-07-12,1044,134,90,100,44,44,56,0.6716417910447762,0.44,134
2023-07-13,1044,100,68,79,34,32,45,0.68,0.43037974683544306,102
2023-07-14,1044,116,95,59,31,21,28,0.8189655172413793,0.5254237288135594,126
2023-07-15,1044,149,79,67,37,70,30,0.5302013422818792,0.5522388059701493,116
2023-07-16,1044,133,70,53,45,63,8,0.5263157894736842,0.8490566037735849,115
2023-07-17,1044,143,87,77,32,56,45,0.6083916083916084,0.4155844155844156,119
2023-07-18,1044,124,77,85,38,47,47,0.6209677419354839,0.4470588235294118,115
2023-07-19,1044,148,97,65,37,51,28,0.6554054054054054,0.5692307692307692,134
2023-07-20,1044,119,80,66,44,39,22,0.6722689075630253,0.6666666666666666,124
2023-07-21,1044,148,87,57,39,61,18,0.5878378378378378,0.6842105263157895,126
2023-07-22,1044,102,96,98,32,6,66,0.9411764705882353,0.32653061224489793,128
2023-07-23,1044,119,86,90,51,33,39,0.7226890756302521,0.5666666666666667,137
2023-07-24,1044,130,86,63,43,44,20,0.6615384615384615,0.6825396825396826,129
2023-07-25,1044,104,82,87,45,22,42,0.7884615384615384,0.5172413793103449,127
2023-07-26,1044,144,91,90,54,53,36,0.6319444444444444,0.6,145
2023-07-27,1044,138,80,54,30,58,24,0.5797101449275363,0.5555555555555556,110
2023-07-28,1044,109,75,69,36,34,33,0.6880733944954128,0.5217391304347826,111
2023-07-29,1044,121,92,68,41,29,27,0.7603305785123967,0.6029411764705882,133
2023-07-30,1044,123,73,80,43,50,37,0.5934959349593496,0.5375,116
2023-07-31,1044,115,71,61,41,44,20,0.6173913043478261,0.6721311475409836,112
2023-08-01,1044,133,87,88,40,46,48,0.6541353383458647,0.45454545454545453,127
2023-08-02,1044,117,72,79,41,45,38,0.6153846153846154,0.5189873417721519,113
2023-08-03,1044,103,84,71,39,19,32,0.8155339805825242,0.5492957746478874,123
2023-08-04,1044,115,70,76,34,45,42,0.6086956521739131,0.4473684210526316,104
2023-08-05,1044,141,73,50,33,68,17,0.5177304964539007,0.66,106
2023-08-06,1044,147,87,75,48,60,27,0.5918367346938775,0.64,135
2023-08-07,1044,116,80,55,36,36,19,0.6896551724137931,0.6545454545454545,116
2023-08-08,1044,140,71,71,34,69,37,0.5071428571428571,0.4788732394366197,105
2023-08-09,1044,145,80,89,48,65,41,0.5517241379310345,0.5393258426966292,128
2023-08-10,1044,147,74,100,39,73,61,0.5034013605442177,0.39,113
2023-08-11,1044,139,64,96,35,75,61,0.460431654676259,0.3645833333333333,99
2023-08-12,1044,147,60,92,46,87,46,0.40816326530612246,0.5,106
2023-08-13,1044,132,78,61,30,54,31,0.5909090909090909,0.4918032786885246,108
2023-08-14,1044,115,67,93,43,48,50,0.5826086956521739,0.46236559139784944,110
2023-08-15,1044,117,92,69,36,25,33,0.7863247863247863,0.5217391304347826,128
2023-08-16,1044,104,98,69,36,6,33,0.9423076923076923,0.5217391304347826,134
2023-08-17,1044,110,75,80,41,35,39,0.6818181818181818,0.5125,116
2023-08-18,1044,102,76,80,28,26,52,0.7450980392156863,0.35,104
2023-08-19,1044,147,79,78,35,68,43,0.5374149659863946,0.44871794871794873,114
2023-08-20,1044,117,76,70,49,41,21,0.6495726495726496,0.7,125
2023-08-21,1044,122,74,75,45,48,30,0.6065573770491803,0.6,119
2023-08-22,1044,116,87,63,29,29,34,0.75,0.4603174603174603,116
2023-08-23,1044,128,78,82,36,50,46,0.609375,0.43902439024390244,114
2023-08-24,1044,137,88,100,43,49,57,0.6423357664233577,0.43,131
2023-08-25,1044,116,74,99,22,42,77,0.6379310344827587,0.2222222222222222,96
2023-08-26,1044,149,69,66,46,80,20,0.46308724832214765,0.696969696969697,115
2023-08-27,1044,113,80,57,44,33,13,0.7079646017699115,0.7719298245614035,124
2023-08-28,1044,109,76,70,32,33,38,0.6972477064220184,0.45714285714285713,108
2023-08-29,1044,124,76,58,44,48,14,0.6129032258064516,0.7586206896551724,120
2023-08-30,1044,108,81,76,46,27,30,0.75,0.6052631578947368,127
2023-08-31,1044,122,73,86,36,49,50,0.5983606557377049,0.4186046511627907,109
2023-09-01,1044,135,67,92,31,68,61,0.4962962962962963,0.33695652173913043,98
2023-09-02,1044,136,79,63,35,57,28,0.5808823529411765,0.5555555555555556,114
2023-09-03,1044,111,87,59,42,24,17,0.7837837837837838,0.711864406779661,129
2023-09-04,1044,120,81,56,40,39,16,0.675,0.7142857142857143,121
2023-09-05,1044,117,72,52,41,45,11,0.6153846153846154,0.7884615384615384,113
2023-09-06,1044,114,98,77,32,16,45,0.8596491228070176,0.4155844155844156,130
2023-09-07,1044,119,95,57,34,24,23,0.7983193277310925,0.5964912280701754,129
2023-09-08,1044,103,71,100,56,32,44,0.6893203883495146,0.56,127
2023-09-09,1044,115,64,59,35,51,24,0.5565217391304348,0.5932203389830508,99
2023-09-10,1044,139,77,59,32,62,27,0.5539568345323741,0.5423728813559322,109
2023-09-11,1044,138,79,52,44,59,8,0.572463768115942,0.8461538461538461,123
2023-09-12,1044,138,78,70,33,60,37,0.5652173913043478,0.4714285714285714,111
2023-09-13,1044,140,93,51,37,47,14,0.6642857142857143,0.7254901960784313,130
2023-09-14,1044,148,89,62,42,59,20,0.6013513513513513,0.6774193548387096,131
2023-09-15,1044,121,72,81,47,49,34,0.5950413223140496,0.5802469135802469,119
2023-09-16,1044,125,70,58,34,55,24,0.56,0.5862068965517241,104
2023-09-17,1044,113,76,89,40,37,49,0.672566371681416,0.449438202247191,116
2023-09-18,1044,146,65,77,46,81,31,0.4452054794520548,0.5974025974025974,111
2023-09-19,1044,123,79,100,36,44,64,0.6422764227642277,0.36,115
2023-09-20,1044,100,79,69,39,21,30,0.79,0.5652173913043478,118
2023-09-21,1044,134,101,100,39,33,61,0.753731343283582,0.39,140
2023-09-22,1044,103,74,59,46,29,13,0.7184466019417476,0.7796610169491526,120
2023-09-23,1044,128,79,82,45,49,37,0.6171875,0.5487804878048781,124
2023-09-24,1044,134,73,92,32,61,60,0.5447761194029851,0.34782608695652173,105
2023-09-25,1044,106,80,63,29,26,34,0.7547169811320755,0.4603174603174603,109
2023-09-26,1044,107,83,80,44,24,36,0.7757009345794392,0.55,127
2023-09-27,1044,147,63,72,34,84,38,0.42857142857142855,0.4722222222222222,97
2023-09-28,1044,107,76,53,38,31,15,0.7102803738317757,0.71698113207547165,114
2023-09-29,1044,108,80,52,32,28,20,0.7407407407407407,0.6153846153846154,112
2023-09-30,1044,127,76,68,46,51,22,0.5984251968503937,0.6764705882352942,122
2023-10-01,1044,103,72,90,47,31,43,0.6990291262135923,0.5222222222222223,119
2023-10-02,1044,144,85,53,44,59,9,0.5902777777777778,0.8301886792452831,129
2023-10-03,1044,148,90,80,39,58,41,0.6081081081081081,0.4875,129
2023-10-04,1044,104,87,72,42,17,30,0.8365384615384616,0.5833333333333334,129
2023-10-05,1044,147,79,94,34,68,60,0.5374149659863946,0.3617021276595745,113
2023-10-06,1044,144,84,87,42,60,45,0.5833333333333334,0.4827586206896552,126
2023-10-07,1044,148,86,51,51,62,0,0.581081081081081,1,137
2023-10-08,1044,119,82,58,39,37,19,0.6890756302521008,0.6724137931034483,121
2023-10-09,1044,100,74,94,36,26,58,0.74,0.3829787234042553,110
2023-10-10,1044,123,89,62,35,34,27,0.7235772357723578,0.5645161290322581,124
2023-10-11,1044,114,72,84,59,42,25,0.631578947368421,0.7023809523809523,131
2023-10-12,1044,126,83,52,41,43,11,0.6587301587301587,0.7884615384615384,124
2023-10-13,1044,148,89,75,47,59,28,0.6013513513513513,0.6266666666666667,136
2023-10-14,1044,108,83,87,42,25,45,0.7685185185185185,0.4827586206896552,125
2023-10-15,1044,122,83,80,52,39,28,0.680327868852459,0.65,135
2023-10-16,1044,145,101,87,39,44,48,0.696551724137931,0.4482758620689655,140
2023-10-17,1044,128,86,62,43,42,19,0.671875,0.6935483870967742,129
2023-10-18,1044,101,73,83,29,28,54,0.7227722772277227,0.3493975903614458,102
2023-10-19,1044,112,80,90,41,32,49,0.7142857142857143,0.45555555555555555,121
2023-10-20,1044,132,92,69,33,40,36,0.696969696969697,0.4782608695652174,125
2023-10-21,1044,127,86,96,46,41,50,0.6771653543307087,0.4791666666666667,132
2023-10-22,1044,150,70,87,41,80,46,0.4666666666666667,0.47126436781609193,111
2023-10-23,1044,149,66,62,28,83,34,0.4429530201342282,0.45161290322580644,94
2023-10-24,1044,140,80,90,31,60,59,0.5714285714285714,0.34444444444444444,111
2023-10-25,1044,117,66,65,39,51,26,0.5641025641025641,0.6,105
2023-10-26,1044,150,71,73,41,79,32,0.47333333333333333,0.5616438356164384,112
2023-10-27,1044,139,88,58,42,51,16,0.6330935251798561,0.7241379310344828,130
2023-10-28,1044,123,70,89,32,53,57,0.5691056910569106,0.3595505617977528,102
2023-10-29,1044,116,95,88,36,21,52,0.8189655172413793,0.4090909090909091,131
2023-10-30,1044,119,80,72,41,39,31,0.6722689075630253,0.5694444444444444,121
2023-10-31,1044,121,65,65,37,56,28,0.5371900826446281,0.5692307692307692,102
2023-11-01,1044,117,81,61,30,36,31,0.6923076923076923,0.4918032786885246,111
2023-11-02,1044,138,81,68,43,57,25,0.5869565217391305,0.6323529411764706,124
2023-11-03,1044,128,92,68,50,36,18,0.71875,0.7352941176470589,142
2023-11-04,1044,149,85,58,36,64,22,0.5704697986577181,0.6206896551724138,121
2023-11-05,1044,118,76,75,44,42,31,0.6440677966101694,0.5866666666666667,120
2023-11-06,1044,109,74,97,36,35,61,0.6788990825688074,0.3711340206185567,110
2023-11-07,1044,127,81,62,32,46,30,0.6377952755905512,0.5161290322580645,113
2023-11-08,1044,129,69,74,36,60,38,0.5348837209302325,0.4864864864864865,105
2023-11-09,1044,123,68,58,40,55,18,0.5528455284552846,0.6896551724137931,108
2023-11-10,1044,132,78,78,44,54,34,0.5909090909090909,0.5641025641025641,122
2023-11-11,1044,127,66,67,35,61,32,0.5196850393700787,0.5223880597014925,101
2023-11-12,1044,143,83,78,46,60,32,0.5804195804195804,0.5897435897435898,129
2023-11-13,1044,121,73,97,37,48,60,0.6033057851239669,0.38144329896907214,110
2023-11-14,1044,136,83,59,38,53,21,0.6102941176470589,0.6440677966101694,121
2023-11-15,1044,127,85,94,36,42,58,0.6692913385826772,0.3829787234042553,121
2023-11-16,1044,148,72,52,33,76,19,0.4864864864864865,0.6346153846153846,105
2023-11-17,1044,116,89,99,45,27,54,0.7672413793103449,0.45454545454545453,134
2023-11-18,1044,122,88,99,28,34,71,0.7213114754098361,0.2828282828282828,116
2023-11-19,1044,102,85,92,36,17,56,0.8333333333333334,0.391304347826087,121
2023-11-20,1044,118,77,73,37,41,36,0.652542372881356,0.5068493150684932,114
2023-11-21,1044,141,74,76,48,67,28,0.524822695035461,0.631578947368421,122
2023-11-22,1044,123,74,90,42,49,48,0.6016260162601627,0.4666666666666667,116
2023-11-23,1044,143,82,74,40,61,34,0.5734265734265734,0.5405405405405406,122
2023-11-24,1044,100,80,83,45,20,38,0.8,0.54216867469879515,125
2023-11-25,1044,114,73,96,43,41,53,0.6403508771929824,0.4479166666666667,116
2023-11-26,1044,129,71,51,44,58,7,0.5503875968992248,0.8627450980392157,115
2023-11-27,1044,144,76,73,33,68,40,0.5277777777777778,0.4520547945205479,109
2023-11-28,1044,142,81,55,41,61,14,0.5704225352112676,0.7454545454545455,122
2023-11-29,1044,130,80,74,38,50,36,0.6153846153846154,0.5135135135135135,118
2023-11-30,1044,147,85,50,38,62,12,0.5782312925170068,0.76,123
2023-12-01,1044,105,87,82,35,18,47,0.8285714285714286,0.4268292682926829,122
2023-12-02,1044,111,92,96,38,19,58,0.8288288288288288,0.3958333333333333,130
2023-12-03,1044,131,92,64,29,39,35,0.7022900763358778,0.453125,121
2023-12-04,1044,140,86,65,42,54,23,0.6142857142857143,0.6461538461538462,128
2023-12-05,1044,128,63,52,40,65,12,0.4921875,0.7692307692307693,103
2023-12-06,1044,146,79,84,34,67,50,0.541095890410959,0.40476190476190477,113
2023-12-07,1044,145,86,54,50,59,4,0.593103448275862,0.9259259259259259,136
2023-12-08,1044,132,83,90,45,49,45,0.6287878787878788,0.5,128
2023-12-09,1044,126,74,63,45,52,18,0.5873015873015873,0.7142857142857143,119
2023-12-10,1044,130,78,74,35,52,39,0.6,0.47297297297297297,113
2023-12-11,1044,102,92,56,44,10,12,0.9019607843137255,0.7857142857142857,136
2023-12-12,1044,126,91,72,43,35,29,0.7222222222222222,0.5972222222222222,134
2023-12-13,1044,101,66,82,39,35,43,0.6534653465346535,0.47560975609756095,105
2023-12-14,1044,135,72,76,33,63,43,0.5333333333333333,0.4342105263157895,105
2023-12-15,1044,108,90,100,40,18,60,0.8333333333333334,0.4,130
2023-12-16,1044,149,68,92,28,81,64,0.4563758389261745,0.30434782608695654,96
2023-12-17,1044,150,66,61,55,84,6,0.44,0.9016393442622951,121
2023-12-18,1044,115,76,74,41,39,33,0.6608695652173913,0.5540540540540541,117
2023-12-19,1044,143,70,54,37,73,17,0.48951048951048953,0.6851851851851852,107
2023-12-20,1044,130,83,85,40,47,45,0.6384615384615384,0.47058823529411764,123
2023-12-21,1044,150,72,81,34,78,47,0.48,0.41975308641975306,106
2023-12-22,1044,146,72,88,43,74,45,0.4931506849315068,0.48863636363636365,115
2023-12-23,1044,142,93,91,49,49,42,0.6549295774647887,0.5384615384615384,142
2023-12-24,1044,131,82,60,36,49,24,0.6259541984732825,0.6,118
2023-12-25,1044,107,79,64,32,28,32,0.7383177570093458,0.5,111
2023-12-26,1044,131,90,63,45,41,18,0.6870229007633588,0.7142857142857143,135
2023-12-27,1044,105,73,57,48,32,9,0.6952380952380952,0.8421052631578947,121
2023-12-28,1044,107,53,75,39,54,36,0.4953271028037383,0.52,92
2023-12-29,1044,100,74,91,45,26,46,0.74,0.4945054945054945,119
2023-12-30,1044,137,96,80,43,41,37,0.7007299270072993,0.5375,139
2023-12-31,1044,149,75,85,40,74,45,0.5033557046979866,0.47058823529411764,115
2023-01-01,1045,131,73,82,31,58,51,0.5572519083969466,0.3780487804878049,104
2023-01-02,1045,116,79,87,37,37,50,0.6810344827586207,0.42528735632183906,116
2023-01-03,1045,137,82,52,41,55,11,0.5985401459854015,0.7884615384615384,123
2023-01-04,1045,128,90,64,38,38,26,0.703125,0.59375,128
2023-01-05,1045,103,72,94,37,31,57,0.6990291262135923,0.39361702127659576,109
2023-01-06,1045,129,70,68,46,59,22,0.5426356589147286,0.6764705882352942,116
2023-01-07,1045,133,65,72,48,68,24,0.48872180451127817,0.6666666666666666,113
2023-01-08,1045,108,74,94,34,34,60,0.6851851851851852,0.3617021276595745,108
2023-01-09,1045,147,87,63,43,60,20,0.5918367346938775,0.6825396825396826,130
2023-01-10,1045,150,73,70,33,77,37,0.4866666666666667,0.4714285714285714,106
2023-01-11,1045,148,67,50,50,81,0,0.4527027027027027,1,117
2023-01-12,1045,127,95,89,51,32,38,0.7480314960629921,0.5730337078651685,146
2023-01-13,1045,145,84,74,38,61,36,0.5793103448275863,0.5135135135135135,122
2023-01-14,1045,113,77,60,48,36,12,0.6814159292035398,0.8,125
2023-01-15,1045,105,92,63,54,13,9,0.8761904761904762,0.8571428571428571,146
2023-01-16,1045,140,77,69,44,63,25,0.55,0.6376811594202898,121
2023-01-17,1045,101,101,52,42,0,10,1,0.8076923076923077,143
2023-01-18,1045,121,73,66,40,48,26,0.6033057851239669,0.6060606060606061,113
2023-01-19,1045,123,73,72,32,50,40,0.5934959349593496,0.4444444444444444,105
2023-01-20,1045,109,89,52,39,20,13,0.8165137614678899,0.75,128
2023-01-21,1045,120,90,80,36,30,44,0.75,0.45,126
2023-01-22,1045,114,71,90,45,43,45,0.6228070175438597,0.5,116
2023-01-23,1045,127,76,70,54,51,16,0.5984251968503937,0.7714285714285715,130
2023-01-24,1045,125,73,56,36,52,20,0.584,0.6428571428571429,109
2023-01-25,1045,145,90,79,42,55,37,0.6206896551724138,0.5316455696202531,132
2023-01-26,1045,129,76,59,35,53,24,0.5891472868217055,0.5932203389830508,111
2023-01-27,1045,100,86,70,40,14,30,0.86,0.5714285714285714,126
2023-01-28,1045,135,78,62,34,57,28,0.5777777777777777,0.5483870967741935,112
2023-01-29,1045,130,73,82,44,57,38,0.5615384615384615,0.5365853658536586,117
2023-01-30,1045,134,68,99,42,66,57,0.5074626865671642,0.42424242424242425,110
2023-01-31,1045,150,67,50,40,83,10,0.44666666666666666,0.8,107
2023-02-01,1045,104,80,75,39,24,36,0.7692307692307693,0.52,119
2023-02-02,1045,103,97,70,47,6,23,0.941747572815534,0.6714285714285714,144
2023-02-03,1045,100,86,79,45,14,34,0.86,0.569620253164557,131
2023-02-04,1045,115,84,95,54,31,41,0.7304347826086957,0.5684210526315789,138
2023-02-05,1045,148,79,86,34,69,52,0.5337837837837838,0.3953488372093023,113
2023-02-06,1045,104,86,86,48,18,38,0.8269230769230769,0.5581395348837209,134
2023-02-07,1045,131,86,68,41,45,27,0.6564885496183206,0.6029411764705882,127
2023-02-08,1045,148,78,97,37,70,60,0.527027027027027,0.38144329896907214,115
2023-02-09,1045,120,88,67,34,32,33,0.7333333333333333,0.5074626865671642,122
2023-02-10,1045,124,75,59,44,49,15,0.6048387096774194,0.7457627118644068,119
2023-02-11,1045,138,83,83,46,55,37,0.6014492753623188,0.5542168674698795,129
2023-02-12,1045,143,68,61,40,75,21,0.4755244755244755,0.6557377049180327,108
2023-02-13,1045,103,86,60,48,17,12,0.8349514563106796,0.8,134
2023-02-14,1045,140,74,86,34,66,52,0.5285714285714286,0.3953488372093023,108
2023-02-15,1045,127,84,63,51,43,12,0.6614173228346457,0.8095238095238095,135
2023-02-16,1045,106,85,69,44,21,25,0.8018867924528302,0.6376811594202898,129
2023-02-17,1045,149,94,74,38,55,36,0.6308724832214765,0.5135135135135135,132
2023-02-18,1045,110,94,100,42,16,58,0.8545454545454545,0.42,136
2023-02-19,1045,137,79,81,38,58,43,0.5766423357664233,0.4691358024691358,117
2023-02-20,1045,142,90,62,44,52,18,0.6338028169014085,0.7096774193548387,134
2023-02-21,1045,115,72,59,40,43,19,0.6260869565217392,0.6779661016949152,112
2023-02-22,1045,145,90,69,47,55,22,0.6206896551724138,0.6811594202898551,137
2023-02-23,1045,131,95,99,34,36,65,0.7251908396946565,0.3434343434343434,129
2023-02-24,1045,126,87,89,44,39,45,0.6904761904761905,0.4943820224719101,131
2023-02-25,1045,150,75,58,31,75,27,0.5,0.5344827586206896,106
2023-02-26,1045,102,92,70,47,10,23,0.9019607843137255,0.6714285714285714,139
2023-02-27,1045,123,73,71,36,50,35,0.5934959349593496,0.5070422535211268,109
2023-02-28,1045,133,81,99,48,52,51,0.6090225563909775,0.48484848484848486,129
2023-03-01,1045,143,95,81,42,48,39,0.6643356643356644,0.5185185185185185,137
2023-03-02,1045,119,77,58,37,42,21,0.6470588235294118,0.6379310344827587,114
2023-03-03,1045,133,99,90,33,34,57,0.7443609022556391,0.36666666666666664,132
2023-03-04,1045,101,81,87,23,20,64,0.801980198019802,0.26436781609195403,104
2023-03-05,1045,112,73,78,40,39,38,0.6517857142857143,0.5128205128205128,113
2023-03-06,1045,130,87,79,38,43,41,0.6692307692307692,0.4810126582278481,125
2023-03-07,1045,143,84,70,35,59,35,0.5874125874125874,0.5,119
2023-03-08,1045,102,83,54,46,19,8,0.8137254901960784,0.8518518518518519,129
2023-03-09,1045,126,102,53,52,24,1,0.8095238095238095,0.9811320754716981,154
2023-03-10,1045,120,83,77,49,37,28,0.6916666666666667,0.6363636363636364,132
2023-03-11,1045,144,71,76,42,73,34,0.4930555555555556,0.5526315789473685,113
2023-03-12,1045,121,76,85,38,45,47,0.628099173553719,0.4470588235294118,114
2023-03-13,1045,142,86,66,37,56,29,0.6056338028169014,0.5606060606060606,123
2023-03-14,1045,144,77,93,30,67,63,0.5347222222222222,0.3225806451612903,107
2023-03-15,1045,131,76,66,36,55,30,0.5801526717557252,0.5454545454545454,112
2023-03-16,1045,111,88,66,39,23,27,0.7927927927927928,0.5909090909090909,127
2023-03-17,1045,112,91,71,51,21,20,0.8125,0.7183098591549296,142
2023-03-18,1045,135,79,94,44,56,50,0.5851851851851851,0.46808510638297873,123
2023-03-19,1045,128,70,83,43,58,40,0.546875,0.5180722891566265,113
2023-03-20,1045,116,93,56,53,23,3,0.8017241379310345,0.9464285714285714,146
2023-03-21,1045,107,80,80,47,27,33,0.7476635514018691,0.5875,127
2023-03-22,1045,116,71,74,44,45,30,0.6120689655172413,0.5945945945945946,115
2023-03-23,1045,132,83,96,38,49,58,0.6287878787878788,0.3958333333333333,121
2023-03-24,1045,147,89,89,46,58,43,0.6054421768707483,0.5168539325842697,135
2023-03-25,1045,113,72,97,46,41,51,0.6371681415929203,0.4742268041237113,118
2023-03-26,1045,130,73,71,46,57,25,0.5615384615384615,0.647887323943662,119
2023-03-27,1045,115,82,50,37,33,13,0.7130434782608696,0.74,119
2023-03-28,1045,146,84,51,39,62,12,0.5753424657534246,0.7647058823529411,123
2023-03-29,1045,116,84,82,40,32,42,0.7241379310344828,0.4878048780487805,124
2023-03-30,1045,105,70,69,28,35,41,0.6666666666666666,0.4057971014492754,98
2023-03-31,1045,134,72,73,39,62,34,0.5373134328358209,0.5342465753424658,111
2023-04-01,1045,147,77,94,38,70,56,0.5238095238095238,0.40425531914893614,115
2023-04-02,1045,105,80,88,50,25,38,0.7619047619047619,0.5681818181818182,130
2023-04-03,1045,139,71,60,35,68,25,0.5107913669064749,0.5833333333333334,106
2023-04-04,1045,108,74,73,38,34,35,0.6851851851851852,0.5205479452054794,112
2023-04-05,1045,137,68,78,38,69,40,0.49635036496350365,0.48717948717948717,106
2023-04-06,1045,120,80,91,53,40,38,0.6666666666666666,0.5824175824175825,133
2023-04-07,1045,130,87,99,32,43,67,0.6692307692307692,0.32323232323232326,119
2023-04-08,1045,122,77,64,32,45,32,0.6311475409836066,0.5,109
2023-04-09,1045,119,88,98,48,31,50,0.7394957983193278,0.4897959183673469,136
2023-04-10,1045,102,100,59,45,2,14,0.9803921568627451,0.7627118644067796,145
2023-04-11,1045,146,76,63,42,70,21,0.5205479452054794,0.6666666666666666,118
2023-04-12,1045,150,64,65,36,86,29,0.4266666666666667,0.5538461538461539,100
2023-04-13,1045,118,89,70,48,29,22,0.7542372881355932,0.6857142857142857,137
2023-04-14,1045,112,72,66,33,40,33,0.6428571428571429,0.5,105
2023-04-15,1045,140,77,80,52,63,28,0.55,0.65,129
2023-04-16,1045,148,81,100,50,67,50,0.5472972972972973,0.5,131
2023-04-17,1045,102,85,73,53,17,20,0.8333333333333334,0.726027397260274,138
2023-04-18,1045,128,88,69,43,40,26,0.6875,0.6231884057971014,131
2023-04-19,1045,117,84,93,51,33,42,0.717948717948718,0.5483870967741935,135
2023-04-20,1045,130,98,62,45,32,17,0.7538461538461538,0.7258064516129032,143
2023-04-21,1045,132,75,59,37,57,22,0.5681818181818182,0.6271186440677966,112
2023-04-22,1045,148,79,86,38,69,48,0.5337837837837838,0.4418604651162791,117
2023-04-23,1045,148,76,81,46,72,35,0.5135135135135135,0.5679012345679012,122
2023-04-24,1045,107,77,58,43,30,15,0.719626168224299,0.7413793103448276,120
2023-04-25,1045,138,91,66,48,47,18,0.6594202898550725,0.7272727272727273,139
2023-04-26,1045,138,73,50,45,65,5,0.5289855072463768,0.9,118
2023-04-27,1045,116,72,80,34,44,46,0.6206896551724138,0.425,106
2023-04-28,1045,136,70,96,30,66,66,0.5147058823529411,0.3125,100
2023-04-29,1045,110,86,89,50,24,39,0.7818181818181819,0.5617977528089888,136
2023-04-30,1045,125,73,65,33,52,32,0.584,0.5076923076923077,106
2023-05-01,1045,134,81,55,32,53,23,0.6044776119402985,0.5818181818181818,113
2023-05-02,1045,139,86,100,31,53,69,0.6187050359712231,0.31,117
2023-05-03,1045,121,96,71,35,25,36,0.7933884297520661,0.49295774647887325,131
2023-05-04,1045,127,80,82,34,47,48,0.6299212598425197,0.4146341463414634,114
2023-05-05,1045,133,78,96,29,55,67,0.5864661654135338,0.3020833333333333,107
2023-05-06,1045,126,88,67,44,38,23,0.6984126984126984,0.6567164179104478,132
2023-05-07,1045,135,76,97,44,59,53,0.562962962962963,0.4536082474226804,120
2023-05-08,1045,101,94,90,34,7,56,0.9306930693069307,0.37777777777777777,128
2023-05-09,1045,120,83,56,44,37,12,0.6916666666666667,0.7857142857142857,127
2023-05-10,1045,107,75,65,39,32,26,0.7009345794392523,0.6,114
2023-05-11,1045,144,81,63,40,63,23,0.5625,0.6349206349206349,121
2023-05-12,1045,121,85,52,42,36,10,0.7024793388429752,0.8076923076923077,127
2023-05-13,1045,100,85,92,43,15,49,0.85,0.4673913043478261,128
2023-05-14,1045,117,75,87,36,42,51,0.6410256410256411,0.41379310344827586,111
2023-05-15,1045,120,81,88,35,39,53,0.675,0.3977272727272727,116
2023-05-16,1045,142,67,85,47,75,38,0.47183098591549294,0.5529411764705883,114
2023-05-17,1045,123,74,86,33,49,53,0.6016260162601627,0.38372093023255816,107
2023-05-18,1045,146,76,90,40,70,50,0.5205479452054794,0.4444444444444444,116
2023-05-19,1045,112,74,97,44,38,53,0.6607142857142857,0.4536082474226804,118
2023-05-20,1045,125,88,69,39,37,30,0.704,0.5652173913043478,127
2023-05-21,1045,147,76,58,43,71,15,0.5170068027210885,0.7413793103448276,119
2023-05-22,1045,149,90,55,37,59,18,0.6040268456375839,0.6727272727272727,127
2023-05-23,1045,132,83,60,46,49,14,0.6287878787878788,0.7666666666666667,129
2023-05-24,1045,136,92,82,41,44,41,0.6764705882352942,0.5,133
2023-05-25,1045,127,64,54,38,63,16,0.5039370078740157,0.7037037037037037,102
2023-05-26,1045,112,82,96,46,30,50,0.7321428571428571,0.4791666666666667,128
2023-05-27,1045,145,77,53,40,68,13,0.5310344827586206,0.7547169811320755,117
2023-05-28,1045,139,97,70,33,42,37,0.697841726618705,0.4714285714285714,130
2023-05-29,1045,119,85,94,38,34,56,0.7142857142857143,0.40425531914893614,123
2023-05-30,1045,127,79,52,39,48,13,0.6220472440944882,0.75,118
2023-05-31,1045,149,79,56,54,70,2,0.5302013422818792,0.9642857142857143,133
2023-06-01,1045,101,75,61,35,26,26,0.7425742574257426,0.5737704918032787,110
2023-06-02,1045,128,79,57,35,49,22,0.6171875,0.6140350877192983,114
2023-06-03,1045,109,75,70,40,34,30,0.6880733944954128,0.5714285714285714,115
2023-06-04,1045,139,78,96,43,61,53,0.5611510791366906,0.4479166666666667,121
2023-06-05,1045,128,94,58,36,34,22,0.734375,0.6206896551724138,130
2023-06-06,1045,100,85,72,43,15,29,0.85,0.5972222222222222,128
2023-06-07,1045,124,97,86,44,27,42,0.782258064516129,0.5116279069767442,141
2023-06-08,1045,109,81,94,32,28,62,0.7431192660550459,0.3404255319148936,113
2023-06-09,1045,120,75,97,28,45,69,0.625,0.28865979381443296,103
2023-06-10,1045,129,71,65,52,58,13,0.5503875968992248,0.8,123
2023-06-11,1045,138,96,54,38,42,16,0.6956521739130435,0.7037037037037037,134
2023-06-12,1045,135,61,58,47,74,11,0.45185185185185184,0.8103448275862069,108
2023-06-13,1045,126,63,85,33,63,52,0.5,0.38823529411764707,96
2023-06-14,1045,143,67,70,36,76,34,0.46853146853146854,0.5142857142857142,103
2023-06-15,1045,139,79,70,45,60,25,0.5683453237410072,0.6428571428571429,124
2023-06-16,1045,118,78,73,34,40,39,0.6610169491525424,0.4657534246575342,112
2023-06-17,1045,122,78,70,37,44,33,0.639344262295082,0.5285714285714286,115
2023-06-18,1045,136,81,88,35,55,53,0.5955882352941176,0.3977272727272727,116
2023-06-19,1045,130,92,90,39,38,51,0.7076923076923077,0.43333333333333335,131
2023-06-20,1045,115,63,69,36,52,33,0.5478260869565217,0.5217391304347826,99
2023-06-21,1045,130,70,100,36,60,64,0.5384615384615384,0.36,106
2023-06-22,1045,141,79,56,48,62,8,0.5602836879432624,0.8571428571428571,127
2023-06-23,1045,127,87,56,42,40,14,0.6850393700787402,0.75,129
2023-06-24,1045,103,69,73,40,34,33,0.6699029126213593,0.547945205479452,109
2023-06-25,1045,142,75,68,28,67,40,0.528169014084507,0.4117647058823529,103
2023-06-26,1045,131,54,64,29,77,35,0.4122137404580153,0.453125,83
2023-06-27,1045,131,84,89,37,47,52,0.6412213740458015,0.4157303370786517,121
2023-06-28,1045,150,92,86,35,58,51,0.6133333333333333,0.4069767441860465,127
2023-06-29,1045,142,81,75,46,61,29,0.5704225352112676,0.6133333333333333,127
2023-06-30,1045,149,75,53,51,74,2,0.5033557046979866,0.9622641509433962,126
2023-07-01,1045,115,72,70,47,43,23,0.6260869565217392,0.6714285714285714,119
2023-07-02,1045,119,74,87,36,45,51,0.6218487394957983,0.41379310344827586,110
2023-07-03,1045,106,75,82,33,31,49,0.7075471698113207,0.4024390243902439,108
2023-07-04,1045,116,84,65,45,32,20,0.7241379310344828,0.6923076923076923,129
2023-07-05,1045,135,74,75,35,61,40,0.5481481481481482,0.4666666666666667,109
2023-07-06,1045,142,70,80,40,72,40,0.49295774647887325,0.5,110
2023-07-07,1045,149,81,72,36,68,36,0.5436241610738255,0.5,117
2023-07-08,1045,110,88,71,51,22,20,0.8,0.7183098591549296,139
2023-07-09,1045,148,84,98,41,64,57,0.5675675675675675,0.41836734693877553,125
2023-07-10,1045,146,87,73,41,59,32,0.5958904109589042,0.5616438356164384,128
2023-07-11,1045,142,81,54,48,61,6,0.5704225352112676,0.8888888888888888,129
2023-07-12,1045,122,79,100,31,43,69,0.6475409836065574,0.31,110
2023-07-13,1045,150,60,84,33,90,51,0.4,0.39285714285714285,93
2023-07-14,1045,140,78,74,39,62,35,0.5571428571428572,0.527027027027027,117
2023-07-15,1045,140,90,88,47,50,41,0.6428571428571429,0.5340909090909091,137
2023-07-16,1045,100,82,84,41,18,43,0.82,0.4880952380952381,123
2023-07-17,1045,115,73,64,31,42,33,0.6347826086956522,0.484375,104
2023-07-18,1045,132,79,77,55,53,22,0.5984848484848485,0.7142857142857143,134
2023-07-19,1045,102,64,69,34,38,35,0.6274509803921569,0.4927536231884058,98
2023-07-20,1045,144,66,52,40,78,12,0.4583333333333333,0.7692307692307693,106
2023-07-21,1045,142,78,69,45,64,24,0.5492957746478874,0.6521739130434783,123
2023-07-22,1045,118,77,88,48,41,40,0.652542372881356,0.5454545454545454,125
2023-07-23,1045,112,63,91,51,49,40,0.5625,0.5604395604395604,114
2023-07-24,1045,115,63,96,26,52,70,0.5478260869565217,0.2708333333333333,89
2023-07-25,1045,122,76,74,42,46,32,0.6229508196721312,0.5675675675675675,118
2023-07-26,1045,109,66,60,39,43,21,0.6055045871559633,0.65,105
2023-07-27,1045,103,65,61,38,38,23,0.6310679611650486,0.6229508196721312,103
2023-07-28,1045,150,76,53,33,74,20,0.5066666666666667,0.6226415094339622,109
2023-07-29,1045,126,69,65,47,57,18,0.5476190476190477,0.7230769230769231,116
2023-07-30,1045,131,83,94,37,48,57,0.6335877862595419,0.39361702127659576,120
2023-07-31,1045,106,91,61,31,15,30,0.8584905660377359,0.5081967213114754,122
2023-08-01,1045,113,73,85,37,40,48,0.6460176991150443,0.43529411764705883,110
2023-08-02,1045,142,85,51,43,57,8,0.5985915492957746,0.8431372549019608,128
2023-08-03,1045,148,88,72,55,60,17,0.5945945945945946,0.7638888888888888,143
2023-08-04,1045,103,86,76,35,17,41,0.8349514563106796,0.4605263157894737,121
2023-08-05,1045,123,91,100,48,32,52,0.7398373983739838,0.48,139
2023-08-06,1045,130,76,85,40,54,45,0.5846153846153846,0.47058823529411764,116
2023-08-07,1045,108,71,91,39,37,52,0.6574074074074074,0.42857142857142855,110
2023-08-08,1045,139,81,86,48,58,38,0.5827338129496403,0.5581395348837209,129
2023-08-09,1045,121,76,65,43,45,22,0.628099173553719,0.6615384615384615,119
2023-08-10,1045,135,82,69,42,53,27,0.6074074074074074,0.6086956521739131,124
2023-08-11,1045,112,75,88,47,37,41,0.6696428571428571,0.5340909090909091,122
2023-08-12,1045,144,75,64,39,69,25,0.5208333333333334,0.609375,114
2023-08-13,1045,149,80,58,47,69,11,0.5369127516778524,0.8103448275862069,127
2023-08-14,1045,137,95,82,42,42,40,0.6934306569343066,0.5121951219512195,137
2023-08-15,1045,111,78,56,34,33,22,0.7027027027027027,0.6071428571428571,112
2023-08-16,1045,146,79,63,29,67,34,0.541095890410959,0.4603174603174603,108
2023-08-17,1045,149,83,85,42,66,43,0.5570469798657718,0.49411764705882355,125
2023-08-18,1045,120,88,59,49,32,10,0.7333333333333333,0.8305084745762712,137
2023-08-19,1045,100,83,90,42,17,48,0.83,0.4666666666666667,125
2023-08-20,1045,106,69,85,31,37,54,0.6509433962264151,0.36470588235294116,100
2023-08-21,1045,143,65,81,48,78,33,0.45454545454545453,0.5925925925925926,113
2023-08-22,1045,135,93,77,42,42,35,0.6888888888888889,0.5454545454545454,135
2023-08-23,1045,114,68,61,37,46,24,0.5964912280701754,0.6065573770491803,105
2023-08-24,1045,125,79,78,43,46,35,0.632,0.5512820512820513,122
2023-08-25,1045,110,81,69,36,29,33,0.7363636363636363,0.5217391304347826,117
2023-08-26,1045,136,79,84,52,57,32,0.5808823529411765,0.6190476190476191,131
2023-08-27,1045,115,88,59,48,27,11,0.7652173913043478,0.8135593220338984,136
2023-08-28,1045,137,77,98,40,60,58,0.5620437956204379,0.40816326530612246,117
2023-08-29,1045,143,81,87,40,62,47,0.5664335664335665,0.45977011494252873,121
2023-08-30,1045,102,72,51,30,30,21,0.7058823529411765,0.5882352941176471,102
2023-08-31,1045,132,64,54,34,68,20,0.48484848484848486,0.6296296296296297,98
2023-09-01,1045,132,76,67,42,56,25,0.5757575757575758,0.6268656716417911,118
2023-09-02,1045,139,78,90,51,61,39,0.5611510791366906,0.5666666666666667,129
2023-09-03,1045,122,73,96,39,49,57,0.5983606557377049,0.40625,112
2023-09-04,1045,123,99,58,45,24,13,0.8048780487804879,0.7758620689655172,144
2023-09-05,1045,147,78,95,37,69,58,0.5306122448979592,0.3894736842105263,115
2023-09-06,1045,113,76,53,49,37,4,0.672566371681416,0.9245283018867925,125
2023-09-07,1045,123,84,94,46,39,48,0.6829268292682927,0.48936170212765956,130
2023-09-08,1045,103,76,59,39,27,20,0.7378640776699029,0.6610169491525424,115
2023-09-09,1045,145,92,77,50,53,27,0.6344827586206897,0.6493506493506493,142
2023-09-10,1045,145,72,74,31,73,43,0.496551724137931,0.4189189189189189,103
2023-09-11,1045,150,80,89,45,70,44,0.5333333333333333,0.5056179775280899,125
2023-09-12,1045,121,88,70,37,33,33,0.7272727272727273,0.5285714285714286,125
2023-09-13,1045,142,83,88,40,59,48,0.5845070422535211,0.45454545454545453,123
2023-09-14,1045,140,97,86,45,43,41,0.6928571428571428,0.5232558139534884,142
2023-09-15,1045,149,76,52,49,73,3,0.5100671140939598,0.9423076923076923,125
2023-09-16,1045,119,91,73,42,28,31,0.7647058823529411,0.5753424657534246,133
2023-09-17,1045,117,78,70,44,39,26,0.6666666666666666,0.6285714285714286,122
2023-09-18,1045,123,75,65,37,48,28,0.6097560975609756,0.5692307692307692,112
2023-09-19,1045,129,79,99,41,50,58,0.6124031007751938,0.41414141414141414,120
2023-09-20,1045,144,94,79,39,50,40,0.6527777777777778,0.4936708860759494,133
2023-09-21,1045,118,75,77,34,43,43,0.635593220338983,0.44155844155844154,109
2023-09-22,1045,146,67,68,44,79,24,0.4589041095890411,0.6470588235294118,111
2023-09-23,1045,112,89,77,35,23,42,0.7946428571428571,0.45454545454545453,124
2023-09-24,1045,117,88,100,35,29,65,0.7521367521367521,0.35,123
2023-09-25,1045,118,83,75,35,35,40,0.7033898305084746,0.4666666666666667,118
2023-09-26,1045,108,79,62,61,29,1,0.7314814814814815,0.9838709677419355,140
2023-09-27,1045,104,87,100,43,17,57,0.8365384615384616,0.43,130
2023-09-28,1045,111,74,92,29,37,63,0.6666666666666666,0.31521739130434784,103
2023-09-29,1045,149,79,73,33,70,40,0.5302013422818792,0.4520547945205479,112
2023-09-30,1045,116,83,65,46,33,19,0.7155172413793104,0.7076923076923077,129
2023-10-01,1045,141,67,91,34,74,57,0.475177304964539,0.37362637362637363,101
2023-10-02,1045,138,58,94,49,80,45,0.42028985507246375,0.5212765957446809,107
2023-10-03,1045,100,81,80,36,19,44,0.81,0.45,117
2023-10-04,1045,122,111,55,39,11,16,0.9098360655737705,0.7090909090909091,150
2023-10-05,1045,142,80,54,44,62,10,0.5633802816901409,0.8148148148148148,124
2023-10-06,1045,133,99,92,36,34,56,0.7443609022556391,0.391304347826087,135
2023-10-07,1045,145,84,75,40,61,35,0.5793103448275863,0.5333333333333333,124
2023-10-08,1045,139,70,92,47,69,45,0.5035971223021583,0.5108695652173914,117
2023-10-09,1045,103,83,63,46,20,17,0.8058252427184466,0.7301587301587301,129
2023-10-10,1045,117,81,59,37,36,22,0.6923076923076923,0.6271186440677966,118
2023-10-11,1045,132,71,91,31,61,60,0.5378787878787878,0.34065934065934067,102
2023-10-12,1045,132,87,57,40,45,17,0.6590909090909091,0.7017543859649122,127
2023-10-13,1045,129,80,96,42,49,54,0.6201550387596899,0.4375,122
2023-10-14,1045,146,72,69,36,74,33,0.4931506849315068,0.5217391304347826,108
2023-10-15,1045,112,94,54,37,18,17,0.8392857142857143,0.6851851851851852,131
2023-10-16,1045,111,69,97,41,42,56,0.6216216216216216,0.422680412371134,110
2023-10-17,1045,143,67,82,37,76,45,0.46853146853146854,0.45121951219512196,104
2023-10-18,1045,127,100,93,51,27,42,0.7874015748031497,0.5483870967741935,151
2023-10-19,1045,145,91,63,50,54,13,0.6275862068965518,0.7936507936507936,141
2023-10-20,1045,142,71,74,37,71,37,0.5,0.5,108
2023-10-21,1045,121,84,73,47,37,26,0.6942148760330579,0.6438356164383562,131
2023-10-22,1045,133,81,70,41,52,29,0.6090225563909775,0.5857142857142857,122
2023-10-23,1045,115,86,61,35,29,26,0.7478260869565218,0.5737704918032787,121
2023-10-24,1045,126,76,57,30,50,27,0.6031746031746031,0.5263157894736842,106
2023-10-25,1045,103,83,69,34,20,35,0.8058252427184466,0.4927536231884058,117
2023-10-26,1045,114,76,86,54,38,32,0.6666666666666666,0.627906976744186,130
2023-10-27,1045,120,81,55,50,39,5,0.675,0.9090909090909091,131
2023-10-28,1045,112,88,57,44,24,13,0.7857142857142857,0.7719298245614035,132
2023-10-29,1045,106,85,76,39,21,37,0.8018867924528302,0.5131578947368421,124
2023-10-30,1045,108,82,61,39,26,22,0.7592592592592593,0.639344262295082,121
2023-10-31,1045,113,78,58,41,35,17,0.6902654867256637,0.7068965517241379,119
2023-11-01,1045,126,62,81,33,64,48,0.49206349206349204,0.4074074074074074,95
2023-11-02,1045,150,78,85,39,72,46,0.52,0.4588235294117647,117
2023-11-03,1045,142,71,72,40,71,32,0.5,0.5555555555555556,111
2023-11-04,1045,128,70,92,37,58,55,0.546875,0.40217391304347827,107
2023-11-05,1045,141,71,96,41,70,55,0.5035460992907801,0.4270833333333333,112
2023-11-06,1045,148,72,66,38,76,28,0.4864864864864865,0.5757575757575758,110
2023-11-07,1045,131,84,92,43,47,49,0.6412213740458015,0.4673913043478261,127
2023-11-08,1045,108,67,89,47,41,42,0.6203703703703703,0.5280898876404494,114
2023-11-09,1045,142,92,64,43,50,21,0.647887323943662,0.671875,135
2023-11-10,1045,136,85,99,32,51,67,0.625,0.32323232323232326,117
2023-11-11,1045,117,80,98,36,37,62,0.6837606837606838,0.3673469387755102,116
2023-11-12,1045,103,84,73,43,19,30,0.8155339805825242,0.589041095890411,127
2023-11-13,1045,104,86,77,36,18,41,0.8269230769230769,0.4675324675324675,122
2023-11-14,1045,119,74,78,33,45,45,0.6218487394957983,0.4230769230769231,107
2023-11-15,1045,120,67,52,25,53,27,0.5583333333333333,0.4807692307692308,92
2023-11-16,1045,122,83,81,29,39,52,0.680327868852459,0.35802469135802467,112
2023-11-17,1045,110,60,92,47,50,45,0.5454545454545454,0.5108695652173914,107
2023-11-18,1045,145,76,73,30,69,43,0.5241379310344828,0.410958904109589,106
2023-11-19,1045,143,67,62,27,76,35,0.46853146853146854,0.43548387096774194,94
2023-11-20,1045,103,80,97,41,23,56,0.7766990291262136,0.422680412371134,121
2023-11-21,1045,114,95,71,57,19,14,0.8333333333333334,0.8028169014084507,152
2023-11-22,1045,120,76,58,39,44,19,0.6333333333333333,0.6724137931034483,115
2023-11-23,1045,138,81,82,33,57,49,0.5869565217391305,0.4024390243902439,114
2023-11-24,1045,145,78,95,49,67,46,0.5379310344827586,0.5157894736842106,127
2023-11-25,1045,146,96,89,35,50,54,0.6575342465753424,0.39325842696629215,131
2023-11-26,1045,146,69,70,33,77,37,0.4726027397260274,0.4714285714285714,102
2023-11-27,1045,103,63,59,50,40,9,0.6116504854368932,0.847457627118644,113
2023-11-28,1045,100,67,64,36,33,28,0.67,0.5625,103
2023-11-29,1045,124,81,91,38,43,53,0.6532258064516129,0.4175824175824176,119
2023-11-30,1045,141,71,99,42,70,57,0.5035460992907801,0.42424242424242425,113
2023-12-01,1045,148,76,96,41,72,55,0.5135135135135135,0.4270833333333333,117
2023-12-02,1045,141,81,52,39,60,13,0.574468085106383,0.75,120
2023-12-03,1045,103,87,56,33,16,23,0.8446601941747572,0.5892857142857143,120
2023-12-04,1045,144,77,96,41,67,55,0.5347222222222222,0.4270833333333333,118
2023-12-05,1045,101,71,96,35,30,61,0.7029702970297029,0.3645833333333333,106
2023-12-06,1045,121,79,83,37,42,46,0.6528925619834711,0.4457831325301205,116
2023-12-07,1045,117,90,54,45,27,9,0.7692307692307693,0.8333333333333334,135
2023-12-08,1045,130,87,88,43,43,45,0.6692307692307692,0.48863636363636365,130
2023-12-09,1045,144,78,100,33,66,67,0.5416666666666666,0.33,111
2023-12-10,1045,144,85,90,36,59,54,0.5902777777777778,0.4,121
2023-12-11,1045,132,91,98,45,41,53,0.6893939393939394,0.45918367346938777,136
2023-12-12,1045,126,91,83,50,35,33,0.7222222222222222,0.6024096385542169,141
2023-12-13,1045,102,70,69,33,32,36,0.6862745098039216,0.4782608695652174,103
2023-12-14,1045,113,67,91,47,46,44,0.5929203539823009,0.5164835164835165,114
2023-12-15,1045,121,77,69,39,44,30,0.6363636363636364,0.5652173913043478,116
2023-12-16,1045,139,70,80,45,69,35,0.5035971223021583,0.5625,115
2023-12-17,1045,145,89,81,46,56,35,0.6137931034482759,0.5679012345679012,135
2023-12-18,1045,110,70,81,35,40,46,0.6363636363636364,0.43209876543209874,105
2023-12-19,1045,131,75,87,36,56,51,0.5725190839694656,0.41379310344827586,111
2023-12-20,1045,135,75,63,40,60,23,0.5555555555555556,0.6349206349206349,115
2023-12-21,1045,149,84,65,37,65,28,0.5637583892617449,0.5692307692307692,121
2023-12-22,1045,114,78,53,43,36,10,0.6842105263157895,0.8113207547169812,121
2023-12-23,1045,108,99,63,42,9,21,0.9166666666666666,0.6666666666666666,141
2023-12-24,1045,129,72,81,40,57,41,0.5581395348837209,0.49382716049382713,112
2023-12-25,1045,105,70,67,42,35,25,0.6666666666666666,0.6268656716417911,112
2023-12-26,1045,120,71,73,31,49,42,0.5916666666666667,0.4246575342465753,102
2023-12-27,1045,116,74,61,46,42,15,0.6379310344827587,0.7540983606557377,120
2023-12-28,1045,102,90,56,24,12,32,0.8823529411764706,0.42857142857142855,114
2023-12-29,1045,121,64,77,41,57,36,0.5289256198347108,0.5324675324675324,105
2023-12-30,1045,121,87,86,39,34,47,0.71900826446281,0.45348837209302323,126
2023-12-31,1045,144,81,70,39,63,31,0.5625,0.5571428571428572,120
2023-01-01,1046,149,72,88,35,77,53,0.48322147651006714,0.3977272727272727,107
2023-01-02,1046,134,88,81,63,46,18,0.6567164179104478,0.7777777777777778,151
2023-01-03,1046,103,86,63,49,17,14,0.8349514563106796,0.7777777777777778,135
2023-01-04,1046,114,73,85,33,41,52,0.6403508771929824,0.38823529411764707,106
2023-01-05,1046,113,76,96,41,37,55,0.672566371681416,0.4270833333333333,117
2023-01-06,1046,131,92,57,57,39,0,0.7022900763358778,1,149
2023-01-07,1046,137,93,57,39,44,18,0.6788321167883211,0.6842105263157895,132
2023-01-08,1046,123,73,98,51,50,47,0.5934959349593496,0.5204081632653061,124
2023-01-09,1046,133,55,66,46,78,20,0.41353383458646614,0.696969696969697,101
2023-01-10,1046,137,86,52,47,51,5,0.6277372262773723,0.9038461538461539,133
2023-01-11,1046,119,77,80,45,42,35,0.6470588235294118,0.5625,122
2023-01-12,1046,137,82,79,46,55,33,0.5985401459854015,0.5822784810126582,128
2023-01-13,1046,103,75,92,41,28,51,0.7281553398058253,0.44565217391304346,116
2023-01-14,1046,132,95,81,27,37,54,0.7196969696969697,0.3333333333333333,122
2023-01-15,1046,117,117,61,44,0,17,1,0.7213114754098361,161
2023-01-16,1046,120,99,88,40,21,48,0.825,0.45454545454545453,139
2023-01-17,1046,132,74,95,47,58,48,0.5606060606060606,0.49473684210526314,121
2023-01-18,1046,127,80,84,39,47,45,0.6299212598425197,0.4642857142857143,119
2023-01-19,1046,125,88,88,42,37,46,0.704,0.4772727272727273,130
2023-01-20,1046,113,80,80,33,33,47,0.7079646017699115,0.4125,113
2023-01-21,1046,127,82,79,41,45,38,0.6456692913385826,0.5189873417721519,123
2023-01-22,1046,128,85,88,47,43,41,0.6640625,0.5340909090909091,132
2023-01-23,1046,136,87,68,52,49,16,0.6397058823529411,0.7647058823529411,139
2023-01-24,1046,150,79,79,49,71,30,0.5266666666666666,0.620253164556962,128
2023-01-25,1046,103,87,52,40,16,12,0.8446601941747572,0.7692307692307693,127
2023-01-26,1046,141,64,80,40,77,40,0.45390070921985815,0.5,104
2023-01-27,1046,126,72,59,36,54,23,0.5714285714285714,0.6101694915254238,108
2023-01-28,1046,113,68,53,32,45,21,0.6017699115044248,0.6037735849056604,100
2023-01-29,1046,150,81,77,25,69,52,0.54,0.3246753246753247,106
2023-01-30,1046,133,91,61,35,42,26,0.6842105263157895,0.5737704918032787,126
2023-01-31,1046,144,63,64,48,81,16,0.4375,0.75,111
2023-02-01,1046,143,82,87,42,61,45,0.5734265734265734,0.4827586206896552,124
2023-02-02,1046,147,87,60,39,60,21,0.5918367346938775,0.65,126
2023-02-03,1046,144,83,98,44,61,54,0.5763888888888888,0.4489795918367347,127
2023-02-04,1046,150,87,50,40,63,10,0.58,0.8,127
2023-02-05,1046,147,76,70,31,71,39,0.5170068027210885,0.44285714285714284,107
2023-02-06,1046,115,78,51,41,37,10,0.6782608695652174,0.803921568627451,119
2023-02-07,1046,138,67,62,44,71,18,0.4855072463768116,0.7096774193548387,111
2023-02-08,1046,149,70,72,36,79,36,0.4697986577181208,0.5,106
2023-02-09,1046,129,79,56,42,50,14,0.6124031007751938,0.75,121
2023-02-10,1046,117,76,67,49,41,18,0.6495726495726496,0.7313432835820896,125
2023-02-11,1046,125,81,76,56,44,20,0.648,0.7368421052631579,137
2023-02-12,1046,139,71,100,34,68,66,0.5107913669064749,0.34,105
2023-02-13,1046,149,79,50,35,70,15,0.5302013422818792,0.7,114
2023-02-14,1046,140,86,67,32,54,35,0.6142857142857143,0.47761194029850745,118
2023-02-15,1046,143,68,91,40,75,51,0.4755244755244755,0.43956043956043955,108
2023-02-16,1046,110,92,62,45,18,17,0.8363636363636363,0.7258064516129032,137
2023-02-17,1046,134,86,72,41,48,31,0.6417910447761194,0.5694444444444444,127
2023-02-18,1046,129,74,75,34,55,41,0.5736434108527132,0.4533333333333333,108
2023-02-19,1046,148,83,64,45,65,19,0.5608108108108109,0.703125,128
2023-02-20,1046,110,70,61,45,40,16,0.6363636363636364,0.7377049180327869,115
2023-02-21,1046,107,75,64,37,32,27,0.7009345794392523,0.578125,112
2023-02-22,1046,104,79,81,41,25,40,0.7596153846153846,0.5061728395061729,120
2023-02-23,1046,145,65,97,37,80,60,0.4482758620689655,0.38144329896907214,102
2023-02-24,1046,116,75,93,47,41,46,0.646551724137931,0.5053763440860215,122
2023-02-25,1046,119,93,59,49,26,10,0.7815126050420168,0.8305084745762712,142
2023-02-26,1046,118,76,55,44,42,11,0.6440677966101694,0.8,120
2023-02-27,1046,140,78,70,56,62,14,0.5571428571428572,0.8,134
2023-02-28,1046,134,74,52,42,60,10,0.5522388059701493,0.8076923076923077,116
2023-03-01,1046,134,73,87,44,61,43,0.5447761194029851,0.5057471264367817,117
2023-03-02,1046,128,82,83,31,46,52,0.640625,0.37349397590361444,113
2023-03-03,1046,144,80,85,48,64,37,0.5555555555555556,0.5647058823529412,128
2023-03-04,1046,102,71,83,40,31,43,0.696078431372549,0.4819277108433735,111
2023-03-05,1046,126,84,77,47,42,30,0.6666666666666666,0.6103896103896104,131
2023-03-06,1046,120,61,58,43,59,15,0.5083333333333333,0.7413793103448276,104
2023-03-07,1046,131,75,87,35,56,52,0.5725190839694656,0.40229885057471265,110
2023-03-08,1046,143,90,71,40,53,31,0.6293706293706294,0.5633802816901409,130
2023-03-09,1046,121,65,99,40,56,59,0.5371900826446281,0.40404040404040403,105
2023-03-10,1046,144,63,61,34,81,27,0.4375,0.5573770491803278,97
2023-03-11,1046,105,75,68,49,30,19,0.7142857142857143,0.7205882352941176,124
2023-03-12,1046,143,57,55,49,86,6,0.3986013986013986,0.8909090909090909,106
2023-03-13,1046,149,61,96,42,88,54,0.40939597315436244,0.4375,103
2023-03-14,1046,147,77,83,40,70,43,0.5238095238095238,0.4819277108433735,117
2023-03-15,1046,110,91,51,47,19,4,0.8272727272727273,0.9215686274509803,138
2023-03-16,1046,110,95,73,42,15,31,0.8636363636363636,0.5753424657534246,137
2023-03-17,1046,147,77,89,40,70,49,0.5238095238095238,0.449438202247191,117
2023-03-18,1046,118,72,70,42,46,28,0.6101694915254238,0.6,114
2023-03-19,1046,136,81,98,35,55,63,0.5955882352941176,0.35714285714285715,116
2023-03-20,1046,114,82,99,38,32,61,0.7192982456140351,0.3838383838383838,120
2023-03-21,1046,144,85,76,35,59,41,0.5902777777777778,0.4605263157894737,120
2023-03-22,1046,148,97,79,40,51,39,0.6554054054054054,0.5063291139240507,137
2023-03-23,1046,109,87,80,32,22,48,0.7981651376146789,0.4,119
2023-03-24,1046,146,91,65,50,55,15,0.6232876712328768,0.7692307692307693,141
2023-03-25,1046,148,91,96,42,57,54,0.6148648648648649,0.4375,133
2023-03-26,1046,140,78,63,42,62,21,0.5571428571428572,0.6666666666666666,120
2023-03-27,1046,110,79,62,33,31,29,0.7181818181818181,0.532258064516129,112
2023-03-28,1046,142,83,65,47,59,18,0.5845070422535211,0.7230769230769231,130
2023-03-29,1046,147,73,83,35,74,48,0.4965986394557823,0.42168674698795183,108
2023-03-30,1046,109,85,87,45,24,42,0.7798165137614679,0.5172413793103449,130
2023-03-31,1046,111,73,52,49,38,3,0.6576576576576577,0.9423076923076923,122
2023-04-01,1046,114,83,51,38,31,13,0.7280701754385965,0.7450980392156863,121
2023-04-02,1046,106,95,86,31,11,55,0.8962264150943396,0.36046511627906974,126
2023-04-03,1046,109,74,70,37,35,33,0.6788990825688074,0.5285714285714286,111
2023-04-04,1046,104,85,90,36,19,54,0.8173076923076923,0.4,121
2023-04-05,1046,140,72,92,46,68,46,0.5142857142857142,0.5,118
2023-04-06,1046,123,81,52,38,42,14,0.6585365853658537,0.7307692307692307,119
2023-04-07,1046,121,77,91,39,44,52,0.6363636363636364,0.42857142857142855,116
2023-04-08,1046,142,77,66,41,65,25,0.5422535211267606,0.6212121212121212,118
2023-04-09,1046,130,65,58,31,65,27,0.5,0.5344827586206896,96
2023-04-10,1046,145,77,57,32,68,25,0.5310344827586206,0.5614035087719298,109
2023-04-11,1046,146,75,81,50,71,31,0.5136986301369864,0.6172839506172839,125
2023-04-12,1046,116,100,72,42,16,30,0.8620689655172413,0.5833333333333334,142
2023-04-13,1046,124,86,96,41,38,55,0.6935483870967742,0.4270833333333333,127
2023-04-14,1046,128,84,82,36,44,46,0.65625,0.43902439024390244,120
2023-04-15,1046,122,63,98,31,59,67,0.5163934426229508,0.3163265306122449,94
2023-04-16,1046,136,78,79,32,58,47,0.5735294117647058,0.4050632911392405,110
2023-04-17,1046,124,79,89,41,45,48,0.6370967741935484,0.4606741573033708,120
2023-04-18,1046,128,76,99,41,52,58,0.59375,0.41414141414141414,117
2023-04-19,1046,150,92,62,45,58,17,0.6133333333333333,0.7258064516129032,137
2023-04-20,1046,121,82,84,45,39,39,0.6776859504132231,0.5357142857142857,127
2023-04-21,1046,123,97,67,42,26,25,0.7886178861788617,0.6268656716417911,139
2023-04-22,1046,148,90,51,47,58,4,0.6081081081081081,0.9215686274509803,137
2023-04-23,1046,133,80,61,37,53,24,0.6015037593984962,0.6065573770491803,117
2023-04-24,1046,132,71,88,38,61,50,0.5378787878787878,0.4318181818181818,109
2023-04-25,1046,139,79,92,36,60,56,0.5683453237410072,0.391304347826087,115
2023-04-26,1046,103,76,88,40,27,48,0.7378640776699029,0.45454545454545453,116
2023-04-27,1046,127,80,77,44,47,33,0.6299212598425197,0.5714285714285714,124
2023-04-28,1046,142,95,98,50,47,48,0.6690140845070423,0.5102040816326531,145
2023-04-29,1046,103,61,78,43,42,35,0.5922330097087378,0.5512820512820513,104
2023-04-30,1046,113,85,72,38,28,34,0.7522123893805309,0.5277777777777778,123
2023-05-01,1046,132,76,58,38,56,20,0.5757575757575758,0.6551724137931034,114
2023-05-02,1046,122,63,72,50,59,22,0.5163934426229508,0.6944444444444444,113
2023-05-03,1046,100,87,52,30,13,22,0.87,0.5769230769230769,117
2023-05-04,1046,142,79,87,36,63,51,0.5563380281690141,0.41379310344827586,115
2023-05-05,1046,124,80,59,35,44,24,0.6451612903225806,0.5932203389830508,115
2023-05-06,1046,106,76,94,47,30,47,0.71698113207547165,0.5,123
2023-05-07,1046,147,75,68,24,72,44,0.5102040816326531,0.35294117647058826,99
2023-05-08,1046,124,79,77,34,45,43,0.6370967741935484,0.44155844155844154,113
2023-05-09,1046,140,81,81,28,59,53,0.5785714285714286,0.345679012345679,109
2023-05-10,1046,128,85,84,33,43,51,0.6640625,0.39285714285714285,118
2023-05-11,1046,140,78,82,32,62,50,0.5571428571428572,0.3902439024390244,110
2023-05-12,1046,118,70,63,38,48,25,0.5932203389830508,0.6031746031746031,108
2023-05-13,1046,104,92,83,28,12,55,0.8846153846153846,0.3373493975903614,120
2023-05-14,1046,102,66,91,35,36,56,0.6470588235294118,0.38461538461538464,101
2023-05-15,1046,110,72,60,36,38,24,0.6545454545454545,0.6,108
2023-05-16,1046,105,71,60,32,34,28,0.6761904761904762,0.5333333333333333,103
2023-05-17,1046,146,79,62,43,67,19,0.541095890410959,0.6935483870967742,122
2023-05-18,1046,111,73,61,39,38,22,0.6576576576576577,0.639344262295082,112
2023-05-19,1046,113,66,84,34,47,50,0.584070796460177,0.40476190476190477,100
2023-05-20,1046,107,74,86,28,33,58,0.6915887850467289,0.32558139534883723,102
2023-05-21,1046,134,72,87,45,62,42,0.5373134328358209,0.5172413793103449,117
2023-05-22,1046,139,83,98,36,56,62,0.5971223021582733,0.3673469387755102,119
2023-05-23,1046,110,91,96,47,19,49,0.8272727272727273,0.4895833333333333,138
2023-05-24,1046,144,88,97,46,56,51,0.6111111111111112,0.4742268041237113,134
2023-05-25,1046,114,86,91,33,28,58,0.7543859649122807,0.3626373626373626,119
2023-05-26,1046,139,71,60,43,68,17,0.5107913669064749,0.7166666666666667,114
2023-05-27,1046,109,74,92,40,35,52,0.6788990825688074,0.43478260869565216,114
2023-05-28,1046,135,80,74,35,55,39,0.5925925925925926,0.47297297297297297,115
2023-05-29,1046,131,89,88,51,42,37,0.6793893129770993,0.5795454545454546,140
2023-05-30,1046,113,81,94,34,32,60,0.7168141592920354,0.3617021276595745,115
2023-05-31,1046,129,85,80,35,44,45,0.6589147286821705,0.4375,120
2023-06-01,1046,124,71,72,46,53,26,0.5725806451612904,0.6388888888888888,117
2023-06-02,1046,102,77,83,30,25,53,0.7549019607843137,0.3614457831325301,107
2023-06-03,1046,129,69,94,28,60,66,0.5348837209302325,0.2978723404255319,97
2023-06-04,1046,120,74,59,48,46,11,0.6166666666666667,0.8135593220338984,122
2023-06-05,1046,136,80,93,33,56,60,0.5882352941176471,0.3548387096774194,113
2023-06-06,1046,126,90,54,54,36,0,0.7142857142857143,1,144
2023-06-07,1046,117,79,50,50,38,0,0.6752136752136753,1,129
2023-06-08,1046,147,79,60,32,68,28,0.5374149659863946,0.5333333333333333,111
2023-06-09,1046,119,69,97,34,50,63,0.5798319327731093,0.35051546391752575,103
2023-06-10,1046,145,70,71,32,75,39,0.4827586206896552,0.4507042253521127,102
2023-06-11,1046,110,75,98,38,35,60,0.6818181818181818,0.3877551020408163,113
2023-06-12,1046,149,79,65,38,70,27,0.5302013422818792,0.5846153846153846,117
2023-06-13,1046,120,80,71,33,40,38,0.6666666666666666,0.4647887323943662,113
2023-06-14,1046,137,80,79,23,57,56,0.583941605839416,0.2911392405063291,103
2023-06-15,1046,128,74,55,34,54,21,0.578125,0.6181818181818182,108
2023-06-16,1046,122,85,52,43,37,9,0.6967213114754098,0.8269230769230769,128
2023-06-17,1046,105,73,60,44,32,16,0.6952380952380952,0.7333333333333333,117
2023-06-18,1046,108,74,52,34,34,18,0.6851851851851852,0.6538461538461539,108
2023-06-19,1046,132,86,72,53,46,19,0.6515151515151515,0.7361111111111112,139
2023-06-20,1046,102,67,77,35,35,42,0.6568627450980392,0.45454545454545453,102
2023-06-21,1046,116,80,62,50,36,12,0.6896551724137931,0.8064516129032258,130
2023-06-22,1046,108,74,51,48,34,3,0.6851851851851852,0.9411764705882353,122
2023-06-23,1046,143,79,66,40,64,26,0.5524475524475524,0.6060606060606061,119
2023-06-24,1046,110,97,61,47,13,14,0.8818181818181818,0.7704918032786885,144
2023-06-25,1046,149,86,67,46,63,21,0.5771812080536913,0.6865671641791045,132
2023-06-26,1046,112,89,58,36,23,22,0.7946428571428571,0.6206896551724138,125
2023-06-27,1046,112,79,71,42,33,29,0.7053571428571429,0.5915492957746479,121
2023-06-28,1046,100,78,66,34,22,32,0.78,0.5151515151515151,112
2023-06-29,1046,112,81,71,36,31,35,0.7232142857142857,0.5070422535211268,117
2023-06-30,1046,119,74,71,41,45,30,0.6218487394957983,0.5774647887323944,115
2023-07-01,1046,143,99,69,40,44,29,0.6923076923076923,0.5797101449275363,139
2023-07-02,1046,149,84,52,39,65,13,0.5637583892617449,0.75,123
2023-07-03,1046,145,80,75,39,65,36,0.5517241379310345,0.52,119
2023-07-04,1046,116,84,76,42,32,34,0.7241379310344828,0.5526315789473685,126
2023-07-05,1046,148,86,51,26,62,25,0.581081081081081,0.5098039215686274,112
2023-07-06,1046,111,70,75,43,41,32,0.6306306306306306,0.5733333333333334,113
2023-07-07,1046,101,85,71,49,16,22,0.8415841584158416,0.6901408450704225,134
2023-07-08,1046,124,91,65,30,33,35,0.7338709677419355,0.46153846153846156,121
2023-07-09,1046,132,67,60,55,65,5,0.5075757575757576,0.9166666666666666,122
2023-07-10,1046,138,77,69,38,61,31,0.5579710144927537,0.5507246376811594,115
2023-07-11,1046,102,73,65,47,29,18,0.7156862745098039,0.7230769230769231,120
2023-07-12,1046,140,81,61,35,59,26,0.5785714285714286,0.5737704918032787,116
2023-07-13,1046,108,87,52,34,21,18,0.8055555555555556,0.6538461538461539,121
2023-07-14,1046,120,81,79,38,39,41,0.675,0.4810126582278481,119
2023-07-15,1046,112,74,56,37,38,19,0.6607142857142857,0.6607142857142857,111
2023-07-16,1046,143,71,71,49,72,22,0.4965034965034965,0.6901408450704225,120
2023-07-17,1046,139,87,67,46,52,21,0.6258992805755396,0.6865671641791045,133
2023-07-18,1046,132,78,78,29,54,49,0.5909090909090909,0.3717948717948718,107
2023-07-19,1046,142,94,65,35,48,30,0.6619718309859155,0.5384615384615384,129
2023-07-20,1046,100,80,75,44,20,31,0.8,0.5866666666666667,124
2023-07-21,1046,128,81,63,36,47,27,0.6328125,0.5714285714285714,117
2023-07-22,1046,147,66,91,42,81,49,0.4489795918367347,0.46153846153846156,108
2023-07-23,1046,141,77,97,31,64,66,0.5460992907801419,0.31958762886597936,108
2023-07-24,1046,138,75,97,44,63,53,0.5434782608695652,0.4536082474226804,119
2023-07-25,1046,106,78,61,50,28,11,0.7358490566037735,0.819672131147541,128
2023-07-26,1046,112,83,55,37,29,18,0.7410714285714286,0.6727272727272727,120
2023-07-27,1046,133,78,66,43,55,23,0.5864661654135338,0.6515151515151515,121
2023-07-28,1046,106,66,56,41,40,15,0.6226415094339622,0.7321428571428571,107
2023-07-29,1046,139,92,79,40,47,39,0.6618705035971223,0.5063291139240507,132
2023-07-30,1046,147,72,65,48,75,17,0.4897959183673469,0.7384615384615385,120
2023-07-31,1046,116,68,74,37,48,37,0.5862068965517241,0.5,105
2023-08-01,1046,111,69,61,47,42,14,0.6216216216216216,0.7704918032786885,116
2023-08-02,1046,132,95,64,35,37,29,0.7196969696969697,0.546875,130
2023-08-03,1046,137,82,66,38,55,28,0.5985401459854015,0.5757575757575758,120
2023-08-04,1046,111,86,83,36,25,47,0.7747747747747747,0.43373493975903615,122
2023-08-05,1046,115,96,74,36,19,38,0.8347826086956521,0.4864864864864865,132
2023-08-06,1046,139,83,72,32,56,40,0.5971223021582733,0.4444444444444444,115
2023-08-07,1046,118,80,62,42,38,20,0.6779661016949152,0.6774193548387096,122
2023-08-08,1046,135,86,63,45,49,18,0.6370370370370371,0.7142857142857143,131
2023-08-09,1046,125,100,51,39,25,12,0.8,0.7647058823529411,139
2023-08-10,1046,123,102,97,31,21,66,0.8292682926829268,0.31958762886597936,133
2023-08-11,1046,105,85,72,44,20,28,0.8095238095238095,0.6111111111111112,129
2023-08-12,1046,105,89,78,35,16,43,0.8476190476190476,0.44871794871794873,124
2023-08-13,1046,106,85,92,46,21,46,0.8018867924528302,0.5,131
2023-08-14,1046,136,70,55,30,66,25,0.5147058823529411,0.5454545454545454,100
2023-08-15,1046,118,77,80,36,41,44,0.652542372881356,0.45,113
2023-08-16,1046,129,74,86,45,55,41,0.5736434108527132,0.5232558139534884,119
2023-08-17,1046,106,67,55,35,39,20,0.6320754716981132,0.6363636363636364,102
2023-08-18,1046,140,79,58,38,61,20,0.5642857142857143,0.6551724137931034,117
2023-08-19,1046,130,87,59,46,43,13,0.6692307692307692,0.7796610169491526,133
2023-08-20,1046,119,79,58,34,40,24,0.6638655462184874,0.5862068965517241,113
2023-08-21,1046,109,79,96,27,30,69,0.7247706422018348,0.28125,106
2023-08-22,1046,116,88,100,31,28,69,0.7586206896551724,0.31,119
2023-08-23,1046,101,76,62,46,25,16,0.7524752475247525,0.7419354838709677,122
2023-08-24,1046,120,72,78,42,48,36,0.6,0.5384615384615384,114
2023-08-25,1046,133,75,96,33,58,63,0.5639097744360902,0.34375,108
2023-08-26,1046,112,84,69,43,28,26,0.75,0.6231884057971014,127
2023-08-27,1046,132,81,55,34,51,21,0.6136363636363636,0.6181818181818182,115
2023-08-28,1046,109,73,82,40,36,42,0.6697247706422018,0.4878048780487805,113
2023-08-29,1046,107,92,81,42,15,39,0.8598130841121495,0.5185185185185185,134
2023-08-30,1046,126,91,77,40,35,37,0.7222222222222222,0.5194805194805194,131
2023-08-31,1046,138,76,85,33,62,52,0.5507246376811594,0.38823529411764707,109
2023-09-01,1046,113,88,66,32,25,34,0.7787610619469026,0.48484848484848486,120
2023-09-02,1046,140,84,80,41,56,39,0.6,0.5125,125
2023-09-03,1046,112,78,82,35,34,47,0.6964285714285714,0.4268292682926829,113
2023-09-04,1046,140,86,75,53,54,22,0.6142857142857143,0.7066666666666667,139
2023-09-05,1046,119,75,53,45,44,8,0.6302521008403361,0.8490566037735849,120
2023-09-06,1046,106,89,94,37,17,57,0.839622641509434,0.39361702127659576,126
2023-09-07,1046,124,64,66,32,60,34,0.5161290322580645,0.48484848484848486,96
2023-09-08,1046,131,65,99,45,66,54,0.4961832061068702,0.45454545454545453,110
2023-09-09,1046,122,74,79,44,48,35,0.6065573770491803,0.5569620253164557,118
2023-09-10,1046,126,89,58,53,37,5,0.7063492063492064,0.9137931034482759,142
2023-09-11,1046,111,81,79,34,30,45,0.7297297297297297,0.43037974683544306,115
2023-09-12,1046,103,85,60,29,18,31,0.8252427184466019,0.48333333333333334,114
2023-09-13,1046,147,80,92,30,67,62,0.54421768707483,0.32608695652173914,110
2023-09-14,1046,124,74,55,35,50,20,0.5967741935483871,0.6363636363636364,109
2023-09-15,1046,134,83,54,49,51,5,0.6194029850746269,0.9074074074074074,132
2023-09-16,1046,138,94,93,46,44,47,0.6811594202898551,0.4946236559139785,140
2023-09-17,1046,112,82,72,45,30,27,0.7321428571428571,0.625,127
2023-09-18,1046,135,69,73,38,66,35,0.5111111111111111,0.5205479452054794,107
2023-09-19,1046,136,105,82,45,31,37,0.7720588235294118,0.5487804878048781,150
2023-09-20,1046,147,68,68,38,79,30,0.46258503401360546,0.5588235294117647,106
2023-09-21,1046,133,86,100,39,47,61,0.6466165413533834,0.39,125
2023-09-22,1046,136,80,79,36,56,43,0.5882352941176471,0.45569620253164556,116
2023-09-23,1046,146,75,83,42,71,41,0.5136986301369864,0.5060240963855421,117
2023-09-24,1046,120,87,69,42,33,27,0.725,0.6086956521739131,129
2023-09-25,1046,149,73,82,38,76,44,0.4899328859060403,0.4634146341463415,111
2023-09-26,1046,147,79,88,39,68,49,0.5374149659863946,0.4431818181818182,118
2023-09-27,1046,101,64,87,56,37,31,0.6336633663366337,0.6436781609195402,120
2023-09-28,1046,132,76,65,36,56,29,0.5757575757575758,0.5538461538461539,112
2023-09-29,1046,103,82,50,31,21,19,0.7961165048543689,0.62,113
2023-09-30,1046,134,93,81,36,41,45,0.6940298507462687,0.4444444444444444,129
2023-10-01,1046,117,83,64,41,34,23,0.7094017094017094,0.640625,124
2023-10-02,1046,137,71,93,39,66,54,0.5182481751824818,0.41935483870967744,110
2023-10-03,1046,119,78,56,44,41,12,0.6554621848739496,0.7857142857142857,122
2023-10-04,1046,136,67,87,49,69,38,0.49264705882352944,0.5632183908045977,116
2023-10-05,1046,127,79,72,37,48,35,0.6220472440944882,0.5138888888888888,116
2023-10-06,1046,139,87,94,44,52,50,0.6258992805755396,0.46808510638297873,131
2023-10-07,1046,150,71,94,37,79,57,0.47333333333333333,0.39361702127659576,108
2023-10-08,1046,101,75,57,32,26,25,0.7425742574257426,0.5614035087719298,107
2023-10-09,1046,143,73,53,34,70,19,0.5104895104895105,0.6415094339622641,107
2023-10-10,1046,149,72,98,31,77,67,0.48322147651006714,0.3163265306122449,103
2023-10-11,1046,135,74,94,51,61,43,0.5481481481481482,0.5425531914893617,125
2023-10-12,1046,114,85,63,40,29,23,0.7456140350877193,0.6349206349206349,125
2023-10-13,1046,149,82,72,50,67,22,0.5503355704697986,0.6944444444444444,132
2023-10-14,1046,130,85,94,35,45,59,0.6538461538461539,0.3723404255319149,120
2023-10-15,1046,132,74,89,58,58,31,0.5606060606060606,0.651685393258427,132
2023-10-16,1046,150,87,70,52,63,18,0.58,0.7428571428571429,139
2023-10-17,1046,105,83,56,51,22,5,0.7904761904761904,0.9107142857142857,134
2023-10-18,1046,120,79,77,37,41,40,0.6583333333333333,0.4805194805194805,116
2023-10-19,1046,108,71,88,37,37,51,0.6574074074074074,0.42045454545454547,108
2023-10-20,1046,117,63,85,49,54,36,0.5384615384615384,0.5764705882352941,112
2023-10-21,1046,147,90,79,38,57,41,0.6122448979591837,0.4810126582278481,128
2023-10-22,1046,128,101,81,37,27,44,0.7890625,0.4567901234567901,138
2023-10-23,1046,100,98,78,46,2,32,0.98,0.5897435897435898,144
2023-10-24,1046,144,74,93,27,70,66,0.5138888888888888,0.2903225806451613,101
2023-10-25,1046,116,78,76,39,38,37,0.6724137931034483,0.5131578947368421,117
2023-10-26,1046,121,69,56,45,52,11,0.5702479338842975,0.8035714285714286,114
2023-10-27,1046,131,74,70,42,57,28,0.5648854961832062,0.6,116
2023-10-28,1046,131,68,77,44,63,33,0.5190839694656488,0.5714285714285714,112
2023-10-29,1046,122,79,52,45,43,7,0.6475409836065574,0.8653846153846154,124
2023-10-30,1046,107,77,81,34,30,47,0.719626168224299,0.41975308641975306,111
2023-10-31,1046,147,93,79,43,54,36,0.6326530612244898,0.5443037974683544,136
2023-11-01,1046,100,67,66,41,33,25,0.67,0.6212121212121212,108
2023-11-02,1046,127,78,78,33,49,45,0.6141732283464567,0.4230769230769231,111
2023-11-03,1046,103,65,71,38,38,33,0.6310679611650486,0.5352112676056338,103
2023-11-04,1046,102,79,91,37,23,54,0.7745098039215687,0.4065934065934066,116
2023-11-05,1046,104,61,55,44,43,11,0.5865384615384616,0.8,105
2023-11-06,1046,133,93,69,40,40,29,0.6992481203007519,0.5797101449275363,133
2023-11-07,1046,127,69,80,38,58,42,0.5433070866141733,0.475,107
2023-11-08,1046,111,69,84,39,42,45,0.6216216216216216,0.4642857142857143,108
2023-11-09,1046,141,78,74,42,63,32,0.5531914893617021,0.5675675675675675,120
2023-11-10,1046,143,81,86,35,62,51,0.5664335664335665,0.4069767441860465,116
2023-11-11,1046,137,76,81,50,61,31,0.5547445255474452,0.6172839506172839,126
2023-11-12,1046,110,70,88,48,40,40,0.6363636363636364,0.5454545454545454,118
2023-11-13,1046,110,93,60,36,17,24,0.8454545454545455,0.6,129
2023-11-14,1046,135,80,97,39,55,58,0.5925925925925926,0.4020618556701031,119
2023-11-15,1046,149,61,69,44,88,25,0.40939597315436244,0.6376811594202898,105
2023-11-16,1046,118,78,63,41,40,22,0.6610169491525424,0.6507936507936508,119
2023-11-17,1046,103,75,75,39,28,36,0.7281553398058253,0.52,114
2023-11-18,1046,145,93,83,38,52,45,0.6413793103448275,0.4578313253012048,131
2023-11-19,1046,111,67,69,47,44,22,0.6036036036036037,0.6811594202898551,114
2023-11-20,1046,148,64,93,47,84,46,0.43243243243243246,0.5053763440860215,111
2023-11-21,1046,107,67,62,40,40,22,0.6261682242990654,0.6451612903225806,107
2023-11-22,1046,107,89,65,37,18,28,0.8317757009345794,0.5692307692307692,126
2023-11-23,1046,103,76,68,37,27,31,0.7378640776699029,0.5441176470588235,113
2023-11-24,1046,125,65,72,35,60,37,0.52,0.4861111111111111,100
2023-11-25,1046,127,88,68,44,39,24,0.6929133858267716,0.6470588235294118,132
2023-11-26,1046,132,76,72,45,56,27,0.5757575757575758,0.625,121
2023-11-27,1046,115,90,61,46,25,15,0.782608695652174,0.7540983606557377,136
2023-11-28,1046,103,84,90,50,19,40,0.8155339805825242,0.5555555555555556,134
2023-11-29,1046,114,78,89,43,36,46,0.6842105263157895,0.48314606741573035,121
2023-11-30,1046,100,72,79,38,28,41,0.72,0.4810126582278481,110
2023-12-01,1046,129,83,79,47,46,32,0.6434108527131783,0.5949367088607594,130
2023-12-02,1046,100,78,74,34,22,40,0.78,0.4594594594594595,112
2023-12-03,1046,117,74,97,50,43,47,0.6324786324786325,0.5154639175257731,124
2023-12-04,1046,133,82,94,50,51,44,0.6165413533834586,0.5319148936170213,132
2023-12-05,1046,148,68,73,34,80,39,0.4594594594594595,0.4657534246575342,102
2023-12-06,1046,145,91,85,36,54,49,0.6275862068965518,0.4235294117647059,127
2023-12-07,1046,122,87,70,28,35,42,0.7131147540983607,0.4,115
2023-12-08,1046,150,84,60,42,66,18,0.56,0.7,126
2023-12-09,1046,109,59,81,47,50,34,0.5412844036697247,0.5802469135802469,106
2023-12-10,1046,144,96,91,40,48,51,0.6666666666666666,0.43956043956043955,136
2023-12-11,1046,108,59,67,45,49,22,0.5462962962962963,0.6716417910447762,104
2023-12-12,1046,142,85,98,35,57,63,0.5985915492957746,0.35714285714285715,120
2023-12-13,1046,139,83,57,43,56,14,0.5971223021582733,0.7543859649122807,126
2023-12-14,1046,129,87,55,37,42,18,0.6744186046511628,0.6727272727272727,124
2023-12-15,1046,101,85,68,55,16,13,0.8415841584158416,0.8088235294117647,140
2023-12-16,1046,136,88,61,33,48,28,0.6470588235294118,0.5409836065573771,121
2023-12-17,1046,126,74,52,35,52,17,0.5873015873015873,0.6730769230769231,109
2023-12-18,1046,140,79,72,41,61,31,0.5642857142857143,0.5694444444444444,120
2023-12-19,1046,129,62,98,39,67,59,0.4806201550387597,0.3979591836734694,101
2023-12-20,1046,100,97,53,36,3,17,0.97,0.6792452830188679,133
2023-12-21,1046,113,86,77,37,27,40,0.7610619469026548,0.4805194805194805,123
2023-12-22,1046,140,77,95,37,63,58,0.55,0.3894736842105263,114
2023-12-23,1046,117,81,86,54,36,32,0.6923076923076923,0.627906976744186,135
2023-12-24,1046,132,75,85,37,57,48,0.5681818181818182,0.43529411764705883,112
2023-12-25,1046,110,93,92,44,17,48,0.8454545454545455,0.4782608695652174,137
2023-12-26,1046,105,79,85,34,26,51,0.7523809523809524,0.4,113
2023-12-27,1046,112,81,99,49,31,50,0.7232142857142857,0.494949494949495,130
2023-12-28,1046,143,81,59,28,62,31,0.5664335664335665,0.4745762711864407,109
2023-12-29,1046,115,95,64,38,20,26,0.8260869565217391,0.59375,133
2023-12-30,1046,139,86,81,36,53,45,0.6187050359712231,0.4444444444444444,122
2023-12-31,1046,108,87,64,30,21,34,0.8055555555555556,0.46875,117
2023-01-01,1047,134,83,50,46,51,4,0.6194029850746269,0.92,129
2023-01-02,1047,115,64,79,42,51,37,0.5565217391304348,0.5316455696202531,106
2023-01-03,1047,147,89,55,33,58,22,0.6054421768707483,0.6,122
2023-01-04,1047,102,65,97,32,37,65,0.6372549019607843,0.32989690721649484,97
2023-01-05,1047,150,90,70,37,60,33,0.6,0.5285714285714286,127
2023-01-06,1047,138,72,72,33,66,39,0.5217391304347826,0.4583333333333333,105
2023-01-07,1047,117,86,76,39,31,37,0.7350427350427351,0.5131578947368421,125
2023-01-08,1047,143,74,59,36,69,23,0.5174825174825175,0.6101694915254238,110
2023-01-09,1047,115,77,50,42,38,8,0.6695652173913044,0.84,119
2023-01-10,1047,120,82,63,28,38,35,0.6833333333333333,0.4444444444444444,110
2023-01-11,1047,138,77,100,33,61,67,0.5579710144927537,0.33,110
2023-01-12,1047,129,77,66,55,52,11,0.5968992248062015,0.8333333333333334,132
2023-01-13,1047,150,80,86,45,70,41,0.5333333333333333,0.5232558139534884,125
2023-01-14,1047,115,72,75,29,43,46,0.6260869565217392,0.38666666666666666,101
2023-01-15,1047,147,76,59,39,71,20,0.5170068027210885,0.6610169491525424,115
2023-01-16,1047,135,76,100,40,59,60,0.562962962962963,0.4,116
2023-01-17,1047,120,81,75,45,39,30,0.675,0.6,126
2023-01-18,1047,108,89,56,32,19,24,0.8240740740740741,0.5714285714285714,121
2023-01-19,1047,112,76,83,42,36,41,0.6785714285714286,0.5060240963855421,118
2023-01-20,1047,125,90,76,46,35,30,0.72,0.6052631578947368,136
2023-01-21,1047,148,75,84,41,73,43,0.5067567567567568,0.4880952380952381,116
2023-01-22,1047,121,96,83,39,25,44,0.7933884297520661,0.46987951807228917,135
2023-01-23,1047,138,95,74,34,43,40,0.6884057971014492,0.4594594594594595,129
2023-01-24,1047,116,88,79,47,28,32,0.7586206896551724,0.5949367088607594,135
2023-01-25,1047,110,83,96,29,27,67,0.7545454545454545,0.3020833333333333,112
2023-01-26,1047,149,88,71,45,61,26,0.5906040268456376,0.6338028169014085,133
2023-01-27,1047,141,85,67,56,56,11,0.6028368794326241,0.835820895522388,141
2023-01-28,1047,142,81,94,36,61,58,0.5704225352112676,0.3829787234042553,117
2023-01-29,1047,116,77,94,47,39,47,0.6637931034482759,0.5,124
2023-01-30,1047,139,83,73,50,56,23,0.5971223021582733,0.684931506849315,133
2023-01-31,1047,122,78,52,34,44,18,0.639344262295082,0.6538461538461539,112
2023-02-01,1047,124,86,70,35,38,35,0.6935483870967742,0.5,121
2023-02-02,1047,113,80,75,37,33,38,0.7079646017699115,0.49333333333333335,117
2023-02-03,1047,101,89,78,31,12,47,0.8811881188118812,0.3974358974358974,120
2023-02-04,1047,129,76,63,39,53,24,0.5891472868217055,0.6190476190476191,115
2023-02-05,1047,121,79,64,50,42,14,0.6528925619834711,0.78125,129
2023-02-06,1047,108,82,91,36,26,55,0.7592592592592593,0.3956043956043956,118
2023-02-07,1047,131,82,63,35,49,28,0.6259541984732825,0.5555555555555556,117
2023-02-08,1047,127,90,86,34,37,52,0.7086614173228346,0.3953488372093023,124
2023-02-09,1047,128,92,62,42,36,20,0.71875,0.6774193548387096,134
2023-02-10,1047,140,80,62,49,60,13,0.5714285714285714,0.7903225806451613,129
2023-02-11,1047,150,66,76,47,84,29,0.44,0.618421052631579,113
2023-02-12,1047,132,75,81,35,57,46,0.5681818181818182,0.43209876543209874,110
2023-02-13,1047,117,77,64,42,40,22,0.6581196581196581,0.65625,119
2023-02-14,1047,149,63,82,44,86,38,0.4228187919463087,0.5365853658536586,107
2023-02-15,1047,142,97,64,40,45,24,0.6830985915492958,0.625,137
2023-02-16,1047,119,87,94,42,32,52,0.7310924369747899,0.44680851063829785,129
2023-02-17,1047,104,74,98,45,30,53,0.7115384615384616,0.45918367346938777,119
2023-02-18,1047,135,61,64,40,74,24,0.45185185185185184,0.625,101
2023-02-19,1047,118,74,92,28,44,64,0.6271186440677966,0.30434782608695654,102
2023-02-20,1047,133,76,58,49,57,9,0.5714285714285714,0.8448275862068966,125
2023-02-21,1047,103,81,82,48,22,34,0.7864077669902912,0.5853658536585366,129
2023-02-22,1047,113,85,74,42,28,32,0.7522123893805309,0.5675675675675675,127
2023-02-23,1047,111,81,70,46,30,24,0.7297297297297297,0.6571428571428571,127
2023-02-24,1047,137,66,87,37,71,50,0.48175182481751827,0.42528735632183906,103
2023-02-25,1047,125,73,90,35,52,55,0.584,0.3888888888888889,108
2023-02-26,1047,135,74,88,39,61,49,0.5481481481481482,0.4431818181818182,113
2023-02-27,1047,110,74,64,30,36,34,0.6727272727272727,0.46875,104
2023-02-28,1047,145,85,88,36,60,52,0.5862068965517241,0.4090909090909091,121
2023-03-01,1047,144,88,73,44,56,29,0.6111111111111112,0.6027397260273972,132
2023-03-02,1047,120,84,81,33,36,48,0.7,0.4074074074074074,117
2023-03-03,1047,147,75,96,41,72,55,0.5102040816326531,0.4270833333333333,116
2023-03-04,1047,150,86,90,42,64,48,0.5733333333333334,0.4666666666666667,128
2023-03-05,1047,143,98,52,36,45,16,0.6853146853146853,0.6923076923076923,134
2023-03-06,1047,123,86,50,40,37,10,0.6991869918699187,0.8,126
2023-03-07,1047,122,73,98,25,49,73,0.5983606557377049,0.25510204081632654,98
2023-03-08,1047,112,74,87,40,38,47,0.6607142857142857,0.45977011494252873,114
2023-03-09,1047,109,81,55,29,28,26,0.7431192660550459,0.5272727272727272,110
2023-03-10,1047,111,79,84,33,32,51,0.7117117117117117,0.39285714285714285,112
2023-03-11,1047,149,88,85,41,61,44,0.5906040268456376,0.4823529411764706,129
2023-03-12,1047,117,84,100,42,33,58,0.717948717948718,0.42,126
2023-03-13,1047,107,64,90,41,43,49,0.5981308411214953,0.45555555555555555,105
2023-03-14,1047,101,74,51,36,27,15,0.7326732673267327,0.7058823529411765,110
2023-03-15,1047,111,82,93,39,29,54,0.7387387387387387,0.41935483870967744,121
2023-03-16,1047,121,88,86,35,33,51,0.7272727272727273,0.4069767441860465,123
2023-03-17,1047,148,105,72,34,43,38,0.7094594594594594,0.4722222222222222,139
2023-03-18,1047,112,60,75,41,52,34,0.5357142857142857,0.5466666666666666,101
2023-03-19,1047,130,79,59,53,51,6,0.6076923076923076,0.8983050847457628,132
2023-03-20,1047,103,80,52,41,23,11,0.7766990291262136,0.7884615384615384,121
2023-03-21,1047,124,83,95,39,41,56,0.6693548387096774,0.4105263157894737,122
2023-03-22,1047,104,81,67,38,23,29,0.7788461538461539,0.5671641791044776,119
2023-03-23,1047,114,82,93,47,32,46,0.7192982456140351,0.5053763440860215,129
2023-03-24,1047,133,88,71,48,45,23,0.6616541353383458,0.676056338028169,136
2023-03-25,1047,104,70,61,33,34,28,0.6730769230769231,0.5409836065573771,103
2023-03-26,1047,139,69,54,29,70,25,0.49640287769784175,0.5370370370370371,98
2023-03-27,1047,114,80,66,40,34,26,0.7017543859649122,0.6060606060606061,120
2023-03-28,1047,145,80,69,40,65,29,0.5517241379310345,0.5797101449275363,120
2023-03-29,1047,149,71,93,44,78,49,0.47651006711409394,0.4731182795698925,115
2023-03-30,1047,103,77,52,30,26,22,0.7475728155339806,0.5769230769230769,107
2023-03-31,1047,125,78,75,35,47,40,0.624,0.4666666666666667,113
2023-04-01,1047,103,84,95,35,19,60,0.8155339805825242,0.3684210526315789,119
2023-04-02,1047,121,83,64,32,38,32,0.6859504132231405,0.5,115
2023-04-03,1047,103,89,81,40,14,41,0.8640776699029126,0.49382716049382713,129
2023-04-04,1047,114,77,89,37,37,52,0.6754385964912281,0.4157303370786517,114
2023-04-05,1047,142,87,85,38,55,47,0.6126760563380281,0.4470588235294118,125
2023-04-06,1047,143,74,98,30,69,68,0.5174825174825175,0.30612244897959184,104
2023-04-07,1047,122,58,71,32,64,39,0.47540983606557374,0.4507042253521127,90
2023-04-08,1047,116,96,92,42,20,50,0.8275862068965517,0.45652173913043476,138
2023-04-09,1047,113,80,91,51,33,40,0.7079646017699115,0.5604395604395604,131
2023-04-10,1047,130,73,78,28,57,50,0.5615384615384615,0.358974358974359,101
2023-04-11,1047,114,81,97,31,33,66,0.7105263157894737,0.31958762886597936,112
2023-04-12,1047,116,82,61,38,34,23,0.7068965517241379,0.6229508196721312,120
2023-04-13,1047,112,98,53,45,14,8,0.875,0.8490566037735849,143
2023-04-14,1047,101,80,74,40,21,34,0.7920792079207921,0.5405405405405406,120
2023-04-15,1047,104,87,99,37,17,62,0.8365384615384616,0.37373737373737376,124
2023-04-16,1047,128,81,72,32,47,40,0.6328125,0.4444444444444444,113
2023-04-17,1047,102,76,69,34,26,35,0.7450980392156863,0.4927536231884058,110
2023-04-18,1047,111,85,91,40,26,51,0.7657657657657657,0.43956043956043955,125
2023-04-19,1047,109,83,79,39,26,40,0.7614678899082569,0.4936708860759494,122
2023-04-20,1047,123,67,70,30,56,40,0.5447154471544715,0.42857142857142855,97
2023-04-21,1047,121,77,86,30,44,56,0.6363636363636364,0.3488372093023256,107
2023-04-22,1047,105,92,71,45,13,26,0.8761904761904762,0.6338028169014085,137
2023-04-23,1047,140,74,92,47,66,45,0.5285714285714286,0.5108695652173914,121
2023-04-24,1047,122,67,85,42,55,43,0.5491803278688525,0.49411764705882355,109
2023-04-25,1047,102,88,81,36,14,45,0.8627450980392157,0.4444444444444444,124
2023-04-26,1047,103,87,66,45,16,21,0.8446601941747572,0.6818181818181818,132
2023-04-27,1047,102,84,96,40,18,56,0.8235294117647058,0.4166666666666667,124
2023-04-28,1047,114,80,85,40,34,45,0.7017543859649122,0.47058823529411764,120
2023-04-29,1047,126,81,87,44,45,43,0.6428571428571429,0.5057471264367817,125
2023-04-30,1047,109,76,63,37,33,26,0.6972477064220184,0.5873015873015873,113
2023-05-01,1047,143,73,76,49,70,27,0.5104895104895105,0.6447368421052632,122
2023-05-02,1047,147,86,93,38,61,55,0.5850340136054422,0.40860215053763443,124
2023-05-03,1047,100,69,85,37,31,48,0.69,0.43529411764705883,106
2023-05-04,1047,121,78,69,29,43,40,0.6446280991735537,0.42028985507246375,107
2023-05-05,1047,143,89,62,46,54,16,0.6223776223776224,0.7419354838709677,135
2023-05-06,1047,143,56,70,40,87,30,0.3916083916083916,0.5714285714285714,96
2023-05-07,1047,107,76,84,34,31,50,0.7102803738317757,0.40476190476190477,110
2023-05-08,1047,141,87,100,43,54,57,0.6170212765957447,0.43,130
2023-05-09,1047,132,79,75,36,53,39,0.5984848484848485,0.48,115
2023-05-10,1047,131,100,57,38,31,19,0.7633587786259542,0.6666666666666666,138
2023-05-11,1047,106,71,84,44,35,40,0.6698113207547169,0.5238095238095238,115
2023-05-12,1047,147,80,71,45,67,26,0.54421768707483,0.6338028169014085,125
2023-05-13,1047,132,91,84,40,41,44,0.6893939393939394,0.47619047619047616,131
2023-05-14,1047,140,71,62,33,69,29,0.5071428571428571,0.532258064516129,104
2023-05-15,1047,150,76,55,42,74,13,0.5066666666666667,0.7636363636363637,118
2023-05-16,1047,110,77,71,46,33,25,0.7,0.647887323943662,123
2023-05-17,1047,147,79,54,47,68,7,0.5374149659863946,0.8703703703703703,126
2023-05-18,1047,119,74,97,39,45,58,0.6218487394957983,0.4020618556701031,113
2023-05-19,1047,148,78,61,36,70,25,0.527027027027027,0.5901639344262295,114
2023-05-20,1047,105,88,50,46,17,4,0.8380952380952381,0.92,134
2023-05-21,1047,106,79,90,30,27,60,0.7452830188679245,0.3333333333333333,109
2023-05-22,1047,106,70,87,42,36,45,0.660377358490566,0.4827586206896552,112
2023-05-23,1047,128,85,51,39,43,12,0.6640625,0.7647058823529411,124
2023-05-24,1047,129,80,70,44,49,26,0.6201550387596899,0.6285714285714286,124
2023-05-25,1047,102,96,78,41,6,37,0.9411764705882353,0.5256410256410257,137
2023-05-26,1047,145,79,85,28,66,57,0.5448275862068965,0.32941176470588235,107
2023-05-27,1047,116,83,84,39,33,45,0.7155172413793104,0.4642857142857143,122
2023-05-28,1047,140,76,51,40,64,11,0.5428571428571428,0.7843137254901961,116
2023-05-29,1047,145,84,58,48,61,10,0.5793103448275863,0.8275862068965517,132
2023-05-30,1047,100,77,72,34,23,38,0.77,0.4722222222222222,111
2023-05-31,1047,110,74,58,39,36,19,0.6727272727272727,0.6724137931034483,113
2023-06-01,1047,111,81,82,51,30,31,0.7297297297297297,0.6219512195121951,132
2023-06-02,1047,132,90,73,39,42,34,0.6818181818181818,0.5342465753424658,129
2023-06-03,1047,123,91,73,38,32,35,0.7398373983739838,0.5205479452054794,129
2023-06-04,1047,130,88,65,45,42,20,0.676923076923077,0.6923076923076923,133
2023-06-05,1047,115,74,87,50,41,37,0.6434782608695652,0.5747126436781609,124
2023-06-06,1047,138,80,90,37,58,53,0.5797101449275363,0.4111111111111111,117
2023-06-07,1047,140,70,88,41,70,47,0.5,0.4659090909090909,111
2023-06-08,1047,130,66,50,48,64,2,0.5076923076923077,0.96,114
2023-06-09,1047,126,72,60,27,54,33,0.5714285714285714,0.45,99
2023-06-10,1047,145,85,78,37,60,41,0.5862068965517241,0.47435897435897434,122
2023-06-11,1047,148,78,87,51,70,36,0.527027027027027,0.5862068965517241,129
2023-06-12,1047,133,78,51,31,55,20,0.5864661654135338,0.6078431372549019,109
2023-06-13,1047,132,78,81,37,54,44,0.5909090909090909,0.4567901234567901,115
2023-06-14,1047,140,77,71,23,63,48,0.55,0.323943661971831,100
2023-06-15,1047,133,71,96,44,62,52,0.5338345864661654,0.4583333333333333,115
2023-06-16,1047,118,71,87,43,47,44,0.6016949152542372,0.4942528735632184,114
2023-06-17,1047,113,96,57,45,17,12,0.8495575221238938,0.7894736842105263,141
2023-06-18,1047,136,82,93,39,54,54,0.6029411764705882,0.41935483870967744,121
2023-06-19,1047,106,74,66,35,32,31,0.6981132075471698,0.5303030303030303,109
2023-06-20,1047,122,88,57,41,34,16,0.7213114754098361,0.7192982456140351,129
2023-06-21,1047,107,71,92,49,36,43,0.6635514018691588,0.532608695652174,120
2023-06-22,1047,113,84,76,33,29,43,0.7433628318584071,0.4342105263157895,117
2023-06-23,1047,148,72,57,46,76,11,0.4864864864864865,0.8070175438596491,118
2023-06-24,1047,127,81,70,39,46,31,0.6377952755905512,0.5571428571428572,120
2023-06-25,1047,127,76,92,36,51,56,0.5984251968503937,0.391304347826087,112
2023-06-26,1047,126,79,87,37,47,50,0.626984126984127,0.42528735632183906,116
2023-06-27,1047,149,78,91,47,71,44,0.5234899328859061,0.5164835164835165,125
2023-06-28,1047,116,85,56,47,31,9,0.7327586206896551,0.8392857142857143,132
2023-06-29,1047,122,74,64,36,48,28,0.6065573770491803,0.5625,110
2023-06-30,1047,137,76,99,36,61,63,0.5547445255474452,0.36363636363636365,112
2023-07-01,1047,132,84,70,33,48,37,0.6363636363636364,0.4714285714285714,117
2023-07-02,1047,102,93,100,44,9,56,0.9117647058823529,0.44,137
2023-07-03,1047,141,86,87,33,55,54,0.6099290780141844,0.3793103448275862,119
2023-07-04,1047,123,96,63,34,27,29,0.7804878048780488,0.5396825396825397,130
2023-07-05,1047,107,82,82,40,25,42,0.7663551401869159,0.4878048780487805,122
2023-07-06,1047,143,85,56,46,58,10,0.5944055944055944,0.8214285714285714,131
2023-07-07,1047,132,74,65,36,58,29,0.5606060606060606,0.5538461538461539,110
2023-07-08,1047,121,70,98,28,51,70,0.5785123966942148,0.2857142857142857,98
2023-07-09,1047,133,79,52,44,54,8,0.5939849624060151,0.8461538461538461,123
2023-07-10,1047,139,64,71,42,75,29,0.460431654676259,0.5915492957746479,106
2023-07-11,1047,104,83,100,47,21,53,0.7980769230769231,0.47,130
2023-07-12,1047,131,86,69,33,45,36,0.6564885496183206,0.4782608695652174,119
2023-07-13,1047,146,77,81,33,69,48,0.5273972602739726,0.4074074074074074,110
2023-07-14,1047,112,87,76,38,25,38,0.7767857142857143,0.5,125
2023-07-15,1047,146,85,72,37,61,35,0.5821917808219178,0.5138888888888888,122
2023-07-16,1047,149,77,91,49,72,42,0.5167785234899329,0.5384615384615384,126
2023-07-17,1047,121,74,56,37,47,19,0.6115702479338843,0.6607142857142857,111
2023-07-18,1047,100,66,52,42,34,10,0.66,0.8076923076923077,108
2023-07-19,1047,116,60,83,42,56,41,0.5172413793103449,0.5060240963855421,102
2023-07-20,1047,100,81,78,46,19,32,0.81,0.5897435897435898,127
2023-07-21,1047,139,70,65,46,69,19,0.5035971223021583,0.7076923076923077,116
2023-07-22,1047,120,79,57,55,41,2,0.6583333333333333,0.9649122807017544,134
2023-07-23,1047,106,73,64,41,33,23,0.6886792452830188,0.640625,114
2023-07-24,1047,134,88,70,33,46,37,0.6567164179104478,0.4714285714285714,121
2023-07-25,1047,102,72,58,47,30,11,0.7058823529411765,0.8103448275862069,119
2023-07-26,1047,127,70,94,36,57,58,0.5511811023622047,0.3829787234042553,106
2023-07-27,1047,137,79,81,50,58,31,0.5766423357664233,0.6172839506172839,129
2023-07-28,1047,146,65,51,40,81,11,0.4452054794520548,0.7843137254901961,105
2023-07-29,1047,137,76,77,53,61,24,0.5547445255474452,0.6883116883116883,129
2023-07-30,1047,124,91,60,35,33,25,0.7338709677419355,0.5833333333333334,126
2023-07-31,1047,108,67,98,42,41,56,0.6203703703703703,0.42857142857142855,109
2023-08-01,1047,135,90,80,35,45,45,0.6666666666666666,0.4375,125
2023-08-02,1047,138,82,52,45,56,7,0.5942028985507246,0.8653846153846154,127
2023-08-03,1047,123,67,76,43,56,33,0.5447154471544715,0.5657894736842105,110
2023-08-04,1047,108,90,66,41,18,25,0.8333333333333334,0.6212121212121212,131
2023-08-05,1047,107,77,65,47,30,18,0.719626168224299,0.7230769230769231,124
2023-08-06,1047,104,81,75,40,23,35,0.7788461538461539,0.5333333333333333,121
2023-08-07,1047,113,75,95,40,38,55,0.6637168141592921,0.42105263157894735,115
2023-08-08,1047,112,80,91,42,32,49,0.7142857142857143,0.46153846153846156,122
2023-08-09,1047,150,77,59,42,73,17,0.5133333333333333,0.711864406779661,119
2023-08-10,1047,147,89,67,43,58,24,0.6054421768707483,0.6417910447761194,132
2023-08-11,1047,113,66,100,50,47,50,0.584070796460177,0.5,116
2023-08-12,1047,139,76,63,41,63,22,0.5467625899280576,0.6507936507936508,117
2023-08-13,1047,148,76,57,35,72,22,0.5135135135135135,0.6140350877192983,111
2023-08-14,1047,121,87,63,39,34,24,0.71900826446281,0.6190476190476191,126
2023-08-15,1047,136,75,72,45,61,27,0.5514705882352942,0.625,120
2023-08-16,1047,130,78,95,40,52,55,0.6,0.42105263157894735,118
2023-08-17,1047,112,78,50,37,34,13,0.6964285714285714,0.74,115
2023-08-18,1047,134,79,65,44,55,21,0.5895522388059702,0.676923076923077,123
2023-08-19,1047,118,81,93,49,37,44,0.6864406779661016,0.5268817204301075,130
2023-08-20,1047,102,69,73,30,33,43,0.6764705882352942,0.410958904109589,99
2023-08-21,1047,108,79,71,37,29,34,0.7314814814814815,0.5211267605633803,116
2023-08-22,1047,148,56,83,39,92,44,0.3783783783783784,0.46987951807228917,95
2023-08-23,1047,139,83,68,38,56,30,0.5971223021582733,0.5588235294117647,121
2023-08-24,1047,114,95,60,39,19,21,0.8333333333333334,0.65,134
2023-08-25,1047,126,98,73,43,28,30,0.7777777777777778,0.589041095890411,141
2023-08-26,1047,114,77,74,48,37,26,0.6754385964912281,0.6486486486486487,125
2023-08-27,1047,109,66,91,28,43,63,0.6055045871559633,0.3076923076923077,94
2023-08-28,1047,134,74,95,37,60,58,0.5522388059701493,0.3894736842105263,111
2023-08-29,1047,121,87,74,45,34,29,0.71900826446281,0.6081081081081081,132
2023-08-30,1047,136,68,81,34,68,47,0.5,0.41975308641975306,102
2023-08-31,1047,115,82,78,43,33,35,0.7130434782608696,0.5512820512820513,125
2023-09-01,1047,104,78,64,44,26,20,0.75,0.6875,122
2023-09-02,1047,111,89,99,47,22,52,0.8018018018018018,0.47474747474747475,136
2023-09-03,1047,133,87,68,44,46,24,0.6541353383458647,0.6470588235294118,131
2023-09-04,1047,143,64,58,45,79,13,0.44755244755244755,0.7758620689655172,109
2023-09-05,1047,103,71,80,46,32,34,0.6893203883495146,0.575,117
2023-09-06,1047,102,67,98,34,35,64,0.6568627450980392,0.3469387755102041,101
2023-09-07,1047,124,92,63,42,32,21,0.7419354838709677,0.6666666666666666,134
2023-09-08,1047,116,77,61,47,39,14,0.6637931034482759,0.7704918032786885,124
2023-09-09,1047,122,93,73,35,29,38,0.7622950819672131,0.4794520547945205,128
2023-09-10,1047,118,95,51,42,23,9,0.8050847457627118,0.8235294117647058,137
2023-09-11,1047,123,79,75,37,44,38,0.6422764227642277,0.49333333333333335,116
2023-09-12,1047,101,85,70,38,16,32,0.8415841584158416,0.5428571428571428,123
2023-09-13,1047,109,74,50,48,35,2,0.6788990825688074,0.96,122
2023-09-14,1047,139,68,56,48,71,8,0.4892086330935252,0.8571428571428571,116
2023-09-15,1047,113,93,71,49,20,22,0.8230088495575221,0.6901408450704225,142
2023-09-16,1047,101,82,79,35,19,44,0.8118811881188119,0.4430379746835443,117
2023-09-17,1047,111,70,90,35,41,55,0.6306306306306306,0.3888888888888889,105
2023-09-18,1047,129,70,98,45,59,53,0.5426356589147286,0.45918367346938777,115
2023-09-19,1047,129,78,87,38,51,49,0.6046511627906976,0.4367816091954023,116
2023-09-20,1047,114,80,99,31,34,68,0.7017543859649122,0.31313131313131315,111
2023-09-21,1047,143,90,95,31,53,64,0.6293706293706294,0.3263157894736842,121
2023-09-22,1047,112,70,59,46,42,13,0.625,0.7796610169491526,116
2023-09-23,1047,113,74,77,38,39,39,0.6548672566371682,0.4935064935064935,112
2023-09-24,1047,131,72,53,39,59,14,0.549618320610687,0.7358490566037735,111
2023-09-25,1047,146,64,76,41,82,35,0.4383561643835616,0.5394736842105263,105
2023-09-26,1047,101,82,70,39,19,31,0.8118811881188119,0.5571428571428572,121
2023-09-27,1047,138,77,81,38,61,43,0.5579710144927537,0.4691358024691358,115
2023-09-28,1047,140,76,97,54,64,43,0.5428571428571428,0.5567010309278351,130
2023-09-29,1047,121,87,82,37,34,45,0.71900826446281,0.45121951219512196,124
2023-09-30,1047,109,89,65,42,20,23,0.8165137614678899,0.6461538461538462,131
2023-10-01,1047,138,81,74,39,57,35,0.5869565217391305,0.527027027027027,120
2023-10-02,1047,119,70,66,39,49,27,0.5882352941176471,0.5909090909090909,109
2023-10-03,1047,128,75,73,46,53,27,0.5859375,0.6301369863013698,121
2023-10-04,1047,100,81,59,45,19,14,0.81,0.7627118644067796,126
2023-10-05,1047,137,79,51,42,58,9,0.5766423357664233,0.8235294117647058,121
2023-10-06,1047,138,65,87,38,73,49,0.47101449275362317,0.4367816091954023,103
2023-10-07,1047,148,96,85,38,52,47,0.6486486486486487,0.4470588235294118,134
2023-10-08,1047,116,81,68,42,35,26,0.6982758620689655,0.6176470588235294,123
2023-10-09,1047,125,90,69,43,35,26,0.72,0.6231884057971014,133
2023-10-10,1047,110,71,53,36,39,17,0.6454545454545455,0.6792452830188679,107
2023-10-11,1047,112,95,66,36,17,30,0.8482142857142857,0.5454545454545454,131
2023-10-12,1047,147,89,52,33,58,19,0.6054421768707483,0.6346153846153846,122
2023-10-13,1047,149,87,77,50,62,27,0.5838926174496645,0.6493506493506493,137
2023-10-14,1047,135,74,96,39,61,57,0.5481481481481482,0.40625,113
2023-10-15,1047,106,95,71,42,11,29,0.8962264150943396,0.5915492957746479,137
2023-10-16,1047,102,72,62,44,30,18,0.7058823529411765,0.7096774193548387,116
2023-10-17,1047,131,81,87,43,50,44,0.6183206106870229,0.4942528735632184,124
2023-10-18,1047,101,75,63,34,26,29,0.7425742574257426,0.5396825396825397,109
2023-10-19,1047,137,90,100,43,47,57,0.656934306569343,0.43,133
2023-10-20,1047,144,83,51,43,61,8,0.5763888888888888,0.8431372549019608,126
2023-10-21,1047,131,86,96,31,45,65,0.6564885496183206,0.3229166666666667,117
2023-10-22,1047,104,73,87,42,31,45,0.7019230769230769,0.4827586206896552,115
2023-10-23,1047,105,68,69,39,37,30,0.6476190476190476,0.5652173913043478,107
2023-10-24,1047,147,84,94,41,63,53,0.5714285714285714,0.43617021276595747,125
2023-10-25,1047,110,67,50,36,43,14,0.6090909090909091,0.72,103
2023-10-26,1047,135,78,53,52,57,1,0.5777777777777777,0.9811320754716981,130
2023-10-27,1047,121,60,90,33,61,57,0.49586776859504134,0.36666666666666664,93
2023-10-28,1047,111,69,94,41,42,53,0.6216216216216216,0.43617021276595747,110
2023-10-29,1047,121,88,65,49,33,16,0.7272727272727273,0.7538461538461538,137
2023-10-30,1047,123,89,58,38,34,20,0.7235772357723578,0.6551724137931034,127
2023-10-31,1047,112,69,71,46,43,25,0.6160714285714286,0.647887323943662,115
2023-11-01,1047,147,82,89,44,65,45,0.5578231292517006,0.4943820224719101,126
2023-11-02,1047,125,94,85,39,31,46,0.752,0.4588235294117647,133
2023-11-03,1047,118,65,84,44,53,40,0.5508474576271186,0.5238095238095238,109
2023-11-04,1047,124,78,87,39,46,48,0.6290322580645161,0.4482758620689655,117
2023-11-05,1047,108,71,75,40,37,35,0.6574074074074074,0.5333333333333333,111
2023-11-06,1047,150,79,67,44,71,23,0.5266666666666666,0.6567164179104478,123
2023-11-07,1047,135,64,56,37,71,19,0.4740740740740741,0.6607142857142857,101
2023-11-08,1047,131,89,85,40,42,45,0.6793893129770993,0.47058823529411764,129
2023-11-09,1047,132,84,100,41,48,59,0.6363636363636364,0.41,125
2023-11-10,1047,149,82,91,37,67,54,0.5503355704697986,0.4065934065934066,119
2023-11-11,1047,122,64,68,47,58,21,0.5245901639344263,0.6911764705882353,111
2023-11-12,1047,146,77,71,39,69,32,0.5273972602739726,0.5492957746478874,116
2023-11-13,1047,130,78,73,52,52,21,0.6,0.7123287671232876,130
2023-11-14,1047,114,94,74,27,20,47,0.8245614035087719,0.36486486486486486,121
2023-11-15,1047,146,83,66,37,63,29,0.5684931506849316,0.5606060606060606,120
2023-11-16,1047,102,72,70,47,30,23,0.7058823529411765,0.6714285714285714,119
2023-11-17,1047,100,94,61,47,6,14,0.94,0.7704918032786885,141
2023-11-18,1047,133,86,57,57,47,0,0.6466165413533834,1,143
2023-11-19,1047,118,70,53,30,48,23,0.5932203389830508,0.5660377358490566,100
2023-11-20,1047,117,82,77,34,35,43,0.7008547008547008,0.44155844155844154,116
2023-11-21,1047,133,80,82,40,53,42,0.6015037593984962,0.4878048780487805,120
2023-11-22,1047,126,85,75,36,41,39,0.6746031746031746,0.48,121
2023-11-23,1047,128,71,93,39,57,54,0.5546875,0.41935483870967744,110
2023-11-24,1047,118,71,77,40,47,37,0.6016949152542372,0.5194805194805194,111
2023-11-25,1047,138,64,92,51,74,41,0.463768115942029,0.5543478260869565,115
2023-11-26,1047,123,87,81,48,36,33,0.7073170731707317,0.5925925925925926,135
2023-11-27,1047,136,87,73,33,49,40,0.6397058823529411,0.4520547945205479,120
2023-11-28,1047,123,70,77,36,53,41,0.5691056910569106,0.4675324675324675,106
2023-11-29,1047,103,65,63,46,38,17,0.6310679611650486,0.7301587301587301,111
2023-11-30,1047,122,85,58,31,37,27,0.6967213114754098,0.5344827586206896,116
2023-12-01,1047,138,95,56,44,43,12,0.6884057971014492,0.7857142857142857,139
2023-12-02,1047,138,92,91,41,46,50,0.6666666666666666,0.45054945054945056,133
2023-12-03,1047,105,87,79,57,18,22,0.8285714285714286,0.7215189873417721,144
2023-12-04,1047,104,91,94,42,13,52,0.875,0.44680851063829785,133
2023-12-05,1047,109,81,55,34,28,21,0.7431192660550459,0.6181818181818182,115
2023-12-06,1047,110,82,81,41,28,40,0.7454545454545455,0.5061728395061729,123
2023-12-07,1047,101,81,86,47,20,39,0.801980198019802,0.5465116279069767,128
2023-12-08,1047,145,69,78,40,76,38,0.47586206896551725,0.5128205128205128,109
2023-12-09,1047,141,81,80,49,60,31,0.574468085106383,0.6125,130
2023-12-10,1047,121,68,79,37,53,42,0.5619834710743802,0.46835443037974683,105
2023-12-11,1047,147,89,96,37,58,59,0.6054421768707483,0.3854166666666667,126
2023-12-12,1047,123,68,97,38,55,59,0.5528455284552846,0.3917525773195876,106
2023-12-13,1047,148,85,100,43,63,57,0.5743243243243243,0.43,128
2023-12-14,1047,146,80,63,43,66,20,0.547945205479452,0.6825396825396826,123
2023-12-15,1047,108,79,70,41,29,29,0.7314814814814815,0.5857142857142857,120
2023-12-16,1047,109,87,77,34,22,43,0.7981651376146789,0.44155844155844154,121
2023-12-17,1047,143,87,83,39,56,44,0.6083916083916084,0.46987951807228917,126
2023-12-18,1047,125,83,53,40,42,13,0.664,0.7547169811320755,123
2023-12-19,1047,114,81,57,40,33,17,0.7105263157894737,0.7017543859649122,121
2023-12-20,1047,131,85,84,38,46,46,0.648854961832061,0.4523809523809524,123
2023-12-21,1047,124,80,94,42,44,52,0.6451612903225806,0.44680851063829785,122
2023-12-22,1047,142,72,50,46,70,4,0.5070422535211268,0.92,118
2023-12-23,1047,111,81,52,30,30,22,0.7297297297297297,0.5769230769230769,111
2023-12-24,1047,124,67,66,31,57,35,0.5403225806451613,0.4696969696969697,98
2023-12-25,1047,101,76,93,33,25,60,0.7524752475247525,0.3548387096774194,109
2023-12-26,1047,143,74,57,29,69,28,0.5174825174825175,0.5087719298245614,103
2023-12-27,1047,145,77,94,33,68,61,0.5310344827586206,0.35106382978723405,110
2023-12-28,1047,102,62,63,28,40,35,0.6078431372549019,0.4444444444444444,90
2023-12-29,1047,123,74,89,41,49,48,0.6016260162601627,0.4606741573033708,115
2023-12-30,1047,132,69,75,38,63,37,0.5227272727272727,0.5066666666666667,107
2023-12-31,1047,150,72,51,51,78,0,0.48,1,123
2023-01-01,1048,119,81,92,43,38,49,0.680672268907563,0.4673913043478261,124
2023-01-02,1048,120,84,83,43,36,40,0.7,0.5180722891566265,127
2023-01-03,1048,103,77,59,28,26,31,0.7475728155339806,0.4745762711864407,105
2023-01-04,1048,106,78,79,41,28,38,0.7358490566037735,0.5189873417721519,119
2023-01-05,1048,145,74,91,41,71,50,0.5103448275862069,0.45054945054945056,115
2023-01-06,1048,149,77,57,39,72,18,0.5167785234899329,0.6842105263157895,116
2023-01-07,1048,133,83,96,39,50,57,0.6240601503759399,0.40625,122
2023-01-08,1048,136,79,65,36,57,29,0.5808823529411765,0.5538461538461539,115
2023-01-09,1048,109,77,94,41,32,53,0.7064220183486238,0.43617021276595747,118
2023-01-10,1048,108,77,72,53,31,19,0.7129629629629629,0.7361111111111112,130
2023-01-11,1048,131,81,88,36,50,52,0.6183206106870229,0.4090909090909091,117
2023-01-12,1048,129,69,95,31,60,64,0.5348837209302325,0.3263157894736842,100
2023-01-13,1048,121,89,91,38,32,53,0.7355371900826446,0.4175824175824176,127
2023-01-14,1048,126,87,100,36,39,64,0.6904761904761905,0.36,123
2023-01-15,1048,115,90,92,45,25,47,0.782608695652174,0.4891304347826087,135
2023-01-16,1048,130,73,51,46,57,5,0.5615384615384615,0.9019607843137255,119
2023-01-17,1048,125,81,77,53,44,24,0.648,0.6883116883116883,134
2023-01-18,1048,132,88,84,50,44,34,0.6666666666666666,0.5952380952380952,138
2023-01-19,1048,143,78,70,36,65,34,0.5454545454545454,0.5142857142857142,114
2023-01-20,1048,144,67,98,39,77,59,0.4652777777777778,0.3979591836734694,106
2023-01-21,1048,140,81,93,40,59,53,0.5785714285714286,0.43010752688172044,121
2023-01-22,1048,100,72,50,39,28,11,0.72,0.78,111
2023-01-23,1048,150,76,56,51,74,5,0.5066666666666667,0.9107142857142857,127
2023-01-24,1048,124,84,61,42,40,19,0.6774193548387096,0.6885245901639344,126
2023-01-25,1048,148,97,76,31,51,45,0.6554054054054054,0.40789473684210525,128
2023-01-26,1048,131,88,68,34,43,34,0.6717557251908397,0.5,122
2023-01-27,1048,109,83,59,47,26,12,0.7614678899082569,0.7966101694915254,130
2023-01-28,1048,136,96,95,41,40,54,0.7058823529411765,0.43157894736842106,137
2023-01-29,1048,119,73,59,40,46,19,0.6134453781512605,0.6779661016949152,113
2023-01-30,1048,130,80,81,44,50,37,0.6153846153846154,0.5432098765432098,124
2023-01-31,1048,100,76,84,40,24,44,0.76,0.47619047619047616,116
2023-02-01,1048,110,70,82,43,40,39,0.6363636363636364,0.524390243902439,113
2023-02-02,1048,119,73,91,26,46,65,0.6134453781512605,0.2857142857142857,99
2023-02-03,1048,100,100,50,41,0,9,1,0.82,141
2023-02-04,1048,142,92,62,38,50,24,0.647887323943662,0.6129032258064516,130
2023-02-05,1048,138,84,57,42,54,15,0.6086956521739131,0.7368421052631579,126
2023-02-06,1048,139,85,95,38,54,57,0.6115107913669064,0.4,123
2023-02-07,1048,131,86,96,37,45,59,0.6564885496183206,0.3854166666666667,123
2023-02-08,1048,136,76,85,32,60,53,0.5588235294117647,0.3764705882352941,108
2023-02-09,1048,105,81,98,39,24,59,0.7714285714285715,0.3979591836734694,120
2023-02-10,1048,109,75,92,46,34,46,0.6880733944954128,0.5,121
2023-02-11,1048,145,85,66,37,60,29,0.5862068965517241,0.5606060606060606,122
2023-02-12,1048,109,79,69,44,30,25,0.7247706422018348,0.6376811594202898,123
2023-02-13,1048,112,87,85,54,25,31,0.7767857142857143,0.6352941176470588,141
2023-02-14,1048,140,89,90,41,51,49,0.6357142857142857,0.45555555555555555,130
2023-02-15,1048,100,77,98,44,23,54,0.77,0.4489795918367347,121
2023-02-16,1048,134,83,86,36,51,50,0.6194029850746269,0.4186046511627907,119
2023-02-17,1048,129,69,74,40,60,34,0.5348837209302325,0.5405405405405406,109
2023-02-18,1048,120,78,96,46,42,50,0.65,0.4791666666666667,124
2023-02-19,1048,140,75,55,44,65,11,0.5357142857142857,0.8,119
2023-02-20,1048,110,82,88,31,28,57,0.7454545454545455,0.3522727272727273,113
2023-02-21,1048,149,79,89,40,70,49,0.5302013422818792,0.449438202247191,119
2023-02-22,1048,135,79,50,35,56,15,0.5851851851851851,0.7,114
2023-02-23,1048,107,62,70,37,45,33,0.5794392523364486,0.5285714285714286,99
2023-02-24,1048,138,96,71,39,42,32,0.6956521739130435,0.5492957746478874,135
2023-02-25,1048,119,70,83,42,49,41,0.5882352941176471,0.5060240963855421,112
2023-02-26,1048,108,73,68,50,35,18,0.6759259259259259,0.7352941176470589,123
2023-02-27,1048,114,74,98,38,40,60,0.6491228070175439,0.3877551020408163,112
2023-02-28,1048,140,96,61,41,44,20,0.6857142857142857,0.6721311475409836,137
2023-03-01,1048,113,89,99,37,24,62,0.7876106194690266,0.37373737373737376,126
2023-03-02,1048,131,91,82,41,40,41,0.6946564885496184,0.5,132
2023-03-03,1048,128,88,54,46,40,8,0.6875,0.8518518518518519,134
2023-03-04,1048,112,89,84,45,23,39,0.7946428571428571,0.5357142857142857,134
2023-03-05,1048,117,57,58,44,60,14,0.48717948717948717,0.7586206896551724,101
2023-03-06,1048,123,69,77,38,54,39,0.5609756097560976,0.4935064935064935,107
2023-03-07,1048,114,97,91,36,17,55,0.8508771929824561,0.3956043956043956,133
2023-03-08,1048,140,100,83,44,40,39,0.7142857142857143,0.5301204819277109,144
2023-03-09,1048,101,86,84,34,15,50,0.8514851485148515,0.40476190476190477,120
2023-03-10,1048,107,65,61,45,42,16,0.6074766355140186,0.7377049180327869,110
2023-03-11,1048,142,74,54,39,68,15,0.5211267605633803,0.7222222222222222,113
2023-03-12,1048,150,67,99,46,83,53,0.44666666666666666,0.46464646464646464,113
2023-03-13,1048,119,80,81,41,39,40,0.6722689075630253,0.5061728395061729,121
2023-03-14,1048,137,95,51,40,42,11,0.6934306569343066,0.7843137254901961,135
2023-03-15,1048,130,95,82,43,35,39,0.7307692307692307,0.524390243902439,138
2023-03-16,1048,144,69,57,33,75,24,0.4791666666666667,0.5789473684210527,102
2023-03-17,1048,125,81,79,47,44,32,0.648,0.5949367088607594,128
2023-03-18,1048,108,63,95,38,45,57,0.5833333333333334,0.4,101
2023-03-19,1048,127,76,94,39,51,55,0.5984251968503937,0.4148936170212766,115
2023-03-20,1048,145,78,57,31,67,26,0.5379310344827586,0.543859649122807,109
2023-03-21,1048,140,93,83,48,47,35,0.6642857142857143,0.5783132530120482,141
2023-03-22,1048,149,87,65,50,62,15,0.5838926174496645,0.7692307692307693,137
2023-03-23,1048,136,74,95,42,62,53,0.5441176470588235,0.4421052631578947,116
2023-03-24,1048,147,75,59,31,72,28,0.5102040816326531,0.5254237288135594,106
2023-03-25,1048,116,74,58,34,42,24,0.6379310344827587,0.5862068965517241,108
2023-03-26,1048,129,80,80,39,49,41,0.6201550387596899,0.4875,119
2023-03-27,1048,148,67,77,43,81,34,0.4527027027027027,0.5584415584415584,110
2023-03-28,1048,148,83,58,37,65,21,0.5608108108108109,0.6379310344827587,120
2023-03-29,1048,115,101,89,44,14,45,0.8782608695652174,0.4943820224719101,145
2023-03-30,1048,134,84,85,47,50,38,0.6268656716417911,0.5529411764705883,131
2023-03-31,1048,120,88,50,43,32,7,0.7333333333333333,0.86,131
2023-04-01,1048,141,92,72,30,49,42,0.6524822695035462,0.4166666666666667,122
2023-04-02,1048,107,76,65,39,31,26,0.7102803738317757,0.6,115
2023-04-03,1048,135,79,97,44,56,53,0.5851851851851851,0.4536082474226804,123
2023-04-04,1048,108,78,80,35,30,45,0.7222222222222222,0.4375,113
2023-04-05,1048,150,64,82,43,86,39,0.4266666666666667,0.524390243902439,107
2023-04-06,1048,129,74,79,39,55,40,0.5736434108527132,0.4936708860759494,113
2023-04-07,1048,148,66,62,49,82,13,0.44594594594594594,0.7903225806451613,115
2023-04-08,1048,115,97,80,47,18,33,0.8434782608695652,0.5875,144
2023-04-09,1048,111,71,75,39,40,36,0.6396396396396397,0.52,110
2023-04-10,1048,117,77,71,45,40,26,0.6581196581196581,0.6338028169014085,122
2023-04-11,1048,127,88,75,27,39,48,0.6929133858267716,0.36,115
2023-04-12,1048,131,87,80,43,44,37,0.6641221374045801,0.5375,130
2023-04-13,1048,148,95,55,40,53,15,0.6418918918918919,0.7272727272727273,135
2023-04-14,1048,132,99,93,42,33,51,0.75,0.45161290322580644,141
2023-04-15,1048,122,71,53,44,51,9,0.5819672131147541,0.8301886792452831,115
2023-04-16,1048,129,77,76,48,52,28,0.5968992248062015,0.631578947368421,125
2023-04-17,1048,115,87,71,38,28,33,0.7565217391304347,0.5352112676056338,125
2023-04-18,1048,142,84,63,40,58,23,0.5915492957746479,0.6349206349206349,124
2023-04-19,1048,147,79,93,37,68,56,0.5374149659863946,0.3978494623655914,116
2023-04-20,1048,103,76,78,30,27,48,0.7378640776699029,0.38461538461538464,106
2023-04-21,1048,132,84,64,44,48,20,0.6363636363636364,0.6875,128
2023-04-22,1048,125,82,88,45,43,43,0.656,0.5113636363636364,127
2023-04-23,1048,142,70,81,35,72,46,0.49295774647887325,0.43209876543209874,105
2023-04-24,1048,126,67,61,37,59,24,0.5317460317460317,0.6065573770491803,104
2023-04-25,1048,110,80,66,38,30,28,0.7272727272727273,0.5757575757575758,118
2023-04-26,1048,104,75,61,50,29,11,0.7211538461538461,0.819672131147541,125
2023-04-27,1048,115,78,78,39,37,39,0.6782608695652174,0.5,117
2023-04-28,1048,116,94,73,48,22,25,0.8103448275862069,0.6575342465753424,142
2023-04-29,1048,143,91,78,39,52,39,0.6363636363636364,0.5,130
2023-04-30,1048,111,72,96,45,39,51,0.6486486486486487,0.46875,117
2023-05-01,1048,120,86,78,38,34,40,0.7166666666666667,0.48717948717948717,124
2023-05-02,1048,102,92,55,47,10,8,0.9019607843137255,0.8545454545454545,139
2023-05-03,1048,135,66,63,32,69,31,0.4888888888888889,0.5079365079365079,98
2023-05-04,1048,138,75,100,38,63,62,0.5434782608695652,0.38,113
2023-05-05,1048,149,90,75,49,59,26,0.6040268456375839,0.6533333333333333,139
2023-05-06,1048,121,66,88,43,55,45,0.5454545454545454,0.48863636363636365,109
2023-05-07,1048,135,63,85,34,72,51,0.4666666666666667,0.4,97
2023-05-08,1048,125,63,61,37,62,24,0.504,0.6065573770491803,100
2023-05-09,1048,125,78,62,28,47,34,0.624,0.45161290322580644,106
2023-05-10,1048,133,67,77,38,66,39,0.5037593984962406,0.4935064935064935,105
2023-05-11,1048,121,87,81,44,34,37,0.71900826446281,0.5432098765432098,131
2023-05-12,1048,131,69,86,38,62,48,0.5267175572519084,0.4418604651162791,107
2023-05-13,1048,132,72,61,42,60,19,0.5454545454545454,0.6885245901639344,114
2023-05-14,1048,138,65,96,46,73,50,0.47101449275362317,0.4791666666666667,111
2023-05-15,1048,127,70,67,40,57,27,0.5511811023622047,0.5970149253731343,110
2023-05-16,1048,110,84,71,36,26,35,0.7636363636363637,0.5070422535211268,120
2023-05-17,1048,122,69,65,48,53,17,0.5655737704918032,0.7384615384615385,117
2023-05-18,1048,104,72,80,33,32,47,0.6923076923076923,0.4125,105
2023-05-19,1048,132,74,97,39,58,58,0.5606060606060606,0.4020618556701031,113
2023-05-20,1048,136,83,62,47,53,15,0.6102941176470589,0.7580645161290323,130
2023-05-21,1048,113,89,82,35,24,47,0.7876106194690266,0.4268292682926829,124
2023-05-22,1048,121,57,65,40,64,25,0.47107438016528924,0.6153846153846154,97
2023-05-23,1048,130,74,95,41,56,54,0.5692307692307692,0.43157894736842106,115
2023-05-24,1048,148,94,91,39,54,52,0.6351351351351351,0.42857142857142855,133
2023-05-25,1048,112,87,76,39,25,37,0.7767857142857143,0.5131578947368421,126
2023-05-26,1048,117,78,51,34,39,17,0.6666666666666666,0.6666666666666666,112
2023-05-27,1048,143,81,67,31,62,36,0.5664335664335665,0.4626865671641791,112
2023-05-28,1048,127,73,90,46,54,44,0.5748031496062992,0.5111111111111111,119
2023-05-29,1048,144,72,92,40,72,52,0.5,0.43478260869565216,112
2023-05-30,1048,123,73,81,47,50,34,0.5934959349593496,0.5802469135802469,120
2023-05-31,1048,114,77,50,36,37,14,0.6754385964912281,0.72,113
2023-06-01,1048,146,72,79,32,74,47,0.4931506849315068,0.4050632911392405,104
2023-06-02,1048,138,98,100,45,40,55,0.7101449275362319,0.45,143
2023-06-03,1048,102,84,75,44,18,31,0.8235294117647058,0.5866666666666667,128
2023-06-04,1048,143,77,52,44,66,8,0.5384615384615384,0.8461538461538461,121
2023-06-05,1048,122,66,85,41,56,44,0.5409836065573771,0.4823529411764706,107
2023-06-06,1048,138,85,74,44,53,30,0.6159420289855072,0.5945945945945946,129
2023-06-07,1048,124,70,58,41,54,17,0.5645161290322581,0.7068965517241379,111
2023-06-08,1048,150,70,86,32,80,54,0.4666666666666667,0.37209302325581395,102
2023-06-09,1048,135,83,71,39,52,32,0.6148148148148148,0.5492957746478874,122
2023-06-10,1048,101,85,100,35,16,65,0.8415841584158416,0.35,120
2023-06-11,1048,111,91,51,35,20,16,0.8198198198198198,0.6862745098039216,126
2023-06-12,1048,108,67,66,38,41,28,0.6203703703703703,0.5757575757575758,105
2023-06-13,1048,102,91,72,34,11,38,0.8921568627450981,0.4722222222222222,125
2023-06-14,1048,149,76,52,34,73,18,0.5100671140939598,0.6538461538461539,110
2023-06-15,1048,111,80,73,40,31,33,0.7207207207207207,0.547945205479452,120
2023-06-16,1048,109,71,88,37,38,51,0.6513761467889908,0.42045454545454547,108
2023-06-17,1048,141,82,99,51,59,48,0.5815602836879432,0.5151515151515151,133
2023-06-18,1048,149,90,67,42,59,25,0.6040268456375839,0.6268656716417911,132
2023-06-19,1048,102,76,93,38,26,55,0.7450980392156863,0.40860215053763443,114
2023-06-20,1048,119,82,59,52,37,7,0.6890756302521008,0.8813559322033898,134
2023-06-21,1048,132,74,78,57,58,21,0.5606060606060606,0.7307692307692307,131
2023-06-22,1048,105,96,86,40,9,46,0.9142857142857143,0.46511627906976744,136
2023-06-23,1048,139,94,54,41,45,13,0.6762589928057554,0.7592592592592593,135
2023-06-24,1048,116,63,64,40,53,24,0.5431034482758621,0.625,103
2023-06-25,1048,149,95,69,49,54,20,0.6375838926174496,0.7101449275362319,144
2023-06-26,1048,111,76,88,39,35,49,0.6846846846846847,0.4431818181818182,115
2023-06-27,1048,117,100,94,42,17,52,0.8547008547008547,0.44680851063829785,142
2023-06-28,1048,144,75,64,54,69,10,0.5208333333333334,0.84375,129
2023-06-29,1048,122,74,84,44,48,40,0.6065573770491803,0.5238095238095238,118
2023-06-30,1048,136,69,90,37,67,53,0.5073529411764706,0.4111111111111111,106
2023-07-01,1048,124,79,76,28,45,48,0.6370967741935484,0.3684210526315789,107
2023-07-02,1048,148,94,70,40,54,30,0.6351351351351351,0.5714285714285714,134
2023-07-03,1048,103,75,79,48,28,31,0.7281553398058253,0.6075949367088608,123
2023-07-04,1048,124,85,74,37,39,37,0.6854838709677419,0.5,122
2023-07-05,1048,116,85,94,41,31,53,0.7327586206896551,0.43617021276595747,126
2023-07-06,1048,145,91,55,40,54,15,0.6275862068965518,0.7272727272727273,131
2023-07-07,1048,116,93,66,32,23,34,0.8017241379310345,0.48484848484848486,125
2023-07-08,1048,137,75,82,45,62,37,0.5474452554744526,0.5487804878048781,120
2023-07-09,1048,116,81,55,40,35,15,0.6982758620689655,0.7272727272727273,121
2023-07-10,1048,131,88,77,48,43,29,0.6717557251908397,0.6233766233766234,136
2023-07-11,1048,101,78,67,36,23,31,0.7722772277227723,0.5373134328358209,114
2023-07-12,1048,107,89,78,43,18,35,0.8317757009345794,0.5512820512820513,132
2023-07-13,1048,132,74,98,35,58,63,0.5606060606060606,0.35714285714285715,109
2023-07-14,1048,131,80,59,47,51,12,0.6106870229007634,0.7966101694915254,127
2023-07-15,1048,138,76,100,47,62,53,0.5507246376811594,0.47,123
2023-07-16,1048,106,70,69,28,36,41,0.660377358490566,0.4057971014492754,98
2023-07-17,1048,111,77,75,46,34,29,0.6936936936936937,0.6133333333333333,123
2023-07-18,1048,113,76,92,49,37,43,0.672566371681416,0.532608695652174,125
2023-07-19,1048,104,79,59,33,25,26,0.7596153846153846,0.559322033898305,112
2023-07-20,1048,143,69,93,40,74,53,0.4825174825174825,0.43010752688172044,109
2023-07-21,1048,109,93,76,31,16,45,0.8532110091743119,0.40789473684210525,124
2023-07-22,1048,105,69,57,49,36,8,0.6571428571428571,0.8596491228070176,118
2023-07-23,1048,135,88,92,50,47,42,0.6518518518518519,0.5434782608695652,138
2023-07-24,1048,103,88,88,49,15,39,0.8543689320388349,0.5568181818181818,137
2023-07-25,1048,134,84,71,46,50,25,0.6268656716417911,0.647887323943662,130
2023-07-26,1048,123,76,53,41,47,12,0.6178861788617886,0.7735849056603774,117
2023-07-27,1048,147,89,75,38,58,37,0.6054421768707483,0.5066666666666667,127
2023-07-28,1048,150,88,83,46,62,37,0.5866666666666667,0.5542168674698795,134
2023-07-29,1048,122,84,98,43,38,55,0.6885245901639344,0.4387755102040816,127
2023-07-30,1048,145,82,67,38,63,29,0.5655172413793104,0.5671641791044776,120
2023-07-31,1048,121,82,75,35,39,40,0.6776859504132231,0.4666666666666667,117
2023-08-01,1048,123,81,93,45,42,48,0.6585365853658537,0.4838709677419355,126
2023-08-02,1048,123,85,76,33,38,43,0.6910569105691057,0.4342105263157895,118
2023-08-03,1048,105,86,52,31,19,21,0.819047619047619,0.5961538461538461,117
2023-08-04,1048,105,66,93,35,39,58,0.6285714285714286,0.3763440860215054,101
2023-08-05,1048,104,71,52,50,33,2,0.6826923076923077,0.9615384615384616,121
2023-08-06,1048,121,80,50,50,41,0,0.6611570247933884,1,130
2023-08-07,1048,126,79,68,45,47,23,0.626984126984127,0.6617647058823529,124
2023-08-08,1048,125,71,57,37,54,20,0.568,0.6491228070175439,108
2023-08-09,1048,150,85,67,30,65,37,0.5666666666666667,0.44776119402985076,115
2023-08-10,1048,138,74,54,35,64,19,0.5362318840579711,0.6481481481481481,109
2023-08-11,1048,143,85,99,48,58,51,0.5944055944055944,0.48484848484848486,133
2023-08-12,1048,101,77,100,42,24,58,0.7623762376237624,0.42,119
2023-08-13,1048,142,72,60,45,70,15,0.5070422535211268,0.75,117
2023-08-14,1048,150,76,88,44,74,44,0.5066666666666667,0.5,120
2023-08-15,1048,114,81,58,25,33,33,0.7105263157894737,0.43103448275862066,106
2023-08-16,1048,108,92,54,37,16,17,0.8518518518518519,0.6851851851851852,129
2023-08-17,1048,134,62,68,41,72,27,0.4626865671641791,0.6029411764705882,103
2023-08-18,1048,108,74,68,42,34,26,0.6851851851851852,0.6176470588235294,116
2023-08-19,1048,128,76,96,35,52,61,0.59375,0.3645833333333333,111
2023-08-20,1048,138,101,100,28,37,72,0.7318840579710145,0.28,129
2023-08-21,1048,100,68,84,41,32,43,0.68,0.4880952380952381,109
2023-08-22,1048,126,70,78,42,56,36,0.5555555555555556,0.5384615384615384,112
2023-08-23,1048,114,72,97,25,42,72,0.631578947368421,0.25773195876288657,97
2023-08-24,1048,127,74,86,33,53,53,0.5826771653543307,0.38372093023255816,107
2023-08-25,1048,105,80,57,41,25,16,0.7619047619047619,0.7192982456140351,121
2023-08-26,1048,138,72,95,32,66,63,0.5217391304347826,0.3368421052631579,104
2023-08-27,1048,138,66,62,42,72,20,0.4782608695652174,0.6774193548387096,108
2023-08-28,1048,124,70,84,52,54,32,0.5645161290322581,0.6190476190476191,122
2023-08-29,1048,132,84,78,52,48,26,0.6363636363636364,0.6666666666666666,136
2023-08-30,1048,130,81,52,37,49,15,0.6230769230769231,0.7115384615384616,118
2023-08-31,1048,111,88,68,41,23,27,0.7927927927927928,0.6029411764705882,129
2023-09-01,1048,138,90,62,36,48,26,0.6521739130434783,0.5806451612903226,126
2023-09-02,1048,100,78,81,34,22,47,0.78,0.41975308641975306,112
2023-09-03,1048,134,93,87,46,41,41,0.6940298507462687,0.5287356321839081,139
2023-09-04,1048,132,54,62,42,78,20,0.4090909090909091,0.6774193548387096,96
2023-09-05,1048,103,71,91,35,32,56,0.6893203883495146,0.38461538461538464,106
2023-09-06,1048,147,88,69,38,59,31,0.5986394557823129,0.5507246376811594,126
2023-09-07,1048,141,84,62,42,57,20,0.5957446808510638,0.6774193548387096,126
2023-09-08,1048,112,81,62,37,31,25,0.7232142857142857,0.5967741935483871,118
2023-09-09,1048,121,65,88,46,56,42,0.5371900826446281,0.5227272727272727,111
2023-09-10,1048,126,68,85,40,58,45,0.5396825396825397,0.47058823529411764,108
2023-09-11,1048,135,80,94,44,55,50,0.5925925925925926,0.46808510638297873,124
2023-09-12,1048,133,82,74,34,51,40,0.6165413533834586,0.4594594594594595,116
2023-09-13,1048,137,93,95,52,44,43,0.6788321167883211,0.5473684210526316,145
2023-09-14,1048,124,82,50,38,42,12,0.6612903225806451,0.76,120
2023-09-15,1048,112,94,90,29,18,61,0.8392857142857143,0.32222222222222224,123
2023-09-16,1048,145,74,70,47,71,23,0.5103448275862069,0.6714285714285714,121
2023-09-17,1048,134,67,99,33,67,66,0.5,0.3333333333333333,100
2023-09-18,1048,136,73,78,38,63,40,0.5367647058823529,0.48717948717948717,111
2023-09-19,1048,146,76,71,50,70,21,0.5205479452054794,0.704225352112676,126
2023-09-20,1048,130,84,60,41,46,19,0.6461538461538462,0.6833333333333333,125
2023-09-21,1048,121,88,83,45,33,38,0.7272727272727273,0.54216867469879515,133
2023-09-22,1048,145,82,51,50,63,1,0.5655172413793104,0.9803921568627451,132
2023-09-23,1048,100,87,88,25,13,63,0.87,0.2840909090909091,112
2023-09-24,1048,116,67,66,40,49,26,0.5775862068965517,0.6060606060606061,107
2023-09-25,1048,141,85,51,39,56,12,0.6028368794326241,0.7647058823529411,124
2023-09-26,1048,133,78,52,42,55,10,0.5864661654135338,0.8076923076923077,120
2023-09-27,1048,108,78,71,40,30,31,0.7222222222222222,0.5633802816901409,118
2023-09-28,1048,101,80,88,40,21,48,0.7920792079207921,0.45454545454545453,120
2023-09-29,1048,134,103,54,37,31,17,0.7686567164179104,0.6851851851851852,140
2023-09-30,1048,100,78,56,37,22,19,0.78,0.6607142857142857,115
2023-10-01,1048,131,87,58,54,44,4,0.6641221374045801,0.9310344827586207,141
2023-10-02,1048,130,78,68,59,52,9,0.6,0.8676470588235294,137
2023-10-03,1048,110,87,73,49,23,24,0.7909090909090909,0.6712328767123288,136
2023-10-04,1048,150,83,63,39,67,24,0.5533333333333333,0.6190476190476191,122
2023-10-05,1048,123,80,50,43,43,7,0.6504065040650406,0.86,123
2023-10-06,1048,100,81,54,31,19,23,0.81,0.5740740740740741,112
2023-10-07,1048,122,84,53,53,38,0,0.6885245901639344,1,137
2023-10-08,1048,114,74,81,43,40,38,0.6491228070175439,0.5308641975308642,117
2023-10-09,1048,149,77,69,35,72,34,0.5167785234899329,0.5072463768115942,112
2023-10-10,1048,108,77,70,54,31,16,0.7129629629629629,0.7714285714285715,131
2023-10-11,1048,100,78,75,31,22,44,0.78,0.41333333333333333,109
2023-10-12,1048,136,75,54,53,61,1,0.5514705882352942,0.9814814814814815,128
2023-10-13,1048,145,80,95,36,65,59,0.5517241379310345,0.37894736842105264,116
2023-10-14,1048,143,67,65,50,76,15,0.46853146853146854,0.7692307692307693,117
2023-10-15,1048,148,73,79,33,75,46,0.49324324324324326,0.4177215189873418,106
2023-10-16,1048,131,79,80,49,52,31,0.6030534351145038,0.6125,128
2023-10-17,1048,121,82,52,33,39,19,0.6776859504132231,0.6346153846153846,115
2023-10-18,1048,119,71,92,42,48,50,0.5966386554621849,0.45652173913043476,113
2023-10-19,1048,101,87,68,40,14,28,0.8613861386138614,0.5882352941176471,127
2023-10-20,1048,114,93,69,43,21,26,0.8157894736842105,0.6231884057971014,136
2023-10-21,1048,124,79,96,33,45,63,0.6370967741935484,0.34375,112
2023-10-22,1048,145,75,70,44,70,26,0.5172413793103449,0.6285714285714286,119
2023-10-23,1048,117,71,94,35,46,59,0.6068376068376068,0.3723404255319149,106
2023-10-24,1048,101,78,75,35,23,40,0.7722772277227723,0.4666666666666667,113
2023-10-25,1048,140,74,89,33,66,56,0.5285714285714286,0.3707865168539326,107
2023-10-26,1048,128,69,97,38,59,59,0.5390625,0.3917525773195876,107
2023-10-27,1048,110,80,75,39,30,36,0.7272727272727273,0.52,119
2023-10-28,1048,147,71,63,27,76,36,0.48299319727891155,0.42857142857142855,98
2023-10-29,1048,106,75,81,36,31,45,0.7075471698113207,0.4444444444444444,111
2023-10-30,1048,105,68,100,61,37,39,0.6476190476190476,0.61,129
2023-10-31,1048,133,80,92,37,53,55,0.6015037593984962,0.40217391304347827,117
2023-11-01,1048,134,84,64,44,50,20,0.6268656716417911,0.6875,128
2023-11-02,1048,118,72,52,39,46,13,0.6101694915254238,0.75,111
2023-11-03,1048,142,90,94,38,52,56,0.6338028169014085,0.40425531914893614,128
2023-11-04,1048,142,91,53,33,51,20,0.6408450704225352,0.6226415094339622,124
2023-11-05,1048,135,86,72,24,49,48,0.6370370370370371,0.3333333333333333,110
2023-11-06,1048,137,95,73,42,42,31,0.6934306569343066,0.5753424657534246,137
2023-11-07,1048,136,83,66,40,53,26,0.6102941176470589,0.6060606060606061,123
2023-11-08,1048,138,94,77,37,44,40,0.6811594202898551,0.4805194805194805,131
2023-11-09,1048,136,99,98,54,37,44,0.7279411764705882,0.5510204081632653,153
2023-11-10,1048,149,97,87,44,52,43,0.6510067114093959,0.5057471264367817,141
2023-11-11,1048,117,80,98,36,37,62,0.6837606837606838,0.3673469387755102,116
2023-11-12,1048,114,80,91,41,34,50,0.7017543859649122,0.45054945054945056,121
2023-11-13,1048,108,74,77,36,34,41,0.6851851851851852,0.4675324675324675,110
2023-11-14,1048,108,71,88,38,37,50,0.6574074074074074,0.4318181818181818,109
2023-11-15,1048,144,77,51,37,67,14,0.5347222222222222,0.7254901960784313,114
2023-11-16,1048,109,87,83,45,22,38,0.7981651376146789,0.54216867469879515,132
2023-11-17,1048,135,77,94,41,58,53,0.5703703703703704,0.43617021276595747,118
2023-11-18,1048,135,71,90,34,64,56,0.5259259259259259,0.37777777777777777,105
2023-11-19,1048,143,91,72,36,52,36,0.6363636363636364,0.5,127
2023-11-20,1048,130,85,57,38,45,19,0.6538461538461539,0.6666666666666666,123
2023-11-21,1048,101,72,90,38,29,52,0.7128712871287128,0.4222222222222222,110
2023-11-22,1048,114,73,82,43,41,39,0.6403508771929824,0.524390243902439,116
2023-11-23,1048,145,73,77,40,72,37,0.503448275862069,0.5194805194805194,113
2023-11-24,1048,123,73,56,36,50,20,0.5934959349593496,0.6428571428571429,109
2023-11-25,1048,137,82,57,33,55,24,0.5985401459854015,0.5789473684210527,115
2023-11-26,1048,111,87,65,38,24,27,0.7837837837837838,0.5846153846153846,125
2023-11-27,1048,140,83,58,31,57,27,0.5928571428571429,0.5344827586206896,114
2023-11-28,1048,102,77,57,49,25,8,0.7549019607843137,0.8596491228070176,126
2023-11-29,1048,109,76,63,39,33,24,0.6972477064220184,0.6190476190476191,115
2023-11-30,1048,125,57,73,50,68,23,0.456,0.684931506849315,107
2023-12-01,1048,100,77,71,44,23,27,0.77,0.6197183098591549,121
2023-12-02,1048,117,83,90,41,34,49,0.7094017094017094,0.45555555555555555,124
2023-12-03,1048,138,68,81,34,70,47,0.4927536231884058,0.41975308641975306,102
2023-12-04,1048,143,74,88,39,69,49,0.5174825174825175,0.4431818181818182,113
2023-12-05,1048,115,77,78,33,38,45,0.6695652173913044,0.4230769230769231,110
2023-12-06,1048,101,77,73,34,24,39,0.7623762376237624,0.4657534246575342,111
2023-12-07,1048,128,62,97,45,66,52,0.484375,0.4639175257731959,107
2023-12-08,1048,101,67,83,36,34,47,0.6633663366336634,0.43373493975903615,103
2023-12-09,1048,110,79,91,39,31,52,0.7181818181818181,0.42857142857142855,118
2023-12-10,1048,126,90,76,39,36,37,0.7142857142857143,0.5131578947368421,129
2023-12-11,1048,131,90,89,47,41,42,0.6870229007633588,0.5280898876404494,137
2023-12-12,1048,149,81,70,27,68,43,0.5436241610738255,0.38571428571428573,108
2023-12-13,1048,124,78,94,41,46,53,0.6290322580645161,0.43617021276595747,119
2023-12-14,1048,142,76,89,38,66,51,0.5352112676056338,0.42696629213483145,114
2023-12-15,1048,104,83,85,45,21,40,0.7980769230769231,0.5294117647058824,128
2023-12-16,1048,127,79,97,45,48,52,0.6220472440944882,0.4639175257731959,124
2023-12-17,1048,142,82,50,34,60,16,0.5774647887323944,0.68,116
2023-12-18,1048,136,62,59,30,74,29,0.45588235294117646,0.5084745762711864,92
2023-12-19,1048,114,92,97,31,22,66,0.8070175438596491,0.31958762886597936,123
2023-12-20,1048,129,90,86,37,39,49,0.6976744186046512,0.43023255813953487,127
2023-12-21,1048,148,72,73,48,76,25,0.4864864864864865,0.6575342465753424,120
2023-12-22,1048,148,78,83,46,70,37,0.527027027027027,0.5542168674698795,124
2023-12-23,1048,119,83,67,35,36,32,0.6974789915966386,0.5223880597014925,118
2023-12-24,1048,137,69,64,44,68,20,0.5036496350364964,0.6875,113
2023-12-25,1048,123,83,72,42,40,30,0.6747967479674797,0.5833333333333334,125
2023-12-26,1048,131,98,62,51,33,11,0.7480916030534351,0.8225806451612904,149
2023-12-27,1048,104,73,85,41,31,44,0.7019230769230769,0.4823529411764706,114
2023-12-28,1048,125,100,64,43,25,21,0.8,0.671875,143
2023-12-29,1048,104,65,80,30,39,50,0.625,0.375,95
2023-12-30,1048,100,82,71,26,18,45,0.82,0.36619718309859156,108
2023-12-31,1048,142,65,76,47,77,29,0.45774647887323944,0.618421052631579,112
2023-01-01,1049,123,94,71,44,29,27,0.7642276422764228,0.6197183098591549,138
2023-01-02,1049,119,83,88,34,36,54,0.6974789915966386,0.38636363636363635,117
2023-01-03,1049,125,100,83,41,25,42,0.8,0.4939759036144578,141
2023-01-04,1049,111,84,90,36,27,54,0.7567567567567568,0.4,120
2023-01-05,1049,130,79,99,43,51,56,0.6076923076923076,0.43434343434343436,122
2023-01-06,1049,134,82,98,33,52,65,0.6119402985074627,0.336734693877551,115
2023-01-07,1049,109,89,62,48,20,14,0.8165137614678899,0.7741935483870968,137
2023-01-08,1049,116,88,100,31,28,69,0.7586206896551724,0.31,119
2023-01-09,1049,132,72,76,39,60,37,0.5454545454545454,0.5131578947368421,111
2023-01-10,1049,141,86,94,47,55,47,0.6099290780141844,0.5,133
2023-01-11,1049,150,65,87,33,85,54,0.43333333333333335,0.3793103448275862,98
2023-01-12,1049,106,96,50,40,10,10,0.9056603773584906,0.8,136
2023-01-13,1049,134,77,84,41,57,43,0.5746268656716418,0.4880952380952381,118
2023-01-14,1049,103,78,52,39,25,13,0.7572815533980582,0.75,117
2023-01-15,1049,150,90,95,33,60,62,0.6,0.3473684210526316,123
2023-01-16,1049,125,76,79,44,49,35,0.608,0.5569620253164557,120
2023-01-17,1049,108,63,50,44,45,6,0.5833333333333334,0.88,107
2023-01-18,1049,133,78,96,25,55,71,0.5864661654135338,0.2604166666666667,103
2023-01-19,1049,138,77,65,38,61,27,0.5579710144927537,0.5846153846153846,115
2023-01-20,1049,102,74,59,37,28,22,0.7254901960784313,0.6271186440677966,111
2023-01-21,1049,106,72,63,39,34,24,0.6792452830188679,0.6190476190476191,111
2023-01-22,1049,133,85,59,45,48,14,0.6390977443609023,0.7627118644067796,130
2023-01-23,1049,108,75,75,42,33,33,0.6944444444444444,0.56,117
2023-01-24,1049,110,78,98,28,32,70,0.7090909090909091,0.2857142857142857,106
2023-01-25,1049,136,78,57,48,58,9,0.5735294117647058,0.8421052631578947,126
2023-01-26,1049,134,95,75,40,39,35,0.7089552238805971,0.5333333333333333,135
2023-01-27,1049,123,83,85,41,40,44,0.6747967479674797,0.4823529411764706,124
2023-01-28,1049,111,86,53,39,25,14,0.7747747747747747,0.7358490566037735,125
2023-01-29,1049,114,87,69,39,27,30,0.7631578947368421,0.5652173913043478,126
2023-01-30,1049,128,77,79,52,51,27,0.6015625,0.6582278481012658,129
2023-01-31,1049,115,75,71,47,40,24,0.6521739130434783,0.6619718309859155,122
2023-02-01,1049,141,82,70,42,59,28,0.5815602836879432,0.6,124
2023-02-02,1049,144,92,74,38,52,36,0.6388888888888888,0.5135135135135135,130
2023-02-03,1049,118,79,99,31,39,68,0.6694915254237288,0.31313131313131315,110
2023-02-04,1049,123,84,63,32,39,31,0.6829268292682927,0.5079365079365079,116
2023-02-05,1049,125,86,78,46,39,32,0.688,0.5897435897435898,132
2023-02-06,1049,120,79,70,25,41,45,0.6583333333333333,0.35714285714285715,104
2023-02-07,1049,126,81,99,36,45,63,0.6428571428571429,0.36363636363636365,117
2023-02-08,1049,134,77,97,45,57,52,0.5746268656716418,0.4639175257731959,122
2023-02-09,1049,129,81,61,48,48,13,0.627906976744186,0.7868852459016393,129
2023-02-10,1049,121,71,57,47,50,10,0.5867768595041323,0.8245614035087719,118
2023-02-11,1049,137,78,69,44,59,25,0.5693430656934306,0.6376811594202898,122
2023-02-12,1049,130,80,89,54,50,35,0.6153846153846154,0.6067415730337079,134
2023-02-13,1049,137,77,59,42,60,17,0.5620437956204379,0.711864406779661,119
2023-02-14,1049,140,86,65,40,54,25,0.6142857142857143,0.6153846153846154,126
2023-02-15,1049,145,85,84,39,60,45,0.5862068965517241,0.4642857142857143,124
2023-02-16,1049,141,85,57,40,56,17,0.6028368794326241,0.7017543859649122,125
2023-02-17,1049,150,76,50,39,74,11,0.5066666666666667,0.78,115
2023-02-18,1049,135,81,57,31,54,26,0.6,0.543859649122807,112
2023-02-19,1049,118,106,97,39,12,58,0.8983050847457628,0.4020618556701031,145
2023-02-20,1049,112,58,63,40,54,23,0.5178571428571429,0.6349206349206349,98
2023-02-21,1049,126,91,95,38,35,57,0.7222222222222222,0.4,129
2023-02-22,1049,134,74,65,37,60,28,0.5522388059701493,0.5692307692307692,111
2023-02-23,1049,121,85,80,36,36,44,0.7024793388429752,0.45,121
2023-02-24,1049,118,74,80,47,44,33,0.6271186440677966,0.5875,121
2023-02-25,1049,146,80,50,50,66,0,0.547945205479452,1,130
2023-02-26,1049,148,103,73,48,45,25,0.6959459459459459,0.6575342465753424,151
2023-02-27,1049,120,81,62,58,39,4,0.675,0.9354838709677419,139
2023-02-28,1049,150,94,53,39,56,14,0.6266666666666667,0.7358490566037735,133
2023-03-01,1049,107,92,69,46,15,23,0.8598130841121495,0.6666666666666666,138
2023-03-02,1049,118,87,86,28,31,58,0.7372881355932204,0.32558139534883723,115
2023-03-03,1049,133,91,75,50,42,25,0.6842105263157895,0.6666666666666666,141
2023-03-04,1049,135,84,55,34,51,21,0.6222222222222222,0.6181818181818182,118
2023-03-05,1049,126,92,79,39,34,40,0.7301587301587301,0.4936708860759494,131
2023-03-06,1049,139,70,51,25,69,26,0.5035971223021583,0.49019607843137253,95
2023-03-07,1049,131,83,62,37,48,25,0.6335877862595419,0.5967741935483871,120
2023-03-08,1049,137,90,64,39,47,25,0.656934306569343,0.609375,129
2023-03-09,1049,149,86,57,49,63,8,0.5771812080536913,0.8596491228070176,135
2023-03-10,1049,121,81,88,56,40,32,0.6694214876033058,0.6363636363636364,137
2023-03-11,1049,116,97,83,31,19,52,0.8362068965517241,0.37349397590361444,128
2023-03-12,1049,112,82,66,48,30,18,0.7321428571428571,0.7272727272727273,130
2023-03-13,1049,111,96,55,38,15,17,0.8648648648648649,0.6909090909090909,134
2023-03-14,1049,133,97,77,42,36,35,0.7293233082706767,0.5454545454545454,139
2023-03-15,1049,143,66,100,26,77,74,0.46153846153846156,0.26,92
2023-03-16,1049,135,74,81,32,61,49,0.5481481481481482,0.3950617283950617,106
2023-03-17,1049,132,86,87,51,46,36,0.6515151515151515,0.5862068965517241,137
2023-03-18,1049,108,80,92,47,28,45,0.7407407407407407,0.5108695652173914,127
2023-03-19,1049,101,101,86,33,0,53,1,0.38372093023255816,134
2023-03-20,1049,121,80,76,36,41,40,0.6611570247933884,0.47368421052631576,116
2023-03-21,1049,120,86,97,38,34,59,0.7166666666666667,0.3917525773195876,124
2023-03-22,1049,127,71,84,37,56,47,0.5590551181102362,0.44047619047619047,108
2023-03-23,1049,108,63,74,42,45,32,0.5833333333333334,0.5675675675675675,105
2023-03-24,1049,103,82,70,50,21,20,0.7961165048543689,0.7142857142857143,132
2023-03-25,1049,133,89,76,37,44,39,0.6691729323308271,0.4868421052631579,126
2023-03-26,1049,121,90,70,34,31,36,0.743801652892562,0.4857142857142857,124
2023-03-27,1049,104,67,50,37,37,13,0.6442307692307693,0.74,104
2023-03-28,1049,125,73,92,49,52,43,0.584,0.532608695652174,122
2023-03-29,1049,138,78,50,37,60,13,0.5652173913043478,0.74,115
2023-03-30,1049,150,103,90,39,47,51,0.6866666666666666,0.43333333333333335,142
2023-03-31,1049,113,86,81,41,27,40,0.7610619469026548,0.5061728395061729,127
2023-04-01,1049,144,72,99,39,72,60,0.5,0.3939393939393939,111
2023-04-02,1049,140,79,59,41,61,18,0.5642857142857143,0.6949152542372882,120
2023-04-03,1049,119,73,85,34,46,51,0.6134453781512605,0.4,107
2023-04-04,1049,143,72,91,40,71,51,0.5034965034965035,0.43956043956043955,112
2023-04-05,1049,110,74,57,51,36,6,0.6727272727272727,0.8947368421052632,125
2023-04-06,1049,135,72,95,37,63,58,0.5333333333333333,0.3894736842105263,109
2023-04-07,1049,135,93,58,29,42,29,0.6888888888888889,0.5,122
2023-04-08,1049,101,68,77,37,33,40,0.6732673267326733,0.4805194805194805,105
2023-04-09,1049,141,67,67,29,74,38,0.475177304964539,0.43283582089552236,96
2023-04-10,1049,108,83,85,43,25,42,0.7685185185185185,0.5058823529411764,126
2023-04-11,1049,142,80,78,59,62,19,0.5633802816901409,0.7564102564102564,139
2023-04-12,1049,127,82,53,40,45,13,0.6456692913385826,0.7547169811320755,122
2023-04-13,1049,147,83,76,46,64,30,0.564625850340136,0.6052631578947368,129
2023-04-14,1049,137,80,88,37,57,51,0.583941605839416,0.42045454545454547,117
2023-04-15,1049,102,81,60,40,21,20,0.7941176470588235,0.6666666666666666,121
2023-04-16,1049,131,84,78,24,47,54,0.6412213740458015,0.3076923076923077,108
2023-04-17,1049,111,74,53,42,37,11,0.6666666666666666,0.7924528301886793,116
2023-04-18,1049,130,77,82,53,53,29,0.5923076923076923,0.6463414634146342,130
2023-04-19,1049,112,78,88,39,34,49,0.6964285714285714,0.4431818181818182,117
2023-04-20,1049,122,98,58,50,24,8,0.8032786885245902,0.8620689655172413,148
2023-04-21,1049,134,85,88,34,49,54,0.6343283582089553,0.38636363636363635,119
2023-04-22,1049,109,90,92,42,19,50,0.8256880733944955,0.45652173913043476,132
2023-04-23,1049,134,83,75,34,51,41,0.6194029850746269,0.4533333333333333,117
2023-04-24,1049,111,76,77,30,35,47,0.6846846846846847,0.38961038961038963,106
2023-04-25,1049,104,76,67,43,28,24,0.7307692307692307,0.6417910447761194,119
2023-04-26,1049,147,66,76,55,81,21,0.4489795918367347,0.7236842105263158,121
2023-04-27,1049,103,83,65,42,20,23,0.8058252427184466,0.6461538461538462,125
2023-04-28,1049,109,81,56,30,28,26,0.7431192660550459,0.5357142857142857,111
2023-04-29,1049,101,76,82,44,25,38,0.7524752475247525,0.5365853658536586,120
2023-04-30,1049,137,93,88,42,44,46,0.6788321167883211,0.4772727272727273,135
2023-05-01,1049,141,96,71,45,45,26,0.6808510638297872,0.6338028169014085,141
2023-05-02,1049,133,67,81,30,66,51,0.5037593984962406,0.37037037037037035,97
2023-05-03,1049,101,78,63,37,23,26,0.7722772277227723,0.5873015873015873,115
2023-05-04,1049,104,87,79,46,17,33,0.8365384615384616,0.5822784810126582,133
2023-05-05,1049,130,88,68,38,42,30,0.676923076923077,0.5588235294117647,126
2023-05-06,1049,126,84,64,38,42,26,0.6666666666666666,0.59375,122
2023-05-07,1049,147,93,61,38,54,23,0.6326530612244898,0.6229508196721312,131
2023-05-08,1049,117,70,72,51,47,21,0.5982905982905983,0.7083333333333334,121
2023-05-09,1049,118,94,73,42,24,31,0.7966101694915254,0.5753424657534246,136
2023-05-10,1049,114,82,59,51,32,8,0.7192982456140351,0.864406779661017,133
2023-05-11,1049,108,93,99,38,15,61,0.8611111111111112,0.3838383838383838,131
2023-05-12,1049,108,78,51,38,30,13,0.7222222222222222,0.7450980392156863,116
2023-05-13,1049,133,85,86,40,48,46,0.6390977443609023,0.46511627906976744,125
2023-05-14,1049,111,78,50,33,33,17,0.7027027027027027,0.66,111
2023-05-15,1049,106,78,61,39,28,22,0.7358490566037735,0.639344262295082,117
2023-05-16,1049,144,88,55,34,56,21,0.6111111111111112,0.6181818181818182,122
2023-05-17,1049,125,71,97,40,54,57,0.568,0.41237113402061853,111
2023-05-18,1049,140,92,66,42,48,24,0.6571428571428571,0.6363636363636364,134
2023-05-19,1049,107,76,65,41,31,24,0.7102803738317757,0.6307692307692307,117
2023-05-20,1049,113,76,81,36,37,45,0.672566371681416,0.4444444444444444,112
2023-05-21,1049,131,81,59,41,50,18,0.6183206106870229,0.6949152542372882,122
2023-05-22,1049,106,87,80,52,19,28,0.8207547169811321,0.65,139
2023-05-23,1049,101,83,82,41,18,41,0.8217821782178217,0.5,124
2023-05-24,1049,112,82,73,40,30,33,0.7321428571428571,0.547945205479452,122
2023-05-25,1049,130,74,62,39,56,23,0.5692307692307692,0.6290322580645161,113
2023-05-26,1049,147,88,77,49,59,28,0.5986394557823129,0.6363636363636364,137
2023-05-27,1049,116,86,87,28,30,59,0.7413793103448276,0.3218390804597701,114
2023-05-28,1049,132,83,91,30,49,61,0.6287878787878788,0.32967032967032966,113
2023-05-29,1049,112,77,75,37,35,38,0.6875,0.49333333333333335,114
2023-05-30,1049,105,72,82,45,33,37,0.6857142857142857,0.5487804878048781,117
2023-05-31,1049,148,65,93,37,83,56,0.4391891891891892,0.3978494623655914,102
2023-06-01,1049,101,68,60,46,33,14,0.6732673267326733,0.7666666666666667,114
2023-06-02,1049,118,80,80,36,38,44,0.6779661016949152,0.45,116
2023-06-03,1049,122,67,94,38,55,56,0.5491803278688525,0.40425531914893614,105
2023-06-04,1049,130,67,82,38,63,44,0.5153846153846153,0.4634146341463415,105
2023-06-05,1049,113,79,88,48,34,40,0.6991150442477876,0.5454545454545454,127
2023-06-06,1049,144,61,56,39,83,17,0.4236111111111111,0.6964285714285714,100
2023-06-07,1049,149,91,79,29,58,50,0.610738255033557,0.3670886075949367,120
2023-06-08,1049,127,84,76,32,43,44,0.6614173228346457,0.42105263157894735,116
2023-06-09,1049,147,82,92,45,65,47,0.5578231292517006,0.4891304347826087,127
2023-06-10,1049,129,70,80,50,59,30,0.5426356589147286,0.625,120
2023-06-11,1049,108,68,86,35,40,51,0.6296296296296297,0.4069767441860465,103
2023-06-12,1049,107,83,92,37,24,55,0.7757009345794392,0.40217391304347827,120
2023-06-13,1049,124,78,87,44,46,43,0.6290322580645161,0.5057471264367817,122
2023-06-14,1049,141,93,89,40,48,49,0.6595744680851063,0.449438202247191,133
2023-06-15,1049,138,70,72,43,68,29,0.5072463768115942,0.5972222222222222,113
2023-06-16,1049,102,89,93,35,13,58,0.8725490196078431,0.3763440860215054,124
2023-06-17,1049,105,99,68,32,6,36,0.9428571428571428,0.47058823529411764,131
2023-06-18,1049,118,92,99,56,26,43,0.7796610169491526,0.5656565656565656,148
2023-06-19,1049,110,73,55,43,37,12,0.6636363636363637,0.7818181818181819,116
2023-06-20,1049,137,96,66,53,41,13,0.7007299270072993,0.803030303030303,149
2023-06-21,1049,113,107,88,35,6,53,0.9469026548672567,0.3977272727272727,142
2023-06-22,1049,114,75,56,41,39,15,0.6578947368421053,0.7321428571428571,116
2023-06-23,1049,123,77,72,42,46,30,0.6260162601626016,0.5833333333333334,119
2023-06-24,1049,147,70,64,49,77,15,0.47619047619047616,0.765625,119
2023-06-25,1049,108,90,66,49,18,17,0.8333333333333334,0.7424242424242424,139
2023-06-26,1049,139,68,92,36,71,56,0.4892086330935252,0.391304347826087,104
2023-06-27,1049,126,59,97,29,67,68,0.46825396825396826,0.29896907216494845,88
2023-06-28,1049,108,70,95,45,38,50,0.6481481481481481,0.47368421052631576,115
2023-06-29,1049,101,77,71,42,24,29,0.7623762376237624,0.5915492957746479,119
2023-06-30,1049,129,72,97,49,57,48,0.5581395348837209,0.5051546391752577,121
2023-07-01,1049,138,81,62,32,57,30,0.5869565217391305,0.5161290322580645,113
2023-07-02,1049,140,70,69,36,70,33,0.5,0.5217391304347826,106
2023-07-03,1049,111,92,85,44,19,41,0.8288288288288288,0.5176470588235295,136
2023-07-04,1049,144,89,97,30,55,67,0.6180555555555556,0.30927835051546393,119
2023-07-05,1049,142,83,95,41,59,54,0.5845070422535211,0.43157894736842106,124
2023-07-06,1049,148,94,82,51,54,31,0.6351351351351351,0.6219512195121951,145
2023-07-07,1049,137,97,63,30,40,33,0.708029197080292,0.47619047619047616,127
2023-07-08,1049,137,89,64,48,48,16,0.6496350364963503,0.75,137
2023-07-09,1049,124,83,89,33,41,56,0.6693548387096774,0.3707865168539326,116
2023-07-10,1049,150,89,87,36,61,51,0.5933333333333334,0.41379310344827586,125
2023-07-11,1049,103,82,95,44,21,51,0.7961165048543689,0.4631578947368421,126
2023-07-12,1049,117,91,59,46,26,13,0.7777777777777778,0.7796610169491526,137
2023-07-13,1049,148,87,82,32,61,50,0.5878378378378378,0.3902439024390244,119
2023-07-14,1049,148,97,99,38,51,61,0.6554054054054054,0.3838383838383838,135
2023-07-15,1049,128,70,79,35,58,44,0.546875,0.4430379746835443,105
2023-07-16,1049,149,90,59,38,59,21,0.6040268456375839,0.6440677966101694,128
2023-07-17,1049,137,73,66,45,64,21,0.5328467153284672,0.6818181818181818,118
2023-07-18,1049,132,83,63,33,49,30,0.6287878787878788,0.5238095238095238,116
2023-07-19,1049,147,84,66,36,63,30,0.5714285714285714,0.5454545454545454,120
2023-07-20,1049,125,91,79,44,34,35,0.728,0.5569620253164557,135
2023-07-21,1049,115,78,55,37,37,18,0.6782608695652174,0.6727272727272727,115
2023-07-22,1049,126,88,67,39,38,28,0.6984126984126984,0.582089552238806,127
2023-07-23,1049,146,100,50,40,46,10,0.684931506849315,0.8,140
2023-07-24,1049,129,68,92,32,61,60,0.5271317829457365,0.34782608695652173,100
2023-07-25,1049,105,91,66,34,14,32,0.8666666666666667,0.5151515151515151,125
2023-07-26,1049,127,89,74,38,38,36,0.7007874015748031,0.5135135135135135,127
2023-07-27,1049,114,69,64,36,45,28,0.6052631578947368,0.5625,105
2023-07-28,1049,107,87,52,29,20,23,0.8130841121495327,0.5576923076923077,116
2023-07-29,1049,140,78,94,53,62,41,0.5571428571428572,0.5638297872340425,131
2023-07-30,1049,132,76,78,48,56,30,0.5757575757575758,0.6153846153846154,124
2023-07-31,1049,112,83,91,28,29,63,0.7410714285714286,0.3076923076923077,111
2023-08-01,1049,115,74,74,38,41,36,0.6434782608695652,0.5135135135135135,112
2023-08-02,1049,102,88,74,29,14,45,0.8627450980392157,0.3918918918918919,117
2023-08-03,1049,125,90,89,35,35,54,0.72,0.39325842696629215,125
2023-08-04,1049,133,70,62,39,63,23,0.5263157894736842,0.6290322580645161,109
2023-08-05,1049,134,65,79,41,69,38,0.48507462686567165,0.5189873417721519,106
2023-08-06,1049,103,69,68,45,34,23,0.6699029126213593,0.6617647058823529,114
2023-08-07,1049,141,69,67,50,72,17,0.48936170212765956,0.746268656716418,119
2023-08-08,1049,115,88,90,37,27,53,0.7652173913043478,0.4111111111111111,125
2023-08-09,1049,133,78,71,44,55,27,0.5864661654135338,0.6197183098591549,122
2023-08-10,1049,113,76,87,37,37,50,0.672566371681416,0.42528735632183906,113
2023-08-11,1049,106,81,68,34,25,34,0.7641509433962265,0.5,115
2023-08-12,1049,132,74,80,44,58,36,0.5606060606060606,0.55,118
2023-08-13,1049,104,78,59,48,26,11,0.75,0.8135593220338984,126
2023-08-14,1049,118,79,55,38,39,17,0.6694915254237288,0.6909090909090909,117
2023-08-15,1049,137,86,92,46,51,46,0.6277372262773723,0.5,132
2023-08-16,1049,125,76,74,35,49,39,0.608,0.47297297297297297,111
2023-08-17,1049,146,84,70,32,62,38,0.5753424657534246,0.45714285714285713,116
2023-08-18,1049,119,96,95,33,23,62,0.8067226890756303,0.3473684210526316,129
2023-08-19,1049,149,99,85,48,50,37,0.6644295302013423,0.5647058823529412,147
2023-08-20,1049,124,91,76,27,33,49,0.7338709677419355,0.35526315789473684,118
2023-08-21,1049,139,71,80,37,68,43,0.5107913669064749,0.4625,108
2023-08-22,1049,130,78,93,40,52,53,0.6,0.43010752688172044,118
2023-08-23,1049,122,76,99,43,46,56,0.6229508196721312,0.43434343434343436,119
2023-08-24,1049,143,84,54,47,59,7,0.5874125874125874,0.8703703703703703,131
2023-08-25,1049,104,84,82,47,20,35,0.8076923076923077,0.573170731707317,131
2023-08-26,1049,122,95,76,37,27,39,0.7786885245901639,0.4868421052631579,132
2023-08-27,1049,115,75,76,48,40,28,0.6521739130434783,0.631578947368421,123
2023-08-28,1049,147,74,62,46,73,16,0.5034013605442177,0.7419354838709677,120
2023-08-29,1049,113,81,69,39,32,30,0.7168141592920354,0.5652173913043478,120
2023-08-30,1049,144,69,80,43,75,37,0.4791666666666667,0.5375,112
2023-08-31,1049,109,71,83,34,38,49,0.6513761467889908,0.40963855421686746,105
2023-09-01,1049,136,94,93,44,42,49,0.6911764705882353,0.4731182795698925,138
2023-09-02,1049,135,70,85,46,65,39,0.5185185185185185,0.5411764705882353,116
2023-09-03,1049,125,76,88,36,49,52,0.608,0.4090909090909091,112
2023-09-04,1049,144,64,79,41,80,38,0.4444444444444444,0.5189873417721519,105
2023-09-05,1049,128,80,98,38,48,60,0.625,0.3877551020408163,118
2023-09-06,1049,128,88,78,46,40,32,0.6875,0.5897435897435898,134
2023-09-07,1049,108,77,87,33,31,54,0.7129629629629629,0.3793103448275862,110
2023-09-08,1049,116,91,82,46,25,36,0.7844827586206896,0.5609756097560976,137
2023-09-09,1049,105,93,87,50,12,37,0.8857142857142857,0.5747126436781609,143
2023-09-10,1049,118,83,90,49,35,41,0.7033898305084746,0.5444444444444444,132
2023-09-11,1049,105,75,84,34,30,50,0.7142857142857143,0.40476190476190477,109
2023-09-12,1049,136,89,96,48,47,48,0.6544117647058824,0.5,137
2023-09-13,1049,111,93,68,34,18,34,0.8378378378378378,0.5,127
2023-09-14,1049,146,78,52,45,68,7,0.5342465753424658,0.8653846153846154,123
2023-09-15,1049,103,68,89,32,35,57,0.6601941747572816,0.3595505617977528,100
2023-09-16,1049,106,67,90,40,39,50,0.6320754716981132,0.4444444444444444,107
2023-09-17,1049,144,74,56,49,70,7,0.5138888888888888,0.875,123
2023-09-18,1049,101,69,60,28,32,32,0.6831683168316832,0.4666666666666667,97
2023-09-19,1049,123,86,94,48,37,46,0.6991869918699187,0.5106382978723404,134
2023-09-20,1049,127,90,70,39,37,31,0.7086614173228346,0.5571428571428572,129
2023-09-21,1049,109,82,88,42,27,46,0.7522935779816514,0.4772727272727273,124
2023-09-22,1049,104,102,81,39,2,42,0.9807692307692307,0.48148148148148145,141
2023-09-23,1049,125,72,65,35,53,30,0.576,0.5384615384615384,107
2023-09-24,1049,100,74,98,32,26,66,0.74,0.32653061224489793,106
2023-09-25,1049,137,87,80,48,50,32,0.635036496350365,0.6,135
2023-09-26,1049,102,71,66,33,31,33,0.696078431372549,0.5,104
2023-09-27,1049,108,74,87,38,34,49,0.6851851851851852,0.4367816091954023,112
2023-09-28,1049,109,82,96,55,27,41,0.7522935779816514,0.5729166666666666,137
2023-09-29,1049,115,71,66,33,44,33,0.6173913043478261,0.5,104
2023-09-30,1049,131,93,89,42,38,47,0.7099236641221374,0.47191011235955055,135
2023-10-01,1049,144,58,57,38,86,19,0.4027777777777778,0.6666666666666666,96
2023-10-02,1049,148,89,89,33,59,56,0.6013513513513513,0.3707865168539326,122
2023-10-03,1049,139,75,86,28,64,58,0.539568345323741,0.32558139534883723,103
2023-10-04,1049,113,79,73,32,34,41,0.6991150442477876,0.4383561643835616,111
2023-10-05,1049,117,70,67,35,47,32,0.5982905982905983,0.5223880597014925,105
2023-10-06,1049,134,83,62,39,51,23,0.6194029850746269,0.6290322580645161,122
2023-10-07,1049,127,79,90,48,48,42,0.6220472440944882,0.5333333333333333,127
2023-10-08,1049,150,62,75,32,88,43,0.41333333333333333,0.4266666666666667,94
2023-10-09,1049,150,75,58,40,75,18,0.5,0.6896551724137931,115
2023-10-10,1049,104,72,62,39,32,23,0.6923076923076923,0.6290322580645161,111
2023-10-11,1049,106,70,82,46,36,36,0.660377358490566,0.5609756097560976,116
2023-10-12,1049,112,86,52,44,26,8,0.7678571428571429,0.8461538461538461,130
2023-10-13,1049,120,86,89,54,34,35,0.7166666666666667,0.6067415730337079,140
2023-10-14,1049,149,95,89,39,54,50,0.6375838926174496,0.43820224719101125,134
2023-10-15,1049,112,74,93,36,38,57,0.6607142857142857,0.3870967741935484,110
2023-10-16,1049,115,81,85,45,34,40,0.7043478260869566,0.5294117647058824,126
2023-10-17,1049,130,78,87,48,52,39,0.6,0.5517241379310345,126
2023-10-18,1049,104,89,83,33,15,50,0.8557692307692307,0.39759036144578314,122
2023-10-19,1049,110,84,57,37,26,20,0.7636363636363637,0.6491228070175439,121
2023-10-20,1049,140,75,72,30,65,42,0.5357142857142857,0.4166666666666667,105
2023-10-21,1049,143,81,81,42,62,39,0.5664335664335665,0.5185185185185185,123
2023-10-22,1049,141,85,87,37,56,50,0.6028368794326241,0.42528735632183906,122
2023-10-23,1049,134,65,52,34,69,18,0.48507462686567165,0.6538461538461539,99
2023-10-24,1049,123,68,76,30,55,46,0.5528455284552846,0.39473684210526316,98
2023-10-25,1049,134,92,59,45,42,14,0.6865671641791045,0.7627118644067796,137
2023-10-26,1049,111,75,54,35,36,19,0.6756756756756757,0.6481481481481481,110
2023-10-27,1049,148,70,75,42,78,33,0.47297297297297297,0.56,112
2023-10-28,1049,106,81,53,47,25,6,0.7641509433962265,0.8867924528301887,128
2023-10-29,1049,133,86,73,44,47,29,0.6466165413533834,0.6027397260273972,130
2023-10-30,1049,114,82,91,41,32,50,0.7192982456140351,0.45054945054945056,123
2023-10-31,1049,130,102,57,27,28,30,0.7846153846153846,0.47368421052631576,129
2023-11-01,1049,145,83,66,35,62,31,0.5724137931034483,0.5303030303030303,118
2023-11-02,1049,109,74,67,51,35,16,0.6788990825688074,0.7611940298507462,125
2023-11-03,1049,132,84,67,29,48,38,0.6363636363636364,0.43283582089552236,113
2023-11-04,1049,142,78,71,38,64,33,0.5492957746478874,0.5352112676056338,116
2023-11-05,1049,114,64,58,38,50,20,0.5614035087719298,0.6551724137931034,102
2023-11-06,1049,123,78,88,39,45,49,0.6341463414634146,0.4431818181818182,117
2023-11-07,1049,123,87,64,35,36,29,0.7073170731707317,0.546875,122
2023-11-08,1049,135,62,51,39,73,12,0.45925925925925926,0.7647058823529411,101
2023-11-09,1049,110,69,98,37,41,61,0.6272727272727273,0.37755102040816324,106
2023-11-10,1049,115,84,76,48,31,28,0.7304347826086957,0.631578947368421,132
2023-11-11,1049,132,76,64,38,56,26,0.5757575757575758,0.59375,114
2023-11-12,1049,126,79,69,42,47,27,0.626984126984127,0.6086956521739131,121
2023-11-13,1049,126,74,77,36,52,41,0.5873015873015873,0.4675324675324675,110
2023-11-14,1049,139,85,85,44,54,41,0.6115107913669064,0.5176470588235295,129
2023-11-15,1049,111,73,82,42,38,40,0.6576576576576577,0.5121951219512195,115
2023-11-16,1049,109,79,82,30,30,52,0.7247706422018348,0.36585365853658536,109
2023-11-17,1049,119,80,74,28,39,46,0.6722689075630253,0.3783783783783784,108
2023-11-18,1049,119,86,86,36,33,50,0.7226890756302521,0.4186046511627907,122
2023-11-19,1049,101,84,52,35,17,17,0.8316831683168316,0.6730769230769231,119
2023-11-20,1049,106,75,85,49,31,36,0.7075471698113207,0.5764705882352941,124
2023-11-21,1049,107,84,66,33,23,33,0.7850467289719626,0.5,117
2023-11-22,1049,113,76,77,35,37,42,0.672566371681416,0.45454545454545453,111
2023-11-23,1049,148,68,51,39,80,12,0.4594594594594595,0.7647058823529411,107
2023-11-24,1049,146,77,55,39,69,16,0.5273972602739726,0.7090909090909091,116
2023-11-25,1049,139,79,77,53,60,24,0.5683453237410072,0.6883116883116883,132
2023-11-26,1049,133,88,51,41,45,10,0.6616541353383458,0.803921568627451,129
2023-11-27,1049,109,70,58,33,39,25,0.6422018348623854,0.5689655172413793,103
2023-11-28,1049,115,81,85,46,34,39,0.7043478260869566,0.5411764705882353,127
2023-11-29,1049,136,80,79,33,56,46,0.5882352941176471,0.4177215189873418,113
2023-11-30,1049,116,70,87,38,46,49,0.603448275862069,0.4367816091954023,108
2023-12-01,1049,101,101,97,39,0,58,1,0.4020618556701031,140
2023-12-02,1049,144,84,97,42,60,55,0.5833333333333334,0.4329896907216495,126
2023-12-03,1049,150,66,80,44,84,36,0.44,0.55,110
2023-12-04,1049,137,82,73,32,55,41,0.5985401459854015,0.4383561643835616,114
2023-12-05,1049,135,85,81,38,50,43,0.6296296296296297,0.4691358024691358,123
2023-12-06,1049,118,77,58,47,41,11,0.652542372881356,0.8103448275862069,124
2023-12-07,1049,110,80,94,31,30,63,0.7272727272727273,0.32978723404255317,111
2023-12-08,1049,129,90,50,46,39,4,0.6976744186046512,0.92,136
2023-12-09,1049,112,80,53,40,32,13,0.7142857142857143,0.7547169811320755,120
2023-12-10,1049,112,79,86,42,33,44,0.7053571428571429,0.4883720930232558,121
2023-12-11,1049,112,88,63,45,24,18,0.7857142857142857,0.7142857142857143,133
2023-12-12,1049,138,79,57,41,59,16,0.572463768115942,0.7192982456140351,120
2023-12-13,1049,150,91,56,42,59,14,0.6066666666666667,0.75,133
2023-12-14,1049,130,68,58,36,62,22,0.5230769230769231,0.6206896551724138,104
2023-12-15,1049,122,83,78,41,39,37,0.680327868852459,0.5256410256410257,124
2023-12-16,1049,112,74,70,39,38,31,0.6607142857142857,0.5571428571428572,113
2023-12-17,1049,106,88,65,40,18,25,0.8301886792452831,0.6153846153846154,128
2023-12-18,1049,132,77,56,32,55,24,0.5833333333333334,0.5714285714285714,109
2023-12-19,1049,138,71,68,39,67,29,0.5144927536231884,0.5735294117647058,110
2023-12-20,1049,133,101,100,32,32,68,0.7593984962406015,0.32,133
2023-12-21,1049,115,88,63,35,27,28,0.7652173913043478,0.5555555555555556,123
2023-12-22,1049,118,67,58,29,51,29,0.5677966101694916,0.5,96
2023-12-23,1049,146,75,86,36,71,50,0.5136986301369864,0.4186046511627907,111
2023-12-24,1049,138,85,84,33,53,51,0.6159420289855072,0.39285714285714285,118
2023-12-25,1049,144,79,86,37,65,49,0.5486111111111112,0.43023255813953487,116
2023-12-26,1049,113,80,72,45,33,27,0.7079646017699115,0.625,125
2023-12-27,1049,145,69,82,28,76,54,0.47586206896551725,0.34146341463414637,97
2023-12-28,1049,128,82,58,38,46,20,0.640625,0.6551724137931034,120
2023-12-29,1049,131,100,89,50,31,39,0.7633587786259542,0.5617977528089888,150
2023-12-30,1049,103,91,60,50,12,10,0.883495145631068,0.8333333333333334,141
2023-12-31,1049,128,76,64,32,52,32,0.59375,0.5,108
2023-01-01,1050,129,60,89,29,69,60,0.46511627906976744,0.3258426966292135,89
2023-01-02,1050,116,73,67,32,43,35,0.6293103448275862,0.47761194029850745,105
2023-01-03,1050,113,93,70,41,20,29,0.8230088495575221,0.5857142857142857,134
2023-01-04,1050,101,96,92,31,5,61,0.9504950495049505,0.33695652173913043,127
2023-01-05,1050,121,78,66,36,43,30,0.6446280991735537,0.5454545454545454,114
2023-01-06,1050,103,84,86,47,19,39,0.8155339805825242,0.5465116279069767,131
2023-01-07,1050,118,79,64,33,39,31,0.6694915254237288,0.515625,112
2023-01-08,1050,111,98,56,38,13,18,0.8828828828828829,0.6785714285714286,136
2023-01-09,1050,134,68,59,43,66,16,0.5074626865671642,0.7288135593220338,111
2023-01-10,1050,103,78,98,45,25,53,0.7572815533980582,0.45918367346938777,123
2023-01-11,1050,125,78,67,35,47,32,0.624,0.5223880597014925,113
2023-01-12,1050,133,67,81,43,66,38,0.5037593984962406,0.5308641975308642,110
2023-01-13,1050,148,81,72,34,67,38,0.5472972972972973,0.4722222222222222,115
2023-01-14,1050,139,95,77,40,44,37,0.6834532374100719,0.5194805194805194,135
2023-01-15,1050,121,89,55,35,32,20,0.7355371900826446,0.6363636363636364,124
2023-01-16,1050,109,78,73,54,31,19,0.7155963302752294,0.7397260273972602,132
2023-01-17,1050,123,78,59,40,45,19,0.6341463414634146,0.6779661016949152,118
2023-01-18,1050,145,78,68,36,67,32,0.5379310344827586,0.5294117647058824,114
2023-01-19,1050,105,80,85,49,25,36,0.7619047619047619,0.5764705882352941,129
2023-01-20,1050,131,86,84,39,45,45,0.6564885496183206,0.4642857142857143,125
2023-01-21,1050,130,80,88,44,50,44,0.6153846153846154,0.5,124
2023-01-22,1050,132,60,85,42,72,43,0.45454545454545453,0.49411764705882355,102
2023-01-23,1050,125,95,69,46,30,23,0.76,0.6666666666666666,141
2023-01-24,1050,124,80,75,48,44,27,0.6451612903225806,0.64,128
2023-01-25,1050,122,82,87,45,40,42,0.6721311475409836,0.5172413793103449,127
2023-01-26,1050,118,84,62,44,34,18,0.711864406779661,0.7096774193548387,128
2023-01-27,1050,112,84,99,40,28,59,0.75,0.40404040404040403,124
2023-01-28,1050,143,82,64,33,61,31,0.5734265734265734,0.515625,115
2023-01-29,1050,106,78,51,41,28,10,0.7358490566037735,0.803921568627451,119
2023-01-30,1050,132,67,80,43,65,37,0.5075757575757576,0.5375,110
2023-01-31,1050,104,86,85,37,18,48,0.8269230769230769,0.43529411764705883,123
2023-02-01,1050,104,85,85,40,19,45,0.8173076923076923,0.47058823529411764,125
2023-02-02,1050,144,89,98,43,55,55,0.6180555555555556,0.4387755102040816,132
2023-02-03,1050,109,81,63,32,28,31,0.7431192660550459,0.5079365079365079,113
2023-02-04,1050,105,83,89,39,22,50,0.7904761904761904,0.43820224719101125,122
2023-02-05,1050,137,76,82,42,61,40,0.5547445255474452,0.5121951219512195,118
2023-02-06,1050,118,78,51,51,40,0,0.6610169491525424,1,129
2023-02-07,1050,143,87,72,41,56,31,0.6083916083916084,0.5694444444444444,128
2023-02-08,1050,146,71,70,35,75,35,0.4863013698630137,0.5,106
2023-02-09,1050,124,75,92,38,49,54,0.6048387096774194,0.41304347826086957,113
2023-02-10,1050,113,76,94,34,37,60,0.672566371681416,0.3617021276595745,110
2023-02-11,1050,116,75,88,43,41,45,0.646551724137931,0.48863636363636365,118
2023-02-12,1050,113,71,70,35,42,35,0.6283185840707964,0.5,106
2023-02-13,1050,101,80,88,48,21,40,0.7920792079207921,0.5454545454545454,128
2023-02-14,1050,134,79,58,52,55,6,0.5895522388059702,0.896551724137931,131
2023-02-15,1050,114,73,83,47,41,36,0.6403508771929824,0.5662650602409639,120
2023-02-16,1050,142,63,87,42,79,45,0.44366197183098594,0.4827586206896552,105
2023-02-17,1050,101,79,59,53,22,6,0.7821782178217822,0.8983050847457628,132
2023-02-18,1050,135,63,50,37,72,13,0.4666666666666667,0.74,100
2023-02-19,1050,118,75,86,40,43,46,0.635593220338983,0.46511627906976744,115
2023-02-20,1050,139,79,90,40,60,50,0.5683453237410072,0.4444444444444444,119
2023-02-21,1050,144,72,67,39,72,28,0.5,0.582089552238806,111
2023-02-22,1050,124,77,63,47,47,16,0.6209677419354839,0.746031746031746,124
2023-02-23,1050,102,67,57,47,35,10,0.6568627450980392,0.8245614035087719,114
2023-02-24,1050,135,77,82,36,58,46,0.5703703703703704,0.43902439024390244,113
2023-02-25,1050,143,74,87,37,69,50,0.5174825174825175,0.42528735632183906,111
2023-02-26,1050,138,79,81,45,59,36,0.572463768115942,0.5555555555555556,124
2023-02-27,1050,113,76,72,44,37,28,0.672566371681416,0.6111111111111112,120
2023-02-28,1050,114,74,76,35,40,41,0.6491228070175439,0.4605263157894737,109
2023-03-01,1050,148,83,62,38,65,24,0.5608108108108109,0.6129032258064516,121
2023-03-02,1050,137,82,50,34,55,16,0.5985401459854015,0.68,116
2023-03-03,1050,105,82,70,53,23,17,0.780952380952381,0.7571428571428571,135
2023-03-04,1050,120,81,91,45,39,46,0.675,0.4945054945054945,126
2023-03-05,1050,104,88,74,33,16,41,0.8461538461538461,0.44594594594594594,121
2023-03-06,1050,135,91,71,44,44,27,0.674074074074074,0.6197183098591549,135
2023-03-07,1050,142,76,73,29,66,44,0.5352112676056338,0.3972602739726027,105
2023-03-08,1050,103,89,70,28,14,42,0.8640776699029126,0.4,117
2023-03-09,1050,137,90,74,57,47,17,0.656934306569343,0.7702702702702703,147
2023-03-10,1050,122,85,55,34,37,21,0.6967213114754098,0.6181818181818182,119
2023-03-11,1050,121,80,53,41,41,12,0.6611570247933884,0.7735849056603774,121
2023-03-12,1050,114,74,55,35,40,20,0.6491228070175439,0.6363636363636364,109
2023-03-13,1050,122,77,88,42,45,46,0.6311475409836066,0.4772727272727273,119
2023-03-14,1050,139,69,90,42,70,48,0.49640287769784175,0.4666666666666667,111
2023-03-15,1050,122,66,71,39,56,32,0.5409836065573771,0.5492957746478874,105
2023-03-16,1050,101,70,76,40,31,36,0.693069306930693,0.5263157894736842,110
2023-03-17,1050,132,88,76,37,44,39,0.6666666666666666,0.4868421052631579,125
2023-03-18,1050,138,84,91,40,54,51,0.6086956521739131,0.43956043956043955,124
2023-03-19,1050,140,73,51,49,67,2,0.5214285714285715,0.9607843137254902,122
2023-03-20,1050,102,77,87,38,25,49,0.7549019607843137,0.4367816091954023,115
2023-03-21,1050,112,97,59,39,15,20,0.8660714285714286,0.6610169491525424,136
2023-03-22,1050,129,74,50,34,55,16,0.5736434108527132,0.68,108
2023-03-23,1050,109,97,94,32,12,62,0.8899082568807339,0.3404255319148936,129
2023-03-24,1050,135,65,97,41,70,56,0.48148148148148145,0.422680412371134,106
2023-03-25,1050,150,70,75,34,80,41,0.4666666666666667,0.4533333333333333,104
2023-03-26,1050,120,59,99,43,61,56,0.49166666666666664,0.43434343434343436,102
2023-03-27,1050,131,85,79,40,46,39,0.648854961832061,0.5063291139240507,125
2023-03-28,1050,105,85,84,41,20,43,0.8095238095238095,0.4880952380952381,126
2023-03-29,1050,142,83,57,31,59,26,0.5845070422535211,0.543859649122807,114
2023-03-30,1050,135,85,98,49,50,49,0.6296296296296297,0.5,134
2023-03-31,1050,144,83,69,47,61,22,0.5763888888888888,0.6811594202898551,130
2023-04-01,1050,100,79,95,40,21,55,0.79,0.42105263157894735,119
2023-04-02,1050,109,75,51,39,34,12,0.6880733944954128,0.7647058823529411,114
2023-04-03,1050,129,71,79,42,58,37,0.5503875968992248,0.5316455696202531,113
2023-04-04,1050,133,80,53,46,53,7,0.6015037593984962,0.8679245283018868,126
2023-04-05,1050,142,74,80,46,68,34,0.5211267605633803,0.575,120
2023-04-06,1050,147,80,79,46,67,33,0.54421768707483,0.5822784810126582,126
2023-04-07,1050,109,85,98,25,24,73,0.7798165137614679,0.25510204081632654,110
2023-04-08,1050,109,75,93,38,34,55,0.6880733944954128,0.40860215053763443,113
2023-04-09,1050,126,77,85,43,49,42,0.6111111111111112,0.5058823529411764,120
2023-04-10,1050,113,88,99,41,25,58,0.7787610619469026,0.41414141414141414,129
2023-04-11,1050,105,82,50,44,23,6,0.780952380952381,0.88,126
2023-04-12,1050,116,78,79,44,38,35,0.6724137931034483,0.5569620253164557,122
2023-04-13,1050,144,90,99,38,54,61,0.625,0.3838383838383838,128
2023-04-14,1050,140,85,78,54,55,24,0.6071428571428571,0.6923076923076923,139
2023-04-15,1050,121,91,72,47,30,25,0.7520661157024794,0.6527777777777778,138
2023-04-16,1050,149,62,93,33,87,60,0.4161073825503356,0.3548387096774194,95
2023-04-17,1050,146,66,79,31,80,48,0.4520547945205479,0.3924050632911392,97
2023-04-18,1050,112,81,81,39,31,42,0.7232142857142857,0.48148148148148145,120
2023-04-19,1050,108,58,59,35,50,24,0.5370370370370371,0.5932203389830508,93
2023-04-20,1050,101,90,53,45,11,8,0.8910891089108911,0.8490566037735849,135
2023-04-21,1050,106,79,67,53,27,14,0.7452830188679245,0.7910447761194029,132
2023-04-22,1050,133,84,62,48,49,14,0.631578947368421,0.7741935483870968,132
2023-04-23,1050,105,72,84,38,33,46,0.6857142857142857,0.4523809523809524,110
2023-04-24,1050,121,73,68,30,48,38,0.6033057851239669,0.4411764705882353,103
2023-04-25,1050,147,83,77,44,64,33,0.564625850340136,0.5714285714285714,127
2023-04-26,1050,107,62,66,56,45,10,0.5794392523364486,0.8484848484848485,118
2023-04-27,1050,112,81,53,29,31,24,0.7232142857142857,0.5471698113207547,110
2023-04-28,1050,129,79,70,37,50,33,0.6124031007751938,0.5285714285714286,116
2023-04-29,1050,145,75,50,31,70,19,0.5172413793103449,0.62,106
2023-04-30,1050,136,81,60,42,55,18,0.5955882352941176,0.7,123
2023-05-01,1050,120,86,68,44,34,24,0.7166666666666667,0.6470588235294118,130
2023-05-02,1050,132,72,90,54,60,36,0.5454545454545454,0.6,126
2023-05-03,1050,137,84,96,45,53,51,0.6131386861313869,0.46875,129
2023-05-04,1050,121,81,81,44,40,37,0.6694214876033058,0.5432098765432098,125
2023-05-05,1050,113,81,87,45,32,42,0.7168141592920354,0.5172413793103449,126
2023-05-06,1050,147,92,65,38,55,27,0.6258503401360545,0.5846153846153846,130
2023-05-07,1050,119,81,55,39,38,16,0.680672268907563,0.7090909090909091,120
2023-05-08,1050,133,73,77,34,60,43,0.5488721804511278,0.44155844155844154,107
2023-05-09,1050,144,74,74,40,70,34,0.5138888888888888,0.5405405405405406,114
2023-05-10,1050,106,75,64,29,31,35,0.7075471698113207,0.453125,104
2023-05-11,1050,102,76,93,46,26,47,0.7450980392156863,0.4946236559139785,122
2023-05-12,1050,101,65,62,39,36,23,0.6435643564356436,0.6290322580645161,104
2023-05-13,1050,101,77,72,34,24,38,0.7623762376237624,0.4722222222222222,111
2023-05-14,1050,103,68,58,43,35,15,0.6601941747572816,0.7413793103448276,111
2023-05-15,1050,116,74,77,34,42,43,0.6379310344827587,0.44155844155844154,108
2023-05-16,1050,125,82,57,35,43,22,0.656,0.6140350877192983,117
2023-05-17,1050,103,74,86,36,29,50,0.7184466019417476,0.4186046511627907,110
2023-05-18,1050,146,87,96,42,59,54,0.5958904109589042,0.4375,129
2023-05-19,1050,139,87,69,41,52,28,0.6258992805755396,0.5942028985507246,128
2023-05-20,1050,103,80,83,52,23,31,0.7766990291262136,0.6265060240963856,132
2023-05-21,1050,142,99,81,49,43,32,0.6971830985915493,0.6049382716049383,148
2023-05-22,1050,146,87,63,41,59,22,0.5958904109589042,0.6507936507936508,128
2023-05-23,1050,109,64,76,39,45,37,0.5871559633027523,0.5131578947368421,103
2023-05-24,1050,106,83,89,42,23,47,0.78301886792452835,0.47191011235955055,125
2023-05-25,1050,111,80,88,33,31,55,0.7207207207207207,0.375,113
2023-05-26,1050,104,83,77,49,21,28,0.7980769230769231,0.6363636363636364,132
2023-05-27,1050,130,92,93,37,38,56,0.7076923076923077,0.3978494623655914,129
2023-05-28,1050,104,69,84,30,35,54,0.6634615384615384,0.35714285714285715,99
2023-05-29,1050,141,73,64,34,68,30,0.5177304964539007,0.53125,107
2023-05-30,1050,111,73,60,38,38,22,0.6576576576576577,0.6333333333333333,111
2023-05-31,1050,120,70,82,38,50,44,0.5833333333333334,0.4634146341463415,108
2023-06-01,1050,101,92,98,43,9,55,0.9108910891089109,0.4387755102040816,135
2023-06-02,1050,122,77,94,36,45,58,0.6311475409836066,0.3829787234042553,113
2023-06-03,1050,109,95,76,37,14,39,0.8715596330275229,0.4868421052631579,132
2023-06-04,1050,114,73,86,33,41,53,0.6403508771929824,0.38372093023255816,106
2023-06-05,1050,144,82,80,41,62,39,0.5694444444444444,0.5125,123
2023-06-06,1050,146,87,90,50,59,40,0.5958904109589042,0.5555555555555556,137
2023-06-07,1050,129,76,57,38,53,19,0.5891472868217055,0.6666666666666666,114
2023-06-08,1050,137,90,67,39,47,28,0.656934306569343,0.582089552238806,129
2023-06-09,1050,113,69,58,42,44,16,0.6106194690265486,0.7241379310344828,111
2023-06-10,1050,121,74,74,41,47,33,0.6115702479338843,0.5540540540540541,115
2023-06-11,1050,119,89,50,35,30,15,0.7478991596638656,0.7,124
2023-06-12,1050,143,80,58,47,63,11,0.5594405594405595,0.8103448275862069,127
2023-06-13,1050,108,79,78,42,29,36,0.7314814814814815,0.5384615384615384,121
2023-06-14,1050,115,95,61,46,20,15,0.8260869565217391,0.7540983606557377,141
2023-06-15,1050,101,71,82,26,30,56,0.7029702970297029,0.3170731707317073,97
2023-06-16,1050,121,85,96,45,36,51,0.7024793388429752,0.46875,130
2023-06-17,1050,115,82,96,43,33,53,0.7130434782608696,0.4479166666666667,125
2023-06-18,1050,129,81,70,42,48,28,0.627906976744186,0.6,123
2023-06-19,1050,140,75,54,42,65,12,0.5357142857142857,0.7777777777777778,117
2023-06-20,1050,134,94,76,38,40,38,0.7014925373134329,0.5,132
2023-06-21,1050,115,92,57,43,23,14,0.8,0.7543859649122807,135
2023-06-22,1050,128,81,70,30,47,40,0.6328125,0.42857142857142855,111
2023-06-23,1050,125,83,62,39,42,23,0.664,0.6290322580645161,122
2023-06-24,1050,130,66,85,40,64,45,0.5076923076923077,0.47058823529411764,106
2023-06-25,1050,134,81,62,49,53,13,0.6044776119402985,0.7903225806451613,130
2023-06-26,1050,134,80,100,46,54,54,0.5970149253731343,0.46,126
2023-06-27,1050,139,81,88,37,58,51,0.5827338129496403,0.42045454545454547,118
2023-06-28,1050,101,76,96,28,25,68,0.7524752475247525,0.2916666666666667,104
2023-06-29,1050,117,69,82,42,48,40,0.5897435897435898,0.5121951219512195,111
2023-06-30,1050,100,89,85,37,11,48,0.89,0.43529411764705883,126
2023-07-01,1050,101,68,80,39,33,41,0.6732673267326733,0.4875,107
2023-07-02,1050,122,80,51,47,42,4,0.6557377049180327,0.9215686274509803,127
2023-07-03,1050,136,83,98,35,53,63,0.6102941176470589,0.35714285714285715,118
2023-07-04,1050,132,89,81,46,43,35,0.6742424242424242,0.5679012345679012,135
2023-07-05,1050,147,93,82,41,54,41,0.6326530612244898,0.5,134
2023-07-06,1050,110,93,99,34,17,65,0.8454545454545455,0.3434343434343434,127
2023-07-07,1050,127,73,58,28,54,30,0.5748031496062992,0.4827586206896552,101
2023-07-08,1050,129,92,88,39,37,49,0.7131782945736435,0.4431818181818182,131
2023-07-09,1050,150,87,81,35,63,46,0.58,0.43209876543209874,122
2023-07-10,1050,120,76,57,37,44,20,0.6333333333333333,0.6491228070175439,113
2023-07-11,1050,148,72,91,35,76,56,0.4864864864864865,0.38461538461538464,107
2023-07-12,1050,140,78,71,40,62,31,0.5571428571428572,0.5633802816901409,118
2023-07-13,1050,141,87,95,47,54,48,0.6170212765957447,0.49473684210526314,134
2023-07-14,1050,114,67,79,48,47,31,0.5877192982456141,0.6075949367088608,115
2023-07-15,1050,147,69,99,41,78,58,0.46938775510204084,0.41414141414141414,110
2023-07-16,1050,135,88,75,50,47,25,0.6518518518518519,0.6666666666666666,138
2023-07-17,1050,106,81,82,42,25,40,0.7641509433962265,0.5121951219512195,123
2023-07-18,1050,121,92,84,36,29,48,0.7603305785123967,0.42857142857142855,128
2023-07-19,1050,144,63,71,46,81,25,0.4375,0.647887323943662,109
2023-07-20,1050,116,70,86,38,46,48,0.603448275862069,0.4418604651162791,108
2023-07-21,1050,100,75,54,48,25,6,0.75,0.8888888888888888,123
2023-07-22,1050,148,71,96,41,77,55,0.4797297297297297,0.4270833333333333,112
2023-07-23,1050,121,81,95,36,40,59,0.6694214876033058,0.37894736842105264,117
2023-07-24,1050,142,76,59,47,66,12,0.5352112676056338,0.7966101694915254,123
2023-07-25,1050,131,85,82,42,46,40,0.648854961832061,0.5121951219512195,127
2023-07-26,1050,120,81,85,35,39,50,0.675,0.4117647058823529,116
2023-07-27,1050,146,79,90,37,67,53,0.541095890410959,0.4111111111111111,116
2023-07-28,1050,132,97,82,48,35,34,0.7348484848484849,0.5853658536585366,145
2023-07-29,1050,141,77,86,42,64,44,0.5460992907801419,0.4883720930232558,119
2023-07-30,1050,130,77,84,42,53,42,0.5923076923076923,0.5,119
2023-07-31,1050,141,73,63,43,68,20,0.5177304964539007,0.6825396825396826,116
2023-08-01,1050,133,76,83,43,57,40,0.5714285714285714,0.5180722891566265,119
2023-08-02,1050,136,65,62,37,71,25,0.47794117647058826,0.5967741935483871,102
2023-08-03,1050,140,85,64,40,55,24,0.6071428571428571,0.625,125
2023-08-04,1050,146,74,72,42,72,30,0.5068493150684932,0.5833333333333334,116
2023-08-05,1050,103,71,65,46,32,19,0.6893203883495146,0.7076923076923077,117
2023-08-06,1050,121,94,59,29,27,30,0.7768595041322314,0.4915254237288136,123
2023-08-07,1050,100,95,58,51,5,7,0.95,0.8793103448275862,146
2023-08-08,1050,112,72,84,46,40,38,0.6428571428571429,0.5476190476190477,118
2023-08-09,1050,135,84,70,47,51,23,0.6222222222222222,0.6714285714285714,131
2023-08-10,1050,115,86,78,41,29,37,0.7478260869565218,0.5256410256410257,127
2023-08-11,1050,110,87,95,39,23,56,0.7909090909090909,0.4105263157894737,126
2023-08-12,1050,122,59,57,35,63,22,0.48360655737704916,0.6140350877192983,94
2023-08-13,1050,122,81,52,41,41,11,0.6639344262295082,0.7884615384615384,122
2023-08-14,1050,109,78,85,32,31,53,0.7155963302752294,0.3764705882352941,110
2023-08-15,1050,136,73,88,37,63,51,0.5367647058823529,0.42045454545454547,110
2023-08-16,1050,137,70,91,45,67,46,0.5109489051094891,0.4945054945054945,115
2023-08-17,1050,119,77,79,39,42,40,0.6470588235294118,0.4936708860759494,116
2023-08-18,1050,111,87,67,32,24,35,0.7837837837837838,0.47761194029850745,119
2023-08-19,1050,138,78,87,46,60,41,0.5652173913043478,0.5287356321839081,124
2023-08-20,1050,133,70,78,54,63,24,0.5263157894736842,0.6923076923076923,124
2023-08-21,1050,143,78,55,55,65,0,0.5454545454545454,1,133
2023-08-22,1050,141,73,89,60,68,29,0.5177304964539007,0.6741573033707865,133
2023-08-23,1050,122,77,85,29,45,56,0.6311475409836066,0.3411764705882353,106
2023-08-24,1050,123,88,79,39,35,40,0.7154471544715447,0.4936708860759494,127
2023-08-25,1050,121,89,98,37,32,61,0.7355371900826446,0.37755102040816324,126
2023-08-26,1050,140,101,55,42,39,13,0.7214285714285714,0.7636363636363637,143
2023-08-27,1050,110,71,58,38,39,20,0.6454545454545455,0.6551724137931034,109
2023-08-28,1050,125,84,89,37,41,52,0.672,0.4157303370786517,121
2023-08-29,1050,119,81,87,42,38,45,0.680672268907563,0.4827586206896552,123
2023-08-30,1050,145,94,55,49,51,6,0.6482758620689655,0.8909090909090909,143
2023-08-31,1050,128,92,86,46,36,40,0.71875,0.5348837209302325,138
2023-09-01,1050,105,72,74,37,33,37,0.6857142857142857,0.5,109
2023-09-02,1050,149,87,79,41,62,38,0.5838926174496645,0.5189873417721519,128
2023-09-03,1050,140,75,63,46,65,17,0.5357142857142857,0.7301587301587301,121
2023-09-04,1050,125,84,50,50,41,0,0.672,1,134
2023-09-05,1050,148,84,56,38,64,18,0.5675675675675675,0.6785714285714286,122
2023-09-06,1050,119,92,60,46,27,14,0.773109243697479,0.7666666666666667,138
2023-09-07,1050,131,78,57,41,53,16,0.5954198473282443,0.7192982456140351,119
2023-09-08,1050,134,82,93,35,52,58,0.6119402985074627,0.3763440860215054,117
2023-09-09,1050,148,79,90,38,69,52,0.5337837837837838,0.4222222222222222,117
2023-09-10,1050,119,83,81,39,36,42,0.6974789915966386,0.48148148148148145,122
2023-09-11,1050,119,83,57,40,36,17,0.6974789915966386,0.7017543859649122,123
2023-09-12,1050,103,88,61,41,15,20,0.8543689320388349,0.6721311475409836,129
2023-09-13,1050,108,86,70,38,22,32,0.7962962962962963,0.5428571428571428,124
2023-09-14,1050,117,67,72,46,50,26,0.5726495726495726,0.6388888888888888,113
2023-09-15,1050,100,82,85,32,18,53,0.82,0.3764705882352941,114
2023-09-16,1050,138,69,90,32,69,58,0.5,0.35555555555555557,101
2023-09-17,1050,120,72,83,35,48,48,0.6,0.42168674698795183,107
2023-09-18,1050,123,69,83,35,54,48,0.5609756097560976,0.42168674698795183,104
2023-09-19,1050,125,81,90,34,44,56,0.648,0.37777777777777777,115
2023-09-20,1050,150,86,55,48,64,7,0.5733333333333334,0.8727272727272727,134
2023-09-21,1050,118,87,73,45,31,28,0.7372881355932204,0.6164383561643836,132
2023-09-22,1050,147,92,51,39,55,12,0.6258503401360545,0.7647058823529411,131
2023-09-23,1050,107,80,66,48,27,18,0.7476635514018691,0.7272727272727273,128
2023-09-24,1050,128,74,90,37,54,53,0.578125,0.4111111111111111,111
2023-09-25,1050,123,87,55,41,36,14,0.7073170731707317,0.7454545454545455,128
2023-09-26,1050,141,86,96,29,55,67,0.6099290780141844,0.3020833333333333,115
2023-09-27,1050,137,75,69,44,62,25,0.5474452554744526,0.6376811594202898,119
2023-09-28,1050,142,69,78,44,73,34,0.4859154929577465,0.5641025641025641,113
2023-09-29,1050,140,83,95,44,57,51,0.5928571428571429,0.4631578947368421,127
2023-09-30,1050,123,86,96,37,37,59,0.6991869918699187,0.3854166666666667,123
2023-10-01,1050,100,81,100,43,19,57,0.81,0.43,124
2023-10-02,1050,120,94,85,49,26,36,0.7833333333333333,0.5764705882352941,143
2023-10-03,1050,112,74,58,44,38,14,0.6607142857142857,0.7586206896551724,118
2023-10-04,1050,121,78,76,33,43,43,0.6446280991735537,0.4342105263157895,111
2023-10-05,1050,109,89,69,36,20,33,0.8165137614678899,0.5217391304347826,125
2023-10-06,1050,146,92,99,38,54,61,0.6301369863013698,0.3838383838383838,130
2023-10-07,1050,141,71,85,37,70,48,0.5035460992907801,0.43529411764705883,108
2023-10-08,1050,148,72,82,42,76,40,0.4864864864864865,0.5121951219512195,114
2023-10-09,1050,111,86,96,52,25,44,0.7747747747747747,0.5416666666666666,138
2023-10-10,1050,136,92,92,39,44,53,0.6764705882352942,0.42391304347826086,131
2023-10-11,1050,141,69,91,32,72,59,0.48936170212765956,0.3516483516483517,101
2023-10-12,1050,145,96,87,47,49,40,0.6620689655172414,0.5402298850574713,143
2023-10-13,1050,124,93,95,31,31,64,0.75,0.3263157894736842,124
2023-10-14,1050,101,68,66,36,33,30,0.6732673267326733,0.5454545454545454,104
2023-10-15,1050,136,73,75,41,63,34,0.5367647058823529,0.5466666666666666,114
2023-10-16,1050,104,83,90,44,21,46,0.7980769230769231,0.4888888888888889,127
2023-10-17,1050,142,81,90,43,61,47,0.5704225352112676,0.4777777777777778,124
2023-10-18,1050,136,68,67,44,68,23,0.5,0.6567164179104478,112
2023-10-19,1050,145,56,84,34,89,50,0.38620689655172413,0.40476190476190477,90
2023-10-20,1050,129,96,53,46,33,7,0.7441860465116279,0.8679245283018868,142
2023-10-21,1050,123,85,89,36,38,53,0.6910569105691057,0.4044943820224719,121
2023-10-22,1050,138,75,50,42,63,8,0.5434782608695652,0.84,117
2023-10-23,1050,118,78,89,25,40,64,0.6610169491525424,0.2808988764044944,103
2023-10-24,1050,115,89,72,43,26,29,0.7739130434782608,0.5972222222222222,132
2023-10-25,1050,126,85,63,39,41,24,0.6746031746031746,0.6190476190476191,124
2023-10-26,1050,106,90,60,43,16,17,0.8490566037735849,0.7166666666666667,133
2023-10-27,1050,125,103,68,47,22,21,0.824,0.6911764705882353,150
2023-10-28,1050,141,77,69,49,64,20,0.5460992907801419,0.7101449275362319,126
2023-10-29,1050,116,64,54,35,52,19,0.5517241379310345,0.6481481481481481,99
2023-10-30,1050,134,79,51,42,55,9,0.5895522388059702,0.8235294117647058,121
2023-10-31,1050,106,99,82,37,7,45,0.9339622641509434,0.45121951219512196,136
2023-11-01,1050,106,69,82,50,37,32,0.6509433962264151,0.6097560975609756,119
2023-11-02,1050,114,75,63,44,39,19,0.6578947368421053,0.6984126984126984,119
2023-11-03,1050,139,86,77,36,53,41,0.6187050359712231,0.4675324675324675,122
2023-11-04,1050,101,67,87,38,34,49,0.6633663366336634,0.4367816091954023,105
2023-11-05,1050,115,79,55,39,36,16,0.6869565217391305,0.7090909090909091,118
2023-11-06,1050,105,74,56,40,31,16,0.7047619047619048,0.7142857142857143,114
2023-11-07,1050,115,77,93,27,38,66,0.6695652173913044,0.2903225806451613,104
2023-11-08,1050,103,91,97,58,12,39,0.883495145631068,0.5979381443298969,149
2023-11-09,1050,137,92,75,49,45,26,0.6715328467153284,0.6533333333333333,141
2023-11-10,1050,147,98,52,38,49,14,0.6666666666666666,0.7307692307692307,136
2023-11-11,1050,143,59,89,54,84,35,0.4125874125874126,0.6067415730337079,113
2023-11-12,1050,134,89,54,37,45,17,0.664179104477612,0.6851851851851852,126
2023-11-13,1050,108,62,78,40,46,38,0.5740740740740741,0.5128205128205128,102
2023-11-14,1050,144,89,70,44,55,26,0.6180555555555556,0.6285714285714286,133
2023-11-15,1050,133,79,69,38,54,31,0.5939849624060151,0.5507246376811594,117
2023-11-16,1050,101,69,52,46,32,6,0.6831683168316832,0.8846153846153846,115
2023-11-17,1050,103,91,57,40,12,17,0.883495145631068,0.7017543859649122,131
2023-11-18,1050,126,83,86,43,43,43,0.6587301587301587,0.5,126
2023-11-19,1050,125,76,54,43,49,11,0.608,0.7962962962962963,119
2023-11-20,1050,113,90,54,39,23,15,0.7964601769911505,0.7222222222222222,129
2023-11-21,1050,113,86,65,34,27,31,0.7610619469026548,0.5230769230769231,120
2023-11-22,1050,116,64,72,44,52,28,0.5517241379310345,0.6111111111111112,108
2023-11-23,1050,143,69,74,41,74,33,0.4825174825174825,0.5540540540540541,110
2023-11-24,1050,122,73,64,37,49,27,0.5983606557377049,0.578125,110
2023-11-25,1050,129,87,85,36,42,49,0.6744186046511628,0.4235294117647059,123
2023-11-26,1050,123,88,80,46,35,34,0.7154471544715447,0.575,134
2023-11-27,1050,137,92,59,32,45,27,0.6715328467153284,0.5423728813559322,124
2023-11-28,1050,139,76,97,43,63,54,0.5467625899280576,0.44329896907216493,119
2023-11-29,1050,111,67,97,33,44,64,0.6036036036036037,0.3402061855670103,100
2023-11-30,1050,138,77,68,43,61,25,0.5579710144927537,0.6323529411764706,120
2023-12-01,1050,120,78,91,36,42,55,0.65,0.3956043956043956,114
2023-12-02,1050,115,87,87,48,28,39,0.7565217391304347,0.5517241379310345,135
2023-12-03,1050,140,90,85,45,50,40,0.6428571428571429,0.5294117647058824,135
2023-12-04,1050,147,86,100,33,61,67,0.5850340136054422,0.33,119
2023-12-05,1050,117,84,75,41,33,34,0.717948717948718,0.5466666666666666,125
2023-12-06,1050,110,77,57,47,33,10,0.7,0.8245614035087719,124
2023-12-07,1050,125,88,53,30,37,23,0.704,0.5660377358490566,118
2023-12-08,1050,138,96,66,52,42,14,0.6956521739130435,0.7878787878787878,148
2023-12-09,1050,105,78,93,43,27,50,0.7428571428571429,0.46236559139784944,121
2023-12-10,1050,128,76,97,34,52,63,0.59375,0.35051546391752575,110
2023-12-11,1050,132,90,97,36,42,61,0.6818181818181818,0.3711340206185567,126
2023-12-12,1050,106,87,74,39,19,35,0.8207547169811321,0.527027027027027,126
2023-12-13,1050,131,83,65,54,48,11,0.6335877862595419,0.8307692307692308,137
2023-12-14,1050,150,73,67,45,77,22,0.4866666666666667,0.6716417910447762,118
2023-12-15,1050,139,75,100,37,64,63,0.539568345323741,0.37,112
2023-12-16,1050,143,77,95,37,66,58,0.5384615384615384,0.3894736842105263,114
2023-12-17,1050,144,63,98,40,81,58,0.4375,0.40816326530612246,103
2023-12-18,1050,103,92,70,46,11,24,0.8932038834951457,0.6571428571428571,138
2023-12-19,1050,141,84,51,34,57,17,0.5957446808510638,0.6666666666666666,118
2023-12-20,1050,116,85,84,32,31,52,0.7327586206896551,0.38095238095238093,117
2023-12-21,1050,141,81,58,38,60,20,0.574468085106383,0.6551724137931034,119
2023-12-22,1050,144,80,85,42,64,43,0.5555555555555556,0.49411764705882355,122
2023-12-23,1050,111,98,77,41,13,36,0.8828828828828829,0.5324675324675324,139
2023-12-24,1050,101,82,57,46,19,11,0.8118811881188119,0.8070175438596491,128
2023-12-25,1050,139,88,85,39,51,46,0.6330935251798561,0.4588235294117647,127
2023-12-26,1050,135,81,53,40,54,13,0.6,0.7547169811320755,121
2023-12-27,1050,100,66,84,27,34,57,0.66,0.32142857142857145,93
2023-12-28,1050,106,62,67,41,44,26,0.5849056603773585,0.6119402985074627,103
2023-12-29,1050,145,74,87,40,71,47,0.5103448275862069,0.45977011494252873,114
2023-12-30,1050,134,78,74,46,56,28,0.582089552238806,0.6216216216216216,124
2023-12-31,1050,118,75,76,37,43,39,0.635593220338983,0.4868421052631579,112
2023-01-01,1051,101,82,58,38,19,20,0.8118811881188119,0.6551724137931034,120
2023-01-02,1051,131,83,63,43,48,20,0.6335877862595419,0.6825396825396826,126
2023-01-03,1051,102,85,53,51,17,2,0.8333333333333334,0.9622641509433962,136
2023-01-04,1051,118,86,84,41,32,43,0.7288135593220338,0.4880952380952381,127
2023-01-05,1051,133,84,85,30,49,55,0.631578947368421,0.35294117647058826,114
2023-01-06,1051,127,81,78,30,46,48,0.6377952755905512,0.38461538461538464,111
2023-01-07,1051,101,79,65,45,22,20,0.7821782178217822,0.6923076923076923,124
2023-01-08,1051,104,91,64,36,13,28,0.875,0.5625,127
2023-01-09,1051,104,96,50,33,8,17,0.9230769230769231,0.66,129
2023-01-10,1051,136,76,70,28,60,42,0.5588235294117647,0.4,104
2023-01-11,1051,143,85,76,60,58,16,0.5944055944055944,0.7894736842105263,145
2023-01-12,1051,131,79,55,46,52,9,0.6030534351145038,0.8363636363636363,125
2023-01-13,1051,143,88,61,47,55,14,0.6153846153846154,0.7704918032786885,135
2023-01-14,1051,120,73,66,25,47,41,0.6083333333333333,0.3787878787878788,98
2023-01-15,1051,141,79,52,46,62,6,0.5602836879432624,0.8846153846153846,125
2023-01-16,1051,104,90,74,60,14,14,0.8653846153846154,0.8108108108108109,150
2023-01-17,1051,144,70,54,45,74,9,0.4861111111111111,0.8333333333333334,115
2023-01-18,1051,144,81,68,48,63,20,0.5625,0.7058823529411765,129
2023-01-19,1051,108,80,86,58,28,28,0.7407407407407407,0.6744186046511628,138
2023-01-20,1051,145,81,95,43,64,52,0.5586206896551724,0.45263157894736844,124
2023-01-21,1051,119,109,92,42,10,50,0.9159663865546218,0.45652173913043476,151
2023-01-22,1051,104,86,73,42,18,31,0.8269230769230769,0.5753424657534246,128
2023-01-23,1051,121,67,89,38,54,51,0.5537190082644629,0.42696629213483145,105
2023-01-24,1051,137,99,94,31,38,63,0.7226277372262774,0.32978723404255317,130
2023-01-25,1051,106,78,69,29,28,40,0.7358490566037735,0.42028985507246375,107
2023-01-26,1051,112,68,95,40,44,55,0.6071428571428571,0.42105263157894735,108
2023-01-27,1051,135,66,69,43,69,26,0.4888888888888889,0.6231884057971014,109
2023-01-28,1051,148,92,85,34,56,51,0.6216216216216216,0.4,126
2023-01-29,1051,102,84,54,34,18,20,0.8235294117647058,0.6296296296296297,118
2023-01-30,1051,130,92,65,43,38,22,0.7076923076923077,0.6615384615384615,135
2023-01-31,1051,125,66,58,29,59,29,0.528,0.5,95
2023-02-01,1051,146,61,62,52,85,10,0.4178082191780822,0.8387096774193549,113
2023-02-02,1051,106,78,55,48,28,7,0.7358490566037735,0.8727272727272727,126
2023-02-03,1051,116,83,90,38,33,52,0.7155172413793104,0.4222222222222222,121
2023-02-04,1051,131,82,61,54,49,7,0.6259541984732825,0.8852459016393442,136
2023-02-05,1051,109,79,77,32,30,45,0.7247706422018348,0.4155844155844156,111
2023-02-06,1051,107,75,88,36,32,52,0.7009345794392523,0.4090909090909091,111
2023-02-07,1051,126,88,78,49,38,29,0.6984126984126984,0.6282051282051282,137
2023-02-08,1051,127,92,96,38,35,58,0.7244094488188977,0.3958333333333333,130
2023-02-09,1051,139,63,64,38,76,26,0.45323741007194246,0.59375,101
2023-02-10,1051,102,72,80,42,30,38,0.7058823529411765,0.525,114
2023-02-11,1051,148,60,99,51,88,48,0.40540540540540543,0.5151515151515151,111
2023-02-12,1051,133,78,90,42,55,48,0.5864661654135338,0.4666666666666667,120
2023-02-13,1051,122,86,89,38,36,51,0.7049180327868853,0.42696629213483145,124
2023-02-14,1051,116,81,97,40,35,57,0.6982758620689655,0.41237113402061853,121
2023-02-15,1051,108,80,66,49,28,17,0.7407407407407407,0.7424242424242424,129
2023-02-16,1051,115,89,89,42,26,47,0.7739130434782608,0.47191011235955055,131
2023-02-17,1051,108,77,94,35,31,59,0.7129629629629629,0.3723404255319149,112
2023-02-18,1051,126,83,85,30,43,55,0.6587301587301587,0.35294117647058826,113
2023-02-19,1051,105,79,54,45,26,9,0.7523809523809524,0.8333333333333334,124
2023-02-20,1051,103,92,93,49,11,44,0.8932038834951457,0.5268817204301075,141
2023-02-21,1051,113,82,93,31,31,62,0.7256637168141593,0.3333333333333333,113
2023-02-22,1051,104,85,90,37,19,53,0.8173076923076923,0.4111111111111111,122
2023-02-23,1051,114,78,76,47,36,29,0.6842105263157895,0.618421052631579,125
2023-02-24,1051,141,73,89,32,68,57,0.5177304964539007,0.3595505617977528,105
2023-02-25,1051,149,86,94,37,63,57,0.5771812080536913,0.39361702127659576,123
2023-02-26,1051,139,86,80,36,53,44,0.6187050359712231,0.45,122
2023-02-27,1051,119,76,78,43,43,35,0.6386554621848739,0.5512820512820513,119
2023-02-28,1051,147,95,90,30,52,60,0.6462585034013606,0.3333333333333333,125
2023-03-01,1051,132,79,50,32,53,18,0.5984848484848485,0.64,111
2023-03-02,1051,100,91,96,41,9,55,0.91,0.4270833333333333,132
2023-03-03,1051,145,73,50,29,72,21,0.503448275862069,0.58,102
2023-03-04,1051,145,84,72,47,61,25,0.5793103448275863,0.6527777777777778,131
2023-03-05,1051,149,83,75,41,66,34,0.5570469798657718,0.5466666666666666,124
2023-03-06,1051,146,85,50,48,61,2,0.5821917808219178,0.96,133
2023-03-07,1051,110,76,96,34,34,62,0.6909090909090909,0.3541666666666667,110
2023-03-08,1051,147,83,67,42,64,25,0.564625850340136,0.6268656716417911,125
2023-03-09,1051,148,67,98,40,81,58,0.4527027027027027,0.40816326530612246,107
2023-03-10,1051,135,78,82,46,57,36,0.5777777777777777,0.5609756097560976,124
2023-03-11,1051,132,82,71,31,50,40,0.6212121212121212,0.43661971830985913,113
2023-03-12,1051,101,74,59,41,27,18,0.7326732673267327,0.6949152542372882,115
2023-03-13,1051,115,89,66,39,26,27,0.7739130434782608,0.5909090909090909,128
2023-03-14,1051,135,81,52,48,54,4,0.6,0.9230769230769231,129
2023-03-15,1051,141,76,53,36,65,17,0.5390070921985816,0.6792452830188679,112
2023-03-16,1051,125,77,63,40,48,23,0.616,0.6349206349206349,117
2023-03-17,1051,149,89,58,37,60,21,0.5973154362416108,0.6379310344827587,126
2023-03-18,1051,131,79,77,41,52,36,0.6030534351145038,0.5324675324675324,120
2023-03-19,1051,122,85,70,36,37,34,0.6967213114754098,0.5142857142857142,121
2023-03-20,1051,139,76,72,50,63,22,0.5467625899280576,0.6944444444444444,126
2023-03-21,1051,126,79,66,45,47,21,0.626984126984127,0.6818181818181818,124
2023-03-22,1051,111,76,89,40,35,49,0.6846846846846847,0.449438202247191,116
2023-03-23,1051,138,87,67,36,51,31,0.6304347826086957,0.5373134328358209,123
2023-03-24,1051,132,92,81,34,40,47,0.696969696969697,0.41975308641975306,126
2023-03-25,1051,108,72,98,42,36,56,0.6666666666666666,0.42857142857142855,114
2023-03-26,1051,103,84,91,32,19,59,0.8155339805825242,0.3516483516483517,116
2023-03-27,1051,150,89,50,44,61,6,0.5933333333333334,0.88,133
2023-03-28,1051,136,99,95,36,37,59,0.7279411764705882,0.37894736842105264,135
2023-03-29,1051,130,84,56,40,46,16,0.6461538461538462,0.7142857142857143,124
2023-03-30,1051,140,69,63,38,71,25,0.4928571428571429,0.6031746031746031,107
2023-03-31,1051,127,78,63,42,49,21,0.6141732283464567,0.6666666666666666,120
2023-04-01,1051,121,65,55,47,56,8,0.5371900826446281,0.8545454545454545,112
2023-04-02,1051,146,64,64,32,82,32,0.4383561643835616,0.5,96
2023-04-03,1051,145,80,63,60,65,3,0.5517241379310345,0.9523809523809523,140
2023-04-04,1051,135,71,92,42,64,50,0.5259259259259259,0.45652173913043476,113
2023-04-05,1051,101,88,60,46,13,14,0.8712871287128713,0.7666666666666667,134
2023-04-06,1051,149,80,69,44,69,25,0.5369127516778524,0.6376811594202898,124
2023-04-07,1051,126,75,55,41,51,14,0.5952380952380952,0.7454545454545455,116
2023-04-08,1051,101,63,69,35,38,34,0.6237623762376238,0.5072463768115942,98
2023-04-09,1051,141,74,88,35,67,53,0.524822695035461,0.3977272727272727,109
2023-04-10,1051,122,76,68,42,46,26,0.6229508196721312,0.6176470588235294,118
2023-04-11,1051,133,72,54,44,61,10,0.5413533834586466,0.8148148148148148,116
2023-04-12,1051,129,74,78,38,55,40,0.5736434108527132,0.48717948717948717,112
2023-04-13,1051,133,78,54,38,55,16,0.5864661654135338,0.7037037037037037,116
2023-04-14,1051,140,90,77,48,50,29,0.6428571428571429,0.6233766233766234,138
2023-04-15,1051,112,97,77,33,15,44,0.8660714285714286,0.42857142857142855,130
2023-04-16,1051,138,80,79,35,58,44,0.5797101449275363,0.4430379746835443,115
2023-04-17,1051,137,93,50,42,44,8,0.6788321167883211,0.84,135
2023-04-18,1051,103,71,80,32,32,48,0.6893203883495146,0.4,103
2023-04-19,1051,106,84,82,35,22,47,0.7924528301886793,0.4268292682926829,119
2023-04-20,1051,123,85,81,35,38,46,0.6910569105691057,0.43209876543209874,120
2023-04-21,1051,115,78,88,37,37,51,0.6782608695652174,0.42045454545454547,115
2023-04-22,1051,147,81,98,36,66,62,0.5510204081632653,0.3673469387755102,117
2023-04-23,1051,106,83,58,49,23,9,0.78301886792452835,0.8448275862068966,132
2023-04-24,1051,108,87,68,36,21,32,0.8055555555555556,0.5294117647058824,123
2023-04-25,1051,133,76,70,51,57,19,0.5714285714285714,0.7285714285714285,127
2023-04-26,1051,108,89,80,37,19,43,0.8240740740740741,0.4625,126
2023-04-27,1051,133,78,68,35,55,33,0.5864661654135338,0.5147058823529411,113
2023-04-28,1051,130,88,95,54,42,41,0.676923076923077,0.5684210526315789,142
2023-04-29,1051,140,63,89,36,77,53,0.45,0.4044943820224719,99
2023-04-30,1051,136,86,52,39,50,13,0.6323529411764706,0.75,125
2023-05-01,1051,139,88,77,39,51,38,0.6330935251798561,0.5064935064935064,127
2023-05-02,1051,128,93,60,50,35,10,0.7265625,0.8333333333333334,143
2023-05-03,1051,147,93,72,48,54,24,0.6326530612244898,0.6666666666666666,141
2023-05-04,1051,124,74,74,39,50,35,0.5967741935483871,0.527027027027027,113
2023-05-05,1051,100,79,99,34,21,65,0.79,0.3434343434343434,113
2023-05-06,1051,118,86,51,37,32,14,0.7288135593220338,0.7254901960784313,123
2023-05-07,1051,147,79,94,47,68,47,0.5374149659863946,0.5,126
2023-05-08,1051,126,77,77,40,49,37,0.6111111111111112,0.5194805194805194,117
2023-05-09,1051,115,71,91,53,44,38,0.6173913043478261,0.5824175824175825,124
2023-05-10,1051,140,77,99,31,63,68,0.55,0.31313131313131315,108
2023-05-11,1051,108,86,86,41,22,45,0.7962962962962963,0.47674418604651164,127
2023-05-12,1051,143,81,70,34,62,36,0.5664335664335665,0.4857142857142857,115
2023-05-13,1051,114,80,71,32,34,39,0.7017543859649122,0.4507042253521127,112
2023-05-14,1051,135,78,86,35,57,51,0.5777777777777777,0.4069767441860465,113
2023-05-15,1051,149,82,93,35,67,58,0.5503355704697986,0.3763440860215054,117
2023-05-16,1051,133,70,83,39,63,44,0.5263157894736842,0.46987951807228917,109
2023-05-17,1051,107,57,98,44,50,54,0.5327102803738317,0.4489795918367347,101
2023-05-18,1051,106,81,86,33,25,53,0.7641509433962265,0.38372093023255816,114
2023-05-19,1051,100,100,98,48,0,50,1,0.4897959183673469,148
2023-05-20,1051,140,94,96,41,46,55,0.6714285714285714,0.4270833333333333,135
2023-05-21,1051,137,92,71,43,45,28,0.6715328467153284,0.6056338028169014,135
2023-05-22,1051,123,81,72,48,42,24,0.6585365853658537,0.6666666666666666,129
2023-05-23,1051,101,92,99,50,9,49,0.9108910891089109,0.5050505050505051,142
2023-05-24,1051,110,83,70,46,27,24,0.7545454545454545,0.6571428571428571,129
2023-05-25,1051,135,87,67,40,48,27,0.6444444444444445,0.5970149253731343,127
2023-05-26,1051,107,65,52,31,42,21,0.6074766355140186,0.5961538461538461,96
2023-05-27,1051,103,82,65,36,21,29,0.7961165048543689,0.5538461538461539,118
2023-05-28,1051,112,69,77,34,43,43,0.6160714285714286,0.44155844155844154,103
2023-05-29,1051,124,85,67,28,39,39,0.6854838709677419,0.417910447761194,113
2023-05-30,1051,111,75,78,32,36,46,0.6756756756756757,0.41025641025641024,107
2023-05-31,1051,107,94,81,41,13,40,0.8785046728971962,0.5061728395061729,135
2023-06-01,1051,111,81,54,42,30,12,0.7297297297297297,0.7777777777777778,123
2023-06-02,1051,138,105,85,49,33,36,0.7608695652173914,0.5764705882352941,154
2023-06-03,1051,105,93,79,41,12,38,0.8857142857142857,0.5189873417721519,134
2023-06-04,1051,126,81,58,46,45,12,0.6428571428571429,0.7931034482758621,127
2023-06-05,1051,142,82,71,45,60,26,0.5774647887323944,0.6338028169014085,127
2023-06-06,1051,140,80,92,38,60,54,0.5714285714285714,0.41304347826086957,118
2023-06-07,1051,141,84,79,36,57,43,0.5957446808510638,0.45569620253164556,120
2023-06-08,1051,146,79,56,37,67,19,0.541095890410959,0.6607142857142857,116
2023-06-09,1051,114,78,59,38,36,21,0.6842105263157895,0.6440677966101694,116
2023-06-10,1051,141,90,94,37,51,57,0.6382978723404256,0.39361702127659576,127
2023-06-11,1051,122,79,94,46,43,48,0.6475409836065574,0.48936170212765956,125
2023-06-12,1051,148,76,75,39,72,36,0.5135135135135135,0.52,115
2023-06-13,1051,104,80,69,44,24,25,0.7692307692307693,0.6376811594202898,124
2023-06-14,1051,130,72,97,35,58,62,0.5538461538461539,0.36082474226804123,107
2023-06-15,1051,128,91,82,35,37,47,0.7109375,0.4268292682926829,126
2023-06-16,1051,147,86,81,38,61,43,0.5850340136054422,0.4691358024691358,124
2023-06-17,1051,148,93,55,34,55,21,0.6283783783783784,0.6181818181818182,127
2023-06-18,1051,133,91,66,39,42,27,0.6842105263157895,0.5909090909090909,130
2023-06-19,1051,133,89,98,33,44,65,0.6691729323308271,0.336734693877551,122
2023-06-20,1051,111,84,54,39,27,15,0.7567567567567568,0.7222222222222222,123
2023-06-21,1051,147,80,57,47,67,10,0.54421768707483,0.8245614035087719,127
2023-06-22,1051,105,88,94,40,17,54,0.8380952380952381,0.425531914893617,128
2023-06-23,1051,145,81,56,33,64,23,0.5586206896551724,0.5892857142857143,114
2023-06-24,1051,118,79,71,37,39,34,0.6694915254237288,0.5211267605633803,116
2023-06-25,1051,134,79,88,48,55,40,0.5895522388059702,0.5454545454545454,127
2023-06-26,1051,149,84,54,47,65,7,0.5637583892617449,0.8703703703703703,131
2023-06-27,1051,135,85,98,43,50,55,0.6296296296296297,0.4387755102040816,128
2023-06-28,1051,107,70,94,40,37,54,0.6542056074766355,0.425531914893617,110
2023-06-29,1051,142,81,75,39,61,36,0.5704225352112676,0.52,120
2023-06-30,1051,125,71,88,47,54,41,0.568,0.5340909090909091,118
2023-07-01,1051,121,79,65,29,42,36,0.6528925619834711,0.4461538461538462,108
2023-07-02,1051,118,86,69,39,32,30,0.7288135593220338,0.5652173913043478,125
2023-07-03,1051,113,77,50,50,36,0,0.6814159292035398,1,127
2023-07-04,1051,146,91,97,47,55,50,0.6232876712328768,0.4845360824742268,138
2023-07-05,1051,146,71,84,29,75,55,0.4863013698630137,0.34523809523809523,100
2023-07-06,1051,122,82,91,37,40,54,0.6721311475409836,0.4065934065934066,119
2023-07-07,1051,127,85,57,48,42,9,0.6692913385826772,0.8421052631578947,133
2023-07-08,1051,114,78,89,40,36,49,0.6842105263157895,0.449438202247191,118
2023-07-09,1051,113,90,58,35,23,23,0.7964601769911505,0.603448275862069,125
2023-07-10,1051,125,62,59,43,63,16,0.496,0.7288135593220338,105
2023-07-11,1051,113,85,60,40,28,20,0.7522123893805309,0.6666666666666666,125
2023-07-12,1051,142,88,62,38,54,24,0.6197183098591549,0.6129032258064516,126
2023-07-13,1051,144,85,74,42,59,32,0.5902777777777778,0.5675675675675675,127
2023-07-14,1051,148,84,61,50,64,11,0.5675675675675675,0.819672131147541,134
2023-07-15,1051,105,77,63,36,28,27,0.7333333333333333,0.5714285714285714,113
2023-07-16,1051,121,74,99,40,47,59,0.6115702479338843,0.40404040404040403,114
2023-07-17,1051,131,75,70,37,56,33,0.5725190839694656,0.5285714285714286,112
2023-07-18,1051,116,79,50,40,37,10,0.6810344827586207,0.8,119
2023-07-19,1051,127,75,78,37,52,41,0.5905511811023622,0.47435897435897434,112
2023-07-20,1051,145,86,58,54,59,4,0.593103448275862,0.9310344827586207,140
2023-07-21,1051,127,74,82,40,53,42,0.5826771653543307,0.4878048780487805,114
2023-07-22,1051,142,86,78,34,56,44,0.6056338028169014,0.4358974358974359,120
2023-07-23,1051,130,93,65,37,37,28,0.7153846153846154,0.5692307692307692,130
2023-07-24,1051,110,81,86,29,29,57,0.7363636363636363,0.3372093023255814,110
2023-07-25,1051,126,82,63,39,44,24,0.6507936507936508,0.6190476190476191,121
2023-07-26,1051,108,84,80,51,24,29,0.7777777777777778,0.6375,135
2023-07-27,1051,118,88,80,37,30,43,0.7457627118644068,0.4625,125
2023-07-28,1051,126,73,51,48,53,3,0.5793650793650794,0.9411764705882353,121
2023-07-29,1051,131,75,98,36,56,62,0.5725190839694656,0.3673469387755102,111
2023-07-30,1051,103,73,99,43,30,56,0.7087378640776699,0.43434343434343436,116
2023-07-31,1051,110,78,95,33,32,62,0.7090909090909091,0.3473684210526316,111
2023-08-01,1051,149,92,90,33,57,57,0.6174496644295302,0.36666666666666664,125
2023-08-02,1051,111,81,82,54,30,28,0.7297297297297297,0.6585365853658537,135
2023-08-03,1051,145,84,61,38,61,23,0.5793103448275863,0.6229508196721312,122
2023-08-04,1051,120,75,78,54,45,24,0.625,0.6923076923076923,129
2023-08-05,1051,122,84,81,33,38,48,0.6885245901639344,0.4074074074074074,117
2023-08-06,1051,140,92,91,38,48,53,0.6571428571428571,0.4175824175824176,130
2023-08-07,1051,124,87,50,41,37,9,0.7016129032258065,0.82,128
2023-08-08,1051,150,79,97,37,71,60,0.5266666666666666,0.38144329896907214,116
2023-08-09,1051,114,77,73,37,37,36,0.6754385964912281,0.5068493150684932,114
2023-08-10,1051,137,77,74,40,60,34,0.5620437956204379,0.5405405405405406,117
2023-08-11,1051,108,79,99,49,29,50,0.7314814814814815,0.494949494949495,128
2023-08-12,1051,149,83,95,30,66,65,0.5570469798657718,0.3157894736842105,113
2023-08-13,1051,102,75,85,33,27,52,0.7352941176470589,0.38823529411764707,108
2023-08-14,1051,122,92,84,35,30,49,0.7540983606557377,0.4166666666666667,127
2023-08-15,1051,140,82,85,39,58,46,0.5857142857142857,0.4588235294117647,121
2023-08-16,1051,134,80,78,42,54,36,0.5970149253731343,0.5384615384615384,122
2023-08-17,1051,146,88,76,26,58,50,0.6027397260273972,0.34210526315789475,114
2023-08-18,1051,114,87,57,37,27,20,0.7631578947368421,0.6491228070175439,124
2023-08-19,1051,133,85,76,45,48,31,0.6390977443609023,0.5921052631578947,130
2023-08-20,1051,140,77,86,38,63,48,0.55,0.4418604651162791,115
2023-08-21,1051,107,88,55,30,19,25,0.822429906542056,0.5454545454545454,118
2023-08-22,1051,118,90,53,33,28,20,0.7627118644067796,0.6226415094339622,123
2023-08-23,1051,141,64,68,37,77,31,0.45390070921985815,0.5441176470588235,101
2023-08-24,1051,124,64,98,40,60,58,0.5161290322580645,0.40816326530612246,104
2023-08-25,1051,112,74,62,47,38,15,0.6607142857142857,0.7580645161290323,121
2023-08-26,1051,106,80,94,32,26,62,0.7547169811320755,0.3404255319148936,112
2023-08-27,1051,142,78,67,40,64,27,0.5492957746478874,0.5970149253731343,118
2023-08-28,1051,130,75,69,45,55,24,0.5769230769230769,0.6521739130434783,120
2023-08-29,1051,150,72,99,36,78,63,0.48,0.36363636363636365,108
2023-08-30,1051,115,90,85,36,25,49,0.782608695652174,0.4235294117647059,126
2023-08-31,1051,117,83,77,40,34,37,0.7094017094017094,0.5194805194805194,123
2023-09-01,1051,111,88,97,37,23,60,0.7927927927927928,0.38144329896907214,125
2023-09-02,1051,121,87,81,42,34,39,0.71900826446281,0.5185185185185185,129
2023-09-03,1051,128,79,58,42,49,16,0.6171875,0.7241379310344828,121
2023-09-04,1051,139,100,64,56,39,8,0.7194244604316546,0.875,156
2023-09-05,1051,100,74,94,40,26,54,0.74,0.425531914893617,114
2023-09-06,1051,133,84,54,46,49,8,0.631578947368421,0.8518518518518519,130
2023-09-07,1051,120,80,100,38,40,62,0.6666666666666666,0.38,118
2023-09-08,1051,138,75,73,47,63,26,0.5434782608695652,0.6438356164383562,122
2023-09-09,1051,101,82,69,51,19,18,0.8118811881188119,0.7391304347826086,133
2023-09-10,1051,141,87,86,42,54,44,0.6170212765957447,0.4883720930232558,129
2023-09-11,1051,146,83,75,36,63,39,0.5684931506849316,0.48,119
2023-09-12,1051,135,82,55,44,53,11,0.6074074074074074,0.8,126
2023-09-13,1051,133,94,68,39,39,29,0.706766917293233,0.5735294117647058,133
2023-09-14,1051,112,76,75,34,36,41,0.6785714285714286,0.4533333333333333,110
2023-09-15,1051,139,88,91,37,51,54,0.6330935251798561,0.4065934065934066,125
2023-09-16,1051,136,85,78,33,51,45,0.625,0.4230769230769231,118
2023-09-17,1051,116,76,96,45,40,51,0.6551724137931034,0.46875,121
2023-09-18,1051,140,89,51,35,51,16,0.6357142857142857,0.6862745098039216,124
2023-09-19,1051,132,83,67,35,49,32,0.6287878787878788,0.5223880597014925,118
2023-09-20,1051,109,89,70,40,20,30,0.8165137614678899,0.5714285714285714,129
2023-09-21,1051,122,86,53,36,36,17,0.7049180327868853,0.6792452830188679,122
2023-09-22,1051,100,88,55,37,12,18,0.88,0.6727272727272727,125
2023-09-23,1051,116,74,79,34,42,45,0.6379310344827587,0.43037974683544306,108
2023-09-24,1051,107,74,66,42,33,24,0.6915887850467289,0.6363636363636364,116
2023-09-25,1051,125,87,61,49,38,12,0.696,0.8032786885245902,136
2023-09-26,1051,142,86,81,45,56,36,0.6056338028169014,0.5555555555555556,131
2023-09-27,1051,146,63,55,39,83,16,0.4315068493150685,0.7090909090909091,102
2023-09-28,1051,100,85,60,40,15,20,0.85,0.6666666666666666,125
2023-09-29,1051,100,68,92,39,32,53,0.68,0.42391304347826086,107
2023-09-30,1051,134,81,76,35,53,41,0.6044776119402985,0.4605263157894737,116
2023-10-01,1051,104,70,68,42,34,26,0.6730769230769231,0.6176470588235294,112
2023-10-02,1051,110,69,83,42,41,41,0.6272727272727273,0.5060240963855421,111
2023-10-03,1051,120,74,66,33,46,33,0.6166666666666667,0.5,107
2023-10-04,1051,100,100,98,39,0,59,1,0.3979591836734694,139
2023-10-05,1051,106,75,62,38,31,24,0.7075471698113207,0.6129032258064516,113
2023-10-06,1051,138,98,91,40,40,51,0.7101449275362319,0.43956043956043955,138
2023-10-07,1051,110,73,59,44,37,15,0.6636363636363637,0.7457627118644068,117
2023-10-08,1051,137,84,58,40,53,18,0.6131386861313869,0.6896551724137931,124
2023-10-09,1051,121,72,56,45,49,11,0.5950413223140496,0.8035714285714286,117
2023-10-10,1051,138,82,52,46,56,6,0.5942028985507246,0.8846153846153846,128
2023-10-11,1051,150,78,53,34,72,19,0.52,0.6415094339622641,112
2023-10-12,1051,149,90,96,46,59,50,0.6040268456375839,0.4791666666666667,136
2023-10-13,1051,113,85,94,34,28,60,0.7522123893805309,0.3617021276595745,119
2023-10-14,1051,107,71,78,36,36,42,0.6635514018691588,0.46153846153846156,107
2023-10-15,1051,116,70,75,38,46,37,0.603448275862069,0.5066666666666667,108
2023-10-16,1051,149,73,55,33,76,22,0.4899328859060403,0.6,106
2023-10-17,1051,105,83,68,43,22,25,0.7904761904761904,0.6323529411764706,126
2023-10-18,1051,111,90,92,42,21,50,0.8108108108108109,0.45652173913043476,132
2023-10-19,1051,144,84,88,30,60,58,0.5833333333333334,0.3409090909090909,114
2023-10-20,1051,121,64,86,41,57,45,0.5289256198347108,0.47674418604651164,105
2023-10-21,1051,108,102,78,43,6,35,0.9444444444444444,0.5512820512820513,145
2023-10-22,1051,118,84,67,51,34,16,0.711864406779661,0.7611940298507462,135
2023-10-23,1051,143,78,75,38,65,37,0.5454545454545454,0.5066666666666667,116
2023-10-24,1051,144,61,52,24,83,28,0.4236111111111111,0.46153846153846156,85
2023-10-25,1051,105,86,84,33,19,51,0.819047619047619,0.39285714285714285,119
2023-10-26,1051,141,87,90,49,54,41,0.6170212765957447,0.5444444444444444,136
2023-10-27,1051,122,76,93,47,46,46,0.6229508196721312,0.5053763440860215,123
2023-10-28,1051,121,64,63,37,57,26,0.5289256198347108,0.5873015873015873,101
2023-10-29,1051,123,80,97,34,43,63,0.6504065040650406,0.35051546391752575,114
2023-10-30,1051,102,102,50,29,0,21,1,0.58,131
2023-10-31,1051,145,84,52,42,61,10,0.5793103448275863,0.8076923076923077,126
2023-11-01,1051,130,85,54,34,45,20,0.6538461538461539,0.6296296296296297,119
2023-11-02,1051,150,79,63,33,71,30,0.5266666666666666,0.5238095238095238,112
2023-11-03,1051,100,75,57,36,25,21,0.75,0.631578947368421,111
2023-11-04,1051,126,77,95,34,49,61,0.6111111111111112,0.35789473684210527,111
2023-11-05,1051,103,83,94,44,20,50,0.8058252427184466,0.46808510638297873,127
2023-11-06,1051,149,85,63,42,64,21,0.5704697986577181,0.6666666666666666,127
2023-11-07,1051,144,82,59,31,62,28,0.5694444444444444,0.5254237288135594,113
2023-11-08,1051,120,81,70,55,39,15,0.675,0.7857142857142857,136
2023-11-09,1051,108,73,78,37,35,41,0.6759259259259259,0.47435897435897434,110
2023-11-10,1051,134,56,55,35,78,20,0.417910447761194,0.6363636363636364,91
2023-11-11,1051,107,81,78,37,26,41,0.7570093457943925,0.47435897435897434,118
2023-11-12,1051,121,87,97,40,34,57,0.71900826446281,0.41237113402061853,127
2023-11-13,1051,142,83,54,28,59,26,0.5845070422535211,0.5185185185185185,111
2023-11-14,1051,117,78,80,41,39,39,0.6666666666666666,0.5125,119
2023-11-15,1051,111,91,74,45,20,29,0.8198198198198198,0.6081081081081081,136
2023-11-16,1051,105,73,99,43,32,56,0.6952380952380952,0.43434343434343436,116
2023-11-17,1051,136,82,50,46,54,4,0.6029411764705882,0.92,128
2023-11-18,1051,101,86,60,48,15,12,0.8514851485148515,0.8,134
2023-11-19,1051,147,86,99,44,61,55,0.5850340136054422,0.4444444444444444,130
2023-11-20,1051,121,79,77,40,42,37,0.6528925619834711,0.5194805194805194,119
2023-11-21,1051,148,80,87,41,68,46,0.5405405405405406,0.47126436781609193,121
2023-11-22,1051,144,75,90,35,69,55,0.5208333333333334,0.3888888888888889,110
2023-11-23,1051,109,92,88,34,17,54,0.8440366972477065,0.38636363636363635,126
2023-11-24,1051,147,86,74,37,61,37,0.5850340136054422,0.5,123
2023-11-25,1051,105,87,95,41,18,54,0.8285714285714286,0.43157894736842106,128
2023-11-26,1051,127,81,53,38,46,15,0.6377952755905512,0.71698113207547165,119
2023-11-27,1051,149,78,96,40,71,56,0.5234899328859061,0.4166666666666667,118
2023-11-28,1051,130,83,57,43,47,14,0.6384615384615384,0.7543859649122807,126
2023-11-29,1051,112,73,96,37,39,59,0.6517857142857143,0.3854166666666667,110
2023-11-30,1051,142,72,57,42,70,15,0.5070422535211268,0.7368421052631579,114
2023-12-01,1051,142,73,58,40,69,18,0.5140845070422535,0.6896551724137931,113
2023-12-02,1051,133,74,57,50,59,7,0.556390977443609,0.8771929824561403,124
2023-12-03,1051,122,78,82,42,44,40,0.639344262295082,0.5121951219512195,120
2023-12-04,1051,122,92,72,50,30,22,0.7540983606557377,0.6944444444444444,142
2023-12-05,1051,108,79,53,31,29,22,0.7314814814814815,0.5849056603773585,110
2023-12-06,1051,141,67,99,25,74,74,0.475177304964539,0.25252525252525254,92
2023-12-07,1051,112,98,77,41,14,36,0.875,0.5324675324675324,139
2023-12-08,1051,115,73,66,46,42,20,0.6347826086956522,0.696969696969697,119
2023-12-09,1051,118,79,66,46,39,20,0.6694915254237288,0.696969696969697,125
2023-12-10,1051,139,91,55,34,48,21,0.6546762589928058,0.6181818181818182,125
2023-12-11,1051,134,88,51,40,46,11,0.6567164179104478,0.7843137254901961,128
2023-12-12,1051,148,82,98,34,66,64,0.5540540540540541,0.3469387755102041,116
2023-12-13,1051,105,64,62,44,41,18,0.6095238095238096,0.7096774193548387,108
2023-12-14,1051,104,67,64,43,37,21,0.6442307692307693,0.671875,110
2023-12-15,1051,108,87,86,47,21,39,0.8055555555555556,0.5465116279069767,134
2023-12-16,1051,100,71,55,53,29,2,0.71,0.9636363636363636,124
2023-12-17,1051,148,86,85,36,62,49,0.581081081081081,0.4235294117647059,122
2023-12-18,1051,149,80,98,39,69,59,0.5369127516778524,0.3979591836734694,119
2023-12-19,1051,130,88,55,48,42,7,0.676923076923077,0.8727272727272727,136
2023-12-20,1051,114,68,59,36,46,23,0.5964912280701754,0.6101694915254238,104
2023-12-21,1051,127,74,91,41,53,50,0.5826771653543307,0.45054945054945056,115
2023-12-22,1051,141,77,70,30,64,40,0.5460992907801419,0.42857142857142855,107
2023-12-23,1051,122,73,67,36,49,31,0.5983606557377049,0.5373134328358209,109
2023-12-24,1051,118,79,86,46,39,40,0.6694915254237288,0.5348837209302325,125
2023-12-25,1051,150,92,56,45,58,11,0.6133333333333333,0.8035714285714286,137
2023-12-26,1051,112,84,73,28,28,45,0.75,0.3835616438356164,112
2023-12-27,1051,145,84,66,41,61,25,0.5793103448275863,0.6212121212121212,125
2023-12-28,1051,105,72,90,35,33,55,0.6857142857142857,0.3888888888888889,107
2023-12-29,1051,134,83,56,40,51,16,0.6194029850746269,0.7142857142857143,123
2023-12-30,1051,111,71,73,36,40,37,0.6396396396396397,0.4931506849315068,107
2023-12-31,1051,107,75,76,31,32,45,0.7009345794392523,0.40789473684210525,106
2023-01-01,1052,131,70,85,35,61,50,0.5343511450381679,0.4117647058823529,105
2023-01-02,1052,122,71,86,43,51,43,0.5819672131147541,0.5,114
2023-01-03,1052,103,77,70,42,26,28,0.7475728155339806,0.6,119
2023-01-04,1052,110,67,58,40,43,18,0.6090909090909091,0.6896551724137931,107
2023-01-05,1052,144,76,89,48,68,41,0.5277777777777778,0.5393258426966292,124
2023-01-06,1052,150,65,79,54,85,25,0.43333333333333335,0.6835443037974683,119
2023-01-07,1052,110,85,62,46,25,16,0.7727272727272727,0.7419354838709677,131
2023-01-08,1052,149,72,92,37,77,55,0.48322147651006714,0.40217391304347827,109
2023-01-09,1052,144,88,69,29,56,40,0.6111111111111112,0.42028985507246375,117
2023-01-10,1052,130,86,88,46,44,42,0.6615384615384615,0.5227272727272727,132
2023-01-11,1052,136,84,54,38,52,16,0.6176470588235294,0.7037037037037037,122
2023-01-12,1052,112,71,84,40,41,44,0.6339285714285714,0.47619047619047616,111
2023-01-13,1052,101,71,83,38,30,45,0.7029702970297029,0.4578313253012048,109
2023-01-14,1052,149,86,65,47,63,18,0.5771812080536913,0.7230769230769231,133
2023-01-15,1052,112,87,78,49,25,29,0.7767857142857143,0.6282051282051282,136
2023-01-16,1052,112,85,97,28,27,69,0.7589285714285714,0.28865979381443296,113
2023-01-17,1052,108,67,77,41,41,36,0.6203703703703703,0.5324675324675324,108
2023-01-18,1052,121,71,71,49,50,22,0.5867768595041323,0.6901408450704225,120
2023-01-19,1052,137,77,86,47,60,39,0.5620437956204379,0.5465116279069767,124
2023-01-20,1052,118,111,64,37,7,27,0.940677966101695,0.578125,148
2023-01-21,1052,130,76,97,42,54,55,0.5846153846153846,0.4329896907216495,118
2023-01-22,1052,117,86,51,42,31,9,0.7350427350427351,0.8235294117647058,128
2023-01-23,1052,106,87,52,37,19,15,0.8207547169811321,0.7115384615384616,124
2023-01-24,1052,149,76,50,34,73,16,0.5100671140939598,0.68,110
2023-01-25,1052,117,78,51,36,39,15,0.6666666666666666,0.7058823529411765,114
2023-01-26,1052,114,69,93,25,45,68,0.6052631578947368,0.26881720430107525,94
2023-01-27,1052,113,66,88,40,47,48,0.584070796460177,0.45454545454545453,106
2023-01-28,1052,121,70,54,34,51,20,0.5785123966942148,0.6296296296296297,104
2023-01-29,1052,127,74,50,50,53,0,0.5826771653543307,1,124
2023-01-30,1052,130,74,91,42,56,49,0.5692307692307692,0.46153846153846156,116
2023-01-31,1052,118,79,57,41,39,16,0.6694915254237288,0.7192982456140351,120
2023-02-01,1052,106,75,100,37,31,63,0.7075471698113207,0.37,112
2023-02-02,1052,150,77,73,44,73,29,0.5133333333333333,0.6027397260273972,121
2023-02-03,1052,149,92,90,44,57,46,0.6174496644295302,0.4888888888888889,136
2023-02-04,1052,146,82,99,38,64,61,0.5616438356164384,0.3838383838383838,120
2023-02-05,1052,137,77,85,38,60,47,0.5620437956204379,0.4470588235294118,115
2023-02-06,1052,113,83,86,46,30,40,0.7345132743362832,0.5348837209302325,129
2023-02-07,1052,125,67,86,36,58,50,0.536,0.4186046511627907,103
2023-02-08,1052,143,81,50,34,62,16,0.5664335664335665,0.68,115
2023-02-09,1052,116,74,66,45,42,21,0.6379310344827587,0.6818181818181818,119
2023-02-10,1052,127,95,81,35,32,46,0.7480314960629921,0.43209876543209874,130
2023-02-11,1052,150,82,68,40,68,28,0.5466666666666666,0.5882352941176471,122
2023-02-12,1052,146,70,82,37,76,45,0.4794520547945205,0.45121951219512196,107
2023-02-13,1052,130,66,53,41,64,12,0.5076923076923077,0.7735849056603774,107
2023-02-14,1052,105,94,51,44,11,7,0.8952380952380953,0.8627450980392157,138
2023-02-15,1052,114,94,63,39,20,24,0.8245614035087719,0.6190476190476191,133
2023-02-16,1052,102,81,58,41,21,17,0.7941176470588235,0.7068965517241379,122
2023-02-17,1052,135,78,98,32,57,66,0.5777777777777777,0.32653061224489793,110
2023-02-18,1052,107,74,91,32,33,59,0.6915887850467289,0.3516483516483517,106
2023-02-19,1052,111,84,55,37,27,18,0.7567567567567568,0.6727272727272727,121
2023-02-20,1052,132,81,89,42,51,47,0.6136363636363636,0.47191011235955055,123
2023-02-21,1052,138,68,56,40,70,16,0.4927536231884058,0.7142857142857143,108
2023-02-22,1052,101,71,65,46,30,19,0.7029702970297029,0.7076923076923077,117
2023-02-23,1052,146,93,79,38,53,41,0.636986301369863,0.4810126582278481,131
2023-02-24,1052,141,74,54,41,67,13,0.524822695035461,0.7592592592592593,115
2023-02-25,1052,124,97,60,40,27,20,0.782258064516129,0.6666666666666666,137
2023-02-26,1052,133,88,55,38,45,17,0.6616541353383458,0.6909090909090909,126
2023-02-27,1052,140,70,68,42,70,26,0.5,0.6176470588235294,112
2023-02-28,1052,135,78,62,31,57,31,0.5777777777777777,0.5,109
2023-03-01,1052,134,72,79,44,62,35,0.5373134328358209,0.5569620253164557,116
2023-03-02,1052,145,89,77,30,56,47,0.6137931034482759,0.38961038961038963,119
2023-03-03,1052,134,79,67,48,55,19,0.5895522388059702,0.7164179104477612,127
2023-03-04,1052,120,94,82,32,26,50,0.7833333333333333,0.3902439024390244,126
2023-03-05,1052,122,90,85,48,32,37,0.7377049180327869,0.5647058823529412,138
2023-03-06,1052,112,92,60,39,20,21,0.8214285714285714,0.65,131
2023-03-07,1052,136,74,71,51,62,20,0.5441176470588235,0.7183098591549296,125
2023-03-08,1052,103,83,100,48,20,52,0.8058252427184466,0.48,131
2023-03-09,1052,144,76,79,49,68,30,0.5277777777777778,0.620253164556962,125
2023-03-10,1052,102,77,91,45,25,46,0.7549019607843137,0.4945054945054945,122
2023-03-11,1052,127,73,72,54,54,18,0.5748031496062992,0.75,127
2023-03-12,1052,124,78,74,28,46,46,0.6290322580645161,0.3783783783783784,106
2023-03-13,1052,148,75,62,51,73,11,0.5067567567567568,0.8225806451612904,126
2023-03-14,1052,114,87,92,44,27,48,0.7631578947368421,0.4782608695652174,131
2023-03-15,1052,145,77,76,43,68,33,0.5310344827586206,0.5657894736842105,120
2023-03-16,1052,121,82,98,43,39,55,0.6776859504132231,0.4387755102040816,125
2023-03-17,1052,147,82,87,39,65,48,0.5578231292517006,0.4482758620689655,121
2023-03-18,1052,132,62,50,39,70,11,0.4696969696969697,0.78,101
2023-03-19,1052,123,82,83,46,41,37,0.6666666666666666,0.5542168674698795,128
2023-03-20,1052,142,86,52,46,56,6,0.6056338028169014,0.8846153846153846,132
2023-03-21,1052,119,89,94,38,30,56,0.7478991596638656,0.40425531914893614,127
2023-03-22,1052,131,86,55,37,45,18,0.6564885496183206,0.6727272727272727,123
2023-03-23,1052,101,75,55,45,26,10,0.7425742574257426,0.8181818181818182,120
2023-03-24,1052,125,83,60,34,42,26,0.664,0.5666666666666667,117
2023-03-25,1052,130,71,80,44,59,36,0.5461538461538461,0.55,115
2023-03-26,1052,111,76,96,31,35,65,0.6846846846846847,0.3229166666666667,107
2023-03-27,1052,123,68,78,39,55,39,0.5528455284552846,0.5,107
2023-03-28,1052,124,84,75,37,40,38,0.6774193548387096,0.49333333333333335,121
2023-03-29,1052,113,76,65,37,37,28,0.672566371681416,0.5692307692307692,113
2023-03-30,1052,129,79,78,47,50,31,0.6124031007751938,0.6025641025641025,126
2023-03-31,1052,129,87,53,40,42,13,0.6744186046511628,0.7547169811320755,127
2023-04-01,1052,108,81,85,51,27,34,0.75,0.6,132
2023-04-02,1052,121,65,62,31,56,31,0.5371900826446281,0.5,96
2023-04-03,1052,101,86,95,44,15,51,0.8514851485148515,0.4631578947368421,130
2023-04-04,1052,149,81,89,34,68,55,0.5436241610738255,0.38202247191011235,115
2023-04-05,1052,110,78,62,43,32,19,0.7090909090909091,0.6935483870967742,121
2023-04-06,1052,125,71,99,52,54,47,0.568,0.5252525252525253,123
2023-04-07,1052,148,102,87,41,46,46,0.6891891891891891,0.47126436781609193,143
2023-04-08,1052,143,66,77,34,77,43,0.46153846153846156,0.44155844155844154,100
2023-04-09,1052,133,110,73,43,23,30,0.8270676691729323,0.589041095890411,153
2023-04-10,1052,106,81,96,35,25,61,0.7641509433962265,0.3645833333333333,116
2023-04-11,1052,113,63,73,43,50,30,0.5575221238938053,0.589041095890411,106
2023-04-12,1052,129,79,70,44,50,26,0.6124031007751938,0.6285714285714286,123
2023-04-13,1052,105,76,67,26,29,41,0.7238095238095238,0.3880597014925373,102
2023-04-14,1052,133,71,69,44,62,25,0.5338345864661654,0.6376811594202898,115
2023-04-15,1052,123,84,95,46,39,49,0.6829268292682927,0.4842105263157895,130
2023-04-16,1052,136,77,63,37,59,26,0.5661764705882353,0.5873015873015873,114
2023-04-17,1052,126,86,73,41,40,32,0.6825396825396826,0.5616438356164384,127
2023-04-18,1052,115,77,56,43,38,13,0.6695652173913044,0.7678571428571429,120
2023-04-19,1052,101,72,52,43,29,9,0.7128712871287128,0.8269230769230769,115
2023-04-20,1052,114,66,60,28,48,32,0.5789473684210527,0.4666666666666667,94
2023-04-21,1052,133,89,74,41,44,33,0.6691729323308271,0.5540540540540541,130
2023-04-22,1052,106,89,71,43,17,28,0.839622641509434,0.6056338028169014,132
2023-04-23,1052,100,82,64,38,18,26,0.82,0.59375,120
2023-04-24,1052,109,82,52,49,27,3,0.7522935779816514,0.9423076923076923,131
2023-04-25,1052,131,77,85,46,54,39,0.5877862595419847,0.5411764705882353,123
2023-04-26,1052,104,84,59,42,20,17,0.8076923076923077,0.711864406779661,126
2023-04-27,1052,115,81,86,47,34,39,0.7043478260869566,0.5465116279069767,128
2023-04-28,1052,119,82,62,22,37,40,0.6890756302521008,0.3548387096774194,104
2023-04-29,1052,142,66,56,43,76,13,0.4647887323943662,0.7678571428571429,109
2023-04-30,1052,142,80,55,38,62,17,0.5633802816901409,0.6909090909090909,118
2023-05-01,1052,142,81,66,33,61,33,0.5704225352112676,0.5,114
2023-05-02,1052,138,82,95,38,56,57,0.5942028985507246,0.4,120
2023-05-03,1052,139,78,73,36,61,37,0.5611510791366906,0.4931506849315068,114
2023-05-04,1052,137,77,58,58,60,0,0.5620437956204379,1,135
2023-05-05,1052,138,77,92,41,61,51,0.5579710144927537,0.44565217391304346,118
2023-05-06,1052,126,73,58,31,53,27,0.5793650793650794,0.5344827586206896,104
2023-05-07,1052,141,81,63,45,60,18,0.574468085106383,0.7142857142857143,126
2023-05-08,1052,122,87,77,43,35,34,0.7131147540983607,0.5584415584415584,130
2023-05-09,1052,121,82,96,32,39,64,0.6776859504132231,0.3333333333333333,114
2023-05-10,1052,135,65,59,44,70,15,0.48148148148148145,0.7457627118644068,109
2023-05-11,1052,123,89,77,25,34,52,0.7235772357723578,0.3246753246753247,114
2023-05-12,1052,106,94,61,29,12,32,0.8867924528301887,0.47540983606557374,123
2023-05-13,1052,135,85,92,42,50,50,0.6296296296296297,0.45652173913043476,127
2023-05-14,1052,150,73,100,40,77,60,0.4866666666666667,0.4,113
2023-05-15,1052,101,94,88,33,7,55,0.9306930693069307,0.375,127
2023-05-16,1052,102,74,75,36,28,39,0.7254901960784313,0.48,110
2023-05-17,1052,140,97,55,49,43,6,0.6928571428571428,0.8909090909090909,146
2023-05-18,1052,150,76,64,41,74,23,0.5066666666666667,0.640625,117
2023-05-19,1052,132,94,90,51,38,39,0.7121212121212122,0.5666666666666667,145
2023-05-20,1052,103,81,87,43,22,44,0.7864077669902912,0.4942528735632184,124
2023-05-21,1052,123,77,58,35,46,23,0.6260162601626016,0.603448275862069,112
2023-05-22,1052,133,85,96,48,48,48,0.6390977443609023,0.5,133
2023-05-23,1052,141,93,52,36,48,16,0.6595744680851063,0.6923076923076923,129
2023-05-24,1052,125,91,78,41,34,37,0.728,0.5256410256410257,132
2023-05-25,1052,147,72,82,42,75,40,0.4897959183673469,0.5121951219512195,114
2023-05-26,1052,132,84,65,37,48,28,0.6363636363636364,0.5692307692307692,121
2023-05-27,1052,113,78,88,38,35,50,0.6902654867256637,0.4318181818181818,116
2023-05-28,1052,128,80,95,46,48,49,0.625,0.4842105263157895,126
2023-05-29,1052,143,88,83,66,55,17,0.6153846153846154,0.7951807228915663,154
2023-05-30,1052,106,77,71,37,29,34,0.7264150943396226,0.5211267605633803,114
2023-05-31,1052,132,95,93,37,37,56,0.7196969696969697,0.3978494623655914,132
2023-06-01,1052,146,66,59,34,80,25,0.4520547945205479,0.576271186440678,100
2023-06-02,1052,103,80,95,42,23,53,0.7766990291262136,0.4421052631578947,122
2023-06-03,1052,118,85,94,42,33,52,0.7203389830508474,0.44680851063829785,127
2023-06-04,1052,147,80,51,31,67,20,0.54421768707483,0.6078431372549019,111
2023-06-05,1052,124,79,97,38,45,59,0.6370967741935484,0.3917525773195876,117
2023-06-06,1052,138,84,54,39,54,15,0.6086956521739131,0.7222222222222222,123
2023-06-07,1052,108,88,72,38,20,34,0.8148148148148148,0.5277777777777778,126
2023-06-08,1052,121,78,77,41,43,36,0.6446280991735537,0.5324675324675324,119
2023-06-09,1052,129,73,69,40,56,29,0.5658914728682171,0.5797101449275363,113
2023-06-10,1052,109,70,81,41,39,40,0.6422018348623854,0.5061728395061729,111
2023-06-11,1052,101,82,100,36,19,64,0.8118811881188119,0.36,118
2023-06-12,1052,135,94,56,38,41,18,0.6962962962962963,0.6785714285714286,132
2023-06-13,1052,130,99,95,43,31,52,0.7615384615384615,0.45263157894736844,142
2023-06-14,1052,143,68,70,41,75,29,0.4755244755244755,0.5857142857142857,109
2023-06-15,1052,124,70,50,42,54,8,0.5645161290322581,0.84,112
2023-06-16,1052,106,69,74,43,37,31,0.6509433962264151,0.581081081081081,112
2023-06-17,1052,130,58,79,55,72,24,0.4461538461538462,0.6962025316455697,113
2023-06-18,1052,120,80,100,36,40,64,0.6666666666666666,0.36,116
2023-06-19,1052,118,92,64,57,26,7,0.7796610169491526,0.890625,149
2023-06-20,1052,133,79,62,41,54,21,0.5939849624060151,0.6612903225806451,120
2023-06-21,1052,105,86,97,34,19,63,0.819047619047619,0.35051546391752575,120
2023-06-22,1052,147,75,78,42,72,36,0.5102040816326531,0.5384615384615384,117
2023-06-23,1052,132,71,56,47,61,9,0.5378787878787878,0.8392857142857143,118
2023-06-24,1052,127,83,96,50,44,46,0.6535433070866141,0.5208333333333334,133
2023-06-25,1052,137,86,60,37,51,23,0.6277372262773723,0.6166666666666667,123
2023-06-26,1052,140,71,72,42,69,30,0.5071428571428571,0.5833333333333334,113
2023-06-27,1052,150,78,54,44,72,10,0.52,0.8148148148148148,122
2023-06-28,1052,144,106,74,38,38,36,0.7361111111111112,0.5135135135135135,144
2023-06-29,1052,143,65,65,47,78,18,0.45454545454545453,0.7230769230769231,112
2023-06-30,1052,106,93,74,30,13,44,0.8773584905660378,0.40540540540540543,123
2023-07-01,1052,124,76,93,31,48,62,0.6129032258064516,0.3333333333333333,107
2023-07-02,1052,148,75,71,30,73,41,0.5067567567567568,0.4225352112676056,105
2023-07-03,1052,131,76,89,37,55,52,0.5801526717557252,0.4157303370786517,113
2023-07-04,1052,101,75,56,34,26,22,0.7425742574257426,0.6071428571428571,109
2023-07-05,1052,115,85,68,30,30,38,0.7391304347826086,0.4411764705882353,115
2023-07-06,1052,138,79,74,45,59,29,0.572463768115942,0.6081081081081081,124
2023-07-07,1052,126,59,56,37,67,19,0.46825396825396826,0.6607142857142857,96
2023-07-08,1052,124,85,87,37,39,50,0.6854838709677419,0.42528735632183906,122
2023-07-09,1052,119,92,94,33,27,61,0.773109243697479,0.35106382978723405,125
2023-07-10,1052,110,98,78,33,12,45,0.8909090909090909,0.4230769230769231,131
2023-07-11,1052,130,104,100,44,26,56,0.8,0.44,148
2023-07-12,1052,123,69,83,36,54,47,0.5609756097560976,0.43373493975903615,105
2023-07-13,1052,130,96,95,34,34,61,0.7384615384615385,0.35789473684210527,130
2023-07-14,1052,129,75,85,30,54,55,0.5813953488372093,0.35294117647058826,105
2023-07-15,1052,135,99,89,32,36,57,0.7333333333333333,0.3595505617977528,131
2023-07-16,1052,115,78,98,49,37,49,0.6782608695652174,0.5,127
2023-07-17,1052,138,70,67,37,68,30,0.5072463768115942,0.5522388059701493,107
2023-07-18,1052,148,86,100,36,62,64,0.581081081081081,0.36,122
2023-07-19,1052,101,100,59,52,1,7,0.9900990099009901,0.8813559322033898,152
2023-07-20,1052,115,61,75,36,54,39,0.5304347826086957,0.48,97
2023-07-21,1052,148,84,86,51,64,35,0.5675675675675675,0.5930232558139535,135
2023-07-22,1052,112,64,75,37,48,38,0.5714285714285714,0.49333333333333335,101
2023-07-23,1052,116,95,62,40,21,22,0.8189655172413793,0.6451612903225806,135
2023-07-24,1052,120,89,84,34,31,50,0.7416666666666667,0.40476190476190477,123
2023-07-25,1052,129,95,70,39,34,31,0.7364341085271318,0.5571428571428572,134
2023-07-26,1052,136,92,50,45,44,5,0.6764705882352942,0.9,137
2023-07-27,1052,103,91,85,35,12,50,0.883495145631068,0.4117647058823529,126
2023-07-28,1052,129,59,56,40,70,16,0.4573643410852713,0.7142857142857143,99
2023-07-29,1052,144,77,72,35,67,37,0.5347222222222222,0.4861111111111111,112
2023-07-30,1052,150,83,58,46,67,12,0.5533333333333333,0.7931034482758621,129
2023-07-31,1052,130,82,94,27,48,67,0.6307692307692307,0.2872340425531915,109
2023-08-01,1052,110,72,92,35,38,57,0.6545454545454545,0.3804347826086957,107
2023-08-02,1052,112,87,90,32,25,58,0.7767857142857143,0.35555555555555557,119
2023-08-03,1052,119,81,53,46,38,7,0.680672268907563,0.8679245283018868,127
2023-08-04,1052,120,72,57,44,48,13,0.6,0.7719298245614035,116
2023-08-05,1052,113,86,83,42,27,41,0.7610619469026548,0.5060240963855421,128
2023-08-06,1052,118,71,98,21,47,77,0.6016949152542372,0.21428571428571427,92
2023-08-07,1052,134,70,83,39,64,44,0.5223880597014925,0.46987951807228917,109
2023-08-08,1052,108,73,63,36,35,27,0.6759259259259259,0.5714285714285714,109
2023-08-09,1052,145,83,70,47,62,23,0.5724137931034483,0.6714285714285714,130
2023-08-10,1052,121,91,71,45,30,26,0.7520661157024794,0.6338028169014085,136
2023-08-11,1052,143,69,67,38,74,29,0.4825174825174825,0.5671641791044776,107
2023-08-12,1052,146,69,86,42,77,44,0.4726027397260274,0.4883720930232558,111
2023-08-13,1052,105,90,72,41,15,31,0.8571428571428571,0.5694444444444444,131
2023-08-14,1052,141,69,52,44,72,8,0.48936170212765956,0.8461538461538461,113
2023-08-15,1052,103,85,56,44,18,12,0.8252427184466019,0.7857142857142857,129
2023-08-16,1052,144,80,84,44,64,40,0.5555555555555556,0.5238095238095238,124
2023-08-17,1052,133,90,50,46,43,4,0.6766917293233082,0.92,136
2023-08-18,1052,116,71,60,35,45,25,0.6120689655172413,0.5833333333333334,106
2023-08-19,1052,150,73,70,42,77,28,0.4866666666666667,0.6,115
2023-08-20,1052,117,71,64,50,46,14,0.6068376068376068,0.78125,121
2023-08-21,1052,132,72,82,50,60,32,0.5454545454545454,0.6097560975609756,122
2023-08-22,1052,127,83,99,39,44,60,0.6535433070866141,0.3939393939393939,122
2023-08-23,1052,103,72,72,38,31,34,0.6990291262135923,0.5277777777777778,110
2023-08-24,1052,131,77,73,50,54,23,0.5877862595419847,0.684931506849315,127
2023-08-25,1052,133,84,68,34,49,34,0.631578947368421,0.5,118
2023-08-26,1052,133,90,58,49,43,9,0.6766917293233082,0.8448275862068966,139
2023-08-27,1052,113,68,67,41,45,26,0.6017699115044248,0.6119402985074627,109
2023-08-28,1052,111,74,54,34,37,20,0.6666666666666666,0.6296296296296297,108
2023-08-29,1052,125,87,64,38,38,26,0.696,0.59375,125
2023-08-30,1052,112,82,74,32,30,42,0.7321428571428571,0.43243243243243246,114
2023-08-31,1052,116,75,67,41,41,26,0.646551724137931,0.6119402985074627,116
2023-09-01,1052,116,69,69,38,47,31,0.5948275862068966,0.5507246376811594,107
2023-09-02,1052,147,81,52,33,66,19,0.5510204081632653,0.6346153846153846,114
2023-09-03,1052,108,98,80,32,10,48,0.9074074074074074,0.4,130
2023-09-04,1052,106,74,89,36,32,53,0.6981132075471698,0.4044943820224719,110
2023-09-05,1052,115,90,51,34,25,17,0.782608695652174,0.6666666666666666,124
2023-09-06,1052,139,73,80,41,66,39,0.5251798561151079,0.5125,114
2023-09-07,1052,101,84,50,35,17,15,0.8316831683168316,0.7,119
2023-09-08,1052,103,90,74,45,13,29,0.8737864077669902,0.6081081081081081,135
2023-09-09,1052,146,77,52,38,69,14,0.5273972602739726,0.7307692307692307,115
2023-09-10,1052,106,86,68,43,20,25,0.8113207547169812,0.6323529411764706,129
2023-09-11,1052,135,76,74,41,59,33,0.562962962962963,0.5540540540540541,117
2023-09-12,1052,146,82,62,49,64,13,0.5616438356164384,0.7903225806451613,131
2023-09-13,1052,137,90,73,35,47,38,0.656934306569343,0.4794520547945205,125
2023-09-14,1052,138,91,51,37,47,14,0.6594202898550725,0.7254901960784313,128
2023-09-15,1052,109,84,72,34,25,38,0.7706422018348624,0.4722222222222222,118
2023-09-16,1052,130,56,74,47,74,27,0.4307692307692308,0.6351351351351351,103
2023-09-17,1052,116,72,60,36,44,24,0.6206896551724138,0.6,108
2023-09-18,1052,112,71,77,40,41,37,0.6339285714285714,0.5194805194805194,111
2023-09-19,1052,126,91,50,42,35,8,0.7222222222222222,0.84,133
2023-09-20,1052,100,77,96,47,23,49,0.77,0.4895833333333333,124
2023-09-21,1052,122,92,67,42,30,25,0.7540983606557377,0.6268656716417911,134
2023-09-22,1052,142,76,51,37,66,14,0.5352112676056338,0.7254901960784313,113
2023-09-23,1052,149,60,66,59,89,7,0.40268456375838924,0.8939393939393939,119
2023-09-24,1052,125,76,84,42,49,42,0.608,0.5,118
2023-09-25,1052,148,78,90,46,70,44,0.527027027027027,0.5111111111111111,124
2023-09-26,1052,124,67,66,40,57,26,0.5403225806451613,0.6060606060606061,107
2023-09-27,1052,141,78,65,31,63,34,0.5531914893617021,0.47692307692307695,109
2023-09-28,1052,111,78,77,47,33,30,0.7027027027027027,0.6103896103896104,125
2023-09-29,1052,119,87,94,46,32,48,0.7310924369747899,0.48936170212765956,133
2023-09-30,1052,142,82,58,49,60,9,0.5774647887323944,0.8448275862068966,131
2023-10-01,1052,116,89,75,42,27,33,0.7672413793103449,0.56,131
2023-10-02,1052,104,98,91,43,6,48,0.9423076923076923,0.4725274725274725,141
2023-10-03,1052,148,80,53,44,68,9,0.5405405405405406,0.8301886792452831,124
2023-10-04,1052,145,79,65,45,66,20,0.5448275862068965,0.6923076923076923,124
2023-10-05,1052,112,80,95,48,32,47,0.7142857142857143,0.5052631578947369,128
2023-10-06,1052,129,81,69,40,48,29,0.627906976744186,0.5797101449275363,121
2023-10-07,1052,102,84,100,41,18,59,0.8235294117647058,0.41,125
2023-10-08,1052,121,63,56,51,58,5,0.5206611570247934,0.9107142857142857,114
2023-10-09,1052,133,76,86,32,57,54,0.5714285714285714,0.37209302325581395,108
2023-10-10,1052,100,75,72,41,25,31,0.75,0.5694444444444444,116
2023-10-11,1052,111,67,65,41,44,24,0.6036036036036037,0.6307692307692307,108
2023-10-12,1052,103,73,86,36,30,50,0.7087378640776699,0.4186046511627907,109
2023-10-13,1052,102,71,80,48,31,32,0.696078431372549,0.6,119
2023-10-14,1052,119,79,93,38,40,55,0.6638655462184874,0.40860215053763443,117
2023-10-15,1052,150,76,57,47,74,10,0.5066666666666667,0.8245614035087719,123
2023-10-16,1052,117,84,78,42,33,36,0.717948717948718,0.5384615384615384,126
2023-10-17,1052,120,95,82,32,25,50,0.7916666666666666,0.3902439024390244,127
2023-10-18,1052,104,83,60,35,21,25,0.7980769230769231,0.5833333333333334,118
2023-10-19,1052,136,78,54,44,58,10,0.5735294117647058,0.8148148148148148,122
2023-10-20,1052,129,66,78,40,63,38,0.5116279069767442,0.5128205128205128,106
2023-10-21,1052,131,71,58,39,60,19,0.5419847328244275,0.6724137931034483,110
2023-10-22,1052,108,84,58,41,24,17,0.7777777777777778,0.7068965517241379,125
2023-10-23,1052,113,84,64,38,29,26,0.7433628318584071,0.59375,122
2023-10-24,1052,119,80,74,37,39,37,0.6722689075630253,0.5,117
2023-10-25,1052,123,74,58,39,49,19,0.6016260162601627,0.6724137931034483,113
2023-10-26,1052,114,89,63,43,25,20,0.7807017543859649,0.6825396825396826,132
2023-10-27,1052,142,75,82,47,67,35,0.528169014084507,0.573170731707317,122
2023-10-28,1052,102,70,96,45,32,51,0.6862745098039216,0.46875,115
2023-10-29,1052,138,65,90,35,73,55,0.47101449275362317,0.3888888888888889,100
2023-10-30,1052,142,72,62,42,70,20,0.5070422535211268,0.6774193548387096,114
2023-10-31,1052,123,78,82,37,45,45,0.6341463414634146,0.45121951219512196,115
2023-11-01,1052,101,91,69,42,10,27,0.900990099009901,0.6086956521739131,133
2023-11-02,1052,121,86,52,45,35,7,0.7107438016528925,0.8653846153846154,131
2023-11-03,1052,127,90,64,37,37,27,0.7086614173228346,0.578125,127
2023-11-04,1052,135,75,55,46,60,9,0.5555555555555556,0.8363636363636363,121
2023-11-05,1052,147,67,66,37,80,29,0.4557823129251701,0.5606060606060606,104
2023-11-06,1052,137,72,78,35,65,43,0.5255474452554745,0.44871794871794873,107
2023-11-07,1052,123,80,80,44,43,36,0.6504065040650406,0.55,124
2023-11-08,1052,110,82,73,35,28,38,0.7454545454545455,0.4794520547945205,117
2023-11-09,1052,111,72,60,26,39,34,0.6486486486486487,0.43333333333333335,98
2023-11-10,1052,133,76,71,40,57,31,0.5714285714285714,0.5633802816901409,116
2023-11-11,1052,109,88,58,45,21,13,0.8073394495412844,0.7758620689655172,133
2023-11-12,1052,122,92,94,40,30,54,0.7540983606557377,0.425531914893617,132
2023-11-13,1052,117,80,72,44,37,28,0.6837606837606838,0.6111111111111112,124
2023-11-14,1052,136,71,50,32,65,18,0.5220588235294118,0.64,103
2023-11-15,1052,108,77,69,35,31,34,0.7129629629629629,0.5072463768115942,112
2023-11-16,1052,113,71,87,47,42,40,0.6283185840707964,0.5402298850574713,118
2023-11-17,1052,148,83,93,42,65,51,0.5608108108108109,0.45161290322580644,125
2023-11-18,1052,148,86,66,34,62,32,0.581081081081081,0.5151515151515151,120
2023-11-19,1052,150,75,50,36,75,14,0.5,0.72,111
2023-11-20,1052,133,86,69,30,47,39,0.6466165413533834,0.43478260869565216,116
2023-11-21,1052,149,86,97,34,63,63,0.5771812080536913,0.35051546391752575,120
2023-11-22,1052,108,81,54,41,27,13,0.75,0.7592592592592593,122
2023-11-23,1052,144,84,54,46,60,8,0.5833333333333334,0.8518518518518519,130
2023-11-24,1052,100,78,81,33,22,48,0.78,0.4074074074074074,111
2023-11-25,1052,138,78,52,34,60,18,0.5652173913043478,0.6538461538461539,112
2023-11-26,1052,140,83,91,45,57,46,0.5928571428571429,0.4945054945054945,128
2023-11-27,1052,101,86,69,39,15,30,0.8514851485148515,0.5652173913043478,125
2023-11-28,1052,136,68,95,48,68,47,0.5,0.5052631578947369,116
2023-11-29,1052,119,73,63,47,46,16,0.6134453781512605,0.746031746031746,120
2023-11-30,1052,150,90,94,38,60,56,0.6,0.40425531914893614,128
2023-12-01,1052,106,88,69,43,18,26,0.8301886792452831,0.6231884057971014,131
2023-12-02,1052,105,79,54,32,26,22,0.7523809523809524,0.5925925925925926,111
2023-12-03,1052,115,88,50,36,27,14,0.7652173913043478,0.72,124
2023-12-04,1052,139,85,55,47,54,8,0.6115107913669064,0.8545454545454545,132
2023-12-05,1052,145,101,60,45,44,15,0.696551724137931,0.75,146
2023-12-06,1052,105,74,79,40,31,39,0.7047619047619048,0.5063291139240507,114
2023-12-07,1052,134,81,82,34,53,48,0.6044776119402985,0.4146341463414634,115
2023-12-08,1052,120,62,52,32,58,20,0.5166666666666667,0.6153846153846154,94
2023-12-09,1052,133,80,73,42,53,31,0.6015037593984962,0.5753424657534246,122
2023-12-10,1052,114,86,74,38,28,36,0.7543859649122807,0.5135135135135135,124
2023-12-11,1052,111,90,72,44,21,28,0.8108108108108109,0.6111111111111112,134
2023-12-12,1052,119,80,84,29,39,55,0.6722689075630253,0.34523809523809523,109
2023-12-13,1052,143,75,97,39,68,58,0.5244755244755245,0.4020618556701031,114
2023-12-14,1052,103,96,80,39,7,41,0.9320388349514563,0.4875,135
2023-12-15,1052,111,93,71,32,18,39,0.8378378378378378,0.4507042253521127,125
2023-12-16,1052,146,78,52,42,68,10,0.5342465753424658,0.8076923076923077,120
2023-12-17,1052,142,77,99,41,65,58,0.5422535211267606,0.41414141414141414,118
2023-12-18,1052,104,82,60,29,22,31,0.7884615384615384,0.48333333333333334,111
2023-12-19,1052,114,83,78,44,31,34,0.7280701754385965,0.5641025641025641,127
2023-12-20,1052,111,67,74,26,44,48,0.6036036036036037,0.35135135135135137,93
2023-12-21,1052,102,86,75,43,16,32,0.8431372549019608,0.5733333333333334,129
2023-12-22,1052,134,65,80,35,69,45,0.48507462686567165,0.4375,100
2023-12-23,1052,124,89,73,47,35,26,0.717741935483871,0.6438356164383562,136
2023-12-24,1052,139,91,64,44,48,20,0.6546762589928058,0.6875,135
2023-12-25,1052,147,85,63,33,62,30,0.5782312925170068,0.5238095238095238,118
2023-12-26,1052,134,60,74,40,74,34,0.44776119402985076,0.5405405405405406,100
2023-12-27,1052,144,71,98,32,73,66,0.4930555555555556,0.32653061224489793,103
2023-12-28,1052,139,86,55,34,53,21,0.6187050359712231,0.6181818181818182,120
2023-12-29,1052,101,93,54,39,8,15,0.9207920792079208,0.7222222222222222,132
2023-12-30,1052,132,70,89,38,62,51,0.5303030303030303,0.42696629213483145,108
2023-12-31,1052,121,73,79,45,48,34,0.6033057851239669,0.569620253164557,118
2023-01-01,1053,104,74,55,31,30,24,0.7115384615384616,0.5636363636363636,105
2023-01-02,1053,116,100,92,47,16,45,0.8620689655172413,0.5108695652173914,147
2023-01-03,1053,145,78,54,47,67,7,0.5379310344827586,0.8703703703703703,125
2023-01-04,1053,145,93,88,35,52,53,0.6413793103448275,0.3977272727272727,128
2023-01-05,1053,130,81,100,28,49,72,0.6230769230769231,0.28,109
2023-01-06,1053,125,74,53,39,51,14,0.592,0.7358490566037735,113
2023-01-07,1053,114,86,71,44,28,27,0.7543859649122807,0.6197183098591549,130
2023-01-08,1053,108,79,96,45,29,51,0.7314814814814815,0.46875,124
2023-01-09,1053,133,70,73,49,63,24,0.5263157894736842,0.6712328767123288,119
2023-01-10,1053,109,90,74,47,19,27,0.8256880733944955,0.6351351351351351,137
2023-01-11,1053,108,71,90,52,37,38,0.6574074074074074,0.5777777777777777,123
2023-01-12,1053,118,90,83,37,28,46,0.7627118644067796,0.4457831325301205,127
2023-01-13,1053,126,90,98,36,36,62,0.7142857142857143,0.3673469387755102,126
2023-01-14,1053,114,82,70,37,32,33,0.7192982456140351,0.5285714285714286,119
2023-01-15,1053,141,81,96,41,60,55,0.574468085106383,0.4270833333333333,122
2023-01-16,1053,114,69,64,44,45,20,0.6052631578947368,0.6875,113
2023-01-17,1053,126,77,54,39,49,15,0.6111111111111112,0.7222222222222222,116
2023-01-18,1053,124,82,80,39,42,41,0.6612903225806451,0.4875,121
2023-01-19,1053,124,82,82,33,42,49,0.6612903225806451,0.4024390243902439,115
2023-01-20,1053,102,63,99,48,39,51,0.6176470588235294,0.48484848484848486,111
2023-01-21,1053,131,72,69,51,59,18,0.549618320610687,0.7391304347826086,123
2023-01-22,1053,124,80,74,31,44,43,0.6451612903225806,0.4189189189189189,111
2023-01-23,1053,117,74,91,42,43,49,0.6324786324786325,0.46153846153846156,116
2023-01-24,1053,120,90,54,32,30,22,0.75,0.5925925925925926,122
2023-01-25,1053,103,84,80,36,19,44,0.8155339805825242,0.45,120
2023-01-26,1053,144,97,65,50,47,15,0.6736111111111112,0.7692307692307693,147
2023-01-27,1053,115,87,53,47,28,6,0.7565217391304347,0.8867924528301887,134
2023-01-28,1053,150,75,93,42,75,51,0.5,0.45161290322580644,117
2023-01-29,1053,142,87,72,35,55,37,0.6126760563380281,0.4861111111111111,122
2023-01-30,1053,105,78,57,38,27,19,0.7428571428571429,0.6666666666666666,116
2023-01-31,1053,110,81,66,41,29,25,0.7363636363636363,0.6212121212121212,122
2023-02-01,1053,122,78,61,37,44,24,0.639344262295082,0.6065573770491803,115
2023-02-02,1053,142,85,52,44,57,8,0.5985915492957746,0.8461538461538461,129
2023-02-03,1053,111,74,78,38,37,40,0.6666666666666666,0.48717948717948717,112
2023-02-04,1053,131,65,90,33,66,57,0.4961832061068702,0.36666666666666664,98
2023-02-05,1053,102,60,69,50,42,19,0.5882352941176471,0.7246376811594203,110
2023-02-06,1053,138,70,86,36,68,50,0.5072463768115942,0.4186046511627907,106
2023-02-07,1053,135,72,97,31,63,66,0.5333333333333333,0.31958762886597936,103
2023-02-08,1053,126,92,63,38,34,25,0.7301587301587301,0.6031746031746031,130
2023-02-09,1053,125,79,66,47,46,19,0.632,0.7121212121212122,126
2023-02-10,1053,130,88,81,40,42,41,0.676923076923077,0.49382716049382713,128
2023-02-11,1053,143,77,82,37,66,45,0.5384615384615384,0.45121951219512196,114
2023-02-12,1053,142,91,52,37,51,15,0.6408450704225352,0.7115384615384616,128
2023-02-13,1053,139,81,93,48,58,45,0.5827338129496403,0.5161290322580645,129
2023-02-14,1053,141,71,78,35,70,43,0.5035460992907801,0.44871794871794873,106
2023-02-15,1053,143,99,85,38,44,47,0.6923076923076923,0.4470588235294118,137
2023-02-16,1053,104,72,61,45,32,16,0.6923076923076923,0.7377049180327869,117
2023-02-17,1053,127,82,85,45,45,40,0.6456692913385826,0.5294117647058824,127
2023-02-18,1053,133,67,74,45,66,29,0.5037593984962406,0.6081081081081081,112
2023-02-19,1053,111,91,98,41,20,57,0.8198198198198198,0.41836734693877553,132
2023-02-20,1053,109,66,70,35,43,35,0.6055045871559633,0.5,101
2023-02-21,1053,116,65,68,54,51,14,0.5603448275862069,0.7941176470588235,119
2023-02-22,1053,107,85,71,39,22,32,0.794392523364486,0.5492957746478874,124
2023-02-23,1053,107,93,87,50,14,37,0.8691588785046729,0.5747126436781609,143
2023-02-24,1053,134,74,64,42,60,22,0.5522388059701493,0.65625,116
2023-02-25,1053,115,78,90,30,37,60,0.6782608695652174,0.3333333333333333,108
2023-02-26,1053,145,100,97,33,45,64,0.6896551724137931,0.3402061855670103,133
2023-02-27,1053,111,83,62,29,28,33,0.7477477477477478,0.46774193548387094,112
2023-02-28,1053,101,89,82,27,12,55,0.8811881188118812,0.32926829268292684,116
2023-03-01,1053,106,82,96,42,24,54,0.7735849056603774,0.4375,124
2023-03-02,1053,103,75,79,34,28,45,0.7281553398058253,0.43037974683544306,109
2023-03-03,1053,106,65,73,34,41,39,0.6132075471698113,0.4657534246575342,99
2023-03-04,1053,121,83,97,43,38,54,0.6859504132231405,0.44329896907216493,126
2023-03-05,1053,123,69,77,27,54,50,0.5609756097560976,0.35064935064935066,96
2023-03-06,1053,100,73,59,39,27,20,0.73,0.6610169491525424,112
2023-03-07,1053,144,84,66,49,60,17,0.5833333333333334,0.7424242424242424,133
2023-03-08,1053,117,87,89,40,30,49,0.7435897435897436,0.449438202247191,127
2023-03-09,1053,116,93,60,30,23,30,0.8017241379310345,0.5,123
2023-03-10,1053,137,81,100,37,56,63,0.5912408759124088,0.37,118
2023-03-11,1053,125,88,58,54,37,4,0.704,0.9310344827586207,142
2023-03-12,1053,117,79,57,40,38,17,0.6752136752136753,0.7017543859649122,119
2023-03-13,1053,108,79,88,28,29,60,0.7314814814814815,0.3181818181818182,107
2023-03-14,1053,136,89,80,48,47,32,0.6544117647058824,0.6,137
2023-03-15,1053,140,66,56,33,74,23,0.4714285714285714,0.5892857142857143,99
2023-03-16,1053,145,93,95,38,52,57,0.6413793103448275,0.4,131
2023-03-17,1053,108,77,85,38,31,47,0.7129629629629629,0.4470588235294118,115
2023-03-18,1053,106,89,61,46,17,15,0.839622641509434,0.7540983606557377,135
2023-03-19,1053,116,81,56,48,35,8,0.6982758620689655,0.8571428571428571,129
2023-03-20,1053,127,84,67,48,43,19,0.6614173228346457,0.7164179104477612,132
2023-03-21,1053,105,70,96,32,35,64,0.6666666666666666,0.3333333333333333,102
2023-03-22,1053,123,89,95,41,34,54,0.7235772357723578,0.43157894736842106,130
2023-03-23,1053,143,70,72,35,73,37,0.48951048951048953,0.4861111111111111,105
2023-03-24,1053,140,80,81,36,60,45,0.5714285714285714,0.4444444444444444,116
2023-03-25,1053,117,71,70,43,46,27,0.6068376068376068,0.6142857142857143,114
2023-03-26,1053,146,82,63,44,64,19,0.5616438356164384,0.6984126984126984,126
2023-03-27,1053,125,70,96,51,55,45,0.56,0.53125,121
2023-03-28,1053,122,80,99,39,42,60,0.6557377049180327,0.3939393939393939,119
2023-03-29,1053,143,85,93,30,58,63,0.5944055944055944,0.3225806451612903,115
2023-03-30,1053,133,94,58,36,39,22,0.706766917293233,0.6206896551724138,130
2023-03-31,1053,150,67,86,37,83,49,0.44666666666666666,0.43023255813953487,104
2023-04-01,1053,120,64,51,44,56,7,0.5333333333333333,0.8627450980392157,108
2023-04-02,1053,102,88,58,39,14,19,0.8627450980392157,0.6724137931034483,127
2023-04-03,1053,107,78,72,44,29,28,0.7289719626168224,0.6111111111111112,122
2023-04-04,1053,124,76,67,45,48,22,0.6129032258064516,0.6716417910447762,121
2023-04-05,1053,142,77,54,32,65,22,0.5422535211267606,0.5925925925925926,109
2023-04-06,1053,116,97,61,43,19,18,0.8362068965517241,0.7049180327868853,140
2023-04-07,1053,127,62,87,45,65,42,0.4881889763779528,0.5172413793103449,107
2023-04-08,1053,148,100,69,39,48,30,0.6756756756756757,0.5652173913043478,139
2023-04-09,1053,107,77,73,36,30,37,0.719626168224299,0.4931506849315068,113
2023-04-10,1053,103,74,88,39,29,49,0.7184466019417476,0.4431818181818182,113
2023-04-11,1053,144,64,83,46,80,37,0.4444444444444444,0.5542168674698795,110
2023-04-12,1053,149,98,73,41,51,32,0.6577181208053692,0.5616438356164384,139
2023-04-13,1053,133,85,62,35,48,27,0.6390977443609023,0.5645161290322581,120
2023-04-14,1053,124,70,76,42,54,34,0.5645161290322581,0.5526315789473685,112
2023-04-15,1053,102,69,52,46,33,6,0.6764705882352942,0.8846153846153846,115
2023-04-16,1053,140,97,75,40,43,35,0.6928571428571428,0.5333333333333333,137
2023-04-17,1053,118,75,72,45,43,27,0.635593220338983,0.625,120
2023-04-18,1053,114,81,73,44,33,29,0.7105263157894737,0.6027397260273972,125
2023-04-19,1053,107,82,61,26,25,35,0.7663551401869159,0.4262295081967213,108
2023-04-20,1053,103,61,62,32,42,30,0.5922330097087378,0.5161290322580645,93
2023-04-21,1053,101,75,90,36,26,54,0.7425742574257426,0.4,111
2023-04-22,1053,149,81,84,39,68,45,0.5436241610738255,0.4642857142857143,120
2023-04-23,1053,148,95,76,45,53,31,0.6418918918918919,0.5921052631578947,140
2023-04-24,1053,121,82,90,35,39,55,0.6776859504132231,0.3888888888888889,117
2023-04-25,1053,128,69,81,32,59,49,0.5390625,0.3950617283950617,101
2023-04-26,1053,123,75,68,45,48,23,0.6097560975609756,0.6617647058823529,120
2023-04-27,1053,116,98,57,44,18,13,0.8448275862068966,0.7719298245614035,142
2023-04-28,1053,139,71,57,46,68,11,0.5107913669064749,0.8070175438596491,117
2023-04-29,1053,107,99,74,49,8,25,0.9252336448598131,0.6621621621621622,148
2023-04-30,1053,112,87,85,44,25,41,0.7767857142857143,0.5176470588235295,131
2023-05-01,1053,146,73,69,39,73,30,0.5,0.5652173913043478,112
2023-05-02,1053,129,74,57,44,55,13,0.5736434108527132,0.7719298245614035,118
2023-05-03,1053,124,65,80,49,59,31,0.5241935483870968,0.6125,114
2023-05-04,1053,150,83,62,32,67,30,0.5533333333333333,0.5161290322580645,115
2023-05-05,1053,111,90,64,39,21,25,0.8108108108108109,0.609375,129
2023-05-06,1053,113,66,68,37,47,31,0.584070796460177,0.5441176470588235,103
2023-05-07,1053,136,81,83,35,55,48,0.5955882352941176,0.42168674698795183,116
2023-05-08,1053,122,84,86,39,38,47,0.6885245901639344,0.45348837209302323,123
2023-05-09,1053,118,91,50,34,27,16,0.7711864406779662,0.68,125
2023-05-10,1053,113,76,88,34,37,54,0.672566371681416,0.38636363636363635,110
2023-05-11,1053,118,67,54,47,51,7,0.5677966101694916,0.8703703703703703,114
2023-05-12,1053,138,80,76,32,58,44,0.5797101449275363,0.42105263157894735,112
2023-05-13,1053,137,78,81,47,59,34,0.5693430656934306,0.5802469135802469,125
2023-05-14,1053,133,82,88,43,51,45,0.6165413533834586,0.48863636363636365,125
2023-05-15,1053,131,91,56,34,40,22,0.6946564885496184,0.6071428571428571,125
2023-05-16,1053,136,80,71,35,56,36,0.5882352941176471,0.49295774647887325,115
2023-05-17,1053,104,88,84,35,16,49,0.8461538461538461,0.4166666666666667,123
2023-05-18,1053,141,68,55,37,73,18,0.48226950354609927,0.6727272727272727,105
2023-05-19,1053,121,74,50,30,47,20,0.6115702479338843,0.6,104
2023-05-20,1053,140,74,88,44,66,44,0.5285714285714286,0.5,118
2023-05-21,1053,114,72,95,39,42,56,0.631578947368421,0.4105263157894737,111
2023-05-22,1053,103,75,75,43,28,32,0.7281553398058253,0.5733333333333334,118
2023-05-23,1053,131,90,78,33,41,45,0.6870229007633588,0.4230769230769231,123
2023-05-24,1053,115,89,95,35,26,60,0.7739130434782608,0.3684210526315789,124
2023-05-25,1053,148,75,84,40,73,44,0.5067567567567568,0.47619047619047616,115
2023-05-26,1053,146,86,50,40,60,10,0.589041095890411,0.8,126
2023-05-27,1053,135,78,60,32,57,28,0.5777777777777777,0.5333333333333333,110
2023-05-28,1053,150,76,78,27,74,51,0.5066666666666667,0.34615384615384615,103
2023-05-29,1053,117,73,53,37,44,16,0.6239316239316239,0.6981132075471698,110
2023-05-30,1053,137,78,51,37,59,14,0.5693430656934306,0.7254901960784313,115
2023-05-31,1053,111,77,93,50,34,43,0.6936936936936937,0.5376344086021505,127
2023-06-01,1053,118,71,51,36,47,15,0.6016949152542372,0.7058823529411765,107
2023-06-02,1053,117,79,88,52,38,36,0.6752136752136753,0.5909090909090909,131
2023-06-03,1053,144,85,65,36,59,29,0.5902777777777778,0.5538461538461539,121
2023-06-04,1053,133,81,55,45,52,10,0.6090225563909775,0.8181818181818182,126
2023-06-05,1053,140,86,92,47,54,45,0.6142857142857143,0.5108695652173914,133
2023-06-06,1053,108,77,95,50,31,45,0.7129629629629629,0.5263157894736842,127
2023-06-07,1053,110,85,80,34,25,46,0.7727272727272727,0.425,119
2023-06-08,1053,132,67,88,34,65,54,0.5075757575757576,0.38636363636363635,101
2023-06-09,1053,132,94,55,44,38,11,0.7121212121212122,0.8,138
2023-06-10,1053,146,74,73,33,72,40,0.5068493150684932,0.4520547945205479,107
2023-06-11,1053,120,70,63,31,50,32,0.5833333333333334,0.49206349206349204,101
2023-06-12,1053,131,77,69,40,54,29,0.5877862595419847,0.5797101449275363,117
2023-06-13,1053,105,78,65,31,27,34,0.7428571428571429,0.47692307692307695,109
2023-06-14,1053,147,98,62,24,49,38,0.6666666666666666,0.3870967741935484,122
2023-06-15,1053,127,78,91,42,49,49,0.6141732283464567,0.46153846153846156,120
2023-06-16,1053,123,82,94,46,41,48,0.6666666666666666,0.48936170212765956,128
2023-06-17,1053,131,73,87,35,58,52,0.5572519083969466,0.40229885057471265,108
2023-06-18,1053,129,78,55,40,51,15,0.6046511627906976,0.7272727272727273,118
2023-06-19,1053,130,71,66,37,59,29,0.5461538461538461,0.5606060606060606,108
2023-06-20,1053,109,81,76,38,28,38,0.7431192660550459,0.5,119
2023-06-21,1053,118,75,72,33,43,39,0.635593220338983,0.4583333333333333,108
2023-06-22,1053,122,77,72,43,45,29,0.6311475409836066,0.5972222222222222,120
2023-06-23,1053,132,78,58,41,54,17,0.5909090909090909,0.7068965517241379,119
2023-06-24,1053,148,78,82,42,70,40,0.527027027027027,0.5121951219512195,120
2023-06-25,1053,145,70,53,44,75,9,0.4827586206896552,0.8301886792452831,114
2023-06-26,1053,147,83,99,32,64,67,0.564625850340136,0.32323232323232326,115
2023-06-27,1053,122,85,68,35,37,33,0.6967213114754098,0.5147058823529411,120
2023-06-28,1053,101,86,51,37,15,14,0.8514851485148515,0.7254901960784313,123
2023-06-29,1053,141,89,82,45,52,37,0.6312056737588653,0.5487804878048781,134
2023-06-30,1053,112,82,87,45,30,42,0.7321428571428571,0.5172413793103449,127
2023-07-01,1053,121,64,52,46,57,6,0.5289256198347108,0.8846153846153846,110
2023-07-02,1053,112,69,75,38,43,37,0.6160714285714286,0.5066666666666667,107
2023-07-03,1053,117,72,55,35,45,20,0.6153846153846154,0.6363636363636364,107
2023-07-04,1053,111,88,87,40,23,47,0.7927927927927928,0.45977011494252873,128
2023-07-05,1053,140,84,82,40,56,42,0.6,0.4878048780487805,124
2023-07-06,1053,115,66,65,32,49,33,0.5739130434782609,0.49230769230769234,98
2023-07-07,1053,113,84,91,37,29,54,0.7433628318584071,0.4065934065934066,121
2023-07-08,1053,108,77,62,34,31,28,0.7129629629629629,0.5483870967741935,111
2023-07-09,1053,117,66,55,39,51,16,0.5641025641025641,0.7090909090909091,105
2023-07-10,1053,122,89,53,40,33,13,0.7295081967213115,0.7547169811320755,129
2023-07-11,1053,103,90,80,42,13,38,0.8737864077669902,0.525,132
2023-07-12,1053,120,88,51,49,32,2,0.7333333333333333,0.9607843137254902,137
2023-07-13,1053,111,84,54,39,27,15,0.7567567567567568,0.7222222222222222,123
2023-07-14,1053,105,81,95,44,24,51,0.7714285714285715,0.4631578947368421,125
2023-07-15,1053,115,102,50,43,13,7,0.8869565217391304,0.86,145
2023-07-16,1053,126,93,87,37,33,50,0.7380952380952381,0.42528735632183906,130
2023-07-17,1053,127,71,98,41,56,57,0.5590551181102362,0.41836734693877553,112
2023-07-18,1053,129,66,91,48,63,43,0.5116279069767442,0.5274725274725275,114
2023-07-19,1053,114,77,98,48,37,50,0.6754385964912281,0.4897959183673469,125
2023-07-20,1053,103,77,52,42,26,10,0.7475728155339806,0.8076923076923077,119
2023-07-21,1053,114,65,88,50,49,38,0.5701754385964912,0.5681818181818182,115
2023-07-22,1053,111,73,90,40,38,50,0.6576576576576577,0.4444444444444444,113
2023-07-23,1053,132,100,57,51,32,6,0.7575757575757576,0.8947368421052632,151
2023-07-24,1053,139,84,96,39,55,57,0.60431654676259,0.40625,123
2023-07-25,1053,131,77,64,44,54,20,0.5877862595419847,0.6875,121
2023-07-26,1053,141,76,63,42,65,21,0.5390070921985816,0.6666666666666666,118
2023-07-27,1053,147,86,82,38,61,44,0.5850340136054422,0.4634146341463415,124
2023-07-28,1053,103,87,51,33,16,18,0.8446601941747572,0.6470588235294118,120
2023-07-29,1053,148,80,55,37,68,18,0.5405405405405406,0.6727272727272727,117
2023-07-30,1053,137,80,51,39,57,12,0.583941605839416,0.7647058823529411,119
2023-07-31,1053,136,69,76,34,67,42,0.5073529411764706,0.4473684210526316,103
2023-08-01,1053,103,76,83,38,27,45,0.7378640776699029,0.4578313253012048,114
2023-08-02,1053,150,82,52,39,68,13,0.5466666666666666,0.75,121
2023-08-03,1053,119,80,68,51,39,17,0.6722689075630253,0.75,131
2023-08-04,1053,101,78,84,40,23,44,0.7722772277227723,0.47619047619047616,118
2023-08-05,1053,133,92,80,47,41,33,0.6917293233082706,0.5875,139
2023-08-06,1053,113,79,63,50,34,13,0.6991150442477876,0.7936507936507936,129
2023-08-07,1053,100,67,79,33,33,46,0.67,0.4177215189873418,100
2023-08-08,1053,125,69,100,39,56,61,0.552,0.39,108
2023-08-09,1053,140,74,52,43,66,9,0.5285714285714286,0.8269230769230769,117
2023-08-10,1053,111,81,85,40,30,45,0.7297297297297297,0.47058823529411764,121
2023-08-11,1053,100,85,98,33,15,65,0.85,0.336734693877551,118
2023-08-12,1053,122,89,59,40,33,19,0.7295081967213115,0.6779661016949152,129
2023-08-13,1053,121,80,67,30,41,37,0.6611570247933884,0.44776119402985076,110
2023-08-14,1053,114,81,62,42,33,20,0.7105263157894737,0.6774193548387096,123
2023-08-15,1053,118,97,63,40,21,23,0.8220338983050848,0.6349206349206349,137
2023-08-16,1053,115,85,78,34,30,44,0.7391304347826086,0.4358974358974359,119
2023-08-17,1053,105,93,61,39,12,22,0.8857142857142857,0.639344262295082,132
2023-08-18,1053,148,84,76,44,64,32,0.5675675675675675,0.5789473684210527,128
2023-08-19,1053,135,69,86,39,66,47,0.5111111111111111,0.45348837209302323,108
2023-08-20,1053,105,68,58,45,37,13,0.6476190476190476,0.7758620689655172,113
2023-08-21,1053,117,66,78,35,51,43,0.5641025641025641,0.44871794871794873,101
2023-08-22,1053,110,90,85,39,20,46,0.8181818181818182,0.4588235294117647,129
2023-08-23,1053,136,83,62,47,53,15,0.6102941176470589,0.7580645161290323,130
2023-08-24,1053,109,87,51,42,22,9,0.7981651376146789,0.8235294117647058,129
2023-08-25,1053,109,86,98,44,23,54,0.7889908256880734,0.4489795918367347,130
2023-08-26,1053,100,88,62,35,12,27,0.88,0.5645161290322581,123
2023-08-27,1053,133,65,54,41,68,13,0.48872180451127817,0.7592592592592593,106
2023-08-28,1053,147,80,83,44,67,39,0.54421768707483,0.5301204819277109,124
2023-08-29,1053,134,75,54,45,59,9,0.5597014925373134,0.8333333333333334,120
2023-08-30,1053,105,81,50,34,24,16,0.7714285714285715,0.68,115
2023-08-31,1053,124,74,95,37,50,58,0.5967741935483871,0.3894736842105263,111
2023-09-01,1053,125,80,58,43,45,15,0.64,0.7413793103448276,123
2023-09-02,1053,135,92,99,43,43,56,0.6814814814814815,0.43434343434343436,135
2023-09-03,1053,119,85,88,39,34,49,0.7142857142857143,0.4431818181818182,124
2023-09-04,1053,143,81,84,32,62,52,0.5664335664335665,0.38095238095238093,113
2023-09-05,1053,122,78,99,43,44,56,0.639344262295082,0.43434343434343436,121
2023-09-06,1053,144,79,55,33,65,22,0.5486111111111112,0.6,112
2023-09-07,1053,127,83,75,29,44,46,0.6535433070866141,0.38666666666666666,112
2023-09-08,1053,132,77,86,43,55,43,0.5833333333333334,0.5,120
2023-09-09,1053,119,71,76,46,48,30,0.5966386554621849,0.6052631578947368,117
2023-09-10,1053,135,74,94,41,61,53,0.5481481481481482,0.43617021276595747,115
2023-09-11,1053,104,77,98,34,27,64,0.7403846153846154,0.3469387755102041,111
2023-09-12,1053,119,73,62,37,46,25,0.6134453781512605,0.5967741935483871,110
2023-09-13,1053,126,62,88,44,64,44,0.49206349206349204,0.5,106
2023-09-14,1053,112,96,93,44,16,49,0.8571428571428571,0.4731182795698925,140
2023-09-15,1053,132,80,56,48,52,8,0.6060606060606061,0.8571428571428571,128
2023-09-16,1053,150,82,69,47,68,22,0.5466666666666666,0.6811594202898551,129
2023-09-17,1053,147,72,54,49,75,5,0.4897959183673469,0.9074074074074074,121
2023-09-18,1053,136,89,97,39,47,58,0.6544117647058824,0.4020618556701031,128
2023-09-19,1053,111,87,53,26,24,27,0.7837837837837838,0.49056603773584906,113
2023-09-20,1053,119,88,69,38,31,31,0.7394957983193278,0.5507246376811594,126
2023-09-21,1053,105,78,99,33,27,66,0.7428571428571429,0.3333333333333333,111
2023-09-22,1053,132,79,79,42,53,37,0.5984848484848485,0.5316455696202531,121
2023-09-23,1053,146,95,87,39,51,48,0.6506849315068494,0.4482758620689655,134
2023-09-24,1053,115,95,78,45,20,33,0.8260869565217391,0.5769230769230769,140
2023-09-25,1053,137,96,69,36,41,33,0.7007299270072993,0.5217391304347826,132
2023-09-26,1053,145,81,82,35,64,47,0.5586206896551724,0.4268292682926829,116
2023-09-27,1053,130,76,91,42,54,49,0.5846153846153846,0.46153846153846156,118
2023-09-28,1053,110,88,97,35,22,62,0.8,0.36082474226804123,123
2023-09-29,1053,114,79,79,35,35,44,0.6929824561403509,0.4430379746835443,114
2023-09-30,1053,146,79,62,37,67,25,0.541095890410959,0.5967741935483871,116
2023-10-01,1053,108,84,80,29,24,51,0.7777777777777778,0.3625,113
2023-10-02,1053,111,80,68,29,31,39,0.7207207207207207,0.4264705882352941,109
2023-10-03,1053,113,77,84,48,36,36,0.6814159292035398,0.5714285714285714,125
2023-10-04,1053,130,82,79,45,48,34,0.6307692307692307,0.569620253164557,127
2023-10-05,1053,123,84,71,43,39,28,0.6829268292682927,0.6056338028169014,127
2023-10-06,1053,104,83,62,48,21,14,0.7980769230769231,0.7741935483870968,131
2023-10-07,1053,113,71,91,42,42,49,0.6283185840707964,0.46153846153846156,113
2023-10-08,1053,115,77,86,31,38,55,0.6695652173913044,0.36046511627906974,108
2023-10-09,1053,132,83,86,32,49,54,0.6287878787878788,0.37209302325581395,115
2023-10-10,1053,111,69,99,43,42,56,0.6216216216216216,0.43434343434343436,112
2023-10-11,1053,143,83,86,31,60,55,0.5804195804195804,0.36046511627906974,114
2023-10-12,1053,145,92,63,40,53,23,0.6344827586206897,0.6349206349206349,132
2023-10-13,1053,144,88,100,53,56,47,0.6111111111111112,0.53,141
2023-10-14,1053,141,71,58,42,70,16,0.5035460992907801,0.7241379310344828,113
2023-10-15,1053,129,79,85,28,50,57,0.6124031007751938,0.32941176470588235,107
2023-10-16,1053,110,77,69,45,33,24,0.7,0.6521739130434783,122
2023-10-17,1053,138,90,93,33,48,60,0.6521739130434783,0.3548387096774194,123
2023-10-18,1053,137,89,62,40,48,22,0.6496350364963503,0.6451612903225806,129
2023-10-19,1053,106,82,73,34,24,39,0.7735849056603774,0.4657534246575342,116
2023-10-20,1053,144,76,93,33,68,60,0.5277777777777778,0.3548387096774194,109
2023-10-21,1053,119,76,66,36,43,30,0.6386554621848739,0.5454545454545454,112
2023-10-22,1053,113,73,97,45,40,52,0.6460176991150443,0.4639175257731959,118
2023-10-23,1053,124,82,100,45,42,55,0.6612903225806451,0.45,127
2023-10-24,1053,107,66,64,42,41,22,0.616822429906542,0.65625,108
2023-10-25,1053,121,69,85,42,52,43,0.5702479338842975,0.49411764705882355,111
2023-10-26,1053,139,85,69,41,54,28,0.6115107913669064,0.5942028985507246,126
2023-10-27,1053,144,77,71,49,67,22,0.5347222222222222,0.6901408450704225,126
2023-10-28,1053,124,60,76,38,64,38,0.4838709677419355,0.5,98
2023-10-29,1053,146,85,79,36,61,43,0.5821917808219178,0.45569620253164556,121
2023-10-30,1053,102,89,91,38,13,53,0.8725490196078431,0.4175824175824176,127
2023-10-31,1053,140,99,61,37,41,24,0.7071428571428572,0.6065573770491803,136
2023-11-01,1053,125,73,58,55,52,3,0.584,0.9482758620689655,128
2023-11-02,1053,137,66,61,44,71,17,0.48175182481751827,0.7213114754098361,110
2023-11-03,1053,107,83,58,40,24,18,0.7757009345794392,0.6896551724137931,123
2023-11-04,1053,124,81,76,34,43,42,0.6532258064516129,0.4473684210526316,115
2023-11-05,1053,141,69,74,36,72,38,0.48936170212765956,0.4864864864864865,105
2023-11-06,1053,111,62,54,30,49,24,0.5585585585585585,0.5555555555555556,92
2023-11-07,1053,104,72,60,51,32,9,0.6923076923076923,0.85,123
2023-11-08,1053,130,75,56,43,55,13,0.5769230769230769,0.7678571428571429,118
2023-11-09,1053,140,89,91,43,51,48,0.6357142857142857,0.4725274725274725,132
2023-11-10,1053,135,87,59,35,48,24,0.6444444444444445,0.5932203389830508,122
2023-11-11,1053,135,91,98,34,44,64,0.674074074074074,0.3469387755102041,125
2023-11-12,1053,107,67,76,44,40,32,0.6261682242990654,0.5789473684210527,111
2023-11-13,1053,136,73,94,43,63,51,0.5367647058823529,0.4574468085106383,116
2023-11-14,1053,125,78,93,26,47,67,0.624,0.27956989247311825,104
2023-11-15,1053,148,74,53,43,74,10,0.5,0.8113207547169812,117
2023-11-16,1053,106,89,99,40,17,59,0.839622641509434,0.40404040404040403,129
2023-11-17,1053,128,66,70,45,62,25,0.515625,0.6428571428571429,111
2023-11-18,1053,114,78,55,38,36,17,0.6842105263157895,0.6909090909090909,116
2023-11-19,1053,144,69,93,42,75,51,0.4791666666666667,0.45161290322580644,111
2023-11-20,1053,129,74,73,42,55,31,0.5736434108527132,0.5753424657534246,116
2023-11-21,1053,117,69,87,45,48,42,0.5897435897435898,0.5172413793103449,114
2023-11-22,1053,149,92,64,41,57,23,0.6174496644295302,0.640625,133
2023-11-23,1053,138,89,57,52,49,5,0.644927536231884,0.9122807017543859,141
2023-11-24,1053,122,93,66,38,29,28,0.7622950819672131,0.5757575757575758,131
2023-11-25,1053,135,67,61,25,68,36,0.4962962962962963,0.4098360655737705,92
2023-11-26,1053,127,82,94,28,45,66,0.6456692913385826,0.2978723404255319,110
2023-11-27,1053,117,70,61,50,47,11,0.5982905982905983,0.819672131147541,120
2023-11-28,1053,133,63,77,36,70,41,0.47368421052631576,0.4675324675324675,99
2023-11-29,1053,149,81,62,28,68,34,0.5436241610738255,0.45161290322580644,109
2023-11-30,1053,101,71,64,53,30,11,0.7029702970297029,0.828125,124
2023-12-01,1053,136,93,96,38,43,58,0.6838235294117647,0.3958333333333333,131
2023-12-02,1053,116,76,69,35,40,34,0.6551724137931034,0.5072463768115942,111
2023-12-03,1053,137,67,57,36,70,21,0.48905109489051096,0.631578947368421,103
2023-12-04,1053,118,91,52,43,27,9,0.7711864406779662,0.8269230769230769,134
2023-12-05,1053,114,77,86,39,37,47,0.6754385964912281,0.45348837209302323,116
2023-12-06,1053,124,71,77,43,53,34,0.5725806451612904,0.5584415584415584,114
2023-12-07,1053,149,61,79,36,88,43,0.40939597315436244,0.45569620253164556,97
2023-12-08,1053,108,76,92,26,32,66,0.7037037037037037,0.2826086956521739,102
2023-12-09,1053,142,80,52,31,62,21,0.5633802816901409,0.5961538461538461,111
2023-12-10,1053,141,89,94,40,52,54,0.6312056737588653,0.425531914893617,129
2023-12-11,1053,146,80,68,39,66,29,0.547945205479452,0.5735294117647058,119
2023-12-12,1053,124,75,69,43,49,26,0.6048387096774194,0.6231884057971014,118
2023-12-13,1053,103,89,68,43,14,25,0.8640776699029126,0.6323529411764706,132
2023-12-14,1053,131,82,85,35,49,50,0.6259541984732825,0.4117647058823529,117
2023-12-15,1053,139,80,83,33,59,50,0.5755395683453237,0.39759036144578314,113
2023-12-16,1053,104,80,77,44,24,33,0.7692307692307693,0.5714285714285714,124
2023-12-17,1053,139,91,68,51,48,17,0.6546762589928058,0.75,142
2023-12-18,1053,102,82,76,49,20,27,0.803921568627451,0.6447368421052632,131
2023-12-19,1053,143,73,76,39,70,37,0.5104895104895105,0.5131578947368421,112
2023-12-20,1053,112,74,82,42,38,40,0.6607142857142857,0.5121951219512195,116
2023-12-21,1053,147,71,94,38,76,56,0.48299319727891155,0.40425531914893614,109
2023-12-22,1053,117,78,66,47,39,19,0.6666666666666666,0.7121212121212122,125
2023-12-23,1053,115,75,94,41,40,53,0.6521739130434783,0.43617021276595747,116
2023-12-24,1053,146,78,94,31,68,63,0.5342465753424658,0.32978723404255317,109
2023-12-25,1053,110,83,91,42,27,49,0.7545454545454545,0.46153846153846156,125
2023-12-26,1053,100,86,72,38,14,34,0.86,0.5277777777777778,124
2023-12-27,1053,135,58,71,47,77,24,0.42962962962962964,0.6619718309859155,105
2023-12-28,1053,106,95,100,42,11,58,0.8962264150943396,0.42,137
2023-12-29,1053,113,72,56,48,41,8,0.6371681415929203,0.8571428571428571,120
2023-12-30,1053,106,86,78,39,20,39,0.8113207547169812,0.5,125
2023-12-31,1053,125,63,60,52,62,8,0.504,0.8666666666666667,115
2023-01-01,1054,120,74,99,41,46,58,0.6166666666666667,0.41414141414141414,115
2023-01-02,1054,110,69,64,46,41,18,0.6272727272727273,0.71875,115
2023-01-03,1054,125,78,81,46,47,35,0.624,0.5679012345679012,124
2023-01-04,1054,147,73,92,31,74,61,0.4965986394557823,0.33695652173913043,104
2023-01-05,1054,142,66,84,33,76,51,0.4647887323943662,0.39285714285714285,99
2023-01-06,1054,105,85,80,46,20,34,0.8095238095238095,0.575,131
2023-01-07,1054,112,69,100,47,43,53,0.6160714285714286,0.47,116
2023-01-08,1054,107,74,67,52,33,15,0.6915887850467289,0.7761194029850746,126
2023-01-09,1054,125,97,58,37,28,21,0.776,0.6379310344827587,134
2023-01-10,1054,131,91,79,36,40,43,0.6946564885496184,0.45569620253164556,127
2023-01-11,1054,140,85,74,43,55,31,0.6071428571428571,0.581081081081081,128
2023-01-12,1054,116,60,65,34,56,31,0.5172413793103449,0.5230769230769231,94
2023-01-13,1054,147,74,91,36,73,55,0.5034013605442177,0.3956043956043956,110
2023-01-14,1054,113,89,83,45,24,38,0.7876106194690266,0.54216867469879515,134
2023-01-15,1054,126,80,86,42,46,44,0.6349206349206349,0.4883720930232558,122
2023-01-16,1054,111,75,83,43,36,40,0.6756756756756757,0.5180722891566265,118
2023-01-17,1054,132,67,54,41,65,13,0.5075757575757576,0.7592592592592593,108
2023-01-18,1054,141,75,53,39,66,14,0.5319148936170213,0.7358490566037735,114
2023-01-19,1054,137,80,56,40,57,16,0.583941605839416,0.7142857142857143,120
2023-01-20,1054,128,89,93,29,39,64,0.6953125,0.3118279569892473,118
2023-01-21,1054,111,78,95,39,33,56,0.7027027027027027,0.4105263157894737,117
2023-01-22,1054,139,80,73,38,59,35,0.5755395683453237,0.5205479452054794,118
2023-01-23,1054,115,90,64,46,25,18,0.782608695652174,0.71875,136
2023-01-24,1054,111,74,91,33,37,58,0.6666666666666666,0.3626373626373626,107
2023-01-25,1054,112,76,65,41,36,24,0.6785714285714286,0.6307692307692307,117
2023-01-26,1054,132,66,65,44,66,21,0.5,0.676923076923077,110
2023-01-27,1054,121,76,75,39,45,36,0.628099173553719,0.52,115
2023-01-28,1054,146,83,85,42,63,43,0.5684931506849316,0.49411764705882355,125
2023-01-29,1054,113,87,91,34,26,57,0.7699115044247787,0.37362637362637363,121
2023-01-30,1054,127,87,95,48,40,47,0.6850393700787402,0.5052631578947369,135
2023-01-31,1054,149,79,94,43,70,51,0.5302013422818792,0.4574468085106383,122
2023-02-01,1054,117,89,56,46,28,10,0.7606837606837606,0.8214285714285714,135
2023-02-02,1054,125,91,90,45,34,45,0.728,0.5,136
2023-02-03,1054,142,74,88,50,68,38,0.5211267605633803,0.5681818181818182,124
2023-02-04,1054,140,78,96,48,62,48,0.5571428571428572,0.5,126
2023-02-05,1054,132,72,64,28,60,36,0.5454545454545454,0.4375,100
2023-02-06,1054,115,81,71,47,34,24,0.7043478260869566,0.6619718309859155,128
2023-02-07,1054,122,84,67,48,38,19,0.6885245901639344,0.7164179104477612,132
2023-02-08,1054,119,73,83,29,46,54,0.6134453781512605,0.3493975903614458,102
2023-02-09,1054,109,76,75,42,33,33,0.6972477064220184,0.56,118
2023-02-10,1054,109,87,55,49,22,6,0.7981651376146789,0.8909090909090909,136
2023-02-11,1054,145,71,86,32,74,54,0.4896551724137931,0.37209302325581395,103
2023-02-12,1054,117,88,55,42,29,13,0.7521367521367521,0.7636363636363637,130
2023-02-13,1054,100,81,82,32,19,50,0.81,0.3902439024390244,113
2023-02-14,1054,135,76,86,46,59,40,0.562962962962963,0.5348837209302325,122
2023-02-15,1054,115,74,50,33,41,17,0.6434782608695652,0.66,107
2023-02-16,1054,108,80,60,52,28,8,0.7407407407407407,0.8666666666666667,132
2023-02-17,1054,137,71,95,36,66,59,0.5182481751824818,0.37894736842105264,107
2023-02-18,1054,102,71,97,40,31,57,0.696078431372549,0.41237113402061853,111
2023-02-19,1054,122,68,86,35,54,51,0.5573770491803278,0.4069767441860465,103
2023-02-20,1054,134,76,83,43,58,40,0.5671641791044776,0.5180722891566265,119
2023-02-21,1054,140,75,96,47,65,49,0.5357142857142857,0.4895833333333333,122
2023-02-22,1054,122,72,50,38,50,12,0.5901639344262295,0.76,110
2023-02-23,1054,133,110,76,35,23,41,0.8270676691729323,0.4605263157894737,145
2023-02-24,1054,124,71,79,42,53,37,0.5725806451612904,0.5316455696202531,113
2023-02-25,1054,141,82,71,47,59,24,0.5815602836879432,0.6619718309859155,129
2023-02-26,1054,128,82,59,42,46,17,0.640625,0.711864406779661,124
2023-02-27,1054,102,77,56,34,25,22,0.7549019607843137,0.6071428571428571,111
2023-02-28,1054,102,66,60,34,36,26,0.6470588235294118,0.5666666666666667,100
2023-03-01,1054,142,82,67,40,60,27,0.5774647887323944,0.5970149253731343,122
2023-03-02,1054,142,70,60,49,72,11,0.49295774647887325,0.8166666666666667,119
2023-03-03,1054,118,73,65,43,45,22,0.6186440677966102,0.6615384615384615,116
2023-03-04,1054,107,86,51,49,21,2,0.8037383177570093,0.9607843137254902,135
2023-03-05,1054,125,102,69,38,23,31,0.816,0.5507246376811594,140
2023-03-06,1054,137,98,59,46,39,13,0.7153284671532847,0.7796610169491526,144
2023-03-07,1054,142,72,68,44,70,24,0.5070422535211268,0.6470588235294118,116
2023-03-08,1054,143,77,54,45,66,9,0.5384615384615384,0.8333333333333334,122
2023-03-09,1054,137,84,80,37,53,43,0.6131386861313869,0.4625,121
2023-03-10,1054,143,79,65,47,64,18,0.5524475524475524,0.7230769230769231,126
2023-03-11,1054,121,79,100,27,42,73,0.6528925619834711,0.27,106
2023-03-12,1054,145,94,87,36,51,51,0.6482758620689655,0.41379310344827586,130
2023-03-13,1054,122,93,95,42,29,53,0.7622950819672131,0.4421052631578947,135
2023-03-14,1054,125,78,58,37,47,21,0.624,0.6379310344827587,115
2023-03-15,1054,113,76,79,41,37,38,0.672566371681416,0.5189873417721519,117
2023-03-16,1054,138,81,61,43,57,18,0.5869565217391305,0.7049180327868853,124
2023-03-17,1054,126,90,100,46,36,54,0.7142857142857143,0.46,136
2023-03-18,1054,149,69,66,56,80,10,0.46308724832214765,0.8484848484848485,125
2023-03-19,1054,134,79,53,41,55,12,0.5895522388059702,0.7735849056603774,120
2023-03-20,1054,134,83,72,41,51,31,0.6194029850746269,0.5694444444444444,124
2023-03-21,1054,114,89,74,37,25,37,0.7807017543859649,0.5,126
2023-03-22,1054,106,89,82,28,17,54,0.839622641509434,0.34146341463414637,117
2023-03-23,1054,105,79,92,43,26,49,0.7523809523809524,0.4673913043478261,122
2023-03-24,1054,117,70,53,44,47,9,0.5982905982905983,0.8301886792452831,114
2023-03-25,1054,108,82,53,42,26,11,0.7592592592592593,0.7924528301886793,124
2023-03-26,1054,117,79,73,41,38,32,0.6752136752136753,0.5616438356164384,120
2023-03-27,1054,123,100,91,36,23,55,0.8130081300813008,0.3956043956043956,136
2023-03-28,1054,139,101,87,41,38,46,0.7266187050359713,0.47126436781609193,142
2023-03-29,1054,117,88,85,42,29,43,0.7521367521367521,0.49411764705882355,130
2023-03-30,1054,140,75,53,43,65,10,0.5357142857142857,0.8113207547169812,118
2023-03-31,1054,147,83,63,34,64,29,0.564625850340136,0.5396825396825397,117
2023-04-01,1054,123,69,87,42,54,45,0.5609756097560976,0.4827586206896552,111
2023-04-02,1054,137,91,57,37,46,20,0.6642335766423357,0.6491228070175439,128
2023-04-03,1054,114,92,99,37,22,62,0.8070175438596491,0.37373737373737376,129
2023-04-04,1054,147,73,66,42,74,24,0.4965986394557823,0.6363636363636364,115
2023-04-05,1054,134,62,90,50,72,40,0.4626865671641791,0.5555555555555556,112
2023-04-06,1054,117,87,77,43,30,34,0.7435897435897436,0.5584415584415584,130
2023-04-07,1054,141,108,70,32,33,38,0.7659574468085106,0.45714285714285713,140
2023-04-08,1054,121,83,99,37,38,62,0.6859504132231405,0.37373737373737376,120
2023-04-09,1054,144,77,75,32,67,43,0.5347222222222222,0.4266666666666667,109
2023-04-10,1054,146,84,56,26,62,30,0.5753424657534246,0.4642857142857143,110
2023-04-11,1054,147,79,53,40,68,13,0.5374149659863946,0.7547169811320755,119
2023-04-12,1054,128,77,59,31,51,28,0.6015625,0.5254237288135594,108
2023-04-13,1054,112,74,67,27,38,40,0.6607142857142857,0.40298507462686567,101
2023-04-14,1054,113,69,60,39,44,21,0.6106194690265486,0.65,108
2023-04-15,1054,131,88,80,29,43,51,0.6717557251908397,0.3625,117
2023-04-16,1054,101,95,87,51,6,36,0.9405940594059405,0.5862068965517241,146
2023-04-17,1054,126,84,89,37,42,52,0.6666666666666666,0.4157303370786517,121
2023-04-18,1054,142,78,54,30,64,24,0.5492957746478874,0.5555555555555556,108
2023-04-19,1054,147,94,56,43,53,13,0.6394557823129252,0.7678571428571429,137
2023-04-20,1054,112,79,69,34,33,35,0.7053571428571429,0.4927536231884058,113
2023-04-21,1054,134,59,83,43,75,40,0.44029850746268656,0.5180722891566265,102
2023-04-22,1054,148,86,78,52,62,26,0.581081081081081,0.6666666666666666,138
2023-04-23,1054,123,71,57,50,52,7,0.5772357723577236,0.8771929824561403,121
2023-04-24,1054,124,93,65,41,31,24,0.75,0.6307692307692307,134
2023-04-25,1054,109,71,81,58,38,23,0.6513761467889908,0.7160493827160493,129
2023-04-26,1054,109,80,92,47,29,45,0.7339449541284404,0.5108695652173914,127
2023-04-27,1054,112,84,77,38,28,39,0.75,0.4935064935064935,122
2023-04-28,1054,111,69,54,38,42,16,0.6216216216216216,0.7037037037037037,107
2023-04-29,1054,101,75,58,35,26,23,0.7425742574257426,0.603448275862069,110
2023-04-30,1054,125,80,58,50,45,8,0.64,0.8620689655172413,130
2023-05-01,1054,126,88,97,34,38,63,0.6984126984126984,0.35051546391752575,122
2023-05-02,1054,109,87,87,39,22,48,0.7981651376146789,0.4482758620689655,126
2023-05-03,1054,104,76,71,46,28,25,0.7307692307692307,0.647887323943662,122
2023-05-04,1054,107,63,54,41,44,13,0.5887850467289719,0.7592592592592593,104
2023-05-05,1054,128,79,75,40,49,35,0.6171875,0.5333333333333333,119
2023-05-06,1054,112,98,79,43,14,36,0.875,0.5443037974683544,141
2023-05-07,1054,118,87,87,32,31,55,0.7372881355932204,0.367816091954023,119
2023-05-08,1054,141,85,83,40,56,43,0.6028368794326241,0.4819277108433735,125
2023-05-09,1054,129,87,50,43,42,7,0.6744186046511628,0.86,130
2023-05-10,1054,115,83,62,41,32,21,0.7217391304347827,0.6612903225806451,124
2023-05-11,1054,144,78,86,41,66,45,0.5416666666666666,0.47674418604651164,119
2023-05-12,1054,149,82,51,41,67,10,0.5503355704697986,0.803921568627451,123
2023-05-13,1054,102,57,84,53,45,31,0.5588235294117647,0.6309523809523809,110
2023-05-14,1054,121,78,94,54,43,40,0.6446280991735537,0.574468085106383,132
2023-05-15,1054,106,79,58,40,27,18,0.7452830188679245,0.6896551724137931,119
2023-05-16,1054,147,83,54,54,64,0,0.564625850340136,1,137
2023-05-17,1054,130,89,92,41,41,51,0.6846153846153846,0.44565217391304346,130
2023-05-18,1054,116,79,63,46,37,17,0.6810344827586207,0.7301587301587301,125
2023-05-19,1054,140,80,77,46,60,31,0.5714285714285714,0.5974025974025974,126
2023-05-20,1054,130,79,76,54,51,22,0.6076923076923076,0.7105263157894737,133
2023-05-21,1054,120,75,91,47,45,44,0.625,0.5164835164835165,122
2023-05-22,1054,114,68,62,40,46,22,0.5964912280701754,0.6451612903225806,108
2023-05-23,1054,118,75,88,49,43,39,0.635593220338983,0.5568181818181818,124
2023-05-24,1054,117,71,89,43,46,46,0.6068376068376068,0.48314606741573035,114
2023-05-25,1054,121,84,89,42,37,47,0.6942148760330579,0.47191011235955055,126
2023-05-26,1054,133,76,67,38,57,29,0.5714285714285714,0.5671641791044776,114
2023-05-27,1054,113,73,88,32,40,56,0.6460176991150443,0.36363636363636365,105
2023-05-28,1054,138,84,55,32,54,23,0.6086956521739131,0.5818181818181818,116
2023-05-29,1054,148,73,94,48,75,46,0.49324324324324326,0.5106382978723404,121
2023-05-30,1054,101,66,80,37,35,43,0.6534653465346535,0.4625,103
2023-05-31,1054,148,88,100,47,60,53,0.5945945945945946,0.47,135
2023-06-01,1054,144,91,79,43,53,36,0.6319444444444444,0.5443037974683544,134
2023-06-02,1054,121,94,89,42,27,47,0.7768595041322314,0.47191011235955055,136
2023-06-03,1054,134,83,90,40,51,50,0.6194029850746269,0.4444444444444444,123
2023-06-04,1054,149,92,55,35,57,20,0.6174496644295302,0.6363636363636364,127
2023-06-05,1054,110,83,81,38,27,43,0.7545454545454545,0.4691358024691358,121
2023-06-06,1054,103,81,63,42,22,21,0.7864077669902912,0.6666666666666666,123
2023-06-07,1054,113,78,88,37,35,51,0.6902654867256637,0.42045454545454547,115
2023-06-08,1054,145,73,85,37,72,48,0.503448275862069,0.43529411764705883,110
2023-06-09,1054,118,90,87,51,28,36,0.7627118644067796,0.5862068965517241,141
2023-06-10,1054,129,67,88,47,62,41,0.5193798449612403,0.5340909090909091,114
2023-06-11,1054,128,78,64,40,50,24,0.609375,0.625,118
2023-06-12,1054,128,72,58,36,56,22,0.5625,0.6206896551724138,108
2023-06-13,1054,107,88,69,35,19,34,0.822429906542056,0.5072463768115942,123
2023-06-14,1054,110,82,66,43,28,23,0.7454545454545455,0.6515151515151515,125
2023-06-15,1054,101,95,68,41,6,27,0.9405940594059405,0.6029411764705882,136
2023-06-16,1054,114,74,75,52,40,23,0.6491228070175439,0.6933333333333334,126
2023-06-17,1054,102,80,59,26,22,33,0.7843137254901961,0.4406779661016949,106
2023-06-18,1054,120,66,99,36,54,63,0.55,0.36363636363636365,102
2023-06-19,1054,120,89,84,37,31,47,0.7416666666666667,0.44047619047619047,126
2023-06-20,1054,109,78,83,35,31,48,0.7155963302752294,0.42168674698795183,113
2023-06-21,1054,124,84,94,46,40,48,0.6774193548387096,0.48936170212765956,130
2023-06-22,1054,106,98,50,35,8,15,0.9245283018867925,0.7,133
2023-06-23,1054,145,88,57,41,57,16,0.6068965517241379,0.7192982456140351,129
2023-06-24,1054,140,75,64,35,65,29,0.5357142857142857,0.546875,110
2023-06-25,1054,139,84,50,40,55,10,0.60431654676259,0.8,124
2023-06-26,1054,145,82,84,39,63,45,0.5655172413793104,0.4642857142857143,121
2023-06-27,1054,111,82,91,34,29,57,0.7387387387387387,0.37362637362637363,116
2023-06-28,1054,111,74,64,45,37,19,0.6666666666666666,0.703125,119
2023-06-29,1054,106,97,52,36,9,16,0.9150943396226415,0.6923076923076923,133
2023-06-30,1054,146,87,56,36,59,20,0.5958904109589042,0.6428571428571429,123
2023-07-01,1054,144,73,83,39,71,44,0.5069444444444444,0.46987951807228917,112
2023-07-02,1054,106,68,73,41,38,32,0.6415094339622641,0.5616438356164384,109
2023-07-03,1054,104,82,56,27,22,29,0.7884615384615384,0.48214285714285715,109
2023-07-04,1054,131,70,60,43,61,17,0.5343511450381679,0.7166666666666667,113
2023-07-05,1054,135,74,79,24,61,55,0.5481481481481482,0.3037974683544304,98
2023-07-06,1054,112,82,61,41,30,20,0.7321428571428571,0.6721311475409836,123
2023-07-07,1054,144,86,85,44,58,41,0.5972222222222222,0.5176470588235295,130
2023-07-08,1054,133,71,67,48,62,19,0.5338345864661654,0.7164179104477612,119
2023-07-09,1054,107,79,51,36,28,15,0.7383177570093458,0.7058823529411765,115
2023-07-10,1054,143,63,52,47,80,5,0.4405594405594406,0.9038461538461539,110
2023-07-11,1054,123,80,64,36,43,28,0.6504065040650406,0.5625,116
2023-07-12,1054,150,72,71,41,78,30,0.48,0.5774647887323944,113
2023-07-13,1054,102,79,69,53,23,16,0.7745098039215687,0.7681159420289855,132
2023-07-14,1054,141,75,72,41,66,31,0.5319148936170213,0.5694444444444444,116
2023-07-15,1054,108,79,61,41,29,20,0.7314814814814815,0.6721311475409836,120
2023-07-16,1054,132,93,72,40,39,32,0.7045454545454546,0.5555555555555556,133
2023-07-17,1054,133,97,91,35,36,56,0.7293233082706767,0.38461538461538464,132
2023-07-18,1054,150,64,94,30,86,64,0.4266666666666667,0.3191489361702128,94
2023-07-19,1054,139,71,64,39,68,25,0.5107913669064749,0.609375,110
2023-07-20,1054,107,74,59,42,33,17,0.6915887850467289,0.711864406779661,116
2023-07-21,1054,127,84,59,43,43,16,0.6614173228346457,0.7288135593220338,127
2023-07-22,1054,123,80,60,42,43,18,0.6504065040650406,0.7,122
2023-07-23,1054,144,77,54,37,67,17,0.5347222222222222,0.6851851851851852,114
2023-07-24,1054,139,87,89,40,52,49,0.6258992805755396,0.449438202247191,127
2023-07-25,1054,145,85,100,44,60,56,0.5862068965517241,0.44,129
2023-07-26,1054,115,66,99,41,49,58,0.5739130434782609,0.41414141414141414,107
2023-07-27,1054,134,84,71,43,50,28,0.6268656716417911,0.6056338028169014,127
2023-07-28,1054,134,80,56,36,54,20,0.5970149253731343,0.6428571428571429,116
2023-07-29,1054,112,80,99,38,32,61,0.7142857142857143,0.3838383838383838,118
2023-07-30,1054,117,82,57,40,35,17,0.7008547008547008,0.7017543859649122,122
2023-07-31,1054,140,80,52,31,60,21,0.5714285714285714,0.5961538461538461,111
2023-08-01,1054,107,93,100,44,14,56,0.8691588785046729,0.44,137
2023-08-02,1054,110,83,76,45,27,31,0.7545454545454545,0.5921052631578947,128
2023-08-03,1054,118,74,98,38,44,60,0.6271186440677966,0.3877551020408163,112
2023-08-04,1054,109,75,93,42,34,51,0.6880733944954128,0.45161290322580644,117
2023-08-05,1054,120,85,57,42,35,15,0.7083333333333334,0.7368421052631579,127
2023-08-06,1054,106,85,62,39,21,23,0.8018867924528302,0.6290322580645161,124
2023-08-07,1054,118,76,72,47,42,25,0.6440677966101694,0.6527777777777778,123
2023-08-08,1054,143,88,75,48,55,27,0.6153846153846154,0.64,136
2023-08-09,1054,104,85,76,35,19,41,0.8173076923076923,0.4605263157894737,120
2023-08-10,1054,146,86,75,45,60,30,0.589041095890411,0.6,131
2023-08-11,1054,112,80,59,49,32,10,0.7142857142857143,0.8305084745762712,129
2023-08-12,1054,130,70,56,36,60,20,0.5384615384615384,0.6428571428571429,106
2023-08-13,1054,140,73,82,46,67,36,0.5214285714285715,0.5609756097560976,119
2023-08-14,1054,119,76,100,34,43,66,0.6386554621848739,0.34,110
2023-08-15,1054,102,82,65,41,20,24,0.803921568627451,0.6307692307692307,123
2023-08-16,1054,140,82,76,47,58,29,0.5857142857142857,0.618421052631579,129
2023-08-17,1054,145,86,56,32,59,24,0.593103448275862,0.5714285714285714,118
2023-08-18,1054,130,93,93,41,37,52,0.7153846153846154,0.44086021505376344,134
2023-08-19,1054,149,85,89,33,64,56,0.5704697986577181,0.3707865168539326,118
2023-08-20,1054,139,71,99,40,68,59,0.5107913669064749,0.40404040404040403,111
2023-08-21,1054,106,84,68,35,22,33,0.7924528301886793,0.5147058823529411,119
2023-08-22,1054,124,79,72,37,45,35,0.6370967741935484,0.5138888888888888,116
2023-08-23,1054,101,96,51,41,5,10,0.9504950495049505,0.803921568627451,137
2023-08-24,1054,101,73,52,38,28,14,0.7227722772277227,0.7307692307692307,111
2023-08-25,1054,128,83,97,37,45,60,0.6484375,0.38144329896907214,120
2023-08-26,1054,110,69,73,29,41,44,0.6272727272727273,0.3972602739726027,98
2023-08-27,1054,107,79,79,33,28,46,0.7383177570093458,0.4177215189873418,112
2023-08-28,1054,107,82,82,24,25,58,0.7663551401869159,0.2926829268292683,106
2023-08-29,1054,102,77,57,54,25,3,0.7549019607843137,0.9473684210526315,131
2023-08-30,1054,105,86,61,26,19,35,0.819047619047619,0.4262295081967213,112
2023-08-31,1054,117,80,50,49,37,1,0.6837606837606838,0.98,129
2023-09-01,1054,105,81,64,35,24,29,0.7714285714285715,0.546875,116
2023-09-02,1054,137,75,64,44,62,20,0.5474452554744526,0.6875,119
2023-09-03,1054,135,79,80,35,56,45,0.5851851851851851,0.4375,114
2023-09-04,1054,126,79,92,43,47,49,0.626984126984127,0.4673913043478261,122
2023-09-05,1054,119,84,99,38,35,61,0.7058823529411765,0.3838383838383838,122
2023-09-06,1054,112,82,87,37,30,50,0.7321428571428571,0.42528735632183906,119
2023-09-07,1054,104,86,57,33,18,24,0.8269230769230769,0.5789473684210527,119
2023-09-08,1054,115,76,64,43,39,21,0.6608695652173913,0.671875,119
2023-09-09,1054,150,97,73,53,53,20,0.6466666666666666,0.726027397260274,150
2023-09-10,1054,108,69,91,53,39,38,0.6388888888888888,0.5824175824175825,122
2023-09-11,1054,116,90,100,40,26,60,0.7758620689655172,0.4,130
2023-09-12,1054,134,77,89,49,57,40,0.5746268656716418,0.550561797752809,126
2023-09-13,1054,129,84,95,40,45,55,0.6511627906976745,0.42105263157894735,124
2023-09-14,1054,114,81,52,35,33,17,0.7105263157894737,0.6730769230769231,116
2023-09-15,1054,124,76,69,39,48,30,0.6129032258064516,0.5652173913043478,115
2023-09-16,1054,138,89,90,45,49,45,0.644927536231884,0.5,134
2023-09-17,1054,127,78,65,42,49,23,0.6141732283464567,0.6461538461538462,120
2023-09-18,1054,117,74,95,50,43,45,0.6324786324786325,0.5263157894736842,124
2023-09-19,1054,127,103,84,41,24,43,0.8110236220472441,0.4880952380952381,144
2023-09-20,1054,139,90,60,37,49,23,0.6474820143884892,0.6166666666666667,127
2023-09-21,1054,116,62,83,27,54,56,0.5344827586206896,0.3253012048192771,89
2023-09-22,1054,149,69,85,45,80,40,0.46308724832214765,0.5294117647058824,114
2023-09-23,1054,131,98,89,42,33,47,0.7480916030534351,0.47191011235955055,140
2023-09-24,1054,147,77,82,36,70,46,0.5238095238095238,0.43902439024390244,113
2023-09-25,1054,118,68,50,44,50,6,0.576271186440678,0.88,112
2023-09-26,1054,123,74,56,41,49,15,0.6016260162601627,0.7321428571428571,115
2023-09-27,1054,120,83,58,34,37,24,0.6916666666666667,0.5862068965517241,117
2023-09-28,1054,138,93,81,37,45,44,0.6739130434782609,0.4567901234567901,130
2023-09-29,1054,138,78,89,43,60,46,0.5652173913043478,0.48314606741573035,121
2023-09-30,1054,142,73,73,33,69,40,0.5140845070422535,0.4520547945205479,106
2023-10-01,1054,126,83,53,39,43,14,0.6587301587301587,0.7358490566037735,122
2023-10-02,1054,107,80,65,40,27,25,0.7476635514018691,0.6153846153846154,120
2023-10-03,1054,118,74,92,33,44,59,0.6271186440677966,0.358695652173913,107
2023-10-04,1054,136,80,73,41,56,32,0.5882352941176471,0.5616438356164384,121
2023-10-05,1054,100,69,64,39,31,25,0.69,0.609375,108
2023-10-06,1054,106,71,92,36,35,56,0.6698113207547169,0.391304347826087,107
2023-10-07,1054,124,88,78,54,36,24,0.7096774193548387,0.6923076923076923,142
2023-10-08,1054,143,89,55,41,54,14,0.6223776223776224,0.7454545454545455,130
2023-10-09,1054,139,82,83,35,57,48,0.5899280575539568,0.42168674698795183,117
2023-10-10,1054,106,71,67,50,35,17,0.6698113207547169,0.746268656716418,121
2023-10-11,1054,102,76,68,44,26,24,0.7450980392156863,0.6470588235294118,120
2023-10-12,1054,119,72,97,45,47,52,0.6050420168067226,0.4639175257731959,117
2023-10-13,1054,130,73,61,42,57,19,0.5615384615384615,0.6885245901639344,115
2023-10-14,1054,108,68,66,54,40,12,0.6296296296296297,0.8181818181818182,122
2023-10-15,1054,127,79,93,31,48,62,0.6220472440944882,0.3333333333333333,110
2023-10-16,1054,143,79,66,45,64,21,0.5524475524475524,0.6818181818181818,124
2023-10-17,1054,122,84,85,45,38,40,0.6885245901639344,0.5294117647058824,129
2023-10-18,1054,150,80,78,34,70,44,0.5333333333333333,0.4358974358974359,114
2023-10-19,1054,115,106,92,27,9,65,0.9217391304347826,0.29347826086956524,133
2023-10-20,1054,141,81,50,36,60,14,0.574468085106383,0.72,117
2023-10-21,1054,101,89,55,35,12,20,0.8811881188118812,0.6363636363636364,124
2023-10-22,1054,100,85,54,45,15,9,0.85,0.8333333333333334,130
2023-10-23,1054,149,70,96,40,79,56,0.4697986577181208,0.4166666666666667,110
2023-10-24,1054,100,80,64,42,20,22,0.8,0.65625,122
2023-10-25,1054,118,79,62,46,39,16,0.6694915254237288,0.7419354838709677,125
2023-10-26,1054,114,85,69,42,29,27,0.7456140350877193,0.6086956521739131,127
2023-10-27,1054,126,67,95,41,59,54,0.5317460317460317,0.43157894736842106,108
2023-10-28,1054,119,92,99,37,27,62,0.773109243697479,0.37373737373737376,129
2023-10-29,1054,148,87,85,39,61,46,0.5878378378378378,0.4588235294117647,126
2023-10-30,1054,137,80,61,42,57,19,0.583941605839416,0.6885245901639344,122
2023-10-31,1054,149,75,75,37,74,38,0.5033557046979866,0.49333333333333335,112
2023-11-01,1054,105,83,96,35,22,61,0.7904761904761904,0.3645833333333333,118
2023-11-02,1054,100,85,75,49,15,26,0.85,0.6533333333333333,134
2023-11-03,1054,137,87,70,42,50,28,0.635036496350365,0.6,129
2023-11-04,1054,139,85,91,44,54,47,0.6115107913669064,0.4835164835164835,129
2023-11-05,1054,134,54,82,41,80,41,0.40298507462686567,0.5,95
2023-11-06,1054,137,71,75,39,66,36,0.5182481751824818,0.52,110
2023-11-07,1054,137,82,69,38,55,31,0.5985401459854015,0.5507246376811594,120
2023-11-08,1054,130,67,82,47,63,35,0.5153846153846153,0.573170731707317,114
2023-11-09,1054,112,84,52,30,28,22,0.75,0.5769230769230769,114
2023-11-10,1054,128,90,74,48,38,26,0.703125,0.6486486486486487,138
2023-11-11,1054,149,77,84,38,72,46,0.5167785234899329,0.4523809523809524,115
2023-11-12,1054,141,74,55,34,67,21,0.524822695035461,0.6181818181818182,108
2023-11-13,1054,144,74,87,37,70,50,0.5138888888888888,0.42528735632183906,111
2023-11-14,1054,142,83,63,39,59,24,0.5845070422535211,0.6190476190476191,122
2023-11-15,1054,144,87,68,35,57,33,0.6041666666666666,0.5147058823529411,122
2023-11-16,1054,141,76,71,39,65,32,0.5390070921985816,0.5492957746478874,115
2023-11-17,1054,107,67,78,42,40,36,0.6261682242990654,0.5384615384615384,109
2023-11-18,1054,130,76,60,48,54,12,0.5846153846153846,0.8,124
2023-11-19,1054,147,77,50,31,70,19,0.5238095238095238,0.62,108
2023-11-20,1054,106,89,53,34,17,19,0.839622641509434,0.6415094339622641,123
2023-11-21,1054,135,87,79,32,48,47,0.6444444444444445,0.4050632911392405,119
2023-11-22,1054,129,83,92,39,46,53,0.6434108527131783,0.42391304347826086,122
2023-11-23,1054,131,76,67,42,55,25,0.5801526717557252,0.6268656716417911,118
2023-11-24,1054,108,83,83,45,25,38,0.7685185185185185,0.54216867469879515,128
2023-11-25,1054,107,89,77,30,18,47,0.8317757009345794,0.38961038961038963,119
2023-11-26,1054,105,97,96,30,8,66,0.9238095238095239,0.3125,127
2023-11-27,1054,115,81,85,35,34,50,0.7043478260869566,0.4117647058823529,116
2023-11-28,1054,116,86,80,38,30,42,0.7413793103448276,0.475,124
2023-11-29,1054,109,80,73,41,29,32,0.7339449541284404,0.5616438356164384,121
2023-11-30,1054,127,68,77,28,59,49,0.5354330708661418,0.36363636363636365,96
2023-12-01,1054,122,71,97,38,51,59,0.5819672131147541,0.3917525773195876,109
2023-12-02,1054,138,73,87,37,65,50,0.5289855072463768,0.42528735632183906,110
2023-12-03,1054,148,102,84,44,46,40,0.6891891891891891,0.5238095238095238,146
2023-12-04,1054,111,90,94,31,21,63,0.8108108108108109,0.32978723404255317,121
2023-12-05,1054,125,75,96,45,50,51,0.6,0.46875,120
2023-12-06,1054,116,79,97,41,37,56,0.6810344827586207,0.422680412371134,120
2023-12-07,1054,123,87,69,42,36,27,0.7073170731707317,0.6086956521739131,129
2023-12-08,1054,133,78,86,37,55,49,0.5864661654135338,0.43023255813953487,115
2023-12-09,1054,103,89,66,39,14,27,0.8640776699029126,0.5909090909090909,128
2023-12-10,1054,106,98,53,47,8,6,0.9245283018867925,0.8867924528301887,145
2023-12-11,1054,132,83,96,46,49,50,0.6287878787878788,0.4791666666666667,129
2023-12-12,1054,133,84,76,48,49,28,0.631578947368421,0.631578947368421,132
2023-12-13,1054,101,80,99,54,21,45,0.7920792079207921,0.5454545454545454,134
2023-12-14,1054,123,74,94,36,49,58,0.6016260162601627,0.3829787234042553,110
2023-12-15,1054,113,83,77,36,30,41,0.7345132743362832,0.4675324675324675,119
2023-12-16,1054,119,78,66,36,41,30,0.6554621848739496,0.5454545454545454,114
2023-12-17,1054,119,66,55,31,53,24,0.5546218487394958,0.5636363636363636,97
2023-12-18,1054,135,83,95,40,52,55,0.6148148148148148,0.42105263157894735,123
2023-12-19,1054,131,86,88,40,45,48,0.6564885496183206,0.45454545454545453,126
2023-12-20,1054,143,90,65,44,53,21,0.6293706293706294,0.676923076923077,134
2023-12-21,1054,143,84,51,29,59,22,0.5874125874125874,0.5686274509803921,113
2023-12-22,1054,137,74,55,34,63,21,0.5401459854014599,0.6181818181818182,108
2023-12-23,1054,108,92,64,43,16,21,0.8518518518518519,0.671875,135
2023-12-24,1054,142,75,63,37,67,26,0.528169014084507,0.5873015873015873,112
2023-12-25,1054,119,84,53,46,35,7,0.7058823529411765,0.8679245283018868,130
2023-12-26,1054,149,83,73,37,66,36,0.5570469798657718,0.5068493150684932,120
2023-12-27,1054,149,80,53,42,69,11,0.5369127516778524,0.7924528301886793,122
2023-12-28,1054,111,62,90,44,49,46,0.5585585585585585,0.4888888888888889,106
2023-12-29,1054,104,77,93,36,27,57,0.7403846153846154,0.3870967741935484,113
2023-12-30,1054,128,77,73,34,51,39,0.6015625,0.4657534246575342,111
2023-12-31,1054,148,67,75,40,81,35,0.4527027027027027,0.5333333333333333,107
2023-01-01,1055,139,90,90,47,49,43,0.6474820143884892,0.5222222222222223,137
2023-01-02,1055,136,84,54,40,52,14,0.6176470588235294,0.7407407407407407,124
2023-01-03,1055,107,83,92,43,24,49,0.7757009345794392,0.4673913043478261,126
2023-01-04,1055,115,79,89,39,36,50,0.6869565217391305,0.43820224719101125,118
2023-01-05,1055,142,86,85,38,56,47,0.6056338028169014,0.4470588235294118,124
2023-01-06,1055,131,90,72,50,41,22,0.6870229007633588,0.6944444444444444,140
2023-01-07,1055,144,81,91,46,63,45,0.5625,0.5054945054945055,127
2023-01-08,1055,107,73,77,42,34,35,0.6822429906542056,0.5454545454545454,115
2023-01-09,1055,129,88,99,40,41,59,0.6821705426356589,0.40404040404040403,128
2023-01-10,1055,147,86,96,29,61,67,0.5850340136054422,0.3020833333333333,115
2023-01-11,1055,142,99,100,48,43,52,0.6971830985915493,0.48,147
2023-01-12,1055,128,91,51,40,37,11,0.7109375,0.7843137254901961,131
2023-01-13,1055,123,73,69,39,50,30,0.5934959349593496,0.5652173913043478,112
2023-01-14,1055,105,85,77,38,20,39,0.8095238095238095,0.4935064935064935,123
2023-01-15,1055,113,69,62,37,44,25,0.6106194690265486,0.5967741935483871,106
2023-01-16,1055,148,61,75,37,87,38,0.41216216216216217,0.49333333333333335,98
2023-01-17,1055,145,87,93,40,58,53,0.6,0.43010752688172044,127
2023-01-18,1055,150,82,99,43,68,56,0.5466666666666666,0.43434343434343436,125
2023-01-19,1055,146,86,64,41,60,23,0.589041095890411,0.640625,127
2023-01-20,1055,115,98,89,42,17,47,0.8521739130434782,0.47191011235955055,140
2023-01-21,1055,139,82,76,46,57,30,0.5899280575539568,0.6052631578947368,128
2023-01-22,1055,121,88,96,53,33,43,0.7272727272727273,0.5520833333333334,141
2023-01-23,1055,109,94,55,31,15,24,0.8623853211009175,0.5636363636363636,125
2023-01-24,1055,118,88,54,36,30,18,0.7457627118644068,0.6666666666666666,124
2023-01-25,1055,109,68,83,32,41,51,0.6238532110091743,0.3855421686746988,100
2023-01-26,1055,129,67,88,39,62,49,0.5193798449612403,0.4431818181818182,106
2023-01-27,1055,104,93,81,43,11,38,0.8942307692307693,0.5308641975308642,136
2023-01-28,1055,112,87,85,26,25,59,0.7767857142857143,0.3058823529411765,113
2023-01-29,1055,104,75,70,40,29,30,0.7211538461538461,0.5714285714285714,115
2023-01-30,1055,111,85,73,44,26,29,0.7657657657657657,0.6027397260273972,129
2023-01-31,1055,119,74,86,39,45,47,0.6218487394957983,0.45348837209302323,113
2023-02-01,1055,107,84,67,35,23,32,0.7850467289719626,0.5223880597014925,119
2023-02-02,1055,110,73,80,41,37,39,0.6636363636363637,0.5125,114
2023-02-03,1055,117,79,63,50,38,13,0.6752136752136753,0.7936507936507936,129
2023-02-04,1055,132,75,92,44,57,48,0.5681818181818182,0.4782608695652174,119
2023-02-05,1055,119,93,53,40,26,13,0.7815126050420168,0.7547169811320755,133
2023-02-06,1055,128,88,78,45,40,33,0.6875,0.5769230769230769,133
2023-02-07,1055,104,82,73,31,22,42,0.7884615384615384,0.4246575342465753,113
2023-02-08,1055,146,101,74,46,45,28,0.6917808219178082,0.6216216216216216,147
2023-02-09,1055,147,81,79,30,66,49,0.5510204081632653,0.379746835443038,111
2023-02-10,1055,135,88,93,44,47,49,0.6518518518518519,0.4731182795698925,132
2023-02-11,1055,139,93,53,43,46,10,0.6690647482014388,0.8113207547169812,136
2023-02-12,1055,114,76,59,39,38,20,0.6666666666666666,0.6610169491525424,115
2023-02-13,1055,100,87,93,33,13,60,0.87,0.3548387096774194,120
2023-02-14,1055,128,96,66,45,32,21,0.75,0.6818181818181818,141
2023-02-15,1055,141,70,51,42,71,9,0.49645390070921985,0.8235294117647058,112
2023-02-16,1055,106,84,54,43,22,11,0.7924528301886793,0.7962962962962963,127
2023-02-17,1055,146,78,87,35,68,52,0.5342465753424658,0.40229885057471265,113
2023-02-18,1055,107,92,81,40,15,41,0.8598130841121495,0.49382716049382713,132
2023-02-19,1055,135,95,62,37,40,25,0.7037037037037037,0.5967741935483871,132
2023-02-20,1055,136,73,62,44,63,18,0.5367647058823529,0.7096774193548387,117
2023-02-21,1055,121,70,71,40,51,31,0.5785123966942148,0.5633802816901409,110
2023-02-22,1055,128,76,94,37,52,57,0.59375,0.39361702127659576,113
2023-02-23,1055,130,74,54,30,56,24,0.5692307692307692,0.5555555555555556,104
2023-02-24,1055,117,76,84,38,41,46,0.6495726495726496,0.4523809523809524,114
2023-02-25,1055,136,64,95,41,72,54,0.47058823529411764,0.43157894736842106,105
2023-02-26,1055,150,84,55,35,66,20,0.56,0.6363636363636364,119
2023-02-27,1055,140,81,83,41,59,42,0.5785714285714286,0.4939759036144578,122
2023-02-28,1055,111,77,69,33,34,36,0.6936936936936937,0.4782608695652174,110
2023-03-01,1055,112,76,64,38,36,26,0.6785714285714286,0.59375,114
2023-03-02,1055,104,80,68,27,24,41,0.7692307692307693,0.39705882352941174,107
2023-03-03,1055,133,66,81,52,67,29,0.49624060150375937,0.6419753086419753,118
2023-03-04,1055,141,81,85,43,60,42,0.574468085106383,0.5058823529411764,124
2023-03-05,1055,102,54,91,39,48,52,0.5294117647058824,0.42857142857142855,93
2023-03-06,1055,115,86,67,37,29,30,0.7478260869565218,0.5522388059701493,123
2023-03-07,1055,113,79,54,37,34,17,0.6991150442477876,0.6851851851851852,116
2023-03-08,1055,130,89,70,44,41,26,0.6846153846153846,0.6285714285714286,133
2023-03-09,1055,104,78,68,52,26,16,0.75,0.7647058823529411,130
2023-03-10,1055,149,83,98,52,66,46,0.5570469798657718,0.5306122448979592,135
2023-03-11,1055,122,68,59,46,54,13,0.5573770491803278,0.7796610169491526,114
2023-03-12,1055,111,67,99,31,44,68,0.6036036036036037,0.31313131313131315,98
2023-03-13,1055,124,78,52,43,46,9,0.6290322580645161,0.8269230769230769,121
2023-03-14,1055,133,101,97,43,32,54,0.7593984962406015,0.44329896907216493,144
2023-03-15,1055,138,84,64,47,54,17,0.6086956521739131,0.734375,131
2023-03-16,1055,109,87,78,36,22,42,0.7981651376146789,0.46153846153846156,123
2023-03-17,1055,114,95,93,41,19,52,0.8333333333333334,0.44086021505376344,136
2023-03-18,1055,100,88,62,38,12,24,0.88,0.6129032258064516,126
2023-03-19,1055,124,69,92,46,55,46,0.5564516129032258,0.5,115
2023-03-20,1055,125,72,68,43,53,25,0.576,0.6323529411764706,115
2023-03-21,1055,114,79,70,34,35,36,0.6929824561403509,0.4857142857142857,113
2023-03-22,1055,104,97,83,39,7,44,0.9326923076923077,0.46987951807228917,136
2023-03-23,1055,145,76,64,36,69,28,0.5241379310344828,0.5625,112
2023-03-24,1055,101,77,51,34,24,17,0.7623762376237624,0.6666666666666666,111
2023-03-25,1055,106,80,64,33,26,31,0.7547169811320755,0.515625,113
2023-03-26,1055,111,79,73,48,32,25,0.7117117117117117,0.6575342465753424,127
2023-03-27,1055,114,87,76,35,27,41,0.7631578947368421,0.4605263157894737,122
2023-03-28,1055,126,75,100,44,51,56,0.5952380952380952,0.44,119
2023-03-29,1055,115,68,73,32,47,41,0.591304347826087,0.4383561643835616,100
2023-03-30,1055,132,76,100,33,56,67,0.5757575757575758,0.33,109
2023-03-31,1055,108,86,67,42,22,25,0.7962962962962963,0.6268656716417911,128
2023-04-01,1055,113,93,100,41,20,59,0.8230088495575221,0.41,134
2023-04-02,1055,126,92,75,43,34,32,0.7301587301587301,0.5733333333333334,135
2023-04-03,1055,109,76,100,36,33,64,0.6972477064220184,0.36,112
2023-04-04,1055,113,93,87,32,20,55,0.8230088495575221,0.367816091954023,125
2023-04-05,1055,139,82,88,44,57,44,0.5899280575539568,0.5,126
2023-04-06,1055,108,69,50,45,39,5,0.6388888888888888,0.9,114
2023-04-07,1055,149,87,92,40,62,52,0.5838926174496645,0.43478260869565216,127
2023-04-08,1055,101,81,86,38,20,48,0.801980198019802,0.4418604651162791,119
2023-04-09,1055,130,83,99,44,47,55,0.6384615384615384,0.4444444444444444,127
2023-04-10,1055,104,75,68,45,29,23,0.7211538461538461,0.6617647058823529,120
2023-04-11,1055,113,85,56,50,28,6,0.7522123893805309,0.8928571428571429,135
2023-04-12,1055,138,78,92,45,60,47,0.5652173913043478,0.4891304347826087,123
2023-04-13,1055,131,70,70,33,61,37,0.5343511450381679,0.4714285714285714,103
2023-04-14,1055,121,84,84,51,37,33,0.6942148760330579,0.6071428571428571,135
2023-04-15,1055,121,60,92,42,61,50,0.49586776859504134,0.45652173913043476,102
2023-04-16,1055,134,79,68,42,55,26,0.5895522388059702,0.6176470588235294,121
2023-04-17,1055,107,81,95,50,26,45,0.7570093457943925,0.5263157894736842,131
2023-04-18,1055,101,74,92,40,27,52,0.7326732673267327,0.43478260869565216,114
2023-04-19,1055,116,80,51,42,36,9,0.6896551724137931,0.8235294117647058,122
2023-04-20,1055,103,96,86,37,7,49,0.9320388349514563,0.43023255813953487,133
2023-04-21,1055,108,74,58,44,34,14,0.6851851851851852,0.7586206896551724,118
2023-04-22,1055,121,83,98,37,38,61,0.6859504132231405,0.37755102040816324,120
2023-04-23,1055,147,78,74,55,69,19,0.5306122448979592,0.7432432432432432,133
2023-04-24,1055,104,70,54,36,34,18,0.6730769230769231,0.6666666666666666,106
2023-04-25,1055,116,82,55,40,34,15,0.7068965517241379,0.7272727272727273,122
2023-04-26,1055,127,78,70,54,49,16,0.6141732283464567,0.7714285714285715,132
2023-04-27,1055,115,89,86,44,26,42,0.7739130434782608,0.5116279069767442,133
2023-04-28,1055,109,66,77,53,43,24,0.6055045871559633,0.6883116883116883,119
2023-04-29,1055,130,66,84,60,64,24,0.5076923076923077,0.7142857142857143,126
2023-04-30,1055,136,77,100,44,59,56,0.5661764705882353,0.44,121
2023-05-01,1055,127,90,52,37,37,15,0.7086614173228346,0.7115384615384616,127
2023-05-02,1055,125,72,90,37,53,53,0.576,0.4111111111111111,109
2023-05-03,1055,126,87,54,43,39,11,0.6904761904761905,0.7962962962962963,130
2023-05-04,1055,150,76,80,25,74,55,0.5066666666666667,0.3125,101
2023-05-05,1055,145,80,50,43,65,7,0.5517241379310345,0.86,123
2023-05-06,1055,150,80,78,33,70,45,0.5333333333333333,0.4230769230769231,113
2023-05-07,1055,138,80,68,46,58,22,0.5797101449275363,0.6764705882352942,126
2023-05-08,1055,119,77,90,37,42,53,0.6470588235294118,0.4111111111111111,114
2023-05-09,1055,105,80,73,50,25,23,0.7619047619047619,0.684931506849315,130
2023-05-10,1055,124,79,82,25,45,57,0.6370967741935484,0.3048780487804878,104
2023-05-11,1055,102,81,100,44,21,56,0.7941176470588235,0.44,125
2023-05-12,1055,150,80,99,45,70,54,0.5333333333333333,0.45454545454545453,125
2023-05-13,1055,150,70,92,43,80,49,0.4666666666666667,0.4673913043478261,113
2023-05-14,1055,101,87,57,48,14,9,0.8613861386138614,0.8421052631578947,135
2023-05-15,1055,139,73,80,31,66,49,0.5251798561151079,0.3875,104
2023-05-16,1055,121,98,51,36,23,15,0.8099173553719008,0.7058823529411765,134
2023-05-17,1055,132,62,70,29,70,41,0.4696969696969697,0.4142857142857143,91
2023-05-18,1055,119,85,51,47,34,4,0.7142857142857143,0.9215686274509803,132
2023-05-19,1055,104,75,52,49,29,3,0.7211538461538461,0.9423076923076923,124
2023-05-20,1055,120,81,78,33,39,45,0.675,0.4230769230769231,114
2023-05-21,1055,132,74,64,43,58,21,0.5606060606060606,0.671875,117
2023-05-22,1055,135,85,60,45,50,15,0.6296296296296297,0.75,130
2023-05-23,1055,139,77,82,38,62,44,0.5539568345323741,0.4634146341463415,115
2023-05-24,1055,109,81,61,42,28,19,0.7431192660550459,0.6885245901639344,123
2023-05-25,1055,131,81,77,32,50,45,0.6183206106870229,0.4155844155844156,113
2023-05-26,1055,138,76,55,39,62,16,0.5507246376811594,0.7090909090909091,115
2023-05-27,1055,116,69,50,35,47,15,0.5948275862068966,0.7,104
2023-05-28,1055,141,71,51,41,70,10,0.5035460992907801,0.803921568627451,112
2023-05-29,1055,142,84,69,41,58,28,0.5915492957746479,0.5942028985507246,125
2023-05-30,1055,126,72,63,37,54,26,0.5714285714285714,0.5873015873015873,109
2023-05-31,1055,148,91,64,48,57,16,0.6148648648648649,0.75,139
2023-06-01,1055,101,90,93,44,11,49,0.8910891089108911,0.4731182795698925,134
2023-06-02,1055,112,94,96,36,18,60,0.8392857142857143,0.375,130
2023-06-03,1055,131,68,57,35,63,22,0.5190839694656488,0.6140350877192983,103
2023-06-04,1055,123,95,68,37,28,31,0.7723577235772358,0.5441176470588235,132
2023-06-05,1055,104,88,55,51,16,4,0.8461538461538461,0.9272727272727272,139
2023-06-06,1055,101,78,78,34,23,44,0.7722772277227723,0.4358974358974359,112
2023-06-07,1055,112,86,71,40,26,31,0.7678571428571429,0.5633802816901409,126
2023-06-08,1055,143,87,72,42,56,30,0.6083916083916084,0.5833333333333334,129
2023-06-09,1055,111,90,89,35,21,54,0.8108108108108109,0.39325842696629215,125
2023-06-10,1055,120,72,76,46,48,30,0.6,0.6052631578947368,118
2023-06-11,1055,139,78,81,48,61,33,0.5611510791366906,0.5925925925925926,126
2023-06-12,1055,149,79,74,45,70,29,0.5302013422818792,0.6081081081081081,124
2023-06-13,1055,128,78,72,46,50,26,0.609375,0.6388888888888888,124
2023-06-14,1055,104,91,50,47,13,3,0.875,0.94,138
2023-06-15,1055,116,76,70,39,40,31,0.6551724137931034,0.5571428571428572,115
2023-06-16,1055,128,74,80,46,54,34,0.578125,0.575,120
2023-06-17,1055,123,69,71,38,54,33,0.5609756097560976,0.5352112676056338,107
2023-06-18,1055,108,96,71,43,12,28,0.8888888888888888,0.6056338028169014,139
2023-06-19,1055,143,75,82,33,68,49,0.5244755244755245,0.4024390243902439,108
2023-06-20,1055,121,77,83,37,44,46,0.6363636363636364,0.4457831325301205,114
2023-06-21,1055,112,77,58,38,35,20,0.6875,0.6551724137931034,115
2023-06-22,1055,135,72,62,40,63,22,0.5333333333333333,0.6451612903225806,112
2023-06-23,1055,105,77,92,42,28,50,0.7333333333333333,0.45652173913043476,119
2023-06-24,1055,129,86,92,42,43,50,0.6666666666666666,0.45652173913043476,128
2023-06-25,1055,139,85,57,52,54,5,0.6115107913669064,0.9122807017543859,137
2023-06-26,1055,115,87,76,41,28,35,0.7565217391304347,0.5394736842105263,128
2023-06-27,1055,134,85,77,29,49,48,0.6343283582089553,0.37662337662337664,114
2023-06-28,1055,119,91,78,27,28,51,0.7647058823529411,0.34615384615384615,118
2023-06-29,1055,126,97,57,40,29,17,0.7698412698412699,0.7017543859649122,137
2023-06-30,1055,137,75,51,39,62,12,0.5474452554744526,0.7647058823529411,114
2023-07-01,1055,130,78,99,41,52,58,0.6,0.41414141414141414,119
2023-07-02,1055,142,77,79,44,65,35,0.5422535211267606,0.5569620253164557,121
2023-07-03,1055,131,76,96,43,55,53,0.5801526717557252,0.4479166666666667,119
2023-07-04,1055,140,83,52,41,57,11,0.5928571428571429,0.7884615384615384,124
2023-07-05,1055,111,81,50,28,30,22,0.7297297297297297,0.56,109
2023-07-06,1055,100,68,91,45,32,46,0.68,0.4945054945054945,113
2023-07-07,1055,104,67,69,53,37,16,0.6442307692307693,0.7681159420289855,120
2023-07-08,1055,101,81,69,40,20,29,0.801980198019802,0.5797101449275363,121
2023-07-09,1055,118,74,65,48,44,17,0.6271186440677966,0.7384615384615385,122
2023-07-10,1055,142,89,72,42,53,30,0.6267605633802817,0.5833333333333334,131
2023-07-11,1055,105,83,84,50,22,34,0.7904761904761904,0.5952380952380952,133
2023-07-12,1055,124,77,100,46,47,54,0.6209677419354839,0.46,123
2023-07-13,1055,142,80,77,38,62,39,0.5633802816901409,0.4935064935064935,118
2023-07-14,1055,146,84,57,40,62,17,0.5753424657534246,0.7017543859649122,124
2023-07-15,1055,133,76,79,41,57,38,0.5714285714285714,0.5189873417721519,117
2023-07-16,1055,125,84,72,37,41,35,0.672,0.5138888888888888,121
2023-07-17,1055,132,79,55,42,53,13,0.5984848484848485,0.7636363636363637,121
2023-07-18,1055,140,71,67,38,69,29,0.5071428571428571,0.5671641791044776,109
2023-07-19,1055,119,79,59,47,40,12,0.6638655462184874,0.7966101694915254,126
2023-07-20,1055,146,105,93,38,41,55,0.7191780821917808,0.40860215053763443,143
2023-07-21,1055,147,69,83,38,78,45,0.46938775510204084,0.4578313253012048,107
2023-07-22,1055,119,80,88,39,39,49,0.6722689075630253,0.4431818181818182,119
2023-07-23,1055,120,90,92,41,30,51,0.75,0.44565217391304346,131
2023-07-24,1055,145,82,99,40,63,59,0.5655172413793104,0.40404040404040403,122
2023-07-25,1055,149,76,100,34,73,66,0.5100671140939598,0.34,110
2023-07-26,1055,108,70,80,44,38,36,0.6481481481481481,0.55,114
2023-07-27,1055,133,92,64,34,41,30,0.6917293233082706,0.53125,126
2023-07-28,1055,131,82,83,33,49,50,0.6259541984732825,0.39759036144578314,115
2023-07-29,1055,143,78,57,46,65,11,0.5454545454545454,0.8070175438596491,124
2023-07-30,1055,103,73,96,37,30,59,0.7087378640776699,0.3854166666666667,110
2023-07-31,1055,118,82,74,55,36,19,0.6949152542372882,0.7432432432432432,137
2023-08-01,1055,113,74,83,34,39,49,0.6548672566371682,0.40963855421686746,108
2023-08-02,1055,142,103,69,38,39,31,0.7253521126760564,0.5507246376811594,141
2023-08-03,1055,145,72,68,34,73,34,0.496551724137931,0.5,106
2023-08-04,1055,113,89,83,44,24,39,0.7876106194690266,0.5301204819277109,133
2023-08-05,1055,143,83,59,41,60,18,0.5804195804195804,0.6949152542372882,124
2023-08-06,1055,106,87,75,46,19,29,0.8207547169811321,0.6133333333333333,133
2023-08-07,1055,104,94,60,37,10,23,0.9038461538461539,0.6166666666666667,131
2023-08-08,1055,122,76,79,59,46,20,0.6229508196721312,0.7468354430379747,135
2023-08-09,1055,145,77,64,39,68,25,0.5310344827586206,0.609375,116
2023-08-10,1055,126,69,88,38,57,50,0.5476190476190477,0.4318181818181818,107
2023-08-11,1055,107,79,95,37,28,58,0.7383177570093458,0.3894736842105263,116
2023-08-12,1055,150,76,61,27,74,34,0.5066666666666667,0.4426229508196721,103
2023-08-13,1055,120,80,94,46,40,48,0.6666666666666666,0.48936170212765956,126
2023-08-14,1055,106,90,79,32,16,47,0.8490566037735849,0.4050632911392405,122
2023-08-15,1055,136,76,57,48,60,9,0.5588235294117647,0.8421052631578947,124
2023-08-16,1055,116,82,58,48,34,10,0.7068965517241379,0.8275862068965517,130
2023-08-17,1055,110,72,79,35,38,44,0.6545454545454545,0.4430379746835443,107
2023-08-18,1055,109,60,74,41,49,33,0.5504587155963303,0.5540540540540541,101
2023-08-19,1055,126,84,68,32,42,36,0.6666666666666666,0.47058823529411764,116
2023-08-20,1055,136,84,96,39,52,57,0.6176470588235294,0.40625,123
2023-08-21,1055,146,74,88,47,72,41,0.5068493150684932,0.5340909090909091,121
2023-08-22,1055,116,84,91,50,32,41,0.7241379310344828,0.5494505494505495,134
2023-08-23,1055,148,80,70,51,68,19,0.5405405405405406,0.7285714285714285,131
2023-08-24,1055,146,79,63,28,67,35,0.541095890410959,0.4444444444444444,107
2023-08-25,1055,115,78,94,44,37,50,0.6782608695652174,0.46808510638297873,122
2023-08-26,1055,120,89,68,33,31,35,0.7416666666666667,0.4852941176470588,122
2023-08-27,1055,107,65,97,36,42,61,0.6074766355140186,0.3711340206185567,101
2023-08-28,1055,120,61,93,41,59,52,0.5083333333333333,0.44086021505376344,102
2023-08-29,1055,132,81,68,44,51,24,0.6136363636363636,0.6470588235294118,125
2023-08-30,1055,107,74,92,41,33,51,0.6915887850467289,0.44565217391304346,115
2023-08-31,1055,109,76,82,34,33,48,0.6972477064220184,0.4146341463414634,110
2023-09-01,1055,124,77,77,33,47,44,0.6209677419354839,0.42857142857142855,110
2023-09-02,1055,104,79,74,46,25,28,0.7596153846153846,0.6216216216216216,125
2023-09-03,1055,147,68,57,43,79,14,0.46258503401360546,0.7543859649122807,111
2023-09-04,1055,147,77,64,32,70,32,0.5238095238095238,0.5,109
2023-09-05,1055,147,88,98,41,59,57,0.5986394557823129,0.41836734693877553,129
2023-09-06,1055,103,78,64,41,25,23,0.7572815533980582,0.640625,119
2023-09-07,1055,127,83,51,43,44,8,0.6535433070866141,0.8431372549019608,126
2023-09-08,1055,130,68,81,47,62,34,0.5230769230769231,0.5802469135802469,115
2023-09-09,1055,137,70,60,44,67,16,0.5109489051094891,0.7333333333333333,114
2023-09-10,1055,103,74,66,38,29,28,0.7184466019417476,0.5757575757575758,112
2023-09-11,1055,128,78,74,29,50,45,0.609375,0.3918918918918919,107
2023-09-12,1055,108,79,51,45,29,6,0.7314814814814815,0.8823529411764706,124
2023-09-13,1055,100,83,95,48,17,47,0.83,0.5052631578947369,131
2023-09-14,1055,122,77,94,52,45,42,0.6311475409836066,0.5531914893617021,129
2023-09-15,1055,135,81,76,36,54,40,0.6,0.47368421052631576,117
2023-09-16,1055,109,70,50,40,39,10,0.6422018348623854,0.8,110
2023-09-17,1055,127,79,98,40,48,58,0.6220472440944882,0.40816326530612246,119
2023-09-18,1055,112,84,85,37,28,48,0.75,0.43529411764705883,121
2023-09-19,1055,114,85,78,36,29,42,0.7456140350877193,0.46153846153846156,121
2023-09-20,1055,135,83,86,33,52,53,0.6148148148148148,0.38372093023255816,116
2023-09-21,1055,111,82,64,48,29,16,0.7387387387387387,0.75,130
2023-09-22,1055,110,70,90,34,40,56,0.6363636363636364,0.37777777777777777,104
2023-09-23,1055,113,88,64,30,25,34,0.7787610619469026,0.46875,118
2023-09-24,1055,140,80,96,46,60,50,0.5714285714285714,0.4791666666666667,126
2023-09-25,1055,126,88,54,45,38,9,0.6984126984126984,0.8333333333333334,133
2023-09-26,1055,119,81,66,39,38,27,0.680672268907563,0.5909090909090909,120
2023-09-27,1055,119,73,82,39,46,43,0.6134453781512605,0.47560975609756095,112
2023-09-28,1055,132,81,89,44,51,45,0.6136363636363636,0.4943820224719101,125
2023-09-29,1055,115,89,77,38,26,39,0.7739130434782608,0.4935064935064935,127
2023-09-30,1055,145,80,82,32,65,50,0.5517241379310345,0.3902439024390244,112
2023-10-01,1055,111,74,52,41,37,11,0.6666666666666666,0.7884615384615384,115
2023-10-02,1055,116,65,73,43,51,30,0.5603448275862069,0.589041095890411,108
2023-10-03,1055,133,85,63,52,48,11,0.6390977443609023,0.8253968253968254,137
2023-10-04,1055,102,87,60,27,15,33,0.8529411764705882,0.45,114
2023-10-05,1055,145,74,70,43,71,27,0.5103448275862069,0.6142857142857143,117
2023-10-06,1055,120,74,82,37,46,45,0.6166666666666667,0.45121951219512196,111
2023-10-07,1055,133,79,62,43,54,19,0.5939849624060151,0.6935483870967742,122
2023-10-08,1055,108,73,90,39,35,51,0.6759259259259259,0.43333333333333335,112
2023-10-09,1055,111,85,73,41,26,32,0.7657657657657657,0.5616438356164384,126
2023-10-10,1055,120,78,83,41,42,42,0.65,0.4939759036144578,119
2023-10-11,1055,118,86,50,43,32,7,0.7288135593220338,0.86,129
2023-10-12,1055,107,67,73,46,40,27,0.6261682242990654,0.6301369863013698,113
2023-10-13,1055,150,72,70,42,78,28,0.48,0.6,114
2023-10-14,1055,130,86,57,40,44,17,0.6615384615384615,0.7017543859649122,126
2023-10-15,1055,118,81,88,46,37,42,0.6864406779661016,0.5227272727272727,127
2023-10-16,1055,103,75,58,34,28,24,0.7281553398058253,0.5862068965517241,109
2023-10-17,1055,134,95,69,46,39,23,0.7089552238805971,0.6666666666666666,141
2023-10-18,1055,133,80,53,43,53,10,0.6015037593984962,0.8113207547169812,123
2023-10-19,1055,126,66,63,37,60,26,0.5238095238095238,0.5873015873015873,103
2023-10-20,1055,123,70,72,39,53,33,0.5691056910569106,0.5416666666666666,109
2023-10-21,1055,149,88,87,39,61,48,0.5906040268456376,0.4482758620689655,127
2023-10-22,1055,121,63,87,40,58,47,0.5206611570247934,0.45977011494252873,103
2023-10-23,1055,142,75,61,39,67,22,0.528169014084507,0.639344262295082,114
2023-10-24,1055,106,66,88,49,40,39,0.6226415094339622,0.5568181818181818,115
2023-10-25,1055,129,81,60,34,48,26,0.627906976744186,0.5666666666666667,115
2023-10-26,1055,103,79,93,49,24,44,0.7669902912621359,0.5268817204301075,128
2023-10-27,1055,121,88,82,37,33,45,0.7272727272727273,0.45121951219512196,125
2023-10-28,1055,141,84,97,41,57,56,0.5957446808510638,0.422680412371134,125
2023-10-29,1055,103,82,85,45,21,40,0.7961165048543689,0.5294117647058824,127
2023-10-30,1055,114,92,92,37,22,55,0.8070175438596491,0.40217391304347827,129
2023-10-31,1055,107,71,92,35,36,57,0.6635514018691588,0.3804347826086957,106
2023-11-01,1055,150,70,60,40,80,20,0.4666666666666667,0.6666666666666666,110
2023-11-02,1055,114,82,94,45,32,49,0.7192982456140351,0.4787234042553192,127
2023-11-03,1055,150,75,98,38,75,60,0.5,0.3877551020408163,113
2023-11-04,1055,104,68,92,49,36,43,0.6538461538461539,0.532608695652174,117
2023-11-05,1055,125,75,53,51,50,2,0.6,0.9622641509433962,126
2023-11-06,1055,141,98,58,34,43,24,0.6950354609929078,0.5862068965517241,132
2023-11-07,1055,115,91,65,37,24,28,0.7913043478260869,0.5692307692307692,128
2023-11-08,1055,117,77,99,41,40,58,0.6581196581196581,0.41414141414141414,118
2023-11-09,1055,134,82,68,46,52,22,0.6119402985074627,0.6764705882352942,128
2023-11-10,1055,132,78,67,32,54,35,0.5909090909090909,0.47761194029850745,110
2023-11-11,1055,107,82,64,42,25,22,0.7663551401869159,0.65625,124
2023-11-12,1055,108,77,93,44,31,49,0.7129629629629629,0.4731182795698925,121
2023-11-13,1055,145,87,92,51,58,41,0.6,0.5543478260869565,138
2023-11-14,1055,129,71,87,41,58,46,0.5503875968992248,0.47126436781609193,112
2023-11-15,1055,111,82,88,46,29,42,0.7387387387387387,0.5227272727272727,128
2023-11-16,1055,131,72,59,47,59,12,0.549618320610687,0.7966101694915254,119
2023-11-17,1055,122,74,92,39,48,53,0.6065573770491803,0.42391304347826086,113
2023-11-18,1055,106,81,69,50,25,19,0.7641509433962265,0.7246376811594203,131
2023-11-19,1055,150,85,86,35,65,51,0.5666666666666667,0.4069767441860465,120
2023-11-20,1055,127,81,84,33,46,51,0.6377952755905512,0.39285714285714285,114
2023-11-21,1055,120,75,55,40,45,15,0.625,0.7272727272727273,115
2023-11-22,1055,137,67,91,42,70,49,0.48905109489051096,0.46153846153846156,109
2023-11-23,1055,113,87,96,46,26,50,0.7699115044247787,0.4791666666666667,133
2023-11-24,1055,144,66,70,34,78,36,0.4583333333333333,0.4857142857142857,100
2023-11-25,1055,100,82,90,44,18,46,0.82,0.4888888888888889,126
2023-11-26,1055,146,79,90,38,67,52,0.541095890410959,0.4222222222222222,117
2023-11-27,1055,106,78,97,46,28,51,0.7358490566037735,0.4742268041237113,124
2023-11-28,1055,136,70,58,38,66,20,0.5147058823529411,0.6551724137931034,108
2023-11-29,1055,149,69,59,39,80,20,0.46308724832214765,0.6610169491525424,108
2023-11-30,1055,125,79,61,43,46,18,0.632,0.7049180327868853,122
2023-12-01,1055,119,76,77,39,43,38,0.6386554621848739,0.5064935064935064,115
2023-12-02,1055,109,88,96,42,21,54,0.8073394495412844,0.4375,130
2023-12-03,1055,127,75,100,35,52,65,0.5905511811023622,0.35,110
2023-12-04,1055,149,71,58,50,78,8,0.47651006711409394,0.8620689655172413,121
2023-12-05,1055,102,66,94,30,36,64,0.6470588235294118,0.3191489361702128,96
2023-12-06,1055,141,88,69,38,53,31,0.624113475177305,0.5507246376811594,126
2023-12-07,1055,110,80,90,47,30,43,0.7272727272727273,0.5222222222222223,127
2023-12-08,1055,107,74,91,39,33,52,0.6915887850467289,0.42857142857142855,113
2023-12-09,1055,145,93,83,32,52,51,0.6413793103448275,0.3855421686746988,125
2023-12-10,1055,145,73,83,44,72,39,0.503448275862069,0.5301204819277109,117
2023-12-11,1055,110,90,85,49,20,36,0.8181818181818182,0.5764705882352941,139
2023-12-12,1055,143,80,62,41,63,21,0.5594405594405595,0.6612903225806451,121
2023-12-13,1055,110,80,68,43,30,25,0.7272727272727273,0.6323529411764706,123
2023-12-14,1055,150,95,63,35,55,28,0.6333333333333333,0.5555555555555556,130
2023-12-15,1055,119,84,76,48,35,28,0.7058823529411765,0.631578947368421,132
2023-12-16,1055,128,82,76,52,46,24,0.640625,0.6842105263157895,134
2023-12-17,1055,134,82,78,43,52,35,0.6119402985074627,0.5512820512820513,125
2023-12-18,1055,110,73,92,47,37,45,0.6636363636363637,0.5108695652173914,120
2023-12-19,1055,148,78,74,46,70,28,0.527027027027027,0.6216216216216216,124
2023-12-20,1055,127,67,94,40,60,54,0.5275590551181102,0.425531914893617,107
2023-12-21,1055,143,78,96,27,65,69,0.5454545454545454,0.28125,105
2023-12-22,1055,121,96,98,32,25,66,0.7933884297520661,0.32653061224489793,128
2023-12-23,1055,114,85,93,44,29,49,0.7456140350877193,0.4731182795698925,129
2023-12-24,1055,143,73,96,45,70,51,0.5104895104895105,0.46875,118
2023-12-25,1055,140,104,88,39,36,49,0.7428571428571429,0.4431818181818182,143
2023-12-26,1055,128,88,83,37,40,46,0.6875,0.4457831325301205,125
2023-12-27,1055,132,64,79,33,68,46,0.48484848484848486,0.4177215189873418,97
2023-12-28,1055,135,77,99,35,58,64,0.5703703703703704,0.35353535353535354,112
2023-12-29,1055,108,90,89,32,18,57,0.8333333333333334,0.3595505617977528,122
2023-12-30,1055,113,71,78,51,42,27,0.6283185840707964,0.6538461538461539,122
2023-12-31,1055,126,61,84,47,65,37,0.48412698412698413,0.5595238095238095,108
2023-01-01,1056,147,86,85,43,61,42,0.5850340136054422,0.5058823529411764,129
2023-01-02,1056,143,88,92,50,55,42,0.6153846153846154,0.5434782608695652,138
2023-01-03,1056,128,97,87,27,31,60,0.7578125,0.3103448275862069,124
2023-01-04,1056,120,80,94,38,40,56,0.6666666666666666,0.40425531914893614,118
2023-01-05,1056,129,71,51,42,58,9,0.5503875968992248,0.8235294117647058,113
2023-01-06,1056,146,80,82,59,66,23,0.547945205479452,0.7195121951219512,139
2023-01-07,1056,121,72,96,47,49,49,0.5950413223140496,0.4895833333333333,119
2023-01-08,1056,146,84,56,41,62,15,0.5753424657534246,0.7321428571428571,125
2023-01-09,1056,102,82,52,51,20,1,0.803921568627451,0.9807692307692307,133
2023-01-10,1056,138,71,100,41,67,59,0.5144927536231884,0.41,112
2023-01-11,1056,147,85,80,49,62,31,0.5782312925170068,0.6125,134
2023-01-12,1056,113,82,57,40,31,17,0.7256637168141593,0.7017543859649122,122
2023-01-13,1056,132,73,65,36,59,29,0.553030303030303,0.5538461538461539,109
2023-01-14,1056,103,90,72,51,13,21,0.8737864077669902,0.7083333333333334,141
2023-01-15,1056,141,79,86,46,62,40,0.5602836879432624,0.5348837209302325,125
2023-01-16,1056,142,87,72,39,55,33,0.6126760563380281,0.5416666666666666,126
2023-01-17,1056,121,79,82,46,42,36,0.6528925619834711,0.5609756097560976,125
2023-01-18,1056,146,83,82,39,63,43,0.5684931506849316,0.47560975609756095,122
2023-01-19,1056,137,80,100,46,57,54,0.583941605839416,0.46,126
2023-01-20,1056,116,91,88,46,25,42,0.7844827586206896,0.5227272727272727,137
2023-01-21,1056,125,84,97,48,41,49,0.672,0.4948453608247423,132
2023-01-22,1056,102,90,51,37,12,14,0.8823529411764706,0.7254901960784313,127
2023-01-23,1056,100,80,87,35,20,52,0.8,0.40229885057471265,115
2023-01-24,1056,138,89,88,42,49,46,0.644927536231884,0.4772727272727273,131
2023-01-25,1056,103,78,97,48,25,49,0.7572815533980582,0.4948453608247423,126
2023-01-26,1056,148,96,67,49,52,18,0.6486486486486487,0.7313432835820896,145
2023-01-27,1056,104,87,75,38,17,37,0.8365384615384616,0.5066666666666667,125
2023-01-28,1056,141,78,98,37,63,61,0.5531914893617021,0.37755102040816324,115
2023-01-29,1056,133,78,91,40,55,51,0.5864661654135338,0.43956043956043955,118
2023-01-30,1056,126,79,62,43,47,19,0.626984126984127,0.6935483870967742,122
2023-01-31,1056,147,74,58,52,73,6,0.5034013605442177,0.896551724137931,126
2023-02-01,1056,103,67,100,42,36,58,0.6504854368932039,0.42,109
2023-02-02,1056,128,68,100,40,60,60,0.53125,0.4,108
2023-02-03,1056,138,77,76,44,61,32,0.5579710144927537,0.5789473684210527,121
2023-02-04,1056,114,71,91,46,43,45,0.6228070175438597,0.5054945054945055,117
2023-02-05,1056,127,94,57,46,33,11,0.7401574803149606,0.8070175438596491,140
2023-02-06,1056,105,81,58,46,24,12,0.7714285714285715,0.7931034482758621,127
2023-02-07,1056,145,65,89,48,80,41,0.4482758620689655,0.5393258426966292,113
2023-02-08,1056,117,81,73,46,36,27,0.6923076923076923,0.6301369863013698,127
2023-02-09,1056,110,93,67,45,17,22,0.8454545454545455,0.6716417910447762,138
2023-02-10,1056,144,73,72,40,71,32,0.5069444444444444,0.5555555555555556,113
2023-02-11,1056,140,77,52,41,63,11,0.55,0.7884615384615384,118
2023-02-12,1056,107,93,66,45,14,21,0.8691588785046729,0.6818181818181818,138
2023-02-13,1056,145,89,78,40,56,38,0.6137931034482759,0.5128205128205128,129
2023-02-14,1056,136,89,61,41,47,20,0.6544117647058824,0.6721311475409836,130
2023-02-15,1056,123,84,97,36,39,61,0.6829268292682927,0.3711340206185567,120
2023-02-16,1056,127,75,68,40,52,28,0.5905511811023622,0.5882352941176471,115
2023-02-17,1056,104,78,90,38,26,52,0.75,0.4222222222222222,116
2023-02-18,1056,142,89,98,49,53,49,0.6267605633802817,0.5,138
2023-02-19,1056,106,92,86,42,14,44,0.8679245283018868,0.4883720930232558,134
2023-02-20,1056,106,72,82,24,34,58,0.6792452830188679,0.2926829268292683,96
2023-02-21,1056,137,80,50,39,57,11,0.583941605839416,0.78,119
2023-02-22,1056,116,85,52,39,31,13,0.7327586206896551,0.75,124
2023-02-23,1056,118,97,78,34,21,44,0.8220338983050848,0.4358974358974359,131
2023-02-24,1056,144,80,74,33,64,41,0.5555555555555556,0.44594594594594594,113
2023-02-25,1056,143,72,56,46,71,10,0.5034965034965035,0.8214285714285714,118
2023-02-26,1056,140,77,54,46,63,8,0.55,0.8518518518518519,123
2023-02-27,1056,129,72,81,42,57,39,0.5581395348837209,0.5185185185185185,114
2023-02-28,1056,104,83,59,41,21,18,0.7980769230769231,0.6949152542372882,124
2023-03-01,1056,129,75,95,33,54,62,0.5813953488372093,0.3473684210526316,108
2023-03-02,1056,130,78,97,42,52,55,0.6,0.4329896907216495,120
2023-03-03,1056,108,79,96,43,29,53,0.7314814814814815,0.4479166666666667,122
2023-03-04,1056,139,86,50,34,53,16,0.6187050359712231,0.68,120
2023-03-05,1056,127,74,85,38,53,47,0.5826771653543307,0.4470588235294118,112
2023-03-06,1056,100,97,82,35,3,47,0.97,0.4268292682926829,132
2023-03-07,1056,131,80,86,40,51,46,0.6106870229007634,0.46511627906976744,120
2023-03-08,1056,135,70,87,50,65,37,0.5185185185185185,0.5747126436781609,120
2023-03-09,1056,126,75,69,34,51,35,0.5952380952380952,0.4927536231884058,109
2023-03-10,1056,103,89,68,38,14,30,0.8640776699029126,0.5588235294117647,127
2023-03-11,1056,107,81,96,48,26,48,0.7570093457943925,0.5,129
2023-03-12,1056,139,77,63,37,62,26,0.5539568345323741,0.5873015873015873,114
2023-03-13,1056,102,71,90,50,31,40,0.696078431372549,0.5555555555555556,121
2023-03-14,1056,122,94,90,39,28,51,0.7704918032786885,0.43333333333333335,133
2023-03-15,1056,133,96,64,50,37,14,0.7218045112781954,0.78125,146
2023-03-16,1056,140,93,51,43,47,8,0.6642857142857143,0.8431372549019608,136
2023-03-17,1056,116,78,52,39,38,13,0.6724137931034483,0.75,117
2023-03-18,1056,140,88,51,49,52,2,0.6285714285714286,0.9607843137254902,137
2023-03-19,1056,129,93,71,57,36,14,0.7209302325581395,0.8028169014084507,150
2023-03-20,1056,130,82,81,42,48,39,0.6307692307692307,0.5185185185185185,124
2023-03-21,1056,123,86,69,41,37,28,0.6991869918699187,0.5942028985507246,127
2023-03-22,1056,116,93,92,37,23,55,0.8017241379310345,0.40217391304347827,130
2023-03-23,1056,133,65,57,45,68,12,0.48872180451127817,0.7894736842105263,110
2023-03-24,1056,141,95,73,46,46,27,0.6737588652482269,0.6301369863013698,141
2023-03-25,1056,148,96,53,28,52,25,0.6486486486486487,0.5283018867924528,124
2023-03-26,1056,145,87,52,51,58,1,0.6,0.9807692307692307,138
2023-03-27,1056,103,78,70,38,25,32,0.7572815533980582,0.5428571428571428,116
2023-03-28,1056,133,77,54,40,56,14,0.5789473684210527,0.7407407407407407,117
2023-03-29,1056,109,74,50,44,35,6,0.6788990825688074,0.88,118
2023-03-30,1056,102,77,84,60,25,24,0.7549019607843137,0.7142857142857143,137
2023-03-31,1056,112,77,99,38,35,61,0.6875,0.3838383838383838,115
2023-04-01,1056,148,73,75,33,75,42,0.49324324324324326,0.44,106
2023-04-02,1056,103,74,70,44,29,26,0.7184466019417476,0.6285714285714286,118
2023-04-03,1056,107,87,91,45,20,46,0.8130841121495327,0.4945054945054945,132
2023-04-04,1056,149,87,57,44,62,13,0.5838926174496645,0.7719298245614035,131
2023-04-05,1056,103,73,92,31,30,61,0.7087378640776699,0.33695652173913043,104
2023-04-06,1056,107,90,73,43,17,30,0.8411214953271028,0.589041095890411,133
2023-04-07,1056,118,81,53,51,37,2,0.6864406779661016,0.9622641509433962,132
2023-04-08,1056,135,79,81,40,56,41,0.5851851851851851,0.49382716049382713,119
2023-04-09,1056,134,81,58,33,53,25,0.6044776119402985,0.5689655172413793,114
2023-04-10,1056,147,81,89,37,66,52,0.5510204081632653,0.4157303370786517,118
2023-04-11,1056,144,87,93,43,57,50,0.6041666666666666,0.46236559139784944,130
2023-04-12,1056,122,76,58,35,46,23,0.6229508196721312,0.603448275862069,111
2023-04-13,1056,125,90,55,39,35,16,0.72,0.7090909090909091,129
2023-04-14,1056,120,90,78,41,30,37,0.75,0.5256410256410257,131
2023-04-15,1056,142,68,81,39,74,42,0.4788732394366197,0.48148148148148145,107
2023-04-16,1056,101,86,92,47,15,45,0.8514851485148515,0.5108695652173914,133
2023-04-17,1056,144,84,99,39,60,60,0.5833333333333334,0.3939393939393939,123
2023-04-18,1056,136,70,88,35,66,53,0.5147058823529411,0.3977272727272727,105
2023-04-19,1056,117,80,62,39,37,23,0.6837606837606838,0.6290322580645161,119
2023-04-20,1056,128,62,70,60,66,10,0.484375,0.8571428571428571,122
2023-04-21,1056,115,96,70,47,19,23,0.8347826086956521,0.6714285714285714,143
2023-04-22,1056,131,78,100,38,53,62,0.5954198473282443,0.38,116
2023-04-23,1056,128,78,67,37,50,30,0.609375,0.5522388059701493,115
2023-04-24,1056,138,83,67,49,55,18,0.6014492753623188,0.7313432835820896,132
2023-04-25,1056,100,69,70,37,31,33,0.69,0.5285714285714286,106
2023-04-26,1056,108,95,94,34,13,60,0.8796296296296297,0.3617021276595745,129
2023-04-27,1056,110,79,50,32,31,18,0.7181818181818181,0.64,111
2023-04-28,1056,139,91,57,43,48,14,0.6546762589928058,0.7543859649122807,134
2023-04-29,1056,126,90,57,43,36,14,0.7142857142857143,0.7543859649122807,133
2023-04-30,1056,120,74,92,30,46,62,0.6166666666666667,0.32608695652173914,104
2023-05-01,1056,146,81,89,37,65,52,0.5547945205479452,0.4157303370786517,118
2023-05-02,1056,145,92,59,37,53,22,0.6344827586206897,0.6271186440677966,129
2023-05-03,1056,148,75,96,38,73,58,0.5067567567567568,0.3958333333333333,113
2023-05-04,1056,120,79,71,29,41,42,0.6583333333333333,0.4084507042253521,108
2023-05-05,1056,121,80,79,40,41,39,0.6611570247933884,0.5063291139240507,120
2023-05-06,1056,148,68,63,32,80,31,0.4594594594594595,0.5079365079365079,100
2023-05-07,1056,102,79,92,35,23,57,0.7745098039215687,0.3804347826086957,114
2023-05-08,1056,115,83,85,44,32,41,0.7217391304347827,0.5176470588235295,127
2023-05-09,1056,104,79,78,31,25,47,0.7596153846153846,0.3974358974358974,110
2023-05-10,1056,150,80,89,39,70,50,0.5333333333333333,0.43820224719101125,119
2023-05-11,1056,134,78,56,33,56,23,0.582089552238806,0.5892857142857143,111
2023-05-12,1056,116,97,64,36,19,28,0.8362068965517241,0.5625,133
2023-05-13,1056,113,79,66,39,34,27,0.6991150442477876,0.5909090909090909,118
2023-05-14,1056,147,72,73,38,75,35,0.4897959183673469,0.5205479452054794,110
2023-05-15,1056,129,91,51,39,38,12,0.7054263565891473,0.7647058823529411,130
2023-05-16,1056,108,79,71,47,29,24,0.7314814814814815,0.6619718309859155,126
2023-05-17,1056,138,69,68,38,69,30,0.5,0.5588235294117647,107
2023-05-18,1056,136,78,97,44,58,53,0.5735294117647058,0.4536082474226804,122
2023-05-19,1056,120,82,73,46,38,27,0.6833333333333333,0.6301369863013698,128
2023-05-20,1056,121,80,100,40,41,60,0.6611570247933884,0.4,120
2023-05-21,1056,111,76,91,35,35,56,0.6846846846846847,0.38461538461538464,111
2023-05-22,1056,125,75,63,36,50,27,0.6,0.5714285714285714,111
2023-05-23,1056,145,97,57,51,48,6,0.6689655172413793,0.8947368421052632,148
2023-05-24,1056,145,93,84,36,52,48,0.6413793103448275,0.42857142857142855,129
2023-05-25,1056,123,78,59,37,45,22,0.6341463414634146,0.6271186440677966,115
2023-05-26,1056,110,80,92,37,30,55,0.7272727272727273,0.40217391304347827,117
2023-05-27,1056,145,102,57,29,43,28,0.7034482758620689,0.5087719298245614,131
2023-05-28,1056,134,75,72,55,59,17,0.5597014925373134,0.7638888888888888,130
2023-05-29,1056,132,88,59,49,44,10,0.6666666666666666,0.8305084745762712,137
2023-05-30,1056,118,84,78,52,34,26,0.711864406779661,0.6666666666666666,136
2023-05-31,1056,101,87,63,32,14,31,0.8613861386138614,0.5079365079365079,119
2023-06-01,1056,109,85,99,35,24,64,0.7798165137614679,0.35353535353535354,120
2023-06-02,1056,122,64,79,43,58,36,0.5245901639344263,0.5443037974683544,107
2023-06-03,1056,109,89,77,49,20,28,0.8165137614678899,0.6363636363636364,138
2023-06-04,1056,117,70,51,41,47,10,0.5982905982905983,0.803921568627451,111
2023-06-05,1056,121,83,94,44,38,50,0.6859504132231405,0.46808510638297873,127
2023-06-06,1056,124,82,60,40,42,20,0.6612903225806451,0.6666666666666666,122
2023-06-07,1056,107,79,51,46,28,5,0.7383177570093458,0.9019607843137255,125
2023-06-08,1056,118,80,65,37,38,28,0.6779661016949152,0.5692307692307692,117
2023-06-09,1056,150,64,63,39,86,24,0.4266666666666667,0.6190476190476191,103
2023-06-10,1056,121,96,84,38,25,46,0.7933884297520661,0.4523809523809524,134
2023-06-11,1056,101,62,76,38,39,38,0.6138613861386139,0.5,100
2023-06-12,1056,142,75,92,31,67,61,0.528169014084507,0.33695652173913043,106
2023-06-13,1056,114,75,91,38,39,53,0.6578947368421053,0.4175824175824176,113
2023-06-14,1056,133,81,94,46,52,48,0.6090225563909775,0.48936170212765956,127
2023-06-15,1056,150,72,97,36,78,61,0.48,0.3711340206185567,108
2023-06-16,1056,137,78,53,38,59,15,0.5693430656934306,0.71698113207547165,116
2023-06-17,1056,122,91,63,41,31,22,0.7459016393442623,0.6507936507936508,132
2023-06-18,1056,131,82,70,61,49,9,0.6259541984732825,0.8714285714285714,143
2023-06-19,1056,132,80,67,50,52,17,0.6060606060606061,0.746268656716418,130
2023-06-20,1056,121,87,86,36,34,50,0.71900826446281,0.4186046511627907,123
2023-06-21,1056,112,86,83,35,26,48,0.7678571428571429,0.42168674698795183,121
2023-06-22,1056,126,72,98,38,54,60,0.5714285714285714,0.3877551020408163,110
2023-06-23,1056,109,92,93,49,17,44,0.8440366972477065,0.5268817204301075,141
2023-06-24,1056,112,83,94,40,29,54,0.7410714285714286,0.425531914893617,123
2023-06-25,1056,132,90,84,49,42,35,0.6818181818181818,0.5833333333333334,139
2023-06-26,1056,109,66,91,58,43,33,0.6055045871559633,0.6373626373626373,124
2023-06-27,1056,149,80,69,39,69,30,0.5369127516778524,0.5652173913043478,119
2023-06-28,1056,150,102,93,37,48,56,0.68,0.3978494623655914,139
2023-06-29,1056,104,78,88,47,26,41,0.75,0.5340909090909091,125
2023-06-30,1056,115,71,59,45,44,14,0.6173913043478261,0.7627118644067796,116
2023-07-01,1056,149,80,89,35,69,54,0.5369127516778524,0.39325842696629215,115
2023-07-02,1056,149,73,61,42,76,19,0.4899328859060403,0.6885245901639344,115
2023-07-03,1056,127,90,55,36,37,19,0.7086614173228346,0.6545454545454545,126
2023-07-04,1056,116,62,100,32,54,68,0.5344827586206896,0.32,94
2023-07-05,1056,123,80,79,44,43,35,0.6504065040650406,0.5569620253164557,124
2023-07-06,1056,103,69,54,38,34,16,0.6699029126213593,0.7037037037037037,107
2023-07-07,1056,106,75,82,49,31,33,0.7075471698113207,0.5975609756097561,124
2023-07-08,1056,144,90,59,37,54,22,0.625,0.6271186440677966,127
2023-07-09,1056,106,74,76,42,32,34,0.6981132075471698,0.5526315789473685,116
2023-07-10,1056,130,67,86,31,63,55,0.5153846153846153,0.36046511627906974,98
2023-07-11,1056,106,77,66,31,29,35,0.7264150943396226,0.4696969696969697,108
2023-07-12,1056,127,72,80,50,55,30,0.5669291338582677,0.625,122
2023-07-13,1056,130,88,70,37,42,33,0.676923076923077,0.5285714285714286,125
2023-07-14,1056,114,89,61,50,25,11,0.7807017543859649,0.819672131147541,139
2023-07-15,1056,129,76,66,41,53,25,0.5891472868217055,0.6212121212121212,117
2023-07-16,1056,110,93,88,46,17,42,0.8454545454545455,0.5227272727272727,139
2023-07-17,1056,130,95,90,32,35,58,0.7307692307692307,0.35555555555555557,127
2023-07-18,1056,137,85,90,39,52,51,0.6204379562043796,0.43333333333333335,124
2023-07-19,1056,108,89,50,37,19,13,0.8240740740740741,0.74,126
2023-07-20,1056,118,72,93,35,46,58,0.6101694915254238,0.3763440860215054,107
2023-07-21,1056,104,71,71,43,33,28,0.6826923076923077,0.6056338028169014,114
2023-07-22,1056,135,82,97,41,53,56,0.6074074074074074,0.422680412371134,123
2023-07-23,1056,139,87,82,35,52,47,0.6258992805755396,0.4268292682926829,122
2023-07-24,1056,132,82,90,36,50,54,0.6212121212121212,0.4,118
2023-07-25,1056,128,85,58,32,43,26,0.6640625,0.5517241379310345,117
2023-07-26,1056,129,69,70,33,60,37,0.5348837209302325,0.4714285714285714,102
2023-07-27,1056,141,79,62,51,62,11,0.5602836879432624,0.8225806451612904,130
2023-07-28,1056,140,64,53,39,76,14,0.45714285714285713,0.7358490566037735,103
2023-07-29,1056,127,77,97,44,50,53,0.6062992125984252,0.4536082474226804,121
2023-07-30,1056,109,70,76,34,39,42,0.6422018348623854,0.4473684210526316,104
2023-07-31,1056,118,89,53,36,29,17,0.7542372881355932,0.6792452830188679,125
2023-08-01,1056,100,83,78,45,17,33,0.83,0.5769230769230769,128
2023-08-02,1056,117,79,83,41,38,42,0.6752136752136753,0.4939759036144578,120
2023-08-03,1056,101,97,100,33,4,67,0.9603960396039604,0.33,130
2023-08-04,1056,102,80,66,27,22,39,0.7843137254901961,0.4090909090909091,107
2023-08-05,1056,146,104,70,43,42,27,0.7123287671232876,0.6142857142857143,147
2023-08-06,1056,113,77,83,46,36,37,0.6814159292035398,0.5542168674698795,123
2023-08-07,1056,113,80,99,34,33,65,0.7079646017699115,0.3434343434343434,114
2023-08-08,1056,134,101,93,38,33,55,0.753731343283582,0.40860215053763443,139
2023-08-09,1056,130,77,98,35,53,63,0.5923076923076923,0.35714285714285715,112
2023-08-10,1056,129,78,78,32,51,46,0.6046511627906976,0.41025641025641024,110
2023-08-11,1056,133,83,71,42,50,29,0.6240601503759399,0.5915492957746479,125
2023-08-12,1056,149,73,57,57,76,0,0.4899328859060403,1,130
2023-08-13,1056,100,79,50,50,21,0,0.79,1,129
2023-08-14,1056,143,86,84,47,57,37,0.6013986013986014,0.5595238095238095,133
2023-08-15,1056,137,65,67,31,72,36,0.4744525547445255,0.4626865671641791,96
2023-08-16,1056,121,74,93,32,47,61,0.6115702479338843,0.34408602150537637,106
2023-08-17,1056,106,94,81,28,12,53,0.8867924528301887,0.345679012345679,122
2023-08-18,1056,129,84,76,47,45,29,0.6511627906976745,0.618421052631579,131
2023-08-19,1056,128,82,76,48,46,28,0.640625,0.631578947368421,130
2023-08-20,1056,111,82,73,47,29,26,0.7387387387387387,0.6438356164383562,129
2023-08-21,1056,144,85,50,39,59,11,0.5902777777777778,0.78,124
2023-08-22,1056,109,85,53,45,24,8,0.7798165137614679,0.8490566037735849,130
2023-08-23,1056,117,77,71,53,40,18,0.6581196581196581,0.7464788732394366,130
2023-08-24,1056,117,70,75,38,47,37,0.5982905982905983,0.5066666666666667,108
2023-08-25,1056,105,72,57,49,33,8,0.6857142857142857,0.8596491228070176,121
2023-08-26,1056,112,88,74,39,24,35,0.7857142857142857,0.527027027027027,127
2023-08-27,1056,127,74,89,39,53,50,0.5826771653543307,0.43820224719101125,113
2023-08-28,1056,113,84,90,46,29,44,0.7433628318584071,0.5111111111111111,130
2023-08-29,1056,123,92,99,26,31,73,0.7479674796747967,0.26262626262626265,118
2023-08-30,1056,133,80,97,49,53,48,0.6015037593984962,0.5051546391752577,129
2023-08-31,1056,145,86,65,47,59,18,0.593103448275862,0.7230769230769231,133
2023-09-01,1056,146,72,57,39,74,18,0.4931506849315068,0.6842105263157895,111
2023-09-02,1056,108,83,76,45,25,31,0.7685185185185185,0.5921052631578947,128
2023-09-03,1056,127,91,82,43,36,39,0.7165354330708661,0.524390243902439,134
2023-09-04,1056,109,96,55,41,13,14,0.8807339449541285,0.7454545454545455,137
2023-09-05,1056,134,66,56,32,68,24,0.4925373134328358,0.5714285714285714,98
2023-09-06,1056,149,76,51,37,73,14,0.5100671140939598,0.7254901960784313,113
2023-09-07,1056,116,78,74,37,38,37,0.6724137931034483,0.5,115
2023-09-08,1056,138,73,85,38,65,47,0.5289855072463768,0.4470588235294118,111
2023-09-09,1056,131,88,89,35,43,54,0.6717557251908397,0.39325842696629215,123
2023-09-10,1056,135,78,69,54,57,15,0.5777777777777777,0.782608695652174,132
2023-09-11,1056,110,65,89,40,45,49,0.5909090909090909,0.449438202247191,105
2023-09-12,1056,121,80,75,47,41,28,0.6611570247933884,0.6266666666666667,127
2023-09-13,1056,103,79,65,38,24,27,0.7669902912621359,0.5846153846153846,117
2023-09-14,1056,115,78,98,47,37,51,0.6782608695652174,0.47959183673469385,125
2023-09-15,1056,127,84,55,45,43,10,0.6614173228346457,0.8181818181818182,129
2023-09-16,1056,108,79,57,34,29,23,0.7314814814814815,0.5964912280701754,113
2023-09-17,1056,107,91,65,49,16,16,0.8504672897196262,0.7538461538461538,140
2023-09-18,1056,148,70,58,46,78,12,0.47297297297297297,0.7931034482758621,116
2023-09-19,1056,143,79,84,38,64,46,0.5524475524475524,0.4523809523809524,117
2023-09-20,1056,117,81,52,49,36,3,0.6923076923076923,0.9423076923076923,130
2023-09-21,1056,105,78,65,37,27,28,0.7428571428571429,0.5692307692307692,115
2023-09-22,1056,112,79,94,47,33,47,0.7053571428571429,0.5,126
2023-09-23,1056,107,61,70,54,46,16,0.5700934579439252,0.7714285714285715,115
2023-09-24,1056,143,78,73,41,65,32,0.5454545454545454,0.5616438356164384,119
2023-09-25,1056,136,78,88,28,58,60,0.5735294117647058,0.3181818181818182,106
2023-09-26,1056,130,79,55,40,51,15,0.6076923076923076,0.7272727272727273,119
2023-09-27,1056,100,81,60,41,19,19,0.81,0.6833333333333333,122
2023-09-28,1056,100,84,75,39,16,36,0.84,0.52,123
2023-09-29,1056,127,77,80,31,50,49,0.6062992125984252,0.3875,108
2023-09-30,1056,111,87,61,40,24,21,0.7837837837837838,0.6557377049180327,127
2023-10-01,1056,140,84,87,55,56,32,0.6,0.632183908045977,139
2023-10-02,1056,133,79,63,46,54,17,0.5939849624060151,0.7301587301587301,125
2023-10-03,1056,133,76,53,40,57,13,0.5714285714285714,0.7547169811320755,116
2023-10-04,1056,141,60,74,53,81,21,0.425531914893617,0.7162162162162162,113
2023-10-05,1056,139,86,82,26,53,56,0.6187050359712231,0.3170731707317073,112
2023-10-06,1056,131,70,63,41,61,22,0.5343511450381679,0.6507936507936508,111
2023-10-07,1056,107,79,62,34,28,28,0.7383177570093458,0.5483870967741935,113
2023-10-08,1056,116,75,75,48,41,27,0.646551724137931,0.64,123
2023-10-09,1056,140,83,77,45,57,32,0.5928571428571429,0.5844155844155844,128
2023-10-10,1056,115,81,62,53,34,9,0.7043478260869566,0.8548387096774194,134
2023-10-11,1056,100,70,96,50,30,46,0.7,0.5208333333333334,120
2023-10-12,1056,100,79,57,29,21,28,0.79,0.5087719298245614,108
2023-10-13,1056,136,83,95,32,53,63,0.6102941176470589,0.3368421052631579,115
2023-10-14,1056,118,65,89,54,53,35,0.5508474576271186,0.6067415730337079,119
2023-10-15,1056,101,75,85,31,26,54,0.7425742574257426,0.36470588235294116,106
2023-10-16,1056,148,83,98,35,65,63,0.5608108108108109,0.35714285714285715,118
2023-10-17,1056,130,88,77,39,42,38,0.676923076923077,0.5064935064935064,127
2023-10-18,1056,132,93,55,36,39,19,0.7045454545454546,0.6545454545454545,129
2023-10-19,1056,125,80,87,34,45,53,0.64,0.39080459770114945,114
2023-10-20,1056,130,82,90,42,48,48,0.6307692307692307,0.4666666666666667,124
2023-10-21,1056,111,81,77,55,30,22,0.7297297297297297,0.7142857142857143,136
2023-10-22,1056,111,88,81,46,23,35,0.7927927927927928,0.5679012345679012,134
2023-10-23,1056,140,67,81,38,73,43,0.4785714285714286,0.4691358024691358,105
2023-10-24,1056,138,82,83,47,56,36,0.5942028985507246,0.5662650602409639,129
2023-10-25,1056,124,89,65,47,35,18,0.717741935483871,0.7230769230769231,136
2023-10-26,1056,141,89,53,38,52,15,0.6312056737588653,0.71698113207547165,127
2023-10-27,1056,128,76,77,48,52,29,0.59375,0.6233766233766234,124
2023-10-28,1056,148,85,82,48,63,34,0.5743243243243243,0.5853658536585366,133
2023-10-29,1056,144,84,81,43,60,38,0.5833333333333334,0.5308641975308642,127
2023-10-30,1056,123,81,88,46,42,42,0.6585365853658537,0.5227272727272727,127
2023-10-31,1056,103,81,65,28,22,37,0.7864077669902912,0.4307692307692308,109
2023-11-01,1056,125,65,90,31,60,59,0.52,0.34444444444444444,96
2023-11-02,1056,143,66,65,44,77,21,0.46153846153846156,0.676923076923077,110
2023-11-03,1056,120,91,75,47,29,28,0.7583333333333333,0.6266666666666667,138
2023-11-04,1056,138,71,85,52,67,33,0.5144927536231884,0.611764705882353,123
2023-11-05,1056,130,78,74,44,52,30,0.6,0.5945945945945946,122
2023-11-06,1056,106,80,54,33,26,21,0.7547169811320755,0.6111111111111112,113
2023-11-07,1056,117,77,94,43,40,51,0.6581196581196581,0.4574468085106383,120
2023-11-08,1056,110,80,61,44,30,17,0.7272727272727273,0.7213114754098361,124
2023-11-09,1056,124,68,76,32,56,44,0.5483870967741935,0.42105263157894735,100
2023-11-10,1056,147,81,54,42,66,12,0.5510204081632653,0.7777777777777778,123
2023-11-11,1056,109,77,56,36,32,20,0.7064220183486238,0.6428571428571429,113
2023-11-12,1056,147,80,73,46,67,27,0.54421768707483,0.6301369863013698,126
2023-11-13,1056,137,88,95,48,49,47,0.6423357664233577,0.5052631578947369,136
2023-11-14,1056,143,78,73,40,65,33,0.5454545454545454,0.547945205479452,118
2023-11-15,1056,137,75,99,45,62,54,0.5474452554744526,0.45454545454545453,120
2023-11-16,1056,134,90,68,40,44,28,0.6716417910447762,0.5882352941176471,130
2023-11-17,1056,123,76,52,32,47,20,0.6178861788617886,0.6153846153846154,108
2023-11-18,1056,145,64,73,32,81,41,0.4413793103448276,0.4383561643835616,96
2023-11-19,1056,129,91,87,36,38,51,0.7054263565891473,0.41379310344827586,127
2023-11-20,1056,107,86,93,44,21,49,0.8037383177570093,0.4731182795698925,130
2023-11-21,1056,136,72,76,47,64,29,0.5294117647058824,0.618421052631579,119
2023-11-22,1056,144,77,92,40,67,52,0.5347222222222222,0.43478260869565216,117
2023-11-23,1056,103,75,78,52,28,26,0.7281553398058253,0.6666666666666666,127
2023-11-24,1056,113,76,66,46,37,20,0.672566371681416,0.696969696969697,122
2023-11-25,1056,134,73,92,51,61,41,0.5447761194029851,0.5543478260869565,124
2023-11-26,1056,128,83,64,39,45,25,0.6484375,0.609375,122
2023-11-27,1056,138,92,80,34,46,46,0.6666666666666666,0.425,126
2023-11-28,1056,135,81,75,31,54,44,0.6,0.41333333333333333,112
2023-11-29,1056,134,90,68,52,44,16,0.6716417910447762,0.7647058823529411,142
2023-11-30,1056,104,67,67,41,37,26,0.6442307692307693,0.6119402985074627,108
2023-12-01,1056,138,94,94,55,44,39,0.6811594202898551,0.5851063829787234,149
2023-12-02,1056,121,53,87,40,68,47,0.4380165289256198,0.45977011494252873,93
2023-12-03,1056,148,84,74,38,64,36,0.5675675675675675,0.5135135135135135,122
2023-12-04,1056,114,66,71,47,48,24,0.5789473684210527,0.6619718309859155,113
2023-12-05,1056,127,88,76,45,39,31,0.6929133858267716,0.5921052631578947,133
2023-12-06,1056,134,67,60,40,67,20,0.5,0.6666666666666666,107
2023-12-07,1056,128,73,96,44,55,52,0.5703125,0.4583333333333333,117
2023-12-08,1056,146,63,56,48,83,8,0.4315068493150685,0.8571428571428571,111
2023-12-09,1056,140,70,59,48,70,11,0.5,0.8135593220338984,118
2023-12-10,1056,102,81,76,40,21,36,0.7941176470588235,0.5263157894736842,121
2023-12-11,1056,122,78,59,39,44,20,0.639344262295082,0.6610169491525424,117
2023-12-12,1056,114,88,99,36,26,63,0.7719298245614035,0.36363636363636365,124
2023-12-13,1056,132,71,74,41,61,33,0.5378787878787878,0.5540540540540541,112
2023-12-14,1056,112,62,58,45,50,13,0.5535714285714286,0.7758620689655172,107
2023-12-15,1056,103,101,61,26,2,35,0.9805825242718447,0.4262295081967213,127
2023-12-16,1056,115,79,60,46,36,14,0.6869565217391305,0.7666666666666667,125
2023-12-17,1056,131,90,69,41,41,28,0.6870229007633588,0.5942028985507246,131
2023-12-18,1056,103,73,70,52,30,18,0.7087378640776699,0.7428571428571429,125
2023-12-19,1056,134,71,61,37,63,24,0.5298507462686567,0.6065573770491803,108
2023-12-20,1056,148,87,71,38,61,33,0.5878378378378378,0.5352112676056338,125
2023-12-21,1056,120,55,72,41,65,31,0.4583333333333333,0.5694444444444444,96
2023-12-22,1056,137,88,67,42,49,25,0.6423357664233577,0.6268656716417911,130
2023-12-23,1056,111,78,63,41,33,22,0.7027027027027027,0.6507936507936508,119
2023-12-24,1056,130,78,70,44,52,26,0.6,0.6285714285714286,122
2023-12-25,1056,146,84,68,44,62,24,0.5753424657534246,0.6470588235294118,128
2023-12-26,1056,107,79,77,40,28,37,0.7383177570093458,0.5194805194805194,119
2023-12-27,1056,111,69,97,47,42,50,0.6216216216216216,0.4845360824742268,116
2023-12-28,1056,111,77,61,49,34,12,0.6936936936936937,0.8032786885245902,126
2023-12-29,1056,115,81,51,36,34,15,0.7043478260869566,0.7058823529411765,117
2023-12-30,1056,131,77,66,48,54,18,0.5877862595419847,0.7272727272727273,125
2023-12-31,1056,121,83,99,38,38,61,0.6859504132231405,0.3838383838383838,121
2023-01-01,1057,136,79,53,51,57,2,0.5808823529411765,0.9622641509433962,130
2023-01-02,1057,113,73,100,48,40,52,0.6460176991150443,0.48,121
2023-01-03,1057,146,80,92,41,66,51,0.547945205479452,0.44565217391304346,121
2023-01-04,1057,142,82,91,30,60,61,0.5774647887323944,0.32967032967032966,112
2023-01-05,1057,121,88,98,47,33,51,0.7272727272727273,0.47959183673469385,135
2023-01-06,1057,125,76,100,41,49,59,0.608,0.41,117
2023-01-07,1057,104,79,91,26,25,65,0.7596153846153846,0.2857142857142857,105
2023-01-08,1057,131,88,73,40,43,33,0.6717557251908397,0.547945205479452,128
2023-01-09,1057,103,66,66,48,37,18,0.6407766990291263,0.7272727272727273,114
2023-01-10,1057,112,86,67,40,26,27,0.7678571428571429,0.5970149253731343,126
2023-01-11,1057,127,76,75,37,51,38,0.5984251968503937,0.49333333333333335,113
2023-01-12,1057,111,70,96,37,41,59,0.6306306306306306,0.3854166666666667,107
2023-01-13,1057,118,72,89,43,46,46,0.6101694915254238,0.48314606741573035,115
2023-01-14,1057,143,75,78,40,68,38,0.5244755244755245,0.5128205128205128,115
2023-01-15,1057,105,84,67,33,21,34,0.8,0.4925373134328358,117
2023-01-16,1057,133,68,80,35,65,45,0.5112781954887218,0.4375,103
2023-01-17,1057,135,77,62,29,58,33,0.5703703703703704,0.46774193548387094,106
2023-01-18,1057,149,77,98,32,72,66,0.5167785234899329,0.32653061224489793,109
2023-01-19,1057,116,80,69,39,36,30,0.6896551724137931,0.5652173913043478,119
2023-01-20,1057,127,66,66,35,61,31,0.5196850393700787,0.5303030303030303,101
2023-01-21,1057,133,82,84,38,51,46,0.6165413533834586,0.4523809523809524,120
2023-01-22,1057,124,86,62,43,38,19,0.6935483870967742,0.6935483870967742,129
2023-01-23,1057,150,82,100,32,68,68,0.5466666666666666,0.32,114
2023-01-24,1057,115,71,71,37,44,34,0.6173913043478261,0.5211267605633803,108
2023-01-25,1057,111,81,78,43,30,35,0.7297297297297297,0.5512820512820513,124
2023-01-26,1057,131,75,62,46,56,16,0.5725190839694656,0.7419354838709677,121
2023-01-27,1057,139,81,69,26,58,43,0.5827338129496403,0.37681159420289856,107
2023-01-28,1057,124,93,58,46,31,12,0.75,0.7931034482758621,139
2023-01-29,1057,144,80,83,40,64,43,0.5555555555555556,0.4819277108433735,120
2023-01-30,1057,108,93,78,34,15,44,0.8611111111111112,0.4358974358974359,127
2023-01-31,1057,117,83,83,40,34,43,0.7094017094017094,0.4819277108433735,123
2023-02-01,1057,126,77,62,36,49,26,0.6111111111111112,0.5806451612903226,113
2023-02-02,1057,134,75,97,45,59,52,0.5597014925373134,0.4639175257731959,120
2023-02-03,1057,150,93,94,45,57,49,0.62,0.4787234042553192,138
2023-02-04,1057,144,71,86,35,73,51,0.4930555555555556,0.4069767441860465,106
2023-02-05,1057,117,76,64,38,41,26,0.6495726495726496,0.59375,114
2023-02-06,1057,111,71,84,27,40,57,0.6396396396396397,0.32142857142857145,98
2023-02-07,1057,130,63,67,33,67,34,0.4846153846153846,0.4925373134328358,96
2023-02-08,1057,112,87,70,51,25,19,0.7767857142857143,0.7285714285714285,138
2023-02-09,1057,113,79,52,50,34,2,0.6991150442477876,0.9615384615384616,129
2023-02-10,1057,143,72,77,44,71,33,0.5034965034965035,0.5714285714285714,116
2023-02-11,1057,112,77,96,40,35,56,0.6875,0.4166666666666667,117
2023-02-12,1057,123,71,70,40,52,30,0.5772357723577236,0.5714285714285714,111
2023-02-13,1057,113,75,94,35,38,59,0.6637168141592921,0.3723404255319149,110
2023-02-14,1057,108,69,93,40,39,53,0.6388888888888888,0.43010752688172044,109
2023-02-15,1057,137,81,70,47,56,23,0.5912408759124088,0.6714285714285714,128
2023-02-16,1057,111,76,85,54,35,31,0.6846846846846847,0.6352941176470588,130
2023-02-17,1057,129,68,60,45,61,15,0.5271317829457365,0.75,113
2023-02-18,1057,134,71,58,43,63,15,0.5298507462686567,0.7413793103448276,114
2023-02-19,1057,132,72,58,48,60,10,0.5454545454545454,0.8275862068965517,120
2023-02-20,1057,106,77,70,57,29,13,0.7264150943396226,0.8142857142857143,134
2023-02-21,1057,114,91,88,34,23,54,0.7982456140350878,0.38636363636363635,125
2023-02-22,1057,139,88,83,33,51,50,0.6330935251798561,0.39759036144578314,121
2023-02-23,1057,125,64,54,40,61,14,0.512,0.7407407407407407,104
2023-02-24,1057,117,88,57,48,29,9,0.7521367521367521,0.8421052631578947,136
2023-02-25,1057,110,82,66,50,28,16,0.7454545454545455,0.7575757575757576,132
2023-02-26,1057,107,79,65,40,28,25,0.7383177570093458,0.6153846153846154,119
2023-02-27,1057,125,76,61,45,49,16,0.608,0.7377049180327869,121
2023-02-28,1057,134,80,75,38,54,37,0.5970149253731343,0.5066666666666667,118
2023-03-01,1057,138,91,93,49,47,44,0.6594202898550725,0.5268817204301075,140
2023-03-02,1057,122,80,63,44,42,19,0.6557377049180327,0.6984126984126984,124
2023-03-03,1057,113,77,98,45,36,53,0.6814159292035398,0.45918367346938777,122
2023-03-04,1057,138,94,67,52,44,15,0.6811594202898551,0.7761194029850746,146
2023-03-05,1057,147,87,81,29,60,52,0.5918367346938775,0.35802469135802467,116
2023-03-06,1057,113,81,100,50,32,50,0.7168141592920354,0.5,131
2023-03-07,1057,124,85,58,44,39,14,0.6854838709677419,0.7586206896551724,129
2023-03-08,1057,117,89,50,44,28,6,0.7606837606837606,0.88,133
2023-03-09,1057,105,82,89,40,23,49,0.780952380952381,0.449438202247191,122
2023-03-10,1057,138,81,98,39,57,59,0.5869565217391305,0.3979591836734694,120
2023-03-11,1057,139,79,55,46,60,9,0.5683453237410072,0.8363636363636363,125
2023-03-12,1057,104,93,56,35,11,21,0.8942307692307693,0.625,128
2023-03-13,1057,141,74,86,49,67,37,0.524822695035461,0.5697674418604651,123
2023-03-14,1057,103,71,76,48,32,28,0.6893203883495146,0.631578947368421,119
2023-03-15,1057,108,81,76,37,27,39,0.75,0.4868421052631579,118
2023-03-16,1057,111,74,88,35,37,53,0.6666666666666666,0.3977272727272727,109
2023-03-17,1057,147,76,56,38,71,18,0.5170068027210885,0.6785714285714286,114
2023-03-18,1057,107,89,78,42,18,36,0.8317757009345794,0.5384615384615384,131
2023-03-19,1057,137,87,70,36,50,34,0.635036496350365,0.5142857142857142,123
2023-03-20,1057,116,83,55,39,33,16,0.7155172413793104,0.7090909090909091,122
2023-03-21,1057,114,74,75,32,40,43,0.6491228070175439,0.4266666666666667,106
2023-03-22,1057,114,83,52,45,31,7,0.7280701754385965,0.8653846153846154,128
2023-03-23,1057,150,85,62,43,65,19,0.5666666666666667,0.6935483870967742,128
2023-03-24,1057,137,73,85,40,64,45,0.5328467153284672,0.47058823529411764,113
2023-03-25,1057,107,89,81,36,18,45,0.8317757009345794,0.4444444444444444,125
2023-03-26,1057,134,86,88,35,48,53,0.6417910447761194,0.3977272727272727,121
2023-03-27,1057,141,97,60,42,44,18,0.6879432624113475,0.7,139
2023-03-28,1057,123,86,76,34,37,42,0.6991869918699187,0.4473684210526316,120
2023-03-29,1057,110,77,59,32,33,27,0.7,0.5423728813559322,109
2023-03-30,1057,145,74,66,41,71,25,0.5103448275862069,0.6212121212121212,115
2023-03-31,1057,128,77,56,32,51,24,0.6015625,0.5714285714285714,109
2023-04-01,1057,122,82,90,43,40,47,0.6721311475409836,0.4777777777777778,125
2023-04-02,1057,131,64,52,50,67,2,0.48854961832061067,0.9615384615384616,114
2023-04-03,1057,109,100,69,51,9,18,0.9174311926605505,0.7391304347826086,151
2023-04-04,1057,148,100,81,36,48,45,0.6756756756756757,0.4444444444444444,136
2023-04-05,1057,112,92,78,33,20,45,0.8214285714285714,0.4230769230769231,125
2023-04-06,1057,106,88,51,45,18,6,0.8301886792452831,0.8823529411764706,133
2023-04-07,1057,148,65,63,38,83,25,0.4391891891891892,0.6031746031746031,103
2023-04-08,1057,148,78,57,31,70,26,0.527027027027027,0.543859649122807,109
2023-04-09,1057,113,72,86,32,41,54,0.6371681415929203,0.37209302325581395,104
2023-04-10,1057,149,78,87,31,71,56,0.5234899328859061,0.3563218390804598,109
2023-04-11,1057,103,86,74,45,17,29,0.8349514563106796,0.6081081081081081,131
2023-04-12,1057,126,83,73,40,43,33,0.6587301587301587,0.547945205479452,123
2023-04-13,1057,121,80,52,40,41,12,0.6611570247933884,0.7692307692307693,120
2023-04-14,1057,137,90,73,38,47,35,0.656934306569343,0.5205479452054794,128
2023-04-15,1057,131,102,68,35,29,33,0.7786259541984732,0.5147058823529411,137
2023-04-16,1057,103,86,58,39,17,19,0.8349514563106796,0.6724137931034483,125
2023-04-17,1057,106,76,71,29,30,42,0.71698113207547165,0.4084507042253521,105
2023-04-18,1057,122,80,84,42,42,42,0.6557377049180327,0.5,122
2023-04-19,1057,140,72,89,45,68,44,0.5142857142857142,0.5056179775280899,117
2023-04-20,1057,127,78,68,38,49,30,0.6141732283464567,0.5588235294117647,116
2023-04-21,1057,111,83,58,42,28,16,0.7477477477477478,0.7241379310344828,125
2023-04-22,1057,130,75,74,45,55,29,0.5769230769230769,0.6081081081081081,120
2023-04-23,1057,123,93,99,43,30,56,0.7560975609756098,0.43434343434343436,136
2023-04-24,1057,123,78,55,38,45,17,0.6341463414634146,0.6909090909090909,116
2023-04-25,1057,142,84,55,40,58,15,0.5915492957746479,0.7272727272727273,124
2023-04-26,1057,132,90,71,50,42,21,0.6818181818181818,0.704225352112676,140
2023-04-27,1057,133,76,97,47,57,50,0.5714285714285714,0.4845360824742268,123
2023-04-28,1057,121,76,96,49,45,47,0.628099173553719,0.5104166666666666,125
2023-04-29,1057,133,90,61,41,43,20,0.6766917293233082,0.6721311475409836,131
2023-04-30,1057,138,75,89,38,63,51,0.5434782608695652,0.42696629213483145,113
2023-05-01,1057,150,73,65,38,77,27,0.4866666666666667,0.5846153846153846,111
2023-05-02,1057,103,90,58,37,13,21,0.8737864077669902,0.6379310344827587,127
2023-05-03,1057,122,82,76,33,40,43,0.6721311475409836,0.4342105263157895,115
2023-05-04,1057,121,66,77,50,55,27,0.5454545454545454,0.6493506493506493,116
2023-05-05,1057,150,68,57,27,82,30,0.4533333333333333,0.47368421052631576,95
2023-05-06,1057,144,75,89,53,69,36,0.5208333333333334,0.5955056179775281,128
2023-05-07,1057,139,84,95,44,55,51,0.60431654676259,0.4631578947368421,128
2023-05-08,1057,108,79,59,41,29,18,0.7314814814814815,0.6949152542372882,120
2023-05-09,1057,103,68,74,28,35,46,0.6601941747572816,0.3783783783783784,96
2023-05-10,1057,112,82,91,37,30,54,0.7321428571428571,0.4065934065934066,119
2023-05-11,1057,113,94,79,38,19,41,0.831858407079646,0.4810126582278481,132
2023-05-12,1057,100,78,94,43,22,51,0.78,0.4574468085106383,121
2023-05-13,1057,147,85,85,34,62,51,0.5782312925170068,0.4,119
2023-05-14,1057,138,81,79,32,57,47,0.5869565217391305,0.4050632911392405,113
2023-05-15,1057,135,74,74,41,61,33,0.5481481481481482,0.5540540540540541,115
2023-05-16,1057,116,70,78,33,46,45,0.603448275862069,0.4230769230769231,103
2023-05-17,1057,123,63,87,38,60,49,0.5121951219512195,0.4367816091954023,101
2023-05-18,1057,133,75,59,36,58,23,0.5639097744360902,0.6101694915254238,111
2023-05-19,1057,113,76,83,32,37,51,0.672566371681416,0.3855421686746988,108
2023-05-20,1057,115,81,86,46,34,40,0.7043478260869566,0.5348837209302325,127
2023-05-21,1057,137,85,71,42,52,29,0.6204379562043796,0.5915492957746479,127
2023-05-22,1057,120,74,82,40,46,42,0.6166666666666667,0.4878048780487805,114
2023-05-23,1057,148,93,52,40,55,12,0.6283783783783784,0.7692307692307693,133
2023-05-24,1057,144,75,80,43,69,37,0.5208333333333334,0.5375,118
2023-05-25,1057,115,90,54,35,25,19,0.782608695652174,0.6481481481481481,125
2023-05-26,1057,142,66,90,29,76,61,0.4647887323943662,0.32222222222222224,95
2023-05-27,1057,142,77,96,31,65,65,0.5422535211267606,0.3229166666666667,108
2023-05-28,1057,147,77,80,44,70,36,0.5238095238095238,0.55,121
2023-05-29,1057,102,71,78,42,31,36,0.696078431372549,0.5384615384615384,113
2023-05-30,1057,111,89,82,43,22,39,0.8018018018018018,0.524390243902439,132
2023-05-31,1057,145,60,52,42,85,10,0.41379310344827586,0.8076923076923077,102
2023-06-01,1057,117,77,90,41,40,49,0.6581196581196581,0.45555555555555555,118
2023-06-02,1057,144,81,60,50,63,10,0.5625,0.8333333333333334,131
2023-06-03,1057,132,67,87,46,65,41,0.5075757575757576,0.5287356321839081,113
2023-06-04,1057,126,87,91,41,39,50,0.6904761904761905,0.45054945054945056,128
2023-06-05,1057,105,77,58,46,28,12,0.7333333333333333,0.7931034482758621,123
2023-06-06,1057,121,89,88,46,32,42,0.7355371900826446,0.5227272727272727,135
2023-06-07,1057,120,75,71,40,45,31,0.625,0.5633802816901409,115
2023-06-08,1057,104,70,76,36,34,40,0.6730769230769231,0.47368421052631576,106
2023-06-09,1057,143,86,74,47,57,27,0.6013986013986014,0.6351351351351351,133
2023-06-10,1057,128,95,56,56,33,0,0.7421875,1,151
2023-06-11,1057,109,83,63,41,26,22,0.7614678899082569,0.6507936507936508,124
2023-06-12,1057,148,75,65,44,73,21,0.5067567567567568,0.676923076923077,119
2023-06-13,1057,100,79,57,36,21,21,0.79,0.631578947368421,115
2023-06-14,1057,103,82,72,32,21,40,0.7961165048543689,0.4444444444444444,114
2023-06-15,1057,102,82,100,44,20,56,0.803921568627451,0.44,126
2023-06-16,1057,100,83,70,34,17,36,0.83,0.4857142857142857,117
2023-06-17,1057,111,65,92,39,46,53,0.5855855855855856,0.42391304347826086,104
2023-06-18,1057,124,72,94,39,52,55,0.5806451612903226,0.4148936170212766,111
2023-06-19,1057,126,87,96,30,39,66,0.6904761904761905,0.3125,117
2023-06-20,1057,118,76,93,37,42,56,0.6440677966101694,0.3978494623655914,113
2023-06-21,1057,116,77,90,42,39,48,0.6637931034482759,0.4666666666666667,119
2023-06-22,1057,121,67,73,29,54,44,0.5537190082644629,0.3972602739726027,96
2023-06-23,1057,122,97,92,43,25,49,0.7950819672131147,0.4673913043478261,140
2023-06-24,1057,118,95,87,42,23,45,0.8050847457627118,0.4827586206896552,137
2023-06-25,1057,135,97,54,39,38,15,0.7185185185185186,0.7222222222222222,136
2023-06-26,1057,108,78,62,34,30,28,0.7222222222222222,0.5483870967741935,112
2023-06-27,1057,136,82,63,51,54,12,0.6029411764705882,0.8095238095238095,133
2023-06-28,1057,116,78,82,39,38,43,0.6724137931034483,0.47560975609756095,117
2023-06-29,1057,147,83,59,33,64,26,0.564625850340136,0.559322033898305,116
2023-06-30,1057,140,88,79,45,52,34,0.6285714285714286,0.569620253164557,133
2023-07-01,1057,146,89,93,32,57,61,0.6095890410958904,0.34408602150537637,121
2023-07-02,1057,148,72,69,37,76,32,0.4864864864864865,0.5362318840579711,109
2023-07-03,1057,150,63,83,47,87,36,0.42,0.5662650602409639,110
2023-07-04,1057,147,82,59,46,65,13,0.5578231292517006,0.7796610169491526,128
2023-07-05,1057,133,75,82,32,58,50,0.5639097744360902,0.3902439024390244,107
2023-07-06,1057,117,90,56,40,27,16,0.7692307692307693,0.7142857142857143,130
2023-07-07,1057,106,64,90,33,42,57,0.6037735849056604,0.36666666666666664,97
2023-07-08,1057,136,80,52,30,56,22,0.5882352941176471,0.5769230769230769,110
2023-07-09,1057,146,94,98,35,52,63,0.6438356164383562,0.35714285714285715,129
2023-07-10,1057,102,81,94,37,21,57,0.7941176470588235,0.39361702127659576,118
2023-07-11,1057,113,74,69,43,39,26,0.6548672566371682,0.6231884057971014,117
2023-07-12,1057,120,82,85,39,38,46,0.6833333333333333,0.4588235294117647,121
2023-07-13,1057,133,73,65,36,60,29,0.5488721804511278,0.5538461538461539,109
2023-07-14,1057,135,66,80,38,69,42,0.4888888888888889,0.475,104
2023-07-15,1057,146,89,73,37,57,36,0.6095890410958904,0.5068493150684932,126
2023-07-16,1057,113,91,66,42,22,24,0.8053097345132744,0.6363636363636364,133
2023-07-17,1057,114,83,68,40,31,28,0.7280701754385965,0.5882352941176471,123
2023-07-18,1057,114,102,53,53,12,0,0.8947368421052632,1,155
2023-07-19,1057,145,75,81,44,70,37,0.5172413793103449,0.5432098765432098,119
2023-07-20,1057,144,80,75,30,64,45,0.5555555555555556,0.4,110
2023-07-21,1057,139,81,82,32,58,50,0.5827338129496403,0.3902439024390244,113
2023-07-22,1057,129,88,93,51,41,42,0.6821705426356589,0.5483870967741935,139
2023-07-23,1057,136,82,72,36,54,36,0.6029411764705882,0.5,118
2023-07-24,1057,100,83,89,42,17,47,0.83,0.47191011235955055,125
2023-07-25,1057,131,93,61,34,38,27,0.7099236641221374,0.5573770491803278,127
2023-07-26,1057,121,79,85,41,42,44,0.6528925619834711,0.4823529411764706,120
2023-07-27,1057,150,83,81,45,67,36,0.5533333333333333,0.5555555555555556,128
2023-07-28,1057,140,83,62,50,57,12,0.5928571428571429,0.8064516129032258,133
2023-07-29,1057,111,93,93,33,18,60,0.8378378378378378,0.3548387096774194,126
2023-07-30,1057,120,88,71,40,32,31,0.7333333333333333,0.5633802816901409,128
2023-07-31,1057,120,79,62,52,41,10,0.6583333333333333,0.8387096774193549,131
2023-08-01,1057,114,87,64,36,27,28,0.7631578947368421,0.5625,123
2023-08-02,1057,126,89,74,56,37,18,0.7063492063492064,0.7567567567567568,145
2023-08-03,1057,114,72,61,30,42,31,0.631578947368421,0.4918032786885246,102
2023-08-04,1057,137,85,56,29,52,27,0.6204379562043796,0.5178571428571429,114
2023-08-05,1057,107,95,94,46,12,48,0.8878504672897196,0.48936170212765956,141
2023-08-06,1057,134,77,93,45,57,48,0.5746268656716418,0.4838709677419355,122
2023-08-07,1057,110,88,81,43,22,38,0.8,0.5308641975308642,131
2023-08-08,1057,111,96,83,51,15,32,0.8648648648648649,0.6144578313253012,147
2023-08-09,1057,125,88,92,32,37,60,0.704,0.34782608695652173,120
2023-08-10,1057,125,80,69,40,45,29,0.64,0.5797101449275363,120
2023-08-11,1057,114,78,60,45,36,15,0.6842105263157895,0.75,123
2023-08-12,1057,150,85,91,38,65,53,0.5666666666666667,0.4175824175824176,123
2023-08-13,1057,121,90,79,44,31,35,0.743801652892562,0.5569620253164557,134
2023-08-14,1057,118,95,97,55,23,42,0.8050847457627118,0.5670103092783505,150
2023-08-15,1057,105,84,66,55,21,11,0.8,0.8333333333333334,139
2023-08-16,1057,124,77,52,42,47,10,0.6209677419354839,0.8076923076923077,119
2023-08-17,1057,144,72,62,35,72,27,0.5,0.5645161290322581,107
2023-08-18,1057,100,75,53,44,25,9,0.75,0.8301886792452831,119
2023-08-19,1057,108,73,74,41,35,33,0.6759259259259259,0.5540540540540541,114
2023-08-20,1057,102,67,72,35,35,37,0.6568627450980392,0.4861111111111111,102
2023-08-21,1057,117,67,50,29,50,21,0.5726495726495726,0.58,96
2023-08-22,1057,147,65,64,41,82,23,0.4421768707482993,0.640625,106
2023-08-23,1057,106,73,89,41,33,48,0.6886792452830188,0.4606741573033708,114
2023-08-24,1057,110,95,80,29,15,51,0.8636363636363636,0.3625,124
2023-08-25,1057,102,83,89,32,19,57,0.8137254901960784,0.3595505617977528,115
2023-08-26,1057,120,89,51,47,31,4,0.7416666666666667,0.9215686274509803,136
2023-08-27,1057,126,79,62,32,47,30,0.626984126984127,0.5161290322580645,111
2023-08-28,1057,120,66,88,44,54,44,0.55,0.5,110
2023-08-29,1057,125,84,96,39,41,57,0.672,0.40625,123
2023-08-30,1057,120,83,61,40,37,21,0.6916666666666667,0.6557377049180327,123
2023-08-31,1057,132,85,64,55,47,9,0.6439393939393939,0.859375,140
2023-09-01,1057,130,81,73,42,49,31,0.6230769230769231,0.5753424657534246,123
2023-09-02,1057,150,77,87,43,73,44,0.5133333333333333,0.4942528735632184,120
2023-09-03,1057,135,88,60,48,47,12,0.6518518518518519,0.8,136
2023-09-04,1057,111,76,55,45,35,10,0.6846846846846847,0.8181818181818182,121
2023-09-05,1057,120,72,81,42,48,39,0.6,0.5185185185185185,114
2023-09-06,1057,133,75,52,39,58,13,0.5639097744360902,0.75,114
2023-09-07,1057,101,99,82,35,2,47,0.9801980198019802,0.4268292682926829,134
2023-09-08,1057,129,88,70,40,41,30,0.6821705426356589,0.5714285714285714,128
2023-09-09,1057,138,84,97,33,54,64,0.6086956521739131,0.3402061855670103,117
2023-09-10,1057,107,96,53,42,11,11,0.897196261682243,0.7924528301886793,138
2023-09-11,1057,103,76,80,38,27,42,0.7378640776699029,0.475,114
2023-09-12,1057,111,87,88,41,24,47,0.7837837837837838,0.4659090909090909,128
2023-09-13,1057,132,73,56,39,59,17,0.553030303030303,0.6964285714285714,112
2023-09-14,1057,110,84,90,34,26,56,0.7636363636363637,0.37777777777777777,118
2023-09-15,1057,132,84,53,38,48,15,0.6363636363636364,0.71698113207547165,122
2023-09-16,1057,104,72,66,51,32,15,0.6923076923076923,0.7727272727272727,123
2023-09-17,1057,133,76,60,52,57,8,0.5714285714285714,0.8666666666666667,128
2023-09-18,1057,146,78,80,36,68,44,0.5342465753424658,0.45,114
2023-09-19,1057,133,84,54,36,49,18,0.631578947368421,0.6666666666666666,120
2023-09-20,1057,112,78,64,29,34,35,0.6964285714285714,0.453125,107
2023-09-21,1057,133,68,92,41,65,51,0.5112781954887218,0.44565217391304346,109
2023-09-22,1057,125,77,96,39,48,57,0.616,0.40625,116
2023-09-23,1057,105,71,91,42,34,49,0.6761904761904762,0.46153846153846156,113
2023-09-24,1057,130,93,70,54,37,16,0.7153846153846154,0.7714285714285715,147
2023-09-25,1057,112,85,62,45,27,17,0.7589285714285714,0.7258064516129032,130
2023-09-26,1057,107,86,74,39,21,35,0.8037383177570093,0.527027027027027,125
2023-09-27,1057,138,75,95,38,63,57,0.5434782608695652,0.4,113
2023-09-28,1057,149,83,54,43,66,11,0.5570469798657718,0.7962962962962963,126
2023-09-29,1057,104,78,92,38,26,54,0.75,0.41304347826086957,116
2023-09-30,1057,109,86,63,36,23,27,0.7889908256880734,0.5714285714285714,122
2023-10-01,1057,121,99,56,35,22,21,0.8181818181818182,0.625,134
2023-10-02,1057,120,81,85,41,39,44,0.675,0.4823529411764706,122
2023-10-03,1057,123,78,65,30,45,35,0.6341463414634146,0.46153846153846156,108
2023-10-04,1057,142,79,64,32,63,32,0.5563380281690141,0.5,111
2023-10-05,1057,103,81,61,27,22,34,0.7864077669902912,0.4426229508196721,108
2023-10-06,1057,110,82,76,28,28,48,0.7454545454545455,0.3684210526315789,110
2023-10-07,1057,127,71,69,30,56,39,0.5590551181102362,0.43478260869565216,101
2023-10-08,1057,125,86,94,36,39,58,0.688,0.3829787234042553,122
2023-10-09,1057,109,78,59,51,31,8,0.7155963302752294,0.864406779661017,129
2023-10-10,1057,119,87,58,28,32,30,0.7310924369747899,0.4827586206896552,115
2023-10-11,1057,143,81,72,47,62,25,0.5664335664335665,0.6527777777777778,128
2023-10-12,1057,133,84,59,44,49,15,0.631578947368421,0.7457627118644068,128
2023-10-13,1057,147,76,94,44,71,50,0.5170068027210885,0.46808510638297873,120
2023-10-14,1057,132,78,66,37,54,29,0.5909090909090909,0.5606060606060606,115
2023-10-15,1057,114,89,50,48,25,2,0.7807017543859649,0.96,137
2023-10-16,1057,111,88,58,48,23,10,0.7927927927927928,0.8275862068965517,136
2023-10-17,1057,128,81,63,29,47,34,0.6328125,0.4603174603174603,110
2023-10-18,1057,148,72,62,41,76,21,0.4864864864864865,0.6612903225806451,113
2023-10-19,1057,135,68,97,50,67,47,0.5037037037037037,0.5154639175257731,118
2023-10-20,1057,132,95,94,41,37,53,0.7196969696969697,0.43617021276595747,136
2023-10-21,1057,126,85,50,49,41,1,0.6746031746031746,0.98,134
2023-10-22,1057,143,73,57,40,70,17,0.5104895104895105,0.7017543859649122,113
2023-10-23,1057,112,71,84,39,41,45,0.6339285714285714,0.4642857142857143,110
2023-10-24,1057,105,65,51,34,40,17,0.6190476190476191,0.6666666666666666,99
2023-10-25,1057,148,99,86,36,49,50,0.668918918918919,0.4186046511627907,135
2023-10-26,1057,110,77,99,34,33,65,0.7,0.3434343434343434,111
2023-10-27,1057,135,81,64,38,54,26,0.6,0.59375,119
2023-10-28,1057,124,82,94,44,42,50,0.6612903225806451,0.46808510638297873,126
2023-10-29,1057,131,85,85,38,46,47,0.648854961832061,0.4470588235294118,123
2023-10-30,1057,136,95,54,31,41,23,0.6985294117647058,0.5740740740740741,126
2023-10-31,1057,119,89,65,48,30,17,0.7478991596638656,0.7384615384615385,137
2023-11-01,1057,127,85,84,28,42,56,0.6692913385826772,0.3333333333333333,113
2023-11-02,1057,123,84,51,40,39,11,0.6829268292682927,0.7843137254901961,124
2023-11-03,1057,142,89,64,45,53,19,0.6267605633802817,0.703125,134
2023-11-04,1057,100,77,73,41,23,32,0.77,0.5616438356164384,118
2023-11-05,1057,127,81,85,32,46,53,0.6377952755905512,0.3764705882352941,113
2023-11-06,1057,138,100,59,32,38,27,0.7246376811594203,0.5423728813559322,132
2023-11-07,1057,105,91,58,36,14,22,0.8666666666666667,0.6206896551724138,127
2023-11-08,1057,127,75,88,53,52,35,0.5905511811023622,0.6022727272727273,128
2023-11-09,1057,135,86,75,38,49,37,0.6370370370370371,0.5066666666666667,124
2023-11-10,1057,140,68,71,31,72,40,0.4857142857142857,0.43661971830985913,99
2023-11-11,1057,146,77,99,37,69,62,0.5273972602739726,0.37373737373737376,114
2023-11-12,1057,146,69,66,44,77,22,0.4726027397260274,0.6666666666666666,113
2023-11-13,1057,137,94,85,35,43,50,0.6861313868613139,0.4117647058823529,129
2023-11-14,1057,103,102,83,35,1,48,0.9902912621359223,0.42168674698795183,137
2023-11-15,1057,138,72,60,33,66,27,0.5217391304347826,0.55,105
2023-11-16,1057,143,92,74,44,51,30,0.6433566433566433,0.5945945945945946,136
2023-11-17,1057,112,77,53,29,35,24,0.6875,0.5471698113207547,106
2023-11-18,1057,138,75,57,47,63,10,0.5434782608695652,0.8245614035087719,122
2023-11-19,1057,103,74,50,25,29,25,0.7184466019417476,0.5,99
2023-11-20,1057,114,71,97,50,43,47,0.6228070175438597,0.5154639175257731,121
2023-11-21,1057,109,83,92,41,26,51,0.7614678899082569,0.44565217391304346,124
2023-11-22,1057,146,63,93,32,83,61,0.4315068493150685,0.34408602150537637,95
2023-11-23,1057,106,79,69,39,27,30,0.7452830188679245,0.5652173913043478,118
2023-11-24,1057,106,77,82,34,29,48,0.7264150943396226,0.4146341463414634,111
2023-11-25,1057,136,91,69,44,45,25,0.6691176470588235,0.6376811594202898,135
2023-11-26,1057,144,88,95,40,56,55,0.6111111111111112,0.42105263157894735,128
2023-11-27,1057,108,78,79,49,30,30,0.7222222222222222,0.620253164556962,127
2023-11-28,1057,112,74,62,45,38,17,0.6607142857142857,0.7258064516129032,119
2023-11-29,1057,130,82,70,43,48,27,0.6307692307692307,0.6142857142857143,125
2023-11-30,1057,121,76,91,38,45,53,0.628099173553719,0.4175824175824176,114
2023-12-01,1057,135,85,66,36,50,30,0.6296296296296297,0.5454545454545454,121
2023-12-02,1057,129,76,89,35,53,54,0.5891472868217055,0.39325842696629215,111
2023-12-03,1057,143,77,84,43,66,41,0.5384615384615384,0.5119047619047619,120
2023-12-04,1057,147,86,53,41,61,12,0.5850340136054422,0.7735849056603774,127
2023-12-05,1057,101,85,81,42,16,39,0.8415841584158416,0.5185185185185185,127
2023-12-06,1057,142,80,76,40,62,36,0.5633802816901409,0.5263157894736842,120
2023-12-07,1057,100,99,58,44,1,14,0.99,0.7586206896551724,143
2023-12-08,1057,104,89,70,37,15,33,0.8557692307692307,0.5285714285714286,126
2023-12-09,1057,122,58,74,43,64,31,0.47540983606557374,0.581081081081081,101
2023-12-10,1057,120,92,79,32,28,47,0.7666666666666667,0.4050632911392405,124
2023-12-11,1057,141,66,59,44,75,15,0.46808510638297873,0.7457627118644068,110
2023-12-12,1057,117,93,83,33,24,50,0.7948717948717948,0.39759036144578314,126
2023-12-13,1057,145,60,79,39,85,40,0.41379310344827586,0.4936708860759494,99
2023-12-14,1057,114,114,50,30,0,20,1,0.6,144
2023-12-15,1057,148,74,66,52,74,14,0.5,0.7878787878787878,126
2023-12-16,1057,150,77,55,38,73,17,0.5133333333333333,0.6909090909090909,115
2023-12-17,1057,133,79,50,37,54,13,0.5939849624060151,0.74,116
2023-12-18,1057,112,83,66,40,29,26,0.7410714285714286,0.6060606060606061,123
2023-12-19,1057,145,82,69,50,63,19,0.5655172413793104,0.7246376811594203,132
2023-12-20,1057,136,66,55,45,70,10,0.4852941176470588,0.8181818181818182,111
2023-12-21,1057,143,83,87,35,60,52,0.5804195804195804,0.40229885057471265,118
2023-12-22,1057,131,84,52,46,47,6,0.6412213740458015,0.8846153846153846,130
2023-12-23,1057,111,88,69,57,23,12,0.7927927927927928,0.8260869565217391,145
2023-12-24,1057,106,76,80,40,30,40,0.71698113207547165,0.5,116
2023-12-25,1057,112,70,92,47,42,45,0.625,0.5108695652173914,117
2023-12-26,1057,131,85,75,40,46,35,0.648854961832061,0.5333333333333333,125
2023-12-27,1057,142,86,89,45,56,44,0.6056338028169014,0.5056179775280899,131
2023-12-28,1057,129,63,84,31,66,53,0.4883720930232558,0.36904761904761907,94
2023-12-29,1057,131,75,58,47,56,11,0.5725190839694656,0.8103448275862069,122
2023-12-30,1057,127,78,51,41,49,10,0.6141732283464567,0.803921568627451,119
2023-12-31,1057,134,88,83,38,46,45,0.6567164179104478,0.4578313253012048,126
2023-01-01,1058,113,79,76,37,34,39,0.6991150442477876,0.4868421052631579,116
2023-01-02,1058,145,79,58,36,66,22,0.5448275862068965,0.6206896551724138,115
2023-01-03,1058,147,80,87,40,67,47,0.54421768707483,0.45977011494252873,120
2023-01-04,1058,126,87,86,54,39,32,0.6904761904761905,0.627906976744186,141
2023-01-05,1058,134,76,62,44,58,18,0.5671641791044776,0.7096774193548387,120
2023-01-06,1058,132,69,97,33,63,64,0.5227272727272727,0.3402061855670103,102
2023-01-07,1058,109,78,97,41,31,56,0.7155963302752294,0.422680412371134,119
2023-01-08,1058,119,61,97,38,58,59,0.5126050420168067,0.3917525773195876,99
2023-01-09,1058,125,87,98,38,38,60,0.696,0.3877551020408163,125
2023-01-10,1058,145,76,96,38,69,58,0.5241379310344828,0.3958333333333333,114
2023-01-11,1058,119,88,95,31,31,64,0.7394957983193278,0.3263157894736842,119
2023-01-12,1058,129,65,93,29,64,64,0.5038759689922481,0.3118279569892473,94
2023-01-13,1058,146,88,98,42,58,56,0.6027397260273972,0.42857142857142855,130
2023-01-14,1058,131,88,57,35,43,22,0.6717557251908397,0.6140350877192983,123
2023-01-15,1058,148,69,56,32,79,24,0.46621621621621623,0.5714285714285714,101
2023-01-16,1058,114,87,68,37,27,31,0.7631578947368421,0.5441176470588235,124
2023-01-17,1058,128,62,71,50,66,21,0.484375,0.704225352112676,112
2023-01-18,1058,121,90,52,39,31,13,0.743801652892562,0.75,129
2023-01-19,1058,123,74,73,34,49,39,0.6016260162601627,0.4657534246575342,108
2023-01-20,1058,137,75,74,42,62,32,0.5474452554744526,0.5675675675675675,117
2023-01-21,1058,130,86,64,45,44,19,0.6615384615384615,0.703125,131
2023-01-22,1058,108,80,60,40,28,20,0.7407407407407407,0.6666666666666666,120
2023-01-23,1058,150,78,78,40,72,38,0.52,0.5128205128205128,118
2023-01-24,1058,113,75,66,37,38,29,0.6637168141592921,0.5606060606060606,112
2023-01-25,1058,128,93,99,46,35,53,0.7265625,0.46464646464646464,139
2023-01-26,1058,120,99,63,40,21,23,0.825,0.6349206349206349,139
2023-01-27,1058,135,76,92,56,59,36,0.562962962962963,0.6086956521739131,132
2023-01-28,1058,120,86,61,34,34,27,0.7166666666666667,0.5573770491803278,120
2023-01-29,1058,144,80,79,33,64,46,0.5555555555555556,0.4177215189873418,113
2023-01-30,1058,118,72,97,42,46,55,0.6101694915254238,0.4329896907216495,114
2023-01-31,1058,149,69,68,45,80,23,0.46308724832214765,0.6617647058823529,114
2023-02-01,1058,139,67,56,40,72,16,0.48201438848920863,0.7142857142857143,107
2023-02-02,1058,123,65,92,37,58,55,0.5284552845528455,0.40217391304347827,102
2023-02-03,1058,145,87,51,34,58,17,0.6,0.6666666666666666,121
2023-02-04,1058,122,78,66,35,44,31,0.639344262295082,0.5303030303030303,113
2023-02-05,1058,141,103,75,45,38,30,0.7304964539007093,0.6,148
2023-02-06,1058,131,77,72,37,54,35,0.5877862595419847,0.5138888888888888,114
2023-02-07,1058,139,81,97,52,58,45,0.5827338129496403,0.5360824742268041,133
2023-02-08,1058,120,81,87,45,39,42,0.675,0.5172413793103449,126
2023-02-09,1058,147,75,95,38,72,57,0.5102040816326531,0.4,113
2023-02-10,1058,100,66,99,35,34,64,0.66,0.35353535353535354,101
2023-02-11,1058,133,86,90,40,47,50,0.6466165413533834,0.4444444444444444,126
2023-02-12,1058,113,83,82,30,30,52,0.7345132743362832,0.36585365853658536,113
2023-02-13,1058,138,73,82,31,65,51,0.5289855072463768,0.3780487804878049,104
2023-02-14,1058,150,78,90,40,72,50,0.52,0.4444444444444444,118
2023-02-15,1058,143,79,62,44,64,18,0.5524475524475524,0.7096774193548387,123
2023-02-16,1058,112,83,85,26,29,59,0.7410714285714286,0.3058823529411765,109
2023-02-17,1058,143,74,85,45,69,40,0.5174825174825175,0.5294117647058824,119
2023-02-18,1058,110,75,89,32,35,57,0.6818181818181818,0.3595505617977528,107
2023-02-19,1058,109,78,50,40,31,10,0.7155963302752294,0.8,118
2023-02-20,1058,105,100,93,45,5,48,0.9523809523809523,0.4838709677419355,145
2023-02-21,1058,127,67,93,52,60,41,0.5275590551181102,0.5591397849462365,119
2023-02-22,1058,147,84,83,31,63,52,0.5714285714285714,0.37349397590361444,115
2023-02-23,1058,132,70,95,40,62,55,0.5303030303030303,0.42105263157894735,110
2023-02-24,1058,148,94,95,38,54,57,0.6351351351351351,0.4,132
2023-02-25,1058,121,71,100,42,50,58,0.5867768595041323,0.42,113
2023-02-26,1058,121,77,79,39,44,40,0.6363636363636364,0.4936708860759494,116
2023-02-27,1058,121,87,57,42,34,15,0.71900826446281,0.7368421052631579,129
2023-02-28,1058,137,92,52,47,45,5,0.6715328467153284,0.9038461538461539,139
2023-03-01,1058,129,81,55,47,48,8,0.627906976744186,0.8545454545454545,128
2023-03-02,1058,105,66,55,45,39,10,0.6285714285714286,0.8181818181818182,111
2023-03-03,1058,110,88,65,41,22,24,0.8,0.6307692307692307,129
2023-03-04,1058,134,83,63,41,51,22,0.6194029850746269,0.6507936507936508,124
2023-03-05,1058,116,79,63,42,37,21,0.6810344827586207,0.6666666666666666,121
2023-03-06,1058,140,88,58,37,52,21,0.6285714285714286,0.6379310344827587,125
2023-03-07,1058,137,93,68,42,44,26,0.6788321167883211,0.6176470588235294,135
2023-03-08,1058,113,77,79,51,36,28,0.6814159292035398,0.6455696202531646,128
2023-03-09,1058,100,87,52,44,13,8,0.87,0.8461538461538461,131
2023-03-10,1058,115,61,56,34,54,22,0.5304347826086957,0.6071428571428571,95
2023-03-11,1058,136,81,63,25,55,38,0.5955882352941176,0.3968253968253968,106
2023-03-12,1058,122,77,66,40,45,26,0.6311475409836066,0.6060606060606061,117
2023-03-13,1058,130,65,72,41,65,31,0.5,0.5694444444444444,106
2023-03-14,1058,136,75,64,26,61,38,0.5514705882352942,0.40625,101
2023-03-15,1058,122,80,72,32,42,40,0.6557377049180327,0.4444444444444444,112
2023-03-16,1058,139,79,95,37,60,58,0.5683453237410072,0.3894736842105263,116
2023-03-17,1058,127,78,65,30,49,35,0.6141732283464567,0.46153846153846156,108
2023-03-18,1058,141,81,60,35,60,25,0.574468085106383,0.5833333333333334,116
2023-03-19,1058,127,106,99,30,21,69,0.8346456692913385,0.30303030303030304,136
2023-03-20,1058,147,93,50,37,54,13,0.6326530612244898,0.74,130
2023-03-21,1058,124,83,84,43,41,41,0.6693548387096774,0.5119047619047619,126
2023-03-22,1058,124,87,58,40,37,18,0.7016129032258065,0.6896551724137931,127
2023-03-23,1058,134,82,61,42,52,19,0.6119402985074627,0.6885245901639344,124
2023-03-24,1058,132,74,84,43,58,41,0.5606060606060606,0.5119047619047619,117
2023-03-25,1058,131,74,79,42,57,37,0.5648854961832062,0.5316455696202531,116
2023-03-26,1058,141,88,75,45,53,30,0.624113475177305,0.6,133
2023-03-27,1058,138,78,86,42,60,44,0.5652173913043478,0.4883720930232558,120
2023-03-28,1058,112,76,65,40,36,25,0.6785714285714286,0.6153846153846154,116
2023-03-29,1058,120,81,70,41,39,29,0.675,0.5857142857142857,122
2023-03-30,1058,139,63,58,37,76,21,0.45323741007194246,0.6379310344827587,100
2023-03-31,1058,125,82,66,33,43,33,0.656,0.5,115
2023-04-01,1058,123,94,88,44,29,44,0.7642276422764228,0.5,138
2023-04-02,1058,100,89,63,29,11,34,0.89,0.4603174603174603,118
2023-04-03,1058,119,86,79,40,33,39,0.7226890756302521,0.5063291139240507,126
2023-04-04,1058,118,81,91,30,37,61,0.6864406779661016,0.32967032967032966,111
2023-04-05,1058,123,72,87,35,51,52,0.5853658536585366,0.40229885057471265,107
2023-04-06,1058,124,62,81,52,62,29,0.5,0.6419753086419753,114
2023-04-07,1058,119,70,97,38,49,59,0.5882352941176471,0.3917525773195876,108
2023-04-08,1058,113,75,75,41,38,34,0.6637168141592921,0.5466666666666666,116
2023-04-09,1058,146,69,84,46,77,38,0.4726027397260274,0.5476190476190477,115
2023-04-10,1058,134,78,87,39,56,48,0.582089552238806,0.4482758620689655,117
2023-04-11,1058,101,71,84,44,30,40,0.7029702970297029,0.5238095238095238,115
2023-04-12,1058,139,81,92,45,58,47,0.5827338129496403,0.4891304347826087,126
2023-04-13,1058,124,72,89,57,52,32,0.5806451612903226,0.6404494382022472,129
2023-04-14,1058,145,73,100,35,72,65,0.503448275862069,0.35,108
2023-04-15,1058,101,85,62,38,16,24,0.8415841584158416,0.6129032258064516,123
2023-04-16,1058,149,79,92,40,70,52,0.5302013422818792,0.43478260869565216,119
2023-04-17,1058,111,77,93,44,34,49,0.6936936936936937,0.4731182795698925,121
2023-04-18,1058,108,78,56,30,30,26,0.7222222222222222,0.5357142857142857,108
2023-04-19,1058,141,86,92,41,55,51,0.6099290780141844,0.44565217391304346,127
2023-04-20,1058,116,72,92,38,44,54,0.6206896551724138,0.41304347826086957,110
2023-04-21,1058,140,82,94,41,58,53,0.5857142857142857,0.43617021276595747,123
2023-04-22,1058,107,80,87,45,27,42,0.7476635514018691,0.5172413793103449,125
2023-04-23,1058,121,62,70,48,59,22,0.512396694214876,0.6857142857142857,110
2023-04-24,1058,109,78,62,43,31,19,0.7155963302752294,0.6935483870967742,121
2023-04-25,1058,135,102,92,43,33,49,0.7555555555555555,0.4673913043478261,145
2023-04-26,1058,100,89,81,43,11,38,0.89,0.5308641975308642,132
2023-04-27,1058,140,60,82,45,80,37,0.42857142857142855,0.5487804878048781,105
2023-04-28,1058,103,91,61,39,12,22,0.883495145631068,0.639344262295082,130
2023-04-29,1058,109,77,82,29,32,53,0.7064220183486238,0.35365853658536583,106
2023-04-30,1058,113,96,66,39,17,27,0.8495575221238938,0.5909090909090909,135
2023-05-01,1058,136,62,77,52,74,25,0.45588235294117646,0.6753246753246753,114
2023-05-02,1058,126,83,70,35,43,35,0.6587301587301587,0.5,118
2023-05-03,1058,112,87,88,30,25,58,0.7767857142857143,0.3409090909090909,117
2023-05-04,1058,150,77,80,47,73,33,0.5133333333333333,0.5875,124
2023-05-05,1058,114,79,80,46,35,34,0.6929824561403509,0.575,125
2023-05-06,1058,121,95,52,41,26,11,0.7851239669421488,0.7884615384615384,136
2023-05-07,1058,100,85,81,31,15,50,0.85,0.38271604938271603,116
2023-05-08,1058,110,77,64,29,33,35,0.7,0.453125,106
2023-05-09,1058,142,76,94,43,66,51,0.5352112676056338,0.4574468085106383,119
2023-05-10,1058,146,82,81,30,64,51,0.5616438356164384,0.37037037037037035,112
2023-05-11,1058,126,87,58,41,39,17,0.6904761904761905,0.7068965517241379,128
2023-05-12,1058,111,54,58,32,57,26,0.4864864864864865,0.5517241379310345,86
2023-05-13,1058,131,75,51,33,56,18,0.5725190839694656,0.6470588235294118,108
2023-05-14,1058,139,78,96,34,61,62,0.5611510791366906,0.3541666666666667,112
2023-05-15,1058,149,70,87,40,79,47,0.4697986577181208,0.45977011494252873,110
2023-05-16,1058,107,76,67,37,31,30,0.7102803738317757,0.5522388059701493,113
2023-05-17,1058,110,95,62,43,15,19,0.8636363636363636,0.6935483870967742,138
2023-05-18,1058,141,92,87,38,49,49,0.6524822695035462,0.4367816091954023,130
2023-05-19,1058,112,76,66,47,36,19,0.6785714285714286,0.7121212121212122,123
2023-05-20,1058,120,76,56,42,44,14,0.6333333333333333,0.75,118
2023-05-21,1058,121,70,58,43,51,15,0.5785123966942148,0.7413793103448276,113
2023-05-22,1058,133,85,86,49,48,37,0.6390977443609023,0.5697674418604651,134
2023-05-23,1058,122,74,90,37,48,53,0.6065573770491803,0.4111111111111111,111
2023-05-24,1058,105,91,59,36,14,23,0.8666666666666667,0.6101694915254238,127
2023-05-25,1058,132,81,86,46,51,40,0.6136363636363636,0.5348837209302325,127
2023-05-26,1058,112,83,91,52,29,39,0.7410714285714286,0.5714285714285714,135
2023-05-27,1058,120,79,91,43,41,48,0.6583333333333333,0.4725274725274725,122
2023-05-28,1058,124,87,57,32,37,25,0.7016129032258065,0.5614035087719298,119
2023-05-29,1058,145,91,80,42,54,38,0.6275862068965518,0.525,133
2023-05-30,1058,127,71,87,41,56,46,0.5590551181102362,0.47126436781609193,112
2023-05-31,1058,122,83,76,32,39,44,0.680327868852459,0.42105263157894735,115
2023-06-01,1058,126,77,59,52,49,7,0.6111111111111112,0.8813559322033898,129
2023-06-02,1058,143,80,65,49,63,16,0.5594405594405595,0.7538461538461538,129
2023-06-03,1058,109,86,68,35,23,33,0.7889908256880734,0.5147058823529411,121
2023-06-04,1058,144,80,73,36,64,37,0.5555555555555556,0.4931506849315068,116
2023-06-05,1058,119,109,99,36,10,63,0.9159663865546218,0.36363636363636365,145
2023-06-06,1058,129,71,83,46,58,37,0.5503875968992248,0.5542168674698795,117
2023-06-07,1058,111,69,70,34,42,36,0.6216216216216216,0.4857142857142857,103
2023-06-08,1058,138,81,62,36,57,26,0.5869565217391305,0.5806451612903226,117
2023-06-09,1058,133,87,86,46,46,40,0.6541353383458647,0.5348837209302325,133
2023-06-10,1058,117,86,72,36,31,36,0.7350427350427351,0.5,122
2023-06-11,1058,132,90,95,44,42,51,0.6818181818181818,0.4631578947368421,134
2023-06-12,1058,112,75,98,38,37,60,0.6696428571428571,0.3877551020408163,113
2023-06-13,1058,112,74,58,46,38,12,0.6607142857142857,0.7931034482758621,120
2023-06-14,1058,108,85,75,37,23,38,0.7870370370370371,0.49333333333333335,122
2023-06-15,1058,113,87,92,35,26,57,0.7699115044247787,0.3804347826086957,122
2023-06-16,1058,104,81,81,48,23,33,0.7788461538461539,0.5925925925925926,129
2023-06-17,1058,101,87,90,38,14,52,0.8613861386138614,0.4222222222222222,125
2023-06-18,1058,119,89,65,35,30,30,0.7478991596638656,0.5384615384615384,124
2023-06-19,1058,112,86,76,31,26,45,0.7678571428571429,0.40789473684210525,117
2023-06-20,1058,143,84,72,39,59,33,0.5874125874125874,0.5416666666666666,123
2023-06-21,1058,144,70,99,36,74,63,0.4861111111111111,0.36363636363636365,106
2023-06-22,1058,120,85,85,40,35,45,0.7083333333333334,0.47058823529411764,125
2023-06-23,1058,129,90,100,37,39,63,0.6976744186046512,0.37,127
2023-06-24,1058,118,70,56,32,48,24,0.5932203389830508,0.5714285714285714,102
2023-06-25,1058,105,90,69,40,15,29,0.8571428571428571,0.5797101449275363,130
2023-06-26,1058,126,86,64,36,40,28,0.6825396825396826,0.5625,122
2023-06-27,1058,130,70,93,45,60,48,0.5384615384615384,0.4838709677419355,115
2023-06-28,1058,123,81,66,36,42,30,0.6585365853658537,0.5454545454545454,117
2023-06-29,1058,123,87,67,45,36,22,0.7073170731707317,0.6716417910447762,132
2023-06-30,1058,104,87,53,34,17,19,0.8365384615384616,0.6415094339622641,121
2023-07-01,1058,100,73,79,39,27,40,0.73,0.4936708860759494,112
2023-07-02,1058,135,89,64,40,46,24,0.6592592592592592,0.625,129
2023-07-03,1058,145,77,80,48,68,32,0.5310344827586206,0.6,125
2023-07-04,1058,132,76,67,44,56,23,0.5757575757575758,0.6567164179104478,120
2023-07-05,1058,106,78,74,34,28,40,0.7358490566037735,0.4594594594594595,112
2023-07-06,1058,114,69,71,44,45,27,0.6052631578947368,0.6197183098591549,113
2023-07-07,1058,150,75,83,33,75,50,0.5,0.39759036144578314,108
2023-07-08,1058,143,70,50,50,73,0,0.48951048951048953,1,120
2023-07-09,1058,143,72,57,39,71,18,0.5034965034965035,0.6842105263157895,111
2023-07-10,1058,118,69,51,50,49,1,0.5847457627118644,0.9803921568627451,119
2023-07-11,1058,129,87,89,42,42,47,0.6744186046511628,0.47191011235955055,129
2023-07-12,1058,106,78,97,32,28,65,0.7358490566037735,0.32989690721649484,110
2023-07-13,1058,147,70,51,49,77,2,0.47619047619047616,0.9607843137254902,119
2023-07-14,1058,139,93,91,38,46,53,0.6690647482014388,0.4175824175824176,131
2023-07-15,1058,132,77,97,51,55,46,0.5833333333333334,0.5257731958762887,128
2023-07-16,1058,120,89,67,50,31,17,0.7416666666666667,0.746268656716418,139
2023-07-17,1058,112,80,95,54,32,41,0.7142857142857143,0.5684210526315789,134
2023-07-18,1058,142,79,79,37,63,42,0.5563380281690141,0.46835443037974683,116
2023-07-19,1058,107,77,84,39,30,45,0.719626168224299,0.4642857142857143,116
2023-07-20,1058,101,85,71,38,16,33,0.8415841584158416,0.5352112676056338,123
2023-07-21,1058,133,73,79,41,60,38,0.5488721804511278,0.5189873417721519,114
2023-07-22,1058,110,94,90,44,16,46,0.8545454545454545,0.4888888888888889,138
2023-07-23,1058,115,80,100,28,35,72,0.6956521739130435,0.28,108
2023-07-24,1058,146,78,92,34,68,58,0.5342465753424658,0.3695652173913043,112
2023-07-25,1058,127,91,95,37,36,58,0.7165354330708661,0.3894736842105263,128
2023-07-26,1058,120,68,65,37,52,28,0.5666666666666667,0.5692307692307692,105
2023-07-27,1058,107,73,76,42,34,34,0.6822429906542056,0.5526315789473685,115
2023-07-28,1058,136,76,70,37,60,33,0.5588235294117647,0.5285714285714286,113
2023-07-29,1058,114,80,77,50,34,27,0.7017543859649122,0.6493506493506493,130
2023-07-30,1058,126,78,98,35,48,63,0.6190476190476191,0.35714285714285715,113
2023-07-31,1058,114,88,78,42,26,36,0.7719298245614035,0.5384615384615384,130
2023-08-01,1058,138,81,69,36,57,33,0.5869565217391305,0.5217391304347826,117
2023-08-02,1058,117,81,69,41,36,28,0.6923076923076923,0.5942028985507246,122
2023-08-03,1058,138,73,52,42,65,10,0.5289855072463768,0.8076923076923077,115
2023-08-04,1058,140,75,70,45,65,25,0.5357142857142857,0.6428571428571429,120
2023-08-05,1058,119,86,51,44,33,7,0.7226890756302521,0.8627450980392157,130
2023-08-06,1058,108,70,91,46,38,45,0.6481481481481481,0.5054945054945055,116
2023-08-07,1058,149,65,73,41,84,32,0.436241610738255,0.5616438356164384,106
2023-08-08,1058,103,81,81,29,22,52,0.7864077669902912,0.35802469135802467,110
2023-08-09,1058,128,77,61,45,51,16,0.6015625,0.7377049180327869,122
2023-08-10,1058,134,77,96,40,57,56,0.5746268656716418,0.4166666666666667,117
2023-08-11,1058,105,81,100,35,24,65,0.7714285714285715,0.35,116
2023-08-12,1058,131,86,77,33,45,44,0.6564885496183206,0.42857142857142855,119
2023-08-13,1058,111,65,85,29,46,56,0.5855855855855856,0.3411764705882353,94
2023-08-14,1058,123,80,82,38,43,44,0.6504065040650406,0.4634146341463415,118
2023-08-15,1058,100,80,95,35,20,60,0.8,0.3684210526315789,115
2023-08-16,1058,145,62,75,48,83,27,0.42758620689655175,0.64,110
2023-08-17,1058,115,73,86,29,42,57,0.6347826086956522,0.3372093023255814,102
2023-08-18,1058,125,91,65,33,34,32,0.728,0.5076923076923077,124
2023-08-19,1058,125,93,100,40,32,60,0.744,0.4,133
2023-08-20,1058,134,84,61,38,50,23,0.6268656716417911,0.6229508196721312,122
2023-08-21,1058,108,75,75,44,33,31,0.6944444444444444,0.5866666666666667,119
2023-08-22,1058,118,82,60,34,36,26,0.6949152542372882,0.5666666666666667,116
2023-08-23,1058,143,75,76,38,68,38,0.5244755244755245,0.5,113
2023-08-24,1058,145,67,78,49,78,29,0.46206896551724136,0.6282051282051282,116
2023-08-25,1058,138,76,69,43,62,26,0.5507246376811594,0.6231884057971014,119
2023-08-26,1058,121,100,66,42,21,24,0.8264462809917356,0.6363636363636364,142
2023-08-27,1058,149,90,61,32,59,29,0.6040268456375839,0.5245901639344263,122
2023-08-28,1058,138,78,100,32,60,68,0.5652173913043478,0.32,110
2023-08-29,1058,143,82,85,37,61,48,0.5734265734265734,0.43529411764705883,119
2023-08-30,1058,124,80,52,43,44,9,0.6451612903225806,0.8269230769230769,123
2023-08-31,1058,128,60,84,42,68,42,0.46875,0.5,102
2023-09-01,1058,138,100,66,34,38,32,0.7246376811594203,0.5151515151515151,134
2023-09-02,1058,136,80,87,38,56,49,0.5882352941176471,0.4367816091954023,118
2023-09-03,1058,102,92,80,42,10,38,0.9019607843137255,0.525,134
2023-09-04,1058,110,75,53,43,35,10,0.6818181818181818,0.8113207547169812,118
2023-09-05,1058,130,81,50,35,49,15,0.6230769230769231,0.7,116
2023-09-06,1058,144,61,81,29,83,52,0.4236111111111111,0.35802469135802467,90
2023-09-07,1058,100,68,53,34,32,19,0.68,0.6415094339622641,102
2023-09-08,1058,130,83,51,44,47,7,0.6384615384615384,0.8627450980392157,127
2023-09-09,1058,111,68,50,36,43,14,0.6126126126126126,0.72,104
2023-09-10,1058,106,81,78,39,25,39,0.7641509433962265,0.5,120
2023-09-11,1058,140,75,84,41,65,43,0.5357142857142857,0.4880952380952381,116
2023-09-12,1058,101,65,94,41,36,53,0.6435643564356436,0.43617021276595747,106
2023-09-13,1058,116,86,72,51,30,21,0.7413793103448276,0.7083333333333334,137
2023-09-14,1058,145,68,67,38,77,29,0.4689655172413793,0.5671641791044776,106
2023-09-15,1058,103,90,81,41,13,40,0.8737864077669902,0.5061728395061729,131
2023-09-16,1058,135,69,58,39,66,19,0.5111111111111111,0.6724137931034483,108
2023-09-17,1058,132,87,75,51,45,24,0.6590909090909091,0.68,138
2023-09-18,1058,134,69,92,38,65,54,0.5149253731343284,0.41304347826086957,107
2023-09-19,1058,124,90,73,38,34,35,0.7258064516129032,0.5205479452054794,128
2023-09-20,1058,128,93,60,44,35,16,0.7265625,0.7333333333333333,137
2023-09-21,1058,108,74,99,43,34,56,0.6851851851851852,0.43434343434343436,117
2023-09-22,1058,129,88,64,40,41,24,0.6821705426356589,0.625,128
2023-09-23,1058,135,61,91,46,74,45,0.45185185185185184,0.5054945054945055,107
2023-09-24,1058,126,87,97,37,39,60,0.6904761904761905,0.38144329896907214,124
2023-09-25,1058,132,82,72,41,50,31,0.6212121212121212,0.5694444444444444,123
2023-09-26,1058,141,87,91,35,54,56,0.6170212765957447,0.38461538461538464,122
2023-09-27,1058,128,75,68,36,53,32,0.5859375,0.5294117647058824,111
2023-09-28,1058,139,84,72,39,55,33,0.60431654676259,0.5416666666666666,123
2023-09-29,1058,100,91,81,36,9,45,0.91,0.4444444444444444,127
2023-09-30,1058,104,68,90,35,36,55,0.6538461538461539,0.3888888888888889,103
2023-10-01,1058,141,90,62,36,51,26,0.6382978723404256,0.5806451612903226,126
2023-10-02,1058,134,61,92,46,73,46,0.4552238805970149,0.5,107
2023-10-03,1058,132,77,54,46,55,8,0.5833333333333334,0.8518518518518519,123
2023-10-04,1058,102,97,50,43,5,7,0.9509803921568627,0.86,140
2023-10-05,1058,100,91,77,53,9,24,0.91,0.6883116883116883,144
2023-10-06,1058,132,85,88,34,47,54,0.6439393939393939,0.38636363636363635,119
2023-10-07,1058,118,81,89,49,37,40,0.6864406779661016,0.550561797752809,130
2023-10-08,1058,126,72,80,41,54,39,0.5714285714285714,0.5125,113
2023-10-09,1058,147,78,64,28,69,36,0.5306122448979592,0.4375,106
2023-10-10,1058,122,87,76,40,35,36,0.7131147540983607,0.5263157894736842,127
2023-10-11,1058,120,69,65,31,51,34,0.575,0.47692307692307695,100
2023-10-12,1058,105,74,54,30,31,24,0.7047619047619048,0.5555555555555556,104
2023-10-13,1058,113,82,55,41,31,14,0.7256637168141593,0.7454545454545455,123
2023-10-14,1058,115,89,92,40,26,52,0.7739130434782608,0.43478260869565216,129
2023-10-15,1058,139,86,75,43,53,32,0.6187050359712231,0.5733333333333334,129
2023-10-16,1058,113,85,81,36,28,45,0.7522123893805309,0.4444444444444444,121
2023-10-17,1058,127,81,96,44,46,52,0.6377952755905512,0.4583333333333333,125
2023-10-18,1058,130,74,62,41,56,21,0.5692307692307692,0.6612903225806451,115
2023-10-19,1058,131,71,85,41,60,44,0.5419847328244275,0.4823529411764706,112
2023-10-20,1058,117,90,83,35,27,48,0.7692307692307693,0.42168674698795183,125
2023-10-21,1058,135,84,100,30,51,70,0.6222222222222222,0.3,114
2023-10-22,1058,140,82,72,44,58,28,0.5857142857142857,0.6111111111111112,126
2023-10-23,1058,144,81,74,39,63,35,0.5625,0.527027027027027,120
2023-10-24,1058,114,81,65,43,33,22,0.7105263157894737,0.6615384615384615,124
2023-10-25,1058,101,95,89,45,6,44,0.9405940594059405,0.5056179775280899,140
2023-10-26,1058,119,91,76,35,28,41,0.7647058823529411,0.4605263157894737,126
2023-10-27,1058,125,96,96,30,29,66,0.768,0.3125,126
2023-10-28,1058,146,86,50,43,60,7,0.589041095890411,0.86,129
2023-10-29,1058,138,84,56,39,54,17,0.6086956521739131,0.6964285714285714,123
2023-10-30,1058,149,83,93,30,66,63,0.5570469798657718,0.3225806451612903,113
2023-10-31,1058,125,75,75,34,50,41,0.6,0.4533333333333333,109
2023-11-01,1058,128,74,67,43,54,24,0.578125,0.6417910447761194,117
2023-11-02,1058,128,73,77,46,55,31,0.5703125,0.5974025974025974,119
2023-11-03,1058,111,79,51,47,32,4,0.7117117117117117,0.9215686274509803,126
2023-11-04,1058,146,77,97,39,69,58,0.5273972602739726,0.4020618556701031,116
2023-11-05,1058,142,80,62,42,62,20,0.5633802816901409,0.6774193548387096,122
2023-11-06,1058,109,68,89,42,41,47,0.6238532110091743,0.47191011235955055,110
2023-11-07,1058,142,87,60,51,55,9,0.6126760563380281,0.85,138
2023-11-08,1058,142,82,67,31,60,36,0.5774647887323944,0.4626865671641791,113
2023-11-09,1058,133,70,97,39,63,58,0.5263157894736842,0.4020618556701031,109
2023-11-10,1058,127,83,99,51,44,48,0.6535433070866141,0.5151515151515151,134
2023-11-11,1058,124,64,58,32,60,26,0.5161290322580645,0.5517241379310345,96
2023-11-12,1058,148,86,50,42,62,8,0.581081081081081,0.84,128
2023-11-13,1058,132,72,99,36,60,63,0.5454545454545454,0.36363636363636365,108
2023-11-14,1058,110,94,58,41,16,17,0.8545454545454545,0.7068965517241379,135
2023-11-15,1058,113,73,56,33,40,23,0.6460176991150443,0.5892857142857143,106
2023-11-16,1058,121,78,59,42,43,17,0.6446280991735537,0.711864406779661,120
2023-11-17,1058,110,76,67,44,34,23,0.6909090909090909,0.6567164179104478,120
2023-11-18,1058,140,67,59,41,73,18,0.4785714285714286,0.6949152542372882,108
2023-11-19,1058,138,78,83,61,60,22,0.5652173913043478,0.7349397590361446,139
2023-11-20,1058,125,88,87,40,37,47,0.704,0.45977011494252873,128
2023-11-21,1058,115,76,79,44,39,35,0.6608695652173913,0.5569620253164557,120
2023-11-22,1058,116,74,55,37,42,18,0.6379310344827587,0.6727272727272727,111
2023-11-23,1058,105,73,52,42,32,10,0.6952380952380952,0.8076923076923077,115
2023-11-24,1058,134,82,88,45,52,43,0.6119402985074627,0.5113636363636364,127
2023-11-25,1058,117,74,91,36,43,55,0.6324786324786325,0.3956043956043956,110
2023-11-26,1058,138,87,57,43,51,14,0.6304347826086957,0.7543859649122807,130
2023-11-27,1058,111,70,90,48,41,42,0.6306306306306306,0.5333333333333333,118
2023-11-28,1058,117,93,75,42,24,33,0.7948717948717948,0.56,135
2023-11-29,1058,125,71,51,51,54,0,0.568,1,122
2023-11-30,1058,112,71,80,39,41,41,0.6339285714285714,0.4875,110
2023-12-01,1058,145,106,97,35,39,62,0.7310344827586207,0.36082474226804123,141
2023-12-02,1058,146,65,53,44,81,9,0.4452054794520548,0.8301886792452831,109
2023-12-03,1058,129,73,94,50,56,44,0.5658914728682171,0.5319148936170213,123
2023-12-04,1058,127,80,85,34,47,51,0.6299212598425197,0.4,114
2023-12-05,1058,142,81,53,48,61,5,0.5704225352112676,0.9056603773584906,129
2023-12-06,1058,111,80,57,36,31,21,0.7207207207207207,0.631578947368421,116
2023-12-07,1058,123,85,60,40,38,20,0.6910569105691057,0.6666666666666666,125
2023-12-08,1058,141,72,87,44,69,43,0.5106382978723404,0.5057471264367817,116
2023-12-09,1058,104,95,93,41,9,52,0.9134615384615384,0.44086021505376344,136
2023-12-10,1058,109,86,51,40,23,11,0.7889908256880734,0.7843137254901961,126
2023-12-11,1058,132,73,95,39,59,56,0.553030303030303,0.4105263157894737,112
2023-12-12,1058,116,93,94,30,23,64,0.8017241379310345,0.3191489361702128,123
2023-12-13,1058,115,86,89,29,29,60,0.7478260869565218,0.3258426966292135,115
2023-12-14,1058,108,64,54,31,44,23,0.5925925925925926,0.5740740740740741,95
2023-12-15,1058,130,86,100,42,44,58,0.6615384615384615,0.42,128
2023-12-16,1058,111,83,65,45,28,20,0.7477477477477478,0.6923076923076923,128
2023-12-17,1058,121,63,60,51,58,9,0.5206611570247934,0.85,114
2023-12-18,1058,100,75,82,33,25,49,0.75,0.4024390243902439,108
2023-12-19,1058,129,84,99,35,45,64,0.6511627906976745,0.35353535353535354,119
2023-12-20,1058,148,82,82,50,66,32,0.5540540540540541,0.6097560975609756,132
2023-12-21,1058,103,76,51,40,27,11,0.7378640776699029,0.7843137254901961,116
2023-12-22,1058,131,97,55,44,34,11,0.7404580152671756,0.8,141
2023-12-23,1058,140,94,96,32,46,64,0.6714285714285714,0.3333333333333333,126
2023-12-24,1058,116,81,55,28,35,27,0.6982758620689655,0.509090909090909,109
2023-12-25,1058,139,73,50,33,66,17,0.5251798561151079,0.66,106
2023-12-26,1058,138,70,67,38,68,29,0.5072463768115942,0.5671641791044776,108
2023-12-27,1058,103,60,78,51,43,27,0.5825242718446602,0.6538461538461539,111
2023-12-28,1058,101,80,73,54,21,19,0.7920792079207921,0.7397260273972602,134
2023-12-29,1058,119,83,70,33,36,37,0.6974789915966386,0.4714285714285714,116
2023-12-30,1058,147,75,63,41,72,22,0.5102040816326531,0.6507936507936508,116
2023-12-31,1058,100,70,64,38,30,26,0.7,0.59375,108
2023-01-01,1059,130,73,65,50,57,15,0.5615384615384615,0.7692307692307693,123
2023-01-02,1059,147,77,100,44,70,56,0.5238095238095238,0.44,121
2023-01-03,1059,105,83,81,31,22,50,0.7904761904761904,0.38271604938271603,114
2023-01-04,1059,101,90,65,36,11,29,0.8910891089108911,0.5538461538461539,126
2023-01-05,1059,101,86,56,38,15,18,0.8514851485148515,0.6785714285714286,124
2023-01-06,1059,131,83,76,43,48,33,0.6335877862595419,0.5657894736842105,126
2023-01-07,1059,119,76,51,28,43,23,0.6386554621848739,0.5490196078431373,104
2023-01-08,1059,131,84,71,41,47,30,0.6412213740458015,0.5774647887323944,125
2023-01-09,1059,116,73,84,36,43,48,0.6293103448275862,0.42857142857142855,109
2023-01-10,1059,142,74,85,43,68,42,0.5211267605633803,0.5058823529411764,117
2023-01-11,1059,147,81,53,45,66,8,0.5510204081632653,0.8490566037735849,126
2023-01-12,1059,143,101,67,49,42,18,0.7062937062937062,0.7313432835820896,150
2023-01-13,1059,104,79,91,41,25,50,0.7596153846153846,0.45054945054945056,120
2023-01-14,1059,121,85,61,39,36,22,0.7024793388429752,0.639344262295082,124
2023-01-15,1059,111,77,65,44,34,21,0.6936936936936937,0.676923076923077,121
2023-01-16,1059,135,85,76,33,50,43,0.6296296296296297,0.4342105263157895,118
2023-01-17,1059,105,71,83,46,34,37,0.6761904761904762,0.5542168674698795,117
2023-01-18,1059,104,69,77,39,35,38,0.6634615384615384,0.5064935064935064,108
2023-01-19,1059,133,64,92,43,69,49,0.48120300751879697,0.4673913043478261,107
2023-01-20,1059,116,88,79,42,28,37,0.7586206896551724,0.5316455696202531,130
2023-01-21,1059,109,83,100,32,26,68,0.7614678899082569,0.32,115
2023-01-22,1059,133,83,79,37,50,42,0.6240601503759399,0.46835443037974683,120
2023-01-23,1059,106,71,64,44,35,20,0.6698113207547169,0.6875,115
2023-01-24,1059,115,64,96,43,51,53,0.5565217391304348,0.4479166666666667,107
2023-01-25,1059,137,83,53,43,54,10,0.6058394160583942,0.8113207547169812,126
2023-01-26,1059,106,79,56,33,27,23,0.7452830188679245,0.5892857142857143,112
2023-01-27,1059,149,84,51,47,65,4,0.5637583892617449,0.9215686274509803,131
2023-01-28,1059,108,80,82,32,28,50,0.7407407407407407,0.3902439024390244,112
2023-01-29,1059,105,87,57,35,18,22,0.8285714285714286,0.6140350877192983,122
2023-01-30,1059,120,75,62,42,45,20,0.625,0.6774193548387096,117
2023-01-31,1059,135,78,70,38,57,32,0.5777777777777777,0.5428571428571428,116
2023-02-01,1059,141,78,87,36,63,51,0.5531914893617021,0.41379310344827586,114
2023-02-02,1059,123,72,89,32,51,57,0.5853658536585366,0.3595505617977528,104
2023-02-03,1059,135,98,80,30,37,50,0.725925925925926,0.375,128
2023-02-04,1059,133,73,80,41,60,39,0.5488721804511278,0.5125,114
2023-02-05,1059,144,86,97,39,58,58,0.5972222222222222,0.4020618556701031,125
2023-02-06,1059,103,84,82,37,19,45,0.8155339805825242,0.45121951219512196,121
2023-02-07,1059,127,71,77,41,56,36,0.5590551181102362,0.5324675324675324,112
2023-02-08,1059,130,96,59,46,34,13,0.7384615384615385,0.7796610169491526,142
2023-02-09,1059,129,86,66,35,43,31,0.6666666666666666,0.5303030303030303,121
2023-02-10,1059,122,70,62,34,52,28,0.5737704918032787,0.5483870967741935,104
2023-02-11,1059,150,94,89,47,56,42,0.6266666666666667,0.5280898876404494,141
2023-02-12,1059,145,75,71,46,70,25,0.5172413793103449,0.647887323943662,121
2023-02-13,1059,112,102,54,36,10,18,0.9107142857142857,0.6666666666666666,138
2023-02-14,1059,106,93,50,27,13,23,0.8773584905660378,0.54,120
2023-02-15,1059,104,91,80,34,13,46,0.875,0.425,125
2023-02-16,1059,107,74,67,41,33,26,0.6915887850467289,0.6119402985074627,115
2023-02-17,1059,113,85,53,50,28,3,0.7522123893805309,0.9433962264150944,135
2023-02-18,1059,147,89,87,39,58,48,0.6054421768707483,0.4482758620689655,128
2023-02-19,1059,131,88,53,45,43,8,0.6717557251908397,0.8490566037735849,133
2023-02-20,1059,130,71,89,38,59,51,0.5461538461538461,0.42696629213483145,109
2023-02-21,1059,134,74,94,44,60,50,0.5522388059701493,0.46808510638297873,118
2023-02-22,1059,126,75,84,30,51,54,0.5952380952380952,0.35714285714285715,105
2023-02-23,1059,104,87,69,28,17,41,0.8365384615384616,0.4057971014492754,115
2023-02-24,1059,133,91,54,42,42,12,0.6842105263157895,0.7777777777777778,133
2023-02-25,1059,110,72,70,43,38,27,0.6545454545454545,0.6142857142857143,115
2023-02-26,1059,132,87,80,36,45,44,0.6590909090909091,0.45,123
2023-02-27,1059,139,93,71,40,46,31,0.6690647482014388,0.5633802816901409,133
2023-02-28,1059,129,85,74,42,44,32,0.6589147286821705,0.5675675675675675,127
2023-03-01,1059,107,81,79,48,26,31,0.7570093457943925,0.6075949367088608,129
2023-03-02,1059,101,84,59,38,17,21,0.8316831683168316,0.6440677966101694,122
2023-03-03,1059,115,66,59,39,49,20,0.5739130434782609,0.6610169491525424,105
2023-03-04,1059,124,81,86,31,43,55,0.6532258064516129,0.36046511627906974,112
2023-03-05,1059,137,83,76,34,54,42,0.6058394160583942,0.4473684210526316,117
2023-03-06,1059,108,73,60,30,35,30,0.6759259259259259,0.5,103
2023-03-07,1059,115,98,92,27,17,65,0.8521739130434782,0.29347826086956524,125
2023-03-08,1059,118,76,67,36,42,31,0.6440677966101694,0.5373134328358209,112
2023-03-09,1059,129,70,99,43,59,56,0.5426356589147286,0.43434343434343436,113
2023-03-10,1059,101,81,82,34,20,48,0.801980198019802,0.4146341463414634,115
2023-03-11,1059,137,103,81,28,34,53,0.7518248175182481,0.345679012345679,131
2023-03-12,1059,104,83,93,33,21,60,0.7980769230769231,0.3548387096774194,116
2023-03-13,1059,128,83,92,34,45,58,0.6484375,0.3695652173913043,117
2023-03-14,1059,102,81,50,43,21,7,0.7941176470588235,0.86,124
2023-03-15,1059,106,66,88,45,40,43,0.6226415094339622,0.5113636363636364,111
2023-03-16,1059,140,81,58,33,59,25,0.5785714285714286,0.5689655172413793,114
2023-03-17,1059,106,84,70,41,22,29,0.7924528301886793,0.5857142857142857,125
2023-03-18,1059,126,86,79,30,40,49,0.6825396825396826,0.379746835443038,116
2023-03-19,1059,115,73,72,47,42,25,0.6347826086956522,0.6527777777777778,120
2023-03-20,1059,143,80,96,34,63,62,0.5594405594405595,0.3541666666666667,114
2023-03-21,1059,106,76,88,39,30,49,0.71698113207547165,0.4431818181818182,115
2023-03-22,1059,114,81,88,41,33,47,0.7105263157894737,0.4659090909090909,122
2023-03-23,1059,136,83,73,42,53,31,0.6102941176470589,0.5753424657534246,125
2023-03-24,1059,138,74,55,31,64,24,0.5362318840579711,0.5636363636363636,105
2023-03-25,1059,115,85,94,46,30,48,0.7391304347826086,0.48936170212765956,131
2023-03-26,1059,105,73,51,51,32,0,0.6952380952380952,1,124
2023-03-27,1059,109,75,96,41,34,55,0.6880733944954128,0.4270833333333333,116
2023-03-28,1059,147,79,76,51,68,25,0.5374149659863946,0.6710526315789473,130
2023-03-29,1059,133,79,83,39,54,44,0.5939849624060151,0.46987951807228917,118
2023-03-30,1059,122,82,78,35,40,43,0.6721311475409836,0.44871794871794873,117
2023-03-31,1059,144,66,90,30,78,60,0.4583333333333333,0.3333333333333333,96
2023-04-01,1059,148,87,83,46,61,37,0.5878378378378378,0.5542168674698795,133
2023-04-02,1059,116,79,74,42,37,32,0.6810344827586207,0.5675675675675675,121
2023-04-03,1059,105,77,52,43,28,9,0.7333333333333333,0.8269230769230769,120
2023-04-04,1059,114,92,86,46,22,40,0.8070175438596491,0.5348837209302325,138
2023-04-05,1059,125,90,78,38,35,40,0.72,0.48717948717948717,128
2023-04-06,1059,120,75,83,49,45,34,0.625,0.5903614457831325,124
2023-04-07,1059,108,68,62,46,40,16,0.6296296296296297,0.7419354838709677,114
2023-04-08,1059,100,68,65,44,32,21,0.68,0.676923076923077,112
2023-04-09,1059,123,85,88,51,38,37,0.6910569105691057,0.5795454545454546,136
2023-04-10,1059,126,67,81,36,59,45,0.5317460317460317,0.4444444444444444,103
2023-04-11,1059,105,85,91,35,20,56,0.8095238095238095,0.38461538461538464,120
2023-04-12,1059,120,72,59,34,48,25,0.6,0.576271186440678,106
2023-04-13,1059,123,97,81,34,26,47,0.7886178861788617,0.41975308641975306,131
2023-04-14,1059,126,62,76,40,64,36,0.49206349206349204,0.5263157894736842,102
2023-04-15,1059,128,76,61,44,52,17,0.59375,0.7213114754098361,120
2023-04-16,1059,129,83,94,43,46,51,0.6434108527131783,0.4574468085106383,126
2023-04-17,1059,123,81,94,35,42,59,0.6585365853658537,0.3723404255319149,116
2023-04-18,1059,108,75,66,32,33,34,0.6944444444444444,0.48484848484848486,107
2023-04-19,1059,150,73,55,32,77,23,0.4866666666666667,0.5818181818181818,105
2023-04-20,1059,105,80,92,34,25,58,0.7619047619047619,0.3695652173913043,114
2023-04-21,1059,144,66,99,37,78,62,0.4583333333333333,0.37373737373737376,103
2023-04-22,1059,132,92,86,30,40,56,0.696969696969697,0.3488372093023256,122
2023-04-23,1059,123,96,62,39,27,23,0.7804878048780488,0.6290322580645161,135
2023-04-24,1059,148,95,99,47,53,52,0.6418918918918919,0.47474747474747475,142
2023-04-25,1059,146,83,57,36,63,21,0.5684931506849316,0.631578947368421,119
2023-04-26,1059,107,69,96,46,38,50,0.6448598130841121,0.4791666666666667,115
2023-04-27,1059,137,76,60,40,61,20,0.5547445255474452,0.6666666666666666,116
2023-04-28,1059,117,82,68,41,35,27,0.7008547008547008,0.6029411764705882,123
2023-04-29,1059,126,82,50,40,44,10,0.6507936507936508,0.8,122
2023-04-30,1059,119,84,73,31,35,42,0.7058823529411765,0.4246575342465753,115
2023-05-01,1059,111,81,72,42,30,30,0.7297297297297297,0.5833333333333334,123
2023-05-02,1059,135,86,59,47,49,12,0.6370370370370371,0.7966101694915254,133
2023-05-03,1059,133,76,76,37,57,39,0.5714285714285714,0.4868421052631579,113
2023-05-04,1059,101,80,51,43,21,8,0.7920792079207921,0.8431372549019608,123
2023-05-05,1059,137,69,52,36,68,16,0.5036496350364964,0.6923076923076923,105
2023-05-06,1059,139,83,93,44,56,49,0.5971223021582733,0.4731182795698925,127
2023-05-07,1059,100,73,75,35,27,40,0.73,0.4666666666666667,108
2023-05-08,1059,106,75,97,36,31,61,0.7075471698113207,0.3711340206185567,111
2023-05-09,1059,111,75,85,32,36,53,0.6756756756756757,0.3764705882352941,107
2023-05-10,1059,140,91,61,41,49,20,0.65,0.6721311475409836,132
2023-05-11,1059,135,78,70,38,57,32,0.5777777777777777,0.5428571428571428,116
2023-05-12,1059,116,93,58,40,23,18,0.8017241379310345,0.6896551724137931,133
2023-05-13,1059,137,82,95,48,55,47,0.5985401459854015,0.5052631578947369,130
2023-05-14,1059,107,83,95,37,24,58,0.7757009345794392,0.3894736842105263,120
2023-05-15,1059,121,76,57,43,45,14,0.628099173553719,0.7543859649122807,119
2023-05-16,1059,108,91,95,48,17,47,0.8425925925925926,0.5052631578947369,139
2023-05-17,1059,119,74,56,41,45,15,0.6218487394957983,0.7321428571428571,115
2023-05-18,1059,110,87,84,32,23,52,0.7909090909090909,0.38095238095238093,119
2023-05-19,1059,115,66,68,31,49,37,0.5739130434782609,0.45588235294117646,97
2023-05-20,1059,135,69,62,51,66,11,0.5111111111111111,0.8225806451612904,120
2023-05-21,1059,141,86,55,41,55,14,0.6099290780141844,0.7454545454545455,127
2023-05-22,1059,102,74,95,42,28,53,0.7254901960784313,0.4421052631578947,116
2023-05-23,1059,129,99,54,54,30,0,0.7674418604651163,1,153
2023-05-24,1059,116,92,94,39,24,55,0.7931034482758621,0.4148936170212766,131
2023-05-25,1059,114,75,52,32,39,20,0.6578947368421053,0.6153846153846154,107
2023-05-26,1059,150,74,96,42,76,54,0.49333333333333335,0.4375,116
2023-05-27,1059,102,85,82,47,17,35,0.8333333333333334,0.573170731707317,132
2023-05-28,1059,131,70,88,47,61,41,0.5343511450381679,0.5340909090909091,117
2023-05-29,1059,122,76,53,45,46,8,0.6229508196721312,0.8490566037735849,121
2023-05-30,1059,119,65,64,48,54,16,0.5462184873949579,0.75,113
2023-05-31,1059,133,77,65,31,56,34,0.5789473684210527,0.47692307692307695,108
2023-06-01,1059,107,77,52,38,30,14,0.719626168224299,0.7307692307692307,115
2023-06-02,1059,144,69,96,46,75,50,0.4791666666666667,0.4791666666666667,115
2023-06-03,1059,106,69,72,30,37,42,0.6509433962264151,0.4166666666666667,99
2023-06-04,1059,107,88,92,43,19,49,0.822429906542056,0.4673913043478261,131
2023-06-05,1059,147,67,91,40,80,51,0.4557823129251701,0.43956043956043955,107
2023-06-06,1059,102,88,75,41,14,34,0.8627450980392157,0.5466666666666666,129
2023-06-07,1059,135,69,95,34,66,61,0.5111111111111111,0.35789473684210527,103
2023-06-08,1059,140,70,64,38,70,26,0.5,0.59375,108
2023-06-09,1059,135,89,58,37,46,21,0.6592592592592592,0.6379310344827587,126
2023-06-10,1059,142,86,60,32,56,28,0.6056338028169014,0.5333333333333333,118
2023-06-11,1059,147,80,70,54,67,16,0.54421768707483,0.7714285714285715,134
2023-06-12,1059,114,82,59,32,32,27,0.7192982456140351,0.5423728813559322,114
2023-06-13,1059,137,106,68,44,31,24,0.7737226277372263,0.6470588235294118,150
2023-06-14,1059,102,77,96,42,25,54,0.7549019607843137,0.4375,119
2023-06-15,1059,122,76,60,38,46,22,0.6229508196721312,0.6333333333333333,114
2023-06-16,1059,150,77,93,38,73,55,0.5133333333333333,0.40860215053763443,115
2023-06-17,1059,105,74,96,27,31,69,0.7047619047619048,0.28125,101
2023-06-18,1059,144,70,62,27,74,35,0.4861111111111111,0.43548387096774194,97
2023-06-19,1059,144,87,63,38,57,25,0.6041666666666666,0.6031746031746031,125
2023-06-20,1059,136,96,76,41,40,35,0.7058823529411765,0.5394736842105263,137
2023-06-21,1059,128,86,98,46,42,52,0.671875,0.46938775510204084,132
2023-06-22,1059,136,77,98,51,59,47,0.5661764705882353,0.5204081632653061,128
2023-06-23,1059,125,75,96,40,50,56,0.6,0.4166666666666667,115
2023-06-24,1059,102,93,63,43,9,20,0.9117647058823529,0.6825396825396826,136
2023-06-25,1059,129,73,68,43,56,25,0.5658914728682171,0.6323529411764706,116
2023-06-26,1059,139,74,98,45,65,53,0.5323741007194245,0.45918367346938777,119
2023-06-27,1059,142,81,54,47,61,7,0.5704225352112676,0.8703703703703703,128
2023-06-28,1059,146,84,54,42,62,12,0.5753424657534246,0.7777777777777778,126
2023-06-29,1059,137,75,53,41,62,12,0.5474452554744526,0.7735849056603774,116
2023-06-30,1059,115,74,81,35,41,46,0.6434782608695652,0.43209876543209874,109
2023-07-01,1059,131,76,60,52,55,8,0.5801526717557252,0.8666666666666667,128
2023-07-02,1059,110,72,85,37,38,48,0.6545454545454545,0.43529411764705883,109
2023-07-03,1059,134,94,63,39,40,24,0.7014925373134329,0.6190476190476191,133
2023-07-04,1059,142,67,84,35,75,49,0.47183098591549294,0.4166666666666667,102
2023-07-05,1059,148,71,81,39,77,42,0.4797297297297297,0.48148148148148145,110
2023-07-06,1059,122,71,77,43,51,34,0.5819672131147541,0.5584415584415584,114
2023-07-07,1059,149,76,86,47,73,39,0.5100671140939598,0.5465116279069767,123
2023-07-08,1059,133,82,66,39,51,27,0.6165413533834586,0.5909090909090909,121
2023-07-09,1059,107,73,77,46,34,31,0.6822429906542056,0.5974025974025974,119
2023-07-10,1059,111,84,62,48,27,14,0.7567567567567568,0.7741935483870968,132
2023-07-11,1059,101,74,53,41,27,12,0.7326732673267327,0.7735849056603774,115
2023-07-12,1059,115,79,63,34,36,29,0.6869565217391305,0.5396825396825397,113
2023-07-13,1059,148,98,71,44,50,27,0.6621621621621622,0.6197183098591549,142
2023-07-14,1059,118,81,67,35,37,32,0.6864406779661016,0.5223880597014925,116
2023-07-15,1059,113,65,82,38,48,44,0.5752212389380531,0.4634146341463415,103
2023-07-16,1059,122,86,88,31,36,57,0.7049180327868853,0.3522727272727273,117
2023-07-17,1059,105,93,83,28,12,55,0.8857142857142857,0.3373493975903614,121
2023-07-18,1059,138,87,87,41,51,46,0.6304347826086957,0.47126436781609193,128
2023-07-19,1059,133,85,68,40,48,28,0.6390977443609023,0.5882352941176471,125
2023-07-20,1059,110,81,82,33,29,49,0.7363636363636363,0.4024390243902439,114
2023-07-21,1059,107,82,71,37,25,34,0.7663551401869159,0.5211267605633803,119
2023-07-22,1059,143,91,57,42,52,15,0.6363636363636364,0.7368421052631579,133
2023-07-23,1059,136,75,77,46,61,31,0.5514705882352942,0.5974025974025974,121
2023-07-24,1059,135,73,70,42,62,28,0.5407407407407407,0.6,115
2023-07-25,1059,113,64,95,44,49,51,0.5663716814159292,0.4631578947368421,108
2023-07-26,1059,132,86,63,40,46,23,0.6515151515151515,0.6349206349206349,126
2023-07-27,1059,136,84,60,42,52,18,0.6176470588235294,0.7,126
2023-07-28,1059,115,71,82,37,44,45,0.6173913043478261,0.45121951219512196,108
2023-07-29,1059,146,86,77,41,60,36,0.589041095890411,0.5324675324675324,127
2023-07-30,1059,114,80,84,27,34,57,0.7017543859649122,0.32142857142857145,107
2023-07-31,1059,147,82,79,43,65,36,0.5578231292517006,0.5443037974683544,125
2023-08-01,1059,132,56,60,41,76,19,0.42424242424242425,0.6833333333333333,97
2023-08-02,1059,141,73,87,43,68,44,0.5177304964539007,0.4942528735632184,116
2023-08-03,1059,112,82,65,47,30,18,0.7321428571428571,0.7230769230769231,129
2023-08-04,1059,149,87,93,30,62,63,0.5838926174496645,0.3225806451612903,117
2023-08-05,1059,143,90,84,60,53,24,0.6293706293706294,0.7142857142857143,150
2023-08-06,1059,129,76,85,35,53,50,0.5891472868217055,0.4117647058823529,111
2023-08-07,1059,134,107,93,38,27,55,0.7985074626865671,0.40860215053763443,145
2023-08-08,1059,141,73,100,46,68,54,0.5177304964539007,0.46,119
2023-08-09,1059,136,71,57,38,65,19,0.5220588235294118,0.6666666666666666,109
2023-08-10,1059,128,81,64,37,47,27,0.6328125,0.578125,118
2023-08-11,1059,145,87,60,39,58,21,0.6,0.65,126
2023-08-12,1059,133,77,54,41,56,13,0.5789473684210527,0.7592592592592593,118
2023-08-13,1059,102,90,56,46,12,10,0.8823529411764706,0.8214285714285714,136
2023-08-14,1059,125,93,56,51,32,5,0.744,0.9107142857142857,144
2023-08-15,1059,125,75,91,36,50,55,0.6,0.3956043956043956,111
2023-08-16,1059,138,84,91,37,54,54,0.6086956521739131,0.4065934065934066,121
2023-08-17,1059,130,79,80,59,51,21,0.6076923076923076,0.7375,138
2023-08-18,1059,140,61,81,45,79,36,0.4357142857142857,0.5555555555555556,106
2023-08-19,1059,145,83,85,41,62,44,0.5724137931034483,0.4823529411764706,124
2023-08-20,1059,149,86,62,38,63,24,0.5771812080536913,0.6129032258064516,124
2023-08-21,1059,124,72,53,43,52,10,0.5806451612903226,0.8113207547169812,115
2023-08-22,1059,132,79,68,29,53,39,0.5984848484848485,0.4264705882352941,108
2023-08-23,1059,142,84,83,45,58,38,0.5915492957746479,0.54216867469879515,129
2023-08-24,1059,150,88,67,47,62,20,0.5866666666666667,0.7014925373134329,135
2023-08-25,1059,120,86,55,46,34,9,0.7166666666666667,0.8363636363636363,132
2023-08-26,1059,135,76,60,31,59,29,0.562962962962963,0.5166666666666667,107
2023-08-27,1059,138,80,79,37,58,42,0.5797101449275363,0.46835443037974683,117
2023-08-28,1059,117,83,72,30,34,42,0.7094017094017094,0.4166666666666667,113
2023-08-29,1059,141,83,53,40,58,13,0.5886524822695035,0.7547169811320755,123
2023-08-30,1059,126,76,66,50,50,16,0.6031746031746031,0.7575757575757576,126
2023-08-31,1059,137,80,59,35,57,24,0.583941605839416,0.5932203389830508,115
2023-09-01,1059,145,76,84,38,69,46,0.5241379310344828,0.4523809523809524,114
2023-09-02,1059,138,69,99,33,69,66,0.5,0.3333333333333333,102
2023-09-03,1059,110,65,94,43,45,51,0.5909090909090909,0.4574468085106383,108
2023-09-04,1059,130,94,94,36,36,58,0.7230769230769231,0.3829787234042553,130
2023-09-05,1059,103,73,81,41,30,40,0.7087378640776699,0.5061728395061729,114
2023-09-06,1059,125,76,71,43,49,28,0.608,0.6056338028169014,119
2023-09-07,1059,122,88,69,47,34,22,0.7213114754098361,0.6811594202898551,135
2023-09-08,1059,114,77,69,55,37,14,0.6754385964912281,0.7971014492753623,132
2023-09-09,1059,143,80,86,41,63,45,0.5594405594405595,0.47674418604651164,121
2023-09-10,1059,131,81,80,45,50,35,0.6183206106870229,0.5625,126
2023-09-11,1059,112,90,82,32,22,50,0.8035714285714286,0.3902439024390244,122
2023-09-12,1059,147,71,56,37,76,19,0.48299319727891155,0.6607142857142857,108
2023-09-13,1059,104,69,99,37,35,62,0.6634615384615384,0.37373737373737376,106
2023-09-14,1059,136,93,67,47,43,20,0.6838235294117647,0.7014925373134329,140
2023-09-15,1059,128,73,90,38,55,52,0.5703125,0.4222222222222222,111
2023-09-16,1059,150,69,66,37,81,29,0.46,0.5606060606060606,106
2023-09-17,1059,147,74,67,50,73,17,0.5034013605442177,0.746268656716418,124
2023-09-18,1059,124,86,86,40,38,46,0.6935483870967742,0.46511627906976744,126
2023-09-19,1059,129,76,62,51,53,11,0.5891472868217055,0.8225806451612904,127
2023-09-20,1059,125,87,60,48,38,12,0.696,0.8,135
2023-09-21,1059,118,89,85,52,29,33,0.7542372881355932,0.611764705882353,141
2023-09-22,1059,112,94,59,51,18,8,0.8392857142857143,0.864406779661017,145
2023-09-23,1059,104,80,74,39,24,35,0.7692307692307693,0.527027027027027,119
2023-09-24,1059,125,69,76,41,56,35,0.552,0.5394736842105263,110
2023-09-25,1059,147,69,88,43,78,45,0.46938775510204084,0.48863636363636365,112
2023-09-26,1059,120,65,60,43,55,17,0.5416666666666666,0.7166666666666667,108
2023-09-27,1059,130,85,71,26,45,45,0.6538461538461539,0.36619718309859156,111
2023-09-28,1059,147,67,57,49,80,8,0.4557823129251701,0.8596491228070176,116
2023-09-29,1059,105,74,94,43,31,51,0.7047619047619048,0.4574468085106383,117
2023-09-30,1059,149,76,89,45,73,44,0.5100671140939598,0.5056179775280899,121
2023-10-01,1059,137,70,56,38,67,18,0.5109489051094891,0.6785714285714286,108
2023-10-02,1059,144,75,65,39,69,26,0.5208333333333334,0.6,114
2023-10-03,1059,103,87,68,40,16,28,0.8446601941747572,0.5882352941176471,127
2023-10-04,1059,126,71,77,35,55,42,0.5634920634920635,0.45454545454545453,106
2023-10-05,1059,133,67,96,46,66,50,0.5037593984962406,0.4791666666666667,113
2023-10-06,1059,140,89,62,40,51,22,0.6357142857142857,0.6451612903225806,129
2023-10-07,1059,120,77,56,41,43,15,0.6416666666666667,0.7321428571428571,118
2023-10-08,1059,133,75,62,29,58,33,0.5639097744360902,0.46774193548387094,104
2023-10-09,1059,112,67,76,45,45,31,0.5982142857142857,0.5921052631578947,112
2023-10-10,1059,108,90,78,43,18,35,0.8333333333333334,0.5512820512820513,133
2023-10-11,1059,141,86,55,37,55,18,0.6099290780141844,0.6727272727272727,123
2023-10-12,1059,138,75,70,38,63,32,0.5434782608695652,0.5428571428571428,113
2023-10-13,1059,123,78,70,30,45,40,0.6341463414634146,0.42857142857142855,108
2023-10-14,1059,113,80,67,43,33,24,0.7079646017699115,0.6417910447761194,123
2023-10-15,1059,142,70,60,46,72,14,0.49295774647887325,0.7666666666666667,116
2023-10-16,1059,126,85,72,42,41,30,0.6746031746031746,0.5833333333333334,127
2023-10-17,1059,126,77,67,34,49,33,0.6111111111111112,0.5074626865671642,111
2023-10-18,1059,122,88,67,36,34,31,0.7213114754098361,0.5373134328358209,124
2023-10-19,1059,121,81,75,32,40,43,0.6694214876033058,0.4266666666666667,113
2023-10-20,1059,140,78,86,45,62,41,0.5571428571428572,0.5232558139534884,123
2023-10-21,1059,106,89,75,44,17,31,0.839622641509434,0.5866666666666667,133
2023-10-22,1059,101,85,98,45,16,53,0.8415841584158416,0.45918367346938777,130
2023-10-23,1059,112,92,66,42,20,24,0.8214285714285714,0.6363636363636364,134
2023-10-24,1059,118,78,75,41,40,34,0.6610169491525424,0.5466666666666666,119
2023-10-25,1059,139,64,50,32,75,18,0.460431654676259,0.64,96
2023-10-26,1059,141,88,91,38,53,53,0.624113475177305,0.4175824175824176,126
2023-10-27,1059,117,96,61,47,21,14,0.8205128205128205,0.7704918032786885,143
2023-10-28,1059,135,71,93,37,64,56,0.5259259259259259,0.3978494623655914,108
2023-10-29,1059,115,70,70,41,45,29,0.6086956521739131,0.5857142857142857,111
2023-10-30,1059,132,67,99,53,65,46,0.5075757575757576,0.5353535353535354,120
2023-10-31,1059,123,88,52,52,35,0,0.7154471544715447,1,140
2023-11-01,1059,111,84,94,42,27,52,0.7567567567567568,0.44680851063829785,126
2023-11-02,1059,107,82,66,37,25,29,0.7663551401869159,0.5606060606060606,119
2023-11-03,1059,102,78,80,40,24,40,0.7647058823529411,0.5,118
2023-11-04,1059,125,107,81,33,18,48,0.856,0.4074074074074074,140
2023-11-05,1059,103,66,73,35,37,38,0.6407766990291263,0.4794520547945205,101
2023-11-06,1059,125,90,54,27,35,27,0.72,0.5,117
2023-11-07,1059,137,69,88,30,68,58,0.5036496350364964,0.3409090909090909,99
2023-11-08,1059,121,78,53,40,43,13,0.6446280991735537,0.7547169811320755,118
2023-11-09,1059,122,76,65,46,46,19,0.6229508196721312,0.7076923076923077,122
2023-11-10,1059,143,72,67,45,71,22,0.5034965034965035,0.6716417910447762,117
2023-11-11,1059,101,101,69,34,0,35,1,0.4927536231884058,135
2023-11-12,1059,118,80,86,44,38,42,0.6779661016949152,0.5116279069767442,124
2023-11-13,1059,150,79,58,40,71,18,0.5266666666666666,0.6896551724137931,119
2023-11-14,1059,149,68,58,40,81,18,0.4563758389261745,0.6896551724137931,108
2023-11-15,1059,128,75,91,44,53,47,0.5859375,0.4835164835164835,119
2023-11-16,1059,133,79,59,43,54,16,0.5939849624060151,0.7288135593220338,122
2023-11-17,1059,149,78,73,36,71,37,0.5234899328859061,0.4931506849315068,114
2023-11-18,1059,135,69,80,31,66,49,0.5111111111111111,0.3875,100
2023-11-19,1059,124,87,87,43,37,44,0.7016129032258065,0.4942528735632184,130
2023-11-20,1059,118,92,99,35,26,64,0.7796610169491526,0.35353535353535354,127
2023-11-21,1059,100,84,83,39,16,44,0.84,0.46987951807228917,123
2023-11-22,1059,114,70,81,46,44,35,0.6140350877192983,0.5679012345679012,116
2023-11-23,1059,131,97,63,33,34,30,0.7404580152671756,0.5238095238095238,130
2023-11-24,1059,122,77,69,41,45,28,0.6311475409836066,0.5942028985507246,118
2023-11-25,1059,127,71,85,41,56,44,0.5590551181102362,0.4823529411764706,112
2023-11-26,1059,113,78,59,51,35,8,0.6902654867256637,0.864406779661017,129
2023-11-27,1059,148,81,51,45,67,6,0.5472972972972973,0.8823529411764706,126
2023-11-28,1059,117,85,80,39,32,41,0.7264957264957265,0.4875,124
2023-11-29,1059,130,83,55,38,47,17,0.6384615384615384,0.6909090909090909,121
2023-11-30,1059,148,80,98,33,68,65,0.5405405405405406,0.336734693877551,113
2023-12-01,1059,121,84,69,38,37,31,0.6942148760330579,0.5507246376811594,122
2023-12-02,1059,117,79,94,37,38,57,0.6752136752136753,0.39361702127659576,116
2023-12-03,1059,105,72,74,48,33,26,0.6857142857142857,0.6486486486486487,120
2023-12-04,1059,137,88,92,40,49,52,0.6423357664233577,0.43478260869565216,128
2023-12-05,1059,117,78,52,46,39,6,0.6666666666666666,0.8846153846153846,124
2023-12-06,1059,105,78,88,47,27,41,0.7428571428571429,0.5340909090909091,125
2023-12-07,1059,132,76,58,46,56,12,0.5757575757575758,0.7931034482758621,122
2023-12-08,1059,107,86,72,30,21,42,0.8037383177570093,0.4166666666666667,116
2023-12-09,1059,114,75,88,37,39,51,0.6578947368421053,0.42045454545454547,112
2023-12-10,1059,132,60,52,38,72,14,0.45454545454545453,0.7307692307692307,98
2023-12-11,1059,112,82,60,43,30,17,0.7321428571428571,0.7166666666666667,125
2023-12-12,1059,148,90,72,36,58,36,0.6081081081081081,0.5,126
2023-12-13,1059,106,99,76,47,7,29,0.9339622641509434,0.618421052631579,146
2023-12-14,1059,146,77,82,42,69,40,0.5273972602739726,0.5121951219512195,119
2023-12-15,1059,112,72,72,35,40,37,0.6428571428571429,0.4861111111111111,107
2023-12-16,1059,128,92,91,59,36,32,0.71875,0.6483516483516484,151
2023-12-17,1059,122,86,86,44,36,42,0.7049180327868853,0.5116279069767442,130
2023-12-18,1059,111,76,75,39,35,36,0.6846846846846847,0.52,115
2023-12-19,1059,110,78,84,34,32,50,0.7090909090909091,0.40476190476190477,112
2023-12-20,1059,126,83,51,40,43,11,0.6587301587301587,0.7843137254901961,123
2023-12-21,1059,110,79,78,34,31,44,0.7181818181818181,0.4358974358974359,113
2023-12-22,1059,134,96,80,43,38,37,0.7164179104477612,0.5375,139
2023-12-23,1059,116,78,63,37,38,26,0.6724137931034483,0.5873015873015873,115
2023-12-24,1059,141,72,66,37,69,29,0.5106382978723404,0.5606060606060606,109
2023-12-25,1059,124,93,58,35,31,23,0.75,0.603448275862069,128
2023-12-26,1059,132,82,72,55,50,17,0.6212121212121212,0.7638888888888888,137
2023-12-27,1059,140,87,95,41,53,54,0.6214285714285714,0.43157894736842106,128
2023-12-28,1059,141,73,96,36,68,60,0.5177304964539007,0.375,109
2023-12-29,1059,137,81,89,41,56,48,0.5912408759124088,0.4606741573033708,122
2023-12-30,1059,150,76,88,43,74,45,0.5066666666666667,0.48863636363636365,119
2023-12-31,1059,129,64,81,38,65,43,0.49612403100775193,0.4691358024691358,102
2023-01-01,1060,119,94,78,46,25,32,0.7899159663865546,0.5897435897435898,140
2023-01-02,1060,121,77,95,46,44,49,0.6363636363636364,0.4842105263157895,123
2023-01-03,1060,122,73,85,29,49,56,0.5983606557377049,0.3411764705882353,102
2023-01-04,1060,117,71,89,39,46,50,0.6068376068376068,0.43820224719101125,110
2023-01-05,1060,135,93,59,30,42,29,0.6888888888888889,0.5084745762711864,123
2023-01-06,1060,123,88,56,39,35,17,0.7154471544715447,0.6964285714285714,127
2023-01-07,1060,147,87,59,42,60,17,0.5918367346938775,0.711864406779661,129
2023-01-08,1060,136,74,79,32,62,47,0.5441176470588235,0.4050632911392405,106
2023-01-09,1060,136,67,83,37,69,46,0.49264705882352944,0.4457831325301205,104
2023-01-10,1060,125,81,66,43,44,23,0.648,0.6515151515151515,124
2023-01-11,1060,131,76,55,43,55,12,0.5801526717557252,0.7818181818181819,119
2023-01-12,1060,108,92,72,35,16,37,0.8518518518518519,0.4861111111111111,127
2023-01-13,1060,144,79,69,32,65,37,0.5486111111111112,0.463768115942029,111
2023-01-14,1060,150,87,73,31,63,42,0.58,0.4246575342465753,118
2023-01-15,1060,141,81,77,48,60,29,0.574468085106383,0.6233766233766234,129
2023-01-16,1060,132,80,73,39,52,34,0.6060606060606061,0.5342465753424658,119
2023-01-17,1060,108,92,64,42,16,22,0.8518518518518519,0.65625,134
2023-01-18,1060,109,82,74,40,27,34,0.7522935779816514,0.5405405405405406,122
2023-01-19,1060,118,56,81,29,62,52,0.4745762711864407,0.35802469135802467,85
2023-01-20,1060,103,80,95,37,23,58,0.7766990291262136,0.3894736842105263,117
2023-01-21,1060,123,85,90,42,38,48,0.6910569105691057,0.4666666666666667,127
2023-01-22,1060,133,75,67,39,58,28,0.5639097744360902,0.582089552238806,114
2023-01-23,1060,126,83,52,38,43,14,0.6587301587301587,0.7307692307692307,121
2023-01-24,1060,147,91,80,32,56,48,0.6190476190476191,0.4,123
2023-01-25,1060,134,79,97,38,55,59,0.5895522388059702,0.3917525773195876,117
2023-01-26,1060,112,74,90,43,38,47,0.6607142857142857,0.4777777777777778,117
2023-01-27,1060,107,70,68,39,37,29,0.6542056074766355,0.5735294117647058,109
2023-01-28,1060,114,78,75,23,36,52,0.6842105263157895,0.30666666666666664,101
2023-01-29,1060,116,88,83,29,28,54,0.7586206896551724,0.3493975903614458,117
2023-01-30,1060,106,68,81,35,38,46,0.6415094339622641,0.43209876543209874,103
2023-01-31,1060,131,98,77,39,33,38,0.7480916030534351,0.5064935064935064,137
2023-02-01,1060,146,79,57,42,67,15,0.541095890410959,0.7368421052631579,121
2023-02-02,1060,102,86,64,42,16,22,0.8431372549019608,0.65625,128
2023-02-03,1060,113,83,56,44,30,12,0.7345132743362832,0.7857142857142857,127
2023-02-04,1060,149,83,76,32,66,44,0.5570469798657718,0.42105263157894735,115
2023-02-05,1060,148,76,69,38,72,31,0.5135135135135135,0.5507246376811594,114
2023-02-06,1060,122,90,81,51,32,30,0.7377049180327869,0.6296296296296297,141
2023-02-07,1060,128,97,96,33,31,63,0.7578125,0.34375,130
2023-02-08,1060,126,76,75,43,50,32,0.6031746031746031,0.5733333333333334,119
2023-02-09,1060,100,82,63,33,18,30,0.82,0.5238095238095238,115
2023-02-10,1060,142,69,56,40,73,16,0.4859154929577465,0.7142857142857143,109
2023-02-11,1060,113,83,52,38,30,14,0.7345132743362832,0.7307692307692307,121
2023-02-12,1060,129,86,90,48,43,42,0.6666666666666666,0.5333333333333333,134
2023-02-13,1060,111,94,78,41,17,37,0.8468468468468469,0.5256410256410257,135
2023-02-14,1060,120,71,95,38,49,57,0.5916666666666667,0.4,109
2023-02-15,1060,138,82,100,37,56,63,0.5942028985507246,0.37,119
2023-02-16,1060,124,71,84,53,53,31,0.5725806451612904,0.6309523809523809,124
2023-02-17,1060,139,88,66,34,51,32,0.6330935251798561,0.5151515151515151,122
2023-02-18,1060,148,70,86,40,78,46,0.47297297297297297,0.46511627906976744,110
2023-02-19,1060,135,84,99,32,51,67,0.6222222222222222,0.32323232323232326,116
2023-02-20,1060,104,79,100,39,25,61,0.7596153846153846,0.39,118
2023-02-21,1060,110,69,83,37,41,46,0.6272727272727273,0.4457831325301205,106
2023-02-22,1060,147,97,96,54,50,42,0.6598639455782312,0.5625,151
2023-02-23,1060,141,74,98,48,67,50,0.524822695035461,0.4897959183673469,122
2023-02-24,1060,113,87,69,50,26,19,0.7699115044247787,0.7246376811594203,137
2023-02-25,1060,147,91,78,34,56,44,0.6190476190476191,0.4358974358974359,125
2023-02-26,1060,135,89,76,47,46,29,0.6592592592592592,0.618421052631579,136
2023-02-27,1060,104,91,83,55,13,28,0.875,0.6626506024096386,146
2023-02-28,1060,102,71,95,42,31,53,0.696078431372549,0.4421052631578947,113
2023-03-01,1060,103,77,59,39,26,20,0.7475728155339806,0.6610169491525424,116
2023-03-02,1060,123,67,65,29,56,36,0.5447154471544715,0.4461538461538462,96
2023-03-03,1060,104,75,72,38,29,34,0.7211538461538461,0.5277777777777778,113
2023-03-04,1060,133,72,63,49,61,14,0.5413533834586466,0.7777777777777778,121
2023-03-05,1060,128,80,80,39,48,41,0.625,0.4875,119
2023-03-06,1060,134,85,57,43,49,14,0.6343283582089553,0.7543859649122807,128
2023-03-07,1060,117,82,74,43,35,31,0.7008547008547008,0.581081081081081,125
2023-03-08,1060,102,75,91,32,27,59,0.7352941176470589,0.3516483516483517,107
2023-03-09,1060,130,82,86,42,48,44,0.6307692307692307,0.4883720930232558,124
2023-03-10,1060,110,77,58,45,33,13,0.7,0.7758620689655172,122
2023-03-11,1060,112,81,63,45,31,18,0.7232142857142857,0.7142857142857143,126
2023-03-12,1060,140,80,95,45,60,50,0.5714285714285714,0.47368421052631576,125
2023-03-13,1060,131,83,94,40,48,54,0.6335877862595419,0.425531914893617,123
2023-03-14,1060,122,74,84,36,48,48,0.6065573770491803,0.42857142857142855,110
2023-03-15,1060,109,85,60,35,24,25,0.7798165137614679,0.5833333333333334,120
2023-03-16,1060,147,76,96,41,71,55,0.5170068027210885,0.4270833333333333,117
2023-03-17,1060,103,98,77,55,5,22,0.9514563106796117,0.7142857142857143,153
2023-03-18,1060,109,86,84,40,23,44,0.7889908256880734,0.47619047619047616,126
2023-03-19,1060,142,77,65,45,65,20,0.5422535211267606,0.6923076923076923,122
2023-03-20,1060,104,79,56,52,25,4,0.7596153846153846,0.9285714285714286,131
2023-03-21,1060,117,82,95,38,35,57,0.7008547008547008,0.4,120
2023-03-22,1060,147,58,85,49,89,36,0.3945578231292517,0.5764705882352941,107
2023-03-23,1060,145,82,50,50,63,0,0.5655172413793104,1,132
2023-03-24,1060,136,75,93,49,61,44,0.5514705882352942,0.5268817204301075,124
2023-03-25,1060,139,70,60,42,69,18,0.5035971223021583,0.7,112
2023-03-26,1060,108,104,62,25,4,37,0.9629629629629629,0.4032258064516129,129
2023-03-27,1060,121,89,90,35,32,55,0.7355371900826446,0.3888888888888889,124
2023-03-28,1060,114,96,74,29,18,45,0.8421052631578947,0.3918918918918919,125
2023-03-29,1060,132,89,51,36,43,15,0.6742424242424242,0.7058823529411765,125
2023-03-30,1060,119,90,84,26,29,58,0.7563025210084033,0.30952380952380953,116
2023-03-31,1060,124,82,93,38,42,55,0.6612903225806451,0.40860215053763443,120
2023-04-01,1060,100,78,95,46,22,49,0.78,0.4842105263157895,124
2023-04-02,1060,127,78,98,43,49,55,0.6141732283464567,0.4387755102040816,121
2023-04-03,1060,100,84,74,47,16,27,0.84,0.6351351351351351,131
2023-04-04,1060,111,70,65,37,41,28,0.6306306306306306,0.5692307692307692,107
2023-04-05,1060,150,85,54,38,65,16,0.5666666666666667,0.7037037037037037,123
2023-04-06,1060,128,84,71,39,44,32,0.65625,0.5492957746478874,123
2023-04-07,1060,139,70,51,35,69,16,0.5035971223021583,0.6862745098039216,105
2023-04-08,1060,135,80,99,51,55,48,0.5925925925925926,0.5151515151515151,131
2023-04-09,1060,122,79,84,48,43,36,0.6475409836065574,0.5714285714285714,127
2023-04-10,1060,106,74,62,45,32,17,0.6981132075471698,0.7258064516129032,119
2023-04-11,1060,106,85,60,39,21,21,0.8018867924528302,0.65,124
2023-04-12,1060,137,82,57,42,55,15,0.5985401459854015,0.7368421052631579,124
2023-04-13,1060,110,74,84,46,36,38,0.6727272727272727,0.5476190476190477,120
2023-04-14,1060,111,87,79,34,24,45,0.7837837837837838,0.43037974683544306,121
2023-04-15,1060,110,77,97,39,33,58,0.7,0.4020618556701031,116
2023-04-16,1060,139,66,68,36,73,32,0.4748201438848921,0.5294117647058824,102
2023-04-17,1060,138,86,64,32,52,32,0.6231884057971014,0.5,118
2023-04-18,1060,118,70,54,47,48,7,0.5932203389830508,0.8703703703703703,117
2023-04-19,1060,140,88,90,35,52,55,0.6285714285714286,0.3888888888888889,123
2023-04-20,1060,110,90,73,42,20,31,0.8181818181818182,0.5753424657534246,132
2023-04-21,1060,123,81,82,42,42,40,0.6585365853658537,0.5121951219512195,123
2023-04-22,1060,115,78,60,35,37,25,0.6782608695652174,0.5833333333333334,113
2023-04-23,1060,145,72,54,35,73,19,0.496551724137931,0.6481481481481481,107
2023-04-24,1060,101,79,75,36,22,39,0.7821782178217822,0.48,115
2023-04-25,1060,129,71,79,42,58,37,0.5503875968992248,0.5316455696202531,113
2023-04-26,1060,103,92,75,44,11,31,0.8932038834951457,0.5866666666666667,136
2023-04-27,1060,108,84,59,42,24,17,0.7777777777777778,0.711864406779661,126
2023-04-28,1060,129,73,61,39,56,22,0.5658914728682171,0.639344262295082,112
2023-04-29,1060,131,81,94,38,50,56,0.6183206106870229,0.40425531914893614,119
2023-04-30,1060,117,83,91,52,34,39,0.7094017094017094,0.5714285714285714,135
2023-05-01,1060,108,73,52,37,35,15,0.6759259259259259,0.7115384615384616,110
2023-05-02,1060,132,81,52,38,51,14,0.6136363636363636,0.7307692307692307,119
2023-05-03,1060,104,77,75,31,27,44,0.7403846153846154,0.41333333333333333,108
2023-05-04,1060,128,77,72,34,51,38,0.6015625,0.4722222222222222,111
2023-05-05,1060,117,82,73,36,35,37,0.7008547008547008,0.4931506849315068,118
2023-05-06,1060,122,86,92,45,36,47,0.7049180327868853,0.4891304347826087,131
2023-05-07,1060,146,77,72,48,69,24,0.5273972602739726,0.6666666666666666,125
2023-05-08,1060,116,88,62,46,28,16,0.7586206896551724,0.7419354838709677,134
2023-05-09,1060,142,84,96,43,58,53,0.5915492957746479,0.4479166666666667,127
2023-05-10,1060,132,81,82,32,51,50,0.6136363636363636,0.3902439024390244,113
2023-05-11,1060,120,71,50,42,49,8,0.5916666666666667,0.84,113
2023-05-12,1060,134,73,84,46,61,38,0.5447761194029851,0.5476190476190477,119
2023-05-13,1060,141,78,82,34,63,48,0.5531914893617021,0.4146341463414634,112
2023-05-14,1060,136,67,98,36,69,62,0.49264705882352944,0.3673469387755102,103
2023-05-15,1060,134,80,87,31,54,56,0.5970149253731343,0.3563218390804598,111
2023-05-16,1060,133,69,55,41,64,14,0.518796992481203,0.7454545454545455,110
2023-05-17,1060,106,88,51,45,18,6,0.8301886792452831,0.8823529411764706,133
2023-05-18,1060,142,79,91,44,63,47,0.5563380281690141,0.4835164835164835,123
2023-05-19,1060,101,68,84,44,33,40,0.6732673267326733,0.5238095238095238,112
2023-05-20,1060,121,78,79,38,43,41,0.6446280991735537,0.4810126582278481,116
2023-05-21,1060,123,81,75,53,42,22,0.6585365853658537,0.7066666666666667,134
2023-05-22,1060,148,69,71,39,79,32,0.46621621621621623,0.5492957746478874,108
2023-05-23,1060,125,76,96,34,49,62,0.608,0.3541666666666667,110
2023-05-24,1060,110,77,76,41,33,35,0.7,0.5394736842105263,118
2023-05-25,1060,143,83,98,31,60,67,0.5804195804195804,0.3163265306122449,114
2023-05-26,1060,119,79,84,39,40,45,0.6638655462184874,0.4642857142857143,118
2023-05-27,1060,135,66,62,50,69,12,0.4888888888888889,0.8064516129032258,116
2023-05-28,1060,143,80,52,41,63,11,0.5594405594405595,0.7884615384615384,121
2023-05-29,1060,135,84,66,31,51,35,0.6222222222222222,0.4696969696969697,115
2023-05-30,1060,109,88,51,46,21,5,0.8073394495412844,0.9019607843137255,134
2023-05-31,1060,126,71,57,35,55,22,0.5634920634920635,0.6140350877192983,106
2023-06-01,1060,136,82,99,46,54,53,0.6029411764705882,0.46464646464646464,128
2023-06-02,1060,145,76,61,40,69,21,0.5241379310344828,0.6557377049180327,116
2023-06-03,1060,123,85,58,24,38,34,0.6910569105691057,0.41379310344827586,109
2023-06-04,1060,149,87,89,46,62,43,0.5838926174496645,0.5168539325842697,133
2023-06-05,1060,148,80,57,37,68,20,0.5405405405405406,0.6491228070175439,117
2023-06-06,1060,113,70,56,38,43,18,0.6194690265486725,0.6785714285714286,108
2023-06-07,1060,116,91,59,34,25,25,0.7844827586206896,0.576271186440678,125
2023-06-08,1060,116,89,89,44,27,45,0.7672413793103449,0.4943820224719101,133
2023-06-09,1060,136,78,88,43,58,45,0.5735294117647058,0.48863636363636365,121
2023-06-10,1060,122,80,58,45,42,13,0.6557377049180327,0.7758620689655172,125
2023-06-11,1060,137,69,94,37,68,57,0.5036496350364964,0.39361702127659576,106
2023-06-12,1060,110,102,96,47,8,49,0.9272727272727272,0.4895833333333333,149
2023-06-13,1060,114,68,88,41,46,47,0.5964912280701754,0.4659090909090909,109
2023-06-14,1060,148,64,76,32,84,44,0.43243243243243246,0.42105263157894735,96
2023-06-15,1060,112,77,53,33,35,20,0.6875,0.6226415094339622,110
2023-06-16,1060,106,76,99,37,30,62,0.71698113207547165,0.37373737373737376,113
2023-06-17,1060,148,77,52,44,71,8,0.5202702702702703,0.8461538461538461,121
2023-06-18,1060,113,81,63,54,32,9,0.7168141592920354,0.8571428571428571,135
2023-06-19,1060,120,82,63,45,38,18,0.6833333333333333,0.7142857142857143,127
2023-06-20,1060,121,63,79,34,58,45,0.5206611570247934,0.43037974683544306,97
2023-06-21,1060,123,93,65,32,30,33,0.7560975609756098,0.49230769230769234,125
2023-06-22,1060,127,69,51,39,58,12,0.5433070866141733,0.7647058823529411,108
2023-06-23,1060,102,89,79,42,13,37,0.8725490196078431,0.5316455696202531,131
2023-06-24,1060,143,76,73,33,67,40,0.5314685314685315,0.4520547945205479,109
2023-06-25,1060,117,74,87,49,43,38,0.6324786324786325,0.5632183908045977,123
2023-06-26,1060,147,70,64,33,77,31,0.47619047619047616,0.515625,103
2023-06-27,1060,103,77,83,45,26,38,0.7475728155339806,0.54216867469879515,122
2023-06-28,1060,127,83,71,42,44,29,0.6535433070866141,0.5915492957746479,125
2023-06-29,1060,149,90,53,37,59,16,0.6040268456375839,0.6981132075471698,127
2023-06-30,1060,101,68,53,43,33,10,0.6732673267326733,0.8113207547169812,111
2023-07-01,1060,132,81,87,56,51,31,0.6136363636363636,0.6436781609195402,137
2023-07-02,1060,136,76,88,41,60,47,0.5588235294117647,0.4659090909090909,117
2023-07-03,1060,136,77,98,45,59,53,0.5661764705882353,0.45918367346938777,122
2023-07-04,1060,115,90,66,41,25,25,0.782608695652174,0.6212121212121212,131
2023-07-05,1060,106,78,83,30,28,53,0.7358490566037735,0.3614457831325301,108
2023-07-06,1060,143,70,64,39,73,25,0.48951048951048953,0.609375,109
2023-07-07,1060,108,81,55,34,27,21,0.75,0.6181818181818182,115
2023-07-08,1060,101,91,81,41,10,40,0.900990099009901,0.5061728395061729,132
2023-07-09,1060,139,65,58,37,74,21,0.4676258992805755,0.6379310344827587,102
2023-07-10,1060,131,96,85,37,35,48,0.732824427480916,0.43529411764705883,133
2023-07-11,1060,110,80,90,36,30,54,0.7272727272727273,0.4,116
2023-07-12,1060,147,78,60,40,69,20,0.5306122448979592,0.6666666666666666,118
2023-07-13,1060,145,77,64,46,68,18,0.5310344827586206,0.71875,123
2023-07-14,1060,144,79,62,42,65,20,0.5486111111111112,0.6774193548387096,121
2023-07-15,1060,144,74,77,45,70,32,0.5138888888888888,0.5844155844155844,119
2023-07-16,1060,143,88,80,48,55,32,0.6153846153846154,0.6,136
2023-07-17,1060,138,87,96,42,51,54,0.6304347826086957,0.4375,129
2023-07-18,1060,115,84,93,38,31,55,0.7304347826086957,0.40860215053763443,122
2023-07-19,1060,149,72,68,48,77,20,0.48322147651006714,0.7058823529411765,120
2023-07-20,1060,107,84,78,33,23,45,0.7850467289719626,0.4230769230769231,117
2023-07-21,1060,103,85,55,38,18,17,0.8252427184466019,0.6909090909090909,123
2023-07-22,1060,147,87,81,47,60,34,0.5918367346938775,0.5802469135802469,134
2023-07-23,1060,127,66,84,30,61,54,0.5196850393700787,0.35714285714285715,96
2023-07-24,1060,108,89,90,38,19,52,0.8240740740740741,0.4222222222222222,127
2023-07-25,1060,119,81,54,38,38,16,0.680672268907563,0.7037037037037037,119
2023-07-26,1060,146,89,86,28,57,58,0.6095890410958904,0.32558139534883723,117
2023-07-27,1060,147,82,80,41,65,39,0.5578231292517006,0.5125,123
2023-07-28,1060,127,71,56,37,56,19,0.5590551181102362,0.6607142857142857,108
2023-07-29,1060,125,98,59,41,27,18,0.784,0.6949152542372882,139
2023-07-30,1060,114,89,56,30,25,26,0.7807017543859649,0.5357142857142857,119
2023-07-31,1060,144,77,69,33,67,36,0.5347222222222222,0.4782608695652174,110
2023-08-01,1060,146,76,57,39,70,18,0.5205479452054794,0.6842105263157895,115
2023-08-02,1060,109,71,96,37,38,59,0.6513761467889908,0.3854166666666667,108
2023-08-03,1060,119,78,58,45,41,13,0.6554621848739496,0.7758620689655172,123
2023-08-04,1060,149,82,59,35,67,24,0.5503355704697986,0.5932203389830508,117
2023-08-05,1060,129,81,97,35,48,62,0.627906976744186,0.36082474226804123,116
2023-08-06,1060,125,60,83,52,65,31,0.48,0.6265060240963856,112
2023-08-07,1060,116,83,90,44,33,46,0.7155172413793104,0.4888888888888889,127
2023-08-08,1060,108,70,54,46,38,8,0.6481481481481481,0.8518518518518519,116
2023-08-09,1060,101,67,55,38,34,17,0.6633663366336634,0.6909090909090909,105
2023-08-10,1060,126,81,77,40,45,37,0.6428571428571429,0.5194805194805194,121
2023-08-11,1060,102,73,82,37,29,45,0.7156862745098039,0.45121951219512196,110
2023-08-12,1060,109,99,72,26,10,46,0.908256880733945,0.3611111111111111,125
2023-08-13,1060,119,88,66,37,31,29,0.7394957983193278,0.5606060606060606,125
2023-08-14,1060,140,82,54,40,58,14,0.5857142857142857,0.7407407407407407,122
2023-08-15,1060,148,70,63,51,78,12,0.47297297297297297,0.8095238095238095,121
2023-08-16,1060,131,87,86,44,44,42,0.6641221374045801,0.5116279069767442,131
2023-08-17,1060,114,72,76,44,42,32,0.631578947368421,0.5789473684210527,116
2023-08-18,1060,110,79,50,37,31,13,0.7181818181818181,0.74,116
2023-08-19,1060,146,84,82,46,62,36,0.5753424657534246,0.5609756097560976,130
2023-08-20,1060,142,78,81,46,64,35,0.5492957746478874,0.5679012345679012,124
2023-08-21,1060,124,79,57,47,45,10,0.6370967741935484,0.8245614035087719,126
2023-08-22,1060,128,88,88,53,40,35,0.6875,0.6022727272727273,141
2023-08-23,1060,148,71,67,53,77,14,0.4797297297297297,0.7910447761194029,124
2023-08-24,1060,122,84,56,37,38,19,0.6885245901639344,0.6607142857142857,121
2023-08-25,1060,102,83,68,39,19,29,0.8137254901960784,0.5735294117647058,122
2023-08-26,1060,149,79,77,35,70,42,0.5302013422818792,0.45454545454545453,114
2023-08-27,1060,142,91,54,36,51,18,0.6408450704225352,0.6666666666666666,127
2023-08-28,1060,147,81,89,30,66,59,0.5510204081632653,0.33707865168539325,111
2023-08-29,1060,118,84,83,46,34,37,0.711864406779661,0.5542168674698795,130
2023-08-30,1060,146,91,69,36,55,33,0.6232876712328768,0.5217391304347826,127
2023-08-31,1060,146,83,55,42,63,13,0.5684931506849316,0.7636363636363637,125
2023-09-01,1060,101,75,68,52,26,16,0.7425742574257426,0.7647058823529411,127
2023-09-02,1060,108,80,72,45,28,27,0.7407407407407407,0.625,125
2023-09-03,1060,105,93,72,50,12,22,0.8857142857142857,0.6944444444444444,143
2023-09-04,1060,131,86,62,44,45,18,0.6564885496183206,0.7096774193548387,130
2023-09-05,1060,110,97,72,41,13,31,0.8818181818181818,0.5694444444444444,138
2023-09-06,1060,100,84,88,42,16,46,0.84,0.4772727272727273,126
2023-09-07,1060,144,85,71,42,59,29,0.5902777777777778,0.5915492957746479,127
2023-09-08,1060,134,84,75,44,50,31,0.6268656716417911,0.5866666666666667,128
2023-09-09,1060,107,88,85,36,19,49,0.822429906542056,0.4235294117647059,124
2023-09-10,1060,114,94,59,34,20,25,0.8245614035087719,0.576271186440678,128
2023-09-11,1060,132,86,79,25,46,54,0.6515151515151515,0.31645569620253167,111
2023-09-12,1060,120,91,73,40,29,33,0.7583333333333333,0.547945205479452,131
2023-09-13,1060,120,88,74,43,32,31,0.7333333333333333,0.581081081081081,131
2023-09-14,1060,113,64,100,40,49,60,0.5663716814159292,0.4,104
2023-09-15,1060,150,69,63,48,81,15,0.46,0.7619047619047619,117
2023-09-16,1060,125,83,75,40,42,35,0.664,0.5333333333333333,123
2023-09-17,1060,106,73,94,34,33,60,0.6886792452830188,0.3617021276595745,107
2023-09-18,1060,106,84,68,42,22,26,0.7924528301886793,0.6176470588235294,126
2023-09-19,1060,116,83,57,36,33,21,0.7155172413793104,0.631578947368421,119
2023-09-20,1060,109,76,78,43,33,35,0.6972477064220184,0.5512820512820513,119
2023-09-21,1060,104,86,93,41,18,52,0.8269230769230769,0.44086021505376344,127
2023-09-22,1060,150,76,87,51,74,36,0.5066666666666667,0.5862068965517241,127
2023-09-23,1060,148,69,64,31,79,33,0.46621621621621623,0.484375,100
2023-09-24,1060,124,81,89,37,43,52,0.6532258064516129,0.4157303370786517,118
2023-09-25,1060,137,68,56,52,69,4,0.49635036496350365,0.9285714285714286,120
2023-09-26,1060,122,83,98,32,39,66,0.680327868852459,0.32653061224489793,115
2023-09-27,1060,113,81,65,48,32,17,0.7168141592920354,0.7384615384615385,129
2023-09-28,1060,130,64,74,50,66,24,0.49230769230769234,0.6756756756756757,114
2023-09-29,1060,149,87,78,40,62,38,0.5838926174496645,0.5128205128205128,127
2023-09-30,1060,117,71,83,43,46,40,0.6068376068376068,0.5180722891566265,114
2023-10-01,1060,104,76,73,41,28,32,0.7307692307692307,0.5616438356164384,117
2023-10-02,1060,113,91,86,44,22,42,0.8053097345132744,0.5116279069767442,135
2023-10-03,1060,146,91,70,43,55,27,0.6232876712328768,0.6142857142857143,134
2023-10-04,1060,143,85,67,40,58,27,0.5944055944055944,0.5970149253731343,125
2023-10-05,1060,123,79,53,44,44,9,0.6422764227642277,0.8301886792452831,123
2023-10-06,1060,124,84,100,32,40,68,0.6774193548387096,0.32,116
2023-10-07,1060,112,78,56,40,34,16,0.6964285714285714,0.7142857142857143,118
2023-10-08,1060,134,81,76,48,53,28,0.6044776119402985,0.631578947368421,129
2023-10-09,1060,142,71,69,35,71,34,0.5,0.5072463768115942,106
2023-10-10,1060,148,74,85,35,74,50,0.5,0.4117647058823529,109
2023-10-11,1060,139,95,70,26,44,44,0.6834532374100719,0.37142857142857144,121
2023-10-12,1060,116,93,82,53,23,29,0.8017241379310345,0.6463414634146342,146
2023-10-13,1060,138,88,93,36,50,57,0.6376811594202898,0.3870967741935484,124
2023-10-14,1060,128,107,95,48,21,47,0.8359375,0.5052631578947369,155
2023-10-15,1060,103,79,53,27,24,26,0.7669902912621359,0.5094339622641509,106
2023-10-16,1060,136,78,71,48,58,23,0.5735294117647058,0.676056338028169,126
2023-10-17,1060,131,76,89,51,55,38,0.5801526717557252,0.5730337078651685,127
2023-10-18,1060,100,77,54,52,23,2,0.77,0.9629629629629629,129
2023-10-19,1060,114,79,56,41,35,15,0.6929824561403509,0.7321428571428571,120
2023-10-20,1060,111,83,78,33,28,45,0.7477477477477478,0.4230769230769231,116
2023-10-21,1060,149,75,53,38,74,15,0.5033557046979866,0.71698113207547165,113
2023-10-22,1060,131,89,93,41,42,52,0.6793893129770993,0.44086021505376344,130
2023-10-23,1060,105,77,87,46,28,41,0.7333333333333333,0.5287356321839081,123
2023-10-24,1060,141,92,77,47,49,30,0.6524822695035462,0.6103896103896104,139
2023-10-25,1060,100,84,80,42,16,38,0.84,0.525,126
2023-10-26,1060,129,72,81,42,57,39,0.5581395348837209,0.5185185185185185,114
2023-10-27,1060,133,94,66,37,39,29,0.706766917293233,0.5606060606060606,131
2023-10-28,1060,102,86,76,38,16,38,0.8431372549019608,0.5,124
2023-10-29,1060,142,78,62,49,64,13,0.5492957746478874,0.7903225806451613,127
2023-10-30,1060,127,82,53,31,45,22,0.6456692913385826,0.5849056603773585,113
2023-10-31,1060,120,81,83,36,39,47,0.675,0.43373493975903615,117
2023-11-01,1060,102,75,87,24,27,63,0.7352941176470589,0.27586206896551724,99
2023-11-02,1060,147,69,85,39,78,46,0.46938775510204084,0.4588235294117647,108
2023-11-03,1060,141,81,80,45,60,35,0.574468085106383,0.5625,126
2023-11-04,1060,130,86,50,29,44,21,0.6615384615384615,0.58,115
2023-11-05,1060,115,72,59,41,43,18,0.6260869565217392,0.6949152542372882,113
2023-11-06,1060,126,87,59,38,39,21,0.6904761904761905,0.6440677966101694,125
2023-11-07,1060,129,90,59,41,39,18,0.6976744186046512,0.6949152542372882,131
2023-11-08,1060,115,81,95,45,34,50,0.7043478260869566,0.47368421052631576,126
2023-11-09,1060,147,86,55,44,61,11,0.5850340136054422,0.8,130
2023-11-10,1060,113,77,64,42,36,22,0.6814159292035398,0.65625,119
2023-11-11,1060,147,92,75,41,55,34,0.6258503401360545,0.5466666666666666,133
2023-11-12,1060,117,95,94,45,22,49,0.811965811965812,0.4787234042553192,140
2023-11-13,1060,139,85,88,32,54,56,0.6115107913669064,0.36363636363636365,117
2023-11-14,1060,108,100,55,36,8,19,0.9259259259259259,0.6545454545454545,136
2023-11-15,1060,133,73,93,42,60,51,0.5488721804511278,0.45161290322580644,115
2023-11-16,1060,102,66,61,36,36,25,0.6470588235294118,0.5901639344262295,102
2023-11-17,1060,143,86,99,32,57,67,0.6013986013986014,0.32323232323232326,118
2023-11-18,1060,148,80,54,49,68,5,0.5405405405405406,0.9074074074074074,129
2023-11-19,1060,125,66,64,43,59,21,0.528,0.671875,109
2023-11-20,1060,100,71,61,36,29,25,0.71,0.5901639344262295,107
2023-11-21,1060,113,84,94,31,29,63,0.7433628318584071,0.32978723404255317,115
2023-11-22,1060,122,89,88,30,33,58,0.7295081967213115,0.3409090909090909,119
2023-11-23,1060,117,77,94,34,40,60,0.6581196581196581,0.3617021276595745,111
2023-11-24,1060,124,81,99,36,43,63,0.6532258064516129,0.36363636363636365,117
2023-11-25,1060,118,79,86,49,39,37,0.6694915254237288,0.5697674418604651,128
2023-11-26,1060,119,81,96,42,38,54,0.680672268907563,0.4375,123
2023-11-27,1060,150,85,82,39,65,43,0.5666666666666667,0.47560975609756095,124
2023-11-28,1060,114,80,80,39,34,41,0.7017543859649122,0.4875,119
2023-11-29,1060,138,74,81,43,64,38,0.5362318840579711,0.5308641975308642,117
2023-11-30,1060,115,80,52,38,35,14,0.6956521739130435,0.7307692307692307,118
2023-12-01,1060,113,74,89,43,39,46,0.6548672566371682,0.48314606741573035,117
2023-12-02,1060,112,93,51,37,19,14,0.8303571428571429,0.7254901960784313,130
2023-12-03,1060,134,72,58,46,62,12,0.5373134328358209,0.7931034482758621,118
2023-12-04,1060,117,81,96,47,36,49,0.6923076923076923,0.4895833333333333,128
2023-12-05,1060,141,79,66,44,62,22,0.5602836879432624,0.6666666666666666,123
2023-12-06,1060,130,71,59,36,59,23,0.5461538461538461,0.6101694915254238,107
2023-12-07,1060,121,83,87,37,38,50,0.6859504132231405,0.42528735632183906,120
2023-12-08,1060,116,64,99,40,52,59,0.5517241379310345,0.40404040404040403,104
2023-12-09,1060,126,83,64,37,43,27,0.6587301587301587,0.578125,120
2023-12-10,1060,119,84,75,30,35,45,0.7058823529411765,0.4,114
2023-12-11,1060,146,68,64,46,78,18,0.4657534246575342,0.71875,114
2023-12-12,1060,141,68,60,40,73,20,0.48226950354609927,0.6666666666666666,108
2023-12-13,1060,102,87,53,41,15,12,0.8529411764705882,0.7735849056603774,128
2023-12-14,1060,100,84,70,45,16,25,0.84,0.6428571428571429,129
2023-12-15,1060,147,65,77,39,82,38,0.4421768707482993,0.5064935064935064,104
2023-12-16,1060,148,90,69,31,58,38,0.6081081081081081,0.4492753623188406,121
2023-12-17,1060,137,101,50,44,36,6,0.7372262773722628,0.88,145
2023-12-18,1060,123,76,79,43,47,36,0.6178861788617886,0.5443037974683544,119
2023-12-19,1060,145,74,72,50,71,22,0.5103448275862069,0.6944444444444444,124
2023-12-20,1060,134,68,56,46,66,10,0.5074626865671642,0.8214285714285714,114
2023-12-21,1060,144,84,74,41,60,33,0.5833333333333334,0.5540540540540541,125
2023-12-22,1060,145,74,65,36,71,29,0.5103448275862069,0.5538461538461539,110
2023-12-23,1060,144,68,74,51,76,23,0.4722222222222222,0.6891891891891891,119
2023-12-24,1060,144,88,96,44,56,52,0.6111111111111112,0.4583333333333333,132
2023-12-25,1060,103,75,63,39,28,24,0.7281553398058253,0.6190476190476191,114
2023-12-26,1060,117,97,85,40,20,45,0.8290598290598291,0.47058823529411764,137
2023-12-27,1060,114,84,57,27,30,30,0.7368421052631579,0.47368421052631576,111
2023-12-28,1060,125,71,91,40,54,51,0.568,0.43956043956043955,111
2023-12-29,1060,129,77,67,41,52,26,0.5968992248062015,0.6119402985074627,118
2023-12-30,1060,135,80,68,27,55,41,0.5925925925925926,0.39705882352941174,107
2023-12-31,1060,136,85,82,39,51,43,0.625,0.47560975609756095,124
2023-01-01,1061,121,87,83,37,34,46,0.71900826446281,0.4457831325301205,124
2023-01-02,1061,111,86,69,42,25,27,0.7747747747747747,0.6086956521739131,128
2023-01-03,1061,119,82,71,36,37,35,0.6890756302521008,0.5070422535211268,118
2023-01-04,1061,106,98,78,34,8,44,0.9245283018867925,0.4358974358974359,132
2023-01-05,1061,106,75,66,34,31,32,0.7075471698113207,0.5151515151515151,109
2023-01-06,1061,100,92,88,42,8,46,0.92,0.4772727272727273,134
2023-01-07,1061,144,70,69,42,74,27,0.4861111111111111,0.6086956521739131,112
2023-01-08,1061,143,78,86,34,65,52,0.5454545454545454,0.3953488372093023,112
2023-01-09,1061,132,86,51,42,46,9,0.6515151515151515,0.8235294117647058,128
2023-01-10,1061,133,83,64,46,50,18,0.6240601503759399,0.71875,129
2023-01-11,1061,120,82,89,42,38,47,0.6833333333333333,0.47191011235955055,124
2023-01-12,1061,103,88,62,50,15,12,0.8543689320388349,0.8064516129032258,138
2023-01-13,1061,111,79,59,46,32,13,0.7117117117117117,0.7796610169491526,125
2023-01-14,1061,117,73,91,35,44,56,0.6239316239316239,0.38461538461538464,108
2023-01-15,1061,128,83,73,25,45,48,0.6484375,0.3424657534246575,108
2023-01-16,1061,100,71,82,43,29,39,0.71,0.524390243902439,114
2023-01-17,1061,117,80,98,54,37,44,0.6837606837606838,0.5510204081632653,134
2023-01-18,1061,123,84,80,24,39,56,0.6829268292682927,0.3,108
2023-01-19,1061,123,90,60,37,33,23,0.7317073170731707,0.6166666666666667,127
2023-01-20,1061,146,98,71,54,48,17,0.6712328767123288,0.7605633802816901,152
2023-01-21,1061,146,81,58,46,65,12,0.5547945205479452,0.7931034482758621,127
2023-01-22,1061,138,81,86,35,57,51,0.5869565217391305,0.4069767441860465,116
2023-01-23,1061,144,83,64,46,61,18,0.5763888888888888,0.71875,129
2023-01-24,1061,142,81,91,29,61,62,0.5704225352112676,0.31868131868131866,110
2023-01-25,1061,123,86,63,31,37,32,0.6991869918699187,0.49206349206349204,117
2023-01-26,1061,122,79,95,37,43,58,0.6475409836065574,0.3894736842105263,116
2023-01-27,1061,115,69,65,53,46,12,0.6,0.8153846153846154,122
2023-01-28,1061,125,73,93,34,52,59,0.584,0.3655913978494624,107
2023-01-29,1061,141,82,92,40,59,52,0.5815602836879432,0.43478260869565216,122
2023-01-30,1061,139,80,52,52,59,0,0.5755395683453237,1,132
2023-01-31,1061,130,73,98,44,57,54,0.5615384615384615,0.4489795918367347,117
2023-02-01,1061,142,96,86,39,46,47,0.676056338028169,0.45348837209302323,135
2023-02-02,1061,127,86,59,38,41,21,0.6771653543307087,0.6440677966101694,124
2023-02-03,1061,130,89,71,43,41,28,0.6846153846153846,0.6056338028169014,132
2023-02-04,1061,110,85,53,39,25,14,0.7727272727272727,0.7358490566037735,124
2023-02-05,1061,139,99,73,34,40,39,0.7122302158273381,0.4657534246575342,133
2023-02-06,1061,124,83,60,44,41,16,0.6693548387096774,0.7333333333333333,127
2023-02-07,1061,108,69,56,41,39,15,0.6388888888888888,0.7321428571428571,110
2023-02-08,1061,146,97,83,37,49,46,0.6643835616438356,0.4457831325301205,134
2023-02-09,1061,146,71,84,40,75,44,0.4863013698630137,0.47619047619047616,111
2023-02-10,1061,103,84,70,42,19,28,0.8155339805825242,0.6,126
2023-02-11,1061,126,77,100,43,49,57,0.6111111111111112,0.43,120
2023-02-12,1061,127,93,61,40,34,21,0.7322834645669292,0.6557377049180327,133
2023-02-13,1061,150,76,69,45,74,24,0.5066666666666667,0.6521739130434783,121
2023-02-14,1061,100,83,55,38,17,17,0.83,0.6909090909090909,121
2023-02-15,1061,108,92,63,32,16,31,0.8518518518518519,0.5079365079365079,124
2023-02-16,1061,144,79,87,40,65,47,0.5486111111111112,0.45977011494252873,119
2023-02-17,1061,100,73,63,38,27,25,0.73,0.6031746031746031,111
2023-02-18,1061,143,76,55,30,67,25,0.5314685314685315,0.5454545454545454,106
2023-02-19,1061,102,90,72,31,12,41,0.8823529411764706,0.4305555555555556,121
2023-02-20,1061,128,78,77,42,50,35,0.609375,0.5454545454545454,120
2023-02-21,1061,131,86,77,40,45,37,0.6564885496183206,0.5194805194805194,126
2023-02-22,1061,143,88,84,32,55,52,0.6153846153846154,0.38095238095238093,120
2023-02-23,1061,140,66,60,39,74,21,0.4714285714285714,0.65,105
2023-02-24,1061,148,65,69,58,83,11,0.4391891891891892,0.8405797101449275,123
2023-02-25,1061,108,82,81,38,26,43,0.7592592592592593,0.4691358024691358,120
2023-02-26,1061,131,76,82,40,55,42,0.5801526717557252,0.4878048780487805,116
2023-02-27,1061,104,104,57,49,0,8,1,0.8596491228070176,153
2023-02-28,1061,114,82,83,36,32,47,0.7192982456140351,0.43373493975903615,118
2023-03-01,1061,103,79,63,42,24,21,0.7669902912621359,0.6666666666666666,121
2023-03-02,1061,106,84,62,45,22,17,0.7924528301886793,0.7258064516129032,129
2023-03-03,1061,121,82,64,48,39,16,0.6776859504132231,0.75,130
2023-03-04,1061,106,92,85,34,14,51,0.8679245283018868,0.4,126
2023-03-05,1061,139,78,74,45,61,29,0.5611510791366906,0.6081081081081081,123
2023-03-06,1061,103,82,100,38,21,62,0.7961165048543689,0.38,120
2023-03-07,1061,124,101,84,31,23,53,0.8145161290322581,0.36904761904761907,132
2023-03-08,1061,147,90,60,38,57,22,0.6122448979591837,0.6333333333333333,128
2023-03-09,1061,115,83,59,40,32,19,0.7217391304347827,0.6779661016949152,123
2023-03-10,1061,136,80,75,35,56,40,0.5882352941176471,0.4666666666666667,115
2023-03-11,1061,120,67,57,49,53,8,0.5583333333333333,0.8596491228070176,116
2023-03-12,1061,113,93,54,37,20,17,0.8230088495575221,0.6851851851851852,130
2023-03-13,1061,104,73,58,41,31,17,0.7019230769230769,0.7068965517241379,114
2023-03-14,1061,100,80,52,34,20,18,0.8,0.6538461538461539,114
2023-03-15,1061,117,77,68,38,40,30,0.6581196581196581,0.5588235294117647,115
2023-03-16,1061,120,87,77,41,33,36,0.725,0.5324675324675324,128
2023-03-17,1061,105,76,80,33,29,47,0.7238095238095238,0.4125,109
2023-03-18,1061,144,83,86,53,61,33,0.5763888888888888,0.6162790697674418,136
2023-03-19,1061,124,80,54,36,44,18,0.6451612903225806,0.6666666666666666,116
2023-03-20,1061,126,81,88,47,45,41,0.6428571428571429,0.5340909090909091,128
2023-03-21,1061,107,64,81,37,43,44,0.5981308411214953,0.4567901234567901,101
2023-03-22,1061,103,85,88,39,18,49,0.8252427184466019,0.4431818181818182,124
2023-03-23,1061,106,69,66,33,37,33,0.6509433962264151,0.5,102
2023-03-24,1061,115,93,79,29,22,50,0.808695652173913,0.3670886075949367,122
2023-03-25,1061,118,77,99,38,41,61,0.652542372881356,0.3838383838383838,115
2023-03-26,1061,117,83,97,44,34,53,0.7094017094017094,0.4536082474226804,127
2023-03-27,1061,131,89,89,35,42,54,0.6793893129770993,0.39325842696629215,124
2023-03-28,1061,117,86,91,36,31,55,0.7350427350427351,0.3956043956043956,122
2023-03-29,1061,116,64,55,42,52,13,0.5517241379310345,0.7636363636363637,106
2023-03-30,1061,128,79,53,34,49,19,0.6171875,0.6415094339622641,113
2023-03-31,1061,100,67,79,39,33,40,0.67,0.4936708860759494,106
2023-04-01,1061,109,71,78,45,38,33,0.6513761467889908,0.5769230769230769,116
2023-04-02,1061,112,73,98,45,39,53,0.6517857142857143,0.45918367346938777,118
2023-04-03,1061,120,79,93,20,41,73,0.6583333333333333,0.21505376344086022,99
2023-04-04,1061,127,73,69,37,54,32,0.5748031496062992,0.5362318840579711,110
2023-04-05,1061,113,75,81,48,38,33,0.6637168141592921,0.5925925925925926,123
2023-04-06,1061,105,72,72,45,33,27,0.6857142857142857,0.625,117
2023-04-07,1061,119,85,78,52,34,26,0.7142857142857143,0.6666666666666666,137
2023-04-08,1061,106,80,100,33,26,67,0.7547169811320755,0.33,113
2023-04-09,1061,115,83,60,45,32,15,0.7217391304347827,0.75,128
2023-04-10,1061,137,67,86,33,70,53,0.48905109489051096,0.38372093023255816,100
2023-04-11,1061,103,86,86,40,17,46,0.8349514563106796,0.46511627906976744,126
2023-04-12,1061,123,82,70,41,41,29,0.6666666666666666,0.5857142857142857,123
2023-04-13,1061,134,77,84,33,57,51,0.5746268656716418,0.39285714285714285,110
2023-04-14,1061,100,74,50,42,26,8,0.74,0.84,116
2023-04-15,1061,119,76,50,40,43,10,0.6386554621848739,0.8,116
2023-04-16,1061,132,81,72,51,51,21,0.6136363636363636,0.7083333333333334,132
2023-04-17,1061,102,97,53,29,5,24,0.9509803921568627,0.5471698113207547,126
2023-04-18,1061,131,78,96,34,53,62,0.5954198473282443,0.3541666666666667,112
2023-04-19,1061,125,76,78,40,49,38,0.608,0.5128205128205128,116
2023-04-20,1061,131,73,80,29,58,51,0.5572519083969466,0.3625,102
2023-04-21,1061,123,87,99,35,36,64,0.7073170731707317,0.35353535353535354,122
2023-04-22,1061,118,75,85,35,43,50,0.635593220338983,0.4117647058823529,110
2023-04-23,1061,123,77,69,56,46,13,0.6260162601626016,0.8115942028985508,133
2023-04-24,1061,120,80,68,35,40,33,0.6666666666666666,0.5147058823529411,115
2023-04-25,1061,128,90,62,51,38,11,0.703125,0.8225806451612904,141
2023-04-26,1061,134,82,96,47,52,49,0.6119402985074627,0.4895833333333333,129
2023-04-27,1061,145,87,85,41,58,44,0.6,0.4823529411764706,128
2023-04-28,1061,146,81,77,48,65,29,0.5547945205479452,0.6233766233766234,129
2023-04-29,1061,148,91,61,35,57,26,0.6148648648648649,0.5737704918032787,126
2023-04-30,1061,149,80,96,32,69,64,0.5369127516778524,0.3333333333333333,112
2023-05-01,1061,134,73,84,47,61,37,0.5447761194029851,0.5595238095238095,120
2023-05-02,1061,145,85,91,45,60,46,0.5862068965517241,0.4945054945054945,130
2023-05-03,1061,102,77,55,43,25,12,0.7549019607843137,0.7818181818181819,120
2023-05-04,1061,114,86,100,25,28,75,0.7543859649122807,0.25,111
2023-05-05,1061,116,68,71,45,48,26,0.5862068965517241,0.6338028169014085,113
2023-05-06,1061,102,77,66,33,25,33,0.7549019607843137,0.5,110
2023-05-07,1061,129,73,85,36,56,49,0.5658914728682171,0.4235294117647059,109
2023-05-08,1061,149,71,54,37,78,17,0.47651006711409394,0.6851851851851852,108
2023-05-09,1061,119,77,76,37,42,39,0.6470588235294118,0.4868421052631579,114
2023-05-10,1061,124,72,81,43,52,38,0.5806451612903226,0.5308641975308642,115
2023-05-11,1061,126,83,84,37,43,47,0.6587301587301587,0.44047619047619047,120
2023-05-12,1061,130,88,79,37,42,42,0.676923076923077,0.46835443037974683,125
2023-05-13,1061,112,74,85,32,38,53,0.6607142857142857,0.3764705882352941,106
2023-05-14,1061,145,80,64,46,65,18,0.5517241379310345,0.71875,126
2023-05-15,1061,102,83,58,46,19,12,0.8137254901960784,0.7931034482758621,129
2023-05-16,1061,140,82,96,28,58,68,0.5857142857142857,0.2916666666666667,110
2023-05-17,1061,143,89,98,45,54,53,0.6223776223776224,0.45918367346938777,134
2023-05-18,1061,131,92,62,42,39,20,0.7022900763358778,0.6774193548387096,134
2023-05-19,1061,109,95,65,38,14,27,0.8715596330275229,0.5846153846153846,133
2023-05-20,1061,108,91,85,44,17,41,0.8425925925925926,0.5176470588235295,135
2023-05-21,1061,116,70,67,42,46,25,0.603448275862069,0.6268656716417911,112
2023-05-22,1061,100,93,81,42,7,39,0.93,0.5185185185185185,135
2023-05-23,1061,117,69,66,61,48,5,0.5897435897435898,0.9242424242424242,130
2023-05-24,1061,128,71,77,43,57,34,0.5546875,0.5584415584415584,114
2023-05-25,1061,110,79,92,52,31,40,0.7181818181818181,0.5652173913043478,131
2023-05-26,1061,149,81,96,37,68,59,0.5436241610738255,0.3854166666666667,118
2023-05-27,1061,140,78,60,45,62,15,0.5571428571428572,0.75,123
2023-05-28,1061,134,81,54,41,53,13,0.6044776119402985,0.7592592592592593,122
2023-05-29,1061,116,73,81,36,43,45,0.6293103448275862,0.4444444444444444,109
2023-05-30,1061,110,80,87,46,30,41,0.7272727272727273,0.5287356321839081,126
2023-05-31,1061,100,83,51,51,17,0,0.83,1,134
2023-06-01,1061,138,86,86,36,52,50,0.6231884057971014,0.4186046511627907,122
2023-06-02,1061,119,78,97,35,41,62,0.6554621848739496,0.36082474226804123,113
2023-06-03,1061,112,79,100,44,33,56,0.7053571428571429,0.44,123
2023-06-04,1061,119,71,70,37,48,33,0.5966386554621849,0.5285714285714286,108
2023-06-05,1061,103,84,90,45,19,45,0.8155339805825242,0.5,129
2023-06-06,1061,131,84,85,30,47,55,0.6412213740458015,0.35294117647058826,114
2023-06-07,1061,111,82,56,45,29,11,0.7387387387387387,0.8035714285714286,127
2023-06-08,1061,118,64,87,32,54,55,0.5423728813559322,0.367816091954023,96
2023-06-09,1061,129,70,58,39,59,19,0.5426356589147286,0.6724137931034483,109
2023-06-10,1061,136,72,96,57,64,39,0.5294117647058824,0.59375,129
2023-06-11,1061,138,77,73,38,61,35,0.5579710144927537,0.5205479452054794,115
2023-06-12,1061,143,83,78,45,60,33,0.5804195804195804,0.5769230769230769,128
2023-06-13,1061,143,92,62,37,51,25,0.6433566433566433,0.5967741935483871,129
2023-06-14,1061,142,89,82,50,53,32,0.6267605633802817,0.6097560975609756,139
2023-06-15,1061,127,83,55,45,44,10,0.6535433070866141,0.8181818181818182,128
2023-06-16,1061,137,79,66,32,58,34,0.5766423357664233,0.48484848484848486,111
2023-06-17,1061,133,90,52,39,43,13,0.6766917293233082,0.75,129
2023-06-18,1061,104,88,90,46,16,44,0.8461538461538461,0.5111111111111111,134
2023-06-19,1061,121,88,100,30,33,70,0.7272727272727273,0.3,118
2023-06-20,1061,102,89,60,35,13,25,0.8725490196078431,0.5833333333333334,124
2023-06-21,1061,123,89,70,55,34,15,0.7235772357723578,0.7857142857142857,144
2023-06-22,1061,119,73,80,46,46,34,0.6134453781512605,0.575,119
2023-06-23,1061,128,84,71,40,44,31,0.65625,0.5633802816901409,124
2023-06-24,1061,112,78,58,46,34,12,0.6964285714285714,0.7931034482758621,124
2023-06-25,1061,147,75,84,40,72,44,0.5102040816326531,0.47619047619047616,115
2023-06-26,1061,119,93,56,49,26,7,0.7815126050420168,0.875,142
2023-06-27,1061,108,66,54,46,42,8,0.6111111111111112,0.8518518518518519,112
2023-06-28,1061,133,67,52,37,66,15,0.5037593984962406,0.7115384615384616,104
2023-06-29,1061,106,83,92,37,23,55,0.78301886792452835,0.40217391304347827,120
2023-06-30,1061,149,75,73,31,74,42,0.5033557046979866,0.4246575342465753,106
2023-07-01,1061,132,79,97,43,53,54,0.5984848484848485,0.44329896907216493,122
2023-07-02,1061,112,74,75,32,38,43,0.6607142857142857,0.4266666666666667,106
2023-07-03,1061,135,69,62,37,66,25,0.5111111111111111,0.5967741935483871,106
2023-07-04,1061,149,85,74,45,64,29,0.5704697986577181,0.6081081081081081,130
2023-07-05,1061,132,78,72,46,54,26,0.5909090909090909,0.6388888888888888,124
2023-07-06,1061,118,71,83,32,47,51,0.6016949152542372,0.3855421686746988,103
2023-07-07,1061,124,95,60,34,29,26,0.7661290322580645,0.5666666666666667,129
2023-07-08,1061,100,73,63,29,27,34,0.73,0.4603174603174603,102
2023-07-09,1061,105,95,61,37,10,24,0.9047619047619048,0.6065573770491803,132
2023-07-10,1061,142,75,61,44,67,17,0.528169014084507,0.7213114754098361,119
2023-07-11,1061,133,74,64,38,59,26,0.556390977443609,0.59375,112
2023-07-12,1061,136,74,98,46,62,52,0.5441176470588235,0.46938775510204084,120
2023-07-13,1061,137,70,88,39,67,49,0.5109489051094891,0.4431818181818182,109
2023-07-14,1061,110,82,51,44,28,7,0.7454545454545455,0.8627450980392157,126
2023-07-15,1061,114,86,69,37,28,32,0.7543859649122807,0.5362318840579711,123
2023-07-16,1061,130,89,99,28,41,71,0.6846153846153846,0.2828282828282828,117
2023-07-17,1061,139,75,74,32,64,42,0.539568345323741,0.43243243243243246,107
2023-07-18,1061,115,83,57,44,32,13,0.7217391304347827,0.7719298245614035,127
2023-07-19,1061,106,78,65,42,28,23,0.7358490566037735,0.6461538461538462,120
2023-07-20,1061,127,80,68,34,47,34,0.6299212598425197,0.5,114
2023-07-21,1061,107,83,74,40,24,34,0.7757009345794392,0.5405405405405406,123
2023-07-22,1061,125,75,65,41,50,24,0.6,0.6307692307692307,116
2023-07-23,1061,130,91,80,33,39,47,0.7,0.4125,124
2023-07-24,1061,147,69,66,40,78,26,0.46938775510204084,0.6060606060606061,109
2023-07-25,1061,142,83,57,39,59,18,0.5845070422535211,0.6842105263157895,122
2023-07-26,1061,123,81,99,50,42,49,0.6585365853658537,0.5050505050505051,131
2023-07-27,1061,114,72,65,41,42,24,0.631578947368421,0.6307692307692307,113
2023-07-28,1061,126,91,51,37,35,14,0.7222222222222222,0.7254901960784313,128
2023-07-29,1061,124,87,52,33,37,19,0.7016129032258065,0.6346153846153846,120
2023-07-30,1061,120,80,57,45,40,12,0.6666666666666666,0.7894736842105263,125
2023-07-31,1061,112,77,73,45,35,28,0.6875,0.6164383561643836,122
2023-08-01,1061,126,89,64,44,37,20,0.7063492063492064,0.6875,133
2023-08-02,1061,142,77,100,44,65,56,0.5422535211267606,0.44,121
2023-08-03,1061,123,80,61,38,43,23,0.6504065040650406,0.6229508196721312,118
2023-08-04,1061,100,73,75,36,27,39,0.73,0.48,109
2023-08-05,1061,127,81,79,37,46,42,0.6377952755905512,0.46835443037974683,118
2023-08-06,1061,137,68,92,37,69,55,0.49635036496350365,0.40217391304347827,105
2023-08-07,1061,142,91,54,37,51,17,0.6408450704225352,0.6851851851851852,128
2023-08-08,1061,126,83,79,43,43,36,0.6587301587301587,0.5443037974683544,126
2023-08-09,1061,139,70,67,40,69,27,0.5035971223021583,0.5970149253731343,110
2023-08-10,1061,128,89,70,48,39,22,0.6953125,0.6857142857142857,137
2023-08-11,1061,144,68,85,40,76,45,0.4722222222222222,0.47058823529411764,108
2023-08-12,1061,135,75,90,30,60,60,0.5555555555555556,0.3333333333333333,105
2023-08-13,1061,118,85,95,37,33,58,0.7203389830508474,0.3894736842105263,122
2023-08-14,1061,129,97,65,41,32,24,0.751937984496124,0.6307692307692307,138
2023-08-15,1061,130,77,98,41,53,57,0.5923076923076923,0.41836734693877553,118
2023-08-16,1061,107,71,82,42,36,40,0.6635514018691588,0.5121951219512195,113
2023-08-17,1061,111,87,92,42,24,50,0.7837837837837838,0.45652173913043476,129
2023-08-18,1061,150,81,66,38,69,28,0.54,0.5757575757575758,119
2023-08-19,1061,135,94,69,37,41,32,0.6962962962962963,0.5362318840579711,131
2023-08-20,1061,116,83,58,44,33,14,0.7155172413793104,0.7586206896551724,127
2023-08-21,1061,124,75,77,32,49,45,0.6048387096774194,0.4155844155844156,107
2023-08-22,1061,119,67,68,46,52,22,0.5630252100840336,0.6764705882352942,113
2023-08-23,1061,134,81,70,32,53,38,0.6044776119402985,0.45714285714285713,113
2023-08-24,1061,133,85,89,45,48,44,0.6390977443609023,0.5056179775280899,130
2023-08-25,1061,120,71,51,36,49,15,0.5916666666666667,0.7058823529411765,107
2023-08-26,1061,108,69,54,35,39,19,0.6388888888888888,0.6481481481481481,104
2023-08-27,1061,149,73,52,40,76,12,0.4899328859060403,0.7692307692307693,113
2023-08-28,1061,139,81,70,46,58,24,0.5827338129496403,0.6571428571428571,127
2023-08-29,1061,110,72,90,34,38,56,0.6545454545454545,0.37777777777777777,106
2023-08-30,1061,100,80,74,46,20,28,0.8,0.6216216216216216,126
2023-08-31,1061,106,75,74,49,31,25,0.7075471698113207,0.6621621621621622,124
2023-09-01,1061,140,71,85,39,69,46,0.5071428571428571,0.4588235294117647,110
2023-09-02,1061,134,74,61,31,60,30,0.5522388059701493,0.5081967213114754,105
2023-09-03,1061,136,84,85,38,52,47,0.6176470588235294,0.4470588235294118,122
2023-09-04,1061,104,90,94,54,14,40,0.8653846153846154,0.574468085106383,144
2023-09-05,1061,118,93,87,37,25,50,0.788135593220339,0.42528735632183906,130
2023-09-06,1061,127,79,67,39,48,28,0.6220472440944882,0.582089552238806,118
2023-09-07,1061,100,80,65,46,20,19,0.8,0.7076923076923077,126
2023-09-08,1061,137,80,54,34,57,20,0.583941605839416,0.6296296296296297,114
2023-09-09,1061,110,69,73,47,41,26,0.6272727272727273,0.6438356164383562,116
2023-09-10,1061,106,76,65,35,30,30,0.71698113207547165,0.5384615384615384,111
2023-09-11,1061,113,72,82,43,41,39,0.6371681415929203,0.524390243902439,115
2023-09-12,1061,144,71,54,50,73,4,0.4930555555555556,0.9259259259259259,121
2023-09-13,1061,120,92,89,36,28,53,0.7666666666666667,0.4044943820224719,128
2023-09-14,1061,141,87,56,42,54,14,0.6170212765957447,0.75,129
2023-09-15,1061,139,74,78,33,65,45,0.5323741007194245,0.4230769230769231,107
2023-09-16,1061,134,69,89,34,65,55,0.5149253731343284,0.38202247191011235,103
2023-09-17,1061,113,77,53,33,36,20,0.6814159292035398,0.6226415094339622,110
2023-09-18,1061,103,65,82,41,38,41,0.6310679611650486,0.5,106
2023-09-19,1061,124,78,60,40,46,20,0.6290322580645161,0.6666666666666666,118
2023-09-20,1061,146,76,51,38,70,13,0.5205479452054794,0.7450980392156863,114
2023-09-21,1061,126,87,52,32,39,20,0.6904761904761905,0.6153846153846154,119
2023-09-22,1061,125,75,73,33,50,40,0.6,0.4520547945205479,108
2023-09-23,1061,132,75,72,29,57,43,0.5681818181818182,0.4027777777777778,104
2023-09-24,1061,134,81,69,31,53,38,0.6044776119402985,0.4492753623188406,112
2023-09-25,1061,102,84,78,37,18,41,0.8235294117647058,0.47435897435897434,121
2023-09-26,1061,135,75,65,53,60,12,0.5555555555555556,0.8153846153846154,128
2023-09-27,1061,143,78,90,41,65,49,0.5454545454545454,0.45555555555555555,119
2023-09-28,1061,147,63,72,49,84,23,0.42857142857142855,0.6805555555555556,112
2023-09-29,1061,134,76,73,41,58,32,0.5671641791044776,0.5616438356164384,117
2023-09-30,1061,133,91,82,45,42,37,0.6842105263157895,0.5487804878048781,136
2023-10-01,1061,103,77,81,42,26,39,0.7475728155339806,0.5185185185185185,119
2023-10-02,1061,129,77,86,37,52,49,0.5968992248062015,0.43023255813953487,114
2023-10-03,1061,141,84,72,47,57,25,0.5957446808510638,0.6527777777777778,131
2023-10-04,1061,107,66,71,39,41,32,0.616822429906542,0.5492957746478874,105
2023-10-05,1061,139,88,99,46,51,53,0.6330935251798561,0.46464646464646464,134
2023-10-06,1061,141,97,75,42,44,33,0.6879432624113475,0.56,139
2023-10-07,1061,117,82,98,42,35,56,0.7008547008547008,0.42857142857142855,124
2023-10-08,1061,141,71,90,47,70,43,0.5035460992907801,0.5222222222222223,118
2023-10-09,1061,137,85,78,32,52,46,0.6204379562043796,0.41025641025641024,117
2023-10-10,1061,134,72,56,37,62,19,0.5373134328358209,0.6607142857142857,109
2023-10-11,1061,141,78,94,56,63,38,0.5531914893617021,0.5957446808510638,134
2023-10-12,1061,118,72,99,45,46,54,0.6101694915254238,0.45454545454545453,117
2023-10-13,1061,103,88,50,48,15,2,0.8543689320388349,0.96,136
2023-10-14,1061,112,73,93,35,39,58,0.6517857142857143,0.3763440860215054,108
2023-10-15,1061,122,89,57,46,33,11,0.7295081967213115,0.8070175438596491,135
2023-10-16,1061,143,82,59,38,61,21,0.5734265734265734,0.6440677966101694,120
2023-10-17,1061,134,96,79,44,38,35,0.7164179104477612,0.5569620253164557,140
2023-10-18,1061,117,73,87,35,44,52,0.6239316239316239,0.40229885057471265,108
2023-10-19,1061,110,70,58,33,40,25,0.6363636363636364,0.5689655172413793,103
2023-10-20,1061,150,76,53,29,74,24,0.5066666666666667,0.5471698113207547,105
2023-10-21,1061,126,94,73,48,32,25,0.746031746031746,0.6575342465753424,142
2023-10-22,1061,132,75,90,48,57,42,0.5681818181818182,0.5333333333333333,123
2023-10-23,1061,103,78,81,45,25,36,0.7572815533980582,0.5555555555555556,123
2023-10-24,1061,116,83,84,44,33,40,0.7155172413793104,0.5238095238095238,127
2023-10-25,1061,127,75,82,34,52,48,0.5905511811023622,0.4146341463414634,109
2023-10-26,1061,131,77,76,43,54,33,0.5877862595419847,0.5657894736842105,120
2023-10-27,1061,117,74,100,42,43,58,0.6324786324786325,0.42,116
2023-10-28,1061,120,72,59,39,48,20,0.6,0.6610169491525424,111
2023-10-29,1061,131,92,80,34,39,46,0.7022900763358778,0.425,126
2023-10-30,1061,117,66,95,38,51,57,0.5641025641025641,0.4,104
2023-10-31,1061,111,94,68,50,17,18,0.8468468468468469,0.7352941176470589,144
2023-11-01,1061,127,75,68,39,52,29,0.5905511811023622,0.5735294117647058,114
2023-11-02,1061,142,93,62,35,49,27,0.6549295774647887,0.5645161290322581,128
2023-11-03,1061,122,102,76,45,20,31,0.8360655737704918,0.5921052631578947,147
2023-11-04,1061,134,76,74,40,58,34,0.5671641791044776,0.5405405405405406,116
2023-11-05,1061,106,104,53,43,2,10,0.9811320754716981,0.8113207547169812,147
2023-11-06,1061,126,93,94,48,33,46,0.7380952380952381,0.5106382978723404,141
2023-11-07,1061,128,71,77,31,57,46,0.5546875,0.4025974025974026,102
2023-11-08,1061,150,77,70,34,73,36,0.5133333333333333,0.4857142857142857,111
2023-11-09,1061,147,87,85,50,60,35,0.5918367346938775,0.5882352941176471,137
2023-11-10,1061,129,88,60,51,41,9,0.6821705426356589,0.85,139
2023-11-11,1061,149,98,64,28,51,36,0.6577181208053692,0.4375,126
2023-11-12,1061,149,99,95,28,50,67,0.6644295302013423,0.29473684210526313,127
2023-11-13,1061,129,94,89,36,35,53,0.7286821705426356,0.4044943820224719,130
2023-11-14,1061,143,77,70,43,66,27,0.5384615384615384,0.6142857142857143,120
2023-11-15,1061,145,64,87,33,81,54,0.4413793103448276,0.3793103448275862,97
2023-11-16,1061,102,78,74,54,24,20,0.7647058823529411,0.7297297297297297,132
2023-11-17,1061,127,73,100,34,54,66,0.5748031496062992,0.34,107
2023-11-18,1061,144,89,76,37,55,39,0.6180555555555556,0.4868421052631579,126
2023-11-19,1061,135,80,53,38,55,15,0.5925925925925926,0.71698113207547165,118
2023-11-20,1061,108,96,66,39,12,27,0.8888888888888888,0.5909090909090909,135
2023-11-21,1061,124,81,78,47,43,31,0.6532258064516129,0.6025641025641025,128
2023-11-22,1061,138,97,76,40,41,36,0.7028985507246377,0.5263157894736842,137
2023-11-23,1061,123,70,68,41,53,27,0.5691056910569106,0.6029411764705882,111
2023-11-24,1061,121,71,63,41,50,22,0.5867768595041323,0.6507936507936508,112
2023-11-25,1061,140,66,74,41,74,33,0.4714285714285714,0.5540540540540541,107
2023-11-26,1061,149,80,61,49,69,12,0.5369127516778524,0.8032786885245902,129
2023-11-27,1061,126,82,52,47,44,5,0.6507936507936508,0.9038461538461539,129
2023-11-28,1061,122,79,60,53,43,7,0.6475409836065574,0.8833333333333333,132
2023-11-29,1061,137,80,77,39,57,38,0.583941605839416,0.5064935064935064,119
2023-11-30,1061,147,71,61,46,76,15,0.48299319727891155,0.7540983606557377,117
2023-12-01,1061,105,87,95,43,18,52,0.8285714285714286,0.45263157894736844,130
2023-12-02,1061,126,70,60,32,56,28,0.5555555555555556,0.5333333333333333,102
2023-12-03,1061,140,85,93,38,55,55,0.6071428571428571,0.40860215053763443,123
2023-12-04,1061,136,96,70,45,40,25,0.7058823529411765,0.6428571428571429,141
2023-12-05,1061,103,72,70,36,31,34,0.6990291262135923,0.5142857142857142,108
2023-12-06,1061,137,61,50,43,76,7,0.44525547445255476,0.86,104
2023-12-07,1061,115,74,78,42,41,36,0.6434782608695652,0.5384615384615384,116
2023-12-08,1061,150,79,84,40,71,44,0.5266666666666666,0.47619047619047616,119
2023-12-09,1061,104,80,100,33,24,67,0.7692307692307693,0.33,113
2023-12-10,1061,110,97,55,34,13,21,0.8818181818181818,0.6181818181818182,131
2023-12-11,1061,133,87,83,41,46,42,0.6541353383458647,0.4939759036144578,128
2023-12-12,1061,122,86,73,34,36,39,0.7049180327868853,0.4657534246575342,120
2023-12-13,1061,143,74,87,36,69,51,0.5174825174825175,0.41379310344827586,110
2023-12-14,1061,102,84,93,40,18,53,0.8235294117647058,0.43010752688172044,124
2023-12-15,1061,115,85,57,46,30,11,0.7391304347826086,0.8070175438596491,131
2023-12-16,1061,107,80,89,41,27,48,0.7476635514018691,0.4606741573033708,121
2023-12-17,1061,116,63,76,34,53,42,0.5431034482758621,0.4473684210526316,97
2023-12-18,1061,132,86,50,45,46,5,0.6515151515151515,0.9,131
2023-12-19,1061,147,63,96,45,84,51,0.42857142857142855,0.46875,108
2023-12-20,1061,121,81,71,35,40,36,0.6694214876033058,0.49295774647887325,116
2023-12-21,1061,125,64,99,37,61,62,0.512,0.37373737373737376,101
2023-12-22,1061,147,72,75,30,75,45,0.4897959183673469,0.4,102
2023-12-23,1061,139,87,66,32,52,34,0.6258992805755396,0.48484848484848486,119
2023-12-24,1061,119,84,70,43,35,27,0.7058823529411765,0.6142857142857143,127
2023-12-25,1061,100,72,88,45,28,43,0.72,0.5113636363636364,117
2023-12-26,1061,114,73,89,40,41,49,0.6403508771929824,0.449438202247191,113
2023-12-27,1061,105,76,51,49,29,2,0.7238095238095238,0.9607843137254902,125
2023-12-28,1061,121,82,94,32,39,62,0.6776859504132231,0.3404255319148936,114
2023-12-29,1061,109,92,57,40,17,17,0.8440366972477065,0.7017543859649122,132
2023-12-30,1061,136,71,90,51,65,39,0.5220588235294118,0.5666666666666667,122
2023-12-31,1061,142,70,68,54,72,14,0.49295774647887325,0.7941176470588235,124
2023-01-01,1062,109,83,65,33,26,32,0.7614678899082569,0.5076923076923077,116
2023-01-02,1062,148,63,100,34,85,66,0.42567567567567566,0.34,97
2023-01-03,1062,148,89,65,48,59,17,0.6013513513513513,0.7384615384615385,137
2023-01-04,1062,129,86,52,36,43,16,0.6666666666666666,0.6923076923076923,122
2023-01-05,1062,130,78,92,46,52,46,0.6,0.5,124
2023-01-06,1062,101,70,78,32,31,46,0.693069306930693,0.41025641025641024,102
2023-01-07,1062,148,81,99,55,67,44,0.5472972972972973,0.5555555555555556,136
2023-01-08,1062,113,70,69,43,43,26,0.6194690265486725,0.6231884057971014,113
2023-01-09,1062,150,78,62,32,72,30,0.52,0.5161290322580645,110
2023-01-10,1062,140,79,63,48,61,15,0.5642857142857143,0.7619047619047619,127
2023-01-11,1062,141,93,81,37,48,44,0.6595744680851063,0.4567901234567901,130
2023-01-12,1062,145,87,94,31,58,63,0.6,0.32978723404255317,118
2023-01-13,1062,122,87,57,37,35,20,0.7131147540983607,0.6491228070175439,124
2023-01-14,1062,140,70,54,33,70,21,0.5,0.6111111111111112,103
2023-01-15,1062,130,94,58,39,36,19,0.7230769230769231,0.6724137931034483,133
2023-01-16,1062,150,76,57,46,74,11,0.5066666666666667,0.8070175438596491,122
2023-01-17,1062,135,82,98,47,53,51,0.6074074074074074,0.47959183673469385,129
2023-01-18,1062,129,79,58,50,50,8,0.6124031007751938,0.8620689655172413,129
2023-01-19,1062,107,92,71,47,15,24,0.8598130841121495,0.6619718309859155,139
2023-01-20,1062,128,79,83,43,49,40,0.6171875,0.5180722891566265,122
2023-01-21,1062,139,67,65,36,72,29,0.48201438848920863,0.5538461538461539,103
2023-01-22,1062,140,86,68,41,54,27,0.6142857142857143,0.6029411764705882,127
2023-01-23,1062,128,92,65,40,36,25,0.71875,0.6153846153846154,132
2023-01-24,1062,130,80,93,46,50,47,0.6153846153846154,0.4946236559139785,126
2023-01-25,1062,129,74,83,38,55,45,0.5736434108527132,0.4578313253012048,112
2023-01-26,1062,124,84,57,54,40,3,0.6774193548387096,0.9473684210526315,138
2023-01-27,1062,118,77,89,44,41,45,0.652542372881356,0.4943820224719101,121
2023-01-28,1062,124,86,76,51,38,25,0.6935483870967742,0.6710526315789473,137
2023-01-29,1062,106,75,96,46,31,50,0.7075471698113207,0.4791666666666667,121
2023-01-30,1062,141,86,90,35,55,55,0.6099290780141844,0.3888888888888889,121
2023-01-31,1062,149,75,90,41,74,49,0.5033557046979866,0.45555555555555555,116
2023-02-01,1062,150,77,57,28,73,29,0.5133333333333333,0.49122807017543857,105
2023-02-02,1062,143,74,78,32,69,46,0.5174825174825175,0.41025641025641024,106
2023-02-03,1062,150,89,95,43,61,52,0.5933333333333334,0.45263157894736844,132
2023-02-04,1062,101,79,66,35,22,31,0.7821782178217822,0.5303030303030303,114
2023-02-05,1062,144,72,96,42,72,54,0.5,0.4375,114
2023-02-06,1062,103,67,68,39,36,29,0.6504854368932039,0.5735294117647058,106
2023-02-07,1062,122,91,53,49,31,4,0.7459016393442623,0.9245283018867925,140
2023-02-08,1062,150,79,52,35,71,17,0.5266666666666666,0.6730769230769231,114
2023-02-09,1062,150,84,79,33,66,46,0.56,0.4177215189873418,117
2023-02-10,1062,139,70,64,42,69,22,0.5035971223021583,0.65625,112
2023-02-11,1062,123,88,91,30,35,61,0.7154471544715447,0.32967032967032966,118
2023-02-12,1062,125,77,82,37,48,45,0.616,0.45121951219512196,114
2023-02-13,1062,128,60,60,44,68,16,0.46875,0.7333333333333333,104
2023-02-14,1062,107,76,58,39,31,19,0.7102803738317757,0.6724137931034483,115
2023-02-15,1062,135,82,77,35,53,42,0.6074074074074074,0.45454545454545453,117
2023-02-16,1062,141,104,72,50,37,22,0.7375886524822695,0.6944444444444444,154
2023-02-17,1062,102,81,51,40,21,11,0.7941176470588235,0.7843137254901961,121
2023-02-18,1062,147,95,63,41,52,22,0.6462585034013606,0.6507936507936508,136
2023-02-19,1062,140,85,90,40,55,50,0.6071428571428571,0.4444444444444444,125
2023-02-20,1062,144,58,69,50,86,19,0.4027777777777778,0.7246376811594203,108
2023-02-21,1062,117,81,71,38,36,33,0.6923076923076923,0.5352112676056338,119
2023-02-22,1062,127,93,67,40,34,27,0.7322834645669292,0.5970149253731343,133
2023-02-23,1062,115,93,89,38,22,51,0.808695652173913,0.42696629213483145,131
2023-02-24,1062,110,92,70,32,18,38,0.8363636363636363,0.45714285714285713,124
2023-02-25,1062,142,66,68,47,76,21,0.4647887323943662,0.6911764705882353,113
2023-02-26,1062,125,86,90,27,39,63,0.688,0.3,113
2023-02-27,1062,143,93,68,45,50,23,0.6503496503496503,0.6617647058823529,138
2023-02-28,1062,140,80,52,42,60,10,0.5714285714285714,0.8076923076923077,122
2023-03-01,1062,116,83,98,40,33,58,0.7155172413793104,0.40816326530612246,123
2023-03-02,1062,121,60,83,42,61,41,0.49586776859504134,0.5060240963855421,102
2023-03-03,1062,107,88,99,36,19,63,0.822429906542056,0.36363636363636365,124
2023-03-04,1062,125,71,89,29,54,60,0.568,0.3258426966292135,100
2023-03-05,1062,144,90,53,35,54,18,0.625,0.660377358490566,125
2023-03-06,1062,132,84,77,44,48,33,0.6363636363636364,0.5714285714285714,128
2023-03-07,1062,139,86,53,31,53,22,0.6187050359712231,0.5849056603773585,117
2023-03-08,1062,114,79,73,37,35,36,0.6929824561403509,0.5068493150684932,116
2023-03-09,1062,130,67,57,38,63,19,0.5153846153846153,0.6666666666666666,105
2023-03-10,1062,100,90,90,34,10,56,0.9,0.37777777777777777,124
2023-03-11,1062,147,92,96,47,55,49,0.6258503401360545,0.4895833333333333,139
2023-03-12,1062,107,89,71,33,18,38,0.8317757009345794,0.4647887323943662,122
2023-03-13,1062,127,88,87,39,39,48,0.6929133858267716,0.4482758620689655,127
2023-03-14,1062,143,76,79,33,67,46,0.5314685314685315,0.4177215189873418,109
2023-03-15,1062,106,82,69,31,24,38,0.7735849056603774,0.4492753623188406,113
2023-03-16,1062,124,84,52,35,40,17,0.6774193548387096,0.6730769230769231,119
2023-03-17,1062,112,71,94,42,41,52,0.6339285714285714,0.44680851063829785,113
2023-03-18,1062,100,86,55,49,14,6,0.86,0.8909090909090909,135
2023-03-19,1062,131,75,86,53,56,33,0.5725190839694656,0.6162790697674418,128
2023-03-20,1062,139,78,88,51,61,37,0.5611510791366906,0.5795454545454546,129
2023-03-21,1062,134,88,56,35,46,21,0.6567164179104478,0.625,123
2023-03-22,1062,127,83,72,29,44,43,0.6535433070866141,0.4027777777777778,112
2023-03-23,1062,125,89,51,37,36,14,0.712,0.7254901960784313,126
2023-03-24,1062,122,81,90,38,41,52,0.6639344262295082,0.4222222222222222,119
2023-03-25,1062,135,89,70,42,46,28,0.6592592592592592,0.6,131
2023-03-26,1062,147,84,73,41,63,32,0.5714285714285714,0.5616438356164384,125
2023-03-27,1062,129,88,70,44,41,26,0.6821705426356589,0.6285714285714286,132
2023-03-28,1062,148,98,63,42,50,21,0.6621621621621622,0.6666666666666666,140
2023-03-29,1062,130,68,72,39,62,33,0.5230769230769231,0.5416666666666666,107
2023-03-30,1062,145,99,52,32,46,20,0.6827586206896552,0.6153846153846154,131
2023-03-31,1062,135,92,66,28,43,38,0.6814814814814815,0.42424242424242425,120
2023-04-01,1062,112,83,100,42,29,58,0.7410714285714286,0.42,125
2023-04-02,1062,112,80,97,45,32,52,0.7142857142857143,0.4639175257731959,125
2023-04-03,1062,128,78,72,42,50,30,0.609375,0.5833333333333334,120
2023-04-04,1062,148,63,81,49,85,32,0.42567567567567566,0.6049382716049383,112
2023-04-05,1062,102,82,63,35,20,28,0.803921568627451,0.5555555555555556,117
2023-04-06,1062,131,73,74,39,58,35,0.5572519083969466,0.527027027027027,112
2023-04-07,1062,119,83,72,41,36,31,0.6974789915966386,0.5694444444444444,124
2023-04-08,1062,120,71,51,28,49,23,0.5916666666666667,0.5490196078431373,99
2023-04-09,1062,121,79,93,46,42,47,0.6528925619834711,0.4946236559139785,125
2023-04-10,1062,149,74,95,38,75,57,0.49664429530201343,0.4,112
2023-04-11,1062,129,64,72,40,65,32,0.49612403100775193,0.5555555555555556,104
2023-04-12,1062,139,87,67,36,52,31,0.6258992805755396,0.5373134328358209,123
2023-04-13,1062,100,97,87,34,3,53,0.97,0.39080459770114945,131
2023-04-14,1062,100,78,68,43,22,25,0.78,0.6323529411764706,121
2023-04-15,1062,125,87,56,47,38,9,0.696,0.8392857142857143,134
2023-04-16,1062,130,90,71,31,40,40,0.6923076923076923,0.43661971830985913,121
2023-04-17,1062,114,81,88,45,33,43,0.7105263157894737,0.5113636363636364,126
2023-04-18,1062,135,80,53,44,55,9,0.5925925925925926,0.8301886792452831,124
2023-04-19,1062,106,69,91,44,37,47,0.6509433962264151,0.4835164835164835,113
2023-04-20,1062,113,70,84,50,43,34,0.6194690265486725,0.5952380952380952,120
2023-04-21,1062,146,83,93,47,63,46,0.5684931506849316,0.5053763440860215,130
2023-04-22,1062,131,92,80,40,39,40,0.7022900763358778,0.5,132
2023-04-23,1062,143,69,58,38,74,20,0.4825174825174825,0.6551724137931034,107
2023-04-24,1062,144,81,70,35,63,35,0.5625,0.5,116
2023-04-25,1062,133,70,83,40,63,43,0.5263157894736842,0.4819277108433735,110
2023-04-26,1062,142,95,52,43,47,9,0.6690140845070423,0.8269230769230769,138
2023-04-27,1062,117,93,71,39,24,32,0.7948717948717948,0.5492957746478874,132
2023-04-28,1062,109,87,100,47,22,53,0.7981651376146789,0.47,134
2023-04-29,1062,110,75,93,44,35,49,0.6818181818181818,0.4731182795698925,119
2023-04-30,1062,145,68,83,36,77,47,0.4689655172413793,0.43373493975903615,104
2023-05-01,1062,117,73,93,41,44,52,0.6239316239316239,0.44086021505376344,114
2023-05-02,1062,111,95,78,38,16,40,0.8558558558558559,0.48717948717948717,133
2023-05-03,1062,139,90,66,40,49,26,0.6474820143884892,0.6060606060606061,130
2023-05-04,1062,104,80,59,44,24,15,0.7692307692307693,0.7457627118644068,124
2023-05-05,1062,125,86,65,35,39,30,0.688,0.5384615384615384,121
2023-05-06,1062,110,68,65,54,42,11,0.6181818181818182,0.8307692307692308,122
2023-05-07,1062,146,77,98,50,69,48,0.5273972602739726,0.5102040816326531,127
2023-05-08,1062,109,72,92,38,37,54,0.6605504587155964,0.41304347826086957,110
2023-05-09,1062,114,65,55,35,49,20,0.5701754385964912,0.6363636363636364,100
2023-05-10,1062,131,95,60,47,36,13,0.7251908396946565,0.7833333333333333,142
2023-05-11,1062,149,91,70,43,58,27,0.610738255033557,0.6142857142857143,134
2023-05-12,1062,126,66,91,39,60,52,0.5238095238095238,0.42857142857142855,105
2023-05-13,1062,130,81,92,57,49,35,0.6230769230769231,0.6195652173913043,138
2023-05-14,1062,108,68,85,35,40,50,0.6296296296296297,0.4117647058823529,103
2023-05-15,1062,104,66,55,38,38,17,0.6346153846153846,0.6909090909090909,104
2023-05-16,1062,112,83,70,37,29,33,0.7410714285714286,0.5285714285714286,120
2023-05-17,1062,105,73,87,37,32,50,0.6952380952380952,0.42528735632183906,110
2023-05-18,1062,133,69,74,41,64,33,0.518796992481203,0.5540540540540541,110
2023-05-19,1062,146,96,76,40,50,36,0.6575342465753424,0.5263157894736842,136
2023-05-20,1062,100,84,61,38,16,23,0.84,0.6229508196721312,122
2023-05-21,1062,142,76,56,36,66,20,0.5352112676056338,0.6428571428571429,112
2023-05-22,1062,150,74,99,41,76,58,0.49333333333333335,0.41414141414141414,115
2023-05-23,1062,122,64,90,38,58,52,0.5245901639344263,0.4222222222222222,102
2023-05-24,1062,149,87,75,37,62,38,0.5838926174496645,0.49333333333333335,124
2023-05-25,1062,111,66,73,37,45,36,0.5945945945945946,0.5068493150684932,103
2023-05-26,1062,149,89,84,45,60,39,0.5973154362416108,0.5357142857142857,134
2023-05-27,1062,150,73,58,42,77,16,0.4866666666666667,0.7241379310344828,115
2023-05-28,1062,100,79,90,42,21,48,0.79,0.4666666666666667,121
2023-05-29,1062,117,84,73,44,33,29,0.717948717948718,0.6027397260273972,128
2023-05-30,1062,130,83,51,37,47,14,0.6384615384615384,0.7254901960784313,120
2023-05-31,1062,112,80,86,29,32,57,0.7142857142857143,0.3372093023255814,109
2023-06-01,1062,140,64,79,49,76,30,0.45714285714285713,0.620253164556962,113
2023-06-02,1062,143,88,85,36,55,49,0.6153846153846154,0.4235294117647059,124
2023-06-03,1062,124,87,81,55,37,26,0.7016129032258065,0.6790123456790124,142
2023-06-04,1062,101,68,70,44,33,26,0.6732673267326733,0.6285714285714286,112
2023-06-05,1062,124,83,74,40,41,34,0.6693548387096774,0.5405405405405406,123
2023-06-06,1062,110,88,51,44,22,7,0.8,0.8627450980392157,132
2023-06-07,1062,140,77,75,41,63,34,0.55,0.5466666666666666,118
2023-06-08,1062,147,73,62,33,74,29,0.4965986394557823,0.532258064516129,106
2023-06-09,1062,114,103,75,40,11,35,0.9035087719298246,0.5333333333333333,143
2023-06-10,1062,106,81,78,27,25,51,0.7641509433962265,0.34615384615384615,108
2023-06-11,1062,136,89,56,37,47,19,0.6544117647058824,0.6607142857142857,126
2023-06-12,1062,131,75,76,53,56,23,0.5725190839694656,0.6973684210526315,128
2023-06-13,1062,134,78,76,35,56,41,0.582089552238806,0.4605263157894737,113
2023-06-14,1062,114,80,94,50,34,44,0.7017543859649122,0.5319148936170213,130
2023-06-15,1062,146,95,79,55,51,24,0.6506849315068494,0.6962025316455697,150
2023-06-16,1062,141,82,88,39,59,49,0.5815602836879432,0.4431818181818182,121
2023-06-17,1062,143,82,82,45,61,37,0.5734265734265734,0.5487804878048781,127
2023-06-18,1062,114,72,65,31,42,34,0.631578947368421,0.47692307692307695,103
2023-06-19,1062,140,77,74,33,63,41,0.55,0.44594594594594594,110
2023-06-20,1062,116,95,86,45,21,41,0.8189655172413793,0.5232558139534884,140
2023-06-21,1062,123,81,88,44,42,44,0.6585365853658537,0.5,125
2023-06-22,1062,102,79,86,48,23,38,0.7745098039215687,0.5581395348837209,127
2023-06-23,1062,138,68,52,44,70,8,0.4927536231884058,0.8461538461538461,112
2023-06-24,1062,148,82,51,43,66,8,0.5540540540540541,0.8431372549019608,125
2023-06-25,1062,111,89,57,40,22,17,0.8018018018018018,0.7017543859649122,129
2023-06-26,1062,135,85,68,26,50,42,0.6296296296296297,0.38235294117647056,111
2023-06-27,1062,129,79,87,39,50,48,0.6124031007751938,0.4482758620689655,118
2023-06-28,1062,148,69,51,35,79,16,0.46621621621621623,0.6862745098039216,104
2023-06-29,1062,103,77,96,57,26,39,0.7475728155339806,0.59375,134
2023-06-30,1062,129,71,73,38,58,35,0.5503875968992248,0.5205479452054794,109
2023-07-01,1062,139,93,58,45,46,13,0.6690647482014388,0.7758620689655172,138
2023-07-02,1062,134,82,58,35,52,23,0.6119402985074627,0.603448275862069,117
2023-07-03,1062,150,80,93,42,70,51,0.5333333333333333,0.45161290322580644,122
2023-07-04,1062,128,94,67,41,34,26,0.734375,0.6119402985074627,135
2023-07-05,1062,134,72,80,53,62,27,0.5373134328358209,0.6625,125
2023-07-06,1062,136,77,54,42,59,12,0.5661764705882353,0.7777777777777778,119
2023-07-07,1062,126,75,92,37,51,55,0.5952380952380952,0.40217391304347827,112
2023-07-08,1062,103,70,91,34,33,57,0.6796116504854369,0.37362637362637363,104
2023-07-09,1062,119,96,74,46,23,28,0.8067226890756303,0.6216216216216216,142
2023-07-10,1062,148,93,86,29,55,57,0.6283783783783784,0.3372093023255814,122
2023-07-11,1062,112,68,71,36,44,35,0.6071428571428571,0.5070422535211268,104
2023-07-12,1062,103,86,93,39,17,54,0.8349514563106796,0.41935483870967744,125
2023-07-13,1062,148,90,97,49,58,48,0.6081081081081081,0.5051546391752577,139
2023-07-14,1062,146,84,80,40,62,40,0.5753424657534246,0.5,124
2023-07-15,1062,103,81,63,32,22,31,0.7864077669902912,0.5079365079365079,113
2023-07-16,1062,123,76,59,35,47,24,0.6178861788617886,0.5932203389830508,111
2023-07-17,1062,138,73,67,59,65,8,0.5289855072463768,0.8805970149253731,132
2023-07-18,1062,138,79,94,43,59,51,0.572463768115942,0.4574468085106383,122
2023-07-19,1062,124,86,75,45,38,30,0.6935483870967742,0.6,131
2023-07-20,1062,139,87,59,41,52,18,0.6258992805755396,0.6949152542372882,128
2023-07-21,1062,102,78,65,37,24,28,0.7647058823529411,0.5692307692307692,115
2023-07-22,1062,132,77,80,50,55,30,0.5833333333333334,0.625,127
2023-07-23,1062,150,89,56,43,61,13,0.5933333333333334,0.7678571428571429,132
2023-07-24,1062,124,76,76,35,48,41,0.6129032258064516,0.4605263157894737,111
2023-07-25,1062,124,71,65,31,53,34,0.5725806451612904,0.47692307692307695,102
2023-07-26,1062,109,78,64,45,31,19,0.7155963302752294,0.703125,123
2023-07-27,1062,145,90,69,42,55,27,0.6206896551724138,0.6086956521739131,132
2023-07-28,1062,146,79,76,46,67,30,0.541095890410959,0.6052631578947368,125
2023-07-29,1062,132,79,99,40,53,59,0.5984848484848485,0.40404040404040403,119
2023-07-30,1062,142,76,96,39,66,57,0.5352112676056338,0.40625,115
2023-07-31,1062,100,71,68,41,29,27,0.71,0.6029411764705882,112
2023-08-01,1062,148,78,87,41,70,46,0.527027027027027,0.47126436781609193,119
2023-08-02,1062,145,70,71,45,75,26,0.4827586206896552,0.6338028169014085,115
2023-08-03,1062,148,70,50,47,78,3,0.47297297297297297,0.94,117
2023-08-04,1062,144,88,69,39,56,30,0.6111111111111112,0.5652173913043478,127
2023-08-05,1062,132,77,64,38,55,26,0.5833333333333334,0.59375,115
2023-08-06,1062,124,72,59,42,52,17,0.5806451612903226,0.711864406779661,114
2023-08-07,1062,106,85,51,39,21,12,0.8018867924528302,0.7647058823529411,124
2023-08-08,1062,100,86,97,37,14,60,0.86,0.38144329896907214,123
2023-08-09,1062,126,89,90,44,37,46,0.7063492063492064,0.4888888888888889,133
2023-08-10,1062,146,75,98,37,71,61,0.5136986301369864,0.37755102040816324,112
2023-08-11,1062,111,79,65,38,32,27,0.7117117117117117,0.5846153846153846,117
2023-08-12,1062,106,92,55,31,14,24,0.8679245283018868,0.5636363636363636,123
2023-08-13,1062,147,85,52,37,62,15,0.5782312925170068,0.7115384615384616,122
2023-08-14,1062,138,79,100,34,59,66,0.572463768115942,0.34,113
2023-08-15,1062,108,104,58,50,4,8,0.9629629629629629,0.8620689655172413,154
2023-08-16,1062,102,80,86,30,22,56,0.7843137254901961,0.3488372093023256,110
2023-08-17,1062,134,71,53,38,63,15,0.5298507462686567,0.71698113207547165,109
2023-08-18,1062,145,85,70,37,60,33,0.5862068965517241,0.5285714285714286,122
2023-08-19,1062,119,76,71,37,43,34,0.6386554621848739,0.5211267605633803,113
2023-08-20,1062,144,83,72,38,61,34,0.5763888888888888,0.5277777777777778,121
2023-08-21,1062,118,92,94,40,26,54,0.7796610169491526,0.425531914893617,132
2023-08-22,1062,104,70,81,34,34,47,0.6730769230769231,0.41975308641975306,104
2023-08-23,1062,119,71,58,38,48,20,0.5966386554621849,0.6551724137931034,109
2023-08-24,1062,107,79,88,41,28,47,0.7383177570093458,0.4659090909090909,120
2023-08-25,1062,112,86,76,51,26,25,0.7678571428571429,0.6710526315789473,137
2023-08-26,1062,146,76,95,32,70,63,0.5205479452054794,0.3368421052631579,108
2023-08-27,1062,133,67,52,38,66,14,0.5037593984962406,0.7307692307692307,105
2023-08-28,1062,130,90,81,33,40,48,0.6923076923076923,0.4074074074074074,123
2023-08-29,1062,135,89,72,42,46,30,0.6592592592592592,0.5833333333333334,131
2023-08-30,1062,128,94,90,43,34,47,0.734375,0.4777777777777778,137
2023-08-31,1062,139,78,92,25,61,67,0.5611510791366906,0.2717391304347826,103
2023-09-01,1062,134,90,66,41,44,25,0.6716417910447762,0.6212121212121212,131
2023-09-02,1062,122,97,67,43,25,24,0.7950819672131147,0.6417910447761194,140
2023-09-03,1062,102,76,80,38,26,42,0.7450980392156863,0.475,114
2023-09-04,1062,140,80,98,37,60,61,0.5714285714285714,0.37755102040816324,117
2023-09-05,1062,103,82,70,40,21,30,0.7961165048543689,0.5714285714285714,122
2023-09-06,1062,145,91,55,42,54,13,0.6275862068965518,0.7636363636363637,133
2023-09-07,1062,129,66,51,29,63,22,0.5116279069767442,0.5686274509803921,95
2023-09-08,1062,100,79,80,37,21,43,0.79,0.4625,116
2023-09-09,1062,150,78,54,38,72,16,0.52,0.7037037037037037,116
2023-09-10,1062,148,87,58,38,61,20,0.5878378378378378,0.6551724137931034,125
2023-09-11,1062,145,73,69,50,72,19,0.503448275862069,0.7246376811594203,123
2023-09-12,1062,122,65,94,40,57,54,0.5327868852459017,0.425531914893617,105
2023-09-13,1062,122,97,88,45,25,43,0.7950819672131147,0.5113636363636364,142
2023-09-14,1062,113,76,78,40,37,38,0.672566371681416,0.5128205128205128,116
2023-09-15,1062,136,81,78,24,55,54,0.5955882352941176,0.3076923076923077,105
2023-09-16,1062,123,83,75,38,40,37,0.6747967479674797,0.5066666666666667,121
2023-09-17,1062,117,77,57,35,40,22,0.6581196581196581,0.6140350877192983,112
2023-09-18,1062,112,74,96,39,38,57,0.6607142857142857,0.40625,113
2023-09-19,1062,149,88,96,43,61,53,0.5906040268456376,0.4479166666666667,131
2023-09-20,1062,117,90,81,42,27,39,0.7692307692307693,0.5185185185185185,132
2023-09-21,1062,130,71,97,38,59,59,0.5461538461538461,0.3917525773195876,109
2023-09-22,1062,116,94,89,37,22,52,0.8103448275862069,0.4157303370786517,131
2023-09-23,1062,113,71,92,44,42,48,0.6283185840707964,0.4782608695652174,115
2023-09-24,1062,123,84,78,37,39,41,0.6829268292682927,0.47435897435897434,121
2023-09-25,1062,106,82,93,34,24,59,0.7735849056603774,0.3655913978494624,116
2023-09-26,1062,136,83,84,35,53,49,0.6102941176470589,0.4166666666666667,118
2023-09-27,1062,108,76,99,41,32,58,0.7037037037037037,0.41414141414141414,117
2023-09-28,1062,129,81,63,47,48,16,0.627906976744186,0.746031746031746,128
2023-09-29,1062,133,83,89,41,50,48,0.6240601503759399,0.4606741573033708,124
2023-09-30,1062,118,84,69,39,34,30,0.711864406779661,0.5652173913043478,123
2023-10-01,1062,141,99,91,42,42,49,0.7021276595744681,0.46153846153846156,141
2023-10-02,1062,134,84,69,32,50,37,0.6268656716417911,0.463768115942029,116
2023-10-03,1062,123,103,75,45,20,30,0.8373983739837398,0.6,148
2023-10-04,1062,150,86,65,34,64,31,0.5733333333333334,0.5230769230769231,120
2023-10-05,1062,140,78,91,34,62,57,0.5571428571428572,0.37362637362637363,112
2023-10-06,1062,125,85,95,53,40,42,0.68,0.5578947368421052,138
2023-10-07,1062,145,64,82,37,81,45,0.4413793103448276,0.45121951219512196,101
2023-10-08,1062,101,80,71,37,21,34,0.7920792079207921,0.5211267605633803,117
2023-10-09,1062,140,85,95,48,55,47,0.6071428571428571,0.5052631578947369,133
2023-10-10,1062,145,78,95,41,67,54,0.5379310344827586,0.43157894736842106,119
2023-10-11,1062,119,68,84,43,51,41,0.5714285714285714,0.5119047619047619,111
2023-10-12,1062,117,83,52,40,34,12,0.7094017094017094,0.7692307692307693,123
2023-10-13,1062,123,75,60,47,48,13,0.6097560975609756,0.7833333333333333,122
2023-10-14,1062,150,81,97,38,69,59,0.54,0.3917525773195876,119
2023-10-15,1062,147,88,59,44,59,15,0.5986394557823129,0.7457627118644068,132
2023-10-16,1062,132,70,64,40,62,24,0.5303030303030303,0.625,110
2023-10-17,1062,101,88,83,34,13,49,0.8712871287128713,0.40963855421686746,122
2023-10-18,1062,108,80,98,42,28,56,0.7407407407407407,0.42857142857142855,122
2023-10-19,1062,111,93,87,48,18,39,0.8378378378378378,0.5517241379310345,141
2023-10-20,1062,150,59,88,40,91,48,0.3933333333333333,0.45454545454545453,99
2023-10-21,1062,103,90,51,47,13,4,0.8737864077669902,0.9215686274509803,137
2023-10-22,1062,128,78,97,33,50,64,0.609375,0.3402061855670103,111
2023-10-23,1062,122,78,69,44,44,25,0.639344262295082,0.6376811594202898,122
2023-10-24,1062,117,68,79,42,49,37,0.5811965811965812,0.5316455696202531,110
2023-10-25,1062,109,78,66,41,31,25,0.7155963302752294,0.6212121212121212,119
2023-10-26,1062,142,81,80,38,61,42,0.5704225352112676,0.475,119
2023-10-27,1062,103,76,79,47,27,32,0.7378640776699029,0.5949367088607594,123
2023-10-28,1062,119,81,74,47,38,27,0.680672268907563,0.6351351351351351,128
2023-10-29,1062,100,88,79,33,12,46,0.88,0.4177215189873418,121
2023-10-30,1062,133,79,68,42,54,26,0.5939849624060151,0.6176470588235294,121
2023-10-31,1062,136,86,66,38,50,28,0.6323529411764706,0.5757575757575758,124
2023-11-01,1062,129,99,72,46,30,26,0.7674418604651163,0.6388888888888888,145
2023-11-02,1062,120,67,97,53,53,44,0.5583333333333333,0.5463917525773195,120
2023-11-03,1062,124,74,95,37,50,58,0.5967741935483871,0.3894736842105263,111
2023-11-04,1062,111,81,55,43,30,12,0.7297297297297297,0.7818181818181819,124
2023-11-05,1062,120,80,92,44,40,48,0.6666666666666666,0.4782608695652174,124
2023-11-06,1062,109,97,73,32,12,41,0.8899082568807339,0.4383561643835616,129
2023-11-07,1062,130,74,86,46,56,40,0.5692307692307692,0.5348837209302325,120
2023-11-08,1062,136,80,64,35,56,29,0.5882352941176471,0.546875,115
2023-11-09,1062,100,76,59,43,24,16,0.76,0.7288135593220338,119
2023-11-10,1062,147,97,88,40,50,48,0.6598639455782312,0.45454545454545453,137
2023-11-11,1062,117,86,55,33,31,22,0.7350427350427351,0.6,119
2023-11-12,1062,108,77,54,45,31,9,0.7129629629629629,0.8333333333333334,122
2023-11-13,1062,123,76,75,40,47,35,0.6178861788617886,0.5333333333333333,116
2023-11-14,1062,109,73,94,39,36,55,0.6697247706422018,0.4148936170212766,112
2023-11-15,1062,122,73,86,53,49,33,0.5983606557377049,0.6162790697674418,126
2023-11-16,1062,109,70,91,36,39,55,0.6422018348623854,0.3956043956043956,106
2023-11-17,1062,120,83,72,37,37,35,0.6916666666666667,0.5138888888888888,120
2023-11-18,1062,109,85,90,42,24,48,0.7798165137614679,0.4666666666666667,127
2023-11-19,1062,144,74,73,31,70,42,0.5138888888888888,0.4246575342465753,105
2023-11-20,1062,137,79,93,47,58,46,0.5766423357664233,0.5053763440860215,126
2023-11-21,1062,108,79,100,38,29,62,0.7314814814814815,0.38,117
2023-11-22,1062,118,70,60,37,48,23,0.5932203389830508,0.6166666666666667,107
2023-11-23,1062,140,84,70,43,56,27,0.6,0.6142857142857143,127
2023-11-24,1062,140,85,91,45,55,46,0.6071428571428571,0.4945054945054945,130
2023-11-25,1062,111,72,85,30,39,55,0.6486486486486487,0.35294117647058826,102
2023-11-26,1062,135,67,87,31,68,56,0.4962962962962963,0.3563218390804598,98
2023-11-27,1062,103,70,90,44,33,46,0.6796116504854369,0.4888888888888889,114
2023-11-28,1062,122,81,78,55,41,23,0.6639344262295082,0.7051282051282052,136
2023-11-29,1062,146,85,51,30,61,21,0.5821917808219178,0.5882352941176471,115
2023-11-30,1062,120,82,74,41,38,33,0.6833333333333333,0.5540540540540541,123
2023-12-01,1062,118,80,59,38,38,21,0.6779661016949152,0.6440677966101694,118
2023-12-02,1062,135,80,69,39,55,30,0.5925925925925926,0.5652173913043478,119
2023-12-03,1062,148,83,99,38,65,61,0.5608108108108109,0.3838383838383838,121
2023-12-04,1062,145,52,58,47,93,11,0.3586206896551724,0.8103448275862069,99
2023-12-05,1062,150,71,72,35,79,37,0.47333333333333333,0.4861111111111111,106
2023-12-06,1062,136,79,99,37,57,62,0.5808823529411765,0.37373737373737376,116
2023-12-07,1062,116,73,50,41,43,9,0.6293103448275862,0.82,114
2023-12-08,1062,147,84,84,41,63,43,0.5714285714285714,0.4880952380952381,125
2023-12-09,1062,106,88,83,43,18,40,0.8301886792452831,0.5180722891566265,131
2023-12-10,1062,107,78,50,34,29,16,0.7289719626168224,0.68,112
2023-12-11,1062,119,92,95,47,27,48,0.773109243697479,0.49473684210526314,139
2023-12-12,1062,102,74,78,48,28,30,0.7254901960784313,0.6153846153846154,122
2023-12-13,1062,121,77,89,45,44,44,0.6363636363636364,0.5056179775280899,122
2023-12-14,1062,142,80,72,37,62,35,0.5633802816901409,0.5138888888888888,117
2023-12-15,1062,136,64,55,49,72,6,0.47058823529411764,0.8909090909090909,113
2023-12-16,1062,142,88,67,33,54,34,0.6197183098591549,0.4925373134328358,121
2023-12-17,1062,102,69,54,34,33,20,0.6764705882352942,0.6296296296296297,103
2023-12-18,1062,125,76,76,47,49,29,0.608,0.618421052631579,123
2023-12-19,1062,141,95,79,41,46,38,0.6737588652482269,0.5189873417721519,136
2023-12-20,1062,127,99,79,38,28,41,0.7795275590551181,0.4810126582278481,137
2023-12-21,1062,104,83,50,37,21,13,0.7980769230769231,0.74,120
2023-12-22,1062,144,87,60,39,57,21,0.6041666666666666,0.65,126
2023-12-23,1062,132,83,85,32,49,53,0.6287878787878788,0.3764705882352941,115
2023-12-24,1062,122,81,74,40,41,34,0.6639344262295082,0.5405405405405406,121
2023-12-25,1062,147,85,69,42,62,27,0.5782312925170068,0.6086956521739131,127
2023-12-26,1062,117,73,100,45,44,55,0.6239316239316239,0.45,118
2023-12-27,1062,105,74,58,30,31,28,0.7047619047619048,0.5172413793103449,104
2023-12-28,1062,125,98,60,42,27,18,0.784,0.7,140
2023-12-29,1062,150,95,87,43,55,44,0.6333333333333333,0.4942528735632184,138
2023-12-30,1062,135,74,71,31,61,40,0.5481481481481482,0.43661971830985913,105
2023-12-31,1062,132,77,98,36,55,62,0.5833333333333334,0.3673469387755102,113
2023-01-01,1063,113,95,82,41,18,41,0.8407079646017699,0.5,136
2023-01-02,1063,141,60,69,41,81,28,0.425531914893617,0.5942028985507246,101
2023-01-03,1063,148,79,52,36,69,16,0.5337837837837838,0.6923076923076923,115
2023-01-04,1063,144,84,72,47,60,25,0.5833333333333334,0.6527777777777778,131
2023-01-05,1063,144,79,87,30,65,57,0.5486111111111112,0.3448275862068966,109
2023-01-06,1063,126,71,60,41,55,19,0.5634920634920635,0.6833333333333333,112
2023-01-07,1063,149,72,100,37,77,63,0.48322147651006714,0.37,109
2023-01-08,1063,118,74,95,37,44,58,0.6271186440677966,0.3894736842105263,111
2023-01-09,1063,105,76,72,48,29,24,0.7238095238095238,0.6666666666666666,124
2023-01-10,1063,117,100,60,48,17,12,0.8547008547008547,0.8,148
2023-01-11,1063,119,85,57,33,34,24,0.7142857142857143,0.5789473684210527,118
2023-01-12,1063,120,88,59,43,32,16,0.7333333333333333,0.7288135593220338,131
2023-01-13,1063,117,82,70,39,35,31,0.7008547008547008,0.5571428571428572,121
2023-01-14,1063,108,63,79,48,45,31,0.5833333333333334,0.6075949367088608,111
2023-01-15,1063,138,75,76,41,63,35,0.5434782608695652,0.5394736842105263,116
2023-01-16,1063,115,65,58,34,50,24,0.5652173913043478,0.5862068965517241,99
2023-01-17,1063,121,61,67,39,60,28,0.5041322314049587,0.582089552238806,100
2023-01-18,1063,121,97,100,38,24,62,0.8016528925619835,0.38,135
2023-01-19,1063,119,84,90,57,35,33,0.7058823529411765,0.6333333333333333,141
2023-01-20,1063,111,76,78,29,35,49,0.6846846846846847,0.3717948717948718,105
2023-01-21,1063,100,91,58,42,9,16,0.91,0.7241379310344828,133
2023-01-22,1063,113,72,83,39,41,44,0.6371681415929203,0.46987951807228917,111
2023-01-23,1063,134,87,77,28,47,49,0.6492537313432836,0.36363636363636365,115
2023-01-24,1063,101,78,89,41,23,48,0.7722772277227723,0.4606741573033708,119
2023-01-25,1063,120,75,75,35,45,40,0.625,0.4666666666666667,110
2023-01-26,1063,116,92,57,39,24,18,0.7931034482758621,0.6842105263157895,131
2023-01-27,1063,113,87,82,39,26,43,0.7699115044247787,0.47560975609756095,126
2023-01-28,1063,132,79,93,41,53,52,0.5984848484848485,0.44086021505376344,120
2023-01-29,1063,129,81,62,47,48,15,0.627906976744186,0.7580645161290323,128
2023-01-30,1063,109,91,89,43,18,46,0.8348623853211009,0.48314606741573035,134
2023-01-31,1063,147,87,52,45,60,7,0.5918367346938775,0.8653846153846154,132
2023-02-01,1063,145,89,70,40,56,30,0.6137931034482759,0.5714285714285714,129
2023-02-02,1063,149,81,57,42,68,15,0.5436241610738255,0.7368421052631579,123
2023-02-03,1063,103,82,56,36,21,20,0.7961165048543689,0.6428571428571429,118
2023-02-04,1063,142,89,79,49,53,30,0.6267605633802817,0.620253164556962,138
2023-02-05,1063,103,74,65,35,29,30,0.7184466019417476,0.5384615384615384,109
2023-02-06,1063,139,66,79,45,73,34,0.4748201438848921,0.569620253164557,111
2023-02-07,1063,120,77,65,37,43,28,0.6416666666666667,0.5692307692307692,114
2023-02-08,1063,122,63,60,32,59,28,0.5163934426229508,0.5333333333333333,95
2023-02-09,1063,144,76,66,38,68,28,0.5277777777777778,0.5757575757575758,114
2023-02-10,1063,135,72,78,39,63,39,0.5333333333333333,0.5,111
2023-02-11,1063,115,77,61,41,38,20,0.6695652173913044,0.6721311475409836,118
2023-02-12,1063,135,86,84,38,49,46,0.6370370370370371,0.4523809523809524,124
2023-02-13,1063,113,88,83,46,25,37,0.7787610619469026,0.5542168674698795,134
2023-02-14,1063,127,63,74,33,64,41,0.49606299212598426,0.44594594594594594,96
2023-02-15,1063,150,76,80,41,74,39,0.5066666666666667,0.5125,117
2023-02-16,1063,120,72,95,41,48,54,0.6,0.43157894736842106,113
2023-02-17,1063,135,70,65,41,65,24,0.5185185185185185,0.6307692307692307,111
2023-02-18,1063,101,82,80,34,19,46,0.8118811881188119,0.425,116
2023-02-19,1063,116,86,70,37,30,33,0.7413793103448276,0.5285714285714286,123
2023-02-20,1063,101,64,64,40,37,24,0.6336633663366337,0.625,104
2023-02-21,1063,139,87,96,30,52,66,0.6258992805755396,0.3125,117
2023-02-22,1063,102,77,65,40,25,25,0.7549019607843137,0.6153846153846154,117
2023-02-23,1063,133,79,77,39,54,38,0.5939849624060151,0.5064935064935064,118
2023-02-24,1063,115,59,59,40,56,19,0.5130434782608696,0.6779661016949152,99
2023-02-25,1063,128,81,71,38,47,33,0.6328125,0.5352112676056338,119
2023-02-26,1063,124,99,67,39,25,28,0.7983870967741935,0.582089552238806,138
2023-02-27,1063,110,82,99,38,28,61,0.7454545454545455,0.3838383838383838,120
2023-02-28,1063,117,82,55,42,35,13,0.7008547008547008,0.7636363636363637,124
2023-03-01,1063,147,79,51,45,68,6,0.5374149659863946,0.8823529411764706,124
2023-03-02,1063,110,81,57,45,29,12,0.7363636363636363,0.7894736842105263,126
2023-03-03,1063,134,80,59,42,54,17,0.5970149253731343,0.711864406779661,122
2023-03-04,1063,129,84,99,53,45,46,0.6511627906976745,0.5353535353535354,137
2023-03-05,1063,149,80,88,46,69,42,0.5369127516778524,0.5227272727272727,126
2023-03-06,1063,124,84,71,43,40,28,0.6774193548387096,0.6056338028169014,127
2023-03-07,1063,115,75,84,56,40,28,0.6521739130434783,0.6666666666666666,131
2023-03-08,1063,110,84,89,45,26,44,0.7636363636363637,0.5056179775280899,129
2023-03-09,1063,149,89,50,36,60,14,0.5973154362416108,0.72,125
2023-03-10,1063,137,88,69,34,49,35,0.6423357664233577,0.4927536231884058,122
2023-03-11,1063,130,100,79,42,30,37,0.7692307692307693,0.5316455696202531,142
2023-03-12,1063,105,81,93,33,24,60,0.7714285714285715,0.3548387096774194,114
2023-03-13,1063,105,92,75,38,13,37,0.8761904761904762,0.5066666666666667,130
2023-03-14,1063,128,77,80,39,51,41,0.6015625,0.4875,116
2023-03-15,1063,133,65,68,37,68,31,0.48872180451127817,0.5441176470588235,102
2023-03-16,1063,131,75,72,38,56,34,0.5725190839694656,0.5277777777777778,113
2023-03-17,1063,114,64,85,47,50,38,0.5614035087719298,0.5529411764705883,111
2023-03-18,1063,143,73,52,30,70,22,0.5104895104895105,0.5769230769230769,103
2023-03-19,1063,125,83,72,37,42,35,0.664,0.5138888888888888,120
2023-03-20,1063,112,79,75,47,33,28,0.7053571428571429,0.6266666666666667,126
2023-03-21,1063,111,80,75,43,31,32,0.7207207207207207,0.5733333333333334,123
2023-03-22,1063,142,78,98,44,64,54,0.5492957746478874,0.4489795918367347,122
2023-03-23,1063,145,74,53,29,71,24,0.5103448275862069,0.5471698113207547,103
2023-03-24,1063,121,61,57,49,60,8,0.5041322314049587,0.8596491228070176,110
2023-03-25,1063,138,79,55,41,59,14,0.572463768115942,0.7454545454545455,120
2023-03-26,1063,114,87,55,36,27,19,0.7631578947368421,0.6545454545454545,123
2023-03-27,1063,103,87,84,48,16,36,0.8446601941747572,0.5714285714285714,135
2023-03-28,1063,112,72,58,48,40,10,0.6428571428571429,0.8275862068965517,120
2023-03-29,1063,135,83,73,40,52,33,0.6148148148148148,0.547945205479452,123
2023-03-30,1063,132,87,68,45,45,23,0.6590909090909091,0.6617647058823529,132
2023-03-31,1063,146,85,97,36,61,61,0.5821917808219178,0.3711340206185567,121
2023-04-01,1063,147,73,62,33,74,29,0.4965986394557823,0.532258064516129,106
2023-04-02,1063,134,75,95,38,59,57,0.5597014925373134,0.4,113
2023-04-03,1063,120,86,72,43,34,29,0.7166666666666667,0.5972222222222222,129
2023-04-04,1063,148,79,85,37,69,48,0.5337837837837838,0.43529411764705883,116
2023-04-05,1063,130,79,78,38,51,40,0.6076923076923076,0.48717948717948717,117
2023-04-06,1063,124,69,67,34,55,33,0.5564516129032258,0.5074626865671642,103
2023-04-07,1063,135,81,93,38,54,55,0.6,0.40860215053763443,119
2023-04-08,1063,129,81,51,31,48,20,0.627906976744186,0.6078431372549019,112
2023-04-09,1063,120,100,97,38,20,59,0.8333333333333334,0.3917525773195876,138
2023-04-10,1063,134,75,89,39,59,50,0.5597014925373134,0.43820224719101125,114
2023-04-11,1063,150,76,59,43,74,16,0.5066666666666667,0.7288135593220338,119
2023-04-12,1063,109,74,98,49,35,49,0.6788990825688074,0.5,123
2023-04-13,1063,112,85,72,47,27,25,0.7589285714285714,0.6527777777777778,132
2023-04-14,1063,129,97,53,32,32,21,0.751937984496124,0.6037735849056604,129
2023-04-15,1063,149,69,56,42,80,14,0.46308724832214765,0.75,111
2023-04-16,1063,145,86,98,30,59,68,0.593103448275862,0.30612244897959184,116
2023-04-17,1063,150,78,90,49,72,41,0.52,0.5444444444444444,127
2023-04-18,1063,139,88,52,44,51,8,0.6330935251798561,0.8461538461538461,132
2023-04-19,1063,129,73,71,39,56,32,0.5658914728682171,0.5492957746478874,112
2023-04-20,1063,142,96,84,41,46,43,0.676056338028169,0.4880952380952381,137
2023-04-21,1063,106,78,99,47,28,52,0.7358490566037735,0.47474747474747475,125
2023-04-22,1063,142,89,63,44,53,19,0.6267605633802817,0.6984126984126984,133
2023-04-23,1063,122,60,98,53,62,45,0.4918032786885246,0.5408163265306123,113
2023-04-24,1063,105,77,98,41,28,57,0.7333333333333333,0.41836734693877553,118
2023-04-25,1063,102,70,61,45,32,16,0.6862745098039216,0.7377049180327869,115
2023-04-26,1063,104,79,58,41,25,17,0.7596153846153846,0.7068965517241379,120
2023-04-27,1063,120,90,92,38,30,54,0.75,0.41304347826086957,128
2023-04-28,1063,143,77,55,33,66,22,0.5384615384615384,0.6,110
2023-04-29,1063,128,67,92,42,61,50,0.5234375,0.45652173913043476,109
2023-04-30,1063,118,74,87,35,44,52,0.6271186440677966,0.40229885057471265,109
2023-05-01,1063,147,95,56,33,52,23,0.6462585034013606,0.5892857142857143,128
2023-05-02,1063,105,80,51,41,25,10,0.7619047619047619,0.803921568627451,121
2023-05-03,1063,145,68,80,44,77,36,0.4689655172413793,0.55,112
2023-05-04,1063,115,74,57,35,41,22,0.6434782608695652,0.6140350877192983,109
2023-05-05,1063,126,91,87,32,35,55,0.7222222222222222,0.367816091954023,123
2023-05-06,1063,132,75,55,26,57,29,0.5681818181818182,0.4727272727272727,101
2023-05-07,1063,141,74,94,46,67,48,0.524822695035461,0.48936170212765956,120
2023-05-08,1063,106,92,86,35,14,51,0.8679245283018868,0.4069767441860465,127
2023-05-09,1063,125,71,61,40,54,21,0.568,0.6557377049180327,111
2023-05-10,1063,112,99,65,46,13,19,0.8839285714285714,0.7076923076923077,145
2023-05-11,1063,106,81,52,40,25,12,0.7641509433962265,0.7692307692307693,121
2023-05-12,1063,148,89,84,32,59,52,0.6013513513513513,0.38095238095238093,121
2023-05-13,1063,131,70,72,32,61,40,0.5343511450381679,0.4444444444444444,102
2023-05-14,1063,135,87,53,47,48,6,0.6444444444444445,0.8867924528301887,134
2023-05-15,1063,139,92,59,39,47,20,0.6618705035971223,0.6610169491525424,131
2023-05-16,1063,143,71,95,31,72,64,0.4965034965034965,0.3263157894736842,102
2023-05-17,1063,111,94,61,37,17,24,0.8468468468468469,0.6065573770491803,131
2023-05-18,1063,116,83,83,44,33,39,0.7155172413793104,0.5301204819277109,127
2023-05-19,1063,114,68,57,39,46,18,0.5964912280701754,0.6842105263157895,107
2023-05-20,1063,140,80,97,33,60,64,0.5714285714285714,0.3402061855670103,113
2023-05-21,1063,103,72,100,33,31,67,0.6990291262135923,0.33,105
2023-05-22,1063,105,88,68,44,17,24,0.8380952380952381,0.6470588235294118,132
2023-05-23,1063,107,68,67,31,39,36,0.6355140186915887,0.4626865671641791,99
2023-05-24,1063,147,89,56,41,58,15,0.6054421768707483,0.7321428571428571,130
2023-05-25,1063,126,74,100,37,52,63,0.5873015873015873,0.37,111
2023-05-26,1063,141,88,100,34,53,66,0.624113475177305,0.34,122
2023-05-27,1063,135,78,94,36,57,58,0.5777777777777777,0.3829787234042553,114
2023-05-28,1063,117,75,92,39,42,53,0.6410256410256411,0.42391304347826086,114
2023-05-29,1063,123,86,81,30,37,51,0.6991869918699187,0.37037037037037035,116
2023-05-30,1063,114,80,58,46,34,12,0.7017543859649122,0.7931034482758621,126
2023-05-31,1063,132,82,62,42,50,20,0.6212121212121212,0.6774193548387096,124
2023-06-01,1063,109,75,67,31,34,36,0.6880733944954128,0.4626865671641791,106
2023-06-02,1063,100,75,65,36,25,29,0.75,0.5538461538461539,111
2023-06-03,1063,109,75,93,45,34,48,0.6880733944954128,0.4838709677419355,120
2023-06-04,1063,114,75,67,33,39,34,0.6578947368421053,0.4925373134328358,108
2023-06-05,1063,131,73,82,39,58,43,0.5572519083969466,0.47560975609756095,112
2023-06-06,1063,105,89,69,43,16,26,0.8476190476190476,0.6231884057971014,132
2023-06-07,1063,124,79,59,50,45,9,0.6370967741935484,0.847457627118644,129
2023-06-08,1063,123,78,67,39,45,28,0.6341463414634146,0.582089552238806,117
2023-06-09,1063,139,85,55,35,54,20,0.6115107913669064,0.6363636363636364,120
2023-06-10,1063,122,85,73,41,37,32,0.6967213114754098,0.5616438356164384,126
2023-06-11,1063,121,67,73,53,54,20,0.5537190082644629,0.726027397260274,120
2023-06-12,1063,113,76,69,35,37,34,0.672566371681416,0.5072463768115942,111
2023-06-13,1063,141,80,81,39,61,42,0.5673758865248227,0.48148148148148145,119
2023-06-14,1063,128,87,67,42,41,25,0.6796875,0.6268656716417911,129
2023-06-15,1063,126,84,60,38,42,22,0.6666666666666666,0.6333333333333333,122
2023-06-16,1063,125,74,69,38,51,31,0.592,0.5507246376811594,112
2023-06-17,1063,106,77,81,36,29,45,0.7264150943396226,0.4444444444444444,113
2023-06-18,1063,137,90,51,45,47,6,0.656934306569343,0.8823529411764706,135
2023-06-19,1063,139,99,63,41,40,22,0.7122302158273381,0.6507936507936508,140
2023-06-20,1063,116,80,66,43,36,23,0.6896551724137931,0.6515151515151515,123
2023-06-21,1063,117,76,64,38,41,26,0.6495726495726496,0.59375,114
2023-06-22,1063,136,76,77,34,60,43,0.5588235294117647,0.44155844155844154,110
2023-06-23,1063,146,70,53,35,76,18,0.4794520547945205,0.660377358490566,105
2023-06-24,1063,137,92,100,40,45,60,0.6715328467153284,0.4,132
2023-06-25,1063,107,82,50,37,25,13,0.7663551401869159,0.74,119
2023-06-26,1063,135,81,50,36,54,14,0.6,0.72,117
2023-06-27,1063,112,92,89,37,20,52,0.8214285714285714,0.4157303370786517,129
2023-06-28,1063,122,100,59,38,22,21,0.819672131147541,0.6440677966101694,138
2023-06-29,1063,140,97,81,33,43,48,0.6928571428571428,0.4074074074074074,130
2023-06-30,1063,128,85,66,38,43,28,0.6640625,0.5757575757575758,123
2023-07-01,1063,116,71,92,28,45,64,0.6120689655172413,0.30434782608695654,99
2023-07-02,1063,121,92,54,38,29,16,0.7603305785123967,0.7037037037037037,130
2023-07-03,1063,137,85,86,47,52,39,0.6204379562043796,0.5465116279069767,132
2023-07-04,1063,112,81,92,46,31,46,0.7232142857142857,0.5,127
2023-07-05,1063,106,86,71,49,20,22,0.8113207547169812,0.6901408450704225,135
2023-07-06,1063,114,78,50,33,36,17,0.6842105263157895,0.66,111
2023-07-07,1063,116,71,62,33,45,29,0.6120689655172413,0.532258064516129,104
2023-07-08,1063,120,73,89,38,47,51,0.6083333333333333,0.42696629213483145,111
2023-07-09,1063,127,100,99,38,27,61,0.7874015748031497,0.3838383838383838,138
2023-07-10,1063,135,89,56,44,46,12,0.6592592592592592,0.7857142857142857,133
2023-07-11,1063,124,88,62,31,36,31,0.7096774193548387,0.5,119
2023-07-12,1063,134,66,51,41,68,10,0.4925373134328358,0.803921568627451,107
2023-07-13,1063,136,74,88,37,62,51,0.5441176470588235,0.42045454545454547,111
2023-07-14,1063,133,79,77,31,54,46,0.5939849624060151,0.4025974025974026,110
2023-07-15,1063,111,81,61,44,30,17,0.7297297297297297,0.7213114754098361,125
2023-07-16,1063,132,91,54,39,41,15,0.6893939393939394,0.7222222222222222,130
2023-07-17,1063,125,70,87,45,55,42,0.56,0.5172413793103449,115
2023-07-18,1063,105,80,96,34,25,62,0.7619047619047619,0.3541666666666667,114
2023-07-19,1063,146,71,92,45,75,47,0.4863013698630137,0.4891304347826087,116
2023-07-20,1063,149,84,50,36,65,14,0.5637583892617449,0.72,120
2023-07-21,1063,107,84,93,39,23,54,0.7850467289719626,0.41935483870967744,123
2023-07-22,1063,124,77,61,39,47,22,0.6209677419354839,0.639344262295082,116
2023-07-23,1063,130,87,99,45,43,54,0.6692307692307692,0.45454545454545453,132
2023-07-24,1063,104,71,71,35,33,36,0.6826923076923077,0.49295774647887325,106
2023-07-25,1063,123,76,64,45,47,19,0.6178861788617886,0.703125,121
2023-07-26,1063,109,73,89,47,36,42,0.6697247706422018,0.5280898876404494,120
2023-07-27,1063,150,87,70,44,63,26,0.58,0.6285714285714286,131
2023-07-28,1063,116,75,57,36,41,21,0.646551724137931,0.631578947368421,111
2023-07-29,1063,123,65,67,40,58,27,0.5284552845528455,0.5970149253731343,105
2023-07-30,1063,121,92,60,44,29,16,0.7603305785123967,0.7333333333333333,136
2023-07-31,1063,120,80,84,40,40,44,0.6666666666666666,0.47619047619047616,120
2023-08-01,1063,113,91,85,49,22,36,0.8053097345132744,0.5764705882352941,140
2023-08-02,1063,128,83,81,33,45,48,0.6484375,0.4074074074074074,116
2023-08-03,1063,115,89,92,39,26,53,0.7739130434782608,0.42391304347826086,128
2023-08-04,1063,109,79,78,33,30,45,0.7247706422018348,0.4230769230769231,112
2023-08-05,1063,138,67,73,35,71,38,0.4855072463768116,0.4794520547945205,102
2023-08-06,1063,135,85,71,40,50,31,0.6296296296296297,0.5633802816901409,125
2023-08-07,1063,134,107,55,45,27,10,0.7985074626865671,0.8181818181818182,152
2023-08-08,1063,103,76,77,37,27,40,0.7378640776699029,0.4805194805194805,113
2023-08-09,1063,115,83,57,33,32,24,0.7217391304347827,0.5789473684210527,116
2023-08-10,1063,141,74,61,49,67,12,0.524822695035461,0.8032786885245902,123
2023-08-11,1063,146,84,55,55,62,0,0.5753424657534246,1,139
2023-08-12,1063,149,84,56,39,65,17,0.5637583892617449,0.6964285714285714,123
2023-08-13,1063,101,75,73,48,26,25,0.7425742574257426,0.6575342465753424,123
2023-08-14,1063,122,88,72,43,34,29,0.7213114754098361,0.5972222222222222,131
2023-08-15,1063,148,73,60,33,75,27,0.49324324324324326,0.55,106
2023-08-16,1063,147,103,71,41,44,30,0.7006802721088435,0.5774647887323944,144
2023-08-17,1063,137,71,79,26,66,53,0.5182481751824818,0.3291139240506329,97
2023-08-18,1063,135,77,54,46,58,8,0.5703703703703704,0.8518518518518519,123
2023-08-19,1063,137,84,98,40,53,58,0.6131386861313869,0.40816326530612246,124
2023-08-20,1063,141,83,82,42,58,40,0.5886524822695035,0.5121951219512195,125
2023-08-21,1063,145,62,70,37,83,33,0.42758620689655175,0.5285714285714286,99
2023-08-22,1063,100,100,79,43,0,36,1,0.5443037974683544,143
2023-08-23,1063,111,70,97,46,41,51,0.6306306306306306,0.4742268041237113,116
2023-08-24,1063,105,72,79,28,33,51,0.6857142857142857,0.35443037974683544,100
2023-08-25,1063,115,89,73,38,26,35,0.7739130434782608,0.5205479452054794,127
2023-08-26,1063,149,93,53,47,56,6,0.6241610738255033,0.8867924528301887,140
2023-08-27,1063,105,79,87,53,26,34,0.7523809523809524,0.6091954022988506,132
2023-08-28,1063,101,85,87,35,16,52,0.8415841584158416,0.40229885057471265,120
2023-08-29,1063,100,80,57,47,20,10,0.8,0.8245614035087719,127
2023-08-30,1063,135,93,81,39,42,42,0.6888888888888889,0.48148148148148145,132
2023-08-31,1063,128,70,68,42,58,26,0.546875,0.6176470588235294,112
2023-09-01,1063,119,78,94,36,41,58,0.6554621848739496,0.3829787234042553,114
2023-09-02,1063,132,69,64,40,63,24,0.5227272727272727,0.625,109
2023-09-03,1063,119,74,87,39,45,48,0.6218487394957983,0.4482758620689655,113
2023-09-04,1063,109,82,54,45,27,9,0.7522935779816514,0.8333333333333334,127
2023-09-05,1063,108,73,68,39,35,29,0.6759259259259259,0.5735294117647058,112
2023-09-06,1063,108,97,84,41,11,43,0.8981481481481481,0.4880952380952381,138
2023-09-07,1063,116,90,97,55,26,42,0.7758620689655172,0.5670103092783505,145
2023-09-08,1063,146,94,73,47,52,26,0.6438356164383562,0.6438356164383562,141
2023-09-09,1063,150,70,92,40,80,52,0.4666666666666667,0.43478260869565216,110
2023-09-10,1063,118,72,67,36,46,31,0.6101694915254238,0.5373134328358209,108
2023-09-11,1063,113,79,91,28,34,63,0.6991150442477876,0.3076923076923077,107
2023-09-12,1063,108,98,52,30,10,22,0.9074074074074074,0.5769230769230769,128
2023-09-13,1063,119,79,72,43,40,29,0.6638655462184874,0.5972222222222222,122
2023-09-14,1063,137,89,72,40,48,32,0.6496350364963503,0.5555555555555556,129
2023-09-15,1063,123,75,86,41,48,45,0.6097560975609756,0.47674418604651164,116
2023-09-16,1063,138,82,87,33,56,54,0.5942028985507246,0.3793103448275862,115
2023-09-17,1063,145,70,54,30,75,24,0.4827586206896552,0.5555555555555556,100
2023-09-18,1063,109,85,99,42,24,57,0.7798165137614679,0.42424242424242425,127
2023-09-19,1063,115,86,93,35,29,58,0.7478260869565218,0.3763440860215054,121
2023-09-20,1063,108,64,70,33,44,37,0.5925925925925926,0.4714285714285714,97
2023-09-21,1063,113,83,84,44,30,40,0.7345132743362832,0.5238095238095238,127
2023-09-22,1063,103,70,72,35,33,37,0.6796116504854369,0.4861111111111111,105
2023-09-23,1063,114,87,86,42,27,44,0.7631578947368421,0.4883720930232558,129
2023-09-24,1063,131,83,80,41,48,39,0.6335877862595419,0.5125,124
2023-09-25,1063,127,76,54,34,51,20,0.5984251968503937,0.6296296296296297,110
2023-09-26,1063,118,74,66,41,44,25,0.6271186440677966,0.6212121212121212,115
2023-09-27,1063,119,75,85,44,44,41,0.6302521008403361,0.5176470588235295,119
2023-09-28,1063,128,80,53,40,48,13,0.625,0.7547169811320755,120
2023-09-29,1063,140,89,53,35,51,18,0.6357142857142857,0.660377358490566,124
2023-09-30,1063,126,83,53,42,43,11,0.6587301587301587,0.7924528301886793,125
2023-10-01,1063,129,85,66,44,44,22,0.6589147286821705,0.6666666666666666,129
2023-10-02,1063,116,73,74,37,43,37,0.6293103448275862,0.5,110
2023-10-03,1063,141,87,70,37,54,33,0.6170212765957447,0.5285714285714286,124
2023-10-04,1063,137,83,95,37,54,58,0.6058394160583942,0.3894736842105263,120
2023-10-05,1063,105,77,95,40,28,55,0.7333333333333333,0.42105263157894735,117
2023-10-06,1063,143,81,84,31,62,53,0.5664335664335665,0.36904761904761907,112
2023-10-07,1063,119,73,95,36,46,59,0.6134453781512605,0.37894736842105264,109
2023-10-08,1063,129,89,50,40,40,10,0.689922480620155,0.8,129
2023-10-09,1063,106,75,61,32,31,29,0.7075471698113207,0.5245901639344263,107
2023-10-10,1063,103,92,52,31,11,21,0.8932038834951457,0.5961538461538461,123
2023-10-11,1063,132,65,90,45,67,45,0.49242424242424243,0.5,110
2023-10-12,1063,147,71,63,36,76,27,0.48299319727891155,0.5714285714285714,107
2023-10-13,1063,119,69,65,43,50,22,0.5798319327731093,0.6615384615384615,112
2023-10-14,1063,115,67,77,40,48,37,0.5826086956521739,0.5194805194805194,107
2023-10-15,1063,139,77,61,28,62,33,0.5539568345323741,0.45901639344262296,105
2023-10-16,1063,114,82,81,37,32,44,0.7192982456140351,0.4567901234567901,119
2023-10-17,1063,128,68,84,38,60,46,0.53125,0.4523809523809524,106
2023-10-18,1063,145,82,88,45,63,43,0.5655172413793104,0.5113636363636364,127
2023-10-19,1063,100,77,89,56,23,33,0.77,0.6292134831460674,133
2023-10-20,1063,128,67,51,36,61,15,0.5234375,0.7058823529411765,103
2023-10-21,1063,116,79,80,40,37,40,0.6810344827586207,0.5,119
2023-10-22,1063,114,83,74,33,31,41,0.7280701754385965,0.44594594594594594,116
2023-10-23,1063,150,99,56,46,51,10,0.66,0.8214285714285714,145
2023-10-24,1063,139,85,59,48,54,11,0.6115107913669064,0.8135593220338984,133
2023-10-25,1063,135,79,90,44,56,46,0.5851851851851851,0.4888888888888889,123
2023-10-26,1063,121,83,86,35,38,51,0.6859504132231405,0.4069767441860465,118
2023-10-27,1063,127,65,61,33,62,28,0.5118110236220472,0.5409836065573771,98
2023-10-28,1063,144,94,90,33,50,57,0.6527777777777778,0.36666666666666664,127
2023-10-29,1063,133,86,70,43,47,27,0.6466165413533834,0.6142857142857143,129
2023-10-30,1063,129,78,66,48,51,18,0.6046511627906976,0.7272727272727273,126
2023-10-31,1063,143,75,92,32,68,60,0.5244755244755245,0.34782608695652173,107
2023-11-01,1063,149,84,61,41,65,20,0.5637583892617449,0.6721311475409836,125
2023-11-02,1063,136,93,71,42,43,29,0.6838235294117647,0.5915492957746479,135
2023-11-03,1063,118,68,96,54,50,42,0.576271186440678,0.5625,122
2023-11-04,1063,118,84,62,33,34,29,0.711864406779661,0.532258064516129,117
2023-11-05,1063,134,74,58,47,60,11,0.5522388059701493,0.8103448275862069,121
2023-11-06,1063,116,89,63,40,27,23,0.7672413793103449,0.6349206349206349,129
2023-11-07,1063,139,80,65,41,59,24,0.5755395683453237,0.6307692307692307,121
2023-11-08,1063,130,98,90,50,32,40,0.7538461538461538,0.5555555555555556,148
2023-11-09,1063,106,75,69,45,31,24,0.7075471698113207,0.6521739130434783,120
2023-11-10,1063,125,73,95,48,52,47,0.584,0.5052631578947369,121
2023-11-11,1063,123,81,98,38,42,60,0.6585365853658537,0.3877551020408163,119
2023-11-12,1063,134,74,91,37,60,54,0.5522388059701493,0.4065934065934066,111
2023-11-13,1063,117,76,61,38,41,23,0.6495726495726496,0.6229508196721312,114
2023-11-14,1063,140,83,91,39,57,52,0.5928571428571429,0.42857142857142855,122
2023-11-15,1063,110,73,91,34,37,57,0.6636363636363637,0.37362637362637363,107
2023-11-16,1063,123,84,68,50,39,18,0.6829268292682927,0.7352941176470589,134
2023-11-17,1063,119,95,61,49,24,12,0.7983193277310925,0.8032786885245902,144
2023-11-18,1063,136,82,70,37,54,33,0.6029411764705882,0.5285714285714286,119
2023-11-19,1063,122,77,61,38,45,23,0.6311475409836066,0.6229508196721312,115
2023-11-20,1063,111,81,90,34,30,56,0.7297297297297297,0.37777777777777777,115
2023-11-21,1063,133,82,67,32,51,35,0.6165413533834586,0.47761194029850745,114
2023-11-22,1063,126,87,99,34,39,65,0.6904761904761905,0.3434343434343434,121
2023-11-23,1063,133,80,80,38,53,42,0.6015037593984962,0.475,118
2023-11-24,1063,126,93,61,49,33,12,0.7380952380952381,0.8032786885245902,142
2023-11-25,1063,140,83,83,33,57,50,0.5928571428571429,0.39759036144578314,116
2023-11-26,1063,129,79,71,37,50,34,0.6124031007751938,0.5211267605633803,116
2023-11-27,1063,120,85,64,33,35,31,0.7083333333333334,0.515625,118
2023-11-28,1063,143,66,57,35,77,22,0.46153846153846156,0.6140350877192983,101
2023-11-29,1063,130,75,84,47,55,37,0.5769230769230769,0.5595238095238095,122
2023-11-30,1063,134,74,79,34,60,45,0.5522388059701493,0.43037974683544306,108
2023-12-01,1063,129,69,66,30,60,36,0.5348837209302325,0.45454545454545453,99
2023-12-02,1063,115,67,97,38,48,59,0.5826086956521739,0.3917525773195876,105
2023-12-03,1063,107,80,61,50,27,11,0.7476635514018691,0.819672131147541,130
2023-12-04,1063,125,67,51,37,58,14,0.536,0.7254901960784313,104
2023-12-05,1063,118,88,83,38,30,45,0.7457627118644068,0.4578313253012048,126
2023-12-06,1063,149,81,61,40,68,21,0.5436241610738255,0.6557377049180327,121
2023-12-07,1063,107,67,51,39,40,12,0.6261682242990654,0.7647058823529411,106
2023-12-08,1063,118,86,56,54,32,2,0.7288135593220338,0.9642857142857143,140
2023-12-09,1063,105,91,55,27,14,28,0.8666666666666667,0.4909090909090909,118
2023-12-10,1063,141,81,67,39,60,28,0.574468085106383,0.582089552238806,120
2023-12-11,1063,109,83,61,27,26,34,0.7614678899082569,0.4426229508196721,110
2023-12-12,1063,149,70,98,58,79,40,0.4697986577181208,0.5918367346938775,128
2023-12-13,1063,139,90,86,39,49,47,0.6474820143884892,0.45348837209302323,129
2023-12-14,1063,119,75,94,34,44,60,0.6302521008403361,0.3617021276595745,109
2023-12-15,1063,146,82,50,43,64,7,0.5616438356164384,0.86,125
2023-12-16,1063,134,70,84,47,64,37,0.5223880597014925,0.5595238095238095,117
2023-12-17,1063,101,81,61,28,20,33,0.801980198019802,0.45901639344262296,109
2023-12-18,1063,115,91,72,46,24,26,0.7913043478260869,0.6388888888888888,137
2023-12-19,1063,144,83,88,26,61,62,0.5763888888888888,0.29545454545454547,109
2023-12-20,1063,140,68,81,30,72,51,0.4857142857142857,0.37037037037037035,98
2023-12-21,1063,105,97,99,42,8,57,0.9238095238095239,0.42424242424242425,139
2023-12-22,1063,150,73,84,38,77,46,0.4866666666666667,0.4523809523809524,111
2023-12-23,1063,140,89,69,45,51,24,0.6357142857142857,0.6521739130434783,134
2023-12-24,1063,150,87,55,31,63,24,0.58,0.5636363636363636,118
2023-12-25,1063,136,82,84,37,54,47,0.6029411764705882,0.44047619047619047,119
2023-12-26,1063,101,78,54,46,23,8,0.7722772277227723,0.8518518518518519,124
2023-12-27,1063,126,93,59,44,33,15,0.7380952380952381,0.7457627118644068,137
2023-12-28,1063,109,83,50,50,26,0,0.7614678899082569,1,133
2023-12-29,1063,125,77,98,44,48,54,0.616,0.4489795918367347,121
2023-12-30,1063,145,65,70,42,80,28,0.4482758620689655,0.6,107
2023-12-31,1063,100,94,83,43,6,40,0.94,0.5180722891566265,137
2023-01-01,1064,124,87,72,28,37,44,0.7016129032258065,0.3888888888888889,115
2023-01-02,1064,107,79,69,45,28,24,0.7383177570093458,0.6521739130434783,124
2023-01-03,1064,119,72,59,35,47,24,0.6050420168067226,0.5932203389830508,107
2023-01-04,1064,102,79,81,44,23,37,0.7745098039215687,0.5432098765432098,123
2023-01-05,1064,136,94,86,48,42,38,0.6911764705882353,0.5581395348837209,142
2023-01-06,1064,105,79,86,27,26,59,0.7523809523809524,0.313953488372093,106
2023-01-07,1064,134,86,100,38,48,62,0.6417910447761194,0.38,124
2023-01-08,1064,119,89,80,41,30,39,0.7478991596638656,0.5125,130
2023-01-09,1064,107,84,88,28,23,60,0.7850467289719626,0.3181818181818182,112
2023-01-10,1064,117,87,94,43,30,51,0.7435897435897436,0.4574468085106383,130
2023-01-11,1064,119,81,56,36,38,20,0.680672268907563,0.6428571428571429,117
2023-01-12,1064,104,70,56,39,34,17,0.6730769230769231,0.6964285714285714,109
2023-01-13,1064,109,69,60,38,40,22,0.6330275229357798,0.6333333333333333,107
2023-01-14,1064,113,88,57,46,25,11,0.7787610619469026,0.8070175438596491,134
2023-01-15,1064,142,84,50,39,58,11,0.5915492957746479,0.78,123
2023-01-16,1064,104,87,85,43,17,42,0.8365384615384616,0.5058823529411764,130
2023-01-17,1064,137,106,75,52,31,23,0.7737226277372263,0.6933333333333334,158
2023-01-18,1064,150,82,76,49,68,27,0.5466666666666666,0.6447368421052632,131
2023-01-19,1064,114,72,95,35,42,60,0.631578947368421,0.3684210526315789,107
2023-01-20,1064,120,90,58,36,30,22,0.75,0.6206896551724138,126
2023-01-21,1064,103,87,74,42,16,32,0.8446601941747572,0.5675675675675675,129
2023-01-22,1064,139,70,55,44,69,11,0.5035971223021583,0.8,114
2023-01-23,1064,149,75,80,36,74,44,0.5033557046979866,0.45,111
2023-01-24,1064,101,63,55,34,38,21,0.6237623762376238,0.6181818181818182,97
2023-01-25,1064,136,56,79,45,80,34,0.4117647058823529,0.569620253164557,101
2023-01-26,1064,138,93,94,54,45,40,0.6739130434782609,0.574468085106383,147
2023-01-27,1064,145,93,75,40,52,35,0.6413793103448275,0.5333333333333333,133
2023-01-28,1064,117,87,70,43,30,27,0.7435897435897436,0.6142857142857143,130
2023-01-29,1064,126,73,94,42,53,52,0.5793650793650794,0.44680851063829785,115
2023-01-30,1064,121,74,99,43,47,56,0.6115702479338843,0.43434343434343436,117
2023-01-31,1064,126,92,75,38,34,37,0.7301587301587301,0.5066666666666667,130
2023-02-01,1064,100,89,92,32,11,60,0.89,0.34782608695652173,121
2023-02-02,1064,131,71,99,33,60,66,0.5419847328244275,0.3333333333333333,104
2023-02-03,1064,129,82,51,48,47,3,0.6356589147286822,0.9411764705882353,130
2023-02-04,1064,107,73,76,39,34,37,0.6822429906542056,0.5131578947368421,112
2023-02-05,1064,144,83,66,38,61,28,0.5763888888888888,0.5757575757575758,121
2023-02-06,1064,105,80,94,50,25,44,0.7619047619047619,0.5319148936170213,130
2023-02-07,1064,120,82,78,32,38,46,0.6833333333333333,0.41025641025641024,114
2023-02-08,1064,111,87,71,55,24,16,0.7837837837837838,0.7746478873239436,142
2023-02-09,1064,129,86,99,28,43,71,0.6666666666666666,0.2828282828282828,114
2023-02-10,1064,116,84,81,44,32,37,0.7241379310344828,0.5432098765432098,128
2023-02-11,1064,126,69,75,41,57,34,0.5476190476190477,0.5466666666666666,110
2023-02-12,1064,144,80,77,30,64,47,0.5555555555555556,0.38961038961038963,110
2023-02-13,1064,122,77,58,32,45,26,0.6311475409836066,0.5517241379310345,109
2023-02-14,1064,108,82,66,44,26,22,0.7592592592592593,0.6666666666666666,126
2023-02-15,1064,149,76,87,41,73,46,0.5100671140939598,0.47126436781609193,117
2023-02-16,1064,113,77,81,55,36,26,0.6814159292035398,0.6790123456790124,132
2023-02-17,1064,114,84,55,36,30,19,0.7368421052631579,0.6545454545454545,120
2023-02-18,1064,124,76,95,46,48,49,0.6129032258064516,0.4842105263157895,122
2023-02-19,1064,127,87,54,39,40,15,0.6850393700787402,0.7222222222222222,126
2023-02-20,1064,146,95,64,44,51,20,0.6506849315068494,0.6875,139
2023-02-21,1064,136,87,59,43,49,16,0.6397058823529411,0.7288135593220338,130
2023-02-22,1064,122,88,73,44,34,29,0.7213114754098361,0.6027397260273972,132
2023-02-23,1064,147,90,58,39,57,19,0.6122448979591837,0.6724137931034483,129
2023-02-24,1064,125,81,53,37,44,16,0.648,0.6981132075471698,118
2023-02-25,1064,142,76,64,40,66,24,0.5352112676056338,0.625,116
2023-02-26,1064,113,78,63,47,35,16,0.6902654867256637,0.746031746031746,125
2023-02-27,1064,132,74,66,39,58,27,0.5606060606060606,0.5909090909090909,113
2023-02-28,1064,102,74,52,40,28,12,0.7254901960784313,0.7692307692307693,114
2023-03-01,1064,105,76,75,42,29,33,0.7238095238095238,0.56,118
2023-03-02,1064,106,81,63,34,25,29,0.7641509433962265,0.5396825396825397,115
2023-03-03,1064,109,80,79,35,29,44,0.7339449541284404,0.4430379746835443,115
2023-03-04,1064,103,88,87,40,15,47,0.8543689320388349,0.45977011494252873,128
2023-03-05,1064,110,88,53,45,22,8,0.8,0.8490566037735849,133
2023-03-06,1064,149,63,56,41,86,15,0.4228187919463087,0.7321428571428571,104
2023-03-07,1064,115,89,59,37,26,22,0.7739130434782608,0.6271186440677966,126
2023-03-08,1064,135,65,50,35,70,15,0.48148148148148145,0.7,100
2023-03-09,1064,126,86,83,37,40,46,0.6825396825396826,0.4457831325301205,123
2023-03-10,1064,109,82,94,31,27,63,0.7522935779816514,0.32978723404255317,113
2023-03-11,1064,102,72,96,40,30,56,0.7058823529411765,0.4166666666666667,112
2023-03-12,1064,126,87,93,44,39,49,0.6904761904761905,0.4731182795698925,131
2023-03-13,1064,150,86,82,37,64,45,0.5733333333333334,0.45121951219512196,123
2023-03-14,1064,150,81,66,34,69,32,0.54,0.5151515151515151,115
2023-03-15,1064,128,70,94,35,58,59,0.546875,0.3723404255319149,105
2023-03-16,1064,112,85,66,34,27,32,0.7589285714285714,0.5151515151515151,119
2023-03-17,1064,143,74,82,42,69,40,0.5174825174825175,0.5121951219512195,116
2023-03-18,1064,134,83,79,37,51,42,0.6194029850746269,0.46835443037974683,120
2023-03-19,1064,110,75,55,43,35,12,0.6818181818181818,0.7818181818181819,118
2023-03-20,1064,147,79,94,46,68,48,0.5374149659863946,0.48936170212765956,125
2023-03-21,1064,143,82,76,38,61,38,0.5734265734265734,0.5,120
2023-03-22,1064,150,88,94,40,62,54,0.5866666666666667,0.425531914893617,128
2023-03-23,1064,138,72,52,34,66,18,0.5217391304347826,0.6538461538461539,106
2023-03-24,1064,131,78,66,34,53,32,0.5954198473282443,0.5151515151515151,112
2023-03-25,1064,140,93,90,36,47,54,0.6642857142857143,0.4,129
2023-03-26,1064,118,70,53,37,48,16,0.5932203389830508,0.6981132075471698,107
2023-03-27,1064,137,89,79,45,48,34,0.6496350364963503,0.569620253164557,134
2023-03-28,1064,145,68,78,38,77,40,0.4689655172413793,0.48717948717948717,106
2023-03-29,1064,105,85,76,39,20,37,0.8095238095238095,0.5131578947368421,124
2023-03-30,1064,109,66,72,45,43,27,0.6055045871559633,0.625,111
2023-03-31,1064,138,73,61,40,65,21,0.5289855072463768,0.6557377049180327,113
2023-04-01,1064,104,75,83,35,29,48,0.7211538461538461,0.42168674698795183,110
2023-04-02,1064,143,73,94,33,70,61,0.5104895104895105,0.35106382978723405,106
2023-04-03,1064,145,84,74,53,61,21,0.5793103448275863,0.7162162162162162,137
2023-04-04,1064,110,62,78,45,48,33,0.5636363636363636,0.5769230769230769,107
2023-04-05,1064,135,95,76,31,40,45,0.7037037037037037,0.40789473684210525,126
2023-04-06,1064,150,89,67,34,61,33,0.5933333333333334,0.5074626865671642,123
2023-04-07,1064,145,72,72,34,73,38,0.496551724137931,0.4722222222222222,106
2023-04-08,1064,121,62,78,33,59,45,0.512396694214876,0.4230769230769231,95
2023-04-09,1064,150,75,84,35,75,49,0.5,0.4166666666666667,110
2023-04-10,1064,150,72,63,37,78,26,0.48,0.5873015873015873,109
2023-04-11,1064,101,83,58,41,18,17,0.8217821782178217,0.7068965517241379,124
2023-04-12,1064,131,80,99,40,51,59,0.6106870229007634,0.40404040404040403,120
2023-04-13,1064,112,72,85,22,40,63,0.6428571428571429,0.25882352941176473,94
2023-04-14,1064,131,91,71,43,40,28,0.6946564885496184,0.6056338028169014,134
2023-04-15,1064,140,79,57,38,61,19,0.5642857142857143,0.6666666666666666,117
2023-04-16,1064,124,86,72,50,38,22,0.6935483870967742,0.6944444444444444,136
2023-04-17,1064,127,75,58,43,52,15,0.5905511811023622,0.7413793103448276,118
2023-04-18,1064,104,85,52,44,19,8,0.8173076923076923,0.8461538461538461,129
2023-04-19,1064,120,76,76,46,44,30,0.6333333333333333,0.6052631578947368,122
2023-04-20,1064,134,90,61,35,44,26,0.6716417910447762,0.5737704918032787,125
2023-04-21,1064,130,76,99,50,54,49,0.5846153846153846,0.5050505050505051,126
2023-04-22,1064,117,77,100,36,40,64,0.6581196581196581,0.36,113
2023-04-23,1064,144,93,87,36,51,51,0.6458333333333334,0.41379310344827586,129
2023-04-24,1064,107,81,56,43,26,13,0.7570093457943925,0.7678571428571429,124
2023-04-25,1064,128,77,87,42,51,45,0.6015625,0.4827586206896552,119
2023-04-26,1064,116,89,70,43,27,27,0.7672413793103449,0.6142857142857143,132
2023-04-27,1064,134,79,80,40,55,40,0.5895522388059702,0.5,119
2023-04-28,1064,106,61,52,48,45,4,0.5754716981132075,0.9230769230769231,109
2023-04-29,1064,127,77,69,44,50,25,0.6062992125984252,0.6376811594202898,121
2023-04-30,1064,143,71,53,44,72,9,0.4965034965034965,0.8301886792452831,115
2023-05-01,1064,131,88,98,38,43,60,0.6717557251908397,0.3877551020408163,126
2023-05-02,1064,128,88,89,37,40,52,0.6875,0.4157303370786517,125
2023-05-03,1064,149,76,59,41,73,18,0.5100671140939598,0.6949152542372882,117
2023-05-04,1064,143,69,51,51,74,0,0.4825174825174825,1,120
2023-05-05,1064,108,83,80,53,25,27,0.7685185185185185,0.6625,136
2023-05-06,1064,105,74,50,48,31,2,0.7047619047619048,0.96,122
2023-05-07,1064,100,85,74,36,15,38,0.85,0.4864864864864865,121
2023-05-08,1064,101,85,58,35,16,23,0.8415841584158416,0.603448275862069,120
2023-05-09,1064,139,91,60,32,48,28,0.6546762589928058,0.5333333333333333,123
2023-05-10,1064,134,84,86,39,50,47,0.6268656716417911,0.45348837209302323,123
2023-05-11,1064,114,83,66,47,31,19,0.7280701754385965,0.7121212121212122,130
2023-05-12,1064,131,75,80,40,56,40,0.5725190839694656,0.5,115
2023-05-13,1064,128,68,66,46,60,20,0.53125,0.696969696969697,114
2023-05-14,1064,116,84,75,52,32,23,0.7241379310344828,0.6933333333333334,136
2023-05-15,1064,113,73,94,48,40,46,0.6460176991150443,0.5106382978723404,121
2023-05-16,1064,132,72,75,39,60,36,0.5454545454545454,0.52,111
2023-05-17,1064,115,86,64,47,29,17,0.7478260869565218,0.734375,133
2023-05-18,1064,140,86,53,46,54,7,0.6142857142857143,0.8679245283018868,132
2023-05-19,1064,117,84,80,44,33,36,0.717948717948718,0.55,128
2023-05-20,1064,101,78,67,39,23,28,0.7722772277227723,0.582089552238806,117
2023-05-21,1064,110,66,62,35,44,27,0.6,0.5645161290322581,101
2023-05-22,1064,137,86,56,47,51,9,0.6277372262773723,0.8392857142857143,133
2023-05-23,1064,114,98,100,39,16,61,0.8596491228070176,0.39,137
2023-05-24,1064,119,69,60,31,50,29,0.5798319327731093,0.5166666666666667,100
2023-05-25,1064,123,79,84,36,44,48,0.6422764227642277,0.42857142857142855,115
2023-05-26,1064,118,80,65,43,38,22,0.6779661016949152,0.6615384615384615,123
2023-05-27,1064,142,88,74,41,54,33,0.6197183098591549,0.5540540540540541,129
2023-05-28,1064,146,73,59,39,73,20,0.5,0.6610169491525424,112
2023-05-29,1064,108,82,69,43,26,26,0.7592592592592593,0.6231884057971014,125
2023-05-30,1064,146,84,63,41,62,22,0.5753424657534246,0.6507936507936508,125
2023-05-31,1064,136,75,78,44,61,34,0.5514705882352942,0.5641025641025641,119
2023-06-01,1064,141,76,68,45,65,23,0.5390070921985816,0.6617647058823529,121
2023-06-02,1064,123,84,97,40,39,57,0.6829268292682927,0.41237113402061853,124
2023-06-03,1064,146,79,56,35,67,21,0.541095890410959,0.625,114
2023-06-04,1064,141,84,74,46,57,28,0.5957446808510638,0.6216216216216216,130
2023-06-05,1064,100,97,88,41,3,47,0.97,0.4659090909090909,138
2023-06-06,1064,119,60,60,38,59,22,0.5042016806722689,0.6333333333333333,98
2023-06-07,1064,114,80,88,33,34,55,0.7017543859649122,0.375,113
2023-06-08,1064,125,69,75,53,56,22,0.552,0.7066666666666667,122
2023-06-09,1064,148,74,78,36,74,42,0.5,0.46153846153846156,110
2023-06-10,1064,123,79,93,38,44,55,0.6422764227642277,0.40860215053763443,117
2023-06-11,1064,142,91,58,47,51,11,0.6408450704225352,0.8103448275862069,138
2023-06-12,1064,117,75,68,41,42,27,0.6410256410256411,0.6029411764705882,116
2023-06-13,1064,130,64,99,44,66,55,0.49230769230769234,0.4444444444444444,108
2023-06-14,1064,136,70,85,34,66,51,0.5147058823529411,0.4,104
2023-06-15,1064,118,95,98,47,23,51,0.8050847457627118,0.47959183673469385,142
2023-06-16,1064,142,78,81,34,64,47,0.5492957746478874,0.41975308641975306,112
2023-06-17,1064,100,82,59,32,18,27,0.82,0.5423728813559322,114
2023-06-18,1064,130,83,92,45,47,47,0.6384615384615384,0.4891304347826087,128
2023-06-19,1064,118,80,55,38,38,17,0.6779661016949152,0.6909090909090909,118
2023-06-20,1064,124,95,82,38,29,44,0.7661290322580645,0.4634146341463415,133
2023-06-21,1064,123,83,72,44,40,28,0.6747967479674797,0.6111111111111112,127
2023-06-22,1064,140,85,88,32,55,56,0.6071428571428571,0.36363636363636365,117
2023-06-23,1064,109,80,71,46,29,25,0.7339449541284404,0.647887323943662,126
2023-06-24,1064,150,79,68,36,71,32,0.5266666666666666,0.5294117647058824,115
2023-06-25,1064,108,89,72,40,19,32,0.8240740740740741,0.5555555555555556,129
2023-06-26,1064,117,64,50,42,53,8,0.5470085470085471,0.84,106
2023-06-27,1064,130,68,55,35,62,20,0.5230769230769231,0.6363636363636364,103
2023-06-28,1064,125,72,55,46,53,9,0.576,0.8363636363636363,118
2023-06-29,1064,144,79,84,30,65,54,0.5486111111111112,0.35714285714285715,109
2023-06-30,1064,141,83,74,45,58,29,0.5886524822695035,0.6081081081081081,128
2023-07-01,1064,146,79,63,27,67,36,0.541095890410959,0.42857142857142855,106
2023-07-02,1064,109,78,77,37,31,40,0.7155963302752294,0.4805194805194805,115
2023-07-03,1064,135,82,95,49,53,46,0.6074074074074074,0.5157894736842106,131
2023-07-04,1064,131,87,82,36,44,46,0.6641221374045801,0.43902439024390244,123
2023-07-05,1064,119,92,62,40,27,22,0.773109243697479,0.6451612903225806,132
2023-07-06,1064,146,92,73,41,54,32,0.6301369863013698,0.5616438356164384,133
2023-07-07,1064,145,67,86,37,78,49,0.46206896551724136,0.43023255813953487,104
2023-07-08,1064,116,69,97,41,47,56,0.5948275862068966,0.422680412371134,110
2023-07-09,1064,136,79,72,43,57,29,0.5808823529411765,0.5972222222222222,122
2023-07-10,1064,140,83,50,44,57,6,0.5928571428571429,0.88,127
2023-07-11,1064,150,82,78,50,68,28,0.5466666666666666,0.6410256410256411,132
2023-07-12,1064,131,84,70,43,47,27,0.6412213740458015,0.6142857142857143,127
2023-07-13,1064,100,80,98,46,20,52,0.8,0.46938775510204084,126
2023-07-14,1064,122,93,64,49,29,15,0.7622950819672131,0.765625,142
2023-07-15,1064,149,72,77,38,77,39,0.48322147651006714,0.4935064935064935,110
2023-07-16,1064,136,68,76,51,68,25,0.5,0.6710526315789473,119
2023-07-17,1064,132,75,86,45,57,41,0.5681818181818182,0.5232558139534884,120
2023-07-18,1064,100,75,62,47,25,15,0.75,0.7580645161290323,122
2023-07-19,1064,121,74,61,38,47,23,0.6115702479338843,0.6229508196721312,112
2023-07-20,1064,136,75,59,36,61,23,0.5514705882352942,0.6101694915254238,111
2023-07-21,1064,100,61,60,35,39,25,0.61,0.5833333333333334,96
2023-07-22,1064,115,71,67,50,44,17,0.6173913043478261,0.746268656716418,121
2023-07-23,1064,143,78,78,28,65,50,0.5454545454545454,0.358974358974359,106
2023-07-24,1064,149,77,89,45,72,44,0.5167785234899329,0.5056179775280899,122
2023-07-25,1064,139,70,60,42,69,18,0.5035971223021583,0.7,112
2023-07-26,1064,114,83,69,40,31,29,0.7280701754385965,0.5797101449275363,123
2023-07-27,1064,107,60,83,35,47,48,0.5607476635514018,0.42168674698795183,95
2023-07-28,1064,136,80,64,40,56,24,0.5882352941176471,0.625,120
2023-07-29,1064,150,100,61,30,50,31,0.6666666666666666,0.4918032786885246,130
2023-07-30,1064,117,79,59,37,38,22,0.6752136752136753,0.6271186440677966,116
2023-07-31,1064,128,91,78,43,37,35,0.7109375,0.5512820512820513,134
2023-08-01,1064,104,81,58,32,23,26,0.7788461538461539,0.5517241379310345,113
2023-08-02,1064,114,94,81,46,20,35,0.8245614035087719,0.5679012345679012,140
2023-08-03,1064,137,85,75,35,52,40,0.6204379562043796,0.4666666666666667,120
2023-08-04,1064,128,96,79,41,32,38,0.75,0.5189873417721519,137
2023-08-05,1064,104,81,77,44,23,33,0.7788461538461539,0.5714285714285714,125
2023-08-06,1064,147,78,51,43,69,8,0.5306122448979592,0.8431372549019608,121
2023-08-07,1064,144,76,96,33,68,63,0.5277777777777778,0.34375,109
2023-08-08,1064,109,75,62,47,34,15,0.6880733944954128,0.7580645161290323,122
2023-08-09,1064,112,82,86,44,30,42,0.7321428571428571,0.5116279069767442,126
2023-08-10,1064,102,80,99,44,22,55,0.7843137254901961,0.4444444444444444,124
2023-08-11,1064,120,85,61,35,35,26,0.7083333333333334,0.5737704918032787,120
2023-08-12,1064,126,77,67,39,49,28,0.6111111111111112,0.582089552238806,116
2023-08-13,1064,126,90,77,42,36,35,0.7142857142857143,0.5454545454545454,132
2023-08-14,1064,104,82,85,32,22,53,0.7884615384615384,0.3764705882352941,114
2023-08-15,1064,106,78,87,26,28,61,0.7358490566037735,0.2988505747126437,104
2023-08-16,1064,120,86,61,47,34,14,0.7166666666666667,0.7704918032786885,133
2023-08-17,1064,134,82,77,54,52,23,0.6119402985074627,0.7012987012987013,136
2023-08-18,1064,125,83,51,43,42,8,0.664,0.8431372549019608,126
2023-08-19,1064,131,83,88,30,48,58,0.6335877862595419,0.3409090909090909,113
2023-08-20,1064,134,66,53,46,68,7,0.4925373134328358,0.8679245283018868,112
2023-08-21,1064,127,89,60,34,38,26,0.7007874015748031,0.5666666666666667,123
2023-08-22,1064,135,75,66,37,60,29,0.5555555555555556,0.5606060606060606,112
2023-08-23,1064,142,95,76,33,47,43,0.6690140845070423,0.4342105263157895,128
2023-08-24,1064,137,57,55,42,80,13,0.41605839416058393,0.7636363636363637,99
2023-08-25,1064,123,78,89,49,45,40,0.6341463414634146,0.550561797752809,127
2023-08-26,1064,105,71,54,33,34,21,0.6761904761904762,0.6111111111111112,104
2023-08-27,1064,130,90,71,40,40,31,0.6923076923076923,0.5633802816901409,130
2023-08-28,1064,139,82,62,34,57,28,0.5899280575539568,0.5483870967741935,116
2023-08-29,1064,116,77,79,47,39,32,0.6637931034482759,0.5949367088607594,124
2023-08-30,1064,134,82,56,49,52,7,0.6119402985074627,0.875,131
2023-08-31,1064,147,69,60,55,78,5,0.46938775510204084,0.9166666666666666,124
2023-09-01,1064,116,78,68,42,38,26,0.6724137931034483,0.6176470588235294,120
2023-09-02,1064,140,85,93,42,55,51,0.6071428571428571,0.45161290322580644,127
2023-09-03,1064,102,75,76,42,27,34,0.7352941176470589,0.5526315789473685,117
2023-09-04,1064,128,76,91,42,52,49,0.59375,0.46153846153846156,118
2023-09-05,1064,106,71,76,47,35,29,0.6698113207547169,0.618421052631579,118
2023-09-06,1064,133,78,54,36,55,18,0.5864661654135338,0.6666666666666666,114
2023-09-07,1064,123,72,74,31,51,43,0.5853658536585366,0.4189189189189189,103
2023-09-08,1064,111,74,81,48,37,33,0.6666666666666666,0.5925925925925926,122
2023-09-09,1064,111,92,61,50,19,11,0.8288288288288288,0.819672131147541,142
2023-09-10,1064,109,77,62,48,32,14,0.7064220183486238,0.7741935483870968,125
2023-09-11,1064,138,99,92,44,39,48,0.717391304347826,0.4782608695652174,143
2023-09-12,1064,136,93,69,39,43,30,0.6838235294117647,0.5652173913043478,132
2023-09-13,1064,118,79,83,42,39,41,0.6694915254237288,0.5060240963855421,121
2023-09-14,1064,108,86,56,33,22,23,0.7962962962962963,0.5892857142857143,119
2023-09-15,1064,133,90,62,44,43,18,0.6766917293233082,0.7096774193548387,134
2023-09-16,1064,149,63,63,39,86,24,0.4228187919463087,0.6190476190476191,102
2023-09-17,1064,104,74,70,44,30,26,0.7115384615384616,0.6285714285714286,118
2023-09-18,1064,123,84,98,49,39,49,0.6829268292682927,0.5,133
2023-09-19,1064,115,85,54,33,30,21,0.7391304347826086,0.6111111111111112,118
2023-09-20,1064,109,92,96,50,17,46,0.8440366972477065,0.5208333333333334,142
2023-09-21,1064,148,90,80,40,58,40,0.6081081081081081,0.5,130
2023-09-22,1064,126,73,83,39,53,44,0.5793650793650794,0.46987951807228917,112
2023-09-23,1064,108,92,98,37,16,61,0.8518518518518519,0.37755102040816324,129
2023-09-24,1064,139,76,89,45,63,44,0.5467625899280576,0.5056179775280899,121
2023-09-25,1064,122,84,63,37,38,26,0.6885245901639344,0.5873015873015873,121
2023-09-26,1064,110,68,93,37,42,56,0.6181818181818182,0.3978494623655914,105
2023-09-27,1064,145,70,56,35,75,21,0.4827586206896552,0.625,105
2023-09-28,1064,117,85,76,47,32,29,0.7264957264957265,0.618421052631579,132
2023-09-29,1064,108,75,54,52,33,2,0.6944444444444444,0.9629629629629629,127
2023-09-30,1064,120,92,80,44,28,36,0.7666666666666667,0.55,136
2023-10-01,1064,106,96,91,39,10,52,0.9056603773584906,0.42857142857142855,135
2023-10-02,1064,135,79,75,39,56,36,0.5851851851851851,0.52,118
2023-10-03,1064,131,81,66,40,50,26,0.6183206106870229,0.6060606060606061,121
2023-10-04,1064,120,65,83,44,55,39,0.5416666666666666,0.5301204819277109,109
2023-10-05,1064,123,85,82,52,38,30,0.6910569105691057,0.6341463414634146,137
2023-10-06,1064,141,68,69,44,73,25,0.48226950354609927,0.6376811594202898,112
2023-10-07,1064,100,71,59,42,29,17,0.71,0.711864406779661,113
2023-10-08,1064,124,77,79,37,47,42,0.6209677419354839,0.46835443037974683,114
2023-10-09,1064,113,74,61,43,39,18,0.6548672566371682,0.7049180327868853,117
2023-10-10,1064,108,71,83,53,37,30,0.6574074074074074,0.6385542168674698,124
2023-10-11,1064,150,109,84,41,41,43,0.7266666666666667,0.4880952380952381,150
2023-10-12,1064,119,76,86,42,43,44,0.6386554621848739,0.4883720930232558,118
2023-10-13,1064,150,86,81,33,64,48,0.5733333333333334,0.4074074074074074,119
2023-10-14,1064,117,84,73,44,33,29,0.717948717948718,0.6027397260273972,128
2023-10-15,1064,150,94,86,49,56,37,0.6266666666666667,0.5697674418604651,143
2023-10-16,1064,130,94,78,41,36,37,0.7230769230769231,0.5256410256410257,135
2023-10-17,1064,110,79,98,33,31,65,0.7181818181818181,0.336734693877551,112
2023-10-18,1064,134,65,100,24,69,76,0.48507462686567165,0.24,89
2023-10-19,1064,132,88,58,46,44,12,0.6666666666666666,0.7931034482758621,134
2023-10-20,1064,131,88,58,46,43,12,0.6717557251908397,0.7931034482758621,134
2023-10-21,1064,139,91,79,25,48,54,0.6546762589928058,0.31645569620253167,116
2023-10-22,1064,130,72,94,36,58,58,0.5538461538461539,0.3829787234042553,108
2023-10-23,1064,145,80,55,31,65,24,0.5517241379310345,0.5636363636363636,111
2023-10-24,1064,127,85,52,46,42,6,0.6692913385826772,0.8846153846153846,131
2023-10-25,1064,121,82,99,47,39,52,0.6776859504132231,0.47474747474747475,129
2023-10-26,1064,140,77,62,47,63,15,0.55,0.7580645161290323,124
2023-10-27,1064,111,86,98,33,25,65,0.7747747747747747,0.336734693877551,119
2023-10-28,1064,140,87,80,41,53,39,0.6214285714285714,0.5125,128
2023-10-29,1064,134,87,53,43,47,10,0.6492537313432836,0.8113207547169812,130
2023-10-30,1064,123,74,70,44,49,26,0.6016260162601627,0.6285714285714286,118
2023-10-31,1064,111,69,72,36,42,36,0.6216216216216216,0.5,105
2023-11-01,1064,131,73,67,36,58,31,0.5572519083969466,0.5373134328358209,109
2023-11-02,1064,136,102,99,56,34,43,0.75,0.5656565656565656,158
2023-11-03,1064,140,83,96,39,57,57,0.5928571428571429,0.40625,122
2023-11-04,1064,120,74,76,37,46,39,0.6166666666666667,0.4868421052631579,111
2023-11-05,1064,110,85,75,38,25,37,0.7727272727272727,0.5066666666666667,123
2023-11-06,1064,121,76,90,41,45,49,0.628099173553719,0.45555555555555555,117
2023-11-07,1064,148,71,77,49,77,28,0.4797297297297297,0.6363636363636364,120
2023-11-08,1064,107,74,76,41,33,35,0.6915887850467289,0.5394736842105263,115
2023-11-09,1064,149,80,63,44,69,19,0.5369127516778524,0.6984126984126984,124
2023-11-10,1064,111,74,89,41,37,48,0.6666666666666666,0.4606741573033708,115
2023-11-11,1064,112,91,76,52,21,24,0.8125,0.6842105263157895,143
2023-11-12,1064,109,76,79,37,33,42,0.6972477064220184,0.46835443037974683,113
2023-11-13,1064,125,85,78,52,40,26,0.68,0.6666666666666666,137
2023-11-14,1064,121,88,58,44,33,14,0.7272727272727273,0.7586206896551724,132
2023-11-15,1064,126,67,50,39,59,11,0.5317460317460317,0.78,106
2023-11-16,1064,130,94,50,46,36,4,0.7230769230769231,0.92,140
2023-11-17,1064,104,76,89,36,28,53,0.7307692307692307,0.4044943820224719,112
2023-11-18,1064,124,83,66,35,41,31,0.6693548387096774,0.5303030303030303,118
2023-11-19,1064,113,87,79,39,26,40,0.7699115044247787,0.4936708860759494,126
2023-11-20,1064,141,67,56,56,74,0,0.475177304964539,1,123
2023-11-21,1064,109,88,98,31,21,67,0.8073394495412844,0.3163265306122449,119
2023-11-22,1064,114,79,52,50,35,2,0.6929824561403509,0.9615384615384616,129
2023-11-23,1064,101,96,99,46,5,53,0.9504950495049505,0.46464646464646464,142
2023-11-24,1064,109,97,82,38,12,44,0.8899082568807339,0.4634146341463415,135
2023-11-25,1064,149,104,58,39,45,19,0.697986577181208,0.6724137931034483,143
2023-11-26,1064,149,62,96,47,87,49,0.4161073825503356,0.4895833333333333,109
2023-11-27,1064,113,82,51,34,31,17,0.7256637168141593,0.6666666666666666,116
2023-11-28,1064,114,100,55,45,14,10,0.8771929824561403,0.8181818181818182,145
2023-11-29,1064,127,78,65,39,49,26,0.6141732283464567,0.6,117
2023-11-30,1064,150,87,77,50,63,27,0.58,0.6493506493506493,137
2023-12-01,1064,140,107,87,51,33,36,0.7642857142857142,0.5862068965517241,158
2023-12-02,1064,120,82,86,43,38,43,0.6833333333333333,0.5,125
2023-12-03,1064,129,69,55,36,60,19,0.5348837209302325,0.6545454545454545,105
2023-12-04,1064,107,65,62,32,42,30,0.6074766355140186,0.5161290322580645,97
2023-12-05,1064,101,60,56,47,41,9,0.594059405940594,0.8392857142857143,107
2023-12-06,1064,143,91,66,39,52,27,0.6363636363636364,0.5909090909090909,130
2023-12-07,1064,104,104,61,35,0,26,1,0.5737704918032787,139
2023-12-08,1064,132,84,55,52,48,3,0.6363636363636364,0.9454545454545454,136
2023-12-09,1064,146,85,89,42,61,47,0.5821917808219178,0.47191011235955055,127
2023-12-10,1064,103,86,50,39,17,11,0.8349514563106796,0.78,125
2023-12-11,1064,129,94,53,38,35,15,0.7286821705426356,0.71698113207547165,132
2023-12-12,1064,111,84,64,43,27,21,0.7567567567567568,0.671875,127
2023-12-13,1064,148,70,67,44,78,23,0.47297297297297297,0.6567164179104478,114
2023-12-14,1064,108,73,54,34,35,20,0.6759259259259259,0.6296296296296297,107
2023-12-15,1064,110,82,98,41,28,57,0.7454545454545455,0.41836734693877553,123
2023-12-16,1064,128,87,57,43,41,14,0.6796875,0.7543859649122807,130
2023-12-17,1064,141,72,53,41,69,12,0.5106382978723404,0.7735849056603774,113
2023-12-18,1064,141,82,81,50,59,31,0.5815602836879432,0.6172839506172839,132
2023-12-19,1064,121,88,79,50,33,29,0.7272727272727273,0.6329113924050633,138
2023-12-20,1064,102,77,77,32,25,45,0.7549019607843137,0.4155844155844156,109
2023-12-21,1064,131,92,54,53,39,1,0.7022900763358778,0.9814814814814815,145
2023-12-22,1064,137,88,70,42,49,28,0.6423357664233577,0.6,130
2023-12-23,1064,139,69,99,45,70,54,0.49640287769784175,0.45454545454545453,114
2023-12-24,1064,124,85,92,37,39,55,0.6854838709677419,0.40217391304347827,122
2023-12-25,1064,126,83,58,50,43,8,0.6587301587301587,0.8620689655172413,133
2023-12-26,1064,135,87,61,44,48,17,0.6444444444444445,0.7213114754098361,131
2023-12-27,1064,134,88,81,37,46,44,0.6567164179104478,0.4567901234567901,125
2023-12-28,1064,129,95,97,44,34,53,0.7364341085271318,0.4536082474226804,139
2023-12-29,1064,121,95,99,33,26,66,0.7851239669421488,0.3333333333333333,128
2023-12-30,1064,141,88,54,42,53,12,0.624113475177305,0.7777777777777778,130
2023-12-31,1064,103,81,52,41,22,11,0.7864077669902912,0.7884615384615384,122
2023-01-01,1065,143,89,84,35,54,49,0.6223776223776224,0.4166666666666667,124
2023-01-02,1065,100,79,62,43,21,19,0.79,0.6935483870967742,122
2023-01-03,1065,115,82,54,49,33,5,0.7130434782608696,0.9074074074074074,131
2023-01-04,1065,105,80,61,47,25,14,0.7619047619047619,0.7704918032786885,127
2023-01-05,1065,145,80,58,29,65,29,0.5517241379310345,0.5,109
2023-01-06,1065,134,95,96,29,39,67,0.7089552238805971,0.3020833333333333,124
2023-01-07,1065,147,67,50,39,80,11,0.4557823129251701,0.78,106
2023-01-08,1065,139,63,99,41,76,58,0.45323741007194246,0.41414141414141414,104
2023-01-09,1065,145,84,88,42,61,46,0.5793103448275863,0.4772727272727273,126
2023-01-10,1065,146,75,99,36,71,63,0.5136986301369864,0.36363636363636365,111
2023-01-11,1065,105,90,92,32,15,60,0.8571428571428571,0.34782608695652173,122
2023-01-12,1065,149,80,69,43,69,26,0.5369127516778524,0.6231884057971014,123
2023-01-13,1065,130,75,62,40,55,22,0.5769230769230769,0.6451612903225806,115
2023-01-14,1065,130,87,70,37,43,33,0.6692307692307692,0.5285714285714286,124
2023-01-15,1065,131,85,78,31,46,47,0.648854961832061,0.3974358974358974,116
2023-01-16,1065,134,90,93,41,44,52,0.6716417910447762,0.44086021505376344,131
2023-01-17,1065,116,80,85,33,36,52,0.6896551724137931,0.38823529411764707,113
2023-01-18,1065,106,68,71,56,38,15,0.6415094339622641,0.7887323943661971,124
2023-01-19,1065,149,73,73,38,76,35,0.4899328859060403,0.5205479452054794,111
2023-01-20,1065,126,94,94,33,32,61,0.746031746031746,0.35106382978723405,127
2023-01-21,1065,141,78,58,39,63,19,0.5531914893617021,0.6724137931034483,117
2023-01-22,1065,101,90,74,31,11,43,0.8910891089108911,0.4189189189189189,121
2023-01-23,1065,115,88,71,40,27,31,0.7652173913043478,0.5633802816901409,128
2023-01-24,1065,147,85,62,48,62,14,0.5782312925170068,0.7741935483870968,133
2023-01-25,1065,110,67,69,31,43,38,0.6090909090909091,0.4492753623188406,98
2023-01-26,1065,117,83,58,52,34,6,0.7094017094017094,0.896551724137931,135
2023-01-27,1065,100,81,88,52,19,36,0.81,0.5909090909090909,133
2023-01-28,1065,114,72,99,51,42,48,0.631578947368421,0.5151515151515151,123
2023-01-29,1065,105,72,95,43,33,52,0.6857142857142857,0.45263157894736844,115
2023-01-30,1065,142,71,54,39,71,15,0.5,0.7222222222222222,110
2023-01-31,1065,143,90,56,42,53,14,0.6293706293706294,0.75,132
2023-02-01,1065,117,77,57,36,40,21,0.6581196581196581,0.631578947368421,113
2023-02-02,1065,102,75,51,42,27,9,0.7352941176470589,0.8235294117647058,117
2023-02-03,1065,110,67,75,41,43,34,0.6090909090909091,0.5466666666666666,108
2023-02-04,1065,144,70,65,32,74,33,0.4861111111111111,0.49230769230769234,102
2023-02-05,1065,127,80,75,36,47,39,0.6299212598425197,0.48,116
2023-02-06,1065,105,70,83,42,35,41,0.6666666666666666,0.5060240963855421,112
2023-02-07,1065,108,76,69,38,32,31,0.7037037037037037,0.5507246376811594,114
2023-02-08,1065,133,90,83,58,43,25,0.6766917293233082,0.6987951807228916,148
2023-02-09,1065,109,91,58,43,18,15,0.8348623853211009,0.7413793103448276,134
2023-02-10,1065,111,76,60,32,35,28,0.6846846846846847,0.5333333333333333,108
2023-02-11,1065,110,80,61,35,30,26,0.7272727272727273,0.5737704918032787,115
2023-02-12,1065,135,94,64,35,41,29,0.6962962962962963,0.546875,129
2023-02-13,1065,127,75,55,36,52,19,0.5905511811023622,0.6545454545454545,111
2023-02-14,1065,104,95,50,41,9,9,0.9134615384615384,0.82,136
2023-02-15,1065,136,71,95,38,65,57,0.5220588235294118,0.4,109
2023-02-16,1065,115,73,84,50,42,34,0.6347826086956522,0.5952380952380952,123
2023-02-17,1065,100,91,97,43,9,54,0.91,0.44329896907216493,134
2023-02-18,1065,137,80,100,42,57,58,0.583941605839416,0.42,122
2023-02-19,1065,102,73,69,48,29,21,0.7156862745098039,0.6956521739130435,121
2023-02-20,1065,108,73,69,32,35,37,0.6759259259259259,0.463768115942029,105
2023-02-21,1065,140,92,74,46,48,28,0.6571428571428571,0.6216216216216216,138
2023-02-22,1065,127,80,91,42,47,49,0.6299212598425197,0.46153846153846156,122
2023-02-23,1065,107,87,55,38,20,17,0.8130841121495327,0.6909090909090909,125
2023-02-24,1065,121,81,84,32,40,52,0.6694214876033058,0.38095238095238093,113
2023-02-25,1065,105,75,92,37,30,55,0.7142857142857143,0.40217391304347827,112
2023-02-26,1065,123,84,71,40,39,31,0.6829268292682927,0.5633802816901409,124
2023-02-27,1065,141,84,56,42,57,14,0.5957446808510638,0.75,126
2023-02-28,1065,117,80,63,49,37,14,0.6837606837606838,0.7777777777777778,129
2023-03-01,1065,124,79,83,46,45,37,0.6370967741935484,0.5542168674698795,125
2023-03-02,1065,145,83,72,44,62,28,0.5724137931034483,0.6111111111111112,127
2023-03-03,1065,128,72,80,39,56,41,0.5625,0.4875,111
2023-03-04,1065,128,81,79,44,47,35,0.6328125,0.5569620253164557,125
2023-03-05,1065,121,96,94,33,25,61,0.7933884297520661,0.35106382978723405,129
2023-03-06,1065,101,86,58,52,15,6,0.8514851485148515,0.896551724137931,138
2023-03-07,1065,130,71,80,26,59,54,0.5461538461538461,0.325,97
2023-03-08,1065,104,83,70,48,21,22,0.7980769230769231,0.6857142857142857,131
2023-03-09,1065,100,87,69,36,13,33,0.87,0.5217391304347826,123
2023-03-10,1065,114,76,75,34,38,41,0.6666666666666666,0.4533333333333333,110
2023-03-11,1065,118,92,91,43,26,48,0.7796610169491526,0.4725274725274725,135
2023-03-12,1065,100,83,79,38,17,41,0.83,0.4810126582278481,121
2023-03-13,1065,114,75,93,37,39,56,0.6578947368421053,0.3978494623655914,112
2023-03-14,1065,129,105,88,40,24,48,0.813953488372093,0.45454545454545453,145
2023-03-15,1065,140,79,59,38,61,21,0.5642857142857143,0.6440677966101694,117
2023-03-16,1065,122,69,63,43,53,20,0.5655737704918032,0.6825396825396826,112
2023-03-17,1065,115,72,82,48,43,34,0.6260869565217392,0.5853658536585366,120
2023-03-18,1065,137,74,78,43,63,35,0.5401459854014599,0.5512820512820513,117
2023-03-19,1065,146,77,63,32,69,31,0.5273972602739726,0.5079365079365079,109
2023-03-20,1065,106,72,93,51,34,42,0.6792452830188679,0.5483870967741935,123
2023-03-21,1065,124,79,51,43,45,8,0.6370967741935484,0.8431372549019608,122
2023-03-22,1065,140,77,64,39,63,25,0.55,0.609375,116
2023-03-23,1065,111,79,99,40,32,59,0.7117117117117117,0.40404040404040403,119
2023-03-24,1065,113,105,71,44,8,27,0.9292035398230089,0.6197183098591549,149
2023-03-25,1065,100,69,79,35,31,44,0.69,0.4430379746835443,104
2023-03-26,1065,126,76,98,42,50,56,0.6031746031746031,0.42857142857142855,118
2023-03-27,1065,109,87,75,34,22,41,0.7981651376146789,0.4533333333333333,121
2023-03-28,1065,123,82,84,35,41,49,0.6666666666666666,0.4166666666666667,117
2023-03-29,1065,116,73,64,37,43,27,0.6293103448275862,0.578125,110
2023-03-30,1065,129,76,86,28,53,58,0.5891472868217055,0.32558139534883723,104
2023-03-31,1065,107,66,68,45,41,23,0.616822429906542,0.6617647058823529,111
2023-04-01,1065,102,72,65,34,30,31,0.7058823529411765,0.5230769230769231,106
2023-04-02,1065,130,80,75,32,50,43,0.6153846153846154,0.4266666666666667,112
2023-04-03,1065,116,86,91,38,30,53,0.7413793103448276,0.4175824175824176,124
2023-04-04,1065,108,83,91,34,25,57,0.7685185185185185,0.37362637362637363,117
2023-04-05,1065,119,78,87,40,41,47,0.6554621848739496,0.45977011494252873,118
2023-04-06,1065,102,90,96,37,12,59,0.8823529411764706,0.3854166666666667,127
2023-04-07,1065,117,77,94,36,40,58,0.6581196581196581,0.3829787234042553,113
2023-04-08,1065,125,80,60,38,45,22,0.64,0.6333333333333333,118
2023-04-09,1065,130,76,62,38,54,24,0.5846153846153846,0.6129032258064516,114
2023-04-10,1065,108,92,100,36,16,64,0.8518518518518519,0.36,128
2023-04-11,1065,103,74,69,43,29,26,0.7184466019417476,0.6231884057971014,117
2023-04-12,1065,109,81,85,32,28,53,0.7431192660550459,0.3764705882352941,113
2023-04-13,1065,127,88,50,44,39,6,0.6929133858267716,0.88,132
2023-04-14,1065,100,77,52,41,23,11,0.77,0.7884615384615384,118
2023-04-15,1065,140,83,59,36,57,23,0.5928571428571429,0.6101694915254238,119
2023-04-16,1065,100,74,80,43,26,37,0.74,0.5375,117
2023-04-17,1065,110,96,50,37,14,13,0.8727272727272727,0.74,133
2023-04-18,1065,133,89,77,52,44,25,0.6691729323308271,0.6753246753246753,141
2023-04-19,1065,117,96,53,34,21,19,0.8205128205128205,0.6415094339622641,130
2023-04-20,1065,100,58,65,44,42,21,0.58,0.676923076923077,102
2023-04-21,1065,130,68,82,37,62,45,0.5230769230769231,0.45121951219512196,105
2023-04-22,1065,128,84,66,44,44,22,0.65625,0.6666666666666666,128
2023-04-23,1065,112,82,51,44,30,7,0.7321428571428571,0.8627450980392157,126
2023-04-24,1065,112,88,97,43,24,54,0.7857142857142857,0.44329896907216493,131
2023-04-25,1065,131,96,72,49,35,23,0.732824427480916,0.6805555555555556,145
2023-04-26,1065,117,77,75,45,40,30,0.6581196581196581,0.6,122
2023-04-27,1065,150,89,96,27,61,69,0.5933333333333334,0.28125,116
2023-04-28,1065,141,78,73,49,63,24,0.5531914893617021,0.6712328767123288,127
2023-04-29,1065,126,83,91,44,43,47,0.6587301587301587,0.4835164835164835,127
2023-04-30,1065,142,79,53,36,63,17,0.5563380281690141,0.6792452830188679,115
2023-05-01,1065,148,79,70,35,69,35,0.5337837837837838,0.5,114
2023-05-02,1065,107,81,90,38,26,52,0.7570093457943925,0.4222222222222222,119
2023-05-03,1065,142,62,66,35,80,31,0.43661971830985913,0.5303030303030303,97
2023-05-04,1065,140,90,100,50,50,50,0.6428571428571429,0.5,140
2023-05-05,1065,135,95,86,41,40,45,0.7037037037037037,0.47674418604651164,136
2023-05-06,1065,131,90,64,43,41,21,0.6870229007633588,0.671875,133
2023-05-07,1065,148,67,92,44,81,48,0.4527027027027027,0.4782608695652174,111
2023-05-08,1065,143,95,90,53,48,37,0.6643356643356644,0.5888888888888889,148
2023-05-09,1065,144,91,95,43,53,52,0.6319444444444444,0.45263157894736844,134
2023-05-10,1065,114,82,50,35,32,15,0.7192982456140351,0.7,117
2023-05-11,1065,129,75,99,42,54,57,0.5813953488372093,0.42424242424242425,117
2023-05-12,1065,129,85,59,53,44,6,0.6589147286821705,0.8983050847457628,138
2023-05-13,1065,148,78,81,51,70,30,0.527027027027027,0.6296296296296297,129
2023-05-14,1065,134,71,97,36,63,61,0.5298507462686567,0.3711340206185567,107
2023-05-15,1065,143,81,71,45,62,26,0.5664335664335665,0.6338028169014085,126
2023-05-16,1065,104,64,94,37,40,57,0.6153846153846154,0.39361702127659576,101
2023-05-17,1065,146,88,87,43,58,44,0.6027397260273972,0.4942528735632184,131
2023-05-18,1065,112,68,53,42,44,11,0.6071428571428571,0.7924528301886793,110
2023-05-19,1065,133,79,52,51,54,1,0.5939849624060151,0.9807692307692307,130
2023-05-20,1065,123,69,57,41,54,16,0.5609756097560976,0.7192982456140351,110
2023-05-21,1065,117,101,89,33,16,56,0.8632478632478633,0.3707865168539326,134
2023-05-22,1065,138,93,58,36,45,22,0.6739130434782609,0.6206896551724138,129
2023-05-23,1065,104,68,94,33,36,61,0.6538461538461539,0.35106382978723405,101
2023-05-24,1065,125,84,61,35,41,26,0.672,0.5737704918032787,119
2023-05-25,1065,111,65,59,42,46,17,0.5855855855855856,0.711864406779661,107
2023-05-26,1065,133,93,75,41,40,34,0.6992481203007519,0.5466666666666666,134
2023-05-27,1065,144,87,80,34,57,46,0.6041666666666666,0.425,121
2023-05-28,1065,105,82,80,36,23,44,0.780952380952381,0.45,118
2023-05-29,1065,118,78,77,36,40,41,0.6610169491525424,0.4675324675324675,114
2023-05-30,1065,138,82,53,45,56,8,0.5942028985507246,0.8490566037735849,127
2023-05-31,1065,147,94,85,38,53,47,0.6394557823129252,0.4470588235294118,132
2023-06-01,1065,105,81,86,36,24,50,0.7714285714285715,0.4186046511627907,117
2023-06-02,1065,118,71,76,34,47,42,0.6016949152542372,0.4473684210526316,105
2023-06-03,1065,114,78,80,44,36,36,0.6842105263157895,0.55,122
2023-06-04,1065,126,79,83,53,47,30,0.626984126984127,0.6385542168674698,132
2023-06-05,1065,131,69,72,38,62,34,0.5267175572519084,0.5277777777777778,107
2023-06-06,1065,114,90,65,40,24,25,0.7894736842105263,0.6153846153846154,130
2023-06-07,1065,110,92,92,46,18,46,0.8363636363636363,0.5,138
2023-06-08,1065,123,87,90,42,36,48,0.7073170731707317,0.4666666666666667,129
2023-06-09,1065,119,81,82,48,38,34,0.680672268907563,0.5853658536585366,129
2023-06-10,1065,138,79,98,40,59,58,0.572463768115942,0.40816326530612246,119
2023-06-11,1065,130,91,96,29,39,67,0.7,0.3020833333333333,120
2023-06-12,1065,143,70,74,34,73,40,0.48951048951048953,0.4594594594594595,104
2023-06-13,1065,146,83,81,38,63,43,0.5684931506849316,0.4691358024691358,121
2023-06-14,1065,148,75,57,35,73,22,0.5067567567567568,0.6140350877192983,110
2023-06-15,1065,144,63,63,34,81,29,0.4375,0.5396825396825397,97
2023-06-16,1065,138,80,62,41,58,21,0.5797101449275363,0.6612903225806451,121
2023-06-17,1065,103,83,84,34,20,50,0.8058252427184466,0.40476190476190477,117
2023-06-18,1065,137,79,78,43,58,35,0.5766423357664233,0.5512820512820513,122
2023-06-19,1065,124,72,95,45,52,50,0.5806451612903226,0.47368421052631576,117
2023-06-20,1065,111,79,69,46,32,23,0.7117117117117117,0.6666666666666666,125
2023-06-21,1065,146,73,61,31,73,30,0.5,0.5081967213114754,104
2023-06-22,1065,121,87,57,41,34,16,0.71900826446281,0.7192982456140351,128
2023-06-23,1065,116,76,82,38,40,44,0.6551724137931034,0.4634146341463415,114
2023-06-24,1065,115,91,82,38,24,44,0.7913043478260869,0.4634146341463415,129
2023-06-25,1065,129,73,63,29,56,34,0.5658914728682171,0.4603174603174603,102
2023-06-26,1065,118,67,70,40,51,30,0.5677966101694916,0.5714285714285714,107
2023-06-27,1065,134,78,68,48,56,20,0.582089552238806,0.7058823529411765,126
2023-06-28,1065,107,73,97,58,34,39,0.6822429906542056,0.5979381443298969,131
2023-06-29,1065,137,86,67,47,51,20,0.6277372262773723,0.7014925373134329,133
2023-06-30,1065,140,85,73,30,55,43,0.6071428571428571,0.410958904109589,115
2023-07-01,1065,137,80,57,39,57,18,0.583941605839416,0.6842105263157895,119
2023-07-02,1065,101,76,52,41,25,11,0.7524752475247525,0.7884615384615384,117
2023-07-03,1065,144,80,68,36,64,32,0.5555555555555556,0.5294117647058824,116
2023-07-04,1065,124,72,68,30,52,38,0.5806451612903226,0.4411764705882353,102
2023-07-05,1065,108,80,51,50,28,1,0.7407407407407407,0.9803921568627451,130
2023-07-06,1065,122,68,73,41,54,32,0.5573770491803278,0.5616438356164384,109
2023-07-07,1065,128,99,78,60,29,18,0.7734375,0.7692307692307693,159
2023-07-08,1065,143,73,70,48,70,22,0.5104895104895105,0.6857142857142857,121
2023-07-09,1065,145,96,73,35,49,38,0.6620689655172414,0.4794520547945205,131
2023-07-10,1065,128,83,91,48,45,43,0.6484375,0.5274725274725275,131
2023-07-11,1065,137,104,51,40,33,11,0.7591240875912408,0.7843137254901961,144
2023-07-12,1065,133,78,93,34,55,59,0.5864661654135338,0.3655913978494624,112
2023-07-13,1065,101,66,100,38,35,62,0.6534653465346535,0.38,104
2023-07-14,1065,106,91,62,50,15,12,0.8584905660377359,0.8064516129032258,141
2023-07-15,1065,102,81,91,34,21,57,0.7941176470588235,0.37362637362637363,115
2023-07-16,1065,136,61,69,39,75,30,0.4485294117647059,0.5652173913043478,100
2023-07-17,1065,100,65,64,42,35,22,0.65,0.65625,107
2023-07-18,1065,121,96,81,44,25,37,0.7933884297520661,0.5432098765432098,140
2023-07-19,1065,107,75,84,44,32,40,0.7009345794392523,0.5238095238095238,119
2023-07-20,1065,139,86,90,40,53,50,0.6187050359712231,0.4444444444444444,126
2023-07-21,1065,149,80,68,32,69,36,0.5369127516778524,0.47058823529411764,112
2023-07-22,1065,133,87,88,29,46,59,0.6541353383458647,0.32954545454545453,116
2023-07-23,1065,115,86,64,30,29,34,0.7478260869565218,0.46875,116
2023-07-24,1065,105,81,76,37,24,39,0.7714285714285715,0.4868421052631579,118
2023-07-25,1065,101,82,90,38,19,52,0.8118811881188119,0.4222222222222222,120
2023-07-26,1065,108,79,59,37,29,22,0.7314814814814815,0.6271186440677966,116
2023-07-27,1065,118,72,58,24,46,34,0.6101694915254238,0.41379310344827586,96
2023-07-28,1065,136,54,84,42,82,42,0.39705882352941174,0.5,96
2023-07-29,1065,120,82,86,28,38,58,0.6833333333333333,0.32558139534883723,110
2023-07-30,1065,145,94,95,38,51,57,0.6482758620689655,0.4,132
2023-07-31,1065,146,71,71,32,75,39,0.4863013698630137,0.4507042253521127,103
2023-08-01,1065,113,87,69,36,26,33,0.7699115044247787,0.5217391304347826,123
2023-08-02,1065,137,82,94,32,55,62,0.5985401459854015,0.3404255319148936,114
2023-08-03,1065,126,67,88,43,59,45,0.5317460317460317,0.48863636363636365,110
2023-08-04,1065,130,76,54,42,54,12,0.5846153846153846,0.7777777777777778,118
2023-08-05,1065,137,83,76,39,54,37,0.6058394160583942,0.5131578947368421,122
2023-08-06,1065,110,91,81,44,19,37,0.8272727272727273,0.5432098765432098,135
2023-08-07,1065,149,69,77,36,80,41,0.46308724832214765,0.4675324675324675,105
2023-08-08,1065,141,89,75,44,52,31,0.6312056737588653,0.5866666666666667,133
2023-08-09,1065,135,72,99,45,63,54,0.5333333333333333,0.45454545454545453,117
2023-08-10,1065,140,96,87,38,44,49,0.6857142857142857,0.4367816091954023,134
2023-08-11,1065,110,68,81,44,42,37,0.6181818181818182,0.5432098765432098,112
2023-08-12,1065,112,72,92,37,40,55,0.6428571428571429,0.40217391304347827,109
2023-08-13,1065,100,84,58,38,16,20,0.84,0.6551724137931034,122
2023-08-14,1065,148,82,69,43,66,26,0.5540540540540541,0.6231884057971014,125
2023-08-15,1065,120,74,66,45,46,21,0.6166666666666667,0.6818181818181818,119
2023-08-16,1065,124,76,99,48,48,51,0.6129032258064516,0.48484848484848486,124
2023-08-17,1065,102,77,56,39,25,17,0.7549019607843137,0.6964285714285714,116
2023-08-18,1065,110,78,59,42,32,17,0.7090909090909091,0.711864406779661,120
2023-08-19,1065,136,67,50,39,69,11,0.49264705882352944,0.78,106
2023-08-20,1065,132,78,90,41,54,49,0.5909090909090909,0.45555555555555555,119
2023-08-21,1065,124,68,97,31,56,66,0.5483870967741935,0.31958762886597936,99
2023-08-22,1065,131,69,51,41,62,10,0.5267175572519084,0.803921568627451,110
2023-08-23,1065,117,77,92,49,40,43,0.6581196581196581,0.532608695652174,126
2023-08-24,1065,119,76,58,37,43,21,0.6386554621848739,0.6379310344827587,113
2023-08-25,1065,136,99,92,35,37,57,0.7279411764705882,0.3804347826086957,134
2023-08-26,1065,137,81,89,49,56,40,0.5912408759124088,0.550561797752809,130
2023-08-27,1065,112,80,68,50,32,18,0.7142857142857143,0.7352941176470589,130
2023-08-28,1065,106,82,96,43,24,53,0.7735849056603774,0.4479166666666667,125
2023-08-29,1065,140,85,82,44,55,38,0.6071428571428571,0.5365853658536586,129
2023-08-30,1065,124,76,69,42,48,27,0.6129032258064516,0.6086956521739131,118
2023-08-31,1065,105,87,100,41,18,59,0.8285714285714286,0.41,128
2023-09-01,1065,112,94,54,31,18,23,0.8392857142857143,0.5740740740740741,125
2023-09-02,1065,116,73,60,40,43,20,0.6293103448275862,0.6666666666666666,113
2023-09-03,1065,138,69,69,36,69,33,0.5,0.5217391304347826,105
2023-09-04,1065,120,64,94,41,56,53,0.5333333333333333,0.43617021276595747,105
2023-09-05,1065,122,86,89,39,36,50,0.7049180327868853,0.43820224719101125,125
2023-09-06,1065,101,69,50,41,32,9,0.6831683168316832,0.82,110
2023-09-07,1065,123,69,99,40,54,59,0.5609756097560976,0.40404040404040403,109
2023-09-08,1065,140,88,56,43,52,13,0.6285714285714286,0.7678571428571429,131
2023-09-09,1065,102,85,73,46,17,27,0.8333333333333334,0.6301369863013698,131
2023-09-10,1065,120,76,67,45,44,22,0.6333333333333333,0.6716417910447762,121
2023-09-11,1065,136,77,50,36,59,14,0.5661764705882353,0.72,113
2023-09-12,1065,116,76,78,31,40,47,0.6551724137931034,0.3974358974358974,107
2023-09-13,1065,126,83,79,46,43,33,0.6587301587301587,0.5822784810126582,129
2023-09-14,1065,103,74,69,42,29,27,0.7184466019417476,0.6086956521739131,116
2023-09-15,1065,137,75,71,48,62,23,0.5474452554744526,0.676056338028169,123
2023-09-16,1065,122,81,63,44,41,19,0.6639344262295082,0.6984126984126984,125
2023-09-17,1065,141,73,60,49,68,11,0.5177304964539007,0.8166666666666667,122
2023-09-18,1065,150,79,86,44,71,42,0.5266666666666666,0.5116279069767442,123
2023-09-19,1065,142,71,99,38,71,61,0.5,0.3838383838383838,109
2023-09-20,1065,100,75,81,34,25,47,0.75,0.41975308641975306,109
2023-09-21,1065,141,86,50,50,55,0,0.6099290780141844,1,136
2023-09-22,1065,109,81,85,38,28,47,0.7431192660550459,0.4470588235294118,119
2023-09-23,1065,103,95,98,56,8,42,0.9223300970873787,0.5714285714285714,151
2023-09-24,1065,105,63,78,42,42,36,0.6,0.5384615384615384,105
2023-09-25,1065,128,76,92,25,52,67,0.59375,0.2717391304347826,101
2023-09-26,1065,115,57,80,36,58,44,0.4956521739130435,0.45,93
2023-09-27,1065,131,84,62,40,47,22,0.6412213740458015,0.6451612903225806,124
2023-09-28,1065,141,82,100,37,59,63,0.5815602836879432,0.37,119
2023-09-29,1065,149,84,75,37,65,38,0.5637583892617449,0.49333333333333335,121
2023-09-30,1065,119,78,100,39,41,61,0.6554621848739496,0.39,117
2023-10-01,1065,144,63,77,33,81,44,0.4375,0.42857142857142855,96
2023-10-02,1065,137,78,64,34,59,30,0.5693430656934306,0.53125,112
2023-10-03,1065,111,76,88,40,35,48,0.6846846846846847,0.45454545454545453,116
2023-10-04,1065,140,74,70,46,66,24,0.5285714285714286,0.6571428571428571,120
2023-10-05,1065,135,85,54,54,50,0,0.6296296296296297,1,139
2023-10-06,1065,131,98,71,44,33,27,0.7480916030534351,0.6197183098591549,142
2023-10-07,1065,113,74,98,43,39,55,0.6548672566371682,0.4387755102040816,117
2023-10-08,1065,123,95,71,45,28,26,0.7723577235772358,0.6338028169014085,140
2023-10-09,1065,107,84,89,34,23,55,0.7850467289719626,0.38202247191011235,118
2023-10-10,1065,118,80,99,34,38,65,0.6779661016949152,0.3434343434343434,114
2023-10-11,1065,128,84,94,41,44,53,0.65625,0.43617021276595747,125
2023-10-12,1065,125,70,93,36,55,57,0.56,0.3870967741935484,106
2023-10-13,1065,111,91,85,36,20,49,0.8198198198198198,0.4235294117647059,127
2023-10-14,1065,115,89,78,45,26,33,0.7739130434782608,0.5769230769230769,134
2023-10-15,1065,123,76,95,42,47,53,0.6178861788617886,0.4421052631578947,118
2023-10-16,1065,145,81,94,37,64,57,0.5586206896551724,0.39361702127659576,118
2023-10-17,1065,105,73,84,41,32,43,0.6952380952380952,0.4880952380952381,114
2023-10-18,1065,118,96,90,45,22,45,0.8135593220338984,0.5,141
2023-10-19,1065,132,79,93,40,53,53,0.5984848484848485,0.43010752688172044,119
2023-10-20,1065,106,88,95,37,18,58,0.8301886792452831,0.3894736842105263,125
2023-10-21,1065,133,82,74,40,51,34,0.6165413533834586,0.5405405405405406,122
2023-10-22,1065,131,82,73,42,49,31,0.6259541984732825,0.5753424657534246,124
2023-10-23,1065,137,67,67,48,70,19,0.48905109489051096,0.7164179104477612,115
2023-10-24,1065,101,64,97,42,37,55,0.6336633663366337,0.4329896907216495,106
2023-10-25,1065,103,85,84,40,18,44,0.8252427184466019,0.47619047619047616,125
2023-10-26,1065,132,75,56,42,57,14,0.5681818181818182,0.75,117
2023-10-27,1065,126,91,93,33,35,60,0.7222222222222222,0.3548387096774194,124
2023-10-28,1065,139,72,81,38,67,43,0.5179856115107914,0.4691358024691358,110
2023-10-29,1065,120,65,69,44,55,25,0.5416666666666666,0.6376811594202898,109
2023-10-30,1065,149,76,69,27,73,42,0.5100671140939598,0.391304347826087,103
2023-10-31,1065,108,77,62,44,31,18,0.7129629629629629,0.7096774193548387,121
2023-11-01,1065,120,90,77,42,30,35,0.75,0.5454545454545454,132
2023-11-02,1065,136,82,78,38,54,40,0.6029411764705882,0.48717948717948717,120
2023-11-03,1065,122,73,79,46,49,33,0.5983606557377049,0.5822784810126582,119
2023-11-04,1065,121,86,63,47,35,16,0.7107438016528925,0.746031746031746,133
2023-11-05,1065,112,80,72,39,32,33,0.7142857142857143,0.5416666666666666,119
2023-11-06,1065,146,75,51,35,71,16,0.5136986301369864,0.6862745098039216,110
2023-11-07,1065,139,67,95,34,72,61,0.48201438848920863,0.35789473684210527,101
2023-11-08,1065,130,75,90,46,55,44,0.5769230769230769,0.5111111111111111,121
2023-11-09,1065,107,77,100,50,30,50,0.719626168224299,0.5,127
2023-11-10,1065,126,70,81,52,56,29,0.5555555555555556,0.6419753086419753,122
2023-11-11,1065,120,87,62,41,33,21,0.725,0.6612903225806451,128
2023-11-12,1065,135,65,71,43,70,28,0.48148148148148145,0.6056338028169014,108
2023-11-13,1065,143,88,60,31,55,29,0.6153846153846154,0.5166666666666667,119
2023-11-14,1065,142,80,95,37,62,58,0.5633802816901409,0.3894736842105263,117
2023-11-15,1065,139,70,91,54,69,37,0.5035971223021583,0.5934065934065934,124
2023-11-16,1065,134,90,73,56,44,17,0.6716417910447762,0.7671232876712328,146
2023-11-17,1065,104,90,90,38,14,52,0.8653846153846154,0.4222222222222222,128
2023-11-18,1065,128,89,63,41,39,22,0.6953125,0.6507936507936508,130
2023-11-19,1065,100,93,67,37,7,30,0.93,0.5522388059701493,130
2023-11-20,1065,108,79,56,38,29,18,0.7314814814814815,0.6785714285714286,117
2023-11-21,1065,139,82,63,37,57,26,0.5899280575539568,0.5873015873015873,119
2023-11-22,1065,101,74,57,45,27,12,0.7326732673267327,0.7894736842105263,119
2023-11-23,1065,109,76,74,40,33,34,0.6972477064220184,0.5405405405405406,116
2023-11-24,1065,127,74,76,40,53,36,0.5826771653543307,0.5263157894736842,114
2023-11-25,1065,135,71,56,46,64,10,0.5259259259259259,0.8214285714285714,117
2023-11-26,1065,147,82,64,38,65,26,0.5578231292517006,0.59375,120
2023-11-27,1065,118,98,59,51,20,8,0.8305084745762712,0.864406779661017,149
2023-11-28,1065,143,97,95,42,46,53,0.6783216783216783,0.4421052631578947,139
2023-11-29,1065,130,80,64,38,50,26,0.6153846153846154,0.59375,118
2023-11-30,1065,142,82,52,36,60,16,0.5774647887323944,0.6923076923076923,118
2023-12-01,1065,103,67,74,36,36,38,0.6504854368932039,0.4864864864864865,103
2023-12-02,1065,150,90,61,35,60,26,0.6,0.5737704918032787,125
2023-12-03,1065,126,65,50,39,61,11,0.5158730158730159,0.78,104
2023-12-04,1065,150,86,51,33,64,18,0.5733333333333334,0.6470588235294118,119
2023-12-05,1065,106,73,100,38,33,62,0.6886792452830188,0.38,111
2023-12-06,1065,112,74,84,47,38,37,0.6607142857142857,0.5595238095238095,121
2023-12-07,1065,110,80,77,42,30,35,0.7272727272727273,0.5454545454545454,122
2023-12-08,1065,107,70,54,37,37,17,0.6542056074766355,0.6851851851851852,107
2023-12-09,1065,112,96,77,49,16,28,0.8571428571428571,0.6363636363636364,145
2023-12-10,1065,110,68,87,36,42,51,0.6181818181818182,0.41379310344827586,104
2023-12-11,1065,101,86,55,41,15,14,0.8514851485148515,0.7454545454545455,127
2023-12-12,1065,139,73,100,46,66,54,0.5251798561151079,0.46,119
2023-12-13,1065,109,106,77,38,3,39,0.9724770642201835,0.4935064935064935,144
2023-12-14,1065,127,86,58,57,41,1,0.6771653543307087,0.9827586206896551,143
2023-12-15,1065,138,83,53,51,55,2,0.6014492753623188,0.9622641509433962,134
2023-12-16,1065,114,86,69,42,28,27,0.7543859649122807,0.6086956521739131,128
2023-12-17,1065,142,83,59,44,59,15,0.5845070422535211,0.7457627118644068,127
2023-12-18,1065,111,81,62,38,30,24,0.7297297297297297,0.6129032258064516,119
2023-12-19,1065,103,76,98,40,27,58,0.7378640776699029,0.40816326530612246,116
2023-12-20,1065,147,91,67,27,56,40,0.6190476190476191,0.40298507462686567,118
2023-12-21,1065,150,88,65,52,62,13,0.5866666666666667,0.8,140
2023-12-22,1065,147,74,88,33,73,55,0.5034013605442177,0.375,107
2023-12-23,1065,138,80,57,44,58,13,0.5797101449275363,0.7719298245614035,124
2023-12-24,1065,114,85,63,51,29,12,0.7456140350877193,0.8095238095238095,136
2023-12-25,1065,101,71,61,52,30,9,0.7029702970297029,0.8524590163934426,123
2023-12-26,1065,112,89,64,42,23,22,0.7946428571428571,0.65625,131
2023-12-27,1065,129,75,61,42,54,19,0.5813953488372093,0.6885245901639344,117
2023-12-28,1065,127,92,99,37,35,62,0.7244094488188977,0.37373737373737376,129
2023-12-29,1065,101,73,88,30,28,58,0.7227722772277227,0.3409090909090909,103
2023-12-30,1065,137,66,50,42,71,8,0.48175182481751827,0.84,108
2023-12-31,1065,135,89,70,33,46,37,0.6592592592592592,0.4714285714285714,122
2023-01-01,1066,122,84,55,29,38,26,0.6885245901639344,0.5272727272727272,113
2023-01-02,1066,120,69,56,32,51,24,0.575,0.5714285714285714,101
2023-01-03,1066,130,91,92,35,39,57,0.7,0.3804347826086957,126
2023-01-04,1066,131,85,71,46,46,25,0.648854961832061,0.647887323943662,131
2023-01-05,1066,147,67,83,31,80,52,0.4557823129251701,0.37349397590361444,98
2023-01-06,1066,112,90,89,28,22,61,0.8035714285714286,0.3146067415730337,118
2023-01-07,1066,102,67,72,46,35,26,0.6568627450980392,0.6388888888888888,113
2023-01-08,1066,118,79,82,46,39,36,0.6694915254237288,0.5609756097560976,125
2023-01-09,1066,120,79,92,29,41,63,0.6583333333333333,0.31521739130434784,108
2023-01-10,1066,118,81,66,38,37,28,0.6864406779661016,0.5757575757575758,119
2023-01-11,1066,112,67,61,31,45,30,0.5982142857142857,0.5081967213114754,98
2023-01-12,1066,104,86,70,45,18,25,0.8269230769230769,0.6428571428571429,131
2023-01-13,1066,122,75,99,39,47,60,0.6147540983606558,0.3939393939393939,114
2023-01-14,1066,124,88,100,22,36,78,0.7096774193548387,0.22,110
2023-01-15,1066,131,61,96,50,70,46,0.46564885496183206,0.5208333333333334,111
2023-01-16,1066,121,80,87,46,41,41,0.6611570247933884,0.5287356321839081,126
2023-01-17,1066,146,86,53,44,60,9,0.589041095890411,0.8301886792452831,130
2023-01-18,1066,121,88,56,39,33,17,0.7272727272727273,0.6964285714285714,127
2023-01-19,1066,132,85,77,37,47,40,0.6439393939393939,0.4805194805194805,122
2023-01-20,1066,102,70,57,32,32,25,0.6862745098039216,0.5614035087719298,102
2023-01-21,1066,141,81,52,41,60,11,0.574468085106383,0.7884615384615384,122
2023-01-22,1066,117,71,60,38,46,22,0.6068376068376068,0.6333333333333333,109
2023-01-23,1066,142,92,87,49,50,38,0.647887323943662,0.5632183908045977,141
2023-01-24,1066,141,77,70,37,64,33,0.5460992907801419,0.5285714285714286,114
2023-01-25,1066,121,75,90,52,46,38,0.6198347107438017,0.5777777777777777,127
2023-01-26,1066,120,69,68,34,51,34,0.575,0.5,103
2023-01-27,1066,105,76,67,52,29,15,0.7238095238095238,0.7761194029850746,128
2023-01-28,1066,100,84,92,34,16,58,0.84,0.3695652173913043,118
2023-01-29,1066,144,72,55,41,72,14,0.5,0.7454545454545455,113
2023-01-30,1066,135,70,50,37,65,13,0.5185185185185185,0.74,107
2023-01-31,1066,144,81,89,47,63,42,0.5625,0.5280898876404494,128
2023-02-01,1066,138,78,55,32,60,23,0.5652173913043478,0.5818181818181818,110
2023-02-02,1066,127,83,68,29,44,39,0.6535433070866141,0.4264705882352941,112
2023-02-03,1066,138,83,91,44,55,47,0.6014492753623188,0.4835164835164835,127
2023-02-04,1066,144,78,52,45,66,7,0.5416666666666666,0.8653846153846154,123
2023-02-05,1066,147,72,87,35,75,52,0.4897959183673469,0.40229885057471265,107
2023-02-06,1066,134,82,54,52,52,2,0.6119402985074627,0.9629629629629629,134
2023-02-07,1066,112,84,72,55,28,17,0.75,0.7638888888888888,139
2023-02-08,1066,130,75,66,43,55,23,0.5769230769230769,0.6515151515151515,118
2023-02-09,1066,120,91,92,44,29,48,0.7583333333333333,0.4782608695652174,135
2023-02-10,1066,144,91,81,41,53,40,0.6319444444444444,0.5061728395061729,132
2023-02-11,1066,104,72,76,45,32,31,0.6923076923076923,0.5921052631578947,117
2023-02-12,1066,112,69,63,31,43,32,0.6160714285714286,0.49206349206349204,100
2023-02-13,1066,147,96,64,40,51,24,0.6530612244897959,0.625,136
2023-02-14,1066,129,86,51,41,43,10,0.6666666666666666,0.803921568627451,127
2023-02-15,1066,100,80,82,46,20,36,0.8,0.5609756097560976,126
2023-02-16,1066,106,63,58,31,43,27,0.5943396226415094,0.5344827586206896,94
2023-02-17,1066,103,76,50,35,27,15,0.7378640776699029,0.7,111
2023-02-18,1066,107,79,74,34,28,40,0.7383177570093458,0.4594594594594595,113
2023-02-19,1066,125,82,61,31,43,30,0.656,0.5081967213114754,113
2023-02-20,1066,130,74,60,43,56,17,0.5692307692307692,0.7166666666666667,117
2023-02-21,1066,146,95,65,28,51,37,0.6506849315068494,0.4307692307692308,123
2023-02-22,1066,115,78,58,44,37,14,0.6782608695652174,0.7586206896551724,122
2023-02-23,1066,127,80,99,40,47,59,0.6299212598425197,0.40404040404040403,120
2023-02-24,1066,118,80,65,28,38,37,0.6779661016949152,0.4307692307692308,108
2023-02-25,1066,140,69,99,44,71,55,0.4928571428571429,0.4444444444444444,113
2023-02-26,1066,103,89,83,30,14,53,0.8640776699029126,0.3614457831325301,119
2023-02-27,1066,127,83,76,38,44,38,0.6535433070866141,0.5,121
2023-02-28,1066,104,80,73,38,24,35,0.7692307692307693,0.5205479452054794,118
2023-03-01,1066,124,97,56,30,27,26,0.782258064516129,0.5357142857142857,127
2023-03-02,1066,102,74,53,31,28,22,0.7254901960784313,0.5849056603773585,105
2023-03-03,1066,127,81,65,29,46,36,0.6377952755905512,0.4461538461538462,110
2023-03-04,1066,101,76,87,37,25,50,0.7524752475247525,0.42528735632183906,113
2023-03-05,1066,116,81,97,44,35,53,0.6982758620689655,0.4536082474226804,125
2023-03-06,1066,113,92,67,44,21,23,0.8141592920353983,0.6567164179104478,136
2023-03-07,1066,111,73,82,34,38,48,0.6576576576576577,0.4146341463414634,107
2023-03-08,1066,123,72,84,43,51,41,0.5853658536585366,0.5119047619047619,115
2023-03-09,1066,107,84,71,40,23,31,0.7850467289719626,0.5633802816901409,124
2023-03-10,1066,102,96,75,32,6,43,0.9411764705882353,0.4266666666666667,128
2023-03-11,1066,120,76,94,34,44,60,0.6333333333333333,0.3617021276595745,110
2023-03-12,1066,132,78,86,42,54,44,0.5909090909090909,0.4883720930232558,120
2023-03-13,1066,142,69,84,52,73,32,0.4859154929577465,0.6190476190476191,121
2023-03-14,1066,146,80,79,40,66,39,0.547945205479452,0.5063291139240507,120
2023-03-15,1066,106,84,60,46,22,14,0.7924528301886793,0.7666666666666667,130
2023-03-16,1066,142,65,67,32,77,35,0.45774647887323944,0.47761194029850745,97
2023-03-17,1066,118,100,72,41,18,31,0.847457627118644,0.5694444444444444,141
2023-03-18,1066,112,80,60,44,32,16,0.7142857142857143,0.7333333333333333,124
2023-03-19,1066,144,90,64,31,54,33,0.625,0.484375,121
2023-03-20,1066,117,85,76,37,32,39,0.7264957264957265,0.4868421052631579,122
2023-03-21,1066,132,78,99,29,54,70,0.5909090909090909,0.29292929292929293,107
2023-03-22,1066,117,71,56,38,46,18,0.6068376068376068,0.6785714285714286,109
2023-03-23,1066,120,73,67,36,47,31,0.6083333333333333,0.5373134328358209,109
2023-03-24,1066,141,82,63,30,59,33,0.5815602836879432,0.47619047619047616,112
2023-03-25,1066,105,87,50,40,18,10,0.8285714285714286,0.8,127
2023-03-26,1066,136,65,86,50,71,36,0.47794117647058826,0.5813953488372093,115
2023-03-27,1066,125,87,51,41,38,10,0.696,0.803921568627451,128
2023-03-28,1066,140,86,59,46,54,13,0.6142857142857143,0.7796610169491526,132
2023-03-29,1066,133,71,58,36,62,22,0.5338345864661654,0.6206896551724138,107
2023-03-30,1066,101,81,97,37,20,60,0.801980198019802,0.38144329896907214,118
2023-03-31,1066,129,78,69,39,51,30,0.6046511627906976,0.5652173913043478,117
2023-04-01,1066,102,86,98,45,16,53,0.8431372549019608,0.45918367346938777,131
2023-04-02,1066,121,60,52,44,61,8,0.49586776859504134,0.8461538461538461,104
2023-04-03,1066,106,71,64,40,35,24,0.6698113207547169,0.625,111
2023-04-04,1066,131,78,99,37,53,62,0.5954198473282443,0.37373737373737376,115
2023-04-05,1066,111,83,100,41,28,59,0.7477477477477478,0.41,124
2023-04-06,1066,123,87,52,32,36,20,0.7073170731707317,0.6153846153846154,119
2023-04-07,1066,116,90,95,44,26,51,0.7758620689655172,0.4631578947368421,134
2023-04-08,1066,126,75,53,34,51,19,0.5952380952380952,0.6415094339622641,109
2023-04-09,1066,126,78,92,43,48,49,0.6190476190476191,0.4673913043478261,121
2023-04-10,1066,140,86,99,40,54,59,0.6142857142857143,0.40404040404040403,126
2023-04-11,1066,113,79,62,47,34,15,0.6991150442477876,0.7580645161290323,126
2023-04-12,1066,140,86,78,41,54,37,0.6142857142857143,0.5256410256410257,127
2023-04-13,1066,146,87,75,42,59,33,0.5958904109589042,0.56,129
2023-04-14,1066,133,80,99,44,53,55,0.6015037593984962,0.4444444444444444,124
2023-04-15,1066,147,75,59,37,72,22,0.5102040816326531,0.6271186440677966,112
2023-04-16,1066,107,84,58,44,23,14,0.7850467289719626,0.7586206896551724,128
2023-04-17,1066,144,93,81,42,51,39,0.6458333333333334,0.5185185185185185,135
2023-04-18,1066,125,85,75,39,40,36,0.68,0.52,124
2023-04-19,1066,125,80,76,36,45,40,0.64,0.47368421052631576,116
2023-04-20,1066,147,94,68,40,53,28,0.6394557823129252,0.5882352941176471,134
2023-04-21,1066,115,79,61,47,36,14,0.6869565217391305,0.7704918032786885,126
2023-04-22,1066,112,94,77,53,18,24,0.8392857142857143,0.6883116883116883,147
2023-04-23,1066,108,76,70,52,32,18,0.7037037037037037,0.7428571428571429,128
2023-04-24,1066,106,100,90,39,6,51,0.9433962264150944,0.43333333333333335,139
2023-04-25,1066,145,73,50,45,72,5,0.503448275862069,0.9,118
2023-04-26,1066,134,69,90,40,65,50,0.5149253731343284,0.4444444444444444,109
2023-04-27,1066,116,76,73,37,40,36,0.6551724137931034,0.5068493150684932,113
2023-04-28,1066,107,82,89,38,25,51,0.7663551401869159,0.42696629213483145,120
2023-04-29,1066,146,90,79,38,56,41,0.6164383561643836,0.4810126582278481,128
2023-04-30,1066,146,83,50,39,63,11,0.5684931506849316,0.78,122
2023-05-01,1066,102,96,95,35,6,60,0.9411764705882353,0.3684210526315789,131
2023-05-02,1066,111,86,97,36,25,61,0.7747747747747747,0.3711340206185567,122
2023-05-03,1066,101,98,96,34,3,62,0.9702970297029703,0.3541666666666667,132
2023-05-04,1066,114,88,69,37,26,32,0.7719298245614035,0.5362318840579711,125
2023-05-05,1066,105,67,56,36,38,20,0.638095238095238,0.6428571428571429,103
2023-05-06,1066,117,75,71,42,42,29,0.6410256410256411,0.5915492957746479,117
2023-05-07,1066,123,96,75,34,27,41,0.7804878048780488,0.4533333333333333,130
2023-05-08,1066,136,86,71,48,50,23,0.6323529411764706,0.676056338028169,134
2023-05-09,1066,121,89,74,42,32,32,0.7355371900826446,0.5675675675675675,131
2023-05-10,1066,146,98,69,37,48,32,0.6712328767123288,0.5362318840579711,135
2023-05-11,1066,125,70,88,34,55,54,0.56,0.38636363636363635,104
2023-05-12,1066,120,78,94,43,42,51,0.65,0.4574468085106383,121
2023-05-13,1066,106,94,95,41,12,54,0.8867924528301887,0.43157894736842106,135
2023-05-14,1066,143,74,87,41,69,46,0.5174825174825175,0.47126436781609193,115
2023-05-15,1066,117,71,94,47,46,47,0.6068376068376068,0.5,118
2023-05-16,1066,125,79,90,39,46,51,0.632,0.43333333333333335,118
2023-05-17,1066,107,89,82,49,18,33,0.8317757009345794,0.5975609756097561,138
2023-05-18,1066,110,72,95,25,38,70,0.6545454545454545,0.2631578947368421,97
2023-05-19,1066,137,81,69,47,56,22,0.5912408759124088,0.6811594202898551,128
2023-05-20,1066,112,73,83,45,39,38,0.6517857142857143,0.54216867469879515,118
2023-05-21,1066,102,62,69,47,40,22,0.6078431372549019,0.6811594202898551,109
2023-05-22,1066,138,85,79,45,53,34,0.6159420289855072,0.569620253164557,130
2023-05-23,1066,142,57,100,41,85,59,0.4014084507042254,0.41,98
2023-05-24,1066,134,66,77,38,68,39,0.4925373134328358,0.4935064935064935,104
2023-05-25,1066,131,66,80,51,65,29,0.5038167938931297,0.6375,117
2023-05-26,1066,132,75,56,38,57,18,0.5681818181818182,0.6785714285714286,113
2023-05-27,1066,121,90,87,46,31,41,0.743801652892562,0.5287356321839081,136
2023-05-28,1066,122,84,99,40,38,59,0.6885245901639344,0.40404040404040403,124
2023-05-29,1066,119,82,56,41,37,15,0.6890756302521008,0.7321428571428571,123
2023-05-30,1066,145,89,98,45,56,53,0.6137931034482759,0.45918367346938777,134
2023-05-31,1066,113,74,96,38,39,58,0.6548672566371682,0.3958333333333333,112
2023-06-01,1066,137,107,95,39,30,56,0.781021897810219,0.4105263157894737,146
2023-06-02,1066,104,97,58,46,7,12,0.9326923076923077,0.7931034482758621,143
2023-06-03,1066,121,83,66,45,38,21,0.6859504132231405,0.6818181818181818,128
2023-06-04,1066,146,82,78,42,64,36,0.5616438356164384,0.5384615384615384,124
2023-06-05,1066,122,81,86,44,41,42,0.6639344262295082,0.5116279069767442,125
2023-06-06,1066,105,80,98,37,25,61,0.7619047619047619,0.37755102040816324,117
2023-06-07,1066,101,78,71,38,23,33,0.7722772277227723,0.5352112676056338,116
2023-06-08,1066,108,60,98,51,48,47,0.5555555555555556,0.5204081632653061,111
2023-06-09,1066,103,89,65,38,14,27,0.8640776699029126,0.5846153846153846,127
2023-06-10,1066,123,94,91,40,29,51,0.7642276422764228,0.43956043956043955,134
2023-06-11,1066,144,69,89,30,75,59,0.4791666666666667,0.33707865168539325,99
2023-06-12,1066,130,78,68,52,52,16,0.6,0.7647058823529411,130
2023-06-13,1066,128,79,76,43,49,33,0.6171875,0.5657894736842105,122
2023-06-14,1066,144,74,67,46,70,21,0.5138888888888888,0.6865671641791045,120
2023-06-15,1066,114,71,95,44,43,51,0.6228070175438597,0.4631578947368421,115
2023-06-16,1066,146,78,57,43,68,14,0.5342465753424658,0.7543859649122807,121
2023-06-17,1066,133,76,88,45,57,43,0.5714285714285714,0.5113636363636364,121
2023-06-18,1066,149,80,67,41,69,26,0.5369127516778524,0.6119402985074627,121
2023-06-19,1066,127,82,94,39,45,55,0.6456692913385826,0.4148936170212766,121
2023-06-20,1066,142,88,81,37,54,44,0.6197183098591549,0.4567901234567901,125
2023-06-21,1066,120,76,71,43,44,28,0.6333333333333333,0.6056338028169014,119
2023-06-22,1066,115,81,78,37,34,41,0.7043478260869566,0.47435897435897434,118
2023-06-23,1066,104,72,82,37,32,45,0.6923076923076923,0.45121951219512196,109
2023-06-24,1066,132,78,94,45,54,49,0.5909090909090909,0.4787234042553192,123
2023-06-25,1066,111,82,96,36,29,60,0.7387387387387387,0.375,118
2023-06-26,1066,131,88,60,43,43,17,0.6717557251908397,0.7166666666666667,131
2023-06-27,1066,137,94,82,32,43,50,0.6861313868613139,0.3902439024390244,126
2023-06-28,1066,131,80,100,39,51,61,0.6106870229007634,0.39,119
2023-06-29,1066,108,86,71,38,22,33,0.7962962962962963,0.5352112676056338,124
2023-06-30,1066,104,92,54,40,12,14,0.8846153846153846,0.7407407407407407,132
2023-07-01,1066,102,72,92,46,30,46,0.7058823529411765,0.5,118
2023-07-02,1066,111,90,89,47,21,42,0.8108108108108109,0.5280898876404494,137
2023-07-03,1066,113,74,72,58,39,14,0.6548672566371682,0.8055555555555556,132
2023-07-04,1066,143,83,100,43,60,57,0.5804195804195804,0.43,126
2023-07-05,1066,113,90,80,37,23,43,0.7964601769911505,0.4625,127
2023-07-06,1066,128,82,84,36,46,48,0.640625,0.42857142857142855,118
2023-07-07,1066,141,77,97,40,64,57,0.5460992907801419,0.41237113402061853,117
2023-07-08,1066,129,64,51,36,65,15,0.49612403100775193,0.7058823529411765,100
2023-07-09,1066,143,88,82,43,55,39,0.6153846153846154,0.524390243902439,131
2023-07-10,1066,119,73,81,43,46,38,0.6134453781512605,0.5308641975308642,116
2023-07-11,1066,137,89,81,37,48,44,0.6496350364963503,0.4567901234567901,126
2023-07-12,1066,125,80,69,34,45,35,0.64,0.4927536231884058,114
2023-07-13,1066,106,76,96,30,30,66,0.71698113207547165,0.3125,106
2023-07-14,1066,134,71,91,43,63,48,0.5298507462686567,0.4725274725274725,114
2023-07-15,1066,119,79,59,40,40,19,0.6638655462184874,0.6779661016949152,119
2023-07-16,1066,138,78,53,41,60,12,0.5652173913043478,0.7735849056603774,119
2023-07-17,1066,127,87,51,35,40,16,0.6850393700787402,0.6862745098039216,122
2023-07-18,1066,119,99,88,36,20,52,0.8319327731092437,0.4090909090909091,135
2023-07-19,1066,109,89,53,31,20,22,0.8165137614678899,0.5849056603773585,120
2023-07-20,1066,103,82,99,42,21,57,0.7961165048543689,0.42424242424242425,124
2023-07-21,1066,149,99,97,49,50,48,0.6644295302013423,0.5051546391752577,148
2023-07-22,1066,114,70,91,39,44,52,0.6140350877192983,0.42857142857142855,109
2023-07-23,1066,107,102,84,39,5,45,0.9532710280373832,0.4642857142857143,141
2023-07-24,1066,120,68,72,42,52,30,0.5666666666666667,0.5833333333333334,110
2023-07-25,1066,135,90,67,41,45,26,0.6666666666666666,0.6119402985074627,131
2023-07-26,1066,100,68,86,39,32,47,0.68,0.45348837209302323,107
2023-07-27,1066,150,88,78,36,62,42,0.5866666666666667,0.46153846153846156,124
2023-07-28,1066,113,82,53,41,31,12,0.7256637168141593,0.7735849056603774,123
2023-07-29,1066,136,74,97,41,62,56,0.5441176470588235,0.422680412371134,115
2023-07-30,1066,105,88,96,42,17,54,0.8380952380952381,0.4375,130
2023-07-31,1066,133,81,67,45,52,22,0.6090225563909775,0.6716417910447762,126
2023-08-01,1066,125,80,64,47,45,17,0.64,0.734375,127
2023-08-02,1066,116,81,83,27,35,56,0.6982758620689655,0.3253012048192771,108
2023-08-03,1066,124,92,51,38,32,13,0.7419354838709677,0.7450980392156863,130
2023-08-04,1066,131,66,54,39,65,15,0.5038167938931297,0.7222222222222222,105
2023-08-05,1066,107,76,100,43,31,57,0.7102803738317757,0.43,119
2023-08-06,1066,108,84,81,43,24,38,0.7777777777777778,0.5308641975308642,127
2023-08-07,1066,108,84,65,45,24,20,0.7777777777777778,0.6923076923076923,129
2023-08-08,1066,117,63,63,35,54,28,0.5384615384615384,0.5555555555555556,98
2023-08-09,1066,144,63,78,36,81,42,0.4375,0.46153846153846156,99
2023-08-10,1066,147,63,63,46,84,17,0.42857142857142855,0.7301587301587301,109
2023-08-11,1066,107,90,68,51,17,17,0.8411214953271028,0.75,141
2023-08-12,1066,140,93,72,36,47,36,0.6642857142857143,0.5,129
2023-08-13,1066,130,84,98,41,46,57,0.6461538461538462,0.41836734693877553,125
2023-08-14,1066,112,68,94,35,44,59,0.6071428571428571,0.3723404255319149,103
2023-08-15,1066,114,93,92,49,21,43,0.8157894736842105,0.532608695652174,142
2023-08-16,1066,100,69,83,50,31,33,0.69,0.6024096385542169,119
2023-08-17,1066,139,82,55,25,57,30,0.5899280575539568,0.45454545454545453,107
2023-08-18,1066,149,79,57,46,70,11,0.5302013422818792,0.8070175438596491,125
2023-08-19,1066,149,65,62,33,84,29,0.436241610738255,0.532258064516129,98
2023-08-20,1066,140,85,64,40,55,24,0.6071428571428571,0.625,125
2023-08-21,1066,108,69,96,45,39,51,0.6388888888888888,0.46875,114
2023-08-22,1066,143,85,67,32,58,35,0.5944055944055944,0.47761194029850745,117
2023-08-23,1066,148,63,59,36,85,23,0.42567567567567566,0.6101694915254238,99
2023-08-24,1066,130,78,87,35,52,52,0.6,0.40229885057471265,113
2023-08-25,1066,110,79,57,41,31,16,0.7181818181818181,0.7192982456140351,120
2023-08-26,1066,126,94,54,39,32,15,0.746031746031746,0.7222222222222222,133
2023-08-27,1066,106,83,70,39,23,31,0.78301886792452835,0.5571428571428572,122
2023-08-28,1066,126,82,53,44,44,9,0.6507936507936508,0.8301886792452831,126
2023-08-29,1066,133,78,88,43,55,45,0.5864661654135338,0.48863636363636365,121
2023-08-30,1066,102,70,100,42,32,58,0.6862745098039216,0.42,112
2023-08-31,1066,132,89,76,41,43,35,0.6742424242424242,0.5394736842105263,130
2023-09-01,1066,110,76,90,35,34,55,0.6909090909090909,0.3888888888888889,111
2023-09-02,1066,114,83,70,37,31,33,0.7280701754385965,0.5285714285714286,120
2023-09-03,1066,106,82,97,40,24,57,0.7735849056603774,0.41237113402061853,122
2023-09-04,1066,140,92,75,36,48,39,0.6571428571428571,0.48,128
2023-09-05,1066,127,62,78,54,65,24,0.4881889763779528,0.6923076923076923,116
2023-09-06,1066,133,82,93,33,51,60,0.6165413533834586,0.3548387096774194,115
2023-09-07,1066,134,75,63,35,59,28,0.5597014925373134,0.5555555555555556,110
2023-09-08,1066,126,90,93,40,36,53,0.7142857142857143,0.43010752688172044,130
2023-09-09,1066,140,72,74,45,68,29,0.5142857142857142,0.6081081081081081,117
2023-09-10,1066,114,75,56,42,39,14,0.6578947368421053,0.75,117
2023-09-11,1066,149,77,99,36,72,63,0.5167785234899329,0.36363636363636365,113
2023-09-12,1066,137,71,54,38,66,16,0.5182481751824818,0.7037037037037037,109
2023-09-13,1066,131,75,90,48,56,42,0.5725190839694656,0.5333333333333333,123
2023-09-14,1066,146,75,55,38,71,17,0.5136986301369864,0.6909090909090909,113
2023-09-15,1066,132,71,83,48,61,35,0.5378787878787878,0.5783132530120482,119
2023-09-16,1066,107,74,68,36,33,32,0.6915887850467289,0.5294117647058824,110
2023-09-17,1066,137,87,86,31,50,55,0.635036496350365,0.36046511627906974,118
2023-09-18,1066,138,93,51,32,45,19,0.6739130434782609,0.6274509803921569,125
2023-09-19,1066,128,73,73,50,55,23,0.5703125,0.684931506849315,123
2023-09-20,1066,117,85,62,39,32,23,0.7264957264957265,0.6290322580645161,124
2023-09-21,1066,108,63,100,40,45,60,0.5833333333333334,0.4,103
2023-09-22,1066,128,69,87,42,59,45,0.5390625,0.4827586206896552,111
2023-09-23,1066,102,72,100,39,30,61,0.7058823529411765,0.39,111
2023-09-24,1066,120,87,91,35,33,56,0.725,0.38461538461538464,122
2023-09-25,1066,136,69,98,57,67,41,0.5073529411764706,0.5816326530612245,126
2023-09-26,1066,113,78,68,42,35,26,0.6902654867256637,0.6176470588235294,120
2023-09-27,1066,145,88,55,39,57,16,0.6068965517241379,0.7090909090909091,127
2023-09-28,1066,100,85,94,38,15,56,0.85,0.40425531914893614,123
2023-09-29,1066,148,90,99,34,58,65,0.6081081081081081,0.3434343434343434,124
2023-09-30,1066,110,84,66,27,26,39,0.7636363636363637,0.4090909090909091,111
2023-10-01,1066,135,75,67,33,60,34,0.5555555555555556,0.4925373134328358,108
2023-10-02,1066,129,72,67,43,57,24,0.5581395348837209,0.6417910447761194,115
2023-10-03,1066,119,92,94,42,27,52,0.773109243697479,0.44680851063829785,134
2023-10-04,1066,128,90,77,41,38,36,0.703125,0.5324675324675324,131
2023-10-05,1066,113,78,68,43,35,25,0.6902654867256637,0.6323529411764706,121
2023-10-06,1066,145,89,87,49,56,38,0.6137931034482759,0.5632183908045977,138
2023-10-07,1066,142,83,68,38,59,30,0.5845070422535211,0.5588235294117647,121
2023-10-08,1066,137,76,77,35,61,42,0.5547445255474452,0.45454545454545453,111
2023-10-09,1066,120,80,58,42,40,16,0.6666666666666666,0.7241379310344828,122
2023-10-10,1066,122,82,57,33,40,24,0.6721311475409836,0.5789473684210527,115
2023-10-11,1066,137,77,93,38,60,55,0.5620437956204379,0.40860215053763443,115
2023-10-12,1066,106,76,73,38,30,35,0.71698113207547165,0.5205479452054794,114
2023-10-13,1066,123,94,85,45,29,40,0.7642276422764228,0.5294117647058824,139
2023-10-14,1066,133,80,88,48,53,40,0.6015037593984962,0.5454545454545454,128
2023-10-15,1066,142,75,58,37,67,21,0.528169014084507,0.6379310344827587,112
2023-10-16,1066,133,70,61,46,63,15,0.5263157894736842,0.7540983606557377,116
2023-10-17,1066,120,87,62,41,33,21,0.725,0.6612903225806451,128
2023-10-18,1066,122,87,72,42,35,30,0.7131147540983607,0.5833333333333334,129
2023-10-19,1066,107,87,58,48,20,10,0.8130841121495327,0.8275862068965517,135
2023-10-20,1066,128,84,66,37,44,29,0.65625,0.5606060606060606,121
2023-10-21,1066,149,96,88,41,53,47,0.6442953020134228,0.4659090909090909,137
2023-10-22,1066,133,72,62,41,61,21,0.5413533834586466,0.6612903225806451,113
2023-10-23,1066,147,72,85,38,75,47,0.4897959183673469,0.4470588235294118,110
2023-10-24,1066,117,77,92,45,40,47,0.6581196581196581,0.4891304347826087,122
2023-10-25,1066,138,81,82,47,57,35,0.5869565217391305,0.573170731707317,128
2023-10-26,1066,109,81,58,45,28,13,0.7431192660550459,0.7758620689655172,126
2023-10-27,1066,150,82,58,54,68,4,0.5466666666666666,0.9310344827586207,136
2023-10-28,1066,145,81,92,42,64,50,0.5586206896551724,0.45652173913043476,123
2023-10-29,1066,114,86,73,36,28,37,0.7543859649122807,0.4931506849315068,122
2023-10-30,1066,129,78,55,37,51,18,0.6046511627906976,0.6727272727272727,115
2023-10-31,1066,122,82,66,37,40,29,0.6721311475409836,0.5606060606060606,119
2023-11-01,1066,136,76,74,33,60,41,0.5588235294117647,0.44594594594594594,109
2023-11-02,1066,111,84,77,39,27,38,0.7567567567567568,0.5064935064935064,123
2023-11-03,1066,123,68,99,31,55,68,0.5528455284552846,0.31313131313131315,99
2023-11-04,1066,144,81,66,38,63,28,0.5625,0.5757575757575758,119
2023-11-05,1066,149,74,97,35,75,62,0.49664429530201343,0.36082474226804123,109
2023-11-06,1066,113,77,81,33,36,48,0.6814159292035398,0.4074074074074074,110
2023-11-07,1066,100,82,67,43,18,24,0.82,0.6417910447761194,125
2023-11-08,1066,141,78,62,40,63,22,0.5531914893617021,0.6451612903225806,118
2023-11-09,1066,115,87,68,27,28,41,0.7565217391304347,0.39705882352941174,114
2023-11-10,1066,102,93,85,46,9,39,0.9117647058823529,0.5411764705882353,139
2023-11-11,1066,115,82,78,43,33,35,0.7130434782608696,0.5512820512820513,125
2023-11-12,1066,145,73,80,44,72,36,0.503448275862069,0.55,117
2023-11-13,1066,138,72,85,37,66,48,0.5217391304347826,0.43529411764705883,109
2023-11-14,1066,107,78,70,45,29,25,0.7289719626168224,0.6428571428571429,123
2023-11-15,1066,135,73,89,37,62,52,0.5407407407407407,0.4157303370786517,110
2023-11-16,1066,148,71,62,45,77,17,0.4797297297297297,0.7258064516129032,116
2023-11-17,1066,100,83,93,36,17,57,0.83,0.3870967741935484,119
2023-11-18,1066,107,92,77,30,15,47,0.8598130841121495,0.38961038961038963,122
2023-11-19,1066,133,90,73,37,43,36,0.6766917293233082,0.5068493150684932,127
2023-11-20,1066,113,79,81,41,34,40,0.6991150442477876,0.5061728395061729,120
2023-11-21,1066,110,79,97,33,31,64,0.7181818181818181,0.3402061855670103,112
2023-11-22,1066,123,99,95,38,24,57,0.8048780487804879,0.4,137
2023-11-23,1066,138,79,96,50,59,46,0.572463768115942,0.5208333333333334,129
2023-11-24,1066,120,76,77,47,44,30,0.6333333333333333,0.6103896103896104,123
2023-11-25,1066,115,80,57,38,35,19,0.6956521739130435,0.6666666666666666,118
2023-11-26,1066,128,93,90,34,35,56,0.7265625,0.37777777777777777,127
2023-11-27,1066,125,68,55,40,57,15,0.544,0.7272727272727273,108
2023-11-28,1066,114,79,55,36,35,19,0.6929824561403509,0.6545454545454545,115
2023-11-29,1066,143,64,56,54,79,2,0.44755244755244755,0.9642857142857143,118
2023-11-30,1066,143,77,79,40,66,39,0.5384615384615384,0.5063291139240507,117
2023-12-01,1066,107,70,94,50,37,44,0.6542056074766355,0.5319148936170213,120
2023-12-02,1066,148,91,73,38,57,35,0.6148648648648649,0.5205479452054794,129
2023-12-03,1066,117,84,64,39,33,25,0.717948717948718,0.609375,123
2023-12-04,1066,111,81,83,49,30,34,0.7297297297297297,0.5903614457831325,130
2023-12-05,1066,101,68,57,49,33,8,0.6732673267326733,0.8596491228070176,117
2023-12-06,1066,107,74,70,31,33,39,0.6915887850467289,0.44285714285714284,105
2023-12-07,1066,104,73,57,42,31,15,0.7019230769230769,0.7368421052631579,115
2023-12-08,1066,128,76,69,39,52,30,0.59375,0.5652173913043478,115
2023-12-09,1066,123,83,92,48,40,44,0.6747967479674797,0.5217391304347826,131
2023-12-10,1066,146,94,53,41,52,12,0.6438356164383562,0.7735849056603774,135
2023-12-11,1066,144,93,90,44,51,46,0.6458333333333334,0.4888888888888889,137
2023-12-12,1066,106,83,82,40,23,42,0.78301886792452835,0.4878048780487805,123
2023-12-13,1066,127,91,57,48,36,9,0.7165354330708661,0.8421052631578947,139
2023-12-14,1066,124,79,80,44,45,36,0.6370967741935484,0.55,123
2023-12-15,1066,131,94,84,34,37,50,0.7175572519083969,0.40476190476190477,128
2023-12-16,1066,113,103,76,38,10,38,0.911504424778761,0.5,141
2023-12-17,1066,126,85,58,35,41,23,0.6746031746031746,0.603448275862069,120
2023-12-18,1066,114,69,100,47,45,53,0.6052631578947368,0.47,116
2023-12-19,1066,109,79,100,33,30,67,0.7247706422018348,0.33,112
2023-12-20,1066,146,77,98,35,69,63,0.5273972602739726,0.35714285714285715,112
2023-12-21,1066,140,65,77,37,75,40,0.4642857142857143,0.4805194805194805,102
2023-12-22,1066,111,91,60,31,20,29,0.8198198198198198,0.5166666666666667,122
2023-12-23,1066,142,87,70,48,55,22,0.6126760563380281,0.6857142857142857,135
2023-12-24,1066,122,60,71,50,62,21,0.4918032786885246,0.704225352112676,110
2023-12-25,1066,145,76,62,30,69,32,0.5241379310344828,0.4838709677419355,106
2023-12-26,1066,103,73,93,31,30,62,0.7087378640776699,0.3333333333333333,104
2023-12-27,1066,123,69,59,42,54,17,0.5609756097560976,0.711864406779661,111
2023-12-28,1066,100,74,85,41,26,44,0.74,0.4823529411764706,115
2023-12-29,1066,101,96,81,46,5,35,0.9504950495049505,0.5679012345679012,142
2023-12-30,1066,106,74,58,43,32,15,0.6981132075471698,0.7413793103448276,117
2023-12-31,1066,135,80,95,41,55,54,0.5925925925925926,0.43157894736842106,121
2023-01-01,1067,142,81,57,41,61,16,0.5704225352112676,0.7192982456140351,122
2023-01-02,1067,127,72,79,34,55,45,0.5669291338582677,0.43037974683544306,106
2023-01-03,1067,119,87,64,39,32,25,0.7310924369747899,0.609375,126
2023-01-04,1067,138,73,84,43,65,41,0.5289855072463768,0.5119047619047619,116
2023-01-05,1067,137,79,85,39,58,46,0.5766423357664233,0.4588235294117647,118
2023-01-06,1067,109,71,80,42,38,38,0.6513761467889908,0.525,113
2023-01-07,1067,129,78,50,47,51,3,0.6046511627906976,0.94,125
2023-01-08,1067,130,72,72,45,58,27,0.5538461538461539,0.625,117
2023-01-09,1067,132,83,58,35,49,23,0.6287878787878788,0.603448275862069,118
2023-01-10,1067,124,93,52,32,31,20,0.75,0.6153846153846154,125
2023-01-11,1067,127,70,95,34,57,61,0.5511811023622047,0.35789473684210527,104
2023-01-12,1067,150,83,81,42,67,39,0.5533333333333333,0.5185185185185185,125
2023-01-13,1067,113,83,66,38,30,28,0.7345132743362832,0.5757575757575758,121
2023-01-14,1067,150,67,71,29,83,42,0.44666666666666666,0.4084507042253521,96
2023-01-15,1067,101,75,55,38,26,17,0.7425742574257426,0.6909090909090909,113
2023-01-16,1067,143,65,73,40,78,33,0.45454545454545453,0.547945205479452,105
2023-01-17,1067,135,81,63,42,54,21,0.6,0.6666666666666666,123
2023-01-18,1067,150,81,88,35,69,53,0.54,0.3977272727272727,116
2023-01-19,1067,142,77,50,36,65,14,0.5422535211267606,0.72,113
2023-01-20,1067,112,89,96,47,23,49,0.7946428571428571,0.4895833333333333,136
2023-01-21,1067,104,78,71,46,26,25,0.75,0.647887323943662,124
2023-01-22,1067,145,93,61,51,52,10,0.6413793103448275,0.8360655737704918,144
2023-01-23,1067,123,91,77,32,32,45,0.7398373983739838,0.4155844155844156,123
2023-01-24,1067,135,98,50,33,37,17,0.725925925925926,0.66,131
2023-01-25,1067,127,73,85,41,54,44,0.5748031496062992,0.4823529411764706,114
2023-01-26,1067,150,85,56,48,65,8,0.5666666666666667,0.8571428571428571,133
2023-01-27,1067,102,77,86,44,25,42,0.7549019607843137,0.5116279069767442,121
2023-01-28,1067,124,75,70,43,49,27,0.6048387096774194,0.6142857142857143,118
2023-01-29,1067,139,94,53,36,45,17,0.6762589928057554,0.6792452830188679,130
2023-01-30,1067,135,75,89,40,60,49,0.5555555555555556,0.449438202247191,115
2023-01-31,1067,102,74,53,44,28,9,0.7254901960784313,0.8301886792452831,118
2023-02-01,1067,116,80,72,37,36,35,0.6896551724137931,0.5138888888888888,117
2023-02-02,1067,133,75,83,52,58,31,0.5639097744360902,0.6265060240963856,127
2023-02-03,1067,132,84,62,41,48,21,0.6363636363636364,0.6612903225806451,125
2023-02-04,1067,123,80,75,43,43,32,0.6504065040650406,0.5733333333333334,123
2023-02-05,1067,150,82,100,46,68,54,0.5466666666666666,0.46,128
2023-02-06,1067,144,79,59,41,65,18,0.5486111111111112,0.6949152542372882,120
2023-02-07,1067,147,84,61,34,63,27,0.5714285714285714,0.5573770491803278,118
2023-02-08,1067,118,57,67,47,61,20,0.4830508474576271,0.7014925373134329,104
2023-02-09,1067,136,83,83,45,53,38,0.6102941176470589,0.54216867469879515,128
2023-02-10,1067,136,82,51,35,54,16,0.6029411764705882,0.6862745098039216,117
2023-02-11,1067,109,76,73,36,33,37,0.6972477064220184,0.4931506849315068,112
2023-02-12,1067,121,77,65,38,44,27,0.6363636363636364,0.5846153846153846,115
2023-02-13,1067,112,77,57,47,35,10,0.6875,0.8245614035087719,124
2023-02-14,1067,121,90,93,50,31,43,0.743801652892562,0.5376344086021505,140
2023-02-15,1067,107,70,98,35,37,63,0.6542056074766355,0.35714285714285715,105
2023-02-16,1067,138,64,100,41,74,59,0.463768115942029,0.41,105
2023-02-17,1067,149,89,65,47,60,18,0.5973154362416108,0.7230769230769231,136
2023-02-18,1067,121,90,53,43,31,10,0.743801652892562,0.8113207547169812,133
2023-02-19,1067,131,92,60,47,39,13,0.7022900763358778,0.7833333333333333,139
2023-02-20,1067,142,79,82,42,63,40,0.5563380281690141,0.5121951219512195,121
2023-02-21,1067,115,93,96,47,22,49,0.808695652173913,0.4895833333333333,140
2023-02-22,1067,117,81,95,46,36,49,0.6923076923076923,0.4842105263157895,127
2023-02-23,1067,150,81,85,25,69,60,0.54,0.29411764705882354,106
2023-02-24,1067,111,103,51,42,8,9,0.9279279279279279,0.8235294117647058,145
2023-02-25,1067,111,84,70,42,27,28,0.7567567567567568,0.6,126
2023-02-26,1067,138,87,65,34,51,31,0.6304347826086957,0.5230769230769231,121
2023-02-27,1067,130,81,90,38,49,52,0.6230769230769231,0.4222222222222222,119
2023-02-28,1067,137,76,52,35,61,17,0.5547445255474452,0.6730769230769231,111
2023-03-01,1067,130,67,59,36,63,23,0.5153846153846153,0.6101694915254238,103
2023-03-02,1067,117,88,86,34,29,52,0.7521367521367521,0.3953488372093023,122
2023-03-03,1067,132,76,69,42,56,27,0.5757575757575758,0.6086956521739131,118
2023-03-04,1067,120,96,81,37,24,44,0.8,0.4567901234567901,133
2023-03-05,1067,106,86,50,47,20,3,0.8113207547169812,0.94,133
2023-03-06,1067,127,76,58,31,51,27,0.5984251968503937,0.5344827586206896,107
2023-03-07,1067,117,79,51,41,38,10,0.6752136752136753,0.803921568627451,120
2023-03-08,1067,135,82,86,39,53,47,0.6074074074074074,0.45348837209302323,121
2023-03-09,1067,133,80,93,47,53,46,0.6015037593984962,0.5053763440860215,127
2023-03-10,1067,138,79,59,44,59,15,0.572463768115942,0.7457627118644068,123
2023-03-11,1067,119,82,61,40,37,21,0.6890756302521008,0.6557377049180327,122
2023-03-12,1067,142,74,97,35,68,62,0.5211267605633803,0.36082474226804123,109
2023-03-13,1067,106,85,95,46,21,49,0.8018867924528302,0.4842105263157895,131
2023-03-14,1067,119,73,76,34,46,42,0.6134453781512605,0.4473684210526316,107
2023-03-15,1067,147,96,93,40,51,53,0.6530612244897959,0.43010752688172044,136
2023-03-16,1067,123,77,67,58,46,9,0.6260162601626016,0.8656716417910447,135
2023-03-17,1067,130,80,91,34,50,57,0.6153846153846154,0.37362637362637363,114
2023-03-18,1067,131,82,53,33,49,20,0.6259541984732825,0.6226415094339622,115
2023-03-19,1067,132,68,88,44,64,44,0.5151515151515151,0.5,112
2023-03-20,1067,139,75,81,56,64,25,0.539568345323741,0.691358024691358,131
2023-03-21,1067,140,60,65,33,80,32,0.42857142857142855,0.5076923076923077,93
2023-03-22,1067,140,79,90,46,61,44,0.5642857142857143,0.5111111111111111,125
2023-03-23,1067,100,85,62,33,15,29,0.85,0.532258064516129,118
2023-03-24,1067,112,82,70,39,30,31,0.7321428571428571,0.5571428571428572,121
2023-03-25,1067,147,89,66,45,58,21,0.6054421768707483,0.6818181818181818,134
2023-03-26,1067,144,76,98,48,68,50,0.5277777777777778,0.4897959183673469,124
2023-03-27,1067,132,75,88,49,57,39,0.5681818181818182,0.5568181818181818,124
2023-03-28,1067,127,85,66,33,42,33,0.6692913385826772,0.5,118
2023-03-29,1067,106,72,88,36,34,52,0.6792452830188679,0.4090909090909091,108
2023-03-30,1067,111,82,61,36,29,25,0.7387387387387387,0.5901639344262295,118
2023-03-31,1067,142,90,60,36,52,24,0.6338028169014085,0.6,126
2023-04-01,1067,125,72,90,38,53,52,0.576,0.4222222222222222,110
2023-04-02,1067,140,78,50,43,62,7,0.5571428571428572,0.86,121
2023-04-03,1067,114,71,59,44,43,15,0.6228070175438597,0.7457627118644068,115
2023-04-04,1067,124,100,74,35,24,39,0.8064516129032258,0.47297297297297297,135
2023-04-05,1067,123,91,62,46,32,16,0.7398373983739838,0.7419354838709677,137
2023-04-06,1067,140,77,56,34,63,22,0.55,0.6071428571428571,111
2023-04-07,1067,148,86,69,33,62,36,0.581081081081081,0.4782608695652174,119
2023-04-08,1067,142,78,50,29,64,21,0.5492957746478874,0.58,107
2023-04-09,1067,134,58,91,41,76,50,0.43283582089552236,0.45054945054945056,99
2023-04-10,1067,100,70,86,28,30,58,0.7,0.32558139534883723,98
2023-04-11,1067,111,78,78,56,33,22,0.7027027027027027,0.717948717948718,134
2023-04-12,1067,131,77,79,43,54,36,0.5877862595419847,0.5443037974683544,120
2023-04-13,1067,142,84,63,37,58,26,0.5915492957746479,0.5873015873015873,121
2023-04-14,1067,138,73,59,40,65,19,0.5289855072463768,0.6779661016949152,113
2023-04-15,1067,132,83,54,46,49,8,0.6287878787878788,0.8518518518518519,129
2023-04-16,1067,129,82,79,42,47,37,0.6356589147286822,0.5316455696202531,124
2023-04-17,1067,136,83,60,35,53,25,0.6102941176470589,0.5833333333333334,118
2023-04-18,1067,148,69,100,33,79,67,0.46621621621621623,0.33,102
2023-04-19,1067,104,73,93,44,31,49,0.7019230769230769,0.4731182795698925,117
2023-04-20,1067,147,77,85,42,70,43,0.5238095238095238,0.49411764705882355,119
2023-04-21,1067,137,87,81,37,50,44,0.635036496350365,0.4567901234567901,124
2023-04-22,1067,120,81,94,34,39,60,0.675,0.3617021276595745,115
2023-04-23,1067,111,71,73,42,40,31,0.6396396396396397,0.5753424657534246,113
2023-04-24,1067,120,80,88,46,40,42,0.6666666666666666,0.5227272727272727,126
2023-04-25,1067,136,82,61,40,54,21,0.6029411764705882,0.6557377049180327,122
2023-04-26,1067,131,92,91,42,39,49,0.7022900763358778,0.46153846153846156,134
2023-04-27,1067,131,73,84,52,58,32,0.5572519083969466,0.6190476190476191,125
2023-04-28,1067,150,86,61,25,64,36,0.5733333333333334,0.4098360655737705,111
2023-04-29,1067,148,92,87,35,56,52,0.6216216216216216,0.40229885057471265,127
2023-04-30,1067,133,81,72,44,52,28,0.6090225563909775,0.6111111111111112,125
2023-05-01,1067,139,75,85,46,64,39,0.539568345323741,0.5411764705882353,121
2023-05-02,1067,150,85,83,34,65,49,0.5666666666666667,0.40963855421686746,119
2023-05-03,1067,108,63,97,26,45,71,0.5833333333333334,0.26804123711340205,89
2023-05-04,1067,114,68,58,45,46,13,0.5964912280701754,0.7758620689655172,113
2023-05-05,1067,108,77,90,41,31,49,0.7129629629629629,0.45555555555555555,118
2023-05-06,1067,113,82,90,31,31,59,0.7256637168141593,0.34444444444444444,113
2023-05-07,1067,119,78,57,45,41,12,0.6554621848739496,0.7894736842105263,123
2023-05-08,1067,145,74,64,44,71,20,0.5103448275862069,0.6875,118
2023-05-09,1067,133,82,89,44,51,45,0.6165413533834586,0.4943820224719101,126
2023-05-10,1067,143,79,83,49,64,34,0.5524475524475524,0.5903614457831325,128
2023-05-11,1067,107,70,99,44,37,55,0.6542056074766355,0.4444444444444444,114
2023-05-12,1067,114,88,77,44,26,33,0.7719298245614035,0.5714285714285714,132
2023-05-13,1067,136,91,74,30,45,44,0.6691176470588235,0.40540540540540543,121
2023-05-14,1067,131,77,88,43,54,45,0.5877862595419847,0.48863636363636365,120
2023-05-15,1067,107,84,70,37,23,33,0.7850467289719626,0.5285714285714286,121
2023-05-16,1067,144,91,59,36,53,23,0.6319444444444444,0.6101694915254238,127
2023-05-17,1067,138,70,89,39,68,50,0.5072463768115942,0.43820224719101125,109
2023-05-18,1067,121,74,61,35,47,26,0.6115702479338843,0.5737704918032787,109
2023-05-19,1067,130,73,78,28,57,50,0.5615384615384615,0.358974358974359,101
2023-05-20,1067,120,78,93,53,42,40,0.65,0.5698924731182796,131
2023-05-21,1067,135,72,50,41,63,9,0.5333333333333333,0.82,113
2023-05-22,1067,117,92,77,48,25,29,0.7863247863247863,0.6233766233766234,140
2023-05-23,1067,118,79,63,36,39,27,0.6694915254237288,0.5714285714285714,115
2023-05-24,1067,107,88,69,39,19,30,0.822429906542056,0.5652173913043478,127
2023-05-25,1067,114,74,80,44,40,36,0.6491228070175439,0.55,118
2023-05-26,1067,105,75,87,24,30,63,0.7142857142857143,0.27586206896551724,99
2023-05-27,1067,134,87,100,43,47,57,0.6492537313432836,0.43,130
2023-05-28,1067,144,61,65,38,83,27,0.4236111111111111,0.5846153846153846,99
2023-05-29,1067,146,74,73,41,72,32,0.5068493150684932,0.5616438356164384,115
2023-05-30,1067,124,76,64,48,48,16,0.6129032258064516,0.75,124
2023-05-31,1067,117,79,68,32,38,36,0.6752136752136753,0.47058823529411764,111
2023-06-01,1067,146,94,94,41,52,53,0.6438356164383562,0.43617021276595747,135
2023-06-02,1067,136,96,93,40,40,53,0.7058823529411765,0.43010752688172044,136
2023-06-03,1067,136,73,53,52,63,1,0.5367647058823529,0.9811320754716981,125
2023-06-04,1067,127,70,70,40,57,30,0.5511811023622047,0.5714285714285714,110
2023-06-05,1067,106,79,57,38,27,19,0.7452830188679245,0.6666666666666666,117
2023-06-06,1067,117,75,76,34,42,42,0.6410256410256411,0.4473684210526316,109
2023-06-07,1067,133,78,54,42,55,12,0.5864661654135338,0.7777777777777778,120
2023-06-08,1067,103,91,93,34,12,59,0.883495145631068,0.3655913978494624,125
2023-06-09,1067,112,93,52,36,19,16,0.8303571428571429,0.6923076923076923,129
2023-06-10,1067,133,76,98,49,57,49,0.5714285714285714,0.5,125
2023-06-11,1067,147,86,52,46,61,6,0.5850340136054422,0.8846153846153846,132
2023-06-12,1067,101,73,58,40,28,18,0.7227722772277227,0.6896551724137931,113
2023-06-13,1067,147,68,90,42,79,48,0.46258503401360546,0.4666666666666667,110
2023-06-14,1067,132,71,54,28,61,26,0.5378787878787878,0.5185185185185185,99
2023-06-15,1067,115,79,88,48,36,40,0.6869565217391305,0.5454545454545454,127
2023-06-16,1067,135,74,55,25,61,30,0.5481481481481482,0.45454545454545453,99
2023-06-17,1067,112,97,97,39,15,58,0.8660714285714286,0.4020618556701031,136
2023-06-18,1067,105,79,87,39,26,48,0.7523809523809524,0.4482758620689655,118
2023-06-19,1067,121,73,58,34,48,24,0.6033057851239669,0.5862068965517241,107
2023-06-20,1067,147,92,66,47,55,19,0.6258503401360545,0.7121212121212122,139
2023-06-21,1067,113,97,95,55,16,40,0.8584070796460177,0.5789473684210527,152
2023-06-22,1067,140,69,75,44,71,31,0.4928571428571429,0.5866666666666667,113
2023-06-23,1067,145,80,76,56,65,20,0.5517241379310345,0.7368421052631579,136
2023-06-24,1067,136,74,77,24,62,53,0.5441176470588235,0.3116883116883117,98
2023-06-25,1067,140,70,90,42,70,48,0.5,0.4666666666666667,112
2023-06-26,1067,115,82,83,47,33,36,0.7130434782608696,0.5662650602409639,129
2023-06-27,1067,107,79,94,29,28,65,0.7383177570093458,0.30851063829787234,108
2023-06-28,1067,147,85,90,49,62,41,0.5782312925170068,0.5444444444444444,134
2023-06-29,1067,124,73,85,40,51,45,0.5887096774193549,0.47058823529411764,113
2023-06-30,1067,138,91,73,51,47,22,0.6594202898550725,0.6986301369863014,142
2023-07-01,1067,123,72,69,35,51,34,0.5853658536585366,0.5072463768115942,107
2023-07-02,1067,105,75,72,41,30,31,0.7142857142857143,0.5694444444444444,116
2023-07-03,1067,111,91,59,48,20,11,0.8198198198198198,0.8135593220338984,139
2023-07-04,1067,106,51,92,46,55,46,0.4811320754716981,0.5,97
2023-07-05,1067,104,74,50,45,30,5,0.7115384615384616,0.9,119
2023-07-06,1067,102,84,77,36,18,41,0.8235294117647058,0.4675324675324675,120
2023-07-07,1067,133,74,61,41,59,20,0.556390977443609,0.6721311475409836,115
2023-07-08,1067,115,84,57,46,31,11,0.7304347826086957,0.8070175438596491,130
2023-07-09,1067,148,88,79,41,60,38,0.5945945945945946,0.5189873417721519,129
2023-07-10,1067,139,71,59,40,68,19,0.5107913669064749,0.6779661016949152,111
2023-07-11,1067,108,99,85,43,9,42,0.9166666666666666,0.5058823529411764,142
2023-07-12,1067,128,78,67,35,50,32,0.609375,0.5223880597014925,113
2023-07-13,1067,141,84,71,48,57,23,0.5957446808510638,0.676056338028169,132
2023-07-14,1067,117,90,58,44,27,14,0.7692307692307693,0.7586206896551724,134
2023-07-15,1067,131,76,70,36,55,34,0.5801526717557252,0.5142857142857142,112
2023-07-16,1067,126,76,96,28,50,68,0.6031746031746031,0.2916666666666667,104
2023-07-17,1067,113,60,75,42,53,33,0.5309734513274337,0.56,102
2023-07-18,1067,147,85,84,50,62,34,0.5782312925170068,0.5952380952380952,135
2023-07-19,1067,141,73,71,47,68,24,0.5177304964539007,0.6619718309859155,120
2023-07-20,1067,126,84,98,47,42,51,0.6666666666666666,0.47959183673469385,131
2023-07-21,1067,127,68,72,39,59,33,0.5354330708661418,0.5416666666666666,107
2023-07-22,1067,150,74,60,43,76,17,0.49333333333333335,0.7166666666666667,117
2023-07-23,1067,141,68,58,40,73,18,0.48226950354609927,0.6896551724137931,108
2023-07-24,1067,122,84,89,30,38,59,0.6885245901639344,0.33707865168539325,114
2023-07-25,1067,103,81,62,39,22,23,0.7864077669902912,0.6290322580645161,120
2023-07-26,1067,122,78,98,37,44,61,0.639344262295082,0.37755102040816324,115
2023-07-27,1067,112,76,91,41,36,50,0.6785714285714286,0.45054945054945056,117
2023-07-28,1067,109,78,61,32,31,29,0.7155963302752294,0.5245901639344263,110
2023-07-29,1067,113,71,63,36,42,27,0.6283185840707964,0.5714285714285714,107
2023-07-30,1067,149,79,78,44,70,34,0.5302013422818792,0.5641025641025641,123
2023-07-31,1067,125,80,88,35,45,53,0.64,0.3977272727272727,115
2023-08-01,1067,101,81,75,51,20,24,0.801980198019802,0.68,132
2023-08-02,1067,110,76,53,36,34,17,0.6909090909090909,0.6792452830188679,112
2023-08-03,1067,138,84,72,39,54,33,0.6086956521739131,0.5416666666666666,123
2023-08-04,1067,141,69,51,47,72,4,0.48936170212765956,0.9215686274509803,116
2023-08-05,1067,127,78,99,39,49,60,0.6141732283464567,0.3939393939393939,117
2023-08-06,1067,105,78,56,32,27,24,0.7428571428571429,0.5714285714285714,110
2023-08-07,1067,103,82,67,42,21,25,0.7961165048543689,0.6268656716417911,124
2023-08-08,1067,111,90,57,49,21,8,0.8108108108108109,0.8596491228070176,139
2023-08-09,1067,139,85,99,37,54,62,0.6115107913669064,0.37373737373737376,122
2023-08-10,1067,128,78,65,34,50,31,0.609375,0.5230769230769231,112
2023-08-11,1067,141,94,84,41,47,43,0.6666666666666666,0.4880952380952381,135
2023-08-12,1067,109,84,80,40,25,40,0.7706422018348624,0.5,124
2023-08-13,1067,147,90,64,36,57,28,0.6122448979591837,0.5625,126
2023-08-14,1067,147,74,85,46,73,39,0.5034013605442177,0.5411764705882353,120
2023-08-15,1067,137,73,91,27,64,64,0.5328467153284672,0.2967032967032967,100
2023-08-16,1067,146,65,74,37,81,37,0.4452054794520548,0.5,102
2023-08-17,1067,132,98,60,35,34,25,0.7424242424242424,0.5833333333333334,133
2023-08-18,1067,147,92,86,33,55,53,0.6258503401360545,0.38372093023255816,125
2023-08-19,1067,108,93,79,42,15,37,0.8611111111111112,0.5316455696202531,135
2023-08-20,1067,122,67,64,41,55,23,0.5491803278688525,0.640625,108
2023-08-21,1067,107,88,88,50,19,38,0.822429906542056,0.5681818181818182,138
2023-08-22,1067,122,74,52,46,48,6,0.6065573770491803,0.8846153846153846,120
2023-08-23,1067,107,81,80,35,26,45,0.7570093457943925,0.4375,116
2023-08-24,1067,131,80,51,35,51,16,0.6106870229007634,0.6862745098039216,115
2023-08-25,1067,136,75,72,33,61,39,0.5514705882352942,0.4583333333333333,108
2023-08-26,1067,150,61,73,35,89,38,0.4066666666666667,0.4794520547945205,96
2023-08-27,1067,105,90,56,43,15,13,0.8571428571428571,0.7678571428571429,133
2023-08-28,1067,149,79,52,41,70,11,0.5302013422818792,0.7884615384615384,120
2023-08-29,1067,143,68,91,42,75,49,0.4755244755244755,0.46153846153846156,110
2023-08-30,1067,119,70,76,54,49,22,0.5882352941176471,0.7105263157894737,124
2023-08-31,1067,150,80,81,35,70,46,0.5333333333333333,0.43209876543209874,115
2023-09-01,1067,121,77,89,29,44,60,0.6363636363636364,0.3258426966292135,106
2023-09-02,1067,116,90,74,33,26,41,0.7758620689655172,0.44594594594594594,123
2023-09-03,1067,137,79,68,47,58,21,0.5766423357664233,0.6911764705882353,126
2023-09-04,1067,139,87,75,36,52,39,0.6258992805755396,0.48,123
2023-09-05,1067,107,87,63,47,20,16,0.8130841121495327,0.746031746031746,134
2023-09-06,1067,125,75,54,47,50,7,0.6,0.8703703703703703,122
2023-09-07,1067,131,79,73,54,52,19,0.6030534351145038,0.7397260273972602,133
2023-09-08,1067,118,80,90,48,38,42,0.6779661016949152,0.5333333333333333,128
2023-09-09,1067,137,81,72,35,56,37,0.5912408759124088,0.4861111111111111,116
2023-09-10,1067,119,80,58,35,39,23,0.6722689075630253,0.603448275862069,115
2023-09-11,1067,101,87,91,35,14,56,0.8613861386138614,0.38461538461538464,122
2023-09-12,1067,109,83,73,41,26,32,0.7614678899082569,0.5616438356164384,124
2023-09-13,1067,138,80,64,49,58,15,0.5797101449275363,0.765625,129
2023-09-14,1067,113,63,69,44,50,25,0.5575221238938053,0.6376811594202898,107
2023-09-15,1067,144,88,88,29,56,59,0.6111111111111112,0.32954545454545453,117
2023-09-16,1067,124,83,99,36,41,63,0.6693548387096774,0.36363636363636365,119
2023-09-17,1067,100,73,76,41,27,35,0.73,0.5394736842105263,114
2023-09-18,1067,121,85,91,42,36,49,0.7024793388429752,0.46153846153846156,127
2023-09-19,1067,144,76,73,33,68,40,0.5277777777777778,0.4520547945205479,109
2023-09-20,1067,112,94,52,34,18,18,0.8392857142857143,0.6538461538461539,128
2023-09-21,1067,144,83,72,48,61,24,0.5763888888888888,0.6666666666666666,131
2023-09-22,1067,134,80,52,39,54,13,0.5970149253731343,0.75,119
2023-09-23,1067,116,79,77,28,37,49,0.6810344827586207,0.36363636363636365,107
2023-09-24,1067,131,89,65,51,42,14,0.6793893129770993,0.7846153846153846,140
2023-09-25,1067,125,69,97,41,56,56,0.552,0.422680412371134,110
2023-09-26,1067,141,72,89,45,69,44,0.5106382978723404,0.5056179775280899,117
2023-09-27,1067,125,78,72,43,47,29,0.624,0.5972222222222222,121
2023-09-28,1067,107,79,69,36,28,33,0.7383177570093458,0.5217391304347826,115
2023-09-29,1067,130,70,67,36,60,31,0.5384615384615384,0.5373134328358209,106
2023-09-30,1067,109,81,66,41,28,25,0.7431192660550459,0.6212121212121212,122
2023-10-01,1067,143,82,86,35,61,51,0.5734265734265734,0.4069767441860465,117
2023-10-02,1067,120,63,50,48,57,2,0.525,0.96,111
2023-10-03,1067,118,73,71,38,45,33,0.6186440677966102,0.5352112676056338,111
2023-10-04,1067,145,76,79,35,69,44,0.5241379310344828,0.4430379746835443,111
2023-10-05,1067,110,84,79,36,26,43,0.7636363636363637,0.45569620253164556,120
2023-10-06,1067,125,74,87,54,51,33,0.592,0.6206896551724138,128
2023-10-07,1067,140,83,69,40,57,29,0.5928571428571429,0.5797101449275363,123
2023-10-08,1067,102,92,94,32,10,62,0.9019607843137255,0.3404255319148936,124
2023-10-09,1067,146,86,67,35,60,32,0.589041095890411,0.5223880597014925,121
2023-10-10,1067,116,96,62,35,20,27,0.8275862068965517,0.5645161290322581,131
2023-10-11,1067,135,80,91,35,55,56,0.5925925925925926,0.38461538461538464,115
2023-10-12,1067,131,86,89,41,45,48,0.6564885496183206,0.4606741573033708,127
2023-10-13,1067,140,72,69,44,68,25,0.5142857142857142,0.6376811594202898,116
2023-10-14,1067,131,80,79,45,51,34,0.6106870229007634,0.569620253164557,125
2023-10-15,1067,114,79,89,39,35,50,0.6929824561403509,0.43820224719101125,118
2023-10-16,1067,111,68,99,36,43,63,0.6126126126126126,0.36363636363636365,104
2023-10-17,1067,150,87,55,33,63,22,0.58,0.6,120
2023-10-18,1067,149,70,87,43,79,44,0.4697986577181208,0.4942528735632184,113
2023-10-19,1067,116,77,97,44,39,53,0.6637931034482759,0.4536082474226804,121
2023-10-20,1067,132,69,68,29,63,39,0.5227272727272727,0.4264705882352941,98
2023-10-21,1067,116,73,79,44,43,35,0.6293103448275862,0.5569620253164557,117
2023-10-22,1067,142,79,65,47,63,18,0.5563380281690141,0.7230769230769231,126
2023-10-23,1067,139,69,64,40,70,24,0.49640287769784175,0.625,109
2023-10-24,1067,137,81,86,35,56,51,0.5912408759124088,0.4069767441860465,116
2023-10-25,1067,107,79,54,34,28,20,0.7383177570093458,0.6296296296296297,113
2023-10-26,1067,136,74,99,35,62,64,0.5441176470588235,0.35353535353535354,109
2023-10-27,1067,102,92,99,43,10,56,0.9019607843137255,0.43434343434343436,135
2023-10-28,1067,124,77,99,36,47,63,0.6209677419354839,0.36363636363636365,113
2023-10-29,1067,109,63,62,40,46,22,0.5779816513761468,0.6451612903225806,103
2023-10-30,1067,102,64,99,48,38,51,0.6274509803921569,0.48484848484848486,112
2023-10-31,1067,142,69,97,35,73,62,0.4859154929577465,0.36082474226804123,104
2023-11-01,1067,125,92,57,40,33,17,0.736,0.7017543859649122,132
2023-11-02,1067,110,75,57,38,35,19,0.6818181818181818,0.6666666666666666,113
2023-11-03,1067,130,82,55,42,48,13,0.6307692307692307,0.7636363636363637,124
2023-11-04,1067,148,60,93,45,88,48,0.40540540540540543,0.4838709677419355,105
2023-11-05,1067,131,65,90,32,66,58,0.4961832061068702,0.35555555555555557,97
2023-11-06,1067,117,82,78,55,35,23,0.7008547008547008,0.7051282051282052,137
2023-11-07,1067,130,84,74,47,46,27,0.6461538461538462,0.6351351351351351,131
2023-11-08,1067,141,93,88,34,48,54,0.6595744680851063,0.38636363636363635,127
2023-11-09,1067,125,85,60,37,40,23,0.68,0.6166666666666667,122
2023-11-10,1067,144,89,89,43,55,46,0.6180555555555556,0.48314606741573035,132
2023-11-11,1067,132,79,80,46,53,34,0.5984848484848485,0.575,125
2023-11-12,1067,126,79,96,33,47,63,0.626984126984127,0.34375,112
2023-11-13,1067,135,74,92,35,61,57,0.5481481481481482,0.3804347826086957,109
2023-11-14,1067,114,79,78,41,35,37,0.6929824561403509,0.5256410256410257,120
2023-11-15,1067,109,80,55,42,29,13,0.7339449541284404,0.7636363636363637,122
2023-11-16,1067,112,71,67,44,41,23,0.6339285714285714,0.6567164179104478,115
2023-11-17,1067,131,70,66,46,61,20,0.5343511450381679,0.696969696969697,116
2023-11-18,1067,129,97,64,34,32,30,0.751937984496124,0.53125,131
2023-11-19,1067,121,72,98,38,49,60,0.5950413223140496,0.3877551020408163,110
2023-11-20,1067,117,88,84,52,29,32,0.7521367521367521,0.6190476190476191,140
2023-11-21,1067,125,83,54,46,42,8,0.664,0.8518518518518519,129
2023-11-22,1067,114,67,72,51,47,21,0.5877192982456141,0.7083333333333334,118
2023-11-23,1067,133,100,79,35,33,44,0.7518796992481203,0.4430379746835443,135
2023-11-24,1067,130,102,85,43,28,42,0.7846153846153846,0.5058823529411764,145
2023-11-25,1067,120,74,70,51,46,19,0.6166666666666667,0.7285714285714285,125
2023-11-26,1067,140,88,75,39,52,36,0.6285714285714286,0.52,127
2023-11-27,1067,140,70,74,43,70,31,0.5,0.581081081081081,113
2023-11-28,1067,131,71,62,34,60,28,0.5419847328244275,0.5483870967741935,105
2023-11-29,1067,116,65,89,40,51,49,0.5603448275862069,0.449438202247191,105
2023-11-30,1067,147,76,81,24,71,57,0.5170068027210885,0.2962962962962963,100
2023-12-01,1067,131,81,81,40,50,41,0.6183206106870229,0.49382716049382713,121
2023-12-02,1067,127,76,90,39,51,51,0.5984251968503937,0.43333333333333335,115
2023-12-03,1067,124,76,66,35,48,31,0.6129032258064516,0.5303030303030303,111
2023-12-04,1067,109,69,67,34,40,33,0.6330275229357798,0.5074626865671642,103
2023-12-05,1067,146,81,100,38,65,62,0.5547945205479452,0.38,119
2023-12-06,1067,111,71,95,35,40,60,0.6396396396396397,0.3684210526315789,106
2023-12-07,1067,113,72,85,36,41,49,0.6371681415929203,0.4235294117647059,108
2023-12-08,1067,131,82,70,24,49,46,0.6259541984732825,0.34285714285714286,106
2023-12-09,1067,110,71,59,33,39,26,0.6454545454545455,0.559322033898305,104
2023-12-10,1067,132,76,77,42,56,35,0.5757575757575758,0.5454545454545454,118
2023-12-11,1067,149,84,74,44,65,30,0.5637583892617449,0.5945945945945946,128
2023-12-12,1067,138,83,62,38,55,24,0.6014492753623188,0.6129032258064516,121
2023-12-13,1067,137,80,73,34,57,39,0.583941605839416,0.4657534246575342,114
2023-12-14,1067,104,82,76,47,22,29,0.7884615384615384,0.618421052631579,129
2023-12-15,1067,107,79,89,42,28,47,0.7383177570093458,0.47191011235955055,121
2023-12-16,1067,142,79,80,48,63,32,0.5563380281690141,0.6,127
2023-12-17,1067,101,97,78,36,4,42,0.9603960396039604,0.46153846153846156,133
2023-12-18,1067,102,78,73,41,24,32,0.7647058823529411,0.5616438356164384,119
2023-12-19,1067,133,69,58,42,64,16,0.518796992481203,0.7241379310344828,111
2023-12-20,1067,106,92,83,40,14,43,0.8679245283018868,0.4819277108433735,132
2023-12-21,1067,135,72,95,34,63,61,0.5333333333333333,0.35789473684210527,106
2023-12-22,1067,102,75,65,56,27,9,0.7352941176470589,0.8615384615384616,131
2023-12-23,1067,103,88,61,35,15,26,0.8543689320388349,0.5737704918032787,123
2023-12-24,1067,105,72,84,33,33,51,0.6857142857142857,0.39285714285714285,105
2023-12-25,1067,113,79,59,41,34,18,0.6991150442477876,0.6949152542372882,120
2023-12-26,1067,135,76,83,27,59,56,0.562962962962963,0.3253012048192771,103
2023-12-27,1067,110,70,88,42,40,46,0.6363636363636364,0.4772727272727273,112
2023-12-28,1067,144,80,79,40,64,39,0.5555555555555556,0.5063291139240507,120
2023-12-29,1067,131,71,91,37,60,54,0.5419847328244275,0.4065934065934066,108
2023-12-30,1067,143,73,73,41,70,32,0.5104895104895105,0.5616438356164384,114
2023-12-31,1067,138,100,97,40,38,57,0.7246376811594203,0.41237113402061853,140
2023-01-01,1068,118,91,82,50,27,32,0.7711864406779662,0.6097560975609756,141
2023-01-02,1068,123,73,79,40,50,39,0.5934959349593496,0.5063291139240507,113
2023-01-03,1068,126,85,94,44,41,50,0.6746031746031746,0.46808510638297873,129
2023-01-04,1068,117,79,81,39,38,42,0.6752136752136753,0.48148148148148145,118
2023-01-05,1068,131,87,61,49,44,12,0.6641221374045801,0.8032786885245902,136
2023-01-06,1068,150,89,61,38,61,23,0.5933333333333334,0.6229508196721312,127
2023-01-07,1068,126,77,93,40,49,53,0.6111111111111112,0.43010752688172044,117
2023-01-08,1068,134,92,85,40,42,45,0.6865671641791045,0.47058823529411764,132
2023-01-09,1068,142,86,83,29,56,54,0.6056338028169014,0.3493975903614458,115
2023-01-10,1068,141,79,97,38,62,59,0.5602836879432624,0.3917525773195876,117
2023-01-11,1068,127,75,51,39,52,12,0.5905511811023622,0.7647058823529411,114
2023-01-12,1068,116,83,63,37,33,26,0.7155172413793104,0.5873015873015873,120
2023-01-13,1068,126,83,62,44,43,18,0.6587301587301587,0.7096774193548387,127
2023-01-14,1068,103,88,87,33,15,54,0.8543689320388349,0.3793103448275862,121
2023-01-15,1068,142,92,79,42,50,37,0.647887323943662,0.5316455696202531,134
2023-01-16,1068,103,87,77,43,16,34,0.8446601941747572,0.5584415584415584,130
2023-01-17,1068,121,64,61,40,57,21,0.5289256198347108,0.6557377049180327,104
2023-01-18,1068,127,94,94,34,33,60,0.7401574803149606,0.3617021276595745,128
2023-01-19,1068,132,71,67,40,61,27,0.5378787878787878,0.5970149253731343,111
2023-01-20,1068,104,82,61,42,22,19,0.7884615384615384,0.6885245901639344,124
2023-01-21,1068,130,83,92,41,47,51,0.6384615384615384,0.44565217391304346,124
2023-01-22,1068,117,74,89,39,43,50,0.6324786324786325,0.43820224719101125,113
2023-01-23,1068,139,83,74,50,56,24,0.5971223021582733,0.6756756756756757,133
2023-01-24,1068,130,72,81,40,58,41,0.5538461538461539,0.49382716049382713,112
2023-01-25,1068,120,64,54,51,56,3,0.5333333333333333,0.9444444444444444,115
2023-01-26,1068,127,85,74,49,42,25,0.6692913385826772,0.6621621621621622,134
2023-01-27,1068,134,65,89,57,69,32,0.48507462686567165,0.6404494382022472,122
2023-01-28,1068,126,82,89,26,44,63,0.6507936507936508,0.29213483146067415,108
2023-01-29,1068,102,65,81,36,37,45,0.6372549019607843,0.4444444444444444,101
2023-01-30,1068,119,82,98,45,37,53,0.6890756302521008,0.45918367346938777,127
2023-01-31,1068,132,79,57,49,53,8,0.5984848484848485,0.8596491228070176,128
2023-02-01,1068,105,75,55,41,30,14,0.7142857142857143,0.7454545454545455,116
2023-02-02,1068,139,76,97,28,63,69,0.5467625899280576,0.28865979381443296,104
2023-02-03,1068,106,87,94,32,19,62,0.8207547169811321,0.3404255319148936,119
2023-02-04,1068,121,77,52,45,44,7,0.6363636363636364,0.8653846153846154,122
2023-02-05,1068,118,87,72,41,31,31,0.7372881355932204,0.5694444444444444,128
2023-02-06,1068,101,81,83,36,20,47,0.801980198019802,0.43373493975903615,117
2023-02-07,1068,117,86,64,39,31,25,0.7350427350427351,0.609375,125
2023-02-08,1068,103,78,52,31,25,21,0.7572815533980582,0.5961538461538461,109
2023-02-09,1068,148,66,81,25,82,56,0.44594594594594594,0.30864197530864196,91
2023-02-10,1068,110,67,94,49,43,45,0.6090909090909091,0.5212765957446809,116
2023-02-11,1068,141,93,92,40,48,52,0.6595744680851063,0.43478260869565216,133
2023-02-12,1068,120,92,89,47,28,42,0.7666666666666667,0.5280898876404494,139
2023-02-13,1068,106,98,74,45,8,29,0.9245283018867925,0.6081081081081081,143
2023-02-14,1068,148,71,73,46,77,27,0.4797297297297297,0.6301369863013698,117
2023-02-15,1068,101,76,61,47,25,14,0.7524752475247525,0.7704918032786885,123
2023-02-16,1068,106,65,54,37,41,17,0.6132075471698113,0.6851851851851852,102
2023-02-17,1068,140,81,76,42,59,34,0.5785714285714286,0.5526315789473685,123
2023-02-18,1068,115,79,72,45,36,27,0.6869565217391305,0.625,124
2023-02-19,1068,146,76,64,44,70,20,0.5205479452054794,0.6875,120
2023-02-20,1068,129,74,50,38,55,12,0.5736434108527132,0.76,112
2023-02-21,1068,140,88,68,44,52,24,0.6285714285714286,0.6470588235294118,132
2023-02-22,1068,119,94,68,38,25,30,0.7899159663865546,0.5588235294117647,132
2023-02-23,1068,128,65,57,45,63,12,0.5078125,0.7894736842105263,110
2023-02-24,1068,119,91,94,38,28,56,0.7647058823529411,0.40425531914893614,129
2023-02-25,1068,104,76,59,35,28,24,0.7307692307692307,0.5932203389830508,111
2023-02-26,1068,125,60,67,34,65,33,0.48,0.5074626865671642,94
2023-02-27,1068,103,76,55,45,27,10,0.7378640776699029,0.8181818181818182,121
2023-02-28,1068,108,74,53,30,34,23,0.6851851851851852,0.5660377358490566,104
2023-03-01,1068,114,83,99,41,31,58,0.7280701754385965,0.41414141414141414,124
2023-03-02,1068,118,85,95,54,33,41,0.7203389830508474,0.5684210526315789,139
2023-03-03,1068,105,77,82,40,28,42,0.7333333333333333,0.4878048780487805,117
2023-03-04,1068,130,94,83,30,36,53,0.7230769230769231,0.3614457831325301,124
2023-03-05,1068,133,83,54,41,50,13,0.6240601503759399,0.7592592592592593,124
2023-03-06,1068,146,84,99,35,62,64,0.5753424657534246,0.35353535353535354,119
2023-03-07,1068,101,88,80,43,13,37,0.8712871287128713,0.5375,131
2023-03-08,1068,135,87,55,36,48,19,0.6444444444444445,0.6545454545454545,123
2023-03-09,1068,100,80,96,28,20,68,0.8,0.2916666666666667,108
2023-03-10,1068,133,79,77,52,54,25,0.5939849624060151,0.6753246753246753,131
2023-03-11,1068,124,76,75,44,48,31,0.6129032258064516,0.5866666666666667,120
2023-03-12,1068,145,78,60,40,67,20,0.5379310344827586,0.6666666666666666,118
2023-03-13,1068,104,80,63,40,24,23,0.7692307692307693,0.6349206349206349,120
2023-03-14,1068,139,95,98,30,44,68,0.6834532374100719,0.30612244897959184,125
2023-03-15,1068,138,79,90,52,59,38,0.572463768115942,0.5777777777777777,131
2023-03-16,1068,131,83,65,33,48,32,0.6335877862595419,0.5076923076923077,116
2023-03-17,1068,127,84,81,33,43,48,0.6614173228346457,0.4074074074074074,117
2023-03-18,1068,140,74,78,51,66,27,0.5285714285714286,0.6538461538461539,125
2023-03-19,1068,142,79,75,37,63,38,0.5563380281690141,0.49333333333333335,116
2023-03-20,1068,126,85,56,52,41,4,0.6746031746031746,0.9285714285714286,137
2023-03-21,1068,145,78,68,50,67,18,0.5379310344827586,0.7352941176470589,128
2023-03-22,1068,112,79,56,45,33,11,0.7053571428571429,0.8035714285714286,124
2023-03-23,1068,118,89,66,25,29,41,0.7542372881355932,0.3787878787878788,114
2023-03-24,1068,150,94,67,43,56,24,0.6266666666666667,0.6417910447761194,137
2023-03-25,1068,118,79,86,44,39,42,0.6694915254237288,0.5116279069767442,123
2023-03-26,1068,147,80,71,32,67,39,0.54421768707483,0.4507042253521127,112
2023-03-27,1068,113,72,61,43,41,18,0.6371681415929203,0.7049180327868853,115
2023-03-28,1068,126,93,84,37,33,47,0.7380952380952381,0.44047619047619047,130
2023-03-29,1068,113,89,96,46,24,50,0.7876106194690266,0.4791666666666667,135
2023-03-30,1068,149,83,79,39,66,40,0.5570469798657718,0.4936708860759494,122
2023-03-31,1068,108,71,71,40,37,31,0.6574074074074074,0.5633802816901409,111
2023-04-01,1068,118,69,95,44,49,51,0.5847457627118644,0.4631578947368421,113
2023-04-02,1068,143,76,61,35,67,26,0.5314685314685315,0.5737704918032787,111
2023-04-03,1068,117,81,72,33,36,39,0.6923076923076923,0.4583333333333333,114
2023-04-04,1068,127,76,56,45,51,11,0.5984251968503937,0.8035714285714286,121
2023-04-05,1068,144,92,88,39,52,49,0.6388888888888888,0.4431818181818182,131
2023-04-06,1068,140,95,62,43,45,19,0.6785714285714286,0.6935483870967742,138
2023-04-07,1068,108,86,64,41,22,23,0.7962962962962963,0.640625,127
2023-04-08,1068,132,74,99,35,58,64,0.5606060606060606,0.35353535353535354,109
2023-04-09,1068,112,87,58,40,25,18,0.7767857142857143,0.6896551724137931,127
2023-04-10,1068,141,75,59,31,66,28,0.5319148936170213,0.5254237288135594,106
2023-04-11,1068,128,73,57,36,55,21,0.5703125,0.631578947368421,109
2023-04-12,1068,104,71,52,41,33,11,0.6826923076923077,0.7884615384615384,112
2023-04-13,1068,114,68,86,44,46,42,0.5964912280701754,0.5116279069767442,112
2023-04-14,1068,132,81,86,40,51,46,0.6136363636363636,0.46511627906976744,121
2023-04-15,1068,107,79,57,49,28,8,0.7383177570093458,0.8596491228070176,128
2023-04-16,1068,139,72,68,37,67,31,0.5179856115107914,0.5441176470588235,109
2023-04-17,1068,136,86,99,22,50,77,0.6323529411764706,0.2222222222222222,108
2023-04-18,1068,109,96,81,41,13,40,0.8807339449541285,0.5061728395061729,137
2023-04-19,1068,139,76,62,30,63,32,0.5467625899280576,0.4838709677419355,106
2023-04-20,1068,139,74,94,44,65,50,0.5323741007194245,0.46808510638297873,118
2023-04-21,1068,143,80,71,35,63,36,0.5594405594405595,0.49295774647887325,115
2023-04-22,1068,109,90,84,41,19,43,0.8256880733944955,0.4880952380952381,131
2023-04-23,1068,133,71,82,37,62,45,0.5338345864661654,0.45121951219512196,108
2023-04-24,1068,104,81,80,33,23,47,0.7788461538461539,0.4125,114
2023-04-25,1068,125,77,81,32,48,49,0.616,0.3950617283950617,109
2023-04-26,1068,105,87,80,33,18,47,0.8285714285714286,0.4125,120
2023-04-27,1068,136,83,91,40,53,51,0.6102941176470589,0.43956043956043955,123
2023-04-28,1068,108,78,71,37,30,34,0.7222222222222222,0.5211267605633803,115
2023-04-29,1068,108,72,66,39,36,27,0.6666666666666666,0.5909090909090909,111
2023-04-30,1068,104,57,50,40,47,10,0.5480769230769231,0.8,97
2023-05-01,1068,114,66,94,39,48,55,0.5789473684210527,0.4148936170212766,105
2023-05-02,1068,133,80,79,31,53,48,0.6015037593984962,0.3924050632911392,111
2023-05-03,1068,105,83,73,43,22,30,0.7904761904761904,0.589041095890411,126
2023-05-04,1068,121,86,61,43,35,18,0.7107438016528925,0.7049180327868853,129
2023-05-05,1068,110,81,91,30,29,61,0.7363636363636363,0.32967032967032966,111
2023-05-06,1068,120,98,94,47,22,47,0.8166666666666667,0.5,145
2023-05-07,1068,112,97,68,33,15,35,0.8660714285714286,0.4852941176470588,130
2023-05-08,1068,108,74,79,26,34,53,0.6851851851851852,0.3291139240506329,100
2023-05-09,1068,145,85,88,32,60,56,0.5862068965517241,0.36363636363636365,117
2023-05-10,1068,116,89,95,39,27,56,0.7672413793103449,0.4105263157894737,128
2023-05-11,1068,129,80,76,43,49,33,0.6201550387596899,0.5657894736842105,123
2023-05-12,1068,125,73,100,52,52,48,0.584,0.52,125
2023-05-13,1068,120,85,75,31,35,44,0.7083333333333334,0.41333333333333333,116
2023-05-14,1068,139,90,71,43,49,28,0.6474820143884892,0.6056338028169014,133
2023-05-15,1068,114,83,52,45,31,7,0.7280701754385965,0.8653846153846154,128
2023-05-16,1068,121,70,63,34,51,29,0.5785123966942148,0.5396825396825397,104
2023-05-17,1068,125,79,57,47,46,10,0.632,0.8245614035087719,126
2023-05-18,1068,141,95,86,46,46,40,0.6737588652482269,0.5348837209302325,141
2023-05-19,1068,125,80,50,38,45,12,0.64,0.76,118
2023-05-20,1068,147,71,81,38,76,43,0.48299319727891155,0.4691358024691358,109
2023-05-21,1068,143,82,67,45,61,22,0.5734265734265734,0.6716417910447762,127
2023-05-22,1068,112,100,75,47,12,28,0.8928571428571429,0.6266666666666667,147
2023-05-23,1068,109,77,79,37,32,42,0.7064220183486238,0.46835443037974683,114
2023-05-24,1068,107,79,73,46,28,27,0.7383177570093458,0.6301369863013698,125
2023-05-25,1068,133,75,59,50,58,9,0.5639097744360902,0.847457627118644,125
2023-05-26,1068,150,86,76,47,64,29,0.5733333333333334,0.618421052631579,133
2023-05-27,1068,144,85,50,36,59,14,0.5902777777777778,0.72,121
2023-05-28,1068,106,92,93,45,14,48,0.8679245283018868,0.4838709677419355,137
2023-05-29,1068,113,86,63,38,27,25,0.7610619469026548,0.6031746031746031,124
2023-05-30,1068,127,86,60,39,41,21,0.6771653543307087,0.65,125
2023-05-31,1068,124,69,91,40,55,51,0.5564516129032258,0.43956043956043955,109
2023-06-01,1068,134,91,67,33,43,34,0.6791044776119403,0.4925373134328358,124
2023-06-02,1068,135,84,81,36,51,45,0.6222222222222222,0.4444444444444444,120
2023-06-03,1068,149,78,91,29,71,62,0.5234899328859061,0.31868131868131866,107
2023-06-04,1068,135,90,73,47,45,26,0.6666666666666666,0.6438356164383562,137
2023-06-05,1068,139,78,91,51,61,40,0.5611510791366906,0.5604395604395604,129
2023-06-06,1068,126,89,91,39,37,52,0.7063492063492064,0.42857142857142855,128
2023-06-07,1068,105,78,79,39,27,40,0.7428571428571429,0.4936708860759494,117
2023-06-08,1068,149,66,74,27,83,47,0.4429530201342282,0.36486486486486486,93
2023-06-09,1068,140,78,99,36,62,63,0.5571428571428572,0.36363636363636365,114
2023-06-10,1068,106,70,88,59,36,29,0.660377358490566,0.6704545454545454,129
2023-06-11,1068,111,91,71,41,20,30,0.8198198198198198,0.5774647887323944,132
2023-06-12,1068,122,104,85,36,18,49,0.8524590163934426,0.4235294117647059,140
2023-06-13,1068,117,68,86,36,49,50,0.5811965811965812,0.4186046511627907,104
2023-06-14,1068,100,71,97,35,29,62,0.71,0.36082474226804123,106
2023-06-15,1068,100,81,83,44,19,39,0.81,0.5301204819277109,125
2023-06-16,1068,132,81,79,31,51,48,0.6136363636363636,0.3924050632911392,112
2023-06-17,1068,137,90,84,46,47,38,0.656934306569343,0.5476190476190477,136
2023-06-18,1068,130,93,95,21,37,74,0.7153846153846154,0.22105263157894736,114
2023-06-19,1068,126,80,71,49,46,22,0.6349206349206349,0.6901408450704225,129
2023-06-20,1068,133,91,77,37,42,40,0.6842105263157895,0.4805194805194805,128
2023-06-21,1068,101,83,61,42,18,19,0.8217821782178217,0.6885245901639344,125
2023-06-22,1068,149,75,67,49,74,18,0.5033557046979866,0.7313432835820896,124
2023-06-23,1068,149,70,60,48,79,12,0.4697986577181208,0.8,118
2023-06-24,1068,103,82,51,45,21,6,0.7961165048543689,0.8823529411764706,127
2023-06-25,1068,112,76,64,38,36,26,0.6785714285714286,0.59375,114
2023-06-26,1068,129,83,100,43,46,57,0.6434108527131783,0.43,126
2023-06-27,1068,100,93,96,36,7,60,0.93,0.375,129
2023-06-28,1068,148,71,67,33,77,34,0.4797297297297297,0.4925373134328358,104
2023-06-29,1068,128,72,84,38,56,46,0.5625,0.4523809523809524,110
2023-06-30,1068,145,71,83,42,74,41,0.4896551724137931,0.5060240963855421,113
2023-07-01,1068,149,79,76,47,70,29,0.5302013422818792,0.618421052631579,126
2023-07-02,1068,129,71,69,39,58,30,0.5503875968992248,0.5652173913043478,110
2023-07-03,1068,107,71,71,28,36,43,0.6635514018691588,0.39436619718309857,99
2023-07-04,1068,119,78,67,45,41,22,0.6554621848739496,0.6716417910447762,123
2023-07-05,1068,115,84,70,40,31,30,0.7304347826086957,0.5714285714285714,124
2023-07-06,1068,137,67,57,35,70,22,0.48905109489051096,0.6140350877192983,102
2023-07-07,1068,103,74,76,29,29,47,0.7184466019417476,0.3815789473684211,103
2023-07-08,1068,129,77,98,32,52,66,0.5968992248062015,0.32653061224489793,109
2023-07-09,1068,123,77,100,38,46,62,0.6260162601626016,0.38,115
2023-07-10,1068,143,90,81,39,53,42,0.6293706293706294,0.48148148148148145,129
2023-07-11,1068,103,98,76,49,5,27,0.9514563106796117,0.6447368421052632,147
2023-07-12,1068,120,63,92,53,57,39,0.525,0.5760869565217391,116
2023-07-13,1068,147,81,75,41,66,34,0.5510204081632653,0.5466666666666666,122
2023-07-14,1068,132,79,63,36,53,27,0.5984848484848485,0.5714285714285714,115
2023-07-15,1068,141,94,74,39,47,35,0.6666666666666666,0.527027027027027,133
2023-07-16,1068,139,71,89,31,68,58,0.5107913669064749,0.34831460674157305,102
2023-07-17,1068,138,84,90,42,54,48,0.6086956521739131,0.4666666666666667,126
2023-07-18,1068,133,81,66,39,52,27,0.6090225563909775,0.5909090909090909,120
2023-07-19,1068,116,78,83,31,38,52,0.6724137931034483,0.37349397590361444,109
2023-07-20,1068,131,83,61,51,48,10,0.6335877862595419,0.8360655737704918,134
2023-07-21,1068,143,76,54,35,67,19,0.5314685314685315,0.6481481481481481,111
2023-07-22,1068,103,87,70,51,16,19,0.8446601941747572,0.7285714285714285,138
2023-07-23,1068,109,71,53,44,38,9,0.6513761467889908,0.8301886792452831,115
2023-07-24,1068,141,72,69,37,69,32,0.5106382978723404,0.5362318840579711,109
2023-07-25,1068,133,96,78,42,37,36,0.7218045112781954,0.5384615384615384,138
2023-07-26,1068,106,77,82,42,29,40,0.7264150943396226,0.5121951219512195,119
2023-07-27,1068,133,90,89,39,43,50,0.6766917293233082,0.43820224719101125,129
2023-07-28,1068,125,93,77,33,32,44,0.744,0.42857142857142855,126
2023-07-29,1068,150,73,77,36,77,41,0.4866666666666667,0.4675324675324675,109
2023-07-30,1068,139,90,60,39,49,21,0.6474820143884892,0.65,129
2023-07-31,1068,142,72,79,48,70,31,0.5070422535211268,0.6075949367088608,120
2023-08-01,1068,148,65,82,52,83,30,0.4391891891891892,0.6341463414634146,117
2023-08-02,1068,148,81,51,49,67,2,0.5472972972972973,0.9607843137254902,130
2023-08-03,1068,130,75,66,37,55,29,0.5769230769230769,0.5606060606060606,112
2023-08-04,1068,108,87,92,38,21,54,0.8055555555555556,0.41304347826086957,125
2023-08-05,1068,138,82,97,30,56,67,0.5942028985507246,0.30927835051546393,112
2023-08-06,1068,117,94,94,43,23,51,0.8034188034188035,0.4574468085106383,137
2023-08-07,1068,125,96,66,43,29,23,0.768,0.6515151515151515,139
2023-08-08,1068,150,74,99,38,76,61,0.49333333333333335,0.3838383838383838,112
2023-08-09,1068,111,83,71,43,28,28,0.7477477477477478,0.6056338028169014,126
2023-08-10,1068,112,84,90,46,28,44,0.75,0.5111111111111111,130
2023-08-11,1068,133,70,91,42,63,49,0.5263157894736842,0.46153846153846156,112
2023-08-12,1068,102,77,64,44,25,20,0.7549019607843137,0.6875,121
2023-08-13,1068,146,70,90,42,76,48,0.4794520547945205,0.4666666666666667,112
2023-08-14,1068,150,62,79,51,88,28,0.41333333333333333,0.6455696202531646,113
2023-08-15,1068,112,86,91,33,26,58,0.7678571428571429,0.3626373626373626,119
2023-08-16,1068,124,72,81,37,52,44,0.5806451612903226,0.4567901234567901,109
2023-08-17,1068,121,102,71,37,19,34,0.8429752066115702,0.5211267605633803,139
2023-08-18,1068,137,72,67,37,65,30,0.5255474452554745,0.5522388059701493,109
2023-08-19,1068,119,74,56,44,45,12,0.6218487394957983,0.7857142857142857,118
2023-08-20,1068,145,81,56,30,64,26,0.5586206896551724,0.5357142857142857,111
2023-08-21,1068,122,79,64,27,43,37,0.6475409836065574,0.421875,106
2023-08-22,1068,116,77,97,41,39,56,0.6637931034482759,0.422680412371134,118
2023-08-23,1068,114,80,95,44,34,51,0.7017543859649122,0.4631578947368421,124
2023-08-24,1068,129,76,58,36,53,22,0.5891472868217055,0.6206896551724138,112
2023-08-25,1068,124,76,100,40,48,60,0.6129032258064516,0.4,116
2023-08-26,1068,115,82,100,32,33,68,0.7130434782608696,0.32,114
2023-08-27,1068,144,80,85,51,64,34,0.5555555555555556,0.6,131
2023-08-28,1068,104,82,63,50,22,13,0.7884615384615384,0.7936507936507936,132
2023-08-29,1068,123,71,75,42,52,33,0.5772357723577236,0.56,113
2023-08-30,1068,112,87,77,37,25,40,0.7767857142857143,0.4805194805194805,124
2023-08-31,1068,149,76,78,39,73,39,0.5100671140939598,0.5,115
2023-09-01,1068,104,83,97,40,21,57,0.7980769230769231,0.41237113402061853,123
2023-09-02,1068,144,74,67,44,70,23,0.5138888888888888,0.6567164179104478,118
2023-09-03,1068,134,98,76,33,36,43,0.7313432835820896,0.4342105263157895,131
2023-09-04,1068,145,75,97,37,70,60,0.5172413793103449,0.38144329896907214,112
2023-09-05,1068,105,83,86,42,22,44,0.7904761904761904,0.4883720930232558,125
2023-09-06,1068,114,68,90,30,46,60,0.5964912280701754,0.3333333333333333,98
2023-09-07,1068,106,81,84,38,25,46,0.7641509433962265,0.4523809523809524,119
2023-09-08,1068,124,79,64,34,45,30,0.6370967741935484,0.53125,113
2023-09-09,1068,118,95,65,34,23,31,0.8050847457627118,0.5230769230769231,129
2023-09-10,1068,121,96,90,40,25,50,0.7933884297520661,0.4444444444444444,136
2023-09-11,1068,122,70,70,44,52,26,0.5737704918032787,0.6285714285714286,114
2023-09-12,1068,110,82,68,40,28,28,0.7454545454545455,0.5882352941176471,122
2023-09-13,1068,125,91,70,44,34,26,0.728,0.6285714285714286,135
2023-09-14,1068,122,78,78,32,44,46,0.639344262295082,0.41025641025641024,110
2023-09-15,1068,100,95,62,30,5,32,0.95,0.4838709677419355,125
2023-09-16,1068,150,80,83,34,70,49,0.5333333333333333,0.40963855421686746,114
2023-09-17,1068,112,87,90,47,25,43,0.7767857142857143,0.5222222222222223,134
2023-09-18,1068,123,66,52,32,57,20,0.5365853658536586,0.6153846153846154,98
2023-09-19,1068,117,82,61,47,35,14,0.7008547008547008,0.7704918032786885,129
2023-09-20,1068,124,69,98,41,55,57,0.5564516129032258,0.41836734693877553,110
2023-09-21,1068,134,78,68,48,56,20,0.582089552238806,0.7058823529411765,126
2023-09-22,1068,105,89,100,29,16,71,0.8476190476190476,0.29,118
2023-09-23,1068,127,74,55,38,53,17,0.5826771653543307,0.6909090909090909,112
2023-09-24,1068,128,84,69,45,44,24,0.65625,0.6521739130434783,129
2023-09-25,1068,102,76,75,45,26,30,0.7450980392156863,0.6,121
2023-09-26,1068,123,87,94,34,36,60,0.7073170731707317,0.3617021276595745,121
2023-09-27,1068,118,70,56,44,48,12,0.5932203389830508,0.7857142857142857,114
2023-09-28,1068,110,92,67,37,18,30,0.8363636363636363,0.5522388059701493,129
2023-09-29,1068,131,82,82,35,49,47,0.6259541984732825,0.4268292682926829,117
2023-09-30,1068,115,84,54,43,31,11,0.7304347826086957,0.7962962962962963,127
2023-10-01,1068,147,73,88,46,74,42,0.4965986394557823,0.5227272727272727,119
2023-10-02,1068,117,77,73,45,40,28,0.6581196581196581,0.6164383561643836,122
2023-10-03,1068,143,69,80,47,74,33,0.4825174825174825,0.5875,116
2023-10-04,1068,125,94,93,41,31,52,0.752,0.44086021505376344,135
2023-10-05,1068,139,73,96,36,66,60,0.5251798561151079,0.375,109
2023-10-06,1068,108,74,56,33,34,23,0.6851851851851852,0.5892857142857143,107
2023-10-07,1068,122,65,84,39,57,45,0.5327868852459017,0.4642857142857143,104
2023-10-08,1068,103,77,65,33,26,32,0.7475728155339806,0.5076923076923077,110
2023-10-09,1068,108,83,62,30,25,32,0.7685185185185185,0.4838709677419355,113
2023-10-10,1068,106,88,88,38,18,50,0.8301886792452831,0.4318181818181818,126
2023-10-11,1068,105,76,76,38,29,38,0.7238095238095238,0.5,114
2023-10-12,1068,145,86,67,52,59,15,0.593103448275862,0.7761194029850746,138
2023-10-13,1068,112,89,75,40,23,35,0.7946428571428571,0.5333333333333333,129
2023-10-14,1068,107,62,53,27,45,26,0.5794392523364486,0.5094339622641509,89
2023-10-15,1068,105,76,93,43,29,50,0.7238095238095238,0.46236559139784944,119
2023-10-16,1068,101,88,65,42,13,23,0.8712871287128713,0.6461538461538462,130
2023-10-17,1068,130,67,63,35,63,28,0.5153846153846153,0.5555555555555556,102
2023-10-18,1068,142,78,80,38,64,42,0.5492957746478874,0.475,116
2023-10-19,1068,111,84,76,43,27,33,0.7567567567567568,0.5657894736842105,127
2023-10-20,1068,144,65,55,27,79,28,0.4513888888888889,0.4909090909090909,92
2023-10-21,1068,109,83,66,42,26,24,0.7614678899082569,0.6363636363636364,125
2023-10-22,1068,118,78,59,33,40,26,0.6610169491525424,0.559322033898305,111
2023-10-23,1068,101,77,51,38,24,13,0.7623762376237624,0.7450980392156863,115
2023-10-24,1068,122,78,98,48,44,50,0.639344262295082,0.4897959183673469,126
2023-10-25,1068,108,83,59,32,25,27,0.7685185185185185,0.5423728813559322,115
2023-10-26,1068,103,80,92,47,23,45,0.7766990291262136,0.5108695652173914,127
2023-10-27,1068,102,75,60,34,27,26,0.7352941176470589,0.5666666666666667,109
2023-10-28,1068,122,84,52,46,38,6,0.6885245901639344,0.8846153846153846,130
2023-10-29,1068,135,72,67,44,63,23,0.5333333333333333,0.6567164179104478,116
2023-10-30,1068,136,102,67,43,34,24,0.75,0.6417910447761194,145
2023-10-31,1068,124,71,73,45,53,28,0.5725806451612904,0.6164383561643836,116
2023-11-01,1068,138,65,81,42,73,39,0.47101449275362317,0.5185185185185185,107
2023-11-02,1068,110,86,81,38,24,43,0.7818181818181819,0.4691358024691358,124
2023-11-03,1068,142,101,62,42,41,20,0.7112676056338029,0.6774193548387096,143
2023-11-04,1068,127,92,80,44,35,36,0.7244094488188977,0.55,136
2023-11-05,1068,146,92,97,43,54,54,0.6301369863013698,0.44329896907216493,135
2023-11-06,1068,132,98,55,43,34,12,0.7424242424242424,0.7818181818181819,141
2023-11-07,1068,120,82,97,36,38,61,0.6833333333333333,0.3711340206185567,118
2023-11-08,1068,106,88,70,51,18,19,0.8301886792452831,0.7285714285714285,139
2023-11-09,1068,103,71,94,36,32,58,0.6893203883495146,0.3829787234042553,107
2023-11-10,1068,123,88,65,38,35,27,0.7154471544715447,0.5846153846153846,126
2023-11-11,1068,122,70,85,38,52,47,0.5737704918032787,0.4470588235294118,108
2023-11-12,1068,140,89,90,26,51,64,0.6357142857142857,0.28888888888888886,115
2023-11-13,1068,103,81,72,35,22,37,0.7864077669902912,0.4861111111111111,116
2023-11-14,1068,141,84,79,37,57,42,0.5957446808510638,0.46835443037974683,121
2023-11-15,1068,140,77,73,33,63,40,0.55,0.4520547945205479,110
2023-11-16,1068,138,74,92,37,64,55,0.5362318840579711,0.40217391304347827,111
2023-11-17,1068,126,83,77,40,43,37,0.6587301587301587,0.5194805194805194,123
2023-11-18,1068,126,97,94,39,29,55,0.7698412698412699,0.4148936170212766,136
2023-11-19,1068,107,71,62,43,36,19,0.6635514018691588,0.6935483870967742,114
2023-11-20,1068,134,66,66,47,68,19,0.4925373134328358,0.7121212121212122,113
2023-11-21,1068,138,74,86,35,64,51,0.5362318840579711,0.4069767441860465,109
2023-11-22,1068,103,84,62,32,19,30,0.8155339805825242,0.5161290322580645,116
2023-11-23,1068,100,82,68,44,18,24,0.82,0.6470588235294118,126
2023-11-24,1068,137,85,76,43,52,33,0.6204379562043796,0.5657894736842105,128
2023-11-25,1068,120,55,73,50,65,23,0.4583333333333333,0.684931506849315,105
2023-11-26,1068,100,86,55,44,14,11,0.86,0.8,130
2023-11-27,1068,132,86,83,40,46,43,0.6515151515151515,0.4819277108433735,126
2023-11-28,1068,110,90,71,53,20,18,0.8181818181818182,0.7464788732394366,143
2023-11-29,1068,145,62,76,25,83,51,0.42758620689655175,0.32894736842105265,87
2023-11-30,1068,131,107,64,45,24,19,0.816793893129771,0.703125,152
2023-12-01,1068,149,77,94,42,72,52,0.5167785234899329,0.44680851063829785,119
2023-12-02,1068,141,75,52,40,66,12,0.5319148936170213,0.7692307692307693,115
2023-12-03,1068,111,82,78,37,29,41,0.7387387387387387,0.47435897435897434,119
2023-12-04,1068,133,87,64,38,46,26,0.6541353383458647,0.59375,125
2023-12-05,1068,101,87,69,33,14,36,0.8613861386138614,0.4782608695652174,120
2023-12-06,1068,145,71,91,41,74,50,0.4896551724137931,0.45054945054945056,112
2023-12-07,1068,134,74,92,38,60,54,0.5522388059701493,0.41304347826086957,112
2023-12-08,1068,109,75,84,37,34,47,0.6880733944954128,0.44047619047619047,112
2023-12-09,1068,136,69,59,44,67,15,0.5073529411764706,0.7457627118644068,113
2023-12-10,1068,142,77,97,36,65,61,0.5422535211267606,0.3711340206185567,113
2023-12-11,1068,134,87,54,37,47,17,0.6492537313432836,0.6851851851851852,124
2023-12-12,1068,103,84,89,29,19,60,0.8155339805825242,0.3258426966292135,113
2023-12-13,1068,145,79,92,34,66,58,0.5448275862068965,0.3695652173913043,113
2023-12-14,1068,150,70,66,31,80,35,0.4666666666666667,0.4696969696969697,101
2023-12-15,1068,124,81,81,45,43,36,0.6532258064516129,0.5555555555555556,126
2023-12-16,1068,114,79,65,31,35,34,0.6929824561403509,0.47692307692307695,110
2023-12-17,1068,127,94,98,51,33,47,0.7401574803149606,0.5204081632653061,145
2023-12-18,1068,137,73,81,34,64,47,0.5328467153284672,0.41975308641975306,107
2023-12-19,1068,134,75,61,39,59,22,0.5597014925373134,0.639344262295082,114
2023-12-20,1068,140,83,54,47,57,7,0.5928571428571429,0.8703703703703703,130
2023-12-21,1068,135,77,91,33,58,58,0.5703703703703704,0.3626373626373626,110
2023-12-22,1068,101,82,58,38,19,20,0.8118811881188119,0.6551724137931034,120
2023-12-23,1068,102,72,69,43,30,26,0.7058823529411765,0.6231884057971014,115
2023-12-24,1068,101,74,76,41,27,35,0.7326732673267327,0.5394736842105263,115
2023-12-25,1068,133,66,50,43,67,7,0.49624060150375937,0.86,109
2023-12-26,1068,132,68,100,43,64,57,0.5151515151515151,0.43,111
2023-12-27,1068,110,94,94,37,16,57,0.8545454545454545,0.39361702127659576,131
2023-12-28,1068,142,98,68,47,44,21,0.6901408450704225,0.6911764705882353,145
2023-12-29,1068,133,89,75,37,44,38,0.6691729323308271,0.49333333333333335,126
2023-12-30,1068,116,69,77,32,47,45,0.5948275862068966,0.4155844155844156,101
2023-12-31,1068,105,73,67,50,32,17,0.6952380952380952,0.746268656716418,123
2023-01-01,1069,108,82,64,39,26,25,0.7592592592592593,0.609375,121
2023-01-02,1069,118,81,82,43,37,39,0.6864406779661016,0.524390243902439,124
2023-01-03,1069,128,75,64,45,53,19,0.5859375,0.703125,120
2023-01-04,1069,102,84,68,40,18,28,0.8235294117647058,0.5882352941176471,124
2023-01-05,1069,114,71,67,29,43,38,0.6228070175438597,0.43283582089552236,100
2023-01-06,1069,142,84,95,39,58,56,0.5915492957746479,0.4105263157894737,123
2023-01-07,1069,147,79,52,35,68,17,0.5374149659863946,0.6730769230769231,114
2023-01-08,1069,114,73,76,50,41,26,0.6403508771929824,0.6578947368421053,123
2023-01-09,1069,145,79,88,47,66,41,0.5448275862068965,0.5340909090909091,126
2023-01-10,1069,108,80,81,41,28,40,0.7407407407407407,0.5061728395061729,121
2023-01-11,1069,114,82,96,28,32,68,0.7192982456140351,0.2916666666666667,110
2023-01-12,1069,140,94,58,41,46,17,0.6714285714285714,0.7068965517241379,135
2023-01-13,1069,111,81,81,40,30,41,0.7297297297297297,0.49382716049382713,121
2023-01-14,1069,102,81,93,39,21,54,0.7941176470588235,0.41935483870967744,120
2023-01-15,1069,143,78,96,49,65,47,0.5454545454545454,0.5104166666666666,127
2023-01-16,1069,130,73,75,42,57,33,0.5615384615384615,0.56,115
2023-01-17,1069,111,77,70,37,34,33,0.6936936936936937,0.5285714285714286,114
2023-01-18,1069,118,84,67,36,34,31,0.711864406779661,0.5373134328358209,120
2023-01-19,1069,143,96,72,37,47,35,0.6713286713286714,0.5138888888888888,133
2023-01-20,1069,139,67,89,44,72,45,0.48201438848920863,0.4943820224719101,111
2023-01-21,1069,118,89,96,38,29,58,0.7542372881355932,0.3958333333333333,127
2023-01-22,1069,141,93,56,30,48,26,0.6595744680851063,0.5357142857142857,123
2023-01-23,1069,121,78,99,46,43,53,0.6446280991735537,0.46464646464646464,124
2023-01-24,1069,127,80,51,39,47,12,0.6299212598425197,0.7647058823529411,119
2023-01-25,1069,136,86,64,42,50,22,0.6323529411764706,0.65625,128
2023-01-26,1069,142,91,100,38,51,62,0.6408450704225352,0.38,129
2023-01-27,1069,124,81,85,42,43,43,0.6532258064516129,0.49411764705882355,123
2023-01-28,1069,105,91,98,40,14,58,0.8666666666666667,0.40816326530612246,131
2023-01-29,1069,100,95,56,45,5,11,0.95,0.8035714285714286,140
2023-01-30,1069,145,78,86,34,67,52,0.5379310344827586,0.3953488372093023,112
2023-01-31,1069,147,56,98,39,91,59,0.38095238095238093,0.3979591836734694,95
2023-02-01,1069,115,82,91,56,33,35,0.7130434782608696,0.6153846153846154,138
2023-02-02,1069,101,96,60,39,5,21,0.9504950495049505,0.65,135
2023-02-03,1069,144,79,88,36,65,52,0.5486111111111112,0.4090909090909091,115
2023-02-04,1069,102,78,80,41,24,39,0.7647058823529411,0.5125,119
2023-02-05,1069,124,81,57,51,43,6,0.6532258064516129,0.8947368421052632,132
2023-02-06,1069,130,66,97,52,64,45,0.5076923076923077,0.5360824742268041,118
2023-02-07,1069,107,86,70,48,21,22,0.8037383177570093,0.6857142857142857,134
2023-02-08,1069,118,81,78,46,37,32,0.6864406779661016,0.5897435897435898,127
2023-02-09,1069,111,77,53,53,34,0,0.6936936936936937,1,130
2023-02-10,1069,147,71,75,49,76,26,0.48299319727891155,0.6533333333333333,120
2023-02-11,1069,105,82,61,38,23,23,0.780952380952381,0.6229508196721312,120
2023-02-12,1069,125,87,65,45,38,20,0.696,0.6923076923076923,132
2023-02-13,1069,144,96,89,42,48,47,0.6666666666666666,0.47191011235955055,138
2023-02-14,1069,127,89,92,44,38,48,0.7007874015748031,0.4782608695652174,133
2023-02-15,1069,124,72,71,30,52,41,0.5806451612903226,0.4225352112676056,102
2023-02-16,1069,116,83,100,55,33,45,0.7155172413793104,0.55,138
2023-02-17,1069,114,105,83,38,9,45,0.9210526315789473,0.4578313253012048,143
2023-02-18,1069,104,78,91,48,26,43,0.75,0.5274725274725275,126
2023-02-19,1069,146,91,65,35,55,30,0.6232876712328768,0.5384615384615384,126
2023-02-20,1069,113,91,93,44,22,49,0.8053097345132744,0.4731182795698925,135
2023-02-21,1069,143,92,50,50,51,0,0.6433566433566433,1,142
2023-02-22,1069,101,84,99,45,17,54,0.8316831683168316,0.45454545454545453,129
2023-02-23,1069,107,83,81,41,24,40,0.7757009345794392,0.5061728395061729,124
2023-02-24,1069,137,87,90,57,50,33,0.635036496350365,0.6333333333333333,144
2023-02-25,1069,106,87,72,29,19,43,0.8207547169811321,0.4027777777777778,116
2023-02-26,1069,110,80,64,26,30,38,0.7272727272727273,0.40625,106
2023-02-27,1069,135,89,52,47,46,5,0.6592592592592592,0.9038461538461539,136
2023-02-28,1069,136,76,72,38,60,34,0.5588235294117647,0.5277777777777778,114
2023-03-01,1069,119,98,58,41,21,17,0.8235294117647058,0.7068965517241379,139
2023-03-02,1069,121,70,61,43,51,18,0.5785123966942148,0.7049180327868853,113
2023-03-03,1069,119,73,53,45,46,8,0.6134453781512605,0.8490566037735849,118
2023-03-04,1069,128,80,82,42,48,40,0.625,0.5121951219512195,122
2023-03-05,1069,142,89,92,41,53,51,0.6267605633802817,0.44565217391304346,130
2023-03-06,1069,104,82,51,42,22,9,0.7884615384615384,0.8235294117647058,124
2023-03-07,1069,146,84,77,49,62,28,0.5753424657534246,0.6363636363636364,133
2023-03-08,1069,117,82,64,32,35,32,0.7008547008547008,0.5,114
2023-03-09,1069,123,69,88,35,54,53,0.5609756097560976,0.3977272727272727,104
2023-03-10,1069,103,77,65,31,26,34,0.7475728155339806,0.47692307692307695,108
2023-03-11,1069,111,75,52,47,36,5,0.6756756756756757,0.9038461538461539,122
2023-03-12,1069,120,77,71,26,43,45,0.6416666666666667,0.36619718309859156,103
2023-03-13,1069,112,65,95,40,47,55,0.5803571428571429,0.42105263157894735,105
2023-03-14,1069,109,82,82,39,27,43,0.7522935779816514,0.47560975609756095,121
2023-03-15,1069,134,65,69,45,69,24,0.48507462686567165,0.6521739130434783,110
2023-03-16,1069,132,84,85,41,48,44,0.6363636363636364,0.4823529411764706,125
2023-03-17,1069,136,69,88,35,67,53,0.5073529411764706,0.3977272727272727,104
2023-03-18,1069,146,83,79,37,63,42,0.5684931506849316,0.46835443037974683,120
2023-03-19,1069,131,74,100,47,57,53,0.5648854961832062,0.47,121
2023-03-20,1069,144,64,71,28,80,43,0.4444444444444444,0.39436619718309857,92
2023-03-21,1069,128,84,90,50,44,40,0.65625,0.5555555555555556,134
2023-03-22,1069,143,77,61,38,66,23,0.5384615384615384,0.6229508196721312,115
2023-03-23,1069,138,78,77,30,60,47,0.5652173913043478,0.38961038961038963,108
2023-03-24,1069,122,65,94,27,57,67,0.5327868852459017,0.2872340425531915,92
2023-03-25,1069,147,87,96,41,60,55,0.5918367346938775,0.4270833333333333,128
2023-03-26,1069,110,73,61,42,37,19,0.6636363636363637,0.6885245901639344,115
2023-03-27,1069,128,80,78,45,48,33,0.625,0.5769230769230769,125
2023-03-28,1069,107,80,98,40,27,58,0.7476635514018691,0.40816326530612246,120
2023-03-29,1069,107,72,52,34,35,18,0.6728971962616822,0.6538461538461539,106
2023-03-30,1069,135,81,84,40,54,44,0.6,0.47619047619047616,121
2023-03-31,1069,108,101,100,40,7,60,0.9351851851851852,0.4,141
2023-04-01,1069,115,95,74,37,20,37,0.8260869565217391,0.5,132
2023-04-02,1069,148,87,69,34,61,35,0.5878378378378378,0.4927536231884058,121
2023-04-03,1069,140,80,56,45,60,11,0.5714285714285714,0.8035714285714286,125
2023-04-04,1069,122,82,69,53,40,16,0.6721311475409836,0.7681159420289855,135
2023-04-05,1069,138,90,67,54,48,13,0.6521739130434783,0.8059701492537313,144
2023-04-06,1069,110,85,93,36,25,57,0.7727272727272727,0.3870967741935484,121
2023-04-07,1069,149,87,67,39,62,28,0.5838926174496645,0.582089552238806,126
2023-04-08,1069,144,91,57,46,53,11,0.6319444444444444,0.8070175438596491,137
2023-04-09,1069,113,97,67,42,16,25,0.8584070796460177,0.6268656716417911,139
2023-04-10,1069,114,84,50,50,30,0,0.7368421052631579,1,134
2023-04-11,1069,105,85,98,38,20,60,0.8095238095238095,0.3877551020408163,123
2023-04-12,1069,112,83,87,38,29,49,0.7410714285714286,0.4367816091954023,121
2023-04-13,1069,142,91,72,36,51,36,0.6408450704225352,0.5,127
2023-04-14,1069,147,73,70,36,74,34,0.4965986394557823,0.5142857142857142,109
2023-04-15,1069,114,95,86,47,19,39,0.8333333333333334,0.5465116279069767,142
2023-04-16,1069,145,73,50,42,72,8,0.503448275862069,0.84,115
2023-04-17,1069,107,76,63,37,31,26,0.7102803738317757,0.5873015873015873,113
2023-04-18,1069,122,87,94,57,35,37,0.7131147540983607,0.6063829787234043,144
2023-04-19,1069,104,90,92,42,14,50,0.8653846153846154,0.45652173913043476,132
2023-04-20,1069,117,82,87,33,35,54,0.7008547008547008,0.3793103448275862,115
2023-04-21,1069,118,78,72,24,40,48,0.6610169491525424,0.3333333333333333,102
2023-04-22,1069,143,88,60,37,55,23,0.6153846153846154,0.6166666666666667,125
2023-04-23,1069,114,81,67,51,33,16,0.7105263157894737,0.7611940298507462,132
2023-04-24,1069,146,85,53,49,61,4,0.5821917808219178,0.9245283018867925,134
2023-04-25,1069,137,90,81,44,47,37,0.656934306569343,0.5432098765432098,134
2023-04-26,1069,116,85,57,55,31,2,0.7327586206896551,0.9649122807017544,140
2023-04-27,1069,117,96,97,38,21,59,0.8205128205128205,0.3917525773195876,134
2023-04-28,1069,142,79,77,42,63,35,0.5563380281690141,0.5454545454545454,121
2023-04-29,1069,125,93,73,39,32,34,0.744,0.5342465753424658,132
2023-04-30,1069,137,75,95,43,62,52,0.5474452554744526,0.45263157894736844,118
2023-05-01,1069,140,73,98,33,67,65,0.5214285714285715,0.336734693877551,106
2023-05-02,1069,123,71,56,42,52,14,0.5772357723577236,0.75,113
2023-05-03,1069,111,93,83,38,18,45,0.8378378378378378,0.4578313253012048,131
2023-05-04,1069,108,89,56,37,19,19,0.8240740740740741,0.6607142857142857,126
2023-05-05,1069,112,67,86,45,45,41,0.5982142857142857,0.5232558139534884,112
2023-05-06,1069,123,66,75,46,57,29,0.5365853658536586,0.6133333333333333,112
2023-05-07,1069,138,83,64,43,55,21,0.6014492753623188,0.671875,126
2023-05-08,1069,108,80,79,29,28,50,0.7407407407407407,0.3670886075949367,109
2023-05-09,1069,145,74,70,34,71,36,0.5103448275862069,0.4857142857142857,108
2023-05-10,1069,127,60,73,42,67,31,0.47244094488188976,0.5753424657534246,102
2023-05-11,1069,115,73,53,45,42,8,0.6347826086956522,0.8490566037735849,118
2023-05-12,1069,140,72,84,44,68,40,0.5142857142857142,0.5238095238095238,116
2023-05-13,1069,110,82,81,36,28,45,0.7454545454545455,0.4444444444444444,118
2023-05-14,1069,134,74,89,37,60,52,0.5522388059701493,0.4157303370786517,111
2023-05-15,1069,107,74,72,40,33,32,0.6915887850467289,0.5555555555555556,114
2023-05-16,1069,148,87,67,37,61,30,0.5878378378378378,0.5522388059701493,124
2023-05-17,1069,148,77,92,42,71,50,0.5202702702702703,0.45652173913043476,119
2023-05-18,1069,126,81,81,37,45,44,0.6428571428571429,0.4567901234567901,118
2023-05-19,1069,144,87,50,37,57,13,0.6041666666666666,0.74,124
2023-05-20,1069,150,79,59,34,71,25,0.5266666666666666,0.576271186440678,113
2023-05-21,1069,145,71,55,39,74,16,0.4896551724137931,0.7090909090909091,110
2023-05-22,1069,109,84,96,39,25,57,0.7706422018348624,0.40625,123
2023-05-23,1069,105,80,92,37,25,55,0.7619047619047619,0.40217391304347827,117
2023-05-24,1069,137,65,60,33,72,27,0.4744525547445255,0.55,98
2023-05-25,1069,127,85,93,28,42,65,0.6692913385826772,0.3010752688172043,113
2023-05-26,1069,131,74,98,37,57,61,0.5648854961832062,0.37755102040816324,111
2023-05-27,1069,138,84,61,46,54,15,0.6086956521739131,0.7540983606557377,130
2023-05-28,1069,124,87,100,43,37,57,0.7016129032258065,0.43,130
2023-05-29,1069,148,88,62,39,60,23,0.5945945945945946,0.6290322580645161,127
2023-05-30,1069,114,85,86,48,29,38,0.7456140350877193,0.5581395348837209,133
2023-05-31,1069,109,73,52,37,36,15,0.6697247706422018,0.7115384615384616,110
2023-06-01,1069,126,75,78,37,51,41,0.5952380952380952,0.47435897435897434,112
2023-06-02,1069,139,84,86,41,55,45,0.60431654676259,0.47674418604651164,125
2023-06-03,1069,102,75,51,41,27,10,0.7352941176470589,0.803921568627451,116
2023-06-04,1069,135,81,65,40,54,25,0.6,0.6153846153846154,121
2023-06-05,1069,142,91,90,48,51,42,0.6408450704225352,0.5333333333333333,139
2023-06-06,1069,106,80,63,34,26,29,0.7547169811320755,0.5396825396825397,114
2023-06-07,1069,128,93,96,37,35,59,0.7265625,0.3854166666666667,130
2023-06-08,1069,126,80,86,38,46,48,0.6349206349206349,0.4418604651162791,118
2023-06-09,1069,144,81,82,39,63,43,0.5625,0.47560975609756095,120
2023-06-10,1069,118,71,57,45,47,12,0.6016949152542372,0.7894736842105263,116
2023-06-11,1069,142,63,64,38,79,26,0.44366197183098594,0.59375,101
2023-06-12,1069,129,96,89,47,33,42,0.7441860465116279,0.5280898876404494,143
2023-06-13,1069,145,71,66,35,74,31,0.4896551724137931,0.5303030303030303,106
2023-06-14,1069,108,83,76,46,25,30,0.7685185185185185,0.6052631578947368,129
2023-06-15,1069,103,73,87,33,30,54,0.7087378640776699,0.3793103448275862,106
2023-06-16,1069,131,70,65,38,61,27,0.5343511450381679,0.5846153846153846,108
2023-06-17,1069,138,66,64,39,72,25,0.4782608695652174,0.609375,105
2023-06-18,1069,138,75,90,38,63,52,0.5434782608695652,0.4222222222222222,113
2023-06-19,1069,133,72,87,39,61,48,0.5413533834586466,0.4482758620689655,111
2023-06-20,1069,136,80,54,44,56,10,0.5882352941176471,0.8148148148148148,124
2023-06-21,1069,133,68,50,28,65,22,0.5112781954887218,0.56,96
2023-06-22,1069,135,77,65,48,58,17,0.5703703703703704,0.7384615384615385,125
2023-06-23,1069,146,63,96,48,83,48,0.4315068493150685,0.5,111
2023-06-24,1069,146,81,93,45,65,48,0.5547945205479452,0.4838709677419355,126
2023-06-25,1069,125,75,93,48,50,45,0.6,0.5161290322580645,123
2023-06-26,1069,149,88,56,31,61,25,0.5906040268456376,0.5535714285714286,119
2023-06-27,1069,119,91,50,48,28,2,0.7647058823529411,0.96,139
2023-06-28,1069,106,74,93,34,32,59,0.6981132075471698,0.3655913978494624,108
2023-06-29,1069,138,83,100,37,55,63,0.6014492753623188,0.37,120
2023-06-30,1069,108,77,57,48,31,9,0.7129629629629629,0.8421052631578947,125
2023-07-01,1069,117,80,51,35,37,16,0.6837606837606838,0.6862745098039216,115
2023-07-02,1069,111,68,93,39,43,54,0.6126126126126126,0.41935483870967744,107
2023-07-03,1069,134,88,82,41,46,41,0.6567164179104478,0.5,129
2023-07-04,1069,131,78,76,40,53,36,0.5954198473282443,0.5263157894736842,118
2023-07-05,1069,127,105,67,27,22,40,0.8267716535433071,0.40298507462686567,132
2023-07-06,1069,104,90,84,41,14,43,0.8653846153846154,0.4880952380952381,131
2023-07-07,1069,108,64,67,34,44,33,0.5925925925925926,0.5074626865671642,98
2023-07-08,1069,131,98,87,49,33,38,0.7480916030534351,0.5632183908045977,147
2023-07-09,1069,107,89,85,45,18,40,0.8317757009345794,0.5294117647058824,134
2023-07-10,1069,113,81,78,39,32,39,0.7168141592920354,0.5,120
2023-07-11,1069,142,86,88,40,56,48,0.6056338028169014,0.45454545454545453,126
2023-07-12,1069,115,89,51,44,26,7,0.7739130434782608,0.8627450980392157,133
2023-07-13,1069,108,81,68,42,27,26,0.75,0.6176470588235294,123
2023-07-14,1069,122,80,70,36,42,34,0.6557377049180327,0.5142857142857142,116
2023-07-15,1069,105,88,98,50,17,48,0.8380952380952381,0.5102040816326531,138
2023-07-16,1069,139,95,54,48,44,6,0.6834532374100719,0.8888888888888888,143
2023-07-17,1069,112,83,52,43,29,9,0.7410714285714286,0.8269230769230769,126
2023-07-18,1069,106,84,74,41,22,33,0.7924528301886793,0.5540540540540541,125
2023-07-19,1069,141,90,80,40,51,40,0.6382978723404256,0.5,130
2023-07-20,1069,126,84,61,39,42,22,0.6666666666666666,0.639344262295082,123
2023-07-21,1069,111,89,83,36,22,47,0.8018018018018018,0.43373493975903615,125
2023-07-22,1069,121,79,79,47,42,32,0.6528925619834711,0.5949367088607594,126
2023-07-23,1069,101,72,98,42,29,56,0.7128712871287128,0.42857142857142855,114
2023-07-24,1069,150,71,52,42,79,10,0.47333333333333333,0.8076923076923077,113
2023-07-25,1069,134,74,57,35,60,22,0.5522388059701493,0.6140350877192983,109
2023-07-26,1069,130,78,88,45,52,43,0.6,0.5113636363636364,123
2023-07-27,1069,142,79,53,49,63,4,0.5563380281690141,0.9245283018867925,128
2023-07-28,1069,126,81,51,38,45,13,0.6428571428571429,0.7450980392156863,119
2023-07-29,1069,148,73,57,46,75,11,0.49324324324324326,0.8070175438596491,119
2023-07-30,1069,100,72,83,42,28,41,0.72,0.5060240963855421,114
2023-07-31,1069,139,70,67,47,69,20,0.5035971223021583,0.7014925373134329,117
2023-08-01,1069,132,85,85,37,47,48,0.6439393939393939,0.43529411764705883,122
2023-08-02,1069,143,84,75,37,59,38,0.5874125874125874,0.49333333333333335,121
2023-08-03,1069,111,96,87,34,15,53,0.8648648648648649,0.39080459770114945,130
2023-08-04,1069,122,72,72,42,50,30,0.5901639344262295,0.5833333333333334,114
2023-08-05,1069,110,84,59,32,26,27,0.7636363636363637,0.5423728813559322,116
2023-08-06,1069,112,72,82,29,40,53,0.6428571428571429,0.35365853658536583,101
2023-08-07,1069,102,79,56,33,23,23,0.7745098039215687,0.5892857142857143,112
2023-08-08,1069,150,71,95,34,79,61,0.47333333333333333,0.35789473684210527,105
2023-08-09,1069,146,94,66,37,52,29,0.6438356164383562,0.5606060606060606,131
2023-08-10,1069,112,83,75,45,29,30,0.7410714285714286,0.6,128
2023-08-11,1069,144,76,90,29,68,61,0.5277777777777778,0.32222222222222224,105
2023-08-12,1069,123,94,55,48,29,7,0.7642276422764228,0.8727272727272727,142
2023-08-13,1069,136,72,91,35,64,56,0.5294117647058824,0.38461538461538464,107
2023-08-14,1069,107,85,91,50,22,41,0.794392523364486,0.5494505494505495,135
2023-08-15,1069,120,74,92,41,46,51,0.6166666666666667,0.44565217391304346,115
2023-08-16,1069,136,71,68,47,65,21,0.5220588235294118,0.6911764705882353,118
2023-08-17,1069,110,78,86,41,32,45,0.7090909090909091,0.47674418604651164,119
2023-08-18,1069,103,79,90,42,24,48,0.7669902912621359,0.4666666666666667,121
2023-08-19,1069,138,73,100,38,65,62,0.5289855072463768,0.38,111
2023-08-20,1069,121,87,59,41,34,18,0.71900826446281,0.6949152542372882,128
2023-08-21,1069,139,88,81,53,51,28,0.6330935251798561,0.654320987654321,141
2023-08-22,1069,107,99,100,42,8,58,0.9252336448598131,0.42,141
2023-08-23,1069,132,79,53,37,53,16,0.5984848484848485,0.6981132075471698,116
2023-08-24,1069,132,87,100,34,45,66,0.6590909090909091,0.34,121
2023-08-25,1069,112,81,62,32,31,30,0.7232142857142857,0.5161290322580645,113
2023-08-26,1069,102,85,81,31,17,50,0.8333333333333334,0.38271604938271603,116
2023-08-27,1069,120,68,78,34,52,44,0.5666666666666667,0.4358974358974359,102
2023-08-28,1069,131,77,87,32,54,55,0.5877862595419847,0.367816091954023,109
2023-08-29,1069,110,94,65,41,16,24,0.8545454545454545,0.6307692307692307,135
2023-08-30,1069,112,68,76,37,44,39,0.6071428571428571,0.4868421052631579,105
2023-08-31,1069,120,76,95,41,44,54,0.6333333333333333,0.43157894736842106,117
2023-09-01,1069,148,97,75,36,51,39,0.6554054054054054,0.48,133
2023-09-02,1069,101,86,80,32,15,48,0.8514851485148515,0.4,118
2023-09-03,1069,126,88,81,36,38,45,0.6984126984126984,0.4444444444444444,124
2023-09-04,1069,102,67,78,47,35,31,0.6568627450980392,0.6025641025641025,114
2023-09-05,1069,127,66,60,52,61,8,0.5196850393700787,0.8666666666666667,118
2023-09-06,1069,114,76,55,46,38,9,0.6666666666666666,0.8363636363636363,122
2023-09-07,1069,109,92,64,38,17,26,0.8440366972477065,0.59375,130
2023-09-08,1069,112,83,50,41,29,9,0.7410714285714286,0.82,124
2023-09-09,1069,104,78,56,44,26,12,0.75,0.7857142857142857,122
2023-09-10,1069,112,93,50,43,19,7,0.8303571428571429,0.86,136
2023-09-11,1069,124,73,81,49,51,32,0.5887096774193549,0.6049382716049383,122
2023-09-12,1069,138,77,82,44,61,38,0.5579710144927537,0.5365853658536586,121
2023-09-13,1069,141,84,100,42,57,58,0.5957446808510638,0.42,126
2023-09-14,1069,122,92,83,40,30,43,0.7540983606557377,0.4819277108433735,132
2023-09-15,1069,149,78,60,34,71,26,0.5234899328859061,0.5666666666666667,112
2023-09-16,1069,125,70,63,44,55,19,0.56,0.6984126984126984,114
2023-09-17,1069,118,77,78,49,41,29,0.652542372881356,0.6282051282051282,126
2023-09-18,1069,118,78,69,46,40,23,0.6610169491525424,0.6666666666666666,124
2023-09-19,1069,137,86,94,44,51,50,0.6277372262773723,0.46808510638297873,130
2023-09-20,1069,105,80,100,30,25,70,0.7619047619047619,0.3,110
2023-09-21,1069,115,88,62,36,27,26,0.7652173913043478,0.5806451612903226,124
2023-09-22,1069,130,71,62,46,59,16,0.5461538461538461,0.7419354838709677,117
2023-09-23,1069,149,67,93,38,82,55,0.44966442953020136,0.40860215053763443,105
2023-09-24,1069,118,83,52,29,35,23,0.7033898305084746,0.5576923076923077,112
2023-09-25,1069,143,78,84,41,65,43,0.5454545454545454,0.4880952380952381,119
2023-09-26,1069,124,66,81,48,58,33,0.532258064516129,0.5925925925925926,114
2023-09-27,1069,136,62,52,24,74,28,0.45588235294117646,0.46153846153846156,86
2023-09-28,1069,113,82,51,44,31,7,0.7256637168141593,0.8627450980392157,126
2023-09-29,1069,101,82,94,40,19,54,0.8118811881188119,0.425531914893617,122
2023-09-30,1069,107,67,51,43,40,8,0.6261682242990654,0.8431372549019608,110
2023-10-01,1069,112,86,94,41,26,53,0.7678571428571429,0.43617021276595747,127
2023-10-02,1069,125,85,64,31,40,33,0.68,0.484375,116
2023-10-03,1069,116,85,81,42,31,39,0.7327586206896551,0.5185185185185185,127
2023-10-04,1069,149,76,55,43,73,12,0.5100671140939598,0.7818181818181819,119
2023-10-05,1069,107,63,73,36,44,37,0.5887850467289719,0.4931506849315068,99
2023-10-06,1069,100,82,88,48,18,40,0.82,0.5454545454545454,130
2023-10-07,1069,121,92,87,44,29,43,0.7603305785123967,0.5057471264367817,136
2023-10-08,1069,145,78,92,40,67,52,0.5379310344827586,0.43478260869565216,118
2023-10-09,1069,124,80,60,42,44,18,0.6451612903225806,0.7,122
2023-10-10,1069,116,72,55,39,44,16,0.6206896551724138,0.7090909090909091,111
2023-10-11,1069,129,78,80,46,51,34,0.6046511627906976,0.575,124
2023-10-12,1069,115,80,90,40,35,50,0.6956521739130435,0.4444444444444444,120
2023-10-13,1069,105,85,61,34,20,27,0.8095238095238095,0.5573770491803278,119
2023-10-14,1069,150,86,91,30,64,61,0.5733333333333334,0.32967032967032966,116
2023-10-15,1069,144,71,60,38,73,22,0.4930555555555556,0.6333333333333333,109
2023-10-16,1069,134,74,76,34,60,42,0.5522388059701493,0.4473684210526316,108
2023-10-17,1069,123,69,80,42,54,38,0.5609756097560976,0.525,111
2023-10-18,1069,143,88,67,38,55,29,0.6153846153846154,0.5671641791044776,126
2023-10-19,1069,141,75,61,41,66,20,0.5319148936170213,0.6721311475409836,116
2023-10-20,1069,131,81,66,43,50,23,0.6183206106870229,0.6515151515151515,124
2023-10-21,1069,126,88,77,34,38,43,0.6984126984126984,0.44155844155844154,122
2023-10-22,1069,138,85,53,38,53,15,0.6159420289855072,0.71698113207547165,123
2023-10-23,1069,124,80,75,40,44,35,0.6451612903225806,0.5333333333333333,120
2023-10-24,1069,120,78,55,35,42,20,0.65,0.6363636363636364,113
2023-10-25,1069,145,80,77,40,65,37,0.5517241379310345,0.5194805194805194,120
2023-10-26,1069,147,79,72,41,68,31,0.5374149659863946,0.5694444444444444,120
2023-10-27,1069,139,72,74,51,67,23,0.5179856115107914,0.6891891891891891,123
2023-10-28,1069,116,72,94,42,44,52,0.6206896551724138,0.44680851063829785,114
2023-10-29,1069,146,79,66,35,67,31,0.541095890410959,0.5303030303030303,114
2023-10-30,1069,142,79,72,35,63,37,0.5563380281690141,0.4861111111111111,114
2023-10-31,1069,139,82,70,34,57,36,0.5899280575539568,0.4857142857142857,116
2023-11-01,1069,146,80,85,34,66,51,0.547945205479452,0.4,114
2023-11-02,1069,143,66,86,47,77,39,0.46153846153846156,0.5465116279069767,113
2023-11-03,1069,138,86,93,32,52,61,0.6231884057971014,0.34408602150537637,118
2023-11-04,1069,125,74,82,35,51,47,0.592,0.4268292682926829,109
2023-11-05,1069,131,73,99,43,58,56,0.5572519083969466,0.43434343434343436,116
2023-11-06,1069,150,79,89,46,71,43,0.5266666666666666,0.5168539325842697,125
2023-11-07,1069,148,88,50,30,60,20,0.5945945945945946,0.6,118
2023-11-08,1069,117,83,79,39,34,40,0.7094017094017094,0.4936708860759494,122
2023-11-09,1069,139,84,69,38,55,31,0.60431654676259,0.5507246376811594,122
2023-11-10,1069,134,79,50,38,55,12,0.5895522388059702,0.76,117
2023-11-11,1069,102,76,75,42,26,33,0.7450980392156863,0.56,118
2023-11-12,1069,108,89,61,48,19,13,0.8240740740740741,0.7868852459016393,137
2023-11-13,1069,131,93,77,36,38,41,0.7099236641221374,0.4675324675324675,129
2023-11-14,1069,120,80,66,47,40,19,0.6666666666666666,0.7121212121212122,127
2023-11-15,1069,121,76,58,48,45,10,0.628099173553719,0.8275862068965517,124
2023-11-16,1069,129,82,88,35,47,53,0.6356589147286822,0.3977272727272727,117
2023-11-17,1069,142,69,93,29,73,64,0.4859154929577465,0.3118279569892473,98
2023-11-18,1069,124,78,99,31,46,68,0.6290322580645161,0.31313131313131315,109
2023-11-19,1069,133,79,61,41,54,20,0.5939849624060151,0.6721311475409836,120
2023-11-20,1069,101,82,56,38,19,18,0.8118811881188119,0.6785714285714286,120
2023-11-21,1069,117,72,70,40,45,30,0.6153846153846154,0.5714285714285714,112
2023-11-22,1069,101,82,53,52,19,1,0.8118811881188119,0.9811320754716981,134
2023-11-23,1069,144,75,63,38,69,25,0.5208333333333334,0.6031746031746031,113
2023-11-24,1069,108,72,75,45,36,30,0.6666666666666666,0.6,117
2023-11-25,1069,109,99,56,45,10,11,0.908256880733945,0.8035714285714286,144
2023-11-26,1069,116,94,97,35,22,62,0.8103448275862069,0.36082474226804123,129
2023-11-27,1069,127,66,99,39,61,60,0.5196850393700787,0.3939393939393939,105
2023-11-28,1069,134,78,55,45,56,10,0.582089552238806,0.8181818181818182,123
2023-11-29,1069,110,83,50,50,27,0,0.7545454545454545,1,133
2023-11-30,1069,132,70,80,39,62,41,0.5303030303030303,0.4875,109
2023-12-01,1069,149,74,83,30,75,53,0.49664429530201343,0.3614457831325301,104
2023-12-02,1069,150,86,95,37,64,58,0.5733333333333334,0.3894736842105263,123
2023-12-03,1069,107,70,59,37,37,22,0.6542056074766355,0.6271186440677966,107
2023-12-04,1069,128,72,69,35,56,34,0.5625,0.5072463768115942,107
2023-12-05,1069,123,83,54,39,40,15,0.6747967479674797,0.7222222222222222,122
2023-12-06,1069,146,83,51,34,63,17,0.5684931506849316,0.6666666666666666,117
2023-12-07,1069,116,63,77,32,53,45,0.5431034482758621,0.4155844155844156,95
2023-12-08,1069,123,68,73,40,55,33,0.5528455284552846,0.547945205479452,108
2023-12-09,1069,126,77,80,27,49,53,0.6111111111111112,0.3375,104
2023-12-10,1069,142,81,50,39,61,11,0.5704225352112676,0.78,120
2023-12-11,1069,146,65,76,38,81,38,0.4452054794520548,0.5,103
2023-12-12,1069,119,81,98,42,38,56,0.680672268907563,0.42857142857142855,123
2023-12-13,1069,147,81,77,43,66,34,0.5510204081632653,0.5584415584415584,124
2023-12-14,1069,144,62,64,25,82,39,0.4305555555555556,0.390625,87
2023-12-15,1069,100,91,77,38,9,39,0.91,0.4935064935064935,129
2023-12-16,1069,119,84,97,42,35,55,0.7058823529411765,0.4329896907216495,126
2023-12-17,1069,132,72,98,27,60,71,0.5454545454545454,0.2755102040816326,99
2023-12-18,1069,119,85,53,44,34,9,0.7142857142857143,0.8301886792452831,129
2023-12-19,1069,138,78,62,31,60,31,0.5652173913043478,0.5,109
2023-12-20,1069,122,76,88,40,46,48,0.6229508196721312,0.45454545454545453,116
2023-12-21,1069,119,91,85,43,28,42,0.7647058823529411,0.5058823529411764,134
2023-12-22,1069,135,87,65,54,48,11,0.6444444444444445,0.8307692307692308,141
2023-12-23,1069,123,66,76,28,57,48,0.5365853658536586,0.3684210526315789,94
2023-12-24,1069,126,95,99,43,31,56,0.753968253968254,0.43434343434343436,138
2023-12-25,1069,121,79,65,39,42,26,0.6528925619834711,0.6,118
2023-12-26,1069,145,98,83,33,47,50,0.6758620689655173,0.39759036144578314,131
2023-12-27,1069,122,91,75,42,31,33,0.7459016393442623,0.56,133
2023-12-28,1069,148,78,73,48,70,25,0.527027027027027,0.6575342465753424,126
2023-12-29,1069,122,73,97,42,49,55,0.5983606557377049,0.4329896907216495,115
2023-12-30,1069,106,75,62,33,31,29,0.7075471698113207,0.532258064516129,108
2023-12-31,1069,150,78,58,44,72,14,0.52,0.7586206896551724,122
2023-01-01,1070,141,66,59,34,75,25,0.46808510638297873,0.576271186440678,100
2023-01-02,1070,139,86,90,37,53,53,0.6187050359712231,0.4111111111111111,123
2023-01-03,1070,126,78,97,40,48,57,0.6190476190476191,0.41237113402061853,118
2023-01-04,1070,136,77,77,39,59,38,0.5661764705882353,0.5064935064935064,116
2023-01-05,1070,100,79,75,44,21,31,0.79,0.5866666666666667,123
2023-01-06,1070,122,82,96,42,40,54,0.6721311475409836,0.4375,124
2023-01-07,1070,140,92,74,48,48,26,0.6571428571428571,0.6486486486486487,140
2023-01-08,1070,120,98,85,40,22,45,0.8166666666666667,0.47058823529411764,138
2023-01-09,1070,108,77,99,34,31,65,0.7129629629629629,0.3434343434343434,111
2023-01-10,1070,141,88,83,45,53,38,0.624113475177305,0.54216867469879515,133
2023-01-11,1070,142,100,93,37,42,56,0.704225352112676,0.3978494623655914,137
2023-01-12,1070,107,84,68,37,23,31,0.7850467289719626,0.5441176470588235,121
2023-01-13,1070,117,73,52,39,44,13,0.6239316239316239,0.75,112
2023-01-14,1070,113,74,78,45,39,33,0.6548672566371682,0.5769230769230769,119
2023-01-15,1070,136,59,75,38,77,37,0.4338235294117647,0.5066666666666667,97
2023-01-16,1070,121,80,72,37,41,35,0.6611570247933884,0.5138888888888888,117
2023-01-17,1070,104,80,66,42,24,24,0.7692307692307693,0.6363636363636364,122
2023-01-18,1070,129,93,78,35,36,43,0.7209302325581395,0.44871794871794873,128
2023-01-19,1070,133,77,77,33,56,44,0.5789473684210527,0.42857142857142855,110
2023-01-20,1070,150,82,51,49,68,2,0.5466666666666666,0.9607843137254902,131
2023-01-21,1070,127,92,69,38,35,31,0.7244094488188977,0.5507246376811594,130
2023-01-22,1070,106,86,78,30,20,48,0.8113207547169812,0.38461538461538464,116
2023-01-23,1070,105,99,62,34,6,28,0.9428571428571428,0.5483870967741935,133
2023-01-24,1070,108,76,93,28,32,65,0.7037037037037037,0.3010752688172043,104
2023-01-25,1070,135,72,59,39,63,20,0.5333333333333333,0.6610169491525424,111
2023-01-26,1070,119,79,57,26,40,31,0.6638655462184874,0.45614035087719296,105
2023-01-27,1070,131,70,53,44,61,9,0.5343511450381679,0.8301886792452831,114
2023-01-28,1070,128,82,98,48,46,50,0.640625,0.4897959183673469,130
2023-01-29,1070,142,67,75,42,75,33,0.47183098591549294,0.56,109
2023-01-30,1070,145,66,98,29,79,69,0.45517241379310347,0.29591836734693877,95
2023-01-31,1070,125,78,83,47,47,36,0.624,0.5662650602409639,125
2023-02-01,1070,120,84,71,29,36,42,0.7,0.4084507042253521,113
2023-02-02,1070,100,90,97,38,10,59,0.9,0.3917525773195876,128
2023-02-03,1070,106,70,93,32,36,61,0.660377358490566,0.34408602150537637,102
2023-02-04,1070,108,76,72,40,32,32,0.7037037037037037,0.5555555555555556,116
2023-02-05,1070,126,82,64,37,44,27,0.6507936507936508,0.578125,119
2023-02-06,1070,104,87,60,44,17,16,0.8365384615384616,0.7333333333333333,131
2023-02-07,1070,129,80,76,36,49,40,0.6201550387596899,0.47368421052631576,116
2023-02-08,1070,139,66,84,50,73,34,0.4748201438848921,0.5952380952380952,116
2023-02-09,1070,116,72,59,35,44,24,0.6206896551724138,0.5932203389830508,107
2023-02-10,1070,130,80,97,31,50,66,0.6153846153846154,0.31958762886597936,111
2023-02-11,1070,102,78,55,43,24,12,0.7647058823529411,0.7818181818181819,121
2023-02-12,1070,121,79,70,36,42,34,0.6528925619834711,0.5142857142857142,115
2023-02-13,1070,101,85,71,44,16,27,0.8415841584158416,0.6197183098591549,129
2023-02-14,1070,134,80,54,46,54,8,0.5970149253731343,0.8518518518518519,126
2023-02-15,1070,100,67,87,46,33,41,0.67,0.5287356321839081,113
2023-02-16,1070,112,89,62,34,23,28,0.7946428571428571,0.5483870967741935,123
2023-02-17,1070,115,73,96,32,42,64,0.6347826086956522,0.3333333333333333,105
2023-02-18,1070,106,70,89,38,36,51,0.660377358490566,0.42696629213483145,108
2023-02-19,1070,126,76,75,32,50,43,0.6031746031746031,0.4266666666666667,108
2023-02-20,1070,138,98,93,51,40,42,0.7101449275362319,0.5483870967741935,149
2023-02-21,1070,139,92,94,34,47,60,0.6618705035971223,0.3617021276595745,126
2023-02-22,1070,110,91,86,42,19,44,0.8272727272727273,0.4883720930232558,133
2023-02-23,1070,143,77,96,44,66,52,0.5384615384615384,0.4583333333333333,121
2023-02-24,1070,128,83,98,30,45,68,0.6484375,0.30612244897959184,113
2023-02-25,1070,116,83,91,32,33,59,0.7155172413793104,0.3516483516483517,115
2023-02-26,1070,122,94,54,42,28,12,0.7704918032786885,0.7777777777777778,136
2023-02-27,1070,134,78,59,42,56,17,0.582089552238806,0.711864406779661,120
2023-02-28,1070,113,99,72,37,14,35,0.8761061946902655,0.5138888888888888,136
2023-03-01,1070,147,72,99,52,75,47,0.4897959183673469,0.5252525252525253,124
2023-03-02,1070,130,73,85,43,57,42,0.5615384615384615,0.5058823529411764,116
2023-03-03,1070,103,74,90,35,29,55,0.7184466019417476,0.3888888888888889,109
2023-03-04,1070,125,78,68,38,47,30,0.624,0.5588235294117647,116
2023-03-05,1070,122,104,99,32,18,67,0.8524590163934426,0.32323232323232326,136
2023-03-06,1070,134,79,69,49,55,20,0.5895522388059702,0.7101449275362319,128
2023-03-07,1070,116,89,57,40,27,17,0.7672413793103449,0.7017543859649122,129
2023-03-08,1070,105,87,55,29,18,26,0.8285714285714286,0.5272727272727272,116
2023-03-09,1070,107,94,67,46,13,21,0.8785046728971962,0.6865671641791045,140
2023-03-10,1070,150,86,68,45,64,23,0.5733333333333334,0.6617647058823529,131
2023-03-11,1070,128,71,75,29,57,46,0.5546875,0.38666666666666666,100
2023-03-12,1070,149,91,58,54,58,4,0.610738255033557,0.9310344827586207,145
2023-03-13,1070,145,93,56,36,52,20,0.6413793103448275,0.6428571428571429,129
2023-03-14,1070,145,70,79,49,75,30,0.4827586206896552,0.620253164556962,119
2023-03-15,1070,116,81,92,60,35,32,0.6982758620689655,0.6521739130434783,141
2023-03-16,1070,134,87,73,47,47,26,0.6492537313432836,0.6438356164383562,134
2023-03-17,1070,137,88,81,31,49,50,0.6423357664233577,0.38271604938271603,119
2023-03-18,1070,132,97,74,43,35,31,0.7348484848484849,0.581081081081081,140
2023-03-19,1070,141,80,72,40,61,32,0.5673758865248227,0.5555555555555556,120
2023-03-20,1070,113,76,66,33,37,33,0.672566371681416,0.5,109
2023-03-21,1070,112,71,59,40,41,19,0.6339285714285714,0.6779661016949152,111
2023-03-22,1070,136,97,60,47,39,13,0.7132352941176471,0.7833333333333333,144
2023-03-23,1070,103,85,74,38,18,36,0.8252427184466019,0.5135135135135135,123
2023-03-24,1070,111,80,59,39,31,20,0.7207207207207207,0.6610169491525424,119
2023-03-25,1070,100,81,94,28,19,66,0.81,0.2978723404255319,109
2023-03-26,1070,128,67,69,44,61,25,0.5234375,0.6376811594202898,111
2023-03-27,1070,117,76,82,39,41,43,0.6495726495726496,0.47560975609756095,115
2023-03-28,1070,135,89,50,47,46,3,0.6592592592592592,0.94,136
2023-03-29,1070,148,94,88,49,54,39,0.6351351351351351,0.5568181818181818,143
2023-03-30,1070,111,80,50,36,31,14,0.7207207207207207,0.72,116
2023-03-31,1070,119,92,79,44,27,35,0.773109243697479,0.5569620253164557,136
2023-04-01,1070,113,80,94,43,33,51,0.7079646017699115,0.4574468085106383,123
2023-04-02,1070,128,96,65,33,32,32,0.75,0.5076923076923077,129
2023-04-03,1070,118,81,88,31,37,57,0.6864406779661016,0.3522727272727273,112
2023-04-04,1070,115,63,80,43,52,37,0.5478260869565217,0.5375,106
2023-04-05,1070,121,82,90,43,39,47,0.6776859504132231,0.4777777777777778,125
2023-04-06,1070,124,77,87,32,47,55,0.6209677419354839,0.367816091954023,109
2023-04-07,1070,137,69,53,32,68,21,0.5036496350364964,0.6037735849056604,101
2023-04-08,1070,107,85,95,39,22,56,0.794392523364486,0.4105263157894737,124
2023-04-09,1070,115,93,83,39,22,44,0.808695652173913,0.46987951807228917,132
2023-04-10,1070,137,65,86,30,72,56,0.4744525547445255,0.3488372093023256,95
2023-04-11,1070,140,93,67,48,47,19,0.6642857142857143,0.7164179104477612,141
2023-04-12,1070,133,87,97,42,46,55,0.6541353383458647,0.4329896907216495,129
2023-04-13,1070,141,75,75,43,66,32,0.5319148936170213,0.5733333333333334,118
2023-04-14,1070,129,84,62,37,45,25,0.6511627906976745,0.5967741935483871,121
2023-04-15,1070,125,76,83,38,49,45,0.608,0.4578313253012048,114
2023-04-16,1070,136,68,95,53,68,42,0.5,0.5578947368421052,121
2023-04-17,1070,143,74,92,41,69,51,0.5174825174825175,0.44565217391304346,115
2023-04-18,1070,120,101,87,43,19,44,0.8416666666666667,0.4942528735632184,144
2023-04-19,1070,126,73,96,44,53,52,0.5793650793650794,0.4583333333333333,117
2023-04-20,1070,118,83,76,34,35,42,0.7033898305084746,0.4473684210526316,117
2023-04-21,1070,131,70,85,30,61,55,0.5343511450381679,0.35294117647058826,100
2023-04-22,1070,141,84,54,36,57,18,0.5957446808510638,0.6666666666666666,120
2023-04-23,1070,135,91,60,42,44,18,0.674074074074074,0.7,133
2023-04-24,1070,126,82,53,30,44,23,0.6507936507936508,0.5660377358490566,112
2023-04-25,1070,149,70,69,39,79,30,0.4697986577181208,0.5652173913043478,109
2023-04-26,1070,117,90,72,39,27,33,0.7692307692307693,0.5416666666666666,129
2023-04-27,1070,139,68,71,48,71,23,0.4892086330935252,0.676056338028169,116
2023-04-28,1070,141,75,79,46,66,33,0.5319148936170213,0.5822784810126582,121
2023-04-29,1070,127,68,61,44,59,17,0.5354330708661418,0.7213114754098361,112
2023-04-30,1070,137,73,70,45,64,25,0.5328467153284672,0.6428571428571429,118
2023-05-01,1070,147,67,64,43,80,21,0.4557823129251701,0.671875,110
2023-05-02,1070,122,70,74,47,52,27,0.5737704918032787,0.6351351351351351,117
2023-05-03,1070,102,83,94,34,19,60,0.8137254901960784,0.3617021276595745,117
2023-05-04,1070,110,88,67,45,22,22,0.8,0.6716417910447762,133
2023-05-05,1070,146,81,88,40,65,48,0.5547945205479452,0.45454545454545453,121
2023-05-06,1070,103,76,64,30,27,34,0.7378640776699029,0.46875,106
2023-05-07,1070,136,96,77,46,40,31,0.7058823529411765,0.5974025974025974,142
2023-05-08,1070,108,82,82,43,26,39,0.7592592592592593,0.524390243902439,125
2023-05-09,1070,118,73,92,38,45,54,0.6186440677966102,0.41304347826086957,111
2023-05-10,1070,126,75,69,33,51,36,0.5952380952380952,0.4782608695652174,108
2023-05-11,1070,103,69,54,32,34,22,0.6699029126213593,0.5925925925925926,101
2023-05-12,1070,106,91,95,46,15,49,0.8584905660377359,0.4842105263157895,137
2023-05-13,1070,140,71,51,39,69,12,0.5071428571428571,0.7647058823529411,110
2023-05-14,1070,141,71,66,41,70,25,0.5035460992907801,0.6212121212121212,112
2023-05-15,1070,136,81,60,38,55,22,0.5955882352941176,0.6333333333333333,119
2023-05-16,1070,150,68,54,40,82,14,0.4533333333333333,0.7407407407407407,108
2023-05-17,1070,129,85,50,43,44,7,0.6589147286821705,0.86,128
2023-05-18,1070,129,82,65,37,47,28,0.6356589147286822,0.5692307692307692,119
2023-05-19,1070,113,74,62,30,39,32,0.6548672566371682,0.4838709677419355,104
2023-05-20,1070,142,66,80,42,76,38,0.4647887323943662,0.525,108
2023-05-21,1070,118,81,91,40,37,51,0.6864406779661016,0.43956043956043955,121
2023-05-22,1070,126,93,75,29,33,46,0.7380952380952381,0.38666666666666666,122
2023-05-23,1070,122,83,79,39,39,40,0.680327868852459,0.4936708860759494,122
2023-05-24,1070,124,78,92,39,46,53,0.6290322580645161,0.42391304347826086,117
2023-05-25,1070,150,83,90,41,67,49,0.5533333333333333,0.45555555555555555,124
2023-05-26,1070,103,82,56,36,21,20,0.7961165048543689,0.6428571428571429,118
2023-05-27,1070,139,68,78,33,71,45,0.4892086330935252,0.4230769230769231,101
2023-05-28,1070,100,80,55,43,20,12,0.8,0.7818181818181819,123
2023-05-29,1070,107,86,61,39,21,22,0.8037383177570093,0.639344262295082,125
2023-05-30,1070,107,82,63,31,25,32,0.7663551401869159,0.49206349206349204,113
2023-05-31,1070,146,78,81,41,68,40,0.5342465753424658,0.5061728395061729,119
2023-06-01,1070,147,72,59,47,75,12,0.4897959183673469,0.7966101694915254,119
2023-06-02,1070,119,84,63,41,35,22,0.7058823529411765,0.6507936507936508,125
2023-06-03,1070,142,75,60,36,67,24,0.528169014084507,0.6,111
2023-06-04,1070,101,83,53,38,18,15,0.8217821782178217,0.71698113207547165,121
2023-06-05,1070,123,71,81,54,52,27,0.5772357723577236,0.6666666666666666,125
2023-06-06,1070,136,73,84,38,63,46,0.5367647058823529,0.4523809523809524,111
2023-06-07,1070,106,89,59,42,17,17,0.839622641509434,0.711864406779661,131
2023-06-08,1070,131,81,57,48,50,9,0.6183206106870229,0.8421052631578947,129
2023-06-09,1070,122,81,81,38,41,43,0.6639344262295082,0.4691358024691358,119
2023-06-10,1070,137,79,64,40,58,24,0.5766423357664233,0.625,119
2023-06-11,1070,125,84,80,42,41,38,0.672,0.525,126
2023-06-12,1070,136,65,60,32,71,28,0.47794117647058826,0.5333333333333333,97
2023-06-13,1070,128,87,92,34,41,58,0.6796875,0.3695652173913043,121
2023-06-14,1070,104,91,75,26,13,49,0.875,0.3466666666666667,117
2023-06-15,1070,110,70,77,36,40,41,0.6363636363636364,0.4675324675324675,106
2023-06-16,1070,131,74,90,43,57,47,0.5648854961832062,0.4777777777777778,117
2023-06-17,1070,148,76,72,38,72,34,0.5135135135135135,0.5277777777777778,114
2023-06-18,1070,146,89,62,41,57,21,0.6095890410958904,0.6612903225806451,130
2023-06-19,1070,130,62,88,39,68,49,0.47692307692307695,0.4431818181818182,101
2023-06-20,1070,149,72,69,52,77,17,0.48322147651006714,0.7536231884057971,124
2023-06-21,1070,107,75,64,43,32,21,0.7009345794392523,0.671875,118
2023-06-22,1070,102,81,80,49,21,31,0.7941176470588235,0.6125,130
2023-06-23,1070,126,94,61,42,32,19,0.746031746031746,0.6885245901639344,136
2023-06-24,1070,128,72,86,35,56,51,0.5625,0.4069767441860465,107
2023-06-25,1070,146,89,79,53,57,26,0.6095890410958904,0.6708860759493671,142
2023-06-26,1070,145,72,90,38,73,52,0.496551724137931,0.4222222222222222,110
2023-06-27,1070,117,69,98,51,48,47,0.5897435897435898,0.5204081632653061,120
2023-06-28,1070,125,58,62,41,67,21,0.464,0.6612903225806451,99
2023-06-29,1070,102,87,87,34,15,53,0.8529411764705882,0.39080459770114945,121
2023-06-30,1070,110,72,56,37,38,19,0.6545454545454545,0.6607142857142857,109
2023-07-01,1070,111,74,54,45,37,9,0.6666666666666666,0.8333333333333334,119
2023-07-02,1070,115,83,65,30,32,35,0.7217391304347827,0.46153846153846156,113
2023-07-03,1070,134,74,81,42,60,39,0.5522388059701493,0.5185185185185185,116
2023-07-04,1070,116,93,81,40,23,41,0.8017241379310345,0.49382716049382713,133
2023-07-05,1070,146,90,100,46,56,54,0.6164383561643836,0.46,136
2023-07-06,1070,103,82,82,41,21,41,0.7961165048543689,0.5,123
2023-07-07,1070,109,77,77,42,32,35,0.7064220183486238,0.5454545454545454,119
2023-07-08,1070,136,67,70,43,69,27,0.49264705882352944,0.6142857142857143,110
2023-07-09,1070,114,102,90,45,12,45,0.8947368421052632,0.5,147
2023-07-10,1070,103,76,59,43,27,16,0.7378640776699029,0.7288135593220338,119
2023-07-11,1070,120,77,84,43,43,41,0.6416666666666667,0.5119047619047619,120
2023-07-12,1070,131,73,73,33,58,40,0.5572519083969466,0.4520547945205479,106
2023-07-13,1070,118,69,52,39,49,13,0.5847457627118644,0.75,108
2023-07-14,1070,100,64,88,43,36,45,0.64,0.48863636363636365,107
2023-07-15,1070,102,57,97,42,45,55,0.5588235294117647,0.4329896907216495,99
2023-07-16,1070,140,85,100,34,55,66,0.6071428571428571,0.34,119
2023-07-17,1070,148,68,100,38,80,62,0.4594594594594595,0.38,106
2023-07-18,1070,139,106,61,42,33,19,0.762589928057554,0.6885245901639344,148
2023-07-19,1070,118,73,93,41,45,52,0.6186440677966102,0.44086021505376344,114
2023-07-20,1070,102,79,73,38,23,35,0.7745098039215687,0.5205479452054794,117
2023-07-21,1070,107,79,77,46,28,31,0.7383177570093458,0.5974025974025974,125
2023-07-22,1070,143,92,64,33,51,31,0.6433566433566433,0.515625,125
2023-07-23,1070,144,90,54,46,54,8,0.625,0.8518518518518519,136
2023-07-24,1070,107,77,82,35,30,47,0.719626168224299,0.4268292682926829,112
2023-07-25,1070,145,76,55,33,69,22,0.5241379310344828,0.6,109
2023-07-26,1070,116,70,69,34,46,35,0.603448275862069,0.4927536231884058,104
2023-07-27,1070,143,77,81,44,66,37,0.5384615384615384,0.5432098765432098,121
2023-07-28,1070,139,73,56,38,66,18,0.5251798561151079,0.6785714285714286,111
2023-07-29,1070,127,99,85,41,28,44,0.7795275590551181,0.4823529411764706,140
2023-07-30,1070,148,78,73,42,70,31,0.527027027027027,0.5753424657534246,120
2023-07-31,1070,145,80,62,45,65,17,0.5517241379310345,0.7258064516129032,125
2023-08-01,1070,132,84,84,33,48,51,0.6363636363636364,0.39285714285714285,117
2023-08-02,1070,141,75,97,49,66,48,0.5319148936170213,0.5051546391752577,124
2023-08-03,1070,149,81,76,34,68,42,0.5436241610738255,0.4473684210526316,115
2023-08-04,1070,112,85,70,37,27,33,0.7589285714285714,0.5285714285714286,122
2023-08-05,1070,127,74,87,44,53,43,0.5826771653543307,0.5057471264367817,118
2023-08-06,1070,141,71,66,26,70,40,0.5035460992907801,0.3939393939393939,97
2023-08-07,1070,150,77,62,48,73,14,0.5133333333333333,0.7741935483870968,125
2023-08-08,1070,116,89,53,39,27,14,0.7672413793103449,0.7358490566037735,128
2023-08-09,1070,128,91,80,39,37,41,0.7109375,0.4875,130
2023-08-10,1070,129,82,69,40,47,29,0.6356589147286822,0.5797101449275363,122
2023-08-11,1070,148,79,82,45,69,37,0.5337837837837838,0.5487804878048781,124
2023-08-12,1070,144,102,68,53,42,15,0.7083333333333334,0.7794117647058824,155
2023-08-13,1070,113,84,68,47,29,21,0.7433628318584071,0.6911764705882353,131
2023-08-14,1070,123,78,63,41,45,22,0.6341463414634146,0.6507936507936508,119
2023-08-15,1070,130,82,76,49,48,27,0.6307692307692307,0.6447368421052632,131
2023-08-16,1070,101,81,89,26,20,63,0.801980198019802,0.29213483146067415,107
2023-08-17,1070,123,79,66,37,44,29,0.6422764227642277,0.5606060606060606,116
2023-08-18,1070,142,81,70,40,61,30,0.5704225352112676,0.5714285714285714,121
2023-08-19,1070,108,71,88,38,37,50,0.6574074074074074,0.4318181818181818,109
2023-08-20,1070,118,89,60,43,29,17,0.7542372881355932,0.7166666666666667,132
2023-08-21,1070,125,86,85,33,39,52,0.688,0.38823529411764707,119
2023-08-22,1070,129,76,71,49,53,22,0.5891472868217055,0.6901408450704225,125
2023-08-23,1070,136,85,67,29,51,38,0.625,0.43283582089552236,114
2023-08-24,1070,115,71,60,41,44,19,0.6173913043478261,0.6833333333333333,112
2023-08-25,1070,133,80,57,44,53,13,0.6015037593984962,0.7719298245614035,124
2023-08-26,1070,146,89,53,46,57,7,0.6095890410958904,0.8679245283018868,135
2023-08-27,1070,131,78,50,47,53,3,0.5954198473282443,0.94,125
2023-08-28,1070,137,78,69,36,59,33,0.5693430656934306,0.5217391304347826,114
2023-08-29,1070,123,101,71,35,22,36,0.8211382113821138,0.49295774647887325,136
2023-08-30,1070,146,76,60,44,70,16,0.5205479452054794,0.7333333333333333,120
2023-08-31,1070,106,84,86,39,22,47,0.7924528301886793,0.45348837209302323,123
2023-09-01,1070,127,80,70,37,47,33,0.6299212598425197,0.5285714285714286,117
2023-09-02,1070,145,80,60,41,65,19,0.5517241379310345,0.6833333333333333,121
2023-09-03,1070,113,65,92,24,48,68,0.5752212389380531,0.2608695652173913,89
2023-09-04,1070,100,72,75,34,28,41,0.72,0.4533333333333333,106
2023-09-05,1070,124,67,68,40,57,28,0.5403225806451613,0.5882352941176471,107
2023-09-06,1070,137,79,96,41,58,55,0.5766423357664233,0.4270833333333333,120
2023-09-07,1070,111,72,50,47,39,3,0.6486486486486487,0.94,119
2023-09-08,1070,100,77,77,50,23,27,0.77,0.6493506493506493,127
2023-09-09,1070,148,82,77,45,66,32,0.5540540540540541,0.5844155844155844,127
2023-09-10,1070,120,83,98,42,37,56,0.6916666666666667,0.42857142857142855,125
2023-09-11,1070,104,64,53,42,40,11,0.6153846153846154,0.7924528301886793,106
2023-09-12,1070,146,89,59,45,57,14,0.6095890410958904,0.7627118644067796,134
2023-09-13,1070,110,89,93,38,21,55,0.8090909090909091,0.40860215053763443,127
2023-09-14,1070,110,58,70,38,52,32,0.5272727272727272,0.5428571428571428,96
2023-09-15,1070,119,77,61,31,42,30,0.6470588235294118,0.5081967213114754,108
2023-09-16,1070,114,76,75,50,38,25,0.6666666666666666,0.6666666666666666,126
2023-09-17,1070,149,86,68,43,63,25,0.5771812080536913,0.6323529411764706,129
2023-09-18,1070,149,82,52,39,67,13,0.5503355704697986,0.75,121
2023-09-19,1070,130,76,84,43,54,41,0.5846153846153846,0.5119047619047619,119
2023-09-20,1070,137,75,67,44,62,23,0.5474452554744526,0.6567164179104478,119
2023-09-21,1070,147,81,97,35,66,62,0.5510204081632653,0.36082474226804123,116
2023-09-22,1070,112,78,76,28,34,48,0.6964285714285714,0.3684210526315789,106
2023-09-23,1070,107,95,52,52,12,0,0.8878504672897196,1,147
2023-09-24,1070,145,83,59,47,62,12,0.5724137931034483,0.7966101694915254,130
2023-09-25,1070,129,85,64,46,44,18,0.6589147286821705,0.71875,131
2023-09-26,1070,119,86,75,38,33,37,0.7226890756302521,0.5066666666666667,124
2023-09-27,1070,123,74,77,38,49,39,0.6016260162601627,0.4935064935064935,112
2023-09-28,1070,145,89,92,52,56,40,0.6137931034482759,0.5652173913043478,141
2023-09-29,1070,115,89,92,41,26,51,0.7739130434782608,0.44565217391304346,130
2023-09-30,1070,109,76,60,45,33,15,0.6972477064220184,0.75,121
2023-10-01,1070,108,81,61,45,27,16,0.75,0.7377049180327869,126
2023-10-02,1070,110,89,96,41,21,55,0.8090909090909091,0.4270833333333333,130
2023-10-03,1070,142,76,72,41,66,31,0.5352112676056338,0.5694444444444444,117
2023-10-04,1070,119,89,96,36,30,60,0.7478991596638656,0.375,125
2023-10-05,1070,127,79,84,48,48,36,0.6220472440944882,0.5714285714285714,127
2023-10-06,1070,125,71,69,32,54,37,0.568,0.463768115942029,103
2023-10-07,1070,110,75,75,44,35,31,0.6818181818181818,0.5866666666666667,119
2023-10-08,1070,115,93,99,38,22,61,0.808695652173913,0.3838383838383838,131
2023-10-09,1070,112,74,84,39,38,45,0.6607142857142857,0.4642857142857143,113
2023-10-10,1070,150,83,90,40,67,50,0.5533333333333333,0.4444444444444444,123
2023-10-11,1070,142,76,82,53,66,29,0.5352112676056338,0.6463414634146342,129
2023-10-12,1070,109,95,67,31,14,36,0.8715596330275229,0.4626865671641791,126
2023-10-13,1070,150,84,73,34,66,39,0.56,0.4657534246575342,118
2023-10-14,1070,148,77,78,37,71,41,0.5202702702702703,0.47435897435897434,114
2023-10-15,1070,124,84,60,24,40,36,0.6774193548387096,0.4,108
2023-10-16,1070,150,91,81,44,59,37,0.6066666666666667,0.5432098765432098,135
2023-10-17,1070,114,86,96,38,28,58,0.7543859649122807,0.3958333333333333,124
2023-10-18,1070,149,67,60,34,82,26,0.44966442953020136,0.5666666666666667,101
2023-10-19,1070,143,80,96,50,63,46,0.5594405594405595,0.5208333333333334,130
2023-10-20,1070,130,81,60,40,49,20,0.6230769230769231,0.6666666666666666,121
2023-10-21,1070,108,69,82,49,39,33,0.6388888888888888,0.5975609756097561,118
2023-10-22,1070,128,92,60,44,36,16,0.71875,0.7333333333333333,136
2023-10-23,1070,125,96,70,43,29,27,0.768,0.6142857142857143,139
2023-10-24,1070,128,81,66,44,47,22,0.6328125,0.6666666666666666,125
2023-10-25,1070,147,91,73,39,56,34,0.6190476190476191,0.5342465753424658,130
2023-10-26,1070,110,83,85,47,27,38,0.7545454545454545,0.5529411764705883,130
2023-10-27,1070,129,87,70,48,42,22,0.6744186046511628,0.6857142857142857,135
2023-10-28,1070,147,77,53,42,70,11,0.5238095238095238,0.7924528301886793,119
2023-10-29,1070,136,70,57,38,66,19,0.5147058823529411,0.6666666666666666,108
2023-10-30,1070,129,90,59,45,39,14,0.6976744186046512,0.7627118644067796,135
2023-10-31,1070,110,75,77,40,35,37,0.6818181818181818,0.5194805194805194,115
2023-11-01,1070,139,82,67,31,57,36,0.5899280575539568,0.4626865671641791,113
2023-11-02,1070,115,85,70,36,30,34,0.7391304347826086,0.5142857142857142,121
2023-11-03,1070,101,73,56,46,28,10,0.7227722772277227,0.8214285714285714,119
2023-11-04,1070,145,86,71,45,59,26,0.593103448275862,0.6338028169014085,131
2023-11-05,1070,125,90,75,38,35,37,0.72,0.5066666666666667,128
2023-11-06,1070,107,64,63,38,43,25,0.5981308411214953,0.6031746031746031,102
2023-11-07,1070,150,93,67,57,57,10,0.62,0.8507462686567164,150
2023-11-08,1070,124,78,56,35,46,21,0.6290322580645161,0.625,113
2023-11-09,1070,123,77,81,38,46,43,0.6260162601626016,0.4691358024691358,115
2023-11-10,1070,135,75,82,40,60,42,0.5555555555555556,0.4878048780487805,115
2023-11-11,1070,110,77,73,46,33,27,0.7,0.6301369863013698,123
2023-11-12,1070,122,76,68,38,46,30,0.6229508196721312,0.5588235294117647,114
2023-11-13,1070,134,87,80,37,47,43,0.6492537313432836,0.4625,124
2023-11-14,1070,139,68,65,38,71,27,0.4892086330935252,0.5846153846153846,106
2023-11-15,1070,139,57,81,38,82,43,0.41007194244604317,0.4691358024691358,95
2023-11-16,1070,143,88,84,26,55,58,0.6153846153846154,0.30952380952380953,114
2023-11-17,1070,122,88,84,40,34,44,0.7213114754098361,0.47619047619047616,128
2023-11-18,1070,130,85,77,54,45,23,0.6538461538461539,0.7012987012987013,139
2023-11-19,1070,141,85,55,34,56,21,0.6028368794326241,0.6181818181818182,119
2023-11-20,1070,130,89,52,40,41,12,0.6846153846153846,0.7692307692307693,129
2023-11-21,1070,109,70,70,51,39,19,0.6422018348623854,0.7285714285714285,121
2023-11-22,1070,145,67,84,41,78,43,0.46206896551724136,0.4880952380952381,108
2023-11-23,1070,145,77,77,29,68,48,0.5310344827586206,0.37662337662337664,106
2023-11-24,1070,138,79,71,42,59,29,0.572463768115942,0.5915492957746479,121
2023-11-25,1070,140,78,82,48,62,34,0.5571428571428572,0.5853658536585366,126
2023-11-26,1070,147,72,67,44,75,23,0.4897959183673469,0.6567164179104478,116
2023-11-27,1070,145,74,73,37,71,36,0.5103448275862069,0.5068493150684932,111
2023-11-28,1070,143,76,84,46,67,38,0.5314685314685315,0.5476190476190477,122
2023-11-29,1070,126,76,86,45,50,41,0.6031746031746031,0.5232558139534884,121
2023-11-30,1070,107,82,54,36,25,18,0.7663551401869159,0.6666666666666666,118
2023-12-01,1070,111,90,71,49,21,22,0.8108108108108109,0.6901408450704225,139
2023-12-02,1070,111,89,79,40,22,39,0.8018018018018018,0.5063291139240507,129
2023-12-03,1070,108,83,53,38,25,15,0.7685185185185185,0.71698113207547165,121
2023-12-04,1070,129,80,53,45,49,8,0.6201550387596899,0.8490566037735849,125
2023-12-05,1070,136,89,55,40,47,15,0.6544117647058824,0.7272727272727273,129
2023-12-06,1070,128,87,84,46,41,38,0.6796875,0.5476190476190477,133
2023-12-07,1070,129,74,52,44,55,8,0.5736434108527132,0.8461538461538461,118
2023-12-08,1070,110,76,78,41,34,37,0.6909090909090909,0.5256410256410257,117
2023-12-09,1070,145,86,68,34,59,34,0.593103448275862,0.5,120
2023-12-10,1070,112,93,85,26,19,59,0.8303571428571429,0.3058823529411765,119
2023-12-11,1070,135,83,54,42,52,12,0.6148148148148148,0.7777777777777778,125
2023-12-12,1070,128,80,54,44,48,10,0.625,0.8148148148148148,124
2023-12-13,1070,114,77,76,54,37,22,0.6754385964912281,0.7105263157894737,131
2023-12-14,1070,140,63,50,47,77,3,0.45,0.94,110
2023-12-15,1070,102,67,99,47,35,52,0.6568627450980392,0.47474747474747475,114
2023-12-16,1070,120,78,97,44,42,53,0.65,0.4536082474226804,122
2023-12-17,1070,148,87,90,37,61,53,0.5878378378378378,0.4111111111111111,124
2023-12-18,1070,133,76,75,45,57,30,0.5714285714285714,0.6,121
2023-12-19,1070,145,85,96,53,60,43,0.5862068965517241,0.5520833333333334,138
2023-12-20,1070,104,84,88,37,20,51,0.8076923076923077,0.42045454545454547,121
2023-12-21,1070,105,80,67,41,25,26,0.7619047619047619,0.6119402985074627,121
2023-12-22,1070,120,59,53,37,61,16,0.49166666666666664,0.6981132075471698,96
2023-12-23,1070,130,82,53,37,48,16,0.6307692307692307,0.6981132075471698,119
2023-12-24,1070,110,82,87,34,28,53,0.7454545454545455,0.39080459770114945,116
2023-12-25,1070,141,77,50,34,64,16,0.5460992907801419,0.68,111
2023-12-26,1070,142,74,61,50,68,11,0.5211267605633803,0.819672131147541,124
2023-12-27,1070,112,83,67,34,29,33,0.7410714285714286,0.5074626865671642,117
2023-12-28,1070,128,78,88,27,50,61,0.609375,0.3068181818181818,105
2023-12-29,1070,132,66,86,39,66,47,0.5,0.45348837209302323,105
2023-12-30,1070,149,87,64,44,62,20,0.5838926174496645,0.6875,131
2023-12-31,1070,124,65,86,29,59,57,0.5241935483870968,0.3372093023255814,94
2023-01-01,1071,121,75,66,39,46,27,0.6198347107438017,0.5909090909090909,114
2023-01-02,1071,108,73,56,43,35,13,0.6759259259259259,0.7678571428571429,116
2023-01-03,1071,126,77,74,31,49,43,0.6111111111111112,0.4189189189189189,108
2023-01-04,1071,140,70,81,45,70,36,0.5,0.5555555555555556,115
2023-01-05,1071,118,82,73,36,36,37,0.6949152542372882,0.4931506849315068,118
2023-01-06,1071,106,76,100,49,30,51,0.71698113207547165,0.49,125
2023-01-07,1071,147,80,56,39,67,17,0.54421768707483,0.6964285714285714,119
2023-01-08,1071,143,80,54,40,63,14,0.5594405594405595,0.7407407407407407,120
2023-01-09,1071,114,66,64,34,48,30,0.5789473684210527,0.53125,100
2023-01-10,1071,135,77,63,47,58,16,0.5703703703703704,0.746031746031746,124
2023-01-11,1071,118,77,80,40,41,40,0.652542372881356,0.5,117
2023-01-12,1071,137,76,93,39,61,54,0.5547445255474452,0.41935483870967744,115
2023-01-13,1071,148,81,96,35,67,61,0.5472972972972973,0.3645833333333333,116
2023-01-14,1071,146,92,56,32,54,24,0.6301369863013698,0.5714285714285714,124
2023-01-15,1071,120,102,98,42,18,56,0.85,0.42857142857142855,144
2023-01-16,1071,139,84,92,31,55,61,0.60431654676259,0.33695652173913043,115
2023-01-17,1071,123,91,79,40,32,39,0.7398373983739838,0.5063291139240507,131
2023-01-18,1071,104,83,98,43,21,55,0.7980769230769231,0.4387755102040816,126
2023-01-19,1071,128,80,77,35,48,42,0.625,0.45454545454545453,115
2023-01-20,1071,112,75,54,30,37,24,0.6696428571428571,0.5555555555555556,105
2023-01-21,1071,126,75,66,48,51,18,0.5952380952380952,0.7272727272727273,123
2023-01-22,1071,142,81,53,39,61,14,0.5704225352112676,0.7358490566037735,120
2023-01-23,1071,109,84,98,40,25,58,0.7706422018348624,0.40816326530612246,124
2023-01-24,1071,135,88,96,38,47,58,0.6518518518518519,0.3958333333333333,126
2023-01-25,1071,106,85,84,27,21,57,0.8018867924528302,0.32142857142857145,112
2023-01-26,1071,143,83,77,43,60,34,0.5804195804195804,0.5584415584415584,126
2023-01-27,1071,149,75,62,30,74,32,0.5033557046979866,0.4838709677419355,105
2023-01-28,1071,116,74,68,48,42,20,0.6379310344827587,0.7058823529411765,122
2023-01-29,1071,107,78,82,30,29,52,0.7289719626168224,0.36585365853658536,108
2023-01-30,1071,115,73,79,30,42,49,0.6347826086956522,0.379746835443038,103
2023-01-31,1071,140,79,95,42,61,53,0.5642857142857143,0.4421052631578947,121
2023-02-01,1071,102,88,63,31,14,32,0.8627450980392157,0.49206349206349204,119
2023-02-02,1071,124,76,77,43,48,34,0.6129032258064516,0.5584415584415584,119
2023-02-03,1071,124,77,90,41,47,49,0.6209677419354839,0.45555555555555555,118
2023-02-04,1071,148,78,73,38,70,35,0.527027027027027,0.5205479452054794,116
2023-02-05,1071,136,81,57,45,55,12,0.5955882352941176,0.7894736842105263,126
2023-02-06,1071,125,70,61,55,55,6,0.56,0.9016393442622951,125
2023-02-07,1071,146,87,96,30,59,66,0.5958904109589042,0.3125,117
2023-02-08,1071,146,82,98,47,64,51,0.5616438356164384,0.47959183673469385,129
2023-02-09,1071,134,85,66,47,49,19,0.6343283582089553,0.7121212121212122,132
2023-02-10,1071,102,84,71,44,18,27,0.8235294117647058,0.6197183098591549,128
2023-02-11,1071,116,79,58,45,37,13,0.6810344827586207,0.7758620689655172,124
2023-02-12,1071,148,87,63,38,61,25,0.5878378378378378,0.6031746031746031,125
2023-02-13,1071,106,69,84,38,37,46,0.6509433962264151,0.4523809523809524,107
2023-02-14,1071,105,80,50,47,25,3,0.7619047619047619,0.94,127
2023-02-15,1071,128,84,60,50,44,10,0.65625,0.8333333333333334,134
2023-02-16,1071,150,85,72,47,65,25,0.5666666666666667,0.6527777777777778,132
2023-02-17,1071,150,91,52,46,59,6,0.6066666666666667,0.8846153846153846,137
2023-02-18,1071,110,64,81,46,46,35,0.5818181818181818,0.5679012345679012,110
2023-02-19,1071,142,86,81,40,56,41,0.6056338028169014,0.49382716049382713,126
2023-02-20,1071,150,68,97,38,82,59,0.4533333333333333,0.3917525773195876,106
2023-02-21,1071,104,64,78,49,40,29,0.6153846153846154,0.6282051282051282,113
2023-02-22,1071,134,98,78,51,36,27,0.7313432835820896,0.6538461538461539,149
2023-02-23,1071,148,78,58,28,70,30,0.527027027027027,0.4827586206896552,106
2023-02-24,1071,143,64,58,50,79,8,0.44755244755244755,0.8620689655172413,114
2023-02-25,1071,138,69,94,38,69,56,0.5,0.40425531914893614,107
2023-02-26,1071,102,65,73,43,37,30,0.6372549019607843,0.589041095890411,108
2023-02-27,1071,148,88,90,40,60,50,0.5945945945945946,0.4444444444444444,128
2023-02-28,1071,112,84,68,35,28,33,0.75,0.5147058823529411,119
2023-03-01,1071,130,83,82,29,47,53,0.6384615384615384,0.35365853658536583,112
2023-03-02,1071,108,72,88,34,36,54,0.6666666666666666,0.38636363636363635,106
2023-03-03,1071,111,89,93,51,22,42,0.8018018018018018,0.5483870967741935,140
2023-03-04,1071,115,83,95,40,32,55,0.7217391304347827,0.42105263157894735,123
2023-03-05,1071,133,76,52,40,57,12,0.5714285714285714,0.7692307692307693,116
2023-03-06,1071,106,77,59,39,29,20,0.7264150943396226,0.6610169491525424,116
2023-03-07,1071,114,81,89,25,33,64,0.7105263157894737,0.2808988764044944,106
2023-03-08,1071,115,87,80,47,28,33,0.7565217391304347,0.5875,134
2023-03-09,1071,117,82,55,23,35,32,0.7008547008547008,0.41818181818181815,105
2023-03-10,1071,116,92,64,42,24,22,0.7931034482758621,0.65625,134
2023-03-11,1071,111,78,56,34,33,22,0.7027027027027027,0.6071428571428571,112
2023-03-12,1071,143,73,96,43,70,53,0.5104895104895105,0.4479166666666667,116
2023-03-13,1071,105,77,83,36,28,47,0.7333333333333333,0.43373493975903615,113
2023-03-14,1071,143,74,94,41,69,53,0.5174825174825175,0.43617021276595747,115
2023-03-15,1071,110,104,52,38,6,14,0.9454545454545454,0.7307692307692307,142
2023-03-16,1071,125,91,62,31,34,31,0.728,0.5,122
2023-03-17,1071,118,81,67,40,37,27,0.6864406779661016,0.5970149253731343,121
2023-03-18,1071,119,73,97,48,46,49,0.6134453781512605,0.4948453608247423,121
2023-03-19,1071,145,79,64,38,66,26,0.5448275862068965,0.59375,117
2023-03-20,1071,102,70,59,29,32,30,0.6862745098039216,0.4915254237288136,99
2023-03-21,1071,128,83,95,37,45,58,0.6484375,0.3894736842105263,120
2023-03-22,1071,126,85,52,39,41,13,0.6746031746031746,0.75,124
2023-03-23,1071,123,80,74,53,43,21,0.6504065040650406,0.7162162162162162,133
2023-03-24,1071,104,89,87,38,15,49,0.8557692307692307,0.4367816091954023,127
2023-03-25,1071,126,84,62,42,42,20,0.6666666666666666,0.6774193548387096,126
2023-03-26,1071,132,70,66,39,62,27,0.5303030303030303,0.5909090909090909,109
2023-03-27,1071,133,85,75,35,48,40,0.6390977443609023,0.4666666666666667,120
2023-03-28,1071,131,80,87,35,51,52,0.6106870229007634,0.40229885057471265,115
2023-03-29,1071,103,75,52,40,28,12,0.7281553398058253,0.7692307692307693,115
2023-03-30,1071,124,79,99,42,45,57,0.6370967741935484,0.42424242424242425,121
2023-03-31,1071,140,74,50,33,66,17,0.5285714285714286,0.66,107
2023-04-01,1071,123,102,67,41,21,26,0.8292682926829268,0.6119402985074627,143
2023-04-02,1071,125,67,79,37,58,42,0.536,0.46835443037974683,104
2023-04-03,1071,126,99,81,41,27,40,0.7857142857142857,0.5061728395061729,140
2023-04-04,1071,141,83,52,41,58,11,0.5886524822695035,0.7884615384615384,124
2023-04-05,1071,113,79,78,52,34,26,0.6991150442477876,0.6666666666666666,131
2023-04-06,1071,100,87,66,42,13,24,0.87,0.6363636363636364,129
2023-04-07,1071,123,75,54,41,48,13,0.6097560975609756,0.7592592592592593,116
2023-04-08,1071,109,85,92,32,24,60,0.7798165137614679,0.34782608695652173,117
2023-04-09,1071,136,87,63,42,49,21,0.6397058823529411,0.6666666666666666,129
2023-04-10,1071,116,97,87,34,19,53,0.8362068965517241,0.39080459770114945,131
2023-04-11,1071,126,76,50,31,50,19,0.6031746031746031,0.62,107
2023-04-12,1071,124,86,75,43,38,32,0.6935483870967742,0.5733333333333334,129
2023-04-13,1071,140,88,93,41,52,52,0.6285714285714286,0.44086021505376344,129
2023-04-14,1071,104,69,96,48,35,48,0.6634615384615384,0.5,117
2023-04-15,1071,129,62,77,47,67,30,0.4806201550387597,0.6103896103896104,109
2023-04-16,1071,149,80,51,51,69,0,0.5369127516778524,1,131
2023-04-17,1071,148,95,69,37,53,32,0.6418918918918919,0.5362318840579711,132
2023-04-18,1071,134,86,59,35,48,24,0.6417910447761194,0.5932203389830508,121
2023-04-19,1071,137,77,87,37,60,50,0.5620437956204379,0.42528735632183906,114
2023-04-20,1071,134,98,87,41,36,46,0.7313432835820896,0.47126436781609193,139
2023-04-21,1071,127,84,68,43,43,25,0.6614173228346457,0.6323529411764706,127
2023-04-22,1071,147,72,80,32,75,48,0.4897959183673469,0.4,104
2023-04-23,1071,129,79,83,37,50,46,0.6124031007751938,0.4457831325301205,116
2023-04-24,1071,107,72,71,52,35,19,0.6728971962616822,0.7323943661971831,124
2023-04-25,1071,143,84,54,39,59,15,0.5874125874125874,0.7222222222222222,123
2023-04-26,1071,112,81,84,41,31,43,0.7232142857142857,0.4880952380952381,122
2023-04-27,1071,105,82,86,39,23,47,0.780952380952381,0.45348837209302323,121
2023-04-28,1071,102,76,52,43,26,9,0.7450980392156863,0.8269230769230769,119
2023-04-29,1071,143,84,53,53,59,0,0.5874125874125874,1,137
2023-04-30,1071,119,84,60,48,35,12,0.7058823529411765,0.8,132
2023-05-01,1071,129,78,51,27,51,24,0.6046511627906976,0.5294117647058824,105
2023-05-02,1071,128,90,78,35,38,43,0.703125,0.44871794871794873,125
2023-05-03,1071,115,72,53,46,43,7,0.6260869565217392,0.8679245283018868,118
2023-05-04,1071,126,85,75,46,41,29,0.6746031746031746,0.6133333333333333,131
2023-05-05,1071,124,63,72,46,61,26,0.5080645161290323,0.6388888888888888,109
2023-05-06,1071,139,69,87,33,70,54,0.49640287769784175,0.3793103448275862,102
2023-05-07,1071,132,63,73,36,69,37,0.4772727272727273,0.4931506849315068,99
2023-05-08,1071,135,91,92,48,44,44,0.674074074074074,0.5217391304347826,139
2023-05-09,1071,110,85,91,44,25,47,0.7727272727272727,0.4835164835164835,129
2023-05-10,1071,146,73,91,30,73,61,0.5,0.32967032967032966,103
2023-05-11,1071,127,85,85,43,42,42,0.6692913385826772,0.5058823529411764,128
2023-05-12,1071,131,86,89,39,45,50,0.6564885496183206,0.43820224719101125,125
2023-05-13,1071,140,84,59,46,56,13,0.6,0.7796610169491526,130
2023-05-14,1071,130,91,98,52,39,46,0.7,0.5306122448979592,143
2023-05-15,1071,101,77,83,37,24,46,0.7623762376237624,0.4457831325301205,114
2023-05-16,1071,136,71,50,36,65,14,0.5220588235294118,0.72,107
2023-05-17,1071,146,72,78,35,74,43,0.4931506849315068,0.44871794871794873,107
2023-05-18,1071,125,84,56,42,41,14,0.672,0.75,126
2023-05-19,1071,102,78,80,33,24,47,0.7647058823529411,0.4125,111
2023-05-20,1071,141,62,56,38,79,18,0.4397163120567376,0.6785714285714286,100
2023-05-21,1071,108,68,54,36,40,18,0.6296296296296297,0.6666666666666666,104
2023-05-22,1071,123,74,91,25,49,66,0.6016260162601627,0.27472527472527475,99
2023-05-23,1071,138,84,82,33,54,49,0.6086956521739131,0.4024390243902439,117
2023-05-24,1071,124,68,57,44,56,13,0.5483870967741935,0.7719298245614035,112
2023-05-25,1071,122,80,75,42,42,33,0.6557377049180327,0.56,122
2023-05-26,1071,150,85,52,43,65,9,0.5666666666666667,0.8269230769230769,128
2023-05-27,1071,141,79,92,43,62,49,0.5602836879432624,0.4673913043478261,122
2023-05-28,1071,110,61,63,45,49,18,0.5545454545454546,0.7142857142857143,106
2023-05-29,1071,109,82,71,36,27,35,0.7522935779816514,0.5070422535211268,118
2023-05-30,1071,124,89,70,32,35,38,0.717741935483871,0.45714285714285713,121
2023-05-31,1071,124,91,59,37,33,22,0.7338709677419355,0.6271186440677966,128
2023-06-01,1071,133,90,64,55,43,9,0.6766917293233082,0.859375,145
2023-06-02,1071,123,86,60,34,37,26,0.6991869918699187,0.5666666666666667,120
2023-06-03,1071,109,71,53,48,38,5,0.6513761467889908,0.9056603773584906,119
2023-06-04,1071,149,87,99,44,62,55,0.5838926174496645,0.4444444444444444,131
2023-06-05,1071,134,81,84,38,53,46,0.6044776119402985,0.4523809523809524,119
2023-06-06,1071,140,77,92,41,63,51,0.55,0.44565217391304346,118
2023-06-07,1071,136,84,78,43,52,35,0.6176470588235294,0.5512820512820513,127
2023-06-08,1071,130,76,71,40,54,31,0.5846153846153846,0.5633802816901409,116
2023-06-09,1071,134,80,88,40,54,48,0.5970149253731343,0.45454545454545453,120
2023-06-10,1071,119,85,65,31,34,34,0.7142857142857143,0.47692307692307695,116
2023-06-11,1071,135,69,62,40,66,22,0.5111111111111111,0.6451612903225806,109
2023-06-12,1071,127,89,60,36,38,24,0.7007874015748031,0.6,125
2023-06-13,1071,115,59,62,39,56,23,0.5130434782608696,0.6290322580645161,98
2023-06-14,1071,148,81,80,38,67,42,0.5472972972972973,0.475,119
2023-06-15,1071,133,72,63,50,61,13,0.5413533834586466,0.7936507936507936,122
2023-06-16,1071,132,92,51,39,40,12,0.696969696969697,0.7647058823529411,131
2023-06-17,1071,126,86,81,45,40,36,0.6825396825396826,0.5555555555555556,131
2023-06-18,1071,134,88,87,44,46,43,0.6567164179104478,0.5057471264367817,132
2023-06-19,1071,108,97,68,43,11,25,0.8981481481481481,0.6323529411764706,140
2023-06-20,1071,143,82,69,34,61,35,0.5734265734265734,0.4927536231884058,116
2023-06-21,1071,146,86,92,39,60,53,0.589041095890411,0.42391304347826086,125
2023-06-22,1071,129,96,51,42,33,9,0.7441860465116279,0.8235294117647058,138
2023-06-23,1071,112,95,61,41,17,20,0.8482142857142857,0.6721311475409836,136
2023-06-24,1071,111,82,84,46,29,38,0.7387387387387387,0.5476190476190477,128
2023-06-25,1071,148,84,60,42,64,18,0.5675675675675675,0.7,126
2023-06-26,1071,110,80,90,38,30,52,0.7272727272727273,0.4222222222222222,118
2023-06-27,1071,130,89,86,46,41,40,0.6846153846153846,0.5348837209302325,135
2023-06-28,1071,145,85,84,33,60,51,0.5862068965517241,0.39285714285714285,118
2023-06-29,1071,133,86,60,47,47,13,0.6466165413533834,0.7833333333333333,133
2023-06-30,1071,121,77,68,40,44,28,0.6363636363636364,0.5882352941176471,117
2023-07-01,1071,142,70,100,34,72,66,0.49295774647887325,0.34,104
2023-07-02,1071,109,109,87,44,0,43,1,0.5057471264367817,153
2023-07-03,1071,149,73,85,34,76,51,0.4899328859060403,0.4,107
2023-07-04,1071,124,88,98,40,36,58,0.7096774193548387,0.40816326530612246,128
2023-07-05,1071,114,84,91,40,30,51,0.7368421052631579,0.43956043956043955,124
2023-07-06,1071,148,76,53,36,72,17,0.5135135135135135,0.6792452830188679,112
2023-07-07,1071,130,80,58,46,50,12,0.6153846153846154,0.7931034482758621,126
2023-07-08,1071,114,76,84,32,38,52,0.6666666666666666,0.38095238095238093,108
2023-07-09,1071,101,75,61,43,26,18,0.7425742574257426,0.7049180327868853,118
2023-07-10,1071,135,91,99,41,44,58,0.674074074074074,0.41414141414141414,132
2023-07-11,1071,134,65,67,30,69,37,0.48507462686567165,0.44776119402985076,95
2023-07-12,1071,138,90,81,50,48,31,0.6521739130434783,0.6172839506172839,140
2023-07-13,1071,110,78,98,39,32,59,0.7090909090909091,0.3979591836734694,117
2023-07-14,1071,114,77,97,34,37,63,0.6754385964912281,0.35051546391752575,111
2023-07-15,1071,103,80,64,27,23,37,0.7766990291262136,0.421875,107
2023-07-16,1071,122,81,98,50,41,48,0.6639344262295082,0.5102040816326531,131
2023-07-17,1071,102,92,75,49,10,26,0.9019607843137255,0.6533333333333333,141
2023-07-18,1071,127,65,82,39,62,43,0.5118110236220472,0.47560975609756095,104
2023-07-19,1071,134,82,66,38,52,28,0.6119402985074627,0.5757575757575758,120
2023-07-20,1071,111,92,52,39,19,13,0.8288288288288288,0.75,131
2023-07-21,1071,145,87,71,41,58,30,0.6,0.5774647887323944,128
2023-07-22,1071,106,81,62,54,25,8,0.7641509433962265,0.8709677419354839,135
2023-07-23,1071,123,86,61,44,37,17,0.6991869918699187,0.7213114754098361,130
2023-07-24,1071,101,93,53,33,8,20,0.9207920792079208,0.6226415094339622,126
2023-07-25,1071,122,69,91,40,53,51,0.5655737704918032,0.43956043956043955,109
2023-07-26,1071,110,83,96,38,27,58,0.7545454545454545,0.3958333333333333,121
2023-07-27,1071,143,79,100,29,64,71,0.5524475524475524,0.29,108
2023-07-28,1071,129,81,97,43,48,54,0.627906976744186,0.44329896907216493,124
2023-07-29,1071,127,87,100,40,40,60,0.6850393700787402,0.4,127
2023-07-30,1071,133,73,62,48,60,14,0.5488721804511278,0.7741935483870968,121
2023-07-31,1071,132,75,100,52,57,48,0.5681818181818182,0.52,127
2023-08-01,1071,105,82,95,44,23,51,0.780952380952381,0.4631578947368421,126
2023-08-02,1071,135,72,81,49,63,32,0.5333333333333333,0.6049382716049383,121
2023-08-03,1071,106,82,67,30,24,37,0.7735849056603774,0.44776119402985076,112
2023-08-04,1071,106,74,71,34,32,37,0.6981132075471698,0.4788732394366197,108
2023-08-05,1071,148,76,97,42,72,55,0.5135135135135135,0.4329896907216495,118
2023-08-06,1071,117,67,57,49,50,8,0.5726495726495726,0.8596491228070176,116
2023-08-07,1071,143,91,75,48,52,27,0.6363636363636364,0.64,139
2023-08-08,1071,104,85,74,42,19,32,0.8173076923076923,0.5675675675675675,127
2023-08-09,1071,139,79,80,40,60,40,0.5683453237410072,0.5,119
2023-08-10,1071,122,76,50,38,46,12,0.6229508196721312,0.76,114
2023-08-11,1071,141,93,77,43,48,34,0.6595744680851063,0.5584415584415584,136
2023-08-12,1071,109,78,91,48,31,43,0.7155963302752294,0.5274725274725275,126
2023-08-13,1071,141,103,98,32,38,66,0.7304964539007093,0.32653061224489793,135
2023-08-14,1071,111,72,99,46,39,53,0.6486486486486487,0.46464646464646464,118
2023-08-15,1071,142,94,78,35,48,43,0.6619718309859155,0.44871794871794873,129
2023-08-16,1071,108,81,77,38,27,39,0.75,0.4935064935064935,119
2023-08-17,1071,110,62,52,41,48,11,0.5636363636363636,0.7884615384615384,103
2023-08-18,1071,137,86,75,44,51,31,0.6277372262773723,0.5866666666666667,130
2023-08-19,1071,115,80,60,40,35,20,0.6956521739130435,0.6666666666666666,120
2023-08-20,1071,127,73,88,34,54,54,0.5748031496062992,0.38636363636363635,107
2023-08-21,1071,110,96,50,41,14,9,0.8727272727272727,0.82,137
2023-08-22,1071,145,80,89,37,65,52,0.5517241379310345,0.4157303370786517,117
2023-08-23,1071,114,80,55,40,34,15,0.7017543859649122,0.7272727272727273,120
2023-08-24,1071,132,86,52,34,46,18,0.6515151515151515,0.6538461538461539,120
2023-08-25,1071,110,94,82,56,16,26,0.8545454545454545,0.6829268292682927,150
2023-08-26,1071,113,79,82,44,34,38,0.6991150442477876,0.5365853658536586,123
2023-08-27,1071,119,80,67,35,39,32,0.6722689075630253,0.5223880597014925,115
2023-08-28,1071,118,83,89,36,35,53,0.7033898305084746,0.4044943820224719,119
2023-08-29,1071,150,79,93,38,71,55,0.5266666666666666,0.40860215053763443,117
2023-08-30,1071,132,89,57,45,43,12,0.6742424242424242,0.7894736842105263,134
2023-08-31,1071,134,83,88,29,51,59,0.6194029850746269,0.32954545454545453,112
2023-09-01,1071,129,73,52,38,56,14,0.5658914728682171,0.7307692307692307,111
2023-09-02,1071,116,73,72,44,43,28,0.6293103448275862,0.6111111111111112,117
2023-09-03,1071,115,67,59,32,48,27,0.5826086956521739,0.5423728813559322,99
2023-09-04,1071,131,84,58,39,47,19,0.6412213740458015,0.6724137931034483,123
2023-09-05,1071,141,71,86,31,70,55,0.5035460992907801,0.36046511627906974,102
2023-09-06,1071,101,76,89,39,25,50,0.7524752475247525,0.43820224719101125,115
2023-09-07,1071,121,72,86,39,49,47,0.5950413223140496,0.45348837209302323,111
2023-09-08,1071,105,78,56,39,27,17,0.7428571428571429,0.6964285714285714,117
2023-09-09,1071,121,83,92,43,38,49,0.6859504132231405,0.4673913043478261,126
2023-09-10,1071,119,75,91,45,44,46,0.6302521008403361,0.4945054945054945,120
2023-09-11,1071,115,84,68,42,31,26,0.7304347826086957,0.6176470588235294,126
2023-09-12,1071,129,90,84,38,39,46,0.6976744186046512,0.4523809523809524,128
2023-09-13,1071,146,88,58,39,58,19,0.6027397260273972,0.6724137931034483,127
2023-09-14,1071,116,86,97,48,30,49,0.7413793103448276,0.4948453608247423,134
2023-09-15,1071,138,86,99,51,52,48,0.6231884057971014,0.5151515151515151,137
2023-09-16,1071,140,83,97,36,57,61,0.5928571428571429,0.3711340206185567,119
2023-09-17,1071,112,83,80,36,29,44,0.7410714285714286,0.45,119
2023-09-18,1071,122,63,83,41,59,42,0.5163934426229508,0.4939759036144578,104
2023-09-19,1071,139,78,65,44,61,21,0.5611510791366906,0.676923076923077,122
2023-09-20,1071,107,80,97,50,27,47,0.7476635514018691,0.5154639175257731,130
2023-09-21,1071,121,84,81,36,37,45,0.6942148760330579,0.4444444444444444,120
2023-09-22,1071,121,88,95,36,33,59,0.7272727272727273,0.37894736842105264,124
2023-09-23,1071,124,91,97,59,33,38,0.7338709677419355,0.6082474226804123,150
2023-09-24,1071,150,74,76,33,76,43,0.49333333333333335,0.4342105263157895,107
2023-09-25,1071,104,69,70,39,35,31,0.6634615384615384,0.5571428571428572,108
2023-09-26,1071,107,73,53,31,34,22,0.6822429906542056,0.5849056603773585,104
2023-09-27,1071,121,89,86,26,32,60,0.7355371900826446,0.3023255813953488,115
2023-09-28,1071,119,74,64,44,45,20,0.6218487394957983,0.6875,118
2023-09-29,1071,143,86,91,40,57,51,0.6013986013986014,0.43956043956043955,126
2023-09-30,1071,117,79,66,33,38,33,0.6752136752136753,0.5,112
2023-10-01,1071,103,87,54,40,16,14,0.8446601941747572,0.7407407407407407,127
2023-10-02,1071,116,66,91,34,50,57,0.5689655172413793,0.37362637362637363,100
2023-10-03,1071,136,81,81,36,55,45,0.5955882352941176,0.4444444444444444,117
2023-10-04,1071,118,95,85,35,23,50,0.8050847457627118,0.4117647058823529,130
2023-10-05,1071,135,79,76,47,56,29,0.5851851851851851,0.618421052631579,126
2023-10-06,1071,112,98,67,45,14,22,0.875,0.6716417910447762,143
2023-10-07,1071,138,74,61,34,64,27,0.5362318840579711,0.5573770491803278,108
2023-10-08,1071,150,67,70,44,83,26,0.44666666666666666,0.6285714285714286,111
2023-10-09,1071,128,98,58,39,30,19,0.765625,0.6724137931034483,137
2023-10-10,1071,118,90,60,42,28,18,0.7627118644067796,0.7,132
2023-10-11,1071,130,90,72,41,40,31,0.6923076923076923,0.5694444444444444,131
2023-10-12,1071,109,72,98,47,37,51,0.6605504587155964,0.47959183673469385,119
2023-10-13,1071,118,88,94,40,30,54,0.7457627118644068,0.425531914893617,128
2023-10-14,1071,103,80,67,45,23,22,0.7766990291262136,0.6716417910447762,125
2023-10-15,1071,110,79,57,49,31,8,0.7181818181818181,0.8596491228070176,128
2023-10-16,1071,102,83,77,40,19,37,0.8137254901960784,0.5194805194805194,123
2023-10-17,1071,147,80,51,47,67,4,0.54421768707483,0.9215686274509803,127
2023-10-18,1071,126,76,91,36,50,55,0.6031746031746031,0.3956043956043956,112
2023-10-19,1071,138,88,74,31,50,43,0.6376811594202898,0.4189189189189189,119
2023-10-20,1071,135,85,84,42,50,42,0.6296296296296297,0.5,127
2023-10-21,1071,134,80,93,41,54,52,0.5970149253731343,0.44086021505376344,121
2023-10-22,1071,105,89,87,42,16,45,0.8476190476190476,0.4827586206896552,131
2023-10-23,1071,105,71,75,39,34,36,0.6761904761904762,0.52,110
2023-10-24,1071,146,73,79,41,73,38,0.5,0.5189873417721519,114
2023-10-25,1071,148,73,72,42,75,30,0.49324324324324326,0.5833333333333334,115
2023-10-26,1071,138,82,73,44,56,29,0.5942028985507246,0.6027397260273972,126
2023-10-27,1071,120,70,61,38,50,23,0.5833333333333334,0.6229508196721312,108
2023-10-28,1071,141,81,66,53,60,13,0.574468085106383,0.803030303030303,134
2023-10-29,1071,131,78,71,46,53,25,0.5954198473282443,0.647887323943662,124
2023-10-30,1071,128,79,60,47,49,13,0.6171875,0.7833333333333333,126
2023-10-31,1071,121,76,83,40,45,43,0.628099173553719,0.4819277108433735,116
2023-11-01,1071,129,77,69,44,52,25,0.5968992248062015,0.6376811594202898,121
2023-11-02,1071,139,74,74,40,65,34,0.5323741007194245,0.5405405405405406,114
2023-11-03,1071,111,85,85,57,26,28,0.7657657657657657,0.6705882352941176,142
2023-11-04,1071,116,97,54,34,19,20,0.8362068965517241,0.6296296296296297,131
2023-11-05,1071,121,77,64,37,44,27,0.6363636363636364,0.578125,114
2023-11-06,1071,103,70,65,43,33,22,0.6796116504854369,0.6615384615384615,113
2023-11-07,1071,137,89,52,40,48,12,0.6496350364963503,0.7692307692307693,129
2023-11-08,1071,135,91,59,44,44,15,0.674074074074074,0.7457627118644068,135
2023-11-09,1071,140,83,61,37,57,24,0.5928571428571429,0.6065573770491803,120
2023-11-10,1071,101,76,86,55,25,31,0.7524752475247525,0.6395348837209303,131
2023-11-11,1071,146,83,96,35,63,61,0.5684931506849316,0.3645833333333333,118
2023-11-12,1071,104,94,98,35,10,63,0.9038461538461539,0.35714285714285715,129
2023-11-13,1071,140,67,89,45,73,44,0.4785714285714286,0.5056179775280899,112
2023-11-14,1071,119,65,85,42,54,43,0.5462184873949579,0.49411764705882355,107
2023-11-15,1071,106,88,59,45,18,14,0.8301886792452831,0.7627118644067796,133
2023-11-16,1071,123,88,72,47,35,25,0.7154471544715447,0.6527777777777778,135
2023-11-17,1071,125,88,53,34,37,19,0.704,0.6415094339622641,122
2023-11-18,1071,115,77,63,42,38,21,0.6695652173913044,0.6666666666666666,119
2023-11-19,1071,110,73,86,56,37,30,0.6636363636363637,0.6511627906976745,129
2023-11-20,1071,139,72,60,45,67,15,0.5179856115107914,0.75,117
2023-11-21,1071,109,88,93,43,21,50,0.8073394495412844,0.46236559139784944,131
2023-11-22,1071,118,79,86,36,39,50,0.6694915254237288,0.4186046511627907,115
2023-11-23,1071,117,77,99,42,40,57,0.6581196581196581,0.42424242424242425,119
2023-11-24,1071,146,77,56,39,69,17,0.5273972602739726,0.6964285714285714,116
2023-11-25,1071,125,72,58,27,53,31,0.576,0.46551724137931033,99
2023-11-26,1071,130,85,91,50,45,41,0.6538461538461539,0.5494505494505495,135
2023-11-27,1071,139,78,97,45,61,52,0.5611510791366906,0.4639175257731959,123
2023-11-28,1071,101,80,95,45,21,50,0.7920792079207921,0.47368421052631576,125
2023-11-29,1071,149,83,99,54,66,45,0.5570469798657718,0.5454545454545454,137
2023-11-30,1071,143,86,97,52,57,45,0.6013986013986014,0.5360824742268041,138
2023-12-01,1071,104,76,53,30,28,23,0.7307692307692307,0.5660377358490566,106
2023-12-02,1071,124,80,69,40,44,29,0.6451612903225806,0.5797101449275363,120
2023-12-03,1071,103,99,71,37,4,34,0.9611650485436893,0.5211267605633803,136
2023-12-04,1071,149,77,95,44,72,51,0.5167785234899329,0.4631578947368421,121
2023-12-05,1071,115,98,79,30,17,49,0.8521739130434782,0.379746835443038,128
2023-12-06,1071,103,88,77,36,15,41,0.8543689320388349,0.4675324675324675,124
2023-12-07,1071,149,84,86,37,65,49,0.5637583892617449,0.43023255813953487,121
2023-12-08,1071,144,90,95,49,54,46,0.625,0.5157894736842106,139
2023-12-09,1071,127,96,82,54,31,28,0.7559055118110236,0.6585365853658537,150
2023-12-10,1071,118,89,75,40,29,35,0.7542372881355932,0.5333333333333333,129
2023-12-11,1071,150,74,51,44,76,7,0.49333333333333335,0.8627450980392157,118
2023-12-12,1071,135,81,72,43,54,29,0.6,0.5972222222222222,124
2023-12-13,1071,123,73,63,34,50,29,0.5934959349593496,0.5396825396825397,107
2023-12-14,1071,119,77,74,35,42,39,0.6470588235294118,0.47297297297297297,112
2023-12-15,1071,123,78,93,45,45,48,0.6341463414634146,0.4838709677419355,123
2023-12-16,1071,120,76,63,41,44,22,0.6333333333333333,0.6507936507936508,117
2023-12-17,1071,111,79,67,45,32,22,0.7117117117117117,0.6716417910447762,124
2023-12-18,1071,144,82,51,34,62,17,0.5694444444444444,0.6666666666666666,116
2023-12-19,1071,133,71,92,31,62,61,0.5338345864661654,0.33695652173913043,102
2023-12-20,1071,136,85,86,38,51,48,0.625,0.4418604651162791,123
2023-12-21,1071,135,90,69,41,45,28,0.6666666666666666,0.5942028985507246,131
2023-12-22,1071,135,94,72,37,41,35,0.6962962962962963,0.5138888888888888,131
2023-12-23,1071,150,68,68,39,82,29,0.4533333333333333,0.5735294117647058,107
2023-12-24,1071,133,99,70,44,34,26,0.7443609022556391,0.6285714285714286,143
2023-12-25,1071,137,90,90,46,47,44,0.656934306569343,0.5111111111111111,136
2023-12-26,1071,147,96,79,40,51,39,0.6530612244897959,0.5063291139240507,136
2023-12-27,1071,119,89,92,35,30,57,0.7478991596638656,0.3804347826086957,124
2023-12-28,1071,133,82,78,39,51,39,0.6165413533834586,0.5,121
2023-12-29,1071,143,84,70,40,59,30,0.5874125874125874,0.5714285714285714,124
2023-12-30,1071,116,86,55,44,30,11,0.7413793103448276,0.8,130
2023-12-31,1071,108,75,99,46,33,53,0.6944444444444444,0.46464646464646464,121
2023-01-01,1072,102,84,76,31,18,45,0.8235294117647058,0.40789473684210525,115
2023-01-02,1072,125,88,67,45,37,22,0.704,0.6716417910447762,133
2023-01-03,1072,143,81,67,42,62,25,0.5664335664335665,0.6268656716417911,123
2023-01-04,1072,140,79,66,35,61,31,0.5642857142857143,0.5303030303030303,114
2023-01-05,1072,132,78,57,38,54,19,0.5909090909090909,0.6666666666666666,116
2023-01-06,1072,129,78,56,31,51,25,0.6046511627906976,0.5535714285714286,109
2023-01-07,1072,127,62,56,48,65,8,0.4881889763779528,0.8571428571428571,110
2023-01-08,1072,109,79,69,26,30,43,0.7247706422018348,0.37681159420289856,105
2023-01-09,1072,121,88,64,32,33,32,0.7272727272727273,0.5,120
2023-01-10,1072,119,78,83,36,41,47,0.6554621848739496,0.43373493975903615,114
2023-01-11,1072,107,86,87,27,21,60,0.8037383177570093,0.3103448275862069,113
2023-01-12,1072,124,85,100,41,39,59,0.6854838709677419,0.41,126
2023-01-13,1072,134,69,96,44,65,52,0.5149253731343284,0.4583333333333333,113
2023-01-14,1072,125,87,53,35,38,18,0.696,0.660377358490566,122
2023-01-15,1072,121,80,98,37,41,61,0.6611570247933884,0.37755102040816324,117
2023-01-16,1072,135,80,52,34,55,18,0.5925925925925926,0.6538461538461539,114
2023-01-17,1072,129,83,91,37,46,54,0.6434108527131783,0.4065934065934066,120
2023-01-18,1072,103,79,91,40,24,51,0.7669902912621359,0.43956043956043955,119
2023-01-19,1072,138,74,64,43,64,21,0.5362318840579711,0.671875,117
2023-01-20,1072,126,73,50,44,53,6,0.5793650793650794,0.88,117
2023-01-21,1072,116,78,50,48,38,2,0.6724137931034483,0.96,126
2023-01-22,1072,102,70,52,41,32,11,0.6862745098039216,0.7884615384615384,111
2023-01-23,1072,107,89,53,34,18,19,0.8317757009345794,0.6415094339622641,123
2023-01-24,1072,129,82,64,32,47,32,0.6356589147286822,0.5,114
2023-01-25,1072,147,103,73,46,44,27,0.7006802721088435,0.6301369863013698,149
2023-01-26,1072,115,92,91,37,23,54,0.8,0.4065934065934066,129
2023-01-27,1072,138,94,61,42,44,19,0.6811594202898551,0.6885245901639344,136
2023-01-28,1072,116,78,53,42,38,11,0.6724137931034483,0.7924528301886793,120
2023-01-29,1072,139,84,56,42,55,14,0.60431654676259,0.75,126
2023-01-30,1072,147,74,88,32,73,56,0.5034013605442177,0.36363636363636365,106
2023-01-31,1072,133,77,84,33,56,51,0.5789473684210527,0.39285714285714285,110
2023-02-01,1072,138,90,93,40,48,53,0.6521739130434783,0.43010752688172044,130
2023-02-02,1072,133,89,87,46,44,41,0.6691729323308271,0.5287356321839081,135
2023-02-03,1072,132,87,59,39,45,20,0.6590909090909091,0.6610169491525424,126
2023-02-04,1072,131,92,62,46,39,16,0.7022900763358778,0.7419354838709677,138
2023-02-05,1072,116,81,73,38,35,35,0.6982758620689655,0.5205479452054794,119
2023-02-06,1072,145,86,77,34,59,43,0.593103448275862,0.44155844155844154,120
2023-02-07,1072,149,81,57,32,68,25,0.5436241610738255,0.5614035087719298,113
2023-02-08,1072,137,87,60,42,50,18,0.635036496350365,0.7,129
2023-02-09,1072,124,70,64,38,54,26,0.5645161290322581,0.59375,108
2023-02-10,1072,105,83,59,42,22,17,0.7904761904761904,0.711864406779661,125
2023-02-11,1072,120,90,79,45,30,34,0.75,0.569620253164557,135
2023-02-12,1072,116,76,75,32,40,43,0.6551724137931034,0.4266666666666667,108
2023-02-13,1072,100,87,71,36,13,35,0.87,0.5070422535211268,123
2023-02-14,1072,144,85,61,33,59,28,0.5902777777777778,0.5409836065573771,118
2023-02-15,1072,145,74,70,47,71,23,0.5103448275862069,0.6714285714285714,121
2023-02-16,1072,114,69,80,46,45,34,0.6052631578947368,0.575,115
2023-02-17,1072,105,73,51,33,32,18,0.6952380952380952,0.6470588235294118,106
2023-02-18,1072,143,74,81,35,69,46,0.5174825174825175,0.43209876543209874,109
2023-02-19,1072,142,78,92,45,64,47,0.5492957746478874,0.4891304347826087,123
2023-02-20,1072,116,68,76,47,48,29,0.5862068965517241,0.618421052631579,115
2023-02-21,1072,119,84,52,40,35,12,0.7058823529411765,0.7692307692307693,124
2023-02-22,1072,119,83,53,38,36,15,0.6974789915966386,0.71698113207547165,121
2023-02-23,1072,148,76,76,43,72,33,0.5135135135135135,0.5657894736842105,119
2023-02-24,1072,125,89,59,44,36,15,0.712,0.7457627118644068,133
2023-02-25,1072,140,79,98,34,61,64,0.5642857142857143,0.3469387755102041,113
2023-02-26,1072,112,77,62,48,35,14,0.6875,0.7741935483870968,125
2023-02-27,1072,119,98,54,27,21,27,0.8235294117647058,0.5,125
2023-02-28,1072,138,72,54,47,66,7,0.5217391304347826,0.8703703703703703,119
2023-03-01,1072,125,86,88,36,39,52,0.688,0.4090909090909091,122
2023-03-02,1072,119,80,80,30,39,50,0.6722689075630253,0.375,110
2023-03-03,1072,139,73,76,37,66,39,0.5251798561151079,0.4868421052631579,110
2023-03-04,1072,148,84,66,34,64,32,0.5675675675675675,0.5151515151515151,118
2023-03-05,1072,118,64,83,35,54,48,0.5423728813559322,0.42168674698795183,99
2023-03-06,1072,114,81,72,31,33,41,0.7105263157894737,0.4305555555555556,112
2023-03-07,1072,139,75,53,44,64,9,0.539568345323741,0.8301886792452831,119
2023-03-08,1072,147,87,68,41,60,27,0.5918367346938775,0.6029411764705882,128
2023-03-09,1072,148,81,52,35,67,17,0.5472972972972973,0.6730769230769231,116
2023-03-10,1072,124,75,82,41,49,41,0.6048387096774194,0.5,116
2023-03-11,1072,123,80,78,36,43,42,0.6504065040650406,0.46153846153846156,116
2023-03-12,1072,135,82,84,47,53,37,0.6074074074074074,0.5595238095238095,129
2023-03-13,1072,138,68,96,38,70,58,0.4927536231884058,0.3958333333333333,106
2023-03-14,1072,127,78,73,49,49,24,0.6141732283464567,0.6712328767123288,127
2023-03-15,1072,101,87,91,35,14,56,0.8613861386138614,0.38461538461538464,122
2023-03-16,1072,145,103,58,43,42,15,0.7103448275862069,0.7413793103448276,146
2023-03-17,1072,103,87,58,47,16,11,0.8446601941747572,0.8103448275862069,134
2023-03-18,1072,105,86,67,39,19,28,0.819047619047619,0.582089552238806,125
2023-03-19,1072,147,71,97,41,76,56,0.48299319727891155,0.422680412371134,112
2023-03-20,1072,125,88,55,50,37,5,0.704,0.9090909090909091,138
2023-03-21,1072,145,78,87,36,67,51,0.5379310344827586,0.41379310344827586,114
2023-03-22,1072,109,78,88,37,31,51,0.7155963302752294,0.42045454545454547,115
2023-03-23,1072,135,74,66,46,61,20,0.5481481481481482,0.696969696969697,120
2023-03-24,1072,118,87,80,39,31,41,0.7372881355932204,0.4875,126
2023-03-25,1072,125,87,75,27,38,48,0.696,0.36,114
2023-03-26,1072,146,106,80,38,40,42,0.726027397260274,0.475,144
2023-03-27,1072,147,73,72,43,74,29,0.4965986394557823,0.5972222222222222,116
2023-03-28,1072,127,68,84,38,59,46,0.5354330708661418,0.4523809523809524,106
2023-03-29,1072,113,91,93,42,22,51,0.8053097345132744,0.45161290322580644,133
2023-03-30,1072,128,77,91,34,51,57,0.6015625,0.37362637362637363,111
2023-03-31,1072,124,64,62,45,60,17,0.5161290322580645,0.7258064516129032,109
2023-04-01,1072,105,82,77,41,23,36,0.780952380952381,0.5324675324675324,123
2023-04-02,1072,143,76,71,31,67,40,0.5314685314685315,0.43661971830985913,107
2023-04-03,1072,145,66,85,32,79,53,0.45517241379310347,0.3764705882352941,98
2023-04-04,1072,131,80,83,42,51,41,0.6106870229007634,0.5060240963855421,122
2023-04-05,1072,148,81,88,46,67,42,0.5472972972972973,0.5227272727272727,127
2023-04-06,1072,109,77,58,41,32,17,0.7064220183486238,0.7068965517241379,118
2023-04-07,1072,117,88,54,48,29,6,0.7521367521367521,0.8888888888888888,136
2023-04-08,1072,107,68,62,36,39,26,0.6355140186915887,0.5806451612903226,104
2023-04-09,1072,144,62,75,41,82,34,0.4305555555555556,0.5466666666666666,103
2023-04-10,1072,135,73,94,42,62,52,0.5407407407407407,0.44680851063829785,115
2023-04-11,1072,129,91,69,52,38,17,0.7054263565891473,0.7536231884057971,143
2023-04-12,1072,139,82,89,43,57,46,0.5899280575539568,0.48314606741573035,125
2023-04-13,1072,142,70,53,42,72,11,0.49295774647887325,0.7924528301886793,112
2023-04-14,1072,136,66,97,39,70,58,0.4852941176470588,0.4020618556701031,105
2023-04-15,1072,111,85,55,38,26,17,0.7657657657657657,0.6909090909090909,123
2023-04-16,1072,146,78,62,32,68,30,0.5342465753424658,0.5161290322580645,110
2023-04-17,1072,127,72,68,44,55,24,0.5669291338582677,0.6470588235294118,116
2023-04-18,1072,110,89,100,50,21,50,0.8090909090909091,0.5,139
2023-04-19,1072,128,83,76,45,45,31,0.6484375,0.5921052631578947,128
2023-04-20,1072,112,91,71,37,21,34,0.8125,0.5211267605633803,128
2023-04-21,1072,102,67,82,32,35,50,0.6568627450980392,0.3902439024390244,99
2023-04-22,1072,103,82,56,30,21,26,0.7961165048543689,0.5357142857142857,112
2023-04-23,1072,109,98,54,44,11,10,0.8990825688073395,0.8148148148148148,142
2023-04-24,1072,141,100,56,50,41,6,0.7092198581560284,0.8928571428571429,150
2023-04-25,1072,108,87,90,52,21,38,0.8055555555555556,0.5777777777777777,139
2023-04-26,1072,106,82,63,45,24,18,0.7735849056603774,0.7142857142857143,127
2023-04-27,1072,111,78,66,29,33,37,0.7027027027027027,0.4393939393939394,107
2023-04-28,1072,123,82,71,44,41,27,0.6666666666666666,0.6197183098591549,126
2023-04-29,1072,100,74,51,39,26,12,0.74,0.7647058823529411,113
2023-04-30,1072,126,72,50,46,54,4,0.5714285714285714,0.92,118
2023-05-01,1072,130,84,97,42,46,55,0.6461538461538462,0.4329896907216495,126
2023-05-02,1072,120,70,58,39,50,19,0.5833333333333334,0.6724137931034483,109
2023-05-03,1072,115,96,91,48,19,43,0.8347826086956521,0.5274725274725275,144
2023-05-04,1072,132,93,90,32,39,58,0.7045454545454546,0.35555555555555557,125
2023-05-05,1072,112,83,66,38,29,28,0.7410714285714286,0.5757575757575758,121
2023-05-06,1072,118,90,67,34,28,33,0.7627118644067796,0.5074626865671642,124
2023-05-07,1072,128,69,92,38,59,54,0.5390625,0.41304347826086957,107
2023-05-08,1072,137,67,75,43,70,32,0.48905109489051096,0.5733333333333334,110
2023-05-09,1072,101,75,100,39,26,61,0.7425742574257426,0.39,114
2023-05-10,1072,150,75,82,35,75,47,0.5,0.4268292682926829,110
2023-05-11,1072,139,71,89,52,68,37,0.5107913669064749,0.5842696629213483,123
2023-05-12,1072,129,94,58,33,35,25,0.7286821705426356,0.5689655172413793,127
2023-05-13,1072,131,90,96,42,41,54,0.6870229007633588,0.4375,132
2023-05-14,1072,139,83,90,38,56,52,0.5971223021582733,0.4222222222222222,121
2023-05-15,1072,118,75,77,41,43,36,0.635593220338983,0.5324675324675324,116
2023-05-16,1072,119,87,54,46,32,8,0.7310924369747899,0.8518518518518519,133
2023-05-17,1072,122,79,72,37,43,35,0.6475409836065574,0.5138888888888888,116
2023-05-18,1072,117,79,83,35,38,48,0.6752136752136753,0.42168674698795183,114
2023-05-19,1072,101,76,85,45,25,40,0.7524752475247525,0.5294117647058824,121
2023-05-20,1072,105,92,94,46,13,48,0.8761904761904762,0.48936170212765956,138
2023-05-21,1072,150,76,69,44,74,25,0.5066666666666667,0.6376811594202898,120
2023-05-22,1072,131,95,95,42,36,53,0.7251908396946565,0.4421052631578947,137
2023-05-23,1072,131,96,53,40,35,13,0.732824427480916,0.7547169811320755,136
2023-05-24,1072,112,88,55,50,24,5,0.7857142857142857,0.9090909090909091,138
2023-05-25,1072,105,93,88,43,12,45,0.8857142857142857,0.48863636363636365,136
2023-05-26,1072,107,68,61,30,39,31,0.6355140186915887,0.4918032786885246,98
2023-05-27,1072,103,90,97,46,13,51,0.8737864077669902,0.4742268041237113,136
2023-05-28,1072,132,73,99,41,59,58,0.553030303030303,0.41414141414141414,114
2023-05-29,1072,145,103,75,40,42,35,0.7103448275862069,0.5333333333333333,143
2023-05-30,1072,149,87,78,51,62,27,0.5838926174496645,0.6538461538461539,138
2023-05-31,1072,111,67,75,36,44,39,0.6036036036036037,0.48,103
2023-06-01,1072,129,63,97,41,66,56,0.4883720930232558,0.422680412371134,104
2023-06-02,1072,148,71,51,33,77,18,0.4797297297297297,0.6470588235294118,104
2023-06-03,1072,115,80,67,40,35,27,0.6956521739130435,0.5970149253731343,120
2023-06-04,1072,124,85,79,37,39,42,0.6854838709677419,0.46835443037974683,122
2023-06-05,1072,141,84,54,32,57,22,0.5957446808510638,0.5925925925925926,116
2023-06-06,1072,120,78,75,42,42,33,0.65,0.56,120
2023-06-07,1072,108,80,72,31,28,41,0.7407407407407407,0.4305555555555556,111
2023-06-08,1072,108,79,63,33,29,30,0.7314814814814815,0.5238095238095238,112
2023-06-09,1072,147,68,66,42,79,24,0.46258503401360546,0.6363636363636364,110
2023-06-10,1072,104,69,93,38,35,55,0.6634615384615384,0.40860215053763443,107
2023-06-11,1072,108,74,72,57,34,15,0.6851851851851852,0.7916666666666666,131
2023-06-12,1072,146,77,73,27,69,46,0.5273972602739726,0.3698630136986301,104
2023-06-13,1072,111,86,56,49,25,7,0.7747747747747747,0.875,135
2023-06-14,1072,143,73,86,43,70,43,0.5104895104895105,0.5,116
2023-06-15,1072,140,95,77,46,45,31,0.6785714285714286,0.5974025974025974,141
2023-06-16,1072,130,83,82,47,47,35,0.6384615384615384,0.573170731707317,130
2023-06-17,1072,130,97,70,34,33,36,0.7461538461538462,0.4857142857142857,131
2023-06-18,1072,140,63,62,53,77,9,0.45,0.8548387096774194,116
2023-06-19,1072,143,81,51,37,62,14,0.5664335664335665,0.7254901960784313,118
2023-06-20,1072,125,76,72,42,49,30,0.608,0.5833333333333334,118
2023-06-21,1072,133,81,67,37,52,30,0.6090225563909775,0.5522388059701493,118
2023-06-22,1072,121,92,72,41,29,31,0.7603305785123967,0.5694444444444444,133
2023-06-23,1072,108,66,67,25,42,42,0.6111111111111112,0.373134328358209,91
2023-06-24,1072,137,84,89,48,53,41,0.6131386861313869,0.5393258426966292,132
2023-06-25,1072,106,86,69,43,20,26,0.8113207547169812,0.6231884057971014,129
2023-06-26,1072,138,83,85,38,55,47,0.6014492753623188,0.4470588235294118,121
2023-06-27,1072,125,82,83,34,43,49,0.656,0.40963855421686746,116
2023-06-28,1072,140,67,97,34,73,63,0.4785714285714286,0.35051546391752575,101
2023-06-29,1072,139,82,72,47,57,25,0.5899280575539568,0.6527777777777778,129
2023-06-30,1072,120,86,98,40,34,58,0.7166666666666667,0.40816326530612246,126
2023-07-01,1072,112,82,95,47,30,48,0.7321428571428571,0.49473684210526314,129
2023-07-02,1072,125,88,69,33,37,36,0.704,0.4782608695652174,121
2023-07-03,1072,124,78,62,34,46,28,0.6290322580645161,0.5483870967741935,112
2023-07-04,1072,108,66,83,42,42,41,0.6111111111111112,0.5060240963855421,108
2023-07-05,1072,100,85,56,33,15,23,0.85,0.5892857142857143,118
2023-07-06,1072,110,63,60,39,47,21,0.5727272727272728,0.65,102
2023-07-07,1072,122,74,100,30,48,70,0.6065573770491803,0.3,104
2023-07-08,1072,138,85,51,32,53,19,0.6159420289855072,0.6274509803921569,117
2023-07-09,1072,130,78,72,41,52,31,0.6,0.5694444444444444,119
2023-07-10,1072,146,71,55,39,75,16,0.4863013698630137,0.7090909090909091,110
2023-07-11,1072,108,83,69,40,25,29,0.7685185185185185,0.5797101449275363,123
2023-07-12,1072,115,74,57,33,41,24,0.6434782608695652,0.5789473684210527,107
2023-07-13,1072,129,81,89,36,48,53,0.627906976744186,0.4044943820224719,117
2023-07-14,1072,127,94,60,43,33,17,0.7401574803149606,0.7166666666666667,137
2023-07-15,1072,118,63,64,35,55,29,0.5338983050847458,0.546875,98
2023-07-16,1072,131,88,100,35,43,65,0.6717557251908397,0.35,123
2023-07-17,1072,118,82,55,39,36,16,0.6949152542372882,0.7090909090909091,121
2023-07-18,1072,146,73,90,37,73,53,0.5,0.4111111111111111,110
2023-07-19,1072,103,84,73,38,19,35,0.8155339805825242,0.5205479452054794,122
2023-07-20,1072,134,76,56,22,58,34,0.5671641791044776,0.39285714285714285,98
2023-07-21,1072,124,80,72,38,44,34,0.6451612903225806,0.5277777777777778,118
2023-07-22,1072,139,71,50,43,68,7,0.5107913669064749,0.86,114
2023-07-23,1072,103,80,81,36,23,45,0.7766990291262136,0.4444444444444444,116
2023-07-24,1072,111,73,58,56,38,2,0.6576576576576577,0.9655172413793104,129
2023-07-25,1072,129,96,59,44,33,15,0.7441860465116279,0.7457627118644068,140
2023-07-26,1072,148,79,97,46,69,51,0.5337837837837838,0.4742268041237113,125
2023-07-27,1072,122,70,75,46,52,29,0.5737704918032787,0.6133333333333333,116
2023-07-28,1072,143,87,91,39,56,52,0.6083916083916084,0.42857142857142855,126
2023-07-29,1072,138,75,58,48,63,10,0.5434782608695652,0.8275862068965517,123
2023-07-30,1072,101,70,54,36,31,18,0.693069306930693,0.6666666666666666,106
2023-07-31,1072,120,69,62,42,51,20,0.575,0.6774193548387096,111
2023-08-01,1072,128,80,57,37,48,20,0.625,0.6491228070175439,117
2023-08-02,1072,104,79,80,36,25,44,0.7596153846153846,0.45,115
2023-08-03,1072,118,91,76,38,27,38,0.7711864406779662,0.5,129
2023-08-04,1072,120,86,58,36,34,22,0.7166666666666667,0.6206896551724138,122
2023-08-05,1072,144,82,64,33,62,31,0.5694444444444444,0.515625,115
2023-08-06,1072,113,71,73,48,42,25,0.6283185840707964,0.6575342465753424,119
2023-08-07,1072,118,75,72,50,43,22,0.635593220338983,0.6944444444444444,125
2023-08-08,1072,141,78,82,30,63,52,0.5531914893617021,0.36585365853658536,108
2023-08-09,1072,106,73,56,36,33,20,0.6886792452830188,0.6428571428571429,109
2023-08-10,1072,108,72,81,43,36,38,0.6666666666666666,0.5308641975308642,115
2023-08-11,1072,148,88,75,34,60,41,0.5945945945945946,0.4533333333333333,122
2023-08-12,1072,108,81,70,48,27,22,0.75,0.6857142857142857,129
2023-08-13,1072,121,64,54,34,57,20,0.5289256198347108,0.6296296296296297,98
2023-08-14,1072,124,70,84,30,54,54,0.5645161290322581,0.35714285714285715,100
2023-08-15,1072,146,79,74,32,67,42,0.541095890410959,0.43243243243243246,111
2023-08-16,1072,106,80,83,32,26,51,0.7547169811320755,0.3855421686746988,112
2023-08-17,1072,137,68,50,32,69,18,0.49635036496350365,0.64,100
2023-08-18,1072,124,90,59,43,34,16,0.7258064516129032,0.7288135593220338,133
2023-08-19,1072,150,101,62,52,49,10,0.6733333333333333,0.8387096774193549,153
2023-08-20,1072,103,65,65,40,38,25,0.6310679611650486,0.6153846153846154,105
2023-08-21,1072,144,76,68,34,68,34,0.5277777777777778,0.5,110
2023-08-22,1072,148,76,63,47,72,16,0.5135135135135135,0.746031746031746,123
2023-08-23,1072,139,66,90,43,73,47,0.4748201438848921,0.4777777777777778,109
2023-08-24,1072,104,92,89,43,12,46,0.8846153846153846,0.48314606741573035,135
2023-08-25,1072,145,84,87,41,61,46,0.5793103448275863,0.47126436781609193,125
2023-08-26,1072,117,72,74,43,45,31,0.6153846153846154,0.581081081081081,115
2023-08-27,1072,141,97,86,28,44,58,0.6879432624113475,0.32558139534883723,125
2023-08-28,1072,139,70,51,35,69,16,0.5035971223021583,0.6862745098039216,105
2023-08-29,1072,134,72,54,33,62,21,0.5373134328358209,0.6111111111111112,105
2023-08-30,1072,109,70,60,40,39,20,0.6422018348623854,0.6666666666666666,110
2023-08-31,1072,107,87,74,55,20,19,0.8130841121495327,0.7432432432432432,142
2023-09-01,1072,106,78,83,35,28,48,0.7358490566037735,0.42168674698795183,113
2023-09-02,1072,134,79,85,44,55,41,0.5895522388059702,0.5176470588235295,123
2023-09-03,1072,143,76,85,42,67,43,0.5314685314685315,0.49411764705882355,118
2023-09-04,1072,138,83,86,36,55,50,0.6014492753623188,0.4186046511627907,119
2023-09-05,1072,136,91,87,44,45,43,0.6691176470588235,0.5057471264367817,135
2023-09-06,1072,105,81,100,56,24,44,0.7714285714285715,0.56,137
2023-09-07,1072,114,89,75,42,25,33,0.7807017543859649,0.56,131
2023-09-08,1072,143,83,97,39,60,58,0.5804195804195804,0.4020618556701031,122
2023-09-09,1072,120,76,73,38,44,35,0.6333333333333333,0.5205479452054794,114
2023-09-10,1072,140,78,97,47,62,50,0.5571428571428572,0.4845360824742268,125
2023-09-11,1072,115,66,82,38,49,44,0.5739130434782609,0.4634146341463415,104
2023-09-12,1072,136,82,66,49,54,17,0.6029411764705882,0.7424242424242424,131
2023-09-13,1072,133,64,81,39,69,42,0.48120300751879697,0.48148148148148145,103
2023-09-14,1072,142,80,88,38,62,50,0.5633802816901409,0.4318181818181818,118
2023-09-15,1072,108,64,58,38,44,20,0.5925925925925926,0.6551724137931034,102
2023-09-16,1072,111,88,72,47,23,25,0.7927927927927928,0.6527777777777778,135
2023-09-17,1072,137,83,51,39,54,12,0.6058394160583942,0.7647058823529411,122
2023-09-18,1072,132,78,93,33,54,60,0.5909090909090909,0.3548387096774194,111
2023-09-19,1072,144,78,57,42,66,15,0.5416666666666666,0.7368421052631579,120
2023-09-20,1072,132,70,87,30,62,57,0.5303030303030303,0.3448275862068966,100
2023-09-21,1072,106,86,77,42,20,35,0.8113207547169812,0.5454545454545454,128
2023-09-22,1072,113,85,87,48,28,39,0.7522123893805309,0.5517241379310345,133
2023-09-23,1072,109,80,100,53,29,47,0.7339449541284404,0.53,133
2023-09-24,1072,104,78,64,43,26,21,0.75,0.671875,121
2023-09-25,1072,114,74,96,36,40,60,0.6491228070175439,0.375,110
2023-09-26,1072,101,73,75,34,28,41,0.7227722772277227,0.4533333333333333,107
2023-09-27,1072,128,90,95,41,38,54,0.703125,0.43157894736842106,131
2023-09-28,1072,143,71,50,37,72,13,0.4965034965034965,0.74,108
2023-09-29,1072,103,70,77,47,33,30,0.6796116504854369,0.6103896103896104,117
2023-09-30,1072,118,66,64,36,52,28,0.559322033898305,0.5625,102
2023-10-01,1072,100,88,84,39,12,45,0.88,0.4642857142857143,127
2023-10-02,1072,111,78,51,41,33,10,0.7027027027027027,0.803921568627451,119
2023-10-03,1072,133,92,67,41,41,26,0.6917293233082706,0.6119402985074627,133
2023-10-04,1072,120,72,97,48,48,49,0.6,0.4948453608247423,120
2023-10-05,1072,116,79,56,36,37,20,0.6810344827586207,0.6428571428571429,115
2023-10-06,1072,130,77,86,35,53,51,0.5923076923076923,0.4069767441860465,112
2023-10-07,1072,113,98,65,43,15,22,0.8672566371681416,0.6615384615384615,141
2023-10-08,1072,108,83,59,29,25,30,0.7685185185185185,0.4915254237288136,112
2023-10-09,1072,100,93,76,39,7,37,0.93,0.5131578947368421,132
2023-10-10,1072,127,92,57,46,35,11,0.7244094488188977,0.8070175438596491,138
2023-10-11,1072,108,85,70,28,23,42,0.7870370370370371,0.4,113
2023-10-12,1072,104,66,57,41,38,16,0.6346153846153846,0.7192982456140351,107
2023-10-13,1072,140,77,61,48,63,13,0.55,0.7868852459016393,125
2023-10-14,1072,108,75,56,42,33,14,0.6944444444444444,0.75,117
2023-10-15,1072,145,81,55,44,64,11,0.5586206896551724,0.8,125
2023-10-16,1072,105,70,81,45,35,36,0.6666666666666666,0.5555555555555556,115
2023-10-17,1072,115,75,71,48,40,23,0.6521739130434783,0.676056338028169,123
2023-10-18,1072,149,78,56,39,71,17,0.5234899328859061,0.6964285714285714,117
2023-10-19,1072,129,73,72,40,56,32,0.5658914728682171,0.5555555555555556,113
2023-10-20,1072,110,58,87,38,52,49,0.5272727272727272,0.4367816091954023,96
2023-10-21,1072,130,85,75,32,45,43,0.6538461538461539,0.4266666666666667,117
2023-10-22,1072,108,87,95,41,21,54,0.8055555555555556,0.43157894736842106,128
2023-10-23,1072,105,68,76,31,37,45,0.6476190476190476,0.40789473684210525,99
2023-10-24,1072,127,80,97,52,47,45,0.6299212598425197,0.5360824742268041,132
2023-10-25,1072,148,84,59,42,64,17,0.5675675675675675,0.711864406779661,126
2023-10-26,1072,118,80,74,35,38,39,0.6779661016949152,0.47297297297297297,115
2023-10-27,1072,136,107,62,44,29,18,0.7867647058823529,0.7096774193548387,151
2023-10-28,1072,114,80,56,37,34,19,0.7017543859649122,0.6607142857142857,117
2023-10-29,1072,140,94,51,46,46,5,0.6714285714285714,0.9019607843137255,140
2023-10-30,1072,127,82,84,45,45,39,0.6456692913385826,0.5357142857142857,127
2023-10-31,1072,150,74,97,33,76,64,0.49333333333333335,0.3402061855670103,107
2023-11-01,1072,131,89,82,39,42,43,0.6793893129770993,0.47560975609756095,128
2023-11-02,1072,148,73,50,36,75,14,0.49324324324324326,0.72,109
2023-11-03,1072,142,91,99,37,51,62,0.6408450704225352,0.37373737373737376,128
2023-11-04,1072,150,68,82,32,82,50,0.4533333333333333,0.3902439024390244,100
2023-11-05,1072,145,86,61,42,59,19,0.593103448275862,0.6885245901639344,128
2023-11-06,1072,136,81,72,40,55,32,0.5955882352941176,0.5555555555555556,121
2023-11-07,1072,140,91,78,42,49,36,0.65,0.5384615384615384,133
2023-11-08,1072,110,90,90,40,20,50,0.8181818181818182,0.4444444444444444,130
2023-11-09,1072,135,81,59,38,54,21,0.6,0.6440677966101694,119
2023-11-10,1072,107,82,74,40,25,34,0.7663551401869159,0.5405405405405406,122
2023-11-11,1072,146,74,85,44,72,41,0.5068493150684932,0.5176470588235295,118
2023-11-12,1072,114,78,97,41,36,56,0.6842105263157895,0.422680412371134,119
2023-11-13,1072,127,84,51,27,43,24,0.6614173228346457,0.5294117647058824,111
2023-11-14,1072,104,87,89,40,17,49,0.8365384615384616,0.449438202247191,127
2023-11-15,1072,133,74,51,38,59,13,0.556390977443609,0.7450980392156863,112
2023-11-16,1072,118,73,86,38,45,48,0.6186440677966102,0.4418604651162791,111
2023-11-17,1072,109,94,80,41,15,39,0.8623853211009175,0.5125,135
2023-11-18,1072,100,66,99,30,34,69,0.66,0.30303030303030304,96
2023-11-19,1072,147,98,72,36,49,36,0.6666666666666666,0.5,134
2023-11-20,1072,146,69,59,40,77,19,0.4726027397260274,0.6779661016949152,109
2023-11-21,1072,105,77,85,34,28,51,0.7333333333333333,0.4,111
2023-11-22,1072,116,76,54,32,40,22,0.6551724137931034,0.5925925925925926,108
2023-11-23,1072,114,78,97,39,36,58,0.6842105263157895,0.4020618556701031,117
2023-11-24,1072,119,89,93,39,30,54,0.7478991596638656,0.41935483870967744,128
2023-11-25,1072,134,73,66,40,61,26,0.5447761194029851,0.6060606060606061,113
2023-11-26,1072,124,73,73,41,51,32,0.5887096774193549,0.5616438356164384,114
2023-11-27,1072,150,73,76,40,77,36,0.4866666666666667,0.5263157894736842,113
2023-11-28,1072,140,62,73,45,78,28,0.44285714285714284,0.6164383561643836,107
2023-11-29,1072,130,81,69,42,49,27,0.6230769230769231,0.6086956521739131,123
2023-11-30,1072,136,89,68,46,47,22,0.6544117647058824,0.6764705882352942,135
2023-12-01,1072,127,86,65,39,41,26,0.6771653543307087,0.6,125
2023-12-02,1072,109,71,70,45,38,25,0.6513761467889908,0.6428571428571429,116
2023-12-03,1072,102,79,90,43,23,47,0.7745098039215687,0.4777777777777778,122
2023-12-04,1072,101,85,56,38,16,18,0.8415841584158416,0.6785714285714286,123
2023-12-05,1072,126,91,83,44,35,39,0.7222222222222222,0.5301204819277109,135
2023-12-06,1072,129,81,97,50,48,47,0.627906976744186,0.5154639175257731,131
2023-12-07,1072,121,80,81,40,41,41,0.6611570247933884,0.49382716049382713,120
2023-12-08,1072,111,73,67,40,38,27,0.6576576576576577,0.5970149253731343,113
2023-12-09,1072,107,87,96,37,20,59,0.8130841121495327,0.3854166666666667,124
2023-12-10,1072,108,80,59,50,28,9,0.7407407407407407,0.847457627118644,130
2023-12-11,1072,132,76,90,42,56,48,0.5757575757575758,0.4666666666666667,118
2023-12-12,1072,113,85,65,36,28,29,0.7522123893805309,0.5538461538461539,121
2023-12-13,1072,128,90,57,50,38,7,0.703125,0.8771929824561403,140
2023-12-14,1072,100,84,62,48,16,14,0.84,0.7741935483870968,132
2023-12-15,1072,104,98,94,41,6,53,0.9423076923076923,0.43617021276595747,139
2023-12-16,1072,121,83,100,43,38,57,0.6859504132231405,0.43,126
2023-12-17,1072,119,77,65,46,42,19,0.6470588235294118,0.7076923076923077,123
2023-12-18,1072,103,79,95,43,24,52,0.7669902912621359,0.45263157894736844,122
2023-12-19,1072,123,54,63,30,69,33,0.43902439024390244,0.47619047619047616,84
2023-12-20,1072,135,84,100,51,51,49,0.6222222222222222,0.51,135
2023-12-21,1072,120,98,72,38,22,34,0.8166666666666667,0.5277777777777778,136
2023-12-22,1072,123,59,58,42,64,16,0.4796747967479675,0.7241379310344828,101
2023-12-23,1072,138,77,52,45,61,7,0.5579710144927537,0.8653846153846154,122
2023-12-24,1072,106,81,98,43,25,55,0.7641509433962265,0.4387755102040816,124
2023-12-25,1072,113,96,58,41,17,17,0.8495575221238938,0.7068965517241379,137
2023-12-26,1072,148,84,81,49,64,32,0.5675675675675675,0.6049382716049383,133
2023-12-27,1072,145,94,65,40,51,25,0.6482758620689655,0.6153846153846154,134
2023-12-28,1072,145,86,52,30,59,22,0.593103448275862,0.5769230769230769,116
2023-12-29,1072,133,71,85,30,62,55,0.5338345864661654,0.35294117647058826,101
2023-12-30,1072,144,80,61,32,64,29,0.5555555555555556,0.5245901639344263,112
2023-12-31,1072,117,77,50,29,40,21,0.6581196581196581,0.58,106
2023-01-01,1073,121,80,99,42,41,57,0.6611570247933884,0.42424242424242425,122
2023-01-02,1073,121,74,52,33,47,19,0.6115702479338843,0.6346153846153846,107
2023-01-03,1073,128,82,88,40,46,48,0.640625,0.45454545454545453,122
2023-01-04,1073,143,87,87,47,56,40,0.6083916083916084,0.5402298850574713,134
2023-01-05,1073,122,76,62,36,46,26,0.6229508196721312,0.5806451612903226,112
2023-01-06,1073,108,99,79,34,9,45,0.9166666666666666,0.43037974683544306,133
2023-01-07,1073,141,78,93,41,63,52,0.5531914893617021,0.44086021505376344,119
2023-01-08,1073,107,70,68,26,37,42,0.6542056074766355,0.38235294117647056,96
2023-01-09,1073,128,77,100,32,51,68,0.6015625,0.32,109
2023-01-10,1073,129,81,59,44,48,15,0.627906976744186,0.7457627118644068,125
2023-01-11,1073,141,96,55,38,45,17,0.6808510638297872,0.6909090909090909,134
2023-01-12,1073,139,92,93,45,47,48,0.6618705035971223,0.4838709677419355,137
2023-01-13,1073,103,76,96,36,27,60,0.7378640776699029,0.375,112
2023-01-14,1073,127,75,90,47,52,43,0.5905511811023622,0.5222222222222223,122
2023-01-15,1073,131,91,80,44,40,36,0.6946564885496184,0.55,135
2023-01-16,1073,139,90,69,38,49,31,0.6474820143884892,0.5507246376811594,128
2023-01-17,1073,136,92,87,34,44,53,0.6764705882352942,0.39080459770114945,126
2023-01-18,1073,148,85,83,51,63,32,0.5743243243243243,0.6144578313253012,136
2023-01-19,1073,123,81,60,52,42,8,0.6585365853658537,0.8666666666666667,133
2023-01-20,1073,108,90,65,39,18,26,0.8333333333333334,0.6,129
2023-01-21,1073,113,73,52,42,40,10,0.6460176991150443,0.8076923076923077,115
2023-01-22,1073,121,69,67,43,52,24,0.5702479338842975,0.6417910447761194,112
2023-01-23,1073,115,81,68,38,34,30,0.7043478260869566,0.5588235294117647,119
2023-01-24,1073,126,93,68,35,33,33,0.7380952380952381,0.5147058823529411,128
2023-01-25,1073,127,86,67,47,41,20,0.6771653543307087,0.7014925373134329,133
2023-01-26,1073,110,71,70,31,39,39,0.6454545454545455,0.44285714285714284,102
2023-01-27,1073,116,78,68,40,38,28,0.6724137931034483,0.5882352941176471,118
2023-01-28,1073,105,84,67,45,21,22,0.8,0.6716417910447762,129
2023-01-29,1073,124,75,79,35,49,44,0.6048387096774194,0.4430379746835443,110
2023-01-30,1073,117,96,88,48,21,40,0.8205128205128205,0.5454545454545454,144
2023-01-31,1073,147,71,99,29,76,70,0.48299319727891155,0.29292929292929293,100
2023-02-01,1073,109,73,56,35,36,21,0.6697247706422018,0.625,108
2023-02-02,1073,130,96,83,32,34,51,0.7384615384615385,0.3855421686746988,128
2023-02-03,1073,115,95,90,39,20,51,0.8260869565217391,0.43333333333333335,134
2023-02-04,1073,148,84,83,43,64,40,0.5675675675675675,0.5180722891566265,127
2023-02-05,1073,105,70,100,35,35,65,0.6666666666666666,0.35,105
2023-02-06,1073,115,79,100,38,36,62,0.6869565217391305,0.38,117
2023-02-07,1073,125,89,73,33,36,40,0.712,0.4520547945205479,122
2023-02-08,1073,106,87,68,48,19,20,0.8207547169811321,0.7058823529411765,135
2023-02-09,1073,104,78,62,32,26,30,0.75,0.5161290322580645,110
2023-02-10,1073,140,72,75,47,68,28,0.5142857142857142,0.6266666666666667,119
2023-02-11,1073,143,78,70,36,65,34,0.5454545454545454,0.5142857142857142,114
2023-02-12,1073,148,61,64,43,87,21,0.41216216216216217,0.671875,104
2023-02-13,1073,137,93,87,48,44,39,0.6788321167883211,0.5517241379310345,141
2023-02-14,1073,124,69,85,53,55,32,0.5564516129032258,0.6235294117647059,122
2023-02-15,1073,114,80,93,42,34,51,0.7017543859649122,0.45161290322580644,122
2023-02-16,1073,133,90,84,45,43,39,0.6766917293233082,0.5357142857142857,135
2023-02-17,1073,139,85,59,31,54,28,0.6115107913669064,0.5254237288135594,116
2023-02-18,1073,130,75,81,38,55,43,0.5769230769230769,0.4691358024691358,113
2023-02-19,1073,142,79,76,32,63,44,0.5563380281690141,0.42105263157894735,111
2023-02-20,1073,117,75,81,38,42,43,0.6410256410256411,0.4691358024691358,113
2023-02-21,1073,103,81,94,40,22,54,0.7864077669902912,0.425531914893617,121
2023-02-22,1073,137,58,66,42,79,24,0.4233576642335766,0.6363636363636364,100
2023-02-23,1073,116,95,69,36,21,33,0.8189655172413793,0.5217391304347826,131
2023-02-24,1073,103,74,53,36,29,17,0.7184466019417476,0.6792452830188679,110
2023-02-25,1073,149,80,88,41,69,47,0.5369127516778524,0.4659090909090909,121
2023-02-26,1073,148,98,63,42,50,21,0.6621621621621622,0.6666666666666666,140
2023-02-27,1073,108,78,80,33,30,47,0.7222222222222222,0.4125,111
2023-02-28,1073,132,87,89,43,45,46,0.6590909090909091,0.48314606741573035,130
2023-03-01,1073,113,64,70,25,49,45,0.5663716814159292,0.35714285714285715,89
2023-03-02,1073,141,64,98,37,77,61,0.45390070921985815,0.37755102040816324,101
2023-03-03,1073,144,85,68,36,59,32,0.5902777777777778,0.5294117647058824,121
2023-03-04,1073,134,80,72,39,54,33,0.5970149253731343,0.5416666666666666,119
2023-03-05,1073,141,86,53,46,55,7,0.6099290780141844,0.8679245283018868,132
2023-03-06,1073,125,79,63,48,46,15,0.632,0.7619047619047619,127
2023-03-07,1073,110,70,63,32,40,31,0.6363636363636364,0.5079365079365079,102
2023-03-08,1073,110,82,53,33,28,20,0.7454545454545455,0.6226415094339622,115
2023-03-09,1073,115,75,69,44,40,25,0.6521739130434783,0.6376811594202898,119
2023-03-10,1073,138,78,90,43,60,47,0.5652173913043478,0.4777777777777778,121
2023-03-11,1073,113,88,100,33,25,67,0.7787610619469026,0.33,121
2023-03-12,1073,145,85,55,33,60,22,0.5862068965517241,0.6,118
2023-03-13,1073,106,70,61,46,36,15,0.660377358490566,0.7540983606557377,116
2023-03-14,1073,120,77,64,32,43,32,0.6416666666666667,0.5,109
2023-03-15,1073,138,84,97,45,54,52,0.6086956521739131,0.4639175257731959,129
2023-03-16,1073,139,87,65,38,52,27,0.6258992805755396,0.5846153846153846,125
2023-03-17,1073,103,88,70,40,15,30,0.8543689320388349,0.5714285714285714,128
2023-03-18,1073,124,67,93,38,57,55,0.5403225806451613,0.40860215053763443,105
2023-03-19,1073,132,69,100,40,63,60,0.5227272727272727,0.4,109
2023-03-20,1073,108,78,100,34,30,66,0.7222222222222222,0.34,112
2023-03-21,1073,137,75,52,41,62,11,0.5474452554744526,0.7884615384615384,116
2023-03-22,1073,136,65,100,46,71,54,0.47794117647058826,0.46,111
2023-03-23,1073,110,97,73,34,13,39,0.8818181818181818,0.4657534246575342,131
2023-03-24,1073,118,78,72,41,40,31,0.6610169491525424,0.5694444444444444,119
2023-03-25,1073,131,77,81,34,54,47,0.5877862595419847,0.41975308641975306,111
2023-03-26,1073,146,93,71,37,53,34,0.636986301369863,0.5211267605633803,130
2023-03-27,1073,126,89,51,45,37,6,0.7063492063492064,0.8823529411764706,134
2023-03-28,1073,119,100,64,44,19,20,0.8403361344537815,0.6875,144
2023-03-29,1073,115,77,67,40,38,27,0.6695652173913044,0.5970149253731343,117
2023-03-30,1073,102,72,80,49,30,31,0.7058823529411765,0.6125,121
2023-03-31,1073,123,74,54,37,49,17,0.6016260162601627,0.6851851851851852,111
2023-04-01,1073,112,90,80,46,22,34,0.8035714285714286,0.575,136
2023-04-02,1073,114,93,56,39,21,17,0.8157894736842105,0.6964285714285714,132
2023-04-03,1073,112,91,76,39,21,37,0.8125,0.5131578947368421,130
2023-04-04,1073,107,81,94,33,26,61,0.7570093457943925,0.35106382978723405,114
2023-04-05,1073,111,80,51,41,31,10,0.7207207207207207,0.803921568627451,121
2023-04-06,1073,142,66,90,40,76,50,0.4647887323943662,0.4444444444444444,106
2023-04-07,1073,108,78,85,41,30,44,0.7222222222222222,0.4823529411764706,119
2023-04-08,1073,128,76,88,35,52,53,0.59375,0.3977272727272727,111
2023-04-09,1073,140,87,87,53,53,34,0.6214285714285714,0.6091954022988506,140
2023-04-10,1073,148,77,99,40,71,59,0.5202702702702703,0.40404040404040403,117
2023-04-11,1073,136,82,91,51,54,40,0.6029411764705882,0.5604395604395604,133
2023-04-12,1073,132,93,93,33,39,60,0.7045454545454546,0.3548387096774194,126
2023-04-13,1073,149,85,99,49,64,50,0.5704697986577181,0.494949494949495,134
2023-04-14,1073,120,85,100,35,35,65,0.7083333333333334,0.35,120
2023-04-15,1073,116,77,85,44,39,41,0.6637931034482759,0.5176470588235295,121
2023-04-16,1073,109,92,90,46,17,44,0.8440366972477065,0.5111111111111111,138
2023-04-17,1073,146,71,87,31,75,56,0.4863013698630137,0.3563218390804598,102
2023-04-18,1073,131,80,61,46,51,15,0.6106870229007634,0.7540983606557377,126
2023-04-19,1073,121,94,66,50,27,16,0.7768595041322314,0.7575757575757576,144
2023-04-20,1073,116,72,92,42,44,50,0.6206896551724138,0.45652173913043476,114
2023-04-21,1073,130,93,50,33,37,17,0.7153846153846154,0.66,126
2023-04-22,1073,145,87,89,51,58,38,0.6,0.5730337078651685,138
2023-04-23,1073,108,85,89,43,23,46,0.7870370370370371,0.48314606741573035,128
2023-04-24,1073,112,86,99,35,26,64,0.7678571428571429,0.35353535353535354,121
2023-04-25,1073,114,86,86,32,28,54,0.7543859649122807,0.37209302325581395,118
2023-04-26,1073,108,90,76,39,18,37,0.8333333333333334,0.5131578947368421,129
2023-04-27,1073,112,61,64,30,51,34,0.5446428571428571,0.46875,91
2023-04-28,1073,150,88,85,42,62,43,0.5866666666666667,0.49411764705882355,130
2023-04-29,1073,121,78,68,48,43,20,0.6446280991735537,0.7058823529411765,126
2023-04-30,1073,138,75,68,44,63,24,0.5434782608695652,0.6470588235294118,119
2023-05-01,1073,134,78,57,44,56,13,0.582089552238806,0.7719298245614035,122
2023-05-02,1073,106,91,98,35,15,63,0.8584905660377359,0.35714285714285715,126
2023-05-03,1073,130,82,56,38,48,18,0.6307692307692307,0.6785714285714286,120
2023-05-04,1073,107,76,82,41,31,41,0.7102803738317757,0.5,117
2023-05-05,1073,131,74,75,44,57,31,0.5648854961832062,0.5866666666666667,118
2023-05-06,1073,119,87,60,41,32,19,0.7310924369747899,0.6833333333333333,128
2023-05-07,1073,139,88,75,46,51,29,0.6330935251798561,0.6133333333333333,134
2023-05-08,1073,123,76,90,32,47,58,0.6178861788617886,0.35555555555555557,108
2023-05-09,1073,119,81,96,47,38,49,0.680672268907563,0.4895833333333333,128
2023-05-10,1073,143,76,72,47,67,25,0.5314685314685315,0.6527777777777778,123
2023-05-11,1073,109,74,69,46,35,23,0.6788990825688074,0.6666666666666666,120
2023-05-12,1073,147,79,84,35,68,49,0.5374149659863946,0.4166666666666667,114
2023-05-13,1073,143,79,93,43,64,50,0.5524475524475524,0.46236559139784944,122
2023-05-14,1073,136,110,81,37,26,44,0.8088235294117647,0.4567901234567901,147
2023-05-15,1073,126,75,79,42,51,37,0.5952380952380952,0.5316455696202531,117
2023-05-16,1073,123,71,61,39,52,22,0.5772357723577236,0.639344262295082,110
2023-05-17,1073,148,75,97,37,73,60,0.5067567567567568,0.38144329896907214,112
2023-05-18,1073,122,77,79,43,45,36,0.6311475409836066,0.5443037974683544,120
2023-05-19,1073,119,91,91,42,28,49,0.7647058823529411,0.46153846153846156,133
2023-05-20,1073,128,84,57,44,44,13,0.65625,0.7719298245614035,128
2023-05-21,1073,105,75,69,45,30,24,0.7142857142857143,0.6521739130434783,120
2023-05-22,1073,123,83,58,37,40,21,0.6747967479674797,0.6379310344827587,120
2023-05-23,1073,102,83,52,46,19,6,0.8137254901960784,0.8846153846153846,129
2023-05-24,1073,142,95,99,35,47,64,0.6690140845070423,0.35353535353535354,130
2023-05-25,1073,141,88,83,53,53,30,0.624113475177305,0.6385542168674698,141
2023-05-26,1073,124,87,90,32,37,58,0.7016129032258065,0.35555555555555557,119
2023-05-27,1073,148,76,92,33,72,59,0.5135135135135135,0.358695652173913,109
2023-05-28,1073,148,74,51,45,74,6,0.5,0.8823529411764706,119
2023-05-29,1073,124,90,68,39,34,29,0.7258064516129032,0.5735294117647058,129
2023-05-30,1073,115,71,90,52,44,38,0.6173913043478261,0.5777777777777777,123
2023-05-31,1073,147,86,62,49,61,13,0.5850340136054422,0.7903225806451613,135
2023-06-01,1073,149,77,55,35,72,20,0.5167785234899329,0.6363636363636364,112
2023-06-02,1073,129,68,69,43,61,26,0.5271317829457365,0.6231884057971014,111
2023-06-03,1073,138,69,72,40,69,32,0.5,0.5555555555555556,109
2023-06-04,1073,107,85,73,41,22,32,0.794392523364486,0.5616438356164384,126
2023-06-05,1073,148,68,71,35,80,36,0.4594594594594595,0.49295774647887325,103
2023-06-06,1073,150,66,85,39,84,46,0.44,0.4588235294117647,105
2023-06-07,1073,129,85,56,35,44,21,0.6589147286821705,0.625,120
2023-06-08,1073,122,86,99,41,36,58,0.7049180327868853,0.41414141414141414,127
2023-06-09,1073,136,83,64,30,53,34,0.6102941176470589,0.46875,113
2023-06-10,1073,101,72,63,28,29,35,0.7128712871287128,0.4444444444444444,100
2023-06-11,1073,122,88,77,40,34,37,0.7213114754098361,0.5194805194805194,128
2023-06-12,1073,148,77,92,39,71,53,0.5202702702702703,0.42391304347826086,116
2023-06-13,1073,144,69,83,46,75,37,0.4791666666666667,0.5542168674698795,115
2023-06-14,1073,146,85,63,39,61,24,0.5821917808219178,0.6190476190476191,124
2023-06-15,1073,128,68,57,30,60,27,0.53125,0.5263157894736842,98
2023-06-16,1073,126,90,100,39,36,61,0.7142857142857143,0.39,129
2023-06-17,1073,132,78,63,45,54,18,0.5909090909090909,0.7142857142857143,123
2023-06-18,1073,136,67,59,54,69,5,0.49264705882352944,0.9152542372881356,121
2023-06-19,1073,118,72,59,47,46,12,0.6101694915254238,0.7966101694915254,119
2023-06-20,1073,117,81,88,30,36,58,0.6923076923076923,0.3409090909090909,111
2023-06-21,1073,111,79,90,38,32,52,0.7117117117117117,0.4222222222222222,117
2023-06-22,1073,140,62,71,44,78,27,0.44285714285714284,0.6197183098591549,106
2023-06-23,1073,106,67,90,45,39,45,0.6320754716981132,0.5,112
2023-06-24,1073,123,83,87,50,40,37,0.6747967479674797,0.5747126436781609,133
2023-06-25,1073,107,73,58,38,34,20,0.6822429906542056,0.6551724137931034,111
2023-06-26,1073,116,81,84,37,35,47,0.6982758620689655,0.44047619047619047,118
2023-06-27,1073,127,71,94,35,56,59,0.5590551181102362,0.3723404255319149,106
2023-06-28,1073,106,70,74,41,36,33,0.660377358490566,0.5540540540540541,111
2023-06-29,1073,113,76,62,31,37,31,0.672566371681416,0.5,107
2023-06-30,1073,128,94,61,43,34,18,0.734375,0.7049180327868853,137
2023-07-01,1073,139,79,97,34,60,63,0.5683453237410072,0.35051546391752575,113
2023-07-02,1073,140,84,50,38,56,12,0.6,0.76,122
2023-07-03,1073,144,93,100,39,51,61,0.6458333333333334,0.39,132
2023-07-04,1073,149,64,94,36,85,58,0.42953020134228187,0.3829787234042553,100
2023-07-05,1073,129,77,76,43,52,33,0.5968992248062015,0.5657894736842105,120
2023-07-06,1073,128,82,50,47,46,3,0.640625,0.94,129
2023-07-07,1073,130,87,83,31,43,52,0.6692307692307692,0.37349397590361444,118
2023-07-08,1073,111,71,79,30,40,49,0.6396396396396397,0.379746835443038,101
2023-07-09,1073,136,87,83,40,49,43,0.6397058823529411,0.4819277108433735,127
2023-07-10,1073,122,76,54,42,46,12,0.6229508196721312,0.7777777777777778,118
2023-07-11,1073,140,70,89,35,70,54,0.5,0.39325842696629215,105
2023-07-12,1073,147,70,99,38,77,61,0.47619047619047616,0.3838383838383838,108
2023-07-13,1073,144,77,63,40,67,23,0.5347222222222222,0.6349206349206349,117
2023-07-14,1073,129,86,86,40,43,46,0.6666666666666666,0.46511627906976744,126
2023-07-15,1073,134,73,73,39,61,34,0.5447761194029851,0.5342465753424658,112
2023-07-16,1073,118,82,61,48,36,13,0.6949152542372882,0.7868852459016393,130
2023-07-17,1073,119,85,86,31,34,55,0.7142857142857143,0.36046511627906974,116
2023-07-18,1073,110,73,76,44,37,32,0.6636363636363637,0.5789473684210527,117
2023-07-19,1073,135,85,59,35,50,24,0.6296296296296297,0.5932203389830508,120
2023-07-20,1073,101,94,61,43,7,18,0.9306930693069307,0.7049180327868853,137
2023-07-21,1073,134,82,57,37,52,20,0.6119402985074627,0.6491228070175439,119
2023-07-22,1073,148,77,90,38,71,52,0.5202702702702703,0.4222222222222222,115
2023-07-23,1073,143,89,95,33,54,62,0.6223776223776224,0.3473684210526316,122
2023-07-24,1073,142,83,84,44,59,40,0.5845070422535211,0.5238095238095238,127
2023-07-25,1073,125,91,71,40,34,31,0.728,0.5633802816901409,131
2023-07-26,1073,149,81,100,42,68,58,0.5436241610738255,0.42,123
2023-07-27,1073,123,74,97,34,49,63,0.6016260162601627,0.35051546391752575,108
2023-07-28,1073,112,81,88,40,31,48,0.7232142857142857,0.45454545454545453,121
2023-07-29,1073,115,82,80,42,33,38,0.7130434782608696,0.525,124
2023-07-30,1073,139,81,54,40,58,14,0.5827338129496403,0.7407407407407407,121
2023-07-31,1073,134,90,79,46,44,33,0.6716417910447762,0.5822784810126582,136
2023-08-01,1073,124,101,68,39,23,29,0.8145161290322581,0.5735294117647058,140
2023-08-02,1073,121,81,94,40,40,54,0.6694214876033058,0.425531914893617,121
2023-08-03,1073,119,84,87,43,35,44,0.7058823529411765,0.4942528735632184,127
2023-08-04,1073,133,82,66,34,51,32,0.6165413533834586,0.5151515151515151,116
2023-08-05,1073,119,76,88,39,43,49,0.6386554621848739,0.4431818181818182,115
2023-08-06,1073,126,84,62,35,42,27,0.6666666666666666,0.5645161290322581,119
2023-08-07,1073,140,94,71,46,46,25,0.6714285714285714,0.647887323943662,140
2023-08-08,1073,115,95,53,41,20,12,0.8260869565217391,0.7735849056603774,136
2023-08-09,1073,128,87,55,49,41,6,0.6796875,0.8909090909090909,136
2023-08-10,1073,111,83,65,44,28,21,0.7477477477477478,0.676923076923077,127
2023-08-11,1073,138,73,61,24,65,37,0.5289855072463768,0.39344262295081966,97
2023-08-12,1073,143,81,60,34,62,26,0.5664335664335665,0.5666666666666667,115
2023-08-13,1073,122,79,56,48,43,8,0.6475409836065574,0.8571428571428571,127
2023-08-14,1073,105,81,96,44,24,52,0.7714285714285715,0.4583333333333333,125
2023-08-15,1073,137,74,66,36,63,30,0.5401459854014599,0.5454545454545454,110
2023-08-16,1073,104,86,79,31,18,48,0.8269230769230769,0.3924050632911392,117
2023-08-17,1073,121,72,95,39,49,56,0.5950413223140496,0.4105263157894737,111
2023-08-18,1073,118,97,56,56,21,0,0.8220338983050848,1,153
2023-08-19,1073,115,68,80,40,47,40,0.591304347826087,0.5,108
2023-08-20,1073,130,80,75,35,50,40,0.6153846153846154,0.4666666666666667,115
2023-08-21,1073,117,74,98,42,43,56,0.6324786324786325,0.42857142857142855,116
2023-08-22,1073,137,79,64,38,58,26,0.5766423357664233,0.59375,117
2023-08-23,1073,103,101,78,35,2,43,0.9805825242718447,0.44871794871794873,136
2023-08-24,1073,128,82,99,35,46,64,0.640625,0.35353535353535354,117
2023-08-25,1073,103,80,50,31,23,19,0.7766990291262136,0.62,111
2023-08-26,1073,129,71,74,38,58,36,0.5503875968992248,0.5135135135135135,109
2023-08-27,1073,122,85,60,42,37,18,0.6967213114754098,0.7,127
2023-08-28,1073,106,79,81,42,27,39,0.7452830188679245,0.5185185185185185,121
2023-08-29,1073,145,78,91,45,67,46,0.5379310344827586,0.4945054945054945,123
2023-08-30,1073,125,86,80,45,39,35,0.688,0.5625,131
2023-08-31,1073,141,88,77,42,53,35,0.624113475177305,0.5454545454545454,130
2023-09-01,1073,100,85,56,37,15,19,0.85,0.6607142857142857,122
2023-09-02,1073,126,86,63,38,40,25,0.6825396825396826,0.6031746031746031,124
2023-09-03,1073,120,95,62,36,25,26,0.7916666666666666,0.5806451612903226,131
2023-09-04,1073,117,90,93,43,27,50,0.7692307692307693,0.46236559139784944,133
2023-09-05,1073,137,83,61,44,54,17,0.6058394160583942,0.7213114754098361,127
2023-09-06,1073,135,72,83,43,63,40,0.5333333333333333,0.5180722891566265,115
2023-09-07,1073,100,79,89,40,21,49,0.79,0.449438202247191,119
2023-09-08,1073,123,67,92,43,56,49,0.5447154471544715,0.4673913043478261,110
2023-09-09,1073,110,72,89,42,38,47,0.6545454545454545,0.47191011235955055,114
2023-09-10,1073,118,72,61,33,46,28,0.6101694915254238,0.5409836065573771,105
2023-09-11,1073,112,79,53,37,33,16,0.7053571428571429,0.6981132075471698,116
2023-09-12,1073,116,69,89,41,47,48,0.5948275862068966,0.4606741573033708,110
2023-09-13,1073,103,77,98,35,26,63,0.7475728155339806,0.35714285714285715,112
2023-09-14,1073,140,83,97,53,57,44,0.5928571428571429,0.5463917525773195,136
2023-09-15,1073,133,70,78,27,63,51,0.5263157894736842,0.34615384615384615,97
2023-09-16,1073,115,80,70,35,35,35,0.6956521739130435,0.5,115
2023-09-17,1073,139,82,60,37,57,23,0.5899280575539568,0.6166666666666667,119
2023-09-18,1073,109,91,56,41,18,15,0.8348623853211009,0.7321428571428571,132
2023-09-19,1073,129,66,88,42,63,46,0.5116279069767442,0.4772727272727273,108
2023-09-20,1073,132,81,51,36,51,15,0.6136363636363636,0.7058823529411765,117
2023-09-21,1073,124,83,66,34,41,32,0.6693548387096774,0.5151515151515151,117
2023-09-22,1073,110,98,97,38,12,59,0.8909090909090909,0.3917525773195876,136
2023-09-23,1073,144,71,66,32,73,34,0.4930555555555556,0.48484848484848486,103
2023-09-24,1073,138,81,61,55,57,6,0.5869565217391305,0.9016393442622951,136
2023-09-25,1073,128,76,83,38,52,45,0.59375,0.4578313253012048,114
2023-09-26,1073,126,87,54,40,39,14,0.6904761904761905,0.7407407407407407,127
2023-09-27,1073,118,89,74,42,29,32,0.7542372881355932,0.5675675675675675,131
2023-09-28,1073,136,91,53,43,45,10,0.6691176470588235,0.8113207547169812,134
2023-09-29,1073,149,72,84,25,77,59,0.48322147651006714,0.2976190476190476,97
2023-09-30,1073,142,82,67,32,60,35,0.5774647887323944,0.47761194029850745,114
2023-10-01,1073,112,72,77,42,40,35,0.6428571428571429,0.5454545454545454,114
2023-10-02,1073,127,78,77,52,49,25,0.6141732283464567,0.6753246753246753,130
2023-10-03,1073,141,68,74,24,73,50,0.48226950354609927,0.32432432432432434,92
2023-10-04,1073,132,81,76,41,51,35,0.6136363636363636,0.5394736842105263,122
2023-10-05,1073,142,83,50,33,59,17,0.5845070422535211,0.66,116
2023-10-06,1073,108,90,96,51,18,45,0.8333333333333334,0.53125,141
2023-10-07,1073,124,81,56,33,43,23,0.6532258064516129,0.5892857142857143,114
2023-10-08,1073,100,88,75,40,12,35,0.88,0.5333333333333333,128
2023-10-09,1073,121,75,69,41,46,28,0.6198347107438017,0.5942028985507246,116
2023-10-10,1073,109,83,95,32,26,63,0.7614678899082569,0.3368421052631579,115
2023-10-11,1073,132,97,86,38,35,48,0.7348484848484849,0.4418604651162791,135
2023-10-12,1073,122,72,56,43,50,13,0.5901639344262295,0.7678571428571429,115
2023-10-13,1073,120,65,83,46,55,37,0.5416666666666666,0.5542168674698795,111
2023-10-14,1073,150,64,89,32,86,57,0.4266666666666667,0.3595505617977528,96
2023-10-15,1073,138,88,71,36,50,35,0.6376811594202898,0.5070422535211268,124
2023-10-16,1073,129,83,73,43,46,30,0.6434108527131783,0.589041095890411,126
2023-10-17,1073,142,90,81,33,52,48,0.6338028169014085,0.4074074074074074,123
2023-10-18,1073,143,71,86,38,72,48,0.4965034965034965,0.4418604651162791,109
2023-10-19,1073,145,81,78,44,64,34,0.5586206896551724,0.5641025641025641,125
2023-10-20,1073,143,80,80,51,63,29,0.5594405594405595,0.6375,131
2023-10-21,1073,147,84,99,50,63,49,0.5714285714285714,0.5050505050505051,134
2023-10-22,1073,108,90,63,40,18,23,0.8333333333333334,0.6349206349206349,130
2023-10-23,1073,133,84,90,42,49,48,0.631578947368421,0.4666666666666667,126
2023-10-24,1073,142,77,73,28,65,45,0.5422535211267606,0.3835616438356164,105
2023-10-25,1073,110,71,84,57,39,27,0.6454545454545455,0.6785714285714286,128
2023-10-26,1073,100,96,60,44,4,16,0.96,0.7333333333333333,140
2023-10-27,1073,130,80,64,51,50,13,0.6153846153846154,0.796875,131
2023-10-28,1073,131,69,65,45,62,20,0.5267175572519084,0.6923076923076923,114
2023-10-29,1073,124,91,91,30,33,61,0.7338709677419355,0.32967032967032966,121
2023-10-30,1073,147,75,80,35,72,45,0.5102040816326531,0.4375,110
2023-10-31,1073,106,79,72,47,27,25,0.7452830188679245,0.6527777777777778,126
2023-11-01,1073,109,77,93,42,32,51,0.7064220183486238,0.45161290322580644,119
2023-11-02,1073,100,69,79,32,31,47,0.69,0.4050632911392405,101
2023-11-03,1073,145,91,89,39,54,50,0.6275862068965518,0.43820224719101125,130
2023-11-04,1073,133,74,64,45,59,19,0.556390977443609,0.703125,119
2023-11-05,1073,104,80,55,37,24,18,0.7692307692307693,0.6727272727272727,117
2023-11-06,1073,148,75,54,43,73,11,0.5067567567567568,0.7962962962962963,118
2023-11-07,1073,133,83,89,33,50,56,0.6240601503759399,0.3707865168539326,116
2023-11-08,1073,106,96,81,38,10,43,0.9056603773584906,0.4691358024691358,134
2023-11-09,1073,150,91,52,27,59,25,0.6066666666666667,0.5192307692307693,118
2023-11-10,1073,130,86,92,31,44,61,0.6615384615384615,0.33695652173913043,117
2023-11-11,1073,129,79,97,42,50,55,0.6124031007751938,0.4329896907216495,121
2023-11-12,1073,111,86,64,32,25,32,0.7747747747747747,0.5,118
2023-11-13,1073,100,78,89,36,22,53,0.78,0.4044943820224719,114
2023-11-14,1073,139,87,59,38,52,21,0.6258992805755396,0.6440677966101694,125
2023-11-15,1073,143,81,77,40,62,37,0.5664335664335665,0.5194805194805194,121
2023-11-16,1073,114,76,50,46,38,4,0.6666666666666666,0.92,122
2023-11-17,1073,101,71,55,36,30,19,0.7029702970297029,0.6545454545454545,107
2023-11-18,1073,132,86,54,29,46,25,0.6515151515151515,0.5370370370370371,115
2023-11-19,1073,137,82,100,51,55,49,0.5985401459854015,0.51,133
2023-11-20,1073,135,75,50,38,60,12,0.5555555555555556,0.76,113
2023-11-21,1073,134,86,63,41,48,22,0.6417910447761194,0.6507936507936508,127
2023-11-22,1073,120,92,71,27,28,44,0.7666666666666667,0.38028169014084506,119
2023-11-23,1073,106,94,79,32,12,47,0.8867924528301887,0.4050632911392405,126
2023-11-24,1073,118,70,94,37,48,57,0.5932203389830508,0.39361702127659576,107
2023-11-25,1073,131,92,54,44,39,10,0.7022900763358778,0.8148148148148148,136
2023-11-26,1073,140,86,67,42,54,25,0.6142857142857143,0.6268656716417911,128
2023-11-27,1073,106,78,59,33,28,26,0.7358490566037735,0.559322033898305,111
2023-11-28,1073,114,80,77,42,34,35,0.7017543859649122,0.5454545454545454,122
2023-11-29,1073,140,61,94,45,79,49,0.4357142857142857,0.4787234042553192,106
2023-11-30,1073,150,82,52,45,68,7,0.5466666666666666,0.8653846153846154,127
2023-12-01,1073,143,66,95,42,77,53,0.46153846153846156,0.4421052631578947,108
2023-12-02,1073,130,82,91,38,48,53,0.6307692307692307,0.4175824175824176,120
2023-12-03,1073,135,92,99,41,43,58,0.6814814814814815,0.41414141414141414,133
2023-12-04,1073,108,98,77,49,10,28,0.9074074074074074,0.6363636363636364,147
2023-12-05,1073,150,70,59,39,80,20,0.4666666666666667,0.6610169491525424,109
2023-12-06,1073,110,67,82,32,43,50,0.6090909090909091,0.3902439024390244,99
2023-12-07,1073,127,64,52,38,63,14,0.5039370078740157,0.7307692307692307,102
2023-12-08,1073,102,77,77,38,25,39,0.7549019607843137,0.4935064935064935,115
2023-12-09,1073,150,77,55,41,73,14,0.5133333333333333,0.7454545454545455,118
2023-12-10,1073,104,76,50,38,28,12,0.7307692307692307,0.76,114
2023-12-11,1073,148,67,72,35,81,37,0.4527027027027027,0.4861111111111111,102
2023-12-12,1073,125,86,63,46,39,17,0.688,0.7301587301587301,132
2023-12-13,1073,138,98,82,34,40,48,0.7101449275362319,0.4146341463414634,132
2023-12-14,1073,148,72,94,36,76,58,0.4864864864864865,0.3829787234042553,108
2023-12-15,1073,100,83,75,32,17,43,0.83,0.4266666666666667,115
2023-12-16,1073,110,80,69,56,30,13,0.7272727272727273,0.8115942028985508,136
2023-12-17,1073,149,84,91,32,65,59,0.5637583892617449,0.3516483516483517,116
2023-12-18,1073,107,89,59,40,18,19,0.8317757009345794,0.6779661016949152,129
2023-12-19,1073,114,75,77,48,39,29,0.6578947368421053,0.6233766233766234,123
2023-12-20,1073,115,78,86,26,37,60,0.6782608695652174,0.3023255813953488,104
2023-12-21,1073,130,67,89,44,63,45,0.5153846153846153,0.4943820224719101,111
2023-12-22,1073,139,76,80,50,63,30,0.5467625899280576,0.625,126
2023-12-23,1073,107,70,56,31,37,25,0.6542056074766355,0.5535714285714286,101
2023-12-24,1073,150,75,60,43,75,17,0.5,0.7166666666666667,118
2023-12-25,1073,100,89,53,49,11,4,0.89,0.9245283018867925,138
2023-12-26,1073,107,87,52,34,20,18,0.8130841121495327,0.6538461538461539,121
2023-12-27,1073,106,92,76,27,14,49,0.8679245283018868,0.35526315789473684,119
2023-12-28,1073,129,88,78,48,41,30,0.6821705426356589,0.6153846153846154,136
2023-12-29,1073,109,66,61,33,43,28,0.6055045871559633,0.5409836065573771,99
2023-12-30,1073,137,60,51,34,77,17,0.43795620437956206,0.6666666666666666,94
2023-12-31,1073,123,76,97,38,47,59,0.6178861788617886,0.3917525773195876,114
2023-01-01,1074,111,85,56,28,26,28,0.7657657657657657,0.5,113
2023-01-02,1074,146,84,89,39,62,50,0.5753424657534246,0.43820224719101125,123
2023-01-03,1074,112,100,51,42,12,9,0.8928571428571429,0.8235294117647058,142
2023-01-04,1074,103,90,70,38,13,32,0.8737864077669902,0.5428571428571428,128
2023-01-05,1074,148,74,94,40,74,54,0.5,0.425531914893617,114
2023-01-06,1074,122,89,89,44,33,45,0.7295081967213115,0.4943820224719101,133
2023-01-07,1074,133,72,83,39,61,44,0.5413533834586466,0.46987951807228917,111
2023-01-08,1074,104,83,61,32,21,29,0.7980769230769231,0.5245901639344263,115
2023-01-09,1074,148,70,76,32,78,44,0.47297297297297297,0.42105263157894735,102
2023-01-10,1074,130,84,52,41,46,11,0.6461538461538462,0.7884615384615384,125
2023-01-11,1074,129,72,96,49,57,47,0.5581395348837209,0.5104166666666666,121
2023-01-12,1074,101,86,74,45,15,29,0.8514851485148515,0.6081081081081081,131
2023-01-13,1074,125,66,79,39,59,40,0.528,0.4936708860759494,105
2023-01-14,1074,107,77,88,52,30,36,0.719626168224299,0.5909090909090909,129
2023-01-15,1074,106,87,96,30,19,66,0.8207547169811321,0.3125,117
2023-01-16,1074,127,83,78,49,44,29,0.6535433070866141,0.6282051282051282,132
2023-01-17,1074,148,74,90,51,74,39,0.5,0.5666666666666667,125
2023-01-18,1074,140,79,83,46,61,37,0.5642857142857143,0.5542168674698795,125
2023-01-19,1074,111,74,56,33,37,23,0.6666666666666666,0.5892857142857143,107
2023-01-20,1074,123,94,53,51,29,2,0.7642276422764228,0.9622641509433962,145
2023-01-21,1074,114,80,85,37,34,48,0.7017543859649122,0.43529411764705883,117
2023-01-22,1074,100,100,85,44,0,41,1,0.5176470588235295,144
2023-01-23,1074,114,74,100,39,40,61,0.6491228070175439,0.39,113
2023-01-24,1074,150,93,73,35,57,38,0.62,0.4794520547945205,128
2023-01-25,1074,150,72,68,45,78,23,0.48,0.6617647058823529,117
2023-01-26,1074,103,80,100,37,23,63,0.7766990291262136,0.37,117
2023-01-27,1074,105,70,57,44,35,13,0.6666666666666666,0.7719298245614035,114
2023-01-28,1074,147,91,50,36,56,14,0.6190476190476191,0.72,127
2023-01-29,1074,122,88,87,41,34,46,0.7213114754098361,0.47126436781609193,129
2023-01-30,1074,110,84,97,30,26,67,0.7636363636363637,0.30927835051546393,114
2023-01-31,1074,132,81,55,44,51,11,0.6136363636363636,0.8,125
2023-02-01,1074,134,83,56,44,51,12,0.6194029850746269,0.7857142857142857,127
2023-02-02,1074,146,78,65,48,68,17,0.5342465753424658,0.7384615384615385,126
2023-02-03,1074,102,78,96,44,24,52,0.7647058823529411,0.4583333333333333,122
2023-02-04,1074,142,69,96,37,73,59,0.4859154929577465,0.3854166666666667,106
2023-02-05,1074,114,79,67,51,35,16,0.6929824561403509,0.7611940298507462,130
2023-02-06,1074,104,73,93,32,31,61,0.7019230769230769,0.34408602150537637,105
2023-02-07,1074,114,70,80,30,44,50,0.6140350877192983,0.375,100
2023-02-08,1074,109,77,63,28,32,35,0.7064220183486238,0.4444444444444444,105
2023-02-09,1074,112,92,50,42,20,8,0.8214285714285714,0.84,134
2023-02-10,1074,120,79,91,45,41,46,0.6583333333333333,0.4945054945054945,124
2023-02-11,1074,141,79,70,35,62,35,0.5602836879432624,0.5,114
2023-02-12,1074,124,63,53,35,61,18,0.5080645161290323,0.660377358490566,98
2023-02-13,1074,128,83,78,42,45,36,0.6484375,0.5384615384615384,125
2023-02-14,1074,133,85,83,38,48,45,0.6390977443609023,0.4578313253012048,123
2023-02-15,1074,107,80,61,31,27,30,0.7476635514018691,0.5081967213114754,111
2023-02-16,1074,143,72,87,37,71,50,0.5034965034965035,0.42528735632183906,109
2023-02-17,1074,118,88,79,45,30,34,0.7457627118644068,0.569620253164557,133
2023-02-18,1074,141,77,81,39,64,42,0.5460992907801419,0.48148148148148145,116
2023-02-19,1074,103,75,62,46,28,16,0.7281553398058253,0.7419354838709677,121
2023-02-20,1074,136,75,91,37,61,54,0.5514705882352942,0.4065934065934066,112
2023-02-21,1074,145,86,88,40,59,48,0.593103448275862,0.45454545454545453,126
2023-02-22,1074,117,77,74,37,40,37,0.6581196581196581,0.5,114
2023-02-23,1074,103,91,88,42,12,46,0.883495145631068,0.4772727272727273,133
2023-02-24,1074,107,72,71,37,35,34,0.6728971962616822,0.5211267605633803,109
2023-02-25,1074,138,87,59,39,51,20,0.6304347826086957,0.6610169491525424,126
2023-02-26,1074,129,87,82,41,42,41,0.6744186046511628,0.5,128
2023-02-27,1074,142,77,64,42,65,22,0.5422535211267606,0.65625,119
2023-02-28,1074,149,81,81,38,68,43,0.5436241610738255,0.4691358024691358,119
2023-03-01,1074,126,84,86,39,42,47,0.6666666666666666,0.45348837209302323,123
2023-03-02,1074,128,81,85,40,47,45,0.6328125,0.47058823529411764,121
2023-03-03,1074,150,75,80,32,75,48,0.5,0.4,107
2023-03-04,1074,132,79,63,37,53,26,0.5984848484848485,0.5873015873015873,116
2023-03-05,1074,126,66,71,40,60,31,0.5238095238095238,0.5633802816901409,106
2023-03-06,1074,114,93,84,42,21,42,0.8157894736842105,0.5,135
2023-03-07,1074,115,64,70,60,51,10,0.5565217391304348,0.8571428571428571,124
2023-03-08,1074,144,82,98,33,62,65,0.5694444444444444,0.336734693877551,115
2023-03-09,1074,103,100,84,38,3,46,0.970873786407767,0.4523809523809524,138
2023-03-10,1074,125,79,100,44,46,56,0.632,0.44,123
2023-03-11,1074,110,70,58,38,40,20,0.6363636363636364,0.6551724137931034,108
2023-03-12,1074,120,73,100,49,47,51,0.6083333333333333,0.49,122
2023-03-13,1074,143,88,85,46,55,39,0.6153846153846154,0.5411764705882353,134
2023-03-14,1074,149,61,100,37,88,63,0.40939597315436244,0.37,98
2023-03-15,1074,123,74,56,38,49,18,0.6016260162601627,0.6785714285714286,112
2023-03-16,1074,100,86,100,43,14,57,0.86,0.43,129
2023-03-17,1074,140,86,97,35,54,62,0.6142857142857143,0.36082474226804123,121
2023-03-18,1074,114,64,94,54,50,40,0.5614035087719298,0.574468085106383,118
2023-03-19,1074,103,65,73,46,38,27,0.6310679611650486,0.6301369863013698,111
2023-03-20,1074,139,67,61,45,72,16,0.48201438848920863,0.7377049180327869,112
2023-03-21,1074,123,59,81,38,64,43,0.4796747967479675,0.4691358024691358,97
2023-03-22,1074,114,77,62,39,37,23,0.6754385964912281,0.6290322580645161,116
2023-03-23,1074,109,78,71,38,31,33,0.7155963302752294,0.5352112676056338,116
2023-03-24,1074,105,83,59,43,22,16,0.7904761904761904,0.7288135593220338,126
2023-03-25,1074,130,66,57,32,64,25,0.5076923076923077,0.5614035087719298,98
2023-03-26,1074,135,77,59,40,58,19,0.5703703703703704,0.6779661016949152,117
2023-03-27,1074,129,86,100,37,43,63,0.6666666666666666,0.37,123
2023-03-28,1074,123,89,93,25,34,68,0.7235772357723578,0.26881720430107525,114
2023-03-29,1074,138,83,80,25,55,55,0.6014492753623188,0.3125,108
2023-03-30,1074,124,77,87,49,47,38,0.6209677419354839,0.5632183908045977,126
2023-03-31,1074,149,71,50,40,78,10,0.47651006711409394,0.8,111
2023-04-01,1074,115,70,62,29,45,33,0.6086956521739131,0.46774193548387094,99
2023-04-02,1074,103,67,65,35,36,30,0.6504854368932039,0.5384615384615384,102
2023-04-03,1074,112,76,65,37,36,28,0.6785714285714286,0.5692307692307692,113
2023-04-04,1074,100,100,62,40,0,22,1,0.6451612903225806,140
2023-04-05,1074,111,69,91,39,42,52,0.6216216216216216,0.42857142857142855,108
2023-04-06,1074,145,89,77,38,56,39,0.6137931034482759,0.4935064935064935,127
2023-04-07,1074,111,85,64,42,26,22,0.7657657657657657,0.65625,127
2023-04-08,1074,124,83,50,36,41,14,0.6693548387096774,0.72,119
2023-04-09,1074,114,79,60,38,35,22,0.6929824561403509,0.6333333333333333,117
2023-04-10,1074,133,76,51,39,57,12,0.5714285714285714,0.7647058823529411,115
2023-04-11,1074,138,84,83,32,54,51,0.6086956521739131,0.3855421686746988,116
2023-04-12,1074,105,95,68,44,10,24,0.9047619047619048,0.6470588235294118,139
2023-04-13,1074,112,80,100,39,32,61,0.7142857142857143,0.39,119
2023-04-14,1074,144,66,86,48,78,38,0.4583333333333333,0.5581395348837209,114
2023-04-15,1074,148,91,62,36,57,26,0.6148648648648649,0.5806451612903226,127
2023-04-16,1074,135,77,51,35,58,16,0.5703703703703704,0.6862745098039216,112
2023-04-17,1074,132,82,58,47,50,11,0.6212121212121212,0.8103448275862069,129
2023-04-18,1074,130,66,96,33,64,63,0.5076923076923077,0.34375,99
2023-04-19,1074,135,86,74,47,49,27,0.6370370370370371,0.6351351351351351,133
2023-04-20,1074,123,78,65,45,45,20,0.6341463414634146,0.6923076923076923,123
2023-04-21,1074,121,67,77,45,54,32,0.5537190082644629,0.5844155844155844,112
2023-04-22,1074,119,85,90,30,34,60,0.7142857142857143,0.3333333333333333,115
2023-04-23,1074,130,72,68,45,58,23,0.5538461538461539,0.6617647058823529,117
2023-04-24,1074,117,100,82,39,17,43,0.8547008547008547,0.47560975609756095,139
2023-04-25,1074,120,76,67,47,44,20,0.6333333333333333,0.7014925373134329,123
2023-04-26,1074,125,81,84,41,44,43,0.648,0.4880952380952381,122
2023-04-27,1074,144,88,71,38,56,33,0.6111111111111112,0.5352112676056338,126
2023-04-28,1074,120,75,62,31,45,31,0.625,0.5,106
2023-04-29,1074,107,67,81,43,40,38,0.6261682242990654,0.5308641975308642,110
2023-04-30,1074,149,63,98,49,86,49,0.4228187919463087,0.5,112
2023-05-01,1074,141,79,97,40,62,57,0.5602836879432624,0.41237113402061853,119
2023-05-02,1074,123,90,55,44,33,11,0.7317073170731707,0.8,134
2023-05-03,1074,127,84,96,30,43,66,0.6614173228346457,0.3125,114
2023-05-04,1074,130,82,53,42,48,11,0.6307692307692307,0.7924528301886793,124
2023-05-05,1074,120,82,94,41,38,53,0.6833333333333333,0.43617021276595747,123
2023-05-06,1074,126,79,50,34,47,16,0.626984126984127,0.68,113
2023-05-07,1074,123,86,99,42,37,57,0.6991869918699187,0.42424242424242425,128
2023-05-08,1074,135,75,54,35,60,19,0.5555555555555556,0.6481481481481481,110
2023-05-09,1074,102,82,50,34,20,16,0.803921568627451,0.68,116
2023-05-10,1074,128,85,50,38,43,12,0.6640625,0.76,123
2023-05-11,1074,107,79,56,48,28,8,0.7383177570093458,0.8571428571428571,127
2023-05-12,1074,124,67,93,45,57,48,0.5403225806451613,0.4838709677419355,112
2023-05-13,1074,147,62,92,33,85,59,0.4217687074829932,0.358695652173913,95
2023-05-14,1074,115,93,53,41,22,12,0.808695652173913,0.7735849056603774,134
2023-05-15,1074,119,87,67,37,32,30,0.7310924369747899,0.5522388059701493,124
2023-05-16,1074,145,75,68,37,70,31,0.5172413793103449,0.5441176470588235,112
2023-05-17,1074,130,83,79,34,47,45,0.6384615384615384,0.43037974683544306,117
2023-05-18,1074,147,77,99,48,70,51,0.5238095238095238,0.48484848484848486,125
2023-05-19,1074,136,82,97,41,54,56,0.6029411764705882,0.422680412371134,123
2023-05-20,1074,125,94,94,37,31,57,0.752,0.39361702127659576,131
2023-05-21,1074,124,76,67,40,48,27,0.6129032258064516,0.5970149253731343,116
2023-05-22,1074,102,77,84,39,25,45,0.7549019607843137,0.4642857142857143,116
2023-05-23,1074,105,85,56,40,20,16,0.8095238095238095,0.7142857142857143,125
2023-05-24,1074,116,83,75,39,33,36,0.7155172413793104,0.52,122
2023-05-25,1074,123,76,86,57,47,29,0.6178861788617886,0.6627906976744186,133
2023-05-26,1074,137,82,88,43,55,45,0.5985401459854015,0.48863636363636365,125
2023-05-27,1074,146,80,76,40,66,36,0.547945205479452,0.5263157894736842,120
2023-05-28,1074,116,91,59,52,25,7,0.7844827586206896,0.8813559322033898,143
2023-05-29,1074,145,77,86,37,68,49,0.5310344827586206,0.43023255813953487,114
2023-05-30,1074,101,69,99,35,32,64,0.6831683168316832,0.35353535353535354,104
2023-05-31,1074,127,79,82,46,48,36,0.6220472440944882,0.5609756097560976,125
2023-06-01,1074,135,86,97,51,49,46,0.6370370370370371,0.5257731958762887,137
2023-06-02,1074,102,93,74,35,9,39,0.9117647058823529,0.47297297297297297,128
2023-06-03,1074,123,77,71,40,46,31,0.6260162601626016,0.5633802816901409,117
2023-06-04,1074,149,78,87,31,71,56,0.5234899328859061,0.3563218390804598,109
2023-06-05,1074,122,88,94,37,34,57,0.7213114754098361,0.39361702127659576,125
2023-06-06,1074,132,85,87,40,47,47,0.6439393939393939,0.45977011494252873,125
2023-06-07,1074,148,86,77,29,62,48,0.581081081081081,0.37662337662337664,115
2023-06-08,1074,121,81,66,39,40,27,0.6694214876033058,0.5909090909090909,120
2023-06-09,1074,119,81,97,39,38,58,0.680672268907563,0.4020618556701031,120
2023-06-10,1074,129,73,97,37,56,60,0.5658914728682171,0.38144329896907214,110
2023-06-11,1074,120,85,90,35,35,55,0.7083333333333334,0.3888888888888889,120
2023-06-12,1074,103,68,79,45,35,34,0.6601941747572816,0.569620253164557,113
2023-06-13,1074,130,73,59,38,57,21,0.5615384615384615,0.6440677966101694,111
2023-06-14,1074,110,91,67,31,19,36,0.8272727272727273,0.4626865671641791,122
2023-06-15,1074,116,67,60,30,49,30,0.5775862068965517,0.5,97
2023-06-16,1074,139,81,89,50,58,39,0.5827338129496403,0.5617977528089888,131
2023-06-17,1074,109,81,79,34,28,45,0.7431192660550459,0.43037974683544306,115
2023-06-18,1074,143,65,66,47,78,19,0.45454545454545453,0.7121212121212122,112
2023-06-19,1074,129,101,87,41,28,46,0.7829457364341085,0.47126436781609193,142
2023-06-20,1074,129,82,53,39,47,14,0.6356589147286822,0.7358490566037735,121
2023-06-21,1074,142,77,96,41,65,55,0.5422535211267606,0.4270833333333333,118
2023-06-22,1074,102,82,53,39,20,14,0.803921568627451,0.7358490566037735,121
2023-06-23,1074,101,78,78,43,23,35,0.7722772277227723,0.5512820512820513,121
2023-06-24,1074,107,89,93,41,18,52,0.8317757009345794,0.44086021505376344,130
2023-06-25,1074,127,107,68,37,20,31,0.84251968503937,0.5441176470588235,144
2023-06-26,1074,150,77,74,41,73,33,0.5133333333333333,0.5540540540540541,118
2023-06-27,1074,150,86,86,44,64,42,0.5733333333333334,0.5116279069767442,130
2023-06-28,1074,145,77,86,35,68,51,0.5310344827586206,0.4069767441860465,112
2023-06-29,1074,119,68,70,38,51,32,0.5714285714285714,0.5428571428571428,106
2023-06-30,1074,132,68,57,33,64,24,0.5151515151515151,0.5789473684210527,101
2023-07-01,1074,124,78,80,41,46,39,0.6290322580645161,0.5125,119
2023-07-02,1074,135,91,64,39,44,25,0.674074074074074,0.609375,130
2023-07-03,1074,132,73,73,38,59,35,0.553030303030303,0.5205479452054794,111
2023-07-04,1074,133,82,88,37,51,51,0.6165413533834586,0.42045454545454547,119
2023-07-05,1074,119,74,94,44,45,50,0.6218487394957983,0.46808510638297873,118
2023-07-06,1074,134,77,68,41,57,27,0.5746268656716418,0.6029411764705882,118
2023-07-07,1074,114,71,87,40,43,47,0.6228070175438597,0.45977011494252873,111
2023-07-08,1074,106,82,91,36,24,55,0.7735849056603774,0.3956043956043956,118
2023-07-09,1074,145,89,74,39,56,35,0.6137931034482759,0.527027027027027,128
2023-07-10,1074,137,93,71,33,44,38,0.6788321167883211,0.4647887323943662,126
2023-07-11,1074,139,92,96,32,47,64,0.6618705035971223,0.3333333333333333,124
2023-07-12,1074,102,71,60,57,31,3,0.696078431372549,0.95,128
2023-07-13,1074,107,75,83,48,32,35,0.7009345794392523,0.5783132530120482,123
2023-07-14,1074,150,80,68,43,70,25,0.5333333333333333,0.6323529411764706,123
2023-07-15,1074,135,84,70,36,51,34,0.6222222222222222,0.5142857142857142,120
2023-07-16,1074,114,67,58,44,47,14,0.5877192982456141,0.7586206896551724,111
2023-07-17,1074,105,101,74,37,4,37,0.9619047619047619,0.5,138
2023-07-18,1074,130,91,70,33,39,37,0.7,0.4714285714285714,124
2023-07-19,1074,116,101,51,39,15,12,0.8706896551724138,0.7647058823529411,140
2023-07-20,1074,113,70,78,41,43,37,0.6194690265486725,0.5256410256410257,111
2023-07-21,1074,125,89,76,48,36,28,0.712,0.631578947368421,137
2023-07-22,1074,141,77,62,42,64,20,0.5460992907801419,0.6774193548387096,119
2023-07-23,1074,117,81,99,36,36,63,0.6923076923076923,0.36363636363636365,117
2023-07-24,1074,145,88,53,42,57,11,0.6068965517241379,0.7924528301886793,130
2023-07-25,1074,114,80,66,35,34,31,0.7017543859649122,0.5303030303030303,115
2023-07-26,1074,126,64,52,50,62,2,0.5079365079365079,0.9615384615384616,114
2023-07-27,1074,126,87,56,43,39,13,0.6904761904761905,0.7678571428571429,130
2023-07-28,1074,129,98,80,35,31,45,0.7596899224806202,0.4375,133
2023-07-29,1074,136,90,71,34,46,37,0.6617647058823529,0.4788732394366197,124
2023-07-30,1074,140,83,91,32,57,59,0.5928571428571429,0.3516483516483517,115
2023-07-31,1074,110,89,52,42,21,10,0.8090909090909091,0.8076923076923077,131
2023-08-01,1074,102,75,78,33,27,45,0.7352941176470589,0.4230769230769231,108
2023-08-02,1074,150,74,87,41,76,46,0.49333333333333335,0.47126436781609193,115
2023-08-03,1074,115,65,89,39,50,50,0.5652173913043478,0.43820224719101125,104
2023-08-04,1074,150,94,84,39,56,45,0.6266666666666667,0.4642857142857143,133
2023-08-05,1074,122,84,56,41,38,15,0.6885245901639344,0.7321428571428571,125
2023-08-06,1074,136,88,60,34,48,26,0.6470588235294118,0.5666666666666667,122
2023-08-07,1074,150,75,96,45,75,51,0.5,0.46875,120
2023-08-08,1074,130,70,81,40,60,41,0.5384615384615384,0.49382716049382713,110
2023-08-09,1074,136,82,88,46,54,42,0.6029411764705882,0.5227272727272727,128
2023-08-10,1074,139,78,94,33,61,61,0.5611510791366906,0.35106382978723405,111
2023-08-11,1074,115,65,71,52,50,19,0.5652173913043478,0.7323943661971831,117
2023-08-12,1074,135,83,71,31,52,40,0.6148148148148148,0.43661971830985913,114
2023-08-13,1074,121,86,51,34,35,17,0.7107438016528925,0.6666666666666666,120
2023-08-14,1074,140,95,83,42,45,41,0.6785714285714286,0.5060240963855421,137
2023-08-15,1074,125,94,97,27,31,70,0.752,0.27835051546391754,121
2023-08-16,1074,135,86,80,47,49,33,0.6370370370370371,0.5875,133
2023-08-17,1074,100,67,77,38,33,39,0.67,0.4935064935064935,105
2023-08-18,1074,107,74,71,31,33,40,0.6915887850467289,0.43661971830985913,105
2023-08-19,1074,137,75,56,28,62,28,0.5474452554744526,0.5,103
2023-08-20,1074,119,66,80,38,53,42,0.5546218487394958,0.475,104
2023-08-21,1074,121,90,65,48,31,17,0.743801652892562,0.7384615384615385,138
2023-08-22,1074,128,72,55,46,56,9,0.5625,0.8363636363636363,118
2023-08-23,1074,104,86,90,43,18,47,0.8269230769230769,0.4777777777777778,129
2023-08-24,1074,135,92,82,53,43,29,0.6814814814814815,0.6463414634146342,145
2023-08-25,1074,112,72,65,37,40,28,0.6428571428571429,0.5692307692307692,109
2023-08-26,1074,115,96,52,42,19,10,0.8347826086956521,0.8076923076923077,138
2023-08-27,1074,141,80,92,43,61,49,0.5673758865248227,0.4673913043478261,123
2023-08-28,1074,103,80,94,47,23,47,0.7766990291262136,0.5,127
2023-08-29,1074,145,81,84,47,64,37,0.5586206896551724,0.5595238095238095,128
2023-08-30,1074,137,101,72,39,36,33,0.7372262773722628,0.5416666666666666,140
2023-08-31,1074,145,63,100,45,82,55,0.43448275862068964,0.45,108
2023-09-01,1074,123,88,96,37,35,59,0.7154471544715447,0.3854166666666667,125
2023-09-02,1074,148,83,60,33,65,27,0.5608108108108109,0.55,116
2023-09-03,1074,120,78,63,46,42,17,0.65,0.7301587301587301,124
2023-09-04,1074,136,76,64,31,60,33,0.5588235294117647,0.484375,107
2023-09-05,1074,109,71,76,41,38,35,0.6513761467889908,0.5394736842105263,112
2023-09-06,1074,121,87,85,38,34,47,0.71900826446281,0.4470588235294118,125
2023-09-07,1074,119,69,67,30,50,37,0.5798319327731093,0.44776119402985076,99
2023-09-08,1074,123,67,57,42,56,15,0.5447154471544715,0.7368421052631579,109
2023-09-09,1074,144,69,88,28,75,60,0.4791666666666667,0.3181818181818182,97
2023-09-10,1074,103,61,54,35,42,19,0.5922330097087378,0.6481481481481481,96
2023-09-11,1074,100,87,90,42,13,48,0.87,0.4666666666666667,129
2023-09-12,1074,134,80,91,38,54,53,0.5970149253731343,0.4175824175824176,118
2023-09-13,1074,134,83,86,48,51,38,0.6194029850746269,0.5581395348837209,131
2023-09-14,1074,108,95,63,46,13,17,0.8796296296296297,0.7301587301587301,141
2023-09-15,1074,150,87,61,52,63,9,0.58,0.8524590163934426,139
2023-09-16,1074,137,76,92,43,61,49,0.5547445255474452,0.4673913043478261,119
2023-09-17,1074,117,72,67,42,45,25,0.6153846153846154,0.6268656716417911,114
2023-09-18,1074,104,78,93,33,26,60,0.75,0.3548387096774194,111
2023-09-19,1074,114,72,59,41,42,18,0.631578947368421,0.6949152542372882,113
2023-09-20,1074,125,84,94,41,41,53,0.672,0.43617021276595747,125
2023-09-21,1074,136,79,78,46,57,32,0.5808823529411765,0.5897435897435898,125
2023-09-22,1074,111,72,96,41,39,55,0.6486486486486487,0.4270833333333333,113
2023-09-23,1074,146,72,53,32,74,21,0.4931506849315068,0.6037735849056604,104
2023-09-24,1074,113,78,72,41,35,31,0.6902654867256637,0.5694444444444444,119
2023-09-25,1074,112,60,95,47,52,48,0.5357142857142857,0.49473684210526314,107
2023-09-26,1074,147,81,99,43,66,56,0.5510204081632653,0.43434343434343436,124
2023-09-27,1074,114,88,79,35,26,44,0.7719298245614035,0.4430379746835443,123
2023-09-28,1074,114,62,53,41,52,12,0.543859649122807,0.7735849056603774,103
2023-09-29,1074,127,83,62,53,44,9,0.6535433070866141,0.8548387096774194,136
2023-09-30,1074,124,82,55,39,42,16,0.6612903225806451,0.7090909090909091,121
2023-10-01,1074,147,83,80,48,64,32,0.564625850340136,0.6,131
2023-10-02,1074,116,80,55,29,36,26,0.6896551724137931,0.5272727272727272,109
2023-10-03,1074,137,96,87,51,41,36,0.7007299270072993,0.5862068965517241,147
2023-10-04,1074,124,83,81,44,41,37,0.6693548387096774,0.5432098765432098,127
2023-10-05,1074,120,77,66,39,43,27,0.6416666666666667,0.5909090909090909,116
2023-10-06,1074,145,82,100,33,63,67,0.5655172413793104,0.33,115
2023-10-07,1074,112,91,96,32,21,64,0.8125,0.3333333333333333,123
2023-10-08,1074,129,89,80,38,40,42,0.689922480620155,0.475,127
2023-10-09,1074,106,73,68,45,33,23,0.6886792452830188,0.6617647058823529,118
2023-10-10,1074,147,85,57,48,62,9,0.5782312925170068,0.8421052631578947,133
2023-10-11,1074,101,81,82,39,20,43,0.801980198019802,0.47560975609756095,120
2023-10-12,1074,140,60,76,39,80,37,0.42857142857142855,0.5131578947368421,99
2023-10-13,1074,125,78,66,48,47,18,0.624,0.7272727272727273,126
2023-10-14,1074,104,74,75,34,30,41,0.7115384615384616,0.4533333333333333,108
2023-10-15,1074,130,85,84,46,45,38,0.6538461538461539,0.5476190476190477,131
2023-10-16,1074,112,98,61,35,14,26,0.875,0.5737704918032787,133
2023-10-17,1074,130,83,64,40,47,24,0.6384615384615384,0.625,123
2023-10-18,1074,101,74,69,52,27,17,0.7326732673267327,0.7536231884057971,126
2023-10-19,1074,141,92,61,52,49,9,0.6524822695035462,0.8524590163934426,144
2023-10-20,1074,103,66,63,41,37,22,0.6407766990291263,0.6507936507936508,107
2023-10-21,1074,117,66,52,31,51,21,0.5641025641025641,0.5961538461538461,97
2023-10-22,1074,111,83,94,35,28,59,0.7477477477477478,0.3723404255319149,118
2023-10-23,1074,117,91,51,32,26,19,0.7777777777777778,0.6274509803921569,123
2023-10-24,1074,110,75,82,38,35,44,0.6818181818181818,0.4634146341463415,113
2023-10-25,1074,124,64,54,39,60,15,0.5161290322580645,0.7222222222222222,103
2023-10-26,1074,120,68,76,47,52,29,0.5666666666666667,0.618421052631579,115
2023-10-27,1074,145,71,87,40,74,47,0.4896551724137931,0.45977011494252873,111
2023-10-28,1074,143,98,53,32,45,21,0.6853146853146853,0.6037735849056604,130
2023-10-29,1074,121,77,51,32,44,19,0.6363636363636364,0.6274509803921569,109
2023-10-30,1074,143,79,90,38,64,52,0.5524475524475524,0.4222222222222222,117
2023-10-31,1074,144,82,64,37,62,27,0.5694444444444444,0.578125,119
2023-11-01,1074,103,83,84,34,20,50,0.8058252427184466,0.40476190476190477,117
2023-11-02,1074,126,66,96,39,60,57,0.5238095238095238,0.40625,105
2023-11-03,1074,100,71,77,38,29,39,0.71,0.4935064935064935,109
2023-11-04,1074,103,77,65,38,26,27,0.7475728155339806,0.5846153846153846,115
2023-11-05,1074,101,77,62,42,24,20,0.7623762376237624,0.6774193548387096,119
2023-11-06,1074,139,72,54,35,67,19,0.5179856115107914,0.6481481481481481,107
2023-11-07,1074,112,67,92,36,45,56,0.5982142857142857,0.391304347826087,103
2023-11-08,1074,148,84,85,45,64,40,0.5675675675675675,0.5294117647058824,129
2023-11-09,1074,122,76,96,55,46,41,0.6229508196721312,0.5729166666666666,131
2023-11-10,1074,119,79,92,43,40,49,0.6638655462184874,0.4673913043478261,122
2023-11-11,1074,125,69,89,32,56,57,0.552,0.3595505617977528,101
2023-11-12,1074,141,77,98,35,64,63,0.5460992907801419,0.35714285714285715,112
2023-11-13,1074,149,72,74,35,77,39,0.48322147651006714,0.47297297297297297,107
2023-11-14,1074,109,69,50,50,40,0,0.6330275229357798,1,119
2023-11-15,1074,141,86,85,35,55,50,0.6099290780141844,0.4117647058823529,121
2023-11-16,1074,129,76,62,39,53,23,0.5891472868217055,0.6290322580645161,115
2023-11-17,1074,134,94,61,39,40,22,0.7014925373134329,0.639344262295082,133
2023-11-18,1074,125,69,72,35,56,37,0.552,0.4861111111111111,104
2023-11-19,1074,113,78,88,39,35,49,0.6902654867256637,0.4431818181818182,117
2023-11-20,1074,139,83,52,46,56,6,0.5971223021582733,0.8846153846153846,129
2023-11-21,1074,128,71,97,24,57,73,0.5546875,0.24742268041237114,95
2023-11-22,1074,127,94,86,39,33,47,0.7401574803149606,0.45348837209302323,133
2023-11-23,1074,116,70,94,32,46,62,0.603448275862069,0.3404255319148936,102
2023-11-24,1074,134,78,87,38,56,49,0.582089552238806,0.4367816091954023,116
2023-11-25,1074,128,66,68,34,62,34,0.515625,0.5,100
2023-11-26,1074,106,90,99,34,16,65,0.8490566037735849,0.3434343434343434,124
2023-11-27,1074,147,94,81,39,53,42,0.6394557823129252,0.48148148148148145,133
2023-11-28,1074,144,75,53,53,69,0,0.5208333333333334,1,128
2023-11-29,1074,119,65,57,32,54,25,0.5462184873949579,0.5614035087719298,97
2023-11-30,1074,137,79,51,43,58,8,0.5766423357664233,0.8431372549019608,122
2023-12-01,1074,135,74,60,37,61,23,0.5481481481481482,0.6166666666666667,111
2023-12-02,1074,140,87,91,37,53,54,0.6214285714285714,0.4065934065934066,124
2023-12-03,1074,134,97,95,37,37,58,0.7238805970149254,0.3894736842105263,134
2023-12-04,1074,149,85,77,41,64,36,0.5704697986577181,0.5324675324675324,126
2023-12-05,1074,148,98,87,33,50,54,0.6621621621621622,0.3793103448275862,131
2023-12-06,1074,132,86,56,42,46,14,0.6515151515151515,0.75,128
2023-12-07,1074,107,89,78,44,18,34,0.8317757009345794,0.5641025641025641,133
2023-12-08,1074,123,72,56,47,51,9,0.5853658536585366,0.8392857142857143,119
2023-12-09,1074,147,88,98,44,59,54,0.5986394557823129,0.4489795918367347,132
2023-12-10,1074,114,90,81,38,24,43,0.7894736842105263,0.4691358024691358,128
2023-12-11,1074,103,67,62,51,36,11,0.6504854368932039,0.8225806451612904,118
2023-12-12,1074,105,76,93,32,29,61,0.7238095238095238,0.34408602150537637,108
2023-12-13,1074,105,78,100,38,27,62,0.7428571428571429,0.38,116
2023-12-14,1074,132,83,80,39,49,41,0.6287878787878788,0.4875,122
2023-12-15,1074,139,87,71,38,52,33,0.6258992805755396,0.5352112676056338,125
2023-12-16,1074,146,61,50,38,85,12,0.4178082191780822,0.76,99
2023-12-17,1074,118,71,97,37,47,60,0.6016949152542372,0.38144329896907214,108
2023-12-18,1074,119,82,92,45,37,47,0.6890756302521008,0.4891304347826087,127
2023-12-19,1074,135,64,98,45,71,53,0.4740740740740741,0.45918367346938777,109
2023-12-20,1074,123,89,98,34,34,64,0.7235772357723578,0.3469387755102041,123
2023-12-21,1074,107,93,95,43,14,52,0.8691588785046729,0.45263157894736844,136
2023-12-22,1074,105,82,96,51,23,45,0.780952380952381,0.53125,133
2023-12-23,1074,130,71,72,45,59,27,0.5461538461538461,0.625,116
2023-12-24,1074,132,88,83,41,44,42,0.6666666666666666,0.4939759036144578,129
2023-12-25,1074,139,90,62,34,49,28,0.6474820143884892,0.5483870967741935,124
2023-12-26,1074,112,78,96,35,34,61,0.6964285714285714,0.3645833333333333,113
2023-12-27,1074,143,75,71,47,68,24,0.5244755244755245,0.6619718309859155,122
2023-12-28,1074,148,92,57,36,56,21,0.6216216216216216,0.631578947368421,128
2023-12-29,1074,103,69,62,39,34,23,0.6699029126213593,0.6290322580645161,108
2023-12-30,1074,112,88,88,33,24,55,0.7857142857142857,0.375,121
2023-12-31,1074,127,81,92,43,46,49,0.6377952755905512,0.4673913043478261,124
2023-01-01,1075,119,88,67,35,31,32,0.7394957983193278,0.5223880597014925,123
2023-01-02,1075,130,75,95,42,55,53,0.5769230769230769,0.4421052631578947,117
2023-01-03,1075,127,65,69,37,62,32,0.5118110236220472,0.5362318840579711,102
2023-01-04,1075,148,70,56,35,78,21,0.47297297297297297,0.625,105
2023-01-05,1075,110,74,52,52,36,0,0.6727272727272727,1,126
2023-01-06,1075,126,81,53,33,45,20,0.6428571428571429,0.6226415094339622,114
2023-01-07,1075,117,76,55,24,41,31,0.6495726495726496,0.43636363636363634,100
2023-01-08,1075,113,68,100,42,45,58,0.6017699115044248,0.42,110
2023-01-09,1075,127,81,89,33,46,56,0.6377952755905512,0.3707865168539326,114
2023-01-10,1075,127,90,78,46,37,32,0.7086614173228346,0.5897435897435898,136
2023-01-11,1075,102,92,67,40,10,27,0.9019607843137255,0.5970149253731343,132
2023-01-12,1075,124,79,65,40,45,25,0.6370967741935484,0.6153846153846154,119
2023-01-13,1075,141,95,57,33,46,24,0.6737588652482269,0.5789473684210527,128
2023-01-14,1075,116,72,72,39,44,33,0.6206896551724138,0.5416666666666666,111
2023-01-15,1075,106,87,57,41,19,16,0.8207547169811321,0.7192982456140351,128
2023-01-16,1075,141,75,80,29,66,51,0.5319148936170213,0.3625,104
2023-01-17,1075,146,78,86,37,68,49,0.5342465753424658,0.43023255813953487,115
2023-01-18,1075,106,91,86,42,15,44,0.8584905660377359,0.4883720930232558,133
2023-01-19,1075,149,85,57,53,64,4,0.5704697986577181,0.9298245614035088,138
2023-01-20,1075,129,79,61,26,50,35,0.6124031007751938,0.4262295081967213,105
2023-01-21,1075,115,89,68,35,26,33,0.7739130434782608,0.5147058823529411,124
2023-01-22,1075,101,87,77,30,14,47,0.8613861386138614,0.38961038961038963,117
2023-01-23,1075,115,84,66,47,31,19,0.7304347826086957,0.7121212121212122,131
2023-01-24,1075,141,84,86,34,57,52,0.5957446808510638,0.3953488372093023,118
2023-01-25,1075,148,75,86,41,73,45,0.5067567567567568,0.47674418604651164,116
2023-01-26,1075,118,87,55,41,31,14,0.7372881355932204,0.7454545454545455,128
2023-01-27,1075,135,70,52,42,65,10,0.5185185185185185,0.8076923076923077,112
2023-01-28,1075,142,81,63,50,61,13,0.5704225352112676,0.7936507936507936,131
2023-01-29,1075,121,68,57,40,53,17,0.5619834710743802,0.7017543859649122,108
2023-01-30,1075,121,108,51,35,13,16,0.8925619834710744,0.6862745098039216,143
2023-01-31,1075,142,70,99,43,72,56,0.49295774647887325,0.43434343434343436,113
2023-02-01,1075,119,89,90,34,30,56,0.7478991596638656,0.37777777777777777,123
2023-02-02,1075,148,76,56,50,72,6,0.5135135135135135,0.8928571428571429,126
2023-02-03,1075,122,80,55,44,42,11,0.6557377049180327,0.8,124
2023-02-04,1075,102,84,78,39,18,39,0.8235294117647058,0.5,123
2023-02-05,1075,121,69,61,45,52,16,0.5702479338842975,0.7377049180327869,114
2023-02-06,1075,140,68,87,43,72,44,0.4857142857142857,0.4942528735632184,111
2023-02-07,1075,106,90,91,39,16,52,0.8490566037735849,0.42857142857142855,129
2023-02-08,1075,143,86,74,35,57,39,0.6013986013986014,0.47297297297297297,121
2023-02-09,1075,134,78,96,51,56,45,0.582089552238806,0.53125,129
2023-02-10,1075,125,71,65,55,54,10,0.568,0.8461538461538461,126
2023-02-11,1075,123,81,54,28,42,26,0.6585365853658537,0.5185185185185185,109
2023-02-12,1075,145,77,67,36,68,31,0.5310344827586206,0.5373134328358209,113
2023-02-13,1075,118,84,86,35,34,51,0.711864406779661,0.4069767441860465,119
2023-02-14,1075,141,79,70,43,62,27,0.5602836879432624,0.6142857142857143,122
2023-02-15,1075,129,95,96,46,34,50,0.7364341085271318,0.4791666666666667,141
2023-02-16,1075,112,79,79,32,33,47,0.7053571428571429,0.4050632911392405,111
2023-02-17,1075,112,84,74,40,28,34,0.75,0.5405405405405406,124
2023-02-18,1075,102,78,59,36,24,23,0.7647058823529411,0.6101694915254238,114
2023-02-19,1075,122,90,91,45,32,46,0.7377049180327869,0.4945054945054945,135
2023-02-20,1075,108,83,100,38,25,62,0.7685185185185185,0.38,121
2023-02-21,1075,136,84,89,35,52,54,0.6176470588235294,0.39325842696629215,119
2023-02-22,1075,110,87,66,48,23,18,0.7909090909090909,0.7272727272727273,135
2023-02-23,1075,144,76,64,51,68,13,0.5277777777777778,0.796875,127
2023-02-24,1075,105,79,87,42,26,45,0.7523809523809524,0.4827586206896552,121
2023-02-25,1075,120,76,91,37,44,54,0.6333333333333333,0.4065934065934066,113
2023-02-26,1075,143,77,90,36,66,54,0.5384615384615384,0.4,113
2023-02-27,1075,107,79,74,38,28,36,0.7383177570093458,0.5135135135135135,117
2023-02-28,1075,102,83,71,42,19,29,0.8137254901960784,0.5915492957746479,125
2023-03-01,1075,100,100,98,37,0,61,1,0.37755102040816324,137
2023-03-02,1075,127,90,92,38,37,54,0.7086614173228346,0.41304347826086957,128
2023-03-03,1075,123,84,51,44,39,7,0.6829268292682927,0.8627450980392157,128
2023-03-04,1075,144,84,56,37,60,19,0.5833333333333334,0.6607142857142857,121
2023-03-05,1075,135,84,75,31,51,44,0.6222222222222222,0.41333333333333333,115
2023-03-06,1075,110,87,79,35,23,44,0.7909090909090909,0.4430379746835443,122
2023-03-07,1075,128,66,81,33,62,48,0.515625,0.4074074074074074,99
2023-03-08,1075,127,74,53,39,53,14,0.5826771653543307,0.7358490566037735,113
2023-03-09,1075,114,79,94,40,35,54,0.6929824561403509,0.425531914893617,119
2023-03-10,1075,115,89,68,52,26,16,0.7739130434782608,0.7647058823529411,141
2023-03-11,1075,143,78,55,46,65,9,0.5454545454545454,0.8363636363636363,124
2023-03-12,1075,106,80,93,32,26,61,0.7547169811320755,0.34408602150537637,112
2023-03-13,1075,134,83,57,38,51,19,0.6194029850746269,0.6666666666666666,121
2023-03-14,1075,109,71,73,45,38,28,0.6513761467889908,0.6164383561643836,116
2023-03-15,1075,146,80,77,36,66,41,0.547945205479452,0.4675324675324675,116
2023-03-16,1075,119,85,78,43,34,35,0.7142857142857143,0.5512820512820513,128
2023-03-17,1075,138,73,55,29,65,26,0.5289855072463768,0.5272727272727272,102
2023-03-18,1075,129,78,55,35,51,20,0.6046511627906976,0.6363636363636364,113
2023-03-19,1075,105,82,65,37,23,28,0.780952380952381,0.5692307692307692,119
2023-03-20,1075,145,78,64,36,67,28,0.5379310344827586,0.5625,114
2023-03-21,1075,112,84,82,38,28,44,0.75,0.4634146341463415,122
2023-03-22,1075,147,86,62,39,61,23,0.5850340136054422,0.6290322580645161,125
2023-03-23,1075,145,83,63,42,62,21,0.5724137931034483,0.6666666666666666,125
2023-03-24,1075,132,78,67,32,54,35,0.5909090909090909,0.47761194029850745,110
2023-03-25,1075,107,68,64,35,39,29,0.6355140186915887,0.546875,103
2023-03-26,1075,105,88,80,38,17,42,0.8380952380952381,0.475,126
2023-03-27,1075,130,83,50,42,47,8,0.6384615384615384,0.84,125
2023-03-28,1075,143,63,72,47,80,25,0.4405594405594406,0.6527777777777778,110
2023-03-29,1075,103,80,71,33,23,38,0.7766990291262136,0.4647887323943662,113
2023-03-30,1075,100,86,86,37,14,49,0.86,0.43023255813953487,123
2023-03-31,1075,125,85,83,38,40,45,0.68,0.4578313253012048,123
2023-04-01,1075,147,80,83,43,67,40,0.54421768707483,0.5180722891566265,123
2023-04-02,1075,131,94,65,28,37,37,0.7175572519083969,0.4307692307692308,122
2023-04-03,1075,128,79,60,30,49,30,0.6171875,0.5,109
2023-04-04,1075,150,70,57,53,80,4,0.4666666666666667,0.9298245614035088,123
2023-04-05,1075,112,93,56,46,19,10,0.8303571428571429,0.8214285714285714,139
2023-04-06,1075,119,71,86,50,48,36,0.5966386554621849,0.5813953488372093,121
2023-04-07,1075,116,74,67,44,42,23,0.6379310344827587,0.6567164179104478,118
2023-04-08,1075,129,88,58,36,41,22,0.6821705426356589,0.6206896551724138,124
2023-04-09,1075,112,73,72,28,39,44,0.6517857142857143,0.3888888888888889,101
2023-04-10,1075,105,76,68,48,29,20,0.7238095238095238,0.7058823529411765,124
2023-04-11,1075,116,96,62,36,20,26,0.8275862068965517,0.5806451612903226,132
2023-04-12,1075,124,83,67,37,41,30,0.6693548387096774,0.5522388059701493,120
2023-04-13,1075,132,88,68,39,44,29,0.6666666666666666,0.5735294117647058,127
2023-04-14,1075,137,93,80,40,44,40,0.6788321167883211,0.5,133
2023-04-15,1075,143,80,92,45,63,47,0.5594405594405595,0.4891304347826087,125
2023-04-16,1075,140,74,95,39,66,56,0.5285714285714286,0.4105263157894737,113
2023-04-17,1075,149,83,89,45,66,44,0.5570469798657718,0.5056179775280899,128
2023-04-18,1075,101,69,88,33,32,55,0.6831683168316832,0.375,102
2023-04-19,1075,101,75,66,43,26,23,0.7425742574257426,0.6515151515151515,118
2023-04-20,1075,111,102,67,39,9,28,0.918918918918919,0.582089552238806,141
2023-04-21,1075,132,74,100,31,58,69,0.5606060606060606,0.31,105
2023-04-22,1075,141,88,74,45,53,29,0.624113475177305,0.6081081081081081,133
2023-04-23,1075,111,101,79,58,10,21,0.9099099099099099,0.7341772151898734,159
2023-04-24,1075,134,64,80,42,70,38,0.47761194029850745,0.525,106
2023-04-25,1075,150,89,53,38,61,15,0.5933333333333334,0.71698113207547165,127
2023-04-26,1075,123,75,72,43,48,29,0.6097560975609756,0.5972222222222222,118
2023-04-27,1075,118,76,57,33,42,24,0.6440677966101694,0.5789473684210527,109
2023-04-28,1075,141,70,79,41,71,38,0.49645390070921985,0.5189873417721519,111
2023-04-29,1075,117,81,90,31,36,59,0.6923076923076923,0.34444444444444444,112
2023-04-30,1075,148,97,84,48,51,36,0.6554054054054054,0.5714285714285714,145
2023-05-01,1075,120,69,100,35,51,65,0.575,0.35,104
2023-05-02,1075,126,83,96,33,43,63,0.6587301587301587,0.34375,116
2023-05-03,1075,147,70,83,41,77,42,0.47619047619047616,0.4939759036144578,111
2023-05-04,1075,102,75,93,35,27,58,0.7352941176470589,0.3763440860215054,110
2023-05-05,1075,118,83,91,44,35,47,0.7033898305084746,0.4835164835164835,127
2023-05-06,1075,148,79,96,42,69,54,0.5337837837837838,0.4375,121
2023-05-07,1075,135,74,52,46,61,6,0.5481481481481482,0.8846153846153846,120
2023-05-08,1075,133,93,76,39,40,37,0.6992481203007519,0.5131578947368421,132
2023-05-09,1075,108,102,53,48,6,5,0.9444444444444444,0.9056603773584906,150
2023-05-10,1075,146,68,94,44,78,50,0.4657534246575342,0.46808510638297873,112
2023-05-11,1075,143,69,78,41,74,37,0.4825174825174825,0.5256410256410257,110
2023-05-12,1075,107,91,88,38,16,50,0.8504672897196262,0.4318181818181818,129
2023-05-13,1075,132,83,90,34,49,56,0.6287878787878788,0.37777777777777777,117
2023-05-14,1075,101,91,79,54,10,25,0.900990099009901,0.6835443037974683,145
2023-05-15,1075,124,81,98,37,43,61,0.6532258064516129,0.37755102040816324,118
2023-05-16,1075,125,75,61,35,50,26,0.6,0.5737704918032787,110
2023-05-17,1075,123,86,81,44,37,37,0.6991869918699187,0.5432098765432098,130
2023-05-18,1075,106,90,100,49,16,51,0.8490566037735849,0.49,139
2023-05-19,1075,117,83,99,42,34,57,0.7094017094017094,0.42424242424242425,125
2023-05-20,1075,103,75,55,43,28,12,0.7281553398058253,0.7818181818181819,118
2023-05-21,1075,136,76,75,25,60,50,0.5588235294117647,0.3333333333333333,101
2023-05-22,1075,114,79,61,36,35,25,0.6929824561403509,0.5901639344262295,115
2023-05-23,1075,106,81,69,40,25,29,0.7641509433962265,0.5797101449275363,121
2023-05-24,1075,118,76,58,49,42,9,0.6440677966101694,0.8448275862068966,125
2023-05-25,1075,134,81,54,39,53,15,0.6044776119402985,0.7222222222222222,120
2023-05-26,1075,110,83,68,47,27,21,0.7545454545454545,0.6911764705882353,130
2023-05-27,1075,136,87,58,28,49,30,0.6397058823529411,0.4827586206896552,115
2023-05-28,1075,143,84,99,38,59,61,0.5874125874125874,0.3838383838383838,122
2023-05-29,1075,138,61,59,27,77,32,0.4420289855072464,0.4576271186440678,88
2023-05-30,1075,129,70,77,37,59,40,0.5426356589147286,0.4805194805194805,107
2023-05-31,1075,123,79,82,40,44,42,0.6422764227642277,0.4878048780487805,119
2023-06-01,1075,105,85,91,41,20,50,0.8095238095238095,0.45054945054945056,126
2023-06-02,1075,120,76,53,29,44,24,0.6333333333333333,0.5471698113207547,105
2023-06-03,1075,140,79,84,37,61,47,0.5642857142857143,0.44047619047619047,116
2023-06-04,1075,128,75,53,43,53,10,0.5859375,0.8113207547169812,118
2023-06-05,1075,133,99,95,37,34,58,0.7443609022556391,0.3894736842105263,136
2023-06-06,1075,135,73,99,36,62,63,0.5407407407407407,0.36363636363636365,109
2023-06-07,1075,103,82,82,44,21,38,0.7961165048543689,0.5365853658536586,126
2023-06-08,1075,136,73,76,35,63,41,0.5367647058823529,0.4605263157894737,108
2023-06-09,1075,135,76,88,34,59,54,0.562962962962963,0.38636363636363635,110
2023-06-10,1075,112,78,98,42,34,56,0.6964285714285714,0.42857142857142855,120
2023-06-11,1075,131,77,89,44,54,45,0.5877862595419847,0.4943820224719101,121
2023-06-12,1075,106,80,78,38,26,40,0.7547169811320755,0.48717948717948717,118
2023-06-13,1075,122,88,79,42,34,37,0.7213114754098361,0.5316455696202531,130
2023-06-14,1075,106,77,83,37,29,46,0.7264150943396226,0.4457831325301205,114
2023-06-15,1075,136,87,58,41,49,17,0.6397058823529411,0.7068965517241379,128
2023-06-16,1075,150,78,82,56,72,26,0.52,0.6829268292682927,134
2023-06-17,1075,148,81,54,43,67,11,0.5472972972972973,0.7962962962962963,124
2023-06-18,1075,146,71,68,44,75,24,0.4863013698630137,0.6470588235294118,115
2023-06-19,1075,137,88,72,28,49,44,0.6423357664233577,0.3888888888888889,116
2023-06-20,1075,144,75,64,39,69,25,0.5208333333333334,0.609375,114
2023-06-21,1075,134,93,77,45,41,32,0.6940298507462687,0.5844155844155844,138
2023-06-22,1075,141,88,53,37,53,16,0.624113475177305,0.6981132075471698,125
2023-06-23,1075,145,71,92,35,74,57,0.4896551724137931,0.3804347826086957,106
2023-06-24,1075,136,73,90,52,63,38,0.5367647058823529,0.5777777777777777,125
2023-06-25,1075,119,64,51,44,55,7,0.5378151260504201,0.8627450980392157,108
2023-06-26,1075,121,71,89,33,50,56,0.5867768595041323,0.3707865168539326,104
2023-06-27,1075,111,60,82,38,51,44,0.5405405405405406,0.4634146341463415,98
2023-06-28,1075,133,92,88,41,41,47,0.6917293233082706,0.4659090909090909,133
2023-06-29,1075,105,66,64,41,39,23,0.6285714285714286,0.640625,107
2023-06-30,1075,145,89,74,41,56,33,0.6137931034482759,0.5540540540540541,130
2023-07-01,1075,123,83,92,47,40,45,0.6747967479674797,0.5108695652173914,130
2023-07-02,1075,111,82,70,43,29,27,0.7387387387387387,0.6142857142857143,125
2023-07-03,1075,148,94,62,42,54,20,0.6351351351351351,0.6774193548387096,136
2023-07-04,1075,121,78,60,43,43,17,0.6446280991735537,0.7166666666666667,121
2023-07-05,1075,107,82,78,44,25,34,0.7663551401869159,0.5641025641025641,126
2023-07-06,1075,118,86,57,36,32,21,0.7288135593220338,0.631578947368421,122
2023-07-07,1075,114,87,96,31,27,65,0.7631578947368421,0.3229166666666667,118
2023-07-08,1075,147,93,73,48,54,25,0.6326530612244898,0.6575342465753424,141
2023-07-09,1075,142,66,67,39,76,28,0.4647887323943662,0.582089552238806,105
2023-07-10,1075,149,92,69,44,57,25,0.6174496644295302,0.6376811594202898,136
2023-07-11,1075,101,77,86,40,24,46,0.7623762376237624,0.46511627906976744,117
2023-07-12,1075,119,85,55,36,34,19,0.7142857142857143,0.6545454545454545,121
2023-07-13,1075,145,103,78,38,42,40,0.7103448275862069,0.48717948717948717,141
2023-07-14,1075,133,92,66,39,41,27,0.6917293233082706,0.5909090909090909,131
2023-07-15,1075,119,82,98,38,37,60,0.6890756302521008,0.3877551020408163,120
2023-07-16,1075,115,65,74,44,50,30,0.5652173913043478,0.5945945945945946,109
2023-07-17,1075,120,74,96,48,46,48,0.6166666666666667,0.5,122
2023-07-18,1075,139,96,66,31,43,35,0.6906474820143885,0.4696969696969697,127
2023-07-19,1075,136,76,57,36,60,21,0.5588235294117647,0.631578947368421,112
2023-07-20,1075,144,93,69,35,51,34,0.6458333333333334,0.5072463768115942,128
2023-07-21,1075,111,72,78,39,39,39,0.6486486486486487,0.5,111
2023-07-22,1075,116,85,90,33,31,57,0.7327586206896551,0.36666666666666664,118
2023-07-23,1075,141,95,83,39,46,44,0.6737588652482269,0.46987951807228917,134
2023-07-24,1075,133,76,52,32,57,20,0.5714285714285714,0.6153846153846154,108
2023-07-25,1075,105,75,93,34,30,59,0.7142857142857143,0.3655913978494624,109
2023-07-26,1075,108,76,70,39,32,31,0.7037037037037037,0.5571428571428572,115
2023-07-27,1075,108,88,72,44,20,28,0.8148148148148148,0.6111111111111112,132
2023-07-28,1075,135,83,62,34,52,28,0.6148148148148148,0.5483870967741935,117
2023-07-29,1075,120,77,81,25,43,56,0.6416666666666667,0.30864197530864196,102
2023-07-30,1075,143,85,74,39,58,35,0.5944055944055944,0.527027027027027,124
2023-07-31,1075,149,82,61,32,67,29,0.5503355704697986,0.5245901639344263,114
2023-08-01,1075,106,82,66,49,24,17,0.7735849056603774,0.7424242424242424,131
2023-08-02,1075,143,80,68,48,63,20,0.5594405594405595,0.7058823529411765,128
2023-08-03,1075,123,100,84,38,23,46,0.8130081300813008,0.4523809523809524,138
2023-08-04,1075,147,69,98,40,78,58,0.46938775510204084,0.40816326530612246,109
2023-08-05,1075,113,71,59,46,42,13,0.6283185840707964,0.7796610169491526,117
2023-08-06,1075,148,79,84,44,69,40,0.5337837837837838,0.5238095238095238,123
2023-08-07,1075,109,72,91,49,37,42,0.6605504587155964,0.5384615384615384,121
2023-08-08,1075,145,87,54,42,58,12,0.6,0.7777777777777778,129
2023-08-09,1075,142,65,97,44,77,53,0.45774647887323944,0.4536082474226804,109
2023-08-10,1075,112,98,98,35,14,63,0.875,0.35714285714285715,133
2023-08-11,1075,137,85,72,48,52,24,0.6204379562043796,0.6666666666666666,133
2023-08-12,1075,104,71,82,48,33,34,0.6826923076923077,0.5853658536585366,119
2023-08-13,1075,110,88,81,47,22,34,0.8,0.5802469135802469,135
2023-08-14,1075,117,84,99,43,33,56,0.717948717948718,0.43434343434343436,127
2023-08-15,1075,117,107,53,30,10,23,0.9145299145299145,0.5660377358490566,137
2023-08-16,1075,107,83,84,36,24,48,0.7757009345794392,0.42857142857142855,119
2023-08-17,1075,110,67,51,28,43,23,0.6090909090909091,0.5490196078431373,95
2023-08-18,1075,105,79,57,52,26,5,0.7523809523809524,0.9122807017543859,131
2023-08-19,1075,110,90,55,43,20,12,0.8181818181818182,0.7818181818181819,133
2023-08-20,1075,111,98,67,52,13,15,0.8828828828828829,0.7761194029850746,150
2023-08-21,1075,114,91,58,53,23,5,0.7982456140350878,0.9137931034482759,144
2023-08-22,1075,105,91,88,44,14,44,0.8666666666666667,0.5,135
2023-08-23,1075,136,89,90,39,47,51,0.6544117647058824,0.43333333333333335,128
2023-08-24,1075,127,71,89,42,56,47,0.5590551181102362,0.47191011235955055,113
2023-08-25,1075,125,95,95,38,30,57,0.76,0.4,133
2023-08-26,1075,145,88,56,24,57,32,0.6068965517241379,0.42857142857142855,112
2023-08-27,1075,145,82,100,41,63,59,0.5655172413793104,0.41,123
2023-08-28,1075,128,93,89,51,35,38,0.7265625,0.5730337078651685,144
2023-08-29,1075,107,86,68,39,21,29,0.8037383177570093,0.5735294117647058,125
2023-08-30,1075,120,61,82,40,59,42,0.5083333333333333,0.4878048780487805,101
2023-08-31,1075,103,80,67,34,23,33,0.7766990291262136,0.5074626865671642,114
2023-09-01,1075,137,90,68,42,47,26,0.656934306569343,0.6176470588235294,132
2023-09-02,1075,102,90,78,27,12,51,0.8823529411764706,0.34615384615384615,117
2023-09-03,1075,110,80,95,44,30,51,0.7272727272727273,0.4631578947368421,124
2023-09-04,1075,112,77,81,41,35,40,0.6875,0.5061728395061729,118
2023-09-05,1075,149,73,65,39,76,26,0.4899328859060403,0.6,112
2023-09-06,1075,116,91,69,45,25,24,0.7844827586206896,0.6521739130434783,136
2023-09-07,1075,123,75,61,45,48,16,0.6097560975609756,0.7377049180327869,120
2023-09-08,1075,123,71,84,29,52,55,0.5772357723577236,0.34523809523809523,100
2023-09-09,1075,123,91,59,41,32,18,0.7398373983739838,0.6949152542372882,132
2023-09-10,1075,127,74,55,37,53,18,0.5826771653543307,0.6727272727272727,111
2023-09-11,1075,120,74,55,35,46,20,0.6166666666666667,0.6363636363636364,109
2023-09-12,1075,148,90,91,51,58,40,0.6081081081081081,0.5604395604395604,141
2023-09-13,1075,104,59,65,42,45,23,0.5673076923076923,0.6461538461538462,101
2023-09-14,1075,105,80,63,39,25,24,0.7619047619047619,0.6190476190476191,119
2023-09-15,1075,101,67,52,52,34,0,0.6633663366336634,1,119
2023-09-16,1075,118,75,77,47,43,30,0.635593220338983,0.6103896103896104,122
2023-09-17,1075,121,59,64,32,62,32,0.48760330578512395,0.5,91
2023-09-18,1075,117,104,76,37,13,39,0.8888888888888888,0.4868421052631579,141
2023-09-19,1075,138,69,86,38,69,48,0.5,0.4418604651162791,107
2023-09-20,1075,122,87,58,46,35,12,0.7131147540983607,0.7931034482758621,133
2023-09-21,1075,116,100,79,33,16,46,0.8620689655172413,0.4177215189873418,133
2023-09-22,1075,122,83,66,41,39,25,0.680327868852459,0.6212121212121212,124
2023-09-23,1075,111,65,86,30,46,56,0.5855855855855856,0.3488372093023256,95
2023-09-24,1075,148,100,62,42,48,20,0.6756756756756757,0.6774193548387096,142
2023-09-25,1075,132,72,95,43,60,52,0.5454545454545454,0.45263157894736844,115
2023-09-26,1075,116,90,100,44,26,56,0.7758620689655172,0.44,134
2023-09-27,1075,104,86,89,44,18,45,0.8269230769230769,0.4943820224719101,130
2023-09-28,1075,127,70,56,40,57,16,0.5511811023622047,0.7142857142857143,110
2023-09-29,1075,128,74,76,48,54,28,0.578125,0.631578947368421,122
2023-09-30,1075,102,83,80,46,19,34,0.8137254901960784,0.575,129
2023-10-01,1075,145,84,93,34,61,59,0.5793103448275863,0.3655913978494624,118
2023-10-02,1075,130,79,86,51,51,35,0.6076923076923076,0.5930232558139535,130
2023-10-03,1075,103,74,58,34,29,24,0.7184466019417476,0.5862068965517241,108
2023-10-04,1075,119,72,57,33,47,24,0.6050420168067226,0.5789473684210527,105
2023-10-05,1075,109,92,93,33,17,60,0.8440366972477065,0.3548387096774194,125
2023-10-06,1075,103,80,55,44,23,11,0.7766990291262136,0.8,124
2023-10-07,1075,102,81,82,33,21,49,0.7941176470588235,0.4024390243902439,114
2023-10-08,1075,125,82,73,44,43,29,0.656,0.6027397260273972,126
2023-10-09,1075,115,72,79,43,43,36,0.6260869565217392,0.5443037974683544,115
2023-10-10,1075,122,68,85,31,54,54,0.5573770491803278,0.36470588235294116,99
2023-10-11,1075,141,76,66,34,65,32,0.5390070921985816,0.5151515151515151,110
2023-10-12,1075,142,75,73,43,67,30,0.528169014084507,0.589041095890411,118
2023-10-13,1075,135,67,63,39,68,24,0.4962962962962963,0.6190476190476191,106
2023-10-14,1075,107,81,94,38,26,56,0.7570093457943925,0.40425531914893614,119
2023-10-15,1075,123,90,95,47,33,48,0.7317073170731707,0.49473684210526314,137
2023-10-16,1075,131,95,68,39,36,29,0.7251908396946565,0.5735294117647058,134
2023-10-17,1075,116,71,76,43,45,33,0.6120689655172413,0.5657894736842105,114
2023-10-18,1075,126,84,54,35,42,19,0.6666666666666666,0.6481481481481481,119
2023-10-19,1075,124,97,72,31,27,41,0.782258064516129,0.4305555555555556,128
2023-10-20,1075,121,81,92,42,40,50,0.6694214876033058,0.45652173913043476,123
2023-10-21,1075,108,89,82,46,19,36,0.8240740740740741,0.5609756097560976,135
2023-10-22,1075,140,71,73,33,69,40,0.5071428571428571,0.4520547945205479,104
2023-10-23,1075,132,76,55,40,56,15,0.5757575757575758,0.7272727272727273,116
2023-10-24,1075,129,75,58,36,54,22,0.5813953488372093,0.6206896551724138,111
2023-10-25,1075,100,78,93,28,22,65,0.78,0.3010752688172043,106
2023-10-26,1075,110,72,69,27,38,42,0.6545454545454545,0.391304347826087,99
2023-10-27,1075,139,78,78,42,61,36,0.5611510791366906,0.5384615384615384,120
2023-10-28,1075,143,88,70,48,55,22,0.6153846153846154,0.6857142857142857,136
2023-10-29,1075,138,89,50,40,49,10,0.644927536231884,0.8,129
2023-10-30,1075,138,95,76,38,43,38,0.6884057971014492,0.5,133
2023-10-31,1075,145,77,62,49,68,13,0.5310344827586206,0.7903225806451613,126
2023-11-01,1075,103,76,98,46,27,52,0.7378640776699029,0.46938775510204084,122
2023-11-02,1075,138,85,75,39,53,36,0.6159420289855072,0.52,124
2023-11-03,1075,136,77,81,52,59,29,0.5661764705882353,0.6419753086419753,129
2023-11-04,1075,124,76,55,44,48,11,0.6129032258064516,0.8,120
2023-11-05,1075,131,75,58,35,56,23,0.5725190839694656,0.603448275862069,110
2023-11-06,1075,118,81,86,42,37,44,0.6864406779661016,0.4883720930232558,123
2023-11-07,1075,125,86,94,32,39,62,0.688,0.3404255319148936,118
2023-11-08,1075,110,72,95,35,38,60,0.6545454545454545,0.3684210526315789,107
2023-11-09,1075,148,86,57,31,62,26,0.581081081081081,0.543859649122807,117
2023-11-10,1075,134,76,57,30,58,27,0.5671641791044776,0.5263157894736842,106
2023-11-11,1075,116,68,52,33,48,19,0.5862068965517241,0.6346153846153846,101
2023-11-12,1075,111,69,99,43,42,56,0.6216216216216216,0.43434343434343436,112
2023-11-13,1075,110,74,91,35,36,56,0.6727272727272727,0.38461538461538464,109
2023-11-14,1075,115,83,75,39,32,36,0.7217391304347827,0.52,122
2023-11-15,1075,103,77,75,40,26,35,0.7475728155339806,0.5333333333333333,117
2023-11-16,1075,143,80,57,46,63,11,0.5594405594405595,0.8070175438596491,126
2023-11-17,1075,146,73,84,53,73,31,0.5,0.6309523809523809,126
2023-11-18,1075,142,72,68,33,70,35,0.5070422535211268,0.4852941176470588,105
2023-11-19,1075,128,87,52,40,41,12,0.6796875,0.7692307692307693,127
2023-11-20,1075,148,73,99,49,75,50,0.49324324324324326,0.494949494949495,122
2023-11-21,1075,142,103,53,39,39,14,0.7253521126760564,0.7358490566037735,142
2023-11-22,1075,129,69,68,36,60,32,0.5348837209302325,0.5294117647058824,105
2023-11-23,1075,141,84,68,36,57,32,0.5957446808510638,0.5294117647058824,120
2023-11-24,1075,103,70,74,46,33,28,0.6796116504854369,0.6216216216216216,116
2023-11-25,1075,133,89,54,43,44,11,0.6691729323308271,0.7962962962962963,132
2023-11-26,1075,117,80,81,41,37,40,0.6837606837606838,0.5061728395061729,121
2023-11-27,1075,107,77,82,31,30,51,0.719626168224299,0.3780487804878049,108
2023-11-28,1075,125,74,90,44,51,46,0.592,0.4888888888888889,118
2023-11-29,1075,117,80,55,33,37,22,0.6837606837606838,0.6,113
2023-11-30,1075,123,83,64,37,40,27,0.6747967479674797,0.578125,120
2023-12-01,1075,118,66,83,51,52,32,0.559322033898305,0.6144578313253012,117
2023-12-02,1075,143,80,71,42,63,29,0.5594405594405595,0.5915492957746479,122
2023-12-03,1075,139,98,51,44,41,7,0.7050359712230215,0.8627450980392157,142
2023-12-04,1075,138,73,79,32,65,47,0.5289855072463768,0.4050632911392405,105
2023-12-05,1075,130,72,59,31,58,28,0.5538461538461539,0.5254237288135594,103
2023-12-06,1075,119,96,79,35,23,44,0.8067226890756303,0.4430379746835443,131
2023-12-07,1075,111,79,74,53,32,21,0.7117117117117117,0.7162162162162162,132
2023-12-08,1075,110,76,64,47,34,17,0.6909090909090909,0.734375,123
2023-12-09,1075,118,82,91,31,36,60,0.6949152542372882,0.34065934065934067,113
2023-12-10,1075,101,57,94,45,44,49,0.5643564356435643,0.4787234042553192,102
2023-12-11,1075,140,86,85,40,54,45,0.6142857142857143,0.47058823529411764,126
2023-12-12,1075,117,75,53,40,42,13,0.6410256410256411,0.7547169811320755,115
2023-12-13,1075,130,81,86,34,49,52,0.6230769230769231,0.3953488372093023,115
2023-12-14,1075,146,85,67,40,61,27,0.5821917808219178,0.5970149253731343,125
2023-12-15,1075,116,101,73,42,15,31,0.8706896551724138,0.5753424657534246,143
2023-12-16,1075,127,86,64,46,41,18,0.6771653543307087,0.71875,132
2023-12-17,1075,109,87,54,42,22,12,0.7981651376146789,0.7777777777777778,129
2023-12-18,1075,114,75,70,44,39,26,0.6578947368421053,0.6285714285714286,119
2023-12-19,1075,101,65,50,34,36,16,0.6435643564356436,0.68,99
2023-12-20,1075,146,84,58,31,62,27,0.5753424657534246,0.5344827586206896,115
2023-12-21,1075,114,79,95,31,35,64,0.6929824561403509,0.3263157894736842,110
2023-12-22,1075,126,76,100,40,50,60,0.6031746031746031,0.4,116
2023-12-23,1075,124,83,77,45,41,32,0.6693548387096774,0.5844155844155844,128
2023-12-24,1075,105,67,89,28,38,61,0.638095238095238,0.3146067415730337,95
2023-12-25,1075,128,88,62,30,40,32,0.6875,0.4838709677419355,118
2023-12-26,1075,113,84,77,38,29,39,0.7433628318584071,0.4935064935064935,122
2023-12-27,1075,148,86,59,43,62,16,0.581081081081081,0.7288135593220338,129
2023-12-28,1075,117,87,70,35,30,35,0.7435897435897436,0.5,122
2023-12-29,1075,149,96,64,48,53,16,0.6442953020134228,0.75,144
2023-12-30,1075,137,79,55,40,58,15,0.5766423357664233,0.7272727272727273,119
2023-12-31,1075,132,83,96,35,49,61,0.6287878787878788,0.3645833333333333,118
2023-01-01,1076,123,88,95,33,35,62,0.7154471544715447,0.3473684210526316,121
2023-01-02,1076,104,94,64,31,10,33,0.9038461538461539,0.484375,125
2023-01-03,1076,138,76,89,47,62,42,0.5507246376811594,0.5280898876404494,123
2023-01-04,1076,109,77,84,32,32,52,0.7064220183486238,0.38095238095238093,109
2023-01-05,1076,105,80,75,29,25,46,0.7619047619047619,0.38666666666666666,109
2023-01-06,1076,145,80,54,42,65,12,0.5517241379310345,0.7777777777777778,122
2023-01-07,1076,117,73,84,49,44,35,0.6239316239316239,0.5833333333333334,122
2023-01-08,1076,135,66,51,43,69,8,0.4888888888888889,0.8431372549019608,109
2023-01-09,1076,134,73,78,23,61,55,0.5447761194029851,0.2948717948717949,96
2023-01-10,1076,138,71,81,30,67,51,0.5144927536231884,0.37037037037037035,101
2023-01-11,1076,119,86,60,42,33,18,0.7226890756302521,0.7,128
2023-01-12,1076,139,83,79,50,56,29,0.5971223021582733,0.6329113924050633,133
2023-01-13,1076,148,94,95,31,54,64,0.6351351351351351,0.3263157894736842,125
2023-01-14,1076,138,78,67,36,60,31,0.5652173913043478,0.5373134328358209,114
2023-01-15,1076,112,95,77,44,17,33,0.8482142857142857,0.5714285714285714,139
2023-01-16,1076,138,76,87,36,62,51,0.5507246376811594,0.41379310344827586,112
2023-01-17,1076,149,71,78,50,78,28,0.47651006711409394,0.6410256410256411,121
2023-01-18,1076,131,83,68,39,48,29,0.6335877862595419,0.5735294117647058,122
2023-01-19,1076,124,73,72,45,51,27,0.5887096774193549,0.625,118
2023-01-20,1076,121,76,80,56,45,24,0.628099173553719,0.7,132
2023-01-21,1076,104,72,63,46,32,17,0.6923076923076923,0.7301587301587301,118
2023-01-22,1076,148,80,74,33,68,41,0.5405405405405406,0.44594594594594594,113
2023-01-23,1076,138,75,82,44,63,38,0.5434782608695652,0.5365853658536586,119
2023-01-24,1076,126,82,92,38,44,54,0.6507936507936508,0.41304347826086957,120
2023-01-25,1076,111,97,88,39,14,49,0.8738738738738738,0.4431818181818182,136
2023-01-26,1076,135,74,89,45,61,44,0.5481481481481482,0.5056179775280899,119
2023-01-27,1076,132,80,95,32,52,63,0.6060606060606061,0.3368421052631579,112
2023-01-28,1076,117,86,59,34,31,25,0.7350427350427351,0.576271186440678,120
2023-01-29,1076,116,81,72,37,35,35,0.6982758620689655,0.5138888888888888,118
2023-01-30,1076,132,86,77,50,46,27,0.6515151515151515,0.6493506493506493,136
2023-01-31,1076,116,82,88,48,34,40,0.7068965517241379,0.5454545454545454,130
2023-02-01,1076,140,92,85,40,48,45,0.6571428571428571,0.47058823529411764,132
2023-02-02,1076,110,94,58,35,16,23,0.8545454545454545,0.603448275862069,129
2023-02-03,1076,125,90,99,48,35,51,0.72,0.48484848484848486,138
2023-02-04,1076,103,82,92,44,21,48,0.7961165048543689,0.4782608695652174,126
2023-02-05,1076,128,84,100,44,44,56,0.65625,0.44,128
2023-02-06,1076,122,77,60,43,45,17,0.6311475409836066,0.7166666666666667,120
2023-02-07,1076,143,91,53,39,52,14,0.6363636363636364,0.7358490566037735,130
2023-02-08,1076,108,89,87,38,19,49,0.8240740740740741,0.4367816091954023,127
2023-02-09,1076,148,86,61,46,62,15,0.581081081081081,0.7540983606557377,132
2023-02-10,1076,117,83,63,51,34,12,0.7094017094017094,0.8095238095238095,134
2023-02-11,1076,109,90,81,43,19,38,0.8256880733944955,0.5308641975308642,133
2023-02-12,1076,131,72,98,36,59,62,0.549618320610687,0.3673469387755102,108
2023-02-13,1076,134,82,70,39,52,31,0.6119402985074627,0.5571428571428572,121
2023-02-14,1076,117,84,87,34,33,53,0.717948717948718,0.39080459770114945,118
2023-02-15,1076,144,85,60,42,59,18,0.5902777777777778,0.7,127
2023-02-16,1076,120,90,63,47,30,16,0.75,0.746031746031746,137
2023-02-17,1076,139,74,56,33,65,23,0.5323741007194245,0.5892857142857143,107
2023-02-18,1076,133,96,93,36,37,57,0.7218045112781954,0.3870967741935484,132
2023-02-19,1076,105,88,52,36,17,16,0.8380952380952381,0.6923076923076923,124
2023-02-20,1076,107,85,68,43,22,25,0.794392523364486,0.6323529411764706,128
2023-02-21,1076,141,75,71,38,66,33,0.5319148936170213,0.5352112676056338,113
2023-02-22,1076,138,93,93,30,45,63,0.6739130434782609,0.3225806451612903,123
2023-02-23,1076,130,82,92,31,48,61,0.6307692307692307,0.33695652173913043,113
2023-02-24,1076,108,91,65,45,17,20,0.8425925925925926,0.6923076923076923,136
2023-02-25,1076,107,104,72,45,3,27,0.9719626168224299,0.625,149
2023-02-26,1076,125,70,90,31,55,59,0.56,0.34444444444444444,101
2023-02-27,1076,129,69,54,29,60,25,0.5348837209302325,0.5370370370370371,98
2023-02-28,1076,127,112,71,38,15,33,0.8818897637795275,0.5352112676056338,150
2023-03-01,1076,122,87,51,29,35,22,0.7131147540983607,0.5686274509803921,116
2023-03-02,1076,127,89,83,45,38,38,0.7007874015748031,0.54216867469879515,134
2023-03-03,1076,138,78,58,46,60,12,0.5652173913043478,0.7931034482758621,124
2023-03-04,1076,115,97,65,48,18,17,0.8434782608695652,0.7384615384615385,145
2023-03-05,1076,113,85,80,46,28,34,0.7522123893805309,0.575,131
2023-03-06,1076,109,66,63,43,43,20,0.6055045871559633,0.6825396825396826,109
2023-03-07,1076,107,86,95,40,21,55,0.8037383177570093,0.42105263157894735,126
2023-03-08,1076,134,90,75,41,44,34,0.6716417910447762,0.5466666666666666,131
2023-03-09,1076,110,89,56,35,21,21,0.8090909090909091,0.625,124
2023-03-10,1076,109,68,87,31,41,56,0.6238532110091743,0.3563218390804598,99
2023-03-11,1076,133,75,98,47,58,51,0.5639097744360902,0.47959183673469385,122
2023-03-12,1076,147,106,65,42,41,23,0.7210884353741497,0.6461538461538462,148
2023-03-13,1076,146,69,57,50,77,7,0.4726027397260274,0.8771929824561403,119
2023-03-14,1076,121,84,51,34,37,17,0.6942148760330579,0.6666666666666666,118
2023-03-15,1076,102,77,75,46,25,29,0.7549019607843137,0.6133333333333333,123
2023-03-16,1076,111,79,52,40,32,12,0.7117117117117117,0.7692307692307693,119
2023-03-17,1076,122,67,95,41,55,54,0.5491803278688525,0.43157894736842106,108
2023-03-18,1076,109,81,72,33,28,39,0.7431192660550459,0.4583333333333333,114
2023-03-19,1076,137,92,55,32,45,23,0.6715328467153284,0.5818181818181818,124
2023-03-20,1076,111,86,53,41,25,12,0.7747747747747747,0.7735849056603774,127
2023-03-21,1076,111,71,87,37,40,50,0.6396396396396397,0.42528735632183906,108
2023-03-22,1076,102,93,56,29,9,27,0.9117647058823529,0.5178571428571429,122
2023-03-23,1076,128,82,50,34,46,16,0.640625,0.68,116
2023-03-24,1076,149,96,56,35,53,21,0.6442953020134228,0.625,131
2023-03-25,1076,148,86,88,46,62,42,0.581081081081081,0.5227272727272727,132
2023-03-26,1076,123,71,70,36,52,34,0.5772357723577236,0.5142857142857142,107
2023-03-27,1076,101,72,97,57,29,40,0.7128712871287128,0.5876288659793815,129
2023-03-28,1076,111,91,68,45,20,23,0.8198198198198198,0.6617647058823529,136
2023-03-29,1076,146,94,84,40,52,44,0.6438356164383562,0.47619047619047616,134
2023-03-30,1076,130,80,60,44,50,16,0.6153846153846154,0.7333333333333333,124
2023-03-31,1076,119,84,95,47,35,48,0.7058823529411765,0.49473684210526314,131
2023-04-01,1076,115,95,53,45,20,8,0.8260869565217391,0.8490566037735849,140
2023-04-02,1076,102,75,96,42,27,54,0.7352941176470589,0.4375,117
2023-04-03,1076,110,95,62,43,15,19,0.8636363636363636,0.6935483870967742,138
2023-04-04,1076,123,79,97,29,44,68,0.6422764227642277,0.29896907216494845,108
2023-04-05,1076,101,66,80,38,35,42,0.6534653465346535,0.475,104
2023-04-06,1076,122,75,89,44,47,45,0.6147540983606558,0.4943820224719101,119
2023-04-07,1076,139,73,73,36,66,37,0.5251798561151079,0.4931506849315068,109
2023-04-08,1076,132,81,52,33,51,19,0.6136363636363636,0.6346153846153846,114
2023-04-09,1076,137,74,52,39,63,13,0.5401459854014599,0.75,113
2023-04-10,1076,146,82,66,35,64,31,0.5616438356164384,0.5303030303030303,117
2023-04-11,1076,108,86,68,44,22,24,0.7962962962962963,0.6470588235294118,130
2023-04-12,1076,115,66,92,48,49,44,0.5739130434782609,0.5217391304347826,114
2023-04-13,1076,144,86,64,46,58,18,0.5972222222222222,0.71875,132
2023-04-14,1076,150,67,93,53,83,40,0.44666666666666666,0.5698924731182796,120
2023-04-15,1076,112,72,92,45,40,47,0.6428571428571429,0.4891304347826087,117
2023-04-16,1076,108,92,67,31,16,36,0.8518518518518519,0.4626865671641791,123
2023-04-17,1076,146,108,57,39,38,18,0.7397260273972602,0.6842105263157895,147
2023-04-18,1076,138,89,76,50,49,26,0.644927536231884,0.6578947368421053,139
2023-04-19,1076,146,76,69,34,70,35,0.5205479452054794,0.4927536231884058,110
2023-04-20,1076,134,77,64,32,57,32,0.5746268656716418,0.5,109
2023-04-21,1076,107,98,70,39,9,31,0.9158878504672897,0.5571428571428572,137
2023-04-22,1076,112,72,57,36,40,21,0.6428571428571429,0.631578947368421,108
2023-04-23,1076,111,80,77,53,31,24,0.7207207207207207,0.6883116883116883,133
2023-04-24,1076,117,92,99,19,25,80,0.7863247863247863,0.1919191919191919,111
2023-04-25,1076,146,95,77,38,51,39,0.6506849315068494,0.4935064935064935,133
2023-04-26,1076,118,76,61,36,42,25,0.6440677966101694,0.5901639344262295,112
2023-04-27,1076,103,93,56,34,10,22,0.9029126213592233,0.6071428571428571,127
2023-04-28,1076,141,77,85,46,64,39,0.5460992907801419,0.5411764705882353,123
2023-04-29,1076,140,74,81,34,66,47,0.5285714285714286,0.41975308641975306,108
2023-04-30,1076,115,76,56,35,39,21,0.6608695652173913,0.625,111
2023-05-01,1076,110,69,60,41,41,19,0.6272727272727273,0.6833333333333333,110
2023-05-02,1076,150,84,97,46,66,51,0.56,0.4742268041237113,130
2023-05-03,1076,127,58,58,37,69,21,0.4566929133858268,0.6379310344827587,95
2023-05-04,1076,135,90,62,42,45,20,0.6666666666666666,0.6774193548387096,132
2023-05-05,1076,104,78,72,40,26,32,0.75,0.5555555555555556,118
2023-05-06,1076,109,66,72,46,43,26,0.6055045871559633,0.6388888888888888,112
2023-05-07,1076,125,85,74,47,40,27,0.68,0.6351351351351351,132
2023-05-08,1076,112,79,53,32,33,21,0.7053571428571429,0.6037735849056604,111
2023-05-09,1076,144,80,93,41,64,52,0.5555555555555556,0.44086021505376344,121
2023-05-10,1076,107,100,74,32,7,42,0.9345794392523364,0.43243243243243246,132
2023-05-11,1076,149,99,80,47,50,33,0.6644295302013423,0.5875,146
2023-05-12,1076,128,79,83,47,49,36,0.6171875,0.5662650602409639,126
2023-05-13,1076,107,76,79,39,31,40,0.7102803738317757,0.4936708860759494,115
2023-05-14,1076,127,83,80,27,44,53,0.6535433070866141,0.3375,110
2023-05-15,1076,116,88,68,42,28,26,0.7586206896551724,0.6176470588235294,130
2023-05-16,1076,115,82,53,44,33,9,0.7130434782608696,0.8301886792452831,126
2023-05-17,1076,120,93,93,40,27,53,0.775,0.43010752688172044,133
2023-05-18,1076,114,87,84,35,27,49,0.7631578947368421,0.4166666666666667,122
2023-05-19,1076,138,82,62,39,56,23,0.5942028985507246,0.6290322580645161,121
2023-05-20,1076,147,67,78,36,80,42,0.4557823129251701,0.46153846153846156,103
2023-05-21,1076,128,71,76,41,57,35,0.5546875,0.5394736842105263,112
2023-05-22,1076,117,80,78,38,37,40,0.6837606837606838,0.48717948717948717,118
2023-05-23,1076,111,88,95,37,23,58,0.7927927927927928,0.3894736842105263,125
2023-05-24,1076,104,73,97,45,31,52,0.7019230769230769,0.4639175257731959,118
2023-05-25,1076,147,87,62,42,60,20,0.5918367346938775,0.6774193548387096,129
2023-05-26,1076,149,86,55,43,63,12,0.5771812080536913,0.7818181818181819,129
2023-05-27,1076,139,87,83,42,52,41,0.6258992805755396,0.5060240963855421,129
2023-05-28,1076,140,86,81,45,54,36,0.6142857142857143,0.5555555555555556,131
2023-05-29,1076,135,85,95,38,50,57,0.6296296296296297,0.4,123
2023-05-30,1076,141,68,92,32,73,60,0.48226950354609927,0.34782608695652173,100
2023-05-31,1076,145,94,99,32,51,67,0.6482758620689655,0.32323232323232326,126
2023-06-01,1076,107,82,78,51,25,27,0.7663551401869159,0.6538461538461539,133
2023-06-02,1076,132,71,78,35,61,43,0.5378787878787878,0.44871794871794873,106
2023-06-03,1076,129,76,51,35,53,16,0.5891472868217055,0.6862745098039216,111
2023-06-04,1076,113,71,55,39,42,16,0.6283185840707964,0.7090909090909091,110
2023-06-05,1076,123,72,90,31,51,59,0.5853658536585366,0.34444444444444444,103
2023-06-06,1076,102,79,51,49,23,2,0.7745098039215687,0.9607843137254902,128
2023-06-07,1076,129,74,50,43,55,7,0.5736434108527132,0.86,117
2023-06-08,1076,133,87,89,41,46,48,0.6541353383458647,0.4606741573033708,128
2023-06-09,1076,120,77,74,33,43,41,0.6416666666666667,0.44594594594594594,110
2023-06-10,1076,135,74,60,38,61,22,0.5481481481481482,0.6333333333333333,112
2023-06-11,1076,110,88,91,35,22,56,0.8,0.38461538461538464,123
2023-06-12,1076,127,89,97,36,38,61,0.7007874015748031,0.3711340206185567,125
2023-06-13,1076,108,77,72,43,31,29,0.7129629629629629,0.5972222222222222,120
2023-06-14,1076,128,75,82,31,53,51,0.5859375,0.3780487804878049,106
2023-06-15,1076,122,72,73,49,50,24,0.5901639344262295,0.6712328767123288,121
2023-06-16,1076,140,78,79,38,62,41,0.5571428571428572,0.4810126582278481,116
2023-06-17,1076,107,75,99,41,32,58,0.7009345794392523,0.41414141414141414,116
2023-06-18,1076,124,75,82,53,49,29,0.6048387096774194,0.6463414634146342,128
2023-06-19,1076,130,71,73,37,59,36,0.5461538461538461,0.5068493150684932,108
2023-06-20,1076,131,82,86,43,49,43,0.6259541984732825,0.5,125
2023-06-21,1076,106,101,83,48,5,35,0.9528301886792453,0.5783132530120482,149
2023-06-22,1076,131,80,96,47,51,49,0.6106870229007634,0.4895833333333333,127
2023-06-23,1076,140,75,79,44,65,35,0.5357142857142857,0.5569620253164557,119
2023-06-24,1076,105,74,97,27,31,70,0.7047619047619048,0.27835051546391754,101
2023-06-25,1076,141,74,57,33,67,24,0.524822695035461,0.5789473684210527,107
2023-06-26,1076,115,83,86,32,32,54,0.7217391304347827,0.37209302325581395,115
2023-06-27,1076,144,92,54,48,52,6,0.6388888888888888,0.8888888888888888,140
2023-06-28,1076,110,78,55,46,32,9,0.7090909090909091,0.8363636363636363,124
2023-06-29,1076,109,80,78,31,29,47,0.7339449541284404,0.3974358974358974,111
2023-06-30,1076,106,73,99,23,33,76,0.6886792452830188,0.23232323232323232,96
2023-07-01,1076,108,73,79,57,35,22,0.6759259259259259,0.7215189873417721,130
2023-07-02,1076,150,76,86,30,74,56,0.5066666666666667,0.3488372093023256,106
2023-07-03,1076,141,87,71,38,54,33,0.6170212765957447,0.5352112676056338,125
2023-07-04,1076,135,92,58,37,43,21,0.6814814814814815,0.6379310344827587,129
2023-07-05,1076,100,57,52,41,43,11,0.57,0.7884615384615384,98
2023-07-06,1076,120,88,90,39,32,51,0.7333333333333333,0.43333333333333335,127
2023-07-07,1076,146,75,62,34,71,28,0.5136986301369864,0.5483870967741935,109
2023-07-08,1076,145,81,70,44,64,26,0.5586206896551724,0.6285714285714286,125
2023-07-09,1076,105,90,72,42,15,30,0.8571428571428571,0.5833333333333334,132
2023-07-10,1076,148,80,83,33,68,50,0.5405405405405406,0.39759036144578314,113
2023-07-11,1076,112,71,93,39,41,54,0.6339285714285714,0.41935483870967744,110
2023-07-12,1076,109,84,57,39,25,18,0.7706422018348624,0.6842105263157895,123
2023-07-13,1076,106,96,96,33,10,63,0.9056603773584906,0.34375,129
2023-07-14,1076,117,61,63,32,56,31,0.5213675213675214,0.5079365079365079,93
2023-07-15,1076,113,69,55,39,44,16,0.6106194690265486,0.7090909090909091,108
2023-07-16,1076,141,77,82,49,64,33,0.5460992907801419,0.5975609756097561,126
2023-07-17,1076,140,67,68,34,73,34,0.4785714285714286,0.5,101
2023-07-18,1076,106,86,78,38,20,40,0.8113207547169812,0.48717948717948717,124
2023-07-19,1076,111,85,82,51,26,31,0.7657657657657657,0.6219512195121951,136
2023-07-20,1076,125,82,81,43,43,38,0.656,0.5308641975308642,125
2023-07-21,1076,109,80,77,44,29,33,0.7339449541284404,0.5714285714285714,124
2023-07-22,1076,127,80,96,39,47,57,0.6299212598425197,0.40625,119
2023-07-23,1076,101,70,53,34,31,19,0.693069306930693,0.6415094339622641,104
2023-07-24,1076,117,62,66,42,55,24,0.5299145299145299,0.6363636363636364,104
2023-07-25,1076,139,86,96,45,53,51,0.6187050359712231,0.46875,131
2023-07-26,1076,137,92,66,33,45,33,0.6715328467153284,0.5,125
2023-07-27,1076,105,75,79,41,30,38,0.7142857142857143,0.5189873417721519,116
2023-07-28,1076,139,77,95,46,62,49,0.5539568345323741,0.4842105263157895,123
2023-07-29,1076,120,63,81,37,57,44,0.525,0.4567901234567901,100
2023-07-30,1076,128,77,97,52,51,45,0.6015625,0.5360824742268041,129
2023-07-31,1076,105,84,72,43,21,29,0.8,0.5972222222222222,127
2023-08-01,1076,101,78,79,47,23,32,0.7722772277227723,0.5949367088607594,125
2023-08-02,1076,130,64,85,38,66,47,0.49230769230769234,0.4470588235294118,102
2023-08-03,1076,144,107,62,49,37,13,0.7430555555555556,0.7903225806451613,156
2023-08-04,1076,103,83,100,35,20,65,0.8058252427184466,0.35,118
2023-08-05,1076,142,77,79,38,65,41,0.5422535211267606,0.4810126582278481,115
2023-08-06,1076,110,83,64,44,27,20,0.7545454545454545,0.6875,127
2023-08-07,1076,140,80,98,34,60,64,0.5714285714285714,0.3469387755102041,114
2023-08-08,1076,102,73,68,48,29,20,0.7156862745098039,0.7058823529411765,121
2023-08-09,1076,117,95,75,35,22,40,0.811965811965812,0.4666666666666667,130
2023-08-10,1076,130,89,96,35,41,61,0.6846153846153846,0.3645833333333333,124
2023-08-11,1076,146,81,68,37,65,31,0.5547945205479452,0.5441176470588235,118
2023-08-12,1076,130,73,53,43,57,10,0.5615384615384615,0.8113207547169812,116
2023-08-13,1076,128,86,93,40,42,53,0.671875,0.43010752688172044,126
2023-08-14,1076,128,87,85,40,41,45,0.6796875,0.47058823529411764,127
2023-08-15,1076,135,83,65,46,52,19,0.6148148148148148,0.7076923076923077,129
2023-08-16,1076,113,86,66,29,27,37,0.7610619469026548,0.4393939393939394,115
2023-08-17,1076,131,86,81,31,45,50,0.6564885496183206,0.38271604938271603,117
2023-08-18,1076,145,89,72,32,56,40,0.6137931034482759,0.4444444444444444,121
2023-08-19,1076,101,63,96,37,38,59,0.6237623762376238,0.3854166666666667,100
2023-08-20,1076,132,79,60,40,53,20,0.5984848484848485,0.6666666666666666,119
2023-08-21,1076,131,81,88,38,50,50,0.6183206106870229,0.4318181818181818,119
2023-08-22,1076,145,81,95,41,64,54,0.5586206896551724,0.43157894736842106,122
2023-08-23,1076,147,75,71,50,72,21,0.5102040816326531,0.704225352112676,125
2023-08-24,1076,103,72,98,40,31,58,0.6990291262135923,0.40816326530612246,112
2023-08-25,1076,104,88,92,34,16,58,0.8461538461538461,0.3695652173913043,122
2023-08-26,1076,121,87,85,32,34,53,0.71900826446281,0.3764705882352941,119
2023-08-27,1076,118,71,98,39,47,59,0.6016949152542372,0.3979591836734694,110
2023-08-28,1076,113,69,98,43,44,55,0.6106194690265486,0.4387755102040816,112
2023-08-29,1076,104,76,91,38,28,53,0.7307692307692307,0.4175824175824176,114
2023-08-30,1076,128,82,86,32,46,54,0.640625,0.37209302325581395,114
2023-08-31,1076,123,82,96,39,41,57,0.6666666666666666,0.40625,121
2023-09-01,1076,126,89,90,46,37,44,0.7063492063492064,0.5111111111111111,135
2023-09-02,1076,134,99,97,35,35,62,0.7388059701492538,0.36082474226804123,134
2023-09-03,1076,115,70,72,42,45,30,0.6086956521739131,0.5833333333333334,112
2023-09-04,1076,122,73,70,42,49,28,0.5983606557377049,0.6,115
2023-09-05,1076,146,79,59,44,67,15,0.541095890410959,0.7457627118644068,123
2023-09-06,1076,145,77,81,44,68,37,0.5310344827586206,0.5432098765432098,121
2023-09-07,1076,114,84,86,41,30,45,0.7368421052631579,0.47674418604651164,125
2023-09-08,1076,108,80,82,44,28,38,0.7407407407407407,0.5365853658536586,124
2023-09-09,1076,127,88,76,41,39,35,0.6929133858267716,0.5394736842105263,129
2023-09-10,1076,106,71,59,36,35,23,0.6698113207547169,0.6101694915254238,107
2023-09-11,1076,127,94,92,35,33,57,0.7401574803149606,0.3804347826086957,129
2023-09-12,1076,115,80,66,36,35,30,0.6956521739130435,0.5454545454545454,116
2023-09-13,1076,114,82,50,40,32,10,0.7192982456140351,0.8,122
2023-09-14,1076,131,74,92,45,57,47,0.5648854961832062,0.4891304347826087,119
2023-09-15,1076,133,82,70,40,51,30,0.6165413533834586,0.5714285714285714,122
2023-09-16,1076,136,85,81,36,51,45,0.625,0.4444444444444444,121
2023-09-17,1076,141,84,65,38,57,27,0.5957446808510638,0.5846153846153846,122
2023-09-18,1076,109,101,51,45,8,6,0.926605504587156,0.8823529411764706,146
2023-09-19,1076,108,85,54,48,23,6,0.7870370370370371,0.8888888888888888,133
2023-09-20,1076,125,89,79,53,36,26,0.712,0.6708860759493671,142
2023-09-21,1076,134,69,100,35,65,65,0.5149253731343284,0.35,104
2023-09-22,1076,133,68,53,41,65,12,0.5112781954887218,0.7735849056603774,109
2023-09-23,1076,123,84,55,32,39,23,0.6829268292682927,0.5818181818181818,116
2023-09-24,1076,128,65,100,45,63,55,0.5078125,0.45,110
2023-09-25,1076,107,74,71,34,33,37,0.6915887850467289,0.4788732394366197,108
2023-09-26,1076,121,79,56,47,42,9,0.6528925619834711,0.8392857142857143,126
2023-09-27,1076,101,79,67,50,22,17,0.7821782178217822,0.746268656716418,129
2023-09-28,1076,137,84,78,45,53,33,0.6131386861313869,0.5769230769230769,129
2023-09-29,1076,122,81,91,46,41,45,0.6639344262295082,0.5054945054945055,127
2023-09-30,1076,148,85,98,34,63,64,0.5743243243243243,0.3469387755102041,119
2023-10-01,1076,115,64,63,34,51,29,0.5565217391304348,0.5396825396825397,98
2023-10-02,1076,109,102,56,49,7,7,0.9357798165137615,0.875,151
2023-10-03,1076,127,65,99,26,62,73,0.5118110236220472,0.26262626262626265,91
2023-10-04,1076,112,89,67,38,23,29,0.7946428571428571,0.5671641791044776,127
2023-10-05,1076,113,77,92,40,36,52,0.6814159292035398,0.43478260869565216,117
2023-10-06,1076,115,75,65,42,40,23,0.6521739130434783,0.6461538461538462,117
2023-10-07,1076,138,89,88,45,49,43,0.644927536231884,0.5113636363636364,134
2023-10-08,1076,101,83,93,36,18,57,0.8217821782178217,0.3870967741935484,119
2023-10-09,1076,112,79,95,38,33,57,0.7053571428571429,0.4,117
2023-10-10,1076,127,86,51,39,41,12,0.6771653543307087,0.7647058823529411,125
2023-10-11,1076,148,81,58,46,67,12,0.5472972972972973,0.7931034482758621,127
2023-10-12,1076,115,87,56,33,28,23,0.7565217391304347,0.5892857142857143,120
2023-10-13,1076,140,81,82,38,59,44,0.5785714285714286,0.4634146341463415,119
2023-10-14,1076,109,84,58,34,25,24,0.7706422018348624,0.5862068965517241,118
2023-10-15,1076,107,88,50,44,19,6,0.822429906542056,0.88,132
2023-10-16,1076,129,85,54,30,44,24,0.6589147286821705,0.5555555555555556,115
2023-10-17,1076,129,82,75,47,47,28,0.6356589147286822,0.6266666666666667,129
2023-10-18,1076,145,77,87,36,68,51,0.5310344827586206,0.41379310344827586,113
2023-10-19,1076,124,99,80,51,25,29,0.7983870967741935,0.6375,150
2023-10-20,1076,132,86,80,45,46,35,0.6515151515151515,0.5625,131
2023-10-21,1076,105,76,79,46,29,33,0.7238095238095238,0.5822784810126582,122
2023-10-22,1076,149,63,78,45,86,33,0.4228187919463087,0.5769230769230769,108
2023-10-23,1076,110,67,65,36,43,29,0.6090909090909091,0.5538461538461539,103
2023-10-24,1076,102,81,69,31,21,38,0.7941176470588235,0.4492753623188406,112
2023-10-25,1076,111,78,80,46,33,34,0.7027027027027027,0.575,124
2023-10-26,1076,138,76,80,35,62,45,0.5507246376811594,0.4375,111
2023-10-27,1076,132,86,99,48,46,51,0.6515151515151515,0.48484848484848486,134
2023-10-28,1076,129,67,88,39,62,49,0.5193798449612403,0.4431818181818182,106
2023-10-29,1076,114,88,94,47,26,47,0.7719298245614035,0.5,135
2023-10-30,1076,142,84,75,36,58,39,0.5915492957746479,0.48,120
2023-10-31,1076,149,75,80,39,74,41,0.5033557046979866,0.4875,114
2023-11-01,1076,134,91,89,31,43,58,0.6791044776119403,0.34831460674157305,122
2023-11-02,1076,141,76,56,40,65,16,0.5390070921985816,0.7142857142857143,116
2023-11-03,1076,150,90,51,43,60,8,0.6,0.8431372549019608,133
2023-11-04,1076,115,81,82,38,34,44,0.7043478260869566,0.4634146341463415,119
2023-11-05,1076,123,85,50,38,38,12,0.6910569105691057,0.76,123
2023-11-06,1076,144,67,94,47,77,47,0.4652777777777778,0.5,114
2023-11-07,1076,140,84,90,37,56,53,0.6,0.4111111111111111,121
2023-11-08,1076,135,71,72,42,64,30,0.5259259259259259,0.5833333333333334,113
2023-11-09,1076,111,86,54,36,25,18,0.7747747747747747,0.6666666666666666,122
2023-11-10,1076,144,89,97,36,55,61,0.6180555555555556,0.3711340206185567,125
2023-11-11,1076,139,83,51,35,56,16,0.5971223021582733,0.6862745098039216,118
2023-11-12,1076,111,77,50,35,34,15,0.6936936936936937,0.7,112
2023-11-13,1076,148,77,89,45,71,44,0.5202702702702703,0.5056179775280899,122
2023-11-14,1076,146,85,78,37,61,41,0.5821917808219178,0.47435897435897434,122
2023-11-15,1076,121,80,84,33,41,51,0.6611570247933884,0.39285714285714285,113
2023-11-16,1076,138,89,73,40,49,33,0.644927536231884,0.547945205479452,129
2023-11-17,1076,147,75,93,29,72,64,0.5102040816326531,0.3118279569892473,104
2023-11-18,1076,115,81,83,33,34,50,0.7043478260869566,0.39759036144578314,114
2023-11-19,1076,147,102,76,29,45,47,0.6938775510204082,0.3815789473684211,131
2023-11-20,1076,134,69,52,52,65,0,0.5149253731343284,1,121
2023-11-21,1076,130,81,58,41,49,17,0.6230769230769231,0.7068965517241379,122
2023-11-22,1076,141,83,70,33,58,37,0.5886524822695035,0.4714285714285714,116
2023-11-23,1076,123,97,98,40,26,58,0.7886178861788617,0.40816326530612246,137
2023-11-24,1076,145,87,83,36,58,47,0.6,0.43373493975903615,123
2023-11-25,1076,112,99,88,45,13,43,0.8839285714285714,0.5113636363636364,144
2023-11-26,1076,120,65,71,38,55,33,0.5416666666666666,0.5352112676056338,103
2023-11-27,1076,100,74,59,53,26,6,0.74,0.8983050847457628,127
2023-11-28,1076,128,73,91,34,55,57,0.5703125,0.37362637362637363,107
2023-11-29,1076,140,65,66,34,75,32,0.4642857142857143,0.5151515151515151,99
2023-11-30,1076,146,68,68,34,78,34,0.4657534246575342,0.5,102
2023-12-01,1076,113,83,53,44,30,9,0.7345132743362832,0.8301886792452831,127
2023-12-02,1076,134,74,90,45,60,45,0.5522388059701493,0.5,119
2023-12-03,1076,144,73,93,41,71,52,0.5069444444444444,0.44086021505376344,114
2023-12-04,1076,135,68,73,37,67,36,0.5037037037037037,0.5068493150684932,105
2023-12-05,1076,142,83,99,45,59,54,0.5845070422535211,0.45454545454545453,128
2023-12-06,1076,117,69,64,39,48,25,0.5897435897435898,0.609375,108
2023-12-07,1076,119,87,68,34,32,34,0.7310924369747899,0.5,121
2023-12-08,1076,143,89,61,29,54,32,0.6223776223776224,0.47540983606557374,118
2023-12-09,1076,111,78,72,57,33,15,0.7027027027027027,0.7916666666666666,135
2023-12-10,1076,144,74,68,28,70,40,0.5138888888888888,0.4117647058823529,102
2023-12-11,1076,109,87,96,38,22,58,0.7981651376146789,0.3958333333333333,125
2023-12-12,1076,128,82,68,34,46,34,0.640625,0.5,116
2023-12-13,1076,149,85,62,46,64,16,0.5704697986577181,0.7419354838709677,131
2023-12-14,1076,138,72,99,31,66,68,0.5217391304347826,0.31313131313131315,103
2023-12-15,1076,124,78,75,48,46,27,0.6290322580645161,0.64,126
2023-12-16,1076,110,84,67,51,26,16,0.7636363636363637,0.7611940298507462,135
2023-12-17,1076,145,88,50,39,57,11,0.6068965517241379,0.78,127
2023-12-18,1076,145,86,63,42,59,21,0.593103448275862,0.6666666666666666,128
2023-12-19,1076,126,76,93,45,50,48,0.6031746031746031,0.4838709677419355,121
2023-12-20,1076,102,78,89,42,24,47,0.7647058823529411,0.47191011235955055,120
2023-12-21,1076,115,86,87,49,29,38,0.7478260869565218,0.5632183908045977,135
2023-12-22,1076,101,70,84,50,31,34,0.693069306930693,0.5952380952380952,120
2023-12-23,1076,138,95,53,49,43,4,0.6884057971014492,0.9245283018867925,144
2023-12-24,1076,147,83,53,32,64,21,0.564625850340136,0.6037735849056604,115
2023-12-25,1076,109,78,71,41,31,30,0.7155963302752294,0.5774647887323944,119
2023-12-26,1076,140,86,53,36,54,17,0.6142857142857143,0.6792452830188679,122
2023-12-27,1076,101,78,74,34,23,40,0.7722772277227723,0.4594594594594595,112
2023-12-28,1076,133,72,68,36,61,32,0.5413533834586466,0.5294117647058824,108
2023-12-29,1076,116,83,62,30,33,32,0.7155172413793104,0.4838709677419355,113
2023-12-30,1076,113,78,50,32,35,18,0.6902654867256637,0.64,110
2023-12-31,1076,135,88,81,35,47,46,0.6518518518518519,0.43209876543209874,123
2023-01-01,1077,128,85,67,40,43,27,0.6640625,0.5970149253731343,125
2023-01-02,1077,122,63,62,34,59,28,0.5163934426229508,0.5483870967741935,97
2023-01-03,1077,132,88,58,41,44,17,0.6666666666666666,0.7068965517241379,129
2023-01-04,1077,103,68,59,30,35,29,0.6601941747572816,0.5084745762711864,98
2023-01-05,1077,143,73,62,33,70,29,0.5104895104895105,0.532258064516129,106
2023-01-06,1077,107,82,64,43,25,21,0.7663551401869159,0.671875,125
2023-01-07,1077,144,72,71,32,72,39,0.5,0.4507042253521127,104
2023-01-08,1077,144,83,65,31,61,34,0.5763888888888888,0.47692307692307695,114
2023-01-09,1077,109,75,58,40,34,18,0.6880733944954128,0.6896551724137931,115
2023-01-10,1077,134,81,50,41,53,9,0.6044776119402985,0.82,122
2023-01-11,1077,149,89,71,37,60,34,0.5973154362416108,0.5211267605633803,126
2023-01-12,1077,103,88,84,62,15,22,0.8543689320388349,0.7380952380952381,150
2023-01-13,1077,139,69,84,42,70,42,0.49640287769784175,0.5,111
2023-01-14,1077,145,67,82,49,78,33,0.46206896551724136,0.5975609756097561,116
2023-01-15,1077,126,71,78,39,55,39,0.5634920634920635,0.5,110
2023-01-16,1077,101,87,95,33,14,62,0.8613861386138614,0.3473684210526316,120
2023-01-17,1077,122,85,65,47,37,18,0.6967213114754098,0.7230769230769231,132
2023-01-18,1077,149,73,63,35,76,28,0.4899328859060403,0.5555555555555556,108
2023-01-19,1077,144,61,80,44,83,36,0.4236111111111111,0.55,105
2023-01-20,1077,145,73,66,38,72,28,0.503448275862069,0.5757575757575758,111
2023-01-21,1077,127,79,100,50,48,50,0.6220472440944882,0.5,129
2023-01-22,1077,124,79,54,28,45,26,0.6370967741935484,0.5185185185185185,107
2023-01-23,1077,104,96,95,39,8,56,0.9230769230769231,0.4105263157894737,135
2023-01-24,1077,105,83,61,36,22,25,0.7904761904761904,0.5901639344262295,119
2023-01-25,1077,104,75,74,41,29,33,0.7211538461538461,0.5540540540540541,116
2023-01-26,1077,130,82,68,34,48,34,0.6307692307692307,0.5,116
2023-01-27,1077,146,95,60,34,51,26,0.6506849315068494,0.5666666666666667,129
2023-01-28,1077,134,92,72,32,42,40,0.6865671641791045,0.4444444444444444,124
2023-01-29,1077,122,75,62,35,47,27,0.6147540983606558,0.5645161290322581,110
2023-01-30,1077,108,69,68,48,39,20,0.6388888888888888,0.7058823529411765,117
2023-01-31,1077,125,68,100,40,57,60,0.544,0.4,108
2023-02-01,1077,147,72,51,33,75,18,0.4897959183673469,0.6470588235294118,105
2023-02-02,1077,103,93,74,29,10,45,0.9029126213592233,0.3918918918918919,122
2023-02-03,1077,134,87,92,50,47,42,0.6492537313432836,0.5434782608695652,137
2023-02-04,1077,140,67,96,34,73,62,0.4785714285714286,0.3541666666666667,101
2023-02-05,1077,102,74,59,36,28,23,0.7254901960784313,0.6101694915254238,110
2023-02-06,1077,133,82,90,41,51,49,0.6165413533834586,0.45555555555555555,123
2023-02-07,1077,118,98,86,37,20,49,0.8305084745762712,0.43023255813953487,135
2023-02-08,1077,111,71,62,43,40,19,0.6396396396396397,0.6935483870967742,114
2023-02-09,1077,102,92,83,43,10,40,0.9019607843137255,0.5180722891566265,135
2023-02-10,1077,116,84,81,40,32,41,0.7241379310344828,0.49382716049382713,124
2023-02-11,1077,131,69,74,42,62,32,0.5267175572519084,0.5675675675675675,111
2023-02-12,1077,135,85,64,45,50,19,0.6296296296296297,0.703125,130
2023-02-13,1077,104,74,85,31,30,54,0.7115384615384616,0.36470588235294116,105
2023-02-14,1077,102,85,74,43,17,31,0.8333333333333334,0.581081081081081,128
2023-02-15,1077,123,93,74,32,30,42,0.7560975609756098,0.43243243243243246,125
2023-02-16,1077,130,92,54,41,38,13,0.7076923076923077,0.7592592592592593,133
2023-02-17,1077,103,79,100,39,24,61,0.7669902912621359,0.39,118
2023-02-18,1077,123,75,87,47,48,40,0.6097560975609756,0.5402298850574713,122
2023-02-19,1077,133,81,86,41,52,45,0.6090225563909775,0.47674418604651164,122
2023-02-20,1077,133,79,88,31,54,57,0.5939849624060151,0.3522727272727273,110
2023-02-21,1077,135,71,56,33,64,23,0.5259259259259259,0.5892857142857143,104
2023-02-22,1077,100,93,50,36,7,14,0.93,0.72,129
2023-02-23,1077,135,67,93,40,68,53,0.4962962962962963,0.43010752688172044,107
2023-02-24,1077,107,64,94,36,43,58,0.5981308411214953,0.3829787234042553,100
2023-02-25,1077,122,89,83,42,33,41,0.7295081967213115,0.5060240963855421,131
2023-02-26,1077,102,60,62,41,42,21,0.5882352941176471,0.6612903225806451,101
2023-02-27,1077,144,107,67,40,37,27,0.7430555555555556,0.5970149253731343,147
2023-02-28,1077,134,83,86,51,51,35,0.6194029850746269,0.5930232558139535,134
2023-03-01,1077,110,84,96,32,26,64,0.7636363636363637,0.3333333333333333,116
2023-03-02,1077,109,93,75,54,16,21,0.8532110091743119,0.72,147
2023-03-03,1077,142,73,50,46,69,4,0.5140845070422535,0.92,119
2023-03-04,1077,129,61,96,39,68,57,0.4728682170542636,0.40625,100
2023-03-05,1077,116,96,90,43,20,47,0.8275862068965517,0.4777777777777778,139
2023-03-06,1077,104,70,94,36,34,58,0.6730769230769231,0.3829787234042553,106
2023-03-07,1077,108,80,85,45,28,40,0.7407407407407407,0.5294117647058824,125
2023-03-08,1077,122,77,91,36,45,55,0.6311475409836066,0.3956043956043956,113
2023-03-09,1077,102,89,53,45,13,8,0.8725490196078431,0.8490566037735849,134
2023-03-10,1077,139,78,82,35,61,47,0.5611510791366906,0.4268292682926829,113
2023-03-11,1077,115,87,61,38,28,23,0.7565217391304347,0.6229508196721312,125
2023-03-12,1077,118,82,97,42,36,55,0.6949152542372882,0.4329896907216495,124
2023-03-13,1077,113,81,54,45,32,9,0.7168141592920354,0.8333333333333334,126
2023-03-14,1077,143,76,63,41,67,22,0.5314685314685315,0.6507936507936508,117
2023-03-15,1077,144,75,67,39,69,28,0.5208333333333334,0.582089552238806,114
2023-03-16,1077,117,75,76,45,42,31,0.6410256410256411,0.5921052631578947,120
2023-03-17,1077,107,83,72,25,24,47,0.7757009345794392,0.3472222222222222,108
2023-03-18,1077,118,65,93,37,53,56,0.5508474576271186,0.3978494623655914,102
2023-03-19,1077,148,63,94,42,85,52,0.42567567567567566,0.44680851063829785,105
2023-03-20,1077,109,76,100,47,33,53,0.6972477064220184,0.47,123
2023-03-21,1077,145,90,100,49,55,51,0.6206896551724138,0.49,139
2023-03-22,1077,114,86,86,36,28,50,0.7543859649122807,0.4186046511627907,122
2023-03-23,1077,126,92,52,35,34,17,0.7301587301587301,0.6730769230769231,127
2023-03-24,1077,140,86,69,39,54,30,0.6142857142857143,0.5652173913043478,125
2023-03-25,1077,145,78,65,37,67,28,0.5379310344827586,0.5692307692307692,115
2023-03-26,1077,125,98,100,54,27,46,0.784,0.54,152
2023-03-27,1077,115,81,86,50,34,36,0.7043478260869566,0.5813953488372093,131
2023-03-28,1077,146,91,96,35,55,61,0.6232876712328768,0.3645833333333333,126
2023-03-29,1077,146,79,68,30,67,38,0.541095890410959,0.4411764705882353,109
2023-03-30,1077,105,77,63,44,28,19,0.7333333333333333,0.6984126984126984,121
2023-03-31,1077,106,83,72,40,23,32,0.78301886792452835,0.5555555555555556,123
2023-04-01,1077,129,82,63,33,47,30,0.6356589147286822,0.5238095238095238,115
2023-04-02,1077,110,73,69,41,37,28,0.6636363636363637,0.5942028985507246,114
2023-04-03,1077,129,74,73,35,55,38,0.5736434108527132,0.4794520547945205,109
2023-04-04,1077,125,67,84,54,58,30,0.536,0.6428571428571429,121
2023-04-05,1077,109,83,70,35,26,35,0.7614678899082569,0.5,118
2023-04-06,1077,145,85,58,33,60,25,0.5862068965517241,0.5689655172413793,118
2023-04-07,1077,102,65,85,40,37,45,0.6372549019607843,0.47058823529411764,105
2023-04-08,1077,133,76,66,38,57,28,0.5714285714285714,0.5757575757575758,114
2023-04-09,1077,149,82,89,48,67,41,0.5503355704697986,0.5393258426966292,130
2023-04-10,1077,132,76,75,48,56,27,0.5757575757575758,0.64,124
2023-04-11,1077,131,76,71,35,55,36,0.5801526717557252,0.49295774647887325,111
2023-04-12,1077,130,82,67,37,48,30,0.6307692307692307,0.5522388059701493,119
2023-04-13,1077,145,95,94,49,50,45,0.6551724137931034,0.5212765957446809,144
2023-04-14,1077,122,78,97,44,44,53,0.639344262295082,0.4536082474226804,122
2023-04-15,1077,133,76,59,41,57,18,0.5714285714285714,0.6949152542372882,117
2023-04-16,1077,127,85,90,36,42,54,0.6692913385826772,0.4,121
2023-04-17,1077,120,73,81,32,47,49,0.6083333333333333,0.3950617283950617,105
2023-04-18,1077,100,70,78,35,30,43,0.7,0.44871794871794873,105
2023-04-19,1077,133,71,52,39,62,13,0.5338345864661654,0.75,110
2023-04-20,1077,134,79,88,48,55,40,0.5895522388059702,0.5454545454545454,127
2023-04-21,1077,117,79,57,39,38,18,0.6752136752136753,0.6842105263157895,118
2023-04-22,1077,144,87,64,37,57,27,0.6041666666666666,0.578125,124
2023-04-23,1077,136,82,73,45,54,28,0.6029411764705882,0.6164383561643836,127
2023-04-24,1077,108,87,99,40,21,59,0.8055555555555556,0.40404040404040403,127
2023-04-25,1077,144,66,80,49,78,31,0.4583333333333333,0.6125,115
2023-04-26,1077,130,76,87,38,54,49,0.5846153846153846,0.4367816091954023,114
2023-04-27,1077,120,70,78,38,50,40,0.5833333333333334,0.48717948717948717,108
2023-04-28,1077,102,69,66,39,33,27,0.6764705882352942,0.5909090909090909,108
2023-04-29,1077,106,78,96,27,28,69,0.7358490566037735,0.28125,105
2023-04-30,1077,111,88,68,39,23,29,0.7927927927927928,0.5735294117647058,127
2023-05-01,1077,117,86,74,47,31,27,0.7350427350427351,0.6351351351351351,133
2023-05-02,1077,115,79,71,36,36,35,0.6869565217391305,0.5070422535211268,115
2023-05-03,1077,131,83,65,36,48,29,0.6335877862595419,0.5538461538461539,119
2023-05-04,1077,147,90,83,39,57,44,0.6122448979591837,0.46987951807228917,129
2023-05-05,1077,110,80,77,29,30,48,0.7272727272727273,0.37662337662337664,109
2023-05-06,1077,137,62,77,43,75,34,0.45255474452554745,0.5584415584415584,105
2023-05-07,1077,130,98,86,49,32,37,0.7538461538461538,0.5697674418604651,147
2023-05-08,1077,123,91,84,52,32,32,0.7398373983739838,0.6190476190476191,143
2023-05-09,1077,125,74,90,22,51,68,0.592,0.24444444444444444,96
2023-05-10,1077,132,64,97,32,68,65,0.48484848484848486,0.32989690721649484,96
2023-05-11,1077,139,91,62,39,48,23,0.6546762589928058,0.6290322580645161,130
2023-05-12,1077,102,70,75,40,32,35,0.6862745098039216,0.5333333333333333,110
2023-05-13,1077,146,80,53,43,66,10,0.547945205479452,0.8113207547169812,123
2023-05-14,1077,135,81,88,39,54,49,0.6,0.4431818181818182,120
2023-05-15,1077,112,77,69,46,35,23,0.6875,0.6666666666666666,123
2023-05-16,1077,148,55,67,39,93,28,0.3716216216216216,0.582089552238806,94
2023-05-17,1077,105,84,92,40,21,52,0.8,0.43478260869565216,124
2023-05-18,1077,101,67,83,42,34,41,0.6633663366336634,0.5060240963855421,109
2023-05-19,1077,137,94,53,52,43,1,0.6861313868613139,0.9811320754716981,146
2023-05-20,1077,117,88,53,43,29,10,0.7521367521367521,0.8113207547169812,131
2023-05-21,1077,126,77,59,34,49,25,0.6111111111111112,0.576271186440678,111
2023-05-22,1077,132,78,56,36,54,20,0.5909090909090909,0.6428571428571429,114
2023-05-23,1077,111,77,73,32,34,41,0.6936936936936937,0.4383561643835616,109
2023-05-24,1077,142,73,72,43,69,29,0.5140845070422535,0.5972222222222222,116
2023-05-25,1077,110,93,64,39,17,25,0.8454545454545455,0.609375,132
2023-05-26,1077,131,79,66,33,52,33,0.6030534351145038,0.5,112
2023-05-27,1077,130,76,79,37,54,42,0.5846153846153846,0.46835443037974683,113
2023-05-28,1077,135,91,86,48,44,38,0.674074074074074,0.5581395348837209,139
2023-05-29,1077,110,84,69,36,26,33,0.7636363636363637,0.5217391304347826,120
2023-05-30,1077,140,75,68,38,65,30,0.5357142857142857,0.5588235294117647,113
2023-05-31,1077,143,71,87,41,72,46,0.4965034965034965,0.47126436781609193,112
2023-06-01,1077,102,80,99,40,22,59,0.7843137254901961,0.40404040404040403,120
2023-06-02,1077,139,82,71,38,57,33,0.5899280575539568,0.5352112676056338,120
2023-06-03,1077,140,85,50,40,55,10,0.6071428571428571,0.8,125
2023-06-04,1077,117,80,93,39,37,54,0.6837606837606838,0.41935483870967744,119
2023-06-05,1077,110,90,65,37,20,28,0.8181818181818182,0.5692307692307692,127
2023-06-06,1077,140,79,92,45,61,47,0.5642857142857143,0.4891304347826087,124
2023-06-07,1077,105,70,95,50,35,45,0.6666666666666666,0.5263157894736842,120
2023-06-08,1077,143,96,65,35,47,30,0.6713286713286714,0.5384615384615384,131
2023-06-09,1077,129,71,89,38,58,51,0.5503875968992248,0.42696629213483145,109
2023-06-10,1077,138,81,84,45,57,39,0.5869565217391305,0.5357142857142857,126
2023-06-11,1077,107,77,83,42,30,41,0.719626168224299,0.5060240963855421,119
2023-06-12,1077,139,70,77,45,69,32,0.5035971223021583,0.5844155844155844,115
2023-06-13,1077,103,79,51,35,24,16,0.7669902912621359,0.6862745098039216,114
2023-06-14,1077,124,94,92,43,30,49,0.7580645161290323,0.4673913043478261,137
2023-06-15,1077,147,76,63,33,71,30,0.5170068027210885,0.5238095238095238,109
2023-06-16,1077,116,69,99,38,47,61,0.5948275862068966,0.3838383838383838,107
2023-06-17,1077,100,93,78,34,7,44,0.93,0.4358974358974359,127
2023-06-18,1077,145,91,76,30,54,46,0.6275862068965518,0.39473684210526316,121
2023-06-19,1077,114,69,98,39,45,59,0.6052631578947368,0.3979591836734694,108
2023-06-20,1077,129,83,73,36,46,37,0.6434108527131783,0.4931506849315068,119
2023-06-21,1077,131,92,74,33,39,41,0.7022900763358778,0.44594594594594594,125
2023-06-22,1077,143,87,86,34,56,52,0.6083916083916084,0.3953488372093023,121
2023-06-23,1077,103,68,94,42,35,52,0.6601941747572816,0.44680851063829785,110
2023-06-24,1077,108,98,81,43,10,38,0.9074074074074074,0.5308641975308642,141
2023-06-25,1077,149,77,68,28,72,40,0.5167785234899329,0.4117647058823529,105
2023-06-26,1077,140,76,70,38,64,32,0.5428571428571428,0.5428571428571428,114
2023-06-27,1077,101,86,88,48,15,40,0.8514851485148515,0.5454545454545454,134
2023-06-28,1077,100,80,79,39,20,40,0.8,0.4936708860759494,119
2023-06-29,1077,133,76,96,49,57,47,0.5714285714285714,0.5104166666666666,125
2023-06-30,1077,150,83,50,28,67,22,0.5533333333333333,0.56,111
2023-07-01,1077,125,67,88,34,58,54,0.536,0.38636363636363635,101
2023-07-02,1077,135,69,67,37,66,30,0.5111111111111111,0.5522388059701493,106
2023-07-03,1077,128,83,72,41,45,31,0.6484375,0.5694444444444444,124
2023-07-04,1077,146,73,82,37,73,45,0.5,0.45121951219512196,110
2023-07-05,1077,149,66,98,48,83,50,0.4429530201342282,0.4897959183673469,114
2023-07-06,1077,117,71,91,39,46,52,0.6068376068376068,0.42857142857142855,110
2023-07-07,1077,106,81,83,43,25,40,0.7641509433962265,0.5180722891566265,124
2023-07-08,1077,103,61,95,31,42,64,0.5922330097087378,0.3263157894736842,92
2023-07-09,1077,107,70,80,45,37,35,0.6542056074766355,0.5625,115
2023-07-10,1077,125,75,61,40,50,21,0.6,0.6557377049180327,115
2023-07-11,1077,147,83,69,47,64,22,0.564625850340136,0.6811594202898551,130
2023-07-12,1077,126,90,82,37,36,45,0.7142857142857143,0.45121951219512196,127
2023-07-13,1077,135,75,83,27,60,56,0.5555555555555556,0.3253012048192771,102
2023-07-14,1077,115,81,85,38,34,47,0.7043478260869566,0.4470588235294118,119
2023-07-15,1077,121,84,97,46,37,51,0.6942148760330579,0.4742268041237113,130
2023-07-16,1077,101,82,57,44,19,13,0.8118811881188119,0.7719298245614035,126
2023-07-17,1077,107,72,88,39,35,49,0.6728971962616822,0.4431818181818182,111
2023-07-18,1077,106,74,90,27,32,63,0.6981132075471698,0.3,101
2023-07-19,1077,148,82,57,36,66,21,0.5540540540540541,0.631578947368421,118
2023-07-20,1077,130,80,74,38,50,36,0.6153846153846154,0.5135135135135135,118
2023-07-21,1077,139,91,53,37,48,16,0.6546762589928058,0.6981132075471698,128
2023-07-22,1077,104,98,55,50,6,5,0.9423076923076923,0.9090909090909091,148
2023-07-23,1077,115,91,77,33,24,44,0.7913043478260869,0.42857142857142855,124
2023-07-24,1077,126,72,75,45,54,30,0.5714285714285714,0.6,117
2023-07-25,1077,111,80,82,36,31,46,0.7207207207207207,0.43902439024390244,116
2023-07-26,1077,132,85,58,46,47,12,0.6439393939393939,0.7931034482758621,131
2023-07-27,1077,115,100,76,35,15,41,0.8695652173913043,0.4605263157894737,135
2023-07-28,1077,141,79,96,34,62,62,0.5602836879432624,0.3541666666666667,113
2023-07-29,1077,126,66,58,37,60,21,0.5238095238095238,0.6379310344827587,103
2023-07-30,1077,114,69,94,29,45,65,0.6052631578947368,0.30851063829787234,98
2023-07-31,1077,109,85,87,36,24,51,0.7798165137614679,0.41379310344827586,121
2023-08-01,1077,141,98,69,49,43,20,0.6950354609929078,0.7101449275362319,147
2023-08-02,1077,128,72,90,56,56,34,0.5625,0.6222222222222222,128
2023-08-03,1077,118,72,65,54,46,11,0.6101694915254238,0.8307692307692308,126
2023-08-04,1077,126,86,83,36,40,47,0.6825396825396826,0.43373493975903615,122
2023-08-05,1077,137,80,84,42,57,42,0.583941605839416,0.5,122
2023-08-06,1077,137,88,92,32,49,60,0.6423357664233577,0.34782608695652173,120
2023-08-07,1077,148,106,95,42,42,53,0.7162162162162162,0.4421052631578947,148
2023-08-08,1077,120,101,64,49,19,15,0.8416666666666667,0.765625,150
2023-08-09,1077,103,81,63,36,22,27,0.7864077669902912,0.5714285714285714,117
2023-08-10,1077,142,73,87,45,69,42,0.5140845070422535,0.5172413793103449,118
2023-08-11,1077,116,63,82,38,53,44,0.5431034482758621,0.4634146341463415,101
2023-08-12,1077,120,76,53,34,44,19,0.6333333333333333,0.6415094339622641,110
2023-08-13,1077,129,82,70,30,47,40,0.6356589147286822,0.42857142857142855,112
2023-08-14,1077,104,96,50,50,8,0,0.9230769230769231,1,146
2023-08-15,1077,112,95,81,38,17,43,0.8482142857142857,0.4691358024691358,133
2023-08-16,1077,150,83,52,33,67,19,0.5533333333333333,0.6346153846153846,116
2023-08-17,1077,104,90,68,39,14,29,0.8653846153846154,0.5735294117647058,129
2023-08-18,1077,108,85,72,43,23,29,0.7870370370370371,0.5972222222222222,128
2023-08-19,1077,137,98,61,38,39,23,0.7153284671532847,0.6229508196721312,136
2023-08-20,1077,127,64,86,42,63,44,0.5039370078740157,0.4883720930232558,106
2023-08-21,1077,126,80,68,47,46,21,0.6349206349206349,0.6911764705882353,127
2023-08-22,1077,117,72,56,33,45,23,0.6153846153846154,0.5892857142857143,105
2023-08-23,1077,148,96,65,34,52,31,0.6486486486486487,0.5230769230769231,130
2023-08-24,1077,125,93,71,44,32,27,0.744,0.6197183098591549,137
2023-08-25,1077,124,82,85,25,42,60,0.6612903225806451,0.29411764705882354,107
2023-08-26,1077,104,78,81,39,26,42,0.75,0.48148148148148145,117
2023-08-27,1077,133,78,88,41,55,47,0.5864661654135338,0.4659090909090909,119
2023-08-28,1077,108,87,80,38,21,42,0.8055555555555556,0.475,125
2023-08-29,1077,110,73,50,38,37,12,0.6636363636363637,0.76,111
2023-08-30,1077,101,82,55,38,19,17,0.8118811881188119,0.6909090909090909,120
2023-08-31,1077,101,77,91,47,24,44,0.7623762376237624,0.5164835164835165,124
2023-09-01,1077,117,66,75,47,51,28,0.5641025641025641,0.6266666666666667,113
2023-09-02,1077,104,82,59,42,22,17,0.7884615384615384,0.711864406779661,124
2023-09-03,1077,137,79,85,41,58,44,0.5766423357664233,0.4823529411764706,120
2023-09-04,1077,112,61,65,44,51,21,0.5446428571428571,0.676923076923077,105
2023-09-05,1077,143,71,67,42,72,25,0.4965034965034965,0.6268656716417911,113
2023-09-06,1077,137,82,96,37,55,59,0.5985401459854015,0.3854166666666667,119
2023-09-07,1077,131,81,75,45,50,30,0.6183206106870229,0.6,126
2023-09-08,1077,135,97,69,35,38,34,0.7185185185185186,0.5072463768115942,132
2023-09-09,1077,123,83,72,46,40,26,0.6747967479674797,0.6388888888888888,129
2023-09-10,1077,117,66,51,34,51,17,0.5641025641025641,0.6666666666666666,100
2023-09-11,1077,100,95,93,44,5,49,0.95,0.4731182795698925,139
2023-09-12,1077,104,79,57,34,25,23,0.7596153846153846,0.5964912280701754,113
2023-09-13,1077,111,95,71,39,16,32,0.8558558558558559,0.5492957746478874,134
2023-09-14,1077,106,81,81,30,25,51,0.7641509433962265,0.37037037037037035,111
2023-09-15,1077,125,68,72,40,57,32,0.544,0.5555555555555556,108
2023-09-16,1077,105,63,93,41,42,52,0.6,0.44086021505376344,104
2023-09-17,1077,139,93,73,37,46,36,0.6690647482014388,0.5068493150684932,130
2023-09-18,1077,127,100,96,38,27,58,0.7874015748031497,0.3958333333333333,138
2023-09-19,1077,142,78,53,42,64,11,0.5492957746478874,0.7924528301886793,120
2023-09-20,1077,129,92,66,40,37,26,0.7131782945736435,0.6060606060606061,132
2023-09-21,1077,118,77,60,43,41,17,0.652542372881356,0.7166666666666667,120
2023-09-22,1077,101,75,59,45,26,14,0.7425742574257426,0.7627118644067796,120
2023-09-23,1077,139,74,53,44,65,9,0.5323741007194245,0.8301886792452831,118
2023-09-24,1077,109,83,89,37,26,52,0.7614678899082569,0.4157303370786517,120
2023-09-25,1077,111,75,79,43,36,36,0.6756756756756757,0.5443037974683544,118
2023-09-26,1077,137,84,76,34,53,42,0.6131386861313869,0.4473684210526316,118
2023-09-27,1077,116,81,77,33,35,44,0.6982758620689655,0.42857142857142855,114
2023-09-28,1077,130,72,50,34,58,16,0.5538461538461539,0.68,106
2023-09-29,1077,128,80,55,42,48,13,0.625,0.7636363636363637,122
2023-09-30,1077,132,70,82,28,62,54,0.5303030303030303,0.34146341463414637,98
2023-10-01,1077,133,90,90,44,43,46,0.6766917293233082,0.4888888888888889,134
2023-10-02,1077,138,91,80,51,47,29,0.6594202898550725,0.6375,142
2023-10-03,1077,104,76,68,38,28,30,0.7307692307692307,0.5588235294117647,114
2023-10-04,1077,135,64,83,35,71,48,0.4740740740740741,0.42168674698795183,99
2023-10-05,1077,139,78,51,43,61,8,0.5611510791366906,0.8431372549019608,121
2023-10-06,1077,142,74,80,42,68,38,0.5211267605633803,0.525,116
2023-10-07,1077,101,84,62,28,17,34,0.8316831683168316,0.45161290322580644,112
2023-10-08,1077,104,73,89,47,31,42,0.7019230769230769,0.5280898876404494,120
2023-10-09,1077,100,90,61,39,10,22,0.9,0.639344262295082,129
2023-10-10,1077,105,91,93,30,14,63,0.8666666666666667,0.3225806451612903,121
2023-10-11,1077,107,85,63,31,22,32,0.794392523364486,0.49206349206349204,116
2023-10-12,1077,117,60,57,31,57,26,0.5128205128205128,0.543859649122807,91
2023-10-13,1077,115,80,96,37,35,59,0.6956521739130435,0.3854166666666667,117
2023-10-14,1077,116,84,91,38,32,53,0.7241379310344828,0.4175824175824176,122
2023-10-15,1077,108,65,94,50,43,44,0.6018518518518519,0.5319148936170213,115
2023-10-16,1077,137,88,88,39,49,49,0.6423357664233577,0.4431818181818182,127
2023-10-17,1077,119,81,98,35,38,63,0.680672268907563,0.35714285714285715,116
2023-10-18,1077,100,98,66,37,2,29,0.98,0.5606060606060606,135
2023-10-19,1077,108,81,63,37,27,26,0.75,0.5873015873015873,118
2023-10-20,1077,119,87,79,34,32,45,0.7310924369747899,0.43037974683544306,121
2023-10-21,1077,149,91,92,38,58,54,0.610738255033557,0.41304347826086957,129
2023-10-22,1077,100,83,52,38,17,14,0.83,0.7307692307692307,121
2023-10-23,1077,148,92,70,32,56,38,0.6216216216216216,0.45714285714285713,124
2023-10-24,1077,137,74,61,43,63,18,0.5401459854014599,0.7049180327868853,117
2023-10-25,1077,113,82,55,46,31,9,0.7256637168141593,0.8363636363636363,128
2023-10-26,1077,108,85,64,46,23,18,0.7870370370370371,0.71875,131
2023-10-27,1077,101,93,86,54,8,32,0.9207920792079208,0.627906976744186,147
2023-10-28,1077,126,85,64,48,41,16,0.6746031746031746,0.75,133
2023-10-29,1077,115,83,52,44,32,8,0.7217391304347827,0.8461538461538461,127
2023-10-30,1077,120,97,78,39,23,39,0.8083333333333333,0.5,136
2023-10-31,1077,112,91,93,35,21,58,0.8125,0.3763440860215054,126
2023-11-01,1077,128,89,81,35,39,46,0.6953125,0.43209876543209874,124
2023-11-02,1077,103,93,98,39,10,59,0.9029126213592233,0.3979591836734694,132
2023-11-03,1077,115,87,81,32,28,49,0.7565217391304347,0.3950617283950617,119
2023-11-04,1077,116,90,65,40,26,25,0.7758620689655172,0.6153846153846154,130
2023-11-05,1077,140,86,98,37,54,61,0.6142857142857143,0.37755102040816324,123
2023-11-06,1077,117,97,59,41,20,18,0.8290598290598291,0.6949152542372882,138
2023-11-07,1077,115,79,58,38,36,20,0.6869565217391305,0.6551724137931034,117
2023-11-08,1077,105,83,60,45,22,15,0.7904761904761904,0.75,128
2023-11-09,1077,136,91,74,38,45,36,0.6691176470588235,0.5135135135135135,129
2023-11-10,1077,102,73,67,33,29,34,0.7156862745098039,0.4925373134328358,106
2023-11-11,1077,109,74,89,29,35,60,0.6788990825688074,0.3258426966292135,103
2023-11-12,1077,115,79,100,41,36,59,0.6869565217391305,0.41,120
2023-11-13,1077,122,73,71,33,49,38,0.5983606557377049,0.4647887323943662,106
2023-11-14,1077,107,78,84,46,29,38,0.7289719626168224,0.5476190476190477,124
2023-11-15,1077,136,85,61,33,51,28,0.625,0.5409836065573771,118
2023-11-16,1077,129,71,85,36,58,49,0.5503875968992248,0.4235294117647059,107
2023-11-17,1077,145,68,64,28,77,36,0.4689655172413793,0.4375,96
2023-11-18,1077,111,66,93,41,45,52,0.5945945945945946,0.44086021505376344,107
2023-11-19,1077,133,91,51,41,42,10,0.6842105263157895,0.803921568627451,132
2023-11-20,1077,121,77,57,41,44,16,0.6363636363636364,0.7192982456140351,118
2023-11-21,1077,109,74,55,44,35,11,0.6788990825688074,0.8,118
2023-11-22,1077,104,68,54,44,36,10,0.6538461538461539,0.8148148148148148,112
2023-11-23,1077,102,73,73,32,29,41,0.7156862745098039,0.4383561643835616,105
2023-11-24,1077,122,81,58,38,41,20,0.6639344262295082,0.6551724137931034,119
2023-11-25,1077,116,93,65,32,23,33,0.8017241379310345,0.49230769230769234,125
2023-11-26,1077,128,96,53,49,32,4,0.75,0.9245283018867925,145
2023-11-27,1077,102,93,64,39,9,25,0.9117647058823529,0.609375,132
2023-11-28,1077,136,75,82,33,61,49,0.5514705882352942,0.4024390243902439,108
2023-11-29,1077,123,86,69,33,37,36,0.6991869918699187,0.4782608695652174,119
2023-11-30,1077,143,84,84,48,59,36,0.5874125874125874,0.5714285714285714,132
2023-12-01,1077,128,82,83,30,46,53,0.640625,0.3614457831325301,112
2023-12-02,1077,120,76,59,48,44,11,0.6333333333333333,0.8135593220338984,124
2023-12-03,1077,146,79,91,40,67,51,0.541095890410959,0.43956043956043955,119
2023-12-04,1077,127,78,53,29,49,24,0.6141732283464567,0.5471698113207547,107
2023-12-05,1077,122,75,89,24,47,65,0.6147540983606558,0.2696629213483146,99
2023-12-06,1077,100,83,66,45,17,21,0.83,0.6818181818181818,128
2023-12-07,1077,123,91,54,38,32,16,0.7398373983739838,0.7037037037037037,129
2023-12-08,1077,149,81,82,31,68,51,0.5436241610738255,0.3780487804878049,112
2023-12-09,1077,129,77,75,32,52,43,0.5968992248062015,0.4266666666666667,109
2023-12-10,1077,150,81,84,47,69,37,0.54,0.5595238095238095,128
2023-12-11,1077,101,87,83,44,14,39,0.8613861386138614,0.5301204819277109,131
2023-12-12,1077,146,90,75,42,56,33,0.6164383561643836,0.56,132
2023-12-13,1077,117,79,66,48,38,18,0.6752136752136753,0.7272727272727273,127
2023-12-14,1077,113,80,96,38,33,58,0.7079646017699115,0.3958333333333333,118
2023-12-15,1077,128,72,89,29,56,60,0.5625,0.3258426966292135,101
2023-12-16,1077,112,74,75,47,38,28,0.6607142857142857,0.6266666666666667,121
2023-12-17,1077,144,93,59,37,51,22,0.6458333333333334,0.6271186440677966,130
2023-12-18,1077,100,69,68,49,31,19,0.69,0.7205882352941176,118
2023-12-19,1077,120,81,100,30,39,70,0.675,0.3,111
2023-12-20,1077,117,87,59,34,30,25,0.7435897435897436,0.576271186440678,121
2023-12-21,1077,100,80,62,49,20,13,0.8,0.7903225806451613,129
2023-12-22,1077,118,78,87,34,40,53,0.6610169491525424,0.39080459770114945,112
2023-12-23,1077,144,83,67,40,61,27,0.5763888888888888,0.5970149253731343,123
2023-12-24,1077,130,84,61,38,46,23,0.6461538461538462,0.6229508196721312,122
2023-12-25,1077,102,82,83,37,20,46,0.803921568627451,0.4457831325301205,119
2023-12-26,1077,124,69,79,41,55,38,0.5564516129032258,0.5189873417721519,110
2023-12-27,1077,102,58,92,33,44,59,0.5686274509803921,0.358695652173913,91
2023-12-28,1077,120,89,80,38,31,42,0.7416666666666667,0.475,127
2023-12-29,1077,142,90,64,37,52,27,0.6338028169014085,0.578125,127
2023-12-30,1077,121,81,51,42,40,9,0.6694214876033058,0.8235294117647058,123
2023-12-31,1077,106,84,56,37,22,19,0.7924528301886793,0.6607142857142857,121
2023-01-01,1078,131,83,84,29,48,55,0.6335877862595419,0.34523809523809523,112
2023-01-02,1078,119,73,55,44,46,11,0.6134453781512605,0.8,117
2023-01-03,1078,130,89,60,40,41,20,0.6846153846153846,0.6666666666666666,129
2023-01-04,1078,137,78,51,35,59,16,0.5693430656934306,0.6862745098039216,113
2023-01-05,1078,134,75,93,33,59,60,0.5597014925373134,0.3548387096774194,108
2023-01-06,1078,139,68,66,41,71,25,0.4892086330935252,0.6212121212121212,109
2023-01-07,1078,100,80,68,36,20,32,0.8,0.5294117647058824,116
2023-01-08,1078,105,86,67,32,19,35,0.819047619047619,0.47761194029850745,118
2023-01-09,1078,103,88,62,36,15,26,0.8543689320388349,0.5806451612903226,124
2023-01-10,1078,149,78,89,42,71,47,0.5234899328859061,0.47191011235955055,120
2023-01-11,1078,132,79,62,53,53,9,0.5984848484848485,0.8548387096774194,132
2023-01-12,1078,109,92,97,31,17,66,0.8440366972477065,0.31958762886597936,123
2023-01-13,1078,148,65,92,48,83,44,0.4391891891891892,0.5217391304347826,113
2023-01-14,1078,143,71,65,32,72,33,0.4965034965034965,0.49230769230769234,103
2023-01-15,1078,139,67,91,49,72,42,0.48201438848920863,0.5384615384615384,116
2023-01-16,1078,107,64,83,42,43,41,0.5981308411214953,0.5060240963855421,106
2023-01-17,1078,130,94,50,47,36,3,0.7230769230769231,0.94,141
2023-01-18,1078,130,83,57,39,47,18,0.6384615384615384,0.6842105263157895,122
2023-01-19,1078,137,81,100,49,56,51,0.5912408759124088,0.49,130
2023-01-20,1078,103,91,79,36,12,43,0.883495145631068,0.45569620253164556,127
2023-01-21,1078,131,96,66,35,35,31,0.732824427480916,0.5303030303030303,131
2023-01-22,1078,125,97,100,45,28,55,0.776,0.45,142
2023-01-23,1078,136,85,90,35,51,55,0.625,0.3888888888888889,120
2023-01-24,1078,101,72,86,49,29,37,0.7128712871287128,0.5697674418604651,121
2023-01-25,1078,129,106,53,46,23,7,0.8217054263565892,0.8679245283018868,152
2023-01-26,1078,134,86,52,43,48,9,0.6417910447761194,0.8269230769230769,129
2023-01-27,1078,150,68,88,42,82,46,0.4533333333333333,0.4772727272727273,110
2023-01-28,1078,136,79,65,36,57,29,0.5808823529411765,0.5538461538461539,115
2023-01-29,1078,101,74,82,33,27,49,0.7326732673267327,0.4024390243902439,107
2023-01-30,1078,115,85,88,38,30,50,0.7391304347826086,0.4318181818181818,123
2023-01-31,1078,125,94,81,37,31,44,0.752,0.4567901234567901,131
2023-02-01,1078,145,72,57,37,73,20,0.496551724137931,0.6491228070175439,109
2023-02-02,1078,106,82,65,46,24,19,0.7735849056603774,0.7076923076923077,128
2023-02-03,1078,143,98,71,37,45,34,0.6853146853146853,0.5211267605633803,135
2023-02-04,1078,143,96,75,36,47,39,0.6713286713286714,0.48,132
2023-02-05,1078,132,77,76,41,55,35,0.5833333333333334,0.5394736842105263,118
2023-02-06,1078,137,84,86,38,53,48,0.6131386861313869,0.4418604651162791,122
2023-02-07,1078,140,79,88,41,61,47,0.5642857142857143,0.4659090909090909,120
2023-02-08,1078,131,97,70,33,34,37,0.7404580152671756,0.4714285714285714,130
2023-02-09,1078,121,86,67,39,35,28,0.7107438016528925,0.582089552238806,125
2023-02-10,1078,101,78,77,47,23,30,0.7722772277227723,0.6103896103896104,125
2023-02-11,1078,147,86,79,44,61,35,0.5850340136054422,0.5569620253164557,130
2023-02-12,1078,136,85,65,50,51,15,0.625,0.7692307692307693,135
2023-02-13,1078,150,86,59,47,64,12,0.5733333333333334,0.7966101694915254,133
2023-02-14,1078,125,84,69,38,41,31,0.672,0.5507246376811594,122
2023-02-15,1078,101,97,56,47,4,9,0.9603960396039604,0.8392857142857143,144
2023-02-16,1078,112,80,69,34,32,35,0.7142857142857143,0.4927536231884058,114
2023-02-17,1078,146,76,67,38,70,29,0.5205479452054794,0.5671641791044776,114
2023-02-18,1078,125,67,76,37,58,39,0.536,0.4868421052631579,104
2023-02-19,1078,125,73,64,32,52,32,0.584,0.5,105
2023-02-20,1078,146,75,59,40,71,19,0.5136986301369864,0.6779661016949152,115
2023-02-21,1078,124,87,65,31,37,34,0.7016129032258065,0.47692307692307695,118
2023-02-22,1078,118,84,55,29,34,26,0.711864406779661,0.5272727272727272,113
2023-02-23,1078,147,86,92,49,61,43,0.5850340136054422,0.532608695652174,135
2023-02-24,1078,116,69,87,36,47,51,0.5948275862068966,0.41379310344827586,105
2023-02-25,1078,130,75,66,46,55,20,0.5769230769230769,0.696969696969697,121
2023-02-26,1078,121,66,98,44,55,54,0.5454545454545454,0.4489795918367347,110
2023-02-27,1078,149,90,77,42,59,35,0.6040268456375839,0.5454545454545454,132
2023-02-28,1078,114,80,84,34,34,50,0.7017543859649122,0.40476190476190477,114
2023-03-01,1078,117,80,80,34,37,46,0.6837606837606838,0.425,114
2023-03-02,1078,134,90,85,35,44,50,0.6716417910447762,0.4117647058823529,125
2023-03-03,1078,102,82,75,46,20,29,0.803921568627451,0.6133333333333333,128
2023-03-04,1078,114,80,75,37,34,38,0.7017543859649122,0.49333333333333335,117
2023-03-05,1078,124,83,84,49,41,35,0.6693548387096774,0.5833333333333334,132
2023-03-06,1078,135,73,74,36,62,38,0.5407407407407407,0.4864864864864865,109
2023-03-07,1078,147,81,57,41,66,16,0.5510204081632653,0.7192982456140351,122
2023-03-08,1078,137,89,82,37,48,45,0.6496350364963503,0.45121951219512196,126
2023-03-09,1078,141,68,58,38,73,20,0.48226950354609927,0.6551724137931034,106
2023-03-10,1078,124,70,51,51,54,0,0.5645161290322581,1,121
2023-03-11,1078,128,75,80,42,53,38,0.5859375,0.525,117
2023-03-12,1078,136,70,55,47,66,8,0.5147058823529411,0.8545454545454545,117
2023-03-13,1078,110,71,87,34,39,53,0.6454545454545455,0.39080459770114945,105
2023-03-14,1078,116,89,60,41,27,19,0.7672413793103449,0.6833333333333333,130
2023-03-15,1078,126,93,88,37,33,51,0.7380952380952381,0.42045454545454547,130
2023-03-16,1078,111,83,83,34,28,49,0.7477477477477478,0.40963855421686746,117
2023-03-17,1078,143,85,76,46,58,30,0.5944055944055944,0.6052631578947368,131
2023-03-18,1078,129,65,64,26,64,38,0.5038759689922481,0.40625,91
2023-03-19,1078,113,97,70,35,16,35,0.8584070796460177,0.5,132
2023-03-20,1078,118,76,56,32,42,24,0.6440677966101694,0.5714285714285714,108
2023-03-21,1078,112,86,60,38,26,22,0.7678571428571429,0.6333333333333333,124
2023-03-22,1078,140,82,77,32,58,45,0.5857142857142857,0.4155844155844156,114
2023-03-23,1078,131,83,75,38,48,37,0.6335877862595419,0.5066666666666667,121
2023-03-24,1078,124,74,66,39,50,27,0.5967741935483871,0.5909090909090909,113
2023-03-25,1078,131,86,88,30,45,58,0.6564885496183206,0.3409090909090909,116
2023-03-26,1078,106,86,88,46,20,42,0.8113207547169812,0.5227272727272727,132
2023-03-27,1078,131,94,54,40,37,14,0.7175572519083969,0.7407407407407407,134
2023-03-28,1078,147,83,90,35,64,55,0.564625850340136,0.3888888888888889,118
2023-03-29,1078,131,85,79,37,46,42,0.648854961832061,0.46835443037974683,122
2023-03-30,1078,131,79,87,28,52,59,0.6030534351145038,0.3218390804597701,107
2023-03-31,1078,135,59,64,42,76,22,0.43703703703703706,0.65625,101
2023-04-01,1078,134,81,61,41,53,20,0.6044776119402985,0.6721311475409836,122
2023-04-02,1078,115,76,67,54,39,13,0.6608695652173913,0.8059701492537313,130
2023-04-03,1078,128,72,82,45,56,37,0.5625,0.5487804878048781,117
2023-04-04,1078,133,64,55,47,69,8,0.48120300751879697,0.8545454545454545,111
2023-04-05,1078,103,74,50,37,29,13,0.7184466019417476,0.74,111
2023-04-06,1078,116,80,89,47,36,42,0.6896551724137931,0.5280898876404494,127
2023-04-07,1078,111,73,60,44,38,16,0.6576576576576577,0.7333333333333333,117
2023-04-08,1078,146,82,71,44,64,27,0.5616438356164384,0.6197183098591549,126
2023-04-09,1078,150,75,90,33,75,57,0.5,0.36666666666666664,108
2023-04-10,1078,123,74,88,44,49,44,0.6016260162601627,0.5,118
2023-04-11,1078,108,83,62,50,25,12,0.7685185185185185,0.8064516129032258,133
2023-04-12,1078,135,72,89,43,63,46,0.5333333333333333,0.48314606741573035,115
2023-04-13,1078,119,82,50,45,37,5,0.6890756302521008,0.9,127
2023-04-14,1078,101,87,58,32,14,26,0.8613861386138614,0.5517241379310345,119
2023-04-15,1078,105,76,82,31,29,51,0.7238095238095238,0.3780487804878049,107
2023-04-16,1078,119,100,85,31,19,54,0.8403361344537815,0.36470588235294116,131
2023-04-17,1078,124,85,79,40,39,39,0.6854838709677419,0.5063291139240507,125
2023-04-18,1078,110,74,69,43,36,26,0.6727272727272727,0.6231884057971014,117
2023-04-19,1078,132,95,97,27,37,70,0.7196969696969697,0.27835051546391754,122
2023-04-20,1078,147,77,51,41,70,10,0.5238095238095238,0.803921568627451,118
2023-04-21,1078,136,76,87,37,60,50,0.5588235294117647,0.42528735632183906,113
2023-04-22,1078,109,74,57,45,35,12,0.6788990825688074,0.7894736842105263,119
2023-04-23,1078,121,83,53,39,38,14,0.6859504132231405,0.7358490566037735,122
2023-04-24,1078,144,92,57,43,52,14,0.6388888888888888,0.7543859649122807,135
2023-04-25,1078,133,87,61,25,46,36,0.6541353383458647,0.4098360655737705,112
2023-04-26,1078,118,94,67,50,24,17,0.7966101694915254,0.746268656716418,144
2023-04-27,1078,111,69,65,42,42,23,0.6216216216216216,0.6461538461538462,111
2023-04-28,1078,122,83,61,41,39,20,0.680327868852459,0.6721311475409836,124
2023-04-29,1078,146,77,93,43,69,50,0.5273972602739726,0.46236559139784944,120
2023-04-30,1078,113,102,82,43,11,39,0.9026548672566371,0.524390243902439,145
2023-05-01,1078,105,69,59,37,36,22,0.6571428571428571,0.6271186440677966,106
2023-05-02,1078,107,73,59,33,34,26,0.6822429906542056,0.559322033898305,106
2023-05-03,1078,136,88,95,31,48,64,0.6470588235294118,0.3263157894736842,119
2023-05-04,1078,128,86,66,42,42,24,0.671875,0.6363636363636364,128
2023-05-05,1078,146,79,64,40,67,24,0.541095890410959,0.625,119
2023-05-06,1078,148,83,59,37,65,22,0.5608108108108109,0.6271186440677966,120
2023-05-07,1078,148,70,73,46,78,27,0.47297297297297297,0.6301369863013698,116
2023-05-08,1078,143,88,76,39,55,37,0.6153846153846154,0.5131578947368421,127
2023-05-09,1078,123,76,60,58,47,2,0.6178861788617886,0.9666666666666667,134
2023-05-10,1078,141,82,69,42,59,27,0.5815602836879432,0.6086956521739131,124
2023-05-11,1078,131,76,81,47,55,34,0.5801526717557252,0.5802469135802469,123
2023-05-12,1078,102,78,52,34,24,18,0.7647058823529411,0.6538461538461539,112
2023-05-13,1078,134,81,73,34,53,39,0.6044776119402985,0.4657534246575342,115
2023-05-14,1078,135,75,68,38,60,30,0.5555555555555556,0.5588235294117647,113
2023-05-15,1078,110,93,58,41,17,17,0.8454545454545455,0.7068965517241379,134
2023-05-16,1078,109,80,57,43,29,14,0.7339449541284404,0.7543859649122807,123
2023-05-17,1078,137,90,79,22,47,57,0.656934306569343,0.27848101265822783,112
2023-05-18,1078,135,61,74,41,74,33,0.45185185185185184,0.5540540540540541,102
2023-05-19,1078,106,72,67,44,34,23,0.6792452830188679,0.6567164179104478,116
2023-05-20,1078,102,83,87,51,19,36,0.8137254901960784,0.5862068965517241,134
2023-05-21,1078,121,76,76,40,45,36,0.628099173553719,0.5263157894736842,116
2023-05-22,1078,141,74,80,47,67,33,0.524822695035461,0.5875,121
2023-05-23,1078,104,91,91,49,13,42,0.875,0.5384615384615384,140
2023-05-24,1078,145,79,78,30,66,48,0.5448275862068965,0.38461538461538464,109
2023-05-25,1078,137,87,94,34,50,60,0.635036496350365,0.3617021276595745,121
2023-05-26,1078,115,89,60,46,26,14,0.7739130434782608,0.7666666666666667,135
2023-05-27,1078,142,97,98,46,45,52,0.6830985915492958,0.46938775510204084,143
2023-05-28,1078,133,92,87,39,41,48,0.6917293233082706,0.4482758620689655,131
2023-05-29,1078,105,82,93,41,23,52,0.780952380952381,0.44086021505376344,123
2023-05-30,1078,106,84,88,42,22,46,0.7924528301886793,0.4772727272727273,126
2023-05-31,1078,136,74,100,45,62,55,0.5441176470588235,0.45,119
2023-06-01,1078,132,84,78,38,48,40,0.6363636363636364,0.48717948717948717,122
2023-06-02,1078,131,91,82,48,40,34,0.6946564885496184,0.5853658536585366,139
2023-06-03,1078,105,79,63,25,26,38,0.7523809523809524,0.3968253968253968,104
2023-06-04,1078,130,80,75,32,50,43,0.6153846153846154,0.4266666666666667,112
2023-06-05,1078,122,73,50,45,49,5,0.5983606557377049,0.9,118
2023-06-06,1078,121,83,50,41,38,9,0.6859504132231405,0.82,124
2023-06-07,1078,132,87,58,47,45,11,0.6590909090909091,0.8103448275862069,134
2023-06-08,1078,109,88,65,39,21,26,0.8073394495412844,0.6,127
2023-06-09,1078,103,96,63,39,7,24,0.9320388349514563,0.6190476190476191,135
2023-06-10,1078,112,69,82,39,43,43,0.6160714285714286,0.47560975609756095,108
2023-06-11,1078,131,70,67,36,61,31,0.5343511450381679,0.5373134328358209,106
2023-06-12,1078,119,80,90,42,39,48,0.6722689075630253,0.4666666666666667,122
2023-06-13,1078,126,70,50,43,56,7,0.5555555555555556,0.86,113
2023-06-14,1078,123,74,86,34,49,52,0.6016260162601627,0.3953488372093023,108
2023-06-15,1078,149,76,62,45,73,17,0.5100671140939598,0.7258064516129032,121
2023-06-16,1078,119,71,77,49,48,28,0.5966386554621849,0.6363636363636364,120
2023-06-17,1078,138,84,100,40,54,60,0.6086956521739131,0.4,124
2023-06-18,1078,128,77,77,43,51,34,0.6015625,0.5584415584415584,120
2023-06-19,1078,116,90,87,38,26,49,0.7758620689655172,0.4367816091954023,128
2023-06-20,1078,103,70,88,46,33,42,0.6796116504854369,0.5227272727272727,116
2023-06-21,1078,110,84,88,42,26,46,0.7636363636363637,0.4772727272727273,126
2023-06-22,1078,107,90,82,49,17,33,0.8411214953271028,0.5975609756097561,139
2023-06-23,1078,115,71,74,35,44,39,0.6173913043478261,0.47297297297297297,106
2023-06-24,1078,128,81,76,42,47,34,0.6328125,0.5526315789473685,123
2023-06-25,1078,114,84,83,52,30,31,0.7368421052631579,0.6265060240963856,136
2023-06-26,1078,130,78,60,34,52,26,0.6,0.5666666666666667,112
2023-06-27,1078,119,74,69,34,45,35,0.6218487394957983,0.4927536231884058,108
2023-06-28,1078,110,93,55,36,17,19,0.8454545454545455,0.6545454545454545,129
2023-06-29,1078,142,72,65,39,70,26,0.5070422535211268,0.6,111
2023-06-30,1078,100,74,64,29,26,35,0.74,0.453125,103
2023-07-01,1078,130,94,73,37,36,36,0.7230769230769231,0.5068493150684932,131
2023-07-02,1078,136,76,63,36,60,27,0.5588235294117647,0.5714285714285714,112
2023-07-03,1078,147,90,76,45,57,31,0.6122448979591837,0.5921052631578947,135
2023-07-04,1078,131,70,53,36,61,17,0.5343511450381679,0.6792452830188679,106
2023-07-05,1078,136,87,93,45,49,48,0.6397058823529411,0.4838709677419355,132
2023-07-06,1078,112,78,91,34,34,57,0.6964285714285714,0.37362637362637363,112
2023-07-07,1078,113,89,68,35,24,33,0.7876106194690266,0.5147058823529411,124
2023-07-08,1078,125,78,51,44,47,7,0.624,0.8627450980392157,122
2023-07-09,1078,103,90,94,37,13,57,0.8737864077669902,0.39361702127659576,127
2023-07-10,1078,104,72,78,33,32,45,0.6923076923076923,0.4230769230769231,105
2023-07-11,1078,137,86,69,38,51,31,0.6277372262773723,0.5507246376811594,124
2023-07-12,1078,139,83,80,40,56,40,0.5971223021582733,0.5,123
2023-07-13,1078,115,78,60,44,37,16,0.6782608695652174,0.7333333333333333,122
2023-07-14,1078,127,78,70,36,49,34,0.6141732283464567,0.5142857142857142,114
2023-07-15,1078,133,79,70,58,54,12,0.5939849624060151,0.8285714285714286,137
2023-07-16,1078,139,72,95,39,67,56,0.5179856115107914,0.4105263157894737,111
2023-07-17,1078,117,79,57,48,38,9,0.6752136752136753,0.8421052631578947,127
2023-07-18,1078,108,71,52,45,37,7,0.6574074074074074,0.8653846153846154,116
2023-07-19,1078,118,73,89,30,45,59,0.6186440677966102,0.33707865168539325,103
2023-07-20,1078,136,81,81,43,55,38,0.5955882352941176,0.5308641975308642,124
2023-07-21,1078,102,79,50,44,23,6,0.7745098039215687,0.88,123
2023-07-22,1078,141,79,74,43,62,31,0.5602836879432624,0.581081081081081,122
2023-07-23,1078,103,72,81,46,31,35,0.6990291262135923,0.5679012345679012,118
2023-07-24,1078,127,89,63,41,38,22,0.7007874015748031,0.6507936507936508,130
2023-07-25,1078,148,78,66,48,70,18,0.527027027027027,0.7272727272727273,126
2023-07-26,1078,109,75,74,50,34,24,0.6880733944954128,0.6756756756756757,125
2023-07-27,1078,136,84,91,42,52,49,0.6176470588235294,0.46153846153846156,126
2023-07-28,1078,110,55,53,37,55,16,0.5,0.6981132075471698,92
2023-07-29,1078,129,88,50,42,41,8,0.6821705426356589,0.84,130
2023-07-30,1078,135,83,91,42,52,49,0.6148148148148148,0.46153846153846156,125
2023-07-31,1078,142,83,99,41,59,58,0.5845070422535211,0.41414141414141414,124
2023-08-01,1078,101,77,82,34,24,48,0.7623762376237624,0.4146341463414634,111
2023-08-02,1078,150,78,62,31,72,31,0.52,0.5,109
2023-08-03,1078,109,74,70,36,35,34,0.6788990825688074,0.5142857142857142,110
2023-08-04,1078,121,69,95,49,52,46,0.5702479338842975,0.5157894736842106,118
2023-08-05,1078,130,73,99,39,57,60,0.5615384615384615,0.3939393939393939,112
2023-08-06,1078,133,92,75,43,41,32,0.6917293233082706,0.5733333333333334,135
2023-08-07,1078,142,87,67,45,55,22,0.6126760563380281,0.6716417910447762,132
2023-08-08,1078,148,95,97,49,53,48,0.6418918918918919,0.5051546391752577,144
2023-08-09,1078,136,88,57,43,48,14,0.6470588235294118,0.7543859649122807,131
2023-08-10,1078,105,84,92,35,21,57,0.8,0.3804347826086957,119
2023-08-11,1078,122,76,75,49,46,26,0.6229508196721312,0.6533333333333333,125
2023-08-12,1078,123,75,66,38,48,28,0.6097560975609756,0.5757575757575758,113
2023-08-13,1078,132,73,51,48,59,3,0.553030303030303,0.9411764705882353,121
2023-08-14,1078,115,74,76,34,41,42,0.6434782608695652,0.4473684210526316,108
2023-08-15,1078,115,82,54,40,33,14,0.7130434782608696,0.7407407407407407,122
2023-08-16,1078,128,78,100,43,50,57,0.609375,0.43,121
2023-08-17,1078,121,77,95,44,44,51,0.6363636363636364,0.4631578947368421,121
2023-08-18,1078,132,64,57,36,68,21,0.48484848484848486,0.631578947368421,100
2023-08-19,1078,145,74,79,36,71,43,0.5103448275862069,0.45569620253164556,110
2023-08-20,1078,136,85,54,43,51,11,0.625,0.7962962962962963,128
2023-08-21,1078,104,69,72,41,35,31,0.6634615384615384,0.5694444444444444,110
2023-08-22,1078,130,70,78,52,60,26,0.5384615384615384,0.6666666666666666,122
2023-08-23,1078,128,83,67,39,45,28,0.6484375,0.582089552238806,122
2023-08-24,1078,133,85,60,37,48,23,0.6390977443609023,0.6166666666666667,122
2023-08-25,1078,108,76,89,42,32,47,0.7037037037037037,0.47191011235955055,118
2023-08-26,1078,147,80,77,34,67,43,0.54421768707483,0.44155844155844154,114
2023-08-27,1078,125,65,99,39,60,60,0.52,0.3939393939393939,104
2023-08-28,1078,143,81,50,35,62,15,0.5664335664335665,0.7,116
2023-08-29,1078,120,72,60,34,48,26,0.6,0.5666666666666667,106
2023-08-30,1078,109,80,73,46,29,27,0.7339449541284404,0.6301369863013698,126
2023-08-31,1078,143,91,91,48,52,43,0.6363636363636364,0.5274725274725275,139
2023-09-01,1078,135,80,82,43,55,39,0.5925925925925926,0.524390243902439,123
2023-09-02,1078,145,87,95,36,58,59,0.6,0.37894736842105264,123
2023-09-03,1078,129,104,64,40,25,24,0.8062015503875969,0.625,144
2023-09-04,1078,134,101,73,43,33,30,0.753731343283582,0.589041095890411,144
2023-09-05,1078,107,79,63,33,28,30,0.7383177570093458,0.5238095238095238,112
2023-09-06,1078,137,74,88,34,63,54,0.5401459854014599,0.38636363636363635,108
2023-09-07,1078,110,76,89,33,34,56,0.6909090909090909,0.3707865168539326,109
2023-09-08,1078,143,77,53,36,66,17,0.5384615384615384,0.6792452830188679,113
2023-09-09,1078,106,82,50,50,24,0,0.7735849056603774,1,132
2023-09-10,1078,116,83,83,35,33,48,0.7155172413793104,0.42168674698795183,118
2023-09-11,1078,103,93,62,31,10,31,0.9029126213592233,0.5,124
2023-09-12,1078,100,93,52,37,7,15,0.93,0.7115384615384616,130
2023-09-13,1078,125,89,52,51,36,1,0.712,0.9807692307692307,140
2023-09-14,1078,106,86,82,44,20,38,0.8113207547169812,0.5365853658536586,130
2023-09-15,1078,132,71,59,46,61,13,0.5378787878787878,0.7796610169491526,117
2023-09-16,1078,118,73,93,43,45,50,0.6186440677966102,0.46236559139784944,116
2023-09-17,1078,117,87,96,41,30,55,0.7435897435897436,0.4270833333333333,128
2023-09-18,1078,119,85,81,54,34,27,0.7142857142857143,0.6666666666666666,139
2023-09-19,1078,104,99,57,39,5,18,0.9519230769230769,0.6842105263157895,138
2023-09-20,1078,115,79,79,44,36,35,0.6869565217391305,0.5569620253164557,123
2023-09-21,1078,117,89,93,60,28,33,0.7606837606837606,0.6451612903225806,149
2023-09-22,1078,150,88,80,50,62,30,0.5866666666666667,0.625,138
2023-09-23,1078,141,76,96,38,65,58,0.5390070921985816,0.3958333333333333,114
2023-09-24,1078,143,76,52,41,67,11,0.5314685314685315,0.7884615384615384,117
2023-09-25,1078,128,79,83,43,49,40,0.6171875,0.5180722891566265,122
2023-09-26,1078,108,79,62,35,29,27,0.7314814814814815,0.5645161290322581,114
2023-09-27,1078,129,72,95,33,57,62,0.5581395348837209,0.3473684210526316,105
2023-09-28,1078,130,85,68,35,45,33,0.6538461538461539,0.5147058823529411,120
2023-09-29,1078,124,76,93,38,48,55,0.6129032258064516,0.40860215053763443,114
2023-09-30,1078,144,64,97,43,80,54,0.4444444444444444,0.44329896907216493,107
2023-10-01,1078,130,69,78,26,61,52,0.5307692307692308,0.3333333333333333,95
2023-10-02,1078,148,66,79,38,82,41,0.44594594594594594,0.4810126582278481,104
2023-10-03,1078,137,74,77,38,63,39,0.5401459854014599,0.4935064935064935,112
2023-10-04,1078,131,73,88,36,58,52,0.5572519083969466,0.4090909090909091,109
2023-10-05,1078,129,70,89,52,59,37,0.5426356589147286,0.5842696629213483,122
2023-10-06,1078,109,91,92,35,18,57,0.8348623853211009,0.3804347826086957,126
2023-10-07,1078,111,93,81,39,18,42,0.8378378378378378,0.48148148148148145,132
2023-10-08,1078,148,89,71,32,59,39,0.6013513513513513,0.4507042253521127,121
2023-10-09,1078,105,79,89,38,26,51,0.7523809523809524,0.42696629213483145,117
2023-10-10,1078,127,67,67,43,60,24,0.5275590551181102,0.6417910447761194,110
2023-10-11,1078,127,77,66,37,50,29,0.6062992125984252,0.5606060606060606,114
2023-10-12,1078,124,70,75,34,54,41,0.5645161290322581,0.4533333333333333,104
2023-10-13,1078,103,87,74,34,16,40,0.8446601941747572,0.4594594594594595,121
2023-10-14,1078,116,79,88,32,37,56,0.6810344827586207,0.36363636363636365,111
2023-10-15,1078,114,76,91,44,38,47,0.6666666666666666,0.4835164835164835,120
2023-10-16,1078,105,70,100,45,35,55,0.6666666666666666,0.45,115
2023-10-17,1078,141,77,93,36,64,57,0.5460992907801419,0.3870967741935484,113
2023-10-18,1078,123,80,54,34,43,20,0.6504065040650406,0.6296296296296297,114
2023-10-19,1078,135,91,82,36,44,46,0.674074074074074,0.43902439024390244,127
2023-10-20,1078,101,86,59,33,15,26,0.8514851485148515,0.559322033898305,119
2023-10-21,1078,149,76,64,43,73,21,0.5100671140939598,0.671875,119
2023-10-22,1078,107,66,96,39,41,57,0.616822429906542,0.40625,105
2023-10-23,1078,138,89,78,46,49,32,0.644927536231884,0.5897435897435898,135
2023-10-24,1078,118,92,90,44,26,46,0.7796610169491526,0.4888888888888889,136
2023-10-25,1078,112,83,58,44,29,14,0.7410714285714286,0.7586206896551724,127
2023-10-26,1078,113,92,68,53,21,15,0.8141592920353983,0.7794117647058824,145
2023-10-27,1078,119,89,55,48,30,7,0.7478991596638656,0.8727272727272727,137
2023-10-28,1078,111,82,73,34,29,39,0.7387387387387387,0.4657534246575342,116
2023-10-29,1078,123,95,95,41,28,54,0.7723577235772358,0.43157894736842106,136
2023-10-30,1078,144,77,87,35,67,52,0.5347222222222222,0.40229885057471265,112
2023-10-31,1078,123,84,69,43,39,26,0.6829268292682927,0.6231884057971014,127
2023-11-01,1078,145,65,51,38,80,13,0.4482758620689655,0.7450980392156863,103
2023-11-02,1078,109,81,96,35,28,61,0.7431192660550459,0.3645833333333333,116
2023-11-03,1078,116,77,60,32,39,28,0.6637931034482759,0.5333333333333333,109
2023-11-04,1078,135,81,61,52,54,9,0.6,0.8524590163934426,133
2023-11-05,1078,101,86,84,40,15,44,0.8514851485148515,0.47619047619047616,126
2023-11-06,1078,136,84,97,48,52,49,0.6176470588235294,0.4948453608247423,132
2023-11-07,1078,145,81,72,33,64,39,0.5586206896551724,0.4583333333333333,114
2023-11-08,1078,127,86,50,38,41,12,0.6771653543307087,0.76,124
2023-11-09,1078,122,94,66,55,28,11,0.7704918032786885,0.8333333333333334,149
2023-11-10,1078,135,73,86,50,62,36,0.5407407407407407,0.5813953488372093,123
2023-11-11,1078,110,69,52,44,41,8,0.6272727272727273,0.8461538461538461,113
2023-11-12,1078,145,98,50,38,47,12,0.6758620689655173,0.76,136
2023-11-13,1078,103,79,50,41,24,9,0.7669902912621359,0.82,120
2023-11-14,1078,134,85,72,51,49,21,0.6343283582089553,0.7083333333333334,136
2023-11-15,1078,143,82,65,29,61,36,0.5734265734265734,0.4461538461538462,111
2023-11-16,1078,124,83,53,50,41,3,0.6693548387096774,0.9433962264150944,133
2023-11-17,1078,102,80,75,33,22,42,0.7843137254901961,0.44,113
2023-11-18,1078,134,75,82,45,59,37,0.5597014925373134,0.5487804878048781,120
2023-11-19,1078,112,91,86,44,21,42,0.8125,0.5116279069767442,135
2023-11-20,1078,141,67,54,40,74,14,0.475177304964539,0.7407407407407407,107
2023-11-21,1078,103,75,75,43,28,32,0.7281553398058253,0.5733333333333334,118
2023-11-22,1078,102,57,68,39,45,29,0.5588235294117647,0.5735294117647058,96
2023-11-23,1078,112,94,85,42,18,43,0.8392857142857143,0.49411764705882355,136
2023-11-24,1078,105,85,94,39,20,55,0.8095238095238095,0.4148936170212766,124
2023-11-25,1078,113,70,64,44,43,20,0.6194690265486725,0.6875,114
2023-11-26,1078,119,80,97,43,39,54,0.6722689075630253,0.44329896907216493,123
2023-11-27,1078,145,68,58,38,77,20,0.4689655172413793,0.6551724137931034,106
2023-11-28,1078,135,75,92,23,60,69,0.5555555555555556,0.25,98
2023-11-29,1078,142,72,83,36,70,47,0.5070422535211268,0.43373493975903615,108
2023-11-30,1078,137,70,95,33,67,62,0.5109489051094891,0.3473684210526316,103
2023-12-01,1078,118,88,66,29,30,37,0.7457627118644068,0.4393939393939394,117
2023-12-02,1078,115,79,96,45,36,51,0.6869565217391305,0.46875,124
2023-12-03,1078,121,69,51,45,52,6,0.5702479338842975,0.8823529411764706,114
2023-12-04,1078,139,71,53,42,68,11,0.5107913669064749,0.7924528301886793,113
2023-12-05,1078,119,77,78,36,42,42,0.6470588235294118,0.46153846153846156,113
2023-12-06,1078,138,71,76,40,67,36,0.5144927536231884,0.5263157894736842,111
2023-12-07,1078,149,73,86,24,76,62,0.4899328859060403,0.27906976744186046,97
2023-12-08,1078,125,67,59,40,58,19,0.536,0.6779661016949152,107
2023-12-09,1078,129,73,58,34,56,24,0.5658914728682171,0.5862068965517241,107
2023-12-10,1078,135,89,88,35,46,53,0.6592592592592592,0.3977272727272727,124
2023-12-11,1078,150,68,96,36,82,60,0.4533333333333333,0.375,104
2023-12-12,1078,126,91,86,44,35,42,0.7222222222222222,0.5116279069767442,135
2023-12-13,1078,124,86,79,50,38,29,0.6935483870967742,0.6329113924050633,136
2023-12-14,1078,109,89,95,40,20,55,0.8165137614678899,0.42105263157894735,129
2023-12-15,1078,124,84,88,45,40,43,0.6774193548387096,0.5113636363636364,129
2023-12-16,1078,105,80,89,36,25,53,0.7619047619047619,0.4044943820224719,116
2023-12-17,1078,137,88,89,35,49,54,0.6423357664233577,0.39325842696629215,123
2023-12-18,1078,148,73,74,39,75,35,0.49324324324324326,0.527027027027027,112
2023-12-19,1078,102,78,99,28,24,71,0.7647058823529411,0.2828282828282828,106
2023-12-20,1078,104,96,52,36,8,16,0.9230769230769231,0.6923076923076923,132
2023-12-21,1078,127,80,76,41,47,35,0.6299212598425197,0.5394736842105263,121
2023-12-22,1078,148,69,87,42,79,45,0.46621621621621623,0.4827586206896552,111
2023-12-23,1078,131,70,55,41,61,14,0.5343511450381679,0.7454545454545455,111
2023-12-24,1078,101,73,78,48,28,30,0.7227722772277227,0.6153846153846154,121
2023-12-25,1078,146,77,69,44,69,25,0.5273972602739726,0.6376811594202898,121
2023-12-26,1078,150,83,93,40,67,53,0.5533333333333333,0.43010752688172044,123
2023-12-27,1078,120,70,53,48,50,5,0.5833333333333334,0.9056603773584906,118
2023-12-28,1078,144,106,55,38,38,17,0.7361111111111112,0.6909090909090909,144
2023-12-29,1078,118,96,63,31,22,32,0.8135593220338984,0.49206349206349204,127
2023-12-30,1078,100,83,72,40,17,32,0.83,0.5555555555555556,123
2023-12-31,1078,112,84,74,38,28,36,0.75,0.5135135135135135,122
2023-01-01,1079,121,91,77,55,30,22,0.7520661157024794,0.7142857142857143,146
2023-01-02,1079,110,88,80,24,22,56,0.8,0.3,112
2023-01-03,1079,103,76,94,31,27,63,0.7378640776699029,0.32978723404255317,107
2023-01-04,1079,142,64,58,43,78,15,0.4507042253521127,0.7413793103448276,107
2023-01-05,1079,102,75,68,38,27,30,0.7352941176470589,0.5588235294117647,113
2023-01-06,1079,130,77,93,35,53,58,0.5923076923076923,0.3763440860215054,112
2023-01-07,1079,113,86,62,36,27,26,0.7610619469026548,0.5806451612903226,122
2023-01-08,1079,143,92,56,48,51,8,0.6433566433566433,0.8571428571428571,140
2023-01-09,1079,113,79,81,36,34,45,0.6991150442477876,0.4444444444444444,115
2023-01-10,1079,111,80,59,31,31,28,0.7207207207207207,0.5254237288135594,111
2023-01-11,1079,137,72,71,50,65,21,0.5255474452554745,0.704225352112676,122
2023-01-12,1079,142,83,66,39,59,27,0.5845070422535211,0.5909090909090909,122
2023-01-13,1079,140,65,83,37,75,46,0.4642857142857143,0.4457831325301205,102
2023-01-14,1079,116,70,81,38,46,43,0.603448275862069,0.4691358024691358,108
2023-01-15,1079,113,83,97,30,30,67,0.7345132743362832,0.30927835051546393,113
2023-01-16,1079,116,88,65,41,28,24,0.7586206896551724,0.6307692307692307,129
2023-01-17,1079,131,87,82,37,44,45,0.6641221374045801,0.45121951219512196,124
2023-01-18,1079,123,86,67,44,37,23,0.6991869918699187,0.6567164179104478,130
2023-01-19,1079,129,89,100,43,40,57,0.689922480620155,0.43,132
2023-01-20,1079,150,80,80,37,70,43,0.5333333333333333,0.4625,117
2023-01-21,1079,126,63,72,39,63,33,0.5,0.5416666666666666,102
2023-01-22,1079,113,83,52,38,30,14,0.7345132743362832,0.7307692307692307,121
2023-01-23,1079,104,79,77,44,25,33,0.7596153846153846,0.5714285714285714,123
2023-01-24,1079,112,77,93,42,35,51,0.6875,0.45161290322580644,119
2023-01-25,1079,109,72,88,45,37,43,0.6605504587155964,0.5113636363636364,117
2023-01-26,1079,122,80,78,51,42,27,0.6557377049180327,0.6538461538461539,131
2023-01-27,1079,146,66,67,33,80,34,0.4520547945205479,0.4925373134328358,99
2023-01-28,1079,110,77,80,45,33,35,0.7,0.5625,122
2023-01-29,1079,134,77,90,38,57,52,0.5746268656716418,0.4222222222222222,115
2023-01-30,1079,140,66,65,36,74,29,0.4714285714285714,0.5538461538461539,102
2023-01-31,1079,121,68,55,29,53,26,0.5619834710743802,0.5272727272727272,97
2023-02-01,1079,126,76,58,52,50,6,0.6031746031746031,0.896551724137931,128
2023-02-02,1079,124,78,85,33,46,52,0.6290322580645161,0.38823529411764707,111
2023-02-03,1079,137,90,63,49,47,14,0.656934306569343,0.7777777777777778,139
2023-02-04,1079,101,85,84,24,16,60,0.8415841584158416,0.2857142857142857,109
2023-02-05,1079,127,85,50,43,42,7,0.6692913385826772,0.86,128
2023-02-06,1079,105,65,86,35,40,51,0.6190476190476191,0.4069767441860465,100
2023-02-07,1079,143,89,87,30,54,57,0.6223776223776224,0.3448275862068966,119
2023-02-08,1079,131,80,57,38,51,19,0.6106870229007634,0.6666666666666666,118
2023-02-09,1079,101,86,59,55,15,4,0.8514851485148515,0.9322033898305084,141
2023-02-10,1079,103,70,98,36,33,62,0.6796116504854369,0.3673469387755102,106
2023-02-11,1079,110,74,83,41,36,42,0.6727272727272727,0.4939759036144578,115
2023-02-12,1079,115,81,89,31,34,58,0.7043478260869566,0.34831460674157305,112
2023-02-13,1079,141,92,85,43,49,42,0.6524822695035462,0.5058823529411764,135
2023-02-14,1079,103,61,74,52,42,22,0.5922330097087378,0.7027027027027027,113
2023-02-15,1079,132,79,79,45,53,34,0.5984848484848485,0.569620253164557,124
2023-02-16,1079,108,68,75,43,40,32,0.6296296296296297,0.5733333333333334,111
2023-02-17,1079,150,80,100,40,70,60,0.5333333333333333,0.4,120
2023-02-18,1079,123,98,51,24,25,27,0.7967479674796748,0.47058823529411764,122
2023-02-19,1079,136,74,77,37,62,40,0.5441176470588235,0.4805194805194805,111
2023-02-20,1079,106,66,91,28,40,63,0.6226415094339622,0.3076923076923077,94
2023-02-21,1079,141,73,91,48,68,43,0.5177304964539007,0.5274725274725275,121
2023-02-22,1079,109,74,77,44,35,33,0.6788990825688074,0.5714285714285714,118
2023-02-23,1079,126,80,83,41,46,42,0.6349206349206349,0.4939759036144578,121
2023-02-24,1079,133,84,80,43,49,37,0.631578947368421,0.5375,127
2023-02-25,1079,122,73,85,31,49,54,0.5983606557377049,0.36470588235294116,104
2023-02-26,1079,127,67,51,39,60,12,0.5275590551181102,0.7647058823529411,106
2023-02-27,1079,124,86,57,38,38,19,0.6935483870967742,0.6666666666666666,124
2023-02-28,1079,140,74,69,43,66,26,0.5285714285714286,0.6231884057971014,117
2023-03-01,1079,129,89,91,38,40,53,0.689922480620155,0.4175824175824176,127
2023-03-02,1079,124,86,60,56,38,4,0.6935483870967742,0.9333333333333333,142
2023-03-03,1079,111,79,91,47,32,44,0.7117117117117117,0.5164835164835165,126
2023-03-04,1079,112,69,72,45,43,27,0.6160714285714286,0.625,114
2023-03-05,1079,100,81,60,43,19,17,0.81,0.7166666666666667,124
2023-03-06,1079,109,93,57,44,16,13,0.8532110091743119,0.7719298245614035,137
2023-03-07,1079,110,78,60,41,32,19,0.7090909090909091,0.6833333333333333,119
2023-03-08,1079,124,87,61,41,37,20,0.7016129032258065,0.6721311475409836,128
2023-03-09,1079,116,83,57,26,33,31,0.7155172413793104,0.45614035087719296,109
2023-03-10,1079,121,79,97,47,42,50,0.6528925619834711,0.4845360824742268,126
2023-03-11,1079,122,95,63,45,27,18,0.7786885245901639,0.7142857142857143,140
2023-03-12,1079,143,78,82,44,65,38,0.5454545454545454,0.5365853658536586,122
2023-03-13,1079,105,76,91,29,29,62,0.7238095238095238,0.31868131868131866,105
2023-03-14,1079,134,75,50,29,59,21,0.5597014925373134,0.58,104
2023-03-15,1079,118,97,81,43,21,38,0.8220338983050848,0.5308641975308642,140
2023-03-16,1079,102,80,74,45,22,29,0.7843137254901961,0.6081081081081081,125
2023-03-17,1079,144,64,63,47,80,16,0.4444444444444444,0.746031746031746,111
2023-03-18,1079,132,84,66,34,48,32,0.6363636363636364,0.5151515151515151,118
2023-03-19,1079,115,77,76,45,38,31,0.6695652173913044,0.5921052631578947,122
2023-03-20,1079,139,97,74,40,42,34,0.697841726618705,0.5405405405405406,137
2023-03-21,1079,103,83,100,56,20,44,0.8058252427184466,0.56,139
2023-03-22,1079,133,78,76,34,55,42,0.5864661654135338,0.4473684210526316,112
2023-03-23,1079,148,85,95,36,63,59,0.5743243243243243,0.37894736842105264,121
2023-03-24,1079,150,86,50,35,64,15,0.5733333333333334,0.7,121
2023-03-25,1079,149,77,63,49,72,14,0.5167785234899329,0.7777777777777778,126
2023-03-26,1079,100,89,64,37,11,27,0.89,0.578125,126
2023-03-27,1079,133,91,65,44,42,21,0.6842105263157895,0.676923076923077,135
2023-03-28,1079,122,87,85,41,35,44,0.7131147540983607,0.4823529411764706,128
2023-03-29,1079,109,84,83,36,25,47,0.7706422018348624,0.43373493975903615,120
2023-03-30,1079,100,80,56,30,20,26,0.8,0.5357142857142857,110
2023-03-31,1079,128,91,76,41,37,35,0.7109375,0.5394736842105263,132
2023-04-01,1079,120,81,95,41,39,54,0.675,0.43157894736842106,122
2023-04-02,1079,114,57,98,41,57,57,0.5,0.41836734693877553,98
2023-04-03,1079,102,87,99,56,15,43,0.8529411764705882,0.5656565656565656,143
2023-04-04,1079,122,100,97,39,22,58,0.819672131147541,0.4020618556701031,139
2023-04-05,1079,136,75,70,37,61,33,0.5514705882352942,0.5285714285714286,112
2023-04-06,1079,115,75,67,35,40,32,0.6521739130434783,0.5223880597014925,110
2023-04-07,1079,130,56,61,43,74,18,0.4307692307692308,0.7049180327868853,99
2023-04-08,1079,105,60,95,40,45,55,0.5714285714285714,0.42105263157894735,100
2023-04-09,1079,146,79,83,44,67,39,0.541095890410959,0.5301204819277109,123
2023-04-10,1079,130,96,50,42,34,8,0.7384615384615385,0.84,138
2023-04-11,1079,121,81,58,39,40,19,0.6694214876033058,0.6724137931034483,120
2023-04-12,1079,115,83,94,42,32,52,0.7217391304347827,0.44680851063829785,125
2023-04-13,1079,114,89,88,51,25,37,0.7807017543859649,0.5795454545454546,140
2023-04-14,1079,128,71,73,46,57,27,0.5546875,0.6301369863013698,117
2023-04-15,1079,147,76,66,35,71,31,0.5170068027210885,0.5303030303030303,111
2023-04-16,1079,129,64,59,42,65,17,0.49612403100775193,0.711864406779661,106
2023-04-17,1079,130,76,91,44,54,47,0.5846153846153846,0.4835164835164835,120
2023-04-18,1079,122,64,82,37,58,45,0.5245901639344263,0.45121951219512196,101
2023-04-19,1079,100,82,99,36,18,63,0.82,0.36363636363636365,118
2023-04-20,1079,114,86,62,28,28,34,0.7543859649122807,0.45161290322580644,114
2023-04-21,1079,127,87,100,43,40,57,0.6850393700787402,0.43,130
2023-04-22,1079,110,84,91,36,26,55,0.7636363636363637,0.3956043956043956,120
2023-04-23,1079,139,78,79,35,61,44,0.5611510791366906,0.4430379746835443,113
2023-04-24,1079,122,68,60,45,54,15,0.5573770491803278,0.75,113
2023-04-25,1079,149,83,52,46,66,6,0.5570469798657718,0.8846153846153846,129
2023-04-26,1079,141,72,67,37,69,30,0.5106382978723404,0.5522388059701493,109
2023-04-27,1079,105,81,76,30,24,46,0.7714285714285715,0.39473684210526316,111
2023-04-28,1079,130,82,96,44,48,52,0.6307692307692307,0.4583333333333333,126
2023-04-29,1079,100,90,54,41,10,13,0.9,0.7592592592592593,131
2023-04-30,1079,135,67,97,37,68,60,0.4962962962962963,0.38144329896907214,104
2023-05-01,1079,125,66,55,47,59,8,0.528,0.8545454545454545,113
2023-05-02,1079,149,77,75,31,72,44,0.5167785234899329,0.41333333333333333,108
2023-05-03,1079,140,78,52,36,62,16,0.5571428571428572,0.6923076923076923,114
2023-05-04,1079,127,70,58,39,57,19,0.5511811023622047,0.6724137931034483,109
2023-05-05,1079,150,87,84,45,63,39,0.58,0.5357142857142857,132
2023-05-06,1079,107,84,97,30,23,67,0.7850467289719626,0.30927835051546393,114
2023-05-07,1079,131,73,78,43,58,35,0.5572519083969466,0.5512820512820513,116
2023-05-08,1079,135,77,89,41,58,48,0.5703703703703704,0.4606741573033708,118
2023-05-09,1079,137,69,98,30,68,68,0.5036496350364964,0.30612244897959184,99
2023-05-10,1079,117,80,87,36,37,51,0.6837606837606838,0.41379310344827586,116
2023-05-11,1079,129,76,61,39,53,22,0.5891472868217055,0.639344262295082,115
2023-05-12,1079,142,62,92,36,80,56,0.43661971830985913,0.391304347826087,98
2023-05-13,1079,134,84,55,35,50,20,0.6268656716417911,0.6363636363636364,119
2023-05-14,1079,124,83,55,40,41,15,0.6693548387096774,0.7272727272727273,123
2023-05-15,1079,127,81,62,32,46,30,0.6377952755905512,0.5161290322580645,113
2023-05-16,1079,121,78,76,38,43,38,0.6446280991735537,0.5,116
2023-05-17,1079,129,84,75,42,45,33,0.6511627906976745,0.56,126
2023-05-18,1079,134,78,70,32,56,38,0.582089552238806,0.45714285714285713,110
2023-05-19,1079,109,80,59,49,29,10,0.7339449541284404,0.8305084745762712,129
2023-05-20,1079,147,85,55,43,62,12,0.5782312925170068,0.7818181818181819,128
2023-05-21,1079,126,78,51,45,48,6,0.6190476190476191,0.8823529411764706,123
2023-05-22,1079,135,100,84,44,35,40,0.7407407407407407,0.5238095238095238,144
2023-05-23,1079,131,76,75,31,55,44,0.5801526717557252,0.41333333333333333,107
2023-05-24,1079,110,71,80,29,39,51,0.6454545454545455,0.3625,100
2023-05-25,1079,143,79,98,40,64,58,0.5524475524475524,0.40816326530612246,119
2023-05-26,1079,103,73,60,34,30,26,0.7087378640776699,0.5666666666666667,107
2023-05-27,1079,105,72,89,47,33,42,0.6857142857142857,0.5280898876404494,119
2023-05-28,1079,117,70,68,43,47,25,0.5982905982905983,0.6323529411764706,113
2023-05-29,1079,121,70,64,38,51,26,0.5785123966942148,0.59375,108
2023-05-30,1079,117,76,83,36,41,47,0.6495726495726496,0.43373493975903615,112
2023-05-31,1079,133,71,79,35,62,44,0.5338345864661654,0.4430379746835443,106
2023-06-01,1079,148,86,61,44,62,17,0.581081081081081,0.7213114754098361,130
2023-06-02,1079,150,67,80,41,83,39,0.44666666666666666,0.5125,108
2023-06-03,1079,135,93,52,36,42,16,0.6888888888888889,0.6923076923076923,129
2023-06-04,1079,144,78,72,38,66,34,0.5416666666666666,0.5277777777777778,116
2023-06-05,1079,133,88,72,27,45,45,0.6616541353383458,0.375,115
2023-06-06,1079,148,80,64,44,68,20,0.5405405405405406,0.6875,124
2023-06-07,1079,137,83,77,36,54,41,0.6058394160583942,0.4675324675324675,119
2023-06-08,1079,109,76,89,39,33,50,0.6972477064220184,0.43820224719101125,115
2023-06-09,1079,119,62,63,45,57,18,0.5210084033613446,0.7142857142857143,107
2023-06-10,1079,133,89,56,46,44,10,0.6691729323308271,0.8214285714285714,135
2023-06-11,1079,127,77,80,43,50,37,0.6062992125984252,0.5375,120
2023-06-12,1079,144,74,91,40,70,51,0.5138888888888888,0.43956043956043955,114
2023-06-13,1079,131,86,76,42,45,34,0.6564885496183206,0.5526315789473685,128
2023-06-14,1079,120,79,61,50,41,11,0.6583333333333333,0.819672131147541,129
2023-06-15,1079,127,88,77,50,39,27,0.6929133858267716,0.6493506493506493,138
2023-06-16,1079,122,72,56,44,50,12,0.5901639344262295,0.7857142857142857,116
2023-06-17,1079,127,88,78,44,39,34,0.6929133858267716,0.5641025641025641,132
2023-06-18,1079,143,78,85,30,65,55,0.5454545454545454,0.35294117647058826,108
2023-06-19,1079,135,77,91,34,58,57,0.5703703703703704,0.37362637362637363,111
2023-06-20,1079,136,76,51,37,60,14,0.5588235294117647,0.7254901960784313,113
2023-06-21,1079,106,71,60,37,35,23,0.6698113207547169,0.6166666666666667,108
2023-06-22,1079,119,72,96,37,47,59,0.6050420168067226,0.3854166666666667,109
2023-06-23,1079,111,102,92,31,9,61,0.918918918918919,0.33695652173913043,133
2023-06-24,1079,148,95,88,40,53,48,0.6418918918918919,0.45454545454545453,135
2023-06-25,1079,109,71,84,44,38,40,0.6513761467889908,0.5238095238095238,115
2023-06-26,1079,134,71,71,59,63,12,0.5298507462686567,0.8309859154929577,130
2023-06-27,1079,131,66,88,51,65,37,0.5038167938931297,0.5795454545454546,117
2023-06-28,1079,100,83,65,41,17,24,0.83,0.6307692307692307,124
2023-06-29,1079,145,87,59,35,58,24,0.6,0.5932203389830508,122
2023-06-30,1079,122,71,77,44,51,33,0.5819672131147541,0.5714285714285714,115
2023-07-01,1079,136,83,97,48,53,49,0.6102941176470589,0.4948453608247423,131
2023-07-02,1079,138,80,95,31,58,64,0.5797101449275363,0.3263157894736842,111
2023-07-03,1079,107,72,89,40,35,49,0.6728971962616822,0.449438202247191,112
2023-07-04,1079,103,79,91,42,24,49,0.7669902912621359,0.46153846153846156,121
2023-07-05,1079,109,75,81,41,34,40,0.6880733944954128,0.5061728395061729,116
2023-07-06,1079,112,80,67,40,32,27,0.7142857142857143,0.5970149253731343,120
2023-07-07,1079,100,85,72,42,15,30,0.85,0.5833333333333334,127
2023-07-08,1079,124,88,92,35,36,57,0.7096774193548387,0.3804347826086957,123
2023-07-09,1079,148,104,63,34,44,29,0.7027027027027027,0.5396825396825397,138
2023-07-10,1079,116,89,83,44,27,39,0.7672413793103449,0.5301204819277109,133
2023-07-11,1079,149,70,98,34,79,64,0.4697986577181208,0.3469387755102041,104
2023-07-12,1079,104,78,74,38,26,36,0.75,0.5135135135135135,116
2023-07-13,1079,126,70,53,30,56,23,0.5555555555555556,0.5660377358490566,100
2023-07-14,1079,145,84,63,49,61,14,0.5793103448275863,0.7777777777777778,133
2023-07-15,1079,121,72,98,41,49,57,0.5950413223140496,0.41836734693877553,113
2023-07-16,1079,116,81,64,40,35,24,0.6982758620689655,0.625,121
2023-07-17,1079,115,63,90,38,52,52,0.5478260869565217,0.4222222222222222,101
2023-07-18,1079,111,85,61,41,26,20,0.7657657657657657,0.6721311475409836,126
2023-07-19,1079,107,82,51,43,25,8,0.7663551401869159,0.8431372549019608,125
2023-07-20,1079,119,78,65,35,41,30,0.6554621848739496,0.5384615384615384,113
2023-07-21,1079,150,84,53,38,66,15,0.56,0.71698113207547165,122
2023-07-22,1079,134,68,93,36,66,57,0.5074626865671642,0.3870967741935484,104
2023-07-23,1079,102,84,72,46,18,26,0.8235294117647058,0.6388888888888888,130
2023-07-24,1079,117,84,89,39,33,50,0.717948717948718,0.43820224719101125,123
2023-07-25,1079,138,82,75,39,56,36,0.5942028985507246,0.52,121
2023-07-26,1079,106,71,52,30,35,22,0.6698113207547169,0.5769230769230769,101
2023-07-27,1079,133,80,81,39,53,42,0.6015037593984962,0.48148148148148145,119
2023-07-28,1079,100,91,56,48,9,8,0.91,0.8571428571428571,139
2023-07-29,1079,137,86,59,37,51,22,0.6277372262773723,0.6271186440677966,123
2023-07-30,1079,101,79,86,41,22,45,0.7821782178217822,0.47674418604651164,120
2023-07-31,1079,121,84,96,45,37,51,0.6942148760330579,0.46875,129
2023-08-01,1079,143,76,57,43,67,14,0.5314685314685315,0.7543859649122807,119
2023-08-02,1079,118,73,72,43,45,29,0.6186440677966102,0.5972222222222222,116
2023-08-03,1079,136,70,98,39,66,59,0.5147058823529411,0.3979591836734694,109
2023-08-04,1079,100,76,81,37,24,44,0.76,0.4567901234567901,113
2023-08-05,1079,120,82,67,39,38,28,0.6833333333333333,0.582089552238806,121
2023-08-06,1079,130,77,92,38,53,54,0.5923076923076923,0.41304347826086957,115
2023-08-07,1079,117,79,50,42,38,8,0.6752136752136753,0.84,121
2023-08-08,1079,107,78,62,50,29,12,0.7289719626168224,0.8064516129032258,128
2023-08-09,1079,127,76,78,24,51,54,0.5984251968503937,0.3076923076923077,100
2023-08-10,1079,123,77,68,36,46,32,0.6260162601626016,0.5294117647058824,113
2023-08-11,1079,141,73,89,41,68,48,0.5177304964539007,0.4606741573033708,114
2023-08-12,1079,114,71,99,42,43,57,0.6228070175438597,0.42424242424242425,113
2023-08-13,1079,128,95,95,32,33,63,0.7421875,0.3368421052631579,127
2023-08-14,1079,130,88,60,40,42,20,0.676923076923077,0.6666666666666666,128
2023-08-15,1079,136,76,52,38,60,14,0.5588235294117647,0.7307692307692307,114
2023-08-16,1079,136,79,56,39,57,17,0.5808823529411765,0.6964285714285714,118
2023-08-17,1079,103,80,70,43,23,27,0.7766990291262136,0.6142857142857143,123
2023-08-18,1079,133,89,65,51,44,14,0.6691729323308271,0.7846153846153846,140
2023-08-19,1079,148,79,60,40,69,20,0.5337837837837838,0.6666666666666666,119
2023-08-20,1079,145,88,65,37,57,28,0.6068965517241379,0.5692307692307692,125
2023-08-21,1079,107,73,94,33,34,61,0.6822429906542056,0.35106382978723405,106
2023-08-22,1079,137,68,96,40,69,56,0.49635036496350365,0.4166666666666667,108
2023-08-23,1079,118,69,97,25,49,72,0.5847457627118644,0.25773195876288657,94
2023-08-24,1079,113,79,54,40,34,14,0.6991150442477876,0.7407407407407407,119
2023-08-25,1079,111,72,51,39,39,12,0.6486486486486487,0.7647058823529411,111
2023-08-26,1079,123,77,93,33,46,60,0.6260162601626016,0.3548387096774194,110
2023-08-27,1079,142,87,56,30,55,26,0.6126760563380281,0.5357142857142857,117
2023-08-28,1079,115,75,99,51,40,48,0.6521739130434783,0.5151515151515151,126
2023-08-29,1079,145,86,53,38,59,15,0.593103448275862,0.71698113207547165,124
2023-08-30,1079,103,71,83,40,32,43,0.6893203883495146,0.4819277108433735,111
2023-08-31,1079,136,64,65,35,72,30,0.47058823529411764,0.5384615384615384,99
2023-09-01,1079,133,69,55,47,64,8,0.518796992481203,0.8545454545454545,116
2023-09-02,1079,121,82,68,43,39,25,0.6776859504132231,0.6323529411764706,125
2023-09-03,1079,100,71,81,48,29,33,0.71,0.5925925925925926,119
2023-09-04,1079,118,74,64,39,44,25,0.6271186440677966,0.609375,113
2023-09-05,1079,141,80,86,37,61,49,0.5673758865248227,0.43023255813953487,117
2023-09-06,1079,131,80,68,48,51,20,0.6106870229007634,0.7058823529411765,128
2023-09-07,1079,121,94,94,49,27,45,0.7768595041322314,0.5212765957446809,143
2023-09-08,1079,104,79,52,35,25,17,0.7596153846153846,0.6730769230769231,114
2023-09-09,1079,129,92,70,43,37,27,0.7131782945736435,0.6142857142857143,135
2023-09-10,1079,138,90,87,48,48,39,0.6521739130434783,0.5517241379310345,138
2023-09-11,1079,102,86,54,39,16,15,0.8431372549019608,0.7222222222222222,125
2023-09-12,1079,102,83,58,33,19,25,0.8137254901960784,0.5689655172413793,116
2023-09-13,1079,130,84,55,37,46,18,0.6461538461538462,0.6727272727272727,121
2023-09-14,1079,127,84,100,40,43,60,0.6614173228346457,0.4,124
2023-09-15,1079,129,83,62,33,46,29,0.6434108527131783,0.532258064516129,116
2023-09-16,1079,115,101,56,43,14,13,0.8782608695652174,0.7678571428571429,144
2023-09-17,1079,117,82,71,41,35,30,0.7008547008547008,0.5774647887323944,123
2023-09-18,1079,105,74,69,43,31,26,0.7047619047619048,0.6231884057971014,117
2023-09-19,1079,144,63,67,41,81,26,0.4375,0.6119402985074627,104
2023-09-20,1079,109,76,55,41,33,14,0.6972477064220184,0.7454545454545455,117
2023-09-21,1079,114,77,69,38,37,31,0.6754385964912281,0.5507246376811594,115
2023-09-22,1079,122,97,83,37,25,46,0.7950819672131147,0.4457831325301205,134
2023-09-23,1079,138,83,63,33,55,30,0.6014492753623188,0.5238095238095238,116
2023-09-24,1079,141,78,65,36,63,29,0.5531914893617021,0.5538461538461539,114
2023-09-25,1079,104,81,64,38,23,26,0.7788461538461539,0.59375,119
2023-09-26,1079,136,81,90,38,55,52,0.5955882352941176,0.4222222222222222,119
2023-09-27,1079,101,84,72,37,17,35,0.8316831683168316,0.5138888888888888,121
2023-09-28,1079,147,89,84,32,58,52,0.6054421768707483,0.38095238095238093,121
2023-09-29,1079,121,86,62,38,35,24,0.7107438016528925,0.6129032258064516,124
2023-09-30,1079,150,80,66,41,70,25,0.5333333333333333,0.6212121212121212,121
2023-10-01,1079,102,90,85,39,12,46,0.8823529411764706,0.4588235294117647,129
2023-10-02,1079,145,80,63,51,65,12,0.5517241379310345,0.8095238095238095,131
2023-10-03,1079,129,75,51,32,54,19,0.5813953488372093,0.6274509803921569,107
2023-10-04,1079,140,81,52,31,59,21,0.5785714285714286,0.5961538461538461,112
2023-10-05,1079,119,75,52,33,44,19,0.6302521008403361,0.6346153846153846,108
2023-10-06,1079,137,77,97,40,60,57,0.5620437956204379,0.41237113402061853,117
2023-10-07,1079,107,90,63,37,17,26,0.8411214953271028,0.5873015873015873,127
2023-10-08,1079,122,78,99,44,44,55,0.639344262295082,0.4444444444444444,122
2023-10-09,1079,131,89,99,34,42,65,0.6793893129770993,0.3434343434343434,123
2023-10-10,1079,104,68,52,35,36,17,0.6538461538461539,0.6730769230769231,103
2023-10-11,1079,117,72,91,44,45,47,0.6153846153846154,0.4835164835164835,116
2023-10-12,1079,103,77,95,39,26,56,0.7475728155339806,0.4105263157894737,116
2023-10-13,1079,141,83,59,44,58,15,0.5886524822695035,0.7457627118644068,127
2023-10-14,1079,145,56,100,43,89,57,0.38620689655172413,0.43,99
2023-10-15,1079,101,79,54,42,22,12,0.7821782178217822,0.7777777777777778,121
2023-10-16,1079,109,74,84,45,35,39,0.6788990825688074,0.5357142857142857,119
2023-10-17,1079,114,82,50,38,32,12,0.7192982456140351,0.76,120
2023-10-18,1079,131,78,68,49,53,19,0.5954198473282443,0.7205882352941176,127
2023-10-19,1079,124,79,59,47,45,12,0.6370967741935484,0.7966101694915254,126
2023-10-20,1079,149,88,57,30,61,27,0.5906040268456376,0.5263157894736842,118
2023-10-21,1079,143,85,94,36,58,58,0.5944055944055944,0.3829787234042553,121
2023-10-22,1079,127,83,75,36,44,39,0.6535433070866141,0.48,119
2023-10-23,1079,125,82,71,34,43,37,0.656,0.4788732394366197,116
2023-10-24,1079,140,74,89,45,66,44,0.5285714285714286,0.5056179775280899,119
2023-10-25,1079,130,90,57,34,40,23,0.6923076923076923,0.5964912280701754,124
2023-10-26,1079,107,87,73,38,20,35,0.8130841121495327,0.5205479452054794,125
2023-10-27,1079,116,84,78,50,32,28,0.7241379310344828,0.6410256410256411,134
2023-10-28,1079,113,83,68,34,30,34,0.7345132743362832,0.5,117
2023-10-29,1079,148,77,56,34,71,22,0.5202702702702703,0.6071428571428571,111
2023-10-30,1079,117,76,94,46,41,48,0.6495726495726496,0.48936170212765956,122
2023-10-31,1079,116,73,98,49,43,49,0.6293103448275862,0.5,122
2023-11-01,1079,118,76,51,27,42,24,0.6440677966101694,0.5294117647058824,103
2023-11-02,1079,114,90,66,38,24,28,0.7894736842105263,0.5757575757575758,128
2023-11-03,1079,123,79,85,48,44,37,0.6422764227642277,0.5647058823529412,127
2023-11-04,1079,144,86,79,28,58,51,0.5972222222222222,0.35443037974683544,114
2023-11-05,1079,123,62,71,32,61,39,0.5040650406504065,0.4507042253521127,94
2023-11-06,1079,115,61,92,41,54,51,0.5304347826086957,0.44565217391304346,102
2023-11-07,1079,123,76,98,40,47,58,0.6178861788617886,0.40816326530612246,116
2023-11-08,1079,134,72,52,36,62,16,0.5373134328358209,0.6923076923076923,108
2023-11-09,1079,113,90,89,31,23,58,0.7964601769911505,0.34831460674157305,121
2023-11-10,1079,139,88,65,41,51,24,0.6330935251798561,0.6307692307692307,129
2023-11-11,1079,109,76,77,39,33,38,0.6972477064220184,0.5064935064935064,115
2023-11-12,1079,146,72,58,40,74,18,0.4931506849315068,0.6896551724137931,112
2023-11-13,1079,113,74,70,48,39,22,0.6548672566371682,0.6857142857142857,122
2023-11-14,1079,116,93,73,42,23,31,0.8017241379310345,0.5753424657534246,135
2023-11-15,1079,115,81,61,37,34,24,0.7043478260869566,0.6065573770491803,118
2023-11-16,1079,109,78,65,41,31,24,0.7155963302752294,0.6307692307692307,119
2023-11-17,1079,106,71,100,51,35,49,0.6698113207547169,0.51,122
2023-11-18,1079,134,78,51,39,56,12,0.582089552238806,0.7647058823529411,117
2023-11-19,1079,117,71,91,38,46,53,0.6068376068376068,0.4175824175824176,109
2023-11-20,1079,148,88,90,23,60,67,0.5945945945945946,0.25555555555555554,111
2023-11-21,1079,138,82,64,36,56,28,0.5942028985507246,0.5625,118
2023-11-22,1079,105,77,95,38,28,57,0.7333333333333333,0.4,115
2023-11-23,1079,132,71,63,35,61,28,0.5378787878787878,0.5555555555555556,106
2023-11-24,1079,150,83,61,37,67,24,0.5533333333333333,0.6065573770491803,120
2023-11-25,1079,142,89,71,50,53,21,0.6267605633802817,0.704225352112676,139
2023-11-26,1079,138,86,92,42,52,50,0.6231884057971014,0.45652173913043476,128
2023-11-27,1079,135,81,95,41,54,54,0.6,0.43157894736842106,122
2023-11-28,1079,142,64,100,29,78,71,0.4507042253521127,0.29,93
2023-11-29,1079,115,77,64,27,38,37,0.6695652173913044,0.421875,104
2023-11-30,1079,124,77,84,56,47,28,0.6209677419354839,0.6666666666666666,133
2023-12-01,1079,111,79,56,39,32,17,0.7117117117117117,0.6964285714285714,118
2023-12-02,1079,128,89,51,37,39,14,0.6953125,0.7254901960784313,126
2023-12-03,1079,129,78,67,50,51,17,0.6046511627906976,0.746268656716418,128
2023-12-04,1079,103,78,68,46,25,22,0.7572815533980582,0.6764705882352942,124
2023-12-05,1079,112,80,93,35,32,58,0.7142857142857143,0.3763440860215054,115
2023-12-06,1079,148,92,69,43,56,26,0.6216216216216216,0.6231884057971014,135
2023-12-07,1079,100,77,67,35,23,32,0.77,0.5223880597014925,112
2023-12-08,1079,149,81,95,49,68,46,0.5436241610738255,0.5157894736842106,130
2023-12-09,1079,126,64,54,42,62,12,0.5079365079365079,0.7777777777777778,106
2023-12-10,1079,138,77,65,30,61,35,0.5579710144927537,0.46153846153846156,107
2023-12-11,1079,141,82,75,46,59,29,0.5815602836879432,0.6133333333333333,128
2023-12-12,1079,118,86,85,44,32,41,0.7288135593220338,0.5176470588235295,130
2023-12-13,1079,115,78,60,44,37,16,0.6782608695652174,0.7333333333333333,122
2023-12-14,1079,113,76,60,35,37,25,0.672566371681416,0.5833333333333334,111
2023-12-15,1079,143,86,66,35,57,31,0.6013986013986014,0.5303030303030303,121
2023-12-16,1079,100,69,88,37,31,51,0.69,0.42045454545454547,106
2023-12-17,1079,129,93,50,32,36,18,0.7209302325581395,0.64,125
2023-12-18,1079,124,75,100,39,49,61,0.6048387096774194,0.39,114
2023-12-19,1079,138,77,89,49,61,40,0.5579710144927537,0.550561797752809,126
2023-12-20,1079,110,75,89,35,35,54,0.6818181818181818,0.39325842696629215,110
2023-12-21,1079,104,85,95,48,19,47,0.8173076923076923,0.5052631578947369,133
2023-12-22,1079,112,83,62,48,29,14,0.7410714285714286,0.7741935483870968,131
2023-12-23,1079,143,85,71,49,58,22,0.5944055944055944,0.6901408450704225,134
2023-12-24,1079,106,76,83,44,30,39,0.71698113207547165,0.5301204819277109,120
2023-12-25,1079,105,72,89,41,33,48,0.6857142857142857,0.4606741573033708,113
2023-12-26,1079,109,74,100,41,35,59,0.6788990825688074,0.41,115
2023-12-27,1079,123,78,85,47,45,38,0.6341463414634146,0.5529411764705883,125
2023-12-28,1079,125,87,74,45,38,29,0.696,0.6081081081081081,132
2023-12-29,1079,116,83,78,40,33,38,0.7155172413793104,0.5128205128205128,123
2023-12-30,1079,112,69,78,30,43,48,0.6160714285714286,0.38461538461538464,99
2023-12-31,1079,100,71,57,41,29,16,0.71,0.7192982456140351,112
2023-01-01,1080,104,69,76,43,35,33,0.6634615384615384,0.5657894736842105,112
2023-01-02,1080,103,69,92,46,34,46,0.6699029126213593,0.5,115
2023-01-03,1080,130,73,84,29,57,55,0.5615384615384615,0.34523809523809523,102
2023-01-04,1080,127,82,98,34,45,64,0.6456692913385826,0.3469387755102041,116
2023-01-05,1080,148,69,98,40,79,58,0.46621621621621623,0.40816326530612246,109
2023-01-06,1080,131,80,61,40,51,21,0.6106870229007634,0.6557377049180327,120
2023-01-07,1080,130,89,81,50,41,31,0.6846153846153846,0.6172839506172839,139
2023-01-08,1080,139,96,60,40,43,20,0.6906474820143885,0.6666666666666666,136
2023-01-09,1080,117,82,86,55,35,31,0.7008547008547008,0.6395348837209303,137
2023-01-10,1080,126,94,53,49,32,4,0.746031746031746,0.9245283018867925,143
2023-01-11,1080,145,86,99,36,59,63,0.593103448275862,0.36363636363636365,122
2023-01-12,1080,127,86,53,47,41,6,0.6771653543307087,0.8867924528301887,133
2023-01-13,1080,120,76,96,43,44,53,0.6333333333333333,0.4479166666666667,119
2023-01-14,1080,148,88,70,38,60,32,0.5945945945945946,0.5428571428571428,126
2023-01-15,1080,131,80,62,30,51,32,0.6106870229007634,0.4838709677419355,110
2023-01-16,1080,148,81,60,35,67,25,0.5472972972972973,0.5833333333333334,116
2023-01-17,1080,131,83,73,41,48,32,0.6335877862595419,0.5616438356164384,124
2023-01-18,1080,138,92,59,36,46,23,0.6666666666666666,0.6101694915254238,128
2023-01-19,1080,136,85,50,50,51,0,0.625,1,135
2023-01-20,1080,130,81,68,39,49,29,0.6230769230769231,0.5735294117647058,120
2023-01-21,1080,127,78,51,43,49,8,0.6141732283464567,0.8431372549019608,121
2023-01-22,1080,142,79,65,48,63,17,0.5563380281690141,0.7384615384615385,127
2023-01-23,1080,108,90,90,42,18,48,0.8333333333333334,0.4666666666666667,132
2023-01-24,1080,138,80,71,23,58,48,0.5797101449275363,0.323943661971831,103
2023-01-25,1080,128,62,58,32,66,26,0.484375,0.5517241379310345,94
2023-01-26,1080,116,76,59,36,40,23,0.6551724137931034,0.6101694915254238,112
2023-01-27,1080,117,82,51,30,35,21,0.7008547008547008,0.5882352941176471,112
2023-01-28,1080,135,82,87,40,53,47,0.6074074074074074,0.45977011494252873,122
2023-01-29,1080,106,80,77,38,26,39,0.7547169811320755,0.4935064935064935,118
2023-01-30,1080,141,86,100,40,55,60,0.6099290780141844,0.4,126
2023-01-31,1080,122,95,57,34,27,23,0.7786885245901639,0.5964912280701754,129
2023-02-01,1080,142,71,96,51,71,45,0.5,0.53125,122
2023-02-02,1080,141,89,93,36,52,57,0.6312056737588653,0.3870967741935484,125
2023-02-03,1080,134,90,60,40,44,20,0.6716417910447762,0.6666666666666666,130
2023-02-04,1080,124,85,88,30,39,58,0.6854838709677419,0.3409090909090909,115
2023-02-05,1080,136,86,96,42,50,54,0.6323529411764706,0.4375,128
2023-02-06,1080,142,91,50,45,51,5,0.6408450704225352,0.9,136
2023-02-07,1080,120,75,79,47,45,32,0.625,0.5949367088607594,122
2023-02-08,1080,141,81,59,34,60,25,0.574468085106383,0.576271186440678,115
2023-02-09,1080,126,86,75,32,40,43,0.6825396825396826,0.4266666666666667,118
2023-02-10,1080,121,82,86,44,39,42,0.6776859504132231,0.5116279069767442,126
2023-02-11,1080,135,59,67,52,76,15,0.43703703703703706,0.7761194029850746,111
2023-02-12,1080,108,86,94,50,22,44,0.7962962962962963,0.5319148936170213,136
2023-02-13,1080,125,69,82,38,56,44,0.552,0.4634146341463415,107
2023-02-14,1080,136,75,59,29,61,30,0.5514705882352942,0.4915254237288136,104
2023-02-15,1080,111,71,95,39,40,56,0.6396396396396397,0.4105263157894737,110
2023-02-16,1080,143,83,57,35,60,22,0.5804195804195804,0.6140350877192983,118
2023-02-17,1080,120,89,82,42,31,40,0.7416666666666667,0.5121951219512195,131
2023-02-18,1080,147,68,89,46,79,43,0.46258503401360546,0.5168539325842697,114
2023-02-19,1080,130,76,80,46,54,34,0.5846153846153846,0.575,122
2023-02-20,1080,130,96,66,37,34,29,0.7384615384615385,0.5606060606060606,133
2023-02-21,1080,127,101,70,52,26,18,0.7952755905511811,0.7428571428571429,153
2023-02-22,1080,141,83,100,52,58,48,0.5886524822695035,0.52,135
2023-02-23,1080,126,66,92,43,60,49,0.5238095238095238,0.4673913043478261,109
2023-02-24,1080,119,75,91,34,44,57,0.6302521008403361,0.37362637362637363,109
2023-02-25,1080,130,74,88,40,56,48,0.5692307692307692,0.45454545454545453,114
2023-02-26,1080,131,77,73,36,54,37,0.5877862595419847,0.4931506849315068,113
2023-02-27,1080,132,79,90,52,53,38,0.5984848484848485,0.5777777777777777,131
2023-02-28,1080,145,84,81,53,61,28,0.5793103448275863,0.654320987654321,137
2023-03-01,1080,118,75,61,40,43,21,0.635593220338983,0.6557377049180327,115
2023-03-02,1080,143,81,90,39,62,51,0.5664335664335665,0.43333333333333335,120
2023-03-03,1080,150,71,96,35,79,61,0.47333333333333333,0.3645833333333333,106
2023-03-04,1080,102,72,63,39,30,24,0.7058823529411765,0.6190476190476191,111
2023-03-05,1080,146,75,91,39,71,52,0.5136986301369864,0.42857142857142855,114
2023-03-06,1080,125,69,71,50,56,21,0.552,0.704225352112676,119
2023-03-07,1080,114,69,96,41,45,55,0.6052631578947368,0.4270833333333333,110
2023-03-08,1080,100,100,75,40,0,35,1,0.5333333333333333,140
2023-03-09,1080,129,81,53,37,48,16,0.627906976744186,0.6981132075471698,118
2023-03-10,1080,128,81,52,30,47,22,0.6328125,0.5769230769230769,111
2023-03-11,1080,100,84,92,40,16,52,0.84,0.43478260869565216,124
2023-03-12,1080,115,87,65,43,28,22,0.7565217391304347,0.6615384615384615,130
2023-03-13,1080,150,78,93,38,72,55,0.52,0.40860215053763443,116
2023-03-14,1080,123,82,85,45,41,40,0.6666666666666666,0.5294117647058824,127
2023-03-15,1080,122,75,51,37,47,14,0.6147540983606558,0.7254901960784313,112
2023-03-16,1080,120,97,75,45,23,30,0.8083333333333333,0.6,142
2023-03-17,1080,100,89,58,35,11,23,0.89,0.603448275862069,124
2023-03-18,1080,147,96,96,42,51,54,0.6530612244897959,0.4375,138
2023-03-19,1080,114,66,82,41,48,41,0.5789473684210527,0.5,107
2023-03-20,1080,123,67,100,47,56,53,0.5447154471544715,0.47,114
2023-03-21,1080,149,79,73,48,70,25,0.5302013422818792,0.6575342465753424,127
2023-03-22,1080,117,66,54,33,51,21,0.5641025641025641,0.6111111111111112,99
2023-03-23,1080,125,94,98,44,31,54,0.752,0.4489795918367347,138
2023-03-24,1080,150,77,97,40,73,57,0.5133333333333333,0.41237113402061853,117
2023-03-25,1080,122,70,79,28,52,51,0.5737704918032787,0.35443037974683544,98
2023-03-26,1080,110,85,50,42,25,8,0.7727272727272727,0.84,127
2023-03-27,1080,135,91,70,29,44,41,0.674074074074074,0.4142857142857143,120
2023-03-28,1080,120,70,65,40,50,25,0.5833333333333334,0.6153846153846154,110
2023-03-29,1080,128,82,60,35,46,25,0.640625,0.5833333333333334,117
2023-03-30,1080,100,84,79,37,16,42,0.84,0.46835443037974683,121
2023-03-31,1080,119,91,66,45,28,21,0.7647058823529411,0.6818181818181818,136
2023-04-01,1080,125,64,67,51,61,16,0.512,0.7611940298507462,115
2023-04-02,1080,101,87,59,46,14,13,0.8613861386138614,0.7796610169491526,133
2023-04-03,1080,124,91,69,31,33,38,0.7338709677419355,0.4492753623188406,122
2023-04-04,1080,124,73,98,47,51,51,0.5887096774193549,0.47959183673469385,120
2023-04-05,1080,132,87,75,32,45,43,0.6590909090909091,0.4266666666666667,119
2023-04-06,1080,119,84,74,36,35,38,0.7058823529411765,0.4864864864864865,120
2023-04-07,1080,146,95,78,42,51,36,0.6506849315068494,0.5384615384615384,137
2023-04-08,1080,116,81,71,38,35,33,0.6982758620689655,0.5352112676056338,119
2023-04-09,1080,112,79,99,41,33,58,0.7053571428571429,0.41414141414141414,120
2023-04-10,1080,147,89,68,42,58,26,0.6054421768707483,0.6176470588235294,131
2023-04-11,1080,121,72,72,41,49,31,0.5950413223140496,0.5694444444444444,113
2023-04-12,1080,112,79,88,53,33,35,0.7053571428571429,0.6022727272727273,132
2023-04-13,1080,109,84,77,43,25,34,0.7706422018348624,0.5584415584415584,127
2023-04-14,1080,142,71,78,49,71,29,0.5,0.6282051282051282,120
2023-04-15,1080,130,106,99,47,24,52,0.8153846153846154,0.47474747474747475,153
2023-04-16,1080,147,76,86,38,71,48,0.5170068027210885,0.4418604651162791,114
2023-04-17,1080,118,81,62,45,37,17,0.6864406779661016,0.7258064516129032,126
2023-04-18,1080,141,69,67,44,72,23,0.48936170212765956,0.6567164179104478,113
2023-04-19,1080,148,68,58,45,80,13,0.4594594594594595,0.7758620689655172,113
2023-04-20,1080,133,81,62,40,52,22,0.6090225563909775,0.6451612903225806,121
2023-04-21,1080,103,79,74,48,24,26,0.7669902912621359,0.6486486486486487,127
2023-04-22,1080,102,87,50,48,15,2,0.8529411764705882,0.96,135
2023-04-23,1080,130,70,94,33,60,61,0.5384615384615384,0.35106382978723405,103
2023-04-24,1080,133,73,63,36,60,27,0.5488721804511278,0.5714285714285714,109
2023-04-25,1080,135,83,88,35,52,53,0.6148148148148148,0.3977272727272727,118
2023-04-26,1080,141,82,53,49,59,4,0.5815602836879432,0.9245283018867925,131
2023-04-27,1080,111,69,52,35,42,17,0.6216216216216216,0.6730769230769231,104
2023-04-28,1080,104,68,69,39,36,30,0.6538461538461539,0.5652173913043478,107
2023-04-29,1080,128,78,96,39,50,57,0.609375,0.40625,117
2023-04-30,1080,148,76,72,37,72,35,0.5135135135135135,0.5138888888888888,113
2023-05-01,1080,103,82,50,39,21,11,0.7961165048543689,0.78,121
2023-05-02,1080,107,76,72,53,31,19,0.7102803738317757,0.7361111111111112,129
2023-05-03,1080,114,73,100,36,41,64,0.6403508771929824,0.36,109
2023-05-04,1080,136,81,75,38,55,37,0.5955882352941176,0.5066666666666667,119
2023-05-05,1080,114,76,67,49,38,18,0.6666666666666666,0.7313432835820896,125
2023-05-06,1080,143,87,68,44,56,24,0.6083916083916084,0.6470588235294118,131
2023-05-07,1080,129,81,82,36,48,46,0.627906976744186,0.43902439024390244,117
2023-05-08,1080,148,77,74,36,71,38,0.5202702702702703,0.4864864864864865,113
2023-05-09,1080,115,82,84,52,33,32,0.7130434782608696,0.6190476190476191,134
2023-05-10,1080,144,86,96,44,58,52,0.5972222222222222,0.4583333333333333,130
2023-05-11,1080,134,86,65,44,48,21,0.6417910447761194,0.676923076923077,130
2023-05-12,1080,128,80,57,39,48,18,0.625,0.6842105263157895,119
2023-05-13,1080,144,61,96,28,83,68,0.4236111111111111,0.2916666666666667,89
2023-05-14,1080,103,84,98,37,19,61,0.8155339805825242,0.37755102040816324,121
2023-05-15,1080,113,86,64,45,27,19,0.7610619469026548,0.703125,131
2023-05-16,1080,115,65,60,49,50,11,0.5652173913043478,0.8166666666666667,114
2023-05-17,1080,134,81,90,35,53,55,0.6044776119402985,0.3888888888888889,116
2023-05-18,1080,127,65,68,44,62,24,0.5118110236220472,0.6470588235294118,109
2023-05-19,1080,120,79,63,29,41,34,0.6583333333333333,0.4603174603174603,108
2023-05-20,1080,131,95,67,35,36,32,0.7251908396946565,0.5223880597014925,130
2023-05-21,1080,110,86,62,35,24,27,0.7818181818181819,0.5645161290322581,121
2023-05-22,1080,117,70,54,34,47,20,0.5982905982905983,0.6296296296296297,104
2023-05-23,1080,113,87,100,46,26,54,0.7699115044247787,0.46,133
2023-05-24,1080,109,78,84,40,31,44,0.7155963302752294,0.47619047619047616,118
2023-05-25,1080,110,80,100,40,30,60,0.7272727272727273,0.4,120
2023-05-26,1080,104,79,64,32,25,32,0.7596153846153846,0.5,111
2023-05-27,1080,140,90,79,50,50,29,0.6428571428571429,0.6329113924050633,140
2023-05-28,1080,125,92,77,50,33,27,0.736,0.6493506493506493,142
2023-05-29,1080,135,73,84,36,62,48,0.5407407407407407,0.42857142857142855,109
2023-05-30,1080,119,73,84,50,46,34,0.6134453781512605,0.5952380952380952,123
2023-05-31,1080,119,85,71,33,34,38,0.7142857142857143,0.4647887323943662,118
2023-06-01,1080,110,83,74,36,27,38,0.7545454545454545,0.4864864864864865,119
2023-06-02,1080,109,76,69,40,33,29,0.6972477064220184,0.5797101449275363,116
2023-06-03,1080,112,75,65,35,37,30,0.6696428571428571,0.5384615384615384,110
2023-06-04,1080,113,79,87,36,34,51,0.6991150442477876,0.41379310344827586,115
2023-06-05,1080,131,72,95,47,59,48,0.549618320610687,0.49473684210526314,119
2023-06-06,1080,132,80,50,35,52,15,0.6060606060606061,0.7,115
2023-06-07,1080,100,76,53,38,24,15,0.76,0.71698113207547165,114
2023-06-08,1080,116,83,54,39,33,15,0.7155172413793104,0.7222222222222222,122
2023-06-09,1080,148,71,51,34,77,17,0.4797297297297297,0.6666666666666666,105
2023-06-10,1080,134,73,93,49,61,44,0.5447761194029851,0.5268817204301075,122
2023-06-11,1080,144,84,66,32,60,34,0.5833333333333334,0.48484848484848486,116
2023-06-12,1080,109,83,60,39,26,21,0.7614678899082569,0.65,122
2023-06-13,1080,134,83,85,50,51,35,0.6194029850746269,0.5882352941176471,133
2023-06-14,1080,101,84,64,52,17,12,0.8316831683168316,0.8125,136
2023-06-15,1080,101,90,56,34,11,22,0.8910891089108911,0.6071428571428571,124
2023-06-16,1080,132,83,61,51,49,10,0.6287878787878788,0.8360655737704918,134
2023-06-17,1080,142,73,72,29,69,43,0.5140845070422535,0.4027777777777778,102
2023-06-18,1080,134,77,69,36,57,33,0.5746268656716418,0.5217391304347826,113
2023-06-19,1080,129,79,90,33,50,57,0.6124031007751938,0.36666666666666664,112
2023-06-20,1080,133,89,92,39,44,53,0.6691729323308271,0.42391304347826086,128
2023-06-21,1080,147,75,84,32,72,52,0.5102040816326531,0.38095238095238093,107
2023-06-22,1080,131,80,52,45,51,7,0.6106870229007634,0.8653846153846154,125
2023-06-23,1080,133,73,55,49,60,6,0.5488721804511278,0.8909090909090909,122
2023-06-24,1080,129,92,82,34,37,48,0.7131782945736435,0.4146341463414634,126
2023-06-25,1080,137,79,69,36,58,33,0.5766423357664233,0.5217391304347826,115
2023-06-26,1080,149,76,57,28,73,29,0.5100671140939598,0.49122807017543857,104
2023-06-27,1080,143,71,56,51,72,5,0.4965034965034965,0.9107142857142857,122
2023-06-28,1080,120,76,80,37,44,43,0.6333333333333333,0.4625,113
2023-06-29,1080,123,72,78,36,51,42,0.5853658536585366,0.46153846153846156,108
2023-06-30,1080,126,71,59,30,55,29,0.5634920634920635,0.5084745762711864,101
2023-07-01,1080,149,79,77,46,70,31,0.5302013422818792,0.5974025974025974,125
2023-07-02,1080,135,72,58,42,63,16,0.5333333333333333,0.7241379310344828,114
2023-07-03,1080,143,75,89,36,68,53,0.5244755244755245,0.4044943820224719,111
2023-07-04,1080,130,80,92,49,50,43,0.6153846153846154,0.532608695652174,129
2023-07-05,1080,129,77,75,39,52,36,0.5968992248062015,0.52,116
2023-07-06,1080,104,77,53,41,27,12,0.7403846153846154,0.7735849056603774,118
2023-07-07,1080,140,63,92,34,77,58,0.45,0.3695652173913043,97
2023-07-08,1080,125,82,76,52,43,24,0.656,0.6842105263157895,134
2023-07-09,1080,141,76,76,42,65,34,0.5390070921985816,0.5526315789473685,118
2023-07-10,1080,100,94,53,53,6,0,0.94,1,147
2023-07-11,1080,141,90,58,41,51,17,0.6382978723404256,0.7068965517241379,131
2023-07-12,1080,125,80,66,45,45,21,0.64,0.6818181818181818,125
2023-07-13,1080,101,84,89,41,17,48,0.8316831683168316,0.4606741573033708,125
2023-07-14,1080,107,69,75,33,38,42,0.6448598130841121,0.44,102
2023-07-15,1080,104,90,55,44,14,11,0.8653846153846154,0.8,134
2023-07-16,1080,113,74,67,41,39,26,0.6548672566371682,0.6119402985074627,115
2023-07-17,1080,118,82,74,42,36,32,0.6949152542372882,0.5675675675675675,124
2023-07-18,1080,142,76,80,30,66,50,0.5352112676056338,0.375,106
2023-07-19,1080,120,70,62,42,50,20,0.5833333333333334,0.6774193548387096,112
2023-07-20,1080,150,101,67,51,49,16,0.6733333333333333,0.7611940298507462,152
2023-07-21,1080,137,83,81,48,54,33,0.6058394160583942,0.5925925925925926,131
2023-07-22,1080,109,91,94,32,18,62,0.8348623853211009,0.3404255319148936,123
2023-07-23,1080,106,82,64,40,24,24,0.7735849056603774,0.625,122
2023-07-24,1080,119,83,62,44,36,18,0.6974789915966386,0.7096774193548387,127
2023-07-25,1080,110,54,77,40,56,37,0.4909090909090909,0.5194805194805194,94
2023-07-26,1080,139,90,79,54,49,25,0.6474820143884892,0.6835443037974683,144
2023-07-27,1080,142,95,72,40,47,32,0.6690140845070423,0.5555555555555556,135
2023-07-28,1080,142,76,68,43,66,25,0.5352112676056338,0.6323529411764706,119
2023-07-29,1080,124,78,74,40,46,34,0.6290322580645161,0.5405405405405406,118
2023-07-30,1080,142,77,82,40,65,42,0.5422535211267606,0.4878048780487805,117
2023-07-31,1080,118,65,56,36,53,20,0.5508474576271186,0.6428571428571429,101
2023-08-01,1080,125,78,78,37,47,41,0.624,0.47435897435897434,115
2023-08-02,1080,143,73,51,41,70,10,0.5104895104895105,0.803921568627451,114
2023-08-03,1080,123,74,73,40,49,33,0.6016260162601627,0.547945205479452,114
2023-08-04,1080,124,81,55,48,43,7,0.6532258064516129,0.8727272727272727,129
2023-08-05,1080,107,73,58,38,34,20,0.6822429906542056,0.6551724137931034,111
2023-08-06,1080,136,97,88,41,39,47,0.7132352941176471,0.4659090909090909,138
2023-08-07,1080,146,77,85,35,69,50,0.5273972602739726,0.4117647058823529,112
2023-08-08,1080,121,90,84,31,31,53,0.743801652892562,0.36904761904761907,121
2023-08-09,1080,128,97,98,40,31,58,0.7578125,0.40816326530612246,137
2023-08-10,1080,121,74,83,34,47,49,0.6115702479338843,0.40963855421686746,108
2023-08-11,1080,104,83,78,37,21,41,0.7980769230769231,0.47435897435897434,120
2023-08-12,1080,104,81,75,48,23,27,0.7788461538461539,0.64,129
2023-08-13,1080,127,76,88,34,51,54,0.5984251968503937,0.38636363636363635,110
2023-08-14,1080,127,78,53,44,49,9,0.6141732283464567,0.8301886792452831,122
2023-08-15,1080,109,83,93,53,26,40,0.7614678899082569,0.5698924731182796,136
2023-08-16,1080,135,92,96,46,43,50,0.6814814814814815,0.4791666666666667,138
2023-08-17,1080,150,68,97,44,82,53,0.4533333333333333,0.4536082474226804,112
2023-08-18,1080,115,68,81,29,47,52,0.591304347826087,0.35802469135802467,97
2023-08-19,1080,107,80,99,32,27,67,0.7476635514018691,0.32323232323232326,112
2023-08-20,1080,135,86,75,49,49,26,0.6370370370370371,0.6533333333333333,135
2023-08-21,1080,142,78,83,43,64,40,0.5492957746478874,0.5180722891566265,121
2023-08-22,1080,146,80,86,41,66,45,0.547945205479452,0.47674418604651164,121
2023-08-23,1080,125,70,50,37,55,13,0.56,0.74,107
2023-08-24,1080,108,84,54,29,24,25,0.7777777777777778,0.5370370370370371,113
2023-08-25,1080,143,80,72,50,63,22,0.5594405594405595,0.6944444444444444,130
2023-08-26,1080,105,101,62,44,4,18,0.9619047619047619,0.7096774193548387,145
2023-08-27,1080,113,63,69,37,50,32,0.5575221238938053,0.5362318840579711,100
2023-08-28,1080,106,81,65,51,25,14,0.7641509433962265,0.7846153846153846,132
2023-08-29,1080,111,83,86,46,28,40,0.7477477477477478,0.5348837209302325,129
2023-08-30,1080,122,93,80,35,29,45,0.7622950819672131,0.4375,128
2023-08-31,1080,126,85,52,41,41,11,0.6746031746031746,0.7884615384615384,126
2023-09-01,1080,115,83,50,40,32,10,0.7217391304347827,0.8,123
2023-09-02,1080,150,71,62,31,79,31,0.47333333333333333,0.5,102
2023-09-03,1080,148,89,93,52,59,41,0.6013513513513513,0.5591397849462365,141
2023-09-04,1080,149,69,97,35,80,62,0.46308724832214765,0.36082474226804123,104
2023-09-05,1080,101,74,99,42,27,57,0.7326732673267327,0.42424242424242425,116
2023-09-06,1080,129,83,51,35,46,16,0.6434108527131783,0.6862745098039216,118
2023-09-07,1080,118,84,93,40,34,53,0.711864406779661,0.43010752688172044,124
2023-09-08,1080,148,79,67,49,69,18,0.5337837837837838,0.7313432835820896,128
2023-09-09,1080,128,75,63,41,53,22,0.5859375,0.6507936507936508,116
2023-09-10,1080,138,89,75,37,49,38,0.644927536231884,0.49333333333333335,126
2023-09-11,1080,102,80,74,32,22,42,0.7843137254901961,0.43243243243243246,112
2023-09-12,1080,121,84,57,35,37,22,0.6942148760330579,0.6140350877192983,119
2023-09-13,1080,114,63,100,43,51,57,0.5526315789473685,0.43,106
2023-09-14,1080,149,86,86,40,63,46,0.5771812080536913,0.46511627906976744,126
2023-09-15,1080,122,68,51,34,54,17,0.5573770491803278,0.6666666666666666,102
2023-09-16,1080,133,81,73,48,52,25,0.6090225563909775,0.6575342465753424,129
2023-09-17,1080,121,88,92,37,33,55,0.7272727272727273,0.40217391304347827,125
2023-09-18,1080,142,83,84,37,59,47,0.5845070422535211,0.44047619047619047,120
2023-09-19,1080,105,65,57,38,40,19,0.6190476190476191,0.6666666666666666,103
2023-09-20,1080,125,79,70,38,46,32,0.632,0.5428571428571428,117
2023-09-21,1080,132,91,87,37,41,50,0.6893939393939394,0.42528735632183906,128
2023-09-22,1080,144,78,94,43,66,51,0.5416666666666666,0.4574468085106383,121
2023-09-23,1080,119,72,93,31,47,62,0.6050420168067226,0.3333333333333333,103
2023-09-24,1080,128,81,75,25,47,50,0.6328125,0.3333333333333333,106
2023-09-25,1080,140,77,64,44,63,20,0.55,0.6875,121
2023-09-26,1080,111,82,96,27,29,69,0.7387387387387387,0.28125,109
2023-09-27,1080,130,97,71,35,33,36,0.7461538461538462,0.49295774647887325,132
2023-09-28,1080,112,74,70,42,38,28,0.6607142857142857,0.6,116
2023-09-29,1080,149,75,92,46,74,46,0.5033557046979866,0.5,121
2023-09-30,1080,102,79,97,47,23,50,0.7745098039215687,0.4845360824742268,126
2023-10-01,1080,133,101,81,44,32,37,0.7593984962406015,0.5432098765432098,145
2023-10-02,1080,131,75,93,42,56,51,0.5725190839694656,0.45161290322580644,117
2023-10-03,1080,117,92,91,50,25,41,0.7863247863247863,0.5494505494505495,142
2023-10-04,1080,127,73,75,33,54,42,0.5748031496062992,0.44,106
2023-10-05,1080,122,78,59,32,44,27,0.639344262295082,0.5423728813559322,110
2023-10-06,1080,132,86,96,33,46,63,0.6515151515151515,0.34375,119
2023-10-07,1080,129,96,92,34,33,58,0.7441860465116279,0.3695652173913043,130
2023-10-08,1080,128,87,97,43,41,54,0.6796875,0.44329896907216493,130
2023-10-09,1080,146,83,81,43,63,38,0.5684931506849316,0.5308641975308642,126
2023-10-10,1080,143,77,57,43,66,14,0.5384615384615384,0.7543859649122807,120
2023-10-11,1080,107,84,71,37,23,34,0.7850467289719626,0.5211267605633803,121
2023-10-12,1080,116,88,80,35,28,45,0.7586206896551724,0.4375,123
2023-10-13,1080,134,79,81,45,55,36,0.5895522388059702,0.5555555555555556,124
2023-10-14,1080,124,70,91,48,54,43,0.5645161290322581,0.5274725274725275,118
2023-10-15,1080,132,99,76,48,33,28,0.75,0.631578947368421,147
2023-10-16,1080,101,76,94,44,25,50,0.7524752475247525,0.46808510638297873,120
2023-10-17,1080,115,76,88,43,39,45,0.6608695652173913,0.48863636363636365,119
2023-10-18,1080,138,96,66,36,42,30,0.6956521739130435,0.5454545454545454,132
2023-10-19,1080,107,82,77,37,25,40,0.7663551401869159,0.4805194805194805,119
2023-10-20,1080,110,68,55,38,42,17,0.6181818181818182,0.6909090909090909,106
2023-10-21,1080,138,100,62,43,38,19,0.7246376811594203,0.6935483870967742,143
2023-10-22,1080,149,85,53,35,64,18,0.5704697986577181,0.660377358490566,120
2023-10-23,1080,138,69,56,34,69,22,0.5,0.6071428571428571,103
2023-10-24,1080,132,59,77,32,73,45,0.44696969696969696,0.4155844155844156,91
2023-10-25,1080,120,84,93,46,36,47,0.7,0.4946236559139785,130
2023-10-26,1080,136,84,78,36,52,42,0.6176470588235294,0.46153846153846156,120
2023-10-27,1080,148,80,78,44,68,34,0.5405405405405406,0.5641025641025641,124
2023-10-28,1080,110,86,80,37,24,43,0.7818181818181819,0.4625,123
2023-10-29,1080,102,75,78,49,27,29,0.7352941176470589,0.6282051282051282,124
2023-10-30,1080,144,80,83,37,64,46,0.5555555555555556,0.4457831325301205,117
2023-10-31,1080,118,76,59,39,42,20,0.6440677966101694,0.6610169491525424,115
2023-11-01,1080,129,77,54,43,52,11,0.5968992248062015,0.7962962962962963,120
2023-11-02,1080,121,83,100,33,38,67,0.6859504132231405,0.33,116
2023-11-03,1080,142,92,51,49,50,2,0.647887323943662,0.9607843137254902,141
2023-11-04,1080,118,74,56,34,44,22,0.6271186440677966,0.6071428571428571,108
2023-11-05,1080,117,84,86,39,33,47,0.717948717948718,0.45348837209302323,123
2023-11-06,1080,100,77,63,48,23,15,0.77,0.7619047619047619,125
2023-11-07,1080,116,81,91,33,35,58,0.6982758620689655,0.3626373626373626,114
2023-11-08,1080,113,64,93,40,49,53,0.5663716814159292,0.43010752688172044,104
2023-11-09,1080,110,82,51,46,28,5,0.7454545454545455,0.9019607843137255,128
2023-11-10,1080,143,79,99,44,64,55,0.5524475524475524,0.4444444444444444,123
2023-11-11,1080,117,76,99,52,41,47,0.6495726495726496,0.5252525252525253,128
2023-11-12,1080,126,73,65,47,53,18,0.5793650793650794,0.7230769230769231,120
2023-11-13,1080,149,85,91,29,64,62,0.5704697986577181,0.31868131868131866,114
2023-11-14,1080,130,81,79,40,49,39,0.6230769230769231,0.5063291139240507,121
2023-11-15,1080,127,81,85,40,46,45,0.6377952755905512,0.47058823529411764,121
2023-11-16,1080,141,75,79,42,66,37,0.5319148936170213,0.5316455696202531,117
2023-11-17,1080,131,77,96,33,54,63,0.5877862595419847,0.34375,110
2023-11-18,1080,121,69,59,35,52,24,0.5702479338842975,0.5932203389830508,104
2023-11-19,1080,139,79,82,46,60,36,0.5683453237410072,0.5609756097560976,125
2023-11-20,1080,106,70,85,35,36,50,0.660377358490566,0.4117647058823529,105
2023-11-21,1080,139,91,69,41,48,28,0.6546762589928058,0.5942028985507246,132
2023-11-22,1080,115,82,75,31,33,44,0.7130434782608696,0.41333333333333333,113
2023-11-23,1080,139,74,53,50,65,3,0.5323741007194245,0.9433962264150944,124
2023-11-24,1080,139,73,72,42,66,30,0.5251798561151079,0.5833333333333334,115
2023-11-25,1080,148,68,78,41,80,37,0.4594594594594595,0.5256410256410257,109
2023-11-26,1080,125,79,94,43,46,51,0.632,0.4574468085106383,122
2023-11-27,1080,150,86,78,32,64,46,0.5733333333333334,0.41025641025641024,118
2023-11-28,1080,108,94,66,58,14,8,0.8703703703703703,0.8787878787878788,152
2023-11-29,1080,105,71,74,24,34,50,0.6761904761904762,0.32432432432432434,95
2023-11-30,1080,102,77,69,36,25,33,0.7549019607843137,0.5217391304347826,113
2023-12-01,1080,133,79,98,45,54,53,0.5939849624060151,0.45918367346938777,124
2023-12-02,1080,147,65,100,35,82,65,0.4421768707482993,0.35,100
2023-12-03,1080,127,78,87,42,49,45,0.6141732283464567,0.4827586206896552,120
2023-12-04,1080,141,89,63,45,52,18,0.6312056737588653,0.7142857142857143,134
2023-12-05,1080,150,74,59,40,76,19,0.49333333333333335,0.6779661016949152,114
2023-12-06,1080,103,93,58,43,10,15,0.9029126213592233,0.7413793103448276,136
2023-12-07,1080,107,73,67,39,34,28,0.6822429906542056,0.582089552238806,112
2023-12-08,1080,137,88,84,41,49,43,0.6423357664233577,0.4880952380952381,129
2023-12-09,1080,128,76,79,26,52,53,0.59375,0.3291139240506329,102
2023-12-10,1080,132,75,76,48,57,28,0.5681818181818182,0.631578947368421,123
2023-12-11,1080,102,79,89,38,23,51,0.7745098039215687,0.42696629213483145,117
2023-12-12,1080,114,68,86,42,46,44,0.5964912280701754,0.4883720930232558,110
2023-12-13,1080,123,82,86,47,41,39,0.6666666666666666,0.5465116279069767,129
2023-12-14,1080,125,83,73,46,42,27,0.664,0.6301369863013698,129
2023-12-15,1080,127,73,75,31,54,44,0.5748031496062992,0.41333333333333333,104
2023-12-16,1080,149,78,88,47,71,41,0.5234899328859061,0.5340909090909091,125
2023-12-17,1080,112,93,87,44,19,43,0.8303571428571429,0.5057471264367817,137
2023-12-18,1080,106,84,79,38,22,41,0.7924528301886793,0.4810126582278481,122
2023-12-19,1080,118,82,100,43,36,57,0.6949152542372882,0.43,125
2023-12-20,1080,105,79,74,38,26,36,0.7523809523809524,0.5135135135135135,117
2023-12-21,1080,142,73,82,51,69,31,0.5140845070422535,0.6219512195121951,124
2023-12-22,1080,111,65,75,40,46,35,0.5855855855855856,0.5333333333333333,105
2023-12-23,1080,145,67,84,32,78,52,0.46206896551724136,0.38095238095238093,99
2023-12-24,1080,108,76,89,38,32,51,0.7037037037037037,0.42696629213483145,114
2023-12-25,1080,116,70,76,45,46,31,0.603448275862069,0.5921052631578947,115
2023-12-26,1080,111,68,62,48,43,14,0.6126126126126126,0.7741935483870968,116
2023-12-27,1080,116,69,64,41,47,23,0.5948275862068966,0.640625,110
2023-12-28,1080,128,83,83,33,45,50,0.6484375,0.39759036144578314,116
2023-12-29,1080,109,79,95,40,30,55,0.7247706422018348,0.42105263157894735,119
2023-12-30,1080,122,78,69,40,44,29,0.639344262295082,0.5797101449275363,118
2023-12-31,1080,147,73,54,44,74,10,0.4965986394557823,0.8148148148148148,117
2023-01-01,1081,116,87,68,38,29,30,0.75,0.5588235294117647,125
2023-01-02,1081,121,74,85,53,47,32,0.6115702479338843,0.6235294117647059,127
2023-01-03,1081,128,86,70,41,42,29,0.671875,0.5857142857142857,127
2023-01-04,1081,149,70,86,39,79,47,0.4697986577181208,0.45348837209302323,109
2023-01-05,1081,139,65,59,45,74,14,0.4676258992805755,0.7627118644067796,110
2023-01-06,1081,103,66,66,54,37,12,0.6407766990291263,0.8181818181818182,120
2023-01-07,1081,119,103,62,33,16,29,0.865546218487395,0.532258064516129,136
2023-01-08,1081,142,81,69,27,61,42,0.5704225352112676,0.391304347826087,108
2023-01-09,1081,114,99,59,33,15,26,0.868421052631579,0.559322033898305,132
2023-01-10,1081,129,65,92,49,64,43,0.5038759689922481,0.532608695652174,114
2023-01-11,1081,132,83,77,36,49,41,0.6287878787878788,0.4675324675324675,119
2023-01-12,1081,139,81,67,36,58,31,0.5827338129496403,0.5373134328358209,117
2023-01-13,1081,127,61,70,41,66,29,0.48031496062992124,0.5857142857142857,102
2023-01-14,1081,147,83,83,48,64,35,0.564625850340136,0.5783132530120482,131
2023-01-15,1081,116,71,98,34,45,64,0.6120689655172413,0.3469387755102041,105
2023-01-16,1081,129,78,82,46,51,36,0.6046511627906976,0.5609756097560976,124
2023-01-17,1081,134,83,87,39,51,48,0.6194029850746269,0.4482758620689655,122
2023-01-18,1081,138,85,95,35,53,60,0.6159420289855072,0.3684210526315789,120
2023-01-19,1081,140,106,76,44,34,32,0.7571428571428571,0.5789473684210527,150
2023-01-20,1081,124,87,61,41,37,20,0.7016129032258065,0.6721311475409836,128
2023-01-21,1081,114,77,50,37,37,13,0.6754385964912281,0.74,114
2023-01-22,1081,144,88,61,32,56,29,0.6111111111111112,0.5245901639344263,120
2023-01-23,1081,121,115,89,52,6,37,0.9504132231404959,0.5842696629213483,167
2023-01-24,1081,123,65,88,40,58,48,0.5284552845528455,0.45454545454545453,105
2023-01-25,1081,105,75,98,37,30,61,0.7142857142857143,0.37755102040816324,112
2023-01-26,1081,101,76,55,37,25,18,0.7524752475247525,0.6727272727272727,113
2023-01-27,1081,109,82,94,41,27,53,0.7522935779816514,0.43617021276595747,123
2023-01-28,1081,134,71,75,47,63,28,0.5298507462686567,0.6266666666666667,118
2023-01-29,1081,138,73,98,36,65,62,0.5289855072463768,0.3673469387755102,109
2023-01-30,1081,113,86,87,36,27,51,0.7610619469026548,0.41379310344827586,122
2023-01-31,1081,108,71,77,39,37,38,0.6574074074074074,0.5064935064935064,110
2023-02-01,1081,129,94,78,47,35,31,0.7286821705426356,0.6025641025641025,141
2023-02-02,1081,110,99,81,42,11,39,0.9,0.5185185185185185,141
2023-02-03,1081,104,66,57,44,38,13,0.6346153846153846,0.7719298245614035,110
2023-02-04,1081,143,81,62,34,62,28,0.5664335664335665,0.5483870967741935,115
2023-02-05,1081,103,75,90,30,28,60,0.7281553398058253,0.3333333333333333,105
2023-02-06,1081,112,85,69,44,27,25,0.7589285714285714,0.6376811594202898,129
2023-02-07,1081,139,72,69,44,67,25,0.5179856115107914,0.6376811594202898,116
2023-02-08,1081,145,74,100,37,71,63,0.5103448275862069,0.37,111
2023-02-09,1081,148,76,90,47,72,43,0.5135135135135135,0.5222222222222223,123
2023-02-10,1081,148,78,51,51,70,0,0.527027027027027,1,129
2023-02-11,1081,135,78,62,51,57,11,0.5777777777777777,0.8225806451612904,129
2023-02-12,1081,147,75,69,27,72,42,0.5102040816326531,0.391304347826087,102
2023-02-13,1081,109,69,70,47,40,23,0.6330275229357798,0.6714285714285714,116
2023-02-14,1081,106,78,56,49,28,7,0.7358490566037735,0.875,127
2023-02-15,1081,135,74,76,47,61,29,0.5481481481481482,0.618421052631579,121
2023-02-16,1081,106,71,63,47,35,16,0.6698113207547169,0.746031746031746,118
2023-02-17,1081,132,82,84,27,50,57,0.6212121212121212,0.32142857142857145,109
2023-02-18,1081,146,61,82,35,85,47,0.4178082191780822,0.4268292682926829,96
2023-02-19,1081,121,87,93,47,34,46,0.71900826446281,0.5053763440860215,134
2023-02-20,1081,101,77,61,42,24,19,0.7623762376237624,0.6885245901639344,119
2023-02-21,1081,113,92,76,39,21,37,0.8141592920353983,0.5131578947368421,131
2023-02-22,1081,122,63,71,43,59,28,0.5163934426229508,0.6056338028169014,106
2023-02-23,1081,101,94,63,37,7,26,0.9306930693069307,0.5873015873015873,131
2023-02-24,1081,111,91,64,52,20,12,0.8198198198198198,0.8125,143
2023-02-25,1081,100,70,55,46,30,9,0.7,0.8363636363636363,116
2023-02-26,1081,143,83,92,47,60,45,0.5804195804195804,0.5108695652173914,130
2023-02-27,1081,140,86,85,38,54,47,0.6142857142857143,0.4470588235294118,124
2023-02-28,1081,116,77,57,41,39,16,0.6637931034482759,0.7192982456140351,118
2023-03-01,1081,123,79,53,38,44,15,0.6422764227642277,0.71698113207547165,117
2023-03-02,1081,148,69,58,42,79,16,0.46621621621621623,0.7241379310344828,111
2023-03-03,1081,136,82,59,38,54,21,0.6029411764705882,0.6440677966101694,120
2023-03-04,1081,129,84,94,37,45,57,0.6511627906976745,0.39361702127659576,121
2023-03-05,1081,127,72,90,45,55,45,0.5669291338582677,0.5,117
2023-03-06,1081,122,83,63,43,39,20,0.680327868852459,0.6825396825396826,126
2023-03-07,1081,107,96,89,43,11,46,0.897196261682243,0.48314606741573035,139
2023-03-08,1081,125,97,88,44,28,44,0.776,0.5,141
2023-03-09,1081,104,90,83,37,14,46,0.8653846153846154,0.4457831325301205,127
2023-03-10,1081,139,73,88,42,66,46,0.5251798561151079,0.4772727272727273,115
2023-03-11,1081,148,90,58,32,58,26,0.6081081081081081,0.5517241379310345,122
2023-03-12,1081,111,89,97,41,22,56,0.8018018018018018,0.422680412371134,130
2023-03-13,1081,135,81,77,39,54,38,0.6,0.5064935064935064,120
2023-03-14,1081,144,83,51,50,61,1,0.5763888888888888,0.9803921568627451,133
2023-03-15,1081,118,74,56,40,44,16,0.6271186440677966,0.7142857142857143,114
2023-03-16,1081,110,72,81,34,38,47,0.6545454545454545,0.41975308641975306,106
2023-03-17,1081,136,76,51,41,60,10,0.5588235294117647,0.803921568627451,117
2023-03-18,1081,137,82,85,38,55,47,0.5985401459854015,0.4470588235294118,120
2023-03-19,1081,144,76,56,33,68,23,0.5277777777777778,0.5892857142857143,109
2023-03-20,1081,149,65,73,29,84,44,0.436241610738255,0.3972602739726027,94
2023-03-21,1081,136,75,71,39,61,32,0.5514705882352942,0.5492957746478874,114
2023-03-22,1081,122,85,61,41,37,20,0.6967213114754098,0.6721311475409836,126
2023-03-23,1081,123,77,63,44,46,19,0.6260162601626016,0.6984126984126984,121
2023-03-24,1081,114,80,97,61,34,36,0.7017543859649122,0.6288659793814433,141
2023-03-25,1081,103,88,99,40,15,59,0.8543689320388349,0.40404040404040403,128
2023-03-26,1081,119,90,98,46,29,52,0.7563025210084033,0.46938775510204084,136
2023-03-27,1081,107,87,64,32,20,32,0.8130841121495327,0.5,119
2023-03-28,1081,111,60,52,30,51,22,0.5405405405405406,0.5769230769230769,90
2023-03-29,1081,131,84,91,39,47,52,0.6412213740458015,0.42857142857142855,123
2023-03-30,1081,149,89,56,45,60,11,0.5973154362416108,0.8035714285714286,134
2023-03-31,1081,121,62,67,30,59,37,0.512396694214876,0.44776119402985076,92
2023-04-01,1081,149,92,54,36,57,18,0.6174496644295302,0.6666666666666666,128
2023-04-02,1081,135,68,52,36,67,16,0.5037037037037037,0.6923076923076923,104
2023-04-03,1081,126,83,80,47,43,33,0.6587301587301587,0.5875,130
2023-04-04,1081,106,92,75,43,14,32,0.8679245283018868,0.5733333333333334,135
2023-04-05,1081,134,72,51,37,62,14,0.5373134328358209,0.7254901960784313,109
2023-04-06,1081,137,91,65,40,46,25,0.6642335766423357,0.6153846153846154,131
2023-04-07,1081,112,101,68,35,11,33,0.9017857142857143,0.5147058823529411,136
2023-04-08,1081,128,70,74,53,58,21,0.546875,0.7162162162162162,123
2023-04-09,1081,128,76,96,35,52,61,0.59375,0.3645833333333333,111
2023-04-10,1081,112,93,70,30,19,40,0.8303571428571429,0.42857142857142855,123
2023-04-11,1081,145,92,51,33,53,18,0.6344827586206897,0.6470588235294118,125
2023-04-12,1081,108,83,77,48,25,29,0.7685185185185185,0.6233766233766234,131
2023-04-13,1081,131,79,54,49,52,5,0.6030534351145038,0.9074074074074074,128
2023-04-14,1081,129,76,68,31,53,37,0.5891472868217055,0.45588235294117646,107
2023-04-15,1081,110,81,98,38,29,60,0.7363636363636363,0.3877551020408163,119
2023-04-16,1081,100,85,60,34,15,26,0.85,0.5666666666666667,119
2023-04-17,1081,104,70,85,36,34,49,0.6730769230769231,0.4235294117647059,106
2023-04-18,1081,129,83,55,51,46,4,0.6434108527131783,0.9272727272727272,134
2023-04-19,1081,138,72,51,46,66,5,0.5217391304347826,0.9019607843137255,118
2023-04-20,1081,148,69,99,38,79,61,0.46621621621621623,0.3838383838383838,107
2023-04-21,1081,142,86,58,27,56,31,0.6056338028169014,0.46551724137931033,113
2023-04-22,1081,106,76,97,31,30,66,0.71698113207547165,0.31958762886597936,107
2023-04-23,1081,127,79,65,38,48,27,0.6220472440944882,0.5846153846153846,117
2023-04-24,1081,130,90,96,30,40,66,0.6923076923076923,0.3125,120
2023-04-25,1081,116,80,93,43,36,50,0.6896551724137931,0.46236559139784944,123
2023-04-26,1081,104,88,76,40,16,36,0.8461538461538461,0.5263157894736842,128
2023-04-27,1081,102,83,84,35,19,49,0.8137254901960784,0.4166666666666667,118
2023-04-28,1081,123,81,64,42,42,22,0.6585365853658537,0.65625,123
2023-04-29,1081,130,81,99,46,49,53,0.6230769230769231,0.46464646464646464,127
2023-04-30,1081,147,74,100,45,73,55,0.5034013605442177,0.45,119
2023-05-01,1081,121,88,83,35,33,48,0.7272727272727273,0.42168674698795183,123
2023-05-02,1081,116,84,60,31,32,29,0.7241379310344828,0.5166666666666667,115
2023-05-03,1081,146,81,93,36,65,57,0.5547945205479452,0.3870967741935484,117
2023-05-04,1081,149,79,84,36,70,48,0.5302013422818792,0.42857142857142855,115
2023-05-05,1081,116,55,73,44,61,29,0.47413793103448276,0.6027397260273972,99
2023-05-06,1081,138,84,57,50,54,7,0.6086956521739131,0.8771929824561403,134
2023-05-07,1081,143,77,70,28,66,42,0.5384615384615384,0.4,105
2023-05-08,1081,146,86,50,42,60,8,0.589041095890411,0.84,128
2023-05-09,1081,105,82,75,47,23,28,0.780952380952381,0.6266666666666667,129
2023-05-10,1081,128,73,73,50,55,23,0.5703125,0.684931506849315,123
2023-05-11,1081,106,81,52,45,25,7,0.7641509433962265,0.8653846153846154,126
2023-05-12,1081,103,92,87,35,11,52,0.8932038834951457,0.40229885057471265,127
2023-05-13,1081,132,77,91,46,55,45,0.5833333333333334,0.5054945054945055,123
2023-05-14,1081,102,68,62,42,34,20,0.6666666666666666,0.6774193548387096,110
2023-05-15,1081,139,75,78,39,64,39,0.539568345323741,0.5,114
2023-05-16,1081,122,75,59,43,47,16,0.6147540983606558,0.7288135593220338,118
2023-05-17,1081,139,67,79,31,72,48,0.48201438848920863,0.3924050632911392,98
2023-05-18,1081,119,80,60,38,39,22,0.6722689075630253,0.6333333333333333,118
2023-05-19,1081,119,70,73,44,49,29,0.5882352941176471,0.6027397260273972,114
2023-05-20,1081,107,78,62,41,29,21,0.7289719626168224,0.6612903225806451,119
2023-05-21,1081,105,90,82,42,15,40,0.8571428571428571,0.5121951219512195,132
2023-05-22,1081,134,71,55,44,63,11,0.5298507462686567,0.8,115
2023-05-23,1081,117,69,61,40,48,21,0.5897435897435898,0.6557377049180327,109
2023-05-24,1081,117,76,62,53,41,9,0.6495726495726496,0.8548387096774194,129
2023-05-25,1081,141,86,89,30,55,59,0.6099290780141844,0.33707865168539325,116
2023-05-26,1081,122,92,63,40,30,23,0.7540983606557377,0.6349206349206349,132
2023-05-27,1081,105,80,63,56,25,7,0.7619047619047619,0.8888888888888888,136
2023-05-28,1081,146,82,63,34,64,29,0.5616438356164384,0.5396825396825397,116
2023-05-29,1081,126,78,98,39,48,59,0.6190476190476191,0.3979591836734694,117
2023-05-30,1081,145,76,62,45,69,17,0.5241379310344828,0.7258064516129032,121
2023-05-31,1081,146,81,77,30,65,47,0.5547945205479452,0.38961038961038963,111
2023-06-01,1081,115,79,51,34,36,17,0.6869565217391305,0.6666666666666666,113
2023-06-02,1081,130,77,80,39,53,41,0.5923076923076923,0.4875,116
2023-06-03,1081,118,74,75,41,44,34,0.6271186440677966,0.5466666666666666,115
2023-06-04,1081,139,75,64,40,64,24,0.539568345323741,0.625,115
2023-06-05,1081,104,85,69,37,19,32,0.8173076923076923,0.5362318840579711,122
2023-06-06,1081,131,78,83,36,53,47,0.5954198473282443,0.43373493975903615,114
2023-06-07,1081,127,75,70,37,52,33,0.5905511811023622,0.5285714285714286,112
2023-06-08,1081,102,83,79,38,19,41,0.8137254901960784,0.4810126582278481,121
2023-06-09,1081,115,80,98,42,35,56,0.6956521739130435,0.42857142857142855,122
2023-06-10,1081,107,78,99,24,29,75,0.7289719626168224,0.24242424242424243,102
2023-06-11,1081,118,67,61,34,51,27,0.5677966101694916,0.5573770491803278,101
2023-06-12,1081,132,75,88,52,57,36,0.5681818181818182,0.5909090909090909,127
2023-06-13,1081,142,77,51,37,65,14,0.5422535211267606,0.7254901960784313,114
2023-06-14,1081,122,84,87,49,38,38,0.6885245901639344,0.5632183908045977,133
2023-06-15,1081,144,87,55,40,57,15,0.6041666666666666,0.7272727272727273,127
2023-06-16,1081,135,87,71,38,48,33,0.6444444444444445,0.5352112676056338,125
2023-06-17,1081,143,73,95,36,70,59,0.5104895104895105,0.37894736842105264,109
2023-06-18,1081,142,86,94,38,56,56,0.6056338028169014,0.40425531914893614,124
2023-06-19,1081,135,77,84,39,58,45,0.5703703703703704,0.4642857142857143,116
2023-06-20,1081,104,91,79,41,13,38,0.875,0.5189873417721519,132
2023-06-21,1081,124,88,64,37,36,27,0.7096774193548387,0.578125,125
2023-06-22,1081,150,64,54,51,86,3,0.4266666666666667,0.9444444444444444,115
2023-06-23,1081,111,93,67,38,18,29,0.8378378378378378,0.5671641791044776,131
2023-06-24,1081,128,81,74,41,47,33,0.6328125,0.5540540540540541,122
2023-06-25,1081,131,81,65,50,50,15,0.6183206106870229,0.7692307692307693,131
2023-06-26,1081,149,98,71,50,51,21,0.6577181208053692,0.704225352112676,148
2023-06-27,1081,119,96,71,38,23,33,0.8067226890756303,0.5352112676056338,134
2023-06-28,1081,105,74,79,48,31,31,0.7047619047619048,0.6075949367088608,122
2023-06-29,1081,125,86,84,41,39,43,0.688,0.4880952380952381,127
2023-06-30,1081,131,84,70,44,47,26,0.6412213740458015,0.6285714285714286,128
2023-07-01,1081,112,80,76,43,32,33,0.7142857142857143,0.5657894736842105,123
2023-07-02,1081,125,74,80,40,51,40,0.592,0.5,114
2023-07-03,1081,147,82,72,34,65,38,0.5578231292517006,0.4722222222222222,116
2023-07-04,1081,133,77,76,30,56,46,0.5789473684210527,0.39473684210526316,107
2023-07-05,1081,119,89,90,27,30,63,0.7478991596638656,0.3,116
2023-07-06,1081,149,83,85,49,66,36,0.5570469798657718,0.5764705882352941,132
2023-07-07,1081,144,77,74,39,67,35,0.5347222222222222,0.527027027027027,116
2023-07-08,1081,132,81,66,47,51,19,0.6136363636363636,0.7121212121212122,128
2023-07-09,1081,100,77,60,25,23,35,0.77,0.4166666666666667,102
2023-07-10,1081,135,92,92,36,43,56,0.6814814814814815,0.391304347826087,128
2023-07-11,1081,103,83,74,40,20,34,0.8058252427184466,0.5405405405405406,123
2023-07-12,1081,108,73,93,42,35,51,0.6759259259259259,0.45161290322580644,115
2023-07-13,1081,143,71,58,31,72,27,0.4965034965034965,0.5344827586206896,102
2023-07-14,1081,105,86,72,36,19,36,0.819047619047619,0.5,122
2023-07-15,1081,126,81,50,32,45,18,0.6428571428571429,0.64,113
2023-07-16,1081,122,66,60,35,56,25,0.5409836065573771,0.5833333333333334,101
2023-07-17,1081,121,85,59,44,36,15,0.7024793388429752,0.7457627118644068,129
2023-07-18,1081,103,68,51,35,35,16,0.6601941747572816,0.6862745098039216,103
2023-07-19,1081,102,72,92,45,30,47,0.7058823529411765,0.4891304347826087,117
2023-07-20,1081,109,80,100,41,29,59,0.7339449541284404,0.41,121
2023-07-21,1081,112,78,99,37,34,62,0.6964285714285714,0.37373737373737376,115
2023-07-22,1081,123,72,66,37,51,29,0.5853658536585366,0.5606060606060606,109
2023-07-23,1081,134,81,67,46,53,21,0.6044776119402985,0.6865671641791045,127
2023-07-24,1081,150,77,72,33,73,39,0.5133333333333333,0.4583333333333333,110
2023-07-25,1081,132,86,55,38,46,17,0.6515151515151515,0.6909090909090909,124
2023-07-26,1081,132,82,92,43,50,49,0.6212121212121212,0.4673913043478261,125
2023-07-27,1081,106,80,96,36,26,60,0.7547169811320755,0.375,116
2023-07-28,1081,104,74,86,33,30,53,0.7115384615384616,0.38372093023255816,107
2023-07-29,1081,149,77,78,42,72,36,0.5167785234899329,0.5384615384615384,119
2023-07-30,1081,125,97,51,35,28,16,0.776,0.6862745098039216,132
2023-07-31,1081,103,95,70,42,8,28,0.9223300970873787,0.6,137
2023-08-01,1081,142,68,60,40,74,20,0.4788732394366197,0.6666666666666666,108
2023-08-02,1081,114,76,100,27,38,73,0.6666666666666666,0.27,103
2023-08-03,1081,101,101,95,39,0,56,1,0.4105263157894737,140
2023-08-04,1081,122,83,62,39,39,23,0.680327868852459,0.6290322580645161,122
2023-08-05,1081,110,67,58,40,43,18,0.6090909090909091,0.6896551724137931,107
2023-08-06,1081,134,64,100,38,70,62,0.47761194029850745,0.38,102
2023-08-07,1081,123,67,55,42,56,13,0.5447154471544715,0.7636363636363637,109
2023-08-08,1081,110,91,83,39,19,44,0.8272727272727273,0.46987951807228917,130
2023-08-09,1081,121,69,69,42,52,27,0.5702479338842975,0.6086956521739131,111
2023-08-10,1081,100,72,77,45,28,32,0.72,0.5844155844155844,117
2023-08-11,1081,131,74,100,44,57,56,0.5648854961832062,0.44,118
2023-08-12,1081,116,89,55,45,27,10,0.7672413793103449,0.8181818181818182,134
2023-08-13,1081,144,67,89,28,77,61,0.4652777777777778,0.3146067415730337,95
2023-08-14,1081,127,79,82,46,48,36,0.6220472440944882,0.5609756097560976,125
2023-08-15,1081,120,71,51,46,49,5,0.5916666666666667,0.9019607843137255,117
2023-08-16,1081,148,73,74,42,75,32,0.49324324324324326,0.5675675675675675,115
2023-08-17,1081,143,91,74,41,52,33,0.6363636363636364,0.5540540540540541,132
2023-08-18,1081,140,96,55,32,44,23,0.6857142857142857,0.5818181818181818,128
2023-08-19,1081,132,70,99,37,62,62,0.5303030303030303,0.37373737373737376,107
2023-08-20,1081,100,75,100,31,25,69,0.75,0.31,106
2023-08-21,1081,130,84,87,40,46,47,0.6461538461538462,0.45977011494252873,124
2023-08-22,1081,135,90,88,32,45,56,0.6666666666666666,0.36363636363636365,122
2023-08-23,1081,112,73,69,51,39,18,0.6517857142857143,0.7391304347826086,124
2023-08-24,1081,101,84,50,38,17,12,0.8316831683168316,0.76,122
2023-08-25,1081,105,73,95,41,32,54,0.6952380952380952,0.43157894736842106,114
2023-08-26,1081,103,83,85,31,20,54,0.8058252427184466,0.36470588235294116,114
2023-08-27,1081,132,68,92,31,64,61,0.5151515151515151,0.33695652173913043,99
2023-08-28,1081,140,80,87,39,60,48,0.5714285714285714,0.4482758620689655,119
2023-08-29,1081,144,99,92,33,45,59,0.6875,0.358695652173913,132
2023-08-30,1081,128,80,78,48,48,30,0.625,0.6153846153846154,128
2023-08-31,1081,122,61,60,43,61,17,0.5,0.7166666666666667,104
2023-09-01,1081,149,80,90,34,69,56,0.5369127516778524,0.37777777777777777,114
2023-09-02,1081,105,84,72,40,21,32,0.8,0.5555555555555556,124
2023-09-03,1081,139,75,68,40,64,28,0.539568345323741,0.5882352941176471,115
2023-09-04,1081,134,77,82,36,57,46,0.5746268656716418,0.43902439024390244,113
2023-09-05,1081,111,84,90,40,27,50,0.7567567567567568,0.4444444444444444,124
2023-09-06,1081,111,82,81,47,29,34,0.7387387387387387,0.5802469135802469,129
2023-09-07,1081,142,84,95,47,58,48,0.5915492957746479,0.49473684210526314,131
2023-09-08,1081,140,78,91,27,62,64,0.5571428571428572,0.2967032967032967,105
2023-09-09,1081,129,80,81,39,49,42,0.6201550387596899,0.48148148148148145,119
2023-09-10,1081,150,73,64,41,77,23,0.4866666666666667,0.640625,114
2023-09-11,1081,148,68,77,34,80,43,0.4594594594594595,0.44155844155844154,102
2023-09-12,1081,132,71,95,38,61,57,0.5378787878787878,0.4,109
2023-09-13,1081,146,85,98,37,61,61,0.5821917808219178,0.37755102040816324,122
2023-09-14,1081,137,74,53,49,63,4,0.5401459854014599,0.9245283018867925,123
2023-09-15,1081,109,87,83,42,22,41,0.7981651376146789,0.5060240963855421,129
2023-09-16,1081,126,62,68,38,64,30,0.49206349206349204,0.5588235294117647,100
2023-09-17,1081,124,66,62,42,58,20,0.532258064516129,0.6774193548387096,108
2023-09-18,1081,141,82,88,33,59,55,0.5815602836879432,0.375,115
2023-09-19,1081,114,83,91,37,31,54,0.7280701754385965,0.4065934065934066,120
2023-09-20,1081,129,89,67,40,40,27,0.689922480620155,0.5970149253731343,129
2023-09-21,1081,144,95,99,31,49,68,0.6597222222222222,0.31313131313131315,126
2023-09-22,1081,102,93,89,32,9,57,0.9117647058823529,0.3595505617977528,125
2023-09-23,1081,101,83,76,37,18,39,0.8217821782178217,0.4868421052631579,120
2023-09-24,1081,105,71,99,33,34,66,0.6761904761904762,0.3333333333333333,104
2023-09-25,1081,117,77,55,33,40,22,0.6581196581196581,0.6,110
2023-09-26,1081,146,75,57,46,71,11,0.5136986301369864,0.8070175438596491,121
2023-09-27,1081,105,65,66,37,40,29,0.6190476190476191,0.5606060606060606,102
2023-09-28,1081,139,79,55,43,60,12,0.5683453237410072,0.7818181818181819,122
2023-09-29,1081,146,68,70,33,78,37,0.4657534246575342,0.4714285714285714,101
2023-09-30,1081,112,78,86,30,34,56,0.6964285714285714,0.3488372093023256,108
2023-10-01,1081,113,78,82,41,35,41,0.6902654867256637,0.5,119
2023-10-02,1081,131,78,67,38,53,29,0.5954198473282443,0.5671641791044776,116
2023-10-03,1081,134,63,79,46,71,33,0.4701492537313433,0.5822784810126582,109
2023-10-04,1081,122,96,90,38,26,52,0.7868852459016393,0.4222222222222222,134
2023-10-05,1081,102,86,59,52,16,7,0.8431372549019608,0.8813559322033898,138
2023-10-06,1081,102,78,84,40,24,44,0.7647058823529411,0.47619047619047616,118
2023-10-07,1081,121,78,73,29,43,44,0.6446280991735537,0.3972602739726027,107
2023-10-08,1081,114,73,71,48,41,23,0.6403508771929824,0.676056338028169,121
2023-10-09,1081,109,102,72,35,7,37,0.9357798165137615,0.4861111111111111,137
2023-10-10,1081,103,84,82,46,19,36,0.8155339805825242,0.5609756097560976,130
2023-10-11,1081,108,73,64,33,35,31,0.6759259259259259,0.515625,106
2023-10-12,1081,113,85,76,50,28,26,0.7522123893805309,0.6578947368421053,135
2023-10-13,1081,103,75,66,35,28,31,0.7281553398058253,0.5303030303030303,110
2023-10-14,1081,104,92,76,39,12,37,0.8846153846153846,0.5131578947368421,131
2023-10-15,1081,102,76,86,33,26,53,0.7450980392156863,0.38372093023255816,109
2023-10-16,1081,140,84,89,61,56,28,0.6,0.6853932584269663,145
2023-10-17,1081,100,76,91,40,24,51,0.76,0.43956043956043955,116
2023-10-18,1081,125,79,90,38,46,52,0.632,0.4222222222222222,117
2023-10-19,1081,142,75,97,42,67,55,0.528169014084507,0.4329896907216495,117
2023-10-20,1081,124,74,68,42,50,26,0.5967741935483871,0.6176470588235294,116
2023-10-21,1081,118,79,66,50,39,16,0.6694915254237288,0.7575757575757576,129
2023-10-22,1081,107,84,73,39,23,34,0.7850467289719626,0.5342465753424658,123
2023-10-23,1081,134,80,62,54,54,8,0.5970149253731343,0.8709677419354839,134
2023-10-24,1081,143,72,73,45,71,28,0.5034965034965035,0.6164383561643836,117
2023-10-25,1081,131,66,94,38,65,56,0.5038167938931297,0.40425531914893614,104
2023-10-26,1081,108,79,60,34,29,26,0.7314814814814815,0.5666666666666667,113
2023-10-27,1081,133,100,50,39,33,11,0.7518796992481203,0.78,139
2023-10-28,1081,121,93,76,40,28,36,0.768595041322314,0.5263157894736842,133
2023-10-29,1081,103,78,79,37,25,42,0.7572815533980582,0.46835443037974683,115
2023-10-30,1081,117,81,97,43,36,54,0.6923076923076923,0.44329896907216493,124
2023-10-31,1081,126,82,63,35,44,28,0.6507936507936508,0.5555555555555556,117
2023-11-01,1081,107,74,71,37,33,34,0.6915887850467289,0.5211267605633803,111
2023-11-02,1081,145,92,100,37,53,63,0.6344827586206897,0.37,129
2023-11-03,1081,115,80,97,30,35,67,0.6956521739130435,0.30927835051546393,110
2023-11-04,1081,117,76,64,48,41,16,0.6495726495726496,0.75,124
2023-11-05,1081,114,68,81,36,46,45,0.5964912280701754,0.4444444444444444,104
2023-11-06,1081,136,75,68,31,61,37,0.5514705882352942,0.45588235294117646,106
2023-11-07,1081,109,71,61,43,38,18,0.6513761467889908,0.7049180327868853,114
2023-11-08,1081,118,66,50,30,52,20,0.559322033898305,0.6,96
2023-11-09,1081,128,94,75,50,34,25,0.734375,0.6666666666666666,144
2023-11-10,1081,127,73,59,47,54,12,0.5748031496062992,0.7966101694915254,120
2023-11-11,1081,100,81,98,33,19,65,0.81,0.336734693877551,114
2023-11-12,1081,143,94,84,28,49,56,0.6573426573426573,0.3333333333333333,122
2023-11-13,1081,142,103,57,32,39,25,0.7253521126760564,0.5614035087719298,135
2023-11-14,1081,114,91,79,32,23,47,0.7982456140350878,0.4050632911392405,123
2023-11-15,1081,110,76,54,36,34,18,0.6909090909090909,0.6666666666666666,112
2023-11-16,1081,127,76,86,37,51,49,0.5984251968503937,0.43023255813953487,113
2023-11-17,1081,143,83,97,44,60,53,0.5804195804195804,0.4536082474226804,127
2023-11-18,1081,109,98,54,42,11,12,0.8990825688073395,0.7777777777777778,140
2023-11-19,1081,121,57,70,50,64,20,0.47107438016528924,0.7142857142857143,107
2023-11-20,1081,127,91,75,49,36,26,0.7165354330708661,0.6533333333333333,140
2023-11-21,1081,120,72,86,39,48,47,0.6,0.45348837209302323,111
2023-11-22,1081,127,89,58,49,38,9,0.7007874015748031,0.8448275862068966,138
2023-11-23,1081,106,77,84,28,29,56,0.7264150943396226,0.3333333333333333,105
2023-11-24,1081,125,78,78,32,47,46,0.624,0.41025641025641024,110
2023-11-25,1081,107,70,65,50,37,15,0.6542056074766355,0.7692307692307693,120
2023-11-26,1081,134,92,63,36,42,27,0.6865671641791045,0.5714285714285714,128
2023-11-27,1081,110,79,61,52,31,9,0.7181818181818181,0.8524590163934426,131
2023-11-28,1081,117,64,88,55,53,33,0.5470085470085471,0.625,119
2023-11-29,1081,103,75,83,46,28,37,0.7281553398058253,0.5542168674698795,121
2023-11-30,1081,145,81,92,34,64,58,0.5586206896551724,0.3695652173913043,115
2023-12-01,1081,127,79,65,49,48,16,0.6220472440944882,0.7538461538461538,128
2023-12-02,1081,123,80,53,38,43,15,0.6504065040650406,0.71698113207547165,118
2023-12-03,1081,110,91,90,41,19,49,0.8272727272727273,0.45555555555555555,132
2023-12-04,1081,125,83,63,40,42,23,0.664,0.6349206349206349,123
2023-12-05,1081,114,79,63,47,35,16,0.6929824561403509,0.746031746031746,126
2023-12-06,1081,115,89,70,44,26,26,0.7739130434782608,0.6285714285714286,133
2023-12-07,1081,139,83,63,30,56,33,0.5971223021582733,0.47619047619047616,113
2023-12-08,1081,144,76,53,35,68,18,0.5277777777777778,0.660377358490566,111
2023-12-09,1081,104,92,66,39,12,27,0.8846153846153846,0.5909090909090909,131
2023-12-10,1081,131,98,54,54,33,0,0.7480916030534351,1,152
2023-12-11,1081,126,67,92,36,59,56,0.5317460317460317,0.391304347826087,103
2023-12-12,1081,107,84,77,33,23,44,0.7850467289719626,0.42857142857142855,117
2023-12-13,1081,147,86,78,30,61,48,0.5850340136054422,0.38461538461538464,116
2023-12-14,1081,145,93,78,35,52,43,0.6413793103448275,0.44871794871794873,128
2023-12-15,1081,100,86,93,52,14,41,0.86,0.5591397849462365,138
2023-12-16,1081,103,71,87,47,32,40,0.6893203883495146,0.5402298850574713,118
2023-12-17,1081,116,93,72,42,23,30,0.8017241379310345,0.5833333333333334,135
2023-12-18,1081,132,104,74,41,28,33,0.7878787878787878,0.5540540540540541,145
2023-12-19,1081,140,88,90,25,52,65,0.6285714285714286,0.2777777777777778,113
2023-12-20,1081,135,80,89,43,55,46,0.5925925925925926,0.48314606741573035,123
2023-12-21,1081,115,69,54,46,46,8,0.6,0.8518518518518519,115
2023-12-22,1081,112,68,62,42,44,20,0.6071428571428571,0.6774193548387096,110
2023-12-23,1081,119,79,91,45,40,46,0.6638655462184874,0.4945054945054945,124
2023-12-24,1081,130,88,66,43,42,23,0.676923076923077,0.6515151515151515,131
2023-12-25,1081,111,69,61,41,42,20,0.6216216216216216,0.6721311475409836,110
2023-12-26,1081,146,61,74,34,85,40,0.4178082191780822,0.4594594594594595,95
2023-12-27,1081,122,79,88,38,43,50,0.6475409836065574,0.4318181818181818,117
2023-12-28,1081,126,65,88,36,61,52,0.5158730158730159,0.4090909090909091,101
2023-12-29,1081,106,86,56,38,20,18,0.8113207547169812,0.6785714285714286,124
2023-12-30,1081,134,80,96,46,54,50,0.5970149253731343,0.4791666666666667,126
2023-12-31,1081,111,81,87,50,30,37,0.7297297297297297,0.5747126436781609,131
2023-01-01,1082,133,85,96,41,48,55,0.6390977443609023,0.4270833333333333,126
2023-01-02,1082,119,67,67,41,52,26,0.5630252100840336,0.6119402985074627,108
2023-01-03,1082,141,76,70,29,65,41,0.5390070921985816,0.4142857142857143,105
2023-01-04,1082,100,76,77,34,24,43,0.76,0.44155844155844154,110
2023-01-05,1082,100,66,81,32,34,49,0.66,0.3950617283950617,98
2023-01-06,1082,140,90,86,57,50,29,0.6428571428571429,0.6627906976744186,147
2023-01-07,1082,139,87,55,41,52,14,0.6258992805755396,0.7454545454545455,128
2023-01-08,1082,120,82,59,47,38,12,0.6833333333333333,0.7966101694915254,129
2023-01-09,1082,101,82,85,44,19,41,0.8118811881188119,0.5176470588235295,126
2023-01-10,1082,133,87,51,46,46,5,0.6541353383458647,0.9019607843137255,133
2023-01-11,1082,122,98,67,34,24,33,0.8032786885245902,0.5074626865671642,132
2023-01-12,1082,135,72,95,32,63,63,0.5333333333333333,0.3368421052631579,104
2023-01-13,1082,138,83,61,34,55,27,0.6014492753623188,0.5573770491803278,117
2023-01-14,1082,110,75,73,39,35,34,0.6818181818181818,0.5342465753424658,114
2023-01-15,1082,149,60,91,47,89,44,0.40268456375838924,0.5164835164835165,107
2023-01-16,1082,117,77,82,32,40,50,0.6581196581196581,0.3902439024390244,109
2023-01-17,1082,102,77,69,45,25,24,0.7549019607843137,0.6521739130434783,122
2023-01-18,1082,106,85,81,43,21,38,0.8018867924528302,0.5308641975308642,128
2023-01-19,1082,111,102,97,34,9,63,0.918918918918919,0.35051546391752575,136
2023-01-20,1082,121,83,55,46,38,9,0.6859504132231405,0.8363636363636363,129
2023-01-21,1082,114,53,57,47,61,10,0.4649122807017544,0.8245614035087719,100
2023-01-22,1082,129,72,66,49,57,17,0.5581395348837209,0.7424242424242424,121
2023-01-23,1082,133,70,69,38,63,31,0.5263157894736842,0.5507246376811594,108
2023-01-24,1082,108,103,98,35,5,63,0.9537037037037037,0.35714285714285715,138
2023-01-25,1082,133,80,76,37,53,39,0.6015037593984962,0.4868421052631579,117
2023-01-26,1082,100,78,77,34,22,43,0.78,0.44155844155844154,112
2023-01-27,1082,105,78,98,33,27,65,0.7428571428571429,0.336734693877551,111
2023-01-28,1082,126,99,83,35,27,48,0.7857142857142857,0.42168674698795183,134
2023-01-29,1082,106,87,62,44,19,18,0.8207547169811321,0.7096774193548387,131
2023-01-30,1082,115,75,99,41,40,58,0.6521739130434783,0.41414141414141414,116
2023-01-31,1082,137,89,58,39,48,19,0.6496350364963503,0.6724137931034483,128
2023-02-01,1082,101,77,73,31,24,42,0.7623762376237624,0.4246575342465753,108
2023-02-02,1082,122,81,65,36,41,29,0.6639344262295082,0.5538461538461539,117
2023-02-03,1082,116,71,83,53,45,30,0.6120689655172413,0.6385542168674698,124
2023-02-04,1082,148,103,96,47,45,49,0.6959459459459459,0.4895833333333333,150
2023-02-05,1082,147,88,80,35,59,45,0.5986394557823129,0.4375,123
2023-02-06,1082,112,92,85,43,20,42,0.8214285714285714,0.5058823529411764,135
2023-02-07,1082,138,82,53,42,56,11,0.5942028985507246,0.7924528301886793,124
2023-02-08,1082,105,81,54,33,24,21,0.7714285714285715,0.6111111111111112,114
2023-02-09,1082,148,95,66,44,53,22,0.6418918918918919,0.6666666666666666,139
2023-02-10,1082,108,75,57,42,33,15,0.6944444444444444,0.7368421052631579,117
2023-02-11,1082,133,73,68,47,60,21,0.5488721804511278,0.6911764705882353,120
2023-02-12,1082,132,81,71,32,51,39,0.6136363636363636,0.4507042253521127,113
2023-02-13,1082,145,92,99,53,53,46,0.6344827586206897,0.5353535353535354,145
2023-02-14,1082,126,85,57,49,41,8,0.6746031746031746,0.8596491228070176,134
2023-02-15,1082,147,75,55,39,72,16,0.5102040816326531,0.7090909090909091,114
2023-02-16,1082,102,82,72,43,20,29,0.803921568627451,0.5972222222222222,125
2023-02-17,1082,150,74,90,32,76,58,0.49333333333333335,0.35555555555555557,106
2023-02-18,1082,134,96,98,37,38,61,0.7164179104477612,0.37755102040816324,133
2023-02-19,1082,149,88,93,33,61,60,0.5906040268456376,0.3548387096774194,121
2023-02-20,1082,129,103,69,28,26,41,0.7984496124031008,0.4057971014492754,131
2023-02-21,1082,141,94,100,32,47,68,0.6666666666666666,0.32,126
2023-02-22,1082,133,88,56,45,45,11,0.6616541353383458,0.8035714285714286,133
2023-02-23,1082,117,85,68,36,32,32,0.7264957264957265,0.5294117647058824,121
2023-02-24,1082,108,86,87,38,22,49,0.7962962962962963,0.4367816091954023,124
2023-02-25,1082,107,73,50,38,34,12,0.6822429906542056,0.76,111
2023-02-26,1082,100,84,52,30,16,22,0.84,0.5769230769230769,114
2023-02-27,1082,147,94,62,37,53,25,0.6394557823129252,0.5967741935483871,131
2023-02-28,1082,137,82,76,27,55,49,0.5985401459854015,0.35526315789473684,109
2023-03-01,1082,120,73,92,44,47,48,0.6083333333333333,0.4782608695652174,117
2023-03-02,1082,115,73,70,42,42,28,0.6347826086956522,0.6,115
2023-03-03,1082,135,94,59,42,41,17,0.6962962962962963,0.711864406779661,136
2023-03-04,1082,146,88,63,47,58,16,0.6027397260273972,0.746031746031746,135
2023-03-05,1082,111,64,98,43,47,55,0.5765765765765766,0.4387755102040816,107
2023-03-06,1082,127,94,88,35,33,53,0.7401574803149606,0.3977272727272727,129
2023-03-07,1082,113,75,99,36,38,63,0.6637168141592921,0.36363636363636365,111
2023-03-08,1082,112,72,72,42,40,30,0.6428571428571429,0.5833333333333334,114
2023-03-09,1082,109,72,88,47,37,41,0.6605504587155964,0.5340909090909091,119
2023-03-10,1082,123,65,50,38,58,12,0.5284552845528455,0.76,103
2023-03-11,1082,150,67,100,29,83,71,0.44666666666666666,0.29,96
2023-03-12,1082,148,78,77,39,70,38,0.527027027027027,0.5064935064935064,117
2023-03-13,1082,142,67,57,32,75,25,0.47183098591549294,0.5614035087719298,99
2023-03-14,1082,117,70,79,46,47,33,0.5982905982905983,0.5822784810126582,116
2023-03-15,1082,134,80,90,44,54,46,0.5970149253731343,0.4888888888888889,124
2023-03-16,1082,104,67,96,50,37,46,0.6442307692307693,0.5208333333333334,117
2023-03-17,1082,122,73,91,27,49,64,0.5983606557377049,0.2967032967032967,100
2023-03-18,1082,136,83,70,42,53,28,0.6102941176470589,0.6,125
2023-03-19,1082,132,68,80,37,64,43,0.5151515151515151,0.4625,105
2023-03-20,1082,102,96,81,39,6,42,0.9411764705882353,0.48148148148148145,135
2023-03-21,1082,114,83,57,31,31,26,0.7280701754385965,0.543859649122807,114
2023-03-22,1082,133,74,86,48,59,38,0.556390977443609,0.5581395348837209,122
2023-03-23,1082,111,80,61,43,31,18,0.7207207207207207,0.7049180327868853,123
2023-03-24,1082,137,84,79,55,53,24,0.6131386861313869,0.6962025316455697,139
2023-03-25,1082,125,89,74,38,36,36,0.712,0.5135135135135135,127
2023-03-26,1082,139,78,90,36,61,54,0.5611510791366906,0.4,114
2023-03-27,1082,133,76,74,32,57,42,0.5714285714285714,0.43243243243243246,108
2023-03-28,1082,129,72,88,37,57,51,0.5581395348837209,0.42045454545454547,109
2023-03-29,1082,100,82,72,39,18,33,0.82,0.5416666666666666,121
2023-03-30,1082,145,78,52,32,67,20,0.5379310344827586,0.6153846153846154,110
2023-03-31,1082,147,91,87,37,56,50,0.6190476190476191,0.42528735632183906,128
2023-04-01,1082,112,79,62,56,33,6,0.7053571428571429,0.9032258064516129,135
2023-04-02,1082,140,76,90,38,64,52,0.5428571428571428,0.4222222222222222,114
2023-04-03,1082,118,65,83,39,53,44,0.5508474576271186,0.46987951807228917,104
2023-04-04,1082,102,77,94,46,25,48,0.7549019607843137,0.48936170212765956,123
2023-04-05,1082,106,64,63,45,42,18,0.6037735849056604,0.7142857142857143,109
2023-04-06,1082,130,78,70,44,52,26,0.6,0.6285714285714286,122
2023-04-07,1082,101,84,60,50,17,10,0.8316831683168316,0.8333333333333334,134
2023-04-08,1082,141,76,80,36,65,44,0.5390070921985816,0.45,112
2023-04-09,1082,132,78,57,34,54,23,0.5909090909090909,0.5964912280701754,112
2023-04-10,1082,104,70,78,37,34,41,0.6730769230769231,0.47435897435897434,107
2023-04-11,1082,108,77,54,34,31,20,0.7129629629629629,0.6296296296296297,111
2023-04-12,1082,113,104,54,40,9,14,0.9203539823008849,0.7407407407407407,144
2023-04-13,1082,131,80,75,43,51,32,0.6106870229007634,0.5733333333333334,123
2023-04-14,1082,123,65,97,40,58,57,0.5284552845528455,0.41237113402061853,105
2023-04-15,1082,140,70,75,33,70,42,0.5,0.44,103
2023-04-16,1082,113,71,58,32,42,26,0.6283185840707964,0.5517241379310345,103
2023-04-17,1082,118,82,61,46,36,15,0.6949152542372882,0.7540983606557377,128
2023-04-18,1082,106,92,89,49,14,40,0.8679245283018868,0.550561797752809,141
2023-04-19,1082,111,92,78,39,19,39,0.8288288288288288,0.5,131
2023-04-20,1082,122,85,87,41,37,46,0.6967213114754098,0.47126436781609193,126
2023-04-21,1082,134,81,63,33,53,30,0.6044776119402985,0.5238095238095238,114
2023-04-22,1082,103,77,70,52,26,18,0.7475728155339806,0.7428571428571429,129
2023-04-23,1082,123,72,56,36,51,20,0.5853658536585366,0.6428571428571429,108
2023-04-24,1082,125,70,57,41,55,16,0.56,0.7192982456140351,111
2023-04-25,1082,101,101,81,45,0,36,1,0.5555555555555556,146
2023-04-26,1082,107,78,89,40,29,49,0.7289719626168224,0.449438202247191,118
2023-04-27,1082,129,88,50,40,41,10,0.6821705426356589,0.8,128
2023-04-28,1082,135,89,93,40,46,53,0.6592592592592592,0.43010752688172044,129
2023-04-29,1082,120,77,73,31,43,42,0.6416666666666667,0.4246575342465753,108
2023-04-30,1082,114,67,79,40,47,39,0.5877192982456141,0.5063291139240507,107
2023-05-01,1082,107,85,65,41,22,24,0.794392523364486,0.6307692307692307,126
2023-05-02,1082,133,76,81,39,57,42,0.5714285714285714,0.48148148148148145,115
2023-05-03,1082,137,77,91,37,60,54,0.5620437956204379,0.4065934065934066,114
2023-05-04,1082,107,78,54,39,29,15,0.7289719626168224,0.7222222222222222,117
2023-05-05,1082,111,91,84,47,20,37,0.8198198198198198,0.5595238095238095,138
2023-05-06,1082,126,85,64,40,41,24,0.6746031746031746,0.625,125
2023-05-07,1082,114,76,91,33,38,58,0.6666666666666666,0.3626373626373626,109
2023-05-08,1082,100,71,71,36,29,35,0.71,0.5070422535211268,107
2023-05-09,1082,112,67,95,50,45,45,0.5982142857142857,0.5263157894736842,117
2023-05-10,1082,118,66,54,35,52,19,0.559322033898305,0.6481481481481481,101
2023-05-11,1082,145,75,51,23,70,28,0.5172413793103449,0.45098039215686275,98
2023-05-12,1082,124,75,69,50,49,19,0.6048387096774194,0.7246376811594203,125
2023-05-13,1082,131,84,85,33,47,52,0.6412213740458015,0.38823529411764707,117
2023-05-14,1082,107,78,81,42,29,39,0.7289719626168224,0.5185185185185185,120
2023-05-15,1082,136,94,92,37,42,55,0.6911764705882353,0.40217391304347827,131
2023-05-16,1082,107,64,54,41,43,13,0.5981308411214953,0.7592592592592593,105
2023-05-17,1082,143,100,86,49,43,37,0.6993006993006993,0.5697674418604651,149
2023-05-18,1082,126,91,58,43,35,15,0.7222222222222222,0.7413793103448276,134
2023-05-19,1082,121,72,67,44,49,23,0.5950413223140496,0.6567164179104478,116
2023-05-20,1082,138,79,63,49,59,14,0.572463768115942,0.7777777777777778,128
2023-05-21,1082,105,71,92,31,34,61,0.6761904761904762,0.33695652173913043,102
2023-05-22,1082,122,91,79,45,31,34,0.7459016393442623,0.569620253164557,136
2023-05-23,1082,105,76,86,37,29,49,0.7238095238095238,0.43023255813953487,113
2023-05-24,1082,137,85,78,38,52,40,0.6204379562043796,0.48717948717948717,123
2023-05-25,1082,104,65,57,37,39,20,0.625,0.6491228070175439,102
2023-05-26,1082,100,72,60,29,28,31,0.72,0.48333333333333334,101
2023-05-27,1082,105,81,89,46,24,43,0.7714285714285715,0.5168539325842697,127
2023-05-28,1082,132,72,90,34,60,56,0.5454545454545454,0.37777777777777777,106
2023-05-29,1082,114,86,94,42,28,52,0.7543859649122807,0.44680851063829785,128
2023-05-30,1082,101,91,59,35,10,24,0.900990099009901,0.5932203389830508,126
2023-05-31,1082,113,80,71,43,33,28,0.7079646017699115,0.6056338028169014,123
2023-06-01,1082,112,93,62,50,19,12,0.8303571428571429,0.8064516129032258,143
2023-06-02,1082,126,87,74,30,39,44,0.6904761904761905,0.40540540540540543,117
2023-06-03,1082,121,85,77,49,36,28,0.7024793388429752,0.6363636363636364,134
2023-06-04,1082,139,85,80,37,54,43,0.6115107913669064,0.4625,122
2023-06-05,1082,131,82,84,48,49,36,0.6259541984732825,0.5714285714285714,130
2023-06-06,1082,132,74,90,37,58,53,0.5606060606060606,0.4111111111111111,111
2023-06-07,1082,116,70,66,38,46,28,0.603448275862069,0.5757575757575758,108
2023-06-08,1082,137,75,93,33,62,60,0.5474452554744526,0.3548387096774194,108
2023-06-09,1082,103,65,59,43,38,16,0.6310679611650486,0.7288135593220338,108
2023-06-10,1082,149,96,71,45,53,26,0.6442953020134228,0.6338028169014085,141
2023-06-11,1082,135,79,61,41,56,20,0.5851851851851851,0.6721311475409836,120
2023-06-12,1082,142,96,91,39,46,52,0.676056338028169,0.42857142857142855,135
2023-06-13,1082,108,84,75,31,24,44,0.7777777777777778,0.41333333333333333,115
2023-06-14,1082,131,63,51,45,68,6,0.48091603053435117,0.8823529411764706,108
2023-06-15,1082,146,61,56,28,85,28,0.4178082191780822,0.5,89
2023-06-16,1082,141,75,83,31,66,52,0.5319148936170213,0.37349397590361444,106
2023-06-17,1082,125,80,69,37,45,32,0.64,0.5362318840579711,117
2023-06-18,1082,133,81,70,36,52,34,0.6090225563909775,0.5142857142857142,117
2023-06-19,1082,147,78,93,45,69,48,0.5306122448979592,0.4838709677419355,123
2023-06-20,1082,138,75,58,47,63,11,0.5434782608695652,0.8103448275862069,122
2023-06-21,1082,129,69,54,44,60,10,0.5348837209302325,0.8148148148148148,113
2023-06-22,1082,104,75,71,42,29,29,0.7211538461538461,0.5915492957746479,117
2023-06-23,1082,141,79,93,46,62,47,0.5602836879432624,0.4946236559139785,125
2023-06-24,1082,117,63,55,31,54,24,0.5384615384615384,0.5636363636363636,94
2023-06-25,1082,104,84,89,39,20,50,0.8076923076923077,0.43820224719101125,123
2023-06-26,1082,106,81,81,54,25,27,0.7641509433962265,0.6666666666666666,135
2023-06-27,1082,130,84,69,47,46,22,0.6461538461538462,0.6811594202898551,131
2023-06-28,1082,105,76,68,36,29,32,0.7238095238095238,0.5294117647058824,112
2023-06-29,1082,126,77,64,44,49,20,0.6111111111111112,0.6875,121
2023-06-30,1082,131,85,56,33,46,23,0.648854961832061,0.5892857142857143,118
2023-07-01,1082,141,87,93,43,54,50,0.6170212765957447,0.46236559139784944,130
2023-07-02,1082,135,73,84,30,62,54,0.5407407407407407,0.35714285714285715,103
2023-07-03,1082,135,71,66,31,64,35,0.5259259259259259,0.4696969696969697,102
2023-07-04,1082,104,75,79,40,29,39,0.7211538461538461,0.5063291139240507,115
2023-07-05,1082,107,79,85,31,28,54,0.7383177570093458,0.36470588235294116,110
2023-07-06,1082,118,92,66,33,26,33,0.7796610169491526,0.5,125
2023-07-07,1082,141,84,56,35,57,21,0.5957446808510638,0.625,119
2023-07-08,1082,148,95,97,45,53,52,0.6418918918918919,0.4639175257731959,140
2023-07-09,1082,125,71,97,46,54,51,0.568,0.4742268041237113,117
2023-07-10,1082,144,79,76,40,65,36,0.5486111111111112,0.5263157894736842,119
2023-07-11,1082,142,74,51,39,68,12,0.5211267605633803,0.7647058823529411,113
2023-07-12,1082,132,75,62,44,57,18,0.5681818181818182,0.7096774193548387,119
2023-07-13,1082,139,89,92,51,50,41,0.6402877697841727,0.5543478260869565,140
2023-07-14,1082,142,90,57,37,52,20,0.6338028169014085,0.6491228070175439,127
2023-07-15,1082,122,75,52,47,47,5,0.6147540983606558,0.9038461538461539,122
2023-07-16,1082,145,75,96,42,70,54,0.5172413793103449,0.4375,117
2023-07-17,1082,146,83,98,38,63,60,0.5684931506849316,0.3877551020408163,121
2023-07-18,1082,143,81,99,42,62,57,0.5664335664335665,0.42424242424242425,123
2023-07-19,1082,110,75,57,37,35,20,0.6818181818181818,0.6491228070175439,112
2023-07-20,1082,115,79,78,43,36,35,0.6869565217391305,0.5512820512820513,122
2023-07-21,1082,129,80,54,48,49,6,0.6201550387596899,0.8888888888888888,128
2023-07-22,1082,105,83,65,59,22,6,0.7904761904761904,0.9076923076923077,142
2023-07-23,1082,107,95,73,39,12,34,0.8878504672897196,0.5342465753424658,134
2023-07-24,1082,138,78,57,44,60,13,0.5652173913043478,0.7719298245614035,122
2023-07-25,1082,125,90,58,57,35,1,0.72,0.9827586206896551,147
2023-07-26,1082,107,81,70,42,26,28,0.7570093457943925,0.6,123
2023-07-27,1082,104,77,56,38,27,18,0.7403846153846154,0.6785714285714286,115
2023-07-28,1082,122,88,75,37,34,38,0.7213114754098361,0.49333333333333335,125
2023-07-29,1082,101,73,94,45,28,49,0.7227722772277227,0.4787234042553192,118
2023-07-30,1082,112,83,68,54,29,14,0.7410714285714286,0.7941176470588235,137
2023-07-31,1082,127,90,57,42,37,15,0.7086614173228346,0.7368421052631579,132
2023-08-01,1082,139,76,94,36,63,58,0.5467625899280576,0.3829787234042553,112
2023-08-02,1082,135,80,71,42,55,29,0.5925925925925926,0.5915492957746479,122
2023-08-03,1082,114,94,92,44,20,48,0.8245614035087719,0.4782608695652174,138
2023-08-04,1082,116,77,57,50,39,7,0.6637931034482759,0.8771929824561403,127
2023-08-05,1082,102,84,98,50,18,48,0.8235294117647058,0.5102040816326531,134
2023-08-06,1082,118,93,78,48,25,30,0.788135593220339,0.6153846153846154,141
2023-08-07,1082,122,98,73,38,24,35,0.8032786885245902,0.5205479452054794,136
2023-08-08,1082,125,75,68,34,50,34,0.6,0.5,109
2023-08-09,1082,136,83,89,41,53,48,0.6102941176470589,0.4606741573033708,124
2023-08-10,1082,118,70,61,32,48,29,0.5932203389830508,0.5245901639344263,102
2023-08-11,1082,149,92,85,48,57,37,0.6174496644295302,0.5647058823529412,140
2023-08-12,1082,139,75,99,36,64,63,0.539568345323741,0.36363636363636365,111
2023-08-13,1082,144,77,71,42,67,29,0.5347222222222222,0.5915492957746479,119
2023-08-14,1082,104,70,96,35,34,61,0.6730769230769231,0.3645833333333333,105
2023-08-15,1082,134,89,65,52,45,13,0.664179104477612,0.8,141
2023-08-16,1082,138,81,72,33,57,39,0.5869565217391305,0.4583333333333333,114
2023-08-17,1082,128,77,50,37,51,13,0.6015625,0.74,114
2023-08-18,1082,100,82,60,49,18,11,0.82,0.8166666666666667,131
2023-08-19,1082,102,65,89,39,37,50,0.6372549019607843,0.43820224719101125,104
2023-08-20,1082,108,79,87,34,29,53,0.7314814814814815,0.39080459770114945,113
2023-08-21,1082,124,77,62,41,47,21,0.6209677419354839,0.6612903225806451,118
2023-08-22,1082,142,71,71,37,71,34,0.5,0.5211267605633803,108
2023-08-23,1082,130,84,59,39,46,20,0.6461538461538462,0.6610169491525424,123
2023-08-24,1082,141,78,75,45,63,30,0.5531914893617021,0.6,123
2023-08-25,1082,149,68,77,50,81,27,0.4563758389261745,0.6493506493506493,118
2023-08-26,1082,139,82,58,41,57,17,0.5899280575539568,0.7068965517241379,123
2023-08-27,1082,123,77,61,43,46,18,0.6260162601626016,0.7049180327868853,120
2023-08-28,1082,130,86,89,38,44,51,0.6615384615384615,0.42696629213483145,124
2023-08-29,1082,143,79,54,42,64,12,0.5524475524475524,0.7777777777777778,121
2023-08-30,1082,118,81,98,38,37,60,0.6864406779661016,0.3877551020408163,119
2023-08-31,1082,134,99,100,41,35,59,0.7388059701492538,0.41,140
2023-09-01,1082,140,86,72,33,54,39,0.6142857142857143,0.4583333333333333,119
2023-09-02,1082,147,69,72,35,78,37,0.46938775510204084,0.4861111111111111,104
2023-09-03,1082,146,65,78,45,81,33,0.4452054794520548,0.5769230769230769,110
2023-09-04,1082,132,96,87,33,36,54,0.7272727272727273,0.3793103448275862,129
2023-09-05,1082,113,77,94,37,36,57,0.6814159292035398,0.39361702127659576,114
2023-09-06,1082,137,86,71,38,51,33,0.6277372262773723,0.5352112676056338,124
2023-09-07,1082,138,86,89,48,52,41,0.6231884057971014,0.5393258426966292,134
2023-09-08,1082,125,75,57,36,50,21,0.6,0.631578947368421,111
2023-09-09,1082,147,87,90,51,60,39,0.5918367346938775,0.5666666666666667,138
2023-09-10,1082,148,99,82,23,49,59,0.668918918918919,0.2804878048780488,122
2023-09-11,1082,117,74,71,43,43,28,0.6324786324786325,0.6056338028169014,117
2023-09-12,1082,131,79,66,42,52,24,0.6030534351145038,0.6363636363636364,121
2023-09-13,1082,116,89,98,48,27,50,0.7672413793103449,0.4897959183673469,137
2023-09-14,1082,123,76,67,49,47,18,0.6178861788617886,0.7313432835820896,125
2023-09-15,1082,105,78,68,27,27,41,0.7428571428571429,0.39705882352941174,105
2023-09-16,1082,141,81,75,44,60,31,0.574468085106383,0.5866666666666667,125
2023-09-17,1082,101,101,94,43,0,51,1,0.4574468085106383,144
2023-09-18,1082,125,66,51,38,59,13,0.528,0.7450980392156863,104
2023-09-19,1082,112,91,60,44,21,16,0.8125,0.7333333333333333,135
2023-09-20,1082,149,82,97,35,67,62,0.5503355704697986,0.36082474226804123,117
2023-09-21,1082,150,95,97,46,55,51,0.6333333333333333,0.4742268041237113,141
2023-09-22,1082,111,81,78,35,30,43,0.7297297297297297,0.44871794871794873,116
2023-09-23,1082,138,86,89,48,52,41,0.6231884057971014,0.5393258426966292,134
2023-09-24,1082,140,86,68,42,54,26,0.6142857142857143,0.6176470588235294,128
2023-09-25,1082,117,77,67,43,40,24,0.6581196581196581,0.6417910447761194,120
2023-09-26,1082,146,94,65,46,52,19,0.6438356164383562,0.7076923076923077,140
2023-09-27,1082,131,77,59,45,54,14,0.5877862595419847,0.7627118644067796,122
2023-09-28,1082,144,78,84,42,66,42,0.5416666666666666,0.5,120
2023-09-29,1082,120,93,65,39,27,26,0.775,0.6,132
2023-09-30,1082,146,88,69,43,58,26,0.6027397260273972,0.6231884057971014,131
2023-10-01,1082,122,67,77,40,55,37,0.5491803278688525,0.5194805194805194,107
2023-10-02,1082,112,78,89,34,34,55,0.6964285714285714,0.38202247191011235,112
2023-10-03,1082,116,83,73,39,33,34,0.7155172413793104,0.5342465753424658,122
2023-10-04,1082,133,83,52,30,50,22,0.6240601503759399,0.5769230769230769,113
2023-10-05,1082,105,84,79,35,21,44,0.8,0.4430379746835443,119
2023-10-06,1082,147,90,70,46,57,24,0.6122448979591837,0.6571428571428571,136
2023-10-07,1082,143,81,63,37,62,26,0.5664335664335665,0.5873015873015873,118
2023-10-08,1082,133,75,99,42,58,57,0.5639097744360902,0.42424242424242425,117
2023-10-09,1082,109,83,50,32,26,18,0.7614678899082569,0.64,115
2023-10-10,1082,149,81,82,43,68,39,0.5436241610738255,0.524390243902439,124
2023-10-11,1082,128,81,54,41,47,13,0.6328125,0.7592592592592593,122
2023-10-12,1082,136,76,58,51,60,7,0.5588235294117647,0.8793103448275862,127
2023-10-13,1082,146,82,59,34,64,25,0.5616438356164384,0.576271186440678,116
2023-10-14,1082,103,79,64,41,24,23,0.7669902912621359,0.640625,120
2023-10-15,1082,107,87,61,45,20,16,0.8130841121495327,0.7377049180327869,132
2023-10-16,1082,117,93,62,40,24,22,0.7948717948717948,0.6451612903225806,133
2023-10-17,1082,132,105,69,38,27,31,0.7954545454545454,0.5507246376811594,143
2023-10-18,1082,107,69,98,42,38,56,0.6448598130841121,0.42857142857142855,111
2023-10-19,1082,117,79,51,41,38,10,0.6752136752136753,0.803921568627451,120
2023-10-20,1082,150,75,68,29,75,39,0.5,0.4264705882352941,104
2023-10-21,1082,120,79,80,37,41,43,0.6583333333333333,0.4625,116
2023-10-22,1082,124,83,60,45,41,15,0.6693548387096774,0.75,128
2023-10-23,1082,114,70,78,38,44,40,0.6140350877192983,0.48717948717948717,108
2023-10-24,1082,112,82,56,41,30,15,0.7321428571428571,0.7321428571428571,123
2023-10-25,1082,142,90,96,47,52,49,0.6338028169014085,0.4895833333333333,137
2023-10-26,1082,127,63,99,41,64,58,0.49606299212598426,0.41414141414141414,104
2023-10-27,1082,100,57,80,37,43,43,0.57,0.4625,94
2023-10-28,1082,124,88,78,50,36,28,0.7096774193548387,0.6410256410256411,138
2023-10-29,1082,111,86,98,31,25,67,0.7747747747747747,0.3163265306122449,117
2023-10-30,1082,149,85,84,41,64,43,0.5704697986577181,0.4880952380952381,126
2023-10-31,1082,123,85,69,35,38,34,0.6910569105691057,0.5072463768115942,120
2023-11-01,1082,144,81,100,41,63,59,0.5625,0.41,122
2023-11-02,1082,112,70,84,44,42,40,0.625,0.5238095238095238,114
2023-11-03,1082,148,88,88,25,60,63,0.5945945945945946,0.2840909090909091,113
2023-11-04,1082,100,82,77,37,18,40,0.82,0.4805194805194805,119
2023-11-05,1082,127,74,62,44,53,18,0.5826771653543307,0.7096774193548387,118
2023-11-06,1082,140,70,58,33,70,25,0.5,0.5689655172413793,103
2023-11-07,1082,105,75,54,34,30,20,0.7142857142857143,0.6296296296296297,109
2023-11-08,1082,137,71,52,45,66,7,0.5182481751824818,0.8653846153846154,116
2023-11-09,1082,138,73,51,49,65,2,0.5289855072463768,0.9607843137254902,122
2023-11-10,1082,117,76,51,46,41,5,0.6495726495726496,0.9019607843137255,122
2023-11-11,1082,139,81,74,36,58,38,0.5827338129496403,0.4864864864864865,117
2023-11-12,1082,133,89,50,43,44,7,0.6691729323308271,0.86,132
2023-11-13,1082,146,76,88,48,70,40,0.5205479452054794,0.5454545454545454,124
2023-11-14,1082,145,93,63,37,52,26,0.6413793103448275,0.5873015873015873,130
2023-11-15,1082,122,87,96,43,35,53,0.7131147540983607,0.4479166666666667,130
2023-11-16,1082,127,86,50,48,41,2,0.6771653543307087,0.96,134
2023-11-17,1082,114,67,67,53,47,14,0.5877192982456141,0.7910447761194029,120
2023-11-18,1082,107,71,68,40,36,28,0.6635514018691588,0.5882352941176471,111
2023-11-19,1082,140,90,100,35,50,65,0.6428571428571429,0.35,125
2023-11-20,1082,117,92,84,47,25,37,0.7863247863247863,0.5595238095238095,139
2023-11-21,1082,119,80,51,45,39,6,0.6722689075630253,0.8823529411764706,125
2023-11-22,1082,107,87,93,35,20,58,0.8130841121495327,0.3763440860215054,122
2023-11-23,1082,150,84,65,38,66,27,0.56,0.5846153846153846,122
2023-11-24,1082,137,72,86,55,65,31,0.5255474452554745,0.6395348837209303,127
2023-11-25,1082,133,79,98,43,54,55,0.5939849624060151,0.4387755102040816,122
2023-11-26,1082,101,88,52,36,13,16,0.8712871287128713,0.6923076923076923,124
2023-11-27,1082,115,83,94,47,32,47,0.7217391304347827,0.5,130
2023-11-28,1082,105,77,90,32,28,58,0.7333333333333333,0.35555555555555557,109
2023-11-29,1082,146,89,100,42,57,58,0.6095890410958904,0.42,131
2023-11-30,1082,133,75,60,44,58,16,0.5639097744360902,0.7333333333333333,119
2023-12-01,1082,105,81,83,42,24,41,0.7714285714285715,0.5060240963855421,123
2023-12-02,1082,146,80,97,35,66,62,0.547945205479452,0.36082474226804123,115
2023-12-03,1082,140,77,88,44,63,44,0.55,0.5,121
2023-12-04,1082,145,87,80,38,58,42,0.6,0.475,125
2023-12-05,1082,128,76,94,48,52,46,0.59375,0.5106382978723404,124
2023-12-06,1082,135,71,96,42,64,54,0.5259259259259259,0.4375,113
2023-12-07,1082,104,88,67,43,16,24,0.8461538461538461,0.6417910447761194,131
2023-12-08,1082,124,85,52,40,39,12,0.6854838709677419,0.7692307692307693,125
2023-12-09,1082,143,80,53,41,63,12,0.5594405594405595,0.7735849056603774,121
2023-12-10,1082,122,69,57,34,53,23,0.5655737704918032,0.5964912280701754,103
2023-12-11,1082,101,97,84,48,4,36,0.9603960396039604,0.5714285714285714,145
2023-12-12,1082,115,67,87,33,48,54,0.5826086956521739,0.3793103448275862,100
2023-12-13,1082,105,87,86,43,18,43,0.8285714285714286,0.5,130
2023-12-14,1082,133,78,92,42,55,50,0.5864661654135338,0.45652173913043476,120
2023-12-15,1082,120,79,62,44,41,18,0.6583333333333333,0.7096774193548387,123
2023-12-16,1082,109,76,67,54,33,13,0.6972477064220184,0.8059701492537313,130
2023-12-17,1082,130,79,74,43,51,31,0.6076923076923076,0.581081081081081,122
2023-12-18,1082,130,80,93,46,50,47,0.6153846153846154,0.4946236559139785,126
2023-12-19,1082,125,83,92,36,42,56,0.664,0.391304347826087,119
2023-12-20,1082,126,75,72,37,51,35,0.5952380952380952,0.5138888888888888,112
2023-12-21,1082,133,79,75,33,54,42,0.5939849624060151,0.44,112
2023-12-22,1082,106,78,76,40,28,36,0.7358490566037735,0.5263157894736842,118
2023-12-23,1082,106,100,68,38,6,30,0.9433962264150944,0.5588235294117647,138
2023-12-24,1082,148,82,58,41,66,17,0.5540540540540541,0.7068965517241379,123
2023-12-25,1082,135,74,86,44,61,42,0.5481481481481482,0.5116279069767442,118
2023-12-26,1082,115,84,55,50,31,5,0.7304347826086957,0.9090909090909091,134
2023-12-27,1082,123,78,67,43,45,24,0.6341463414634146,0.6417910447761194,121
2023-12-28,1082,139,94,98,37,45,61,0.6762589928057554,0.37755102040816324,131
2023-12-29,1082,145,80,66,40,65,26,0.5517241379310345,0.6060606060606061,120
2023-12-30,1082,107,68,92,54,39,38,0.6355140186915887,0.5869565217391305,122
2023-12-31,1082,147,75,71,36,72,35,0.5102040816326531,0.5070422535211268,111
2023-01-01,1083,147,70,96,32,77,64,0.47619047619047616,0.3333333333333333,102
2023-01-02,1083,109,83,52,46,26,6,0.7614678899082569,0.8846153846153846,129
2023-01-03,1083,147,70,52,36,77,16,0.47619047619047616,0.6923076923076923,106
2023-01-04,1083,104,78,85,35,26,50,0.75,0.4117647058823529,113
2023-01-05,1083,114,87,97,33,27,64,0.7631578947368421,0.3402061855670103,120
2023-01-06,1083,112,79,86,41,33,45,0.7053571428571429,0.47674418604651164,120
2023-01-07,1083,125,88,56,42,37,14,0.704,0.75,130
2023-01-08,1083,128,86,80,39,42,41,0.671875,0.4875,125
2023-01-09,1083,117,80,73,41,37,32,0.6837606837606838,0.5616438356164384,121
2023-01-10,1083,106,93,57,35,13,22,0.8773584905660378,0.6140350877192983,128
2023-01-11,1083,133,77,91,35,56,56,0.5789473684210527,0.38461538461538464,112
2023-01-12,1083,105,78,67,49,27,18,0.7428571428571429,0.7313432835820896,127
2023-01-13,1083,123,72,68,33,51,35,0.5853658536585366,0.4852941176470588,105
2023-01-14,1083,117,70,92,35,47,57,0.5982905982905983,0.3804347826086957,105
2023-01-15,1083,142,95,78,36,47,42,0.6690140845070423,0.46153846153846156,131
2023-01-16,1083,125,89,78,41,36,37,0.712,0.5256410256410257,130
2023-01-17,1083,122,91,94,41,31,53,0.7459016393442623,0.43617021276595747,132
2023-01-18,1083,119,94,80,42,25,38,0.7899159663865546,0.525,136
2023-01-19,1083,101,81,75,46,20,29,0.801980198019802,0.6133333333333333,127
2023-01-20,1083,143,99,69,31,44,38,0.6923076923076923,0.4492753623188406,130
2023-01-21,1083,119,77,76,30,42,46,0.6470588235294118,0.39473684210526316,107
2023-01-22,1083,148,101,87,42,47,45,0.6824324324324325,0.4827586206896552,143
2023-01-23,1083,126,87,75,35,39,40,0.6904761904761905,0.4666666666666667,122
2023-01-24,1083,103,76,58,32,27,26,0.7378640776699029,0.5517241379310345,108
2023-01-25,1083,126,88,96,41,38,55,0.6984126984126984,0.4270833333333333,129
2023-01-26,1083,128,72,80,42,56,38,0.5625,0.525,114
2023-01-27,1083,111,84,93,39,27,54,0.7567567567567568,0.41935483870967744,123
2023-01-28,1083,107,82,85,37,25,48,0.7663551401869159,0.43529411764705883,119
2023-01-29,1083,114,100,75,37,14,38,0.8771929824561403,0.49333333333333335,137
2023-01-30,1083,127,69,94,42,58,52,0.5433070866141733,0.44680851063829785,111
2023-01-31,1083,137,80,87,34,57,53,0.583941605839416,0.39080459770114945,114
2023-02-01,1083,114,73,98,42,41,56,0.6403508771929824,0.42857142857142855,115
2023-02-02,1083,148,68,52,36,80,16,0.4594594594594595,0.6923076923076923,104
2023-02-03,1083,113,76,87,30,37,57,0.672566371681416,0.3448275862068966,106
2023-02-04,1083,102,71,54,43,31,11,0.696078431372549,0.7962962962962963,114
2023-02-05,1083,148,77,70,38,71,32,0.5202702702702703,0.5428571428571428,115
2023-02-06,1083,104,91,75,43,13,32,0.875,0.5733333333333334,134
2023-02-07,1083,132,82,75,37,50,38,0.6212121212121212,0.49333333333333335,119
2023-02-08,1083,146,78,76,34,68,42,0.5342465753424658,0.4473684210526316,112
2023-02-09,1083,108,83,75,39,25,36,0.7685185185185185,0.52,122
2023-02-10,1083,105,64,73,39,41,34,0.6095238095238096,0.5342465753424658,103
2023-02-11,1083,142,80,59,50,62,9,0.5633802816901409,0.847457627118644,130
2023-02-12,1083,135,81,55,34,54,21,0.6,0.6181818181818182,115
2023-02-13,1083,140,68,89,31,72,58,0.4857142857142857,0.34831460674157305,99
2023-02-14,1083,107,70,59,35,37,24,0.6542056074766355,0.5932203389830508,105
2023-02-15,1083,135,91,75,40,44,35,0.674074074074074,0.5333333333333333,131
2023-02-16,1083,130,82,73,35,48,38,0.6307692307692307,0.4794520547945205,117
2023-02-17,1083,115,69,51,51,46,0,0.6,1,120
2023-02-18,1083,135,73,56,40,62,16,0.5407407407407407,0.7142857142857143,113
2023-02-19,1083,131,79,67,40,52,27,0.6030534351145038,0.5970149253731343,119
2023-02-20,1083,144,77,100,45,67,55,0.5347222222222222,0.45,122
2023-02-21,1083,100,84,50,49,16,1,0.84,0.98,133
2023-02-22,1083,101,72,55,44,29,11,0.7128712871287128,0.8,116
2023-02-23,1083,115,92,79,39,23,40,0.8,0.4936708860759494,131
2023-02-24,1083,116,77,85,35,39,50,0.6637931034482759,0.4117647058823529,112
2023-02-25,1083,144,72,58,41,72,17,0.5,0.7068965517241379,113
2023-02-26,1083,143,88,75,45,55,30,0.6153846153846154,0.6,133
2023-02-27,1083,114,80,92,47,34,45,0.7017543859649122,0.5108695652173914,127
2023-02-28,1083,111,90,61,34,21,27,0.8108108108108109,0.5573770491803278,124
2023-03-01,1083,141,82,86,34,59,52,0.5815602836879432,0.3953488372093023,116
2023-03-02,1083,122,91,69,44,31,25,0.7459016393442623,0.6376811594202898,135
2023-03-03,1083,100,83,86,34,17,52,0.83,0.3953488372093023,117
2023-03-04,1083,106,83,92,35,23,57,0.78301886792452835,0.3804347826086957,118
2023-03-05,1083,108,87,56,41,21,15,0.8055555555555556,0.7321428571428571,128
2023-03-06,1083,131,77,60,33,54,27,0.5877862595419847,0.55,110
2023-03-07,1083,125,58,87,37,67,50,0.464,0.42528735632183906,95
2023-03-08,1083,107,95,74,42,12,32,0.8878504672897196,0.5675675675675675,137
2023-03-09,1083,147,71,93,41,76,52,0.48299319727891155,0.44086021505376344,112
2023-03-10,1083,100,84,93,36,16,57,0.84,0.3870967741935484,120
2023-03-11,1083,146,95,85,34,51,51,0.6506849315068494,0.4,129
2023-03-12,1083,117,88,74,51,29,23,0.7521367521367521,0.6891891891891891,139
2023-03-13,1083,124,78,60,41,46,19,0.6290322580645161,0.6833333333333333,119
2023-03-14,1083,122,70,76,37,52,39,0.5737704918032787,0.4868421052631579,107
2023-03-15,1083,101,94,76,32,7,44,0.9306930693069307,0.42105263157894735,126
2023-03-16,1083,145,83,84,42,62,42,0.5724137931034483,0.5,125
2023-03-17,1083,105,75,64,27,30,37,0.7142857142857143,0.421875,102
2023-03-18,1083,106,75,88,45,31,43,0.7075471698113207,0.5113636363636364,120
2023-03-19,1083,102,94,64,42,8,22,0.9215686274509803,0.65625,136
2023-03-20,1083,128,81,52,46,47,6,0.6328125,0.8846153846153846,127
2023-03-21,1083,110,80,64,50,30,14,0.7272727272727273,0.78125,130
2023-03-22,1083,105,78,92,44,27,48,0.7428571428571429,0.4782608695652174,122
2023-03-23,1083,150,82,72,36,68,36,0.5466666666666666,0.5,118
2023-03-24,1083,134,79,83,32,55,51,0.5895522388059702,0.3855421686746988,111
2023-03-25,1083,127,92,98,40,35,58,0.7244094488188977,0.40816326530612246,132
2023-03-26,1083,116,88,50,46,28,4,0.7586206896551724,0.92,134
2023-03-27,1083,116,87,63,45,29,18,0.75,0.7142857142857143,132
2023-03-28,1083,137,80,52,52,57,0,0.583941605839416,1,132
2023-03-29,1083,127,99,55,33,28,22,0.7795275590551181,0.6,132
2023-03-30,1083,147,85,53,50,62,3,0.5782312925170068,0.9433962264150944,135
2023-03-31,1083,115,98,60,35,17,25,0.8521739130434782,0.5833333333333334,133
2023-04-01,1083,131,76,91,45,55,46,0.5801526717557252,0.4945054945054945,121
2023-04-02,1083,103,76,50,29,27,21,0.7378640776699029,0.58,105
2023-04-03,1083,108,68,89,44,40,45,0.6296296296296297,0.4943820224719101,112
2023-04-04,1083,106,65,64,36,41,28,0.6132075471698113,0.5625,101
2023-04-05,1083,104,80,72,50,24,22,0.7692307692307693,0.6944444444444444,130
2023-04-06,1083,127,95,79,44,32,35,0.7480314960629921,0.5569620253164557,139
2023-04-07,1083,143,71,52,46,72,6,0.4965034965034965,0.8846153846153846,117
2023-04-08,1083,141,84,60,48,57,12,0.5957446808510638,0.8,132
2023-04-09,1083,121,85,59,29,36,30,0.7024793388429752,0.4915254237288136,114
2023-04-10,1083,141,82,92,38,59,54,0.5815602836879432,0.41304347826086957,120
2023-04-11,1083,139,79,72,40,60,32,0.5683453237410072,0.5555555555555556,119
2023-04-12,1083,108,75,68,36,33,32,0.6944444444444444,0.5294117647058824,111
2023-04-13,1083,122,78,98,37,44,61,0.639344262295082,0.37755102040816324,115
2023-04-14,1083,120,77,80,53,43,27,0.6416666666666667,0.6625,130
2023-04-15,1083,142,76,71,42,66,29,0.5352112676056338,0.5915492957746479,118
2023-04-16,1083,145,87,100,36,58,64,0.6,0.36,123
2023-04-17,1083,134,64,91,46,70,45,0.47761194029850745,0.5054945054945055,110
2023-04-18,1083,128,80,70,30,48,40,0.625,0.42857142857142855,110
2023-04-19,1083,150,91,51,51,59,0,0.6066666666666667,1,142
2023-04-20,1083,103,80,53,35,23,18,0.7766990291262136,0.660377358490566,115
2023-04-21,1083,101,77,86,45,24,41,0.7623762376237624,0.5232558139534884,122
2023-04-22,1083,138,88,62,45,50,17,0.6376811594202898,0.7258064516129032,133
2023-04-23,1083,116,75,78,48,41,30,0.646551724137931,0.6153846153846154,123
2023-04-24,1083,116,80,84,37,36,47,0.6896551724137931,0.44047619047619047,117
2023-04-25,1083,129,71,97,41,58,56,0.5503875968992248,0.422680412371134,112
2023-04-26,1083,148,80,53,45,68,8,0.5405405405405406,0.8490566037735849,125
2023-04-27,1083,115,76,78,38,39,40,0.6608695652173913,0.48717948717948717,114
2023-04-28,1083,114,69,82,47,45,35,0.6052631578947368,0.573170731707317,116
2023-04-29,1083,140,80,81,30,60,51,0.5714285714285714,0.37037037037037035,110
2023-04-30,1083,118,74,70,41,44,29,0.6271186440677966,0.5857142857142857,115
2023-05-01,1083,139,77,80,44,62,36,0.5539568345323741,0.55,121
2023-05-02,1083,113,83,81,36,30,45,0.7345132743362832,0.4444444444444444,119
2023-05-03,1083,107,93,50,40,14,10,0.8691588785046729,0.8,133
2023-05-04,1083,135,79,58,32,56,26,0.5851851851851851,0.5517241379310345,111
2023-05-05,1083,131,79,71,38,52,33,0.6030534351145038,0.5352112676056338,117
2023-05-06,1083,100,70,76,47,30,29,0.7,0.618421052631579,117
2023-05-07,1083,116,70,97,38,46,59,0.603448275862069,0.3917525773195876,108
2023-05-08,1083,120,74,65,31,46,34,0.6166666666666667,0.47692307692307695,105
2023-05-09,1083,138,90,75,48,48,27,0.6521739130434783,0.64,138
2023-05-10,1083,139,76,68,37,63,31,0.5467625899280576,0.5441176470588235,113
2023-05-11,1083,140,70,63,29,70,34,0.5,0.4603174603174603,99
2023-05-12,1083,130,96,91,37,34,54,0.7384615384615385,0.4065934065934066,133
2023-05-13,1083,110,81,87,37,29,50,0.7363636363636363,0.42528735632183906,118
2023-05-14,1083,108,68,55,42,40,13,0.6296296296296297,0.7636363636363637,110
2023-05-15,1083,103,70,94,41,33,53,0.6796116504854369,0.43617021276595747,111
2023-05-16,1083,143,83,65,32,60,33,0.5804195804195804,0.49230769230769234,115
2023-05-17,1083,112,76,55,48,36,7,0.6785714285714286,0.8727272727272727,124
2023-05-18,1083,111,77,86,41,34,45,0.6936936936936937,0.47674418604651164,118
2023-05-19,1083,137,77,58,43,60,15,0.5620437956204379,0.7413793103448276,120
2023-05-20,1083,142,93,97,42,49,55,0.6549295774647887,0.4329896907216495,135
2023-05-21,1083,104,74,97,31,30,66,0.7115384615384616,0.31958762886597936,105
2023-05-22,1083,129,78,87,33,51,54,0.6046511627906976,0.3793103448275862,111
2023-05-23,1083,132,84,57,47,48,10,0.6363636363636364,0.8245614035087719,131
2023-05-24,1083,141,81,55,40,60,15,0.574468085106383,0.7272727272727273,121
2023-05-25,1083,114,67,77,45,47,32,0.5877192982456141,0.5844155844155844,112
2023-05-26,1083,124,78,86,38,46,48,0.6290322580645161,0.4418604651162791,116
2023-05-27,1083,103,76,88,39,27,49,0.7378640776699029,0.4431818181818182,115
2023-05-28,1083,112,81,80,42,31,38,0.7232142857142857,0.525,123
2023-05-29,1083,109,101,64,38,8,26,0.926605504587156,0.59375,139
2023-05-30,1083,147,86,93,42,61,51,0.5850340136054422,0.45161290322580644,128
2023-05-31,1083,112,97,86,33,15,53,0.8660714285714286,0.38372093023255816,130
2023-06-01,1083,103,78,72,57,25,15,0.7572815533980582,0.7916666666666666,135
2023-06-02,1083,141,89,76,38,52,38,0.6312056737588653,0.5,127
2023-06-03,1083,141,61,53,42,80,11,0.4326241134751773,0.7924528301886793,103
2023-06-04,1083,106,87,55,37,19,18,0.8207547169811321,0.6727272727272727,124
2023-06-05,1083,134,80,74,39,54,35,0.5970149253731343,0.527027027027027,119
2023-06-06,1083,140,79,75,39,61,36,0.5642857142857143,0.52,118
2023-06-07,1083,142,75,77,53,67,24,0.528169014084507,0.6883116883116883,128
2023-06-08,1083,137,84,78,41,53,37,0.6131386861313869,0.5256410256410257,125
2023-06-09,1083,115,79,61,40,36,21,0.6869565217391305,0.6557377049180327,119
2023-06-10,1083,137,74,67,43,63,24,0.5401459854014599,0.6417910447761194,117
2023-06-11,1083,119,63,94,35,56,59,0.5294117647058824,0.3723404255319149,98
2023-06-12,1083,101,72,62,43,29,19,0.7128712871287128,0.6935483870967742,115
2023-06-13,1083,133,79,61,42,54,19,0.5939849624060151,0.6885245901639344,121
2023-06-14,1083,141,80,82,38,61,44,0.5673758865248227,0.4634146341463415,118
2023-06-15,1083,101,73,87,41,28,46,0.7227722772277227,0.47126436781609193,114
2023-06-16,1083,142,76,89,54,66,35,0.5352112676056338,0.6067415730337079,130
2023-06-17,1083,148,72,86,33,76,53,0.4864864864864865,0.38372093023255816,105
2023-06-18,1083,115,89,71,41,26,30,0.7739130434782608,0.5774647887323944,130
2023-06-19,1083,108,97,53,40,11,13,0.8981481481481481,0.7547169811320755,137
2023-06-20,1083,129,79,64,39,50,25,0.6124031007751938,0.609375,118
2023-06-21,1083,111,72,61,32,39,29,0.6486486486486487,0.5245901639344263,104
2023-06-22,1083,129,91,54,44,38,10,0.7054263565891473,0.8148148148148148,135
2023-06-23,1083,128,67,61,50,61,11,0.5234375,0.819672131147541,117
2023-06-24,1083,133,85,77,38,48,39,0.6390977443609023,0.4935064935064935,123
2023-06-25,1083,114,72,63,43,42,20,0.631578947368421,0.6825396825396826,115
2023-06-26,1083,146,85,58,47,61,11,0.5821917808219178,0.8103448275862069,132
2023-06-27,1083,145,92,82,51,53,31,0.6344827586206897,0.6219512195121951,143
2023-06-28,1083,113,71,50,35,42,15,0.6283185840707964,0.7,106
2023-06-29,1083,149,82,62,36,67,26,0.5503355704697986,0.5806451612903226,118
2023-06-30,1083,142,74,55,44,68,11,0.5211267605633803,0.8,118
2023-07-01,1083,148,86,83,39,62,44,0.581081081081081,0.46987951807228917,125
2023-07-02,1083,106,93,95,30,13,65,0.8773584905660378,0.3157894736842105,123
2023-07-03,1083,110,80,68,51,30,17,0.7272727272727273,0.75,131
2023-07-04,1083,123,76,54,44,47,10,0.6178861788617886,0.8148148148148148,120
2023-07-05,1083,122,78,63,35,44,28,0.639344262295082,0.5555555555555556,113
2023-07-06,1083,141,75,81,33,66,48,0.5319148936170213,0.4074074074074074,108
2023-07-07,1083,118,81,64,41,37,23,0.6864406779661016,0.640625,122
2023-07-08,1083,136,87,87,52,49,35,0.6397058823529411,0.5977011494252874,139
2023-07-09,1083,147,80,51,30,67,21,0.54421768707483,0.5882352941176471,110
2023-07-10,1083,103,84,77,38,19,39,0.8155339805825242,0.4935064935064935,122
2023-07-11,1083,107,75,93,37,32,56,0.7009345794392523,0.3978494623655914,112
2023-07-12,1083,101,78,88,44,23,44,0.7722772277227723,0.5,122
2023-07-13,1083,138,80,73,28,58,45,0.5797101449275363,0.3835616438356164,108
2023-07-14,1083,114,82,93,36,32,57,0.7192982456140351,0.3870967741935484,118
2023-07-15,1083,137,77,85,32,60,53,0.5620437956204379,0.3764705882352941,109
2023-07-16,1083,125,82,83,29,43,54,0.656,0.3493975903614458,111
2023-07-17,1083,148,72,55,39,76,16,0.4864864864864865,0.7090909090909091,111
2023-07-18,1083,149,77,51,50,72,1,0.5167785234899329,0.9803921568627451,127
2023-07-19,1083,118,73,68,43,45,25,0.6186440677966102,0.6323529411764706,116
2023-07-20,1083,119,80,65,35,39,30,0.6722689075630253,0.5384615384615384,115
2023-07-21,1083,122,88,71,34,34,37,0.7213114754098361,0.4788732394366197,122
2023-07-22,1083,123,81,81,38,42,43,0.6585365853658537,0.4691358024691358,119
2023-07-23,1083,112,86,75,34,26,41,0.7678571428571429,0.4533333333333333,120
2023-07-24,1083,132,88,82,42,44,40,0.6666666666666666,0.5121951219512195,130
2023-07-25,1083,115,83,72,38,32,34,0.7217391304347827,0.5277777777777778,121
2023-07-26,1083,131,72,70,36,59,34,0.549618320610687,0.5142857142857142,108
2023-07-27,1083,135,67,87,45,68,42,0.4962962962962963,0.5172413793103449,112
2023-07-28,1083,107,82,87,52,25,35,0.7663551401869159,0.5977011494252874,134
2023-07-29,1083,103,84,93,40,19,53,0.8155339805825242,0.43010752688172044,124
2023-07-30,1083,149,81,91,46,68,45,0.5436241610738255,0.5054945054945055,127
2023-07-31,1083,131,77,63,40,54,23,0.5877862595419847,0.6349206349206349,117
2023-08-01,1083,145,80,96,46,65,50,0.5517241379310345,0.4791666666666667,126
2023-08-02,1083,142,74,58,33,68,25,0.5211267605633803,0.5689655172413793,107
2023-08-03,1083,106,89,84,43,17,41,0.839622641509434,0.5119047619047619,132
2023-08-04,1083,111,90,98,41,21,57,0.8108108108108109,0.41836734693877553,131
2023-08-05,1083,140,81,75,38,59,37,0.5785714285714286,0.5066666666666667,119
2023-08-06,1083,134,74,57,32,60,25,0.5522388059701493,0.5614035087719298,106
2023-08-07,1083,143,86,87,44,57,43,0.6013986013986014,0.5057471264367817,130
2023-08-08,1083,147,88,59,40,59,19,0.5986394557823129,0.6779661016949152,128
2023-08-09,1083,107,73,52,32,34,20,0.6822429906542056,0.6153846153846154,105
2023-08-10,1083,136,92,56,31,44,25,0.6764705882352942,0.5535714285714286,123
2023-08-11,1083,129,83,75,44,46,31,0.6434108527131783,0.5866666666666667,127
2023-08-12,1083,123,73,94,33,50,61,0.5934959349593496,0.35106382978723405,106
2023-08-13,1083,112,96,100,38,16,62,0.8571428571428571,0.38,134
2023-08-14,1083,121,87,50,50,34,0,0.71900826446281,1,137
2023-08-15,1083,148,69,55,43,79,12,0.46621621621621623,0.7818181818181819,112
2023-08-16,1083,108,87,80,38,21,42,0.8055555555555556,0.475,125
2023-08-17,1083,105,90,67,27,15,40,0.8571428571428571,0.40298507462686567,117
2023-08-18,1083,136,79,85,32,57,53,0.5808823529411765,0.3764705882352941,111
2023-08-19,1083,129,72,91,33,57,58,0.5581395348837209,0.3626373626373626,105
2023-08-20,1083,147,96,58,39,51,19,0.6530612244897959,0.6724137931034483,135
2023-08-21,1083,144,74,65,37,70,28,0.5138888888888888,0.5692307692307692,111
2023-08-22,1083,123,73,61,38,50,23,0.5934959349593496,0.6229508196721312,111
2023-08-23,1083,133,90,84,35,43,49,0.6766917293233082,0.4166666666666667,125
2023-08-24,1083,143,75,96,47,68,49,0.5244755244755245,0.4895833333333333,122
2023-08-25,1083,126,80,95,40,46,55,0.6349206349206349,0.42105263157894735,120
2023-08-26,1083,131,87,90,36,44,54,0.6641221374045801,0.4,123
2023-08-27,1083,114,91,66,36,23,30,0.7982456140350878,0.5454545454545454,127
2023-08-28,1083,125,89,60,32,36,28,0.712,0.5333333333333333,121
2023-08-29,1083,112,77,98,31,35,67,0.6875,0.3163265306122449,108
2023-08-30,1083,113,84,67,42,29,25,0.7433628318584071,0.6268656716417911,126
2023-08-31,1083,137,83,81,40,54,41,0.6058394160583942,0.49382716049382713,123
2023-09-01,1083,102,68,58,41,34,17,0.6666666666666666,0.7068965517241379,109
2023-09-02,1083,113,93,75,24,20,51,0.8230088495575221,0.32,117
2023-09-03,1083,105,93,94,47,12,47,0.8857142857142857,0.5,140
2023-09-04,1083,108,69,51,32,39,19,0.6388888888888888,0.6274509803921569,101
2023-09-05,1083,113,79,88,45,34,43,0.6991150442477876,0.5113636363636364,124
2023-09-06,1083,112,91,66,36,21,30,0.8125,0.5454545454545454,127
2023-09-07,1083,133,84,78,37,49,41,0.631578947368421,0.47435897435897434,121
2023-09-08,1083,126,83,83,55,43,28,0.6587301587301587,0.6626506024096386,138
2023-09-09,1083,136,87,56,49,49,7,0.6397058823529411,0.875,136
2023-09-10,1083,111,97,81,44,14,37,0.8738738738738738,0.5432098765432098,141
2023-09-11,1083,131,86,87,41,45,46,0.6564885496183206,0.47126436781609193,127
2023-09-12,1083,139,62,90,40,77,50,0.4460431654676259,0.4444444444444444,102
2023-09-13,1083,116,86,96,26,30,70,0.7413793103448276,0.2708333333333333,112
2023-09-14,1083,148,75,96,43,73,53,0.5067567567567568,0.4479166666666667,118
2023-09-15,1083,135,80,53,50,55,3,0.5925925925925926,0.9433962264150944,130
2023-09-16,1083,132,66,82,43,66,39,0.5,0.524390243902439,109
2023-09-17,1083,134,86,53,34,48,19,0.6417910447761194,0.6415094339622641,120
2023-09-18,1083,120,80,66,43,40,23,0.6666666666666666,0.6515151515151515,123
2023-09-19,1083,107,73,89,46,34,43,0.6822429906542056,0.5168539325842697,119
2023-09-20,1083,136,87,83,42,49,41,0.6397058823529411,0.5060240963855421,129
2023-09-21,1083,123,76,66,43,47,23,0.6178861788617886,0.6515151515151515,119
2023-09-22,1083,145,82,100,31,63,69,0.5655172413793104,0.31,113
2023-09-23,1083,112,84,82,41,28,41,0.75,0.5,125
2023-09-24,1083,123,85,58,47,38,11,0.6910569105691057,0.8103448275862069,132
2023-09-25,1083,107,76,82,39,31,43,0.7102803738317757,0.47560975609756095,115
2023-09-26,1083,137,67,68,53,70,15,0.48905109489051096,0.7794117647058824,120
2023-09-27,1083,109,100,63,35,9,28,0.9174311926605505,0.5555555555555556,135
2023-09-28,1083,104,58,77,43,46,34,0.5576923076923077,0.5584415584415584,101
2023-09-29,1083,105,86,81,45,19,36,0.819047619047619,0.5555555555555556,131
2023-09-30,1083,118,65,58,30,53,28,0.5508474576271186,0.5172413793103449,95
2023-10-01,1083,103,89,91,44,14,47,0.8640776699029126,0.4835164835164835,133
2023-10-02,1083,129,74,51,33,55,18,0.5736434108527132,0.6470588235294118,107
2023-10-03,1083,150,80,79,44,70,35,0.5333333333333333,0.5569620253164557,124
2023-10-04,1083,125,81,62,35,44,27,0.648,0.5645161290322581,116
2023-10-05,1083,117,82,88,45,35,43,0.7008547008547008,0.5113636363636364,127
2023-10-06,1083,115,76,64,37,39,27,0.6608695652173913,0.578125,113
2023-10-07,1083,103,59,64,53,44,11,0.5728155339805825,0.828125,112
2023-10-08,1083,135,80,83,34,55,49,0.5925925925925926,0.40963855421686746,114
2023-10-09,1083,135,91,78,37,44,41,0.674074074074074,0.47435897435897434,128
2023-10-10,1083,139,84,83,49,55,34,0.60431654676259,0.5903614457831325,133
2023-10-11,1083,103,85,96,41,18,55,0.8252427184466019,0.4270833333333333,126
2023-10-12,1083,150,82,77,39,68,38,0.5466666666666666,0.5064935064935064,121
2023-10-13,1083,114,82,62,41,32,21,0.7192982456140351,0.6612903225806451,123
2023-10-14,1083,120,70,83,30,50,53,0.5833333333333334,0.3614457831325301,100
2023-10-15,1083,111,95,52,44,16,8,0.8558558558558559,0.8461538461538461,139
2023-10-16,1083,147,82,99,48,65,51,0.5578231292517006,0.48484848484848486,130
2023-10-17,1083,137,78,50,37,59,13,0.5693430656934306,0.74,115
2023-10-18,1083,103,70,97,22,33,75,0.6796116504854369,0.2268041237113402,92
2023-10-19,1083,126,64,99,46,62,53,0.5079365079365079,0.46464646464646464,110
2023-10-20,1083,150,92,82,28,58,54,0.6133333333333333,0.34146341463414637,120
2023-10-21,1083,140,92,82,43,48,39,0.6571428571428571,0.524390243902439,135
2023-10-22,1083,132,81,93,53,51,40,0.6136363636363636,0.5698924731182796,134
2023-10-23,1083,136,87,90,46,49,44,0.6397058823529411,0.5111111111111111,133
2023-10-24,1083,140,66,92,38,74,54,0.4714285714285714,0.41304347826086957,104
2023-10-25,1083,108,56,72,39,52,33,0.5185185185185185,0.5416666666666666,95
2023-10-26,1083,147,104,90,55,43,35,0.7074829931972789,0.6111111111111112,159
2023-10-27,1083,100,83,55,43,17,12,0.83,0.7818181818181819,126
2023-10-28,1083,131,76,59,40,55,19,0.5801526717557252,0.6779661016949152,116
2023-10-29,1083,119,91,58,33,28,25,0.7647058823529411,0.5689655172413793,124
2023-10-30,1083,128,82,59,39,46,20,0.640625,0.6610169491525424,121
2023-10-31,1083,112,99,65,45,13,20,0.8839285714285714,0.6923076923076923,144
2023-11-01,1083,143,83,58,58,60,0,0.5804195804195804,1,141
2023-11-02,1083,118,74,59,44,44,15,0.6271186440677966,0.7457627118644068,118
2023-11-03,1083,149,89,67,34,60,33,0.5973154362416108,0.5074626865671642,123
2023-11-04,1083,147,80,90,51,67,39,0.54421768707483,0.5666666666666667,131
2023-11-05,1083,111,76,91,44,35,47,0.6846846846846847,0.4835164835164835,120
2023-11-06,1083,134,88,58,38,46,20,0.6567164179104478,0.6551724137931034,126
2023-11-07,1083,112,67,66,34,45,32,0.5982142857142857,0.5151515151515151,101
2023-11-08,1083,121,92,94,34,29,60,0.7603305785123967,0.3617021276595745,126
2023-11-09,1083,150,89,89,43,61,46,0.5933333333333334,0.48314606741573035,132
2023-11-10,1083,147,75,64,56,72,8,0.5102040816326531,0.875,131
2023-11-11,1083,150,83,50,34,67,16,0.5533333333333333,0.68,117
2023-11-12,1083,103,99,61,49,4,12,0.9611650485436893,0.8032786885245902,148
2023-11-13,1083,134,82,69,36,52,33,0.6119402985074627,0.5217391304347826,118
2023-11-14,1083,136,81,76,43,55,33,0.5955882352941176,0.5657894736842105,124
2023-11-15,1083,110,89,98,39,21,59,0.8090909090909091,0.3979591836734694,128
2023-11-16,1083,129,92,63,39,37,24,0.7131782945736435,0.6190476190476191,131
2023-11-17,1083,100,95,53,21,5,32,0.95,0.39622641509433965,116
2023-11-18,1083,132,88,71,51,44,20,0.6666666666666666,0.7183098591549296,139
2023-11-19,1083,143,83,97,36,60,61,0.5804195804195804,0.3711340206185567,119
2023-11-20,1083,138,83,57,41,55,16,0.6014492753623188,0.7192982456140351,124
2023-11-21,1083,105,60,78,35,45,43,0.5714285714285714,0.44871794871794873,95
2023-11-22,1083,122,73,70,48,49,22,0.5983606557377049,0.6857142857142857,121
2023-11-23,1083,128,83,88,46,45,42,0.6484375,0.5227272727272727,129
2023-11-24,1083,106,79,60,50,27,10,0.7452830188679245,0.8333333333333334,129
2023-11-25,1083,149,82,68,37,67,31,0.5503355704697986,0.5441176470588235,119
2023-11-26,1083,150,67,93,47,83,46,0.44666666666666666,0.5053763440860215,114
2023-11-27,1083,113,82,92,41,31,51,0.7256637168141593,0.44565217391304346,123
2023-11-28,1083,143,96,62,41,47,21,0.6713286713286714,0.6612903225806451,137
2023-11-29,1083,107,67,65,45,40,20,0.6261682242990654,0.6923076923076923,112
2023-11-30,1083,106,79,89,37,27,52,0.7452830188679245,0.4157303370786517,116
2023-12-01,1083,141,86,87,36,55,51,0.6099290780141844,0.41379310344827586,122
2023-12-02,1083,114,75,85,34,39,51,0.6578947368421053,0.4,109
2023-12-03,1083,125,84,88,33,41,55,0.672,0.375,117
2023-12-04,1083,134,72,91,39,62,52,0.5373134328358209,0.42857142857142855,111
2023-12-05,1083,119,83,64,32,36,32,0.6974789915966386,0.5,115
2023-12-06,1083,129,74,92,38,55,54,0.5736434108527132,0.41304347826086957,112
2023-12-07,1083,132,87,76,35,45,41,0.6590909090909091,0.4605263157894737,122
2023-12-08,1083,102,75,65,34,27,31,0.7352941176470589,0.5230769230769231,109
2023-12-09,1083,118,92,96,49,26,47,0.7796610169491526,0.5104166666666666,141
2023-12-10,1083,112,84,56,31,28,25,0.75,0.5535714285714286,115
2023-12-11,1083,137,91,64,47,46,17,0.6642335766423357,0.734375,138
2023-12-12,1083,123,78,67,40,45,27,0.6341463414634146,0.5970149253731343,118
2023-12-13,1083,126,83,69,33,43,36,0.6587301587301587,0.4782608695652174,116
2023-12-14,1083,140,81,83,29,59,54,0.5785714285714286,0.3493975903614458,110
2023-12-15,1083,101,71,58,35,30,23,0.7029702970297029,0.603448275862069,106
2023-12-16,1083,133,84,72,48,49,24,0.631578947368421,0.6666666666666666,132
2023-12-17,1083,121,95,83,49,26,34,0.7851239669421488,0.5903614457831325,144
2023-12-18,1083,114,87,61,43,27,18,0.7631578947368421,0.7049180327868853,130
2023-12-19,1083,139,78,65,37,61,28,0.5611510791366906,0.5692307692307692,115
2023-12-20,1083,105,70,95,44,35,51,0.6666666666666666,0.4631578947368421,114
2023-12-21,1083,120,81,72,31,39,41,0.675,0.4305555555555556,112
2023-12-22,1083,119,85,77,27,34,50,0.7142857142857143,0.35064935064935066,112
2023-12-23,1083,137,85,93,41,52,52,0.6204379562043796,0.44086021505376344,126
2023-12-24,1083,115,82,93,33,33,60,0.7130434782608696,0.3548387096774194,115
2023-12-25,1083,108,69,94,46,39,48,0.6388888888888888,0.48936170212765956,115
2023-12-26,1083,145,103,60,47,42,13,0.7103448275862069,0.7833333333333333,150
2023-12-27,1083,105,78,93,48,27,45,0.7428571428571429,0.5161290322580645,126
2023-12-28,1083,114,81,74,42,33,32,0.7105263157894737,0.5675675675675675,123
2023-12-29,1083,145,64,88,31,81,57,0.4413793103448276,0.3522727272727273,95
2023-12-30,1083,115,79,62,40,36,22,0.6869565217391305,0.6451612903225806,119
2023-12-31,1083,110,71,86,52,39,34,0.6454545454545455,0.6046511627906976,123
2023-01-01,1084,147,71,67,47,76,20,0.48299319727891155,0.7014925373134329,118
2023-01-02,1084,101,83,66,36,18,30,0.8217821782178217,0.5454545454545454,119
2023-01-03,1084,137,89,89,40,48,49,0.6496350364963503,0.449438202247191,129
2023-01-04,1084,120,68,73,39,52,34,0.5666666666666667,0.5342465753424658,107
2023-01-05,1084,126,90,92,50,36,42,0.7142857142857143,0.5434782608695652,140
2023-01-06,1084,101,69,82,38,32,44,0.6831683168316832,0.4634146341463415,107
2023-01-07,1084,109,61,51,41,48,10,0.5596330275229358,0.803921568627451,102
2023-01-08,1084,140,81,59,35,59,24,0.5785714285714286,0.5932203389830508,116
2023-01-09,1084,123,73,80,40,50,40,0.5934959349593496,0.5,113
2023-01-10,1084,136,83,71,40,53,31,0.6102941176470589,0.5633802816901409,123
2023-01-11,1084,144,95,84,38,49,46,0.6597222222222222,0.4523809523809524,133
2023-01-12,1084,109,85,95,46,24,49,0.7798165137614679,0.4842105263157895,131
2023-01-13,1084,125,77,80,40,48,40,0.616,0.5,117
2023-01-14,1084,108,63,77,32,45,45,0.5833333333333334,0.4155844155844156,95
2023-01-15,1084,140,68,80,43,72,37,0.4857142857142857,0.5375,111
2023-01-16,1084,141,74,93,41,67,52,0.524822695035461,0.44086021505376344,115
2023-01-17,1084,123,97,89,50,26,39,0.7886178861788617,0.5617977528089888,147
2023-01-18,1084,130,66,82,45,64,37,0.5076923076923077,0.5487804878048781,111
2023-01-19,1084,140,86,86,33,54,53,0.6142857142857143,0.38372093023255816,119
2023-01-20,1084,145,85,51,48,60,3,0.5862068965517241,0.9411764705882353,133
2023-01-21,1084,149,72,86,47,77,39,0.48322147651006714,0.5465116279069767,119
2023-01-22,1084,110,84,96,38,26,58,0.7636363636363637,0.3958333333333333,122
2023-01-23,1084,101,72,100,43,29,57,0.7128712871287128,0.43,115
2023-01-24,1084,100,68,83,34,32,49,0.68,0.40963855421686746,102
2023-01-25,1084,102,84,83,45,18,38,0.8235294117647058,0.54216867469879515,129
2023-01-26,1084,109,83,55,40,26,15,0.7614678899082569,0.7272727272727273,123
2023-01-27,1084,107,73,67,42,34,25,0.6822429906542056,0.6268656716417911,115
2023-01-28,1084,137,68,51,39,69,12,0.49635036496350365,0.7647058823529411,107
2023-01-29,1084,108,77,94,35,31,59,0.7129629629629629,0.3723404255319149,112
2023-01-30,1084,125,81,71,51,44,20,0.648,0.7183098591549296,132
2023-01-31,1084,128,86,92,43,42,49,0.671875,0.4673913043478261,129
2023-02-01,1084,105,85,67,44,20,23,0.8095238095238095,0.6567164179104478,129
2023-02-02,1084,119,76,90,47,43,43,0.6386554621848739,0.5222222222222223,123
2023-02-03,1084,131,84,78,44,47,34,0.6412213740458015,0.5641025641025641,128
2023-02-04,1084,136,67,53,42,69,11,0.49264705882352944,0.7924528301886793,109
2023-02-05,1084,131,73,51,35,58,16,0.5572519083969466,0.6862745098039216,108
2023-02-06,1084,147,72,66,41,75,25,0.4897959183673469,0.6212121212121212,113
2023-02-07,1084,124,70,58,38,54,20,0.5645161290322581,0.6551724137931034,108
2023-02-08,1084,117,92,82,47,25,35,0.7863247863247863,0.573170731707317,139
2023-02-09,1084,139,84,73,41,55,32,0.60431654676259,0.5616438356164384,125
2023-02-10,1084,119,82,50,35,37,15,0.6890756302521008,0.7,117
2023-02-11,1084,128,82,69,46,46,23,0.640625,0.6666666666666666,128
2023-02-12,1084,150,82,97,37,68,60,0.5466666666666666,0.38144329896907214,119
2023-02-13,1084,126,81,78,37,45,41,0.6428571428571429,0.47435897435897434,118
2023-02-14,1084,149,84,82,40,65,42,0.5637583892617449,0.4878048780487805,124
2023-02-15,1084,128,74,73,39,54,34,0.578125,0.5342465753424658,113
2023-02-16,1084,138,100,58,44,38,14,0.7246376811594203,0.7586206896551724,144
2023-02-17,1084,149,73,72,46,76,26,0.4899328859060403,0.6388888888888888,119
2023-02-18,1084,120,82,70,35,38,35,0.6833333333333333,0.5,117
2023-02-19,1084,102,79,99,31,23,68,0.7745098039215687,0.31313131313131315,110
2023-02-20,1084,119,67,69,59,52,10,0.5630252100840336,0.855072463768116,126
2023-02-21,1084,144,86,95,41,58,54,0.5972222222222222,0.43157894736842106,127
2023-02-22,1084,113,84,58,48,29,10,0.7433628318584071,0.8275862068965517,132
2023-02-23,1084,123,91,60,38,32,22,0.7398373983739838,0.6333333333333333,129
2023-02-24,1084,142,67,57,45,75,12,0.47183098591549294,0.7894736842105263,112
2023-02-25,1084,119,79,73,30,40,43,0.6638655462184874,0.410958904109589,109
2023-02-26,1084,126,73,61,38,53,23,0.5793650793650794,0.6229508196721312,111
2023-02-27,1084,103,91,65,40,12,25,0.883495145631068,0.6153846153846154,131
2023-02-28,1084,137,105,77,37,32,40,0.7664233576642335,0.4805194805194805,142
2023-03-01,1084,122,94,82,44,28,38,0.7704918032786885,0.5365853658536586,138
2023-03-02,1084,124,85,69,41,39,28,0.6854838709677419,0.5942028985507246,126
2023-03-03,1084,103,72,60,35,31,25,0.6990291262135923,0.5833333333333334,107
2023-03-04,1084,143,88,94,45,55,49,0.6153846153846154,0.4787234042553192,133
2023-03-05,1084,108,92,54,40,16,14,0.8518518518518519,0.7407407407407407,132
2023-03-06,1084,137,57,89,30,80,59,0.41605839416058393,0.33707865168539325,87
2023-03-07,1084,122,83,65,35,39,30,0.680327868852459,0.5384615384615384,118
2023-03-08,1084,134,63,89,48,71,41,0.4701492537313433,0.5393258426966292,111
2023-03-09,1084,114,95,69,35,19,34,0.8333333333333334,0.5072463768115942,130
2023-03-10,1084,142,95,62,48,47,14,0.6690140845070423,0.7741935483870968,143
2023-03-11,1084,104,75,64,37,29,27,0.7211538461538461,0.578125,112
2023-03-12,1084,110,85,98,35,25,63,0.7727272727272727,0.35714285714285715,120
2023-03-13,1084,127,82,50,38,45,12,0.6456692913385826,0.76,120
2023-03-14,1084,108,78,99,44,30,55,0.7222222222222222,0.4444444444444444,122
2023-03-15,1084,147,71,93,46,76,47,0.48299319727891155,0.4946236559139785,117
2023-03-16,1084,139,78,50,45,61,5,0.5611510791366906,0.9,123
2023-03-17,1084,100,81,97,38,19,59,0.81,0.3917525773195876,119
2023-03-18,1084,143,86,57,40,57,17,0.6013986013986014,0.7017543859649122,126
2023-03-19,1084,103,79,76,38,24,38,0.7669902912621359,0.5,117
2023-03-20,1084,114,80,61,43,34,18,0.7017543859649122,0.7049180327868853,123
2023-03-21,1084,144,77,86,40,67,46,0.5347222222222222,0.46511627906976744,117
2023-03-22,1084,137,93,57,38,44,19,0.6788321167883211,0.6666666666666666,131
2023-03-23,1084,110,81,85,39,29,46,0.7363636363636363,0.4588235294117647,120
2023-03-24,1084,148,79,90,37,69,53,0.5337837837837838,0.4111111111111111,116
2023-03-25,1084,150,59,82,31,91,51,0.3933333333333333,0.3780487804878049,90
2023-03-26,1084,115,80,92,47,35,45,0.6956521739130435,0.5108695652173914,127
2023-03-27,1084,148,84,97,44,64,53,0.5675675675675675,0.4536082474226804,128
2023-03-28,1084,103,97,81,37,6,44,0.941747572815534,0.4567901234567901,134
2023-03-29,1084,125,58,73,46,67,27,0.464,0.6301369863013698,104
2023-03-30,1084,143,79,85,46,64,39,0.5524475524475524,0.5411764705882353,125
2023-03-31,1084,131,103,62,51,28,11,0.7862595419847328,0.8225806451612904,154
2023-04-01,1084,123,70,51,40,53,11,0.5691056910569106,0.7843137254901961,110
2023-04-02,1084,108,74,66,46,34,20,0.6851851851851852,0.696969696969697,120
2023-04-03,1084,147,88,68,39,59,29,0.5986394557823129,0.5735294117647058,127
2023-04-04,1084,122,95,96,29,27,67,0.7786885245901639,0.3020833333333333,124
2023-04-05,1084,116,77,50,43,39,7,0.6637931034482759,0.86,120
2023-04-06,1084,135,79,91,47,56,44,0.5851851851851851,0.5164835164835165,126
2023-04-07,1084,104,69,92,29,35,63,0.6634615384615384,0.31521739130434784,98
2023-04-08,1084,141,94,61,45,47,16,0.6666666666666666,0.7377049180327869,139
2023-04-09,1084,111,61,89,58,50,31,0.5495495495495496,0.651685393258427,119
2023-04-10,1084,102,96,92,28,6,64,0.9411764705882353,0.30434782608695654,124
2023-04-11,1084,123,77,67,40,46,27,0.6260162601626016,0.5970149253731343,117
2023-04-12,1084,108,79,60,33,29,27,0.7314814814814815,0.55,112
2023-04-13,1084,125,85,93,34,40,59,0.68,0.3655913978494624,119
2023-04-14,1084,122,78,99,44,44,55,0.639344262295082,0.4444444444444444,122
2023-04-15,1084,103,78,63,35,25,28,0.7572815533980582,0.5555555555555556,113
2023-04-16,1084,137,74,89,35,63,54,0.5401459854014599,0.39325842696629215,109
2023-04-17,1084,145,83,100,33,62,67,0.5724137931034483,0.33,116
2023-04-18,1084,110,72,57,39,38,18,0.6545454545454545,0.6842105263157895,111
2023-04-19,1084,149,86,54,44,63,10,0.5771812080536913,0.8148148148148148,130
2023-04-20,1084,148,70,78,47,78,31,0.47297297297297297,0.6025641025641025,117
2023-04-21,1084,125,67,53,39,58,14,0.536,0.7358490566037735,106
2023-04-22,1084,147,89,51,43,58,8,0.6054421768707483,0.8431372549019608,132
2023-04-23,1084,100,84,84,45,16,39,0.84,0.5357142857142857,129
2023-04-24,1084,146,97,80,53,49,27,0.6643835616438356,0.6625,150
2023-04-25,1084,143,73,78,50,70,28,0.5104895104895105,0.6410256410256411,123
2023-04-26,1084,130,73,52,52,57,0,0.5615384615384615,1,125
2023-04-27,1084,146,79,80,33,67,47,0.541095890410959,0.4125,112
2023-04-28,1084,120,74,72,36,46,36,0.6166666666666667,0.5,110
2023-04-29,1084,142,89,60,36,53,24,0.6267605633802817,0.6,125
2023-04-30,1084,137,100,72,53,37,19,0.7299270072992701,0.7361111111111112,153
2023-05-01,1084,140,82,81,41,58,40,0.5857142857142857,0.5061728395061729,123
2023-05-02,1084,103,81,84,47,22,37,0.7864077669902912,0.5595238095238095,128
2023-05-03,1084,108,93,87,37,15,50,0.8611111111111112,0.42528735632183906,130
2023-05-04,1084,134,82,100,34,52,66,0.6119402985074627,0.34,116
2023-05-05,1084,114,74,77,40,40,37,0.6491228070175439,0.5194805194805194,114
2023-05-06,1084,136,92,99,42,44,57,0.6764705882352942,0.42424242424242425,134
2023-05-07,1084,149,70,52,46,79,6,0.4697986577181208,0.8846153846153846,116
2023-05-08,1084,124,88,66,43,36,23,0.7096774193548387,0.6515151515151515,131
2023-05-09,1084,125,62,92,29,63,63,0.496,0.31521739130434784,91
2023-05-10,1084,145,75,77,47,70,30,0.5172413793103449,0.6103896103896104,122
2023-05-11,1084,115,84,71,36,31,35,0.7304347826086957,0.5070422535211268,120
2023-05-12,1084,110,92,72,39,18,33,0.8363636363636363,0.5416666666666666,131
2023-05-13,1084,117,72,57,40,45,17,0.6153846153846154,0.7017543859649122,112
2023-05-14,1084,109,84,80,39,25,41,0.7706422018348624,0.4875,123
2023-05-15,1084,118,77,80,37,41,43,0.652542372881356,0.4625,114
2023-05-16,1084,129,69,88,41,60,47,0.5348837209302325,0.4659090909090909,110
2023-05-17,1084,109,89,64,35,20,29,0.8165137614678899,0.546875,124
2023-05-18,1084,116,86,78,43,30,35,0.7413793103448276,0.5512820512820513,129
2023-05-19,1084,104,79,73,35,25,38,0.7596153846153846,0.4794520547945205,114
2023-05-20,1084,115,86,78,43,29,35,0.7478260869565218,0.5512820512820513,129
2023-05-21,1084,133,75,63,35,58,28,0.5639097744360902,0.5555555555555556,110
2023-05-22,1084,147,84,64,30,63,34,0.5714285714285714,0.46875,114
2023-05-23,1084,112,76,67,39,36,28,0.6785714285714286,0.582089552238806,115
2023-05-24,1084,146,83,73,38,63,35,0.5684931506849316,0.5205479452054794,121
2023-05-25,1084,150,80,82,43,70,39,0.5333333333333333,0.524390243902439,123
2023-05-26,1084,132,89,80,47,43,33,0.6742424242424242,0.5875,136
2023-05-27,1084,105,82,65,53,23,12,0.780952380952381,0.8153846153846154,135
2023-05-28,1084,150,90,52,52,60,0,0.6,1,142
2023-05-29,1084,122,88,76,45,34,31,0.7213114754098361,0.5921052631578947,133
2023-05-30,1084,109,77,61,33,32,28,0.7064220183486238,0.5409836065573771,110
2023-05-31,1084,130,69,51,43,61,8,0.5307692307692308,0.8431372549019608,112
2023-06-01,1084,109,87,96,30,22,66,0.7981651376146789,0.3125,117
2023-06-02,1084,115,80,74,37,35,37,0.6956521739130435,0.5,117
2023-06-03,1084,122,86,72,44,36,28,0.7049180327868853,0.6111111111111112,130
2023-06-04,1084,119,86,57,42,33,15,0.7226890756302521,0.7368421052631579,128
2023-06-05,1084,133,87,83,42,46,41,0.6541353383458647,0.5060240963855421,129
2023-06-06,1084,133,102,65,33,31,32,0.7669172932330827,0.5076923076923077,135
2023-06-07,1084,137,94,64,41,43,23,0.6861313868613139,0.640625,135
2023-06-08,1084,125,77,53,38,48,15,0.616,0.71698113207547165,115
2023-06-09,1084,139,70,54,43,69,11,0.5035971223021583,0.7962962962962963,113
2023-06-10,1084,144,70,91,40,74,51,0.4861111111111111,0.43956043956043955,110
2023-06-11,1084,141,80,91,47,61,44,0.5673758865248227,0.5164835164835165,127
2023-06-12,1084,127,69,97,40,58,57,0.5433070866141733,0.41237113402061853,109
2023-06-13,1084,132,74,95,46,58,49,0.5606060606060606,0.4842105263157895,120
2023-06-14,1084,100,80,85,30,20,55,0.8,0.35294117647058826,110
2023-06-15,1084,132,83,92,45,49,47,0.6287878787878788,0.4891304347826087,128
2023-06-16,1084,149,74,88,45,75,43,0.49664429530201343,0.5113636363636364,119
2023-06-17,1084,117,78,87,38,39,49,0.6666666666666666,0.4367816091954023,116
2023-06-18,1084,141,100,62,37,41,25,0.7092198581560284,0.5967741935483871,137
2023-06-19,1084,103,76,51,40,27,11,0.7378640776699029,0.7843137254901961,116
2023-06-20,1084,145,85,64,39,60,25,0.5862068965517241,0.609375,124
2023-06-21,1084,137,87,87,34,50,53,0.635036496350365,0.39080459770114945,121
2023-06-22,1084,149,82,50,41,67,9,0.5503355704697986,0.82,123
2023-06-23,1084,134,86,92,37,48,55,0.6417910447761194,0.40217391304347827,123
2023-06-24,1084,109,84,75,51,25,24,0.7706422018348624,0.68,135
2023-06-25,1084,105,79,92,29,26,63,0.7523809523809524,0.31521739130434784,108
2023-06-26,1084,124,81,80,42,43,38,0.6532258064516129,0.525,123
2023-06-27,1084,139,84,90,38,55,52,0.60431654676259,0.4222222222222222,122
2023-06-28,1084,135,76,54,38,59,16,0.562962962962963,0.7037037037037037,114
2023-06-29,1084,114,74,92,36,40,56,0.6491228070175439,0.391304347826087,110
2023-06-30,1084,114,74,65,36,40,29,0.6491228070175439,0.5538461538461539,110
2023-07-01,1084,144,83,96,34,61,62,0.5763888888888888,0.3541666666666667,117
2023-07-02,1084,139,78,91,39,61,52,0.5611510791366906,0.42857142857142855,117
2023-07-03,1084,144,91,65,39,53,26,0.6319444444444444,0.6,130
2023-07-04,1084,100,78,69,44,22,25,0.78,0.6376811594202898,122
2023-07-05,1084,120,68,85,41,52,44,0.5666666666666667,0.4823529411764706,109
2023-07-06,1084,140,86,60,45,54,15,0.6142857142857143,0.75,131
2023-07-07,1084,108,90,91,49,18,42,0.8333333333333334,0.5384615384615384,139
2023-07-08,1084,140,54,74,39,86,35,0.38571428571428573,0.527027027027027,93
2023-07-09,1084,126,84,60,41,42,19,0.6666666666666666,0.6833333333333333,125
2023-07-10,1084,137,76,62,45,61,17,0.5547445255474452,0.7258064516129032,121
2023-07-11,1084,132,91,59,29,41,30,0.6893939393939394,0.4915254237288136,120
2023-07-12,1084,110,94,78,35,16,43,0.8545454545454545,0.44871794871794873,129
2023-07-13,1084,126,92,69,37,34,32,0.7301587301587301,0.5362318840579711,129
2023-07-14,1084,102,77,57,42,25,15,0.7549019607843137,0.7368421052631579,119
2023-07-15,1084,109,79,63,32,30,31,0.7247706422018348,0.5079365079365079,111
2023-07-16,1084,133,64,86,47,69,39,0.48120300751879697,0.5465116279069767,111
2023-07-17,1084,144,76,54,40,68,14,0.5277777777777778,0.7407407407407407,116
2023-07-18,1084,112,79,68,36,33,32,0.7053571428571429,0.5294117647058824,115
2023-07-19,1084,150,64,74,36,86,38,0.4266666666666667,0.4864864864864865,100
2023-07-20,1084,135,74,60,30,61,30,0.5481481481481482,0.5,104
2023-07-21,1084,115,63,88,40,52,48,0.5478260869565217,0.45454545454545453,103
2023-07-22,1084,123,66,57,45,57,12,0.5365853658536586,0.7894736842105263,111
2023-07-23,1084,127,82,82,46,45,36,0.6456692913385826,0.5609756097560976,128
2023-07-24,1084,117,78,51,30,39,21,0.6666666666666666,0.5882352941176471,108
2023-07-25,1084,142,72,99,27,70,72,0.5070422535211268,0.2727272727272727,99
2023-07-26,1084,144,83,91,40,61,51,0.5763888888888888,0.43956043956043955,123
2023-07-27,1084,103,86,59,30,17,29,0.8349514563106796,0.5084745762711864,116
2023-07-28,1084,146,73,72,40,73,32,0.5,0.5555555555555556,113
2023-07-29,1084,122,86,86,37,36,49,0.7049180327868853,0.43023255813953487,123
2023-07-30,1084,119,79,79,29,40,50,0.6638655462184874,0.3670886075949367,108
2023-07-31,1084,127,68,93,45,59,48,0.5354330708661418,0.4838709677419355,113
2023-08-01,1084,102,86,58,35,16,23,0.8431372549019608,0.603448275862069,121
2023-08-02,1084,147,75,66,40,72,26,0.5102040816326531,0.6060606060606061,115
2023-08-03,1084,123,83,66,49,40,17,0.6747967479674797,0.7424242424242424,132
2023-08-04,1084,116,78,97,46,38,51,0.6724137931034483,0.4742268041237113,124
2023-08-05,1084,141,89,66,38,52,28,0.6312056737588653,0.5757575757575758,127
2023-08-06,1084,142,79,99,33,63,66,0.5563380281690141,0.3333333333333333,112
2023-08-07,1084,125,73,66,42,52,24,0.584,0.6363636363636364,115
2023-08-08,1084,113,71,73,30,42,43,0.6283185840707964,0.410958904109589,101
2023-08-09,1084,116,84,70,35,32,35,0.7241379310344828,0.5,119
2023-08-10,1084,121,81,56,52,40,4,0.6694214876033058,0.9285714285714286,133
2023-08-11,1084,137,85,54,35,52,19,0.6204379562043796,0.6481481481481481,120
2023-08-12,1084,131,69,93,44,62,49,0.5267175572519084,0.4731182795698925,113
2023-08-13,1084,141,83,92,37,58,55,0.5886524822695035,0.40217391304347827,120
2023-08-14,1084,113,68,70,41,45,29,0.6017699115044248,0.5857142857142857,109
2023-08-15,1084,130,89,59,41,41,18,0.6846153846153846,0.6949152542372882,130
2023-08-16,1084,100,99,70,33,1,37,0.99,0.4714285714285714,132
2023-08-17,1084,147,93,64,33,54,31,0.6326530612244898,0.515625,126
2023-08-18,1084,110,85,98,36,25,62,0.7727272727272727,0.3673469387755102,121
2023-08-19,1084,121,87,73,37,34,36,0.71900826446281,0.5068493150684932,124
2023-08-20,1084,126,82,57,43,44,14,0.6507936507936508,0.7543859649122807,125
2023-08-21,1084,117,75,52,39,42,13,0.6410256410256411,0.75,114
2023-08-22,1084,144,95,72,38,49,34,0.6597222222222222,0.5277777777777778,133
2023-08-23,1084,136,69,61,28,67,33,0.5073529411764706,0.45901639344262296,97
2023-08-24,1084,146,75,65,37,71,28,0.5136986301369864,0.5692307692307692,112
2023-08-25,1084,145,104,59,51,41,8,0.7172413793103448,0.864406779661017,155
2023-08-26,1084,139,68,86,39,71,47,0.4892086330935252,0.45348837209302323,107
2023-08-27,1084,100,88,53,46,12,7,0.88,0.8679245283018868,134
2023-08-28,1084,143,65,98,51,78,47,0.45454545454545453,0.5204081632653061,116
2023-08-29,1084,119,84,50,50,35,0,0.7058823529411765,1,134
2023-08-30,1084,126,85,91,36,41,55,0.6746031746031746,0.3956043956043956,121
2023-08-31,1084,147,90,67,54,57,13,0.6122448979591837,0.8059701492537313,144
2023-09-01,1084,149,78,82,49,71,33,0.5234899328859061,0.5975609756097561,127
2023-09-02,1084,150,74,86,45,76,41,0.49333333333333335,0.5232558139534884,119
2023-09-03,1084,150,82,72,44,68,28,0.5466666666666666,0.6111111111111112,126
2023-09-04,1084,137,67,86,45,70,41,0.48905109489051096,0.5232558139534884,112
2023-09-05,1084,127,82,72,55,45,17,0.6456692913385826,0.7638888888888888,137
2023-09-06,1084,140,64,51,38,76,13,0.45714285714285713,0.7450980392156863,102
2023-09-07,1084,138,82,57,44,56,13,0.5942028985507246,0.7719298245614035,126
2023-09-08,1084,112,82,75,33,30,42,0.7321428571428571,0.44,115
2023-09-09,1084,130,64,98,43,66,55,0.49230769230769234,0.4387755102040816,107
2023-09-10,1084,146,74,97,50,72,47,0.5068493150684932,0.5154639175257731,124
2023-09-11,1084,119,74,81,45,45,36,0.6218487394957983,0.5555555555555556,119
2023-09-12,1084,122,95,72,37,27,35,0.7786885245901639,0.5138888888888888,132
2023-09-13,1084,150,70,76,52,80,24,0.4666666666666667,0.6842105263157895,122
2023-09-14,1084,140,78,87,49,62,38,0.5571428571428572,0.5632183908045977,127
2023-09-15,1084,123,93,99,36,30,63,0.7560975609756098,0.36363636363636365,129
2023-09-16,1084,107,77,61,33,30,28,0.719626168224299,0.5409836065573771,110
2023-09-17,1084,131,74,95,43,57,52,0.5648854961832062,0.45263157894736844,117
2023-09-18,1084,119,84,87,30,35,57,0.7058823529411765,0.3448275862068966,114
2023-09-19,1084,131,80,64,38,51,26,0.6106870229007634,0.59375,118
2023-09-20,1084,139,96,73,37,43,36,0.6906474820143885,0.5068493150684932,133
2023-09-21,1084,129,73,75,39,56,36,0.5658914728682171,0.52,112
2023-09-22,1084,121,97,98,37,24,61,0.8016528925619835,0.37755102040816324,134
2023-09-23,1084,121,76,96,50,45,46,0.628099173553719,0.5208333333333334,126
2023-09-24,1084,115,71,55,28,44,27,0.6173913043478261,0.509090909090909,99
2023-09-25,1084,138,108,50,50,30,0,0.782608695652174,1,158
2023-09-26,1084,146,75,96,44,71,52,0.5136986301369864,0.4583333333333333,119
2023-09-27,1084,116,90,70,29,26,41,0.7758620689655172,0.4142857142857143,119
2023-09-28,1084,101,86,50,46,15,4,0.8514851485148515,0.92,132
2023-09-29,1084,112,88,62,33,24,29,0.7857142857142857,0.532258064516129,121
2023-09-30,1084,139,78,75,35,61,40,0.5611510791366906,0.4666666666666667,113
2023-10-01,1084,119,79,53,44,40,9,0.6638655462184874,0.8301886792452831,123
2023-10-02,1084,104,81,92,44,23,48,0.7788461538461539,0.4782608695652174,125
2023-10-03,1084,123,83,76,37,40,39,0.6747967479674797,0.4868421052631579,120
2023-10-04,1084,142,72,59,35,70,24,0.5070422535211268,0.5932203389830508,107
2023-10-05,1084,108,74,63,39,34,24,0.6851851851851852,0.6190476190476191,113
2023-10-06,1084,112,75,60,36,37,24,0.6696428571428571,0.6,111
2023-10-07,1084,116,58,71,42,58,29,0.5,0.5915492957746479,100
2023-10-08,1084,133,81,52,43,52,9,0.6090225563909775,0.8269230769230769,124
2023-10-09,1084,112,75,96,35,37,61,0.6696428571428571,0.3645833333333333,110
2023-10-10,1084,139,72,84,44,67,40,0.5179856115107914,0.5238095238095238,116
2023-10-11,1084,148,81,81,47,67,34,0.5472972972972973,0.5802469135802469,128
2023-10-12,1084,106,91,99,28,15,71,0.8584905660377359,0.2828282828282828,119
2023-10-13,1084,100,78,73,38,22,35,0.78,0.5205479452054794,116
2023-10-14,1084,149,76,71,42,73,29,0.5100671140939598,0.5915492957746479,118
2023-10-15,1084,116,72,58,46,44,12,0.6206896551724138,0.7931034482758621,118
2023-10-16,1084,101,78,99,40,23,59,0.7722772277227723,0.40404040404040403,118
2023-10-17,1084,143,83,52,46,60,6,0.5804195804195804,0.8846153846153846,129
2023-10-18,1084,138,77,72,47,61,25,0.5579710144927537,0.6527777777777778,124
2023-10-19,1084,133,80,59,47,53,12,0.6015037593984962,0.7966101694915254,127
2023-10-20,1084,100,84,71,38,16,33,0.84,0.5352112676056338,122
2023-10-21,1084,149,80,66,51,69,15,0.5369127516778524,0.7727272727272727,131
2023-10-22,1084,145,77,58,38,68,20,0.5310344827586206,0.6551724137931034,115
2023-10-23,1084,144,92,75,38,52,37,0.6388888888888888,0.5066666666666667,130
2023-10-24,1084,140,72,58,42,68,16,0.5142857142857142,0.7241379310344828,114
2023-10-25,1084,134,92,85,35,42,50,0.6865671641791045,0.4117647058823529,127
2023-10-26,1084,130,72,92,35,58,57,0.5538461538461539,0.3804347826086957,107
2023-10-27,1084,119,72,95,38,47,57,0.6050420168067226,0.4,110
2023-10-28,1084,109,82,56,41,27,15,0.7522935779816514,0.7321428571428571,123
2023-10-29,1084,114,84,65,50,30,15,0.7368421052631579,0.7692307692307693,134
2023-10-30,1084,120,80,95,44,40,51,0.6666666666666666,0.4631578947368421,124
2023-10-31,1084,108,108,57,44,0,13,1,0.7719298245614035,152
2023-11-01,1084,135,72,99,43,63,56,0.5333333333333333,0.43434343434343436,115
2023-11-02,1084,123,73,58,43,50,15,0.5934959349593496,0.7413793103448276,116
2023-11-03,1084,103,64,69,42,39,27,0.6213592233009708,0.6086956521739131,106
2023-11-04,1084,109,83,54,42,26,12,0.7614678899082569,0.7777777777777778,125
2023-11-05,1084,118,87,92,45,31,47,0.7372881355932204,0.4891304347826087,132
2023-11-06,1084,130,86,57,39,44,18,0.6615384615384615,0.6842105263157895,125
2023-11-07,1084,107,54,87,39,53,48,0.5046728971962616,0.4482758620689655,93
2023-11-08,1084,135,73,96,32,62,64,0.5407407407407407,0.3333333333333333,105
2023-11-09,1084,115,84,99,45,31,54,0.7304347826086957,0.45454545454545453,129
2023-11-10,1084,136,86,99,33,50,66,0.6323529411764706,0.3333333333333333,119
2023-11-11,1084,102,72,71,35,30,36,0.7058823529411765,0.49295774647887325,107
2023-11-12,1084,144,80,57,39,64,18,0.5555555555555556,0.6842105263157895,119
2023-11-13,1084,121,86,88,48,35,40,0.7107438016528925,0.5454545454545454,134
2023-11-14,1084,104,87,68,41,17,27,0.8365384615384616,0.6029411764705882,128
2023-11-15,1084,112,75,94,43,37,51,0.6696428571428571,0.4574468085106383,118
2023-11-16,1084,114,76,57,48,38,9,0.6666666666666666,0.8421052631578947,124
2023-11-17,1084,144,81,97,32,63,65,0.5625,0.32989690721649484,113
2023-11-18,1084,134,73,57,40,61,17,0.5447761194029851,0.7017543859649122,113
2023-11-19,1084,138,80,82,36,58,46,0.5797101449275363,0.43902439024390244,116
2023-11-20,1084,135,95,55,32,40,23,0.7037037037037037,0.5818181818181818,127
2023-11-21,1084,142,84,56,38,58,18,0.5915492957746479,0.6785714285714286,122
2023-11-22,1084,107,86,78,39,21,39,0.8037383177570093,0.5,125
2023-11-23,1084,114,77,85,43,37,42,0.6754385964912281,0.5058823529411764,120
2023-11-24,1084,101,83,61,39,18,22,0.8217821782178217,0.639344262295082,122
2023-11-25,1084,112,78,59,35,34,24,0.6964285714285714,0.5932203389830508,113
2023-11-26,1084,133,71,56,28,62,28,0.5338345864661654,0.5,99
2023-11-27,1084,148,71,61,44,77,17,0.4797297297297297,0.7213114754098361,115
2023-11-28,1084,150,75,69,36,75,33,0.5,0.5217391304347826,111
2023-11-29,1084,100,77,68,53,23,15,0.77,0.7794117647058824,130
2023-11-30,1084,121,70,73,50,51,23,0.5785123966942148,0.684931506849315,120
2023-12-01,1084,125,86,98,35,39,63,0.688,0.35714285714285715,121
2023-12-02,1084,102,88,82,40,14,42,0.8627450980392157,0.4878048780487805,128
2023-12-03,1084,139,95,90,35,44,55,0.6834532374100719,0.3888888888888889,130
2023-12-04,1084,102,69,52,32,33,20,0.6764705882352942,0.6153846153846154,101
2023-12-05,1084,125,78,78,47,47,31,0.624,0.6025641025641025,125
2023-12-06,1084,109,74,63,41,35,22,0.6788990825688074,0.6507936507936508,115
2023-12-07,1084,101,95,97,38,6,59,0.9405940594059405,0.3917525773195876,133
2023-12-08,1084,120,73,62,44,47,18,0.6083333333333333,0.7096774193548387,117
2023-12-09,1084,120,91,56,38,29,18,0.7583333333333333,0.6785714285714286,129
2023-12-10,1084,111,78,76,46,33,30,0.7027027027027027,0.6052631578947368,124
2023-12-11,1084,118,81,99,33,37,66,0.6864406779661016,0.3333333333333333,114
2023-12-12,1084,104,76,66,34,28,32,0.7307692307692307,0.5151515151515151,110
2023-12-13,1084,145,68,67,53,77,14,0.4689655172413793,0.7910447761194029,121
2023-12-14,1084,148,69,87,47,79,40,0.46621621621621623,0.5402298850574713,116
2023-12-15,1084,112,76,89,41,36,48,0.6785714285714286,0.4606741573033708,117
2023-12-16,1084,127,69,71,35,58,36,0.5433070866141733,0.49295774647887325,104
2023-12-17,1084,132,66,66,41,66,25,0.5,0.6212121212121212,107
2023-12-18,1084,112,85,78,47,27,31,0.7589285714285714,0.6025641025641025,132
2023-12-19,1084,124,78,68,48,46,20,0.6290322580645161,0.7058823529411765,126
2023-12-20,1084,137,83,60,33,54,27,0.6058394160583942,0.55,116
2023-12-21,1084,114,88,60,30,26,30,0.7719298245614035,0.5,118
2023-12-22,1084,111,80,58,54,31,4,0.7207207207207207,0.9310344827586207,134
2023-12-23,1084,136,74,50,49,62,1,0.5441176470588235,0.98,123
2023-12-24,1084,113,83,52,35,30,17,0.7345132743362832,0.6730769230769231,118
2023-12-25,1084,144,85,99,28,59,71,0.5902777777777778,0.2828282828282828,113
2023-12-26,1084,112,84,80,31,28,49,0.75,0.3875,115
2023-12-27,1084,147,88,54,54,59,0,0.5986394557823129,1,142
2023-12-28,1084,115,78,80,33,37,47,0.6782608695652174,0.4125,111
2023-12-29,1084,121,94,72,30,27,42,0.7768595041322314,0.4166666666666667,124
2023-12-30,1084,144,87,93,33,57,60,0.6041666666666666,0.3548387096774194,120
2023-12-31,1084,131,95,87,38,36,49,0.7251908396946565,0.4367816091954023,133
2023-01-01,1085,102,74,51,31,28,20,0.7254901960784313,0.6078431372549019,105
2023-01-02,1085,130,79,87,37,51,50,0.6076923076923076,0.42528735632183906,116
2023-01-03,1085,123,79,75,35,44,40,0.6422764227642277,0.4666666666666667,114
2023-01-04,1085,134,104,94,51,30,43,0.7761194029850746,0.5425531914893617,155
2023-01-05,1085,109,87,93,33,22,60,0.7981651376146789,0.3548387096774194,120
2023-01-06,1085,131,74,61,44,57,17,0.5648854961832062,0.7213114754098361,118
2023-01-07,1085,125,74,100,56,51,44,0.592,0.56,130
2023-01-08,1085,143,80,88,35,63,53,0.5594405594405595,0.3977272727272727,115
2023-01-09,1085,109,88,71,41,21,30,0.8073394495412844,0.5774647887323944,129
2023-01-10,1085,122,67,89,36,55,53,0.5491803278688525,0.4044943820224719,103
2023-01-11,1085,140,89,99,31,51,68,0.6357142857142857,0.31313131313131315,120
2023-01-12,1085,112,80,67,42,32,25,0.7142857142857143,0.6268656716417911,122
2023-01-13,1085,136,84,84,44,52,40,0.6176470588235294,0.5238095238095238,128
2023-01-14,1085,115,87,63,35,28,28,0.7565217391304347,0.5555555555555556,122
2023-01-15,1085,116,92,77,42,24,35,0.7931034482758621,0.5454545454545454,134
2023-01-16,1085,146,69,51,45,77,6,0.4726027397260274,0.8823529411764706,114
2023-01-17,1085,146,67,84,34,79,50,0.4589041095890411,0.40476190476190477,101
2023-01-18,1085,140,71,60,33,69,27,0.5071428571428571,0.55,104
2023-01-19,1085,131,79,92,42,52,50,0.6030534351145038,0.45652173913043476,121
2023-01-20,1085,102,68,50,45,34,5,0.6666666666666666,0.9,113
2023-01-21,1085,116,94,81,45,22,36,0.8103448275862069,0.5555555555555556,139
2023-01-22,1085,136,83,85,31,53,54,0.6102941176470589,0.36470588235294116,114
2023-01-23,1085,114,82,70,46,32,24,0.7192982456140351,0.6571428571428571,128
2023-01-24,1085,131,77,100,34,54,66,0.5877862595419847,0.34,111
2023-01-25,1085,111,81,69,44,30,25,0.7297297297297297,0.6376811594202898,125
2023-01-26,1085,141,58,77,40,83,37,0.41134751773049644,0.5194805194805194,98
2023-01-27,1085,104,88,83,48,16,35,0.8461538461538461,0.5783132530120482,136
2023-01-28,1085,105,89,82,34,16,48,0.8476190476190476,0.4146341463414634,123
2023-01-29,1085,112,79,60,46,33,14,0.7053571428571429,0.7666666666666667,125
2023-01-30,1085,115,73,100,49,42,51,0.6347826086956522,0.49,122
2023-01-31,1085,141,76,64,39,65,25,0.5390070921985816,0.609375,115
2023-02-01,1085,141,86,90,38,55,52,0.6099290780141844,0.4222222222222222,124
2023-02-02,1085,109,70,80,47,39,33,0.6422018348623854,0.5875,117
2023-02-03,1085,144,85,59,43,59,16,0.5902777777777778,0.7288135593220338,128
2023-02-04,1085,101,81,55,55,20,0,0.801980198019802,1,136
2023-02-05,1085,106,90,73,46,16,27,0.8490566037735849,0.6301369863013698,136
2023-02-06,1085,128,79,53,53,49,0,0.6171875,1,132
2023-02-07,1085,130,78,97,41,52,56,0.6,0.422680412371134,119
2023-02-08,1085,105,91,56,29,14,27,0.8666666666666667,0.5178571428571429,120
2023-02-09,1085,106,80,58,47,26,11,0.7547169811320755,0.8103448275862069,127
2023-02-10,1085,143,76,75,40,67,35,0.5314685314685315,0.5333333333333333,116
2023-02-11,1085,108,78,74,47,30,27,0.7222222222222222,0.6351351351351351,125
2023-02-12,1085,142,69,73,32,73,41,0.4859154929577465,0.4383561643835616,101
2023-02-13,1085,127,65,78,33,62,45,0.5118110236220472,0.4230769230769231,98
2023-02-14,1085,144,71,88,44,73,44,0.4930555555555556,0.5,115
2023-02-15,1085,104,72,58,56,32,2,0.6923076923076923,0.9655172413793104,128
2023-02-16,1085,120,89,54,33,31,21,0.7416666666666667,0.6111111111111112,122
2023-02-17,1085,146,61,88,28,85,60,0.4178082191780822,0.3181818181818182,89
2023-02-18,1085,107,77,76,51,30,25,0.719626168224299,0.6710526315789473,128
2023-02-19,1085,125,62,75,29,63,46,0.496,0.38666666666666666,91
2023-02-20,1085,145,78,70,40,67,30,0.5379310344827586,0.5714285714285714,118
2023-02-21,1085,109,82,61,40,27,21,0.7522935779816514,0.6557377049180327,122
2023-02-22,1085,135,82,93,49,53,44,0.6074074074074074,0.5268817204301075,131
2023-02-23,1085,120,72,67,26,48,41,0.6,0.3880597014925373,98
2023-02-24,1085,109,84,90,49,25,41,0.7706422018348624,0.5444444444444444,133
2023-02-25,1085,143,79,86,34,64,52,0.5524475524475524,0.3953488372093023,113
2023-02-26,1085,118,95,77,41,23,36,0.8050847457627118,0.5324675324675324,136
2023-02-27,1085,133,68,86,35,65,51,0.5112781954887218,0.4069767441860465,103
2023-02-28,1085,126,61,78,42,65,36,0.48412698412698413,0.5384615384615384,103
2023-03-01,1085,124,99,81,56,25,25,0.7983870967741935,0.691358024691358,155
2023-03-02,1085,114,84,93,43,30,50,0.7368421052631579,0.46236559139784944,127
2023-03-03,1085,123,85,80,37,38,43,0.6910569105691057,0.4625,122
2023-03-04,1085,103,85,73,39,18,34,0.8252427184466019,0.5342465753424658,124
2023-03-05,1085,139,77,67,38,62,29,0.5539568345323741,0.5671641791044776,115
2023-03-06,1085,147,72,84,45,75,39,0.4897959183673469,0.5357142857142857,117
2023-03-07,1085,117,86,78,41,31,37,0.7350427350427351,0.5256410256410257,127
2023-03-08,1085,122,84,50,41,38,9,0.6885245901639344,0.82,125
2023-03-09,1085,101,70,62,40,31,22,0.693069306930693,0.6451612903225806,110
2023-03-10,1085,130,74,97,33,56,64,0.5692307692307692,0.3402061855670103,107
2023-03-11,1085,148,62,72,53,86,19,0.4189189189189189,0.7361111111111112,115
2023-03-12,1085,134,73,60,40,61,20,0.5447761194029851,0.6666666666666666,113
2023-03-13,1085,128,84,84,43,44,41,0.65625,0.5119047619047619,127
2023-03-14,1085,139,80,73,36,59,37,0.5755395683453237,0.4931506849315068,116
2023-03-15,1085,147,86,97,34,61,63,0.5850340136054422,0.35051546391752575,120
2023-03-16,1085,109,81,83,38,28,45,0.7431192660550459,0.4578313253012048,119
2023-03-17,1085,143,73,77,48,70,29,0.5104895104895105,0.6233766233766234,121
2023-03-18,1085,102,73,62,42,29,20,0.7156862745098039,0.6774193548387096,115
2023-03-19,1085,112,76,91,48,36,43,0.6785714285714286,0.5274725274725275,124
2023-03-20,1085,112,83,52,45,29,7,0.7410714285714286,0.8653846153846154,128
2023-03-21,1085,124,79,90,34,45,56,0.6370967741935484,0.37777777777777777,113
2023-03-22,1085,132,88,67,38,44,29,0.6666666666666666,0.5671641791044776,126
2023-03-23,1085,120,86,60,35,34,25,0.7166666666666667,0.5833333333333334,121
2023-03-24,1085,139,83,81,32,56,49,0.5971223021582733,0.3950617283950617,115
2023-03-25,1085,139,65,74,40,74,34,0.4676258992805755,0.5405405405405406,105
2023-03-26,1085,121,89,59,35,32,24,0.7355371900826446,0.5932203389830508,124
2023-03-27,1085,132,100,66,39,32,27,0.7575757575757576,0.5909090909090909,139
2023-03-28,1085,101,92,84,28,9,56,0.9108910891089109,0.3333333333333333,120
2023-03-29,1085,108,64,76,47,44,29,0.5925925925925926,0.618421052631579,111
2023-03-30,1085,125,59,86,33,66,53,0.472,0.38372093023255816,92
2023-03-31,1085,121,93,58,38,28,20,0.768595041322314,0.6551724137931034,131
2023-04-01,1085,142,88,92,48,54,44,0.6197183098591549,0.5217391304347826,136
2023-04-02,1085,113,87,69,41,26,28,0.7699115044247787,0.5942028985507246,128
2023-04-03,1085,110,91,73,39,19,34,0.8272727272727273,0.5342465753424658,130
2023-04-04,1085,114,91,84,41,23,43,0.7982456140350878,0.4880952380952381,132
2023-04-05,1085,121,82,53,35,39,18,0.6776859504132231,0.660377358490566,117
2023-04-06,1085,130,90,53,40,40,13,0.6923076923076923,0.7547169811320755,130
2023-04-07,1085,136,76,62,44,60,18,0.5588235294117647,0.7096774193548387,120
2023-04-08,1085,110,110,70,41,0,29,1,0.5857142857142857,151
2023-04-09,1085,145,73,57,33,72,24,0.503448275862069,0.5789473684210527,106
2023-04-10,1085,139,84,76,47,55,29,0.60431654676259,0.618421052631579,131
2023-04-11,1085,135,85,93,49,50,44,0.6296296296296297,0.5268817204301075,134
2023-04-12,1085,148,76,77,37,72,40,0.5135135135135135,0.4805194805194805,113
2023-04-13,1085,139,97,93,52,42,41,0.697841726618705,0.5591397849462365,149
2023-04-14,1085,140,84,89,42,56,47,0.6,0.47191011235955055,126
2023-04-15,1085,106,78,90,43,28,47,0.7358490566037735,0.4777777777777778,121
2023-04-16,1085,119,83,100,50,36,50,0.6974789915966386,0.5,133
2023-04-17,1085,137,82,69,35,55,34,0.5985401459854015,0.5072463768115942,117
2023-04-18,1085,134,72,87,40,62,47,0.5373134328358209,0.45977011494252873,112
2023-04-19,1085,109,84,64,42,25,22,0.7706422018348624,0.65625,126
2023-04-20,1085,121,71,79,46,50,33,0.5867768595041323,0.5822784810126582,117
2023-04-21,1085,131,83,73,34,48,39,0.6335877862595419,0.4657534246575342,117
2023-04-22,1085,144,82,80,45,62,35,0.5694444444444444,0.5625,127
2023-04-23,1085,122,91,67,44,31,23,0.7459016393442623,0.6567164179104478,135
2023-04-24,1085,117,87,77,35,30,42,0.7435897435897436,0.45454545454545453,122
2023-04-25,1085,106,70,87,31,36,56,0.660377358490566,0.3563218390804598,101
2023-04-26,1085,114,76,83,44,38,39,0.6666666666666666,0.5301204819277109,120
2023-04-27,1085,133,83,95,41,50,54,0.6240601503759399,0.43157894736842106,124
2023-04-28,1085,145,76,54,44,69,10,0.5241379310344828,0.8148148148148148,120
2023-04-29,1085,148,92,79,37,56,42,0.6216216216216216,0.46835443037974683,129
2023-04-30,1085,131,78,91,34,53,57,0.5954198473282443,0.37362637362637363,112
2023-05-01,1085,134,65,70,49,69,21,0.48507462686567165,0.7,114
2023-05-02,1085,110,78,59,35,32,24,0.7090909090909091,0.5932203389830508,113
2023-05-03,1085,113,91,60,55,22,5,0.8053097345132744,0.9166666666666666,146
2023-05-04,1085,134,79,74,47,55,27,0.5895522388059702,0.6351351351351351,126
2023-05-05,1085,128,74,68,34,54,34,0.578125,0.5,108
2023-05-06,1085,110,79,84,42,31,42,0.7181818181818181,0.5,121
2023-05-07,1085,131,77,79,32,54,47,0.5877862595419847,0.4050632911392405,109
2023-05-08,1085,140,72,97,35,68,62,0.5142857142857142,0.36082474226804123,107
2023-05-09,1085,148,85,81,38,63,43,0.5743243243243243,0.4691358024691358,123
2023-05-10,1085,100,87,69,39,13,30,0.87,0.5652173913043478,126
2023-05-11,1085,143,91,78,46,52,32,0.6363636363636364,0.5897435897435898,137
2023-05-12,1085,148,74,58,48,74,10,0.5,0.8275862068965517,122
2023-05-13,1085,106,81,60,48,25,12,0.7641509433962265,0.8,129
2023-05-14,1085,133,82,90,33,51,57,0.6165413533834586,0.36666666666666664,115
2023-05-15,1085,147,69,69,41,78,28,0.46938775510204084,0.5942028985507246,110
2023-05-16,1085,127,75,66,41,52,25,0.5905511811023622,0.6212121212121212,116
2023-05-17,1085,104,83,71,44,21,27,0.7980769230769231,0.6197183098591549,127
2023-05-18,1085,130,79,51,32,51,19,0.6076923076923076,0.6274509803921569,111
2023-05-19,1085,100,80,70,33,20,37,0.8,0.4714285714285714,113
2023-05-20,1085,143,90,75,39,53,36,0.6293706293706294,0.52,129
2023-05-21,1085,115,89,69,34,26,35,0.7739130434782608,0.4927536231884058,123
2023-05-22,1085,106,82,55,36,24,19,0.7735849056603774,0.6545454545454545,118
2023-05-23,1085,120,73,65,29,47,36,0.6083333333333333,0.4461538461538462,102
2023-05-24,1085,127,84,54,45,43,9,0.6614173228346457,0.8333333333333334,129
2023-05-25,1085,136,78,58,50,58,8,0.5735294117647058,0.8620689655172413,128
2023-05-26,1085,131,70,71,47,61,24,0.5343511450381679,0.6619718309859155,117
2023-05-27,1085,105,93,62,41,12,21,0.8857142857142857,0.6612903225806451,134
2023-05-28,1085,110,90,73,45,20,28,0.8181818181818182,0.6164383561643836,135
2023-05-29,1085,111,80,76,41,31,35,0.7207207207207207,0.5394736842105263,121
2023-05-30,1085,127,92,66,39,35,27,0.7244094488188977,0.5909090909090909,131
2023-05-31,1085,146,84,71,37,62,34,0.5753424657534246,0.5211267605633803,121
2023-06-01,1085,129,68,91,40,61,51,0.5271317829457365,0.43956043956043955,108
2023-06-02,1085,104,94,53,34,10,19,0.9038461538461539,0.6415094339622641,128
2023-06-03,1085,107,72,80,49,35,31,0.6728971962616822,0.6125,121
2023-06-04,1085,139,99,69,29,40,40,0.7122302158273381,0.42028985507246375,128
2023-06-05,1085,132,75,51,49,57,2,0.5681818181818182,0.9607843137254902,124
2023-06-06,1085,113,81,66,54,32,12,0.7168141592920354,0.8181818181818182,135
2023-06-07,1085,150,77,85,45,73,40,0.5133333333333333,0.5294117647058824,122
2023-06-08,1085,136,79,66,42,57,24,0.5808823529411765,0.6363636363636364,121
2023-06-09,1085,144,85,85,33,59,52,0.5902777777777778,0.38823529411764707,118
2023-06-10,1085,148,70,57,44,78,13,0.47297297297297297,0.7719298245614035,114
2023-06-11,1085,143,86,59,46,57,13,0.6013986013986014,0.7796610169491526,132
2023-06-12,1085,141,77,58,44,64,14,0.5460992907801419,0.7586206896551724,121
2023-06-13,1085,104,80,69,40,24,29,0.7692307692307693,0.5797101449275363,120
2023-06-14,1085,129,91,91,45,38,46,0.7054263565891473,0.4945054945054945,136
2023-06-15,1085,113,69,89,34,44,55,0.6106194690265486,0.38202247191011235,103
2023-06-16,1085,121,78,84,36,43,48,0.6446280991735537,0.42857142857142855,114
2023-06-17,1085,127,81,76,51,46,25,0.6377952755905512,0.6710526315789473,132
2023-06-18,1085,136,67,63,33,69,30,0.49264705882352944,0.5238095238095238,100
2023-06-19,1085,125,79,96,45,46,51,0.632,0.46875,124
2023-06-20,1085,105,96,86,45,9,41,0.9142857142857143,0.5232558139534884,141
2023-06-21,1085,104,94,72,42,10,30,0.9038461538461539,0.5833333333333334,136
2023-06-22,1085,108,75,75,46,33,29,0.6944444444444444,0.6133333333333333,121
2023-06-23,1085,139,58,87,49,81,38,0.4172661870503597,0.5632183908045977,107
2023-06-24,1085,130,87,90,33,43,57,0.6692307692307692,0.36666666666666664,120
2023-06-25,1085,109,75,74,43,34,31,0.6880733944954128,0.581081081081081,118
2023-06-26,1085,120,84,71,38,36,33,0.7,0.5352112676056338,122
2023-06-27,1085,134,82,88,38,52,50,0.6119402985074627,0.4318181818181818,120
2023-06-28,1085,135,75,92,38,60,54,0.5555555555555556,0.41304347826086957,113
2023-06-29,1085,120,98,71,40,22,31,0.8166666666666667,0.5633802816901409,138
2023-06-30,1085,115,96,77,48,19,29,0.8347826086956521,0.6233766233766234,144
2023-07-01,1085,122,64,52,44,58,8,0.5245901639344263,0.8461538461538461,108
2023-07-02,1085,131,73,65,35,58,30,0.5572519083969466,0.5384615384615384,108
2023-07-03,1085,134,85,58,49,49,9,0.6343283582089553,0.8448275862068966,134
2023-07-04,1085,133,87,94,46,46,48,0.6541353383458647,0.48936170212765956,133
2023-07-05,1085,120,93,91,42,27,49,0.775,0.46153846153846156,135
2023-07-06,1085,125,78,98,49,47,49,0.624,0.5,127
2023-07-07,1085,105,66,99,36,39,63,0.6285714285714286,0.36363636363636365,102
2023-07-08,1085,121,75,93,42,46,51,0.6198347107438017,0.45161290322580644,117
2023-07-09,1085,116,91,56,32,25,24,0.7844827586206896,0.5714285714285714,123
2023-07-10,1085,103,103,62,30,0,32,1,0.4838709677419355,133
2023-07-11,1085,114,74,69,40,40,29,0.6491228070175439,0.5797101449275363,114
2023-07-12,1085,144,85,87,47,59,40,0.5902777777777778,0.5402298850574713,132
2023-07-13,1085,127,79,80,58,48,22,0.6220472440944882,0.725,137
2023-07-14,1085,121,72,73,46,49,27,0.5950413223140496,0.6301369863013698,118
2023-07-15,1085,124,88,84,32,36,52,0.7096774193548387,0.38095238095238093,120
2023-07-16,1085,128,91,60,43,37,17,0.7109375,0.7166666666666667,134
2023-07-17,1085,110,86,60,35,24,25,0.7818181818181819,0.5833333333333334,121
2023-07-18,1085,149,93,72,45,56,27,0.6241610738255033,0.625,138
2023-07-19,1085,102,94,73,47,8,26,0.9215686274509803,0.6438356164383562,141
2023-07-20,1085,110,80,72,49,30,23,0.7272727272727273,0.6805555555555556,129
2023-07-21,1085,146,78,97,51,68,46,0.5342465753424658,0.5257731958762887,129
2023-07-22,1085,134,73,58,46,61,12,0.5447761194029851,0.7931034482758621,119
2023-07-23,1085,149,76,67,44,73,23,0.5100671140939598,0.6567164179104478,120
2023-07-24,1085,114,71,81,33,43,48,0.6228070175438597,0.4074074074074074,104
2023-07-25,1085,136,76,76,44,60,32,0.5588235294117647,0.5789473684210527,120
2023-07-26,1085,136,79,56,42,57,14,0.5808823529411765,0.75,121
2023-07-27,1085,105,83,80,45,22,35,0.7904761904761904,0.5625,128
2023-07-28,1085,126,70,98,33,56,65,0.5555555555555556,0.336734693877551,103
2023-07-29,1085,150,94,85,43,56,42,0.6266666666666667,0.5058823529411764,137
2023-07-30,1085,109,63,58,51,46,7,0.5779816513761468,0.8793103448275862,114
2023-07-31,1085,131,71,77,41,60,36,0.5419847328244275,0.5324675324675324,112
2023-08-01,1085,102,70,97,61,32,36,0.6862745098039216,0.6288659793814433,131
2023-08-02,1085,129,82,55,39,47,16,0.6356589147286822,0.7090909090909091,121
2023-08-03,1085,115,85,76,48,30,28,0.7391304347826086,0.631578947368421,133
2023-08-04,1085,142,81,97,33,61,64,0.5704225352112676,0.3402061855670103,114
2023-08-05,1085,102,75,66,38,27,28,0.7352941176470589,0.5757575757575758,113
2023-08-06,1085,145,78,68,43,67,25,0.5379310344827586,0.6323529411764706,121
2023-08-07,1085,131,79,58,33,52,25,0.6030534351145038,0.5689655172413793,112
2023-08-08,1085,140,90,52,43,50,9,0.6428571428571429,0.8269230769230769,133
2023-08-09,1085,127,68,62,41,59,21,0.5354330708661418,0.6612903225806451,109
2023-08-10,1085,125,75,94,58,50,36,0.6,0.6170212765957447,133
2023-08-11,1085,147,86,98,43,61,55,0.5850340136054422,0.4387755102040816,129
2023-08-12,1085,138,80,96,37,58,59,0.5797101449275363,0.3854166666666667,117
2023-08-13,1085,143,80,52,43,63,9,0.5594405594405595,0.8269230769230769,123
2023-08-14,1085,108,76,94,34,32,60,0.7037037037037037,0.3617021276595745,110
2023-08-15,1085,116,70,100,29,46,71,0.603448275862069,0.29,99
2023-08-16,1085,135,99,64,36,36,28,0.7333333333333333,0.5625,135
2023-08-17,1085,121,82,97,33,39,64,0.6776859504132231,0.3402061855670103,115
2023-08-18,1085,124,74,76,44,50,32,0.5967741935483871,0.5789473684210527,118
2023-08-19,1085,118,81,88,47,37,41,0.6864406779661016,0.5340909090909091,128
2023-08-20,1085,107,97,97,40,10,57,0.9065420560747663,0.41237113402061853,137
2023-08-21,1085,129,75,79,38,54,41,0.5813953488372093,0.4810126582278481,113
2023-08-22,1085,134,73,53,43,61,10,0.5447761194029851,0.8113207547169812,116
2023-08-23,1085,111,69,68,56,42,12,0.6216216216216216,0.8235294117647058,125
2023-08-24,1085,116,97,60,36,19,24,0.8362068965517241,0.6,133
2023-08-25,1085,120,89,84,34,31,50,0.7416666666666667,0.40476190476190477,123
2023-08-26,1085,123,84,90,43,39,47,0.6829268292682927,0.4777777777777778,127
2023-08-27,1085,124,81,86,37,43,49,0.6532258064516129,0.43023255813953487,118
2023-08-28,1085,117,86,52,35,31,17,0.7350427350427351,0.6730769230769231,121
2023-08-29,1085,134,88,72,42,46,30,0.6567164179104478,0.5833333333333334,130
2023-08-30,1085,102,74,52,45,28,7,0.7254901960784313,0.8653846153846154,119
2023-08-31,1085,117,80,85,40,37,45,0.6837606837606838,0.47058823529411764,120
2023-09-01,1085,122,75,63,51,47,12,0.6147540983606558,0.8095238095238095,126
2023-09-02,1085,138,85,53,39,53,14,0.6159420289855072,0.7358490566037735,124
2023-09-03,1085,123,75,62,37,48,25,0.6097560975609756,0.5967741935483871,112
2023-09-04,1085,126,80,65,40,46,25,0.6349206349206349,0.6153846153846154,120
2023-09-05,1085,127,87,66,31,40,35,0.6850393700787402,0.4696969696969697,118
2023-09-06,1085,113,93,74,35,20,39,0.8230088495575221,0.47297297297297297,128
2023-09-07,1085,109,77,80,50,32,30,0.7064220183486238,0.625,127
2023-09-08,1085,145,84,69,43,61,26,0.5793103448275863,0.6231884057971014,127
2023-09-09,1085,104,93,75,33,11,42,0.8942307692307693,0.44,126
2023-09-10,1085,147,82,54,31,65,23,0.5578231292517006,0.5740740740740741,113
2023-09-11,1085,134,82,76,49,52,27,0.6119402985074627,0.6447368421052632,131
2023-09-12,1085,113,86,81,45,27,36,0.7610619469026548,0.5555555555555556,131
2023-09-13,1085,115,84,75,31,31,44,0.7304347826086957,0.41333333333333333,115
2023-09-14,1085,138,78,70,34,60,36,0.5652173913043478,0.4857142857142857,112
2023-09-15,1085,113,77,78,42,36,36,0.6814159292035398,0.5384615384615384,119
2023-09-16,1085,147,76,96,43,71,53,0.5170068027210885,0.4479166666666667,119
2023-09-17,1085,113,88,78,50,25,28,0.7787610619469026,0.6410256410256411,138
2023-09-18,1085,109,83,52,36,26,16,0.7614678899082569,0.6923076923076923,119
2023-09-19,1085,132,85,62,52,47,10,0.6439393939393939,0.8387096774193549,137
2023-09-20,1085,112,91,88,43,21,45,0.8125,0.48863636363636365,134
2023-09-21,1085,138,70,53,45,68,8,0.5072463768115942,0.8490566037735849,115
2023-09-22,1085,113,76,55,48,37,7,0.672566371681416,0.8727272727272727,124
2023-09-23,1085,110,67,87,39,43,48,0.6090909090909091,0.4482758620689655,106
2023-09-24,1085,123,71,81,30,52,51,0.5772357723577236,0.37037037037037035,101
2023-09-25,1085,129,74,51,40,55,11,0.5736434108527132,0.7843137254901961,114
2023-09-26,1085,100,74,57,39,26,18,0.74,0.6842105263157895,113
2023-09-27,1085,128,84,68,39,44,29,0.65625,0.5735294117647058,123
2023-09-28,1085,130,58,95,27,72,68,0.4461538461538462,0.28421052631578947,85
2023-09-29,1085,141,78,77,29,63,48,0.5531914893617021,0.37662337662337664,107
2023-09-30,1085,134,89,85,48,45,37,0.664179104477612,0.5647058823529412,137
2023-10-01,1085,130,71,71,43,59,28,0.5461538461538461,0.6056338028169014,114
2023-10-02,1085,109,75,87,31,34,56,0.6880733944954128,0.3563218390804598,106
2023-10-03,1085,119,76,84,41,43,43,0.6386554621848739,0.4880952380952381,117
2023-10-04,1085,123,75,95,54,48,41,0.6097560975609756,0.5684210526315789,129
2023-10-05,1085,149,80,51,35,69,16,0.5369127516778524,0.6862745098039216,115
2023-10-06,1085,114,85,56,35,29,21,0.7456140350877193,0.625,120
2023-10-07,1085,137,74,78,40,63,38,0.5401459854014599,0.5128205128205128,114
2023-10-08,1085,145,80,91,25,65,66,0.5517241379310345,0.27472527472527475,105
2023-10-09,1085,147,75,68,29,72,39,0.5102040816326531,0.4264705882352941,104
2023-10-10,1085,114,85,98,27,29,71,0.7456140350877193,0.2755102040816326,112
2023-10-11,1085,130,76,67,43,54,24,0.5846153846153846,0.6417910447761194,119
2023-10-12,1085,140,72,65,46,68,19,0.5142857142857142,0.7076923076923077,118
2023-10-13,1085,118,90,73,34,28,39,0.7627118644067796,0.4657534246575342,124
2023-10-14,1085,120,77,98,38,43,60,0.6416666666666667,0.3877551020408163,115
2023-10-15,1085,128,85,98,33,43,65,0.6640625,0.336734693877551,118
2023-10-16,1085,146,106,81,37,40,44,0.726027397260274,0.4567901234567901,143
2023-10-17,1085,104,71,62,46,33,16,0.6826923076923077,0.7419354838709677,117
2023-10-18,1085,124,98,61,37,26,24,0.7903225806451613,0.6065573770491803,135
2023-10-19,1085,136,75,74,37,61,37,0.5514705882352942,0.5,112
2023-10-20,1085,112,90,66,42,22,24,0.8035714285714286,0.6363636363636364,132
2023-10-21,1085,116,75,60,40,41,20,0.646551724137931,0.6666666666666666,115
2023-10-22,1085,101,85,77,38,16,39,0.8415841584158416,0.4935064935064935,123
2023-10-23,1085,119,83,86,44,36,42,0.6974789915966386,0.5116279069767442,127
2023-10-24,1085,110,74,94,41,36,53,0.6727272727272727,0.43617021276595747,115
2023-10-25,1085,128,83,53,45,45,8,0.6484375,0.8490566037735849,128
2023-10-26,1085,136,79,71,32,57,39,0.5808823529411765,0.4507042253521127,111
2023-10-27,1085,134,92,61,53,42,8,0.6865671641791045,0.8688524590163934,145
2023-10-28,1085,127,76,72,33,51,39,0.5984251968503937,0.4583333333333333,109
2023-10-29,1085,140,74,67,34,66,33,0.5285714285714286,0.5074626865671642,108
2023-10-30,1085,147,77,67,56,70,11,0.5238095238095238,0.835820895522388,133
2023-10-31,1085,123,72,69,53,51,16,0.5853658536585366,0.7681159420289855,125
2023-11-01,1085,100,76,87,34,24,53,0.76,0.39080459770114945,110
2023-11-02,1085,141,94,83,37,47,46,0.6666666666666666,0.4457831325301205,131
2023-11-03,1085,136,84,80,46,52,34,0.6176470588235294,0.575,130
2023-11-04,1085,140,97,73,36,43,37,0.6928571428571428,0.4931506849315068,133
2023-11-05,1085,133,78,63,39,55,24,0.5864661654135338,0.6190476190476191,117
2023-11-06,1085,107,77,91,47,30,44,0.719626168224299,0.5164835164835165,124
2023-11-07,1085,127,90,54,46,37,8,0.7086614173228346,0.8518518518518519,136
2023-11-08,1085,147,75,60,28,72,32,0.5102040816326531,0.4666666666666667,103
2023-11-09,1085,138,92,95,39,46,56,0.6666666666666666,0.4105263157894737,131
2023-11-10,1085,121,69,87,49,52,38,0.5702479338842975,0.5632183908045977,118
2023-11-11,1085,132,91,77,30,41,47,0.6893939393939394,0.38961038961038963,121
2023-11-12,1085,110,73,89,45,37,44,0.6636363636363637,0.5056179775280899,118
2023-11-13,1085,120,73,93,35,47,58,0.6083333333333333,0.3763440860215054,108
2023-11-14,1085,137,83,63,38,54,25,0.6058394160583942,0.6031746031746031,121
2023-11-15,1085,104,63,84,53,41,31,0.6057692307692307,0.6309523809523809,116
2023-11-16,1085,125,75,87,48,50,39,0.6,0.5517241379310345,123
2023-11-17,1085,107,77,65,41,30,24,0.719626168224299,0.6307692307692307,118
2023-11-18,1085,104,89,85,41,15,44,0.8557692307692307,0.4823529411764706,130
2023-11-19,1085,144,88,58,42,56,16,0.6111111111111112,0.7241379310344828,130
2023-11-20,1085,142,83,64,33,59,31,0.5845070422535211,0.515625,116
2023-11-21,1085,115,93,98,43,22,55,0.808695652173913,0.4387755102040816,136
2023-11-22,1085,115,77,80,50,38,30,0.6695652173913044,0.625,127
2023-11-23,1085,139,73,88,51,66,37,0.5251798561151079,0.5795454545454546,124
2023-11-24,1085,107,77,78,35,30,43,0.719626168224299,0.44871794871794873,112
2023-11-25,1085,107,84,56,34,23,22,0.7850467289719626,0.6071428571428571,118
2023-11-26,1085,128,78,51,38,50,13,0.609375,0.7450980392156863,116
2023-11-27,1085,112,80,94,43,32,51,0.7142857142857143,0.4574468085106383,123
2023-11-28,1085,119,90,67,53,29,14,0.7563025210084033,0.7910447761194029,143
2023-11-29,1085,130,80,55,35,50,20,0.6153846153846154,0.6363636363636364,115
2023-11-30,1085,135,62,60,33,73,27,0.45925925925925926,0.55,95
2023-12-01,1085,112,63,51,45,49,6,0.5625,0.8823529411764706,108
2023-12-02,1085,110,94,66,47,16,19,0.8545454545454545,0.7121212121212122,141
2023-12-03,1085,107,71,97,32,36,65,0.6635514018691588,0.32989690721649484,103
2023-12-04,1085,121,92,64,33,29,31,0.7603305785123967,0.515625,125
2023-12-05,1085,119,74,59,36,45,23,0.6218487394957983,0.6101694915254238,110
2023-12-06,1085,120,61,59,49,59,10,0.5083333333333333,0.8305084745762712,110
2023-12-07,1085,139,76,73,32,63,41,0.5467625899280576,0.4383561643835616,108
2023-12-08,1085,117,92,57,44,25,13,0.7863247863247863,0.7719298245614035,136
2023-12-09,1085,137,89,55,55,48,0,0.6496350364963503,1,144
2023-12-10,1085,118,84,61,39,34,22,0.711864406779661,0.639344262295082,123
2023-12-11,1085,131,82,65,46,49,19,0.6259541984732825,0.7076923076923077,128
2023-12-12,1085,140,79,54,31,61,23,0.5642857142857143,0.5740740740740741,110
2023-12-13,1085,146,73,53,37,73,16,0.5,0.6981132075471698,110
2023-12-14,1085,145,84,75,41,61,34,0.5793103448275863,0.5466666666666666,125
2023-12-15,1085,148,77,99,40,71,59,0.5202702702702703,0.40404040404040403,117
2023-12-16,1085,110,83,76,38,27,38,0.7545454545454545,0.5,121
2023-12-17,1085,128,90,75,45,38,30,0.703125,0.6,135
2023-12-18,1085,120,76,64,46,44,18,0.6333333333333333,0.71875,122
2023-12-19,1085,135,84,57,38,51,19,0.6222222222222222,0.6666666666666666,122
2023-12-20,1085,106,75,82,42,31,40,0.7075471698113207,0.5121951219512195,117
2023-12-21,1085,138,79,68,37,59,31,0.572463768115942,0.5441176470588235,116
2023-12-22,1085,125,82,50,37,43,13,0.656,0.74,119
2023-12-23,1085,149,92,64,41,57,23,0.6174496644295302,0.640625,133
2023-12-24,1085,101,81,100,40,20,60,0.801980198019802,0.4,121
2023-12-25,1085,126,99,81,34,27,47,0.7857142857142857,0.41975308641975306,133
2023-12-26,1085,138,67,50,27,71,23,0.4855072463768116,0.54,94
2023-12-27,1085,114,91,65,37,23,28,0.7982456140350878,0.5692307692307692,128
2023-12-28,1085,140,70,62,44,70,18,0.5,0.7096774193548387,114
2023-12-29,1085,141,71,69,48,70,21,0.5035460992907801,0.6956521739130435,119
2023-12-30,1085,125,81,85,41,44,44,0.648,0.4823529411764706,122
2023-12-31,1085,115,85,73,45,30,28,0.7391304347826086,0.6164383561643836,130
2023-01-01,1086,121,89,50,50,32,0,0.7355371900826446,1,139
2023-01-02,1086,104,88,91,33,16,58,0.8461538461538461,0.3626373626373626,121
2023-01-03,1086,110,87,77,54,23,23,0.7909090909090909,0.7012987012987013,141
2023-01-04,1086,104,91,83,31,13,52,0.875,0.37349397590361444,122
2023-01-05,1086,112,83,66,57,29,9,0.7410714285714286,0.8636363636363636,140
2023-01-06,1086,148,73,76,37,75,39,0.49324324324324326,0.4868421052631579,110
2023-01-07,1086,145,75,75,34,70,41,0.5172413793103449,0.4533333333333333,109
2023-01-08,1086,149,100,68,50,49,18,0.6711409395973155,0.7352941176470589,150
2023-01-09,1086,102,81,59,47,21,12,0.7941176470588235,0.7966101694915254,128
2023-01-10,1086,117,84,58,37,33,21,0.717948717948718,0.6379310344827587,121
2023-01-11,1086,142,69,54,38,73,16,0.4859154929577465,0.7037037037037037,107
2023-01-12,1086,139,87,78,43,52,35,0.6258992805755396,0.5512820512820513,130
2023-01-13,1086,107,78,82,40,29,42,0.7289719626168224,0.4878048780487805,118
2023-01-14,1086,120,77,59,30,43,29,0.6416666666666667,0.5084745762711864,107
2023-01-15,1086,110,86,71,42,24,29,0.7818181818181819,0.5915492957746479,128
2023-01-16,1086,113,87,59,37,26,22,0.7699115044247787,0.6271186440677966,124
2023-01-17,1086,129,82,61,27,47,34,0.6356589147286822,0.4426229508196721,109
2023-01-18,1086,116,76,67,31,40,36,0.6551724137931034,0.4626865671641791,107
2023-01-19,1086,130,72,69,42,58,27,0.5538461538461539,0.6086956521739131,114
2023-01-20,1086,108,103,56,42,5,14,0.9537037037037037,0.75,145
2023-01-21,1086,148,89,78,36,59,42,0.6013513513513513,0.46153846153846156,125
2023-01-22,1086,103,69,84,47,34,37,0.6699029126213593,0.5595238095238095,116
2023-01-23,1086,119,64,64,31,55,33,0.5378151260504201,0.484375,95
2023-01-24,1086,139,92,84,39,47,45,0.6618705035971223,0.4642857142857143,131
2023-01-25,1086,150,88,73,48,62,25,0.5866666666666667,0.6575342465753424,136
2023-01-26,1086,115,83,74,53,32,21,0.7217391304347827,0.7162162162162162,136
2023-01-27,1086,125,79,51,43,46,8,0.632,0.8431372549019608,122
2023-01-28,1086,111,65,81,28,46,53,0.5855855855855856,0.345679012345679,93
2023-01-29,1086,121,80,100,38,41,62,0.6611570247933884,0.38,118
2023-01-30,1086,101,71,60,37,30,23,0.7029702970297029,0.6166666666666667,108
2023-01-31,1086,115,70,86,36,45,50,0.6086956521739131,0.4186046511627907,106
2023-02-01,1086,126,76,79,34,50,45,0.6031746031746031,0.43037974683544306,110
2023-02-02,1086,111,84,62,41,27,21,0.7567567567567568,0.6612903225806451,125
2023-02-03,1086,101,82,100,37,19,63,0.8118811881188119,0.37,119
2023-02-04,1086,115,84,84,39,31,45,0.7304347826086957,0.4642857142857143,123
2023-02-05,1086,103,86,72,38,17,34,0.8349514563106796,0.5277777777777778,124
2023-02-06,1086,106,90,53,37,16,16,0.8490566037735849,0.6981132075471698,127
2023-02-07,1086,124,74,90,47,50,43,0.5967741935483871,0.5222222222222223,121
2023-02-08,1086,112,72,54,32,40,22,0.6428571428571429,0.5925925925925926,104
2023-02-09,1086,124,76,89,43,48,46,0.6129032258064516,0.48314606741573035,119
2023-02-10,1086,135,88,59,34,47,25,0.6518518518518519,0.576271186440678,122
2023-02-11,1086,150,68,66,33,82,33,0.4533333333333333,0.5,101
2023-02-12,1086,146,69,52,44,77,8,0.4726027397260274,0.8461538461538461,113
2023-02-13,1086,132,62,56,42,70,14,0.4696969696969697,0.75,104
2023-02-14,1086,119,83,82,38,36,44,0.6974789915966386,0.4634146341463415,121
2023-02-15,1086,105,79,54,37,26,17,0.7523809523809524,0.6851851851851852,116
2023-02-16,1086,122,93,72,40,29,32,0.7622950819672131,0.5555555555555556,133
2023-02-17,1086,121,60,84,43,61,41,0.49586776859504134,0.5119047619047619,103
2023-02-18,1086,141,86,57,36,55,21,0.6099290780141844,0.631578947368421,122
2023-02-19,1086,111,88,50,42,23,8,0.7927927927927928,0.84,130
2023-02-20,1086,133,73,95,46,60,49,0.5488721804511278,0.4842105263157895,119
2023-02-21,1086,120,74,93,46,46,47,0.6166666666666667,0.4946236559139785,120
2023-02-22,1086,148,81,76,31,67,45,0.5472972972972973,0.40789473684210525,112
2023-02-23,1086,150,67,60,38,83,22,0.44666666666666666,0.6333333333333333,105
2023-02-24,1086,110,73,60,55,37,5,0.6636363636363637,0.9166666666666666,128
2023-02-25,1086,102,74,76,45,28,31,0.7254901960784313,0.5921052631578947,119
2023-02-26,1086,129,79,71,33,50,38,0.6124031007751938,0.4647887323943662,112
2023-02-27,1086,146,55,82,30,91,52,0.3767123287671233,0.36585365853658536,85
2023-02-28,1086,141,71,79,48,70,31,0.5035460992907801,0.6075949367088608,119
2023-03-01,1086,134,74,70,34,60,36,0.5522388059701493,0.4857142857142857,108
2023-03-02,1086,140,83,54,37,57,17,0.5928571428571429,0.6851851851851852,120
2023-03-03,1086,116,73,73,42,43,31,0.6293103448275862,0.5753424657534246,115
2023-03-04,1086,110,78,59,36,32,23,0.7090909090909091,0.6101694915254238,114
2023-03-05,1086,135,78,94,36,57,58,0.5777777777777777,0.3829787234042553,114
2023-03-06,1086,123,76,89,32,47,57,0.6178861788617886,0.3595505617977528,108
2023-03-07,1086,125,84,60,40,41,20,0.672,0.6666666666666666,124
2023-03-08,1086,104,81,60,39,23,21,0.7788461538461539,0.65,120
2023-03-09,1086,141,80,62,44,61,18,0.5673758865248227,0.7096774193548387,124
2023-03-10,1086,126,92,96,37,34,59,0.7301587301587301,0.3854166666666667,129
2023-03-11,1086,136,71,60,34,65,26,0.5220588235294118,0.5666666666666667,105
2023-03-12,1086,104,85,68,44,19,24,0.8173076923076923,0.6470588235294118,129
2023-03-13,1086,131,76,82,41,55,41,0.5801526717557252,0.5,117
2023-03-14,1086,124,78,60,50,46,10,0.6290322580645161,0.8333333333333334,128
2023-03-15,1086,108,70,66,42,38,24,0.6481481481481481,0.6363636363636364,112
2023-03-16,1086,124,84,89,25,40,64,0.6774193548387096,0.2808988764044944,109
2023-03-17,1086,146,78,71,40,68,31,0.5342465753424658,0.5633802816901409,118
2023-03-18,1086,145,95,97,39,50,58,0.6551724137931034,0.4020618556701031,134
2023-03-19,1086,128,86,98,33,42,65,0.671875,0.336734693877551,119
2023-03-20,1086,130,69,93,24,61,69,0.5307692307692308,0.25806451612903225,93
2023-03-21,1086,101,81,64,49,20,15,0.801980198019802,0.765625,130
2023-03-22,1086,111,73,64,40,38,24,0.6576576576576577,0.625,113
2023-03-23,1086,101,94,97,38,7,59,0.9306930693069307,0.3917525773195876,132
2023-03-24,1086,104,79,88,32,25,56,0.7596153846153846,0.36363636363636365,111
2023-03-25,1086,103,101,96,38,2,58,0.9805825242718447,0.3958333333333333,139
2023-03-26,1086,107,98,76,36,9,40,0.9158878504672897,0.47368421052631576,134
2023-03-27,1086,142,71,57,35,71,22,0.5,0.6140350877192983,106
2023-03-28,1086,132,90,78,44,42,34,0.6818181818181818,0.5641025641025641,134
2023-03-29,1086,134,73,77,41,61,36,0.5447761194029851,0.5324675324675324,114
2023-03-30,1086,129,93,93,24,36,69,0.7209302325581395,0.25806451612903225,117
2023-03-31,1086,109,92,51,42,17,9,0.8440366972477065,0.8235294117647058,134
2023-04-01,1086,101,92,93,36,9,57,0.9108910891089109,0.3870967741935484,128
2023-04-02,1086,101,79,99,42,22,57,0.7821782178217822,0.42424242424242425,121
2023-04-03,1086,132,65,57,49,67,8,0.49242424242424243,0.8596491228070176,114
2023-04-04,1086,111,84,91,31,27,60,0.7567567567567568,0.34065934065934067,115
2023-04-05,1086,109,69,82,41,40,41,0.6330275229357798,0.5,110
2023-04-06,1086,130,76,77,30,54,47,0.5846153846153846,0.38961038961038963,106
2023-04-07,1086,102,79,65,42,23,23,0.7745098039215687,0.6461538461538462,121
2023-04-08,1086,143,78,62,42,65,20,0.5454545454545454,0.6774193548387096,120
2023-04-09,1086,101,75,80,53,26,27,0.7425742574257426,0.6625,128
2023-04-10,1086,149,87,65,36,62,29,0.5838926174496645,0.5538461538461539,123
2023-04-11,1086,113,88,50,33,25,17,0.7787610619469026,0.66,121
2023-04-12,1086,138,78,71,41,60,30,0.5652173913043478,0.5774647887323944,119
2023-04-13,1086,148,76,93,56,72,37,0.5135135135135135,0.6021505376344086,132
2023-04-14,1086,102,80,57,44,22,13,0.7843137254901961,0.7719298245614035,124
2023-04-15,1086,105,75,79,39,30,40,0.7142857142857143,0.4936708860759494,114
2023-04-16,1086,121,86,86,40,35,46,0.7107438016528925,0.46511627906976744,126
2023-04-17,1086,111,90,51,38,21,13,0.8108108108108109,0.7450980392156863,128
2023-04-18,1086,118,77,51,41,41,10,0.652542372881356,0.803921568627451,118
2023-04-19,1086,117,76,97,49,41,48,0.6495726495726496,0.5051546391752577,125
2023-04-20,1086,148,88,56,43,60,13,0.5945945945945946,0.7678571428571429,131
2023-04-21,1086,131,74,90,45,57,45,0.5648854961832062,0.5,119
2023-04-22,1086,131,80,50,27,51,23,0.6106870229007634,0.54,107
2023-04-23,1086,117,82,71,35,35,36,0.7008547008547008,0.49295774647887325,117
2023-04-24,1086,125,88,99,38,37,61,0.704,0.3838383838383838,126
2023-04-25,1086,142,82,75,48,60,27,0.5774647887323944,0.64,130
2023-04-26,1086,137,63,78,36,74,42,0.45985401459854014,0.46153846153846156,99
2023-04-27,1086,101,56,98,38,45,60,0.5544554455445545,0.3877551020408163,94
2023-04-28,1086,134,88,67,46,46,21,0.6567164179104478,0.6865671641791045,134
2023-04-29,1086,136,78,79,40,58,39,0.5735294117647058,0.5063291139240507,118
2023-04-30,1086,108,69,74,36,39,38,0.6388888888888888,0.4864864864864865,105
2023-05-01,1086,141,87,99,29,54,70,0.6170212765957447,0.29292929292929293,116
2023-05-02,1086,106,73,92,53,33,39,0.6886792452830188,0.5760869565217391,126
2023-05-03,1086,105,81,63,40,24,23,0.7714285714285715,0.6349206349206349,121
2023-05-04,1086,125,89,64,30,36,34,0.712,0.46875,119
2023-05-05,1086,145,57,99,32,88,67,0.3931034482758621,0.32323232323232326,89
2023-05-06,1086,133,86,67,41,47,26,0.6466165413533834,0.6119402985074627,127
2023-05-07,1086,104,84,96,48,20,48,0.8076923076923077,0.5,132
2023-05-08,1086,115,81,85,44,34,41,0.7043478260869566,0.5176470588235295,125
2023-05-09,1086,113,82,100,32,31,68,0.7256637168141593,0.32,114
2023-05-10,1086,107,73,88,36,34,52,0.6822429906542056,0.4090909090909091,109
2023-05-11,1086,115,68,83,40,47,43,0.591304347826087,0.4819277108433735,108
2023-05-12,1086,105,82,78,42,23,36,0.780952380952381,0.5384615384615384,124
2023-05-13,1086,106,80,73,39,26,34,0.7547169811320755,0.5342465753424658,119
2023-05-14,1086,115,74,78,46,41,32,0.6434782608695652,0.5897435897435898,120
2023-05-15,1086,116,62,88,37,54,51,0.5344827586206896,0.42045454545454547,99
2023-05-16,1086,110,75,64,50,35,14,0.6818181818181818,0.78125,125
2023-05-17,1086,122,84,64,32,38,32,0.6885245901639344,0.5,116
2023-05-18,1086,104,75,64,35,29,29,0.7211538461538461,0.546875,110
2023-05-19,1086,129,83,52,43,46,9,0.6434108527131783,0.8269230769230769,126
2023-05-20,1086,104,85,63,38,19,25,0.8173076923076923,0.6031746031746031,123
2023-05-21,1086,116,60,83,49,56,34,0.5172413793103449,0.5903614457831325,109
2023-05-22,1086,112,84,77,37,28,40,0.75,0.4805194805194805,121
2023-05-23,1086,143,87,83,35,56,48,0.6083916083916084,0.42168674698795183,122
2023-05-24,1086,104,92,61,45,12,16,0.8846153846153846,0.7377049180327869,137
2023-05-25,1086,144,67,69,34,77,35,0.4652777777777778,0.4927536231884058,101
2023-05-26,1086,101,60,58,42,41,16,0.594059405940594,0.7241379310344828,102
2023-05-27,1086,105,74,88,45,31,43,0.7047619047619048,0.5113636363636364,119
2023-05-28,1086,137,73,100,53,64,47,0.5328467153284672,0.53,126
2023-05-29,1086,120,85,57,28,35,29,0.7083333333333334,0.49122807017543857,113
2023-05-30,1086,145,68,88,44,77,44,0.4689655172413793,0.5,112
2023-05-31,1086,106,88,63,42,18,21,0.8301886792452831,0.6666666666666666,130
2023-06-01,1086,120,87,76,37,33,39,0.725,0.4868421052631579,124
2023-06-02,1086,121,73,61,50,48,11,0.6033057851239669,0.819672131147541,123
2023-06-03,1086,120,75,58,41,45,17,0.625,0.7068965517241379,116
2023-06-04,1086,149,61,89,39,88,50,0.40939597315436244,0.43820224719101125,100
2023-06-05,1086,134,76,55,37,58,18,0.5671641791044776,0.6727272727272727,113
2023-06-06,1086,108,71,86,51,37,35,0.6574074074074074,0.5930232558139535,122
2023-06-07,1086,142,82,70,34,60,36,0.5774647887323944,0.4857142857142857,116
2023-06-08,1086,141,70,75,39,71,36,0.49645390070921985,0.52,109
2023-06-09,1086,119,83,80,49,36,31,0.6974789915966386,0.6125,132
2023-06-10,1086,132,73,61,45,59,16,0.553030303030303,0.7377049180327869,118
2023-06-11,1086,125,70,96,46,55,50,0.56,0.4791666666666667,116
2023-06-12,1086,128,82,84,42,46,42,0.640625,0.5,124
2023-06-13,1086,125,74,59,54,51,5,0.592,0.9152542372881356,128
2023-06-14,1086,108,74,51,42,34,9,0.6851851851851852,0.8235294117647058,116
2023-06-15,1086,132,94,100,50,38,50,0.7121212121212122,0.5,144
2023-06-16,1086,141,87,67,43,54,24,0.6170212765957447,0.6417910447761194,130
2023-06-17,1086,109,75,73,42,34,31,0.6880733944954128,0.5753424657534246,117
2023-06-18,1086,128,79,50,39,49,11,0.6171875,0.78,118
2023-06-19,1086,122,79,94,42,43,52,0.6475409836065574,0.44680851063829785,121
2023-06-20,1086,124,71,56,44,53,12,0.5725806451612904,0.7857142857142857,115
2023-06-21,1086,143,82,79,31,61,48,0.5734265734265734,0.3924050632911392,113
2023-06-22,1086,140,72,55,46,68,9,0.5142857142857142,0.8363636363636363,118
2023-06-23,1086,124,90,60,34,34,26,0.7258064516129032,0.5666666666666667,124
2023-06-24,1086,105,94,95,39,11,56,0.8952380952380953,0.4105263157894737,133
2023-06-25,1086,139,82,97,39,57,58,0.5899280575539568,0.4020618556701031,121
2023-06-26,1086,141,100,77,45,41,32,0.7092198581560284,0.5844155844155844,145
2023-06-27,1086,150,85,87,38,65,49,0.5666666666666667,0.4367816091954023,123
2023-06-28,1086,115,84,84,35,31,49,0.7304347826086957,0.4166666666666667,119
2023-06-29,1086,142,75,89,31,67,58,0.528169014084507,0.34831460674157305,106
2023-06-30,1086,111,83,53,30,28,23,0.7477477477477478,0.5660377358490566,113
2023-07-01,1086,129,93,78,40,36,38,0.7209302325581395,0.5128205128205128,133
2023-07-02,1086,106,85,96,44,21,52,0.8018867924528302,0.4583333333333333,129
2023-07-03,1086,134,69,89,36,65,53,0.5149253731343284,0.4044943820224719,105
2023-07-04,1086,124,89,68,31,35,37,0.717741935483871,0.45588235294117646,120
2023-07-05,1086,105,85,60,38,20,22,0.8095238095238095,0.6333333333333333,123
2023-07-06,1086,126,70,98,42,56,56,0.5555555555555556,0.42857142857142855,112
2023-07-07,1086,112,90,79,44,22,35,0.8035714285714286,0.5569620253164557,134
2023-07-08,1086,118,84,85,45,34,40,0.711864406779661,0.5294117647058824,129
2023-07-09,1086,135,73,88,42,62,46,0.5407407407407407,0.4772727272727273,115
2023-07-10,1086,147,78,83,54,69,29,0.5306122448979592,0.6506024096385542,132
2023-07-11,1086,100,72,96,42,28,54,0.72,0.4375,114
2023-07-12,1086,126,90,78,33,36,45,0.7142857142857143,0.4230769230769231,123
2023-07-13,1086,150,78,100,43,72,57,0.52,0.43,121
2023-07-14,1086,140,88,90,47,52,43,0.6285714285714286,0.5222222222222223,135
2023-07-15,1086,149,77,67,30,72,37,0.5167785234899329,0.44776119402985076,107
2023-07-16,1086,143,80,53,40,63,13,0.5594405594405595,0.7547169811320755,120
2023-07-17,1086,127,83,79,46,44,33,0.6535433070866141,0.5822784810126582,129
2023-07-18,1086,139,88,84,32,51,52,0.6330935251798561,0.38095238095238093,120
2023-07-19,1086,115,72,87,33,43,54,0.6260869565217392,0.3793103448275862,105
2023-07-20,1086,147,92,84,39,55,45,0.6258503401360545,0.4642857142857143,131
2023-07-21,1086,133,63,65,45,70,20,0.47368421052631576,0.6923076923076923,108
2023-07-22,1086,119,90,72,45,29,27,0.7563025210084033,0.625,135
2023-07-23,1086,113,84,95,47,29,48,0.7433628318584071,0.49473684210526314,131
2023-07-24,1086,117,80,91,36,37,55,0.6837606837606838,0.3956043956043956,116
2023-07-25,1086,122,88,53,41,34,12,0.7213114754098361,0.7735849056603774,129
2023-07-26,1086,129,67,97,46,62,51,0.5193798449612403,0.4742268041237113,113
2023-07-27,1086,146,94,84,38,52,46,0.6438356164383562,0.4523809523809524,132
2023-07-28,1086,135,67,52,42,68,10,0.4962962962962963,0.8076923076923077,109
2023-07-29,1086,130,76,50,44,54,6,0.5846153846153846,0.88,120
2023-07-30,1086,123,84,87,34,39,53,0.6829268292682927,0.39080459770114945,118
2023-07-31,1086,128,87,87,39,41,48,0.6796875,0.4482758620689655,126
2023-08-01,1086,116,68,96,43,48,53,0.5862068965517241,0.4479166666666667,111
2023-08-02,1086,136,60,75,28,76,47,0.4411764705882353,0.37333333333333335,88
2023-08-03,1086,137,85,94,48,52,46,0.6204379562043796,0.5106382978723404,133
2023-08-04,1086,150,85,92,28,65,64,0.5666666666666667,0.30434782608695654,113
2023-08-05,1086,111,77,69,37,34,32,0.6936936936936937,0.5362318840579711,114
2023-08-06,1086,131,64,69,33,67,36,0.48854961832061067,0.4782608695652174,97
2023-08-07,1086,121,83,57,28,38,29,0.6859504132231405,0.49122807017543857,111
2023-08-08,1086,118,100,57,44,18,13,0.847457627118644,0.7719298245614035,144
2023-08-09,1086,109,84,60,46,25,14,0.7706422018348624,0.7666666666666667,130
2023-08-10,1086,123,88,66,52,35,14,0.7154471544715447,0.7878787878787878,140
2023-08-11,1086,121,76,87,52,45,35,0.628099173553719,0.5977011494252874,128
2023-08-12,1086,131,64,68,48,67,20,0.48854961832061067,0.7058823529411765,112
2023-08-13,1086,120,79,67,42,41,25,0.6583333333333333,0.6268656716417911,121
2023-08-14,1086,112,72,64,52,40,12,0.6428571428571429,0.8125,124
2023-08-15,1086,123,77,95,48,46,47,0.6260162601626016,0.5052631578947369,125
2023-08-16,1086,129,85,63,32,44,31,0.6589147286821705,0.5079365079365079,117
2023-08-17,1086,134,73,74,58,61,16,0.5447761194029851,0.7837837837837838,131
2023-08-18,1086,150,75,60,44,75,16,0.5,0.7333333333333333,119
2023-08-19,1086,130,86,53,52,44,1,0.6615384615384615,0.9811320754716981,138
2023-08-20,1086,100,87,58,46,13,12,0.87,0.7931034482758621,133
2023-08-21,1086,150,88,50,41,62,9,0.5866666666666667,0.82,129
2023-08-22,1086,101,82,79,36,19,43,0.8118811881188119,0.45569620253164556,118
2023-08-23,1086,150,82,62,27,68,35,0.5466666666666666,0.43548387096774194,109
2023-08-24,1086,110,75,51,31,35,20,0.6818181818181818,0.6078431372549019,106
2023-08-25,1086,114,73,52,42,41,10,0.6403508771929824,0.8076923076923077,115
2023-08-26,1086,129,68,87,37,61,50,0.5271317829457365,0.42528735632183906,105
2023-08-27,1086,136,69,59,38,67,21,0.5073529411764706,0.6440677966101694,107
2023-08-28,1086,136,77,100,29,59,71,0.5661764705882353,0.29,106
2023-08-29,1086,108,63,82,31,45,51,0.5833333333333334,0.3780487804878049,94
2023-08-30,1086,130,81,99,35,49,64,0.6230769230769231,0.35353535353535354,116
2023-08-31,1086,132,82,94,37,50,57,0.6212121212121212,0.39361702127659576,119
2023-09-01,1086,133,83,57,36,50,21,0.6240601503759399,0.631578947368421,119
2023-09-02,1086,141,81,51,38,60,13,0.574468085106383,0.7450980392156863,119
2023-09-03,1086,111,82,55,54,29,1,0.7387387387387387,0.9818181818181818,136
2023-09-04,1086,100,90,51,39,10,12,0.9,0.7647058823529411,129
2023-09-05,1086,134,94,59,42,40,17,0.7014925373134329,0.711864406779661,136
2023-09-06,1086,129,79,72,35,50,37,0.6124031007751938,0.4861111111111111,114
2023-09-07,1086,114,81,69,40,33,29,0.7105263157894737,0.5797101449275363,121
2023-09-08,1086,131,91,52,43,40,9,0.6946564885496184,0.8269230769230769,134
2023-09-09,1086,142,85,66,32,57,34,0.5985915492957746,0.48484848484848486,117
2023-09-10,1086,101,93,55,51,8,4,0.9207920792079208,0.9272727272727272,144
2023-09-11,1086,117,78,73,39,39,34,0.6666666666666666,0.5342465753424658,117
2023-09-12,1086,110,79,91,40,31,51,0.7181818181818181,0.43956043956043955,119
2023-09-13,1086,110,88,63,33,22,30,0.8,0.5238095238095238,121
2023-09-14,1086,146,76,58,41,70,17,0.5205479452054794,0.7068965517241379,117
2023-09-15,1086,114,78,60,36,36,24,0.6842105263157895,0.6,114
2023-09-16,1086,112,84,55,43,28,12,0.75,0.7818181818181819,127
2023-09-17,1086,103,61,85,40,42,45,0.5922330097087378,0.47058823529411764,101
2023-09-18,1086,118,78,77,49,40,28,0.6610169491525424,0.6363636363636364,127
2023-09-19,1086,117,70,77,29,47,48,0.5982905982905983,0.37662337662337664,99
2023-09-20,1086,104,77,85,35,27,50,0.7403846153846154,0.4117647058823529,112
2023-09-21,1086,128,84,50,46,44,4,0.65625,0.92,130
2023-09-22,1086,140,78,89,39,62,50,0.5571428571428572,0.43820224719101125,117
2023-09-23,1086,102,98,99,42,4,57,0.9607843137254902,0.42424242424242425,140
2023-09-24,1086,143,81,75,33,62,42,0.5664335664335665,0.44,114
2023-09-25,1086,120,82,76,34,38,42,0.6833333333333333,0.4473684210526316,116
2023-09-26,1086,108,91,98,40,17,58,0.8425925925925926,0.40816326530612246,131
2023-09-27,1086,103,81,89,45,22,44,0.7864077669902912,0.5056179775280899,126
2023-09-28,1086,106,86,66,38,20,28,0.8113207547169812,0.5757575757575758,124
2023-09-29,1086,135,88,78,37,47,41,0.6518518518518519,0.47435897435897434,125
2023-09-30,1086,124,83,81,45,41,36,0.6693548387096774,0.5555555555555556,128
2023-10-01,1086,121,107,69,45,14,24,0.8842975206611571,0.6521739130434783,152
2023-10-02,1086,112,65,95,44,47,51,0.5803571428571429,0.4631578947368421,109
2023-10-03,1086,101,69,72,41,32,31,0.6831683168316832,0.5694444444444444,110
2023-10-04,1086,107,79,59,46,28,13,0.7383177570093458,0.7796610169491526,125
2023-10-05,1086,143,95,82,39,48,43,0.6643356643356644,0.47560975609756095,134
2023-10-06,1086,148,80,95,45,68,50,0.5405405405405406,0.47368421052631576,125
2023-10-07,1086,108,67,82,37,41,45,0.6203703703703703,0.45121951219512196,104
2023-10-08,1086,142,87,85,47,55,38,0.6126760563380281,0.5529411764705883,134
2023-10-09,1086,103,77,87,39,26,48,0.7475728155339806,0.4482758620689655,116
2023-10-10,1086,124,78,55,43,46,12,0.6290322580645161,0.7818181818181819,121
2023-10-11,1086,101,87,90,43,14,47,0.8613861386138614,0.4777777777777778,130
2023-10-12,1086,121,82,64,38,39,26,0.6776859504132231,0.59375,120
2023-10-13,1086,101,75,93,36,26,57,0.7425742574257426,0.3870967741935484,111
2023-10-14,1086,117,99,50,44,18,6,0.8461538461538461,0.88,143
2023-10-15,1086,102,75,61,43,27,18,0.7352941176470589,0.7049180327868853,118
2023-10-16,1086,138,60,92,42,78,50,0.43478260869565216,0.45652173913043476,102
2023-10-17,1086,113,87,97,46,26,51,0.7699115044247787,0.4742268041237113,133
2023-10-18,1086,125,77,74,37,48,37,0.616,0.5,114
2023-10-19,1086,103,72,58,45,31,13,0.6990291262135923,0.7758620689655172,117
2023-10-20,1086,150,77,51,33,73,18,0.5133333333333333,0.6470588235294118,110
2023-10-21,1086,136,83,99,35,53,64,0.6102941176470589,0.35353535353535354,118
2023-10-22,1086,123,84,97,35,39,62,0.6829268292682927,0.36082474226804123,119
2023-10-23,1086,107,63,93,39,44,54,0.5887850467289719,0.41935483870967744,102
2023-10-24,1086,132,75,64,38,57,26,0.5681818181818182,0.59375,113
2023-10-25,1086,110,71,91,36,39,55,0.6454545454545455,0.3956043956043956,107
2023-10-26,1086,134,78,69,33,56,36,0.582089552238806,0.4782608695652174,111
2023-10-27,1086,143,59,60,38,84,22,0.4125874125874126,0.6333333333333333,97
2023-10-28,1086,108,86,70,44,22,26,0.7962962962962963,0.6285714285714286,130
2023-10-29,1086,101,74,65,39,27,26,0.7326732673267327,0.6,113
2023-10-30,1086,118,71,94,38,47,56,0.6016949152542372,0.40425531914893614,109
2023-10-31,1086,122,76,80,39,46,41,0.6229508196721312,0.4875,115
2023-11-01,1086,124,84,51,23,40,28,0.6774193548387096,0.45098039215686275,107
2023-11-02,1086,114,64,90,47,50,43,0.5614035087719298,0.5222222222222223,111
2023-11-03,1086,110,70,56,45,40,11,0.6363636363636364,0.8035714285714286,115
2023-11-04,1086,128,74,66,33,54,33,0.578125,0.5,107
2023-11-05,1086,120,95,58,52,25,6,0.7916666666666666,0.896551724137931,147
2023-11-06,1086,149,91,56,35,58,21,0.610738255033557,0.625,126
2023-11-07,1086,110,81,59,46,29,13,0.7363636363636363,0.7796610169491526,127
2023-11-08,1086,134,87,90,38,47,52,0.6492537313432836,0.4222222222222222,125
2023-11-09,1086,102,73,82,48,29,34,0.7156862745098039,0.5853658536585366,121
2023-11-10,1086,107,85,87,48,22,39,0.794392523364486,0.5517241379310345,133
2023-11-11,1086,122,68,76,37,54,39,0.5573770491803278,0.4868421052631579,105
2023-11-12,1086,126,92,66,43,34,23,0.7301587301587301,0.6515151515151515,135
2023-11-13,1086,140,72,74,34,68,40,0.5142857142857142,0.4594594594594595,106
2023-11-14,1086,135,80,59,41,55,18,0.5925925925925926,0.6949152542372882,121
2023-11-15,1086,139,65,71,45,74,26,0.4676258992805755,0.6338028169014085,110
2023-11-16,1086,136,61,98,33,75,65,0.4485294117647059,0.336734693877551,94
2023-11-17,1086,100,85,59,28,15,31,0.85,0.4745762711864407,113
2023-11-18,1086,107,72,65,33,35,32,0.6728971962616822,0.5076923076923077,105
2023-11-19,1086,137,80,89,34,57,55,0.583941605839416,0.38202247191011235,114
2023-11-20,1086,130,74,98,29,56,69,0.5692307692307692,0.29591836734693877,103
2023-11-21,1086,138,78,91,32,60,59,0.5652173913043478,0.3516483516483517,110
2023-11-22,1086,118,85,53,41,33,12,0.7203389830508474,0.7735849056603774,126
2023-11-23,1086,130,69,51,43,61,8,0.5307692307692308,0.8431372549019608,112
2023-11-24,1086,127,82,60,41,45,19,0.6456692913385826,0.6833333333333333,123
2023-11-25,1086,144,88,58,44,56,14,0.6111111111111112,0.7586206896551724,132
2023-11-26,1086,136,70,69,42,66,27,0.5147058823529411,0.6086956521739131,112
2023-11-27,1086,117,67,91,26,50,65,0.5726495726495726,0.2857142857142857,93
2023-11-28,1086,121,72,71,39,49,32,0.5950413223140496,0.5492957746478874,111
2023-11-29,1086,103,82,100,33,21,67,0.7961165048543689,0.33,115
2023-11-30,1086,118,80,70,42,38,28,0.6779661016949152,0.6,122
2023-12-01,1086,128,89,63,38,39,25,0.6953125,0.6031746031746031,127
2023-12-02,1086,108,76,61,39,32,22,0.7037037037037037,0.639344262295082,115
2023-12-03,1086,106,80,57,42,26,15,0.7547169811320755,0.7368421052631579,122
2023-12-04,1086,140,67,75,37,73,38,0.4785714285714286,0.49333333333333335,104
2023-12-05,1086,110,86,59,39,24,20,0.7818181818181819,0.6610169491525424,125
2023-12-06,1086,132,74,67,40,58,27,0.5606060606060606,0.5970149253731343,114
2023-12-07,1086,139,70,54,44,69,10,0.5035971223021583,0.8148148148148148,114
2023-12-08,1086,106,85,72,39,21,33,0.8018867924528302,0.5416666666666666,124
2023-12-09,1086,134,77,90,41,57,49,0.5746268656716418,0.45555555555555555,118
2023-12-10,1086,107,87,68,36,20,32,0.8130841121495327,0.5294117647058824,123
2023-12-11,1086,122,86,89,46,36,43,0.7049180327868853,0.5168539325842697,132
2023-12-12,1086,102,79,79,44,23,35,0.7745098039215687,0.5569620253164557,123
2023-12-13,1086,121,93,53,46,28,7,0.768595041322314,0.8679245283018868,139
2023-12-14,1086,146,87,67,31,59,36,0.5958904109589042,0.4626865671641791,118
2023-12-15,1086,126,75,100,39,51,61,0.5952380952380952,0.39,114
2023-12-16,1086,120,93,52,43,27,9,0.775,0.8269230769230769,136
2023-12-17,1086,119,104,65,44,15,21,0.8739495798319328,0.676923076923077,148
2023-12-18,1086,111,81,67,33,30,34,0.7297297297297297,0.4925373134328358,114
2023-12-19,1086,131,81,58,26,50,32,0.6183206106870229,0.4482758620689655,107
2023-12-20,1086,142,78,87,43,64,44,0.5492957746478874,0.4942528735632184,121
2023-12-21,1086,142,78,73,40,64,33,0.5492957746478874,0.547945205479452,118
2023-12-22,1086,122,89,84,40,33,44,0.7295081967213115,0.47619047619047616,129
2023-12-23,1086,147,87,89,39,60,50,0.5918367346938775,0.43820224719101125,126
2023-12-24,1086,139,104,90,30,35,60,0.7482014388489209,0.3333333333333333,134
2023-12-25,1086,132,100,60,48,32,12,0.7575757575757576,0.8,148
2023-12-26,1086,102,76,59,41,26,18,0.7450980392156863,0.6949152542372882,117
2023-12-27,1086,103,66,92,38,37,54,0.6407766990291263,0.41304347826086957,104
2023-12-28,1086,102,94,76,51,8,25,0.9215686274509803,0.6710526315789473,145
2023-12-29,1086,146,95,53,44,51,9,0.6506849315068494,0.8301886792452831,139
2023-12-30,1086,129,76,84,41,53,43,0.5891472868217055,0.4880952380952381,117
2023-12-31,1086,142,91,76,43,51,33,0.6408450704225352,0.5657894736842105,134
2023-01-01,1087,135,64,99,40,71,59,0.4740740740740741,0.40404040404040403,104
2023-01-02,1087,138,76,69,36,62,33,0.5507246376811594,0.5217391304347826,112
2023-01-03,1087,146,90,51,35,56,16,0.6164383561643836,0.6862745098039216,125
2023-01-04,1087,109,61,89,39,48,50,0.5596330275229358,0.43820224719101125,100
2023-01-05,1087,148,86,70,32,62,38,0.581081081081081,0.45714285714285713,118
2023-01-06,1087,130,71,91,39,59,52,0.5461538461538461,0.42857142857142855,110
2023-01-07,1087,132,89,68,51,43,17,0.6742424242424242,0.75,140
2023-01-08,1087,108,85,87,47,23,40,0.7870370370370371,0.5402298850574713,132
2023-01-09,1087,114,88,73,33,26,40,0.7719298245614035,0.4520547945205479,121
2023-01-10,1087,104,80,70,43,24,27,0.7692307692307693,0.6142857142857143,123
2023-01-11,1087,150,86,58,48,64,10,0.5733333333333334,0.8275862068965517,134
2023-01-12,1087,110,73,95,34,37,61,0.6636363636363637,0.35789473684210527,107
2023-01-13,1087,106,76,76,33,30,43,0.71698113207547165,0.4342105263157895,109
2023-01-14,1087,103,76,58,38,27,20,0.7378640776699029,0.6551724137931034,114
2023-01-15,1087,103,91,71,33,12,38,0.883495145631068,0.4647887323943662,124
2023-01-16,1087,105,88,54,42,17,12,0.8380952380952381,0.7777777777777778,130
2023-01-17,1087,124,96,98,44,28,54,0.7741935483870968,0.4489795918367347,140
2023-01-18,1087,148,72,99,35,76,64,0.4864864864864865,0.35353535353535354,107
2023-01-19,1087,130,91,95,45,39,50,0.7,0.47368421052631576,136
2023-01-20,1087,114,77,60,41,37,19,0.6754385964912281,0.6833333333333333,118
2023-01-21,1087,130,73,98,43,57,55,0.5615384615384615,0.4387755102040816,116
2023-01-22,1087,108,83,65,35,25,30,0.7685185185185185,0.5384615384615384,118
2023-01-23,1087,143,88,82,50,55,32,0.6153846153846154,0.6097560975609756,138
2023-01-24,1087,118,78,92,37,40,55,0.6610169491525424,0.40217391304347827,115
2023-01-25,1087,128,79,54,42,49,12,0.6171875,0.7777777777777778,121
2023-01-26,1087,144,66,55,41,78,14,0.4583333333333333,0.7454545454545455,107
2023-01-27,1087,137,93,94,40,44,54,0.6788321167883211,0.425531914893617,133
2023-01-28,1087,100,81,67,43,19,24,0.81,0.6417910447761194,124
2023-01-29,1087,141,69,79,33,72,46,0.48936170212765956,0.4177215189873418,102
2023-01-30,1087,137,81,82,41,56,41,0.5912408759124088,0.5,122
2023-01-31,1087,120,74,68,48,46,20,0.6166666666666667,0.7058823529411765,122
2023-02-01,1087,144,77,55,40,67,15,0.5347222222222222,0.7272727272727273,117
2023-02-02,1087,109,89,62,46,20,16,0.8165137614678899,0.7419354838709677,135
2023-02-03,1087,101,64,81,37,37,44,0.6336633663366337,0.4567901234567901,101
2023-02-04,1087,129,77,56,39,52,17,0.5968992248062015,0.6964285714285714,116
2023-02-05,1087,141,79,70,40,62,30,0.5602836879432624,0.5714285714285714,119
2023-02-06,1087,115,90,82,27,25,55,0.782608695652174,0.32926829268292684,117
2023-02-07,1087,112,74,52,46,38,6,0.6607142857142857,0.8846153846153846,120
2023-02-08,1087,115,88,96,44,27,52,0.7652173913043478,0.4583333333333333,132
2023-02-09,1087,134,79,50,37,55,13,0.5895522388059702,0.74,116
2023-02-10,1087,120,77,63,42,43,21,0.6416666666666667,0.6666666666666666,119
2023-02-11,1087,140,84,96,45,56,51,0.6,0.46875,129
2023-02-12,1087,139,67,68,46,72,22,0.48201438848920863,0.6764705882352942,113
2023-02-13,1087,143,77,97,41,66,56,0.5384615384615384,0.422680412371134,118
2023-02-14,1087,149,67,90,41,82,49,0.44966442953020136,0.45555555555555555,108
2023-02-15,1087,132,79,63,30,53,33,0.5984848484848485,0.47619047619047616,109
2023-02-16,1087,103,79,94,40,24,54,0.7669902912621359,0.425531914893617,119
2023-02-17,1087,102,65,89,32,37,57,0.6372549019607843,0.3595505617977528,97
2023-02-18,1087,148,79,100,36,69,64,0.5337837837837838,0.36,115
2023-02-19,1087,102,71,66,23,31,43,0.696078431372549,0.3484848484848485,94
2023-02-20,1087,140,92,80,49,48,31,0.6571428571428571,0.6125,141
2023-02-21,1087,144,72,54,33,72,21,0.5,0.6111111111111112,105
2023-02-22,1087,141,95,89,42,46,47,0.6737588652482269,0.47191011235955055,137
2023-02-23,1087,147,79,84,36,68,48,0.5374149659863946,0.42857142857142855,115
2023-02-24,1087,132,82,67,37,50,30,0.6212121212121212,0.5522388059701493,119
2023-02-25,1087,142,82,78,36,60,42,0.5774647887323944,0.46153846153846156,118
2023-02-26,1087,117,85,62,47,32,15,0.7264957264957265,0.7580645161290323,132
2023-02-27,1087,147,82,80,34,65,46,0.5578231292517006,0.425,116
2023-02-28,1087,106,77,87,41,29,46,0.7264150943396226,0.47126436781609193,118
2023-03-01,1087,110,85,54,38,25,16,0.7727272727272727,0.7037037037037037,123
2023-03-02,1087,102,87,56,37,15,19,0.8529411764705882,0.6607142857142857,124
2023-03-03,1087,126,86,63,40,40,23,0.6825396825396826,0.6349206349206349,126
2023-03-04,1087,120,87,99,33,33,66,0.725,0.3333333333333333,120
2023-03-05,1087,111,83,86,45,28,41,0.7477477477477478,0.5232558139534884,128
2023-03-06,1087,116,87,78,41,29,37,0.75,0.5256410256410257,128
2023-03-07,1087,101,71,69,42,30,27,0.7029702970297029,0.6086956521739131,113
2023-03-08,1087,112,82,85,28,30,57,0.7321428571428571,0.32941176470588235,110
2023-03-09,1087,141,77,88,39,64,49,0.5460992907801419,0.4431818181818182,116
2023-03-10,1087,123,63,95,42,60,53,0.5121951219512195,0.4421052631578947,105
2023-03-11,1087,134,79,71,50,55,21,0.5895522388059702,0.704225352112676,129
2023-03-12,1087,122,86,74,48,36,26,0.7049180327868853,0.6486486486486487,134
2023-03-13,1087,120,81,95,34,39,61,0.675,0.35789473684210527,115
2023-03-14,1087,145,81,99,45,64,54,0.5586206896551724,0.45454545454545453,126
2023-03-15,1087,116,65,93,38,51,55,0.5603448275862069,0.40860215053763443,103
2023-03-16,1087,100,74,50,28,26,22,0.74,0.56,102
2023-03-17,1087,122,80,88,30,42,58,0.6557377049180327,0.3409090909090909,110
2023-03-18,1087,117,87,85,43,30,42,0.7435897435897436,0.5058823529411764,130
2023-03-19,1087,126,89,66,36,37,30,0.7063492063492064,0.5454545454545454,125
2023-03-20,1087,121,64,61,42,57,19,0.5289256198347108,0.6885245901639344,106
2023-03-21,1087,112,72,82,38,40,44,0.6428571428571429,0.4634146341463415,110
2023-03-22,1087,120,95,91,53,25,38,0.7916666666666666,0.5824175824175825,148
2023-03-23,1087,101,85,85,38,16,47,0.8415841584158416,0.4470588235294118,123
2023-03-24,1087,142,79,68,38,63,30,0.5563380281690141,0.5588235294117647,117
2023-03-25,1087,147,80,97,37,67,60,0.54421768707483,0.38144329896907214,117
2023-03-26,1087,143,71,86,36,72,50,0.4965034965034965,0.4186046511627907,107
2023-03-27,1087,104,86,96,49,18,47,0.8269230769230769,0.5104166666666666,135
2023-03-28,1087,141,76,62,38,65,24,0.5390070921985816,0.6129032258064516,114
2023-03-29,1087,130,75,57,41,55,16,0.5769230769230769,0.7192982456140351,116
2023-03-30,1087,121,88,61,42,33,19,0.7272727272727273,0.6885245901639344,130
2023-03-31,1087,146,82,85,41,64,44,0.5616438356164384,0.4823529411764706,123
2023-04-01,1087,140,85,92,28,55,64,0.6071428571428571,0.30434782608695654,113
2023-04-02,1087,133,75,80,35,58,45,0.5639097744360902,0.4375,110
2023-04-03,1087,121,57,83,44,64,39,0.47107438016528924,0.5301204819277109,101
2023-04-04,1087,119,76,59,53,43,6,0.6386554621848739,0.8983050847457628,129
2023-04-05,1087,107,71,61,34,36,27,0.6635514018691588,0.5573770491803278,105
2023-04-06,1087,121,85,57,34,36,23,0.7024793388429752,0.5964912280701754,119
2023-04-07,1087,138,75,75,48,63,27,0.5434782608695652,0.64,123
2023-04-08,1087,143,81,74,49,62,25,0.5664335664335665,0.6621621621621622,130
2023-04-09,1087,118,84,97,45,34,52,0.711864406779661,0.4639175257731959,129
2023-04-10,1087,111,83,80,29,28,51,0.7477477477477478,0.3625,112
2023-04-11,1087,132,80,60,55,52,5,0.6060606060606061,0.9166666666666666,135
2023-04-12,1087,146,70,77,37,76,40,0.4794520547945205,0.4805194805194805,107
2023-04-13,1087,132,65,54,36,67,18,0.49242424242424243,0.6666666666666666,101
2023-04-14,1087,127,70,82,44,57,38,0.5511811023622047,0.5365853658536586,114
2023-04-15,1087,136,92,52,41,44,11,0.6764705882352942,0.7884615384615384,133
2023-04-16,1087,144,78,82,39,66,43,0.5416666666666666,0.47560975609756095,117
2023-04-17,1087,105,81,77,38,24,39,0.7714285714285715,0.4935064935064935,119
2023-04-18,1087,108,96,76,33,12,43,0.8888888888888888,0.4342105263157895,129
2023-04-19,1087,123,85,79,47,38,32,0.6910569105691057,0.5949367088607594,132
2023-04-20,1087,145,86,62,51,59,11,0.593103448275862,0.8225806451612904,137
2023-04-21,1087,129,93,86,49,36,37,0.7209302325581395,0.5697674418604651,142
2023-04-22,1087,133,66,93,41,67,52,0.49624060150375937,0.44086021505376344,107
2023-04-23,1087,144,93,62,53,51,9,0.6458333333333334,0.8548387096774194,146
2023-04-24,1087,103,66,67,46,37,21,0.6407766990291263,0.6865671641791045,112
2023-04-25,1087,146,72,84,40,74,44,0.4931506849315068,0.47619047619047616,112
2023-04-26,1087,112,66,87,61,46,26,0.5892857142857143,0.7011494252873564,127
2023-04-27,1087,100,75,63,31,25,32,0.75,0.49206349206349204,106
2023-04-28,1087,146,82,89,43,64,46,0.5616438356164384,0.48314606741573035,125
2023-04-29,1087,136,87,96,51,49,45,0.6397058823529411,0.53125,138
2023-04-30,1087,148,82,66,44,66,22,0.5540540540540541,0.6666666666666666,126
2023-05-01,1087,105,93,51,33,12,18,0.8857142857142857,0.6470588235294118,126
2023-05-02,1087,130,91,92,40,39,52,0.7,0.43478260869565216,131
2023-05-03,1087,110,90,87,46,20,41,0.8181818181818182,0.5287356321839081,136
2023-05-04,1087,121,71,91,37,50,54,0.5867768595041323,0.4065934065934066,108
2023-05-05,1087,132,89,70,39,43,31,0.6742424242424242,0.5571428571428572,128
2023-05-06,1087,143,90,66,42,53,24,0.6293706293706294,0.6363636363636364,132
2023-05-07,1087,117,89,59,45,28,14,0.7606837606837606,0.7627118644067796,134
2023-05-08,1087,123,86,53,44,37,9,0.6991869918699187,0.8301886792452831,130
2023-05-09,1087,104,65,67,29,39,38,0.625,0.43283582089552236,94
2023-05-10,1087,115,82,90,41,33,49,0.7130434782608696,0.45555555555555555,123
2023-05-11,1087,145,67,64,39,78,25,0.46206896551724136,0.609375,106
2023-05-12,1087,100,87,64,41,13,23,0.87,0.640625,128
2023-05-13,1087,143,62,78,40,81,38,0.43356643356643354,0.5128205128205128,102
2023-05-14,1087,113,90,58,45,23,13,0.7964601769911505,0.7758620689655172,135
2023-05-15,1087,139,87,53,35,52,18,0.6258992805755396,0.660377358490566,122
2023-05-16,1087,144,76,80,38,68,42,0.5277777777777778,0.475,114
2023-05-17,1087,144,83,75,41,61,34,0.5763888888888888,0.5466666666666666,124
2023-05-18,1087,143,89,55,47,54,8,0.6223776223776224,0.8545454545454545,136
2023-05-19,1087,108,87,96,37,21,59,0.8055555555555556,0.3854166666666667,124
2023-05-20,1087,101,72,79,30,29,49,0.7128712871287128,0.379746835443038,102
2023-05-21,1087,111,69,62,38,42,24,0.6216216216216216,0.6129032258064516,107
2023-05-22,1087,109,71,96,35,38,61,0.6513761467889908,0.3645833333333333,106
2023-05-23,1087,102,82,92,35,20,57,0.803921568627451,0.3804347826086957,117
2023-05-24,1087,123,92,69,50,31,19,0.7479674796747967,0.7246376811594203,142
2023-05-25,1087,118,85,66,48,33,18,0.7203389830508474,0.7272727272727273,133
2023-05-26,1087,105,67,78,42,38,36,0.638095238095238,0.5384615384615384,109
2023-05-27,1087,107,79,79,33,28,46,0.7383177570093458,0.4177215189873418,112
2023-05-28,1087,141,84,72,48,57,24,0.5957446808510638,0.6666666666666666,132
2023-05-29,1087,100,66,77,36,34,41,0.66,0.4675324675324675,102
2023-05-30,1087,149,72,66,40,77,26,0.48322147651006714,0.6060606060606061,112
2023-05-31,1087,102,78,95,41,24,54,0.7647058823529411,0.43157894736842106,119
2023-06-01,1087,127,74,76,48,53,28,0.5826771653543307,0.631578947368421,122
2023-06-02,1087,129,95,52,48,34,4,0.7364341085271318,0.9230769230769231,143
2023-06-03,1087,110,93,83,31,17,52,0.8454545454545455,0.37349397590361444,124
2023-06-04,1087,111,84,91,49,27,42,0.7567567567567568,0.5384615384615384,133
2023-06-05,1087,147,75,61,31,72,30,0.5102040816326531,0.5081967213114754,106
2023-06-06,1087,135,77,69,38,58,31,0.5703703703703704,0.5507246376811594,115
2023-06-07,1087,109,88,93,42,21,51,0.8073394495412844,0.45161290322580644,130
2023-06-08,1087,100,85,92,46,15,46,0.85,0.5,131
2023-06-09,1087,126,90,94,29,36,65,0.7142857142857143,0.30851063829787234,119
2023-06-10,1087,113,76,82,50,37,32,0.672566371681416,0.6097560975609756,126
2023-06-11,1087,103,80,51,51,23,0,0.7766990291262136,1,131
2023-06-12,1087,114,57,62,33,57,29,0.5,0.532258064516129,90
2023-06-13,1087,137,84,88,47,53,41,0.6131386861313869,0.5340909090909091,131
2023-06-14,1087,127,83,91,54,44,37,0.6535433070866141,0.5934065934065934,137
2023-06-15,1087,101,75,61,35,26,26,0.7425742574257426,0.5737704918032787,110
2023-06-16,1087,141,73,64,36,68,28,0.5177304964539007,0.5625,109
2023-06-17,1087,121,88,77,32,33,45,0.7272727272727273,0.4155844155844156,120
2023-06-18,1087,108,88,89,40,20,49,0.8148148148148148,0.449438202247191,128
2023-06-19,1087,137,90,58,36,47,22,0.656934306569343,0.6206896551724138,126
2023-06-20,1087,101,77,73,35,24,38,0.7623762376237624,0.4794520547945205,112
2023-06-21,1087,141,79,61,42,62,19,0.5602836879432624,0.6885245901639344,121
2023-06-22,1087,103,94,96,40,9,56,0.912621359223301,0.4166666666666667,134
2023-06-23,1087,137,85,60,40,52,20,0.6204379562043796,0.6666666666666666,125
2023-06-24,1087,112,61,56,43,51,13,0.5446428571428571,0.7678571428571429,104
2023-06-25,1087,144,93,95,40,51,55,0.6458333333333334,0.42105263157894735,133
2023-06-26,1087,118,81,52,44,37,8,0.6864406779661016,0.8461538461538461,125
2023-06-27,1087,141,81,99,44,60,55,0.574468085106383,0.4444444444444444,125
2023-06-28,1087,111,87,69,41,24,28,0.7837837837837838,0.5942028985507246,128
2023-06-29,1087,127,77,63,44,50,19,0.6062992125984252,0.6984126984126984,121
2023-06-30,1087,147,81,77,46,66,31,0.5510204081632653,0.5974025974025974,127
2023-07-01,1087,101,84,58,43,17,15,0.8316831683168316,0.7413793103448276,127
2023-07-02,1087,130,78,65,39,52,26,0.6,0.6,117
2023-07-03,1087,126,94,94,37,32,57,0.746031746031746,0.39361702127659576,131
2023-07-04,1087,129,90,57,35,39,22,0.6976744186046512,0.6140350877192983,125
2023-07-05,1087,146,71,63,39,75,24,0.4863013698630137,0.6190476190476191,110
2023-07-06,1087,139,89,53,49,50,4,0.6402877697841727,0.9245283018867925,138
2023-07-07,1087,122,86,56,53,36,3,0.7049180327868853,0.9464285714285714,139
2023-07-08,1087,147,76,75,52,71,23,0.5170068027210885,0.6933333333333334,128
2023-07-09,1087,101,83,78,38,18,40,0.8217821782178217,0.48717948717948717,121
2023-07-10,1087,132,85,62,35,47,27,0.6439393939393939,0.5645161290322581,120
2023-07-11,1087,135,88,53,33,47,20,0.6518518518518519,0.6226415094339622,121
2023-07-12,1087,100,82,77,32,18,45,0.82,0.4155844155844156,114
2023-07-13,1087,139,89,57,37,50,20,0.6402877697841727,0.6491228070175439,126
2023-07-14,1087,126,94,53,48,32,5,0.746031746031746,0.9056603773584906,142
2023-07-15,1087,129,71,97,40,58,57,0.5503875968992248,0.41237113402061853,111
2023-07-16,1087,148,88,52,38,60,14,0.5945945945945946,0.7307692307692307,126
2023-07-17,1087,143,76,68,33,67,35,0.5314685314685315,0.4852941176470588,109
2023-07-18,1087,128,88,97,41,40,56,0.6875,0.422680412371134,129
2023-07-19,1087,137,83,73,34,54,39,0.6058394160583942,0.4657534246575342,117
2023-07-20,1087,143,88,75,37,55,38,0.6153846153846154,0.49333333333333335,125
2023-07-21,1087,119,85,58,41,34,17,0.7142857142857143,0.7068965517241379,126
2023-07-22,1087,113,85,51,40,28,11,0.7522123893805309,0.7843137254901961,125
2023-07-23,1087,150,79,86,35,71,51,0.5266666666666666,0.4069767441860465,114
2023-07-24,1087,147,83,91,45,64,46,0.564625850340136,0.4945054945054945,128
2023-07-25,1087,102,82,80,40,20,40,0.803921568627451,0.5,122
2023-07-26,1087,110,77,63,41,33,22,0.7,0.6507936507936508,118
2023-07-27,1087,138,91,88,36,47,52,0.6594202898550725,0.4090909090909091,127
2023-07-28,1087,127,71,89,44,56,45,0.5590551181102362,0.4943820224719101,115
2023-07-29,1087,133,75,87,44,58,43,0.5639097744360902,0.5057471264367817,119
2023-07-30,1087,133,82,71,40,51,31,0.6165413533834586,0.5633802816901409,122
2023-07-31,1087,121,73,99,44,48,55,0.6033057851239669,0.4444444444444444,117
2023-08-01,1087,136,76,95,37,60,58,0.5588235294117647,0.3894736842105263,113
2023-08-02,1087,134,80,85,39,54,46,0.5970149253731343,0.4588235294117647,119
2023-08-03,1087,102,81,76,42,21,34,0.7941176470588235,0.5526315789473685,123
2023-08-04,1087,125,78,71,39,47,32,0.624,0.5492957746478874,117
2023-08-05,1087,102,76,59,41,26,18,0.7450980392156863,0.6949152542372882,117
2023-08-06,1087,113,71,63,38,42,25,0.6283185840707964,0.6031746031746031,109
2023-08-07,1087,101,97,67,35,4,32,0.9603960396039604,0.5223880597014925,132
2023-08-08,1087,148,106,89,33,42,56,0.7162162162162162,0.3707865168539326,139
2023-08-09,1087,130,72,77,43,58,34,0.5538461538461539,0.5584415584415584,115
2023-08-10,1087,127,77,67,36,50,31,0.6062992125984252,0.5373134328358209,113
2023-08-11,1087,122,77,71,33,45,38,0.6311475409836066,0.4647887323943662,110
2023-08-12,1087,140,81,78,45,59,33,0.5785714285714286,0.5769230769230769,126
2023-08-13,1087,130,72,78,31,58,47,0.5538461538461539,0.3974358974358974,103
2023-08-14,1087,115,86,66,38,29,28,0.7478260869565218,0.5757575757575758,124
2023-08-15,1087,140,73,77,33,67,44,0.5214285714285715,0.42857142857142855,106
2023-08-16,1087,107,70,61,43,37,18,0.6542056074766355,0.7049180327868853,113
2023-08-17,1087,148,102,100,41,46,59,0.6891891891891891,0.41,143
2023-08-18,1087,148,76,77,48,72,29,0.5135135135135135,0.6233766233766234,124
2023-08-19,1087,106,86,71,37,20,34,0.8113207547169812,0.5211267605633803,123
2023-08-20,1087,150,68,100,34,82,66,0.4533333333333333,0.34,102
2023-08-21,1087,129,96,54,42,33,12,0.7441860465116279,0.7777777777777778,138
2023-08-22,1087,150,70,99,36,80,63,0.4666666666666667,0.36363636363636365,106
2023-08-23,1087,127,83,92,35,44,57,0.6535433070866141,0.3804347826086957,118
2023-08-24,1087,121,87,93,43,34,50,0.71900826446281,0.46236559139784944,130
2023-08-25,1087,123,73,98,44,50,54,0.5934959349593496,0.4489795918367347,117
2023-08-26,1087,118,80,52,37,38,15,0.6779661016949152,0.7115384615384616,117
2023-08-27,1087,124,87,52,42,37,10,0.7016129032258065,0.8076923076923077,129
2023-08-28,1087,145,85,61,48,60,13,0.5862068965517241,0.7868852459016393,133
2023-08-29,1087,117,68,99,46,49,53,0.5811965811965812,0.46464646464646464,114
2023-08-30,1087,104,87,65,37,17,28,0.8365384615384616,0.5692307692307692,124
2023-08-31,1087,123,77,53,44,46,9,0.6260162601626016,0.8301886792452831,121
2023-09-01,1087,124,83,56,45,41,11,0.6693548387096774,0.8035714285714286,128
2023-09-02,1087,144,86,53,53,58,0,0.5972222222222222,1,139
2023-09-03,1087,134,64,77,43,70,34,0.47761194029850745,0.5584415584415584,107
2023-09-04,1087,126,76,63,44,50,19,0.6031746031746031,0.6984126984126984,120
2023-09-05,1087,132,79,82,39,53,43,0.5984848484848485,0.47560975609756095,118
2023-09-06,1087,126,78,53,38,48,15,0.6190476190476191,0.71698113207547165,116
2023-09-07,1087,142,76,95,40,66,55,0.5352112676056338,0.42105263157894735,116
2023-09-08,1087,114,77,84,40,37,44,0.6754385964912281,0.47619047619047616,117
2023-09-09,1087,134,86,83,47,48,36,0.6417910447761194,0.5662650602409639,133
2023-09-10,1087,138,73,85,39,65,46,0.5289855072463768,0.4588235294117647,112
2023-09-11,1087,123,75,64,42,48,22,0.6097560975609756,0.65625,117
2023-09-12,1087,139,88,71,34,51,37,0.6330935251798561,0.4788732394366197,122
2023-09-13,1087,119,71,98,47,48,51,0.5966386554621849,0.47959183673469385,118
2023-09-14,1087,148,81,50,34,67,16,0.5472972972972973,0.68,115
2023-09-15,1087,100,72,92,39,28,53,0.72,0.42391304347826086,111
2023-09-16,1087,136,78,52,52,58,0,0.5735294117647058,1,130
2023-09-17,1087,150,89,53,52,61,1,0.5933333333333334,0.9811320754716981,141
2023-09-18,1087,145,63,69,42,82,27,0.43448275862068964,0.6086956521739131,105
2023-09-19,1087,114,93,52,46,21,6,0.8157894736842105,0.8846153846153846,139
2023-09-20,1087,115,86,53,27,29,26,0.7478260869565218,0.5094339622641509,113
2023-09-21,1087,129,81,87,39,48,48,0.627906976744186,0.4482758620689655,120
2023-09-22,1087,144,87,51,37,57,14,0.6041666666666666,0.7254901960784313,124
2023-09-23,1087,101,71,100,30,30,70,0.7029702970297029,0.3,101
2023-09-24,1087,112,75,84,50,37,34,0.6696428571428571,0.5952380952380952,125
2023-09-25,1087,104,83,52,37,21,15,0.7980769230769231,0.7115384615384616,120
2023-09-26,1087,132,91,77,41,41,36,0.6893939393939394,0.5324675324675324,132
2023-09-27,1087,117,80,57,35,37,22,0.6837606837606838,0.6140350877192983,115
2023-09-28,1087,107,70,98,34,37,64,0.6542056074766355,0.3469387755102041,104
2023-09-29,1087,149,74,53,31,75,22,0.49664429530201343,0.5849056603773585,105
2023-09-30,1087,127,76,57,35,51,22,0.5984251968503937,0.6140350877192983,111
2023-10-01,1087,140,73,95,41,67,54,0.5214285714285715,0.43157894736842106,114
2023-10-02,1087,109,72,55,30,37,25,0.6605504587155964,0.5454545454545454,102
2023-10-03,1087,105,71,97,43,34,54,0.6761904761904762,0.44329896907216493,114
2023-10-04,1087,129,80,95,44,49,51,0.6201550387596899,0.4631578947368421,124
2023-10-05,1087,148,86,99,33,62,66,0.581081081081081,0.3333333333333333,119
2023-10-06,1087,123,76,85,34,47,51,0.6178861788617886,0.4,110
2023-10-07,1087,109,57,66,45,52,21,0.5229357798165137,0.6818181818181818,102
2023-10-08,1087,132,80,69,43,52,26,0.6060606060606061,0.6231884057971014,123
2023-10-09,1087,137,80,88,44,57,44,0.583941605839416,0.5,124
2023-10-10,1087,113,78,58,33,35,25,0.6902654867256637,0.5689655172413793,111
2023-10-11,1087,108,76,74,43,32,31,0.7037037037037037,0.581081081081081,119
2023-10-12,1087,119,77,84,33,42,51,0.6470588235294118,0.39285714285714285,110
2023-10-13,1087,131,75,98,40,56,58,0.5725190839694656,0.40816326530612246,115
2023-10-14,1087,123,74,66,38,49,28,0.6016260162601627,0.5757575757575758,112
2023-10-15,1087,123,88,63,39,35,24,0.7154471544715447,0.6190476190476191,127
2023-10-16,1087,122,79,67,40,43,27,0.6475409836065574,0.5970149253731343,119
2023-10-17,1087,101,76,61,42,25,19,0.7524752475247525,0.6885245901639344,118
2023-10-18,1087,112,74,100,43,38,57,0.6607142857142857,0.43,117
2023-10-19,1087,141,75,52,40,66,12,0.5319148936170213,0.7692307692307693,115
2023-10-20,1087,105,81,96,35,24,61,0.7714285714285715,0.3645833333333333,116
2023-10-21,1087,129,86,51,46,43,5,0.6666666666666666,0.9019607843137255,132
2023-10-22,1087,136,70,53,26,66,27,0.5147058823529411,0.49056603773584906,96
2023-10-23,1087,124,79,92,37,45,55,0.6370967741935484,0.40217391304347827,116
2023-10-24,1087,147,62,73,42,85,31,0.4217687074829932,0.5753424657534246,104
2023-10-25,1087,114,98,69,34,16,35,0.8596491228070176,0.4927536231884058,132
2023-10-26,1087,131,90,68,40,41,28,0.6870229007633588,0.5882352941176471,130
2023-10-27,1087,104,72,94,35,32,59,0.6923076923076923,0.3723404255319149,107
2023-10-28,1087,127,82,71,35,45,36,0.6456692913385826,0.49295774647887325,117
2023-10-29,1087,108,80,68,40,28,28,0.7407407407407407,0.5882352941176471,120
2023-10-30,1087,145,94,99,44,51,55,0.6482758620689655,0.4444444444444444,138
2023-10-31,1087,146,91,51,30,55,21,0.6232876712328768,0.5882352941176471,121
2023-11-01,1087,137,76,82,38,61,44,0.5547445255474452,0.4634146341463415,114
2023-11-02,1087,146,85,63,35,61,28,0.5821917808219178,0.5555555555555556,120
2023-11-03,1087,144,77,94,32,67,62,0.5347222222222222,0.3404255319148936,109
2023-11-04,1087,128,84,54,34,44,20,0.65625,0.6296296296296297,118
2023-11-05,1087,110,78,95,34,32,61,0.7090909090909091,0.35789473684210527,112
2023-11-06,1087,115,65,86,38,50,48,0.5652173913043478,0.4418604651162791,103
2023-11-07,1087,113,83,75,64,30,11,0.7345132743362832,0.8533333333333334,147
2023-11-08,1087,144,69,82,33,75,49,0.4791666666666667,0.4024390243902439,102
2023-11-09,1087,137,78,72,28,59,44,0.5693430656934306,0.3888888888888889,106
2023-11-10,1087,113,85,95,40,28,55,0.7522123893805309,0.42105263157894735,125
2023-11-11,1087,148,82,51,33,66,18,0.5540540540540541,0.6470588235294118,115
2023-11-12,1087,106,90,78,44,16,34,0.8490566037735849,0.5641025641025641,134
2023-11-13,1087,113,79,94,42,34,52,0.6991150442477876,0.44680851063829785,121
2023-11-14,1087,141,87,70,44,54,26,0.6170212765957447,0.6285714285714286,131
2023-11-15,1087,130,74,52,46,56,6,0.5692307692307692,0.8846153846153846,120
2023-11-16,1087,112,76,87,49,36,38,0.6785714285714286,0.5632183908045977,125
2023-11-17,1087,142,90,55,37,52,18,0.6338028169014085,0.6727272727272727,127
2023-11-18,1087,132,65,71,48,67,23,0.49242424242424243,0.676056338028169,113
2023-11-19,1087,149,86,70,42,63,28,0.5771812080536913,0.6,128
2023-11-20,1087,107,71,100,48,36,52,0.6635514018691588,0.48,119
2023-11-21,1087,134,106,64,33,28,31,0.7910447761194029,0.515625,139
2023-11-22,1087,126,82,98,38,44,60,0.6507936507936508,0.3877551020408163,120
2023-11-23,1087,137,85,72,38,52,34,0.6204379562043796,0.5277777777777778,123
2023-11-24,1087,149,70,58,33,79,25,0.4697986577181208,0.5689655172413793,103
2023-11-25,1087,106,89,89,43,17,46,0.839622641509434,0.48314606741573035,132
2023-11-26,1087,115,62,70,37,53,33,0.5391304347826087,0.5285714285714286,99
2023-11-27,1087,122,79,76,40,43,36,0.6475409836065574,0.5263157894736842,119
2023-11-28,1087,102,86,53,52,16,1,0.8431372549019608,0.9811320754716981,138
2023-11-29,1087,104,81,63,40,23,23,0.7788461538461539,0.6349206349206349,121
2023-11-30,1087,144,95,52,47,49,5,0.6597222222222222,0.9038461538461539,142
2023-12-01,1087,129,79,83,22,50,61,0.6124031007751938,0.26506024096385544,101
2023-12-02,1087,147,83,84,44,64,40,0.564625850340136,0.5238095238095238,127
2023-12-03,1087,108,90,69,38,18,31,0.8333333333333334,0.5507246376811594,128
2023-12-04,1087,140,70,81,37,70,44,0.5,0.4567901234567901,107
2023-12-05,1087,144,75,85,34,69,51,0.5208333333333334,0.4,109
2023-12-06,1087,134,83,70,45,51,25,0.6194029850746269,0.6428571428571429,128
2023-12-07,1087,138,76,79,52,62,27,0.5507246376811594,0.6582278481012658,128
2023-12-08,1087,103,75,64,41,28,23,0.7281553398058253,0.640625,116
2023-12-09,1087,135,75,81,45,60,36,0.5555555555555556,0.5555555555555556,120
2023-12-10,1087,142,73,56,37,69,19,0.5140845070422535,0.6607142857142857,110
2023-12-11,1087,111,73,51,36,38,15,0.6576576576576577,0.7058823529411765,109
2023-12-12,1087,125,96,96,32,29,64,0.768,0.3333333333333333,128
2023-12-13,1087,122,69,84,40,53,44,0.5655737704918032,0.47619047619047616,109
2023-12-14,1087,138,67,87,37,71,50,0.4855072463768116,0.42528735632183906,104
2023-12-15,1087,135,76,64,51,59,13,0.562962962962963,0.796875,127
2023-12-16,1087,149,69,80,36,80,44,0.46308724832214765,0.45,105
2023-12-17,1087,101,71,83,29,30,54,0.7029702970297029,0.3493975903614458,100
2023-12-18,1087,103,74,81,47,29,34,0.7184466019417476,0.5802469135802469,121
2023-12-19,1087,117,78,91,38,39,53,0.6666666666666666,0.4175824175824176,116
2023-12-20,1087,126,79,100,45,47,55,0.626984126984127,0.45,124
2023-12-21,1087,107,86,73,34,21,39,0.8037383177570093,0.4657534246575342,120
2023-12-22,1087,129,87,67,41,42,26,0.6744186046511628,0.6119402985074627,128
2023-12-23,1087,112,83,85,42,29,43,0.7410714285714286,0.49411764705882355,125
2023-12-24,1087,101,92,68,38,9,30,0.9108910891089109,0.5588235294117647,130
2023-12-25,1087,104,94,61,34,10,27,0.9038461538461539,0.5573770491803278,128
2023-12-26,1087,115,83,66,42,32,24,0.7217391304347827,0.6363636363636364,125
2023-12-27,1087,127,86,78,30,41,48,0.6771653543307087,0.38461538461538464,116
2023-12-28,1087,143,60,90,48,83,42,0.4195804195804196,0.5333333333333333,108
2023-12-29,1087,138,85,82,42,53,40,0.6159420289855072,0.5121951219512195,127
2023-12-30,1087,143,80,88,36,63,52,0.5594405594405595,0.4090909090909091,116
2023-12-31,1087,133,76,63,43,57,20,0.5714285714285714,0.6825396825396826,119
2023-01-01,1088,100,68,91,46,32,45,0.68,0.5054945054945055,114
2023-01-02,1088,130,86,85,40,44,45,0.6615384615384615,0.47058823529411764,126
2023-01-03,1088,113,60,70,51,53,19,0.5309734513274337,0.7285714285714285,111
2023-01-04,1088,123,77,82,36,46,46,0.6260162601626016,0.43902439024390244,113
2023-01-05,1088,132,103,57,38,29,19,0.7803030303030303,0.6666666666666666,141
2023-01-06,1088,149,66,89,45,83,44,0.4429530201342282,0.5056179775280899,111
2023-01-07,1088,141,92,68,46,49,22,0.6524822695035462,0.6764705882352942,138
2023-01-08,1088,101,66,70,40,35,30,0.6534653465346535,0.5714285714285714,106
2023-01-09,1088,106,92,80,31,14,49,0.8679245283018868,0.3875,123
2023-01-10,1088,100,96,80,43,4,37,0.96,0.5375,139
2023-01-11,1088,105,82,72,41,23,31,0.780952380952381,0.5694444444444444,123
2023-01-12,1088,102,71,82,41,31,41,0.696078431372549,0.5,112
2023-01-13,1088,147,65,72,35,82,37,0.4421768707482993,0.4861111111111111,100
2023-01-14,1088,148,77,83,35,71,48,0.5202702702702703,0.42168674698795183,112
2023-01-15,1088,134,69,78,35,65,43,0.5149253731343284,0.44871794871794873,104
2023-01-16,1088,135,95,98,33,40,65,0.7037037037037037,0.336734693877551,128
2023-01-17,1088,141,75,95,41,66,54,0.5319148936170213,0.43157894736842106,116
2023-01-18,1088,136,62,62,43,74,19,0.45588235294117646,0.6935483870967742,105
2023-01-19,1088,116,75,78,35,41,43,0.646551724137931,0.44871794871794873,110
2023-01-20,1088,150,68,64,39,82,25,0.4533333333333333,0.609375,107
2023-01-21,1088,131,79,86,45,52,41,0.6030534351145038,0.5232558139534884,124
2023-01-22,1088,127,77,74,31,50,43,0.6062992125984252,0.4189189189189189,108
2023-01-23,1088,110,78,100,37,32,63,0.7090909090909091,0.37,115
2023-01-24,1088,129,78,96,24,51,72,0.6046511627906976,0.25,102
2023-01-25,1088,129,87,73,35,42,38,0.6744186046511628,0.4794520547945205,122
2023-01-26,1088,148,89,89,38,59,51,0.6013513513513513,0.42696629213483145,127
2023-01-27,1088,116,85,74,36,31,38,0.7327586206896551,0.4864864864864865,121
2023-01-28,1088,147,69,61,34,78,27,0.46938775510204084,0.5573770491803278,103
2023-01-29,1088,149,71,68,36,78,32,0.47651006711409394,0.5294117647058824,107
2023-01-30,1088,103,73,97,48,30,49,0.7087378640776699,0.4948453608247423,121
2023-01-31,1088,107,90,100,34,17,66,0.8411214953271028,0.34,124
2023-02-01,1088,131,87,62,32,44,30,0.6641221374045801,0.5161290322580645,119
2023-02-02,1088,119,84,66,47,35,19,0.7058823529411765,0.7121212121212122,131
2023-02-03,1088,137,82,58,33,55,25,0.5985401459854015,0.5689655172413793,115
2023-02-04,1088,139,94,71,37,45,34,0.6762589928057554,0.5211267605633803,131
2023-02-05,1088,117,65,75,33,52,42,0.5555555555555556,0.44,98
2023-02-06,1088,133,78,53,39,55,14,0.5864661654135338,0.7358490566037735,117
2023-02-07,1088,137,82,87,53,55,34,0.5985401459854015,0.6091954022988506,135
2023-02-08,1088,145,86,68,42,59,26,0.593103448275862,0.6176470588235294,128
2023-02-09,1088,132,78,60,50,54,10,0.5909090909090909,0.8333333333333334,128
2023-02-10,1088,150,75,61,53,75,8,0.5,0.8688524590163934,128
2023-02-11,1088,139,77,87,49,62,38,0.5539568345323741,0.5632183908045977,126
2023-02-12,1088,120,77,53,33,43,20,0.6416666666666667,0.6226415094339622,110
2023-02-13,1088,150,82,62,54,68,8,0.5466666666666666,0.8709677419354839,136
2023-02-14,1088,101,78,53,42,23,11,0.7722772277227723,0.7924528301886793,120
2023-02-15,1088,119,83,99,35,36,64,0.6974789915966386,0.35353535353535354,118
2023-02-16,1088,149,73,67,43,76,24,0.4899328859060403,0.6417910447761194,116
2023-02-17,1088,124,69,93,43,55,50,0.5564516129032258,0.46236559139784944,112
2023-02-18,1088,150,108,79,35,42,44,0.72,0.4430379746835443,143
2023-02-19,1088,132,78,86,38,54,48,0.5909090909090909,0.4418604651162791,116
2023-02-20,1088,133,89,92,36,44,56,0.6691729323308271,0.391304347826087,125
2023-02-21,1088,101,85,71,36,16,35,0.8415841584158416,0.5070422535211268,121
2023-02-22,1088,106,69,73,49,37,24,0.6509433962264151,0.6712328767123288,118
2023-02-23,1088,103,85,69,36,18,33,0.8252427184466019,0.5217391304347826,121
2023-02-24,1088,129,76,98,42,53,56,0.5891472868217055,0.42857142857142855,118
2023-02-25,1088,124,85,73,35,39,38,0.6854838709677419,0.4794520547945205,120
2023-02-26,1088,149,91,97,33,58,64,0.610738255033557,0.3402061855670103,124
2023-02-27,1088,129,90,80,33,39,47,0.6976744186046512,0.4125,123
2023-02-28,1088,120,95,67,31,25,36,0.7916666666666666,0.4626865671641791,126
2023-03-01,1088,113,91,76,28,22,48,0.8053097345132744,0.3684210526315789,119
2023-03-02,1088,127,62,93,26,65,67,0.4881889763779528,0.27956989247311825,88
2023-03-03,1088,134,90,76,40,44,36,0.6716417910447762,0.5263157894736842,130
2023-03-04,1088,109,77,81,39,32,42,0.7064220183486238,0.48148148148148145,116
2023-03-05,1088,117,90,96,42,27,54,0.7692307692307693,0.4375,132
2023-03-06,1088,118,86,77,41,32,36,0.7288135593220338,0.5324675324675324,127
2023-03-07,1088,110,82,95,27,28,68,0.7454545454545455,0.28421052631578947,109
2023-03-08,1088,142,86,58,52,56,6,0.6056338028169014,0.896551724137931,138
2023-03-09,1088,101,68,68,30,33,38,0.6732673267326733,0.4411764705882353,98
2023-03-10,1088,127,88,81,35,39,46,0.6929133858267716,0.43209876543209874,123
2023-03-11,1088,130,78,96,41,52,55,0.6,0.4270833333333333,119
2023-03-12,1088,130,72,69,40,58,29,0.5538461538461539,0.5797101449275363,112
2023-03-13,1088,138,84,58,34,54,24,0.6086956521739131,0.5862068965517241,118
2023-03-14,1088,136,80,98,36,56,62,0.5882352941176471,0.3673469387755102,116
2023-03-15,1088,110,85,99,43,25,56,0.7727272727272727,0.43434343434343436,128
2023-03-16,1088,103,98,95,33,5,62,0.9514563106796117,0.3473684210526316,131
2023-03-17,1088,150,90,93,43,60,50,0.6,0.46236559139784944,133
2023-03-18,1088,114,92,73,37,22,36,0.8070175438596491,0.5068493150684932,129
2023-03-19,1088,150,66,72,37,84,35,0.44,0.5138888888888888,103
2023-03-20,1088,103,70,84,40,33,44,0.6796116504854369,0.47619047619047616,110
2023-03-21,1088,109,75,89,43,34,46,0.6880733944954128,0.48314606741573035,118
2023-03-22,1088,116,67,79,37,49,42,0.5775862068965517,0.46835443037974683,104
2023-03-23,1088,115,87,52,37,28,15,0.7565217391304347,0.7115384615384616,124
2023-03-24,1088,117,78,69,38,39,31,0.6666666666666666,0.5507246376811594,116
2023-03-25,1088,131,64,82,42,67,40,0.48854961832061067,0.5121951219512195,106
2023-03-26,1088,140,73,97,48,67,49,0.5214285714285715,0.4948453608247423,121
2023-03-27,1088,136,75,54,44,61,10,0.5514705882352942,0.8148148148148148,119
2023-03-28,1088,136,88,78,40,48,38,0.6470588235294118,0.5128205128205128,128
2023-03-29,1088,130,71,68,49,59,19,0.5461538461538461,0.7205882352941176,120
2023-03-30,1088,139,61,61,46,78,15,0.43884892086330934,0.7540983606557377,107
2023-03-31,1088,132,84,90,40,48,50,0.6363636363636364,0.4444444444444444,124
2023-04-01,1088,124,87,91,49,37,42,0.7016129032258065,0.5384615384615384,136
2023-04-02,1088,129,74,81,44,55,37,0.5736434108527132,0.5432098765432098,118
2023-04-03,1088,113,82,90,28,31,62,0.7256637168141593,0.3111111111111111,110
2023-04-04,1088,118,67,52,47,51,5,0.5677966101694916,0.9038461538461539,114
2023-04-05,1088,144,60,67,40,84,27,0.4166666666666667,0.5970149253731343,100
2023-04-06,1088,129,83,59,35,46,24,0.6434108527131783,0.5932203389830508,118
2023-04-07,1088,124,84,50,35,40,15,0.6774193548387096,0.7,119
2023-04-08,1088,107,84,76,31,23,45,0.7850467289719626,0.40789473684210525,115
2023-04-09,1088,132,88,52,39,44,13,0.6666666666666666,0.75,127
2023-04-10,1088,117,66,67,44,51,23,0.5641025641025641,0.6567164179104478,110
2023-04-11,1088,103,70,66,44,33,22,0.6796116504854369,0.6666666666666666,114
2023-04-12,1088,149,90,71,43,59,28,0.6040268456375839,0.6056338028169014,133
2023-04-13,1088,136,72,80,33,64,47,0.5294117647058824,0.4125,105
2023-04-14,1088,129,81,82,31,48,51,0.627906976744186,0.3780487804878049,112
2023-04-15,1088,103,70,58,44,33,14,0.6796116504854369,0.7586206896551724,114
2023-04-16,1088,118,70,56,37,48,19,0.5932203389830508,0.6607142857142857,107
2023-04-17,1088,138,75,99,50,63,49,0.5434782608695652,0.5050505050505051,125
2023-04-18,1088,117,84,70,35,33,35,0.717948717948718,0.5,119
2023-04-19,1088,133,63,96,40,70,56,0.47368421052631576,0.4166666666666667,103
2023-04-20,1088,106,72,56,36,34,20,0.6792452830188679,0.6428571428571429,108
2023-04-21,1088,108,79,82,40,29,42,0.7314814814814815,0.4878048780487805,119
2023-04-22,1088,101,87,77,39,14,38,0.8613861386138614,0.5064935064935064,126
2023-04-23,1088,133,83,60,39,50,21,0.6240601503759399,0.65,122
2023-04-24,1088,106,98,85,34,8,51,0.9245283018867925,0.4,132
2023-04-25,1088,132,82,71,38,50,33,0.6212121212121212,0.5352112676056338,120
2023-04-26,1088,128,69,62,55,59,7,0.5390625,0.8870967741935484,124
2023-04-27,1088,138,78,75,50,60,25,0.5652173913043478,0.6666666666666666,128
2023-04-28,1088,122,91,80,34,31,46,0.7459016393442623,0.425,125
2023-04-29,1088,131,93,100,43,38,57,0.7099236641221374,0.43,136
2023-04-30,1088,100,88,84,37,12,47,0.88,0.44047619047619047,125
2023-05-01,1088,106,69,86,30,37,56,0.6509433962264151,0.3488372093023256,99
2023-05-02,1088,144,92,76,45,52,31,0.6388888888888888,0.5921052631578947,137
2023-05-03,1088,133,77,53,25,56,28,0.5789473684210527,0.4716981132075472,102
2023-05-04,1088,116,78,98,50,38,48,0.6724137931034483,0.5102040816326531,128
2023-05-05,1088,126,82,75,50,44,25,0.6507936507936508,0.6666666666666666,132
2023-05-06,1088,125,66,82,40,59,42,0.528,0.4878048780487805,106
2023-05-07,1088,141,92,56,32,49,24,0.6524822695035462,0.5714285714285714,124
2023-05-08,1088,125,75,62,34,50,28,0.6,0.5483870967741935,109
2023-05-09,1088,113,72,62,37,41,25,0.6371681415929203,0.5967741935483871,109
2023-05-10,1088,122,96,53,34,26,19,0.7868852459016393,0.6415094339622641,130
2023-05-11,1088,141,77,59,30,64,29,0.5460992907801419,0.5084745762711864,107
2023-05-12,1088,106,93,99,40,13,59,0.8773584905660378,0.40404040404040403,133
2023-05-13,1088,113,76,98,37,37,61,0.672566371681416,0.37755102040816324,113
2023-05-14,1088,147,77,87,36,70,51,0.5238095238095238,0.41379310344827586,113
2023-05-15,1088,147,73,95,46,74,49,0.4965986394557823,0.4842105263157895,119
2023-05-16,1088,137,83,74,40,54,34,0.6058394160583942,0.5405405405405406,123
2023-05-17,1088,108,82,54,37,26,17,0.7592592592592593,0.6851851851851852,119
2023-05-18,1088,102,76,97,36,26,61,0.7450980392156863,0.3711340206185567,112
2023-05-19,1088,108,84,75,34,24,41,0.7777777777777778,0.4533333333333333,118
2023-05-20,1088,126,86,83,42,40,41,0.6825396825396826,0.5060240963855421,128
2023-05-21,1088,108,77,79,25,31,54,0.7129629629629629,0.31645569620253167,102
2023-05-22,1088,138,93,84,35,45,49,0.6739130434782609,0.4166666666666667,128
2023-05-23,1088,124,91,53,34,33,19,0.7338709677419355,0.6415094339622641,125
2023-05-24,1088,119,61,65,37,58,28,0.5126050420168067,0.5692307692307692,98
2023-05-25,1088,125,84,82,24,41,58,0.672,0.2926829268292683,108
2023-05-26,1088,119,81,68,49,38,19,0.680672268907563,0.7205882352941176,130
2023-05-27,1088,107,74,96,56,33,40,0.6915887850467289,0.5833333333333334,130
2023-05-28,1088,109,81,54,38,28,16,0.7431192660550459,0.7037037037037037,119
2023-05-29,1088,102,78,92,46,24,46,0.7647058823529411,0.5,124
2023-05-30,1088,110,60,87,48,50,39,0.5454545454545454,0.5517241379310345,108
2023-05-31,1088,141,75,67,33,66,34,0.5319148936170213,0.4925373134328358,108
2023-06-01,1088,109,71,57,34,38,23,0.6513761467889908,0.5964912280701754,105
2023-06-02,1088,108,72,97,49,36,48,0.6666666666666666,0.5051546391752577,121
2023-06-03,1088,108,85,53,42,23,11,0.7870370370370371,0.7924528301886793,127
2023-06-04,1088,145,76,59,39,69,20,0.5241379310344828,0.6610169491525424,115
2023-06-05,1088,135,76,55,38,59,17,0.562962962962963,0.6909090909090909,114
2023-06-06,1088,103,71,61,54,32,7,0.6893203883495146,0.8852459016393442,125
2023-06-07,1088,133,87,80,41,46,39,0.6541353383458647,0.5125,128
2023-06-08,1088,105,83,100,50,22,50,0.7904761904761904,0.5,133
2023-06-09,1088,102,82,65,43,20,22,0.803921568627451,0.6615384615384615,125
2023-06-10,1088,118,73,81,33,45,48,0.6186440677966102,0.4074074074074074,106
2023-06-11,1088,130,79,91,44,51,47,0.6076923076923076,0.4835164835164835,123
2023-06-12,1088,100,83,57,54,17,3,0.83,0.9473684210526315,137
2023-06-13,1088,117,76,78,35,41,43,0.6495726495726496,0.44871794871794873,111
2023-06-14,1088,123,70,76,40,53,36,0.5691056910569106,0.5263157894736842,110
2023-06-15,1088,126,79,92,37,47,55,0.626984126984127,0.40217391304347827,116
2023-06-16,1088,148,76,76,50,72,26,0.5135135135135135,0.6578947368421053,126
2023-06-17,1088,138,79,94,39,59,55,0.572463768115942,0.4148936170212766,118
2023-06-18,1088,143,74,94,33,69,61,0.5174825174825175,0.35106382978723405,107
2023-06-19,1088,136,86,53,34,50,19,0.6323529411764706,0.6415094339622641,120
2023-06-20,1088,110,78,67,45,32,22,0.7090909090909091,0.6716417910447762,123
2023-06-21,1088,142,72,72,40,70,32,0.5070422535211268,0.5555555555555556,112
2023-06-22,1088,140,67,74,46,73,28,0.4785714285714286,0.6216216216216216,113
2023-06-23,1088,108,88,100,34,20,66,0.8148148148148148,0.34,122
2023-06-24,1088,106,88,72,36,18,36,0.8301886792452831,0.5,124
2023-06-25,1088,142,79,74,44,63,30,0.5563380281690141,0.5945945945945946,123
2023-06-26,1088,125,69,97,41,56,56,0.552,0.422680412371134,110
2023-06-27,1088,137,90,62,37,47,25,0.656934306569343,0.5967741935483871,127
2023-06-28,1088,114,62,79,31,52,48,0.543859649122807,0.3924050632911392,93
2023-06-29,1088,126,81,97,40,45,57,0.6428571428571429,0.41237113402061853,121
2023-06-30,1088,117,85,64,44,32,20,0.7264957264957265,0.6875,129
2023-07-01,1088,102,68,57,47,34,10,0.6666666666666666,0.8245614035087719,115
2023-07-02,1088,146,82,79,45,64,34,0.5616438356164384,0.569620253164557,127
2023-07-03,1088,124,83,63,47,41,16,0.6693548387096774,0.746031746031746,130
2023-07-04,1088,131,95,80,36,36,44,0.7251908396946565,0.45,131
2023-07-05,1088,100,78,82,44,22,38,0.78,0.5365853658536586,122
2023-07-06,1088,143,81,86,31,62,55,0.5664335664335665,0.36046511627906974,112
2023-07-07,1088,125,90,71,46,35,25,0.72,0.647887323943662,136
2023-07-08,1088,126,78,75,33,48,42,0.6190476190476191,0.44,111
2023-07-09,1088,126,74,54,29,52,25,0.5873015873015873,0.5370370370370371,103
2023-07-10,1088,119,88,81,49,31,32,0.7394957983193278,0.6049382716049383,137
2023-07-11,1088,122,83,80,39,39,41,0.680327868852459,0.4875,122
2023-07-12,1088,146,72,88,29,74,59,0.4931506849315068,0.32954545454545453,101
2023-07-13,1088,116,80,85,41,36,44,0.6896551724137931,0.4823529411764706,121
2023-07-14,1088,123,64,74,32,59,42,0.5203252032520326,0.43243243243243246,96
2023-07-15,1088,118,76,97,56,42,41,0.6440677966101694,0.5773195876288659,132
2023-07-16,1088,141,87,69,39,54,30,0.6170212765957447,0.5652173913043478,126
2023-07-17,1088,143,68,81,48,75,33,0.4755244755244755,0.5925925925925926,116
2023-07-18,1088,104,104,64,31,0,33,1,0.484375,135
2023-07-19,1088,114,74,62,32,40,30,0.6491228070175439,0.5161290322580645,106
2023-07-20,1088,131,77,77,48,54,29,0.5877862595419847,0.6233766233766234,125
2023-07-21,1088,105,80,90,56,25,34,0.7619047619047619,0.6222222222222222,136
2023-07-22,1088,120,84,56,36,36,20,0.7,0.6428571428571429,120
2023-07-23,1088,105,85,94,51,20,43,0.8095238095238095,0.5425531914893617,136
2023-07-24,1088,129,97,89,40,32,49,0.751937984496124,0.449438202247191,137
2023-07-25,1088,124,85,72,45,39,27,0.6854838709677419,0.625,130
2023-07-26,1088,146,88,77,43,58,34,0.6027397260273972,0.5584415584415584,131
2023-07-27,1088,129,90,98,40,39,58,0.6976744186046512,0.40816326530612246,130
2023-07-28,1088,128,95,95,45,33,50,0.7421875,0.47368421052631576,140
2023-07-29,1088,111,78,79,41,33,38,0.7027027027027027,0.5189873417721519,119
2023-07-30,1088,142,85,56,47,57,9,0.5985915492957746,0.8392857142857143,132
2023-07-31,1088,143,76,91,43,67,48,0.5314685314685315,0.4725274725274725,119
2023-08-01,1088,117,96,94,46,21,48,0.8205128205128205,0.48936170212765956,142
2023-08-02,1088,126,103,75,33,23,42,0.8174603174603174,0.44,136
2023-08-03,1088,102,87,96,50,15,46,0.8529411764705882,0.5208333333333334,137
2023-08-04,1088,118,87,50,35,31,15,0.7372881355932204,0.7,122
2023-08-05,1088,102,86,64,29,16,35,0.8431372549019608,0.453125,115
2023-08-06,1088,110,80,82,42,30,40,0.7272727272727273,0.5121951219512195,122
2023-08-07,1088,150,67,64,46,83,18,0.44666666666666666,0.71875,113
2023-08-08,1088,122,96,81,35,26,46,0.7868852459016393,0.43209876543209874,131
2023-08-09,1088,114,76,68,36,38,32,0.6666666666666666,0.5294117647058824,112
2023-08-10,1088,117,97,91,49,20,42,0.8290598290598291,0.5384615384615384,146
2023-08-11,1088,113,78,95,23,35,72,0.6902654867256637,0.24210526315789474,101
2023-08-12,1088,141,68,77,32,73,45,0.48226950354609927,0.4155844155844156,100
2023-08-13,1088,110,97,73,43,13,30,0.8818181818181818,0.589041095890411,140
2023-08-14,1088,131,76,95,35,55,60,0.5801526717557252,0.3684210526315789,111
2023-08-15,1088,100,88,66,44,12,22,0.88,0.6666666666666666,132
2023-08-16,1088,105,84,96,39,21,57,0.8,0.40625,123
2023-08-17,1088,134,75,50,35,59,15,0.5597014925373134,0.7,110
2023-08-18,1088,133,84,78,39,49,39,0.631578947368421,0.5,123
2023-08-19,1088,101,87,66,45,14,21,0.8613861386138614,0.6818181818181818,132
2023-08-20,1088,125,75,77,37,50,40,0.6,0.4805194805194805,112
2023-08-21,1088,101,89,73,42,12,31,0.8811881188118812,0.5753424657534246,131
2023-08-22,1088,123,71,80,58,52,22,0.5772357723577236,0.725,129
2023-08-23,1088,125,73,92,38,52,54,0.584,0.41304347826086957,111
2023-08-24,1088,104,72,67,31,32,36,0.6923076923076923,0.4626865671641791,103
2023-08-25,1088,141,82,77,40,59,37,0.5815602836879432,0.5194805194805194,122
2023-08-26,1088,134,69,61,43,65,18,0.5149253731343284,0.7049180327868853,112
2023-08-27,1088,117,97,95,35,20,60,0.8290598290598291,0.3684210526315789,132
2023-08-28,1088,144,87,61,38,57,23,0.6041666666666666,0.6229508196721312,125
2023-08-29,1088,123,82,89,39,41,50,0.6666666666666666,0.43820224719101125,121
2023-08-30,1088,145,91,87,32,54,55,0.6275862068965518,0.367816091954023,123
2023-08-31,1088,125,71,79,38,54,41,0.568,0.4810126582278481,109
2023-09-01,1088,127,89,83,33,38,50,0.7007874015748031,0.39759036144578314,122
2023-09-02,1088,102,78,65,48,24,17,0.7647058823529411,0.7384615384615385,126
2023-09-03,1088,101,90,58,38,11,20,0.8910891089108911,0.6551724137931034,128
2023-09-04,1088,107,81,94,49,26,45,0.7570093457943925,0.5212765957446809,130
2023-09-05,1088,144,73,51,41,71,10,0.5069444444444444,0.803921568627451,114
2023-09-06,1088,137,77,68,42,60,26,0.5620437956204379,0.6176470588235294,119
2023-09-07,1088,136,74,55,40,62,15,0.5441176470588235,0.7272727272727273,114
2023-09-08,1088,129,76,93,38,53,55,0.5891472868217055,0.40860215053763443,114
2023-09-09,1088,109,87,83,51,22,32,0.7981651376146789,0.6144578313253012,138
2023-09-10,1088,124,80,81,39,44,42,0.6451612903225806,0.48148148148148145,119
2023-09-11,1088,115,91,90,50,24,40,0.7913043478260869,0.5555555555555556,141
2023-09-12,1088,131,72,94,33,59,61,0.549618320610687,0.35106382978723405,105
2023-09-13,1088,101,67,65,48,34,17,0.6633663366336634,0.7384615384615385,115
2023-09-14,1088,110,83,67,38,27,29,0.7545454545454545,0.5671641791044776,121
2023-09-15,1088,130,87,92,42,43,50,0.6692307692307692,0.45652173913043476,129
2023-09-16,1088,104,55,97,33,49,64,0.5288461538461539,0.3402061855670103,88
2023-09-17,1088,108,78,69,40,30,29,0.7222222222222222,0.5797101449275363,118
2023-09-18,1088,123,85,67,48,38,19,0.6910569105691057,0.7164179104477612,133
2023-09-19,1088,141,89,80,37,52,43,0.6312056737588653,0.4625,126
2023-09-20,1088,121,83,71,47,38,24,0.6859504132231405,0.6619718309859155,130
2023-09-21,1088,113,93,57,45,20,12,0.8230088495575221,0.7894736842105263,138
2023-09-22,1088,122,89,56,40,33,16,0.7295081967213115,0.7142857142857143,129
2023-09-23,1088,145,89,64,50,56,14,0.6137931034482759,0.78125,139
2023-09-24,1088,102,96,94,38,6,56,0.9411764705882353,0.40425531914893614,134
2023-09-25,1088,102,102,50,42,0,8,1,0.84,144
2023-09-26,1088,106,86,90,31,20,59,0.8113207547169812,0.34444444444444444,117
2023-09-27,1088,147,84,96,44,63,52,0.5714285714285714,0.4583333333333333,128
2023-09-28,1088,143,82,90,32,61,58,0.5734265734265734,0.35555555555555557,114
2023-09-29,1088,140,71,50,31,69,19,0.5071428571428571,0.62,102
2023-09-30,1088,108,89,57,52,19,5,0.8240740740740741,0.9122807017543859,141
2023-10-01,1088,109,78,81,49,31,32,0.7155963302752294,0.6049382716049383,127
2023-10-02,1088,143,80,80,41,63,39,0.5594405594405595,0.5125,121
2023-10-03,1088,118,85,69,30,33,39,0.7203389830508474,0.43478260869565216,115
2023-10-04,1088,114,84,80,25,30,55,0.7368421052631579,0.3125,109
2023-10-05,1088,108,86,59,50,22,9,0.7962962962962963,0.847457627118644,136
2023-10-06,1088,140,85,100,39,55,61,0.6071428571428571,0.39,124
2023-10-07,1088,146,74,97,37,72,60,0.5068493150684932,0.38144329896907214,111
2023-10-08,1088,135,85,92,37,50,55,0.6296296296296297,0.40217391304347827,122
2023-10-09,1088,131,74,70,34,57,36,0.5648854961832062,0.4857142857142857,108
2023-10-10,1088,135,81,83,35,54,48,0.6,0.42168674698795183,116
2023-10-11,1088,135,69,87,34,66,53,0.5111111111111111,0.39080459770114945,103
2023-10-12,1088,105,83,52,42,22,10,0.7904761904761904,0.8076923076923077,125
2023-10-13,1088,142,78,91,38,64,53,0.5492957746478874,0.4175824175824176,116
2023-10-14,1088,131,73,80,36,58,44,0.5572519083969466,0.45,109
2023-10-15,1088,124,83,76,36,41,40,0.6693548387096774,0.47368421052631576,119
2023-10-16,1088,129,76,53,45,53,8,0.5891472868217055,0.8490566037735849,121
2023-10-17,1088,123,76,83,33,47,50,0.6178861788617886,0.39759036144578314,109
2023-10-18,1088,144,78,77,35,66,42,0.5416666666666666,0.45454545454545453,113
2023-10-19,1088,130,75,56,48,55,8,0.5769230769230769,0.8571428571428571,123
2023-10-20,1088,110,79,98,39,31,59,0.7181818181818181,0.3979591836734694,118
2023-10-21,1088,149,73,82,47,76,35,0.4899328859060403,0.573170731707317,120
2023-10-22,1088,102,81,66,51,21,15,0.7941176470588235,0.7727272727272727,132
2023-10-23,1088,118,82,79,32,36,47,0.6949152542372882,0.4050632911392405,114
2023-10-24,1088,113,74,86,38,39,48,0.6548672566371682,0.4418604651162791,112
2023-10-25,1088,126,71,92,55,55,37,0.5634920634920635,0.5978260869565217,126
2023-10-26,1088,146,86,65,52,60,13,0.589041095890411,0.8,138
2023-10-27,1088,111,89,51,32,22,19,0.8018018018018018,0.6274509803921569,121
2023-10-28,1088,142,88,93,40,54,53,0.6197183098591549,0.43010752688172044,128
2023-10-29,1088,112,89,73,31,23,42,0.7946428571428571,0.4246575342465753,120
2023-10-30,1088,121,79,52,38,42,14,0.6528925619834711,0.7307692307692307,117
2023-10-31,1088,140,82,90,35,58,55,0.5857142857142857,0.3888888888888889,117
2023-11-01,1088,148,96,91,25,52,66,0.6486486486486487,0.27472527472527475,121
2023-11-02,1088,113,84,97,29,29,68,0.7433628318584071,0.29896907216494845,113
2023-11-03,1088,123,70,70,35,53,35,0.5691056910569106,0.5,105
2023-11-04,1088,106,88,86,45,18,41,0.8301886792452831,0.5232558139534884,133
2023-11-05,1088,150,74,57,46,76,11,0.49333333333333335,0.8070175438596491,120
2023-11-06,1088,111,75,68,43,36,25,0.6756756756756757,0.6323529411764706,118
2023-11-07,1088,111,74,51,36,37,15,0.6666666666666666,0.7058823529411765,110
2023-11-08,1088,128,79,94,49,49,45,0.6171875,0.5212765957446809,128
2023-11-09,1088,127,86,66,47,41,19,0.6771653543307087,0.7121212121212122,133
2023-11-10,1088,115,95,52,50,20,2,0.8260869565217391,0.9615384615384616,145
2023-11-11,1088,139,71,57,35,68,22,0.5107913669064749,0.6140350877192983,106
2023-11-12,1088,138,70,82,38,68,44,0.5072463768115942,0.4634146341463415,108
2023-11-13,1088,135,83,76,41,52,35,0.6148148148148148,0.5394736842105263,124
2023-11-14,1088,109,96,81,37,13,44,0.8807339449541285,0.4567901234567901,133
2023-11-15,1088,150,75,71,39,75,32,0.5,0.5492957746478874,114
2023-11-16,1088,148,81,54,40,67,14,0.5472972972972973,0.7407407407407407,121
2023-11-17,1088,133,78,51,32,55,19,0.5864661654135338,0.6274509803921569,110
2023-11-18,1088,120,98,53,35,22,18,0.8166666666666667,0.660377358490566,133
2023-11-19,1088,145,81,83,37,64,46,0.5586206896551724,0.4457831325301205,118
2023-11-20,1088,106,79,86,54,27,32,0.7452830188679245,0.627906976744186,133
2023-11-21,1088,125,87,52,34,38,18,0.696,0.6538461538461539,121
2023-11-22,1088,112,78,75,41,34,34,0.6964285714285714,0.5466666666666666,119
2023-11-23,1088,146,75,66,29,71,37,0.5136986301369864,0.4393939393939394,104
2023-11-24,1088,136,82,58,48,54,10,0.6029411764705882,0.8275862068965517,130
2023-11-25,1088,129,79,97,53,50,44,0.6124031007751938,0.5463917525773195,132
2023-11-26,1088,138,77,72,42,61,30,0.5579710144927537,0.5833333333333334,119
2023-11-27,1088,143,79,85,37,64,48,0.5524475524475524,0.43529411764705883,116
2023-11-28,1088,116,71,100,40,45,60,0.6120689655172413,0.4,111
2023-11-29,1088,105,85,75,33,20,42,0.8095238095238095,0.44,118
2023-11-30,1088,112,86,54,42,26,12,0.7678571428571429,0.7777777777777778,128
2023-12-01,1088,134,77,91,53,57,38,0.5746268656716418,0.5824175824175825,130
2023-12-02,1088,124,89,66,46,35,20,0.717741935483871,0.696969696969697,135
2023-12-03,1088,130,78,65,33,52,32,0.6,0.5076923076923077,111
2023-12-04,1088,149,79,56,38,70,18,0.5302013422818792,0.6785714285714286,117
2023-12-05,1088,138,81,92,52,57,40,0.5869565217391305,0.5652173913043478,133
2023-12-06,1088,107,79,68,44,28,24,0.7383177570093458,0.6470588235294118,123
2023-12-07,1088,103,86,68,47,17,21,0.8349514563106796,0.6911764705882353,133
2023-12-08,1088,105,73,92,35,32,57,0.6952380952380952,0.3804347826086957,108
2023-12-09,1088,108,78,81,46,30,35,0.7222222222222222,0.5679012345679012,124
2023-12-10,1088,122,83,59,47,39,12,0.680327868852459,0.7966101694915254,130
2023-12-11,1088,147,84,51,38,63,13,0.5714285714285714,0.7450980392156863,122
2023-12-12,1088,138,78,90,40,60,50,0.5652173913043478,0.4444444444444444,118
2023-12-13,1088,100,86,75,30,14,45,0.86,0.4,116
2023-12-14,1088,140,84,92,41,56,51,0.6,0.44565217391304346,125
2023-12-15,1088,125,102,94,42,23,52,0.816,0.44680851063829785,144
2023-12-16,1088,147,84,68,50,63,18,0.5714285714285714,0.7352941176470589,134
2023-12-17,1088,119,83,72,37,36,35,0.6974789915966386,0.5138888888888888,120
2023-12-18,1088,147,82,79,39,65,40,0.5578231292517006,0.4936708860759494,121
2023-12-19,1088,116,85,68,48,31,20,0.7327586206896551,0.7058823529411765,133
2023-12-20,1088,140,94,62,38,46,24,0.6714285714285714,0.6129032258064516,132
2023-12-21,1088,134,75,83,46,59,37,0.5597014925373134,0.5542168674698795,121
2023-12-22,1088,126,80,94,43,46,51,0.6349206349206349,0.4574468085106383,123
2023-12-23,1088,150,77,64,34,73,30,0.5133333333333333,0.53125,111
2023-12-24,1088,147,76,62,33,71,29,0.5170068027210885,0.532258064516129,109
2023-12-25,1088,116,69,85,44,47,41,0.5948275862068966,0.5176470588235295,113
2023-12-26,1088,133,83,51,42,50,9,0.6240601503759399,0.8235294117647058,125
2023-12-27,1088,133,93,83,38,40,45,0.6992481203007519,0.4578313253012048,131
2023-12-28,1088,141,79,68,39,62,29,0.5602836879432624,0.5735294117647058,118
2023-12-29,1088,118,83,71,40,35,31,0.7033898305084746,0.5633802816901409,123
2023-12-30,1088,100,84,61,44,16,17,0.84,0.7213114754098361,128
2023-12-31,1088,114,70,67,41,44,26,0.6140350877192983,0.6119402985074627,111
2023-01-01,1089,133,75,71,48,58,23,0.5639097744360902,0.676056338028169,123
2023-01-02,1089,134,80,72,36,54,36,0.5970149253731343,0.5,116
2023-01-03,1089,144,93,73,38,51,35,0.6458333333333334,0.5205479452054794,131
2023-01-04,1089,122,75,60,37,47,23,0.6147540983606558,0.6166666666666667,112
2023-01-05,1089,114,81,78,32,33,46,0.7105263157894737,0.41025641025641024,113
2023-01-06,1089,109,79,96,50,30,46,0.7247706422018348,0.5208333333333334,129
2023-01-07,1089,102,81,74,45,21,29,0.7941176470588235,0.6081081081081081,126
2023-01-08,1089,126,91,80,33,35,47,0.7222222222222222,0.4125,124
2023-01-09,1089,100,81,51,39,19,12,0.81,0.7647058823529411,120
2023-01-10,1089,112,80,83,36,32,47,0.7142857142857143,0.43373493975903615,116
2023-01-11,1089,113,70,95,42,43,53,0.6194690265486725,0.4421052631578947,112
2023-01-12,1089,134,80,90,37,54,53,0.5970149253731343,0.4111111111111111,117
2023-01-13,1089,118,69,53,33,49,20,0.5847457627118644,0.6226415094339622,102
2023-01-14,1089,137,91,80,54,46,26,0.6642335766423357,0.675,145
2023-01-15,1089,139,83,96,56,56,40,0.5971223021582733,0.5833333333333334,139
2023-01-16,1089,121,73,59,32,48,27,0.6033057851239669,0.5423728813559322,105
2023-01-17,1089,131,92,90,36,39,54,0.7022900763358778,0.4,128
2023-01-18,1089,130,76,99,40,54,59,0.5846153846153846,0.40404040404040403,116
2023-01-19,1089,107,69,84,40,38,44,0.6448598130841121,0.47619047619047616,109
2023-01-20,1089,146,76,52,39,70,13,0.5205479452054794,0.75,115
2023-01-21,1089,148,73,85,44,75,41,0.49324324324324326,0.5176470588235295,117
2023-01-22,1089,133,80,96,48,53,48,0.6015037593984962,0.5,128
2023-01-23,1089,139,76,63,40,63,23,0.5467625899280576,0.6349206349206349,116
2023-01-24,1089,149,91,97,51,58,46,0.610738255033557,0.5257731958762887,142
2023-01-25,1089,112,102,76,52,10,24,0.9107142857142857,0.6842105263157895,154
2023-01-26,1089,100,70,82,31,30,51,0.7,0.3780487804878049,101
2023-01-27,1089,130,95,80,33,35,47,0.7307692307692307,0.4125,128
2023-01-28,1089,128,85,74,43,43,31,0.6640625,0.581081081081081,128
2023-01-29,1089,127,72,95,44,55,51,0.5669291338582677,0.4631578947368421,116
2023-01-30,1089,149,86,68,45,63,23,0.5771812080536913,0.6617647058823529,131
2023-01-31,1089,143,85,50,33,58,17,0.5944055944055944,0.66,118
2023-02-01,1089,111,81,84,39,30,45,0.7297297297297297,0.4642857142857143,120
2023-02-02,1089,141,91,87,46,50,41,0.6453900709219859,0.5287356321839081,137
2023-02-03,1089,128,78,94,45,50,49,0.609375,0.4787234042553192,123
2023-02-04,1089,103,71,91,41,32,50,0.6893203883495146,0.45054945054945056,112
2023-02-05,1089,137,85,97,49,52,48,0.6204379562043796,0.5051546391752577,134
2023-02-06,1089,107,77,94,34,30,60,0.719626168224299,0.3617021276595745,111
2023-02-07,1089,123,92,88,45,31,43,0.7479674796747967,0.5113636363636364,137
2023-02-08,1089,115,77,68,46,38,22,0.6695652173913044,0.6764705882352942,123
2023-02-09,1089,120,92,84,35,28,49,0.7666666666666667,0.4166666666666667,127
2023-02-10,1089,142,69,96,40,73,56,0.4859154929577465,0.4166666666666667,109
2023-02-11,1089,143,84,84,52,59,32,0.5874125874125874,0.6190476190476191,136
2023-02-12,1089,127,89,71,47,38,24,0.7007874015748031,0.6619718309859155,136
2023-02-13,1089,131,90,53,34,41,19,0.6870229007633588,0.6415094339622641,124
2023-02-14,1089,114,70,69,38,44,31,0.6140350877192983,0.5507246376811594,108
2023-02-15,1089,125,62,56,44,63,12,0.496,0.7857142857142857,106
2023-02-16,1089,113,65,61,48,48,13,0.5752212389380531,0.7868852459016393,113
2023-02-17,1089,139,90,88,30,49,58,0.6474820143884892,0.3409090909090909,120
2023-02-18,1089,104,84,70,38,20,32,0.8076923076923077,0.5428571428571428,122
2023-02-19,1089,100,86,55,37,14,18,0.86,0.6727272727272727,123
2023-02-20,1089,119,80,75,43,39,32,0.6722689075630253,0.5733333333333334,123
2023-02-21,1089,106,89,60,33,17,27,0.839622641509434,0.55,122
2023-02-22,1089,128,87,54,43,41,11,0.6796875,0.7962962962962963,130
2023-02-23,1089,101,65,99,35,36,64,0.6435643564356436,0.35353535353535354,100
2023-02-24,1089,148,79,89,48,69,41,0.5337837837837838,0.5393258426966292,127
2023-02-25,1089,128,87,59,27,41,32,0.6796875,0.4576271186440678,114
2023-02-26,1089,103,97,78,27,6,51,0.941747572815534,0.34615384615384615,124
2023-02-27,1089,105,95,94,40,10,54,0.9047619047619048,0.425531914893617,135
2023-02-28,1089,119,78,80,43,41,37,0.6554621848739496,0.5375,121
2023-03-01,1089,146,91,81,48,55,33,0.6232876712328768,0.5925925925925926,139
2023-03-02,1089,138,64,59,33,74,26,0.463768115942029,0.559322033898305,97
2023-03-03,1089,131,76,81,41,55,40,0.5801526717557252,0.5061728395061729,117
2023-03-04,1089,116,71,50,32,45,18,0.6120689655172413,0.64,103
2023-03-05,1089,100,82,83,45,18,38,0.82,0.54216867469879515,127
2023-03-06,1089,142,85,77,44,57,33,0.5985915492957746,0.5714285714285714,129
2023-03-07,1089,137,105,99,43,32,56,0.7664233576642335,0.43434343434343436,148
2023-03-08,1089,137,83,100,44,54,56,0.6058394160583942,0.44,127
2023-03-09,1089,144,78,89,40,66,49,0.5416666666666666,0.449438202247191,118
2023-03-10,1089,145,90,72,43,55,29,0.6206896551724138,0.5972222222222222,133
2023-03-11,1089,133,84,66,39,49,27,0.631578947368421,0.5909090909090909,123
2023-03-12,1089,147,71,97,42,76,55,0.48299319727891155,0.4329896907216495,113
2023-03-13,1089,125,75,67,26,50,41,0.6,0.3880597014925373,101
2023-03-14,1089,131,85,79,45,46,34,0.648854961832061,0.569620253164557,130
2023-03-15,1089,150,70,90,48,80,42,0.4666666666666667,0.5333333333333333,118
2023-03-16,1089,145,73,81,41,72,40,0.503448275862069,0.5061728395061729,114
2023-03-17,1089,107,82,53,34,25,19,0.7663551401869159,0.6415094339622641,116
2023-03-18,1089,121,97,77,39,24,38,0.8016528925619835,0.5064935064935064,136
2023-03-19,1089,124,83,91,46,41,45,0.6693548387096774,0.5054945054945055,129
2023-03-20,1089,147,87,96,36,60,60,0.5918367346938775,0.375,123
2023-03-21,1089,112,65,61,38,47,23,0.5803571428571429,0.6229508196721312,103
2023-03-22,1089,105,76,66,37,29,29,0.7238095238095238,0.5606060606060606,113
2023-03-23,1089,133,80,92,43,53,49,0.6015037593984962,0.4673913043478261,123
2023-03-24,1089,118,89,90,39,29,51,0.7542372881355932,0.43333333333333335,128
2023-03-25,1089,146,63,82,39,83,43,0.4315068493150685,0.47560975609756095,102
2023-03-26,1089,148,90,90,40,58,50,0.6081081081081081,0.4444444444444444,130
2023-03-27,1089,127,85,90,51,42,39,0.6692913385826772,0.5666666666666667,136
2023-03-28,1089,110,88,51,42,22,9,0.8,0.8235294117647058,130
2023-03-29,1089,114,91,86,35,23,51,0.7982456140350878,0.4069767441860465,126
2023-03-30,1089,127,64,50,50,63,0,0.5039370078740157,1,114
2023-03-31,1089,132,68,56,33,64,23,0.5151515151515151,0.5892857142857143,101
2023-04-01,1089,139,80,100,49,59,51,0.5755395683453237,0.49,129
2023-04-02,1089,141,86,95,43,55,52,0.6099290780141844,0.45263157894736844,129
2023-04-03,1089,148,80,59,45,68,14,0.5405405405405406,0.7627118644067796,125
2023-04-04,1089,134,85,55,39,49,16,0.6343283582089553,0.7090909090909091,124
2023-04-05,1089,136,67,60,52,69,8,0.49264705882352944,0.8666666666666667,119
2023-04-06,1089,127,83,90,40,44,50,0.6535433070866141,0.4444444444444444,123
2023-04-07,1089,146,69,86,42,77,44,0.4726027397260274,0.4883720930232558,111
2023-04-08,1089,119,94,55,40,25,15,0.7899159663865546,0.7272727272727273,134
2023-04-09,1089,149,87,50,48,62,2,0.5838926174496645,0.96,135
2023-04-10,1089,127,108,97,38,19,59,0.8503937007874016,0.3917525773195876,146
2023-04-11,1089,133,70,86,37,63,49,0.5263157894736842,0.43023255813953487,107
2023-04-12,1089,107,76,75,39,31,36,0.7102803738317757,0.52,115
2023-04-13,1089,148,97,71,51,51,20,0.6554054054054054,0.7183098591549296,148
2023-04-14,1089,145,81,94,43,64,51,0.5586206896551724,0.4574468085106383,124
2023-04-15,1089,141,85,70,42,56,28,0.6028368794326241,0.6,127
2023-04-16,1089,145,75,66,34,70,32,0.5172413793103449,0.5151515151515151,109
2023-04-17,1089,112,91,54,35,21,19,0.8125,0.6481481481481481,126
2023-04-18,1089,132,66,65,44,66,21,0.5,0.676923076923077,110
2023-04-19,1089,134,87,95,40,47,55,0.6492537313432836,0.42105263157894735,127
2023-04-20,1089,150,76,85,38,74,47,0.5066666666666667,0.4470588235294118,114
2023-04-21,1089,118,69,87,32,49,55,0.5847457627118644,0.367816091954023,101
2023-04-22,1089,128,74,55,41,54,14,0.578125,0.7454545454545455,115
2023-04-23,1089,133,83,53,33,50,20,0.6240601503759399,0.6226415094339622,116
2023-04-24,1089,133,70,53,32,63,21,0.5263157894736842,0.6037735849056604,102
2023-04-25,1089,148,71,73,37,77,36,0.4797297297297297,0.5068493150684932,108
2023-04-26,1089,124,87,90,33,37,57,0.7016129032258065,0.36666666666666664,120
2023-04-27,1089,149,70,52,22,79,30,0.4697986577181208,0.4230769230769231,92
2023-04-28,1089,142,94,67,41,48,26,0.6619718309859155,0.6119402985074627,135
2023-04-29,1089,141,89,61,43,52,18,0.6312056737588653,0.7049180327868853,132
2023-04-30,1089,105,80,89,49,25,40,0.7619047619047619,0.550561797752809,129
2023-05-01,1089,147,70,84,39,77,45,0.47619047619047616,0.4642857142857143,109
2023-05-02,1089,112,69,71,40,43,31,0.6160714285714286,0.5633802816901409,109
2023-05-03,1089,147,90,52,38,57,14,0.6122448979591837,0.7307692307692307,128
2023-05-04,1089,136,79,51,50,57,1,0.5808823529411765,0.9803921568627451,129
2023-05-05,1089,138,75,86,45,63,41,0.5434782608695652,0.5232558139534884,120
2023-05-06,1089,144,72,77,36,72,41,0.5,0.4675324675324675,108
2023-05-07,1089,109,83,96,43,26,53,0.7614678899082569,0.4479166666666667,126
2023-05-08,1089,109,99,60,37,10,23,0.908256880733945,0.6166666666666667,136
2023-05-09,1089,144,71,59,39,73,20,0.4930555555555556,0.6610169491525424,110
2023-05-10,1089,123,73,86,35,50,51,0.5934959349593496,0.4069767441860465,108
2023-05-11,1089,140,71,79,43,69,36,0.5071428571428571,0.5443037974683544,114
2023-05-12,1089,113,87,70,39,26,31,0.7699115044247787,0.5571428571428572,126
2023-05-13,1089,114,74,94,36,40,58,0.6491228070175439,0.3829787234042553,110
2023-05-14,1089,116,77,94,45,39,49,0.6637931034482759,0.4787234042553192,122
2023-05-15,1089,134,69,93,43,65,50,0.5149253731343284,0.46236559139784944,112
2023-05-16,1089,123,74,58,40,49,18,0.6016260162601627,0.6896551724137931,114
2023-05-17,1089,127,84,51,33,43,18,0.6614173228346457,0.6470588235294118,117
2023-05-18,1089,146,78,100,34,68,66,0.5342465753424658,0.34,112
2023-05-19,1089,104,81,75,39,23,36,0.7788461538461539,0.52,120
2023-05-20,1089,128,82,74,50,46,24,0.640625,0.6756756756756757,132
2023-05-21,1089,113,55,91,48,58,43,0.48672566371681414,0.5274725274725275,103
2023-05-22,1089,147,63,93,44,84,49,0.42857142857142855,0.4731182795698925,107
2023-05-23,1089,136,89,72,36,47,36,0.6544117647058824,0.5,125
2023-05-24,1089,107,79,65,44,28,21,0.7383177570093458,0.676923076923077,123
2023-05-25,1089,101,81,51,44,20,7,0.801980198019802,0.8627450980392157,125
2023-05-26,1089,126,72,96,41,54,55,0.5714285714285714,0.4270833333333333,113
2023-05-27,1089,120,73,56,41,47,15,0.6083333333333333,0.7321428571428571,114
2023-05-28,1089,111,75,97,39,36,58,0.6756756756756757,0.4020618556701031,114
2023-05-29,1089,148,98,55,43,50,12,0.6621621621621622,0.7818181818181819,141
2023-05-30,1089,135,72,97,46,63,51,0.5333333333333333,0.4742268041237113,118
2023-05-31,1089,143,70,59,40,73,19,0.48951048951048953,0.6779661016949152,110
2023-06-01,1089,112,76,85,44,36,41,0.6785714285714286,0.5176470588235295,120
2023-06-02,1089,147,86,83,39,61,44,0.5850340136054422,0.46987951807228917,125
2023-06-03,1089,135,69,51,37,66,14,0.5111111111111111,0.7254901960784313,106
2023-06-04,1089,143,70,79,42,73,37,0.48951048951048953,0.5316455696202531,112
2023-06-05,1089,138,80,58,38,58,20,0.5797101449275363,0.6551724137931034,118
2023-06-06,1089,111,89,92,32,22,60,0.8018018018018018,0.34782608695652173,121
2023-06-07,1089,121,109,76,41,12,35,0.9008264462809917,0.5394736842105263,150
2023-06-08,1089,123,84,82,39,39,43,0.6829268292682927,0.47560975609756095,123
2023-06-09,1089,143,71,56,42,72,14,0.4965034965034965,0.75,113
2023-06-10,1089,129,89,70,33,40,37,0.689922480620155,0.4714285714285714,122
2023-06-11,1089,129,88,99,40,41,59,0.6821705426356589,0.40404040404040403,128
2023-06-12,1089,133,82,66,41,51,25,0.6165413533834586,0.6212121212121212,123
2023-06-13,1089,133,82,81,39,51,42,0.6165413533834586,0.48148148148148145,121
2023-06-14,1089,144,75,84,29,69,55,0.5208333333333334,0.34523809523809523,104
2023-06-15,1089,128,66,64,48,62,16,0.515625,0.75,114
2023-06-16,1089,122,82,94,32,40,62,0.6721311475409836,0.3404255319148936,114
2023-06-17,1089,141,80,97,33,61,64,0.5673758865248227,0.3402061855670103,113
2023-06-18,1089,130,87,97,38,43,59,0.6692307692307692,0.3917525773195876,125
2023-06-19,1089,123,60,74,45,63,29,0.4878048780487805,0.6081081081081081,105
2023-06-20,1089,110,88,98,36,22,62,0.8,0.3673469387755102,124
2023-06-21,1089,128,71,55,37,57,18,0.5546875,0.6727272727272727,108
2023-06-22,1089,143,74,82,49,69,33,0.5174825174825175,0.5975609756097561,123
2023-06-23,1089,118,84,97,32,34,65,0.711864406779661,0.32989690721649484,116
2023-06-24,1089,149,77,85,41,72,44,0.5167785234899329,0.4823529411764706,118
2023-06-25,1089,135,81,55,51,54,4,0.6,0.9272727272727272,132
2023-06-26,1089,146,89,86,30,57,56,0.6095890410958904,0.3488372093023256,119
2023-06-27,1089,140,77,63,34,63,29,0.55,0.5396825396825397,111
2023-06-28,1089,104,74,79,38,30,41,0.7115384615384616,0.4810126582278481,112
2023-06-29,1089,146,80,59,42,66,17,0.547945205479452,0.711864406779661,122
2023-06-30,1089,103,69,90,36,34,54,0.6699029126213593,0.4,105
2023-07-01,1089,122,73,88,37,49,51,0.5983606557377049,0.42045454545454547,110
2023-07-02,1089,130,74,59,47,56,12,0.5692307692307692,0.7966101694915254,121
2023-07-03,1089,149,93,98,43,56,55,0.6241610738255033,0.4387755102040816,136
2023-07-04,1089,149,84,62,43,65,19,0.5637583892617449,0.6935483870967742,127
2023-07-05,1089,101,76,50,36,25,14,0.7524752475247525,0.72,112
2023-07-06,1089,130,88,58,41,42,17,0.676923076923077,0.7068965517241379,129
2023-07-07,1089,101,65,100,38,36,62,0.6435643564356436,0.38,103
2023-07-08,1089,130,99,65,42,31,23,0.7615384615384615,0.6461538461538462,141
2023-07-09,1089,105,88,60,28,17,32,0.8380952380952381,0.4666666666666667,116
2023-07-10,1089,128,80,66,35,48,31,0.625,0.5303030303030303,115
2023-07-11,1089,147,95,68,42,52,26,0.6462585034013606,0.6176470588235294,137
2023-07-12,1089,150,83,73,34,67,39,0.5533333333333333,0.4657534246575342,117
2023-07-13,1089,125,80,83,39,45,44,0.64,0.46987951807228917,119
2023-07-14,1089,134,68,50,37,66,13,0.5074626865671642,0.74,105
2023-07-15,1089,108,59,65,43,49,22,0.5462962962962963,0.6615384615384615,102
2023-07-16,1089,106,83,90,51,23,39,0.78301886792452835,0.5666666666666667,134
2023-07-17,1089,147,83,80,36,64,44,0.564625850340136,0.45,119
2023-07-18,1089,140,97,83,52,43,31,0.6928571428571428,0.6265060240963856,149
2023-07-19,1089,100,89,59,39,11,20,0.89,0.6610169491525424,128
2023-07-20,1089,112,93,77,34,19,43,0.8303571428571429,0.44155844155844154,127
2023-07-21,1089,120,66,94,48,54,46,0.55,0.5106382978723404,114
2023-07-22,1089,106,70,53,36,36,17,0.660377358490566,0.6792452830188679,106
2023-07-23,1089,130,71,96,42,59,54,0.5461538461538461,0.4375,113
2023-07-24,1089,124,70,84,43,54,41,0.5645161290322581,0.5119047619047619,113
2023-07-25,1089,111,75,99,51,36,48,0.6756756756756757,0.5151515151515151,126
2023-07-26,1089,127,86,58,46,41,12,0.6771653543307087,0.7931034482758621,132
2023-07-27,1089,106,88,94,32,18,62,0.8301886792452831,0.3404255319148936,120
2023-07-28,1089,129,79,55,27,50,28,0.6124031007751938,0.4909090909090909,106
2023-07-29,1089,119,75,96,50,44,46,0.6302521008403361,0.5208333333333334,125
2023-07-30,1089,112,76,68,36,36,32,0.6785714285714286,0.5294117647058824,112
2023-07-31,1089,128,86,71,42,42,29,0.671875,0.5915492957746479,128
2023-08-01,1089,148,73,89,34,75,55,0.49324324324324326,0.38202247191011235,107
2023-08-02,1089,114,84,99,45,30,54,0.7368421052631579,0.45454545454545453,129
2023-08-03,1089,107,69,54,45,38,9,0.6448598130841121,0.8333333333333334,114
2023-08-04,1089,150,81,85,37,69,48,0.54,0.43529411764705883,118
2023-08-05,1089,145,78,65,46,67,19,0.5379310344827586,0.7076923076923077,124
2023-08-06,1089,137,69,52,37,68,15,0.5036496350364964,0.7115384615384616,106
2023-08-07,1089,148,72,99,38,76,61,0.4864864864864865,0.3838383838383838,110
2023-08-08,1089,132,72,86,36,60,50,0.5454545454545454,0.4186046511627907,108
2023-08-09,1089,102,73,78,43,29,35,0.7156862745098039,0.5512820512820513,116
2023-08-10,1089,133,85,67,47,48,20,0.6390977443609023,0.7014925373134329,132
2023-08-11,1089,133,87,55,39,46,16,0.6541353383458647,0.7090909090909091,126
2023-08-12,1089,110,79,84,48,31,36,0.7181818181818181,0.5714285714285714,127
2023-08-13,1089,143,60,83,40,83,43,0.4195804195804196,0.4819277108433735,100
2023-08-14,1089,147,85,90,30,62,60,0.5782312925170068,0.3333333333333333,115
2023-08-15,1089,116,63,58,42,53,16,0.5431034482758621,0.7241379310344828,105
2023-08-16,1089,125,97,61,56,28,5,0.776,0.9180327868852459,153
2023-08-17,1089,104,82,67,41,22,26,0.7884615384615384,0.6119402985074627,123
2023-08-18,1089,136,68,67,40,68,27,0.5,0.5970149253731343,108
2023-08-19,1089,105,79,85,38,26,47,0.7523809523809524,0.4470588235294118,117
2023-08-20,1089,121,92,59,37,29,22,0.7603305785123967,0.6271186440677966,129
2023-08-21,1089,147,75,69,40,72,29,0.5102040816326531,0.5797101449275363,115
2023-08-22,1089,142,82,91,44,60,47,0.5774647887323944,0.4835164835164835,126
2023-08-23,1089,135,74,91,40,61,51,0.5481481481481482,0.43956043956043955,114
2023-08-24,1089,142,81,69,42,61,27,0.5704225352112676,0.6086956521739131,123
2023-08-25,1089,132,84,97,39,48,58,0.6363636363636364,0.4020618556701031,123
2023-08-26,1089,144,73,63,39,71,24,0.5069444444444444,0.6190476190476191,112
2023-08-27,1089,141,71,93,37,70,56,0.5035460992907801,0.3978494623655914,108
2023-08-28,1089,127,80,99,31,47,68,0.6299212598425197,0.31313131313131315,111
2023-08-29,1089,102,78,53,36,24,17,0.7647058823529411,0.6792452830188679,114
2023-08-30,1089,148,72,82,33,76,49,0.4864864864864865,0.4024390243902439,105
2023-08-31,1089,103,69,87,53,34,34,0.6699029126213593,0.6091954022988506,122
2023-09-01,1089,139,76,95,39,63,56,0.5467625899280576,0.4105263157894737,115
2023-09-02,1089,104,102,88,48,2,40,0.9807692307692307,0.5454545454545454,150
2023-09-03,1089,144,78,73,38,66,35,0.5416666666666666,0.5205479452054794,116
2023-09-04,1089,112,81,68,31,31,37,0.7232142857142857,0.45588235294117646,112
2023-09-05,1089,146,81,64,49,65,15,0.5547945205479452,0.765625,130
2023-09-06,1089,137,68,100,40,69,60,0.49635036496350365,0.4,108
2023-09-07,1089,104,70,95,40,34,55,0.6730769230769231,0.42105263157894735,110
2023-09-08,1089,113,76,100,42,37,58,0.672566371681416,0.42,118
2023-09-09,1089,125,89,66,41,36,25,0.712,0.6212121212121212,130
2023-09-10,1089,144,77,68,36,67,32,0.5347222222222222,0.5294117647058824,113
2023-09-11,1089,143,76,58,38,67,20,0.5314685314685315,0.6551724137931034,114
2023-09-12,1089,131,73,56,39,58,17,0.5572519083969466,0.6964285714285714,112
2023-09-13,1089,140,83,81,44,57,37,0.5928571428571429,0.5432098765432098,127
2023-09-14,1089,140,103,95,41,37,54,0.7357142857142858,0.43157894736842106,144
2023-09-15,1089,133,76,62,41,57,21,0.5714285714285714,0.6612903225806451,117
2023-09-16,1089,119,72,79,38,47,41,0.6050420168067226,0.4810126582278481,110
2023-09-17,1089,114,75,60,50,39,10,0.6578947368421053,0.8333333333333334,125
2023-09-18,1089,103,91,79,51,12,28,0.883495145631068,0.6455696202531646,142
2023-09-19,1089,112,74,81,32,38,49,0.6607142857142857,0.3950617283950617,106
2023-09-20,1089,129,96,54,44,33,10,0.7441860465116279,0.8148148148148148,140
2023-09-21,1089,109,65,100,36,44,64,0.5963302752293578,0.36,101
2023-09-22,1089,107,80,53,35,27,18,0.7476635514018691,0.660377358490566,115
2023-09-23,1089,137,82,53,53,55,0,0.5985401459854015,1,135
2023-09-24,1089,140,96,94,44,44,50,0.6857142857142857,0.46808510638297873,140
2023-09-25,1089,118,80,100,35,38,65,0.6779661016949152,0.35,115
2023-09-26,1089,148,71,55,41,77,14,0.4797297297297297,0.7454545454545455,112
2023-09-27,1089,125,65,56,40,60,16,0.52,0.7142857142857143,105
2023-09-28,1089,128,66,64,39,62,25,0.515625,0.609375,105
2023-09-29,1089,123,88,91,34,35,57,0.7154471544715447,0.37362637362637363,122
2023-09-30,1089,120,78,66,25,42,41,0.65,0.3787878787878788,103
2023-10-01,1089,145,74,50,44,71,6,0.5103448275862069,0.88,118
2023-10-02,1089,100,82,77,32,18,45,0.82,0.4155844155844156,114
2023-10-03,1089,145,80,81,35,65,46,0.5517241379310345,0.43209876543209874,115
2023-10-04,1089,142,75,54,34,67,20,0.528169014084507,0.6296296296296297,109
2023-10-05,1089,149,72,76,48,77,28,0.48322147651006714,0.631578947368421,120
2023-10-06,1089,104,71,66,27,33,39,0.6826923076923077,0.4090909090909091,98
2023-10-07,1089,110,86,99,41,24,58,0.7818181818181819,0.41414141414141414,127
2023-10-08,1089,124,90,100,34,34,66,0.7258064516129032,0.34,124
2023-10-09,1089,140,78,97,34,62,63,0.5571428571428572,0.35051546391752575,112
2023-10-10,1089,140,71,67,31,69,36,0.5071428571428571,0.4626865671641791,102
2023-10-11,1089,116,76,79,48,40,31,0.6551724137931034,0.6075949367088608,124
2023-10-12,1089,118,86,89,29,32,60,0.7288135593220338,0.3258426966292135,115
2023-10-13,1089,109,89,57,48,20,9,0.8165137614678899,0.8421052631578947,137
2023-10-14,1089,112,87,79,46,25,33,0.7767857142857143,0.5822784810126582,133
2023-10-15,1089,138,63,72,52,75,20,0.45652173913043476,0.7222222222222222,115
2023-10-16,1089,143,90,68,45,53,23,0.6293706293706294,0.6617647058823529,135
2023-10-17,1089,118,70,82,45,48,37,0.5932203389830508,0.5487804878048781,115
2023-10-18,1089,101,80,93,33,21,60,0.7920792079207921,0.3548387096774194,113
2023-10-19,1089,116,79,89,45,37,44,0.6810344827586207,0.5056179775280899,124
2023-10-20,1089,129,55,66,63,74,3,0.4263565891472868,0.9545454545454546,118
2023-10-21,1089,106,83,63,45,23,18,0.78301886792452835,0.7142857142857143,128
2023-10-22,1089,145,80,91,47,65,44,0.5517241379310345,0.5164835164835165,127
2023-10-23,1089,145,74,51,43,71,8,0.5103448275862069,0.8431372549019608,117
2023-10-24,1089,150,81,57,33,69,24,0.54,0.5789473684210527,114
2023-10-25,1089,148,92,58,39,56,19,0.6216216216216216,0.6724137931034483,131
2023-10-26,1089,104,72,82,30,32,52,0.6923076923076923,0.36585365853658536,102
2023-10-27,1089,117,86,75,41,31,34,0.7350427350427351,0.5466666666666666,127
2023-10-28,1089,144,75,63,38,69,25,0.5208333333333334,0.6031746031746031,113
2023-10-29,1089,111,79,95,43,32,52,0.7117117117117117,0.45263157894736844,122
2023-10-30,1089,138,85,54,32,53,22,0.6159420289855072,0.5925925925925926,117
2023-10-31,1089,109,76,54,33,33,21,0.6972477064220184,0.6111111111111112,109
2023-11-01,1089,134,73,50,39,61,11,0.5447761194029851,0.78,112
2023-11-02,1089,110,72,63,43,38,20,0.6545454545454545,0.6825396825396826,115
2023-11-03,1089,143,77,52,38,66,14,0.5384615384615384,0.7307692307692307,115
2023-11-04,1089,132,69,96,37,63,59,0.5227272727272727,0.3854166666666667,106
2023-11-05,1089,146,78,69,44,68,25,0.5342465753424658,0.6376811594202898,122
2023-11-06,1089,127,76,99,31,51,68,0.5984251968503937,0.31313131313131315,107
2023-11-07,1089,149,82,52,38,67,14,0.5503355704697986,0.7307692307692307,120
2023-11-08,1089,135,77,60,37,58,23,0.5703703703703704,0.6166666666666667,114
2023-11-09,1089,117,79,51,37,38,14,0.6752136752136753,0.7254901960784313,116
2023-11-10,1089,149,87,91,44,62,47,0.5838926174496645,0.4835164835164835,131
2023-11-11,1089,104,89,87,37,15,50,0.8557692307692307,0.42528735632183906,126
2023-11-12,1089,130,77,83,41,53,42,0.5923076923076923,0.4939759036144578,118
2023-11-13,1089,147,82,53,38,65,15,0.5578231292517006,0.71698113207547165,120
2023-11-14,1089,111,75,62,45,36,17,0.6756756756756757,0.7258064516129032,120
2023-11-15,1089,112,85,69,46,27,23,0.7589285714285714,0.6666666666666666,131
2023-11-16,1089,110,79,52,46,31,6,0.7181818181818181,0.8846153846153846,125
2023-11-17,1089,112,100,100,43,12,57,0.8928571428571429,0.43,143
2023-11-18,1089,131,74,85,38,57,47,0.5648854961832062,0.4470588235294118,112
2023-11-19,1089,131,83,92,54,48,38,0.6335877862595419,0.5869565217391305,137
2023-11-20,1089,120,72,65,39,48,26,0.6,0.6,111
2023-11-21,1089,149,73,69,33,76,36,0.4899328859060403,0.4782608695652174,106
2023-11-22,1089,113,95,89,38,18,51,0.8407079646017699,0.42696629213483145,133
2023-11-23,1089,105,68,73,40,37,33,0.6476190476190476,0.547945205479452,108
2023-11-24,1089,116,92,59,52,24,7,0.7931034482758621,0.8813559322033898,144
2023-11-25,1089,141,81,98,33,60,65,0.574468085106383,0.336734693877551,114
2023-11-26,1089,119,86,79,45,33,34,0.7226890756302521,0.569620253164557,131
2023-11-27,1089,128,80,62,39,48,23,0.625,0.6290322580645161,119
2023-11-28,1089,101,89,80,32,12,48,0.8811881188118812,0.4,121
2023-11-29,1089,111,86,58,32,25,26,0.7747747747747747,0.5517241379310345,118
2023-11-30,1089,137,80,96,40,57,56,0.583941605839416,0.4166666666666667,120
2023-12-01,1089,114,98,86,39,16,47,0.8596491228070176,0.45348837209302323,137
2023-12-02,1089,149,96,83,35,53,48,0.6442953020134228,0.42168674698795183,131
2023-12-03,1089,117,78,72,39,39,33,0.6666666666666666,0.5416666666666666,117
2023-12-04,1089,127,85,76,38,42,38,0.6692913385826772,0.5,123
2023-12-05,1089,138,73,72,45,65,27,0.5289855072463768,0.625,118
2023-12-06,1089,143,93,67,38,50,29,0.6503496503496503,0.5671641791044776,131
2023-12-07,1089,140,75,81,53,65,28,0.5357142857142857,0.654320987654321,128
2023-12-08,1089,143,70,65,46,73,19,0.48951048951048953,0.7076923076923077,116
2023-12-09,1089,134,74,53,41,60,12,0.5522388059701493,0.7735849056603774,115
2023-12-10,1089,144,78,65,39,66,26,0.5416666666666666,0.6,117
2023-12-11,1089,139,83,71,41,56,30,0.5971223021582733,0.5774647887323944,124
2023-12-12,1089,108,83,94,33,25,61,0.7685185185185185,0.35106382978723405,116
2023-12-13,1089,145,84,85,47,61,38,0.5793103448275863,0.5529411764705883,131
2023-12-14,1089,111,84,97,44,27,53,0.7567567567567568,0.4536082474226804,128
2023-12-15,1089,124,80,79,42,44,37,0.6451612903225806,0.5316455696202531,122
2023-12-16,1089,117,84,87,43,33,44,0.717948717948718,0.4942528735632184,127
2023-12-17,1089,104,104,71,28,0,43,1,0.39436619718309857,132
2023-12-18,1089,127,83,77,48,44,29,0.6535433070866141,0.6233766233766234,131
2023-12-19,1089,124,67,94,31,57,63,0.5403225806451613,0.32978723404255317,98
2023-12-20,1089,120,83,92,43,37,49,0.6916666666666667,0.4673913043478261,126
2023-12-21,1089,102,82,83,42,20,41,0.803921568627451,0.5060240963855421,124
2023-12-22,1089,111,93,77,38,18,39,0.8378378378378378,0.4935064935064935,131
2023-12-23,1089,139,85,54,51,54,3,0.6115107913669064,0.9444444444444444,136
2023-12-24,1089,145,69,92,41,76,51,0.47586206896551725,0.44565217391304346,110
2023-12-25,1089,107,72,94,43,35,51,0.6728971962616822,0.4574468085106383,115
2023-12-26,1089,148,82,59,37,66,22,0.5540540540540541,0.6271186440677966,119
2023-12-27,1089,125,83,55,34,42,21,0.664,0.6181818181818182,117
2023-12-28,1089,150,90,70,38,60,32,0.6,0.5428571428571428,128
2023-12-29,1089,149,79,88,51,70,37,0.5302013422818792,0.5795454545454546,130
2023-12-30,1089,101,73,61,38,28,23,0.7227722772277227,0.6229508196721312,111
2023-12-31,1089,107,75,51,33,32,18,0.7009345794392523,0.6470588235294118,108
2023-01-01,1090,133,79,56,45,54,11,0.5939849624060151,0.8035714285714286,124
2023-01-02,1090,106,76,54,46,30,8,0.71698113207547165,0.8518518518518519,122
2023-01-03,1090,108,87,96,45,21,51,0.8055555555555556,0.46875,132
2023-01-04,1090,147,87,88,34,60,54,0.5918367346938775,0.38636363636363635,121
2023-01-05,1090,118,64,57,37,54,20,0.5423728813559322,0.6491228070175439,101
2023-01-06,1090,116,82,90,49,34,41,0.7068965517241379,0.5444444444444444,131
2023-01-07,1090,103,88,93,42,15,51,0.8543689320388349,0.45161290322580644,130
2023-01-08,1090,119,68,72,37,51,35,0.5714285714285714,0.5138888888888888,105
2023-01-09,1090,143,74,50,50,69,0,0.5174825174825175,1,124
2023-01-10,1090,144,68,79,44,76,35,0.4722222222222222,0.5569620253164557,112
2023-01-11,1090,136,83,88,54,53,34,0.6102941176470589,0.6136363636363636,137
2023-01-12,1090,120,92,78,33,28,45,0.7666666666666667,0.4230769230769231,125
2023-01-13,1090,102,79,72,49,23,23,0.7745098039215687,0.6805555555555556,128
2023-01-14,1090,134,81,91,40,53,51,0.6044776119402985,0.43956043956043955,121
2023-01-15,1090,111,88,82,40,23,42,0.7927927927927928,0.4878048780487805,128
2023-01-16,1090,136,89,90,33,47,57,0.6544117647058824,0.36666666666666664,122
2023-01-17,1090,116,77,64,46,39,18,0.6637931034482759,0.71875,123
2023-01-18,1090,115,84,61,35,31,26,0.7304347826086957,0.5737704918032787,119
2023-01-19,1090,112,76,59,50,36,9,0.6785714285714286,0.847457627118644,126
2023-01-20,1090,140,77,74,38,63,36,0.55,0.5135135135135135,115
2023-01-21,1090,102,86,67,38,16,29,0.8431372549019608,0.5671641791044776,124
2023-01-22,1090,138,79,62,38,59,24,0.572463768115942,0.6129032258064516,117
2023-01-23,1090,132,77,72,44,55,28,0.5833333333333334,0.6111111111111112,121
2023-01-24,1090,104,82,58,27,22,31,0.7884615384615384,0.46551724137931033,109
2023-01-25,1090,102,79,89,33,23,56,0.7745098039215687,0.3707865168539326,112
2023-01-26,1090,114,82,52,32,32,20,0.7192982456140351,0.6153846153846154,114
2023-01-27,1090,109,76,57,48,33,9,0.6972477064220184,0.8421052631578947,124
2023-01-28,1090,114,85,71,41,29,30,0.7456140350877193,0.5774647887323944,126
2023-01-29,1090,113,66,60,47,47,13,0.584070796460177,0.7833333333333333,113
2023-01-30,1090,105,75,77,42,30,35,0.7142857142857143,0.5454545454545454,117
2023-01-31,1090,135,77,86,33,58,53,0.5703703703703704,0.38372093023255816,110
2023-02-01,1090,125,77,55,44,48,11,0.616,0.8,121
2023-02-02,1090,102,75,78,36,27,42,0.7352941176470589,0.46153846153846156,111
2023-02-03,1090,143,75,90,29,68,61,0.5244755244755245,0.32222222222222224,104
2023-02-04,1090,149,83,60,28,66,32,0.5570469798657718,0.4666666666666667,111
2023-02-05,1090,129,87,50,46,42,4,0.6744186046511628,0.92,133
2023-02-06,1090,109,66,84,37,43,47,0.6055045871559633,0.44047619047619047,103
2023-02-07,1090,136,86,62,41,50,21,0.6323529411764706,0.6612903225806451,127
2023-02-08,1090,111,73,67,37,38,30,0.6576576576576577,0.5522388059701493,110
2023-02-09,1090,111,59,86,46,52,40,0.5315315315315315,0.5348837209302325,105
2023-02-10,1090,120,77,78,44,43,34,0.6416666666666667,0.5641025641025641,121
2023-02-11,1090,110,90,56,31,20,25,0.8181818181818182,0.5535714285714286,121
2023-02-12,1090,147,60,78,38,87,40,0.40816326530612246,0.48717948717948717,98
2023-02-13,1090,144,78,81,40,66,41,0.5416666666666666,0.49382716049382713,118
2023-02-14,1090,116,85,85,44,31,41,0.7327586206896551,0.5176470588235295,129
2023-02-15,1090,100,89,76,22,11,54,0.89,0.2894736842105263,111
2023-02-16,1090,104,68,88,37,36,51,0.6538461538461539,0.42045454545454547,105
2023-02-17,1090,118,73,88,32,45,56,0.6186440677966102,0.36363636363636365,105
2023-02-18,1090,132,86,57,32,46,25,0.6515151515151515,0.5614035087719298,118
2023-02-19,1090,149,84,98,46,65,52,0.5637583892617449,0.46938775510204084,130
2023-02-20,1090,150,86,71,38,64,33,0.5733333333333334,0.5352112676056338,124
2023-02-21,1090,123,61,73,38,62,35,0.4959349593495935,0.5205479452054794,99
2023-02-22,1090,132,70,57,40,62,17,0.5303030303030303,0.7017543859649122,110
2023-02-23,1090,135,84,60,38,51,22,0.6222222222222222,0.6333333333333333,122
2023-02-24,1090,137,95,73,44,42,29,0.6934306569343066,0.6027397260273972,139
2023-02-25,1090,126,77,60,58,49,2,0.6111111111111112,0.9666666666666667,135
2023-02-26,1090,125,77,73,36,48,37,0.616,0.4931506849315068,113
2023-02-27,1090,117,91,66,44,26,22,0.7777777777777778,0.6666666666666666,135
2023-02-28,1090,129,86,89,39,43,50,0.6666666666666666,0.43820224719101125,125
2023-03-01,1090,100,76,61,32,24,29,0.76,0.5245901639344263,108
2023-03-02,1090,105,74,66,55,31,11,0.7047619047619048,0.8333333333333334,129
2023-03-03,1090,112,70,65,52,42,13,0.625,0.8,122
2023-03-04,1090,102,79,77,46,23,31,0.7745098039215687,0.5974025974025974,125
2023-03-05,1090,142,79,97,56,63,41,0.5563380281690141,0.5773195876288659,135
2023-03-06,1090,115,81,61,42,34,19,0.7043478260869566,0.6885245901639344,123
2023-03-07,1090,101,81,86,43,20,43,0.801980198019802,0.5,124
2023-03-08,1090,139,65,81,39,74,42,0.4676258992805755,0.48148148148148145,104
2023-03-09,1090,133,84,54,34,49,20,0.631578947368421,0.6296296296296297,118
2023-03-10,1090,147,77,96,31,70,65,0.5238095238095238,0.3229166666666667,108
2023-03-11,1090,114,84,74,48,30,26,0.7368421052631579,0.6486486486486487,132
2023-03-12,1090,139,70,72,43,69,29,0.5035971223021583,0.5972222222222222,113
2023-03-13,1090,125,104,64,45,21,19,0.832,0.703125,149
2023-03-14,1090,116,74,51,41,42,10,0.6379310344827587,0.803921568627451,115
2023-03-15,1090,112,76,92,55,36,37,0.6785714285714286,0.5978260869565217,131
2023-03-16,1090,129,80,76,26,49,50,0.6201550387596899,0.34210526315789475,106
2023-03-17,1090,133,76,77,55,57,22,0.5714285714285714,0.7142857142857143,131
2023-03-18,1090,109,86,73,28,23,45,0.7889908256880734,0.3835616438356164,114
2023-03-19,1090,103,67,51,27,36,24,0.6504854368932039,0.5294117647058824,94
2023-03-20,1090,103,85,81,43,18,38,0.8252427184466019,0.5308641975308642,128
2023-03-21,1090,106,70,58,32,36,26,0.660377358490566,0.5517241379310345,102
2023-03-22,1090,118,105,96,50,13,46,0.8898305084745762,0.5208333333333334,155
2023-03-23,1090,121,86,78,46,35,32,0.7107438016528925,0.5897435897435898,132
2023-03-24,1090,114,77,97,41,37,56,0.6754385964912281,0.422680412371134,118
2023-03-25,1090,106,70,67,41,36,26,0.660377358490566,0.6119402985074627,111
2023-03-26,1090,132,66,69,47,66,22,0.5,0.6811594202898551,113
2023-03-27,1090,128,82,93,33,46,60,0.640625,0.3548387096774194,115
2023-03-28,1090,127,83,92,39,44,53,0.6535433070866141,0.42391304347826086,122
2023-03-29,1090,144,82,63,31,62,32,0.5694444444444444,0.49206349206349204,113
2023-03-30,1090,145,86,58,44,59,14,0.593103448275862,0.7586206896551724,130
2023-03-31,1090,137,76,76,43,61,33,0.5547445255474452,0.5657894736842105,119
2023-04-01,1090,110,77,88,44,33,44,0.7,0.5,121
2023-04-02,1090,120,81,60,40,39,20,0.675,0.6666666666666666,121
2023-04-03,1090,112,69,68,31,43,37,0.6160714285714286,0.45588235294117646,100
2023-04-04,1090,147,91,95,35,56,60,0.6190476190476191,0.3684210526315789,126
2023-04-05,1090,114,81,73,39,33,34,0.7105263157894737,0.5342465753424658,120
2023-04-06,1090,126,71,57,32,55,25,0.5634920634920635,0.5614035087719298,103
2023-04-07,1090,111,78,91,38,33,53,0.7027027027027027,0.4175824175824176,116
2023-04-08,1090,107,94,91,31,13,60,0.8785046728971962,0.34065934065934067,125
2023-04-09,1090,121,92,86,42,29,44,0.7603305785123967,0.4883720930232558,134
2023-04-10,1090,125,72,100,38,53,62,0.576,0.38,110
2023-04-11,1090,107,67,66,40,40,26,0.6261682242990654,0.6060606060606061,107
2023-04-12,1090,102,75,87,41,27,46,0.7352941176470589,0.47126436781609193,116
2023-04-13,1090,128,88,62,49,40,13,0.6875,0.7903225806451613,137
2023-04-14,1090,128,66,78,38,62,40,0.515625,0.48717948717948717,104
2023-04-15,1090,150,72,69,35,78,34,0.48,0.5072463768115942,107
2023-04-16,1090,122,74,90,35,48,55,0.6065573770491803,0.3888888888888889,109
2023-04-17,1090,120,69,100,39,51,61,0.575,0.39,108
2023-04-18,1090,127,96,74,41,31,33,0.7559055118110236,0.5540540540540541,137
2023-04-19,1090,134,76,55,36,58,19,0.5671641791044776,0.6545454545454545,112
2023-04-20,1090,117,82,89,35,35,54,0.7008547008547008,0.39325842696629215,117
2023-04-21,1090,117,78,81,49,39,32,0.6666666666666666,0.6049382716049383,127
2023-04-22,1090,120,71,77,32,49,45,0.5916666666666667,0.4155844155844156,103
2023-04-23,1090,110,84,66,33,26,33,0.7636363636363637,0.5,117
2023-04-24,1090,142,69,72,45,73,27,0.4859154929577465,0.625,114
2023-04-25,1090,109,82,63,36,27,27,0.7522935779816514,0.5714285714285714,118
2023-04-26,1090,128,87,82,44,41,38,0.6796875,0.5365853658536586,131
2023-04-27,1090,101,77,91,27,24,64,0.7623762376237624,0.2967032967032967,104
2023-04-28,1090,112,85,86,57,27,29,0.7589285714285714,0.6627906976744186,142
2023-04-29,1090,124,75,88,43,49,45,0.6048387096774194,0.48863636363636365,118
2023-04-30,1090,143,61,72,39,82,33,0.42657342657342656,0.5416666666666666,100
2023-05-01,1090,132,78,85,47,54,38,0.5909090909090909,0.5529411764705883,125
2023-05-02,1090,110,79,58,37,31,21,0.7181818181818181,0.6379310344827587,116
2023-05-03,1090,119,66,54,33,53,21,0.5546218487394958,0.6111111111111112,99
2023-05-04,1090,105,85,54,34,20,20,0.8095238095238095,0.6296296296296297,119
2023-05-05,1090,123,75,50,40,48,10,0.6097560975609756,0.8,115
2023-05-06,1090,114,82,58,53,32,5,0.7192982456140351,0.9137931034482759,135
2023-05-07,1090,118,68,87,47,50,40,0.576271186440678,0.5402298850574713,115
2023-05-08,1090,130,76,88,34,54,54,0.5846153846153846,0.38636363636363635,110
2023-05-09,1090,111,86,83,33,25,50,0.7747747747747747,0.39759036144578314,119
2023-05-10,1090,124,78,67,42,46,25,0.6290322580645161,0.6268656716417911,120
2023-05-11,1090,116,72,94,41,44,53,0.6206896551724138,0.43617021276595747,113
2023-05-12,1090,131,80,76,54,51,22,0.6106870229007634,0.7105263157894737,134
2023-05-13,1090,150,86,64,45,64,19,0.5733333333333334,0.703125,131
2023-05-14,1090,110,76,73,28,34,45,0.6909090909090909,0.3835616438356164,104
2023-05-15,1090,108,82,75,42,26,33,0.7592592592592593,0.56,124
2023-05-16,1090,107,84,98,41,23,57,0.7850467289719626,0.41836734693877553,125
2023-05-17,1090,138,67,84,38,71,46,0.4855072463768116,0.4523809523809524,105
2023-05-18,1090,125,62,66,37,63,29,0.496,0.5606060606060606,99
2023-05-19,1090,109,88,57,31,21,26,0.8073394495412844,0.543859649122807,119
2023-05-20,1090,121,82,53,42,39,11,0.6776859504132231,0.7924528301886793,124
2023-05-21,1090,133,62,75,34,71,41,0.46616541353383456,0.4533333333333333,96
2023-05-22,1090,115,91,81,41,24,40,0.7913043478260869,0.5061728395061729,132
2023-05-23,1090,119,74,85,35,45,50,0.6218487394957983,0.4117647058823529,109
2023-05-24,1090,109,72,58,29,37,29,0.6605504587155964,0.5,101
2023-05-25,1090,116,88,56,40,28,16,0.7586206896551724,0.7142857142857143,128
2023-05-26,1090,110,59,51,38,51,13,0.5363636363636364,0.7450980392156863,97
2023-05-27,1090,107,79,78,42,28,36,0.7383177570093458,0.5384615384615384,121
2023-05-28,1090,127,72,65,43,55,22,0.5669291338582677,0.6615384615384615,115
2023-05-29,1090,129,80,75,38,49,37,0.6201550387596899,0.5066666666666667,118
2023-05-30,1090,118,72,50,37,46,13,0.6101694915254238,0.74,109
2023-05-31,1090,101,83,88,41,18,47,0.8217821782178217,0.4659090909090909,124
2023-06-01,1090,149,67,82,37,82,45,0.44966442953020136,0.45121951219512196,104
2023-06-02,1090,146,86,96,48,60,48,0.589041095890411,0.5,134
2023-06-03,1090,123,89,85,42,34,43,0.7235772357723578,0.49411764705882355,131
2023-06-04,1090,124,88,53,34,36,19,0.7096774193548387,0.6415094339622641,122
2023-06-05,1090,144,74,60,37,70,23,0.5138888888888888,0.6166666666666667,111
2023-06-06,1090,117,77,78,27,40,51,0.6581196581196581,0.34615384615384615,104
2023-06-07,1090,143,71,98,45,72,53,0.4965034965034965,0.45918367346938777,116
2023-06-08,1090,139,90,70,30,49,40,0.6474820143884892,0.42857142857142855,120
2023-06-09,1090,111,76,61,35,35,26,0.6846846846846847,0.5737704918032787,111
2023-06-10,1090,131,62,68,39,69,29,0.4732824427480916,0.5735294117647058,101
2023-06-11,1090,143,90,69,46,53,23,0.6293706293706294,0.6666666666666666,136
2023-06-12,1090,114,69,98,41,45,57,0.6052631578947368,0.41836734693877553,110
2023-06-13,1090,100,84,69,51,16,18,0.84,0.7391304347826086,135
2023-06-14,1090,111,76,76,37,35,39,0.6846846846846847,0.4868421052631579,113
2023-06-15,1090,144,80,85,37,64,48,0.5555555555555556,0.43529411764705883,117
2023-06-16,1090,114,68,96,34,46,62,0.5964912280701754,0.3541666666666667,102
2023-06-17,1090,131,79,52,28,52,24,0.6030534351145038,0.5384615384615384,107
2023-06-18,1090,140,70,59,39,70,20,0.5,0.6610169491525424,109
2023-06-19,1090,119,76,96,36,43,60,0.6386554621848739,0.375,112
2023-06-20,1090,109,56,64,29,53,35,0.5137614678899083,0.453125,85
2023-06-21,1090,129,81,82,31,48,51,0.627906976744186,0.3780487804878049,112
2023-06-22,1090,131,74,89,37,57,52,0.5648854961832062,0.4157303370786517,111
2023-06-23,1090,125,78,79,42,47,37,0.624,0.5316455696202531,120
2023-06-24,1090,137,76,97,33,61,64,0.5547445255474452,0.3402061855670103,109
2023-06-25,1090,131,89,57,39,42,18,0.6793893129770993,0.6842105263157895,128
2023-06-26,1090,113,87,79,37,26,42,0.7699115044247787,0.46835443037974683,124
2023-06-27,1090,100,77,67,36,23,31,0.77,0.5373134328358209,113
2023-06-28,1090,133,71,82,48,62,34,0.5338345864661654,0.5853658536585366,119
2023-06-29,1090,104,62,66,33,42,33,0.5961538461538461,0.5,95
2023-06-30,1090,143,85,61,34,58,27,0.5944055944055944,0.5573770491803278,119
2023-07-01,1090,127,67,67,38,60,29,0.5275590551181102,0.5671641791044776,105
2023-07-02,1090,127,89,60,43,38,17,0.7007874015748031,0.7166666666666667,132
2023-07-03,1090,118,78,61,49,40,12,0.6610169491525424,0.8032786885245902,127
2023-07-04,1090,117,83,62,39,34,23,0.7094017094017094,0.6290322580645161,122
2023-07-05,1090,114,82,91,36,32,55,0.7192982456140351,0.3956043956043956,118
2023-07-06,1090,131,91,74,38,40,36,0.6946564885496184,0.5135135135135135,129
2023-07-07,1090,141,77,77,42,64,35,0.5460992907801419,0.5454545454545454,119
2023-07-08,1090,111,88,54,25,23,29,0.7927927927927928,0.46296296296296297,113
2023-07-09,1090,119,96,65,40,23,25,0.8067226890756303,0.6153846153846154,136
2023-07-10,1090,133,73,95,42,60,53,0.5488721804511278,0.4421052631578947,115
2023-07-11,1090,145,95,57,40,50,17,0.6551724137931034,0.7017543859649122,135
2023-07-12,1090,125,96,85,41,29,44,0.768,0.4823529411764706,137
2023-07-13,1090,100,75,83,53,25,30,0.75,0.6385542168674698,128
2023-07-14,1090,106,90,60,34,16,26,0.8490566037735849,0.5666666666666667,124
2023-07-15,1090,105,100,68,42,5,26,0.9523809523809523,0.6176470588235294,142
2023-07-16,1090,107,79,61,43,28,18,0.7383177570093458,0.7049180327868853,122
2023-07-17,1090,114,76,56,37,38,19,0.6666666666666666,0.6607142857142857,113
2023-07-18,1090,142,72,53,37,70,16,0.5070422535211268,0.6981132075471698,109
2023-07-19,1090,135,85,66,30,50,36,0.6296296296296297,0.45454545454545453,115
2023-07-20,1090,147,70,87,30,77,57,0.47619047619047616,0.3448275862068966,100
2023-07-21,1090,127,80,70,48,47,22,0.6299212598425197,0.6857142857142857,128
2023-07-22,1090,128,76,57,34,52,23,0.59375,0.5964912280701754,110
2023-07-23,1090,125,86,79,56,39,23,0.688,0.7088607594936709,142
2023-07-24,1090,146,76,51,48,70,3,0.5205479452054794,0.9411764705882353,124
2023-07-25,1090,130,89,57,35,41,22,0.6846153846153846,0.6140350877192983,124
2023-07-26,1090,125,83,58,45,42,13,0.664,0.7758620689655172,128
2023-07-27,1090,150,86,67,35,64,32,0.5733333333333334,0.5223880597014925,121
2023-07-28,1090,142,83,52,42,59,10,0.5845070422535211,0.8076923076923077,125
2023-07-29,1090,109,65,60,41,44,19,0.5963302752293578,0.6833333333333333,106
2023-07-30,1090,105,68,97,41,37,56,0.6476190476190476,0.422680412371134,109
2023-07-31,1090,107,76,53,39,31,14,0.7102803738317757,0.7358490566037735,115
2023-08-01,1090,143,96,75,38,47,37,0.6713286713286714,0.5066666666666667,134
2023-08-02,1090,100,95,71,43,5,28,0.95,0.6056338028169014,138
2023-08-03,1090,135,70,93,38,65,55,0.5185185185185185,0.40860215053763443,108
2023-08-04,1090,150,95,59,43,55,16,0.6333333333333333,0.7288135593220338,138
2023-08-05,1090,103,85,76,41,18,35,0.8252427184466019,0.5394736842105263,126
2023-08-06,1090,150,64,80,48,86,32,0.4266666666666667,0.6,112
2023-08-07,1090,109,84,86,43,25,43,0.7706422018348624,0.5,127
2023-08-08,1090,127,101,68,48,26,20,0.7952755905511811,0.7058823529411765,149
2023-08-09,1090,111,84,52,36,27,16,0.7567567567567568,0.6923076923076923,120
2023-08-10,1090,135,92,69,33,43,36,0.6814814814814815,0.4782608695652174,125
2023-08-11,1090,127,70,54,34,57,20,0.5511811023622047,0.6296296296296297,104
2023-08-12,1090,125,85,95,43,40,52,0.68,0.45263157894736844,128
2023-08-13,1090,115,79,75,37,36,38,0.6869565217391305,0.49333333333333335,116
2023-08-14,1090,123,73,60,47,50,13,0.5934959349593496,0.7833333333333333,120
2023-08-15,1090,128,92,78,43,36,35,0.71875,0.5512820512820513,135
2023-08-16,1090,137,67,78,54,70,24,0.48905109489051096,0.6923076923076923,121
2023-08-17,1090,141,65,77,49,76,28,0.46099290780141844,0.6363636363636364,114
2023-08-18,1090,114,74,68,39,40,29,0.6491228070175439,0.5735294117647058,113
2023-08-19,1090,108,87,67,44,21,23,0.8055555555555556,0.6567164179104478,131
2023-08-20,1090,142,81,61,32,61,29,0.5704225352112676,0.5245901639344263,113
2023-08-21,1090,132,94,63,41,38,22,0.7121212121212122,0.6507936507936508,135
2023-08-22,1090,138,75,51,44,63,7,0.5434782608695652,0.8627450980392157,119
2023-08-23,1090,137,95,99,37,42,62,0.6934306569343066,0.37373737373737376,132
2023-08-24,1090,128,85,84,40,43,44,0.6640625,0.47619047619047616,125
2023-08-25,1090,130,59,78,48,71,30,0.45384615384615384,0.6153846153846154,107
2023-08-26,1090,129,99,65,41,30,24,0.7674418604651163,0.6307692307692307,140
2023-08-27,1090,113,72,64,45,41,19,0.6371681415929203,0.703125,117
2023-08-28,1090,102,88,73,42,14,31,0.8627450980392157,0.5753424657534246,130
2023-08-29,1090,130,69,54,34,61,20,0.5307692307692308,0.6296296296296297,103
2023-08-30,1090,112,66,93,30,46,63,0.5892857142857143,0.3225806451612903,96
2023-08-31,1090,103,84,80,43,19,37,0.8155339805825242,0.5375,127
2023-09-01,1090,107,92,93,45,15,48,0.8598130841121495,0.4838709677419355,137
2023-09-02,1090,126,97,69,47,29,22,0.7698412698412699,0.6811594202898551,144
2023-09-03,1090,119,80,68,35,39,33,0.6722689075630253,0.5147058823529411,115
2023-09-04,1090,147,80,94,51,67,43,0.54421768707483,0.5425531914893617,131
2023-09-05,1090,118,89,80,48,29,32,0.7542372881355932,0.6,137
2023-09-06,1090,103,68,76,51,35,25,0.6601941747572816,0.6710526315789473,119
2023-09-07,1090,142,86,61,41,56,20,0.6056338028169014,0.6721311475409836,127
2023-09-08,1090,128,92,63,32,36,31,0.71875,0.5079365079365079,124
2023-09-09,1090,111,80,57,36,31,21,0.7207207207207207,0.631578947368421,116
2023-09-10,1090,100,71,53,36,29,17,0.71,0.6792452830188679,107
2023-09-11,1090,126,85,77,44,41,33,0.6746031746031746,0.5714285714285714,129
2023-09-12,1090,144,67,58,44,77,14,0.4652777777777778,0.7586206896551724,111
2023-09-13,1090,111,85,73,45,26,28,0.7657657657657657,0.6164383561643836,130
2023-09-14,1090,102,91,67,44,11,23,0.8921568627450981,0.6567164179104478,135
2023-09-15,1090,106,82,83,42,24,41,0.7735849056603774,0.5060240963855421,124
2023-09-16,1090,102,66,90,50,36,40,0.6470588235294118,0.5555555555555556,116
2023-09-17,1090,135,85,68,39,50,29,0.6296296296296297,0.5735294117647058,124
2023-09-18,1090,112,81,87,39,31,48,0.7232142857142857,0.4482758620689655,120
2023-09-19,1090,105,89,60,33,16,27,0.8476190476190476,0.55,122
2023-09-20,1090,106,75,62,45,31,17,0.7075471698113207,0.7258064516129032,120
2023-09-21,1090,139,81,99,37,58,62,0.5827338129496403,0.37373737373737376,118
2023-09-22,1090,132,77,75,47,55,28,0.5833333333333334,0.6266666666666667,124
2023-09-23,1090,105,82,84,35,23,49,0.780952380952381,0.4166666666666667,117
2023-09-24,1090,131,81,96,42,50,54,0.6183206106870229,0.4375,123
2023-09-25,1090,121,61,99,38,60,61,0.5041322314049587,0.3838383838383838,99
2023-09-26,1090,122,85,78,45,37,33,0.6967213114754098,0.5769230769230769,130
2023-09-27,1090,149,86,66,36,63,30,0.5771812080536913,0.5454545454545454,122
2023-09-28,1090,111,79,94,48,32,46,0.7117117117117117,0.5106382978723404,127
2023-09-29,1090,101,78,100,31,23,69,0.7722772277227723,0.31,109
2023-09-30,1090,147,76,79,38,71,41,0.5170068027210885,0.4810126582278481,114
2023-10-01,1090,111,71,85,35,40,50,0.6396396396396397,0.4117647058823529,106
2023-10-02,1090,123,86,100,46,37,54,0.6991869918699187,0.46,132
2023-10-03,1090,148,86,53,45,62,8,0.581081081081081,0.8490566037735849,131
2023-10-04,1090,145,86,59,27,59,32,0.593103448275862,0.4576271186440678,113
2023-10-05,1090,106,77,97,36,29,61,0.7264150943396226,0.3711340206185567,113
2023-10-06,1090,127,80,92,38,47,54,0.6299212598425197,0.41304347826086957,118
2023-10-07,1090,133,67,80,43,66,37,0.5037593984962406,0.5375,110
2023-10-08,1090,131,97,85,40,34,45,0.7404580152671756,0.47058823529411764,137
2023-10-09,1090,144,102,72,30,42,42,0.7083333333333334,0.4166666666666667,132
2023-10-10,1090,122,91,86,44,31,42,0.7459016393442623,0.5116279069767442,135
2023-10-11,1090,110,76,95,43,34,52,0.6909090909090909,0.45263157894736844,119
2023-10-12,1090,133,103,80,31,30,49,0.7744360902255639,0.3875,134
2023-10-13,1090,150,83,81,51,67,30,0.5533333333333333,0.6296296296296297,134
2023-10-14,1090,107,81,63,45,26,18,0.7570093457943925,0.7142857142857143,126
2023-10-15,1090,121,73,86,29,48,57,0.6033057851239669,0.3372093023255814,102
2023-10-16,1090,132,86,59,42,46,17,0.6515151515151515,0.711864406779661,128
2023-10-17,1090,127,81,62,29,46,33,0.6377952755905512,0.46774193548387094,110
2023-10-18,1090,116,79,74,44,37,30,0.6810344827586207,0.5945945945945946,123
2023-10-19,1090,144,78,95,44,66,51,0.5416666666666666,0.4631578947368421,122
2023-10-20,1090,121,71,73,40,50,33,0.5867768595041323,0.547945205479452,111
2023-10-21,1090,136,69,79,34,67,45,0.5073529411764706,0.43037974683544306,103
2023-10-22,1090,128,81,79,52,47,27,0.6328125,0.6582278481012658,133
2023-10-23,1090,100,72,55,26,28,29,0.72,0.4727272727272727,98
2023-10-24,1090,121,82,96,41,39,55,0.6776859504132231,0.4270833333333333,123
2023-10-25,1090,115,80,57,39,35,18,0.6956521739130435,0.6842105263157895,119
2023-10-26,1090,145,77,87,36,68,51,0.5310344827586206,0.41379310344827586,113
2023-10-27,1090,115,82,84,40,33,44,0.7130434782608696,0.47619047619047616,122
2023-10-28,1090,109,82,61,43,27,18,0.7522935779816514,0.7049180327868853,125
2023-10-29,1090,148,71,87,22,77,65,0.4797297297297297,0.25287356321839083,93
2023-10-30,1090,122,73,81,46,49,35,0.5983606557377049,0.5679012345679012,119
2023-10-31,1090,126,85,72,41,41,31,0.6746031746031746,0.5694444444444444,126
2023-11-01,1090,145,84,61,46,61,15,0.5793103448275863,0.7540983606557377,130
2023-11-02,1090,126,68,59,35,58,24,0.5396825396825397,0.5932203389830508,103
2023-11-03,1090,104,83,51,44,21,7,0.7980769230769231,0.8627450980392157,127
2023-11-04,1090,131,88,83,42,43,41,0.6717557251908397,0.5060240963855421,130
2023-11-05,1090,108,79,99,30,29,69,0.7314814814814815,0.30303030303030304,109
2023-11-06,1090,115,73,88,38,42,50,0.6347826086956522,0.4318181818181818,111
2023-11-07,1090,127,71,89,52,56,37,0.5590551181102362,0.5842696629213483,123
2023-11-08,1090,123,83,68,34,40,34,0.6747967479674797,0.5,117
2023-11-09,1090,111,101,63,33,10,30,0.9099099099099099,0.5238095238095238,134
2023-11-10,1090,109,76,93,44,33,49,0.6972477064220184,0.4731182795698925,120
2023-11-11,1090,150,82,96,44,68,52,0.5466666666666666,0.4583333333333333,126
2023-11-12,1090,142,87,79,35,55,44,0.6126760563380281,0.4430379746835443,122
2023-11-13,1090,106,78,93,30,28,63,0.7358490566037735,0.3225806451612903,108
2023-11-14,1090,100,93,64,35,7,29,0.93,0.546875,128
2023-11-15,1090,111,85,55,37,26,18,0.7657657657657657,0.6727272727272727,122
2023-11-16,1090,134,87,97,54,47,43,0.6492537313432836,0.5567010309278351,141
2023-11-17,1090,122,67,88,37,55,51,0.5491803278688525,0.42045454545454547,104
2023-11-18,1090,108,87,73,40,21,33,0.8055555555555556,0.547945205479452,127
2023-11-19,1090,134,70,66,44,64,22,0.5223880597014925,0.6666666666666666,114
2023-11-20,1090,114,58,72,47,56,25,0.5087719298245614,0.6527777777777778,105
2023-11-21,1090,135,75,91,34,60,57,0.5555555555555556,0.37362637362637363,109
2023-11-22,1090,103,84,89,53,19,36,0.8155339805825242,0.5955056179775281,137
2023-11-23,1090,123,91,100,27,32,73,0.7398373983739838,0.27,118
2023-11-24,1090,128,66,100,45,62,55,0.515625,0.45,111
2023-11-25,1090,142,73,93,46,69,47,0.5140845070422535,0.4946236559139785,119
2023-11-26,1090,129,83,87,35,46,52,0.6434108527131783,0.40229885057471265,118
2023-11-27,1090,113,56,69,32,57,37,0.49557522123893805,0.463768115942029,88
2023-11-28,1090,120,79,66,38,41,28,0.6583333333333333,0.5757575757575758,117
2023-11-29,1090,127,78,98,42,49,56,0.6141732283464567,0.42857142857142855,120
2023-11-30,1090,127,84,72,36,43,36,0.6614173228346457,0.5,120
2023-12-01,1090,114,67,63,50,47,13,0.5877192982456141,0.7936507936507936,117
2023-12-02,1090,101,88,67,38,13,29,0.8712871287128713,0.5671641791044776,126
2023-12-03,1090,114,83,66,36,31,30,0.7280701754385965,0.5454545454545454,119
2023-12-04,1090,123,69,79,39,54,40,0.5609756097560976,0.4936708860759494,108
2023-12-05,1090,143,70,56,37,73,19,0.48951048951048953,0.6607142857142857,107
2023-12-06,1090,127,93,61,48,34,13,0.7322834645669292,0.7868852459016393,141
2023-12-07,1090,108,89,79,37,19,42,0.8240740740740741,0.46835443037974683,126
2023-12-08,1090,117,96,63,33,21,30,0.8205128205128205,0.5238095238095238,129
2023-12-09,1090,136,88,79,29,48,50,0.6470588235294118,0.3670886075949367,117
2023-12-10,1090,123,76,98,41,47,57,0.6178861788617886,0.41836734693877553,117
2023-12-11,1090,146,89,99,41,57,58,0.6095890410958904,0.41414141414141414,130
2023-12-12,1090,142,85,83,44,57,39,0.5985915492957746,0.5301204819277109,129
2023-12-13,1090,105,73,71,30,32,41,0.6952380952380952,0.4225352112676056,103
2023-12-14,1090,127,86,51,35,41,16,0.6771653543307087,0.6862745098039216,121
2023-12-15,1090,101,58,92,45,43,47,0.5742574257425742,0.4891304347826087,103
2023-12-16,1090,125,81,59,46,44,13,0.648,0.7796610169491526,127
2023-12-17,1090,100,86,76,51,14,25,0.86,0.6710526315789473,137
2023-12-18,1090,113,77,90,45,36,45,0.6814159292035398,0.5,122
2023-12-19,1090,143,85,76,34,58,42,0.5944055944055944,0.4473684210526316,119
2023-12-20,1090,146,82,53,31,64,22,0.5616438356164384,0.5849056603773585,113
2023-12-21,1090,119,66,75,42,53,33,0.5546218487394958,0.56,108
2023-12-22,1090,121,80,77,46,41,31,0.6611570247933884,0.5974025974025974,126
2023-12-23,1090,106,79,59,25,27,34,0.7452830188679245,0.423728813559322,104
2023-12-24,1090,127,70,92,39,57,53,0.5511811023622047,0.42391304347826086,109
2023-12-25,1090,144,72,70,47,72,23,0.5,0.6714285714285714,119
2023-12-26,1090,150,71,77,35,79,42,0.47333333333333333,0.45454545454545453,106
2023-12-27,1090,123,67,54,38,56,16,0.5447154471544715,0.7037037037037037,105
2023-12-28,1090,110,79,87,37,31,50,0.7181818181818181,0.42528735632183906,116
2023-12-29,1090,117,67,73,31,50,42,0.5726495726495726,0.4246575342465753,98
2023-12-30,1090,146,78,87,48,68,39,0.5342465753424658,0.5517241379310345,126
2023-12-31,1090,145,79,66,40,66,26,0.5448275862068965,0.6060606060606061,119
2023-01-01,1091,126,71,67,37,55,30,0.5634920634920635,0.5522388059701493,108
2023-01-02,1091,117,84,77,36,33,41,0.717948717948718,0.4675324675324675,120
2023-01-03,1091,127,84,64,36,43,28,0.6614173228346457,0.5625,120
2023-01-04,1091,124,77,94,35,47,59,0.6209677419354839,0.3723404255319149,112
2023-01-05,1091,139,101,92,55,38,37,0.7266187050359713,0.5978260869565217,156
2023-01-06,1091,143,83,100,36,60,64,0.5804195804195804,0.36,119
2023-01-07,1091,145,81,50,33,64,17,0.5586206896551724,0.66,114
2023-01-08,1091,114,96,61,39,18,22,0.8421052631578947,0.639344262295082,135
2023-01-09,1091,122,87,69,41,35,28,0.7131147540983607,0.5942028985507246,128
2023-01-10,1091,133,65,80,55,68,25,0.48872180451127817,0.6875,120
2023-01-11,1091,106,92,84,27,14,57,0.8679245283018868,0.32142857142857145,119
2023-01-12,1091,116,86,90,42,30,48,0.7413793103448276,0.4666666666666667,128
2023-01-13,1091,141,73,98,39,68,59,0.5177304964539007,0.3979591836734694,112
2023-01-14,1091,103,77,75,49,26,26,0.7475728155339806,0.6533333333333333,126
2023-01-15,1091,134,82,78,44,52,34,0.6119402985074627,0.5641025641025641,126
2023-01-16,1091,103,82,90,50,21,40,0.7961165048543689,0.5555555555555556,132
2023-01-17,1091,135,74,58,46,61,12,0.5481481481481482,0.7931034482758621,120
2023-01-18,1091,135,74,77,29,61,48,0.5481481481481482,0.37662337662337664,103
2023-01-19,1091,100,75,96,33,25,63,0.75,0.34375,108
2023-01-20,1091,113,76,95,36,37,59,0.672566371681416,0.37894736842105264,112
2023-01-21,1091,137,66,89,31,71,58,0.48175182481751827,0.34831460674157305,97
2023-01-22,1091,114,77,68,35,37,33,0.6754385964912281,0.5147058823529411,112
2023-01-23,1091,104,90,56,38,14,18,0.8653846153846154,0.6785714285714286,128
2023-01-24,1091,141,78,79,42,63,37,0.5531914893617021,0.5316455696202531,120
2023-01-25,1091,114,84,88,30,30,58,0.7368421052631579,0.3409090909090909,114
2023-01-26,1091,144,70,77,33,74,44,0.4861111111111111,0.42857142857142855,103
2023-01-27,1091,113,70,66,31,43,35,0.6194690265486725,0.4696969696969697,101
2023-01-28,1091,131,70,59,40,61,19,0.5343511450381679,0.6779661016949152,110
2023-01-29,1091,107,73,55,32,34,23,0.6822429906542056,0.5818181818181818,105
2023-01-30,1091,129,67,66,51,62,15,0.5193798449612403,0.7727272727272727,118
2023-01-31,1091,108,80,72,38,28,34,0.7407407407407407,0.5277777777777778,118
2023-02-01,1091,127,79,76,50,48,26,0.6220472440944882,0.6578947368421053,129
2023-02-02,1091,122,65,65,29,57,36,0.5327868852459017,0.4461538461538462,94
2023-02-03,1091,105,93,89,51,12,38,0.8857142857142857,0.5730337078651685,144
2023-02-04,1091,107,86,86,31,21,55,0.8037383177570093,0.36046511627906974,117
2023-02-05,1091,142,82,87,43,60,44,0.5774647887323944,0.4942528735632184,125
2023-02-06,1091,128,81,74,46,47,28,0.6328125,0.6216216216216216,127
2023-02-07,1091,121,87,58,31,34,27,0.71900826446281,0.5344827586206896,118
2023-02-08,1091,150,94,87,44,56,43,0.6266666666666667,0.5057471264367817,138
2023-02-09,1091,129,77,75,43,52,32,0.5968992248062015,0.5733333333333334,120
2023-02-10,1091,140,64,94,51,76,43,0.45714285714285713,0.5425531914893617,115
2023-02-11,1091,108,89,51,36,19,15,0.8240740740740741,0.7058823529411765,125
2023-02-12,1091,120,60,79,46,60,33,0.5,0.5822784810126582,106
2023-02-13,1091,124,77,86,41,47,45,0.6209677419354839,0.47674418604651164,118
2023-02-14,1091,105,92,78,54,13,24,0.8761904761904762,0.6923076923076923,146
2023-02-15,1091,105,97,66,41,8,25,0.9238095238095239,0.6212121212121212,138
2023-02-16,1091,133,80,69,28,53,41,0.6015037593984962,0.4057971014492754,108
2023-02-17,1091,109,82,79,37,27,42,0.7522935779816514,0.46835443037974683,119
2023-02-18,1091,118,69,69,26,49,43,0.5847457627118644,0.37681159420289856,95
2023-02-19,1091,137,87,51,51,50,0,0.635036496350365,1,138
2023-02-20,1091,121,83,50,35,38,15,0.6859504132231405,0.7,118
2023-02-21,1091,147,71,100,40,76,60,0.48299319727891155,0.4,111
2023-02-22,1091,136,71,78,36,65,42,0.5220588235294118,0.46153846153846156,107
2023-02-23,1091,127,67,94,46,60,48,0.5275590551181102,0.48936170212765956,113
2023-02-24,1091,101,76,88,42,25,46,0.7524752475247525,0.4772727272727273,118
2023-02-25,1091,116,63,95,45,53,50,0.5431034482758621,0.47368421052631576,108
2023-02-26,1091,150,81,95,27,69,68,0.54,0.28421052631578947,108
2023-02-27,1091,101,78,88,36,23,52,0.7722772277227723,0.4090909090909091,114
2023-02-28,1091,125,83,65,57,42,8,0.664,0.8769230769230769,140
2023-03-01,1091,150,89,50,37,61,13,0.5933333333333334,0.74,126
2023-03-02,1091,103,80,87,51,23,36,0.7766990291262136,0.5862068965517241,131
2023-03-03,1091,148,74,66,51,74,15,0.5,0.7727272727272727,125
2023-03-04,1091,127,85,90,42,42,48,0.6692913385826772,0.4666666666666667,127
2023-03-05,1091,111,82,60,57,29,3,0.7387387387387387,0.95,139
2023-03-06,1091,121,92,100,39,29,61,0.7603305785123967,0.39,131
2023-03-07,1091,104,75,84,44,29,40,0.7211538461538461,0.5238095238095238,119
2023-03-08,1091,139,76,98,42,63,56,0.5467625899280576,0.42857142857142855,118
2023-03-09,1091,130,92,63,44,38,19,0.7076923076923077,0.6984126984126984,136
2023-03-10,1091,112,81,58,35,31,23,0.7232142857142857,0.603448275862069,116
2023-03-11,1091,137,61,78,38,76,40,0.44525547445255476,0.48717948717948717,99
2023-03-12,1091,107,76,64,36,31,28,0.7102803738317757,0.5625,112
2023-03-13,1091,150,82,51,49,68,2,0.5466666666666666,0.9607843137254902,131
2023-03-14,1091,111,88,68,44,23,24,0.7927927927927928,0.6470588235294118,132
2023-03-15,1091,104,73,87,36,31,51,0.7019230769230769,0.41379310344827586,109
2023-03-16,1091,124,65,82,46,59,36,0.5241935483870968,0.5609756097560976,111
2023-03-17,1091,100,81,60,43,19,17,0.81,0.7166666666666667,124
2023-03-18,1091,107,82,67,28,25,39,0.7663551401869159,0.417910447761194,110
2023-03-19,1091,112,76,64,31,36,33,0.6785714285714286,0.484375,107
2023-03-20,1091,143,84,84,42,59,42,0.5874125874125874,0.5,126
2023-03-21,1091,104,67,72,51,37,21,0.6442307692307693,0.7083333333333334,118
2023-03-22,1091,137,88,50,40,49,10,0.6423357664233577,0.8,128
2023-03-23,1091,132,76,52,43,56,9,0.5757575757575758,0.8269230769230769,119
2023-03-24,1091,138,82,72,43,56,29,0.5942028985507246,0.5972222222222222,125
2023-03-25,1091,147,83,66,32,64,34,0.564625850340136,0.48484848484848486,115
2023-03-26,1091,128,93,68,37,35,31,0.7265625,0.5441176470588235,130
2023-03-27,1091,114,74,77,46,40,31,0.6491228070175439,0.5974025974025974,120
2023-03-28,1091,124,78,87,41,46,46,0.6290322580645161,0.47126436781609193,119
2023-03-29,1091,114,91,67,52,23,15,0.7982456140350878,0.7761194029850746,143
2023-03-30,1091,143,89,52,40,54,12,0.6223776223776224,0.7692307692307693,129
2023-03-31,1091,105,97,93,38,8,55,0.9238095238095239,0.40860215053763443,135
2023-04-01,1091,110,81,52,44,29,8,0.7363636363636363,0.8461538461538461,125
2023-04-02,1091,138,91,75,38,47,37,0.6594202898550725,0.5066666666666667,129
2023-04-03,1091,128,84,65,44,44,21,0.65625,0.676923076923077,128
2023-04-04,1091,148,89,91,45,59,46,0.6013513513513513,0.4945054945054945,134
2023-04-05,1091,119,95,84,34,24,50,0.7983193277310925,0.40476190476190477,129
2023-04-06,1091,109,74,86,34,35,52,0.6788990825688074,0.3953488372093023,108
2023-04-07,1091,129,78,61,31,51,30,0.6046511627906976,0.5081967213114754,109
2023-04-08,1091,140,78,64,57,62,7,0.5571428571428572,0.890625,135
2023-04-09,1091,135,89,85,29,46,56,0.6592592592592592,0.3411764705882353,118
2023-04-10,1091,103,77,69,33,26,36,0.7475728155339806,0.4782608695652174,110
2023-04-11,1091,129,84,74,45,45,29,0.6511627906976745,0.6081081081081081,129
2023-04-12,1091,142,84,96,40,58,56,0.5915492957746479,0.4166666666666667,124
2023-04-13,1091,138,75,71,43,63,28,0.5434782608695652,0.6056338028169014,118
2023-04-14,1091,108,71,53,42,37,11,0.6574074074074074,0.7924528301886793,113
2023-04-15,1091,120,83,82,30,37,52,0.6916666666666667,0.36585365853658536,113
2023-04-16,1091,133,81,86,30,52,56,0.6090225563909775,0.3488372093023256,111
2023-04-17,1091,150,75,68,39,75,29,0.5,0.5735294117647058,114
2023-04-18,1091,113,82,76,41,31,35,0.7256637168141593,0.5394736842105263,123
2023-04-19,1091,107,62,52,31,45,21,0.5794392523364486,0.5961538461538461,93
2023-04-20,1091,104,82,50,44,22,6,0.7884615384615384,0.88,126
2023-04-21,1091,125,73,78,48,52,30,0.584,0.6153846153846154,121
2023-04-22,1091,119,65,50,39,54,11,0.5462184873949579,0.78,104
2023-04-23,1091,112,77,84,52,35,32,0.6875,0.6190476190476191,129
2023-04-24,1091,136,76,70,37,60,33,0.5588235294117647,0.5285714285714286,113
2023-04-25,1091,139,84,100,43,55,57,0.60431654676259,0.43,127
2023-04-26,1091,101,85,82,42,16,40,0.8415841584158416,0.5121951219512195,127
2023-04-27,1091,133,71,89,47,62,42,0.5338345864661654,0.5280898876404494,118
2023-04-28,1091,147,73,96,39,74,57,0.4965986394557823,0.40625,112
2023-04-29,1091,108,80,75,32,28,43,0.7407407407407407,0.4266666666666667,112
2023-04-30,1091,126,81,93,41,45,52,0.6428571428571429,0.44086021505376344,122
2023-05-01,1091,147,73,76,49,74,27,0.4965986394557823,0.6447368421052632,122
2023-05-02,1091,128,83,53,35,45,18,0.6484375,0.660377358490566,118
2023-05-03,1091,139,84,98,35,55,63,0.60431654676259,0.35714285714285715,119
2023-05-04,1091,140,83,97,47,57,50,0.5928571428571429,0.4845360824742268,130
2023-05-05,1091,119,64,65,35,55,30,0.5378151260504201,0.5384615384615384,99
2023-05-06,1091,143,85,96,44,58,52,0.5944055944055944,0.4583333333333333,129
2023-05-07,1091,120,92,55,38,28,17,0.7666666666666667,0.6909090909090909,130
2023-05-08,1091,118,77,93,45,41,48,0.652542372881356,0.4838709677419355,122
2023-05-09,1091,105,74,62,44,31,18,0.7047619047619048,0.7096774193548387,118
2023-05-10,1091,106,61,79,43,45,36,0.5754716981132075,0.5443037974683544,104
2023-05-11,1091,133,84,56,47,49,9,0.631578947368421,0.8392857142857143,131
2023-05-12,1091,123,63,67,38,60,29,0.5121951219512195,0.5671641791044776,101
2023-05-13,1091,122,78,55,46,44,9,0.639344262295082,0.8363636363636363,124
2023-05-14,1091,146,72,99,40,74,59,0.4931506849315068,0.40404040404040403,112
2023-05-15,1091,104,80,60,42,24,18,0.7692307692307693,0.7,122
2023-05-16,1091,148,76,86,35,72,51,0.5135135135135135,0.4069767441860465,111
2023-05-17,1091,140,77,91,42,63,49,0.55,0.46153846153846156,119
2023-05-18,1091,107,83,85,55,24,30,0.7757009345794392,0.6470588235294118,138
2023-05-19,1091,138,84,72,36,54,36,0.6086956521739131,0.5,120
2023-05-20,1091,135,88,99,39,47,60,0.6518518518518519,0.3939393939393939,127
2023-05-21,1091,140,82,93,32,58,61,0.5857142857142857,0.34408602150537637,114
2023-05-22,1091,103,77,91,44,26,47,0.7475728155339806,0.4835164835164835,121
2023-05-23,1091,139,91,73,45,48,28,0.6546762589928058,0.6164383561643836,136
2023-05-24,1091,113,81,88,40,32,48,0.7168141592920354,0.45454545454545453,121
2023-05-25,1091,146,79,86,41,67,45,0.541095890410959,0.47674418604651164,120
2023-05-26,1091,116,73,59,36,43,23,0.6293103448275862,0.6101694915254238,109
2023-05-27,1091,119,85,94,34,34,60,0.7142857142857143,0.3617021276595745,119
2023-05-28,1091,147,82,60,30,65,30,0.5578231292517006,0.5,112
2023-05-29,1091,111,72,81,48,39,33,0.6486486486486487,0.5925925925925926,120
2023-05-30,1091,140,78,98,44,62,54,0.5571428571428572,0.4489795918367347,122
2023-05-31,1091,106,85,89,40,21,49,0.8018867924528302,0.449438202247191,125
2023-06-01,1091,106,83,83,32,23,51,0.78301886792452835,0.3855421686746988,115
2023-06-02,1091,121,84,95,52,37,43,0.6942148760330579,0.5473684210526316,136
2023-06-03,1091,117,90,70,40,27,30,0.7692307692307693,0.5714285714285714,130
2023-06-04,1091,141,69,61,37,72,24,0.48936170212765956,0.6065573770491803,106
2023-06-05,1091,119,73,67,37,46,30,0.6134453781512605,0.5522388059701493,110
2023-06-06,1091,139,76,100,32,63,68,0.5467625899280576,0.32,108
2023-06-07,1091,126,67,52,23,59,29,0.5317460317460317,0.4423076923076923,90
2023-06-08,1091,100,84,65,37,16,28,0.84,0.5692307692307692,121
2023-06-09,1091,143,70,52,52,73,0,0.48951048951048953,1,122
2023-06-10,1091,112,84,92,43,28,49,0.75,0.4673913043478261,127
2023-06-11,1091,141,69,78,49,72,29,0.48936170212765956,0.6282051282051282,118
2023-06-12,1091,143,76,95,34,67,61,0.5314685314685315,0.35789473684210527,110
2023-06-13,1091,106,66,93,32,40,61,0.6226415094339622,0.34408602150537637,98
2023-06-14,1091,126,89,68,34,37,34,0.7063492063492064,0.5,123
2023-06-15,1091,119,75,90,48,44,42,0.6302521008403361,0.5333333333333333,123
2023-06-16,1091,143,73,98,53,70,45,0.5104895104895105,0.5408163265306123,126
2023-06-17,1091,137,69,61,46,68,15,0.5036496350364964,0.7540983606557377,115
2023-06-18,1091,119,74,85,45,45,40,0.6218487394957983,0.5294117647058824,119
2023-06-19,1091,148,68,82,42,80,40,0.4594594594594595,0.5121951219512195,110
2023-06-20,1091,149,78,66,33,71,33,0.5234899328859061,0.5,111
2023-06-21,1091,111,70,53,31,41,22,0.6306306306306306,0.5849056603773585,101
2023-06-22,1091,148,70,84,31,78,53,0.47297297297297297,0.36904761904761907,101
2023-06-23,1091,129,75,97,40,54,57,0.5813953488372093,0.41237113402061853,115
2023-06-24,1091,117,90,64,40,27,24,0.7692307692307693,0.625,130
2023-06-25,1091,121,67,97,49,54,48,0.5537190082644629,0.5051546391752577,116
2023-06-26,1091,144,91,56,34,53,22,0.6319444444444444,0.6071428571428571,125
2023-06-27,1091,133,85,97,37,48,60,0.6390977443609023,0.38144329896907214,122
2023-06-28,1091,146,86,78,49,60,29,0.589041095890411,0.6282051282051282,135
2023-06-29,1091,139,100,85,41,39,44,0.7194244604316546,0.4823529411764706,141
2023-06-30,1091,136,65,100,47,71,53,0.47794117647058826,0.47,112
2023-07-01,1091,120,80,73,44,40,29,0.6666666666666666,0.6027397260273972,124
2023-07-02,1091,133,76,51,43,57,8,0.5714285714285714,0.8431372549019608,119
2023-07-03,1091,110,74,87,46,36,41,0.6727272727272727,0.5287356321839081,120
2023-07-04,1091,140,75,90,44,65,46,0.5357142857142857,0.4888888888888889,119
2023-07-05,1091,137,73,83,40,64,43,0.5328467153284672,0.4819277108433735,113
2023-07-06,1091,112,75,83,42,37,41,0.6696428571428571,0.5060240963855421,117
2023-07-07,1091,146,77,70,46,69,24,0.5273972602739726,0.6571428571428571,123
2023-07-08,1091,139,71,63,35,68,28,0.5107913669064749,0.5555555555555556,106
2023-07-09,1091,150,66,72,39,84,33,0.44,0.5416666666666666,105
2023-07-10,1091,108,67,67,35,41,32,0.6203703703703703,0.5223880597014925,102
2023-07-11,1091,123,80,78,38,43,40,0.6504065040650406,0.48717948717948717,118
2023-07-12,1091,120,85,88,33,35,55,0.7083333333333334,0.375,118
2023-07-13,1091,139,55,89,33,84,56,0.39568345323741005,0.3707865168539326,88
2023-07-14,1091,142,75,98,37,67,61,0.528169014084507,0.37755102040816324,112
2023-07-15,1091,147,78,60,38,69,22,0.5306122448979592,0.6333333333333333,116
2023-07-16,1091,103,73,88,45,30,43,0.7087378640776699,0.5113636363636364,118
2023-07-17,1091,113,67,78,45,46,33,0.5929203539823009,0.5769230769230769,112
2023-07-18,1091,142,102,71,45,40,26,0.7183098591549296,0.6338028169014085,147
2023-07-19,1091,114,85,64,42,29,22,0.7456140350877193,0.65625,127
2023-07-20,1091,108,79,66,42,29,24,0.7314814814814815,0.6363636363636364,121
2023-07-21,1091,126,86,96,42,40,54,0.6825396825396826,0.4375,128
2023-07-22,1091,121,92,84,36,29,48,0.7603305785123967,0.42857142857142855,128
2023-07-23,1091,123,86,84,30,37,54,0.6991869918699187,0.35714285714285715,116
2023-07-24,1091,140,91,87,30,49,57,0.65,0.3448275862068966,121
2023-07-25,1091,145,77,64,44,68,20,0.5310344827586206,0.6875,121
2023-07-26,1091,143,58,69,36,85,33,0.40559440559440557,0.5217391304347826,94
2023-07-27,1091,113,85,56,43,28,13,0.7522123893805309,0.7678571428571429,128
2023-07-28,1091,146,72,82,38,74,44,0.4931506849315068,0.4634146341463415,110
2023-07-29,1091,121,76,70,37,45,33,0.628099173553719,0.5285714285714286,113
2023-07-30,1091,136,85,99,42,51,57,0.625,0.42424242424242425,127
2023-07-31,1091,117,69,96,55,48,41,0.5897435897435898,0.5729166666666666,124
2023-08-01,1091,115,88,76,30,27,46,0.7652173913043478,0.39473684210526316,118
2023-08-02,1091,136,80,50,34,56,16,0.5882352941176471,0.68,114
2023-08-03,1091,147,85,89,41,62,48,0.5782312925170068,0.4606741573033708,126
2023-08-04,1091,136,71,63,57,65,6,0.5220588235294118,0.9047619047619048,128
2023-08-05,1091,143,79,91,59,64,32,0.5524475524475524,0.6483516483516484,138
2023-08-06,1091,146,81,63,41,65,22,0.5547945205479452,0.6507936507936508,122
2023-08-07,1091,133,78,98,38,55,60,0.5864661654135338,0.3877551020408163,116
2023-08-08,1091,118,84,84,37,34,47,0.711864406779661,0.44047619047619047,121
2023-08-09,1091,137,71,90,44,66,46,0.5182481751824818,0.4888888888888889,115
2023-08-10,1091,117,74,63,36,43,27,0.6324786324786325,0.5714285714285714,110
2023-08-11,1091,110,85,65,41,25,24,0.7727272727272727,0.6307692307692307,126
2023-08-12,1091,113,78,89,37,35,52,0.6902654867256637,0.4157303370786517,115
2023-08-13,1091,142,77,85,48,65,37,0.5422535211267606,0.5647058823529412,125
2023-08-14,1091,146,94,93,37,52,56,0.6438356164383562,0.3978494623655914,131
2023-08-15,1091,142,62,72,38,80,34,0.43661971830985913,0.5277777777777778,100
2023-08-16,1091,128,70,77,38,58,39,0.546875,0.4935064935064935,108
2023-08-17,1091,115,81,55,39,34,16,0.7043478260869566,0.7090909090909091,120
2023-08-18,1091,104,86,68,35,18,33,0.8269230769230769,0.5147058823529411,121
2023-08-19,1091,102,81,74,36,21,38,0.7941176470588235,0.4864864864864865,117
2023-08-20,1091,140,63,65,35,77,30,0.45,0.5384615384615384,98
2023-08-21,1091,135,63,88,31,72,57,0.4666666666666667,0.3522727272727273,94
2023-08-22,1091,112,70,77,39,42,38,0.625,0.5064935064935064,109
2023-08-23,1091,132,65,94,41,67,53,0.49242424242424243,0.43617021276595747,106
2023-08-24,1091,145,76,77,50,69,27,0.5241379310344828,0.6493506493506493,126
2023-08-25,1091,133,72,70,30,61,40,0.5413533834586466,0.42857142857142855,102
2023-08-26,1091,137,88,73,50,49,23,0.6423357664233577,0.684931506849315,138
2023-08-27,1091,148,85,88,40,63,48,0.5743243243243243,0.45454545454545453,125
2023-08-28,1091,139,83,59,42,56,17,0.5971223021582733,0.711864406779661,125
2023-08-29,1091,143,69,63,40,74,23,0.4825174825174825,0.6349206349206349,109
2023-08-30,1091,123,78,59,44,45,15,0.6341463414634146,0.7457627118644068,122
2023-08-31,1091,145,98,64,27,47,37,0.6758620689655173,0.421875,125
2023-09-01,1091,133,87,72,30,46,42,0.6541353383458647,0.4166666666666667,117
2023-09-02,1091,140,57,94,36,83,58,0.40714285714285714,0.3829787234042553,93
2023-09-03,1091,136,73,83,41,63,42,0.5367647058823529,0.4939759036144578,114
2023-09-04,1091,123,76,63,42,47,21,0.6178861788617886,0.6666666666666666,118
2023-09-05,1091,129,83,52,44,46,8,0.6434108527131783,0.8461538461538461,127
2023-09-06,1091,142,74,80,43,68,37,0.5211267605633803,0.5375,117
2023-09-07,1091,104,68,74,46,36,28,0.6538461538461539,0.6216216216216216,114
2023-09-08,1091,114,71,94,31,43,63,0.6228070175438597,0.32978723404255317,102
2023-09-09,1091,102,91,90,30,11,60,0.8921568627450981,0.3333333333333333,121
2023-09-10,1091,135,86,96,53,49,43,0.6370370370370371,0.5520833333333334,139
2023-09-11,1091,137,70,91,46,67,45,0.5109489051094891,0.5054945054945055,116
2023-09-12,1091,106,83,77,32,23,45,0.78301886792452835,0.4155844155844156,115
2023-09-13,1091,135,76,95,43,59,52,0.562962962962963,0.45263157894736844,119
2023-09-14,1091,147,81,80,38,66,42,0.5510204081632653,0.475,119
2023-09-15,1091,150,74,90,37,76,53,0.49333333333333335,0.4111111111111111,111
2023-09-16,1091,105,78,98,26,27,72,0.7428571428571429,0.2653061224489796,104
2023-09-17,1091,143,68,89,33,75,56,0.4755244755244755,0.3707865168539326,101
2023-09-18,1091,124,87,55,39,37,16,0.7016129032258065,0.7090909090909091,126
2023-09-19,1091,125,91,50,42,34,8,0.728,0.84,133
2023-09-20,1091,119,97,53,36,22,17,0.8151260504201681,0.6792452830188679,133
2023-09-21,1091,104,76,69,51,28,18,0.7307692307692307,0.7391304347826086,127
2023-09-22,1091,132,68,84,31,64,53,0.5151515151515151,0.36904761904761907,99
2023-09-23,1091,118,72,89,42,46,47,0.6101694915254238,0.47191011235955055,114
2023-09-24,1091,109,91,71,41,18,30,0.8348623853211009,0.5774647887323944,132
2023-09-25,1091,109,81,83,38,28,45,0.7431192660550459,0.4578313253012048,119
2023-09-26,1091,117,85,76,40,32,36,0.7264957264957265,0.5263157894736842,125
2023-09-27,1091,145,87,94,39,58,55,0.6,0.4148936170212766,126
2023-09-28,1091,150,73,68,45,77,23,0.4866666666666667,0.6617647058823529,118
2023-09-29,1091,103,76,87,50,27,37,0.7378640776699029,0.5747126436781609,126
2023-09-30,1091,141,75,74,42,66,32,0.5319148936170213,0.5675675675675675,117
2023-10-01,1091,124,66,100,51,58,49,0.532258064516129,0.51,117
2023-10-02,1091,100,64,94,47,36,47,0.64,0.5,111
2023-10-03,1091,124,82,58,39,42,19,0.6612903225806451,0.6724137931034483,121
2023-10-04,1091,113,89,70,29,24,41,0.7876106194690266,0.4142857142857143,118
2023-10-05,1091,137,84,64,38,53,26,0.6131386861313869,0.59375,122
2023-10-06,1091,110,82,57,34,28,23,0.7454545454545455,0.5964912280701754,116
2023-10-07,1091,138,82,62,43,56,19,0.5942028985507246,0.6935483870967742,125
2023-10-08,1091,126,88,54,39,38,15,0.6984126984126984,0.7222222222222222,127
2023-10-09,1091,100,82,55,45,18,10,0.82,0.8181818181818182,127
2023-10-10,1091,125,61,83,44,64,39,0.488,0.5301204819277109,105
2023-10-11,1091,136,88,96,59,48,37,0.6470588235294118,0.6145833333333334,147
2023-10-12,1091,109,85,60,41,24,19,0.7798165137614679,0.6833333333333333,126
2023-10-13,1091,149,71,60,41,78,19,0.47651006711409394,0.6833333333333333,112
2023-10-14,1091,137,80,77,45,57,32,0.583941605839416,0.5844155844155844,125
2023-10-15,1091,135,76,52,46,59,6,0.562962962962963,0.8846153846153846,122
2023-10-16,1091,105,78,54,29,27,25,0.7428571428571429,0.5370370370370371,107
2023-10-17,1091,145,78,61,35,67,26,0.5379310344827586,0.5737704918032787,113
2023-10-18,1091,128,81,89,36,47,53,0.6328125,0.4044943820224719,117
2023-10-19,1091,111,90,94,34,21,60,0.8108108108108109,0.3617021276595745,124
2023-10-20,1091,106,79,94,48,27,46,0.7452830188679245,0.5106382978723404,127
2023-10-21,1091,122,79,63,42,43,21,0.6475409836065574,0.6666666666666666,121
2023-10-22,1091,133,76,93,37,57,56,0.5714285714285714,0.3978494623655914,113
2023-10-23,1091,111,72,66,45,39,21,0.6486486486486487,0.6818181818181818,117
2023-10-24,1091,116,83,62,36,33,26,0.7155172413793104,0.5806451612903226,119
2023-10-25,1091,105,86,89,35,19,54,0.819047619047619,0.39325842696629215,121
2023-10-26,1091,104,83,65,37,21,28,0.7980769230769231,0.5692307692307692,120
2023-10-27,1091,106,86,60,48,20,12,0.8113207547169812,0.8,134
2023-10-28,1091,114,77,62,40,37,22,0.6754385964912281,0.6451612903225806,117
2023-10-29,1091,140,77,99,45,63,54,0.55,0.45454545454545453,122
2023-10-30,1091,141,80,86,53,61,33,0.5673758865248227,0.6162790697674418,133
2023-10-31,1091,126,63,54,46,63,8,0.5,0.8518518518518519,109
2023-11-01,1091,143,73,79,46,70,33,0.5104895104895105,0.5822784810126582,119
2023-11-02,1091,142,76,74,34,66,40,0.5352112676056338,0.4594594594594595,110
2023-11-03,1091,143,73,94,50,70,44,0.5104895104895105,0.5319148936170213,123
2023-11-04,1091,142,76,85,36,66,49,0.5352112676056338,0.4235294117647059,112
2023-11-05,1091,102,80,95,32,22,63,0.7843137254901961,0.3368421052631579,112
2023-11-06,1091,129,67,69,42,62,27,0.5193798449612403,0.6086956521739131,109
2023-11-07,1091,130,90,70,43,40,27,0.6923076923076923,0.6142857142857143,133
2023-11-08,1091,135,83,66,44,52,22,0.6148148148148148,0.6666666666666666,127
2023-11-09,1091,102,102,87,46,0,41,1,0.5287356321839081,148
2023-11-10,1091,121,83,82,47,38,35,0.6859504132231405,0.573170731707317,130
2023-11-11,1091,149,64,88,47,85,41,0.42953020134228187,0.5340909090909091,111
2023-11-12,1091,130,93,88,42,37,46,0.7153846153846154,0.4772727272727273,135
2023-11-13,1091,118,69,94,46,49,48,0.5847457627118644,0.48936170212765956,115
2023-11-14,1091,120,79,60,32,41,28,0.6583333333333333,0.5333333333333333,111
2023-11-15,1091,133,74,61,43,59,18,0.556390977443609,0.7049180327868853,117
2023-11-16,1091,146,88,76,32,58,44,0.6027397260273972,0.42105263157894735,120
2023-11-17,1091,147,83,88,36,64,52,0.564625850340136,0.4090909090909091,119
2023-11-18,1091,144,77,88,39,67,49,0.5347222222222222,0.4431818181818182,116
2023-11-19,1091,127,83,94,47,44,47,0.6535433070866141,0.5,130
2023-11-20,1091,108,86,90,40,22,50,0.7962962962962963,0.4444444444444444,126
2023-11-21,1091,100,80,51,44,20,7,0.8,0.8627450980392157,124
2023-11-22,1091,106,98,82,47,8,35,0.9245283018867925,0.573170731707317,145
2023-11-23,1091,119,63,78,51,56,27,0.5294117647058824,0.6538461538461539,114
2023-11-24,1091,114,71,54,44,43,10,0.6228070175438597,0.8148148148148148,115
2023-11-25,1091,101,74,55,37,27,18,0.7326732673267327,0.6727272727272727,111
2023-11-26,1091,148,82,99,40,66,59,0.5540540540540541,0.40404040404040403,122
2023-11-27,1091,107,86,86,47,21,39,0.8037383177570093,0.5465116279069767,133
2023-11-28,1091,135,77,94,44,58,50,0.5703703703703704,0.46808510638297873,121
2023-11-29,1091,132,84,99,46,48,53,0.6363636363636364,0.46464646464646464,130
2023-11-30,1091,108,82,99,32,26,67,0.7592592592592593,0.32323232323232326,114
2023-12-01,1091,123,73,98,46,50,52,0.5934959349593496,0.46938775510204084,119
2023-12-02,1091,104,70,56,51,34,5,0.6730769230769231,0.9107142857142857,121
2023-12-03,1091,125,67,86,44,58,42,0.536,0.5116279069767442,111
2023-12-04,1091,148,74,90,58,74,32,0.5,0.6444444444444445,132
2023-12-05,1091,148,81,63,47,67,16,0.5472972972972973,0.746031746031746,128
2023-12-06,1091,105,94,70,36,11,34,0.8952380952380953,0.5142857142857142,130
2023-12-07,1091,106,82,61,31,24,30,0.7735849056603774,0.5081967213114754,113
2023-12-08,1091,103,96,73,33,7,40,0.9320388349514563,0.4520547945205479,129
2023-12-09,1091,147,103,59,41,44,18,0.7006802721088435,0.6949152542372882,144
2023-12-10,1091,130,88,96,39,42,57,0.676923076923077,0.40625,127
2023-12-11,1091,110,81,64,29,29,35,0.7363636363636363,0.453125,110
2023-12-12,1091,103,70,80,41,33,39,0.6796116504854369,0.5125,111
2023-12-13,1091,101,90,96,39,11,57,0.8910891089108911,0.40625,129
2023-12-14,1091,106,84,51,33,22,18,0.7924528301886793,0.6470588235294118,117
2023-12-15,1091,113,76,81,39,37,42,0.672566371681416,0.48148148148148145,115
2023-12-16,1091,133,82,55,33,51,22,0.6165413533834586,0.6,115
2023-12-17,1091,129,65,67,39,64,28,0.5038759689922481,0.582089552238806,104
2023-12-18,1091,143,77,100,54,66,46,0.5384615384615384,0.54,131
2023-12-19,1091,128,84,52,33,44,19,0.65625,0.6346153846153846,117
2023-12-20,1091,121,75,74,50,46,24,0.6198347107438017,0.6756756756756757,125
2023-12-21,1091,123,61,75,48,62,27,0.4959349593495935,0.64,109
2023-12-22,1091,112,85,81,41,27,40,0.7589285714285714,0.5061728395061729,126
2023-12-23,1091,118,63,85,42,55,43,0.5338983050847458,0.49411764705882355,105
2023-12-24,1091,139,77,65,43,62,22,0.5539568345323741,0.6615384615384615,120
2023-12-25,1091,101,74,65,36,27,29,0.7326732673267327,0.5538461538461539,110
2023-12-26,1091,126,66,50,33,60,17,0.5238095238095238,0.66,99
2023-12-27,1091,113,70,53,32,43,21,0.6194690265486725,0.6037735849056604,102
2023-12-28,1091,129,86,72,38,43,34,0.6666666666666666,0.5277777777777778,124
2023-12-29,1091,139,66,94,46,73,48,0.4748201438848921,0.48936170212765956,112
2023-12-30,1091,140,81,62,44,59,18,0.5785714285714286,0.7096774193548387,125
2023-12-31,1091,128,70,71,42,58,29,0.546875,0.5915492957746479,112
2023-01-01,1092,129,67,64,39,62,25,0.5193798449612403,0.609375,106
2023-01-02,1092,129,72,94,42,57,52,0.5581395348837209,0.44680851063829785,114
2023-01-03,1092,138,74,93,41,64,52,0.5362318840579711,0.44086021505376344,115
2023-01-04,1092,107,91,57,42,16,15,0.8504672897196262,0.7368421052631579,133
2023-01-05,1092,146,72,79,46,74,33,0.4931506849315068,0.5822784810126582,118
2023-01-06,1092,146,80,84,37,66,47,0.547945205479452,0.44047619047619047,117
2023-01-07,1092,108,86,64,51,22,13,0.7962962962962963,0.796875,137
2023-01-08,1092,125,76,66,43,49,23,0.608,0.6515151515151515,119
2023-01-09,1092,125,68,83,48,57,35,0.544,0.5783132530120482,116
2023-01-10,1092,142,63,68,31,79,37,0.44366197183098594,0.45588235294117646,94
2023-01-11,1092,146,101,94,33,45,61,0.6917808219178082,0.35106382978723405,134
2023-01-12,1092,127,70,53,35,57,18,0.5511811023622047,0.660377358490566,105
2023-01-13,1092,130,74,80,41,56,39,0.5692307692307692,0.5125,115
2023-01-14,1092,119,84,86,42,35,44,0.7058823529411765,0.4883720930232558,126
2023-01-15,1092,138,72,79,41,66,38,0.5217391304347826,0.5189873417721519,113
2023-01-16,1092,119,75,78,34,44,44,0.6302521008403361,0.4358974358974359,109
2023-01-17,1092,135,79,92,41,56,51,0.5851851851851851,0.44565217391304346,120
2023-01-18,1092,123,83,65,41,40,24,0.6747967479674797,0.6307692307692307,124
2023-01-19,1092,142,84,89,51,58,38,0.5915492957746479,0.5730337078651685,135
2023-01-20,1092,100,77,88,52,23,36,0.77,0.5909090909090909,129
2023-01-21,1092,120,89,57,47,31,10,0.7416666666666667,0.8245614035087719,136
2023-01-22,1092,142,83,89,39,59,50,0.5845070422535211,0.43820224719101125,122
2023-01-23,1092,131,102,60,48,29,12,0.7786259541984732,0.8,150
2023-01-24,1092,104,92,67,27,12,40,0.8846153846153846,0.40298507462686567,119
2023-01-25,1092,125,65,88,29,60,59,0.52,0.32954545454545453,94
2023-01-26,1092,111,79,93,45,32,48,0.7117117117117117,0.4838709677419355,124
2023-01-27,1092,128,81,79,59,47,20,0.6328125,0.7468354430379747,140
2023-01-28,1092,121,89,82,39,32,43,0.7355371900826446,0.47560975609756095,128
2023-01-29,1092,145,71,89,37,74,52,0.4896551724137931,0.4157303370786517,108
2023-01-30,1092,138,97,65,43,41,22,0.7028985507246377,0.6615384615384615,140
2023-01-31,1092,130,82,94,32,48,62,0.6307692307692307,0.3404255319148936,114
2023-02-01,1092,130,77,58,46,53,12,0.5923076923076923,0.7931034482758621,123
2023-02-02,1092,144,75,55,41,69,14,0.5208333333333334,0.7454545454545455,116
2023-02-03,1092,127,98,100,56,29,44,0.7716535433070866,0.56,154
2023-02-04,1092,140,93,80,28,47,52,0.6642857142857143,0.35,121
2023-02-05,1092,148,85,81,37,63,44,0.5743243243243243,0.4567901234567901,122
2023-02-06,1092,132,87,83,44,45,39,0.6590909090909091,0.5301204819277109,131
2023-02-07,1092,149,80,74,40,69,34,0.5369127516778524,0.5405405405405406,120
2023-02-08,1092,142,101,76,46,41,30,0.7112676056338029,0.6052631578947368,147
2023-02-09,1092,110,88,86,43,22,43,0.8,0.5,131
2023-02-10,1092,100,85,64,27,15,37,0.85,0.421875,112
2023-02-11,1092,133,78,63,30,55,33,0.5864661654135338,0.47619047619047616,108
2023-02-12,1092,106,79,98,37,27,61,0.7452830188679245,0.37755102040816324,116
2023-02-13,1092,101,76,54,48,25,6,0.7524752475247525,0.8888888888888888,124
2023-02-14,1092,122,86,81,41,36,40,0.7049180327868853,0.5061728395061729,127
2023-02-15,1092,106,75,81,42,31,39,0.7075471698113207,0.5185185185185185,117
2023-02-16,1092,137,79,58,47,58,11,0.5766423357664233,0.8103448275862069,126
2023-02-17,1092,140,73,84,31,67,53,0.5214285714285715,0.36904761904761907,104
2023-02-18,1092,108,83,58,53,25,5,0.7685185185185185,0.9137931034482759,136
2023-02-19,1092,150,64,56,26,86,30,0.4266666666666667,0.4642857142857143,90
2023-02-20,1092,147,85,77,35,62,42,0.5782312925170068,0.45454545454545453,120
2023-02-21,1092,119,73,83,47,46,36,0.6134453781512605,0.5662650602409639,120
2023-02-22,1092,127,86,55,41,41,14,0.6771653543307087,0.7454545454545455,127
2023-02-23,1092,147,91,74,44,56,30,0.6190476190476191,0.5945945945945946,135
2023-02-24,1092,129,90,67,35,39,32,0.6976744186046512,0.5223880597014925,125
2023-02-25,1092,127,70,53,45,57,8,0.5511811023622047,0.8490566037735849,115
2023-02-26,1092,125,78,60,47,47,13,0.624,0.7833333333333333,125
2023-02-27,1092,129,83,96,53,46,43,0.6434108527131783,0.5520833333333334,136
2023-02-28,1092,136,69,84,45,67,39,0.5073529411764706,0.5357142857142857,114
2023-03-01,1092,115,64,91,28,51,63,0.5565217391304348,0.3076923076923077,92
2023-03-02,1092,129,78,91,41,51,50,0.6046511627906976,0.45054945054945056,119
2023-03-03,1092,147,81,96,30,66,66,0.5510204081632653,0.3125,111
2023-03-04,1092,113,69,67,33,44,34,0.6106194690265486,0.4925373134328358,102
2023-03-05,1092,100,75,69,36,25,33,0.75,0.5217391304347826,111
2023-03-06,1092,132,64,68,27,68,41,0.48484848484848486,0.39705882352941174,91
2023-03-07,1092,131,80,81,42,51,39,0.6106870229007634,0.5185185185185185,122
2023-03-08,1092,127,87,57,25,40,32,0.6850393700787402,0.43859649122807015,112
2023-03-09,1092,139,75,59,29,64,30,0.539568345323741,0.4915254237288136,104
2023-03-10,1092,135,86,87,42,49,45,0.6370370370370371,0.4827586206896552,128
2023-03-11,1092,103,81,95,33,22,62,0.7864077669902912,0.3473684210526316,114
2023-03-12,1092,118,81,96,27,37,69,0.6864406779661016,0.28125,108
2023-03-13,1092,148,85,51,50,63,1,0.5743243243243243,0.9803921568627451,135
2023-03-14,1092,114,81,64,47,33,17,0.7105263157894737,0.734375,128
2023-03-15,1092,101,72,64,38,29,26,0.7128712871287128,0.59375,110
2023-03-16,1092,104,67,53,40,37,13,0.6442307692307693,0.7547169811320755,107
2023-03-17,1092,139,87,62,32,52,30,0.6258992805755396,0.5161290322580645,119
2023-03-18,1092,101,80,63,43,21,20,0.7920792079207921,0.6825396825396826,123
2023-03-19,1092,114,79,99,47,35,52,0.6929824561403509,0.47474747474747475,126
2023-03-20,1092,122,86,58,40,36,18,0.7049180327868853,0.6896551724137931,126
2023-03-21,1092,131,96,100,35,35,65,0.732824427480916,0.35,131
2023-03-22,1092,111,78,74,41,33,33,0.7027027027027027,0.5540540540540541,119
2023-03-23,1092,124,93,77,39,31,38,0.75,0.5064935064935064,132
2023-03-24,1092,146,75,55,38,71,17,0.5136986301369864,0.6909090909090909,113
2023-03-25,1092,111,68,85,30,43,55,0.6126126126126126,0.35294117647058826,98
2023-03-26,1092,120,71,87,43,49,44,0.5916666666666667,0.4942528735632184,114
2023-03-27,1092,113,86,82,42,27,40,0.7610619469026548,0.5121951219512195,128
2023-03-28,1092,144,80,81,29,64,52,0.5555555555555556,0.35802469135802467,109
2023-03-29,1092,143,82,51,45,61,6,0.5734265734265734,0.8823529411764706,127
2023-03-30,1092,141,71,56,53,70,3,0.5035460992907801,0.9464285714285714,124
2023-03-31,1092,126,87,65,40,39,25,0.6904761904761905,0.6153846153846154,127
2023-04-01,1092,139,82,70,36,57,34,0.5899280575539568,0.5142857142857142,118
2023-04-02,1092,114,89,87,41,25,46,0.7807017543859649,0.47126436781609193,130
2023-04-03,1092,103,54,68,58,49,10,0.5242718446601942,0.8529411764705882,112
2023-04-04,1092,124,92,61,45,32,16,0.7419354838709677,0.7377049180327869,137
2023-04-05,1092,133,59,54,48,74,6,0.44360902255639095,0.8888888888888888,107
2023-04-06,1092,138,92,66,52,46,14,0.6666666666666666,0.7878787878787878,144
2023-04-07,1092,112,89,65,51,23,14,0.7946428571428571,0.7846153846153846,140
2023-04-08,1092,138,68,99,36,70,63,0.4927536231884058,0.36363636363636365,104
2023-04-09,1092,108,70,65,40,38,25,0.6481481481481481,0.6153846153846154,110
2023-04-10,1092,112,74,74,35,38,39,0.6607142857142857,0.47297297297297297,109
2023-04-11,1092,143,77,69,37,66,32,0.5384615384615384,0.5362318840579711,114
2023-04-12,1092,119,70,56,37,49,19,0.5882352941176471,0.6607142857142857,107
2023-04-13,1092,103,76,81,27,27,54,0.7378640776699029,0.3333333333333333,103
2023-04-14,1092,104,77,96,40,27,56,0.7403846153846154,0.4166666666666667,117
2023-04-15,1092,101,78,64,40,23,24,0.7722772277227723,0.625,118
2023-04-16,1092,131,76,84,40,55,44,0.5801526717557252,0.47619047619047616,116
2023-04-17,1092,102,88,86,39,14,47,0.8627450980392157,0.45348837209302323,127
2023-04-18,1092,118,96,93,31,22,62,0.8135593220338984,0.3333333333333333,127
2023-04-19,1092,116,76,80,45,40,35,0.6551724137931034,0.5625,121
2023-04-20,1092,110,72,57,44,38,13,0.6545454545454545,0.7719298245614035,116
2023-04-21,1092,131,94,84,46,37,38,0.7175572519083969,0.5476190476190477,140
2023-04-22,1092,129,83,73,38,46,35,0.6434108527131783,0.5205479452054794,121
2023-04-23,1092,103,83,68,45,20,23,0.8058252427184466,0.6617647058823529,128
2023-04-24,1092,111,80,72,36,31,36,0.7207207207207207,0.5,116
2023-04-25,1092,129,87,81,35,42,46,0.6744186046511628,0.43209876543209874,122
2023-04-26,1092,110,76,75,45,34,30,0.6909090909090909,0.6,121
2023-04-27,1092,112,88,97,38,24,59,0.7857142857142857,0.3917525773195876,126
2023-04-28,1092,120,85,89,37,35,52,0.7083333333333334,0.4157303370786517,122
2023-04-29,1092,147,90,51,31,57,20,0.6122448979591837,0.6078431372549019,121
2023-04-30,1092,115,89,67,44,26,23,0.7739130434782608,0.6567164179104478,133
2023-05-01,1092,145,82,85,46,63,39,0.5655172413793104,0.5411764705882353,128
2023-05-02,1092,126,75,70,37,51,33,0.5952380952380952,0.5285714285714286,112
2023-05-03,1092,150,89,81,41,61,40,0.5933333333333334,0.5061728395061729,130
2023-05-04,1092,125,77,96,41,48,55,0.616,0.4270833333333333,118
2023-05-05,1092,105,76,50,43,29,7,0.7238095238095238,0.86,119
2023-05-06,1092,123,84,97,40,39,57,0.6829268292682927,0.41237113402061853,124
2023-05-07,1092,131,80,51,40,51,11,0.6106870229007634,0.7843137254901961,120
2023-05-08,1092,128,95,73,45,33,28,0.7421875,0.6164383561643836,140
2023-05-09,1092,144,76,64,35,68,29,0.5277777777777778,0.546875,111
2023-05-10,1092,150,82,92,36,68,56,0.5466666666666666,0.391304347826087,118
2023-05-11,1092,110,89,78,30,21,48,0.8090909090909091,0.38461538461538464,119
2023-05-12,1092,126,81,93,37,45,56,0.6428571428571429,0.3978494623655914,118
2023-05-13,1092,133,83,78,37,50,41,0.6240601503759399,0.47435897435897434,120
2023-05-14,1092,113,81,68,46,32,22,0.7168141592920354,0.6764705882352942,127
2023-05-15,1092,126,68,59,36,58,23,0.5396825396825397,0.6101694915254238,104
2023-05-16,1092,136,94,64,29,42,35,0.6911764705882353,0.453125,123
2023-05-17,1092,111,68,50,29,43,21,0.6126126126126126,0.58,97
2023-05-18,1092,111,77,97,43,34,54,0.6936936936936937,0.44329896907216493,120
2023-05-19,1092,111,68,72,44,43,28,0.6126126126126126,0.6111111111111112,112
2023-05-20,1092,129,74,57,44,55,13,0.5736434108527132,0.7719298245614035,118
2023-05-21,1092,109,68,53,39,41,14,0.6238532110091743,0.7358490566037735,107
2023-05-22,1092,143,73,89,52,70,37,0.5104895104895105,0.5842696629213483,125
2023-05-23,1092,121,74,73,34,47,39,0.6115702479338843,0.4657534246575342,108
2023-05-24,1092,144,93,68,44,51,24,0.6458333333333334,0.6470588235294118,137
2023-05-25,1092,119,73,75,44,46,31,0.6134453781512605,0.5866666666666667,117
2023-05-26,1092,124,86,60,52,38,8,0.6935483870967742,0.8666666666666667,138
2023-05-27,1092,143,83,70,33,60,37,0.5804195804195804,0.4714285714285714,116
2023-05-28,1092,108,92,76,39,16,37,0.8518518518518519,0.5131578947368421,131
2023-05-29,1092,128,79,86,29,49,57,0.6171875,0.3372093023255814,108
2023-05-30,1092,136,80,61,43,56,18,0.5882352941176471,0.7049180327868853,123
2023-05-31,1092,104,72,100,42,32,58,0.6923076923076923,0.42,114
2023-06-01,1092,117,97,85,51,20,34,0.8290598290598291,0.6,148
2023-06-02,1092,141,73,79,45,68,34,0.5177304964539007,0.569620253164557,118
2023-06-03,1092,116,80,63,41,36,22,0.6896551724137931,0.6507936507936508,121
2023-06-04,1092,124,75,69,40,49,29,0.6048387096774194,0.5797101449275363,115
2023-06-05,1092,128,65,80,33,63,47,0.5078125,0.4125,98
2023-06-06,1092,109,94,96,41,15,55,0.8623853211009175,0.4270833333333333,135
2023-06-07,1092,138,87,53,45,51,8,0.6304347826086957,0.8490566037735849,132
2023-06-08,1092,125,81,58,44,44,14,0.648,0.7586206896551724,125
2023-06-09,1092,123,83,66,52,40,14,0.6747967479674797,0.7878787878787878,135
2023-06-10,1092,124,99,79,43,25,36,0.7983870967741935,0.5443037974683544,142
2023-06-11,1092,122,92,58,35,30,23,0.7540983606557377,0.603448275862069,127
2023-06-12,1092,145,73,72,53,72,19,0.503448275862069,0.7361111111111112,126
2023-06-13,1092,142,74,72,26,68,46,0.5211267605633803,0.3611111111111111,100
2023-06-14,1092,139,71,81,40,68,41,0.5107913669064749,0.49382716049382713,111
2023-06-15,1092,147,85,85,44,62,41,0.5782312925170068,0.5176470588235295,129
2023-06-16,1092,105,77,69,40,28,29,0.7333333333333333,0.5797101449275363,117
2023-06-17,1092,130,70,77,47,60,30,0.5384615384615384,0.6103896103896104,117
2023-06-18,1092,127,62,88,41,65,47,0.4881889763779528,0.4659090909090909,103
2023-06-19,1092,100,79,90,42,21,48,0.79,0.4666666666666667,121
2023-06-20,1092,108,70,53,39,38,14,0.6481481481481481,0.7358490566037735,109
2023-06-21,1092,140,81,74,54,59,20,0.5785714285714286,0.7297297297297297,135
2023-06-22,1092,110,88,55,38,22,17,0.8,0.6909090909090909,126
2023-06-23,1092,134,81,82,31,53,51,0.6044776119402985,0.3780487804878049,112
2023-06-24,1092,104,81,80,38,23,42,0.7788461538461539,0.475,119
2023-06-25,1092,145,60,66,45,85,21,0.41379310344827586,0.6818181818181818,105
2023-06-26,1092,120,110,71,25,10,46,0.9166666666666666,0.352112676056338,135
2023-06-27,1092,101,70,76,41,31,35,0.693069306930693,0.5394736842105263,111
2023-06-28,1092,126,93,69,36,33,33,0.7380952380952381,0.5217391304347826,129
2023-06-29,1092,131,87,74,35,44,39,0.6641221374045801,0.47297297297297297,122
2023-06-30,1092,131,87,93,34,44,59,0.6641221374045801,0.3655913978494624,121
2023-07-01,1092,135,89,71,45,46,26,0.6592592592592592,0.6338028169014085,134
2023-07-02,1092,124,93,50,36,31,14,0.75,0.72,129
2023-07-03,1092,146,87,71,32,59,39,0.5958904109589042,0.4507042253521127,119
2023-07-04,1092,142,75,87,41,67,46,0.528169014084507,0.47126436781609193,116
2023-07-05,1092,133,77,73,27,56,46,0.5789473684210527,0.3698630136986301,104
2023-07-06,1092,118,90,80,39,28,41,0.7627118644067796,0.4875,129
2023-07-07,1092,140,89,97,42,51,55,0.6357142857142857,0.4329896907216495,131
2023-07-08,1092,150,78,51,47,72,4,0.52,0.9215686274509803,125
2023-07-09,1092,137,85,77,41,52,36,0.6204379562043796,0.5324675324675324,126
2023-07-10,1092,121,91,55,43,30,12,0.7520661157024794,0.7818181818181819,134
2023-07-11,1092,127,77,80,46,50,34,0.6062992125984252,0.575,123
2023-07-12,1092,148,77,91,55,71,36,0.5202702702702703,0.6043956043956044,132
2023-07-13,1092,123,89,53,36,34,17,0.7235772357723578,0.6792452830188679,125
2023-07-14,1092,108,75,80,36,33,44,0.6944444444444444,0.45,111
2023-07-15,1092,149,102,91,37,47,54,0.6845637583892618,0.4065934065934066,139
2023-07-16,1092,138,73,95,42,65,53,0.5289855072463768,0.4421052631578947,115
2023-07-17,1092,146,89,64,36,57,28,0.6095890410958904,0.5625,125
2023-07-18,1092,106,95,58,43,11,15,0.8962264150943396,0.7413793103448276,138
2023-07-19,1092,124,81,88,36,43,52,0.6532258064516129,0.4090909090909091,117
2023-07-20,1092,137,82,61,43,55,18,0.5985401459854015,0.7049180327868853,125
2023-07-21,1092,134,83,65,36,51,29,0.6194029850746269,0.5538461538461539,119
2023-07-22,1092,106,94,85,39,12,46,0.8867924528301887,0.4588235294117647,133
2023-07-23,1092,142,81,59,32,61,27,0.5704225352112676,0.5423728813559322,113
2023-07-24,1092,143,92,88,44,51,44,0.6433566433566433,0.5,136
2023-07-25,1092,134,73,66,42,61,24,0.5447761194029851,0.6363636363636364,115
2023-07-26,1092,149,75,56,41,74,15,0.5033557046979866,0.7321428571428571,116
2023-07-27,1092,112,66,91,44,46,47,0.5892857142857143,0.4835164835164835,110
2023-07-28,1092,134,80,75,46,54,29,0.5970149253731343,0.6133333333333333,126
2023-07-29,1092,131,68,99,36,63,63,0.5190839694656488,0.36363636363636365,104
2023-07-30,1092,116,82,53,39,34,14,0.7068965517241379,0.7358490566037735,121
2023-07-31,1092,131,70,64,45,61,19,0.5343511450381679,0.703125,115
2023-08-01,1092,112,99,71,28,13,43,0.8839285714285714,0.39436619718309857,127
2023-08-02,1092,102,73,89,37,29,52,0.7156862745098039,0.4157303370786517,110
2023-08-03,1092,106,81,73,43,25,30,0.7641509433962265,0.589041095890411,124
2023-08-04,1092,101,76,100,49,25,51,0.7524752475247525,0.49,125
2023-08-05,1092,150,93,99,47,57,52,0.62,0.47474747474747475,140
2023-08-06,1092,122,76,76,36,46,40,0.6229508196721312,0.47368421052631576,112
2023-08-07,1092,120,74,86,41,46,45,0.6166666666666667,0.47674418604651164,115
2023-08-08,1092,102,72,100,44,30,56,0.7058823529411765,0.44,116
2023-08-09,1092,109,95,99,37,14,62,0.8715596330275229,0.37373737373737376,132
2023-08-10,1092,111,90,77,47,21,30,0.8108108108108109,0.6103896103896104,137
2023-08-11,1092,128,72,82,31,56,51,0.5625,0.3780487804878049,103
2023-08-12,1092,110,89,57,41,21,16,0.8090909090909091,0.7192982456140351,130
2023-08-13,1092,127,72,69,46,55,23,0.5669291338582677,0.6666666666666666,118
2023-08-14,1092,119,70,99,48,49,51,0.5882352941176471,0.48484848484848486,118
2023-08-15,1092,124,86,92,34,38,58,0.6935483870967742,0.3695652173913043,120
2023-08-16,1092,141,83,91,48,58,43,0.5886524822695035,0.5274725274725275,131
2023-08-17,1092,118,76,95,30,42,65,0.6440677966101694,0.3157894736842105,106
2023-08-18,1092,147,71,56,43,76,13,0.48299319727891155,0.7678571428571429,114
2023-08-19,1092,118,83,75,46,35,29,0.7033898305084746,0.6133333333333333,129
2023-08-20,1092,119,81,92,36,38,56,0.680672268907563,0.391304347826087,117
2023-08-21,1092,114,74,87,30,40,57,0.6491228070175439,0.3448275862068966,104
2023-08-22,1092,148,71,78,35,77,43,0.4797297297297297,0.44871794871794873,106
2023-08-23,1092,126,96,91,37,30,54,0.7619047619047619,0.4065934065934066,133
2023-08-24,1092,134,91,100,40,43,60,0.6791044776119403,0.4,131
2023-08-25,1092,105,70,62,41,35,21,0.6666666666666666,0.6612903225806451,111
2023-08-26,1092,150,72,97,34,78,63,0.48,0.35051546391752575,106
2023-08-27,1092,146,78,77,41,68,36,0.5342465753424658,0.5324675324675324,119
2023-08-28,1092,126,70,89,45,56,44,0.5555555555555556,0.5056179775280899,115
2023-08-29,1092,143,87,62,45,56,17,0.6083916083916084,0.7258064516129032,132
2023-08-30,1092,119,84,53,44,35,9,0.7058823529411765,0.8301886792452831,128
2023-08-31,1092,117,70,72,33,47,39,0.5982905982905983,0.4583333333333333,103
2023-09-01,1092,126,88,96,44,38,52,0.6984126984126984,0.4583333333333333,132
2023-09-02,1092,109,72,75,39,37,36,0.6605504587155964,0.52,111
2023-09-03,1092,117,98,60,33,19,27,0.8376068376068376,0.55,131
2023-09-04,1092,139,78,51,41,61,10,0.5611510791366906,0.803921568627451,119
2023-09-05,1092,137,104,61,35,33,26,0.7591240875912408,0.5737704918032787,139
2023-09-06,1092,134,89,54,42,45,12,0.664179104477612,0.7777777777777778,131
2023-09-07,1092,128,85,55,40,43,15,0.6640625,0.7272727272727273,125
2023-09-08,1092,102,95,79,44,7,35,0.9313725490196079,0.5569620253164557,139
2023-09-09,1092,140,84,83,42,56,41,0.6,0.5060240963855421,126
2023-09-10,1092,110,74,69,31,36,38,0.6727272727272727,0.4492753623188406,105
2023-09-11,1092,136,74,98,39,62,59,0.5441176470588235,0.3979591836734694,113
2023-09-12,1092,128,75,64,34,53,30,0.5859375,0.53125,109
2023-09-13,1092,129,77,91,46,52,45,0.5968992248062015,0.5054945054945055,123
2023-09-14,1092,138,103,68,40,35,28,0.7463768115942029,0.5882352941176471,143
2023-09-15,1092,108,69,89,48,39,41,0.6388888888888888,0.5393258426966292,117
2023-09-16,1092,104,66,100,36,38,64,0.6346153846153846,0.36,102
2023-09-17,1092,145,79,81,47,66,34,0.5448275862068965,0.5802469135802469,126
2023-09-18,1092,100,95,96,31,5,65,0.95,0.3229166666666667,126
2023-09-19,1092,112,76,84,43,36,41,0.6785714285714286,0.5119047619047619,119
2023-09-20,1092,120,85,81,41,35,40,0.7083333333333334,0.5061728395061729,126
2023-09-21,1092,121,73,94,42,48,52,0.6033057851239669,0.44680851063829785,115
2023-09-22,1092,124,89,77,41,35,36,0.717741935483871,0.5324675324675324,130
2023-09-23,1092,141,87,76,39,54,37,0.6170212765957447,0.5131578947368421,126
2023-09-24,1092,111,85,76,40,26,36,0.7657657657657657,0.5263157894736842,125
2023-09-25,1092,118,82,89,39,36,50,0.6949152542372882,0.43820224719101125,121
2023-09-26,1092,106,75,83,32,31,51,0.7075471698113207,0.3855421686746988,107
2023-09-27,1092,140,102,68,38,38,30,0.7285714285714285,0.5588235294117647,140
2023-09-28,1092,110,86,51,51,24,0,0.7818181818181819,1,137
2023-09-29,1092,142,85,78,35,57,43,0.5985915492957746,0.44871794871794873,120
2023-09-30,1092,110,81,62,40,29,22,0.7363636363636363,0.6451612903225806,121
2023-10-01,1092,149,78,73,46,71,27,0.5234899328859061,0.6301369863013698,124
2023-10-02,1092,124,76,92,42,48,50,0.6129032258064516,0.45652173913043476,118
2023-10-03,1092,118,93,76,30,25,46,0.788135593220339,0.39473684210526316,123
2023-10-04,1092,127,87,58,33,40,25,0.6850393700787402,0.5689655172413793,120
2023-10-05,1092,102,82,74,45,20,29,0.803921568627451,0.6081081081081081,127
2023-10-06,1092,126,79,100,39,47,61,0.626984126984127,0.39,118
2023-10-07,1092,130,78,51,36,52,15,0.6,0.7058823529411765,114
2023-10-08,1092,120,72,65,43,48,22,0.6,0.6615384615384615,115
2023-10-09,1092,134,88,56,48,46,8,0.6567164179104478,0.8571428571428571,136
2023-10-10,1092,122,104,82,37,18,45,0.8524590163934426,0.45121951219512196,141
2023-10-11,1092,104,88,92,35,16,57,0.8461538461538461,0.3804347826086957,123
2023-10-12,1092,129,96,96,28,33,68,0.7441860465116279,0.2916666666666667,124
2023-10-13,1092,107,88,52,37,19,15,0.822429906542056,0.7115384615384616,125
2023-10-14,1092,137,90,69,37,47,32,0.656934306569343,0.5362318840579711,127
2023-10-15,1092,143,80,73,32,63,41,0.5594405594405595,0.4383561643835616,112
2023-10-16,1092,135,87,87,43,48,44,0.6444444444444445,0.4942528735632184,130
2023-10-17,1092,135,81,58,29,54,29,0.6,0.5,110
2023-10-18,1092,108,66,93,46,42,47,0.6111111111111112,0.4946236559139785,112
2023-10-19,1092,108,89,85,33,19,52,0.8240740740740741,0.38823529411764707,122
2023-10-20,1092,111,79,77,36,32,41,0.7117117117117117,0.4675324675324675,115
2023-10-21,1092,115,84,69,36,31,33,0.7304347826086957,0.5217391304347826,120
2023-10-22,1092,135,82,79,45,53,34,0.6074074074074074,0.569620253164557,127
2023-10-23,1092,120,71,80,35,49,45,0.5916666666666667,0.4375,106
2023-10-24,1092,137,82,70,48,55,22,0.5985401459854015,0.6857142857142857,130
2023-10-25,1092,146,82,89,38,64,51,0.5616438356164384,0.42696629213483145,120
2023-10-26,1092,122,87,68,28,35,40,0.7131147540983607,0.4117647058823529,115
2023-10-27,1092,131,108,99,33,23,66,0.8244274809160306,0.3333333333333333,141
2023-10-28,1092,131,77,73,32,54,41,0.5877862595419847,0.4383561643835616,109
2023-10-29,1092,122,77,95,43,45,52,0.6311475409836066,0.45263157894736844,120
2023-10-30,1092,147,83,78,40,64,38,0.564625850340136,0.5128205128205128,123
2023-10-31,1092,115,87,61,42,28,19,0.7565217391304347,0.6885245901639344,129
2023-11-01,1092,144,87,65,33,57,32,0.6041666666666666,0.5076923076923077,120
2023-11-02,1092,117,79,85,35,38,50,0.6752136752136753,0.4117647058823529,114
2023-11-03,1092,125,87,100,54,38,46,0.696,0.54,141
2023-11-04,1092,139,78,70,39,61,31,0.5611510791366906,0.5571428571428572,117
2023-11-05,1092,116,84,98,49,32,49,0.7241379310344828,0.5,133
2023-11-06,1092,121,75,100,39,46,61,0.6198347107438017,0.39,114
2023-11-07,1092,127,76,55,43,51,12,0.5984251968503937,0.7818181818181819,119
2023-11-08,1092,147,97,53,34,50,19,0.6598639455782312,0.6415094339622641,131
2023-11-09,1092,131,84,95,40,47,55,0.6412213740458015,0.42105263157894735,124
2023-11-10,1092,150,72,53,44,78,9,0.48,0.8301886792452831,116
2023-11-11,1092,103,91,80,35,12,45,0.883495145631068,0.4375,126
2023-11-12,1092,117,66,61,34,51,27,0.5641025641025641,0.5573770491803278,100
2023-11-13,1092,117,70,99,42,47,57,0.5982905982905983,0.42424242424242425,112
2023-11-14,1092,120,88,56,47,32,9,0.7333333333333333,0.8392857142857143,135
2023-11-15,1092,144,76,77,33,68,44,0.5277777777777778,0.42857142857142855,109
2023-11-16,1092,102,69,60,41,33,19,0.6764705882352942,0.6833333333333333,110
2023-11-17,1092,132,74,87,36,58,51,0.5606060606060606,0.41379310344827586,110
2023-11-18,1092,137,76,66,31,61,35,0.5547445255474452,0.4696969696969697,107
2023-11-19,1092,145,73,54,32,72,22,0.503448275862069,0.5925925925925926,105
2023-11-20,1092,137,86,66,35,51,31,0.6277372262773723,0.5303030303030303,121
2023-11-21,1092,107,60,80,45,47,35,0.5607476635514018,0.5625,105
2023-11-22,1092,125,68,53,38,57,15,0.544,0.71698113207547165,106
2023-11-23,1092,126,80,71,29,46,42,0.6349206349206349,0.4084507042253521,109
2023-11-24,1092,131,73,77,34,58,43,0.5572519083969466,0.44155844155844154,107
2023-11-25,1092,150,93,68,50,57,18,0.62,0.7352941176470589,143
2023-11-26,1092,112,79,59,49,33,10,0.7053571428571429,0.8305084745762712,128
2023-11-27,1092,121,71,54,44,50,10,0.5867768595041323,0.8148148148148148,115
2023-11-28,1092,130,79,77,41,51,36,0.6076923076923076,0.5324675324675324,120
2023-11-29,1092,125,79,57,46,46,11,0.632,0.8070175438596491,125
2023-11-30,1092,110,74,80,59,36,21,0.6727272727272727,0.7375,133
2023-12-01,1092,107,76,99,41,31,58,0.7102803738317757,0.41414141414141414,117
2023-12-02,1092,129,85,73,29,44,44,0.6589147286821705,0.3972602739726027,114
2023-12-03,1092,133,56,76,40,77,36,0.42105263157894735,0.5263157894736842,96
2023-12-04,1092,141,93,94,41,48,53,0.6595744680851063,0.43617021276595747,134
2023-12-05,1092,109,70,92,43,39,49,0.6422018348623854,0.4673913043478261,113
2023-12-06,1092,135,100,96,37,35,59,0.7407407407407407,0.3854166666666667,137
2023-12-07,1092,147,86,62,35,61,27,0.5850340136054422,0.5645161290322581,121
2023-12-08,1092,136,78,99,39,58,60,0.5735294117647058,0.3939393939393939,117
2023-12-09,1092,125,69,72,40,56,32,0.552,0.5555555555555556,109
2023-12-10,1092,126,88,76,35,38,41,0.6984126984126984,0.4605263157894737,123
2023-12-11,1092,140,89,91,34,51,57,0.6357142857142857,0.37362637362637363,123
2023-12-12,1092,104,81,71,43,23,28,0.7788461538461539,0.6056338028169014,124
2023-12-13,1092,145,69,76,43,76,33,0.47586206896551725,0.5657894736842105,112
2023-12-14,1092,147,70,66,40,77,26,0.47619047619047616,0.6060606060606061,110
2023-12-15,1092,144,70,93,38,74,55,0.4861111111111111,0.40860215053763443,108
2023-12-16,1092,144,88,100,50,56,50,0.6111111111111112,0.5,138
2023-12-17,1092,106,86,98,28,20,70,0.8113207547169812,0.2857142857142857,114
2023-12-18,1092,142,88,88,36,54,52,0.6197183098591549,0.4090909090909091,124
2023-12-19,1092,131,90,70,35,41,35,0.6870229007633588,0.5,125
2023-12-20,1092,138,94,54,50,44,4,0.6811594202898551,0.9259259259259259,144
2023-12-21,1092,143,76,67,42,67,25,0.5314685314685315,0.6268656716417911,118
2023-12-22,1092,136,72,69,29,64,40,0.5294117647058824,0.42028985507246375,101
2023-12-23,1092,136,65,68,45,71,23,0.47794117647058826,0.6617647058823529,110
2023-12-24,1092,123,82,96,41,41,55,0.6666666666666666,0.4270833333333333,123
2023-12-25,1092,148,86,61,45,62,16,0.581081081081081,0.7377049180327869,131
2023-12-26,1092,137,82,92,44,55,48,0.5985401459854015,0.4782608695652174,126
2023-12-27,1092,138,75,58,49,63,9,0.5434782608695652,0.8448275862068966,124
2023-12-28,1092,100,84,62,43,16,19,0.84,0.6935483870967742,127
2023-12-29,1092,111,75,74,44,36,30,0.6756756756756757,0.5945945945945946,119
2023-12-30,1092,110,84,66,50,26,16,0.7636363636363637,0.7575757575757576,134
2023-12-31,1092,106,69,73,48,37,25,0.6509433962264151,0.6575342465753424,117
2023-01-01,1093,125,77,64,45,48,19,0.616,0.703125,122
2023-01-02,1093,110,79,74,36,31,38,0.7181818181818181,0.4864864864864865,115
2023-01-03,1093,101,77,64,41,24,23,0.7623762376237624,0.640625,118
2023-01-04,1093,113,83,68,43,30,25,0.7345132743362832,0.6323529411764706,126
2023-01-05,1093,145,74,92,44,71,48,0.5103448275862069,0.4782608695652174,118
2023-01-06,1093,103,77,69,41,26,28,0.7475728155339806,0.5942028985507246,118
2023-01-07,1093,116,97,74,41,19,33,0.8362068965517241,0.5540540540540541,138
2023-01-08,1093,123,58,99,47,65,52,0.4715447154471545,0.47474747474747475,105
2023-01-09,1093,127,76,52,44,51,8,0.5984251968503937,0.8461538461538461,120
2023-01-10,1093,132,66,76,50,66,26,0.5,0.6578947368421053,116
2023-01-11,1093,110,74,52,49,36,3,0.6727272727272727,0.9423076923076923,123
2023-01-12,1093,103,73,75,34,30,41,0.7087378640776699,0.4533333333333333,107
2023-01-13,1093,100,82,69,41,18,28,0.82,0.5942028985507246,123
2023-01-14,1093,128,68,79,39,60,40,0.53125,0.4936708860759494,107
2023-01-15,1093,135,69,98,35,66,63,0.5111111111111111,0.35714285714285715,104
2023-01-16,1093,145,86,79,38,59,41,0.593103448275862,0.4810126582278481,124
2023-01-17,1093,104,71,94,42,33,52,0.6826923076923077,0.44680851063829785,113
2023-01-18,1093,118,70,91,30,48,61,0.5932203389830508,0.32967032967032966,100
2023-01-19,1093,106,80,69,39,26,30,0.7547169811320755,0.5652173913043478,119
2023-01-20,1093,119,79,64,36,40,28,0.6638655462184874,0.5625,115
2023-01-21,1093,117,93,58,41,24,17,0.7948717948717948,0.7068965517241379,134
2023-01-22,1093,133,77,93,45,56,48,0.5789473684210527,0.4838709677419355,122
2023-01-23,1093,136,87,92,47,49,45,0.6397058823529411,0.5108695652173914,134
2023-01-24,1093,126,81,82,35,45,47,0.6428571428571429,0.4268292682926829,116
2023-01-25,1093,110,70,53,44,40,9,0.6363636363636364,0.8301886792452831,114
2023-01-26,1093,117,89,66,35,28,31,0.7606837606837606,0.5303030303030303,124
2023-01-27,1093,149,84,70,39,65,31,0.5637583892617449,0.5571428571428572,123
2023-01-28,1093,118,74,97,31,44,66,0.6271186440677966,0.31958762886597936,105
2023-01-29,1093,102,81,70,34,21,36,0.7941176470588235,0.4857142857142857,115
2023-01-30,1093,125,74,88,36,51,52,0.592,0.4090909090909091,110
2023-01-31,1093,117,86,87,40,31,47,0.7350427350427351,0.45977011494252873,126
2023-02-01,1093,148,68,85,29,80,56,0.4594594594594595,0.3411764705882353,97
2023-02-02,1093,144,75,72,35,69,37,0.5208333333333334,0.4861111111111111,110
2023-02-03,1093,114,87,60,51,27,9,0.7631578947368421,0.85,138
2023-02-04,1093,107,76,53,35,31,18,0.7102803738317757,0.660377358490566,111
2023-02-05,1093,146,75,53,36,71,17,0.5136986301369864,0.6792452830188679,111
2023-02-06,1093,111,96,62,47,15,15,0.8648648648648649,0.7580645161290323,143
2023-02-07,1093,147,77,78,56,70,22,0.5238095238095238,0.717948717948718,133
2023-02-08,1093,108,79,90,31,29,59,0.7314814814814815,0.34444444444444444,110
2023-02-09,1093,143,70,74,39,73,35,0.48951048951048953,0.527027027027027,109
2023-02-10,1093,143,77,88,45,66,43,0.5384615384615384,0.5113636363636364,122
2023-02-11,1093,111,80,99,34,31,65,0.7207207207207207,0.3434343434343434,114
2023-02-12,1093,101,73,81,47,28,34,0.7227722772277227,0.5802469135802469,120
2023-02-13,1093,124,67,71,34,57,37,0.5403225806451613,0.4788732394366197,101
2023-02-14,1093,127,94,76,45,33,31,0.7401574803149606,0.5921052631578947,139
2023-02-15,1093,130,84,57,48,46,9,0.6461538461538462,0.8421052631578947,132
2023-02-16,1093,126,82,81,46,44,35,0.6507936507936508,0.5679012345679012,128
2023-02-17,1093,133,82,71,41,51,30,0.6165413533834586,0.5774647887323944,123
2023-02-18,1093,114,97,58,44,17,14,0.8508771929824561,0.7586206896551724,141
2023-02-19,1093,116,82,77,41,34,36,0.7068965517241379,0.5324675324675324,123
2023-02-20,1093,117,88,65,34,29,31,0.7521367521367521,0.5230769230769231,122
2023-02-21,1093,102,81,66,31,21,35,0.7941176470588235,0.4696969696969697,112
2023-02-22,1093,114,84,73,45,30,28,0.7368421052631579,0.6164383561643836,129
2023-02-23,1093,116,85,88,34,31,54,0.7327586206896551,0.38636363636363635,119
2023-02-24,1093,135,65,85,37,70,48,0.48148148148148145,0.43529411764705883,102
2023-02-25,1093,125,64,67,39,61,28,0.512,0.582089552238806,103
2023-02-26,1093,113,80,84,40,33,44,0.7079646017699115,0.47619047619047616,120
2023-02-27,1093,146,76,99,44,70,55,0.5205479452054794,0.4444444444444444,120
2023-02-28,1093,113,77,53,35,36,18,0.6814159292035398,0.660377358490566,112
2023-03-01,1093,147,72,86,51,75,35,0.4897959183673469,0.5930232558139535,123
2023-03-02,1093,124,64,83,57,60,26,0.5161290322580645,0.6867469879518072,121
2023-03-03,1093,124,88,68,34,36,34,0.7096774193548387,0.5,122
2023-03-04,1093,148,68,66,35,80,31,0.4594594594594595,0.5303030303030303,103
2023-03-05,1093,143,72,83,39,71,44,0.5034965034965035,0.46987951807228917,111
2023-03-06,1093,116,67,99,53,49,46,0.5775862068965517,0.5353535353535354,120
2023-03-07,1093,135,69,92,35,66,57,0.5111111111111111,0.3804347826086957,104
2023-03-08,1093,146,82,90,49,64,41,0.5616438356164384,0.5444444444444444,131
2023-03-09,1093,146,84,69,37,62,32,0.5753424657534246,0.5362318840579711,121
2023-03-10,1093,130,69,67,36,61,31,0.5307692307692308,0.5373134328358209,105
2023-03-11,1093,125,94,56,44,31,12,0.752,0.7857142857142857,138
2023-03-12,1093,118,76,72,43,42,29,0.6440677966101694,0.5972222222222222,119
2023-03-13,1093,125,75,83,49,50,34,0.6,0.5903614457831325,124
2023-03-14,1093,133,74,56,47,59,9,0.556390977443609,0.8392857142857143,121
2023-03-15,1093,129,89,54,38,40,16,0.689922480620155,0.7037037037037037,127
2023-03-16,1093,115,83,70,40,32,30,0.7217391304347827,0.5714285714285714,123
2023-03-17,1093,149,86,58,55,63,3,0.5771812080536913,0.9482758620689655,141
2023-03-18,1093,139,83,67,45,56,22,0.5971223021582733,0.6716417910447762,128
2023-03-19,1093,113,81,76,36,32,40,0.7168141592920354,0.47368421052631576,117
2023-03-20,1093,139,77,72,40,62,32,0.5539568345323741,0.5555555555555556,117
2023-03-21,1093,122,78,97,35,44,62,0.639344262295082,0.36082474226804123,113
2023-03-22,1093,128,82,97,47,46,50,0.640625,0.4845360824742268,129
2023-03-23,1093,130,68,58,41,62,17,0.5230769230769231,0.7068965517241379,109
2023-03-24,1093,131,75,81,42,56,39,0.5725190839694656,0.5185185185185185,117
2023-03-25,1093,119,80,83,38,39,45,0.6722689075630253,0.4578313253012048,118
2023-03-26,1093,125,71,77,47,54,30,0.568,0.6103896103896104,118
2023-03-27,1093,130,76,86,44,54,42,0.5846153846153846,0.5116279069767442,120
2023-03-28,1093,143,85,88,38,58,50,0.5944055944055944,0.4318181818181818,123
2023-03-29,1093,138,76,55,41,62,14,0.5507246376811594,0.7454545454545455,117
2023-03-30,1093,149,64,70,38,85,32,0.42953020134228187,0.5428571428571428,102
2023-03-31,1093,106,83,98,39,23,59,0.78301886792452835,0.3979591836734694,122
2023-04-01,1093,134,74,96,35,60,61,0.5522388059701493,0.3645833333333333,109
2023-04-02,1093,100,95,82,41,5,41,0.95,0.5,136
2023-04-03,1093,132,89,52,40,43,12,0.6742424242424242,0.7692307692307693,129
2023-04-04,1093,128,73,68,34,55,34,0.5703125,0.5,107
2023-04-05,1093,112,68,51,44,44,7,0.6071428571428571,0.8627450980392157,112
2023-04-06,1093,147,90,56,48,57,8,0.6122448979591837,0.8571428571428571,138
2023-04-07,1093,100,80,53,32,20,21,0.8,0.6037735849056604,112
2023-04-08,1093,126,66,51,36,60,15,0.5238095238095238,0.7058823529411765,102
2023-04-09,1093,137,79,69,46,58,23,0.5766423357664233,0.6666666666666666,125
2023-04-10,1093,146,83,92,44,63,48,0.5684931506849316,0.4782608695652174,127
2023-04-11,1093,130,81,96,45,49,51,0.6230769230769231,0.46875,126
2023-04-12,1093,138,105,74,49,33,25,0.7608695652173914,0.6621621621621622,154
2023-04-13,1093,133,98,52,48,35,4,0.7368421052631579,0.9230769230769231,146
2023-04-14,1093,129,85,62,40,44,22,0.6589147286821705,0.6451612903225806,125
2023-04-15,1093,133,75,52,52,58,0,0.5639097744360902,1,127
2023-04-16,1093,132,74,91,34,58,57,0.5606060606060606,0.37362637362637363,108
2023-04-17,1093,115,83,55,38,32,17,0.7217391304347827,0.6909090909090909,121
2023-04-18,1093,123,95,54,35,28,19,0.7723577235772358,0.6481481481481481,130
2023-04-19,1093,106,83,53,39,23,14,0.78301886792452835,0.7358490566037735,122
2023-04-20,1093,140,60,91,52,80,39,0.42857142857142855,0.5714285714285714,112
2023-04-21,1093,116,75,51,35,41,16,0.646551724137931,0.6862745098039216,110
2023-04-22,1093,142,76,82,37,66,45,0.5352112676056338,0.45121951219512196,113
2023-04-23,1093,121,93,79,38,28,41,0.768595041322314,0.4810126582278481,131
2023-04-24,1093,131,70,65,36,61,29,0.5343511450381679,0.5538461538461539,106
2023-04-25,1093,129,79,82,37,50,45,0.6124031007751938,0.45121951219512196,116
2023-04-26,1093,107,84,90,41,23,49,0.7850467289719626,0.45555555555555555,125
2023-04-27,1093,142,80,92,31,62,61,0.5633802816901409,0.33695652173913043,111
2023-04-28,1093,141,62,62,32,79,30,0.4397163120567376,0.5161290322580645,94
2023-04-29,1093,128,77,100,39,51,61,0.6015625,0.39,116
2023-04-30,1093,131,109,56,54,22,2,0.8320610687022901,0.9642857142857143,163
2023-05-01,1093,121,66,99,39,55,60,0.5454545454545454,0.3939393939393939,105
2023-05-02,1093,100,74,74,46,26,28,0.74,0.6216216216216216,120
2023-05-03,1093,131,75,100,38,56,62,0.5725190839694656,0.38,113
2023-05-04,1093,117,91,58,27,26,31,0.7777777777777778,0.46551724137931033,118
2023-05-05,1093,137,72,76,40,65,36,0.5255474452554745,0.5263157894736842,112
2023-05-06,1093,147,73,89,43,74,46,0.4965986394557823,0.48314606741573035,116
2023-05-07,1093,142,84,86,40,58,46,0.5915492957746479,0.46511627906976744,124
2023-05-08,1093,116,89,50,36,27,14,0.7672413793103449,0.72,125
2023-05-09,1093,105,78,77,48,27,29,0.7428571428571429,0.6233766233766234,126
2023-05-10,1093,124,83,59,42,41,17,0.6693548387096774,0.711864406779661,125
2023-05-11,1093,102,77,57,34,25,23,0.7549019607843137,0.5964912280701754,111
2023-05-12,1093,127,82,61,26,45,35,0.6456692913385826,0.4262295081967213,108
2023-05-13,1093,144,80,64,41,64,23,0.5555555555555556,0.640625,121
2023-05-14,1093,103,69,56,32,34,24,0.6699029126213593,0.5714285714285714,101
2023-05-15,1093,103,87,90,31,16,59,0.8446601941747572,0.34444444444444444,118
2023-05-16,1093,145,64,78,49,81,29,0.4413793103448276,0.6282051282051282,113
2023-05-17,1093,120,82,50,50,38,0,0.6833333333333333,1,132
2023-05-18,1093,137,74,92,39,63,53,0.5401459854014599,0.42391304347826086,113
2023-05-19,1093,129,80,80,42,49,38,0.6201550387596899,0.525,122
2023-05-20,1093,116,63,95,37,53,58,0.5431034482758621,0.3894736842105263,100
2023-05-21,1093,114,86,68,38,28,30,0.7543859649122807,0.5588235294117647,124
2023-05-22,1093,106,87,58,47,19,11,0.8207547169811321,0.8103448275862069,134
2023-05-23,1093,143,87,99,44,56,55,0.6083916083916084,0.4444444444444444,131
2023-05-24,1093,131,69,74,49,62,25,0.5267175572519084,0.6621621621621622,118
2023-05-25,1093,105,84,56,43,21,13,0.8,0.7678571428571429,127
2023-05-26,1093,117,81,98,40,36,58,0.6923076923076923,0.40816326530612246,121
2023-05-27,1093,141,78,73,36,63,37,0.5531914893617021,0.4931506849315068,114
2023-05-28,1093,118,101,98,51,17,47,0.8559322033898306,0.5204081632653061,152
2023-05-29,1093,135,91,61,34,44,27,0.674074074074074,0.5573770491803278,125
2023-05-30,1093,134,90,89,50,44,39,0.6716417910447762,0.5617977528089888,140
2023-05-31,1093,112,89,67,42,23,25,0.7946428571428571,0.6268656716417911,131
2023-06-01,1093,124,75,66,41,49,25,0.6048387096774194,0.6212121212121212,116
2023-06-02,1093,137,78,79,43,59,36,0.5693430656934306,0.5443037974683544,121
2023-06-03,1093,132,83,77,48,49,29,0.6287878787878788,0.6233766233766234,131
2023-06-04,1093,142,90,60,24,52,36,0.6338028169014085,0.4,114
2023-06-05,1093,100,61,91,38,39,53,0.61,0.4175824175824176,99
2023-06-06,1093,150,77,52,39,73,13,0.5133333333333333,0.75,116
2023-06-07,1093,141,79,90,34,62,56,0.5602836879432624,0.37777777777777777,113
2023-06-08,1093,148,95,90,47,53,43,0.6418918918918919,0.5222222222222223,142
2023-06-09,1093,118,90,86,34,28,52,0.7627118644067796,0.3953488372093023,124
2023-06-10,1093,120,75,98,34,45,64,0.625,0.3469387755102041,109
2023-06-11,1093,117,66,95,51,51,44,0.5641025641025641,0.5368421052631579,117
2023-06-12,1093,112,77,84,32,35,52,0.6875,0.38095238095238093,109
2023-06-13,1093,143,73,62,41,70,21,0.5104895104895105,0.6612903225806451,114
2023-06-14,1093,119,79,55,37,40,18,0.6638655462184874,0.6727272727272727,116
2023-06-15,1093,134,80,84,42,54,42,0.5970149253731343,0.5,122
2023-06-16,1093,114,77,89,37,37,52,0.6754385964912281,0.4157303370786517,114
2023-06-17,1093,117,80,77,39,37,38,0.6837606837606838,0.5064935064935064,119
2023-06-18,1093,131,88,63,30,43,33,0.6717557251908397,0.47619047619047616,118
2023-06-19,1093,100,87,73,36,13,37,0.87,0.4931506849315068,123
2023-06-20,1093,113,80,86,33,33,53,0.7079646017699115,0.38372093023255816,113
2023-06-21,1093,107,58,89,38,49,51,0.5420560747663551,0.42696629213483145,96
2023-06-22,1093,127,80,55,38,47,17,0.6299212598425197,0.6909090909090909,118
2023-06-23,1093,126,84,77,48,42,29,0.6666666666666666,0.6233766233766234,132
2023-06-24,1093,132,83,68,34,49,34,0.6287878787878788,0.5,117
2023-06-25,1093,148,67,88,36,81,52,0.4527027027027027,0.4090909090909091,103
2023-06-26,1093,104,83,62,30,21,32,0.7980769230769231,0.4838709677419355,113
2023-06-27,1093,145,88,72,41,57,31,0.6068965517241379,0.5694444444444444,129
2023-06-28,1093,131,79,53,48,52,5,0.6030534351145038,0.9056603773584906,127
2023-06-29,1093,111,63,85,41,48,44,0.5675675675675675,0.4823529411764706,104
2023-06-30,1093,119,83,50,40,36,10,0.6974789915966386,0.8,123
2023-07-01,1093,105,59,68,41,46,27,0.5619047619047619,0.6029411764705882,100
2023-07-02,1093,124,91,59,28,33,31,0.7338709677419355,0.4745762711864407,119
2023-07-03,1093,146,69,57,35,77,22,0.4726027397260274,0.6140350877192983,104
2023-07-04,1093,128,80,99,34,48,65,0.625,0.3434343434343434,114
2023-07-05,1093,117,72,50,48,45,2,0.6153846153846154,0.96,120
2023-07-06,1093,132,89,58,52,43,6,0.6742424242424242,0.896551724137931,141
2023-07-07,1093,102,68,95,25,34,70,0.6666666666666666,0.2631578947368421,93
2023-07-08,1093,149,77,56,37,72,19,0.5167785234899329,0.6607142857142857,114
2023-07-09,1093,105,85,51,38,20,13,0.8095238095238095,0.7450980392156863,123
2023-07-10,1093,139,75,94,35,64,59,0.539568345323741,0.3723404255319149,110
2023-07-11,1093,107,88,68,51,19,17,0.822429906542056,0.75,139
2023-07-12,1093,122,79,94,39,43,55,0.6475409836065574,0.4148936170212766,118
2023-07-13,1093,110,73,82,40,37,42,0.6636363636363637,0.4878048780487805,113
2023-07-14,1093,121,84,96,39,37,57,0.6942148760330579,0.40625,123
2023-07-15,1093,138,76,53,43,62,10,0.5507246376811594,0.8113207547169812,119
2023-07-16,1093,132,73,74,53,59,21,0.553030303030303,0.7162162162162162,126
2023-07-17,1093,121,75,88,52,46,36,0.6198347107438017,0.5909090909090909,127
2023-07-18,1093,130,73,69,39,57,30,0.5615384615384615,0.5652173913043478,112
2023-07-19,1093,109,75,66,41,34,25,0.6880733944954128,0.6212121212121212,116
2023-07-20,1093,133,77,64,39,56,25,0.5789473684210527,0.609375,116
2023-07-21,1093,144,87,89,41,57,48,0.6041666666666666,0.4606741573033708,128
2023-07-22,1093,108,71,90,40,37,50,0.6574074074074074,0.4444444444444444,111
2023-07-23,1093,124,83,65,44,41,21,0.6693548387096774,0.676923076923077,127
2023-07-24,1093,112,82,65,31,30,34,0.7321428571428571,0.47692307692307695,113
2023-07-25,1093,138,73,61,35,65,26,0.5289855072463768,0.5737704918032787,108
2023-07-26,1093,112,83,57,55,29,2,0.7410714285714286,0.9649122807017544,138
2023-07-27,1093,118,80,71,34,38,37,0.6779661016949152,0.4788732394366197,114
2023-07-28,1093,145,84,61,30,61,31,0.5793103448275863,0.4918032786885246,114
2023-07-29,1093,149,64,83,30,85,53,0.42953020134228187,0.3614457831325301,94
2023-07-30,1093,108,76,62,38,32,24,0.7037037037037037,0.6129032258064516,114
2023-07-31,1093,143,72,62,47,71,15,0.5034965034965035,0.7580645161290323,119
2023-08-01,1093,119,83,91,41,36,50,0.6974789915966386,0.45054945054945056,124
2023-08-02,1093,107,78,85,42,29,43,0.7289719626168224,0.49411764705882355,120
2023-08-03,1093,110,86,73,34,24,39,0.7818181818181819,0.4657534246575342,120
2023-08-04,1093,125,90,68,39,35,29,0.72,0.5735294117647058,129
2023-08-05,1093,117,85,80,36,32,44,0.7264957264957265,0.45,121
2023-08-06,1093,124,77,77,40,47,37,0.6209677419354839,0.5194805194805194,117
2023-08-07,1093,117,79,74,36,38,38,0.6752136752136753,0.4864864864864865,115
2023-08-08,1093,132,76,67,40,56,27,0.5757575757575758,0.5970149253731343,116
2023-08-09,1093,113,88,99,27,25,72,0.7787610619469026,0.2727272727272727,115
2023-08-10,1093,116,63,75,36,53,39,0.5431034482758621,0.48,99
2023-08-11,1093,111,75,68,38,36,30,0.6756756756756757,0.5588235294117647,113
2023-08-12,1093,129,80,74,46,49,28,0.6201550387596899,0.6216216216216216,126
2023-08-13,1093,132,85,87,37,47,50,0.6439393939393939,0.42528735632183906,122
2023-08-14,1093,133,86,58,30,47,28,0.6466165413533834,0.5172413793103449,116
2023-08-15,1093,127,84,100,52,43,48,0.6614173228346457,0.52,136
2023-08-16,1093,134,87,75,38,47,37,0.6492537313432836,0.5066666666666667,125
2023-08-17,1093,132,72,100,34,60,66,0.5454545454545454,0.34,106
2023-08-18,1093,101,74,69,44,27,25,0.7326732673267327,0.6376811594202898,118
2023-08-19,1093,134,76,70,35,58,35,0.5671641791044776,0.5,111
2023-08-20,1093,140,86,58,41,54,17,0.6142857142857143,0.7068965517241379,127
2023-08-21,1093,143,71,75,39,72,36,0.4965034965034965,0.52,110
2023-08-22,1093,139,86,51,40,53,11,0.6187050359712231,0.7843137254901961,126
2023-08-23,1093,139,87,70,32,52,38,0.6258992805755396,0.45714285714285713,119
2023-08-24,1093,100,79,53,28,21,25,0.79,0.5283018867924528,107
2023-08-25,1093,135,75,97,42,60,55,0.5555555555555556,0.4329896907216495,117
2023-08-26,1093,103,84,60,40,19,20,0.8155339805825242,0.6666666666666666,124
2023-08-27,1093,146,79,82,35,67,47,0.541095890410959,0.4268292682926829,114
2023-08-28,1093,146,82,96,41,64,55,0.5616438356164384,0.4270833333333333,123
2023-08-29,1093,120,92,100,44,28,56,0.7666666666666667,0.44,136
2023-08-30,1093,146,81,79,45,65,34,0.5547945205479452,0.569620253164557,126
2023-08-31,1093,101,73,85,41,28,44,0.7227722772277227,0.4823529411764706,114
2023-09-01,1093,118,77,67,40,41,27,0.652542372881356,0.5970149253731343,117
2023-09-02,1093,120,71,63,47,49,16,0.5916666666666667,0.746031746031746,118
2023-09-03,1093,103,90,92,38,13,54,0.8737864077669902,0.41304347826086957,128
2023-09-04,1093,116,97,72,38,19,34,0.8362068965517241,0.5277777777777778,135
2023-09-05,1093,141,74,92,38,67,54,0.524822695035461,0.41304347826086957,112
2023-09-06,1093,129,82,59,40,47,19,0.6356589147286822,0.6779661016949152,122
2023-09-07,1093,103,62,98,36,41,62,0.6019417475728155,0.3673469387755102,98
2023-09-08,1093,150,81,63,48,69,15,0.54,0.7619047619047619,129
2023-09-09,1093,119,68,96,42,51,54,0.5714285714285714,0.4375,110
2023-09-10,1093,100,92,87,45,8,42,0.92,0.5172413793103449,137
2023-09-11,1093,143,75,69,43,68,26,0.5244755244755245,0.6231884057971014,118
2023-09-12,1093,126,74,99,40,52,59,0.5873015873015873,0.40404040404040403,114
2023-09-13,1093,138,86,78,39,52,39,0.6231884057971014,0.5,125
2023-09-14,1093,135,90,68,30,45,38,0.6666666666666666,0.4411764705882353,120
2023-09-15,1093,148,80,89,34,68,55,0.5405405405405406,0.38202247191011235,114
2023-09-16,1093,147,72,94,32,75,62,0.4897959183673469,0.3404255319148936,104
2023-09-17,1093,107,76,85,39,31,46,0.7102803738317757,0.4588235294117647,115
2023-09-18,1093,146,98,98,39,48,59,0.6712328767123288,0.3979591836734694,137
2023-09-19,1093,133,78,87,34,55,53,0.5864661654135338,0.39080459770114945,112
2023-09-20,1093,103,73,83,39,30,44,0.7087378640776699,0.46987951807228917,112
2023-09-21,1093,136,67,52,36,69,16,0.49264705882352944,0.6923076923076923,103
2023-09-22,1093,129,83,63,50,46,13,0.6434108527131783,0.7936507936507936,133
2023-09-23,1093,131,87,71,37,44,34,0.6641221374045801,0.5211267605633803,124
2023-09-24,1093,136,90,53,38,46,15,0.6617647058823529,0.71698113207547165,128
2023-09-25,1093,143,86,75,44,57,31,0.6013986013986014,0.5866666666666667,130
2023-09-26,1093,109,98,69,36,11,33,0.8990825688073395,0.5217391304347826,134
2023-09-27,1093,126,85,97,36,41,61,0.6746031746031746,0.3711340206185567,121
2023-09-28,1093,142,78,59,33,64,26,0.5492957746478874,0.559322033898305,111
2023-09-29,1093,150,59,73,50,91,23,0.3933333333333333,0.684931506849315,109
2023-09-30,1093,105,71,50,47,34,3,0.6761904761904762,0.94,118
2023-10-01,1093,131,72,65,34,59,31,0.549618320610687,0.5230769230769231,106
2023-10-02,1093,106,79,90,35,27,55,0.7452830188679245,0.3888888888888889,114
2023-10-03,1093,144,89,56,35,55,21,0.6180555555555556,0.625,124
2023-10-04,1093,140,95,58,45,45,13,0.6785714285714286,0.7758620689655172,140
2023-10-05,1093,124,61,73,43,63,30,0.49193548387096775,0.589041095890411,104
2023-10-06,1093,146,81,88,39,65,49,0.5547945205479452,0.4431818181818182,120
2023-10-07,1093,143,93,70,44,50,26,0.6503496503496503,0.6285714285714286,137
2023-10-08,1093,140,100,75,36,40,39,0.7142857142857143,0.48,136
2023-10-09,1093,117,88,58,35,29,23,0.7521367521367521,0.603448275862069,123
2023-10-10,1093,119,77,51,32,42,19,0.6470588235294118,0.6274509803921569,109
2023-10-11,1093,125,80,50,46,45,4,0.64,0.92,126
2023-10-12,1093,115,76,55,41,39,14,0.6608695652173913,0.7454545454545455,117
2023-10-13,1093,146,68,61,31,78,30,0.4657534246575342,0.5081967213114754,99
2023-10-14,1093,101,85,60,38,16,22,0.8415841584158416,0.6333333333333333,123
2023-10-15,1093,150,60,72,50,90,22,0.4,0.6944444444444444,110
2023-10-16,1093,100,68,53,45,32,8,0.68,0.8490566037735849,113
2023-10-17,1093,119,91,93,38,28,55,0.7647058823529411,0.40860215053763443,129
2023-10-18,1093,140,67,53,48,73,5,0.4785714285714286,0.9056603773584906,115
2023-10-19,1093,120,85,84,37,35,47,0.7083333333333334,0.44047619047619047,122
2023-10-20,1093,137,87,52,34,50,18,0.635036496350365,0.6538461538461539,121
2023-10-21,1093,119,89,97,51,30,46,0.7478991596638656,0.5257731958762887,140
2023-10-22,1093,104,98,71,31,6,40,0.9423076923076923,0.43661971830985913,129
2023-10-23,1093,121,94,85,36,27,49,0.7768595041322314,0.4235294117647059,130
2023-10-24,1093,130,71,59,52,59,7,0.5461538461538461,0.8813559322033898,123
2023-10-25,1093,101,87,50,33,14,17,0.8613861386138614,0.66,120
2023-10-26,1093,130,70,68,22,60,46,0.5384615384615384,0.3235294117647059,92
2023-10-27,1093,142,95,85,42,47,43,0.6690140845070423,0.49411764705882355,137
2023-10-28,1093,101,75,82,39,26,43,0.7425742574257426,0.47560975609756095,114
2023-10-29,1093,140,85,89,28,55,61,0.6071428571428571,0.3146067415730337,113
2023-10-30,1093,102,78,60,46,24,14,0.7647058823529411,0.7666666666666667,124
2023-10-31,1093,136,67,52,49,69,3,0.49264705882352944,0.9423076923076923,116
2023-11-01,1093,118,73,90,38,45,52,0.6186440677966102,0.4222222222222222,111
2023-11-02,1093,145,93,53,47,52,6,0.6413793103448275,0.8867924528301887,140
2023-11-03,1093,115,82,51,40,33,11,0.7130434782608696,0.7843137254901961,122
2023-11-04,1093,149,60,51,35,89,16,0.40268456375838924,0.6862745098039216,95
2023-11-05,1093,107,78,81,50,29,31,0.7289719626168224,0.6172839506172839,128
2023-11-06,1093,110,72,85,41,38,44,0.6545454545454545,0.4823529411764706,113
2023-11-07,1093,147,93,62,29,54,33,0.6326530612244898,0.46774193548387094,122
2023-11-08,1093,133,78,67,45,55,22,0.5864661654135338,0.6716417910447762,123
2023-11-09,1093,106,73,78,42,33,36,0.6886792452830188,0.5384615384615384,115
2023-11-10,1093,109,100,73,45,9,28,0.9174311926605505,0.6164383561643836,145
2023-11-11,1093,117,86,63,53,31,10,0.7350427350427351,0.8412698412698413,139
2023-11-12,1093,141,66,66,37,75,29,0.46808510638297873,0.5606060606060606,103
2023-11-13,1093,111,75,72,23,36,49,0.6756756756756757,0.3194444444444444,98
2023-11-14,1093,137,81,89,34,56,55,0.5912408759124088,0.38202247191011235,115
2023-11-15,1093,111,75,98,38,36,60,0.6756756756756757,0.3877551020408163,113
2023-11-16,1093,141,94,71,51,47,20,0.6666666666666666,0.7183098591549296,145
2023-11-17,1093,110,72,73,32,38,41,0.6545454545454545,0.4383561643835616,104
2023-11-18,1093,106,89,73,43,17,30,0.839622641509434,0.589041095890411,132
2023-11-19,1093,134,88,99,34,46,65,0.6567164179104478,0.3434343434343434,122
2023-11-20,1093,145,79,64,46,66,18,0.5448275862068965,0.71875,125
2023-11-21,1093,107,100,65,35,7,30,0.9345794392523364,0.5384615384615384,135
2023-11-22,1093,141,76,94,41,65,53,0.5390070921985816,0.43617021276595747,117
2023-11-23,1093,101,90,97,35,11,62,0.8910891089108911,0.36082474226804123,125
2023-11-24,1093,133,90,61,35,43,26,0.6766917293233082,0.5737704918032787,125
2023-11-25,1093,129,73,74,39,56,35,0.5658914728682171,0.527027027027027,112
2023-11-26,1093,146,74,90,41,72,49,0.5068493150684932,0.45555555555555555,115
2023-11-27,1093,148,76,77,42,72,35,0.5135135135135135,0.5454545454545454,118
2023-11-28,1093,101,78,90,43,23,47,0.7722772277227723,0.4777777777777778,121
2023-11-29,1093,116,83,91,42,33,49,0.7155172413793104,0.46153846153846156,125
2023-11-30,1093,120,83,67,45,37,22,0.6916666666666667,0.6716417910447762,128
2023-12-01,1093,127,79,84,39,48,45,0.6220472440944882,0.4642857142857143,118
2023-12-02,1093,106,80,58,50,26,8,0.7547169811320755,0.8620689655172413,130
2023-12-03,1093,126,85,89,37,41,52,0.6746031746031746,0.4157303370786517,122
2023-12-04,1093,100,77,76,41,23,35,0.77,0.5394736842105263,118
2023-12-05,1093,116,68,73,36,48,37,0.5862068965517241,0.4931506849315068,104
2023-12-06,1093,150,78,69,35,72,34,0.52,0.5072463768115942,113
2023-12-07,1093,115,81,88,45,34,43,0.7043478260869566,0.5113636363636364,126
2023-12-08,1093,114,74,84,48,40,36,0.6491228070175439,0.5714285714285714,122
2023-12-09,1093,127,87,83,37,40,46,0.6850393700787402,0.4457831325301205,124
2023-12-10,1093,132,71,67,33,61,34,0.5378787878787878,0.4925373134328358,104
2023-12-11,1093,107,78,87,45,29,42,0.7289719626168224,0.5172413793103449,123
2023-12-12,1093,146,82,65,37,64,28,0.5616438356164384,0.5692307692307692,119
2023-12-13,1093,108,67,91,40,41,51,0.6203703703703703,0.43956043956043955,107
2023-12-14,1093,139,83,84,46,56,38,0.5971223021582733,0.5476190476190477,129
2023-12-15,1093,123,86,81,34,37,47,0.6991869918699187,0.41975308641975306,120
2023-12-16,1093,128,79,87,38,49,49,0.6171875,0.4367816091954023,117
2023-12-17,1093,133,89,52,45,44,7,0.6691729323308271,0.8653846153846154,134
2023-12-18,1093,144,78,90,36,66,54,0.5416666666666666,0.4,114
2023-12-19,1093,111,81,79,32,30,47,0.7297297297297297,0.4050632911392405,113
2023-12-20,1093,137,80,79,39,57,40,0.583941605839416,0.4936708860759494,119
2023-12-21,1093,147,89,67,34,58,33,0.6054421768707483,0.5074626865671642,123
2023-12-22,1093,145,73,93,46,72,47,0.503448275862069,0.4946236559139785,119
2023-12-23,1093,135,88,96,33,47,63,0.6518518518518519,0.34375,121
2023-12-24,1093,124,90,88,43,34,45,0.7258064516129032,0.48863636363636365,133
2023-12-25,1093,112,72,53,44,40,9,0.6428571428571429,0.8301886792452831,116
2023-12-26,1093,107,73,99,29,34,70,0.6822429906542056,0.29292929292929293,102
2023-12-27,1093,144,77,75,43,67,32,0.5347222222222222,0.5733333333333334,120
2023-12-28,1093,147,67,86,38,80,48,0.4557823129251701,0.4418604651162791,105
2023-12-29,1093,106,99,80,33,7,47,0.9339622641509434,0.4125,132
2023-12-30,1093,120,94,82,34,26,48,0.7833333333333333,0.4146341463414634,128
2023-12-31,1093,121,85,61,43,36,18,0.7024793388429752,0.7049180327868853,128
2023-01-01,1094,105,87,81,45,18,36,0.8285714285714286,0.5555555555555556,132
2023-01-02,1094,113,77,96,45,36,51,0.6814159292035398,0.46875,122
2023-01-03,1094,147,79,87,33,68,54,0.5374149659863946,0.3793103448275862,112
2023-01-04,1094,105,83,82,36,22,46,0.7904761904761904,0.43902439024390244,119
2023-01-05,1094,147,93,97,47,54,50,0.6326530612244898,0.4845360824742268,140
2023-01-06,1094,103,77,90,37,26,53,0.7475728155339806,0.4111111111111111,114
2023-01-07,1094,126,78,97,57,48,40,0.6190476190476191,0.5876288659793815,135
2023-01-08,1094,123,74,90,35,49,55,0.6016260162601627,0.3888888888888889,109
2023-01-09,1094,109,85,50,49,24,1,0.7798165137614679,0.98,134
2023-01-10,1094,138,72,50,43,66,7,0.5217391304347826,0.86,115
2023-01-11,1094,110,71,62,42,39,20,0.6454545454545455,0.6774193548387096,113
2023-01-12,1094,120,69,61,41,51,20,0.575,0.6721311475409836,110
2023-01-13,1094,126,66,83,29,60,54,0.5238095238095238,0.3493975903614458,95
2023-01-14,1094,110,68,78,39,42,39,0.6181818181818182,0.5,107
2023-01-15,1094,140,84,97,31,56,66,0.6,0.31958762886597936,115
2023-01-16,1094,108,81,80,38,27,42,0.75,0.475,119
2023-01-17,1094,139,86,87,40,53,47,0.6187050359712231,0.45977011494252873,126
2023-01-18,1094,119,74,55,30,45,25,0.6218487394957983,0.5454545454545454,104
2023-01-19,1094,135,95,64,33,40,31,0.7037037037037037,0.515625,128
2023-01-20,1094,102,67,91,32,35,59,0.6568627450980392,0.3516483516483517,99
2023-01-21,1094,107,73,55,37,34,18,0.6822429906542056,0.6727272727272727,110
2023-01-22,1094,119,89,59,42,30,17,0.7478991596638656,0.711864406779661,131
2023-01-23,1094,110,67,65,36,43,29,0.6090909090909091,0.5538461538461539,103
2023-01-24,1094,143,78,58,39,65,19,0.5454545454545454,0.6724137931034483,117
2023-01-25,1094,140,68,97,31,72,66,0.4857142857142857,0.31958762886597936,99
2023-01-26,1094,123,72,98,47,51,51,0.5853658536585366,0.47959183673469385,119
2023-01-27,1094,134,71,89,36,63,53,0.5298507462686567,0.4044943820224719,107
2023-01-28,1094,121,88,59,47,33,12,0.7272727272727273,0.7966101694915254,135
2023-01-29,1094,118,71,50,47,47,3,0.6016949152542372,0.94,118
2023-01-30,1094,142,84,100,32,58,68,0.5915492957746479,0.32,116
2023-01-31,1094,110,76,74,36,34,38,0.6909090909090909,0.4864864864864865,112
2023-02-01,1094,141,97,94,40,44,54,0.6879432624113475,0.425531914893617,137
2023-02-02,1094,123,60,78,40,63,38,0.4878048780487805,0.5128205128205128,100
2023-02-03,1094,135,78,89,38,57,51,0.5777777777777777,0.42696629213483145,116
2023-02-04,1094,136,86,84,45,50,39,0.6323529411764706,0.5357142857142857,131
2023-02-05,1094,134,95,65,47,39,18,0.7089552238805971,0.7230769230769231,142
2023-02-06,1094,116,85,54,43,31,11,0.7327586206896551,0.7962962962962963,128
2023-02-07,1094,113,87,66,41,26,25,0.7699115044247787,0.6212121212121212,128
2023-02-08,1094,113,71,64,37,42,27,0.6283185840707964,0.578125,108
2023-02-09,1094,108,85,55,37,23,18,0.7870370370370371,0.6727272727272727,122
2023-02-10,1094,124,89,94,35,35,59,0.717741935483871,0.3723404255319149,124
2023-02-11,1094,131,70,65,45,61,20,0.5343511450381679,0.6923076923076923,115
2023-02-12,1094,102,90,66,40,12,26,0.8823529411764706,0.6060606060606061,130
2023-02-13,1094,138,88,72,31,50,41,0.6376811594202898,0.4305555555555556,119
2023-02-14,1094,108,91,69,34,17,35,0.8425925925925926,0.4927536231884058,125
2023-02-15,1094,140,72,52,38,68,14,0.5142857142857142,0.7307692307692307,110
2023-02-16,1094,147,92,86,44,55,42,0.6258503401360545,0.5116279069767442,136
2023-02-17,1094,133,87,91,41,46,50,0.6541353383458647,0.45054945054945056,128
2023-02-18,1094,138,100,99,47,38,52,0.7246376811594203,0.47474747474747475,147
2023-02-19,1094,135,91,87,41,44,46,0.674074074074074,0.47126436781609193,132
2023-02-20,1094,121,81,82,41,40,41,0.6694214876033058,0.5,122
2023-02-21,1094,138,57,98,45,81,53,0.41304347826086957,0.45918367346938777,102
2023-02-22,1094,138,69,90,40,69,50,0.5,0.4444444444444444,109
2023-02-23,1094,116,84,73,33,32,40,0.7241379310344828,0.4520547945205479,117
2023-02-24,1094,106,93,72,46,13,26,0.8773584905660378,0.6388888888888888,139
2023-02-25,1094,112,66,51,46,46,5,0.5892857142857143,0.9019607843137255,112
2023-02-26,1094,139,78,74,35,61,39,0.5611510791366906,0.47297297297297297,113
2023-02-27,1094,102,86,60,33,16,27,0.8431372549019608,0.55,119
2023-02-28,1094,120,73,72,42,47,30,0.6083333333333333,0.5833333333333334,115
2023-03-01,1094,137,92,50,30,45,20,0.6715328467153284,0.6,122
2023-03-02,1094,101,93,72,49,8,23,0.9207920792079208,0.6805555555555556,142
2023-03-03,1094,126,76,92,51,50,41,0.6031746031746031,0.5543478260869565,127
2023-03-04,1094,131,88,85,29,43,56,0.6717557251908397,0.3411764705882353,117
2023-03-05,1094,129,78,73,45,51,28,0.6046511627906976,0.6164383561643836,123
2023-03-06,1094,103,68,56,34,35,22,0.6601941747572816,0.6071428571428571,102
2023-03-07,1094,104,88,68,45,16,23,0.8461538461538461,0.6617647058823529,133
2023-03-08,1094,122,70,87,31,52,56,0.5737704918032787,0.3563218390804598,101
2023-03-09,1094,112,74,76,39,38,37,0.6607142857142857,0.5131578947368421,113
2023-03-10,1094,113,97,83,38,16,45,0.8584070796460177,0.4578313253012048,135
2023-03-11,1094,103,97,70,39,6,31,0.941747572815534,0.5571428571428572,136
2023-03-12,1094,109,72,98,33,37,65,0.6605504587155964,0.336734693877551,105
2023-03-13,1094,140,71,57,51,69,6,0.5071428571428571,0.8947368421052632,122
2023-03-14,1094,146,81,76,47,65,29,0.5547945205479452,0.618421052631579,128
2023-03-15,1094,135,75,75,47,60,28,0.5555555555555556,0.6266666666666667,122
2023-03-16,1094,139,79,80,45,60,35,0.5683453237410072,0.5625,124
2023-03-17,1094,149,76,94,33,73,61,0.5100671140939598,0.35106382978723405,109
2023-03-18,1094,100,71,87,37,29,50,0.71,0.42528735632183906,108
2023-03-19,1094,132,78,97,41,54,56,0.5909090909090909,0.422680412371134,119
2023-03-20,1094,146,76,99,35,70,64,0.5205479452054794,0.35353535353535354,111
2023-03-21,1094,116,97,86,34,19,52,0.8362068965517241,0.3953488372093023,131
2023-03-22,1094,118,78,60,38,40,22,0.6610169491525424,0.6333333333333333,116
2023-03-23,1094,141,76,77,45,65,32,0.5390070921985816,0.5844155844155844,121
2023-03-24,1094,150,71,60,57,79,3,0.47333333333333333,0.95,128
2023-03-25,1094,149,91,70,39,58,31,0.610738255033557,0.5571428571428572,130
2023-03-26,1094,149,67,63,43,82,20,0.44966442953020136,0.6825396825396826,110
2023-03-27,1094,127,82,62,40,45,22,0.6456692913385826,0.6451612903225806,122
2023-03-28,1094,143,79,97,39,64,58,0.5524475524475524,0.4020618556701031,118
2023-03-29,1094,110,72,51,49,38,2,0.6545454545454545,0.9607843137254902,121
2023-03-30,1094,112,76,56,40,36,16,0.6785714285714286,0.7142857142857143,116
2023-03-31,1094,129,76,80,35,53,45,0.5891472868217055,0.4375,111
2023-04-01,1094,132,99,97,45,33,52,0.75,0.4639175257731959,144
2023-04-02,1094,118,85,89,38,33,51,0.7203389830508474,0.42696629213483145,123
2023-04-03,1094,149,83,52,45,66,7,0.5570469798657718,0.8653846153846154,128
2023-04-04,1094,103,78,78,44,25,34,0.7572815533980582,0.5641025641025641,122
2023-04-05,1094,124,83,77,35,41,42,0.6693548387096774,0.45454545454545453,118
2023-04-06,1094,129,71,100,31,58,69,0.5503875968992248,0.31,102
2023-04-07,1094,119,77,50,39,42,11,0.6470588235294118,0.78,116
2023-04-08,1094,103,76,88,42,27,46,0.7378640776699029,0.4772727272727273,118
2023-04-09,1094,111,81,98,45,30,53,0.7297297297297297,0.45918367346938777,126
2023-04-10,1094,120,75,91,41,45,50,0.625,0.45054945054945056,116
2023-04-11,1094,123,78,74,35,45,39,0.6341463414634146,0.47297297297297297,113
2023-04-12,1094,116,66,76,43,50,33,0.5689655172413793,0.5657894736842105,109
2023-04-13,1094,139,76,92,45,63,47,0.5467625899280576,0.4891304347826087,121
2023-04-14,1094,127,90,53,29,37,24,0.7086614173228346,0.5471698113207547,119
2023-04-15,1094,106,75,74,40,31,34,0.7075471698113207,0.5405405405405406,115
2023-04-16,1094,134,78,81,36,56,45,0.582089552238806,0.4444444444444444,114
2023-04-17,1094,129,66,99,42,63,57,0.5116279069767442,0.42424242424242425,108
2023-04-18,1094,107,77,65,44,30,21,0.719626168224299,0.676923076923077,121
2023-04-19,1094,107,82,61,40,25,21,0.7663551401869159,0.6557377049180327,122
2023-04-20,1094,134,80,55,37,54,18,0.5970149253731343,0.6727272727272727,117
2023-04-21,1094,150,69,68,44,81,24,0.46,0.6470588235294118,113
2023-04-22,1094,124,78,82,35,46,47,0.6290322580645161,0.4268292682926829,113
2023-04-23,1094,129,94,51,38,35,13,0.7286821705426356,0.7450980392156863,132
2023-04-24,1094,142,77,86,46,65,40,0.5422535211267606,0.5348837209302325,123
2023-04-25,1094,134,88,95,39,46,56,0.6567164179104478,0.4105263157894737,127
2023-04-26,1094,118,76,89,49,42,40,0.6440677966101694,0.550561797752809,125
2023-04-27,1094,111,79,79,35,32,44,0.7117117117117117,0.4430379746835443,114
2023-04-28,1094,104,78,81,34,26,47,0.75,0.41975308641975306,112
2023-04-29,1094,130,85,51,41,45,10,0.6538461538461539,0.803921568627451,126
2023-04-30,1094,138,77,82,32,61,50,0.5579710144927537,0.3902439024390244,109
2023-05-01,1094,147,72,60,39,75,21,0.4897959183673469,0.65,111
2023-05-02,1094,123,69,88,20,54,68,0.5609756097560976,0.22727272727272727,89
2023-05-03,1094,150,76,92,38,74,54,0.5066666666666667,0.41304347826086957,114
2023-05-04,1094,131,63,72,47,68,25,0.48091603053435117,0.6527777777777778,110
2023-05-05,1094,113,82,93,35,31,58,0.7256637168141593,0.3763440860215054,117
2023-05-06,1094,115,81,67,55,34,12,0.7043478260869566,0.8208955223880597,136
2023-05-07,1094,146,78,52,44,68,8,0.5342465753424658,0.8461538461538461,122
2023-05-08,1094,116,84,68,40,32,28,0.7241379310344828,0.5882352941176471,124
2023-05-09,1094,111,75,85,41,36,44,0.6756756756756757,0.4823529411764706,116
2023-05-10,1094,141,78,75,36,63,39,0.5531914893617021,0.48,114
2023-05-11,1094,131,86,65,37,45,28,0.6564885496183206,0.5692307692307692,123
2023-05-12,1094,121,88,81,41,33,40,0.7272727272727273,0.5061728395061729,129
2023-05-13,1094,104,79,61,38,25,23,0.7596153846153846,0.6229508196721312,117
2023-05-14,1094,127,78,92,37,49,55,0.6141732283464567,0.40217391304347827,115
2023-05-15,1094,127,83,59,29,44,30,0.6535433070866141,0.4915254237288136,112
2023-05-16,1094,130,82,73,39,48,34,0.6307692307692307,0.5342465753424658,121
2023-05-17,1094,100,79,60,48,21,12,0.79,0.8,127
2023-05-18,1094,128,88,61,43,40,18,0.6875,0.7049180327868853,131
2023-05-19,1094,137,90,98,51,47,47,0.656934306569343,0.5204081632653061,141
2023-05-20,1094,105,68,67,32,37,35,0.6476190476190476,0.47761194029850745,100
2023-05-21,1094,129,93,91,33,36,58,0.7209302325581395,0.3626373626373626,126
2023-05-22,1094,120,93,60,38,27,22,0.775,0.6333333333333333,131
2023-05-23,1094,100,80,86,35,20,51,0.8,0.4069767441860465,115
2023-05-24,1094,100,74,82,46,26,36,0.74,0.5609756097560976,120
2023-05-25,1094,146,72,63,35,74,28,0.4931506849315068,0.5555555555555556,107
2023-05-26,1094,106,75,66,37,31,29,0.7075471698113207,0.5606060606060606,112
2023-05-27,1094,113,76,80,48,37,32,0.672566371681416,0.6,124
2023-05-28,1094,140,84,63,39,56,24,0.6,0.6190476190476191,123
2023-05-29,1094,122,78,95,38,44,57,0.639344262295082,0.4,116
2023-05-30,1094,130,75,83,46,55,37,0.5769230769230769,0.5542168674698795,121
2023-05-31,1094,120,80,97,49,40,48,0.6666666666666666,0.5051546391752577,129
2023-06-01,1094,108,89,88,38,19,50,0.8240740740740741,0.4318181818181818,127
2023-06-02,1094,133,77,52,39,56,13,0.5789473684210527,0.75,116
2023-06-03,1094,109,66,85,37,43,48,0.6055045871559633,0.43529411764705883,103
2023-06-04,1094,129,76,93,46,53,47,0.5891472868217055,0.4946236559139785,122
2023-06-05,1094,126,91,70,50,35,20,0.7222222222222222,0.7142857142857143,141
2023-06-06,1094,104,89,71,51,15,20,0.8557692307692307,0.7183098591549296,140
2023-06-07,1094,113,76,89,40,37,49,0.672566371681416,0.449438202247191,116
2023-06-08,1094,107,77,76,35,30,41,0.719626168224299,0.4605263157894737,112
2023-06-09,1094,133,77,89,33,56,56,0.5789473684210527,0.3707865168539326,110
2023-06-10,1094,118,82,97,30,36,67,0.6949152542372882,0.30927835051546393,112
2023-06-11,1094,141,70,92,48,71,44,0.49645390070921985,0.5217391304347826,118
2023-06-12,1094,119,91,80,45,28,35,0.7647058823529411,0.5625,136
2023-06-13,1094,150,78,76,41,72,35,0.52,0.5394736842105263,119
2023-06-14,1094,122,79,71,34,43,37,0.6475409836065574,0.4788732394366197,113
2023-06-15,1094,143,68,58,35,75,23,0.4755244755244755,0.603448275862069,103
2023-06-16,1094,135,71,78,35,64,43,0.5259259259259259,0.44871794871794873,106
2023-06-17,1094,149,72,68,56,77,12,0.48322147651006714,0.8235294117647058,128
2023-06-18,1094,145,75,58,49,70,9,0.5172413793103449,0.8448275862068966,124
2023-06-19,1094,125,62,76,39,63,37,0.496,0.5131578947368421,101
2023-06-20,1094,129,80,62,44,49,18,0.6201550387596899,0.7096774193548387,124
2023-06-21,1094,122,82,60,43,40,17,0.6721311475409836,0.7166666666666667,125
2023-06-22,1094,110,69,84,36,41,48,0.6272727272727273,0.42857142857142855,105
2023-06-23,1094,145,74,80,45,71,35,0.5103448275862069,0.5625,119
2023-06-24,1094,102,67,51,41,35,10,0.6568627450980392,0.803921568627451,108
2023-06-25,1094,127,83,59,28,44,31,0.6535433070866141,0.4745762711864407,111
2023-06-26,1094,141,78,75,33,63,42,0.5531914893617021,0.44,111
2023-06-27,1094,132,90,59,42,42,17,0.6818181818181818,0.711864406779661,132
2023-06-28,1094,140,87,83,33,53,50,0.6214285714285714,0.39759036144578314,120
2023-06-29,1094,122,63,70,36,59,34,0.5163934426229508,0.5142857142857142,99
2023-06-30,1094,148,72,72,37,76,35,0.4864864864864865,0.5138888888888888,109
2023-07-01,1094,104,71,94,46,33,48,0.6826923076923077,0.48936170212765956,117
2023-07-02,1094,100,69,97,41,31,56,0.69,0.422680412371134,110
2023-07-03,1094,121,71,64,36,50,28,0.5867768595041323,0.5625,107
2023-07-04,1094,126,75,72,46,51,26,0.5952380952380952,0.6388888888888888,121
2023-07-05,1094,119,74,65,42,45,23,0.6218487394957983,0.6461538461538462,116
2023-07-06,1094,117,76,91,44,41,47,0.6495726495726496,0.4835164835164835,120
2023-07-07,1094,146,87,88,39,59,49,0.5958904109589042,0.4431818181818182,126
2023-07-08,1094,126,87,80,36,39,44,0.6904761904761905,0.45,123
2023-07-09,1094,146,75,53,34,71,19,0.5136986301369864,0.6415094339622641,109
2023-07-10,1094,127,85,80,51,42,29,0.6692913385826772,0.6375,136
2023-07-11,1094,126,87,84,37,39,47,0.6904761904761905,0.44047619047619047,124
2023-07-12,1094,103,88,87,35,15,52,0.8543689320388349,0.40229885057471265,123
2023-07-13,1094,129,76,59,55,53,4,0.5891472868217055,0.9322033898305084,131
2023-07-14,1094,141,88,58,39,53,19,0.624113475177305,0.6724137931034483,127
2023-07-15,1094,109,72,72,43,37,29,0.6605504587155964,0.5972222222222222,115
2023-07-16,1094,104,84,92,50,20,42,0.8076923076923077,0.5434782608695652,134
2023-07-17,1094,113,86,83,37,27,46,0.7610619469026548,0.4457831325301205,123
2023-07-18,1094,147,91,64,38,56,26,0.6190476190476191,0.59375,129
2023-07-19,1094,103,81,57,41,22,16,0.7864077669902912,0.7192982456140351,122
2023-07-20,1094,132,75,76,45,57,31,0.5681818181818182,0.5921052631578947,120
2023-07-21,1094,118,75,82,42,43,40,0.635593220338983,0.5121951219512195,117
2023-07-22,1094,113,73,75,33,40,42,0.6460176991150443,0.44,106
2023-07-23,1094,116,74,100,40,42,60,0.6379310344827587,0.4,114
2023-07-24,1094,148,74,89,36,74,53,0.5,0.4044943820224719,110
2023-07-25,1094,142,82,62,33,60,29,0.5774647887323944,0.532258064516129,115
2023-07-26,1094,137,66,78,34,71,44,0.48175182481751827,0.4358974358974359,100
2023-07-27,1094,101,88,67,31,13,36,0.8712871287128713,0.4626865671641791,119
2023-07-28,1094,136,74,72,40,62,32,0.5441176470588235,0.5555555555555556,114
2023-07-29,1094,146,70,57,43,76,14,0.4794520547945205,0.7543859649122807,113
2023-07-30,1094,138,79,82,26,59,56,0.572463768115942,0.3170731707317073,105
2023-07-31,1094,101,79,60,33,22,27,0.7821782178217822,0.55,112
2023-08-01,1094,144,79,84,39,65,45,0.5486111111111112,0.4642857142857143,118
2023-08-02,1094,105,71,54,26,34,28,0.6761904761904762,0.48148148148148145,97
2023-08-03,1094,147,85,50,36,62,14,0.5782312925170068,0.72,121
2023-08-04,1094,137,78,85,41,59,44,0.5693430656934306,0.4823529411764706,119
2023-08-05,1094,147,61,67,59,86,8,0.41496598639455784,0.8805970149253731,120
2023-08-06,1094,115,80,64,35,35,29,0.6956521739130435,0.546875,115
2023-08-07,1094,104,89,78,48,15,30,0.8557692307692307,0.6153846153846154,137
2023-08-08,1094,120,73,81,33,47,48,0.6083333333333333,0.4074074074074074,106
2023-08-09,1094,111,76,54,40,35,14,0.6846846846846847,0.7407407407407407,116
2023-08-10,1094,144,87,58,35,57,23,0.6041666666666666,0.603448275862069,122
2023-08-11,1094,133,77,67,36,56,31,0.5789473684210527,0.5373134328358209,113
2023-08-12,1094,136,76,78,54,60,24,0.5588235294117647,0.6923076923076923,130
2023-08-13,1094,103,93,71,37,10,34,0.9029126213592233,0.5211267605633803,130
2023-08-14,1094,139,79,68,43,60,25,0.5683453237410072,0.6323529411764706,122
2023-08-15,1094,115,78,96,35,37,61,0.6782608695652174,0.3645833333333333,113
2023-08-16,1094,120,81,96,31,39,65,0.675,0.3229166666666667,112
2023-08-17,1094,149,96,53,37,53,16,0.6442953020134228,0.6981132075471698,133
2023-08-18,1094,138,86,85,36,52,49,0.6231884057971014,0.4235294117647059,122
2023-08-19,1094,144,80,67,44,64,23,0.5555555555555556,0.6567164179104478,124
2023-08-20,1094,118,100,61,46,18,15,0.847457627118644,0.7540983606557377,146
2023-08-21,1094,137,85,87,33,52,54,0.6204379562043796,0.3793103448275862,118
2023-08-22,1094,148,83,59,32,65,27,0.5608108108108109,0.5423728813559322,115
2023-08-23,1094,143,86,75,42,57,33,0.6013986013986014,0.56,128
2023-08-24,1094,138,96,59,38,42,21,0.6956521739130435,0.6440677966101694,134
2023-08-25,1094,127,74,59,35,53,24,0.5826771653543307,0.5932203389830508,109
2023-08-26,1094,100,85,60,48,15,12,0.85,0.8,133
2023-08-27,1094,125,75,57,45,50,12,0.6,0.7894736842105263,120
2023-08-28,1094,138,84,69,39,54,30,0.6086956521739131,0.5652173913043478,123
2023-08-29,1094,140,90,85,39,50,46,0.6428571428571429,0.4588235294117647,129
2023-08-30,1094,136,77,85,33,59,52,0.5661764705882353,0.38823529411764707,110
2023-08-31,1094,111,74,54,48,37,6,0.6666666666666666,0.8888888888888888,122
2023-09-01,1094,121,80,84,44,41,40,0.6611570247933884,0.5238095238095238,124
2023-09-02,1094,128,77,65,49,51,16,0.6015625,0.7538461538461538,126
2023-09-03,1094,102,85,98,33,17,65,0.8333333333333334,0.336734693877551,118
2023-09-04,1094,109,81,89,41,28,48,0.7431192660550459,0.4606741573033708,122
2023-09-05,1094,103,80,62,35,23,27,0.7766990291262136,0.5645161290322581,115
2023-09-06,1094,103,83,96,39,20,57,0.8058252427184466,0.40625,122
2023-09-07,1094,127,73,98,41,54,57,0.5748031496062992,0.41836734693877553,114
2023-09-08,1094,110,84,86,52,26,34,0.7636363636363637,0.6046511627906976,136
2023-09-09,1094,134,83,80,46,51,34,0.6194029850746269,0.575,129
2023-09-10,1094,121,96,50,45,25,5,0.7933884297520661,0.9,141
2023-09-11,1094,123,93,83,38,30,45,0.7560975609756098,0.4578313253012048,131
2023-09-12,1094,129,79,54,37,50,17,0.6124031007751938,0.6851851851851852,116
2023-09-13,1094,108,72,71,40,36,31,0.6666666666666666,0.5633802816901409,112
2023-09-14,1094,109,70,66,47,39,19,0.6422018348623854,0.7121212121212122,117
2023-09-15,1094,109,75,89,47,34,42,0.6880733944954128,0.5280898876404494,122
2023-09-16,1094,135,72,55,40,63,15,0.5333333333333333,0.7272727272727273,112
2023-09-17,1094,116,95,52,36,21,16,0.8189655172413793,0.6923076923076923,131
2023-09-18,1094,107,78,83,38,29,45,0.7289719626168224,0.4578313253012048,116
2023-09-19,1094,117,83,75,49,34,26,0.7094017094017094,0.6533333333333333,132
2023-09-20,1094,112,73,57,45,39,12,0.6517857142857143,0.7894736842105263,118
2023-09-21,1094,107,68,71,38,39,33,0.6355140186915887,0.5352112676056338,106
2023-09-22,1094,143,93,66,27,50,39,0.6503496503496503,0.4090909090909091,120
2023-09-23,1094,106,92,66,38,14,28,0.8679245283018868,0.5757575757575758,130
2023-09-24,1094,110,77,79,39,33,40,0.7,0.4936708860759494,116
2023-09-25,1094,125,79,62,38,46,24,0.632,0.6129032258064516,117
2023-09-26,1094,141,76,74,32,65,42,0.5390070921985816,0.43243243243243246,108
2023-09-27,1094,130,77,51,40,53,11,0.5923076923076923,0.7843137254901961,117
2023-09-28,1094,121,79,72,39,42,33,0.6528925619834711,0.5416666666666666,118
2023-09-29,1094,106,66,74,38,40,36,0.6226415094339622,0.5135135135135135,104
2023-09-30,1094,103,89,53,29,14,24,0.8640776699029126,0.5471698113207547,118
2023-10-01,1094,130,88,61,30,42,31,0.676923076923077,0.4918032786885246,118
2023-10-02,1094,113,88,69,29,25,40,0.7787610619469026,0.42028985507246375,117
2023-10-03,1094,111,82,99,32,29,67,0.7387387387387387,0.32323232323232326,114
2023-10-04,1094,124,77,73,46,47,27,0.6209677419354839,0.6301369863013698,123
2023-10-05,1094,123,101,52,33,22,19,0.8211382113821138,0.6346153846153846,134
2023-10-06,1094,115,87,97,31,28,66,0.7565217391304347,0.31958762886597936,118
2023-10-07,1094,149,67,67,44,82,23,0.44966442953020136,0.6567164179104478,111
2023-10-08,1094,135,81,50,50,54,0,0.6,1,131
2023-10-09,1094,114,83,87,48,31,39,0.7280701754385965,0.5517241379310345,131
2023-10-10,1094,142,70,62,40,72,22,0.49295774647887325,0.6451612903225806,110
2023-10-11,1094,135,76,52,41,59,11,0.562962962962963,0.7884615384615384,117
2023-10-12,1094,109,73,59,35,36,24,0.6697247706422018,0.5932203389830508,108
2023-10-13,1094,123,82,97,46,41,51,0.6666666666666666,0.4742268041237113,128
2023-10-14,1094,123,82,88,31,41,57,0.6666666666666666,0.3522727272727273,113
2023-10-15,1094,104,77,60,36,27,24,0.7403846153846154,0.6,113
2023-10-16,1094,144,90,81,35,54,46,0.625,0.43209876543209874,125
2023-10-17,1094,115,81,64,37,34,27,0.7043478260869566,0.578125,118
2023-10-18,1094,135,73,93,33,62,60,0.5407407407407407,0.3548387096774194,106
2023-10-19,1094,125,70,99,34,55,65,0.56,0.3434343434343434,104
2023-10-20,1094,104,95,71,48,9,23,0.9134615384615384,0.676056338028169,143
2023-10-21,1094,140,68,69,47,72,22,0.4857142857142857,0.6811594202898551,115
2023-10-22,1094,140,82,58,38,58,20,0.5857142857142857,0.6551724137931034,120
2023-10-23,1094,104,68,53,40,36,13,0.6538461538461539,0.7547169811320755,108
2023-10-24,1094,136,73,87,34,63,53,0.5367647058823529,0.39080459770114945,107
2023-10-25,1094,102,67,99,41,35,58,0.6568627450980392,0.41414141414141414,108
2023-10-26,1094,132,66,83,41,66,42,0.5,0.4939759036144578,107
2023-10-27,1094,112,75,71,41,37,30,0.6696428571428571,0.5774647887323944,116
2023-10-28,1094,102,67,56,39,35,17,0.6568627450980392,0.6964285714285714,106
2023-10-29,1094,113,99,68,49,14,19,0.8761061946902655,0.7205882352941176,148
2023-10-30,1094,110,78,95,56,32,39,0.7090909090909091,0.5894736842105263,134
2023-10-31,1094,114,83,89,33,31,56,0.7280701754385965,0.3707865168539326,116
2023-11-01,1094,134,72,71,40,62,31,0.5373134328358209,0.5633802816901409,112
2023-11-02,1094,137,70,84,31,67,53,0.5109489051094891,0.36904761904761907,101
2023-11-03,1094,145,69,94,55,76,39,0.47586206896551725,0.5851063829787234,124
2023-11-04,1094,129,80,67,39,49,28,0.6201550387596899,0.582089552238806,119
2023-11-05,1094,120,72,66,42,48,24,0.6,0.6363636363636364,114
2023-11-06,1094,131,76,71,45,55,26,0.5801526717557252,0.6338028169014085,121
2023-11-07,1094,127,58,71,38,69,33,0.4566929133858268,0.5352112676056338,96
2023-11-08,1094,105,83,60,32,22,28,0.7904761904761904,0.5333333333333333,115
2023-11-09,1094,130,88,76,46,42,30,0.676923076923077,0.6052631578947368,134
2023-11-10,1094,114,91,94,47,23,47,0.7982456140350878,0.5,138
2023-11-11,1094,109,67,70,35,42,35,0.6146788990825688,0.5,102
2023-11-12,1094,119,75,96,44,44,52,0.6302521008403361,0.4583333333333333,119
2023-11-13,1094,105,79,96,43,26,53,0.7523809523809524,0.4479166666666667,122
2023-11-14,1094,103,71,88,54,32,34,0.6893203883495146,0.6136363636363636,125
2023-11-15,1094,108,94,99,38,14,61,0.8703703703703703,0.3838383838383838,132
2023-11-16,1094,129,84,60,35,45,25,0.6511627906976745,0.5833333333333334,119
2023-11-17,1094,107,71,96,39,36,57,0.6635514018691588,0.40625,110
2023-11-18,1094,131,83,75,27,48,48,0.6335877862595419,0.36,110
2023-11-19,1094,122,77,56,50,45,6,0.6311475409836066,0.8928571428571429,127
2023-11-20,1094,127,78,96,43,49,53,0.6141732283464567,0.4479166666666667,121
2023-11-21,1094,100,78,87,39,22,48,0.78,0.4482758620689655,117
2023-11-22,1094,109,67,59,35,42,24,0.6146788990825688,0.5932203389830508,102
2023-11-23,1094,135,85,98,43,50,55,0.6296296296296297,0.4387755102040816,128
2023-11-24,1094,149,71,88,44,78,44,0.47651006711409394,0.5,115
2023-11-25,1094,133,76,67,39,57,28,0.5714285714285714,0.582089552238806,115
2023-11-26,1094,127,83,55,49,44,6,0.6535433070866141,0.8909090909090909,132
2023-11-27,1094,141,85,87,37,56,50,0.6028368794326241,0.42528735632183906,122
2023-11-28,1094,130,75,56,41,55,15,0.5769230769230769,0.7321428571428571,116
2023-11-29,1094,114,71,95,55,43,40,0.6228070175438597,0.5789473684210527,126
2023-11-30,1094,107,69,57,45,38,12,0.6448598130841121,0.7894736842105263,114
2023-12-01,1094,148,71,64,32,77,32,0.4797297297297297,0.5,103
2023-12-02,1094,137,84,53,34,53,19,0.6131386861313869,0.6415094339622641,118
2023-12-03,1094,119,92,63,47,27,16,0.773109243697479,0.746031746031746,139
2023-12-04,1094,139,74,81,40,65,41,0.5323741007194245,0.49382716049382713,114
2023-12-05,1094,139,61,53,48,78,5,0.43884892086330934,0.9056603773584906,109
2023-12-06,1094,134,81,100,29,53,71,0.6044776119402985,0.29,110
2023-12-07,1094,103,87,63,37,16,26,0.8446601941747572,0.5873015873015873,124
2023-12-08,1094,129,81,57,51,48,6,0.627906976744186,0.8947368421052632,132
2023-12-09,1094,110,78,52,34,32,18,0.7090909090909091,0.6538461538461539,112
2023-12-10,1094,147,85,76,34,62,42,0.5782312925170068,0.4473684210526316,119
2023-12-11,1094,127,80,90,46,47,44,0.6299212598425197,0.5111111111111111,126
2023-12-12,1094,106,99,91,43,7,48,0.9339622641509434,0.4725274725274725,142
2023-12-13,1094,140,72,79,36,68,43,0.5142857142857142,0.45569620253164556,108
2023-12-14,1094,119,57,79,42,62,37,0.4789915966386555,0.5316455696202531,99
2023-12-15,1094,129,83,72,44,46,28,0.6434108527131783,0.6111111111111112,127
2023-12-16,1094,135,67,78,37,68,41,0.4962962962962963,0.47435897435897434,104
2023-12-17,1094,105,101,87,38,4,49,0.9619047619047619,0.4367816091954023,139
2023-12-18,1094,145,76,56,43,69,13,0.5241379310344828,0.7678571428571429,119
2023-12-19,1094,146,78,50,35,68,15,0.5342465753424658,0.7,113
2023-12-20,1094,133,66,73,39,67,34,0.49624060150375937,0.5342465753424658,105
2023-12-21,1094,102,80,56,56,22,0,0.7843137254901961,1,136
2023-12-22,1094,112,78,57,39,34,18,0.6964285714285714,0.6842105263157895,117
2023-12-23,1094,104,88,61,44,16,17,0.8461538461538461,0.7213114754098361,132
2023-12-24,1094,143,69,72,45,74,27,0.4825174825174825,0.625,114
2023-12-25,1094,141,70,51,37,71,14,0.49645390070921985,0.7254901960784313,107
2023-12-26,1094,123,95,84,47,28,37,0.7723577235772358,0.5595238095238095,142
2023-12-27,1094,123,73,87,40,50,47,0.5934959349593496,0.45977011494252873,113
2023-12-28,1094,120,85,100,43,35,57,0.7083333333333334,0.43,128
2023-12-29,1094,117,73,58,41,44,17,0.6239316239316239,0.7068965517241379,114
2023-12-30,1094,120,71,92,34,49,58,0.5916666666666667,0.3695652173913043,105
2023-12-31,1094,122,81,53,39,41,14,0.6639344262295082,0.7358490566037735,120
2023-01-01,1095,105,64,93,33,41,60,0.6095238095238096,0.3548387096774194,97
2023-01-02,1095,119,72,82,37,47,45,0.6050420168067226,0.45121951219512196,109
2023-01-03,1095,143,81,82,41,62,41,0.5664335664335665,0.5,122
2023-01-04,1095,141,67,68,41,74,27,0.475177304964539,0.6029411764705882,108
2023-01-05,1095,125,75,67,35,50,32,0.6,0.5223880597014925,110
2023-01-06,1095,120,86,94,48,34,46,0.7166666666666667,0.5106382978723404,134
2023-01-07,1095,147,71,54,34,76,20,0.48299319727891155,0.6296296296296297,105
2023-01-08,1095,147,85,83,40,62,43,0.5782312925170068,0.4819277108433735,125
2023-01-09,1095,137,77,57,52,60,5,0.5620437956204379,0.9122807017543859,129
2023-01-10,1095,128,81,75,42,47,33,0.6328125,0.56,123
2023-01-11,1095,140,84,62,43,56,19,0.6,0.6935483870967742,127
2023-01-12,1095,117,92,60,38,25,22,0.7863247863247863,0.6333333333333333,130
2023-01-13,1095,118,90,82,36,28,46,0.7627118644067796,0.43902439024390244,126
2023-01-14,1095,115,70,84,41,45,43,0.6086956521739131,0.4880952380952381,111
2023-01-15,1095,104,69,74,37,35,37,0.6634615384615384,0.5,106
2023-01-16,1095,140,77,66,36,63,30,0.55,0.5454545454545454,113
2023-01-17,1095,138,94,89,37,44,52,0.6811594202898551,0.4157303370786517,131
2023-01-18,1095,147,99,93,37,48,56,0.673469387755102,0.3978494623655914,136
2023-01-19,1095,145,93,84,38,52,46,0.6413793103448275,0.4523809523809524,131
2023-01-20,1095,112,80,87,37,32,50,0.7142857142857143,0.42528735632183906,117
2023-01-21,1095,103,80,59,31,23,28,0.7766990291262136,0.5254237288135594,111
2023-01-22,1095,143,74,55,40,69,15,0.5174825174825175,0.7272727272727273,114
2023-01-23,1095,137,83,62,43,54,19,0.6058394160583942,0.6935483870967742,126
2023-01-24,1095,139,82,68,40,57,28,0.5899280575539568,0.5882352941176471,122
2023-01-25,1095,137,67,96,41,70,55,0.48905109489051096,0.4270833333333333,108
2023-01-26,1095,122,78,78,36,44,42,0.639344262295082,0.46153846153846156,114
2023-01-27,1095,118,77,70,40,41,30,0.652542372881356,0.5714285714285714,117
2023-01-28,1095,120,79,62,44,41,18,0.6583333333333333,0.7096774193548387,123
2023-01-29,1095,121,78,96,39,43,57,0.6446280991735537,0.40625,117
2023-01-30,1095,146,75,69,37,71,32,0.5136986301369864,0.5362318840579711,112
2023-01-31,1095,132,86,59,37,46,22,0.6515151515151515,0.6271186440677966,123
2023-02-01,1095,113,90,63,33,23,30,0.7964601769911505,0.5238095238095238,123
2023-02-02,1095,145,80,51,42,65,9,0.5517241379310345,0.8235294117647058,122
2023-02-03,1095,142,76,50,50,66,0,0.5352112676056338,1,126
2023-02-04,1095,115,78,76,30,37,46,0.6782608695652174,0.39473684210526316,108
2023-02-05,1095,102,76,57,38,26,19,0.7450980392156863,0.6666666666666666,114
2023-02-06,1095,114,86,91,40,28,51,0.7543859649122807,0.43956043956043955,126
2023-02-07,1095,134,88,94,42,46,52,0.6567164179104478,0.44680851063829785,130
2023-02-08,1095,111,66,97,39,45,58,0.5945945945945946,0.4020618556701031,105
2023-02-09,1095,121,80,75,46,41,29,0.6611570247933884,0.6133333333333333,126
2023-02-10,1095,139,70,55,38,69,17,0.5035971223021583,0.6909090909090909,108
2023-02-11,1095,101,73,90,42,28,48,0.7227722772277227,0.4666666666666667,115
2023-02-12,1095,132,104,55,54,28,1,0.7878787878787878,0.9818181818181818,158
2023-02-13,1095,119,89,89,32,30,57,0.7478991596638656,0.3595505617977528,121
2023-02-14,1095,142,65,54,47,77,7,0.45774647887323944,0.8703703703703703,112
2023-02-15,1095,142,77,100,50,65,50,0.5422535211267606,0.5,127
2023-02-16,1095,112,80,89,40,32,49,0.7142857142857143,0.449438202247191,120
2023-02-17,1095,109,70,82,31,39,51,0.6422018348623854,0.3780487804878049,101
2023-02-18,1095,121,101,65,41,20,24,0.8347107438016529,0.6307692307692307,142
2023-02-19,1095,117,68,57,48,49,9,0.5811965811965812,0.8421052631578947,116
2023-02-20,1095,122,80,92,35,42,57,0.6557377049180327,0.3804347826086957,115
2023-02-21,1095,140,87,51,47,53,4,0.6214285714285714,0.9215686274509803,134
2023-02-22,1095,130,85,90,43,45,47,0.6538461538461539,0.4777777777777778,128
2023-02-23,1095,136,79,59,33,57,26,0.5808823529411765,0.559322033898305,112
2023-02-24,1095,122,89,51,31,33,20,0.7295081967213115,0.6078431372549019,120
2023-02-25,1095,140,79,89,38,61,51,0.5642857142857143,0.42696629213483145,117
2023-02-26,1095,119,63,58,45,56,13,0.5294117647058824,0.7758620689655172,108
2023-02-27,1095,106,84,69,38,22,31,0.7924528301886793,0.5507246376811594,122
2023-02-28,1095,148,79,57,32,69,25,0.5337837837837838,0.5614035087719298,111
2023-03-01,1095,102,83,63,41,19,22,0.8137254901960784,0.6507936507936508,124
2023-03-02,1095,150,69,62,46,81,16,0.46,0.7419354838709677,115
2023-03-03,1095,114,77,52,44,37,8,0.6754385964912281,0.8461538461538461,121
2023-03-04,1095,100,89,55,37,11,18,0.89,0.6727272727272727,126
2023-03-05,1095,127,80,85,48,47,37,0.6299212598425197,0.5647058823529412,128
2023-03-06,1095,137,78,91,41,59,50,0.5693430656934306,0.45054945054945056,119
2023-03-07,1095,105,87,76,34,18,42,0.8285714285714286,0.4473684210526316,121
2023-03-08,1095,131,87,52,52,44,0,0.6641221374045801,1,139
2023-03-09,1095,140,76,91,34,64,57,0.5428571428571428,0.37362637362637363,110
2023-03-10,1095,139,66,94,46,73,48,0.4748201438848921,0.48936170212765956,112
2023-03-11,1095,111,84,71,44,27,27,0.7567567567567568,0.6197183098591549,128
2023-03-12,1095,146,72,56,38,74,18,0.4931506849315068,0.6785714285714286,110
2023-03-13,1095,142,85,51,40,57,11,0.5985915492957746,0.7843137254901961,125
2023-03-14,1095,106,72,86,37,34,49,0.6792452830188679,0.43023255813953487,109
2023-03-15,1095,106,76,70,34,30,36,0.71698113207547165,0.4857142857142857,110
2023-03-16,1095,145,93,67,28,52,39,0.6413793103448275,0.417910447761194,121
2023-03-17,1095,141,83,70,26,58,44,0.5886524822695035,0.37142857142857144,109
2023-03-18,1095,102,81,55,49,21,6,0.7941176470588235,0.8909090909090909,130
2023-03-19,1095,111,91,69,42,20,27,0.8198198198198198,0.6086956521739131,133
2023-03-20,1095,142,73,71,38,69,33,0.5140845070422535,0.5352112676056338,111
2023-03-21,1095,120,81,68,35,39,33,0.675,0.5147058823529411,116
2023-03-22,1095,109,81,92,38,28,54,0.7431192660550459,0.41304347826086957,119
2023-03-23,1095,141,83,93,31,58,62,0.5886524822695035,0.3333333333333333,114
2023-03-24,1095,136,95,76,49,41,27,0.6985294117647058,0.6447368421052632,144
2023-03-25,1095,105,87,84,38,18,46,0.8285714285714286,0.4523809523809524,125
2023-03-26,1095,145,87,62,37,58,25,0.6,0.5967741935483871,124
2023-03-27,1095,126,85,77,34,41,43,0.6746031746031746,0.44155844155844154,119
2023-03-28,1095,146,84,63,52,62,11,0.5753424657534246,0.8253968253968254,136
2023-03-29,1095,102,76,70,45,26,25,0.7450980392156863,0.6428571428571429,121
2023-03-30,1095,134,80,100,33,54,67,0.5970149253731343,0.33,113
2023-03-31,1095,136,78,58,44,58,14,0.5735294117647058,0.7586206896551724,122
2023-04-01,1095,143,76,98,34,67,64,0.5314685314685315,0.3469387755102041,110
2023-04-02,1095,125,81,84,41,44,43,0.648,0.4880952380952381,122
2023-04-03,1095,111,87,95,37,24,58,0.7837837837837838,0.3894736842105263,124
2023-04-04,1095,137,68,62,39,69,23,0.49635036496350365,0.6290322580645161,107
2023-04-05,1095,115,64,81,40,51,41,0.5565217391304348,0.49382716049382713,104
2023-04-06,1095,108,79,71,39,29,32,0.7314814814814815,0.5492957746478874,118
2023-04-07,1095,142,72,58,38,70,20,0.5070422535211268,0.6551724137931034,110
2023-04-08,1095,124,89,70,29,35,41,0.717741935483871,0.4142857142857143,118
2023-04-09,1095,100,76,98,44,24,54,0.76,0.4489795918367347,120
2023-04-10,1095,124,83,75,34,41,41,0.6693548387096774,0.4533333333333333,117
2023-04-11,1095,144,89,75,37,55,38,0.6180555555555556,0.49333333333333335,126
2023-04-12,1095,144,92,89,45,52,44,0.6388888888888888,0.5056179775280899,137
2023-04-13,1095,128,95,64,44,33,20,0.7421875,0.6875,139
2023-04-14,1095,139,80,87,40,59,47,0.5755395683453237,0.45977011494252873,120
2023-04-15,1095,125,67,82,43,58,39,0.536,0.524390243902439,110
2023-04-16,1095,145,74,73,48,71,25,0.5103448275862069,0.6575342465753424,122
2023-04-17,1095,127,79,61,40,48,21,0.6220472440944882,0.6557377049180327,119
2023-04-18,1095,141,81,99,36,60,63,0.574468085106383,0.36363636363636365,117
2023-04-19,1095,105,66,61,47,39,14,0.6285714285714286,0.7704918032786885,113
2023-04-20,1095,131,90,65,36,41,29,0.6870229007633588,0.5538461538461539,126
2023-04-21,1095,111,86,92,47,25,45,0.7747747747747747,0.5108695652173914,133
2023-04-22,1095,145,69,69,39,76,30,0.47586206896551725,0.5652173913043478,108
2023-04-23,1095,146,76,76,39,70,37,0.5205479452054794,0.5131578947368421,115
2023-04-24,1095,139,87,72,41,52,31,0.6258992805755396,0.5694444444444444,128
2023-04-25,1095,131,68,62,47,63,15,0.5190839694656488,0.7580645161290323,115
2023-04-26,1095,111,74,93,45,37,48,0.6666666666666666,0.4838709677419355,119
2023-04-27,1095,142,61,72,30,81,42,0.4295774647887324,0.4166666666666667,91
2023-04-28,1095,131,69,91,38,62,53,0.5267175572519084,0.4175824175824176,107
2023-04-29,1095,148,66,66,48,82,18,0.44594594594594594,0.7272727272727273,114
2023-04-30,1095,112,76,89,43,36,46,0.6785714285714286,0.48314606741573035,119
2023-05-01,1095,132,84,81,36,48,45,0.6363636363636364,0.4444444444444444,120
2023-05-02,1095,140,75,96,34,65,62,0.5357142857142857,0.3541666666666667,109
2023-05-03,1095,133,78,85,46,55,39,0.5864661654135338,0.5411764705882353,124
2023-05-04,1095,128,75,93,42,53,51,0.5859375,0.45161290322580644,117
2023-05-05,1095,140,71,87,38,69,49,0.5071428571428571,0.4367816091954023,109
2023-05-06,1095,117,84,50,38,33,12,0.717948717948718,0.76,122
2023-05-07,1095,106,76,100,38,30,62,0.71698113207547165,0.38,114
2023-05-08,1095,108,69,61,36,39,25,0.6388888888888888,0.5901639344262295,105
2023-05-09,1095,149,67,55,33,82,22,0.44966442953020136,0.6,100
2023-05-10,1095,114,88,52,41,26,11,0.7719298245614035,0.7884615384615384,129
2023-05-11,1095,138,101,85,50,37,35,0.7318840579710145,0.5882352941176471,151
2023-05-12,1095,123,76,50,49,47,1,0.6178861788617886,0.98,125
2023-05-13,1095,141,92,53,42,49,11,0.6524822695035462,0.7924528301886793,134
2023-05-14,1095,133,100,86,39,33,47,0.7518796992481203,0.45348837209302323,139
2023-05-15,1095,126,90,67,41,36,26,0.7142857142857143,0.6119402985074627,131
2023-05-16,1095,123,68,74,31,55,43,0.5528455284552846,0.4189189189189189,99
2023-05-17,1095,125,67,55,34,58,21,0.536,0.6181818181818182,101
2023-05-18,1095,134,79,82,41,55,41,0.5895522388059702,0.5,120
2023-05-19,1095,132,71,57,39,61,18,0.5378787878787878,0.6842105263157895,110
2023-05-20,1095,119,85,71,37,34,34,0.7142857142857143,0.5211267605633803,122
2023-05-21,1095,104,80,69,31,24,38,0.7692307692307693,0.4492753623188406,111
2023-05-22,1095,135,94,98,42,41,56,0.6962962962962963,0.42857142857142855,136
2023-05-23,1095,126,77,50,45,49,5,0.6111111111111112,0.9,122
2023-05-24,1095,140,80,85,32,60,53,0.5714285714285714,0.3764705882352941,112
2023-05-25,1095,129,91,75,37,38,38,0.7054263565891473,0.49333333333333335,128
2023-05-26,1095,150,90,61,39,60,22,0.6,0.639344262295082,129
2023-05-27,1095,150,80,84,42,70,42,0.5333333333333333,0.5,122
2023-05-28,1095,116,80,75,44,36,31,0.6896551724137931,0.5866666666666667,124
2023-05-29,1095,116,70,89,34,46,55,0.603448275862069,0.38202247191011235,104
2023-05-30,1095,147,71,60,39,76,21,0.48299319727891155,0.65,110
2023-05-31,1095,127,76,97,41,51,56,0.5984251968503937,0.422680412371134,117
2023-06-01,1095,147,76,80,51,71,29,0.5170068027210885,0.6375,127
2023-06-02,1095,121,82,77,26,39,51,0.6776859504132231,0.33766233766233766,108
2023-06-03,1095,102,82,61,25,20,36,0.803921568627451,0.4098360655737705,107
2023-06-04,1095,126,84,72,39,42,33,0.6666666666666666,0.5416666666666666,123
2023-06-05,1095,132,94,60,52,38,8,0.7121212121212122,0.8666666666666667,146
2023-06-06,1095,109,77,58,34,32,24,0.7064220183486238,0.5862068965517241,111
2023-06-07,1095,108,88,55,47,20,8,0.8148148148148148,0.8545454545454545,135
2023-06-08,1095,103,80,53,47,23,6,0.7766990291262136,0.8867924528301887,127
2023-06-09,1095,147,64,50,41,83,9,0.43537414965986393,0.82,105
2023-06-10,1095,119,80,71,41,39,30,0.6722689075630253,0.5774647887323944,121
2023-06-11,1095,135,70,79,54,65,25,0.5185185185185185,0.6835443037974683,124
2023-06-12,1095,142,75,82,43,67,39,0.528169014084507,0.524390243902439,118
2023-06-13,1095,130,82,87,39,48,48,0.6307692307692307,0.4482758620689655,121
2023-06-14,1095,110,82,96,43,28,53,0.7454545454545455,0.4479166666666667,125
2023-06-15,1095,104,81,57,52,23,5,0.7788461538461539,0.9122807017543859,133
2023-06-16,1095,142,81,87,24,61,63,0.5704225352112676,0.27586206896551724,105
2023-06-17,1095,108,66,63,39,42,24,0.6111111111111112,0.6190476190476191,105
2023-06-18,1095,127,66,79,29,61,50,0.5196850393700787,0.3670886075949367,95
2023-06-19,1095,135,92,94,44,43,50,0.6814814814814815,0.46808510638297873,136
2023-06-20,1095,100,87,100,40,13,60,0.87,0.4,127
2023-06-21,1095,118,80,97,46,38,51,0.6779661016949152,0.4742268041237113,126
2023-06-22,1095,133,89,73,42,44,31,0.6691729323308271,0.5753424657534246,131
2023-06-23,1095,109,89,61,57,20,4,0.8165137614678899,0.9344262295081968,146
2023-06-24,1095,130,80,66,43,50,23,0.6153846153846154,0.6515151515151515,123
2023-06-25,1095,138,72,92,43,66,49,0.5217391304347826,0.4673913043478261,115
2023-06-26,1095,115,82,97,37,33,60,0.7130434782608696,0.38144329896907214,119
2023-06-27,1095,113,63,82,35,50,47,0.5575221238938053,0.4268292682926829,98
2023-06-28,1095,115,92,61,37,23,24,0.8,0.6065573770491803,129
2023-06-29,1095,150,90,70,42,60,28,0.6,0.6,132
2023-06-30,1095,113,77,74,43,36,31,0.6814159292035398,0.581081081081081,120
2023-07-01,1095,150,85,65,41,65,24,0.5666666666666667,0.6307692307692307,126
2023-07-02,1095,109,79,76,47,30,29,0.7247706422018348,0.618421052631579,126
2023-07-03,1095,126,82,76,42,44,34,0.6507936507936508,0.5526315789473685,124
2023-07-04,1095,120,83,83,53,37,30,0.6916666666666667,0.6385542168674698,136
2023-07-05,1095,126,72,92,27,54,65,0.5714285714285714,0.29347826086956524,99
2023-07-06,1095,117,90,89,29,27,60,0.7692307692307693,0.3258426966292135,119
2023-07-07,1095,127,57,71,34,70,37,0.44881889763779526,0.4788732394366197,91
2023-07-08,1095,105,71,94,30,34,64,0.6761904761904762,0.3191489361702128,101
2023-07-09,1095,101,57,55,42,44,13,0.5643564356435643,0.7636363636363637,99
2023-07-10,1095,150,83,56,47,67,9,0.5533333333333333,0.8392857142857143,130
2023-07-11,1095,133,79,99,39,54,60,0.5939849624060151,0.3939393939393939,118
2023-07-12,1095,124,78,89,42,46,47,0.6290322580645161,0.47191011235955055,120
2023-07-13,1095,113,77,97,45,36,52,0.6814159292035398,0.4639175257731959,122
2023-07-14,1095,125,88,70,32,37,38,0.704,0.45714285714285713,120
2023-07-15,1095,113,102,58,47,11,11,0.9026548672566371,0.8103448275862069,149
2023-07-16,1095,139,84,54,30,55,24,0.60431654676259,0.5555555555555556,114
2023-07-17,1095,145,69,87,51,76,36,0.47586206896551725,0.5862068965517241,120
2023-07-18,1095,109,90,52,44,19,8,0.8256880733944955,0.8461538461538461,134
2023-07-19,1095,119,87,69,38,32,31,0.7310924369747899,0.5507246376811594,125
2023-07-20,1095,132,72,92,42,60,50,0.5454545454545454,0.45652173913043476,114
2023-07-21,1095,131,60,75,40,71,35,0.4580152671755725,0.5333333333333333,100
2023-07-22,1095,107,82,62,44,25,18,0.7663551401869159,0.7096774193548387,126
2023-07-23,1095,112,90,78,36,22,42,0.8035714285714286,0.46153846153846156,126
2023-07-24,1095,103,90,100,37,13,63,0.8737864077669902,0.37,127
2023-07-25,1095,129,96,95,40,33,55,0.7441860465116279,0.42105263157894735,136
2023-07-26,1095,150,72,95,43,78,52,0.48,0.45263157894736844,115
2023-07-27,1095,136,81,69,42,55,27,0.5955882352941176,0.6086956521739131,123
2023-07-28,1095,142,78,75,38,64,37,0.5492957746478874,0.5066666666666667,116
2023-07-29,1095,141,86,71,37,55,34,0.6099290780141844,0.5211267605633803,123
2023-07-30,1095,102,79,56,30,23,26,0.7745098039215687,0.5357142857142857,109
2023-07-31,1095,133,83,81,39,50,42,0.6240601503759399,0.48148148148148145,122
2023-08-01,1095,115,79,59,35,36,24,0.6869565217391305,0.5932203389830508,114
2023-08-02,1095,119,77,80,41,42,39,0.6470588235294118,0.5125,118
2023-08-03,1095,147,79,97,52,68,45,0.5374149659863946,0.5360824742268041,131
2023-08-04,1095,117,83,99,40,34,59,0.7094017094017094,0.40404040404040403,123
2023-08-05,1095,139,80,91,32,59,59,0.5755395683453237,0.3516483516483517,112
2023-08-06,1095,100,100,92,38,0,54,1,0.41304347826086957,138
2023-08-07,1095,134,75,90,36,59,54,0.5597014925373134,0.4,111
2023-08-08,1095,133,87,78,37,46,41,0.6541353383458647,0.47435897435897434,124
2023-08-09,1095,114,75,67,39,39,28,0.6578947368421053,0.582089552238806,114
2023-08-10,1095,107,87,51,43,20,8,0.8130841121495327,0.8431372549019608,130
2023-08-11,1095,109,77,53,38,32,15,0.7064220183486238,0.71698113207547165,115
2023-08-12,1095,135,84,69,44,51,25,0.6222222222222222,0.6376811594202898,128
2023-08-13,1095,146,83,55,50,63,5,0.5684931506849316,0.9090909090909091,133
2023-08-14,1095,107,74,92,37,33,55,0.6915887850467289,0.40217391304347827,111
2023-08-15,1095,146,82,79,37,64,42,0.5616438356164384,0.46835443037974683,119
2023-08-16,1095,121,89,61,34,32,27,0.7355371900826446,0.5573770491803278,123
2023-08-17,1095,100,78,58,37,22,21,0.78,0.6379310344827587,115
2023-08-18,1095,126,93,86,37,33,49,0.7380952380952381,0.43023255813953487,130
2023-08-19,1095,117,71,53,40,46,13,0.6068376068376068,0.7547169811320755,111
2023-08-20,1095,102,96,81,44,6,37,0.9411764705882353,0.5432098765432098,140
2023-08-21,1095,125,79,58,35,46,23,0.632,0.603448275862069,114
2023-08-22,1095,100,94,63,44,6,19,0.94,0.6984126984126984,138
2023-08-23,1095,118,72,89,42,46,47,0.6101694915254238,0.47191011235955055,114
2023-08-24,1095,112,76,60,38,36,22,0.6785714285714286,0.6333333333333333,114
2023-08-25,1095,147,74,81,31,73,50,0.5034013605442177,0.38271604938271603,105
2023-08-26,1095,119,72,69,24,47,45,0.6050420168067226,0.34782608695652173,96
2023-08-27,1095,119,73,67,24,46,43,0.6134453781512605,0.3582089552238806,97
2023-08-28,1095,149,71,89,38,78,51,0.47651006711409394,0.42696629213483145,109
2023-08-29,1095,121,90,97,32,31,65,0.743801652892562,0.32989690721649484,122
2023-08-30,1095,103,69,62,46,34,16,0.6699029126213593,0.7419354838709677,115
2023-08-31,1095,119,93,65,36,26,29,0.7815126050420168,0.5538461538461539,129
2023-09-01,1095,127,79,61,32,48,29,0.6220472440944882,0.5245901639344263,111
2023-09-02,1095,125,63,50,37,62,13,0.504,0.74,100
2023-09-03,1095,106,83,62,44,23,18,0.78301886792452835,0.7096774193548387,127
2023-09-04,1095,133,77,78,35,56,43,0.5789473684210527,0.44871794871794873,112
2023-09-05,1095,103,85,71,34,18,37,0.8252427184466019,0.4788732394366197,119
2023-09-06,1095,114,67,82,46,47,36,0.5877192982456141,0.5609756097560976,113
2023-09-07,1095,139,73,53,36,66,17,0.5251798561151079,0.6792452830188679,109
2023-09-08,1095,124,96,91,40,28,51,0.7741935483870968,0.43956043956043955,136
2023-09-09,1095,102,88,90,42,14,48,0.8627450980392157,0.4666666666666667,130
2023-09-10,1095,113,67,94,42,46,52,0.5929203539823009,0.44680851063829785,109
2023-09-11,1095,124,72,67,44,52,23,0.5806451612903226,0.6567164179104478,116
2023-09-12,1095,116,61,52,44,55,8,0.5258620689655172,0.8461538461538461,105
2023-09-13,1095,140,72,67,37,68,30,0.5142857142857142,0.5522388059701493,109
2023-09-14,1095,100,88,91,49,12,42,0.88,0.5384615384615384,137
2023-09-15,1095,147,66,81,41,81,40,0.4489795918367347,0.5061728395061729,107
2023-09-16,1095,115,82,80,41,33,39,0.7130434782608696,0.5125,123
2023-09-17,1095,127,85,81,42,42,39,0.6692913385826772,0.5185185185185185,127
2023-09-18,1095,104,81,53,32,23,21,0.7788461538461539,0.6037735849056604,113
2023-09-19,1095,106,72,65,42,34,23,0.6792452830188679,0.6461538461538462,114
2023-09-20,1095,101,81,92,36,20,56,0.801980198019802,0.391304347826087,117
2023-09-21,1095,106,80,91,42,26,49,0.7547169811320755,0.46153846153846156,122
2023-09-22,1095,124,85,62,37,39,25,0.6854838709677419,0.5967741935483871,122
2023-09-23,1095,119,78,96,47,41,49,0.6554621848739496,0.4895833333333333,125
2023-09-24,1095,104,75,98,35,29,63,0.7211538461538461,0.35714285714285715,110
2023-09-25,1095,103,65,52,47,38,5,0.6310679611650486,0.9038461538461539,112
2023-09-26,1095,105,75,70,35,30,35,0.7142857142857143,0.5,110
2023-09-27,1095,134,88,55,36,46,19,0.6567164179104478,0.6545454545454545,124
2023-09-28,1095,107,78,96,33,29,63,0.7289719626168224,0.34375,111
2023-09-29,1095,133,96,87,36,37,51,0.7218045112781954,0.41379310344827586,132
2023-09-30,1095,103,86,60,35,17,25,0.8349514563106796,0.5833333333333334,121
2023-10-01,1095,107,79,65,40,28,25,0.7383177570093458,0.6153846153846154,119
2023-10-02,1095,132,74,68,33,58,35,0.5606060606060606,0.4852941176470588,107
2023-10-03,1095,127,91,84,37,36,47,0.7165354330708661,0.44047619047619047,128
2023-10-04,1095,142,80,78,30,62,48,0.5633802816901409,0.38461538461538464,110
2023-10-05,1095,139,78,64,53,61,11,0.5611510791366906,0.828125,131
2023-10-06,1095,103,81,64,30,22,34,0.7864077669902912,0.46875,111
2023-10-07,1095,114,93,88,59,21,29,0.8157894736842105,0.6704545454545454,152
2023-10-08,1095,137,80,82,45,57,37,0.583941605839416,0.5487804878048781,125
2023-10-09,1095,137,96,54,38,41,16,0.7007299270072993,0.7037037037037037,134
2023-10-10,1095,122,70,77,41,52,36,0.5737704918032787,0.5324675324675324,111
2023-10-11,1095,103,77,78,34,26,44,0.7475728155339806,0.4358974358974359,111
2023-10-12,1095,115,66,62,37,49,25,0.5739130434782609,0.5967741935483871,103
2023-10-13,1095,133,67,86,39,66,47,0.5037593984962406,0.45348837209302323,106
2023-10-14,1095,104,94,57,37,10,20,0.9038461538461539,0.6491228070175439,131
2023-10-15,1095,131,63,76,33,68,43,0.48091603053435117,0.4342105263157895,96
2023-10-16,1095,112,87,63,38,25,25,0.7767857142857143,0.6031746031746031,125
2023-10-17,1095,111,89,82,38,22,44,0.8018018018018018,0.4634146341463415,127
2023-10-18,1095,116,87,72,41,29,31,0.75,0.5694444444444444,128
2023-10-19,1095,121,81,89,51,40,38,0.6694214876033058,0.5730337078651685,132
2023-10-20,1095,101,89,82,46,12,36,0.8811881188118812,0.5609756097560976,135
2023-10-21,1095,129,98,68,37,31,31,0.7596899224806202,0.5441176470588235,135
2023-10-22,1095,127,70,90,40,57,50,0.5511811023622047,0.4444444444444444,110
2023-10-23,1095,103,72,81,54,31,27,0.6990291262135923,0.6666666666666666,126
2023-10-24,1095,117,60,81,42,57,39,0.5128205128205128,0.5185185185185185,102
2023-10-25,1095,100,78,96,33,22,63,0.78,0.34375,111
2023-10-26,1095,124,84,81,38,40,43,0.6774193548387096,0.4691358024691358,122
2023-10-27,1095,124,83,82,39,41,43,0.6693548387096774,0.47560975609756095,122
2023-10-28,1095,113,80,65,36,33,29,0.7079646017699115,0.5538461538461539,116
2023-10-29,1095,136,80,78,28,56,50,0.5882352941176471,0.358974358974359,108
2023-10-30,1095,138,106,53,39,32,14,0.7681159420289855,0.7358490566037735,145
2023-10-31,1095,138,77,74,45,61,29,0.5579710144927537,0.6081081081081081,122
2023-11-01,1095,103,77,73,38,26,35,0.7475728155339806,0.5205479452054794,115
2023-11-02,1095,141,77,78,39,64,39,0.5460992907801419,0.5,116
2023-11-03,1095,142,85,94,28,57,66,0.5985915492957746,0.2978723404255319,113
2023-11-04,1095,115,75,66,36,40,30,0.6521739130434783,0.5454545454545454,111
2023-11-05,1095,112,66,94,48,46,46,0.5892857142857143,0.5106382978723404,114
2023-11-06,1095,100,88,61,42,12,19,0.88,0.6885245901639344,130
2023-11-07,1095,106,89,89,45,17,44,0.839622641509434,0.5056179775280899,134
2023-11-08,1095,111,77,82,40,34,42,0.6936936936936937,0.4878048780487805,117
2023-11-09,1095,128,110,60,40,18,20,0.859375,0.6666666666666666,150
2023-11-10,1095,115,76,68,49,39,19,0.6608695652173913,0.7205882352941176,125
2023-11-11,1095,132,77,92,38,55,54,0.5833333333333334,0.41304347826086957,115
2023-11-12,1095,114,67,94,46,47,48,0.5877192982456141,0.48936170212765956,113
2023-11-13,1095,112,74,98,41,38,57,0.6607142857142857,0.41836734693877553,115
2023-11-14,1095,131,73,53,27,58,26,0.5572519083969466,0.5094339622641509,100
2023-11-15,1095,116,70,51,51,46,0,0.603448275862069,1,121
2023-11-16,1095,149,72,53,42,77,11,0.48322147651006714,0.7924528301886793,114
2023-11-17,1095,150,90,56,36,60,20,0.6,0.6428571428571429,126
2023-11-18,1095,109,79,51,43,30,8,0.7247706422018348,0.8431372549019608,122
2023-11-19,1095,148,81,68,34,67,34,0.5472972972972973,0.5,115
2023-11-20,1095,128,72,91,41,56,50,0.5625,0.45054945054945056,113
2023-11-21,1095,100,74,97,35,26,62,0.74,0.36082474226804123,109
2023-11-22,1095,149,80,52,42,69,10,0.5369127516778524,0.8076923076923077,122
2023-11-23,1095,142,70,53,31,72,22,0.49295774647887325,0.5849056603773585,101
2023-11-24,1095,100,84,68,38,16,30,0.84,0.5588235294117647,122
2023-11-25,1095,111,72,76,43,39,33,0.6486486486486487,0.5657894736842105,115
2023-11-26,1095,111,87,74,43,24,31,0.7837837837837838,0.581081081081081,130
2023-11-27,1095,110,89,51,29,21,22,0.8090909090909091,0.5686274509803921,118
2023-11-28,1095,131,82,59,44,49,15,0.6259541984732825,0.7457627118644068,126
2023-11-29,1095,115,71,78,40,44,38,0.6173913043478261,0.5128205128205128,111
2023-11-30,1095,123,82,65,31,41,34,0.6666666666666666,0.47692307692307695,113
2023-12-01,1095,128,70,91,42,58,49,0.546875,0.46153846153846156,112
2023-12-02,1095,112,80,84,38,32,46,0.7142857142857143,0.4523809523809524,118
2023-12-03,1095,149,87,94,43,62,51,0.5838926174496645,0.4574468085106383,130
2023-12-04,1095,129,73,60,35,56,25,0.5658914728682171,0.5833333333333334,108
2023-12-05,1095,116,81,69,45,35,24,0.6982758620689655,0.6521739130434783,126
2023-12-06,1095,135,97,54,30,38,24,0.7185185185185186,0.5555555555555556,127
2023-12-07,1095,115,76,86,45,39,41,0.6608695652173913,0.5232558139534884,121
2023-12-08,1095,102,93,100,45,9,55,0.9117647058823529,0.45,138
2023-12-09,1095,130,69,94,43,61,51,0.5307692307692308,0.4574468085106383,112
2023-12-10,1095,143,76,80,41,67,39,0.5314685314685315,0.5125,117
2023-12-11,1095,110,78,90,47,32,43,0.7090909090909091,0.5222222222222223,125
2023-12-12,1095,143,87,65,38,56,27,0.6083916083916084,0.5846153846153846,125
2023-12-13,1095,150,76,74,35,74,39,0.5066666666666667,0.47297297297297297,111
2023-12-14,1095,107,86,76,48,21,28,0.8037383177570093,0.631578947368421,134
2023-12-15,1095,143,74,95,43,69,52,0.5174825174825175,0.45263157894736844,117
2023-12-16,1095,137,89,68,39,48,29,0.6496350364963503,0.5735294117647058,128
2023-12-17,1095,144,76,98,46,68,52,0.5277777777777778,0.46938775510204084,122
2023-12-18,1095,103,93,69,39,10,30,0.9029126213592233,0.5652173913043478,132
2023-12-19,1095,113,75,99,41,38,58,0.6637168141592921,0.41414141414141414,116
2023-12-20,1095,105,73,81,48,32,33,0.6952380952380952,0.5925925925925926,121
2023-12-21,1095,101,76,96,38,25,58,0.7524752475247525,0.3958333333333333,114
2023-12-22,1095,124,80,68,33,44,35,0.6451612903225806,0.4852941176470588,113
2023-12-23,1095,149,71,76,24,78,52,0.47651006711409394,0.3157894736842105,95
2023-12-24,1095,140,83,98,52,57,46,0.5928571428571429,0.5306122448979592,135
2023-12-25,1095,136,79,64,38,57,26,0.5808823529411765,0.59375,117
2023-12-26,1095,121,70,67,46,51,21,0.5785123966942148,0.6865671641791045,116
2023-12-27,1095,106,75,82,48,31,34,0.7075471698113207,0.5853658536585366,123
2023-12-28,1095,146,68,93,29,78,64,0.4657534246575342,0.3118279569892473,97
2023-12-29,1095,144,88,98,43,56,55,0.6111111111111112,0.4387755102040816,131
2023-12-30,1095,123,75,79,48,48,31,0.6097560975609756,0.6075949367088608,123
2023-12-31,1095,134,75,50,46,59,4,0.5597014925373134,0.92,121
2023-01-01,1096,133,74,89,45,59,44,0.556390977443609,0.5056179775280899,119
2023-01-02,1096,116,75,73,41,41,32,0.646551724137931,0.5616438356164384,116
2023-01-03,1096,117,76,98,36,41,62,0.6495726495726496,0.3673469387755102,112
2023-01-04,1096,134,77,72,46,57,26,0.5746268656716418,0.6388888888888888,123
2023-01-05,1096,108,86,63,44,22,19,0.7962962962962963,0.6984126984126984,130
2023-01-06,1096,134,80,86,39,54,47,0.5970149253731343,0.45348837209302323,119
2023-01-07,1096,121,82,76,31,39,45,0.6776859504132231,0.40789473684210525,113
2023-01-08,1096,117,89,54,39,28,15,0.7606837606837606,0.7222222222222222,128
2023-01-09,1096,104,99,75,39,5,36,0.9519230769230769,0.52,138
2023-01-10,1096,117,83,99,44,34,55,0.7094017094017094,0.4444444444444444,127
2023-01-11,1096,130,62,88,32,68,56,0.47692307692307695,0.36363636363636365,94
2023-01-12,1096,146,80,65,38,66,27,0.547945205479452,0.5846153846153846,118
2023-01-13,1096,106,67,82,24,39,58,0.6320754716981132,0.2926829268292683,91
2023-01-14,1096,139,73,77,34,66,43,0.5251798561151079,0.44155844155844154,107
2023-01-15,1096,117,93,92,43,24,49,0.7948717948717948,0.4673913043478261,136
2023-01-16,1096,122,74,66,46,48,20,0.6065573770491803,0.696969696969697,120
2023-01-17,1096,137,71,67,47,66,20,0.5182481751824818,0.7014925373134329,118
2023-01-18,1096,124,71,84,38,53,46,0.5725806451612904,0.4523809523809524,109
2023-01-19,1096,132,77,99,41,55,58,0.5833333333333334,0.41414141414141414,118
2023-01-20,1096,100,87,55,48,13,7,0.87,0.8727272727272727,135
2023-01-21,1096,132,93,67,34,39,33,0.7045454545454546,0.5074626865671642,127
2023-01-22,1096,139,66,75,45,73,30,0.4748201438848921,0.6,111
2023-01-23,1096,103,84,55,44,19,11,0.8155339805825242,0.8,128
2023-01-24,1096,111,95,68,49,16,19,0.8558558558558559,0.7205882352941176,144
2023-01-25,1096,117,73,97,39,44,58,0.6239316239316239,0.4020618556701031,112
2023-01-26,1096,134,68,88,31,66,57,0.5074626865671642,0.3522727272727273,99
2023-01-27,1096,116,59,80,28,57,52,0.5086206896551724,0.35,87
2023-01-28,1096,130,74,52,39,56,13,0.5692307692307692,0.75,113
2023-01-29,1096,137,76,60,36,61,24,0.5547445255474452,0.6,112
2023-01-30,1096,130,81,90,49,49,41,0.6230769230769231,0.5444444444444444,130
2023-01-31,1096,125,81,95,39,44,56,0.648,0.4105263157894737,120
2023-02-01,1096,100,81,70,34,19,36,0.81,0.4857142857142857,115
2023-02-02,1096,100,96,71,36,4,35,0.96,0.5070422535211268,132
2023-02-03,1096,129,66,56,50,63,6,0.5116279069767442,0.8928571428571429,116
2023-02-04,1096,150,69,83,36,81,47,0.46,0.43373493975903615,105
2023-02-05,1096,139,81,70,40,58,30,0.5827338129496403,0.5714285714285714,121
2023-02-06,1096,131,89,83,34,42,49,0.6793893129770993,0.40963855421686746,123
2023-02-07,1096,120,87,50,41,33,9,0.725,0.82,128
2023-02-08,1096,120,74,89,37,46,52,0.6166666666666667,0.4157303370786517,111
2023-02-09,1096,106,87,94,40,19,54,0.8207547169811321,0.425531914893617,127
2023-02-10,1096,150,93,61,31,57,30,0.62,0.5081967213114754,124
2023-02-11,1096,115,85,54,52,30,2,0.7391304347826086,0.9629629629629629,137
2023-02-12,1096,129,80,100,25,49,75,0.6201550387596899,0.25,105
2023-02-13,1096,108,81,73,44,27,29,0.75,0.6027397260273972,125
2023-02-14,1096,133,99,97,34,34,63,0.7443609022556391,0.35051546391752575,133
2023-02-15,1096,122,69,93,54,53,39,0.5655737704918032,0.5806451612903226,123
2023-02-16,1096,142,78,65,34,64,31,0.5492957746478874,0.5230769230769231,112
2023-02-17,1096,132,69,68,48,63,20,0.5227272727272727,0.7058823529411765,117
2023-02-18,1096,147,82,61,35,65,26,0.5578231292517006,0.5737704918032787,117
2023-02-19,1096,140,77,62,43,63,19,0.55,0.6935483870967742,120
2023-02-20,1096,112,83,99,30,29,69,0.7410714285714286,0.30303030303030304,113
2023-02-21,1096,131,58,61,46,73,15,0.44274809160305345,0.7540983606557377,104
2023-02-22,1096,117,82,76,35,35,41,0.7008547008547008,0.4605263157894737,117
2023-02-23,1096,120,86,54,44,34,10,0.7166666666666667,0.8148148148148148,130
2023-02-24,1096,110,69,91,41,41,50,0.6272727272727273,0.45054945054945056,110
2023-02-25,1096,120,75,77,40,45,37,0.625,0.5194805194805194,115
2023-02-26,1096,146,81,86,46,65,40,0.5547945205479452,0.5348837209302325,127
2023-02-27,1096,130,63,98,38,67,60,0.4846153846153846,0.3877551020408163,101
2023-02-28,1096,122,77,60,54,45,6,0.6311475409836066,0.9,131
2023-03-01,1096,148,76,54,40,72,14,0.5135135135135135,0.7407407407407407,116
2023-03-02,1096,117,75,99,32,42,67,0.6410256410256411,0.32323232323232326,107
2023-03-03,1096,109,79,52,45,30,7,0.7247706422018348,0.8653846153846154,124
2023-03-04,1096,130,82,76,36,48,40,0.6307692307692307,0.47368421052631576,118
2023-03-05,1096,143,80,65,43,63,22,0.5594405594405595,0.6615384615384615,123
2023-03-06,1096,128,83,88,44,45,44,0.6484375,0.5,127
2023-03-07,1096,120,70,79,41,50,38,0.5833333333333334,0.5189873417721519,111
2023-03-08,1096,147,75,64,51,72,13,0.5102040816326531,0.796875,126
2023-03-09,1096,114,91,86,35,23,51,0.7982456140350878,0.4069767441860465,126
2023-03-10,1096,103,86,70,47,17,23,0.8349514563106796,0.6714285714285714,133
2023-03-11,1096,135,77,82,33,58,49,0.5703703703703704,0.4024390243902439,110
2023-03-12,1096,103,78,86,33,25,53,0.7572815533980582,0.38372093023255816,111
2023-03-13,1096,139,83,83,38,56,45,0.5971223021582733,0.4578313253012048,121
2023-03-14,1096,123,84,94,29,39,65,0.6829268292682927,0.30851063829787234,113
2023-03-15,1096,134,73,69,53,61,16,0.5447761194029851,0.7681159420289855,126
2023-03-16,1096,128,73,80,42,55,38,0.5703125,0.525,115
2023-03-17,1096,143,75,79,37,68,42,0.5244755244755245,0.46835443037974683,112
2023-03-18,1096,137,80,64,22,57,42,0.583941605839416,0.34375,102
2023-03-19,1096,144,84,66,40,60,26,0.5833333333333334,0.6060606060606061,124
2023-03-20,1096,111,72,86,54,39,32,0.6486486486486487,0.627906976744186,126
2023-03-21,1096,124,81,60,38,43,22,0.6532258064516129,0.6333333333333333,119
2023-03-22,1096,147,90,91,47,57,44,0.6122448979591837,0.5164835164835165,137
2023-03-23,1096,123,99,84,47,24,37,0.8048780487804879,0.5595238095238095,146
2023-03-24,1096,137,74,60,44,63,16,0.5401459854014599,0.7333333333333333,118
2023-03-25,1096,107,81,53,34,26,19,0.7570093457943925,0.6415094339622641,115
2023-03-26,1096,147,92,86,39,55,47,0.6258503401360545,0.45348837209302323,131
2023-03-27,1096,119,63,61,38,56,23,0.5294117647058824,0.6229508196721312,101
2023-03-28,1096,122,87,73,37,35,36,0.7131147540983607,0.5068493150684932,124
2023-03-29,1096,117,80,96,44,37,52,0.6837606837606838,0.4583333333333333,124
2023-03-30,1096,149,86,75,42,63,33,0.5771812080536913,0.56,128
2023-03-31,1096,129,89,91,32,40,59,0.689922480620155,0.3516483516483517,121
2023-04-01,1096,147,86,53,36,61,17,0.5850340136054422,0.6792452830188679,122
2023-04-02,1096,118,74,70,38,44,32,0.6271186440677966,0.5428571428571428,112
2023-04-03,1096,105,90,83,37,15,46,0.8571428571428571,0.4457831325301205,127
2023-04-04,1096,111,79,96,52,32,44,0.7117117117117117,0.5416666666666666,131
2023-04-05,1096,121,75,73,37,46,36,0.6198347107438017,0.5068493150684932,112
2023-04-06,1096,110,71,86,59,39,27,0.6454545454545455,0.686046511627907,130
2023-04-07,1096,147,82,85,41,65,44,0.5578231292517006,0.4823529411764706,123
2023-04-08,1096,125,68,73,40,57,33,0.544,0.547945205479452,108
2023-04-09,1096,100,88,58,53,12,5,0.88,0.9137931034482759,141
2023-04-10,1096,117,95,85,42,22,43,0.811965811965812,0.49411764705882355,137
2023-04-11,1096,117,84,79,37,33,42,0.717948717948718,0.46835443037974683,121
2023-04-12,1096,125,91,94,36,34,58,0.728,0.3829787234042553,127
2023-04-13,1096,117,77,84,34,40,50,0.6581196581196581,0.40476190476190477,111
2023-04-14,1096,140,74,68,46,66,22,0.5285714285714286,0.6764705882352942,120
2023-04-15,1096,132,86,86,40,46,46,0.6515151515151515,0.46511627906976744,126
2023-04-16,1096,128,80,80,39,48,41,0.625,0.4875,119
2023-04-17,1096,113,73,60,45,40,15,0.6460176991150443,0.75,118
2023-04-18,1096,124,100,75,36,24,39,0.8064516129032258,0.48,136
2023-04-19,1096,128,81,94,52,47,42,0.6328125,0.5531914893617021,133
2023-04-20,1096,120,82,62,48,38,14,0.6833333333333333,0.7741935483870968,130
2023-04-21,1096,117,81,65,39,36,26,0.6923076923076923,0.6,120
2023-04-22,1096,102,62,95,41,40,54,0.6078431372549019,0.43157894736842106,103
2023-04-23,1096,101,56,64,35,45,29,0.5544554455445545,0.546875,91
2023-04-24,1096,117,99,82,47,18,35,0.8461538461538461,0.573170731707317,146
2023-04-25,1096,135,64,64,41,71,23,0.4740740740740741,0.640625,105
2023-04-26,1096,150,94,51,51,56,0,0.6266666666666667,1,145
2023-04-27,1096,119,75,50,42,44,8,0.6302521008403361,0.84,117
2023-04-28,1096,115,93,100,35,22,65,0.808695652173913,0.35,128
2023-04-29,1096,114,98,55,43,16,12,0.8596491228070176,0.7818181818181819,141
2023-04-30,1096,100,82,80,35,18,45,0.82,0.4375,117
2023-05-01,1096,115,95,68,28,20,40,0.8260869565217391,0.4117647058823529,123
2023-05-02,1096,125,68,59,40,57,19,0.544,0.6779661016949152,108
2023-05-03,1096,140,87,98,40,53,58,0.6214285714285714,0.40816326530612246,127
2023-05-04,1096,105,96,61,44,9,17,0.9142857142857143,0.7213114754098361,140
2023-05-05,1096,117,101,98,43,16,55,0.8632478632478633,0.4387755102040816,144
2023-05-06,1096,122,79,55,39,43,16,0.6475409836065574,0.7090909090909091,118
2023-05-07,1096,125,81,80,38,44,42,0.648,0.475,119
2023-05-08,1096,102,79,57,55,23,2,0.7745098039215687,0.9649122807017544,134
2023-05-09,1096,125,65,88,36,60,52,0.52,0.4090909090909091,101
2023-05-10,1096,125,81,77,46,44,31,0.648,0.5974025974025974,127
2023-05-11,1096,104,76,78,27,28,51,0.7307692307692307,0.34615384615384615,103
2023-05-12,1096,145,82,62,34,63,28,0.5655172413793104,0.5483870967741935,116
2023-05-13,1096,119,73,71,40,46,31,0.6134453781512605,0.5633802816901409,113
2023-05-14,1096,101,84,97,43,17,54,0.8316831683168316,0.44329896907216493,127
2023-05-15,1096,101,74,85,49,27,36,0.7326732673267327,0.5764705882352941,123
2023-05-16,1096,137,82,62,40,55,22,0.5985401459854015,0.6451612903225806,122
2023-05-17,1096,103,73,98,34,30,64,0.7087378640776699,0.3469387755102041,107
2023-05-18,1096,140,78,57,41,62,16,0.5571428571428572,0.7192982456140351,119
2023-05-19,1096,135,71,73,34,64,39,0.5259259259259259,0.4657534246575342,105
2023-05-20,1096,136,83,71,38,53,33,0.6102941176470589,0.5352112676056338,121
2023-05-21,1096,145,79,79,33,66,46,0.5448275862068965,0.4177215189873418,112
2023-05-22,1096,127,84,58,43,43,15,0.6614173228346457,0.7413793103448276,127
2023-05-23,1096,140,86,57,53,54,4,0.6142857142857143,0.9298245614035088,139
2023-05-24,1096,120,83,78,53,37,25,0.6916666666666667,0.6794871794871795,136
2023-05-25,1096,101,80,91,40,21,51,0.7920792079207921,0.43956043956043955,120
2023-05-26,1096,129,63,76,27,66,49,0.4883720930232558,0.35526315789473684,90
2023-05-27,1096,133,87,88,39,46,49,0.6541353383458647,0.4431818181818182,126
2023-05-28,1096,142,76,73,26,66,47,0.5352112676056338,0.3561643835616438,102
2023-05-29,1096,111,86,68,33,25,35,0.7747747747747747,0.4852941176470588,119
2023-05-30,1096,120,76,76,42,44,34,0.6333333333333333,0.5526315789473685,118
2023-05-31,1096,137,87,54,38,50,16,0.635036496350365,0.7037037037037037,125
2023-06-01,1096,131,70,77,41,61,36,0.5343511450381679,0.5324675324675324,111
2023-06-02,1096,104,94,99,37,10,62,0.9038461538461539,0.37373737373737376,131
2023-06-03,1096,147,79,67,38,68,29,0.5374149659863946,0.5671641791044776,117
2023-06-04,1096,146,87,60,38,59,22,0.5958904109589042,0.6333333333333333,125
2023-06-05,1096,105,91,88,36,14,52,0.8666666666666667,0.4090909090909091,127
2023-06-06,1096,107,73,55,45,34,10,0.6822429906542056,0.8181818181818182,118
2023-06-07,1096,143,78,63,43,65,20,0.5454545454545454,0.6825396825396826,121
2023-06-08,1096,114,85,50,49,29,1,0.7456140350877193,0.98,134
2023-06-09,1096,149,84,96,45,65,51,0.5637583892617449,0.46875,129
2023-06-10,1096,122,86,59,37,36,22,0.7049180327868853,0.6271186440677966,123
2023-06-11,1096,116,78,95,31,38,64,0.6724137931034483,0.3263157894736842,109
2023-06-12,1096,137,80,72,41,57,31,0.583941605839416,0.5694444444444444,121
2023-06-13,1096,145,79,81,22,66,59,0.5448275862068965,0.2716049382716049,101
2023-06-14,1096,145,75,77,41,70,36,0.5172413793103449,0.5324675324675324,116
2023-06-15,1096,146,90,58,38,56,20,0.6164383561643836,0.6551724137931034,128
2023-06-16,1096,143,55,66,36,88,30,0.38461538461538464,0.5454545454545454,91
2023-06-17,1096,144,88,89,43,56,46,0.6111111111111112,0.48314606741573035,131
2023-06-18,1096,136,73,75,44,63,31,0.5367647058823529,0.5866666666666667,117
2023-06-19,1096,131,83,69,34,48,35,0.6335877862595419,0.4927536231884058,117
2023-06-20,1096,105,88,53,34,17,19,0.8380952380952381,0.6415094339622641,122
2023-06-21,1096,118,72,76,36,46,40,0.6101694915254238,0.47368421052631576,108
2023-06-22,1096,116,93,88,42,23,46,0.8017241379310345,0.4772727272727273,135
2023-06-23,1096,150,77,81,35,73,46,0.5133333333333333,0.43209876543209874,112
2023-06-24,1096,125,91,56,40,34,16,0.728,0.7142857142857143,131
2023-06-25,1096,108,81,54,34,27,20,0.75,0.6296296296296297,115
2023-06-26,1096,102,81,84,42,21,42,0.7941176470588235,0.5,123
2023-06-27,1096,136,82,89,48,54,41,0.6029411764705882,0.5393258426966292,130
2023-06-28,1096,107,95,52,26,12,26,0.8878504672897196,0.5,121
2023-06-29,1096,145,80,90,40,65,50,0.5517241379310345,0.4444444444444444,120
2023-06-30,1096,117,82,86,40,35,46,0.7008547008547008,0.46511627906976744,122
2023-07-01,1096,131,90,52,42,41,10,0.6870229007633588,0.8076923076923077,132
2023-07-02,1096,126,83,51,35,43,16,0.6587301587301587,0.6862745098039216,118
2023-07-03,1096,133,67,96,43,66,53,0.5037593984962406,0.4479166666666667,110
2023-07-04,1096,103,73,84,46,30,38,0.7087378640776699,0.5476190476190477,119
2023-07-05,1096,130,88,87,42,42,45,0.676923076923077,0.4827586206896552,130
2023-07-06,1096,118,71,93,37,47,56,0.6016949152542372,0.3978494623655914,108
2023-07-07,1096,128,69,98,34,59,64,0.5390625,0.3469387755102041,103
2023-07-08,1096,105,66,72,41,39,31,0.6285714285714286,0.5694444444444444,107
2023-07-09,1096,133,81,64,29,52,35,0.6090225563909775,0.453125,110
2023-07-10,1096,122,81,94,26,41,68,0.6639344262295082,0.2765957446808511,107
2023-07-11,1096,127,87,83,35,40,48,0.6850393700787402,0.42168674698795183,122
2023-07-12,1096,106,72,100,36,34,64,0.6792452830188679,0.36,108
2023-07-13,1096,123,81,79,44,42,35,0.6585365853658537,0.5569620253164557,125
2023-07-14,1096,120,56,79,38,64,41,0.4666666666666667,0.4810126582278481,94
2023-07-15,1096,122,78,57,36,44,21,0.639344262295082,0.631578947368421,114
2023-07-16,1096,131,109,91,36,22,55,0.8320610687022901,0.3956043956043956,145
2023-07-17,1096,120,87,100,36,33,64,0.725,0.36,123
2023-07-18,1096,142,60,71,35,82,36,0.4225352112676056,0.49295774647887325,95
2023-07-19,1096,145,76,71,38,69,33,0.5241379310344828,0.5352112676056338,114
2023-07-20,1096,124,91,89,47,33,42,0.7338709677419355,0.5280898876404494,138
2023-07-21,1096,100,77,77,40,23,37,0.77,0.5194805194805194,117
2023-07-22,1096,146,61,87,30,85,57,0.4178082191780822,0.3448275862068966,91
2023-07-23,1096,105,82,72,34,23,38,0.780952380952381,0.4722222222222222,116
2023-07-24,1096,145,89,74,52,56,22,0.6137931034482759,0.7027027027027027,141
2023-07-25,1096,144,94,71,40,50,31,0.6527777777777778,0.5633802816901409,134
2023-07-26,1096,115,73,99,36,42,63,0.6347826086956522,0.36363636363636365,109
2023-07-27,1096,123,86,83,49,37,34,0.6991869918699187,0.5903614457831325,135
2023-07-28,1096,128,80,65,34,48,31,0.625,0.5230769230769231,114
2023-07-29,1096,110,82,60,38,28,22,0.7454545454545455,0.6333333333333333,120
2023-07-30,1096,100,76,71,44,24,27,0.76,0.6197183098591549,120
2023-07-31,1096,137,78,55,44,59,11,0.5693430656934306,0.8,122
2023-08-01,1096,103,96,95,46,7,49,0.9320388349514563,0.4842105263157895,142
2023-08-02,1096,109,66,63,32,43,31,0.6055045871559633,0.5079365079365079,98
2023-08-03,1096,144,87,100,32,57,68,0.6041666666666666,0.32,119
2023-08-04,1096,135,68,53,53,67,0,0.5037037037037037,1,121
2023-08-05,1096,104,77,96,36,27,60,0.7403846153846154,0.375,113
2023-08-06,1096,103,82,58,43,21,15,0.7961165048543689,0.7413793103448276,125
2023-08-07,1096,122,91,65,38,31,27,0.7459016393442623,0.5846153846153846,129
2023-08-08,1096,121,84,66,37,37,29,0.6942148760330579,0.5606060606060606,121
2023-08-09,1096,150,74,99,36,76,63,0.49333333333333335,0.36363636363636365,110
2023-08-10,1096,109,71,93,47,38,46,0.6513761467889908,0.5053763440860215,118
2023-08-11,1096,119,91,87,36,28,51,0.7647058823529411,0.41379310344827586,127
2023-08-12,1096,143,92,61,37,51,24,0.6433566433566433,0.6065573770491803,129
2023-08-13,1096,101,87,58,40,14,18,0.8613861386138614,0.6896551724137931,127
2023-08-14,1096,138,78,72,41,60,31,0.5652173913043478,0.5694444444444444,119
2023-08-15,1096,142,76,99,31,66,68,0.5352112676056338,0.31313131313131315,107
2023-08-16,1096,134,78,79,43,56,36,0.582089552238806,0.5443037974683544,121
2023-08-17,1096,145,74,63,41,71,22,0.5103448275862069,0.6507936507936508,115
2023-08-18,1096,121,82,75,35,39,40,0.6776859504132231,0.4666666666666667,117
2023-08-19,1096,105,94,57,40,11,17,0.8952380952380953,0.7017543859649122,134
2023-08-20,1096,131,77,62,41,54,21,0.5877862595419847,0.6612903225806451,118
2023-08-21,1096,131,73,51,44,58,7,0.5572519083969466,0.8627450980392157,117
2023-08-22,1096,124,73,89,22,51,67,0.5887096774193549,0.24719101123595505,95
2023-08-23,1096,118,73,62,43,45,19,0.6186440677966102,0.6935483870967742,116
2023-08-24,1096,117,74,98,41,43,57,0.6324786324786325,0.41836734693877553,115
2023-08-25,1096,124,74,75,37,50,38,0.5967741935483871,0.49333333333333335,111
2023-08-26,1096,124,78,99,28,46,71,0.6290322580645161,0.2828282828282828,106
2023-08-27,1096,106,73,96,53,33,43,0.6886792452830188,0.5520833333333334,126
2023-08-28,1096,149,99,58,29,50,29,0.6644295302013423,0.5,128
2023-08-29,1096,120,87,68,44,33,24,0.725,0.6470588235294118,131
2023-08-30,1096,111,77,84,41,34,43,0.6936936936936937,0.4880952380952381,118
2023-08-31,1096,133,78,91,36,55,55,0.5864661654135338,0.3956043956043956,114
2023-09-01,1096,114,75,79,28,39,51,0.6578947368421053,0.35443037974683544,103
2023-09-02,1096,106,72,71,41,34,30,0.6792452830188679,0.5774647887323944,113
2023-09-03,1096,105,68,51,38,37,13,0.6476190476190476,0.7450980392156863,106
2023-09-04,1096,140,72,57,32,68,25,0.5142857142857142,0.5614035087719298,104
2023-09-05,1096,145,86,50,41,59,9,0.593103448275862,0.82,127
2023-09-06,1096,104,87,62,39,17,23,0.8365384615384616,0.6290322580645161,126
2023-09-07,1096,138,85,95,39,53,56,0.6159420289855072,0.4105263157894737,124
2023-09-08,1096,144,71,94,40,73,54,0.4930555555555556,0.425531914893617,111
2023-09-09,1096,134,89,88,38,45,50,0.664179104477612,0.4318181818181818,127
2023-09-10,1096,135,85,73,38,50,35,0.6296296296296297,0.5205479452054794,123
2023-09-11,1096,118,63,78,38,55,40,0.5338983050847458,0.48717948717948717,101
2023-09-12,1096,115,86,61,38,29,23,0.7478260869565218,0.6229508196721312,124
2023-09-13,1096,122,70,52,46,52,6,0.5737704918032787,0.8846153846153846,116
2023-09-14,1096,115,71,87,31,44,56,0.6173913043478261,0.3563218390804598,102
2023-09-15,1096,144,76,56,36,68,20,0.5277777777777778,0.6428571428571429,112
2023-09-16,1096,138,89,62,43,49,19,0.644927536231884,0.6935483870967742,132
2023-09-17,1096,141,75,95,54,66,41,0.5319148936170213,0.5684210526315789,129
2023-09-18,1096,103,87,97,31,16,66,0.8446601941747572,0.31958762886597936,118
2023-09-19,1096,115,74,68,33,41,35,0.6434782608695652,0.4852941176470588,107
2023-09-20,1096,141,81,86,37,60,49,0.574468085106383,0.43023255813953487,118
2023-09-21,1096,122,67,55,37,55,18,0.5491803278688525,0.6727272727272727,104
2023-09-22,1096,107,88,56,39,19,17,0.822429906542056,0.6964285714285714,127
2023-09-23,1096,103,78,65,40,25,25,0.7572815533980582,0.6153846153846154,118
2023-09-24,1096,106,90,57,50,16,7,0.8490566037735849,0.8771929824561403,140
2023-09-25,1096,150,97,93,45,53,48,0.6466666666666666,0.4838709677419355,142
2023-09-26,1096,117,75,63,35,42,28,0.6410256410256411,0.5555555555555556,110
2023-09-27,1096,105,84,72,39,21,33,0.8,0.5416666666666666,123
2023-09-28,1096,143,82,56,37,61,19,0.5734265734265734,0.6607142857142857,119
2023-09-29,1096,147,62,85,43,85,42,0.4217687074829932,0.5058823529411764,105
2023-09-30,1096,100,87,69,44,13,25,0.87,0.6376811594202898,131
2023-10-01,1096,109,79,57,38,30,19,0.7247706422018348,0.6666666666666666,117
2023-10-02,1096,122,99,64,36,23,28,0.8114754098360656,0.5625,135
2023-10-03,1096,132,83,54,38,49,16,0.6287878787878788,0.7037037037037037,121
2023-10-04,1096,121,71,50,40,50,10,0.5867768595041323,0.8,111
2023-10-05,1096,129,68,88,35,61,53,0.5271317829457365,0.3977272727272727,103
2023-10-06,1096,135,83,82,37,52,45,0.6148148148148148,0.45121951219512196,120
2023-10-07,1096,132,83,92,44,49,48,0.6287878787878788,0.4782608695652174,127
2023-10-08,1096,109,81,96,36,28,60,0.7431192660550459,0.375,117
2023-10-09,1096,108,76,74,45,32,29,0.7037037037037037,0.6081081081081081,121
2023-10-10,1096,117,84,74,32,33,42,0.717948717948718,0.43243243243243246,116
2023-10-11,1096,146,99,73,47,47,26,0.678082191780822,0.6438356164383562,146
2023-10-12,1096,125,82,59,36,43,23,0.656,0.6101694915254238,118
2023-10-13,1096,137,74,62,40,63,22,0.5401459854014599,0.6451612903225806,114
2023-10-14,1096,146,72,90,43,74,47,0.4931506849315068,0.4777777777777778,115
2023-10-15,1096,102,94,65,36,8,29,0.9215686274509803,0.5538461538461539,130
2023-10-16,1096,115,83,96,39,32,57,0.7217391304347827,0.40625,122
2023-10-17,1096,112,71,80,49,41,31,0.6339285714285714,0.6125,120
2023-10-18,1096,108,91,88,27,17,61,0.8425925925925926,0.3068181818181818,118
2023-10-19,1096,150,88,78,42,62,36,0.5866666666666667,0.5384615384615384,130
2023-10-20,1096,110,82,71,38,28,33,0.7454545454545455,0.5352112676056338,120
2023-10-21,1096,121,75,54,39,46,15,0.6198347107438017,0.7222222222222222,114
2023-10-22,1096,122,85,96,39,37,57,0.6967213114754098,0.40625,124
2023-10-23,1096,144,90,54,40,54,14,0.625,0.7407407407407407,130
2023-10-24,1096,110,91,70,35,19,35,0.8272727272727273,0.5,126
2023-10-25,1096,148,72,77,43,76,34,0.4864864864864865,0.5584415584415584,115
2023-10-26,1096,111,88,82,47,23,35,0.7927927927927928,0.573170731707317,135
2023-10-27,1096,136,82,78,39,54,39,0.6029411764705882,0.5,121
2023-10-28,1096,127,74,93,35,53,58,0.5826771653543307,0.3763440860215054,109
2023-10-29,1096,145,107,69,50,38,19,0.7379310344827587,0.7246376811594203,157
2023-10-30,1096,134,88,83,33,46,50,0.6567164179104478,0.39759036144578314,121
2023-10-31,1096,115,65,97,38,50,59,0.5652173913043478,0.3917525773195876,103
2023-11-01,1096,124,81,52,49,43,3,0.6532258064516129,0.9423076923076923,130
2023-11-02,1096,111,90,99,34,21,65,0.8108108108108109,0.3434343434343434,124
2023-11-03,1096,108,84,66,37,24,29,0.7777777777777778,0.5606060606060606,121
2023-11-04,1096,115,90,92,29,25,63,0.782608695652174,0.31521739130434784,119
2023-11-05,1096,105,84,50,42,21,8,0.8,0.84,126
2023-11-06,1096,131,72,87,46,59,41,0.549618320610687,0.5287356321839081,118
2023-11-07,1096,110,72,87,48,38,39,0.6545454545454545,0.5517241379310345,120
2023-11-08,1096,138,77,56,32,61,24,0.5579710144927537,0.5714285714285714,109
2023-11-09,1096,125,84,74,48,41,26,0.672,0.6486486486486487,132
2023-11-10,1096,141,69,85,33,72,52,0.48936170212765956,0.38823529411764707,102
2023-11-11,1096,148,81,82,36,67,46,0.5472972972972973,0.43902439024390244,117
2023-11-12,1096,131,83,77,32,48,45,0.6335877862595419,0.4155844155844156,115
2023-11-13,1096,126,88,58,36,38,22,0.6984126984126984,0.6206896551724138,124
2023-11-14,1096,136,91,83,44,45,39,0.6691176470588235,0.5301204819277109,135
2023-11-15,1096,108,86,63,47,22,16,0.7962962962962963,0.746031746031746,133
2023-11-16,1096,102,79,83,33,23,50,0.7745098039215687,0.39759036144578314,112
2023-11-17,1096,103,91,79,32,12,47,0.883495145631068,0.4050632911392405,123
2023-11-18,1096,130,75,93,30,55,63,0.5769230769230769,0.3225806451612903,105
2023-11-19,1096,102,54,54,35,48,19,0.5294117647058824,0.6481481481481481,89
2023-11-20,1096,109,92,62,41,17,21,0.8440366972477065,0.6612903225806451,133
2023-11-21,1096,116,84,64,34,32,30,0.7241379310344828,0.53125,118
2023-11-22,1096,101,73,95,36,28,59,0.7227722772277227,0.37894736842105264,109
2023-11-23,1096,131,59,82,44,72,38,0.45038167938931295,0.5365853658536586,103
2023-11-24,1096,138,82,91,42,56,49,0.5942028985507246,0.46153846153846156,124
2023-11-25,1096,139,67,55,43,72,12,0.48201438848920863,0.7818181818181819,110
2023-11-26,1096,129,90,69,37,39,32,0.6976744186046512,0.5362318840579711,127
2023-11-27,1096,136,84,73,33,52,40,0.6176470588235294,0.4520547945205479,117
2023-11-28,1096,106,73,94,48,33,46,0.6886792452830188,0.5106382978723404,121
2023-11-29,1096,115,80,97,45,35,52,0.6956521739130435,0.4639175257731959,125
2023-11-30,1096,127,83,64,41,44,23,0.6535433070866141,0.640625,124
2023-12-01,1096,102,85,92,36,17,56,0.8333333333333334,0.391304347826087,121
2023-12-02,1096,127,83,69,40,44,29,0.6535433070866141,0.5797101449275363,123
2023-12-03,1096,105,67,69,49,38,20,0.638095238095238,0.7101449275362319,116
2023-12-04,1096,126,81,70,42,45,28,0.6428571428571429,0.6,123
2023-12-05,1096,109,85,76,37,24,39,0.7798165137614679,0.4868421052631579,122
2023-12-06,1096,116,86,82,30,30,52,0.7413793103448276,0.36585365853658536,116
2023-12-07,1096,136,79,53,48,57,5,0.5808823529411765,0.9056603773584906,127
2023-12-08,1096,107,58,91,47,49,44,0.5420560747663551,0.5164835164835165,105
2023-12-09,1096,120,80,74,43,40,31,0.6666666666666666,0.581081081081081,123
2023-12-10,1096,114,84,59,52,30,7,0.7368421052631579,0.8813559322033898,136
2023-12-11,1096,131,73,58,32,58,26,0.5572519083969466,0.5517241379310345,105
2023-12-12,1096,123,89,82,51,34,31,0.7235772357723578,0.6219512195121951,140
2023-12-13,1096,144,76,93,31,68,62,0.5277777777777778,0.3333333333333333,107
2023-12-14,1096,125,81,95,29,44,66,0.648,0.30526315789473685,110
2023-12-15,1096,143,108,96,35,35,61,0.7552447552447552,0.3645833333333333,143
2023-12-16,1096,141,90,82,35,51,47,0.6382978723404256,0.4268292682926829,125
2023-12-17,1096,121,99,56,38,22,18,0.8181818181818182,0.6785714285714286,137
2023-12-18,1096,110,79,75,33,31,42,0.7181818181818181,0.44,112
2023-12-19,1096,127,71,65,34,56,31,0.5590551181102362,0.5230769230769231,105
2023-12-20,1096,101,71,71,38,30,33,0.7029702970297029,0.5352112676056338,109
2023-12-21,1096,134,88,78,41,46,37,0.6567164179104478,0.5256410256410257,129
2023-12-22,1096,110,58,63,35,52,28,0.5272727272727272,0.5555555555555556,93
2023-12-23,1096,132,73,75,33,59,42,0.553030303030303,0.44,106
2023-12-24,1096,136,78,63,46,58,17,0.5735294117647058,0.7301587301587301,124
2023-12-25,1096,136,91,61,47,45,14,0.6691176470588235,0.7704918032786885,138
2023-12-26,1096,150,86,82,39,64,43,0.5733333333333334,0.47560975609756095,125
2023-12-27,1096,150,75,89,39,75,50,0.5,0.43820224719101125,114
2023-12-28,1096,111,86,88,47,25,41,0.7747747747747747,0.5340909090909091,133
2023-12-29,1096,125,90,71,40,35,31,0.72,0.5633802816901409,130
2023-12-30,1096,135,65,92,44,70,48,0.48148148148148145,0.4782608695652174,109
2023-12-31,1096,124,83,89,42,41,47,0.6693548387096774,0.47191011235955055,125
2023-01-01,1097,111,87,54,30,24,24,0.7837837837837838,0.5555555555555556,117
2023-01-02,1097,142,85,70,37,57,33,0.5985915492957746,0.5285714285714286,122
2023-01-03,1097,103,82,84,42,21,42,0.7961165048543689,0.5,124
2023-01-04,1097,133,83,55,43,50,12,0.6240601503759399,0.7818181818181819,126
2023-01-05,1097,105,78,63,34,27,29,0.7428571428571429,0.5396825396825397,112
2023-01-06,1097,141,69,81,43,72,38,0.48936170212765956,0.5308641975308642,112
2023-01-07,1097,133,71,57,37,62,20,0.5338345864661654,0.6491228070175439,108
2023-01-08,1097,137,82,89,46,55,43,0.5985401459854015,0.5168539325842697,128
2023-01-09,1097,105,76,78,32,29,46,0.7238095238095238,0.41025641025641024,108
2023-01-10,1097,107,87,59,43,20,16,0.8130841121495327,0.7288135593220338,130
2023-01-11,1097,123,100,88,53,23,35,0.8130081300813008,0.6022727272727273,153
2023-01-12,1097,134,81,82,38,53,44,0.6044776119402985,0.4634146341463415,119
2023-01-13,1097,128,99,73,45,29,28,0.7734375,0.6164383561643836,144
2023-01-14,1097,114,75,77,48,39,29,0.6578947368421053,0.6233766233766234,123
2023-01-15,1097,112,90,92,41,22,51,0.8035714285714286,0.44565217391304346,131
2023-01-16,1097,118,92,86,50,26,36,0.7796610169491526,0.5813953488372093,142
2023-01-17,1097,131,79,83,37,52,46,0.6030534351145038,0.4457831325301205,116
2023-01-18,1097,115,91,98,34,24,64,0.7913043478260869,0.3469387755102041,125
2023-01-19,1097,140,80,62,41,60,21,0.5714285714285714,0.6612903225806451,121
2023-01-20,1097,110,89,58,47,21,11,0.8090909090909091,0.8103448275862069,136
2023-01-21,1097,137,65,82,39,72,43,0.4744525547445255,0.47560975609756095,104
2023-01-22,1097,128,69,58,53,59,5,0.5390625,0.9137931034482759,122
2023-01-23,1097,130,92,60,39,38,21,0.7076923076923077,0.65,131
2023-01-24,1097,134,86,65,34,48,31,0.6417910447761194,0.5230769230769231,120
2023-01-25,1097,128,84,60,42,44,18,0.65625,0.7,126
2023-01-26,1097,125,93,54,34,32,20,0.744,0.6296296296296297,127
2023-01-27,1097,113,71,91,54,42,37,0.6283185840707964,0.5934065934065934,125
2023-01-28,1097,106,78,98,37,28,61,0.7358490566037735,0.37755102040816324,115
2023-01-29,1097,106,66,76,42,40,34,0.6226415094339622,0.5526315789473685,108
2023-01-30,1097,119,74,70,35,45,35,0.6218487394957983,0.5,109
2023-01-31,1097,105,84,85,39,21,46,0.8,0.4588235294117647,123
2023-02-01,1097,144,85,57,52,59,5,0.5902777777777778,0.9122807017543859,137
2023-02-02,1097,105,73,71,39,32,32,0.6952380952380952,0.5492957746478874,112
2023-02-03,1097,148,83,57,31,65,26,0.5608108108108109,0.543859649122807,114
2023-02-04,1097,100,62,96,41,38,55,0.62,0.4270833333333333,103
2023-02-05,1097,145,87,70,40,58,30,0.6,0.5714285714285714,127
2023-02-06,1097,131,81,63,37,50,26,0.6183206106870229,0.5873015873015873,118
2023-02-07,1097,135,88,81,48,47,33,0.6518518518518519,0.5925925925925926,136
2023-02-08,1097,117,74,51,42,43,9,0.6324786324786325,0.8235294117647058,116
2023-02-09,1097,139,72,94,34,67,60,0.5179856115107914,0.3617021276595745,106
2023-02-10,1097,144,71,84,32,73,52,0.4930555555555556,0.38095238095238093,103
2023-02-11,1097,104,92,61,47,12,14,0.8846153846153846,0.7704918032786885,139
2023-02-12,1097,124,94,92,35,30,57,0.7580645161290323,0.3804347826086957,129
2023-02-13,1097,114,77,60,39,37,21,0.6754385964912281,0.65,116
2023-02-14,1097,123,72,98,39,51,59,0.5853658536585366,0.3979591836734694,111
2023-02-15,1097,119,76,51,44,43,7,0.6386554621848739,0.8627450980392157,120
2023-02-16,1097,127,86,86,46,41,40,0.6771653543307087,0.5348837209302325,132
2023-02-17,1097,117,73,95,44,44,51,0.6239316239316239,0.4631578947368421,117
2023-02-18,1097,132,82,92,38,50,54,0.6212121212121212,0.41304347826086957,120
2023-02-19,1097,122,69,70,35,53,35,0.5655737704918032,0.5,104
2023-02-20,1097,114,78,91,42,36,49,0.6842105263157895,0.46153846153846156,120
2023-02-21,1097,136,65,65,45,71,20,0.47794117647058826,0.6923076923076923,110
2023-02-22,1097,133,78,86,34,55,52,0.5864661654135338,0.3953488372093023,112
2023-02-23,1097,103,79,63,35,24,28,0.7669902912621359,0.5555555555555556,114
2023-02-24,1097,109,71,61,40,38,21,0.6513761467889908,0.6557377049180327,111
2023-02-25,1097,139,74,66,43,65,23,0.5323741007194245,0.6515151515151515,117
2023-02-26,1097,119,87,71,34,32,37,0.7310924369747899,0.4788732394366197,121
2023-02-27,1097,120,82,56,35,38,21,0.6833333333333333,0.625,117
2023-02-28,1097,140,76,96,50,64,46,0.5428571428571428,0.5208333333333334,126
2023-03-01,1097,130,82,51,42,48,9,0.6307692307692307,0.8235294117647058,124
2023-03-02,1097,125,89,94,42,36,52,0.712,0.44680851063829785,131
2023-03-03,1097,133,91,80,33,42,47,0.6842105263157895,0.4125,124
2023-03-04,1097,149,73,69,44,76,25,0.4899328859060403,0.6376811594202898,117
2023-03-05,1097,116,70,73,38,46,35,0.603448275862069,0.5205479452054794,108
2023-03-06,1097,150,77,97,37,73,60,0.5133333333333333,0.38144329896907214,114
2023-03-07,1097,112,81,55,36,31,19,0.7232142857142857,0.6545454545454545,117
2023-03-08,1097,101,76,75,32,25,43,0.7524752475247525,0.4266666666666667,108
2023-03-09,1097,146,80,80,29,66,51,0.547945205479452,0.3625,109
2023-03-10,1097,105,66,85,41,39,44,0.6285714285714286,0.4823529411764706,107
2023-03-11,1097,129,77,76,49,52,27,0.5968992248062015,0.6447368421052632,126
2023-03-12,1097,108,74,50,35,34,15,0.6851851851851852,0.7,109
2023-03-13,1097,148,76,54,34,72,20,0.5135135135135135,0.6296296296296297,110
2023-03-14,1097,122,84,53,44,38,9,0.6885245901639344,0.8301886792452831,128
2023-03-15,1097,116,77,78,32,39,46,0.6637931034482759,0.41025641025641024,109
2023-03-16,1097,112,97,78,46,15,32,0.8660714285714286,0.5897435897435898,143
2023-03-17,1097,128,96,66,48,32,18,0.75,0.7272727272727273,144
2023-03-18,1097,121,98,86,38,23,48,0.8099173553719008,0.4418604651162791,136
2023-03-19,1097,103,80,63,40,23,23,0.7766990291262136,0.6349206349206349,120
2023-03-20,1097,108,74,81,39,34,42,0.6851851851851852,0.48148148148148145,113
2023-03-21,1097,137,91,54,37,46,17,0.6642335766423357,0.6851851851851852,128
2023-03-22,1097,103,84,70,29,19,41,0.8155339805825242,0.4142857142857143,113
2023-03-23,1097,144,94,85,45,50,40,0.6527777777777778,0.5294117647058824,139
2023-03-24,1097,125,86,65,44,39,21,0.688,0.676923076923077,130
2023-03-25,1097,131,75,90,43,56,47,0.5725190839694656,0.4777777777777778,118
2023-03-26,1097,122,73,94,45,49,49,0.5983606557377049,0.4787234042553192,118
2023-03-27,1097,130,81,86,43,49,43,0.6230769230769231,0.5,124
2023-03-28,1097,145,86,67,38,59,29,0.593103448275862,0.5671641791044776,124
2023-03-29,1097,137,75,83,39,62,44,0.5474452554744526,0.46987951807228917,114
2023-03-30,1097,136,72,85,55,64,30,0.5294117647058824,0.6470588235294118,127
2023-03-31,1097,141,100,96,47,41,49,0.7092198581560284,0.4895833333333333,147
2023-04-01,1097,135,90,63,43,45,20,0.6666666666666666,0.6825396825396826,133
2023-04-02,1097,133,61,72,30,72,42,0.45864661654135336,0.4166666666666667,91
2023-04-03,1097,149,67,92,23,82,69,0.44966442953020136,0.25,90
2023-04-04,1097,116,68,59,44,48,15,0.5862068965517241,0.7457627118644068,112
2023-04-05,1097,130,79,76,51,51,25,0.6076923076923076,0.6710526315789473,130
2023-04-06,1097,125,74,81,36,51,45,0.592,0.4444444444444444,110
2023-04-07,1097,141,73,99,37,68,62,0.5177304964539007,0.37373737373737376,110
2023-04-08,1097,105,94,51,42,11,9,0.8952380952380953,0.8235294117647058,136
2023-04-09,1097,105,87,89,49,18,40,0.8285714285714286,0.550561797752809,136
2023-04-10,1097,143,88,68,41,55,27,0.6153846153846154,0.6029411764705882,129
2023-04-11,1097,106,82,76,38,24,38,0.7735849056603774,0.5,120
2023-04-12,1097,146,72,95,34,74,61,0.4931506849315068,0.35789473684210527,106
2023-04-13,1097,134,88,99,37,46,62,0.6567164179104478,0.37373737373737376,125
2023-04-14,1097,131,87,100,44,44,56,0.6641221374045801,0.44,131
2023-04-15,1097,103,89,76,28,14,48,0.8640776699029126,0.3684210526315789,117
2023-04-16,1097,111,74,67,40,37,27,0.6666666666666666,0.5970149253731343,114
2023-04-17,1097,138,74,69,35,64,34,0.5362318840579711,0.5072463768115942,109
2023-04-18,1097,139,76,77,37,63,40,0.5467625899280576,0.4805194805194805,113
2023-04-19,1097,146,66,75,36,80,39,0.4520547945205479,0.48,102
2023-04-20,1097,139,84,86,38,55,48,0.60431654676259,0.4418604651162791,122
2023-04-21,1097,137,72,71,39,65,32,0.5255474452554745,0.5492957746478874,111
2023-04-22,1097,109,92,66,41,17,25,0.8440366972477065,0.6212121212121212,133
2023-04-23,1097,133,78,71,46,55,25,0.5864661654135338,0.647887323943662,124
2023-04-24,1097,126,76,75,27,50,48,0.6031746031746031,0.36,103
2023-04-25,1097,105,102,69,36,3,33,0.9714285714285714,0.5217391304347826,138
2023-04-26,1097,118,96,64,30,22,34,0.8135593220338984,0.46875,126
2023-04-27,1097,107,92,52,32,15,20,0.8598130841121495,0.6153846153846154,124
2023-04-28,1097,124,75,85,37,49,48,0.6048387096774194,0.43529411764705883,112
2023-04-29,1097,146,71,91,36,75,55,0.4863013698630137,0.3956043956043956,107
2023-04-30,1097,119,83,79,48,36,31,0.6974789915966386,0.6075949367088608,131
2023-05-01,1097,106,72,99,35,34,64,0.6792452830188679,0.35353535353535354,107
2023-05-02,1097,141,94,64,27,47,37,0.6666666666666666,0.421875,121
2023-05-03,1097,129,87,85,33,42,52,0.6744186046511628,0.38823529411764707,120
2023-05-04,1097,149,86,100,46,63,54,0.5771812080536913,0.46,132
2023-05-05,1097,150,88,63,47,62,16,0.5866666666666667,0.746031746031746,135
2023-05-06,1097,104,84,53,34,20,19,0.8076923076923077,0.6415094339622641,118
2023-05-07,1097,110,65,76,35,45,41,0.5909090909090909,0.4605263157894737,100
2023-05-08,1097,117,94,78,33,23,45,0.8034188034188035,0.4230769230769231,127
2023-05-09,1097,135,81,59,42,54,17,0.6,0.711864406779661,123
2023-05-10,1097,145,71,92,45,74,47,0.4896551724137931,0.4891304347826087,116
2023-05-11,1097,135,85,81,37,50,44,0.6296296296296297,0.4567901234567901,122
2023-05-12,1097,140,80,54,46,60,8,0.5714285714285714,0.8518518518518519,126
2023-05-13,1097,110,74,81,31,36,50,0.6727272727272727,0.38271604938271603,105
2023-05-14,1097,136,77,75,44,59,31,0.5661764705882353,0.5866666666666667,121
2023-05-15,1097,118,75,54,39,43,15,0.635593220338983,0.7222222222222222,114
2023-05-16,1097,108,83,53,32,25,21,0.7685185185185185,0.6037735849056604,115
2023-05-17,1097,142,74,78,30,68,48,0.5211267605633803,0.38461538461538464,104
2023-05-18,1097,109,81,53,43,28,10,0.7431192660550459,0.8113207547169812,124
2023-05-19,1097,127,65,74,39,62,35,0.5118110236220472,0.527027027027027,104
2023-05-20,1097,108,69,90,36,39,54,0.6388888888888888,0.4,105
2023-05-21,1097,105,89,51,42,16,9,0.8476190476190476,0.8235294117647058,131
2023-05-22,1097,125,82,74,50,43,24,0.656,0.6756756756756757,132
2023-05-23,1097,149,87,55,46,62,9,0.5838926174496645,0.8363636363636363,133
2023-05-24,1097,113,70,72,36,43,36,0.6194690265486725,0.5,106
2023-05-25,1097,119,73,59,35,46,24,0.6134453781512605,0.5932203389830508,108
2023-05-26,1097,103,81,82,51,22,31,0.7864077669902912,0.6219512195121951,132
2023-05-27,1097,123,81,67,40,42,27,0.6585365853658537,0.5970149253731343,121
2023-05-28,1097,116,83,87,33,33,54,0.7155172413793104,0.3793103448275862,116
2023-05-29,1097,113,81,89,44,32,45,0.7168141592920354,0.4943820224719101,125
2023-05-30,1097,126,67,65,43,59,22,0.5317460317460317,0.6615384615384615,110
2023-05-31,1097,111,81,56,39,30,17,0.7297297297297297,0.6964285714285714,120
2023-06-01,1097,112,88,86,35,24,51,0.7857142857142857,0.4069767441860465,123
2023-06-02,1097,138,74,86,48,64,38,0.5362318840579711,0.5581395348837209,122
2023-06-03,1097,108,88,65,34,20,31,0.8148148148148148,0.5230769230769231,122
2023-06-04,1097,144,75,98,32,69,66,0.5208333333333334,0.32653061224489793,107
2023-06-05,1097,103,86,80,40,17,40,0.8349514563106796,0.5,126
2023-06-06,1097,120,70,85,37,50,48,0.5833333333333334,0.43529411764705883,107
2023-06-07,1097,115,85,69,41,30,28,0.7391304347826086,0.5942028985507246,126
2023-06-08,1097,134,80,83,33,54,50,0.5970149253731343,0.39759036144578314,113
2023-06-09,1097,141,60,59,33,81,26,0.425531914893617,0.559322033898305,93
2023-06-10,1097,118,88,87,38,30,49,0.7457627118644068,0.4367816091954023,126
2023-06-11,1097,130,90,80,51,40,29,0.6923076923076923,0.6375,141
2023-06-12,1097,119,73,98,37,46,61,0.6134453781512605,0.37755102040816324,110
2023-06-13,1097,150,89,64,42,61,22,0.5933333333333334,0.65625,131
2023-06-14,1097,108,64,63,46,44,17,0.5925925925925926,0.7301587301587301,110
2023-06-15,1097,107,79,92,46,28,46,0.7383177570093458,0.5,125
2023-06-16,1097,124,86,61,25,38,36,0.6935483870967742,0.4098360655737705,111
2023-06-17,1097,115,88,95,32,27,63,0.7652173913043478,0.3368421052631579,120
2023-06-18,1097,114,82,80,37,32,43,0.7192982456140351,0.4625,119
2023-06-19,1097,134,86,81,32,48,49,0.6417910447761194,0.3950617283950617,118
2023-06-20,1097,139,95,54,45,44,9,0.6834532374100719,0.8333333333333334,140
2023-06-21,1097,103,79,92,39,24,53,0.7669902912621359,0.42391304347826086,118
2023-06-22,1097,118,90,71,38,28,33,0.7627118644067796,0.5352112676056338,128
2023-06-23,1097,135,75,85,34,60,51,0.5555555555555556,0.4,109
2023-06-24,1097,140,71,87,32,69,55,0.5071428571428571,0.367816091954023,103
2023-06-25,1097,123,82,79,40,41,39,0.6666666666666666,0.5063291139240507,122
2023-06-26,1097,135,83,74,40,52,34,0.6148148148148148,0.5405405405405406,123
2023-06-27,1097,146,75,63,41,71,22,0.5136986301369864,0.6507936507936508,116
2023-06-28,1097,142,73,58,38,69,20,0.5140845070422535,0.6551724137931034,111
2023-06-29,1097,126,80,75,29,46,46,0.6349206349206349,0.38666666666666666,109
2023-06-30,1097,128,108,70,28,20,42,0.84375,0.4,136
2023-07-01,1097,114,93,95,35,21,60,0.8157894736842105,0.3684210526315789,128
2023-07-02,1097,145,65,59,28,80,31,0.4482758620689655,0.4745762711864407,93
2023-07-03,1097,141,95,71,46,46,25,0.6737588652482269,0.647887323943662,141
2023-07-04,1097,150,96,89,32,54,57,0.64,0.3595505617977528,128
2023-07-05,1097,114,80,80,42,34,38,0.7017543859649122,0.525,122
2023-07-06,1097,110,96,90,32,14,58,0.8727272727272727,0.35555555555555557,128
2023-07-07,1097,147,74,59,41,73,18,0.5034013605442177,0.6949152542372882,115
2023-07-08,1097,103,81,86,35,22,51,0.7864077669902912,0.4069767441860465,116
2023-07-09,1097,108,74,67,40,34,27,0.6851851851851852,0.5970149253731343,114
2023-07-10,1097,149,74,77,39,75,38,0.49664429530201343,0.5064935064935064,113
2023-07-11,1097,109,74,87,37,35,50,0.6788990825688074,0.42528735632183906,111
2023-07-12,1097,109,94,67,35,15,32,0.8623853211009175,0.5223880597014925,129
2023-07-13,1097,119,70,52,45,49,7,0.5882352941176471,0.8653846153846154,115
2023-07-14,1097,132,82,76,38,50,38,0.6212121212121212,0.5,120
2023-07-15,1097,105,70,51,28,35,23,0.6666666666666666,0.5490196078431373,98
2023-07-16,1097,148,82,50,43,66,7,0.5540540540540541,0.86,125
2023-07-17,1097,141,80,75,26,61,49,0.5673758865248227,0.3466666666666667,106
2023-07-18,1097,122,78,75,41,44,34,0.639344262295082,0.5466666666666666,119
2023-07-19,1097,111,73,60,34,38,26,0.6576576576576577,0.5666666666666667,107
2023-07-20,1097,108,80,87,25,28,62,0.7407407407407407,0.28735632183908044,105
2023-07-21,1097,142,80,96,52,62,44,0.5633802816901409,0.5416666666666666,132
2023-07-22,1097,104,79,83,44,25,39,0.7596153846153846,0.5301204819277109,123
2023-07-23,1097,110,82,98,41,28,57,0.7454545454545455,0.41836734693877553,123
2023-07-24,1097,114,83,93,38,31,55,0.7280701754385965,0.40860215053763443,121
2023-07-25,1097,140,83,85,32,57,53,0.5928571428571429,0.3764705882352941,115
2023-07-26,1097,146,79,50,36,67,14,0.541095890410959,0.72,115
2023-07-27,1097,102,62,94,35,40,59,0.6078431372549019,0.3723404255319149,97
2023-07-28,1097,134,76,73,34,58,39,0.5671641791044776,0.4657534246575342,110
2023-07-29,1097,109,85,83,29,24,54,0.7798165137614679,0.3493975903614458,114
2023-07-30,1097,110,92,57,41,18,16,0.8363636363636363,0.7192982456140351,133
2023-07-31,1097,147,82,93,44,65,49,0.5578231292517006,0.4731182795698925,126
2023-08-01,1097,126,68,96,35,58,61,0.5396825396825397,0.3645833333333333,103
2023-08-02,1097,102,74,72,41,28,31,0.7254901960784313,0.5694444444444444,115
2023-08-03,1097,140,85,99,42,55,57,0.6071428571428571,0.42424242424242425,127
2023-08-04,1097,114,96,94,34,18,60,0.8421052631578947,0.3617021276595745,130
2023-08-05,1097,141,65,76,28,76,48,0.46099290780141844,0.3684210526315789,93
2023-08-06,1097,107,95,86,50,12,36,0.8878504672897196,0.5813953488372093,145
2023-08-07,1097,125,87,70,45,38,25,0.696,0.6428571428571429,132
2023-08-08,1097,105,80,56,47,25,9,0.7619047619047619,0.8392857142857143,127
2023-08-09,1097,145,68,59,33,77,26,0.4689655172413793,0.559322033898305,101
2023-08-10,1097,131,78,55,29,53,26,0.5954198473282443,0.5272727272727272,107
2023-08-11,1097,143,85,81,38,58,43,0.5944055944055944,0.4691358024691358,123
2023-08-12,1097,136,65,99,39,71,60,0.47794117647058826,0.3939393939393939,104
2023-08-13,1097,139,85,64,43,54,21,0.6115107913669064,0.671875,128
2023-08-14,1097,111,58,82,36,53,46,0.5225225225225225,0.43902439024390244,94
2023-08-15,1097,133,90,79,40,43,39,0.6766917293233082,0.5063291139240507,130
2023-08-16,1097,121,76,82,42,45,40,0.628099173553719,0.5121951219512195,118
2023-08-17,1097,108,81,77,42,27,35,0.75,0.5454545454545454,123
2023-08-18,1097,132,66,54,40,66,14,0.5,0.7407407407407407,106
2023-08-19,1097,130,91,96,34,39,62,0.7,0.3541666666666667,125
2023-08-20,1097,146,67,77,34,79,43,0.4589041095890411,0.44155844155844154,101
2023-08-21,1097,122,90,97,44,32,53,0.7377049180327869,0.4536082474226804,134
2023-08-22,1097,101,94,99,42,7,57,0.9306930693069307,0.42424242424242425,136
2023-08-23,1097,118,64,87,34,54,53,0.5423728813559322,0.39080459770114945,98
2023-08-24,1097,136,92,75,51,44,24,0.6764705882352942,0.68,143
2023-08-25,1097,148,71,96,44,77,52,0.4797297297297297,0.4583333333333333,115
2023-08-26,1097,145,96,77,50,49,27,0.6620689655172414,0.6493506493506493,146
2023-08-27,1097,130,83,93,47,47,46,0.6384615384615384,0.5053763440860215,130
2023-08-28,1097,124,77,77,38,47,39,0.6209677419354839,0.4935064935064935,115
2023-08-29,1097,118,95,85,40,23,45,0.8050847457627118,0.47058823529411764,135
2023-08-30,1097,137,62,64,53,75,11,0.45255474452554745,0.828125,115
2023-08-31,1097,147,75,72,46,72,26,0.5102040816326531,0.6388888888888888,121
2023-09-01,1097,131,75,78,32,56,46,0.5725190839694656,0.41025641025641024,107
2023-09-02,1097,105,78,82,41,27,41,0.7428571428571429,0.5,119
2023-09-03,1097,110,93,85,35,17,50,0.8454545454545455,0.4117647058823529,128
2023-09-04,1097,107,80,100,43,27,57,0.7476635514018691,0.43,123
2023-09-05,1097,143,72,59,51,71,8,0.5034965034965035,0.864406779661017,123
2023-09-06,1097,137,77,54,51,60,3,0.5620437956204379,0.9444444444444444,128
2023-09-07,1097,141,83,51,42,58,9,0.5886524822695035,0.8235294117647058,125
2023-09-08,1097,142,76,67,42,66,25,0.5352112676056338,0.6268656716417911,118
2023-09-09,1097,103,73,75,55,30,20,0.7087378640776699,0.7333333333333333,128
2023-09-10,1097,142,86,69,37,56,32,0.6056338028169014,0.5362318840579711,123
2023-09-11,1097,121,68,97,51,53,46,0.5619834710743802,0.5257731958762887,119
2023-09-12,1097,108,71,78,38,37,40,0.6574074074074074,0.48717948717948717,109
2023-09-13,1097,125,80,96,32,45,64,0.64,0.3333333333333333,112
2023-09-14,1097,105,76,60,48,29,12,0.7238095238095238,0.8,124
2023-09-15,1097,118,79,98,42,39,56,0.6694915254237288,0.42857142857142855,121
2023-09-16,1097,114,84,96,36,30,60,0.7368421052631579,0.375,120
2023-09-17,1097,128,77,56,38,51,18,0.6015625,0.6785714285714286,115
2023-09-18,1097,129,95,97,50,34,47,0.7364341085271318,0.5154639175257731,145
2023-09-19,1097,144,82,63,36,62,27,0.5694444444444444,0.5714285714285714,118
2023-09-20,1097,102,65,59,45,37,14,0.6372549019607843,0.7627118644067796,110
2023-09-21,1097,113,91,57,35,22,22,0.8053097345132744,0.6140350877192983,126
2023-09-22,1097,134,76,64,22,58,42,0.5671641791044776,0.34375,98
2023-09-23,1097,139,86,86,51,53,35,0.6187050359712231,0.5930232558139535,137
2023-09-24,1097,104,84,73,54,20,19,0.8076923076923077,0.7397260273972602,138
2023-09-25,1097,124,86,60,41,38,19,0.6935483870967742,0.6833333333333333,127
2023-09-26,1097,107,87,69,50,20,19,0.8130841121495327,0.7246376811594203,137
2023-09-27,1097,146,74,86,51,72,35,0.5068493150684932,0.5930232558139535,125
2023-09-28,1097,107,89,80,28,18,52,0.8317757009345794,0.35,117
2023-09-29,1097,118,81,99,39,37,60,0.6864406779661016,0.3939393939393939,120
2023-09-30,1097,129,68,93,39,61,54,0.5271317829457365,0.41935483870967744,107
2023-10-01,1097,130,96,87,36,34,51,0.7384615384615385,0.41379310344827586,132
2023-10-02,1097,129,91,57,40,38,17,0.7054263565891473,0.7017543859649122,131
2023-10-03,1097,150,91,72,44,59,28,0.6066666666666667,0.6111111111111112,135
2023-10-04,1097,104,81,93,34,23,59,0.7788461538461539,0.3655913978494624,115
2023-10-05,1097,139,83,76,29,56,47,0.5971223021582733,0.3815789473684211,112
2023-10-06,1097,119,84,82,41,35,41,0.7058823529411765,0.5,125
2023-10-07,1097,115,82,64,45,33,19,0.7130434782608696,0.703125,127
2023-10-08,1097,116,84,57,32,32,25,0.7241379310344828,0.5614035087719298,116
2023-10-09,1097,144,85,56,36,59,20,0.5902777777777778,0.6428571428571429,121
2023-10-10,1097,142,74,74,38,68,36,0.5211267605633803,0.5135135135135135,112
2023-10-11,1097,142,84,76,33,58,43,0.5915492957746479,0.4342105263157895,117
2023-10-12,1097,115,78,66,47,37,19,0.6782608695652174,0.7121212121212122,125
2023-10-13,1097,101,84,63,30,17,33,0.8316831683168316,0.47619047619047616,114
2023-10-14,1097,144,78,62,37,66,25,0.5416666666666666,0.5967741935483871,115
2023-10-15,1097,122,80,98,46,42,52,0.6557377049180327,0.46938775510204084,126
2023-10-16,1097,134,74,75,46,60,29,0.5522388059701493,0.6133333333333333,120
2023-10-17,1097,146,68,90,46,78,44,0.4657534246575342,0.5111111111111111,114
2023-10-18,1097,110,89,64,38,21,26,0.8090909090909091,0.59375,127
2023-10-19,1097,127,93,59,38,34,21,0.7322834645669292,0.6440677966101694,131
2023-10-20,1097,135,89,97,49,46,48,0.6592592592592592,0.5051546391752577,138
2023-10-21,1097,115,95,69,33,20,36,0.8260869565217391,0.4782608695652174,128
2023-10-22,1097,146,85,100,46,61,54,0.5821917808219178,0.46,131
2023-10-23,1097,147,80,51,39,67,12,0.54421768707483,0.7647058823529411,119
2023-10-24,1097,112,80,86,43,32,43,0.7142857142857143,0.5,123
2023-10-25,1097,129,74,67,39,55,28,0.5736434108527132,0.582089552238806,113
2023-10-26,1097,112,69,53,34,43,19,0.6160714285714286,0.6415094339622641,103
2023-10-27,1097,149,79,57,39,70,18,0.5302013422818792,0.6842105263157895,118
2023-10-28,1097,136,86,100,50,50,50,0.6323529411764706,0.5,136
2023-10-29,1097,142,55,70,36,87,34,0.3873239436619718,0.5142857142857142,91
2023-10-30,1097,143,75,99,41,68,58,0.5244755244755245,0.41414141414141414,116
2023-10-31,1097,125,98,60,42,27,18,0.784,0.7,140
2023-11-01,1097,150,75,90,39,75,51,0.5,0.43333333333333335,114
2023-11-02,1097,108,74,73,47,34,26,0.6851851851851852,0.6438356164383562,121
2023-11-03,1097,109,77,60,43,32,17,0.7064220183486238,0.7166666666666667,120
2023-11-04,1097,144,71,57,43,73,14,0.4930555555555556,0.7543859649122807,114
2023-11-05,1097,131,95,68,40,36,28,0.7251908396946565,0.5882352941176471,135
2023-11-06,1097,131,74,63,34,57,29,0.5648854961832062,0.5396825396825397,108
2023-11-07,1097,141,93,97,43,48,54,0.6595744680851063,0.44329896907216493,136
2023-11-08,1097,134,89,87,38,45,49,0.664179104477612,0.4367816091954023,127
2023-11-09,1097,141,81,74,39,60,35,0.574468085106383,0.527027027027027,120
2023-11-10,1097,115,76,92,41,39,51,0.6608695652173913,0.44565217391304346,117
2023-11-11,1097,106,85,62,50,21,12,0.8018867924528302,0.8064516129032258,135
2023-11-12,1097,147,88,86,40,59,46,0.5986394557823129,0.46511627906976744,128
2023-11-13,1097,118,72,95,32,46,63,0.6101694915254238,0.3368421052631579,104
2023-11-14,1097,135,89,71,66,46,5,0.6592592592592592,0.9295774647887324,155
2023-11-15,1097,105,78,80,30,27,50,0.7428571428571429,0.375,108
2023-11-16,1097,124,100,99,47,24,52,0.8064516129032258,0.47474747474747475,147
2023-11-17,1097,137,85,77,23,52,54,0.6204379562043796,0.2987012987012987,108
2023-11-18,1097,110,73,100,38,37,62,0.6636363636363637,0.38,111
2023-11-19,1097,113,95,53,45,18,8,0.8407079646017699,0.8490566037735849,140
2023-11-20,1097,123,71,56,50,52,6,0.5772357723577236,0.8928571428571429,121
2023-11-21,1097,139,79,51,36,60,15,0.5683453237410072,0.7058823529411765,115
2023-11-22,1097,112,82,67,32,30,35,0.7321428571428571,0.47761194029850745,114
2023-11-23,1097,121,80,95,36,41,59,0.6611570247933884,0.37894736842105264,116
2023-11-24,1097,135,89,74,40,46,34,0.6592592592592592,0.5405405405405406,129
2023-11-25,1097,127,62,91,42,65,49,0.4881889763779528,0.46153846153846156,104
2023-11-26,1097,133,80,58,49,53,9,0.6015037593984962,0.8448275862068966,129
2023-11-27,1097,122,69,52,40,53,12,0.5655737704918032,0.7692307692307693,109
2023-11-28,1097,121,87,77,41,34,36,0.71900826446281,0.5324675324675324,128
2023-11-29,1097,130,67,76,50,63,26,0.5153846153846153,0.6578947368421053,117
2023-11-30,1097,142,76,64,52,66,12,0.5352112676056338,0.8125,128
2023-12-01,1097,141,71,61,44,70,17,0.5035460992907801,0.7213114754098361,115
2023-12-02,1097,113,58,66,40,55,26,0.5132743362831859,0.6060606060606061,98
2023-12-03,1097,126,87,95,41,39,54,0.6904761904761905,0.43157894736842106,128
2023-12-04,1097,112,72,64,41,40,23,0.6428571428571429,0.640625,113
2023-12-05,1097,120,92,96,29,28,67,0.7666666666666667,0.3020833333333333,121
2023-12-06,1097,106,67,79,36,39,43,0.6320754716981132,0.45569620253164556,103
2023-12-07,1097,117,77,56,43,40,13,0.6581196581196581,0.7678571428571429,120
2023-12-08,1097,133,97,95,30,36,65,0.7293233082706767,0.3157894736842105,127
2023-12-09,1097,140,71,81,35,69,46,0.5071428571428571,0.43209876543209874,106
2023-12-10,1097,128,64,69,45,64,24,0.5,0.6521739130434783,109
2023-12-11,1097,117,87,78,41,30,37,0.7435897435897436,0.5256410256410257,128
2023-12-12,1097,119,82,80,31,37,49,0.6890756302521008,0.3875,113
2023-12-13,1097,118,86,69,31,32,38,0.7288135593220338,0.4492753623188406,117
2023-12-14,1097,133,89,88,33,44,55,0.6691729323308271,0.375,122
2023-12-15,1097,149,94,80,41,55,39,0.6308724832214765,0.5125,135
2023-12-16,1097,136,84,86,42,52,44,0.6176470588235294,0.4883720930232558,126
2023-12-17,1097,112,91,85,50,21,35,0.8125,0.5882352941176471,141
2023-12-18,1097,123,96,59,39,27,20,0.7804878048780488,0.6610169491525424,135
2023-12-19,1097,138,66,61,40,72,21,0.4782608695652174,0.6557377049180327,106
2023-12-20,1097,107,82,82,37,25,45,0.7663551401869159,0.45121951219512196,119
2023-12-21,1097,145,81,60,35,64,25,0.5586206896551724,0.5833333333333334,116
2023-12-22,1097,108,81,71,42,27,29,0.75,0.5915492957746479,123
2023-12-23,1097,111,73,85,35,38,50,0.6576576576576577,0.4117647058823529,108
2023-12-24,1097,102,88,68,42,14,26,0.8627450980392157,0.6176470588235294,130
2023-12-25,1097,136,76,87,36,60,51,0.5588235294117647,0.41379310344827586,112
2023-12-26,1097,119,72,65,34,47,31,0.6050420168067226,0.5230769230769231,106
2023-12-27,1097,117,91,94,36,26,58,0.7777777777777778,0.3829787234042553,127
2023-12-28,1097,123,66,89,37,57,52,0.5365853658536586,0.4157303370786517,103
2023-12-29,1097,101,77,55,39,24,16,0.7623762376237624,0.7090909090909091,116
2023-12-30,1097,116,83,84,45,33,39,0.7155172413793104,0.5357142857142857,128
2023-12-31,1097,129,89,80,45,40,35,0.689922480620155,0.5625,134
2023-01-01,1098,110,81,96,46,29,50,0.7363636363636363,0.4791666666666667,127
2023-01-02,1098,105,79,72,41,26,31,0.7523809523809524,0.5694444444444444,120
2023-01-03,1098,147,67,57,34,80,23,0.4557823129251701,0.5964912280701754,101
2023-01-04,1098,140,70,52,45,70,7,0.5,0.8653846153846154,115
2023-01-05,1098,133,88,71,34,45,37,0.6616541353383458,0.4788732394366197,122
2023-01-06,1098,117,81,97,38,36,59,0.6923076923076923,0.3917525773195876,119
2023-01-07,1098,127,96,65,38,31,27,0.7559055118110236,0.5846153846153846,134
2023-01-08,1098,132,90,67,30,42,37,0.6818181818181818,0.44776119402985076,120
2023-01-09,1098,103,69,63,35,34,28,0.6699029126213593,0.5555555555555556,104
2023-01-10,1098,103,84,65,35,19,30,0.8155339805825242,0.5384615384615384,119
2023-01-11,1098,111,76,71,28,35,43,0.6846846846846847,0.39436619718309857,104
2023-01-12,1098,112,88,97,48,24,49,0.7857142857142857,0.4948453608247423,136
2023-01-13,1098,133,70,74,33,63,41,0.5263157894736842,0.44594594594594594,103
2023-01-14,1098,114,100,93,45,14,48,0.8771929824561403,0.4838709677419355,145
2023-01-15,1098,108,87,100,53,21,47,0.8055555555555556,0.53,140
2023-01-16,1098,115,86,62,35,29,27,0.7478260869565218,0.5645161290322581,121
2023-01-17,1098,119,97,79,36,22,43,0.8151260504201681,0.45569620253164556,133
2023-01-18,1098,136,74,81,44,62,37,0.5441176470588235,0.5432098765432098,118
2023-01-19,1098,111,81,57,37,30,20,0.7297297297297297,0.6491228070175439,118
2023-01-20,1098,117,77,86,39,40,47,0.6581196581196581,0.45348837209302323,116
2023-01-21,1098,114,77,85,43,37,42,0.6754385964912281,0.5058823529411764,120
2023-01-22,1098,149,83,87,38,66,49,0.5570469798657718,0.4367816091954023,121
2023-01-23,1098,121,80,53,48,41,5,0.6611570247933884,0.9056603773584906,128
2023-01-24,1098,120,70,68,42,50,26,0.5833333333333334,0.6176470588235294,112
2023-01-25,1098,127,72,77,32,55,45,0.5669291338582677,0.4155844155844156,104
2023-01-26,1098,103,82,72,41,21,31,0.7961165048543689,0.5694444444444444,123
2023-01-27,1098,103,92,72,44,11,28,0.8932038834951457,0.6111111111111112,136
2023-01-28,1098,105,78,77,39,27,38,0.7428571428571429,0.5064935064935064,117
2023-01-29,1098,118,86,80,36,32,44,0.7288135593220338,0.45,122
2023-01-30,1098,140,82,69,47,58,22,0.5857142857142857,0.6811594202898551,129
2023-01-31,1098,146,76,88,39,70,49,0.5205479452054794,0.4431818181818182,115
2023-02-01,1098,106,85,50,41,21,9,0.8018867924528302,0.82,126
2023-02-02,1098,145,76,95,34,69,61,0.5241379310344828,0.35789473684210527,110
2023-02-03,1098,149,77,75,31,72,44,0.5167785234899329,0.41333333333333333,108
2023-02-04,1098,115,89,72,40,26,32,0.7739130434782608,0.5555555555555556,129
2023-02-05,1098,149,69,65,32,80,33,0.46308724832214765,0.49230769230769234,101
2023-02-06,1098,125,70,56,56,55,0,0.56,1,126
2023-02-07,1098,132,89,72,36,43,36,0.6742424242424242,0.5,125
2023-02-08,1098,138,78,100,41,60,59,0.5652173913043478,0.41,119
2023-02-09,1098,125,71,53,46,54,7,0.568,0.8679245283018868,117
2023-02-10,1098,137,75,58,35,62,23,0.5474452554744526,0.603448275862069,110
2023-02-11,1098,122,70,53,36,52,17,0.5737704918032787,0.6792452830188679,106
2023-02-12,1098,117,79,73,38,38,35,0.6752136752136753,0.5205479452054794,117
2023-02-13,1098,137,91,69,33,46,36,0.6642335766423357,0.4782608695652174,124
2023-02-14,1098,136,70,96,45,66,51,0.5147058823529411,0.46875,115
2023-02-15,1098,141,81,63,50,60,13,0.574468085106383,0.7936507936507936,131
2023-02-16,1098,114,79,78,49,35,29,0.6929824561403509,0.6282051282051282,128
2023-02-17,1098,105,87,50,36,18,14,0.8285714285714286,0.72,123
2023-02-18,1098,125,69,68,39,56,29,0.552,0.5735294117647058,108
2023-02-19,1098,145,97,92,37,48,55,0.6689655172413793,0.40217391304347827,134
2023-02-20,1098,116,92,100,32,24,68,0.7931034482758621,0.32,124
2023-02-21,1098,105,87,83,55,18,28,0.8285714285714286,0.6626506024096386,142
2023-02-22,1098,111,82,74,43,29,31,0.7387387387387387,0.581081081081081,125
2023-02-23,1098,116,89,94,41,27,53,0.7672413793103449,0.43617021276595747,130
2023-02-24,1098,140,78,87,38,62,49,0.5571428571428572,0.4367816091954023,116
2023-02-25,1098,113,75,75,34,38,41,0.6637168141592921,0.4533333333333333,109
2023-02-26,1098,108,86,67,38,22,29,0.7962962962962963,0.5671641791044776,124
2023-02-27,1098,121,72,59,33,49,26,0.5950413223140496,0.559322033898305,105
2023-02-28,1098,142,82,95,43,60,52,0.5774647887323944,0.45263157894736844,125
2023-03-01,1098,128,86,56,30,42,26,0.671875,0.5357142857142857,116
2023-03-02,1098,117,64,57,37,53,20,0.5470085470085471,0.6491228070175439,101
2023-03-03,1098,127,78,75,34,49,41,0.6141732283464567,0.4533333333333333,112
2023-03-04,1098,109,87,61,43,22,18,0.7981651376146789,0.7049180327868853,130
2023-03-05,1098,149,81,67,26,68,41,0.5436241610738255,0.3880597014925373,107
2023-03-06,1098,103,94,87,31,9,56,0.912621359223301,0.3563218390804598,125
2023-03-07,1098,120,66,67,44,54,23,0.55,0.6567164179104478,110
2023-03-08,1098,101,78,69,45,23,24,0.7722772277227723,0.6521739130434783,123
2023-03-09,1098,143,72,65,39,71,26,0.5034965034965035,0.6,111
2023-03-10,1098,137,89,98,33,48,65,0.6496350364963503,0.336734693877551,122
2023-03-11,1098,140,80,96,37,60,59,0.5714285714285714,0.3854166666666667,117
2023-03-12,1098,133,83,89,33,50,56,0.6240601503759399,0.3707865168539326,116
2023-03-13,1098,133,86,99,51,47,48,0.6466165413533834,0.5151515151515151,137
2023-03-14,1098,111,86,71,31,25,40,0.7747747747747747,0.43661971830985913,117
2023-03-15,1098,125,70,58,54,55,4,0.56,0.9310344827586207,124
2023-03-16,1098,110,83,50,37,27,13,0.7545454545454545,0.74,120
2023-03-17,1098,150,74,71,52,76,19,0.49333333333333335,0.7323943661971831,126
2023-03-18,1098,103,87,52,35,16,17,0.8446601941747572,0.6730769230769231,122
2023-03-19,1098,136,75,87,43,61,44,0.5514705882352942,0.4942528735632184,118
2023-03-20,1098,144,70,50,33,74,17,0.4861111111111111,0.66,103
2023-03-21,1098,103,67,61,34,36,27,0.6504854368932039,0.5573770491803278,101
2023-03-22,1098,124,77,61,43,47,18,0.6209677419354839,0.7049180327868853,120
2023-03-23,1098,144,65,71,40,79,31,0.4513888888888889,0.5633802816901409,105
2023-03-24,1098,149,65,77,32,84,45,0.436241610738255,0.4155844155844156,97
2023-03-25,1098,131,86,95,42,45,53,0.6564885496183206,0.4421052631578947,128
2023-03-26,1098,123,73,85,28,50,57,0.5934959349593496,0.32941176470588235,101
2023-03-27,1098,140,98,85,44,42,41,0.7,0.5176470588235295,142
2023-03-28,1098,148,80,88,40,68,48,0.5405405405405406,0.45454545454545453,120
2023-03-29,1098,137,77,97,38,60,59,0.5620437956204379,0.3917525773195876,115
2023-03-30,1098,121,74,53,35,47,18,0.6115702479338843,0.660377358490566,109
2023-03-31,1098,136,68,98,30,68,68,0.5,0.30612244897959184,98
2023-04-01,1098,129,76,54,32,53,22,0.5891472868217055,0.5925925925925926,108
2023-04-02,1098,112,87,64,30,25,34,0.7767857142857143,0.46875,117
2023-04-03,1098,117,81,65,39,36,26,0.6923076923076923,0.6,120
2023-04-04,1098,122,87,97,42,35,55,0.7131147540983607,0.4329896907216495,129
2023-04-05,1098,105,77,64,42,28,22,0.7333333333333333,0.65625,119
2023-04-06,1098,129,66,65,49,63,16,0.5116279069767442,0.7538461538461538,115
2023-04-07,1098,133,69,77,47,64,30,0.518796992481203,0.6103896103896104,116
2023-04-08,1098,102,76,63,41,26,22,0.7450980392156863,0.6507936507936508,117
2023-04-09,1098,147,76,88,27,71,61,0.5170068027210885,0.3068181818181818,103
2023-04-10,1098,115,80,73,40,35,33,0.6956521739130435,0.547945205479452,120
2023-04-11,1098,105,93,65,45,12,20,0.8857142857142857,0.6923076923076923,138
2023-04-12,1098,150,85,61,33,65,28,0.5666666666666667,0.5409836065573771,118
2023-04-13,1098,139,84,79,50,55,29,0.60431654676259,0.6329113924050633,134
2023-04-14,1098,124,88,73,42,36,31,0.7096774193548387,0.5753424657534246,130
2023-04-15,1098,149,81,60,38,68,22,0.5436241610738255,0.6333333333333333,119
2023-04-16,1098,141,91,82,33,50,49,0.6453900709219859,0.4024390243902439,124
2023-04-17,1098,134,97,53,33,37,20,0.7238805970149254,0.6226415094339622,130
2023-04-18,1098,106,89,55,38,17,17,0.839622641509434,0.6909090909090909,127
2023-04-19,1098,101,77,96,51,24,45,0.7623762376237624,0.53125,128
2023-04-20,1098,148,72,80,38,76,42,0.4864864864864865,0.475,110
2023-04-21,1098,107,80,66,39,27,27,0.7476635514018691,0.5909090909090909,119
2023-04-22,1098,147,84,55,43,63,12,0.5714285714285714,0.7818181818181819,127
2023-04-23,1098,133,68,81,41,65,40,0.5112781954887218,0.5061728395061729,109
2023-04-24,1098,144,84,87,57,60,30,0.5833333333333334,0.6551724137931034,141
2023-04-25,1098,149,56,51,37,93,14,0.37583892617449666,0.7254901960784313,93
2023-04-26,1098,117,98,97,46,19,51,0.8376068376068376,0.4742268041237113,144
2023-04-27,1098,145,75,64,35,70,29,0.5172413793103449,0.546875,110
2023-04-28,1098,101,93,88,54,8,34,0.9207920792079208,0.6136363636363636,147
2023-04-29,1098,104,69,95,36,35,59,0.6634615384615384,0.37894736842105264,105
2023-04-30,1098,135,89,54,39,46,15,0.6592592592592592,0.7222222222222222,128
2023-05-01,1098,111,82,90,47,29,43,0.7387387387387387,0.5222222222222223,129
2023-05-02,1098,119,59,69,43,60,26,0.4957983193277311,0.6231884057971014,102
2023-05-03,1098,139,76,75,32,63,43,0.5467625899280576,0.4266666666666667,108
2023-05-04,1098,120,79,95,39,41,56,0.6583333333333333,0.4105263157894737,118
2023-05-05,1098,109,76,60,54,33,6,0.6972477064220184,0.9,130
2023-05-06,1098,113,69,61,43,44,18,0.6106194690265486,0.7049180327868853,112
2023-05-07,1098,116,87,90,30,29,60,0.75,0.3333333333333333,117
2023-05-08,1098,109,82,93,46,27,47,0.7522935779816514,0.4946236559139785,128
2023-05-09,1098,100,82,62,50,18,12,0.82,0.8064516129032258,132
2023-05-10,1098,136,61,82,30,75,52,0.4485294117647059,0.36585365853658536,91
2023-05-11,1098,100,79,95,28,21,67,0.79,0.29473684210526313,107
2023-05-12,1098,141,90,64,47,51,17,0.6382978723404256,0.734375,137
2023-05-13,1098,111,63,64,48,48,16,0.5675675675675675,0.75,111
2023-05-14,1098,131,63,52,52,68,0,0.48091603053435117,1,115
2023-05-15,1098,107,68,95,31,39,64,0.6355140186915887,0.3263157894736842,99
2023-05-16,1098,150,58,82,37,92,45,0.38666666666666666,0.45121951219512196,95
2023-05-17,1098,148,78,89,40,70,49,0.527027027027027,0.449438202247191,118
2023-05-18,1098,127,76,69,29,51,40,0.5984251968503937,0.42028985507246375,105
2023-05-19,1098,121,91,63,48,30,15,0.7520661157024794,0.7619047619047619,139
2023-05-20,1098,110,79,100,38,31,62,0.7181818181818181,0.38,117
2023-05-21,1098,134,87,52,36,47,16,0.6492537313432836,0.6923076923076923,123
2023-05-22,1098,141,79,99,40,62,59,0.5602836879432624,0.40404040404040403,119
2023-05-23,1098,124,84,92,42,40,50,0.6774193548387096,0.45652173913043476,126
2023-05-24,1098,145,86,99,33,59,66,0.593103448275862,0.3333333333333333,119
2023-05-25,1098,145,81,57,35,64,22,0.5586206896551724,0.6140350877192983,116
2023-05-26,1098,137,63,54,31,74,23,0.45985401459854014,0.5740740740740741,94
2023-05-27,1098,104,73,96,39,31,57,0.7019230769230769,0.40625,112
2023-05-28,1098,104,77,83,46,27,37,0.7403846153846154,0.5542168674698795,123
2023-05-29,1098,113,70,96,40,43,56,0.6194690265486725,0.4166666666666667,110
2023-05-30,1098,113,68,75,43,45,32,0.6017699115044248,0.5733333333333334,111
2023-05-31,1098,111,79,92,44,32,48,0.7117117117117117,0.4782608695652174,123
2023-06-01,1098,128,63,76,34,65,42,0.4921875,0.4473684210526316,97
2023-06-02,1098,150,81,99,41,69,58,0.54,0.41414141414141414,122
2023-06-03,1098,125,88,84,45,37,39,0.704,0.5357142857142857,133
2023-06-04,1098,100,81,72,42,19,30,0.81,0.5833333333333334,123
2023-06-05,1098,108,82,95,26,26,69,0.7592592592592593,0.2736842105263158,108
2023-06-06,1098,138,78,94,36,60,58,0.5652173913043478,0.3829787234042553,114
2023-06-07,1098,122,75,89,39,47,50,0.6147540983606558,0.43820224719101125,114
2023-06-08,1098,115,97,59,37,18,22,0.8434782608695652,0.6271186440677966,134
2023-06-09,1098,114,85,66,48,29,18,0.7456140350877193,0.7272727272727273,133
2023-06-10,1098,146,104,77,43,42,34,0.7123287671232876,0.5584415584415584,147
2023-06-11,1098,121,60,73,31,61,42,0.49586776859504134,0.4246575342465753,91
2023-06-12,1098,124,74,54,43,50,11,0.5967741935483871,0.7962962962962963,117
2023-06-13,1098,100,74,92,42,26,50,0.74,0.45652173913043476,116
2023-06-14,1098,135,92,94,41,43,53,0.6814814814814815,0.43617021276595747,133
2023-06-15,1098,137,60,61,40,77,21,0.43795620437956206,0.6557377049180327,100
2023-06-16,1098,134,75,53,37,59,16,0.5597014925373134,0.6981132075471698,112
2023-06-17,1098,108,81,70,41,27,29,0.75,0.5857142857142857,122
2023-06-18,1098,135,80,86,40,55,46,0.5925925925925926,0.46511627906976744,120
2023-06-19,1098,113,71,93,37,42,56,0.6283185840707964,0.3978494623655914,108
2023-06-20,1098,112,72,99,38,40,61,0.6428571428571429,0.3838383838383838,110
2023-06-21,1098,135,68,51,32,67,19,0.5037037037037037,0.6274509803921569,100
2023-06-22,1098,142,83,91,26,59,65,0.5845070422535211,0.2857142857142857,109
2023-06-23,1098,128,106,76,27,22,49,0.828125,0.35526315789473684,133
2023-06-24,1098,101,101,57,46,0,11,1,0.8070175438596491,147
2023-06-25,1098,144,80,57,35,64,22,0.5555555555555556,0.6140350877192983,115
2023-06-26,1098,144,65,89,44,79,45,0.4513888888888889,0.4943820224719101,109
2023-06-27,1098,150,71,99,42,79,57,0.47333333333333333,0.42424242424242425,113
2023-06-28,1098,144,85,82,28,59,54,0.5902777777777778,0.34146341463414637,113
2023-06-29,1098,139,85,77,48,54,29,0.6115107913669064,0.6233766233766234,133
2023-06-30,1098,133,87,81,39,46,42,0.6541353383458647,0.48148148148148145,126
2023-07-01,1098,100,88,72,36,12,36,0.88,0.5,124
2023-07-02,1098,131,81,74,43,50,31,0.6183206106870229,0.581081081081081,124
2023-07-03,1098,146,78,61,42,68,19,0.5342465753424658,0.6885245901639344,120
2023-07-04,1098,142,80,91,36,62,55,0.5633802816901409,0.3956043956043956,116
2023-07-05,1098,144,80,100,34,64,66,0.5555555555555556,0.34,114
2023-07-06,1098,108,81,73,40,27,33,0.75,0.547945205479452,121
2023-07-07,1098,128,91,89,28,37,61,0.7109375,0.3146067415730337,119
2023-07-08,1098,102,90,59,41,12,18,0.8823529411764706,0.6949152542372882,131
2023-07-09,1098,136,71,100,35,65,65,0.5220588235294118,0.35,106
2023-07-10,1098,129,77,98,41,52,57,0.5968992248062015,0.41836734693877553,118
2023-07-11,1098,142,75,94,35,67,59,0.528169014084507,0.3723404255319149,110
2023-07-12,1098,132,78,73,46,54,27,0.5909090909090909,0.6301369863013698,124
2023-07-13,1098,122,82,92,39,40,53,0.6721311475409836,0.42391304347826086,121
2023-07-14,1098,127,92,56,41,35,15,0.7244094488188977,0.7321428571428571,133
2023-07-15,1098,136,85,87,48,51,39,0.625,0.5517241379310345,133
2023-07-16,1098,134,68,96,34,66,62,0.5074626865671642,0.3541666666666667,102
2023-07-17,1098,122,94,54,38,28,16,0.7704918032786885,0.7037037037037037,132
2023-07-18,1098,136,104,50,40,32,10,0.7647058823529411,0.8,144
2023-07-19,1098,124,66,71,37,58,34,0.532258064516129,0.5211267605633803,103
2023-07-20,1098,110,72,67,43,38,24,0.6545454545454545,0.6417910447761194,115
2023-07-21,1098,135,73,99,35,62,64,0.5407407407407407,0.35353535353535354,108
2023-07-22,1098,112,78,63,37,34,26,0.6964285714285714,0.5873015873015873,115
2023-07-23,1098,119,75,58,41,44,17,0.6302521008403361,0.7068965517241379,116
2023-07-24,1098,114,80,75,45,34,30,0.7017543859649122,0.6,125
2023-07-25,1098,131,82,70,28,49,42,0.6259541984732825,0.4,110
2023-07-26,1098,114,85,88,31,29,57,0.7456140350877193,0.3522727272727273,116
2023-07-27,1098,142,85,90,35,57,55,0.5985915492957746,0.3888888888888889,120
2023-07-28,1098,126,79,94,37,47,57,0.626984126984127,0.39361702127659576,116
2023-07-29,1098,146,80,94,42,66,52,0.547945205479452,0.44680851063829785,122
2023-07-30,1098,123,80,54,34,43,20,0.6504065040650406,0.6296296296296297,114
2023-07-31,1098,117,74,81,34,43,47,0.6324786324786325,0.41975308641975306,108
2023-08-01,1098,108,100,72,43,8,29,0.9259259259259259,0.5972222222222222,143
2023-08-02,1098,112,73,84,43,39,41,0.6517857142857143,0.5119047619047619,116
2023-08-03,1098,128,74,67,46,54,21,0.578125,0.6865671641791045,120
2023-08-04,1098,137,74,69,45,63,24,0.5401459854014599,0.6521739130434783,119
2023-08-05,1098,143,85,73,38,58,35,0.5944055944055944,0.5205479452054794,123
2023-08-06,1098,103,79,85,35,24,50,0.7669902912621359,0.4117647058823529,114
2023-08-07,1098,142,85,69,31,57,38,0.5985915492957746,0.4492753623188406,116
2023-08-08,1098,116,92,99,45,24,54,0.7931034482758621,0.45454545454545453,137
2023-08-09,1098,105,75,52,32,30,20,0.7142857142857143,0.6153846153846154,107
2023-08-10,1098,143,72,83,39,71,44,0.5034965034965035,0.46987951807228917,111
2023-08-11,1098,127,74,72,44,53,28,0.5826771653543307,0.6111111111111112,118
2023-08-12,1098,125,84,93,43,41,50,0.672,0.46236559139784944,127
2023-08-13,1098,144,78,70,43,66,27,0.5416666666666666,0.6142857142857143,121
2023-08-14,1098,111,75,52,36,36,16,0.6756756756756757,0.6923076923076923,111
2023-08-15,1098,115,82,96,43,33,53,0.7130434782608696,0.4479166666666667,125
2023-08-16,1098,120,85,91,44,35,47,0.7083333333333334,0.4835164835164835,129
2023-08-17,1098,145,73,64,39,72,25,0.503448275862069,0.609375,112
2023-08-18,1098,126,96,51,46,30,5,0.7619047619047619,0.9019607843137255,142
2023-08-19,1098,142,78,52,40,64,12,0.5492957746478874,0.7692307692307693,118
2023-08-20,1098,119,68,83,36,51,47,0.5714285714285714,0.43373493975903615,104
2023-08-21,1098,100,78,99,41,22,58,0.78,0.41414141414141414,119
2023-08-22,1098,129,95,60,42,34,18,0.7364341085271318,0.7,137
2023-08-23,1098,129,80,92,48,49,44,0.6201550387596899,0.5217391304347826,128
2023-08-24,1098,101,66,81,33,35,48,0.6534653465346535,0.4074074074074074,99
2023-08-25,1098,114,74,96,34,40,62,0.6491228070175439,0.3541666666666667,108
2023-08-26,1098,101,75,62,33,26,29,0.7425742574257426,0.532258064516129,108
2023-08-27,1098,130,78,98,51,52,47,0.6,0.5204081632653061,129
2023-08-28,1098,138,84,93,28,54,65,0.6086956521739131,0.3010752688172043,112
2023-08-29,1098,133,94,87,32,39,55,0.706766917293233,0.367816091954023,126
2023-08-30,1098,101,75,73,37,26,36,0.7425742574257426,0.5068493150684932,112
2023-08-31,1098,144,67,89,41,77,48,0.4652777777777778,0.4606741573033708,108
2023-09-01,1098,147,80,62,51,67,11,0.54421768707483,0.8225806451612904,131
2023-09-02,1098,109,74,90,49,35,41,0.6788990825688074,0.5444444444444444,123
2023-09-03,1098,101,66,51,43,35,8,0.6534653465346535,0.8431372549019608,109
2023-09-04,1098,117,91,64,41,26,23,0.7777777777777778,0.640625,132
2023-09-05,1098,100,78,81,40,22,41,0.78,0.49382716049382713,118
2023-09-06,1098,120,64,77,43,56,34,0.5333333333333333,0.5584415584415584,107
2023-09-07,1098,110,63,80,44,47,36,0.5727272727272728,0.55,107
2023-09-08,1098,129,78,89,43,51,46,0.6046511627906976,0.48314606741573035,121
2023-09-09,1098,125,76,98,42,49,56,0.608,0.42857142857142855,118
2023-09-10,1098,119,73,61,43,46,18,0.6134453781512605,0.7049180327868853,116
2023-09-11,1098,104,92,74,37,12,37,0.8846153846153846,0.5,129
2023-09-12,1098,121,83,97,31,38,66,0.6859504132231405,0.31958762886597936,114
2023-09-13,1098,135,69,58,36,66,22,0.5111111111111111,0.6206896551724138,105
2023-09-14,1098,144,79,93,40,65,53,0.5486111111111112,0.43010752688172044,119
2023-09-15,1098,116,75,80,45,41,35,0.646551724137931,0.5625,120
2023-09-16,1098,141,82,93,41,59,52,0.5815602836879432,0.44086021505376344,123
2023-09-17,1098,124,91,77,46,33,31,0.7338709677419355,0.5974025974025974,137
2023-09-18,1098,109,74,59,32,35,27,0.6788990825688074,0.5423728813559322,106
2023-09-19,1098,143,67,77,41,76,36,0.46853146853146854,0.5324675324675324,108
2023-09-20,1098,142,92,61,39,50,22,0.647887323943662,0.639344262295082,131
2023-09-21,1098,132,86,70,53,46,17,0.6515151515151515,0.7571428571428571,139
2023-09-22,1098,123,94,82,40,29,42,0.7642276422764228,0.4878048780487805,134
2023-09-23,1098,132,74,59,40,58,19,0.5606060606060606,0.6779661016949152,114
2023-09-24,1098,103,84,65,40,19,25,0.8155339805825242,0.6153846153846154,124
2023-09-25,1098,117,88,59,41,29,18,0.7521367521367521,0.6949152542372882,129
2023-09-26,1098,110,65,61,38,45,23,0.5909090909090909,0.6229508196721312,103
2023-09-27,1098,105,70,97,52,35,45,0.6666666666666666,0.5360824742268041,122
2023-09-28,1098,113,70,63,38,43,25,0.6194690265486725,0.6031746031746031,108
2023-09-29,1098,103,88,70,47,15,23,0.8543689320388349,0.6714285714285714,135
2023-09-30,1098,123,84,85,39,39,46,0.6829268292682927,0.4588235294117647,123
2023-10-01,1098,130,85,67,40,45,27,0.6538461538461539,0.5970149253731343,125
2023-10-02,1098,138,71,75,35,67,40,0.5144927536231884,0.4666666666666667,106
2023-10-03,1098,136,70,68,35,66,33,0.5147058823529411,0.5147058823529411,105
2023-10-04,1098,140,79,69,36,61,33,0.5642857142857143,0.5217391304347826,115
2023-10-05,1098,118,80,84,44,38,40,0.6779661016949152,0.5238095238095238,124
2023-10-06,1098,108,87,78,40,21,38,0.8055555555555556,0.5128205128205128,127
2023-10-07,1098,133,88,98,42,45,56,0.6616541353383458,0.42857142857142855,130
2023-10-08,1098,149,89,56,53,60,3,0.5973154362416108,0.9464285714285714,142
2023-10-09,1098,137,79,57,28,58,29,0.5766423357664233,0.49122807017543857,107
2023-10-10,1098,119,97,84,45,22,39,0.8151260504201681,0.5357142857142857,142
2023-10-11,1098,113,90,94,43,23,51,0.7964601769911505,0.4574468085106383,133
2023-10-12,1098,135,94,60,35,41,25,0.6962962962962963,0.5833333333333334,129
2023-10-13,1098,132,92,89,47,40,42,0.696969696969697,0.5280898876404494,139
2023-10-14,1098,102,88,55,45,14,10,0.8627450980392157,0.8181818181818182,133
2023-10-15,1098,143,74,93,36,69,57,0.5174825174825175,0.3870967741935484,110
2023-10-16,1098,114,96,71,32,18,39,0.8421052631578947,0.4507042253521127,128
2023-10-17,1098,129,71,75,48,58,27,0.5503875968992248,0.64,119
2023-10-18,1098,133,61,99,34,72,65,0.45864661654135336,0.3434343434343434,95
2023-10-19,1098,102,82,84,32,20,52,0.803921568627451,0.38095238095238093,114
2023-10-20,1098,139,84,53,35,55,18,0.60431654676259,0.660377358490566,119
2023-10-21,1098,130,69,93,36,61,57,0.5307692307692308,0.3870967741935484,105
2023-10-22,1098,146,70,57,40,76,17,0.4794520547945205,0.7017543859649122,110
2023-10-23,1098,115,83,71,42,32,29,0.7217391304347827,0.5915492957746479,125
2023-10-24,1098,101,57,73,55,44,18,0.5643564356435643,0.7534246575342466,112
2023-10-25,1098,138,90,61,37,48,24,0.6521739130434783,0.6065573770491803,127
2023-10-26,1098,101,101,67,32,0,35,1,0.47761194029850745,133
2023-10-27,1098,122,68,94,30,54,64,0.5573770491803278,0.3191489361702128,98
2023-10-28,1098,143,72,80,37,71,43,0.5034965034965035,0.4625,109
2023-10-29,1098,123,85,96,46,38,50,0.6910569105691057,0.4791666666666667,131
2023-10-30,1098,118,79,93,30,39,63,0.6694915254237288,0.3225806451612903,109
2023-10-31,1098,123,87,81,48,36,33,0.7073170731707317,0.5925925925925926,135
2023-11-01,1098,122,77,65,48,45,17,0.6311475409836066,0.7384615384615385,125
2023-11-02,1098,123,81,66,35,42,31,0.6585365853658537,0.5303030303030303,116
2023-11-03,1098,149,75,83,39,74,44,0.5033557046979866,0.46987951807228917,114
2023-11-04,1098,141,94,56,46,47,10,0.6666666666666666,0.8214285714285714,140
2023-11-05,1098,117,82,60,34,35,26,0.7008547008547008,0.5666666666666667,116
2023-11-06,1098,109,81,53,26,28,27,0.7431192660550459,0.49056603773584906,107
2023-11-07,1098,139,76,91,37,63,54,0.5467625899280576,0.4065934065934066,113
2023-11-08,1098,147,82,84,39,65,45,0.5578231292517006,0.4642857142857143,121
2023-11-09,1098,117,64,82,29,53,53,0.5470085470085471,0.35365853658536583,93
2023-11-10,1098,102,83,65,37,19,28,0.8137254901960784,0.5692307692307692,120
2023-11-11,1098,134,79,64,44,55,20,0.5895522388059702,0.6875,123
2023-11-12,1098,116,83,91,39,33,52,0.7155172413793104,0.42857142857142855,122
2023-11-13,1098,134,87,63,40,47,23,0.6492537313432836,0.6349206349206349,127
2023-11-14,1098,135,76,94,38,59,56,0.562962962962963,0.40425531914893614,114
2023-11-15,1098,143,99,83,45,44,38,0.6923076923076923,0.54216867469879515,144
2023-11-16,1098,115,66,52,47,49,5,0.5739130434782609,0.9038461538461539,113
2023-11-17,1098,125,88,56,35,37,21,0.704,0.625,123
2023-11-18,1098,141,69,50,44,72,6,0.48936170212765956,0.88,113
2023-11-19,1098,132,87,99,29,45,70,0.6590909090909091,0.29292929292929293,116
2023-11-20,1098,104,81,57,34,23,23,0.7788461538461539,0.5964912280701754,115
2023-11-21,1098,139,98,87,32,41,55,0.7050359712230215,0.367816091954023,130
2023-11-22,1098,120,95,97,49,25,48,0.7916666666666666,0.5051546391752577,144
2023-11-23,1098,117,82,100,45,35,55,0.7008547008547008,0.45,127
2023-11-24,1098,119,68,64,37,51,27,0.5714285714285714,0.578125,105
2023-11-25,1098,107,72,91,40,35,51,0.6728971962616822,0.43956043956043955,112
2023-11-26,1098,146,77,76,49,69,27,0.5273972602739726,0.6447368421052632,126
2023-11-27,1098,132,91,61,45,41,16,0.6893939393939394,0.7377049180327869,136
2023-11-28,1098,110,75,91,42,35,49,0.6818181818181818,0.46153846153846156,117
2023-11-29,1098,128,81,96,46,47,50,0.6328125,0.4791666666666667,127
2023-11-30,1098,108,84,83,54,24,29,0.7777777777777778,0.6506024096385542,138
2023-12-01,1098,101,76,57,46,25,11,0.7524752475247525,0.8070175438596491,122
2023-12-02,1098,100,73,92,35,27,57,0.73,0.3804347826086957,108
2023-12-03,1098,142,67,91,33,75,58,0.47183098591549294,0.3626373626373626,100
2023-12-04,1098,105,75,97,41,30,56,0.7142857142857143,0.422680412371134,116
2023-12-05,1098,141,64,100,33,77,67,0.45390070921985815,0.33,97
2023-12-06,1098,134,83,51,40,51,11,0.6194029850746269,0.7843137254901961,123
2023-12-07,1098,108,80,94,33,28,61,0.7407407407407407,0.35106382978723405,113
2023-12-08,1098,100,82,61,48,18,13,0.82,0.7868852459016393,130
2023-12-09,1098,137,73,54,39,64,15,0.5328467153284672,0.7222222222222222,112
2023-12-10,1098,120,66,99,39,54,60,0.55,0.3939393939393939,105
2023-12-11,1098,149,84,72,49,65,23,0.5637583892617449,0.6805555555555556,133
2023-12-12,1098,121,90,59,54,31,5,0.743801652892562,0.9152542372881356,144
2023-12-13,1098,106,79,73,35,27,38,0.7452830188679245,0.4794520547945205,114
2023-12-14,1098,150,83,56,36,67,20,0.5533333333333333,0.6428571428571429,119
2023-12-15,1098,126,59,98,40,67,58,0.46825396825396826,0.40816326530612246,99
2023-12-16,1098,143,71,50,36,72,14,0.4965034965034965,0.72,107
2023-12-17,1098,119,67,76,49,52,27,0.5630252100840336,0.6447368421052632,116
2023-12-18,1098,142,85,72,45,57,27,0.5985915492957746,0.625,130
2023-12-19,1098,132,94,88,42,38,46,0.7121212121212122,0.4772727272727273,136
2023-12-20,1098,138,94,75,35,44,40,0.6811594202898551,0.4666666666666667,129
2023-12-21,1098,125,93,77,42,32,35,0.744,0.5454545454545454,135
2023-12-22,1098,138,86,60,39,52,21,0.6231884057971014,0.65,125
2023-12-23,1098,117,71,86,42,46,44,0.6068376068376068,0.4883720930232558,113
2023-12-24,1098,101,81,77,43,20,34,0.801980198019802,0.5584415584415584,124
2023-12-25,1098,126,75,88,54,51,34,0.5952380952380952,0.6136363636363636,129
2023-12-26,1098,144,89,63,42,55,21,0.6180555555555556,0.6666666666666666,131
2023-12-27,1098,145,89,95,45,56,50,0.6137931034482759,0.47368421052631576,134
2023-12-28,1098,110,74,77,36,36,41,0.6727272727272727,0.4675324675324675,110
2023-12-29,1098,132,76,57,43,56,14,0.5757575757575758,0.7543859649122807,119
2023-12-30,1098,126,90,90,45,36,45,0.7142857142857143,0.5,135
2023-12-31,1098,112,87,92,32,25,60,0.7767857142857143,0.34782608695652173,119
2023-01-01,1099,115,74,96,38,41,58,0.6434782608695652,0.3958333333333333,112
2023-01-02,1099,102,71,85,42,31,43,0.696078431372549,0.49411764705882355,113
2023-01-03,1099,134,82,69,37,52,32,0.6119402985074627,0.5362318840579711,119
2023-01-04,1099,121,93,67,46,28,21,0.768595041322314,0.6865671641791045,139
2023-01-05,1099,135,80,76,36,55,40,0.5925925925925926,0.47368421052631576,116
2023-01-06,1099,112,72,58,35,40,23,0.6428571428571429,0.603448275862069,107
2023-01-07,1099,126,73,50,42,53,8,0.5793650793650794,0.84,115
2023-01-08,1099,128,76,87,44,52,43,0.59375,0.5057471264367817,120
2023-01-09,1099,150,82,74,41,68,33,0.5466666666666666,0.5540540540540541,123
2023-01-10,1099,127,81,68,39,46,29,0.6377952755905512,0.5735294117647058,120
2023-01-11,1099,143,78,64,29,65,35,0.5454545454545454,0.453125,107
2023-01-12,1099,115,70,86,47,45,39,0.6086956521739131,0.5465116279069767,117
2023-01-13,1099,107,81,57,37,26,20,0.7570093457943925,0.6491228070175439,118
2023-01-14,1099,126,73,59,26,53,33,0.5793650793650794,0.4406779661016949,99
2023-01-15,1099,145,88,96,42,57,54,0.6068965517241379,0.4375,130
2023-01-16,1099,121,86,52,42,35,10,0.7107438016528925,0.8076923076923077,128
2023-01-17,1099,106,88,55,34,18,21,0.8301886792452831,0.6181818181818182,122
2023-01-18,1099,144,90,60,35,54,25,0.625,0.5833333333333334,125
2023-01-19,1099,121,78,79,41,43,38,0.6446280991735537,0.5189873417721519,119
2023-01-20,1099,107,72,67,38,35,29,0.6728971962616822,0.5671641791044776,110
2023-01-21,1099,141,82,58,39,59,19,0.5815602836879432,0.6724137931034483,121
2023-01-22,1099,138,74,50,46,64,4,0.5362318840579711,0.92,120
2023-01-23,1099,124,77,77,45,47,32,0.6209677419354839,0.5844155844155844,122
2023-01-24,1099,128,79,93,31,49,62,0.6171875,0.3333333333333333,110
2023-01-25,1099,101,84,63,35,17,28,0.8316831683168316,0.5555555555555556,119
2023-01-26,1099,141,80,98,54,61,44,0.5673758865248227,0.5510204081632653,134
2023-01-27,1099,140,73,91,47,67,44,0.5214285714285715,0.5164835164835165,120
2023-01-28,1099,109,81,64,37,28,27,0.7431192660550459,0.578125,118
2023-01-29,1099,109,68,81,45,41,36,0.6238532110091743,0.5555555555555556,113
2023-01-30,1099,150,84,94,50,66,44,0.56,0.5319148936170213,134
2023-01-31,1099,137,75,56,43,62,13,0.5474452554744526,0.7678571428571429,118
2023-02-01,1099,128,78,96,37,50,59,0.609375,0.3854166666666667,115
2023-02-02,1099,140,78,86,42,62,44,0.5571428571428572,0.4883720930232558,120
2023-02-03,1099,148,86,94,45,62,49,0.581081081081081,0.4787234042553192,131
2023-02-04,1099,125,82,92,28,43,64,0.656,0.30434782608695654,110
2023-02-05,1099,140,90,76,29,50,47,0.6428571428571429,0.3815789473684211,119
2023-02-06,1099,138,80,97,39,58,58,0.5797101449275363,0.4020618556701031,119
2023-02-07,1099,150,86,69,31,64,38,0.5733333333333334,0.4492753623188406,117
2023-02-08,1099,115,78,96,36,37,60,0.6782608695652174,0.375,114
2023-02-09,1099,119,84,68,35,35,33,0.7058823529411765,0.5147058823529411,119
2023-02-10,1099,118,75,51,40,43,11,0.635593220338983,0.7843137254901961,115
2023-02-11,1099,113,82,74,34,31,40,0.7256637168141593,0.4594594594594595,116
2023-02-12,1099,121,92,61,42,29,19,0.7603305785123967,0.6885245901639344,134
2023-02-13,1099,143,83,79,38,60,41,0.5804195804195804,0.4810126582278481,121
2023-02-14,1099,141,88,68,44,53,24,0.624113475177305,0.6470588235294118,132
2023-02-15,1099,106,82,74,48,24,26,0.7735849056603774,0.6486486486486487,130
2023-02-16,1099,139,74,59,35,65,24,0.5323741007194245,0.5932203389830508,109
2023-02-17,1099,109,74,60,43,35,17,0.6788990825688074,0.7166666666666667,117
2023-02-18,1099,132,78,97,40,54,57,0.5909090909090909,0.41237113402061853,118
2023-02-19,1099,137,86,52,41,51,11,0.6277372262773723,0.7884615384615384,127
2023-02-20,1099,131,74,85,52,57,33,0.5648854961832062,0.611764705882353,126
2023-02-21,1099,121,80,68,34,41,34,0.6611570247933884,0.5,114
2023-02-22,1099,126,94,89,37,32,52,0.746031746031746,0.4157303370786517,131
2023-02-23,1099,125,82,84,38,43,46,0.656,0.4523809523809524,120
2023-02-24,1099,122,70,88,32,52,56,0.5737704918032787,0.36363636363636365,102
2023-02-25,1099,142,96,59,38,46,21,0.676056338028169,0.6440677966101694,134
2023-02-26,1099,141,83,100,55,58,45,0.5886524822695035,0.55,138
2023-02-27,1099,123,81,53,27,42,26,0.6585365853658537,0.5094339622641509,108
2023-02-28,1099,118,81,82,35,37,47,0.6864406779661016,0.4268292682926829,116
2023-03-01,1099,108,75,74,50,33,24,0.6944444444444444,0.6756756756756757,125
2023-03-02,1099,121,88,80,46,33,34,0.7272727272727273,0.575,134
2023-03-03,1099,102,84,57,42,18,15,0.8235294117647058,0.7368421052631579,126
2023-03-04,1099,126,82,59,34,44,25,0.6507936507936508,0.576271186440678,116
2023-03-05,1099,124,99,76,28,25,48,0.7983870967741935,0.3684210526315789,127
2023-03-06,1099,128,75,66,36,53,30,0.5859375,0.5454545454545454,111
2023-03-07,1099,114,75,82,47,39,35,0.6578947368421053,0.573170731707317,122
2023-03-08,1099,136,85,84,34,51,50,0.625,0.40476190476190477,119
2023-03-09,1099,129,73,79,39,56,40,0.5658914728682171,0.4936708860759494,112
2023-03-10,1099,149,78,75,40,71,35,0.5234899328859061,0.5333333333333333,118
2023-03-11,1099,104,89,64,39,15,25,0.8557692307692307,0.609375,128
2023-03-12,1099,108,82,99,41,26,58,0.7592592592592593,0.41414141414141414,123
2023-03-13,1099,123,76,70,49,47,21,0.6178861788617886,0.7,125
2023-03-14,1099,121,79,71,38,42,33,0.6528925619834711,0.5352112676056338,117
2023-03-15,1099,102,69,58,38,33,20,0.6764705882352942,0.6551724137931034,107
2023-03-16,1099,127,74,60,39,53,21,0.5826771653543307,0.65,113
2023-03-17,1099,127,70,72,45,57,27,0.5511811023622047,0.625,115
2023-03-18,1099,108,83,93,58,25,35,0.7685185185185185,0.6236559139784946,141
2023-03-19,1099,113,69,74,37,44,37,0.6106194690265486,0.5,106
2023-03-20,1099,145,81,84,49,64,35,0.5586206896551724,0.5833333333333334,130
2023-03-21,1099,111,86,77,28,25,49,0.7747747747747747,0.36363636363636365,114
2023-03-22,1099,116,73,65,37,43,28,0.6293103448275862,0.5692307692307692,110
2023-03-23,1099,125,94,97,32,31,65,0.752,0.32989690721649484,126
2023-03-24,1099,129,93,83,34,36,49,0.7209302325581395,0.40963855421686746,127
2023-03-25,1099,150,96,92,42,54,50,0.64,0.45652173913043476,138
2023-03-26,1099,150,85,54,33,65,21,0.5666666666666667,0.6111111111111112,118
2023-03-27,1099,131,85,63,36,46,27,0.648854961832061,0.5714285714285714,121
2023-03-28,1099,113,71,59,39,42,20,0.6283185840707964,0.6610169491525424,110
2023-03-29,1099,111,70,51,43,41,8,0.6306306306306306,0.8431372549019608,113
2023-03-30,1099,146,100,67,39,46,28,0.684931506849315,0.582089552238806,139
2023-03-31,1099,142,74,95,39,68,56,0.5211267605633803,0.4105263157894737,113
2023-04-01,1099,118,85,63,47,33,16,0.7203389830508474,0.746031746031746,132
2023-04-02,1099,127,90,91,48,37,43,0.7086614173228346,0.5274725274725275,138
2023-04-03,1099,122,72,58,39,50,19,0.5901639344262295,0.6724137931034483,111
2023-04-04,1099,114,82,90,40,32,50,0.7192982456140351,0.4444444444444444,122
2023-04-05,1099,101,90,75,37,11,38,0.8910891089108911,0.49333333333333335,127
2023-04-06,1099,132,63,55,54,69,1,0.4772727272727273,0.9818181818181818,117
2023-04-07,1099,135,86,65,41,49,24,0.6370370370370371,0.6307692307692307,127
2023-04-08,1099,141,95,87,36,46,51,0.6737588652482269,0.41379310344827586,131
2023-04-09,1099,148,89,100,40,59,60,0.6013513513513513,0.4,129
2023-04-10,1099,135,85,59,48,50,11,0.6296296296296297,0.8135593220338984,133
2023-04-11,1099,122,87,52,38,35,14,0.7131147540983607,0.7307692307692307,125
2023-04-12,1099,105,72,97,37,33,60,0.6857142857142857,0.38144329896907214,109
2023-04-13,1099,145,73,80,44,72,36,0.503448275862069,0.55,117
2023-04-14,1099,104,92,81,28,12,53,0.8846153846153846,0.345679012345679,120
2023-04-15,1099,125,79,69,37,46,32,0.632,0.5362318840579711,116
2023-04-16,1099,104,83,83,40,21,43,0.7980769230769231,0.4819277108433735,123
2023-04-17,1099,114,79,58,43,35,15,0.6929824561403509,0.7413793103448276,122
2023-04-18,1099,105,93,93,45,12,48,0.8857142857142857,0.4838709677419355,138
2023-04-19,1099,136,94,82,35,42,47,0.6911764705882353,0.4268292682926829,129
2023-04-20,1099,148,98,67,24,50,43,0.6621621621621622,0.3582089552238806,122
2023-04-21,1099,120,87,96,34,33,62,0.725,0.3541666666666667,121
2023-04-22,1099,144,86,69,38,58,31,0.5972222222222222,0.5507246376811594,124
2023-04-23,1099,136,91,74,43,45,31,0.6691176470588235,0.581081081081081,134
2023-04-24,1099,115,75,53,40,40,13,0.6521739130434783,0.7547169811320755,115
2023-04-25,1099,123,83,79,27,40,52,0.6747967479674797,0.34177215189873417,110
2023-04-26,1099,139,78,99,36,61,63,0.5611510791366906,0.36363636363636365,114
2023-04-27,1099,136,96,58,39,40,19,0.7058823529411765,0.6724137931034483,135
2023-04-28,1099,141,84,93,57,57,36,0.5957446808510638,0.6129032258064516,141
2023-04-29,1099,144,86,62,43,58,19,0.5972222222222222,0.6935483870967742,129
2023-04-30,1099,137,68,91,45,69,46,0.49635036496350365,0.4945054945054945,113
2023-05-01,1099,109,93,98,36,16,62,0.8532110091743119,0.3673469387755102,129
2023-05-02,1099,130,70,64,35,60,29,0.5384615384615384,0.546875,105
2023-05-03,1099,114,71,50,45,43,5,0.6228070175438597,0.9,116
2023-05-04,1099,120,86,66,41,34,25,0.7166666666666667,0.6212121212121212,127
2023-05-05,1099,146,68,61,44,78,17,0.4657534246575342,0.7213114754098361,112
2023-05-06,1099,123,82,100,44,41,56,0.6666666666666666,0.44,126
2023-05-07,1099,100,82,87,43,18,44,0.82,0.4942528735632184,125
2023-05-08,1099,122,96,60,46,26,14,0.7868852459016393,0.7666666666666667,142
2023-05-09,1099,143,91,52,52,52,0,0.6363636363636364,1,143
2023-05-10,1099,141,76,64,45,65,19,0.5390070921985816,0.703125,121
2023-05-11,1099,129,75,55,47,54,8,0.5813953488372093,0.8545454545454545,122
2023-05-12,1099,143,77,69,52,66,17,0.5384615384615384,0.7536231884057971,129
2023-05-13,1099,104,80,79,43,24,36,0.7692307692307693,0.5443037974683544,123
2023-05-14,1099,134,94,66,31,40,35,0.7014925373134329,0.4696969696969697,125
2023-05-15,1099,124,100,60,44,24,16,0.8064516129032258,0.7333333333333333,144
2023-05-16,1099,135,93,78,40,42,38,0.6888888888888889,0.5128205128205128,133
2023-05-17,1099,114,67,84,46,47,38,0.5877192982456141,0.5476190476190477,113
2023-05-18,1099,141,86,50,40,55,10,0.6099290780141844,0.8,126
2023-05-19,1099,134,79,50,45,55,5,0.5895522388059702,0.9,124
2023-05-20,1099,132,69,52,39,63,13,0.5227272727272727,0.75,108
2023-05-21,1099,119,75,74,40,44,34,0.6302521008403361,0.5405405405405406,115
2023-05-22,1099,125,87,97,43,38,54,0.696,0.44329896907216493,130
2023-05-23,1099,142,81,92,36,61,56,0.5704225352112676,0.391304347826087,117
2023-05-24,1099,106,66,55,34,40,21,0.6226415094339622,0.6181818181818182,100
2023-05-25,1099,121,81,53,32,40,21,0.6694214876033058,0.6037735849056604,113
2023-05-26,1099,129,84,81,28,45,53,0.6511627906976745,0.345679012345679,112
2023-05-27,1099,119,99,74,38,20,36,0.8319327731092437,0.5135135135135135,137
2023-05-28,1099,117,72,77,40,45,37,0.6153846153846154,0.5194805194805194,112
2023-05-29,1099,129,92,57,36,37,21,0.7131782945736435,0.631578947368421,128
2023-05-30,1099,136,82,75,53,54,22,0.6029411764705882,0.7066666666666667,135
2023-05-31,1099,139,84,71,47,55,24,0.60431654676259,0.6619718309859155,131
2023-06-01,1099,147,80,100,43,67,57,0.54421768707483,0.43,123
2023-06-02,1099,144,73,58,58,71,0,0.5069444444444444,1,131
2023-06-03,1099,105,84,85,32,21,53,0.8,0.3764705882352941,116
2023-06-04,1099,137,76,67,43,61,24,0.5547445255474452,0.6417910447761194,119
2023-06-05,1099,121,74,50,44,47,6,0.6115702479338843,0.88,118
2023-06-06,1099,138,78,51,33,60,18,0.5652173913043478,0.6470588235294118,111
2023-06-07,1099,142,89,91,34,53,57,0.6267605633802817,0.37362637362637363,123
2023-06-08,1099,141,83,58,43,58,15,0.5886524822695035,0.7413793103448276,126
2023-06-09,1099,127,92,64,37,35,27,0.7244094488188977,0.578125,129
2023-06-10,1099,137,75,98,51,62,47,0.5474452554744526,0.5204081632653061,126
2023-06-11,1099,119,71,51,45,48,6,0.5966386554621849,0.8823529411764706,116
2023-06-12,1099,141,84,72,39,57,33,0.5957446808510638,0.5416666666666666,123
2023-06-13,1099,109,76,98,38,33,60,0.6972477064220184,0.3877551020408163,114
2023-06-14,1099,147,91,90,39,56,51,0.6190476190476191,0.43333333333333335,130
2023-06-15,1099,113,69,73,35,44,38,0.6106194690265486,0.4794520547945205,104
2023-06-16,1099,115,78,53,41,37,12,0.6782608695652174,0.7735849056603774,119
2023-06-17,1099,105,86,81,43,19,38,0.819047619047619,0.5308641975308642,129
2023-06-18,1099,135,83,80,40,52,40,0.6148148148148148,0.5,123
2023-06-19,1099,109,75,84,40,34,44,0.6880733944954128,0.47619047619047616,115
2023-06-20,1099,112,80,97,42,32,55,0.7142857142857143,0.4329896907216495,122
2023-06-21,1099,110,93,98,47,17,51,0.8454545454545455,0.47959183673469385,140
2023-06-22,1099,135,69,51,39,66,12,0.5111111111111111,0.7647058823529411,108
2023-06-23,1099,119,86,50,48,33,2,0.7226890756302521,0.96,134
2023-06-24,1099,113,79,74,38,34,36,0.6991150442477876,0.5135135135135135,117
2023-06-25,1099,117,61,98,45,56,53,0.5213675213675214,0.45918367346938777,106
2023-06-26,1099,122,57,57,34,65,23,0.4672131147540984,0.5964912280701754,91
2023-06-27,1099,140,84,74,40,56,34,0.6,0.5405405405405406,124
2023-06-28,1099,141,78,65,43,63,22,0.5531914893617021,0.6615384615384615,121
2023-06-29,1099,132,79,89,35,53,54,0.5984848484848485,0.39325842696629215,114
2023-06-30,1099,142,85,69,38,57,31,0.5985915492957746,0.5507246376811594,123
2023-07-01,1099,146,74,72,43,72,29,0.5068493150684932,0.5972222222222222,117
2023-07-02,1099,122,66,71,39,56,32,0.5409836065573771,0.5492957746478874,105
2023-07-03,1099,108,76,72,46,32,26,0.7037037037037037,0.6388888888888888,122
2023-07-04,1099,129,75,71,35,54,36,0.5813953488372093,0.49295774647887325,110
2023-07-05,1099,135,67,84,39,68,45,0.4962962962962963,0.4642857142857143,106
2023-07-06,1099,120,76,55,44,44,11,0.6333333333333333,0.8,120
2023-07-07,1099,129,91,97,47,38,50,0.7054263565891473,0.4845360824742268,138
2023-07-08,1099,115,80,77,40,35,37,0.6956521739130435,0.5194805194805194,120
2023-07-09,1099,117,87,73,52,30,21,0.7435897435897436,0.7123287671232876,139
2023-07-10,1099,144,77,61,26,67,35,0.5347222222222222,0.4262295081967213,103
2023-07-11,1099,134,73,98,35,61,63,0.5447761194029851,0.35714285714285715,108
2023-07-12,1099,148,59,88,52,89,36,0.39864864864864863,0.5909090909090909,111
2023-07-13,1099,102,88,78,28,14,50,0.8627450980392157,0.358974358974359,116
2023-07-14,1099,106,60,72,41,46,31,0.5660377358490566,0.5694444444444444,101
2023-07-15,1099,120,68,96,38,52,58,0.5666666666666667,0.3958333333333333,106
2023-07-16,1099,111,87,78,45,24,33,0.7837837837837838,0.5769230769230769,132
2023-07-17,1099,139,73,79,45,66,34,0.5251798561151079,0.569620253164557,118
2023-07-18,1099,132,73,74,40,59,34,0.553030303030303,0.5405405405405406,113
2023-07-19,1099,118,85,98,33,33,65,0.7203389830508474,0.336734693877551,118
2023-07-20,1099,136,95,94,40,41,54,0.6985294117647058,0.425531914893617,135
2023-07-21,1099,121,80,60,47,41,13,0.6611570247933884,0.7833333333333333,127
2023-07-22,1099,144,92,95,43,52,52,0.6388888888888888,0.45263157894736844,135
2023-07-23,1099,114,75,86,47,39,39,0.6578947368421053,0.5465116279069767,122
2023-07-24,1099,139,74,69,30,65,39,0.5323741007194245,0.43478260869565216,104
2023-07-25,1099,141,83,83,36,58,47,0.5886524822695035,0.43373493975903615,119
2023-07-26,1099,148,78,52,44,70,8,0.527027027027027,0.8461538461538461,122
2023-07-27,1099,146,83,89,35,63,54,0.5684931506849316,0.39325842696629215,118
2023-07-28,1099,126,70,94,47,56,47,0.5555555555555556,0.5,117
2023-07-29,1099,125,83,76,44,42,32,0.664,0.5789473684210527,127
2023-07-30,1099,126,81,59,47,45,12,0.6428571428571429,0.7966101694915254,128
2023-07-31,1099,135,92,70,53,43,17,0.6814814814814815,0.7571428571428571,145
2023-08-01,1099,102,64,90,34,38,56,0.6274509803921569,0.37777777777777777,98
2023-08-02,1099,108,76,72,36,32,36,0.7037037037037037,0.5,112
2023-08-03,1099,144,71,81,41,73,40,0.4930555555555556,0.5061728395061729,112
2023-08-04,1099,122,72,80,35,50,45,0.5901639344262295,0.4375,107
2023-08-05,1099,143,66,72,32,77,40,0.46153846153846156,0.4444444444444444,98
2023-08-06,1099,147,90,85,43,57,42,0.6122448979591837,0.5058823529411764,133
2023-08-07,1099,110,91,95,44,19,51,0.8272727272727273,0.4631578947368421,135
2023-08-08,1099,103,79,96,27,24,69,0.7669902912621359,0.28125,106
2023-08-09,1099,103,89,77,36,14,41,0.8640776699029126,0.4675324675324675,125
2023-08-10,1099,109,77,62,49,32,13,0.7064220183486238,0.7903225806451613,126
2023-08-11,1099,118,84,62,47,34,15,0.711864406779661,0.7580645161290323,131
2023-08-12,1099,115,82,74,31,33,43,0.7130434782608696,0.4189189189189189,113
2023-08-13,1099,100,78,74,39,22,35,0.78,0.527027027027027,117
2023-08-14,1099,110,66,71,37,44,34,0.6,0.5211267605633803,103
2023-08-15,1099,102,81,88,43,21,45,0.7941176470588235,0.48863636363636365,124
2023-08-16,1099,137,74,50,33,63,17,0.5401459854014599,0.66,107
2023-08-17,1099,125,78,89,46,47,43,0.624,0.5168539325842697,124
2023-08-18,1099,106,88,85,46,18,39,0.8301886792452831,0.5411764705882353,134
2023-08-19,1099,142,84,51,44,58,7,0.5915492957746479,0.8627450980392157,128
2023-08-20,1099,150,92,67,37,58,30,0.6133333333333333,0.5522388059701493,129
2023-08-21,1099,101,79,70,52,22,18,0.7821782178217822,0.7428571428571429,131
2023-08-22,1099,140,81,99,42,59,57,0.5785714285714286,0.42424242424242425,123
2023-08-23,1099,138,61,56,43,77,13,0.4420289855072464,0.7678571428571429,104
2023-08-24,1099,123,79,84,38,44,46,0.6422764227642277,0.4523809523809524,117
2023-08-25,1099,144,91,51,41,53,10,0.6319444444444444,0.803921568627451,132
2023-08-26,1099,132,93,95,40,39,55,0.7045454545454546,0.42105263157894735,133
2023-08-27,1099,149,103,75,47,46,28,0.6912751677852349,0.6266666666666667,150
2023-08-28,1099,146,80,50,34,66,16,0.547945205479452,0.68,114
2023-08-29,1099,100,98,97,52,2,45,0.98,0.5360824742268041,150
2023-08-30,1099,138,73,64,43,65,21,0.5289855072463768,0.671875,116
2023-08-31,1099,136,89,75,38,47,37,0.6544117647058824,0.5066666666666667,127
2023-09-01,1099,136,71,60,29,65,31,0.5220588235294118,0.48333333333333334,100
2023-09-02,1099,148,84,52,38,64,14,0.5675675675675675,0.7307692307692307,122
2023-09-03,1099,122,86,71,47,36,24,0.7049180327868853,0.6619718309859155,133
2023-09-04,1099,137,85,72,39,52,33,0.6204379562043796,0.5416666666666666,124
2023-09-05,1099,103,79,86,36,24,50,0.7669902912621359,0.4186046511627907,115
2023-09-06,1099,110,94,76,42,16,34,0.8545454545454545,0.5526315789473685,136
2023-09-07,1099,144,76,85,35,68,50,0.5277777777777778,0.4117647058823529,111
2023-09-08,1099,107,72,59,31,35,28,0.6728971962616822,0.5254237288135594,103
2023-09-09,1099,133,77,66,42,56,24,0.5789473684210527,0.6363636363636364,119
2023-09-10,1099,131,85,88,35,46,53,0.648854961832061,0.3977272727272727,120
2023-09-11,1099,147,70,95,45,77,50,0.47619047619047616,0.47368421052631576,115
2023-09-12,1099,138,76,99,44,62,55,0.5507246376811594,0.4444444444444444,120
2023-09-13,1099,109,90,71,36,19,35,0.8256880733944955,0.5070422535211268,126
2023-09-14,1099,146,84,73,45,62,28,0.5753424657534246,0.6164383561643836,129
2023-09-15,1099,117,90,79,35,27,44,0.7692307692307693,0.4430379746835443,125
2023-09-16,1099,141,81,51,39,60,12,0.574468085106383,0.7647058823529411,120
2023-09-17,1099,100,80,86,46,20,40,0.8,0.5348837209302325,126
2023-09-18,1099,150,75,71,47,75,24,0.5,0.6619718309859155,122
2023-09-19,1099,143,80,64,31,63,33,0.5594405594405595,0.484375,111
2023-09-20,1099,149,74,54,37,75,17,0.49664429530201343,0.6851851851851852,111
2023-09-21,1099,110,70,56,40,40,16,0.6363636363636364,0.7142857142857143,110
2023-09-22,1099,123,100,76,44,23,32,0.8130081300813008,0.5789473684210527,144
2023-09-23,1099,126,90,94,39,36,55,0.7142857142857143,0.4148936170212766,129
2023-09-24,1099,140,84,75,33,56,42,0.6,0.44,117
2023-09-25,1099,102,87,60,35,15,25,0.8529411764705882,0.5833333333333334,122
2023-09-26,1099,105,80,54,46,25,8,0.7619047619047619,0.8518518518518519,126
2023-09-27,1099,100,78,65,33,22,32,0.78,0.5076923076923077,111
2023-09-28,1099,126,81,50,39,45,11,0.6428571428571429,0.78,120
2023-09-29,1099,144,84,57,45,60,12,0.5833333333333334,0.7894736842105263,129
2023-09-30,1099,105,94,78,41,11,37,0.8952380952380953,0.5256410256410257,135
2023-10-01,1099,109,86,94,40,23,54,0.7889908256880734,0.425531914893617,126
2023-10-02,1099,118,80,87,51,38,36,0.6779661016949152,0.5862068965517241,131
2023-10-03,1099,139,85,62,32,54,30,0.6115107913669064,0.5161290322580645,117
2023-10-04,1099,137,86,95,41,51,54,0.6277372262773723,0.43157894736842106,127
2023-10-05,1099,134,76,77,43,58,34,0.5671641791044776,0.5584415584415584,119
2023-10-06,1099,137,77,98,27,60,71,0.5620437956204379,0.2755102040816326,104
2023-10-07,1099,124,70,96,38,54,58,0.5645161290322581,0.3958333333333333,108
2023-10-08,1099,144,70,91,51,74,40,0.4861111111111111,0.5604395604395604,121
2023-10-09,1099,134,68,72,37,66,35,0.5074626865671642,0.5138888888888888,105
2023-10-10,1099,124,86,83,38,38,45,0.6935483870967742,0.4578313253012048,124
2023-10-11,1099,121,88,78,36,33,42,0.7272727272727273,0.46153846153846156,124
2023-10-12,1099,122,75,100,37,47,63,0.6147540983606558,0.37,112
2023-10-13,1099,116,88,74,29,28,45,0.7586206896551724,0.3918918918918919,117
2023-10-14,1099,124,69,52,48,55,4,0.5564516129032258,0.9230769230769231,117
2023-10-15,1099,127,68,98,38,59,60,0.5354330708661418,0.3877551020408163,106
2023-10-16,1099,107,73,50,42,34,8,0.6822429906542056,0.84,115
2023-10-17,1099,143,82,84,45,61,39,0.5734265734265734,0.5357142857142857,127
2023-10-18,1099,127,80,86,40,47,46,0.6299212598425197,0.46511627906976744,120
2023-10-19,1099,100,71,57,45,29,12,0.71,0.7894736842105263,116
2023-10-20,1099,124,82,74,46,42,28,0.6612903225806451,0.6216216216216216,128
2023-10-21,1099,123,85,77,34,38,43,0.6910569105691057,0.44155844155844154,119
2023-10-22,1099,139,80,69,39,59,30,0.5755395683453237,0.5652173913043478,119
2023-10-23,1099,120,71,72,39,49,33,0.5916666666666667,0.5416666666666666,110
2023-10-24,1099,148,75,83,40,73,43,0.5067567567567568,0.4819277108433735,115
2023-10-25,1099,124,72,55,36,52,19,0.5806451612903226,0.6545454545454545,108
2023-10-26,1099,145,79,98,39,66,59,0.5448275862068965,0.3979591836734694,118
2023-10-27,1099,110,89,69,38,21,31,0.8090909090909091,0.5507246376811594,127
2023-10-28,1099,147,82,76,42,65,34,0.5578231292517006,0.5526315789473685,124
2023-10-29,1099,130,69,88,36,61,52,0.5307692307692308,0.4090909090909091,105
2023-10-30,1099,150,73,91,36,77,55,0.4866666666666667,0.3956043956043956,109
2023-10-31,1099,144,69,93,35,75,58,0.4791666666666667,0.3763440860215054,104
2023-11-01,1099,103,62,74,44,41,30,0.6019417475728155,0.5945945945945946,106
2023-11-02,1099,143,83,70,48,60,22,0.5804195804195804,0.6857142857142857,131
2023-11-03,1099,113,78,80,43,35,37,0.6902654867256637,0.5375,121
2023-11-04,1099,124,94,70,43,30,27,0.7580645161290323,0.6142857142857143,137
2023-11-05,1099,104,79,74,38,25,36,0.7596153846153846,0.5135135135135135,117
2023-11-06,1099,107,87,75,42,20,33,0.8130841121495327,0.56,129
2023-11-07,1099,143,82,90,34,61,56,0.5734265734265734,0.37777777777777777,116
2023-11-08,1099,114,93,63,36,21,27,0.8157894736842105,0.5714285714285714,129
2023-11-09,1099,147,84,83,36,63,47,0.5714285714285714,0.43373493975903615,120
2023-11-10,1099,141,84,83,31,57,52,0.5957446808510638,0.37349397590361444,115
2023-11-11,1099,134,78,65,35,56,30,0.582089552238806,0.5384615384615384,113
2023-11-12,1099,117,76,70,31,41,39,0.6495726495726496,0.44285714285714284,107
2023-11-13,1099,146,79,59,29,67,30,0.541095890410959,0.4915254237288136,108
2023-11-14,1099,127,79,56,35,48,21,0.6220472440944882,0.625,114
2023-11-15,1099,131,85,66,52,46,14,0.648854961832061,0.7878787878787878,137
2023-11-16,1099,106,88,96,38,18,58,0.8301886792452831,0.3958333333333333,126
2023-11-17,1099,106,73,93,34,33,59,0.6886792452830188,0.3655913978494624,107
2023-11-18,1099,136,70,70,46,66,24,0.5147058823529411,0.6571428571428571,116
2023-11-19,1099,128,66,89,38,62,51,0.515625,0.42696629213483145,104
2023-11-20,1099,106,74,94,34,32,60,0.6981132075471698,0.3617021276595745,108
2023-11-21,1099,116,80,74,47,36,27,0.6896551724137931,0.6351351351351351,127
2023-11-22,1099,137,69,65,35,68,30,0.5036496350364964,0.5384615384615384,104
2023-11-23,1099,121,73,69,39,48,30,0.6033057851239669,0.5652173913043478,112
2023-11-24,1099,129,91,76,31,38,45,0.7054263565891473,0.40789473684210525,122
2023-11-25,1099,121,79,85,34,42,51,0.6528925619834711,0.4,113
2023-11-26,1099,134,54,59,55,80,4,0.40298507462686567,0.9322033898305084,109
2023-11-27,1099,126,87,54,38,39,16,0.6904761904761905,0.7037037037037037,125
2023-11-28,1099,142,74,51,39,68,12,0.5211267605633803,0.7647058823529411,113
2023-11-29,1099,100,76,92,35,24,57,0.76,0.3804347826086957,111
2023-11-30,1099,126,77,78,51,49,27,0.6111111111111112,0.6538461538461539,128
2023-12-01,1099,141,81,89,42,60,47,0.574468085106383,0.47191011235955055,123
2023-12-02,1099,101,97,68,33,4,35,0.9603960396039604,0.4852941176470588,130
2023-12-03,1099,118,96,78,42,22,36,0.8135593220338984,0.5384615384615384,138
2023-12-04,1099,138,73,62,29,65,33,0.5289855072463768,0.46774193548387094,102
2023-12-05,1099,117,70,50,38,47,12,0.5982905982905983,0.76,108
2023-12-06,1099,122,78,77,49,44,28,0.639344262295082,0.6363636363636364,127
2023-12-07,1099,120,87,82,24,33,58,0.725,0.2926829268292683,111
2023-12-08,1099,108,99,84,41,9,43,0.9166666666666666,0.4880952380952381,140
2023-12-09,1099,111,81,66,44,30,22,0.7297297297297297,0.6666666666666666,125
2023-12-10,1099,114,72,100,44,42,56,0.631578947368421,0.44,116
2023-12-11,1099,126,72,98,38,54,60,0.5714285714285714,0.3877551020408163,110
2023-12-12,1099,109,94,82,40,15,42,0.8623853211009175,0.4878048780487805,134
2023-12-13,1099,148,73,76,41,75,35,0.49324324324324326,0.5394736842105263,114
2023-12-14,1099,141,68,66,41,73,25,0.48226950354609927,0.6212121212121212,109
2023-12-15,1099,135,72,52,37,63,15,0.5333333333333333,0.7115384615384616,109
2023-12-16,1099,128,63,67,39,65,28,0.4921875,0.582089552238806,102
2023-12-17,1099,121,75,100,48,46,52,0.6198347107438017,0.48,123
2023-12-18,1099,122,62,77,33,60,44,0.5081967213114754,0.42857142857142855,95
2023-12-19,1099,100,77,71,41,23,30,0.77,0.5774647887323944,118
2023-12-20,1099,117,75,55,42,42,13,0.6410256410256411,0.7636363636363637,117
2023-12-21,1099,142,84,85,35,58,50,0.5915492957746479,0.4117647058823529,119
2023-12-22,1099,137,74,85,35,63,50,0.5401459854014599,0.4117647058823529,109
2023-12-23,1099,147,88,68,40,59,28,0.5986394557823129,0.5882352941176471,128
2023-12-24,1099,116,70,78,32,46,46,0.603448275862069,0.41025641025641024,102
2023-12-25,1099,140,86,90,51,54,39,0.6142857142857143,0.5666666666666667,137
2023-12-26,1099,115,86,80,47,29,33,0.7478260869565218,0.5875,133
2023-12-27,1099,148,72,93,47,76,46,0.4864864864864865,0.5053763440860215,119
2023-12-28,1099,124,80,85,27,44,58,0.6451612903225806,0.3176470588235294,107
2023-12-29,1099,113,82,84,53,31,31,0.7256637168141593,0.6309523809523809,135
2023-12-30,1099,110,94,64,35,16,29,0.8545454545454545,0.546875,129
2023-12-31,1099,148,71,52,36,77,16,0.4797297297297297,0.6923076923076923,107
2023-01-01,1100,141,65,78,33,76,45,0.46099290780141844,0.4230769230769231,98
2023-01-02,1100,114,81,68,41,33,27,0.7105263157894737,0.6029411764705882,122
2023-01-03,1100,131,90,97,43,41,54,0.6870229007633588,0.44329896907216493,133
2023-01-04,1100,134,95,82,55,39,27,0.7089552238805971,0.6707317073170732,150
2023-01-05,1100,147,84,75,46,63,29,0.5714285714285714,0.6133333333333333,130
2023-01-06,1100,100,80,92,38,20,54,0.8,0.41304347826086957,118
2023-01-07,1100,127,74,56,47,53,9,0.5826771653543307,0.8392857142857143,121
2023-01-08,1100,104,90,67,40,14,27,0.8653846153846154,0.5970149253731343,130
2023-01-09,1100,102,79,87,37,23,50,0.7745098039215687,0.42528735632183906,116
2023-01-10,1100,134,61,75,39,73,36,0.4552238805970149,0.52,100
2023-01-11,1100,142,76,56,47,66,9,0.5352112676056338,0.8392857142857143,123
2023-01-12,1100,133,78,63,30,55,33,0.5864661654135338,0.47619047619047616,108
2023-01-13,1100,126,87,69,43,39,26,0.6904761904761905,0.6231884057971014,130
2023-01-14,1100,150,84,65,51,66,14,0.56,0.7846153846153846,135
2023-01-15,1100,119,81,62,38,38,24,0.680672268907563,0.6129032258064516,119
2023-01-16,1100,112,85,75,45,27,30,0.7589285714285714,0.6,130
2023-01-17,1100,104,85,100,39,19,61,0.8173076923076923,0.39,124
2023-01-18,1100,136,75,99,35,61,64,0.5514705882352942,0.35353535353535354,110
2023-01-19,1100,118,69,56,41,49,15,0.5847457627118644,0.7321428571428571,110
2023-01-20,1100,119,78,81,39,41,42,0.6554621848739496,0.48148148148148145,117
2023-01-21,1100,103,66,71,41,37,30,0.6407766990291263,0.5774647887323944,107
2023-01-22,1100,113,70,64,39,43,25,0.6194690265486725,0.609375,109
2023-01-23,1100,125,81,91,45,44,46,0.648,0.4945054945054945,126
2023-01-24,1100,126,77,98,28,49,70,0.6111111111111112,0.2857142857142857,105
2023-01-25,1100,125,88,76,38,37,38,0.704,0.5,126
2023-01-26,1100,116,88,70,43,28,27,0.7586206896551724,0.6142857142857143,131
2023-01-27,1100,123,71,96,32,52,64,0.5772357723577236,0.3333333333333333,103
2023-01-28,1100,120,93,93,33,27,60,0.775,0.3548387096774194,126
2023-01-29,1100,112,63,76,51,49,25,0.5625,0.6710526315789473,114
2023-01-30,1100,112,85,57,42,27,15,0.7589285714285714,0.7368421052631579,127
2023-01-31,1100,108,90,64,51,18,13,0.8333333333333334,0.796875,141
2023-02-01,1100,106,85,88,54,21,34,0.8018867924528302,0.6136363636363636,139
2023-02-02,1100,100,73,97,44,27,53,0.73,0.4536082474226804,117
2023-02-03,1100,104,85,73,38,19,35,0.8173076923076923,0.5205479452054794,123
2023-02-04,1100,109,96,62,43,13,19,0.8807339449541285,0.6935483870967742,139
2023-02-05,1100,109,75,85,31,34,54,0.6880733944954128,0.36470588235294116,106
2023-02-06,1100,105,77,90,39,28,51,0.7333333333333333,0.43333333333333335,116
2023-02-07,1100,126,77,75,27,49,48,0.6111111111111112,0.36,104
2023-02-08,1100,112,66,71,33,46,38,0.5892857142857143,0.4647887323943662,99
2023-02-09,1100,137,76,71,39,61,32,0.5547445255474452,0.5492957746478874,115
2023-02-10,1100,146,77,85,40,69,45,0.5273972602739726,0.47058823529411764,117
2023-02-11,1100,147,77,82,40,70,42,0.5238095238095238,0.4878048780487805,117
2023-02-12,1100,105,78,68,42,27,26,0.7428571428571429,0.6176470588235294,120
2023-02-13,1100,105,81,53,30,24,23,0.7714285714285715,0.5660377358490566,111
2023-02-14,1100,113,84,54,35,29,19,0.7433628318584071,0.6481481481481481,119
2023-02-15,1100,112,81,65,35,31,30,0.7232142857142857,0.5384615384615384,116
2023-02-16,1100,148,89,53,48,59,5,0.6013513513513513,0.9056603773584906,137
2023-02-17,1100,142,94,99,36,48,63,0.6619718309859155,0.36363636363636365,130
2023-02-18,1100,127,86,90,35,41,55,0.6771653543307087,0.3888888888888889,121
2023-02-19,1100,144,75,80,30,69,50,0.5208333333333334,0.375,105
2023-02-20,1100,117,76,89,41,41,48,0.6495726495726496,0.4606741573033708,117
2023-02-21,1100,114,79,86,38,35,48,0.6929824561403509,0.4418604651162791,117
2023-02-22,1100,126,82,74,39,44,35,0.6507936507936508,0.527027027027027,121
2023-02-23,1100,128,74,59,34,54,25,0.578125,0.576271186440678,108
2023-02-24,1100,119,88,84,48,31,36,0.7394957983193278,0.5714285714285714,136
2023-02-25,1100,100,72,62,44,28,18,0.72,0.7096774193548387,116
2023-02-26,1100,138,80,70,41,58,29,0.5797101449275363,0.5857142857142857,121
2023-02-27,1100,140,64,76,31,76,45,0.45714285714285713,0.40789473684210525,95
2023-02-28,1100,150,81,84,30,69,54,0.54,0.35714285714285715,111
2023-03-01,1100,133,88,83,45,45,38,0.6616541353383458,0.54216867469879515,133
2023-03-02,1100,103,79,92,46,24,46,0.7669902912621359,0.5,125
2023-03-03,1100,128,81,57,37,47,20,0.6328125,0.6491228070175439,118
2023-03-04,1100,116,81,66,30,35,36,0.6982758620689655,0.45454545454545453,111
2023-03-05,1100,104,98,69,50,6,19,0.9423076923076923,0.7246376811594203,148
2023-03-06,1100,101,91,68,34,10,34,0.900990099009901,0.5,125
2023-03-07,1100,130,79,94,41,51,53,0.6076923076923076,0.43617021276595747,120
2023-03-08,1100,128,85,56,36,43,20,0.6640625,0.6428571428571429,121
2023-03-09,1100,121,90,64,35,31,29,0.743801652892562,0.546875,125
2023-03-10,1100,117,78,56,35,39,21,0.6666666666666666,0.625,113
2023-03-11,1100,121,81,90,49,40,41,0.6694214876033058,0.5444444444444444,130
2023-03-12,1100,147,71,89,37,76,52,0.48299319727891155,0.4157303370786517,108
2023-03-13,1100,118,87,80,36,31,44,0.7372881355932204,0.45,123
2023-03-14,1100,119,99,74,37,20,37,0.8319327731092437,0.5,136
2023-03-15,1100,104,89,65,47,15,18,0.8557692307692307,0.7230769230769231,136
2023-03-16,1100,133,85,64,42,48,22,0.6390977443609023,0.65625,127
2023-03-17,1100,150,71,51,38,79,13,0.47333333333333333,0.7450980392156863,109
2023-03-18,1100,125,90,54,32,35,22,0.72,0.5925925925925926,122
2023-03-19,1100,107,70,68,32,37,36,0.6542056074766355,0.47058823529411764,102
2023-03-20,1100,123,73,84,36,50,48,0.5934959349593496,0.42857142857142855,109
2023-03-21,1100,118,78,80,37,40,43,0.6610169491525424,0.4625,115
2023-03-22,1100,107,84,56,39,23,17,0.7850467289719626,0.6964285714285714,123
2023-03-23,1100,132,84,79,51,48,28,0.6363636363636364,0.6455696202531646,135
2023-03-24,1100,112,90,55,34,22,21,0.8035714285714286,0.6181818181818182,124
2023-03-25,1100,146,95,77,33,51,44,0.6506849315068494,0.42857142857142855,128
2023-03-26,1100,114,87,96,40,27,56,0.7631578947368421,0.4166666666666667,127
2023-03-27,1100,143,86,72,51,57,21,0.6013986013986014,0.7083333333333334,137
2023-03-28,1100,121,80,88,37,41,51,0.6611570247933884,0.42045454545454547,117
2023-03-29,1100,144,84,62,52,60,10,0.5833333333333334,0.8387096774193549,136
2023-03-30,1100,110,76,82,37,34,45,0.6909090909090909,0.45121951219512196,113
2023-03-31,1100,118,78,60,33,40,27,0.6610169491525424,0.55,111
2023-04-01,1100,102,76,51,36,26,15,0.7450980392156863,0.7058823529411765,112
2023-04-02,1100,112,79,55,50,33,5,0.7053571428571429,0.9090909090909091,129
2023-04-03,1100,101,88,99,38,13,61,0.8712871287128713,0.3838383838383838,126
2023-04-04,1100,102,75,77,41,27,36,0.7352941176470589,0.5324675324675324,116
2023-04-05,1100,143,84,85,30,59,55,0.5874125874125874,0.35294117647058826,114
2023-04-06,1100,116,71,62,38,45,24,0.6120689655172413,0.6129032258064516,109
2023-04-07,1100,137,79,52,43,58,9,0.5766423357664233,0.8269230769230769,122
2023-04-08,1100,150,86,99,33,64,66,0.5733333333333334,0.3333333333333333,119
2023-04-09,1100,141,61,66,50,80,16,0.4326241134751773,0.7575757575757576,111
2023-04-10,1100,135,96,56,38,39,18,0.7111111111111111,0.6785714285714286,134
2023-04-11,1100,126,83,71,43,43,28,0.6587301587301587,0.6056338028169014,126
2023-04-12,1100,119,93,75,38,26,37,0.7815126050420168,0.5066666666666667,131
2023-04-13,1100,103,85,94,39,18,55,0.8252427184466019,0.4148936170212766,124
2023-04-14,1100,135,80,87,54,55,33,0.5925925925925926,0.6206896551724138,134
2023-04-15,1100,129,79,96,48,50,48,0.6124031007751938,0.5,127
2023-04-16,1100,124,90,70,33,34,37,0.7258064516129032,0.4714285714285714,123
2023-04-17,1100,120,79,73,44,41,29,0.6583333333333333,0.6027397260273972,123
2023-04-18,1100,115,89,63,36,26,27,0.7739130434782608,0.5714285714285714,125
2023-04-19,1100,134,92,100,38,42,62,0.6865671641791045,0.38,130
2023-04-20,1100,101,93,85,52,8,33,0.9207920792079208,0.611764705882353,145
2023-04-21,1100,142,74,86,30,68,56,0.5211267605633803,0.3488372093023256,104
2023-04-22,1100,100,83,78,53,17,25,0.83,0.6794871794871795,136
2023-04-23,1100,135,82,78,41,53,37,0.6074074074074074,0.5256410256410257,123
2023-04-24,1100,149,76,82,28,73,54,0.5100671140939598,0.34146341463414637,104
2023-04-25,1100,109,83,59,36,26,23,0.7614678899082569,0.6101694915254238,119
2023-04-26,1100,100,68,75,44,32,31,0.68,0.5866666666666667,112
2023-04-27,1100,149,78,80,47,71,33,0.5234899328859061,0.5875,125
2023-04-28,1100,129,79,75,34,50,41,0.6124031007751938,0.4533333333333333,113
2023-04-29,1100,121,79,84,28,42,56,0.6528925619834711,0.3333333333333333,107
2023-04-30,1100,104,94,51,38,10,13,0.9038461538461539,0.7450980392156863,132
2023-05-01,1100,139,69,56,42,70,14,0.49640287769784175,0.75,111
2023-05-02,1100,104,83,66,44,21,22,0.7980769230769231,0.6666666666666666,127
2023-05-03,1100,140,67,63,51,73,12,0.4785714285714286,0.8095238095238095,118
2023-05-04,1100,102,73,81,42,29,39,0.7156862745098039,0.5185185185185185,115
2023-05-05,1100,137,66,83,45,71,38,0.48175182481751827,0.54216867469879515,111
2023-05-06,1100,136,71,51,41,65,10,0.5220588235294118,0.803921568627451,112
2023-05-07,1100,149,61,88,42,88,46,0.40939597315436244,0.4772727272727273,103
2023-05-08,1100,105,96,56,43,9,13,0.9142857142857143,0.7678571428571429,139
2023-05-09,1100,110,81,83,40,29,43,0.7363636363636363,0.4819277108433735,121
2023-05-10,1100,148,63,76,32,85,44,0.42567567567567566,0.42105263157894735,95
2023-05-11,1100,125,64,74,38,61,36,0.512,0.5135135135135135,102
2023-05-12,1100,120,76,93,42,44,51,0.6333333333333333,0.45161290322580644,118
2023-05-13,1100,101,88,85,36,13,49,0.8712871287128713,0.4235294117647059,124
2023-05-14,1100,139,68,91,37,71,54,0.4892086330935252,0.4065934065934066,105
2023-05-15,1100,138,73,51,37,65,14,0.5289855072463768,0.7254901960784313,110
2023-05-16,1100,125,60,54,36,65,18,0.48,0.6666666666666666,96
2023-05-17,1100,134,81,62,35,53,27,0.6044776119402985,0.5645161290322581,116
2023-05-18,1100,115,95,74,26,20,48,0.8260869565217391,0.35135135135135137,121
2023-05-19,1100,148,83,79,35,65,44,0.5608108108108109,0.4430379746835443,118
2023-05-20,1100,150,81,92,47,69,45,0.54,0.5108695652173914,128
2023-05-21,1100,120,95,82,39,25,43,0.7916666666666666,0.47560975609756095,134
2023-05-22,1100,135,79,95,44,56,51,0.5851851851851851,0.4631578947368421,123
2023-05-23,1100,140,93,100,32,47,68,0.6642857142857143,0.32,125
2023-05-24,1100,142,68,70,32,74,38,0.4788732394366197,0.45714285714285713,100
2023-05-25,1100,128,82,100,43,46,57,0.640625,0.43,125
2023-05-26,1100,143,76,97,38,67,59,0.5314685314685315,0.3917525773195876,114
2023-05-27,1100,102,95,88,36,7,52,0.9313725490196079,0.4090909090909091,131
2023-05-28,1100,138,80,83,42,58,41,0.5797101449275363,0.5060240963855421,122
2023-05-29,1100,136,82,92,46,54,46,0.6029411764705882,0.5,128
2023-05-30,1100,115,58,57,45,57,12,0.5043478260869565,0.7894736842105263,103
2023-05-31,1100,124,81,93,37,43,56,0.6532258064516129,0.3978494623655914,118
2023-06-01,1100,148,68,88,45,80,43,0.4594594594594595,0.5113636363636364,113
2023-06-02,1100,125,91,90,40,34,50,0.728,0.4444444444444444,131
2023-06-03,1100,101,85,84,37,16,47,0.8415841584158416,0.44047619047619047,122
2023-06-04,1100,112,79,61,44,33,17,0.7053571428571429,0.7213114754098361,123
2023-06-05,1100,125,101,69,41,24,28,0.808,0.5942028985507246,142
2023-06-06,1100,124,77,91,32,47,59,0.6209677419354839,0.3516483516483517,109
2023-06-07,1100,120,79,54,42,41,12,0.6583333333333333,0.7777777777777778,121
2023-06-08,1100,137,61,76,37,76,39,0.44525547445255476,0.4868421052631579,98
2023-06-09,1100,103,88,51,43,15,8,0.8543689320388349,0.8431372549019608,131
2023-06-10,1100,112,83,82,53,29,29,0.7410714285714286,0.6463414634146342,136
2023-06-11,1100,109,72,96,41,37,55,0.6605504587155964,0.4270833333333333,113
2023-06-12,1100,119,77,62,39,42,23,0.6470588235294118,0.6290322580645161,116
2023-06-13,1100,140,74,72,39,66,33,0.5285714285714286,0.5416666666666666,113
2023-06-14,1100,142,75,54,40,67,14,0.528169014084507,0.7407407407407407,115
2023-06-15,1100,129,76,94,56,53,38,0.5891472868217055,0.5957446808510638,132
2023-06-16,1100,116,91,88,48,25,40,0.7844827586206896,0.5454545454545454,139
2023-06-17,1100,118,89,59,35,29,24,0.7542372881355932,0.5932203389830508,124
2023-06-18,1100,133,78,55,50,55,5,0.5864661654135338,0.9090909090909091,128
2023-06-19,1100,109,64,53,42,45,11,0.5871559633027523,0.7924528301886793,106
2023-06-20,1100,142,63,57,40,79,17,0.44366197183098594,0.7017543859649122,103
2023-06-21,1100,138,71,100,38,67,62,0.5144927536231884,0.38,109
2023-06-22,1100,115,74,79,52,41,27,0.6434782608695652,0.6582278481012658,126
2023-06-23,1100,141,99,57,37,42,20,0.7021276595744681,0.6491228070175439,136
2023-06-24,1100,107,82,80,26,25,54,0.7663551401869159,0.325,108
2023-06-25,1100,103,78,77,29,25,48,0.7572815533980582,0.37662337662337664,107
2023-06-26,1100,130,90,97,53,40,44,0.6923076923076923,0.5463917525773195,143
2023-06-27,1100,148,80,90,53,68,37,0.5405405405405406,0.5888888888888889,133
2023-06-28,1100,141,89,50,37,52,13,0.6312056737588653,0.74,126
2023-06-29,1100,150,73,52,45,77,7,0.4866666666666667,0.8653846153846154,118
2023-06-30,1100,110,70,61,38,40,23,0.6363636363636364,0.6229508196721312,108
2023-07-01,1100,109,74,94,48,35,46,0.6788990825688074,0.5106382978723404,122
2023-07-02,1100,147,82,70,45,65,25,0.5578231292517006,0.6428571428571429,127
2023-07-03,1100,145,81,57,46,64,11,0.5586206896551724,0.8070175438596491,127
2023-07-04,1100,148,84,98,45,64,53,0.5675675675675675,0.45918367346938777,129
2023-07-05,1100,125,83,53,47,42,6,0.664,0.8867924528301887,130
2023-07-06,1100,135,70,54,34,65,20,0.5185185185185185,0.6296296296296297,104
2023-07-07,1100,107,77,62,34,30,28,0.719626168224299,0.5483870967741935,111
2023-07-08,1100,119,93,88,50,26,38,0.7815126050420168,0.5681818181818182,143
2023-07-09,1100,103,98,61,36,5,25,0.9514563106796117,0.5901639344262295,134
2023-07-10,1100,150,76,71,34,74,37,0.5066666666666667,0.4788732394366197,110
2023-07-11,1100,116,84,81,40,32,41,0.7241379310344828,0.49382716049382713,124
2023-07-12,1100,126,80,62,33,46,29,0.6349206349206349,0.532258064516129,113
2023-07-13,1100,139,74,61,39,65,22,0.5323741007194245,0.639344262295082,113
2023-07-14,1100,136,97,59,47,39,12,0.7132352941176471,0.7966101694915254,144
2023-07-15,1100,109,89,87,42,20,45,0.8165137614678899,0.4827586206896552,131
2023-07-16,1100,116,75,97,36,41,61,0.646551724137931,0.3711340206185567,111
2023-07-17,1100,123,85,56,36,38,20,0.6910569105691057,0.6428571428571429,121
2023-07-18,1100,126,75,56,38,51,18,0.5952380952380952,0.6785714285714286,113
2023-07-19,1100,133,64,86,49,69,37,0.48120300751879697,0.5697674418604651,113
2023-07-20,1100,106,64,81,40,42,41,0.6037735849056604,0.49382716049382713,104
2023-07-21,1100,103,76,95,38,27,57,0.7378640776699029,0.4,114
2023-07-22,1100,120,87,65,37,33,28,0.725,0.5692307692307692,124
2023-07-23,1100,125,84,89,33,41,56,0.672,0.3707865168539326,117
2023-07-24,1100,148,84,62,42,64,20,0.5675675675675675,0.6774193548387096,126
2023-07-25,1100,120,76,73,33,44,40,0.6333333333333333,0.4520547945205479,109
2023-07-26,1100,103,79,95,42,24,53,0.7669902912621359,0.4421052631578947,121
2023-07-27,1100,119,82,77,42,37,35,0.6890756302521008,0.5454545454545454,124
2023-07-28,1100,109,90,54,41,19,13,0.8256880733944955,0.7592592592592593,131
2023-07-29,1100,148,74,81,50,74,31,0.5,0.6172839506172839,124
2023-07-30,1100,140,70,60,45,70,15,0.5,0.75,115
2023-07-31,1100,109,85,56,42,24,14,0.7798165137614679,0.75,127
2023-08-01,1100,149,90,55,38,59,17,0.6040268456375839,0.6909090909090909,128
2023-08-02,1100,147,66,70,51,81,19,0.4489795918367347,0.7285714285714285,117
2023-08-03,1100,119,85,61,39,34,22,0.7142857142857143,0.639344262295082,124
2023-08-04,1100,109,74,77,35,35,42,0.6788990825688074,0.45454545454545453,109
2023-08-05,1100,150,83,51,42,67,9,0.5533333333333333,0.8235294117647058,125
2023-08-06,1100,135,82,76,44,53,32,0.6074074074074074,0.5789473684210527,126
2023-08-07,1100,131,63,100,45,68,55,0.48091603053435117,0.45,108
2023-08-08,1100,108,77,97,34,31,63,0.7129629629629629,0.35051546391752575,111
2023-08-09,1100,119,74,92,40,45,52,0.6218487394957983,0.43478260869565216,114
2023-08-10,1100,134,72,83,46,62,37,0.5373134328358209,0.5542168674698795,118
2023-08-11,1100,139,92,82,32,47,50,0.6618705035971223,0.3902439024390244,124
2023-08-12,1100,120,64,72,41,56,31,0.5333333333333333,0.5694444444444444,105
2023-08-13,1100,119,80,97,37,39,60,0.6722689075630253,0.38144329896907214,117
2023-08-14,1100,150,77,83,36,73,47,0.5133333333333333,0.43373493975903615,113
2023-08-15,1100,119,78,93,41,41,52,0.6554621848739496,0.44086021505376344,119
2023-08-16,1100,132,76,88,47,56,41,0.5757575757575758,0.5340909090909091,123
2023-08-17,1100,127,78,82,36,49,46,0.6141732283464567,0.43902439024390244,114
2023-08-18,1100,121,83,84,31,38,53,0.6859504132231405,0.36904761904761907,114
2023-08-19,1100,128,82,65,39,46,26,0.640625,0.6,121
2023-08-20,1100,125,58,70,42,67,28,0.464,0.6,100
2023-08-21,1100,110,85,98,35,25,63,0.7727272727272727,0.35714285714285715,120
2023-08-22,1100,108,63,55,38,45,17,0.5833333333333334,0.6909090909090909,101
2023-08-23,1100,150,77,86,38,73,48,0.5133333333333333,0.4418604651162791,115
2023-08-24,1100,100,66,63,35,34,28,0.66,0.5555555555555556,101
2023-08-25,1100,150,85,51,49,65,2,0.5666666666666667,0.9607843137254902,134
2023-08-26,1100,137,81,52,40,56,12,0.5912408759124088,0.7692307692307693,121
2023-08-27,1100,101,58,62,46,43,16,0.5742574257425742,0.7419354838709677,104
2023-08-28,1100,137,80,76,35,57,41,0.583941605839416,0.4605263157894737,115
2023-08-29,1100,123,94,76,45,29,31,0.7642276422764228,0.5921052631578947,139
2023-08-30,1100,130,78,66,44,52,22,0.6,0.6666666666666666,122
2023-08-31,1100,112,79,62,40,33,22,0.7053571428571429,0.6451612903225806,119
2023-09-01,1100,114,66,63,53,48,10,0.5789473684210527,0.8412698412698413,119
2023-09-02,1100,136,80,94,36,56,58,0.5882352941176471,0.3829787234042553,116
2023-09-03,1100,122,73,90,39,49,51,0.5983606557377049,0.43333333333333335,112
2023-09-04,1100,138,77,73,40,61,33,0.5579710144927537,0.547945205479452,117
2023-09-05,1100,140,89,69,37,51,32,0.6357142857142857,0.5362318840579711,126
2023-09-06,1100,103,83,51,34,20,17,0.8058252427184466,0.6666666666666666,117
2023-09-07,1100,150,65,84,47,85,37,0.43333333333333335,0.5595238095238095,112
2023-09-08,1100,104,87,74,32,17,42,0.8365384615384616,0.43243243243243246,119
2023-09-09,1100,132,77,81,28,55,53,0.5833333333333334,0.345679012345679,105
2023-09-10,1100,101,80,77,42,21,35,0.7920792079207921,0.5454545454545454,122
2023-09-11,1100,145,92,88,49,53,39,0.6344827586206897,0.5568181818181818,141
2023-09-12,1100,138,81,62,35,57,27,0.5869565217391305,0.5645161290322581,116
2023-09-13,1100,137,74,94,40,63,54,0.5401459854014599,0.425531914893617,114
2023-09-14,1100,136,77,76,32,59,44,0.5661764705882353,0.42105263157894735,109
2023-09-15,1100,145,78,58,49,67,9,0.5379310344827586,0.8448275862068966,127
2023-09-16,1100,115,80,65,34,35,31,0.6956521739130435,0.5230769230769231,114
2023-09-17,1100,111,84,91,41,27,50,0.7567567567567568,0.45054945054945056,125
2023-09-18,1100,114,82,68,40,32,28,0.7192982456140351,0.5882352941176471,122
2023-09-19,1100,113,79,80,29,34,51,0.6991150442477876,0.3625,108
2023-09-20,1100,126,82,88,30,44,58,0.6507936507936508,0.3409090909090909,112
2023-09-21,1100,103,73,71,38,30,33,0.7087378640776699,0.5352112676056338,111
2023-09-22,1100,149,75,74,35,74,39,0.5033557046979866,0.47297297297297297,110
2023-09-23,1100,109,79,84,44,30,40,0.7247706422018348,0.5238095238095238,123
2023-09-24,1100,107,72,90,31,35,59,0.6728971962616822,0.34444444444444444,103
2023-09-25,1100,137,83,54,33,54,21,0.6058394160583942,0.6111111111111112,116
2023-09-26,1100,122,84,76,35,38,41,0.6885245901639344,0.4605263157894737,119
2023-09-27,1100,115,79,73,32,36,41,0.6869565217391305,0.4383561643835616,111
2023-09-28,1100,116,99,80,38,17,42,0.853448275862069,0.475,137
2023-09-29,1100,122,74,87,39,48,48,0.6065573770491803,0.4482758620689655,113
2023-09-30,1100,133,79,86,44,54,42,0.5939849624060151,0.5116279069767442,123
2023-10-01,1100,141,92,100,31,49,69,0.6524822695035462,0.31,123
2023-10-02,1100,115,70,96,38,45,58,0.6086956521739131,0.3958333333333333,108
2023-10-03,1100,119,88,61,43,31,18,0.7394957983193278,0.7049180327868853,131
2023-10-04,1100,101,84,90,37,17,53,0.8316831683168316,0.4111111111111111,121
2023-10-05,1100,141,68,85,36,73,49,0.48226950354609927,0.4235294117647059,104
2023-10-06,1100,128,94,99,43,34,56,0.734375,0.43434343434343436,137
2023-10-07,1100,108,78,61,49,30,12,0.7222222222222222,0.8032786885245902,127
2023-10-08,1100,141,70,81,38,71,43,0.49645390070921985,0.4691358024691358,108
2023-10-09,1100,116,72,92,42,44,50,0.6206896551724138,0.45652173913043476,114
2023-10-10,1100,120,91,73,37,29,36,0.7583333333333333,0.5068493150684932,128
2023-10-11,1100,126,77,60,50,49,10,0.6111111111111112,0.8333333333333334,127
2023-10-12,1100,100,76,71,47,24,24,0.76,0.6619718309859155,123
2023-10-13,1100,128,93,73,52,35,21,0.7265625,0.7123287671232876,145
2023-10-14,1100,127,79,69,30,48,39,0.6220472440944882,0.43478260869565216,109
2023-10-15,1100,130,71,52,35,59,17,0.5461538461538461,0.6730769230769231,106
2023-10-16,1100,141,86,68,36,55,32,0.6099290780141844,0.5294117647058824,122
2023-10-17,1100,114,78,81,43,36,38,0.6842105263157895,0.5308641975308642,121
2023-10-18,1100,131,80,65,41,51,24,0.6106870229007634,0.6307692307692307,121
2023-10-19,1100,118,83,84,44,35,40,0.7033898305084746,0.5238095238095238,127
2023-10-20,1100,108,79,94,41,29,53,0.7314814814814815,0.43617021276595747,120
2023-10-21,1100,124,66,82,39,58,43,0.532258064516129,0.47560975609756095,105
2023-10-22,1100,117,78,53,35,39,18,0.6666666666666666,0.660377358490566,113
2023-10-23,1100,101,70,73,39,31,34,0.693069306930693,0.5342465753424658,109
2023-10-24,1100,145,100,74,47,45,27,0.6896551724137931,0.6351351351351351,147
2023-10-25,1100,131,70,96,49,61,47,0.5343511450381679,0.5104166666666666,119
2023-10-26,1100,111,83,63,39,28,24,0.7477477477477478,0.6190476190476191,122
2023-10-27,1100,149,62,64,38,87,26,0.4161073825503356,0.59375,100
2023-10-28,1100,120,92,64,49,28,15,0.7666666666666667,0.765625,141
2023-10-29,1100,105,69,83,52,36,31,0.6571428571428571,0.6265060240963856,121
2023-10-30,1100,143,83,67,41,60,26,0.5804195804195804,0.6119402985074627,124
2023-10-31,1100,136,96,96,27,40,69,0.7058823529411765,0.28125,123
2023-11-01,1100,133,90,54,33,43,21,0.6766917293233082,0.6111111111111112,123
2023-11-02,1100,104,71,53,35,33,18,0.6826923076923077,0.660377358490566,106
2023-11-03,1100,117,60,83,53,57,30,0.5128205128205128,0.6385542168674698,113
2023-11-04,1100,130,84,100,37,46,63,0.6461538461538462,0.37,121
2023-11-05,1100,103,78,90,46,25,44,0.7572815533980582,0.5111111111111111,124
2023-11-06,1100,140,102,78,34,38,44,0.7285714285714285,0.4358974358974359,136
2023-11-07,1100,121,65,50,34,56,16,0.5371900826446281,0.68,99
2023-11-08,1100,129,85,74,49,44,25,0.6589147286821705,0.6621621621621622,134
2023-11-09,1100,135,70,84,23,65,61,0.5185185185185185,0.27380952380952384,93
2023-11-10,1100,126,82,95,46,44,49,0.6507936507936508,0.4842105263157895,128
2023-11-11,1100,111,81,54,42,30,12,0.7297297297297297,0.7777777777777778,123
2023-11-12,1100,102,79,62,36,23,26,0.7745098039215687,0.5806451612903226,115
2023-11-13,1100,137,78,50,34,59,16,0.5693430656934306,0.68,112
2023-11-14,1100,142,82,53,40,60,13,0.5774647887323944,0.7547169811320755,122
2023-11-15,1100,118,95,77,31,23,46,0.8050847457627118,0.4025974025974026,126
2023-11-16,1100,135,71,88,35,64,53,0.5259259259259259,0.3977272727272727,106
2023-11-17,1100,107,88,82,40,19,42,0.822429906542056,0.4878048780487805,128
2023-11-18,1100,141,78,92,41,63,51,0.5531914893617021,0.44565217391304346,119
2023-11-19,1100,100,75,53,42,25,11,0.75,0.7924528301886793,117
2023-11-20,1100,136,96,67,44,40,23,0.7058823529411765,0.6567164179104478,140
2023-11-21,1100,139,63,99,32,76,67,0.45323741007194246,0.32323232323232326,95
2023-11-22,1100,116,77,82,54,39,28,0.6637931034482759,0.6585365853658537,131
2023-11-23,1100,144,91,60,38,53,22,0.6319444444444444,0.6333333333333333,129
2023-11-24,1100,137,91,82,46,46,36,0.6642335766423357,0.5609756097560976,137
2023-11-25,1100,148,82,80,32,66,48,0.5540540540540541,0.4,114
2023-11-26,1100,100,78,80,37,22,43,0.78,0.4625,115
2023-11-27,1100,143,71,89,43,72,46,0.4965034965034965,0.48314606741573035,114
2023-11-28,1100,141,87,58,42,54,16,0.6170212765957447,0.7241379310344828,129
2023-11-29,1100,110,81,59,51,29,8,0.7363636363636363,0.864406779661017,132
2023-11-30,1100,133,81,63,36,52,27,0.6090225563909775,0.5714285714285714,117
2023-12-01,1100,146,71,97,43,75,54,0.4863013698630137,0.44329896907216493,114
2023-12-02,1100,113,70,94,40,43,54,0.6194690265486725,0.425531914893617,110
2023-12-03,1100,139,69,58,32,70,26,0.49640287769784175,0.5517241379310345,101
2023-12-04,1100,100,84,77,32,16,45,0.84,0.4155844155844156,116
2023-12-05,1100,134,76,65,29,58,36,0.5671641791044776,0.4461538461538462,105
2023-12-06,1100,120,97,98,42,23,56,0.8083333333333333,0.42857142857142855,139
2023-12-07,1100,149,86,74,41,63,33,0.5771812080536913,0.5540540540540541,127
2023-12-08,1100,104,85,90,37,19,53,0.8173076923076923,0.4111111111111111,122
2023-12-09,1100,134,70,100,40,64,60,0.5223880597014925,0.4,110
2023-12-10,1100,133,85,95,49,48,46,0.6390977443609023,0.5157894736842106,134
2023-12-11,1100,102,85,96,44,17,52,0.8333333333333334,0.4583333333333333,129
2023-12-12,1100,147,79,90,33,68,57,0.5374149659863946,0.36666666666666664,112
2023-12-13,1100,138,72,54,37,66,17,0.5217391304347826,0.6851851851851852,109
2023-12-14,1100,150,80,51,37,70,14,0.5333333333333333,0.7254901960784313,117
2023-12-15,1100,106,78,81,48,28,33,0.7358490566037735,0.5925925925925926,126
2023-12-16,1100,149,70,93,35,79,58,0.4697986577181208,0.3763440860215054,105
2023-12-17,1100,107,80,83,47,27,36,0.7476635514018691,0.5662650602409639,127
2023-12-18,1100,125,83,93,51,42,42,0.664,0.5483870967741935,134
2023-12-19,1100,117,68,83,42,49,41,0.5811965811965812,0.5060240963855421,110
2023-12-20,1100,148,93,68,43,55,25,0.6283783783783784,0.6323529411764706,136
2023-12-21,1100,131,98,56,47,33,9,0.7480916030534351,0.8392857142857143,145
2023-12-22,1100,104,86,100,32,18,68,0.8269230769230769,0.32,118
2023-12-23,1100,142,107,93,46,35,47,0.7535211267605634,0.4946236559139785,153
2023-12-24,1100,127,84,76,40,43,36,0.6614173228346457,0.5263157894736842,124
2023-12-25,1100,107,69,85,40,38,45,0.6448598130841121,0.47058823529411764,109
2023-12-26,1100,122,73,55,49,49,6,0.5983606557377049,0.8909090909090909,122
2023-12-27,1100,102,68,65,40,34,25,0.6666666666666666,0.6153846153846154,108
2023-12-28,1100,142,92,62,39,50,23,0.647887323943662,0.6290322580645161,131
2023-12-29,1100,135,81,96,25,54,71,0.6,0.2604166666666667,106
2023-12-30,1100,134,91,67,35,43,32,0.6791044776119403,0.5223880597014925,126
2023-12-31,1100,148,69,86,35,79,51,0.46621621621621623,0.4069767441860465,104
2023-01-01,1000,141,83,55,37,58,18,0.5886524822695035,0.6727272727272727,120
2023-01-02,1000,109,78,61,46,31,15,0.7155963302752294,0.7540983606557377,124
2023-01-03,1000,133,79,66,40,54,26,0.5939849624060151,0.6060606060606061,119
2023-01-04,1000,112,82,57,32,30,25,0.7321428571428571,0.5614035087719298,114
2023-01-05,1000,128,99,83,43,29,40,0.7734375,0.5180722891566265,142
2023-01-06,1000,144,73,80,51,71,29,0.5069444444444444,0.6375,124
2023-01-07,1000,144,83,98,44,61,54,0.5763888888888888,0.4489795918367347,127
2023-01-08,1000,124,81,98,41,43,57,0.6532258064516129,0.41836734693877553,122
2023-01-09,1000,121,84,60,24,37,36,0.6942148760330579,0.4,108
2023-01-10,1000,138,58,81,41,80,40,0.42028985507246375,0.5061728395061729,99
2023-01-11,1000,130,68,67,43,62,24,0.5230769230769231,0.6417910447761194,111
2023-01-12,1000,139,81,70,36,58,34,0.5827338129496403,0.5142857142857142,117
2023-01-13,1000,127,69,91,35,58,56,0.5433070866141733,0.38461538461538464,104
2023-01-14,1000,109,64,97,35,45,62,0.5871559633027523,0.36082474226804123,99
2023-01-15,1000,144,83,64,30,61,34,0.5763888888888888,0.46875,113
2023-01-16,1000,149,86,83,34,63,49,0.5771812080536913,0.40963855421686746,120
2023-01-17,1000,104,78,88,30,26,58,0.75,0.3409090909090909,108
2023-01-18,1000,148,73,91,33,75,58,0.49324324324324326,0.3626373626373626,106
2023-01-19,1000,103,68,90,39,35,51,0.6601941747572816,0.43333333333333335,107
2023-01-20,1000,150,65,54,29,85,25,0.43333333333333335,0.5370370370370371,94
2023-01-21,1000,136,72,70,38,64,32,0.5294117647058824,0.5428571428571428,110
2023-01-22,1000,139,93,51,51,46,0,0.6690647482014388,1,144
2023-01-23,1000,125,74,79,36,51,43,0.592,0.45569620253164556,110
2023-01-24,1000,114,76,93,40,38,53,0.6666666666666666,0.43010752688172044,116
2023-01-25,1000,129,80,90,33,49,57,0.6201550387596899,0.36666666666666664,113
2023-01-26,1000,121,77,62,37,44,25,0.6363636363636364,0.5967741935483871,114
2023-01-27,1000,133,77,67,42,56,25,0.5789473684210527,0.6268656716417911,119
2023-01-28,1000,110,90,76,39,20,37,0.8181818181818182,0.5131578947368421,129
2023-01-29,1000,133,80,100,53,53,47,0.6015037593984962,0.53,133
2023-01-30,1000,118,93,78,48,25,30,0.788135593220339,0.6153846153846154,141
2023-01-31,1000,103,75,78,46,28,32,0.7281553398058253,0.5897435897435898,121
2023-02-01,1000,137,70,52,31,67,21,0.5109489051094891,0.5961538461538461,101
2023-02-02,1000,107,73,54,32,34,22,0.6822429906542056,0.5925925925925926,105
2023-02-03,1000,116,80,75,40,36,35,0.6896551724137931,0.5333333333333333,120
2023-02-04,1000,143,88,70,35,55,35,0.6153846153846154,0.5,123
2023-02-05,1000,123,86,52,44,37,8,0.6991869918699187,0.8461538461538461,130
2023-02-06,1000,129,65,86,39,64,47,0.5038759689922481,0.45348837209302323,104
2023-02-07,1000,126,80,93,33,46,60,0.6349206349206349,0.3548387096774194,113
2023-02-08,1000,147,94,79,42,53,37,0.6394557823129252,0.5316455696202531,136
2023-02-09,1000,118,96,79,33,22,46,0.8135593220338984,0.4177215189873418,129
2023-02-10,1000,141,77,81,34,64,47,0.5460992907801419,0.41975308641975306,111
2023-02-11,1000,142,79,51,46,63,5,0.5563380281690141,0.9019607843137255,125
2023-02-12,1000,122,72,67,31,50,36,0.5901639344262295,0.4626865671641791,103
2023-02-13,1000,110,77,84,45,33,39,0.7,0.5357142857142857,122
2023-02-14,1000,124,89,59,50,35,9,0.717741935483871,0.847457627118644,139
2023-02-15,1000,105,74,80,42,31,38,0.7047619047619048,0.525,116
2023-02-16,1000,125,74,89,42,51,47,0.592,0.47191011235955055,116
2023-02-17,1000,135,76,67,40,59,27,0.562962962962963,0.5970149253731343,116
2023-02-18,1000,122,82,77,47,40,30,0.6721311475409836,0.6103896103896104,129
2023-02-19,1000,134,82,65,40,52,25,0.6119402985074627,0.6153846153846154,122
2023-02-20,1000,134,82,61,45,52,16,0.6119402985074627,0.7377049180327869,127
2023-02-21,1000,119,74,74,42,45,32,0.6218487394957983,0.5675675675675675,116
2023-02-22,1000,106,92,68,48,14,20,0.8679245283018868,0.7058823529411765,140
2023-02-23,1000,111,93,65,41,18,24,0.8378378378378378,0.6307692307692307,134
2023-02-24,1000,130,77,59,45,53,14,0.5923076923076923,0.7627118644067796,122
2023-02-25,1000,117,91,95,49,26,46,0.7777777777777778,0.5157894736842106,140
2023-02-26,1000,132,95,93,36,37,57,0.7196969696969697,0.3870967741935484,131
2023-02-27,1000,141,74,90,48,67,42,0.524822695035461,0.5333333333333333,122
2023-02-28,1000,105,80,54,41,25,13,0.7619047619047619,0.7592592592592593,121
2023-03-01,1000,144,86,93,45,58,48,0.5972222222222222,0.4838709677419355,131
2023-03-02,1000,104,81,79,48,23,31,0.7788461538461539,0.6075949367088608,129
2023-03-03,1000,110,84,65,41,26,24,0.7636363636363637,0.6307692307692307,125
2023-03-04,1000,122,70,77,35,52,42,0.5737704918032787,0.45454545454545453,105
2023-03-05,1000,100,89,87,26,11,61,0.89,0.2988505747126437,115
2023-03-06,1000,107,76,51,33,31,18,0.7102803738317757,0.6470588235294118,109
2023-03-07,1000,107,92,87,34,15,53,0.8598130841121495,0.39080459770114945,126
2023-03-08,1000,121,81,92,49,40,43,0.6694214876033058,0.532608695652174,130
2023-03-09,1000,118,73,70,37,45,33,0.6186440677966102,0.5285714285714286,110
2023-03-10,1000,121,84,51,50,37,1,0.6942148760330579,0.9803921568627451,134
2023-03-11,1000,100,78,63,26,22,37,0.78,0.4126984126984127,104
2023-03-12,1000,110,76,87,50,34,37,0.6909090909090909,0.5747126436781609,126
2023-03-13,1000,149,77,97,31,72,66,0.5167785234899329,0.31958762886597936,108
2023-03-14,1000,147,89,64,37,58,27,0.6054421768707483,0.578125,126
2023-03-15,1000,110,68,56,45,42,11,0.6181818181818182,0.8035714285714286,113
2023-03-16,1000,135,103,87,48,32,39,0.762962962962963,0.5517241379310345,151
2023-03-17,1000,136,69,70,36,67,34,0.5073529411764706,0.5142857142857142,105
2023-03-18,1000,129,81,85,42,48,43,0.627906976744186,0.49411764705882355,123
2023-03-19,1000,114,77,74,34,37,40,0.6754385964912281,0.4594594594594595,111
2023-03-20,1000,109,73,72,32,36,40,0.6697247706422018,0.4444444444444444,105
2023-03-21,1000,130,75,90,43,55,47,0.5769230769230769,0.4777777777777778,118
2023-03-22,1000,137,70,81,46,67,35,0.5109489051094891,0.5679012345679012,116
2023-03-23,1000,139,89,78,36,50,42,0.6402877697841727,0.46153846153846156,125
2023-03-24,1000,128,77,64,33,51,31,0.6015625,0.515625,110
2023-03-25,1000,150,86,98,57,64,41,0.5733333333333334,0.5816326530612245,143
2023-03-26,1000,146,75,91,37,71,54,0.5136986301369864,0.4065934065934066,112
2023-03-27,1000,139,83,76,52,56,24,0.5971223021582733,0.6842105263157895,135
2023-03-28,1000,131,91,89,41,40,48,0.6946564885496184,0.4606741573033708,132
2023-03-29,1000,144,84,90,50,60,40,0.5833333333333334,0.5555555555555556,134
2023-03-30,1000,148,58,68,38,90,30,0.3918918918918919,0.5588235294117647,96
2023-03-31,1000,129,68,51,38,61,13,0.5271317829457365,0.7450980392156863,106
2023-04-01,1000,126,95,61,41,31,20,0.753968253968254,0.6721311475409836,136
2023-04-02,1000,131,86,96,42,45,54,0.6564885496183206,0.4375,128
2023-04-03,1000,149,90,62,43,59,19,0.6040268456375839,0.6935483870967742,133
2023-04-04,1000,117,79,72,52,38,20,0.6752136752136753,0.7222222222222222,131
2023-04-05,1000,144,76,82,32,68,50,0.5277777777777778,0.3902439024390244,108
2023-04-06,1000,150,82,94,47,68,47,0.5466666666666666,0.5,129
2023-04-07,1000,112,83,67,33,29,34,0.7410714285714286,0.4925373134328358,116
2023-04-08,1000,109,97,64,37,12,27,0.8899082568807339,0.578125,134
2023-04-09,1000,123,81,73,46,42,27,0.6585365853658537,0.6301369863013698,127
2023-04-10,1000,106,74,99,42,32,57,0.6981132075471698,0.42424242424242425,116
2023-04-11,1000,136,84,85,43,52,42,0.6176470588235294,0.5058823529411764,127
2023-04-12,1000,148,81,74,52,67,22,0.5472972972972973,0.7027027027027027,133
2023-04-13,1000,130,90,82,36,40,46,0.6923076923076923,0.43902439024390244,126
2023-04-14,1000,117,78,76,51,39,25,0.6666666666666666,0.6710526315789473,129
2023-04-15,1000,140,82,73,36,58,37,0.5857142857142857,0.4931506849315068,118
2023-04-16,1000,144,72,90,29,72,61,0.5,0.32222222222222224,101
2023-04-17,1000,114,83,88,35,31,53,0.7280701754385965,0.3977272727272727,118
2023-04-18,1000,148,77,98,44,71,54,0.5202702702702703,0.4489795918367347,121
2023-04-19,1000,110,75,77,37,35,40,0.6818181818181818,0.4805194805194805,112
2023-04-20,1000,106,100,72,30,6,42,0.9433962264150944,0.4166666666666667,130
2023-04-21,1000,137,87,52,37,50,15,0.635036496350365,0.7115384615384616,124
2023-04-22,1000,110,74,95,50,36,45,0.6727272727272727,0.5263157894736842,124
2023-04-23,1000,108,78,52,35,30,17,0.7222222222222222,0.6730769230769231,113
2023-04-24,1000,132,86,51,40,46,11,0.6515151515151515,0.7843137254901961,126
2023-04-25,1000,145,81,60,30,64,30,0.5586206896551724,0.5,111
2023-04-26,1000,149,88,54,43,61,11,0.5906040268456376,0.7962962962962963,131
2023-04-27,1000,111,61,51,34,50,17,0.5495495495495496,0.6666666666666666,95
2023-04-28,1000,139,93,63,43,46,20,0.6690647482014388,0.6825396825396826,136
2023-04-29,1000,123,79,56,45,44,11,0.6422764227642277,0.8035714285714286,124
2023-04-30,1000,129,87,84,61,42,23,0.6744186046511628,0.7261904761904762,148
2023-05-01,1000,135,71,61,36,64,25,0.5259259259259259,0.5901639344262295,107
2023-05-02,1000,118,79,66,31,39,35,0.6694915254237288,0.4696969696969697,110
2023-05-03,1000,118,76,65,40,42,25,0.6440677966101694,0.6153846153846154,116
2023-05-04,1000,118,72,81,34,46,47,0.6101694915254238,0.41975308641975306,106
2023-05-05,1000,119,86,74,22,33,52,0.7226890756302521,0.2972972972972973,108
2023-05-06,1000,135,91,65,37,44,28,0.674074074074074,0.5692307692307692,128
2023-05-07,1000,141,76,54,36,65,18,0.5390070921985816,0.6666666666666666,112
2023-05-08,1000,127,79,97,41,48,56,0.6220472440944882,0.422680412371134,120
2023-05-09,1000,111,77,66,35,34,31,0.6936936936936937,0.5303030303030303,112
2023-05-10,1000,122,62,71,37,60,34,0.5081967213114754,0.5211267605633803,99
2023-05-11,1000,124,78,67,32,46,35,0.6290322580645161,0.47761194029850745,110
2023-05-12,1000,148,86,63,35,62,28,0.581081081081081,0.5555555555555556,121
2023-05-13,1000,101,86,84,29,15,55,0.8514851485148515,0.34523809523809523,115
2023-05-14,1000,146,69,89,49,77,40,0.4726027397260274,0.550561797752809,118
2023-05-15,1000,139,92,85,42,47,43,0.6618705035971223,0.49411764705882355,134
2023-05-16,1000,135,78,64,45,57,19,0.5777777777777777,0.703125,123
2023-05-17,1000,142,84,66,55,58,11,0.5915492957746479,0.8333333333333334,139
2023-05-18,1000,145,75,54,46,70,8,0.5172413793103449,0.8518518518518519,121
2023-05-19,1000,137,82,58,46,55,12,0.5985401459854015,0.7931034482758621,128
2023-05-20,1000,150,75,73,34,75,39,0.5,0.4657534246575342,109
2023-05-21,1000,120,92,52,40,28,12,0.7666666666666667,0.7692307692307693,132
2023-05-22,1000,141,92,97,49,49,48,0.6524822695035462,0.5051546391752577,141
2023-05-23,1000,127,88,72,41,39,31,0.6929133858267716,0.5694444444444444,129
2023-05-24,1000,111,83,74,32,28,42,0.7477477477477478,0.43243243243243246,115
2023-05-25,1000,100,84,80,48,16,32,0.84,0.6,132
2023-05-26,1000,142,82,97,48,60,49,0.5774647887323944,0.4948453608247423,130
2023-05-27,1000,114,83,77,48,31,29,0.7280701754385965,0.6233766233766234,131
2023-05-28,1000,124,83,89,52,41,37,0.6693548387096774,0.5842696629213483,135
2023-05-29,1000,137,99,63,38,38,25,0.7226277372262774,0.6031746031746031,137
2023-05-30,1000,149,94,51,46,55,5,0.6308724832214765,0.9019607843137255,140
2023-05-31,1000,139,100,64,42,39,22,0.7194244604316546,0.65625,142
2023-06-01,1000,117,95,52,40,22,12,0.811965811965812,0.7692307692307693,135
2023-06-02,1000,114,84,99,32,30,67,0.7368421052631579,0.32323232323232326,116
2023-06-03,1000,127,87,92,38,40,54,0.6850393700787402,0.41304347826086957,125
2023-06-04,1000,113,87,62,38,26,24,0.7699115044247787,0.6129032258064516,125
2023-06-05,1000,114,61,59,44,53,15,0.5350877192982456,0.7457627118644068,105
2023-06-06,1000,111,78,80,40,33,40,0.7027027027027027,0.5,118
2023-06-07,1000,102,81,70,40,21,30,0.7941176470588235,0.5714285714285714,121
2023-06-08,1000,111,75,100,40,36,60,0.6756756756756757,0.4,115
2023-06-09,1000,121,81,72,43,40,29,0.6694214876033058,0.5972222222222222,124
2023-06-10,1000,139,71,52,35,68,17,0.5107913669064749,0.6730769230769231,106
2023-06-11,1000,126,75,54,35,51,19,0.5952380952380952,0.6481481481481481,110
2023-06-12,1000,103,77,69,44,26,25,0.7475728155339806,0.6376811594202898,121
2023-06-13,1000,133,91,75,41,42,34,0.6842105263157895,0.5466666666666666,132
2023-06-14,1000,104,93,84,49,11,35,0.8942307692307693,0.5833333333333334,142
2023-06-15,1000,122,86,71,48,36,23,0.7049180327868853,0.676056338028169,134
2023-06-16,1000,118,75,58,37,43,21,0.635593220338983,0.6379310344827587,112
2023-06-17,1000,122,89,60,33,33,27,0.7295081967213115,0.55,122
2023-06-18,1000,132,79,85,30,53,55,0.5984848484848485,0.35294117647058826,109
2023-06-19,1000,112,84,86,37,28,49,0.75,0.43023255813953487,121
2023-06-20,1000,149,104,84,34,45,50,0.697986577181208,0.40476190476190477,138
2023-06-21,1000,150,78,80,42,72,38,0.52,0.525,120
2023-06-22,1000,122,86,89,37,36,52,0.7049180327868853,0.4157303370786517,123
2023-06-23,1000,101,80,62,35,21,27,0.7920792079207921,0.5645161290322581,115
2023-06-24,1000,116,84,65,51,32,14,0.7241379310344828,0.7846153846153846,135
2023-06-25,1000,104,68,50,50,36,0,0.6538461538461539,1,118
2023-06-26,1000,130,65,80,42,65,38,0.5,0.525,107
2023-06-27,1000,144,70,94,39,74,55,0.4861111111111111,0.4148936170212766,109
2023-06-28,1000,117,88,75,35,29,40,0.7521367521367521,0.4666666666666667,123
2023-06-29,1000,141,91,63,36,50,27,0.6453900709219859,0.5714285714285714,127
2023-06-30,1000,138,64,83,49,74,34,0.463768115942029,0.5903614457831325,113
2023-07-01,1000,106,74,65,48,32,17,0.6981132075471698,0.7384615384615385,122
2023-07-02,1000,132,97,96,37,35,59,0.7348484848484849,0.3854166666666667,134
2023-07-03,1000,132,98,55,37,34,18,0.7424242424242424,0.6727272727272727,135
2023-07-04,1000,102,65,72,38,37,34,0.6372549019607843,0.5277777777777778,103
2023-07-05,1000,108,69,53,33,39,20,0.6388888888888888,0.6226415094339622,102
2023-07-06,1000,144,71,93,39,73,54,0.4930555555555556,0.41935483870967744,110
2023-07-07,1000,113,87,97,43,26,54,0.7699115044247787,0.44329896907216493,130
2023-07-08,1000,132,81,51,46,51,5,0.6136363636363636,0.9019607843137255,127
2023-07-09,1000,113,67,76,28,46,48,0.5929203539823009,0.3684210526315789,95
2023-07-10,1000,135,78,90,40,57,50,0.5777777777777777,0.4444444444444444,118
2023-07-11,1000,105,95,57,40,10,17,0.9047619047619048,0.7017543859649122,135
2023-07-12,1000,149,85,53,32,64,21,0.5704697986577181,0.6037735849056604,117
2023-07-13,1000,108,81,85,45,27,40,0.75,0.5294117647058824,126
2023-07-14,1000,105,68,50,32,37,18,0.6476190476190476,0.64,100
2023-07-15,1000,102,80,79,41,22,38,0.7843137254901961,0.5189873417721519,121
2023-07-16,1000,142,95,77,38,47,39,0.6690140845070423,0.4935064935064935,133
2023-07-17,1000,103,87,75,36,16,39,0.8446601941747572,0.48,123
2023-07-18,1000,118,85,77,32,33,45,0.7203389830508474,0.4155844155844156,117
2023-07-19,1000,150,88,74,45,62,29,0.5866666666666667,0.6081081081081081,133
2023-07-20,1000,130,74,77,42,56,35,0.5692307692307692,0.5454545454545454,116
2023-07-21,1000,107,91,99,48,16,51,0.8504672897196262,0.48484848484848486,139
2023-07-22,1000,145,99,61,42,46,19,0.6827586206896552,0.6885245901639344,141
2023-07-23,1000,133,100,95,32,33,63,0.7518796992481203,0.3368421052631579,132
2023-07-24,1000,111,70,52,37,41,15,0.6306306306306306,0.7115384615384616,107
2023-07-25,1000,148,69,77,43,79,34,0.46621621621621623,0.5584415584415584,112
2023-07-26,1000,139,82,69,39,57,30,0.5899280575539568,0.5652173913043478,121
2023-07-27,1000,148,96,86,43,52,43,0.6486486486486487,0.5,139
2023-07-28,1000,139,94,85,38,45,47,0.6762589928057554,0.4470588235294118,132
2023-07-29,1000,146,75,93,38,71,55,0.5136986301369864,0.40860215053763443,113
2023-07-30,1000,100,82,53,31,18,22,0.82,0.5849056603773585,113
2023-07-31,1000,111,75,87,40,36,47,0.6756756756756757,0.45977011494252873,115
2023-08-01,1000,135,91,97,40,44,57,0.674074074074074,0.41237113402061853,131
2023-08-02,1000,148,74,86,36,74,50,0.5,0.4186046511627907,110
2023-08-03,1000,111,85,59,40,26,19,0.7657657657657657,0.6779661016949152,125
2023-08-04,1000,138,65,99,47,73,52,0.47101449275362317,0.47474747474747475,112
2023-08-05,1000,124,77,61,31,47,30,0.6209677419354839,0.5081967213114754,108
2023-08-06,1000,127,75,91,30,52,61,0.5905511811023622,0.32967032967032966,105
2023-08-07,1000,128,69,63,35,59,28,0.5390625,0.5555555555555556,104
2023-08-08,1000,107,87,52,36,20,16,0.8130841121495327,0.6923076923076923,123
2023-08-09,1000,119,74,50,40,45,10,0.6218487394957983,0.8,114
2023-08-10,1000,121,78,93,32,43,61,0.6446280991735537,0.34408602150537637,110
2023-08-11,1000,104,71,60,35,33,25,0.6826923076923077,0.5833333333333334,106
2023-08-12,1000,116,71,57,43,45,14,0.6120689655172413,0.7543859649122807,114
2023-08-13,1000,143,75,70,39,68,31,0.5244755244755245,0.5571428571428572,114
2023-08-14,1000,149,79,97,49,70,48,0.5302013422818792,0.5051546391752577,128
2023-08-15,1000,133,82,52,33,51,19,0.6165413533834586,0.6346153846153846,115
2023-08-16,1000,123,76,84,25,47,59,0.6178861788617886,0.2976190476190476,101
2023-08-17,1000,118,71,83,35,47,48,0.6016949152542372,0.42168674698795183,106
2023-08-18,1000,135,99,57,43,36,14,0.7333333333333333,0.7543859649122807,142
2023-08-19,1000,149,84,81,42,65,39,0.5637583892617449,0.5185185185185185,126
2023-08-20,1000,144,90,79,47,54,32,0.625,0.5949367088607594,137
2023-08-21,1000,124,75,54,45,49,9,0.6048387096774194,0.8333333333333334,120
2023-08-22,1000,108,90,96,45,18,51,0.8333333333333334,0.46875,135
2023-08-23,1000,107,79,52,46,28,6,0.7383177570093458,0.8846153846153846,125
2023-08-24,1000,143,72,85,37,71,48,0.5034965034965035,0.43529411764705883,109
2023-08-25,1000,114,92,76,37,22,39,0.8070175438596491,0.4868421052631579,129
2023-08-26,1000,147,80,55,36,67,19,0.54421768707483,0.6545454545454545,116
2023-08-27,1000,134,77,55,45,57,10,0.5746268656716418,0.8181818181818182,122
2023-08-28,1000,110,64,77,35,46,42,0.5818181818181818,0.45454545454545453,99
2023-08-29,1000,126,88,73,36,38,37,0.6984126984126984,0.4931506849315068,124
2023-08-30,1000,146,75,66,42,71,24,0.5136986301369864,0.6363636363636364,117
2023-08-31,1000,106,72,92,50,34,42,0.6792452830188679,0.5434782608695652,122
2023-09-01,1000,137,71,56,38,66,18,0.5182481751824818,0.6785714285714286,109
2023-09-02,1000,124,79,87,31,45,56,0.6370967741935484,0.3563218390804598,110
2023-09-03,1000,105,95,80,45,10,35,0.9047619047619048,0.5625,140
2023-09-04,1000,113,90,58,29,23,29,0.7964601769911505,0.5,119
2023-09-05,1000,149,72,71,40,77,31,0.48322147651006714,0.5633802816901409,112
2023-09-06,1000,106,79,78,42,27,36,0.7452830188679245,0.5384615384615384,121
2023-09-07,1000,108,97,51,38,11,13,0.8981481481481481,0.7450980392156863,135
2023-09-08,1000,135,81,63,42,54,21,0.6,0.6666666666666666,123
2023-09-09,1000,103,83,74,38,20,36,0.8058252427184466,0.5135135135135135,121
2023-09-10,1000,115,73,78,33,42,45,0.6347826086956522,0.4230769230769231,106
2023-09-11,1000,136,80,50,43,56,7,0.5882352941176471,0.86,123
2023-09-12,1000,147,86,76,32,61,44,0.5850340136054422,0.42105263157894735,118
2023-09-13,1000,140,86,94,42,54,52,0.6142857142857143,0.44680851063829785,128
2023-09-14,1000,130,90,53,34,40,19,0.6923076923076923,0.6415094339622641,124
2023-09-15,1000,125,93,59,50,32,9,0.744,0.847457627118644,143
2023-09-16,1000,102,76,70,40,26,30,0.7450980392156863,0.5714285714285714,116
2023-09-17,1000,132,94,98,53,38,45,0.7121212121212122,0.5408163265306123,147
2023-09-18,1000,100,64,91,32,36,59,0.64,0.3516483516483517,96
2023-09-19,1000,141,77,68,36,64,32,0.5460992907801419,0.5294117647058824,113
2023-09-20,1000,126,82,51,37,44,14,0.6507936507936508,0.7254901960784313,119
2023-09-21,1000,132,81,51,33,51,18,0.6136363636363636,0.6470588235294118,114
2023-09-22,1000,120,90,69,33,30,36,0.75,0.4782608695652174,123
2023-09-23,1000,122,81,83,36,41,47,0.6639344262295082,0.43373493975903615,117
2023-09-24,1000,100,88,76,43,12,33,0.88,0.5657894736842105,131
2023-09-25,1000,137,80,54,26,57,28,0.583941605839416,0.48148148148148145,106
2023-09-26,1000,134,84,85,38,50,47,0.6268656716417911,0.4470588235294118,122
2023-09-27,1000,138,80,58,37,58,21,0.5797101449275363,0.6379310344827587,117
2023-09-28,1000,118,70,91,32,48,59,0.5932203389830508,0.3516483516483517,102
2023-09-29,1000,110,70,66,42,40,24,0.6363636363636364,0.6363636363636364,112
2023-09-30,1000,105,84,96,36,21,60,0.8,0.375,120
2023-10-01,1000,141,93,98,43,48,55,0.6595744680851063,0.4387755102040816,136
2023-10-02,1000,137,80,58,41,57,17,0.583941605839416,0.7068965517241379,121
2023-10-03,1000,123,83,63,36,40,27,0.6747967479674797,0.5714285714285714,119
2023-10-04,1000,101,71,67,40,30,27,0.7029702970297029,0.5970149253731343,111
2023-10-05,1000,142,85,89,46,57,43,0.5985915492957746,0.5168539325842697,131
2023-10-06,1000,139,77,88,35,62,53,0.5539568345323741,0.3977272727272727,112
2023-10-07,1000,135,86,64,31,49,33,0.6370370370370371,0.484375,117
2023-10-08,1000,146,85,66,49,61,17,0.5821917808219178,0.7424242424242424,134
2023-10-09,1000,122,80,61,37,42,24,0.6557377049180327,0.6065573770491803,117
2023-10-10,1000,149,89,86,47,60,39,0.5973154362416108,0.5465116279069767,136
2023-10-11,1000,144,59,79,47,85,32,0.4097222222222222,0.5949367088607594,106
2023-10-12,1000,139,69,86,33,70,53,0.49640287769784175,0.38372093023255816,102
2023-10-13,1000,104,87,88,38,17,50,0.8365384615384616,0.4318181818181818,125
2023-10-14,1000,146,68,80,40,78,40,0.4657534246575342,0.5,108
2023-10-15,1000,122,77,53,35,45,18,0.6311475409836066,0.660377358490566,112
2023-10-16,1000,102,93,87,36,9,51,0.9117647058823529,0.41379310344827586,129
2023-10-17,1000,105,76,96,36,29,60,0.7238095238095238,0.375,112
2023-10-18,1000,123,65,94,38,58,56,0.5284552845528455,0.40425531914893614,103
2023-10-19,1000,123,88,62,39,35,23,0.7154471544715447,0.6290322580645161,127
2023-10-20,1000,132,72,52,37,60,15,0.5454545454545454,0.7115384615384616,109
2023-10-21,1000,108,80,91,37,28,54,0.7407407407407407,0.4065934065934066,117
2023-10-22,1000,147,80,87,40,67,47,0.54421768707483,0.45977011494252873,120
2023-10-23,1000,118,95,80,42,23,38,0.8050847457627118,0.525,137
2023-10-24,1000,148,90,86,40,58,46,0.6081081081081081,0.46511627906976744,130
2023-10-25,1000,119,77,53,39,42,14,0.6470588235294118,0.7358490566037735,116
2023-10-26,1000,105,78,54,41,27,13,0.7428571428571429,0.7592592592592593,119
2023-10-27,1000,109,77,89,44,32,45,0.7064220183486238,0.4943820224719101,121
2023-10-28,1000,125,78,82,42,47,40,0.624,0.5121951219512195,120
2023-10-29,1000,109,72,55,34,37,21,0.6605504587155964,0.6181818181818182,106
2023-10-30,1000,135,77,96,48,58,48,0.5703703703703704,0.5,125
2023-10-31,1000,122,89,77,43,33,34,0.7295081967213115,0.5584415584415584,132
2023-11-01,1000,144,81,74,37,63,37,0.5625,0.5,118
2023-11-02,1000,112,83,78,42,29,36,0.7410714285714286,0.5384615384615384,125
2023-11-03,1000,107,88,68,40,19,28,0.822429906542056,0.5882352941176471,128
2023-11-04,1000,117,81,54,40,36,14,0.6923076923076923,0.7407407407407407,121
2023-11-05,1000,128,78,57,44,50,13,0.609375,0.7719298245614035,122
2023-11-06,1000,129,96,96,45,33,51,0.7441860465116279,0.46875,141
2023-11-07,1000,106,87,80,34,19,46,0.8207547169811321,0.425,121
2023-11-08,1000,125,77,78,60,48,18,0.616,0.7692307692307693,137
2023-11-09,1000,133,75,56,51,58,5,0.5639097744360902,0.9107142857142857,126
2023-11-10,1000,133,70,58,49,63,9,0.5263157894736842,0.8448275862068966,119
2023-11-11,1000,100,94,97,39,6,58,0.94,0.4020618556701031,133
2023-11-12,1000,116,77,60,41,39,19,0.6637931034482759,0.6833333333333333,118
2023-11-13,1000,109,66,97,29,43,68,0.6055045871559633,0.29896907216494845,95
2023-11-14,1000,143,78,89,36,65,53,0.5454545454545454,0.4044943820224719,114
2023-11-15,1000,128,72,73,36,56,37,0.5625,0.4931506849315068,108
2023-11-16,1000,104,83,72,26,21,46,0.7980769230769231,0.3611111111111111,109
2023-11-17,1000,118,76,62,36,42,26,0.6440677966101694,0.5806451612903226,112
2023-11-18,1000,111,81,54,46,30,8,0.7297297297297297,0.8518518518518519,127
2023-11-19,1000,148,79,64,34,69,30,0.5337837837837838,0.53125,113
2023-11-20,1000,142,78,95,48,64,47,0.5492957746478874,0.5052631578947369,126
2023-11-21,1000,145,70,84,35,75,49,0.4827586206896552,0.4166666666666667,105
2023-11-22,1000,134,83,98,38,51,60,0.6194029850746269,0.3877551020408163,121
2023-11-23,1000,137,74,98,33,63,65,0.5401459854014599,0.336734693877551,107
2023-11-24,1000,144,64,57,27,80,30,0.4444444444444444,0.47368421052631576,91
2023-11-25,1000,138,79,65,39,59,26,0.572463768115942,0.6,118
2023-11-26,1000,120,78,75,40,42,35,0.65,0.5333333333333333,118
2023-11-27,1000,117,83,67,43,34,24,0.7094017094017094,0.6417910447761194,126
2023-11-28,1000,106,85,95,39,21,56,0.8018867924528302,0.4105263157894737,124
2023-11-29,1000,131,64,52,45,67,7,0.48854961832061067,0.8653846153846154,109
2023-11-30,1000,149,89,55,46,60,9,0.5973154362416108,0.8363636363636363,135
2023-12-01,1000,110,73,70,43,37,27,0.6636363636363637,0.6142857142857143,116
2023-12-02,1000,117,87,64,47,30,17,0.7435897435897436,0.734375,134
2023-12-03,1000,135,80,59,39,55,20,0.5925925925925926,0.6610169491525424,119
2023-12-04,1000,133,83,50,29,50,21,0.6240601503759399,0.58,112
2023-12-05,1000,105,84,50,41,21,9,0.8,0.82,125
2023-12-06,1000,116,80,70,39,36,31,0.6896551724137931,0.5571428571428572,119
2023-12-07,1000,108,92,73,34,16,39,0.8518518518518519,0.4657534246575342,126
2023-12-08,1000,109,91,92,45,18,47,0.8348623853211009,0.4891304347826087,136
2023-12-09,1000,129,70,51,39,59,12,0.5426356589147286,0.7647058823529411,109
2023-12-10,1000,134,77,85,40,57,45,0.5746268656716418,0.47058823529411764,117
2023-12-11,1000,126,86,91,46,40,45,0.6825396825396826,0.5054945054945055,132
2023-12-12,1000,106,78,58,32,28,26,0.7358490566037735,0.5517241379310345,110
2023-12-13,1000,100,100,85,39,0,46,1,0.4588235294117647,139
2023-12-14,1000,143,58,59,49,85,10,0.40559440559440557,0.8305084745762712,107
2023-12-15,1000,123,86,98,42,37,56,0.6991869918699187,0.42857142857142855,128
2023-12-16,1000,122,85,93,53,37,40,0.6967213114754098,0.5698924731182796,138
2023-12-17,1000,146,88,65,44,58,21,0.6027397260273972,0.676923076923077,132
2023-12-18,1000,104,70,64,31,34,33,0.6730769230769231,0.484375,101
2023-12-19,1000,121,90,85,31,31,54,0.743801652892562,0.36470588235294116,121
2023-12-20,1000,110,70,57,33,40,24,0.6363636363636364,0.5789473684210527,103
2023-12-21,1000,100,86,78,44,14,34,0.86,0.5641025641025641,130
2023-12-22,1000,141,78,76,39,63,37,0.5531914893617021,0.5131578947368421,117
2023-12-23,1000,150,59,65,38,91,27,0.3933333333333333,0.5846153846153846,97
2023-12-24,1000,116,78,54,37,38,17,0.6724137931034483,0.6851851851851852,115
2023-12-25,1000,148,85,92,43,63,49,0.5743243243243243,0.4673913043478261,128
2023-12-26,1000,145,72,94,45,73,49,0.496551724137931,0.4787234042553192,117
2023-12-27,1000,133,73,89,24,60,65,0.5488721804511278,0.2696629213483146,97
2023-12-28,1000,100,85,76,40,15,36,0.85,0.5263157894736842,125
2023-12-29,1000,117,67,98,35,50,63,0.5726495726495726,0.35714285714285715,102
2023-12-30,1000,139,78,77,37,61,40,0.5611510791366906,0.4805194805194805,115
2023-12-31,1000,115,88,57,37,27,20,0.7652173913043478,0.6491228070175439,125
2023-01-01,1001,113,70,85,34,43,51,0.6194690265486725,0.4,104
2023-01-02,1001,126,83,58,35,43,23,0.6587301587301587,0.603448275862069,118
2023-01-03,1001,145,104,51,33,41,18,0.7172413793103448,0.6470588235294118,137
2023-01-04,1001,146,82,80,38,64,42,0.5616438356164384,0.475,120
2023-01-05,1001,131,91,88,27,40,61,0.6946564885496184,0.3068181818181818,118
2023-01-06,1001,129,71,58,49,58,9,0.5503875968992248,0.8448275862068966,120
2023-01-07,1001,114,79,97,41,35,56,0.6929824561403509,0.422680412371134,120
2023-01-08,1001,135,83,85,40,52,45,0.6148148148148148,0.47058823529411764,123
2023-01-09,1001,126,88,92,41,38,51,0.6984126984126984,0.44565217391304346,129
2023-01-10,1001,111,82,50,44,29,6,0.7387387387387387,0.88,126
2023-01-11,1001,115,85,93,50,30,43,0.7391304347826086,0.5376344086021505,135
2023-01-12,1001,116,84,65,42,32,23,0.7241379310344828,0.6461538461538462,126
2023-01-13,1001,115,62,54,47,53,7,0.5391304347826087,0.8703703703703703,109
2023-01-14,1001,137,69,55,44,68,11,0.5036496350364964,0.8,113
2023-01-15,1001,113,70,74,55,43,19,0.6194690265486725,0.7432432432432432,125
2023-01-16,1001,102,92,75,39,10,36,0.9019607843137255,0.52,131
2023-01-17,1001,129,90,53,39,39,14,0.6976744186046512,0.7358490566037735,129
2023-01-18,1001,121,89,100,40,32,60,0.7355371900826446,0.4,129
2023-01-19,1001,129,87,78,38,42,40,0.6744186046511628,0.48717948717948717,125
2023-01-20,1001,135,65,55,43,70,12,0.48148148148148145,0.7818181818181819,108
2023-01-21,1001,138,72,63,42,66,21,0.5217391304347826,0.6666666666666666,114
2023-01-22,1001,121,96,70,33,25,37,0.7933884297520661,0.4714285714285714,129
2023-01-23,1001,143,85,64,40,58,24,0.5944055944055944,0.625,125
2023-01-24,1001,135,76,66,40,59,26,0.562962962962963,0.6060606060606061,116
2023-01-25,1001,114,97,79,47,17,32,0.8508771929824561,0.5949367088607594,144
2023-01-26,1001,130,62,82,50,68,32,0.47692307692307695,0.6097560975609756,112
2023-01-27,1001,103,75,97,51,28,46,0.7281553398058253,0.5257731958762887,126
2023-01-28,1001,129,80,74,48,49,26,0.6201550387596899,0.6486486486486487,128
2023-01-29,1001,138,77,72,44,61,28,0.5579710144927537,0.6111111111111112,121
2023-01-30,1001,131,74,57,29,57,28,0.5648854961832062,0.5087719298245614,103
2023-01-31,1001,123,78,93,37,45,56,0.6341463414634146,0.3978494623655914,115
2023-02-01,1001,118,71,80,40,47,40,0.6016949152542372,0.5,111
2023-02-02,1001,123,74,52,36,49,16,0.6016260162601627,0.6923076923076923,110
2023-02-03,1001,147,84,81,36,63,45,0.5714285714285714,0.4444444444444444,120
2023-02-04,1001,135,74,74,34,61,40,0.5481481481481482,0.4594594594594595,108
2023-02-05,1001,124,89,75,38,35,37,0.717741935483871,0.5066666666666667,127
2023-02-06,1001,134,86,76,34,48,42,0.6417910447761194,0.4473684210526316,120
2023-02-07,1001,122,85,93,46,37,47,0.6967213114754098,0.4946236559139785,131
2023-02-08,1001,103,83,92,38,20,54,0.8058252427184466,0.41304347826086957,121
2023-02-09,1001,136,80,83,41,56,42,0.5882352941176471,0.4939759036144578,121
2023-02-10,1001,117,89,63,46,28,17,0.7606837606837606,0.7301587301587301,135
2023-02-11,1001,127,81,52,45,46,7,0.6377952755905512,0.8653846153846154,126
2023-02-12,1001,100,76,78,45,24,33,0.76,0.5769230769230769,121
2023-02-13,1001,116,74,90,38,42,52,0.6379310344827587,0.4222222222222222,112
2023-02-14,1001,108,78,64,43,30,21,0.7222222222222222,0.671875,121
2023-02-15,1001,118,87,69,38,31,31,0.7372881355932204,0.5507246376811594,125
2023-02-16,1001,128,85,86,46,43,40,0.6640625,0.5348837209302325,131
2023-02-17,1001,110,72,64,34,38,30,0.6545454545454545,0.53125,106
2023-02-18,1001,121,84,59,27,37,32,0.6942148760330579,0.4576271186440678,111
2023-02-19,1001,138,75,68,49,63,19,0.5434782608695652,0.7205882352941176,124
2023-02-20,1001,134,84,72,42,50,30,0.6268656716417911,0.5833333333333334,126
2023-02-21,1001,128,80,65,39,48,26,0.625,0.6,119
2023-02-22,1001,146,93,78,41,53,37,0.636986301369863,0.5256410256410257,134
2023-02-23,1001,120,76,84,29,44,55,0.6333333333333333,0.34523809523809523,105
2023-02-24,1001,132,77,62,48,55,14,0.5833333333333334,0.7741935483870968,125
2023-02-25,1001,116,101,86,35,15,51,0.8706896551724138,0.4069767441860465,136
2023-02-26,1001,139,82,85,41,57,44,0.5899280575539568,0.4823529411764706,123
2023-02-27,1001,105,83,69,32,22,37,0.7904761904761904,0.463768115942029,115
2023-02-28,1001,127,76,95,38,51,57,0.5984251968503937,0.4,114
2023-03-01,1001,134,73,58,33,61,25,0.5447761194029851,0.5689655172413793,106
2023-03-02,1001,123,90,67,33,33,34,0.7317073170731707,0.4925373134328358,123
2023-03-03,1001,108,94,79,38,14,41,0.8703703703703703,0.4810126582278481,132
2023-03-04,1001,139,78,56,30,61,26,0.5611510791366906,0.5357142857142857,108
2023-03-05,1001,110,73,65,45,37,20,0.6636363636363637,0.6923076923076923,118
2023-03-06,1001,107,70,92,41,37,51,0.6542056074766355,0.44565217391304346,111
2023-03-07,1001,131,80,94,34,51,60,0.6106870229007634,0.3617021276595745,114
2023-03-08,1001,149,85,60,36,64,24,0.5704697986577181,0.6,121
2023-03-09,1001,108,73,67,50,35,17,0.6759259259259259,0.746268656716418,123
2023-03-10,1001,140,100,71,47,40,24,0.7142857142857143,0.6619718309859155,147
2023-03-11,1001,115,82,99,34,33,65,0.7130434782608696,0.3434343434343434,116
2023-03-12,1001,110,85,77,34,25,43,0.7727272727272727,0.44155844155844154,119
2023-03-13,1001,113,68,99,34,45,65,0.6017699115044248,0.3434343434343434,102
2023-03-14,1001,109,75,69,42,34,27,0.6880733944954128,0.6086956521739131,117
2023-03-15,1001,131,84,65,53,47,12,0.6412213740458015,0.8153846153846154,137
2023-03-16,1001,147,91,78,52,56,26,0.6190476190476191,0.6666666666666666,143
2023-03-17,1001,136,78,64,44,58,20,0.5735294117647058,0.6875,122
2023-03-18,1001,146,65,99,39,81,60,0.4452054794520548,0.3939393939393939,104
2023-03-19,1001,134,86,66,42,48,24,0.6417910447761194,0.6363636363636364,128
2023-03-20,1001,119,89,96,49,30,47,0.7478991596638656,0.5104166666666666,138
2023-03-21,1001,107,82,93,45,25,48,0.7663551401869159,0.4838709677419355,127
2023-03-22,1001,120,78,59,39,42,20,0.65,0.6610169491525424,117
2023-03-23,1001,116,83,88,33,33,55,0.7155172413793104,0.375,116
2023-03-24,1001,121,87,98,49,34,49,0.71900826446281,0.5,136
2023-03-25,1001,137,89,56,56,48,0,0.6496350364963503,1,145
2023-03-26,1001,137,74,100,40,63,60,0.5401459854014599,0.4,114
2023-03-27,1001,103,88,88,32,15,56,0.8543689320388349,0.36363636363636365,120
2023-03-28,1001,111,85,97,51,26,46,0.7657657657657657,0.5257731958762887,136
2023-03-29,1001,149,77,61,32,72,29,0.5167785234899329,0.5245901639344263,109
2023-03-30,1001,135,85,86,35,50,51,0.6296296296296297,0.4069767441860465,120
2023-03-31,1001,137,83,81,29,54,52,0.6058394160583942,0.35802469135802467,112
2023-04-01,1001,147,86,98,41,61,57,0.5850340136054422,0.41836734693877553,127
2023-04-02,1001,126,73,82,26,53,56,0.5793650793650794,0.3170731707317073,99
2023-04-03,1001,119,72,99,48,47,51,0.6050420168067226,0.48484848484848486,120
2023-04-04,1001,138,81,79,48,57,31,0.5869565217391305,0.6075949367088608,129
2023-04-05,1001,136,93,77,44,43,33,0.6838235294117647,0.5714285714285714,137
2023-04-06,1001,116,70,93,46,46,47,0.603448275862069,0.4946236559139785,116
2023-04-07,1001,100,80,58,30,20,28,0.8,0.5172413793103449,110
2023-04-08,1001,147,84,98,37,63,61,0.5714285714285714,0.37755102040816324,121
2023-04-09,1001,107,85,72,39,22,33,0.794392523364486,0.5416666666666666,124
2023-04-10,1001,127,63,79,46,64,33,0.49606299212598426,0.5822784810126582,109
2023-04-11,1001,100,84,70,42,16,28,0.84,0.6,126
2023-04-12,1001,101,80,69,35,21,34,0.7920792079207921,0.5072463768115942,115
2023-04-13,1001,135,78,93,43,57,50,0.5777777777777777,0.46236559139784944,121
2023-04-14,1001,119,81,96,37,38,59,0.680672268907563,0.3854166666666667,118
2023-04-15,1001,105,90,80,41,15,39,0.8571428571428571,0.5125,131
2023-04-16,1001,130,74,79,34,56,45,0.5692307692307692,0.43037974683544306,108
2023-04-17,1001,134,85,65,47,49,18,0.6343283582089553,0.7230769230769231,132
2023-04-18,1001,142,74,57,34,68,23,0.5211267605633803,0.5964912280701754,108
2023-04-19,1001,106,88,87,50,18,37,0.8301886792452831,0.5747126436781609,138
2023-04-20,1001,139,75,75,46,64,29,0.539568345323741,0.6133333333333333,121
2023-04-21,1001,118,80,99,32,38,67,0.6779661016949152,0.32323232323232326,112
2023-04-22,1001,101,90,79,33,11,46,0.8910891089108911,0.4177215189873418,123
2023-04-23,1001,145,91,55,38,54,17,0.6275862068965518,0.6909090909090909,129
2023-04-24,1001,108,75,95,38,33,57,0.6944444444444444,0.4,113
2023-04-25,1001,127,81,86,35,46,51,0.6377952755905512,0.4069767441860465,116
2023-04-26,1001,120,63,58,50,57,8,0.525,0.8620689655172413,113
2023-04-27,1001,118,71,98,41,47,57,0.6016949152542372,0.41836734693877553,112
2023-04-28,1001,105,61,50,41,44,9,0.580952380952381,0.82,102
2023-04-29,1001,119,75,65,39,44,26,0.6302521008403361,0.6,114
2023-04-30,1001,131,86,99,33,45,66,0.6564885496183206,0.3333333333333333,119
2023-05-01,1001,101,65,61,43,36,18,0.6435643564356436,0.7049180327868853,108
2023-05-02,1001,127,83,50,37,44,13,0.6535433070866141,0.74,120
2023-05-03,1001,118,82,75,43,36,32,0.6949152542372882,0.5733333333333334,125
2023-05-04,1001,109,85,81,31,24,50,0.7798165137614679,0.38271604938271603,116
2023-05-05,1001,101,74,66,38,27,28,0.7326732673267327,0.5757575757575758,112
2023-05-06,1001,150,86,57,37,64,20,0.5733333333333334,0.6491228070175439,123
2023-05-07,1001,146,75,73,32,71,41,0.5136986301369864,0.4383561643835616,107
2023-05-08,1001,111,93,79,40,18,39,0.8378378378378378,0.5063291139240507,133
2023-05-09,1001,113,71,54,41,42,13,0.6283185840707964,0.7592592592592593,112
2023-05-10,1001,119,71,69,44,48,25,0.5966386554621849,0.6376811594202898,115
2023-05-11,1001,146,86,81,39,60,42,0.589041095890411,0.48148148148148145,125
2023-05-12,1001,137,85,58,35,52,23,0.6204379562043796,0.603448275862069,120
2023-05-13,1001,109,80,54,40,29,14,0.7339449541284404,0.7407407407407407,120
2023-05-14,1001,130,69,74,43,61,31,0.5307692307692308,0.581081081081081,112
2023-05-15,1001,108,69,58,46,39,12,0.6388888888888888,0.7931034482758621,115
2023-05-16,1001,143,74,78,38,69,40,0.5174825174825175,0.48717948717948717,112
2023-05-17,1001,134,73,98,47,61,51,0.5447761194029851,0.47959183673469385,120
2023-05-18,1001,103,87,76,36,16,40,0.8446601941747572,0.47368421052631576,123
2023-05-19,1001,138,69,88,38,69,50,0.5,0.4318181818181818,107
2023-05-20,1001,104,75,85,46,29,39,0.7211538461538461,0.5411764705882353,121
2023-05-21,1001,131,81,79,37,50,42,0.6183206106870229,0.46835443037974683,118
2023-05-22,1001,130,74,56,39,56,17,0.5692307692307692,0.6964285714285714,113
2023-05-23,1001,108,70,51,41,38,10,0.6481481481481481,0.803921568627451,111
2023-05-24,1001,120,69,92,49,51,43,0.575,0.532608695652174,118
2023-05-25,1001,106,71,92,43,35,49,0.6698113207547169,0.4673913043478261,114
2023-05-26,1001,147,77,74,44,70,30,0.5238095238095238,0.5945945945945946,121
2023-05-27,1001,107,96,64,46,11,18,0.897196261682243,0.71875,142
2023-05-28,1001,109,71,90,34,38,56,0.6513761467889908,0.37777777777777777,105
2023-05-29,1001,131,83,61,34,48,27,0.6335877862595419,0.5573770491803278,117
2023-05-30,1001,121,78,100,52,43,48,0.6446280991735537,0.52,130
2023-05-31,1001,140,74,55,33,66,22,0.5285714285714286,0.6,107
2023-06-01,1001,118,71,54,27,47,27,0.6016949152542372,0.5,98
2023-06-02,1001,115,77,66,41,38,25,0.6695652173913044,0.6212121212121212,118
2023-06-03,1001,109,77,82,47,32,35,0.7064220183486238,0.573170731707317,124
2023-06-04,1001,122,72,60,38,50,22,0.5901639344262295,0.6333333333333333,110
2023-06-05,1001,144,95,57,37,49,20,0.6597222222222222,0.6491228070175439,132
2023-06-06,1001,128,71,81,38,57,43,0.5546875,0.4691358024691358,109
2023-06-07,1001,122,72,67,38,50,29,0.5901639344262295,0.5671641791044776,110
2023-06-08,1001,104,85,66,34,19,32,0.8173076923076923,0.5151515151515151,119
2023-06-09,1001,142,70,58,37,72,21,0.49295774647887325,0.6379310344827587,107
2023-06-10,1001,145,91,74,35,54,39,0.6275862068965518,0.47297297297297297,126
2023-06-11,1001,103,98,100,49,5,51,0.9514563106796117,0.49,147
2023-06-12,1001,101,64,70,42,37,28,0.6336633663366337,0.6,106
2023-06-13,1001,125,83,80,40,42,40,0.664,0.5,123
2023-06-14,1001,146,73,72,40,73,32,0.5,0.5555555555555556,113
2023-06-15,1001,111,71,94,42,40,52,0.6396396396396397,0.44680851063829785,113
2023-06-16,1001,111,70,70,50,41,20,0.6306306306306306,0.7142857142857143,120
2023-06-17,1001,104,82,54,34,22,20,0.7884615384615384,0.6296296296296297,116
2023-06-18,1001,127,80,95,40,47,55,0.6299212598425197,0.42105263157894735,120
2023-06-19,1001,104,79,86,37,25,49,0.7596153846153846,0.43023255813953487,116
2023-06-20,1001,140,66,54,25,74,29,0.4714285714285714,0.46296296296296297,91
2023-06-21,1001,146,106,85,39,40,46,0.726027397260274,0.4588235294117647,145
2023-06-22,1001,101,78,61,40,23,21,0.7722772277227723,0.6557377049180327,118
2023-06-23,1001,148,84,84,36,64,48,0.5675675675675675,0.42857142857142855,120
2023-06-24,1001,139,82,53,34,57,19,0.5899280575539568,0.6415094339622641,116
2023-06-25,1001,132,85,53,49,47,4,0.6439393939393939,0.9245283018867925,134
2023-06-26,1001,137,73,53,34,64,19,0.5328467153284672,0.6415094339622641,107
2023-06-27,1001,135,84,56,41,51,15,0.6222222222222222,0.7321428571428571,125
2023-06-28,1001,110,97,92,35,13,57,0.8818181818181818,0.3804347826086957,132
2023-06-29,1001,102,90,96,52,12,44,0.8823529411764706,0.5416666666666666,142
2023-06-30,1001,129,83,60,43,46,17,0.6434108527131783,0.7166666666666667,126
2023-07-01,1001,134,92,71,46,42,25,0.6865671641791045,0.647887323943662,138
2023-07-02,1001,128,83,61,39,45,22,0.6484375,0.639344262295082,122
2023-07-03,1001,131,73,95,50,58,45,0.5572519083969466,0.5263157894736842,123
2023-07-04,1001,116,70,93,27,46,66,0.603448275862069,0.2903225806451613,97
2023-07-05,1001,147,80,83,41,67,42,0.54421768707483,0.4939759036144578,121
2023-07-06,1001,133,80,94,35,53,59,0.6015037593984962,0.3723404255319149,115
2023-07-07,1001,146,80,59,38,66,21,0.547945205479452,0.6440677966101694,118
2023-07-08,1001,115,75,85,35,40,50,0.6521739130434783,0.4117647058823529,110
2023-07-09,1001,135,77,58,57,58,1,0.5703703703703704,0.9827586206896551,134
2023-07-10,1001,102,64,82,42,38,40,0.6274509803921569,0.5121951219512195,106
2023-07-11,1001,136,82,94,43,54,51,0.6029411764705882,0.4574468085106383,125
2023-07-12,1001,127,96,53,33,31,20,0.7559055118110236,0.6226415094339622,129
2023-07-13,1001,139,81,56,47,58,9,0.5827338129496403,0.8392857142857143,128
2023-07-14,1001,119,95,56,39,24,17,0.7983193277310925,0.6964285714285714,134
2023-07-15,1001,103,82,79,39,21,40,0.7961165048543689,0.4936708860759494,121
2023-07-16,1001,130,81,63,43,49,20,0.6230769230769231,0.6825396825396826,124
2023-07-17,1001,116,79,95,36,37,59,0.6810344827586207,0.37894736842105264,115
2023-07-18,1001,112,79,65,40,33,25,0.7053571428571429,0.6153846153846154,119
2023-07-19,1001,101,79,62,33,22,29,0.7821782178217822,0.532258064516129,112
2023-07-20,1001,108,81,69,40,27,29,0.75,0.5797101449275363,121
2023-07-21,1001,135,76,64,44,59,20,0.562962962962963,0.6875,120
2023-07-22,1001,127,79,54,40,48,14,0.6220472440944882,0.7407407407407407,119
2023-07-23,1001,130,76,62,52,54,10,0.5846153846153846,0.8387096774193549,128
2023-07-24,1001,126,92,92,37,34,55,0.7301587301587301,0.40217391304347827,129
2023-07-25,1001,116,82,95,39,34,56,0.7068965517241379,0.4105263157894737,121
2023-07-26,1001,116,77,96,47,39,49,0.6637931034482759,0.4895833333333333,124
2023-07-27,1001,127,75,67,46,52,21,0.5905511811023622,0.6865671641791045,121
2023-07-28,1001,106,79,76,45,27,31,0.7452830188679245,0.5921052631578947,124
2023-07-29,1001,109,79,64,40,30,24,0.7247706422018348,0.625,119
2023-07-30,1001,109,82,85,45,27,40,0.7522935779816514,0.5294117647058824,127
2023-07-31,1001,119,86,69,44,33,25,0.7226890756302521,0.6376811594202898,130
2023-08-01,1001,141,83,67,52,58,15,0.5886524822695035,0.7761194029850746,135
2023-08-02,1001,143,78,85,43,65,42,0.5454545454545454,0.5058823529411764,121
2023-08-03,1001,108,73,72,35,35,37,0.6759259259259259,0.4861111111111111,108
2023-08-04,1001,117,70,62,41,47,21,0.5982905982905983,0.6612903225806451,111
2023-08-05,1001,148,82,71,45,66,26,0.5540540540540541,0.6338028169014085,127
2023-08-06,1001,113,96,76,22,17,54,0.8495575221238938,0.2894736842105263,118
2023-08-07,1001,125,83,90,39,42,51,0.664,0.43333333333333335,122
2023-08-08,1001,129,83,94,46,46,48,0.6434108527131783,0.48936170212765956,129
2023-08-09,1001,119,72,53,35,47,18,0.6050420168067226,0.660377358490566,107
2023-08-10,1001,121,78,84,35,43,49,0.6446280991735537,0.4166666666666667,113
2023-08-11,1001,112,82,75,30,30,45,0.7321428571428571,0.4,112
2023-08-12,1001,139,74,89,32,65,57,0.5323741007194245,0.3595505617977528,106
2023-08-13,1001,126,88,71,39,38,32,0.6984126984126984,0.5492957746478874,127
2023-08-14,1001,117,77,87,30,40,57,0.6581196581196581,0.3448275862068966,107
2023-08-15,1001,103,102,51,45,1,6,0.9902912621359223,0.8823529411764706,147
2023-08-16,1001,139,91,63,36,48,27,0.6546762589928058,0.5714285714285714,127
2023-08-17,1001,140,89,74,51,51,23,0.6357142857142857,0.6891891891891891,140
2023-08-18,1001,113,86,70,39,27,31,0.7610619469026548,0.5571428571428572,125
2023-08-19,1001,127,70,64,38,57,26,0.5511811023622047,0.59375,108
2023-08-20,1001,103,68,64,45,35,19,0.6601941747572816,0.703125,113
2023-08-21,1001,122,81,89,38,41,51,0.6639344262295082,0.42696629213483145,119
2023-08-22,1001,141,73,53,30,68,23,0.5177304964539007,0.5660377358490566,103
2023-08-23,1001,116,75,82,34,41,48,0.646551724137931,0.4146341463414634,109
2023-08-24,1001,127,70,81,42,57,39,0.5511811023622047,0.5185185185185185,112
2023-08-25,1001,130,74,58,46,56,12,0.5692307692307692,0.7931034482758621,120
2023-08-26,1001,126,72,88,42,54,46,0.5714285714285714,0.4772727272727273,114
2023-08-27,1001,102,76,62,40,26,22,0.7450980392156863,0.6451612903225806,116
2023-08-28,1001,140,83,54,44,57,10,0.5928571428571429,0.8148148148148148,127
2023-08-29,1001,141,84,89,44,57,45,0.5957446808510638,0.4943820224719101,128
2023-08-30,1001,121,92,81,47,29,34,0.7603305785123967,0.5802469135802469,139
2023-08-31,1001,101,85,77,32,16,45,0.8415841584158416,0.4155844155844156,117
2023-09-01,1001,128,72,83,40,56,43,0.5625,0.4819277108433735,112
2023-09-02,1001,146,81,99,37,65,62,0.5547945205479452,0.37373737373737376,118
2023-09-03,1001,148,64,89,52,84,37,0.43243243243243246,0.5842696629213483,116
2023-09-04,1001,140,81,74,34,59,40,0.5785714285714286,0.4594594594594595,115
2023-09-05,1001,100,78,57,38,22,19,0.78,0.6666666666666666,116
2023-09-06,1001,141,87,55,38,54,17,0.6170212765957447,0.6909090909090909,125
2023-09-07,1001,127,84,67,53,43,14,0.6614173228346457,0.7910447761194029,137
2023-09-08,1001,122,85,59,34,37,25,0.6967213114754098,0.576271186440678,119
2023-09-09,1001,138,82,95,43,56,52,0.5942028985507246,0.45263157894736844,125
2023-09-10,1001,107,69,93,43,38,50,0.6448598130841121,0.46236559139784944,112
2023-09-11,1001,118,89,78,48,29,30,0.7542372881355932,0.6153846153846154,137
2023-09-12,1001,145,88,99,39,57,60,0.6068965517241379,0.3939393939393939,127
2023-09-13,1001,149,87,63,47,62,16,0.5838926174496645,0.746031746031746,134
2023-09-14,1001,138,82,56,43,56,13,0.5942028985507246,0.7678571428571429,125
2023-09-15,1001,125,66,91,41,59,50,0.528,0.45054945054945056,107
2023-09-16,1001,113,80,52,32,33,20,0.7079646017699115,0.6153846153846154,112
2023-09-17,1001,105,86,68,39,19,29,0.819047619047619,0.5735294117647058,125
2023-09-18,1001,148,83,87,27,65,60,0.5608108108108109,0.3103448275862069,110
2023-09-19,1001,108,75,68,36,33,32,0.6944444444444444,0.5294117647058824,111
2023-09-20,1001,145,84,68,41,61,27,0.5793103448275863,0.6029411764705882,125
2023-09-21,1001,132,75,67,28,57,39,0.5681818181818182,0.417910447761194,103
2023-09-22,1001,114,74,80,36,40,44,0.6491228070175439,0.45,110
2023-09-23,1001,116,78,90,39,38,51,0.6724137931034483,0.43333333333333335,117
2023-09-24,1001,102,91,50,45,11,5,0.8921568627450981,0.9,136
2023-09-25,1001,127,77,96,51,50,45,0.6062992125984252,0.53125,128
2023-09-26,1001,135,87,53,45,48,8,0.6444444444444445,0.8490566037735849,132
2023-09-27,1001,111,79,50,40,32,10,0.7117117117117117,0.8,119
2023-09-28,1001,110,83,93,39,27,54,0.7545454545454545,0.41935483870967744,122
2023-09-29,1001,119,90,94,49,29,45,0.7563025210084033,0.5212765957446809,139
2023-09-30,1001,113,78,57,33,35,24,0.6902654867256637,0.5789473684210527,111
2023-10-01,1001,140,76,91,28,64,63,0.5428571428571428,0.3076923076923077,104
2023-10-02,1001,116,91,90,40,25,50,0.7844827586206896,0.4444444444444444,131
2023-10-03,1001,112,76,61,44,36,17,0.6785714285714286,0.7213114754098361,120
2023-10-04,1001,111,85,82,34,26,48,0.7657657657657657,0.4146341463414634,119
2023-10-05,1001,117,84,76,40,33,36,0.717948717948718,0.5263157894736842,124
2023-10-06,1001,114,75,92,42,39,50,0.6578947368421053,0.45652173913043476,117
2023-10-07,1001,139,77,62,37,62,25,0.5539568345323741,0.5967741935483871,114
2023-10-08,1001,149,72,80,32,77,48,0.48322147651006714,0.4,104
2023-10-09,1001,129,78,64,40,51,24,0.6046511627906976,0.625,118
2023-10-10,1001,150,86,64,35,64,29,0.5733333333333334,0.546875,121
2023-10-11,1001,137,81,86,29,56,57,0.5912408759124088,0.3372093023255814,110
2023-10-12,1001,101,85,84,45,16,39,0.8415841584158416,0.5357142857142857,130
2023-10-13,1001,122,82,50,42,40,8,0.6721311475409836,0.84,124
2023-10-14,1001,148,86,97,42,62,55,0.581081081081081,0.4329896907216495,128
2023-10-15,1001,136,87,50,47,49,3,0.6397058823529411,0.94,134
2023-10-16,1001,106,81,66,40,25,26,0.7641509433962265,0.6060606060606061,121
2023-10-17,1001,114,91,73,41,23,32,0.7982456140350878,0.5616438356164384,132
2023-10-18,1001,112,72,53,31,40,22,0.6428571428571429,0.5849056603773585,103
2023-10-19,1001,144,67,62,41,77,21,0.4652777777777778,0.6612903225806451,108
2023-10-20,1001,105,74,100,42,31,58,0.7047619047619048,0.42,116
2023-10-21,1001,142,71,55,46,71,9,0.5,0.8363636363636363,117
2023-10-22,1001,110,92,86,29,18,57,0.8363636363636363,0.3372093023255814,121
2023-10-23,1001,101,74,96,28,27,68,0.7326732673267327,0.2916666666666667,102
2023-10-24,1001,110,73,64,47,37,17,0.6636363636363637,0.734375,120
2023-10-25,1001,116,86,63,41,30,22,0.7413793103448276,0.6507936507936508,127
2023-10-26,1001,140,84,69,33,56,36,0.6,0.4782608695652174,117
2023-10-27,1001,108,91,76,42,17,34,0.8425925925925926,0.5526315789473685,133
2023-10-28,1001,118,80,70,39,38,31,0.6779661016949152,0.5571428571428572,119
2023-10-29,1001,109,88,60,46,21,14,0.8073394495412844,0.7666666666666667,134
2023-10-30,1001,141,91,88,42,50,46,0.6453900709219859,0.4772727272727273,133
2023-10-31,1001,115,97,89,36,18,53,0.8434782608695652,0.4044943820224719,133
2023-11-01,1001,101,68,84,41,33,43,0.6732673267326733,0.4880952380952381,109
2023-11-02,1001,139,89,86,28,50,58,0.6402877697841727,0.32558139534883723,117
2023-11-03,1001,129,84,84,44,45,40,0.6511627906976745,0.5238095238095238,128
2023-11-04,1001,136,92,75,36,44,39,0.6764705882352942,0.48,128
2023-11-05,1001,106,83,64,38,23,26,0.78301886792452835,0.59375,121
2023-11-06,1001,119,70,51,39,49,12,0.5882352941176471,0.7647058823529411,109
2023-11-07,1001,144,75,66,36,69,30,0.5208333333333334,0.5454545454545454,111
2023-11-08,1001,139,72,87,41,67,46,0.5179856115107914,0.47126436781609193,113
2023-11-09,1001,105,72,86,33,33,53,0.6857142857142857,0.38372093023255816,105
2023-11-10,1001,129,89,66,36,40,30,0.689922480620155,0.5454545454545454,125
2023-11-11,1001,111,88,83,32,23,51,0.7927927927927928,0.3855421686746988,120
2023-11-12,1001,110,70,75,39,40,36,0.6363636363636364,0.52,109
2023-11-13,1001,148,72,52,41,76,11,0.4864864864864865,0.7884615384615384,113
2023-11-14,1001,128,75,87,39,53,48,0.5859375,0.4482758620689655,114
2023-11-15,1001,120,74,55,37,46,18,0.6166666666666667,0.6727272727272727,111
2023-11-16,1001,132,72,59,41,60,18,0.5454545454545454,0.6949152542372882,113
2023-11-17,1001,100,87,57,39,13,18,0.87,0.6842105263157895,126
2023-11-18,1001,133,98,52,31,35,21,0.7368421052631579,0.5961538461538461,129
2023-11-19,1001,126,87,92,40,39,52,0.6904761904761905,0.43478260869565216,127
2023-11-20,1001,111,63,61,33,48,28,0.5675675675675675,0.5409836065573771,96
2023-11-21,1001,102,86,68,38,16,30,0.8431372549019608,0.5588235294117647,124
2023-11-22,1001,139,78,80,40,61,40,0.5611510791366906,0.5,118
2023-11-23,1001,136,83,74,47,53,27,0.6102941176470589,0.6351351351351351,130
2023-11-24,1001,110,67,50,50,43,0,0.6090909090909091,1,117
2023-11-25,1001,126,91,67,34,35,33,0.7222222222222222,0.5074626865671642,125
2023-11-26,1001,115,71,90,37,44,53,0.6173913043478261,0.4111111111111111,108
2023-11-27,1001,134,67,77,34,67,43,0.5,0.44155844155844154,101
2023-11-28,1001,101,77,76,35,24,41,0.7623762376237624,0.4605263157894737,112
2023-11-29,1001,141,80,96,36,61,60,0.5673758865248227,0.375,116
2023-11-30,1001,118,87,97,54,31,43,0.7372881355932204,0.5567010309278351,141
2023-12-01,1001,105,75,72,46,30,26,0.7142857142857143,0.6388888888888888,121
2023-12-02,1001,109,80,67,46,29,21,0.7339449541284404,0.6865671641791045,126
2023-12-03,1001,145,92,92,32,53,60,0.6344827586206897,0.34782608695652173,124
2023-12-04,1001,140,78,64,50,62,14,0.5571428571428572,0.78125,128
2023-12-05,1001,135,69,70,46,66,24,0.5111111111111111,0.6571428571428571,115
2023-12-06,1001,108,72,100,52,36,48,0.6666666666666666,0.52,124
2023-12-07,1001,147,97,92,38,50,54,0.6598639455782312,0.41304347826086957,135
2023-12-08,1001,107,80,68,38,27,30,0.7476635514018691,0.5588235294117647,118
2023-12-09,1001,124,70,91,31,54,60,0.5645161290322581,0.34065934065934067,101
2023-12-10,1001,147,90,98,47,57,51,0.6122448979591837,0.47959183673469385,137
2023-12-11,1001,104,72,80,41,32,39,0.6923076923076923,0.5125,113
2023-12-12,1001,140,69,61,36,71,25,0.4928571428571429,0.5901639344262295,105
2023-12-13,1001,131,85,88,48,46,40,0.648854961832061,0.5454545454545454,133
2023-12-14,1001,140,82,61,45,58,16,0.5857142857142857,0.7377049180327869,127
2023-12-15,1001,105,86,74,42,19,32,0.819047619047619,0.5675675675675675,128
2023-12-16,1001,150,83,54,35,67,19,0.5533333333333333,0.6481481481481481,118
2023-12-17,1001,113,73,56,55,40,1,0.6460176991150443,0.9821428571428571,128
2023-12-18,1001,142,64,66,49,78,17,0.4507042253521127,0.7424242424242424,113
2023-12-19,1001,122,83,60,35,39,25,0.680327868852459,0.5833333333333334,118
2023-12-20,1001,140,82,58,47,58,11,0.5857142857142857,0.8103448275862069,129
2023-12-21,1001,148,78,93,51,70,42,0.527027027027027,0.5483870967741935,129
2023-12-22,1001,147,84,74,39,63,35,0.5714285714285714,0.527027027027027,123
2023-12-23,1001,114,89,60,46,25,14,0.7807017543859649,0.7666666666666667,135
2023-12-24,1001,133,89,72,36,44,36,0.6691729323308271,0.5,125
2023-12-25,1001,139,75,53,33,64,20,0.539568345323741,0.6226415094339622,108
2023-12-26,1001,137,95,93,34,42,59,0.6934306569343066,0.3655913978494624,129
2023-12-27,1001,125,71,94,46,54,48,0.568,0.48936170212765956,117
2023-12-28,1001,124,75,76,42,49,34,0.6048387096774194,0.5526315789473685,117
2023-12-29,1001,108,84,62,42,24,20,0.7777777777777778,0.6774193548387096,126
2023-12-30,1001,146,77,54,49,69,5,0.5273972602739726,0.9074074074074074,126
2023-12-31,1001,107,77,64,43,30,21,0.719626168224299,0.671875,120
2023-01-01,1002,106,92,95,43,14,52,0.8679245283018868,0.45263157894736844,135
2023-01-02,1002,101,86,66,46,15,20,0.8514851485148515,0.696969696969697,132
2023-01-03,1002,120,85,84,42,35,42,0.7083333333333334,0.5,127
2023-01-04,1002,114,74,65,41,40,24,0.6491228070175439,0.6307692307692307,115
2023-01-05,1002,142,88,78,30,54,48,0.6197183098591549,0.38461538461538464,118
2023-01-06,1002,141,63,80,31,78,49,0.44680851063829785,0.3875,94
2023-01-07,1002,146,80,55,36,66,19,0.547945205479452,0.6545454545454545,116
2023-01-08,1002,104,79,66,33,25,33,0.7596153846153846,0.5,112
2023-01-09,1002,144,66,72,34,78,38,0.4583333333333333,0.4722222222222222,100
2023-01-10,1002,126,77,92,34,49,58,0.6111111111111112,0.3695652173913043,111
2023-01-11,1002,140,66,65,45,74,20,0.4714285714285714,0.6923076923076923,111
2023-01-12,1002,131,68,62,37,63,25,0.5190839694656488,0.5967741935483871,105
2023-01-13,1002,136,93,52,43,43,9,0.6838235294117647,0.8269230769230769,136
2023-01-14,1002,139,80,58,41,59,17,0.5755395683453237,0.7068965517241379,121
2023-01-15,1002,122,83,86,44,39,42,0.680327868852459,0.5116279069767442,127
2023-01-16,1002,124,92,59,41,32,18,0.7419354838709677,0.6949152542372882,133
2023-01-17,1002,117,79,82,45,38,37,0.6752136752136753,0.5487804878048781,124
2023-01-18,1002,149,93,92,36,56,56,0.6241610738255033,0.391304347826087,129
2023-01-19,1002,105,85,95,35,20,60,0.8095238095238095,0.3684210526315789,120
2023-01-20,1002,119,78,95,44,41,51,0.6554621848739496,0.4631578947368421,122
2023-01-21,1002,136,73,89,33,63,56,0.5367647058823529,0.3707865168539326,106
2023-01-22,1002,123,101,50,30,22,20,0.8211382113821138,0.6,131
2023-01-23,1002,107,93,54,43,14,11,0.8691588785046729,0.7962962962962963,136
2023-01-24,1002,113,72,67,31,41,36,0.6371681415929203,0.4626865671641791,103
2023-01-25,1002,122,86,57,44,36,13,0.7049180327868853,0.7719298245614035,130
2023-01-26,1002,119,71,78,37,48,41,0.5966386554621849,0.47435897435897434,108
2023-01-27,1002,144,83,91,50,61,41,0.5763888888888888,0.5494505494505495,133
2023-01-28,1002,130,79,86,36,51,50,0.6076923076923076,0.4186046511627907,115
2023-01-29,1002,127,73,75,32,54,43,0.5748031496062992,0.4266666666666667,105
2023-01-30,1002,108,66,91,41,42,50,0.6111111111111112,0.45054945054945056,107
2023-01-31,1002,131,77,100,46,54,54,0.5877862595419847,0.46,123
2023-02-01,1002,126,72,87,36,54,51,0.5714285714285714,0.41379310344827586,108
2023-02-02,1002,123,72,90,45,51,45,0.5853658536585366,0.5,117
2023-02-03,1002,124,95,100,38,29,62,0.7661290322580645,0.38,133
2023-02-04,1002,132,75,64,51,57,13,0.5681818181818182,0.796875,126
2023-02-05,1002,132,72,50,39,60,11,0.5454545454545454,0.78,111
2023-02-06,1002,130,80,64,27,50,37,0.6153846153846154,0.421875,107
2023-02-07,1002,127,80,57,40,47,17,0.6299212598425197,0.7017543859649122,120
2023-02-08,1002,135,77,69,38,58,31,0.5703703703703704,0.5507246376811594,115
2023-02-09,1002,111,77,77,39,34,38,0.6936936936936937,0.5064935064935064,116
2023-02-10,1002,142,74,63,38,68,25,0.5211267605633803,0.6031746031746031,112
2023-02-11,1002,101,99,83,39,2,44,0.9801980198019802,0.46987951807228917,138
2023-02-12,1002,146,82,84,34,64,50,0.5616438356164384,0.40476190476190477,116
2023-02-13,1002,107,84,80,33,23,47,0.7850467289719626,0.4125,117
2023-02-14,1002,127,89,96,41,38,55,0.7007874015748031,0.4270833333333333,130
2023-02-15,1002,114,72,93,32,42,61,0.631578947368421,0.34408602150537637,104
2023-02-16,1002,111,72,60,37,39,23,0.6486486486486487,0.6166666666666667,109
2023-02-17,1002,145,79,90,46,66,44,0.5448275862068965,0.5111111111111111,125
2023-02-18,1002,116,101,87,45,15,42,0.8706896551724138,0.5172413793103449,146
2023-02-19,1002,148,66,64,42,82,22,0.44594594594594594,0.65625,108
2023-02-20,1002,119,85,55,43,34,12,0.7142857142857143,0.7818181818181819,128
2023-02-21,1002,128,76,56,33,52,23,0.59375,0.5892857142857143,109
2023-02-22,1002,146,67,78,49,79,29,0.4589041095890411,0.6282051282051282,116
2023-02-23,1002,123,76,62,48,47,14,0.6178861788617886,0.7741935483870968,124
2023-02-24,1002,144,81,70,34,63,36,0.5625,0.4857142857142857,115
2023-02-25,1002,110,80,77,49,30,28,0.7272727272727273,0.6363636363636364,129
2023-02-26,1002,114,80,70,56,34,14,0.7017543859649122,0.8,136
2023-02-27,1002,106,82,77,40,24,37,0.7735849056603774,0.5194805194805194,122
2023-02-28,1002,129,77,69,41,52,28,0.5968992248062015,0.5942028985507246,118
2023-03-01,1002,144,77,57,32,67,25,0.5347222222222222,0.5614035087719298,109
2023-03-02,1002,117,91,96,35,26,61,0.7777777777777778,0.3645833333333333,126
2023-03-03,1002,148,73,71,47,75,24,0.49324324324324326,0.6619718309859155,120
2023-03-04,1002,149,73,96,44,76,52,0.4899328859060403,0.4583333333333333,117
2023-03-05,1002,114,83,71,43,31,28,0.7280701754385965,0.6056338028169014,126
2023-03-06,1002,111,72,84,38,39,46,0.6486486486486487,0.4523809523809524,110
2023-03-07,1002,130,94,51,32,36,19,0.7230769230769231,0.6274509803921569,126
2023-03-08,1002,116,65,54,54,51,0,0.5603448275862069,1,119
2023-03-09,1002,108,72,65,42,36,23,0.6666666666666666,0.6461538461538462,114
2023-03-10,1002,100,89,60,41,11,19,0.89,0.6833333333333333,130
2023-03-11,1002,119,75,91,38,44,53,0.6302521008403361,0.4175824175824176,113
2023-03-12,1002,114,80,61,39,34,22,0.7017543859649122,0.639344262295082,119
2023-03-13,1002,133,72,97,38,61,59,0.5413533834586466,0.3917525773195876,110
2023-03-14,1002,148,74,91,47,74,44,0.5,0.5164835164835165,121
2023-03-15,1002,132,66,60,40,66,20,0.5,0.6666666666666666,106
2023-03-16,1002,147,85,52,39,62,13,0.5782312925170068,0.75,124
2023-03-17,1002,121,59,60,35,62,25,0.48760330578512395,0.5833333333333334,94
2023-03-18,1002,115,89,68,45,26,23,0.7739130434782608,0.6617647058823529,134
2023-03-19,1002,126,73,54,38,53,16,0.5793650793650794,0.7037037037037037,111
2023-03-20,1002,104,82,70,44,22,26,0.7884615384615384,0.6285714285714286,126
2023-03-21,1002,142,73,70,38,69,32,0.5140845070422535,0.5428571428571428,111
2023-03-22,1002,116,98,51,28,18,23,0.8448275862068966,0.5490196078431373,126
2023-03-23,1002,119,86,85,39,33,46,0.7226890756302521,0.4588235294117647,125
2023-03-24,1002,107,75,98,38,32,60,0.7009345794392523,0.3877551020408163,113
2023-03-25,1002,146,83,99,43,63,56,0.5684931506849316,0.43434343434343436,126
2023-03-26,1002,116,87,51,37,29,14,0.75,0.7254901960784313,124
2023-03-27,1002,135,61,73,40,74,33,0.45185185185185184,0.547945205479452,101
2023-03-28,1002,138,75,81,34,63,47,0.5434782608695652,0.41975308641975306,109
2023-03-29,1002,137,84,76,33,53,43,0.6131386861313869,0.4342105263157895,117
2023-03-30,1002,147,87,57,46,60,11,0.5918367346938775,0.8070175438596491,133
2023-03-31,1002,142,84,74,32,58,42,0.5915492957746479,0.43243243243243246,116
2023-04-01,1002,142,79,97,36,63,61,0.5563380281690141,0.3711340206185567,115
2023-04-02,1002,124,91,70,41,33,29,0.7338709677419355,0.5857142857142857,132
2023-04-03,1002,140,86,69,36,54,33,0.6142857142857143,0.5217391304347826,122
2023-04-04,1002,148,94,90,39,54,51,0.6351351351351351,0.43333333333333335,133
2023-04-05,1002,120,84,63,43,36,20,0.7,0.6825396825396826,127
2023-04-06,1002,127,73,69,39,54,30,0.5748031496062992,0.5652173913043478,112
2023-04-07,1002,112,82,92,44,30,48,0.7321428571428571,0.4782608695652174,126
2023-04-08,1002,147,80,79,34,67,45,0.54421768707483,0.43037974683544306,114
2023-04-09,1002,148,78,82,44,70,38,0.527027027027027,0.5365853658536586,122
2023-04-10,1002,124,61,50,36,63,14,0.49193548387096775,0.72,97
2023-04-11,1002,122,77,96,45,45,51,0.6311475409836066,0.46875,122
2023-04-12,1002,121,73,87,48,48,39,0.6033057851239669,0.5517241379310345,121
2023-04-13,1002,143,72,75,24,71,51,0.5034965034965035,0.32,96
2023-04-14,1002,146,88,90,40,58,50,0.6027397260273972,0.4444444444444444,128
2023-04-15,1002,128,74,95,44,54,51,0.578125,0.4631578947368421,118
2023-04-16,1002,142,78,89,40,64,49,0.5492957746478874,0.449438202247191,118
2023-04-17,1002,137,102,83,40,35,43,0.7445255474452555,0.4819277108433735,142
2023-04-18,1002,125,79,50,40,46,10,0.632,0.8,119
2023-04-19,1002,101,88,57,30,13,27,0.8712871287128713,0.5263157894736842,118
2023-04-20,1002,120,75,79,44,45,35,0.625,0.5569620253164557,119
2023-04-21,1002,111,79,97,39,32,58,0.7117117117117117,0.4020618556701031,118
2023-04-22,1002,127,79,73,51,48,22,0.6220472440944882,0.6986301369863014,130
2023-04-23,1002,136,90,52,51,46,1,0.6617647058823529,0.9807692307692307,141
2023-04-24,1002,119,88,86,54,31,32,0.7394957983193278,0.627906976744186,142
2023-04-25,1002,119,82,99,41,37,58,0.6890756302521008,0.41414141414141414,123
2023-04-26,1002,107,85,92,45,22,47,0.794392523364486,0.4891304347826087,130
2023-04-27,1002,117,74,52,38,43,14,0.6324786324786325,0.7307692307692307,112
2023-04-28,1002,104,71,76,42,33,34,0.6826923076923077,0.5526315789473685,113
2023-04-29,1002,138,82,73,31,56,42,0.5942028985507246,0.4246575342465753,113
2023-04-30,1002,131,105,78,30,26,48,0.8015267175572519,0.38461538461538464,135
2023-05-01,1002,100,84,87,42,16,45,0.84,0.4827586206896552,126
2023-05-02,1002,123,82,56,42,41,14,0.6666666666666666,0.75,124
2023-05-03,1002,128,73,95,34,55,61,0.5703125,0.35789473684210527,107
2023-05-04,1002,124,89,88,42,35,46,0.717741935483871,0.4772727272727273,131
2023-05-05,1002,110,79,89,43,31,46,0.7181818181818181,0.48314606741573035,122
2023-05-06,1002,133,79,97,33,54,64,0.5939849624060151,0.3402061855670103,112
2023-05-07,1002,150,92,80,29,58,51,0.6133333333333333,0.3625,121
2023-05-08,1002,144,74,90,38,70,52,0.5138888888888888,0.4222222222222222,112
2023-05-09,1002,118,66,99,40,52,59,0.559322033898305,0.40404040404040403,106
2023-05-10,1002,107,81,68,43,26,25,0.7570093457943925,0.6323529411764706,124
2023-05-11,1002,115,89,62,37,26,25,0.7739130434782608,0.5967741935483871,126
2023-05-12,1002,119,76,76,37,43,39,0.6386554621848739,0.4868421052631579,113
2023-05-13,1002,133,67,58,43,66,15,0.5037593984962406,0.7413793103448276,110
2023-05-14,1002,113,73,97,44,40,53,0.6460176991150443,0.4536082474226804,117
2023-05-15,1002,150,96,79,36,54,43,0.64,0.45569620253164556,132
2023-05-16,1002,129,73,79,35,56,44,0.5658914728682171,0.4430379746835443,108
2023-05-17,1002,108,72,54,32,36,22,0.6666666666666666,0.5925925925925926,104
2023-05-18,1002,147,71,72,47,76,25,0.48299319727891155,0.6527777777777778,118
2023-05-19,1002,107,72,97,40,35,57,0.6728971962616822,0.41237113402061853,112
2023-05-20,1002,115,78,68,38,37,30,0.6782608695652174,0.5588235294117647,116
2023-05-21,1002,100,81,60,44,19,16,0.81,0.7333333333333333,125
2023-05-22,1002,114,75,73,46,39,27,0.6578947368421053,0.6301369863013698,121
2023-05-23,1002,131,86,71,31,45,40,0.6564885496183206,0.43661971830985913,117
2023-05-24,1002,109,77,91,51,32,40,0.7064220183486238,0.5604395604395604,128
2023-05-25,1002,123,76,58,45,47,13,0.6178861788617886,0.7758620689655172,121
2023-05-26,1002,143,86,89,44,57,45,0.6013986013986014,0.4943820224719101,130
2023-05-27,1002,116,91,55,52,25,3,0.7844827586206896,0.9454545454545454,143
2023-05-28,1002,126,93,80,44,33,36,0.7380952380952381,0.55,137
2023-05-29,1002,129,88,64,56,41,8,0.6821705426356589,0.875,144
2023-05-30,1002,109,82,86,33,27,53,0.7522935779816514,0.38372093023255816,115
2023-05-31,1002,137,88,93,34,49,59,0.6423357664233577,0.3655913978494624,122
2023-06-01,1002,149,79,53,35,70,18,0.5302013422818792,0.660377358490566,114
2023-06-02,1002,119,59,75,45,60,30,0.4957983193277311,0.6,104
2023-06-03,1002,142,89,92,40,53,52,0.6267605633802817,0.43478260869565216,129
2023-06-04,1002,145,104,63,36,41,27,0.7172413793103448,0.5714285714285714,140
2023-06-05,1002,122,66,66,36,56,30,0.5409836065573771,0.5454545454545454,102
2023-06-06,1002,125,72,90,37,53,53,0.576,0.4111111111111111,109
2023-06-07,1002,102,74,73,34,28,39,0.7254901960784313,0.4657534246575342,108
2023-06-08,1002,124,99,55,39,25,16,0.7983870967741935,0.7090909090909091,138
2023-06-09,1002,135,85,65,53,50,12,0.6296296296296297,0.8153846153846154,138
2023-06-10,1002,110,79,56,41,31,15,0.7181818181818181,0.7321428571428571,120
2023-06-11,1002,131,75,62,38,56,24,0.5725190839694656,0.6129032258064516,113
2023-06-12,1002,125,78,80,42,47,38,0.624,0.525,120
2023-06-13,1002,131,86,97,41,45,56,0.6564885496183206,0.422680412371134,127
2023-06-14,1002,135,94,61,34,41,27,0.6962962962962963,0.5573770491803278,128
2023-06-15,1002,129,75,90,37,54,53,0.5813953488372093,0.4111111111111111,112
2023-06-16,1002,144,75,62,33,69,29,0.5208333333333334,0.532258064516129,108
2023-06-17,1002,113,84,53,42,29,11,0.7433628318584071,0.7924528301886793,126
2023-06-18,1002,104,73,95,34,31,61,0.7019230769230769,0.35789473684210527,107
2023-06-19,1002,110,80,91,38,30,53,0.7272727272727273,0.4175824175824176,118
2023-06-20,1002,132,85,99,35,47,64,0.6439393939393939,0.35353535353535354,120
2023-06-21,1002,141,90,85,45,51,40,0.6382978723404256,0.5294117647058824,135
2023-06-22,1002,108,87,72,41,21,31,0.8055555555555556,0.5694444444444444,128
2023-06-23,1002,122,73,53,32,49,21,0.5983606557377049,0.6037735849056604,105
2023-06-24,1002,100,85,93,46,15,47,0.85,0.4946236559139785,131
2023-06-25,1002,120,83,96,40,37,56,0.6916666666666667,0.4166666666666667,123
2023-06-26,1002,139,87,53,46,52,7,0.6258992805755396,0.8679245283018868,133
2023-06-27,1002,116,75,67,34,41,33,0.646551724137931,0.5074626865671642,109
2023-06-28,1002,100,77,93,45,23,48,0.77,0.4838709677419355,122
2023-06-29,1002,110,62,74,37,48,37,0.5636363636363636,0.5,99
2023-06-30,1002,100,88,52,44,12,8,0.88,0.8461538461538461,132
2023-07-01,1002,112,74,70,47,38,23,0.6607142857142857,0.6714285714285714,121
2023-07-02,1002,150,78,62,31,72,31,0.52,0.5,109
2023-07-03,1002,117,75,87,39,42,48,0.6410256410256411,0.4482758620689655,114
2023-07-04,1002,124,74,87,29,50,58,0.5967741935483871,0.3333333333333333,103
2023-07-05,1002,140,87,78,44,53,34,0.6214285714285714,0.5641025641025641,131
2023-07-06,1002,105,94,81,52,11,29,0.8952380952380953,0.6419753086419753,146
2023-07-07,1002,130,98,76,31,32,45,0.7538461538461538,0.40789473684210525,129
2023-07-08,1002,136,76,87,39,60,48,0.5588235294117647,0.4482758620689655,115
2023-07-09,1002,106,77,72,32,29,40,0.7264150943396226,0.4444444444444444,109
2023-07-10,1002,114,80,67,49,34,18,0.7017543859649122,0.7313432835820896,129
2023-07-11,1002,109,78,97,30,31,67,0.7155963302752294,0.30927835051546393,108
2023-07-12,1002,117,76,60,40,41,20,0.6495726495726496,0.6666666666666666,116
2023-07-13,1002,100,70,61,39,30,22,0.7,0.639344262295082,109
2023-07-14,1002,136,85,61,32,51,29,0.625,0.5245901639344263,117
2023-07-15,1002,106,96,100,39,10,61,0.9056603773584906,0.39,135
2023-07-16,1002,100,82,52,47,18,5,0.82,0.9038461538461539,129
2023-07-17,1002,103,71,90,43,32,47,0.6893203883495146,0.4777777777777778,114
2023-07-18,1002,119,91,95,43,28,52,0.7647058823529411,0.45263157894736844,134
2023-07-19,1002,111,86,85,37,25,48,0.7747747747747747,0.43529411764705883,123
2023-07-20,1002,131,78,52,38,53,14,0.5954198473282443,0.7307692307692307,116
2023-07-21,1002,104,93,96,49,11,47,0.8942307692307693,0.5104166666666666,142
2023-07-22,1002,115,95,90,45,20,45,0.8260869565217391,0.5,140
2023-07-23,1002,117,96,59,40,21,19,0.8205128205128205,0.6779661016949152,136
2023-07-24,1002,143,79,81,41,64,40,0.5524475524475524,0.5061728395061729,120
2023-07-25,1002,132,81,83,36,51,47,0.6136363636363636,0.43373493975903615,117
2023-07-26,1002,111,82,72,36,29,36,0.7387387387387387,0.5,118
2023-07-27,1002,145,83,50,40,62,10,0.5724137931034483,0.8,123
2023-07-28,1002,150,77,82,37,73,45,0.5133333333333333,0.45121951219512196,114
2023-07-29,1002,134,77,80,43,57,37,0.5746268656716418,0.5375,120
2023-07-30,1002,140,67,66,41,73,25,0.4785714285714286,0.6212121212121212,108
2023-07-31,1002,119,88,59,36,31,23,0.7394957983193278,0.6101694915254238,124
2023-08-01,1002,119,82,98,38,37,60,0.6890756302521008,0.3877551020408163,120
2023-08-02,1002,129,60,82,34,69,48,0.46511627906976744,0.4146341463414634,94
2023-08-03,1002,112,72,83,39,40,44,0.6428571428571429,0.46987951807228917,111
2023-08-04,1002,138,68,50,48,70,2,0.4927536231884058,0.96,116
2023-08-05,1002,118,87,72,35,31,37,0.7372881355932204,0.4861111111111111,122
2023-08-06,1002,113,55,84,52,58,32,0.48672566371681414,0.6190476190476191,107
2023-08-07,1002,127,75,87,46,52,41,0.5905511811023622,0.5287356321839081,121
2023-08-08,1002,125,77,50,38,48,12,0.616,0.76,115
2023-08-09,1002,105,83,89,51,22,38,0.7904761904761904,0.5730337078651685,134
2023-08-10,1002,115,81,100,36,34,64,0.7043478260869566,0.36,117
2023-08-11,1002,129,70,90,22,59,68,0.5426356589147286,0.24444444444444444,92
2023-08-12,1002,108,89,94,43,19,51,0.8240740740740741,0.4574468085106383,132
2023-08-13,1002,150,84,60,47,66,13,0.56,0.7833333333333333,131
2023-08-14,1002,130,82,58,35,48,23,0.6307692307692307,0.603448275862069,117
2023-08-15,1002,146,97,92,32,49,60,0.6643835616438356,0.34782608695652173,129
2023-08-16,1002,126,77,54,37,49,17,0.6111111111111112,0.6851851851851852,114
2023-08-17,1002,142,83,69,38,59,31,0.5845070422535211,0.5507246376811594,121
2023-08-18,1002,107,84,99,42,23,57,0.7850467289719626,0.42424242424242425,126
2023-08-19,1002,106,90,56,33,16,23,0.8490566037735849,0.5892857142857143,123
2023-08-20,1002,117,77,76,53,40,23,0.6581196581196581,0.6973684210526315,130
2023-08-21,1002,108,71,51,46,37,5,0.6574074074074074,0.9019607843137255,117
2023-08-22,1002,133,88,95,40,45,55,0.6616541353383458,0.42105263157894735,128
2023-08-23,1002,121,73,88,34,48,54,0.6033057851239669,0.38636363636363635,107
2023-08-24,1002,137,77,83,43,60,40,0.5620437956204379,0.5180722891566265,120
2023-08-25,1002,108,92,94,45,16,49,0.8518518518518519,0.4787234042553192,137
2023-08-26,1002,106,78,76,40,28,36,0.7358490566037735,0.5263157894736842,118
2023-08-27,1002,130,87,53,38,43,15,0.6692307692307692,0.71698113207547165,125
2023-08-28,1002,120,66,82,39,54,43,0.55,0.47560975609756095,105
2023-08-29,1002,149,76,100,42,73,58,0.5100671140939598,0.42,118
2023-08-30,1002,130,92,72,43,38,29,0.7076923076923077,0.5972222222222222,135
2023-08-31,1002,144,78,82,38,66,44,0.5416666666666666,0.4634146341463415,116
2023-09-01,1002,144,80,69,49,64,20,0.5555555555555556,0.7101449275362319,129
2023-09-02,1002,146,69,80,30,77,50,0.4726027397260274,0.375,99
2023-09-03,1002,110,78,89,44,32,45,0.7090909090909091,0.4943820224719101,122
2023-09-04,1002,103,75,68,36,28,32,0.7281553398058253,0.5294117647058824,111
2023-09-05,1002,127,78,59,28,49,31,0.6141732283464567,0.4745762711864407,106
2023-09-06,1002,102,95,66,45,7,21,0.9313725490196079,0.6818181818181818,140
2023-09-07,1002,137,100,74,43,37,31,0.7299270072992701,0.581081081081081,143
2023-09-08,1002,150,71,80,32,79,48,0.47333333333333333,0.4,103
2023-09-09,1002,123,89,81,40,34,41,0.7235772357723578,0.49382716049382713,129
2023-09-10,1002,146,99,76,36,47,40,0.678082191780822,0.47368421052631576,135
2023-09-11,1002,104,78,67,51,26,16,0.75,0.7611940298507462,129
2023-09-12,1002,109,81,76,39,28,37,0.7431192660550459,0.5131578947368421,120
2023-09-13,1002,148,83,59,43,65,16,0.5608108108108109,0.7288135593220338,126
2023-09-14,1002,105,98,69,44,7,25,0.9333333333333333,0.6376811594202898,142
2023-09-15,1002,116,75,100,45,41,55,0.646551724137931,0.45,120
2023-09-16,1002,140,80,53,43,60,10,0.5714285714285714,0.8113207547169812,123
2023-09-17,1002,102,84,51,40,18,11,0.8235294117647058,0.7843137254901961,124
2023-09-18,1002,108,73,68,33,35,35,0.6759259259259259,0.4852941176470588,106
2023-09-19,1002,144,65,69,44,79,25,0.4513888888888889,0.6376811594202898,109
2023-09-20,1002,105,76,94,42,29,52,0.7238095238095238,0.44680851063829785,118
2023-09-21,1002,105,85,87,36,20,51,0.8095238095238095,0.41379310344827586,121
2023-09-22,1002,142,68,100,41,74,59,0.4788732394366197,0.41,109
2023-09-23,1002,122,96,73,39,26,34,0.7868852459016393,0.5342465753424658,135
2023-09-24,1002,126,73,84,32,53,52,0.5793650793650794,0.38095238095238093,105
2023-09-25,1002,100,75,87,45,25,42,0.75,0.5172413793103449,120
2023-09-26,1002,116,78,84,47,38,37,0.6724137931034483,0.5595238095238095,125
2023-09-27,1002,146,82,56,35,64,21,0.5616438356164384,0.625,117
2023-09-28,1002,112,80,60,30,32,30,0.7142857142857143,0.5,110
2023-09-29,1002,131,73,54,46,58,8,0.5572519083969466,0.8518518518518519,119
2023-09-30,1002,124,80,77,34,44,43,0.6451612903225806,0.44155844155844154,114
2023-10-01,1002,136,66,99,43,70,56,0.4852941176470588,0.43434343434343436,109
2023-10-02,1002,124,72,55,35,52,20,0.5806451612903226,0.6363636363636364,107
2023-10-03,1002,146,82,86,41,64,45,0.5616438356164384,0.47674418604651164,123
2023-10-04,1002,115,76,75,43,39,32,0.6608695652173913,0.5733333333333334,119
2023-10-05,1002,127,68,53,43,59,10,0.5354330708661418,0.8113207547169812,111
2023-10-06,1002,137,80,82,38,57,44,0.583941605839416,0.4634146341463415,118
2023-10-07,1002,106,84,99,50,22,49,0.7924528301886793,0.5050505050505051,134
2023-10-08,1002,105,73,78,35,32,43,0.6952380952380952,0.44871794871794873,108
2023-10-09,1002,145,83,81,40,62,41,0.5724137931034483,0.49382716049382713,123
2023-10-10,1002,131,73,86,32,58,54,0.5572519083969466,0.37209302325581395,105
2023-10-11,1002,135,78,56,41,57,15,0.5777777777777777,0.7321428571428571,119
2023-10-12,1002,141,72,96,44,69,52,0.5106382978723404,0.4583333333333333,116
2023-10-13,1002,115,65,86,43,50,43,0.5652173913043478,0.5,108
2023-10-14,1002,125,96,95,54,29,41,0.768,0.5684210526315789,150
2023-10-15,1002,111,86,68,48,25,20,0.7747747747747747,0.7058823529411765,134
2023-10-16,1002,101,78,85,41,23,44,0.7722772277227723,0.4823529411764706,119
2023-10-17,1002,148,68,88,40,80,48,0.4594594594594595,0.45454545454545453,108
2023-10-18,1002,141,75,99,32,66,67,0.5319148936170213,0.32323232323232326,107
2023-10-19,1002,113,92,89,32,21,57,0.8141592920353983,0.3595505617977528,124
2023-10-20,1002,136,66,68,44,70,24,0.4852941176470588,0.6470588235294118,110
2023-10-21,1002,143,85,57,43,58,14,0.5944055944055944,0.7543859649122807,128
2023-10-22,1002,109,62,73,42,47,31,0.5688073394495413,0.5753424657534246,104
2023-10-23,1002,115,80,83,47,35,36,0.6956521739130435,0.5662650602409639,127
2023-10-24,1002,133,67,61,35,66,26,0.5037593984962406,0.5737704918032787,102
2023-10-25,1002,150,73,57,45,77,12,0.4866666666666667,0.7894736842105263,118
2023-10-26,1002,141,85,68,37,56,31,0.6028368794326241,0.5441176470588235,122
2023-10-27,1002,133,88,88,42,45,46,0.6616541353383458,0.4772727272727273,130
2023-10-28,1002,132,86,68,38,46,30,0.6515151515151515,0.5588235294117647,124
2023-10-29,1002,135,72,73,38,63,35,0.5333333333333333,0.5205479452054794,110
2023-10-30,1002,124,106,84,36,18,48,0.8548387096774194,0.42857142857142855,142
2023-10-31,1002,104,60,67,41,44,26,0.5769230769230769,0.6119402985074627,101
2023-11-01,1002,104,73,92,42,31,50,0.7019230769230769,0.45652173913043476,115
2023-11-02,1002,118,92,92,35,26,57,0.7796610169491526,0.3804347826086957,127
2023-11-03,1002,144,85,77,34,59,43,0.5902777777777778,0.44155844155844154,119
2023-11-04,1002,145,75,66,45,70,21,0.5172413793103449,0.6818181818181818,120
2023-11-05,1002,141,81,99,41,60,58,0.574468085106383,0.41414141414141414,122
2023-11-06,1002,111,86,62,36,25,26,0.7747747747747747,0.5806451612903226,122
2023-11-07,1002,144,74,70,36,70,34,0.5138888888888888,0.5142857142857142,110
2023-11-08,1002,107,88,62,40,19,22,0.822429906542056,0.6451612903225806,128
2023-11-09,1002,134,92,63,36,42,27,0.6865671641791045,0.5714285714285714,128
2023-11-10,1002,137,77,54,40,60,14,0.5620437956204379,0.7407407407407407,117
2023-11-11,1002,138,79,73,35,59,38,0.572463768115942,0.4794520547945205,114
2023-11-12,1002,104,85,97,33,19,64,0.8173076923076923,0.3402061855670103,118
2023-11-13,1002,138,95,76,38,43,38,0.6884057971014492,0.5,133
2023-11-14,1002,119,73,53,41,46,12,0.6134453781512605,0.7735849056603774,114
2023-11-15,1002,146,83,89,36,63,53,0.5684931506849316,0.4044943820224719,119
2023-11-16,1002,124,76,54,46,48,8,0.6129032258064516,0.8518518518518519,122
2023-11-17,1002,117,71,63,37,46,26,0.6068376068376068,0.5873015873015873,108
2023-11-18,1002,122,91,94,41,31,53,0.7459016393442623,0.43617021276595747,132
2023-11-19,1002,111,76,85,31,35,54,0.6846846846846847,0.36470588235294116,107
2023-11-20,1002,113,79,60,41,34,19,0.6991150442477876,0.6833333333333333,120
2023-11-21,1002,132,68,89,29,64,60,0.5151515151515151,0.3258426966292135,97
2023-11-22,1002,148,94,74,47,54,27,0.6351351351351351,0.6351351351351351,141
2023-11-23,1002,141,73,62,27,68,35,0.5177304964539007,0.43548387096774194,100
2023-11-24,1002,108,108,57,42,0,15,1,0.7368421052631579,150
2023-11-25,1002,142,85,74,31,57,43,0.5985915492957746,0.4189189189189189,116
2023-11-26,1002,121,62,56,40,59,16,0.512396694214876,0.7142857142857143,102
2023-11-27,1002,144,72,65,39,72,26,0.5,0.6,111
2023-11-28,1002,135,87,95,47,48,48,0.6444444444444445,0.49473684210526314,134
2023-11-29,1002,121,70,81,35,51,46,0.5785123966942148,0.43209876543209874,105
2023-11-30,1002,117,80,51,40,37,11,0.6837606837606838,0.7843137254901961,120
2023-12-01,1002,116,72,58,49,44,9,0.6206896551724138,0.8448275862068966,121
2023-12-02,1002,128,88,76,32,40,44,0.6875,0.42105263157894735,120
2023-12-03,1002,147,84,95,49,63,46,0.5714285714285714,0.5157894736842106,133
2023-12-04,1002,130,88,93,42,42,51,0.676923076923077,0.45161290322580644,130
2023-12-05,1002,123,83,51,43,40,8,0.6747967479674797,0.8431372549019608,126
2023-12-06,1002,141,91,63,50,50,13,0.6453900709219859,0.7936507936507936,141
2023-12-07,1002,113,68,72,41,45,31,0.6017699115044248,0.5694444444444444,109
2023-12-08,1002,126,91,57,33,35,24,0.7222222222222222,0.5789473684210527,124
2023-12-09,1002,136,85,73,43,51,30,0.625,0.589041095890411,128
2023-12-10,1002,122,87,73,27,35,46,0.7131147540983607,0.3698630136986301,114
2023-12-11,1002,127,82,78,48,45,30,0.6456692913385826,0.6153846153846154,130
2023-12-12,1002,106,75,89,30,31,59,0.7075471698113207,0.33707865168539325,105
2023-12-13,1002,100,66,72,36,34,36,0.66,0.5,102
2023-12-14,1002,118,80,75,39,38,36,0.6779661016949152,0.52,119
2023-12-15,1002,128,69,95,41,59,54,0.5390625,0.43157894736842106,110
2023-12-16,1002,142,74,96,47,68,49,0.5211267605633803,0.4895833333333333,121
2023-12-17,1002,134,85,61,35,49,26,0.6343283582089553,0.5737704918032787,120
2023-12-18,1002,112,98,91,41,14,50,0.875,0.45054945054945056,139
2023-12-19,1002,132,75,94,31,57,63,0.5681818181818182,0.32978723404255317,106
2023-12-20,1002,112,68,65,48,44,17,0.6071428571428571,0.7384615384615385,116
2023-12-21,1002,104,67,94,38,37,56,0.6442307692307693,0.40425531914893614,105
2023-12-22,1002,122,65,79,33,57,46,0.5327868852459017,0.4177215189873418,98
2023-12-23,1002,140,79,52,40,61,12,0.5642857142857143,0.7692307692307693,119
2023-12-24,1002,123,79,66,45,44,21,0.6422764227642277,0.6818181818181818,124
2023-12-25,1002,114,83,63,50,31,13,0.7280701754385965,0.7936507936507936,133
2023-12-26,1002,116,76,84,35,40,49,0.6551724137931034,0.4166666666666667,111
2023-12-27,1002,136,79,73,31,57,42,0.5808823529411765,0.4246575342465753,110
2023-12-28,1002,126,90,57,44,36,13,0.7142857142857143,0.7719298245614035,134
2023-12-29,1002,103,90,58,41,13,17,0.8737864077669902,0.7068965517241379,131
2023-12-30,1002,109,82,98,43,27,55,0.7522935779816514,0.4387755102040816,125
2023-12-31,1002,149,71,97,36,78,61,0.47651006711409394,0.3711340206185567,107
2023-01-01,1003,105,88,85,40,17,45,0.8380952380952381,0.47058823529411764,128
2023-01-02,1003,129,77,50,38,52,12,0.5968992248062015,0.76,115
2023-01-03,1003,112,74,71,38,38,33,0.6607142857142857,0.5352112676056338,112
2023-01-04,1003,119,80,80,34,39,46,0.6722689075630253,0.425,114
2023-01-05,1003,131,80,84,56,51,28,0.6106870229007634,0.6666666666666666,136
2023-01-06,1003,132,96,63,29,36,34,0.7272727272727273,0.4603174603174603,125
2023-01-07,1003,149,83,76,38,66,38,0.5570469798657718,0.5,121
2023-01-08,1003,135,66,72,47,69,25,0.4888888888888889,0.6527777777777778,113
2023-01-09,1003,116,75,95,32,41,63,0.646551724137931,0.3368421052631579,107
2023-01-10,1003,139,90,79,39,49,40,0.6474820143884892,0.4936708860759494,129
2023-01-11,1003,127,80,59,46,47,13,0.6299212598425197,0.7796610169491526,126
2023-01-12,1003,150,94,93,33,56,60,0.6266666666666667,0.3548387096774194,127
2023-01-13,1003,145,70,55,42,75,13,0.4827586206896552,0.7636363636363637,112
2023-01-14,1003,111,79,50,41,32,9,0.7117117117117117,0.82,120
2023-01-15,1003,126,77,70,40,49,30,0.6111111111111112,0.5714285714285714,117
2023-01-16,1003,127,79,97,41,48,56,0.6220472440944882,0.422680412371134,120
2023-01-17,1003,147,70,60,48,77,12,0.47619047619047616,0.8,118
2023-01-18,1003,117,98,61,39,19,22,0.8376068376068376,0.639344262295082,137
2023-01-19,1003,133,85,91,48,48,43,0.6390977443609023,0.5274725274725275,133
2023-01-20,1003,130,75,53,30,55,23,0.5769230769230769,0.5660377358490566,105
2023-01-21,1003,142,78,74,42,64,32,0.5492957746478874,0.5675675675675675,120
2023-01-22,1003,147,77,67,43,70,24,0.5238095238095238,0.6417910447761194,120
2023-01-23,1003,137,78,74,46,59,28,0.5693430656934306,0.6216216216216216,124
2023-01-24,1003,121,85,88,45,36,43,0.7024793388429752,0.5113636363636364,130
2023-01-25,1003,145,93,77,42,52,35,0.6413793103448275,0.5454545454545454,135
2023-01-26,1003,128,80,98,60,48,38,0.625,0.6122448979591837,140
2023-01-27,1003,113,78,97,34,35,63,0.6902654867256637,0.35051546391752575,112
2023-01-28,1003,114,78,98,35,36,63,0.6842105263157895,0.35714285714285715,113
2023-01-29,1003,132,82,62,26,50,36,0.6212121212121212,0.41935483870967744,108
2023-01-30,1003,117,74,77,47,43,30,0.6324786324786325,0.6103896103896104,121
2023-01-31,1003,144,83,71,27,61,44,0.5763888888888888,0.38028169014084506,110
2023-02-01,1003,144,70,77,37,74,40,0.4861111111111111,0.4805194805194805,107
2023-02-02,1003,142,84,81,36,58,45,0.5915492957746479,0.4444444444444444,120
2023-02-03,1003,130,75,73,44,55,29,0.5769230769230769,0.6027397260273972,119
2023-02-04,1003,104,62,69,42,42,27,0.5961538461538461,0.6086956521739131,104
2023-02-05,1003,129,64,54,46,65,8,0.49612403100775193,0.8518518518518519,110
2023-02-06,1003,117,101,88,32,16,56,0.8632478632478633,0.36363636363636365,133
2023-02-07,1003,142,95,82,52,47,30,0.6690140845070423,0.6341463414634146,147
2023-02-08,1003,132,83,99,47,49,52,0.6287878787878788,0.47474747474747475,130
2023-02-09,1003,105,69,53,44,36,9,0.6571428571428571,0.8301886792452831,113
2023-02-10,1003,140,76,71,51,64,20,0.5428571428571428,0.7183098591549296,127
2023-02-11,1003,146,75,70,37,71,33,0.5136986301369864,0.5285714285714286,112
2023-02-12,1003,123,97,95,36,26,59,0.7886178861788617,0.37894736842105264,133
2023-02-13,1003,104,76,74,36,28,38,0.7307692307692307,0.4864864864864865,112
2023-02-14,1003,131,80,81,35,51,46,0.6106870229007634,0.43209876543209874,115
2023-02-15,1003,127,87,94,39,40,55,0.6850393700787402,0.4148936170212766,126
2023-02-16,1003,129,90,80,40,39,40,0.6976744186046512,0.5,130
2023-02-17,1003,112,66,85,47,46,38,0.5892857142857143,0.5529411764705883,113
2023-02-18,1003,122,67,74,43,55,31,0.5491803278688525,0.581081081081081,110
2023-02-19,1003,133,91,66,42,42,24,0.6842105263157895,0.6363636363636364,133
2023-02-20,1003,129,87,75,29,42,46,0.6744186046511628,0.38666666666666666,116
2023-02-21,1003,116,72,78,44,44,34,0.6206896551724138,0.5641025641025641,116
2023-02-22,1003,127,71,63,40,56,23,0.5590551181102362,0.6349206349206349,111
2023-02-23,1003,110,73,71,45,37,26,0.6636363636363637,0.6338028169014085,118
2023-02-24,1003,120,77,80,43,43,37,0.6416666666666667,0.5375,120
2023-02-25,1003,101,99,55,41,2,14,0.9801980198019802,0.7454545454545455,140
2023-02-26,1003,129,67,52,42,62,10,0.5193798449612403,0.8076923076923077,109
2023-02-27,1003,136,86,78,35,50,43,0.6323529411764706,0.44871794871794873,121
2023-02-28,1003,102,93,84,43,9,41,0.9117647058823529,0.5119047619047619,136
2023-03-01,1003,138,80,99,30,58,69,0.5797101449275363,0.30303030303030304,110
2023-03-02,1003,121,81,57,41,40,16,0.6694214876033058,0.7192982456140351,122
2023-03-03,1003,133,79,61,32,54,29,0.5939849624060151,0.5245901639344263,111
2023-03-04,1003,111,91,62,40,20,22,0.8198198198198198,0.6451612903225806,131
2023-03-05,1003,125,79,95,37,46,58,0.632,0.3894736842105263,116
2023-03-06,1003,115,77,59,39,38,20,0.6695652173913044,0.6610169491525424,116
2023-03-07,1003,125,80,85,25,45,60,0.64,0.29411764705882354,105
2023-03-08,1003,114,70,62,47,44,15,0.6140350877192983,0.7580645161290323,117
2023-03-09,1003,101,73,84,32,28,52,0.7227722772277227,0.38095238095238093,105
2023-03-10,1003,134,77,96,38,57,58,0.5746268656716418,0.3958333333333333,115
2023-03-11,1003,100,89,57,38,11,19,0.89,0.6666666666666666,127
2023-03-12,1003,122,76,64,31,46,33,0.6229508196721312,0.484375,107
2023-03-13,1003,143,82,52,44,61,8,0.5734265734265734,0.8461538461538461,126
2023-03-14,1003,116,83,72,48,33,24,0.7155172413793104,0.6666666666666666,131
2023-03-15,1003,101,65,66,38,36,28,0.6435643564356436,0.5757575757575758,103
2023-03-16,1003,102,91,89,38,11,51,0.8921568627450981,0.42696629213483145,129
2023-03-17,1003,137,82,66,32,55,34,0.5985401459854015,0.48484848484848486,114
2023-03-18,1003,121,77,97,50,44,47,0.6363636363636364,0.5154639175257731,127
2023-03-19,1003,104,65,94,51,39,43,0.625,0.5425531914893617,116
2023-03-20,1003,101,82,72,45,19,27,0.8118811881188119,0.625,127
2023-03-21,1003,136,89,89,35,47,54,0.6544117647058824,0.39325842696629215,124
2023-03-22,1003,110,79,71,38,31,33,0.7181818181818181,0.5352112676056338,117
2023-03-23,1003,132,72,99,34,60,65,0.5454545454545454,0.3434343434343434,106
2023-03-24,1003,138,81,52,41,57,11,0.5869565217391305,0.7884615384615384,122
2023-03-25,1003,117,82,55,40,35,15,0.7008547008547008,0.7272727272727273,122
2023-03-26,1003,111,83,60,30,28,30,0.7477477477477478,0.5,113
2023-03-27,1003,118,84,100,40,34,60,0.711864406779661,0.4,124
2023-03-28,1003,104,71,67,37,33,30,0.6826923076923077,0.5522388059701493,108
2023-03-29,1003,109,62,90,32,47,58,0.5688073394495413,0.35555555555555557,94
2023-03-30,1003,121,70,88,33,51,55,0.5785123966942148,0.375,103
2023-03-31,1003,141,70,87,35,71,52,0.49645390070921985,0.40229885057471265,105
2023-04-01,1003,108,75,56,35,33,21,0.6944444444444444,0.625,110
2023-04-02,1003,134,88,96,38,46,58,0.6567164179104478,0.3958333333333333,126
2023-04-03,1003,103,80,68,39,23,29,0.7766990291262136,0.5735294117647058,119
2023-04-04,1003,125,71,61,43,54,18,0.568,0.7049180327868853,114
2023-04-05,1003,103,91,63,51,12,12,0.883495145631068,0.8095238095238095,142
2023-04-06,1003,108,81,52,42,27,10,0.75,0.8076923076923077,123
2023-04-07,1003,138,74,92,42,64,50,0.5362318840579711,0.45652173913043476,116
2023-04-08,1003,138,81,86,36,57,50,0.5869565217391305,0.4186046511627907,117
2023-04-09,1003,128,76,81,30,52,51,0.59375,0.37037037037037035,106
2023-04-10,1003,127,93,68,48,34,20,0.7322834645669292,0.7058823529411765,141
2023-04-11,1003,118,87,65,55,31,10,0.7372881355932204,0.8461538461538461,142
2023-04-12,1003,110,80,69,45,30,24,0.7272727272727273,0.6521739130434783,125
2023-04-13,1003,145,89,61,36,56,25,0.6137931034482759,0.5901639344262295,125
2023-04-14,1003,128,105,53,29,23,24,0.8203125,0.5471698113207547,134
2023-04-15,1003,147,74,75,47,73,28,0.5034013605442177,0.6266666666666667,121
2023-04-16,1003,104,78,69,47,26,22,0.75,0.6811594202898551,125
2023-04-17,1003,132,94,78,39,38,39,0.7121212121212122,0.5,133
2023-04-18,1003,133,96,71,38,37,33,0.7218045112781954,0.5352112676056338,134
2023-04-19,1003,142,81,68,40,61,28,0.5704225352112676,0.5882352941176471,121
2023-04-20,1003,144,83,50,45,61,5,0.5763888888888888,0.9,128
2023-04-21,1003,117,77,51,35,40,16,0.6581196581196581,0.6862745098039216,112
2023-04-22,1003,117,92,78,40,25,38,0.7863247863247863,0.5128205128205128,132
2023-04-23,1003,116,85,95,44,31,51,0.7327586206896551,0.4631578947368421,129
2023-04-24,1003,150,100,82,35,50,47,0.6666666666666666,0.4268292682926829,135
2023-04-25,1003,132,91,53,33,41,20,0.6893939393939394,0.6226415094339622,124
2023-04-26,1003,111,72,87,35,39,52,0.6486486486486487,0.40229885057471265,107
2023-04-27,1003,122,78,95,48,44,47,0.639344262295082,0.5052631578947369,126
2023-04-28,1003,108,83,62,37,25,25,0.7685185185185185,0.5967741935483871,120
2023-04-29,1003,142,76,75,36,66,39,0.5352112676056338,0.48,112
2023-04-30,1003,118,90,67,56,28,11,0.7627118644067796,0.835820895522388,146
2023-05-01,1003,120,67,88,37,53,51,0.5583333333333333,0.42045454545454547,104
2023-05-02,1003,124,75,55,44,49,11,0.6048387096774194,0.8,119
2023-05-03,1003,112,98,82,33,14,49,0.875,0.4024390243902439,131
2023-05-04,1003,115,71,87,32,44,55,0.6173913043478261,0.367816091954023,103
2023-05-05,1003,100,74,59,39,26,20,0.74,0.6610169491525424,113
2023-05-06,1003,135,76,69,49,59,20,0.562962962962963,0.7101449275362319,125
2023-05-07,1003,137,97,53,35,40,18,0.708029197080292,0.660377358490566,132
2023-05-08,1003,145,75,65,44,70,21,0.5172413793103449,0.676923076923077,119
2023-05-09,1003,103,80,94,38,23,56,0.7766990291262136,0.40425531914893614,118
2023-05-10,1003,112,69,74,31,43,43,0.6160714285714286,0.4189189189189189,100
2023-05-11,1003,117,91,60,46,26,14,0.7777777777777778,0.7666666666666667,137
2023-05-12,1003,108,94,76,35,14,41,0.8703703703703703,0.4605263157894737,129
2023-05-13,1003,139,80,73,44,59,29,0.5755395683453237,0.6027397260273972,124
2023-05-14,1003,128,69,71,43,59,28,0.5390625,0.6056338028169014,112
2023-05-15,1003,140,77,84,33,63,51,0.55,0.39285714285714285,110
2023-05-16,1003,136,76,96,37,60,59,0.5588235294117647,0.3854166666666667,113
2023-05-17,1003,104,73,74,42,31,32,0.7019230769230769,0.5675675675675675,115
2023-05-18,1003,106,74,95,45,32,50,0.6981132075471698,0.47368421052631576,119
2023-05-19,1003,142,88,88,38,54,50,0.6197183098591549,0.4318181818181818,126
2023-05-20,1003,114,90,88,33,24,55,0.7894736842105263,0.375,123
2023-05-21,1003,149,88,60,33,61,27,0.5906040268456376,0.55,121
2023-05-22,1003,145,84,97,31,61,66,0.5793103448275863,0.31958762886597936,115
2023-05-23,1003,120,84,86,44,36,42,0.7,0.5116279069767442,128
2023-05-24,1003,111,92,51,37,19,14,0.8288288288288288,0.7254901960784313,129
2023-05-25,1003,108,78,55,50,30,5,0.7222222222222222,0.9090909090909091,128
2023-05-26,1003,130,77,56,41,53,15,0.5923076923076923,0.7321428571428571,118
2023-05-27,1003,134,89,83,38,45,45,0.664179104477612,0.4578313253012048,127
2023-05-28,1003,122,81,76,49,41,27,0.6639344262295082,0.6447368421052632,130
2023-05-29,1003,126,78,90,43,48,47,0.6190476190476191,0.4777777777777778,121
2023-05-30,1003,102,76,95,37,26,58,0.7450980392156863,0.3894736842105263,113
2023-05-31,1003,118,67,58,48,51,10,0.5677966101694916,0.8275862068965517,115
2023-06-01,1003,106,82,71,34,24,37,0.7735849056603774,0.4788732394366197,116
2023-06-02,1003,115,81,79,53,34,26,0.7043478260869566,0.6708860759493671,134
2023-06-03,1003,143,82,90,28,61,62,0.5734265734265734,0.3111111111111111,110
2023-06-04,1003,123,72,60,38,51,22,0.5853658536585366,0.6333333333333333,110
2023-06-05,1003,110,99,74,44,11,30,0.9,0.5945945945945946,143
2023-06-06,1003,109,104,97,39,5,58,0.9541284403669725,0.4020618556701031,143
2023-06-07,1003,135,84,66,35,51,31,0.6222222222222222,0.5303030303030303,119
2023-06-08,1003,141,82,94,36,59,58,0.5815602836879432,0.3829787234042553,118
2023-06-09,1003,124,68,85,43,56,42,0.5483870967741935,0.5058823529411764,111
2023-06-10,1003,101,66,65,48,35,17,0.6534653465346535,0.7384615384615385,114
2023-06-11,1003,114,81,96,29,33,67,0.7105263157894737,0.3020833333333333,110
2023-06-12,1003,114,81,77,50,33,27,0.7105263157894737,0.6493506493506493,131
2023-06-13,1003,101,88,65,33,13,32,0.8712871287128713,0.5076923076923077,121
2023-06-14,1003,149,73,85,37,76,48,0.4899328859060403,0.43529411764705883,110
2023-06-15,1003,149,76,99,35,73,64,0.5100671140939598,0.35353535353535354,111
2023-06-16,1003,119,67,77,33,52,44,0.5630252100840336,0.42857142857142855,100
2023-06-17,1003,132,86,80,32,46,48,0.6515151515151515,0.4,118
2023-06-18,1003,135,94,66,42,41,24,0.6962962962962963,0.6363636363636364,136
2023-06-19,1003,143,80,56,28,63,28,0.5594405594405595,0.5,108
2023-06-20,1003,122,85,75,33,37,42,0.6967213114754098,0.44,118
2023-06-21,1003,144,84,63,52,60,11,0.5833333333333334,0.8253968253968254,136
2023-06-22,1003,126,78,57,49,48,8,0.6190476190476191,0.8596491228070176,127
2023-06-23,1003,124,76,88,36,48,52,0.6129032258064516,0.4090909090909091,112
2023-06-24,1003,102,101,94,49,1,45,0.9901960784313726,0.5212765957446809,150
2023-06-25,1003,146,89,77,35,57,42,0.6095890410958904,0.45454545454545453,124
2023-06-26,1003,142,65,68,36,77,32,0.45774647887323944,0.5294117647058824,101
2023-06-27,1003,111,76,73,43,35,30,0.6846846846846847,0.589041095890411,119
2023-06-28,1003,104,78,80,39,26,41,0.75,0.4875,117
2023-06-29,1003,130,81,71,32,49,39,0.6230769230769231,0.4507042253521127,113
2023-06-30,1003,127,81,81,39,46,42,0.6377952755905512,0.48148148148148145,120
2023-07-01,1003,101,75,63,51,26,12,0.7425742574257426,0.8095238095238095,126
2023-07-02,1003,117,94,61,45,23,16,0.8034188034188035,0.7377049180327869,139
2023-07-03,1003,127,95,70,39,32,31,0.7480314960629921,0.5571428571428572,134
2023-07-04,1003,146,75,78,47,71,31,0.5136986301369864,0.6025641025641025,122
2023-07-05,1003,133,78,73,47,55,26,0.5864661654135338,0.6438356164383562,125
2023-07-06,1003,109,70,80,38,39,42,0.6422018348623854,0.475,108
2023-07-07,1003,135,77,67,36,58,31,0.5703703703703704,0.5373134328358209,113
2023-07-08,1003,125,85,95,44,40,51,0.68,0.4631578947368421,129
2023-07-09,1003,122,76,67,44,46,23,0.6229508196721312,0.6567164179104478,120
2023-07-10,1003,124,90,89,40,34,49,0.7258064516129032,0.449438202247191,130
2023-07-11,1003,119,74,81,35,45,46,0.6218487394957983,0.43209876543209874,109
2023-07-12,1003,120,78,90,41,42,49,0.65,0.45555555555555555,119
2023-07-13,1003,127,98,66,37,29,29,0.7716535433070866,0.5606060606060606,135
2023-07-14,1003,138,93,79,45,45,34,0.6739130434782609,0.569620253164557,138
2023-07-15,1003,105,80,78,44,25,34,0.7619047619047619,0.5641025641025641,124
2023-07-16,1003,121,82,52,42,39,10,0.6776859504132231,0.8076923076923077,124
2023-07-17,1003,139,76,60,36,63,24,0.5467625899280576,0.6,112
2023-07-18,1003,110,69,94,37,41,57,0.6272727272727273,0.39361702127659576,106
2023-07-19,1003,135,68,83,40,67,43,0.5037037037037037,0.4819277108433735,108
2023-07-20,1003,119,57,62,45,62,17,0.4789915966386555,0.7258064516129032,102
2023-07-21,1003,136,79,56,40,57,16,0.5808823529411765,0.7142857142857143,119
2023-07-22,1003,100,69,88,40,31,48,0.69,0.45454545454545453,109
2023-07-23,1003,119,63,100,46,56,54,0.5294117647058824,0.46,109
2023-07-24,1003,100,97,71,43,3,28,0.97,0.6056338028169014,140
2023-07-25,1003,146,80,74,47,66,27,0.547945205479452,0.6351351351351351,127
2023-07-26,1003,100,82,80,46,18,34,0.82,0.575,128
2023-07-27,1003,124,89,63,26,35,37,0.717741935483871,0.4126984126984127,115
2023-07-28,1003,100,84,61,41,16,20,0.84,0.6721311475409836,125
2023-07-29,1003,127,83,54,39,44,15,0.6535433070866141,0.7222222222222222,122
2023-07-30,1003,125,85,58,45,40,13,0.68,0.7758620689655172,130
2023-07-31,1003,138,72,85,32,66,53,0.5217391304347826,0.3764705882352941,104
2023-08-01,1003,119,93,52,41,26,11,0.7815126050420168,0.7884615384615384,134
2023-08-02,1003,112,90,80,41,22,39,0.8035714285714286,0.5125,131
2023-08-03,1003,123,77,66,39,46,27,0.6260162601626016,0.5909090909090909,116
2023-08-04,1003,150,87,71,37,63,34,0.58,0.5211267605633803,124
2023-08-05,1003,127,82,65,32,45,33,0.6456692913385826,0.49230769230769234,114
2023-08-06,1003,132,87,73,42,45,31,0.6590909090909091,0.5753424657534246,129
2023-08-07,1003,149,79,54,44,70,10,0.5302013422818792,0.8148148148148148,123
2023-08-08,1003,100,90,52,41,10,11,0.9,0.7884615384615384,131
2023-08-09,1003,128,70,90,33,58,57,0.546875,0.36666666666666664,103
2023-08-10,1003,116,85,98,39,31,59,0.7327586206896551,0.3979591836734694,124
2023-08-11,1003,124,87,94,52,37,42,0.7016129032258065,0.5531914893617021,139
2023-08-12,1003,147,94,91,37,53,54,0.6394557823129252,0.4065934065934066,131
2023-08-13,1003,111,68,50,38,43,12,0.6126126126126126,0.76,106
2023-08-14,1003,113,81,68,45,32,23,0.7168141592920354,0.6617647058823529,126
2023-08-15,1003,104,78,75,32,26,43,0.75,0.4266666666666667,110
2023-08-16,1003,105,87,91,29,18,62,0.8285714285714286,0.31868131868131866,116
2023-08-17,1003,120,84,54,42,36,12,0.7,0.7777777777777778,126
2023-08-18,1003,143,82,50,34,61,16,0.5734265734265734,0.68,116
2023-08-19,1003,122,79,64,43,43,21,0.6475409836065574,0.671875,122
2023-08-20,1003,131,85,90,34,46,56,0.648854961832061,0.37777777777777777,119
2023-08-21,1003,104,83,75,41,21,34,0.7980769230769231,0.5466666666666666,124
2023-08-22,1003,134,76,52,32,58,20,0.5671641791044776,0.6153846153846154,108
2023-08-23,1003,105,94,74,38,11,36,0.8952380952380953,0.5135135135135135,132
2023-08-24,1003,141,90,92,35,51,57,0.6382978723404256,0.3804347826086957,125
2023-08-25,1003,114,80,63,47,34,16,0.7017543859649122,0.746031746031746,127
2023-08-26,1003,105,80,87,52,25,35,0.7619047619047619,0.5977011494252874,132
2023-08-27,1003,100,71,93,33,29,60,0.71,0.3548387096774194,104
2023-08-28,1003,122,92,78,45,30,33,0.7540983606557377,0.5769230769230769,137
2023-08-29,1003,117,81,85,39,36,46,0.6923076923076923,0.4588235294117647,120
2023-08-30,1003,103,77,52,42,26,10,0.7475728155339806,0.8076923076923077,119
2023-08-31,1003,146,100,82,37,46,45,0.684931506849315,0.45121951219512196,137
2023-09-01,1003,131,95,96,41,36,55,0.7251908396946565,0.4270833333333333,136
2023-09-02,1003,101,87,58,42,14,16,0.8613861386138614,0.7241379310344828,129
2023-09-03,1003,105,75,61,46,30,15,0.7142857142857143,0.7540983606557377,121
2023-09-04,1003,145,67,89,46,78,43,0.46206896551724136,0.5168539325842697,113
2023-09-05,1003,130,86,56,40,44,16,0.6615384615384615,0.7142857142857143,126
2023-09-06,1003,117,83,66,37,34,29,0.7094017094017094,0.5606060606060606,120
2023-09-07,1003,124,61,93,30,63,63,0.49193548387096775,0.3225806451612903,91
2023-09-08,1003,133,90,73,41,43,32,0.6766917293233082,0.5616438356164384,131
2023-09-09,1003,137,85,72,41,52,31,0.6204379562043796,0.5694444444444444,126
2023-09-10,1003,109,76,89,43,33,46,0.6972477064220184,0.48314606741573035,119
2023-09-11,1003,120,92,98,56,28,42,0.7666666666666667,0.5714285714285714,148
2023-09-12,1003,149,87,96,37,62,59,0.5838926174496645,0.3854166666666667,124
2023-09-13,1003,104,73,97,39,31,58,0.7019230769230769,0.4020618556701031,112
2023-09-14,1003,102,77,88,35,25,53,0.7549019607843137,0.3977272727272727,112
2023-09-15,1003,150,84,92,45,66,47,0.56,0.4891304347826087,129
2023-09-16,1003,149,91,74,47,58,27,0.610738255033557,0.6351351351351351,138
2023-09-17,1003,141,81,66,43,60,23,0.574468085106383,0.6515151515151515,124
2023-09-18,1003,129,81,81,28,48,53,0.627906976744186,0.345679012345679,109
2023-09-19,1003,108,69,64,39,39,25,0.6388888888888888,0.609375,108
2023-09-20,1003,108,80,58,35,28,23,0.7407407407407407,0.603448275862069,115
2023-09-21,1003,139,74,82,36,65,46,0.5323741007194245,0.43902439024390244,110
2023-09-22,1003,119,93,71,39,26,32,0.7815126050420168,0.5492957746478874,132
2023-09-23,1003,114,76,84,42,38,42,0.6666666666666666,0.5,118
2023-09-24,1003,148,74,59,37,74,22,0.5,0.6271186440677966,111
2023-09-25,1003,126,86,78,42,40,36,0.6825396825396826,0.5384615384615384,128
2023-09-26,1003,131,73,77,45,58,32,0.5572519083969466,0.5844155844155844,118
2023-09-27,1003,120,75,70,47,45,23,0.625,0.6714285714285714,122
2023-09-28,1003,126,75,76,38,51,38,0.5952380952380952,0.5,113
2023-09-29,1003,105,66,88,35,39,53,0.6285714285714286,0.3977272727272727,101
2023-09-30,1003,150,89,82,33,61,49,0.5933333333333334,0.4024390243902439,122
2023-10-01,1003,111,82,94,41,29,53,0.7387387387387387,0.43617021276595747,123
2023-10-02,1003,114,76,83,32,38,51,0.6666666666666666,0.3855421686746988,108
2023-10-03,1003,103,90,65,37,13,28,0.8737864077669902,0.5692307692307692,127
2023-10-04,1003,115,82,89,34,33,55,0.7130434782608696,0.38202247191011235,116
2023-10-05,1003,139,69,70,58,70,12,0.49640287769784175,0.8285714285714286,127
2023-10-06,1003,106,94,94,38,12,56,0.8867924528301887,0.40425531914893614,132
2023-10-07,1003,101,77,93,50,24,43,0.7623762376237624,0.5376344086021505,127
2023-10-08,1003,124,81,77,34,43,43,0.6532258064516129,0.44155844155844154,115
2023-10-09,1003,107,78,96,41,29,55,0.7289719626168224,0.4270833333333333,119
2023-10-10,1003,146,92,55,42,54,13,0.6301369863013698,0.7636363636363637,134
2023-10-11,1003,148,80,52,43,68,9,0.5405405405405406,0.8269230769230769,123
2023-10-12,1003,104,83,78,39,21,39,0.7980769230769231,0.5,122
2023-10-13,1003,136,81,69,38,55,31,0.5955882352941176,0.5507246376811594,119
2023-10-14,1003,103,84,87,38,19,49,0.8155339805825242,0.4367816091954023,122
2023-10-15,1003,149,79,55,41,70,14,0.5302013422818792,0.7454545454545455,120
2023-10-16,1003,123,79,55,35,44,20,0.6422764227642277,0.6363636363636364,114
2023-10-17,1003,103,74,63,41,29,22,0.7184466019417476,0.6507936507936508,115
2023-10-18,1003,119,83,66,33,36,33,0.6974789915966386,0.5,116
2023-10-19,1003,134,64,77,43,70,34,0.47761194029850745,0.5584415584415584,107
2023-10-20,1003,136,83,51,37,53,14,0.6102941176470589,0.7254901960784313,120
2023-10-21,1003,130,72,56,32,58,24,0.5538461538461539,0.5714285714285714,104
2023-10-22,1003,108,79,86,38,29,48,0.7314814814814815,0.4418604651162791,117
2023-10-23,1003,137,75,94,40,62,54,0.5474452554744526,0.425531914893617,115
2023-10-24,1003,143,91,52,42,52,10,0.6363636363636364,0.8076923076923077,133
2023-10-25,1003,102,70,65,34,32,31,0.6862745098039216,0.5230769230769231,104
2023-10-26,1003,129,88,71,45,41,26,0.6821705426356589,0.6338028169014085,133
2023-10-27,1003,104,91,73,32,13,41,0.875,0.4383561643835616,123
2023-10-28,1003,127,89,96,35,38,61,0.7007874015748031,0.3645833333333333,124
2023-10-29,1003,113,89,71,36,24,35,0.7876106194690266,0.5070422535211268,125
2023-10-30,1003,147,71,100,37,76,63,0.48299319727891155,0.37,108
2023-10-31,1003,102,87,100,35,15,65,0.8529411764705882,0.35,122
2023-11-01,1003,126,78,95,32,48,63,0.6190476190476191,0.3368421052631579,110
2023-11-02,1003,126,83,64,50,43,14,0.6587301587301587,0.78125,133
2023-11-03,1003,112,74,82,41,38,41,0.6607142857142857,0.5,115
2023-11-04,1003,129,71,69,30,58,39,0.5503875968992248,0.43478260869565216,101
2023-11-05,1003,113,87,61,48,26,13,0.7699115044247787,0.7868852459016393,135
2023-11-06,1003,104,76,70,35,28,35,0.7307692307692307,0.5,111
2023-11-07,1003,134,73,71,39,61,32,0.5447761194029851,0.5492957746478874,112
2023-11-08,1003,146,69,62,39,77,23,0.4726027397260274,0.6290322580645161,108
2023-11-09,1003,121,93,68,36,28,32,0.768595041322314,0.5294117647058824,129
2023-11-10,1003,138,88,97,41,50,56,0.6376811594202898,0.422680412371134,129
2023-11-11,1003,105,63,95,39,42,56,0.6,0.4105263157894737,102
2023-11-12,1003,107,82,68,40,25,28,0.7663551401869159,0.5882352941176471,122
2023-11-13,1003,120,89,50,45,31,5,0.7416666666666667,0.9,134
2023-11-14,1003,120,79,75,35,41,40,0.6583333333333333,0.4666666666666667,114
2023-11-15,1003,142,61,51,40,81,11,0.4295774647887324,0.7843137254901961,101
2023-11-16,1003,103,79,61,43,24,18,0.7669902912621359,0.7049180327868853,122
2023-11-17,1003,135,84,94,46,51,48,0.6222222222222222,0.48936170212765956,130
2023-11-18,1003,133,73,55,40,60,15,0.5488721804511278,0.7272727272727273,113
2023-11-19,1003,109,79,84,38,30,46,0.7247706422018348,0.4523809523809524,117
2023-11-20,1003,149,81,67,27,68,40,0.5436241610738255,0.40298507462686567,108
2023-11-21,1003,124,81,98,33,43,65,0.6532258064516129,0.336734693877551,114
2023-11-22,1003,110,73,61,41,37,20,0.6636363636363637,0.6721311475409836,114
2023-11-23,1003,116,73,71,44,43,27,0.6293103448275862,0.6197183098591549,117
2023-11-24,1003,129,66,98,41,63,57,0.5116279069767442,0.41836734693877553,107
2023-11-25,1003,135,78,52,46,57,6,0.5777777777777777,0.8846153846153846,124
2023-11-26,1003,124,83,59,48,41,11,0.6693548387096774,0.8135593220338984,131
2023-11-27,1003,128,70,63,34,58,29,0.546875,0.5396825396825397,104
2023-11-28,1003,118,87,50,35,31,15,0.7372881355932204,0.7,122
2023-11-29,1003,119,79,81,35,40,46,0.6638655462184874,0.43209876543209874,114
2023-11-30,1003,132,94,96,50,38,46,0.7121212121212122,0.5208333333333334,144
2023-12-01,1003,123,78,56,32,45,24,0.6341463414634146,0.5714285714285714,110
2023-12-02,1003,100,75,76,34,25,42,0.75,0.4473684210526316,109
2023-12-03,1003,134,67,62,41,67,21,0.5,0.6612903225806451,108
2023-12-04,1003,115,88,87,39,27,48,0.7652173913043478,0.4482758620689655,127
2023-12-05,1003,100,79,80,39,21,41,0.79,0.4875,118
2023-12-06,1003,111,74,62,40,37,22,0.6666666666666666,0.6451612903225806,114
2023-12-07,1003,111,79,89,32,32,57,0.7117117117117117,0.3595505617977528,111
2023-12-08,1003,120,87,79,38,33,41,0.725,0.4810126582278481,125
2023-12-09,1003,111,78,58,44,33,14,0.7027027027027027,0.7586206896551724,122
2023-12-10,1003,118,78,61,41,40,20,0.6610169491525424,0.6721311475409836,119
2023-12-11,1003,129,58,100,51,71,49,0.4496124031007752,0.51,109
2023-12-12,1003,101,92,80,39,9,41,0.9108910891089109,0.4875,131
2023-12-13,1003,142,77,71,36,65,35,0.5422535211267606,0.5070422535211268,113
2023-12-14,1003,132,73,92,47,59,45,0.553030303030303,0.5108695652173914,120
2023-12-15,1003,123,76,93,39,47,54,0.6178861788617886,0.41935483870967744,115
2023-12-16,1003,149,80,98,40,69,58,0.5369127516778524,0.40816326530612246,120
2023-12-17,1003,121,80,70,35,41,35,0.6611570247933884,0.5,115
2023-12-18,1003,131,70,85,44,61,41,0.5343511450381679,0.5176470588235295,114
2023-12-19,1003,130,82,70,47,48,23,0.6307692307692307,0.6714285714285714,129
2023-12-20,1003,122,91,96,37,31,59,0.7459016393442623,0.3854166666666667,128
2023-12-21,1003,117,85,96,30,32,66,0.7264957264957265,0.3125,115
2023-12-22,1003,135,86,70,41,49,29,0.6370370370370371,0.5857142857142857,127
2023-12-23,1003,121,91,79,38,30,41,0.7520661157024794,0.4810126582278481,129
2023-12-24,1003,123,90,75,41,33,34,0.7317073170731707,0.5466666666666666,131
2023-12-25,1003,119,77,76,36,42,40,0.6470588235294118,0.47368421052631576,113
2023-12-26,1003,116,96,89,38,20,51,0.8275862068965517,0.42696629213483145,134
2023-12-27,1003,133,72,83,38,61,45,0.5413533834586466,0.4578313253012048,110
2023-12-28,1003,108,89,87,41,19,46,0.8240740740740741,0.47126436781609193,130
2023-12-29,1003,117,69,91,46,48,45,0.5897435897435898,0.5054945054945055,115
2023-12-30,1003,113,80,87,43,33,44,0.7079646017699115,0.4942528735632184,123
2023-12-31,1003,125,71,93,44,54,49,0.568,0.4731182795698925,115
2023-01-01,1004,105,77,57,44,28,13,0.7333333333333333,0.7719298245614035,121
2023-01-02,1004,134,63,62,36,71,26,0.4701492537313433,0.5806451612903226,99
2023-01-03,1004,139,72,95,41,67,54,0.5179856115107914,0.43157894736842106,113
2023-01-04,1004,107,78,87,39,29,48,0.7289719626168224,0.4482758620689655,117
2023-01-05,1004,123,74,58,54,49,4,0.6016260162601627,0.9310344827586207,128
2023-01-06,1004,134,85,71,46,49,25,0.6343283582089553,0.647887323943662,131
2023-01-07,1004,118,73,50,35,45,15,0.6186440677966102,0.7,108
2023-01-08,1004,104,63,60,35,41,25,0.6057692307692307,0.5833333333333334,98
2023-01-09,1004,142,75,80,35,67,45,0.528169014084507,0.4375,110
2023-01-10,1004,112,93,93,45,19,48,0.8303571428571429,0.4838709677419355,138
2023-01-11,1004,138,84,64,55,54,9,0.6086956521739131,0.859375,139
2023-01-12,1004,144,95,85,35,49,50,0.6597222222222222,0.4117647058823529,130
2023-01-13,1004,123,94,61,51,29,10,0.7642276422764228,0.8360655737704918,145
2023-01-14,1004,112,84,80,35,28,45,0.75,0.4375,119
2023-01-15,1004,113,79,99,50,34,49,0.6991150442477876,0.5050505050505051,129
2023-01-16,1004,140,98,50,36,42,14,0.7,0.72,134
2023-01-17,1004,134,63,57,34,71,23,0.4701492537313433,0.5964912280701754,97
2023-01-18,1004,116,77,89,39,39,50,0.6637931034482759,0.43820224719101125,116
2023-01-19,1004,126,71,99,31,55,68,0.5634920634920635,0.31313131313131315,102
2023-01-20,1004,115,74,96,39,41,57,0.6434782608695652,0.40625,113
2023-01-21,1004,148,97,100,43,51,57,0.6554054054054054,0.43,140
2023-01-22,1004,124,96,91,46,28,45,0.7741935483870968,0.5054945054945055,142
2023-01-23,1004,127,84,89,30,43,59,0.6614173228346457,0.33707865168539325,114
2023-01-24,1004,119,100,75,49,19,26,0.8403361344537815,0.6533333333333333,149
2023-01-25,1004,119,82,72,32,37,40,0.6890756302521008,0.4444444444444444,114
2023-01-26,1004,114,73,82,40,41,42,0.6403508771929824,0.4878048780487805,113
2023-01-27,1004,117,81,58,37,36,21,0.6923076923076923,0.6379310344827587,118
2023-01-28,1004,100,82,95,45,18,50,0.82,0.47368421052631576,127
2023-01-29,1004,137,88,51,42,49,9,0.6423357664233577,0.8235294117647058,130
2023-01-30,1004,119,85,94,48,34,46,0.7142857142857143,0.5106382978723404,133
2023-01-31,1004,144,89,97,35,55,62,0.6180555555555556,0.36082474226804123,124
2023-02-01,1004,130,88,85,39,42,46,0.676923076923077,0.4588235294117647,127
2023-02-02,1004,105,96,55,42,9,13,0.9142857142857143,0.7636363636363637,138
2023-02-03,1004,118,86,93,37,32,56,0.7288135593220338,0.3978494623655914,123
2023-02-04,1004,120,76,78,43,44,35,0.6333333333333333,0.5512820512820513,119
2023-02-05,1004,103,68,53,41,35,12,0.6601941747572816,0.7735849056603774,109
2023-02-06,1004,123,86,76,37,37,39,0.6991869918699187,0.4868421052631579,123
2023-02-07,1004,136,73,60,32,63,28,0.5367647058823529,0.5333333333333333,105
2023-02-08,1004,125,82,58,34,43,24,0.656,0.5862068965517241,116
2023-02-09,1004,140,83,71,51,57,20,0.5928571428571429,0.7183098591549296,134
2023-02-10,1004,138,77,88,40,61,48,0.5579710144927537,0.45454545454545453,117
2023-02-11,1004,145,56,82,46,89,36,0.38620689655172413,0.5609756097560976,102
2023-02-12,1004,102,79,96,39,23,57,0.7745098039215687,0.40625,118
2023-02-13,1004,144,79,96,37,65,59,0.5486111111111112,0.3854166666666667,116
2023-02-14,1004,108,77,71,29,31,42,0.7129629629629629,0.4084507042253521,106
2023-02-15,1004,114,95,81,46,19,35,0.8333333333333334,0.5679012345679012,141
2023-02-16,1004,150,85,54,34,65,20,0.5666666666666667,0.6296296296296297,119
2023-02-17,1004,129,75,76,49,54,27,0.5813953488372093,0.6447368421052632,124
2023-02-18,1004,138,79,65,44,59,21,0.572463768115942,0.676923076923077,123
2023-02-19,1004,133,93,66,26,40,40,0.6992481203007519,0.3939393939393939,119
2023-02-20,1004,115,98,53,40,17,13,0.8521739130434782,0.7547169811320755,138
2023-02-21,1004,114,91,93,34,23,59,0.7982456140350878,0.3655913978494624,125
2023-02-22,1004,143,78,58,39,65,19,0.5454545454545454,0.6724137931034483,117
2023-02-23,1004,134,85,96,30,49,66,0.6343283582089553,0.3125,115
2023-02-24,1004,115,72,80,54,43,26,0.6260869565217392,0.675,126
2023-02-25,1004,143,74,61,47,69,14,0.5174825174825175,0.7704918032786885,121
2023-02-26,1004,149,73,97,37,76,60,0.4899328859060403,0.38144329896907214,110
2023-02-27,1004,126,78,88,43,48,45,0.6190476190476191,0.48863636363636365,121
2023-02-28,1004,115,66,87,28,49,59,0.5739130434782609,0.3218390804597701,94
2023-03-01,1004,121,78,66,50,43,16,0.6446280991735537,0.7575757575757576,128
2023-03-02,1004,134,86,86,43,48,43,0.6417910447761194,0.5,129
2023-03-03,1004,142,82,85,28,60,57,0.5774647887323944,0.32941176470588235,110
2023-03-04,1004,111,73,92,53,38,39,0.6576576576576577,0.5760869565217391,126
2023-03-05,1004,118,79,75,43,39,32,0.6694915254237288,0.5733333333333334,122
2023-03-06,1004,128,60,70,37,68,33,0.46875,0.5285714285714286,97
2023-03-07,1004,133,80,63,25,53,38,0.6015037593984962,0.3968253968253968,105
2023-03-08,1004,139,82,75,38,57,37,0.5899280575539568,0.5066666666666667,120
2023-03-09,1004,148,78,90,38,70,52,0.527027027027027,0.4222222222222222,116
2023-03-10,1004,146,82,62,39,64,23,0.5616438356164384,0.6290322580645161,121
2023-03-11,1004,100,76,57,32,24,25,0.76,0.5614035087719298,108
2023-03-12,1004,117,76,92,34,41,58,0.6495726495726496,0.3695652173913043,110
2023-03-13,1004,150,74,60,26,76,34,0.49333333333333335,0.43333333333333335,100
2023-03-14,1004,131,81,72,40,50,32,0.6183206106870229,0.5555555555555556,121
2023-03-15,1004,103,90,68,40,13,28,0.8737864077669902,0.5882352941176471,130
2023-03-16,1004,145,68,77,38,77,39,0.4689655172413793,0.4935064935064935,106
2023-03-17,1004,101,79,100,35,22,65,0.7821782178217822,0.35,114
2023-03-18,1004,140,80,68,44,60,24,0.5714285714285714,0.6470588235294118,124
2023-03-19,1004,132,64,66,40,68,26,0.48484848484848486,0.6060606060606061,104
2023-03-20,1004,128,89,92,41,39,51,0.6953125,0.44565217391304346,130
2023-03-21,1004,108,84,92,42,24,50,0.7777777777777778,0.45652173913043476,126
2023-03-22,1004,121,73,87,38,48,49,0.6033057851239669,0.4367816091954023,111
2023-03-23,1004,114,71,61,49,43,12,0.6228070175438597,0.8032786885245902,120
2023-03-24,1004,134,85,64,38,49,26,0.6343283582089553,0.59375,123
2023-03-25,1004,145,66,67,46,79,21,0.45517241379310347,0.6865671641791045,112
2023-03-26,1004,119,62,72,44,57,28,0.5210084033613446,0.6111111111111112,106
2023-03-27,1004,145,85,75,43,60,32,0.5862068965517241,0.5733333333333334,128
2023-03-28,1004,116,77,75,48,39,27,0.6637931034482759,0.64,125
2023-03-29,1004,110,86,58,38,24,20,0.7818181818181819,0.6551724137931034,124
2023-03-30,1004,124,77,98,26,47,72,0.6209677419354839,0.2653061224489796,103
2023-03-31,1004,140,85,57,37,55,20,0.6071428571428571,0.6491228070175439,122
2023-04-01,1004,113,96,62,45,17,17,0.8495575221238938,0.7258064516129032,141
2023-04-02,1004,130,64,81,41,66,40,0.49230769230769234,0.5061728395061729,105
2023-04-03,1004,106,77,84,46,29,38,0.7264150943396226,0.5476190476190477,123
2023-04-04,1004,145,90,53,44,55,9,0.6206896551724138,0.8301886792452831,134
2023-04-05,1004,141,85,80,37,56,43,0.6028368794326241,0.4625,122
2023-04-06,1004,120,77,76,37,43,39,0.6416666666666667,0.4868421052631579,114
2023-04-07,1004,138,69,99,52,69,47,0.5,0.5252525252525253,121
2023-04-08,1004,113,78,58,45,35,13,0.6902654867256637,0.7758620689655172,123
2023-04-09,1004,120,61,90,43,59,47,0.5083333333333333,0.4777777777777778,104
2023-04-10,1004,126,88,67,34,38,33,0.6984126984126984,0.5074626865671642,122
2023-04-11,1004,132,72,78,45,60,33,0.5454545454545454,0.5769230769230769,117
2023-04-12,1004,144,62,85,43,82,42,0.4305555555555556,0.5058823529411764,105
2023-04-13,1004,111,77,59,44,34,15,0.6936936936936937,0.7457627118644068,121
2023-04-14,1004,130,67,83,37,63,46,0.5153846153846153,0.4457831325301205,104
2023-04-15,1004,116,89,89,55,27,34,0.7672413793103449,0.6179775280898876,144
2023-04-16,1004,132,67,51,33,65,18,0.5075757575757576,0.6470588235294118,100
2023-04-17,1004,110,78,69,41,32,28,0.7090909090909091,0.5942028985507246,119
2023-04-18,1004,130,74,79,39,56,40,0.5692307692307692,0.4936708860759494,113
2023-04-19,1004,143,87,99,36,56,63,0.6083916083916084,0.36363636363636365,123
2023-04-20,1004,107,74,99,33,33,66,0.6915887850467289,0.3333333333333333,107
2023-04-21,1004,132,79,88,49,53,39,0.5984848484848485,0.5568181818181818,128
2023-04-22,1004,148,92,89,34,56,55,0.6216216216216216,0.38202247191011235,126
2023-04-23,1004,134,94,70,39,40,31,0.7014925373134329,0.5571428571428572,133
2023-04-24,1004,106,81,53,39,25,14,0.7641509433962265,0.7358490566037735,120
2023-04-25,1004,119,76,66,29,43,37,0.6386554621848739,0.4393939393939394,105
2023-04-26,1004,132,72,69,31,60,38,0.5454545454545454,0.4492753623188406,103
2023-04-27,1004,138,92,81,35,46,46,0.6666666666666666,0.43209876543209874,127
2023-04-28,1004,117,85,58,44,32,14,0.7264957264957265,0.7586206896551724,129
2023-04-29,1004,117,92,88,34,25,54,0.7863247863247863,0.38636363636363635,126
2023-04-30,1004,131,77,74,49,54,25,0.5877862595419847,0.6621621621621622,126
2023-05-01,1004,138,69,53,46,69,7,0.5,0.8679245283018868,115
2023-05-02,1004,103,68,72,38,35,34,0.6601941747572816,0.5277777777777778,106
2023-05-03,1004,134,90,61,37,44,24,0.6716417910447762,0.6065573770491803,127
2023-05-04,1004,149,76,51,35,73,16,0.5100671140939598,0.6862745098039216,111
2023-05-05,1004,143,80,81,54,63,27,0.5594405594405595,0.6666666666666666,134
2023-05-06,1004,125,81,94,36,44,58,0.648,0.3829787234042553,117
2023-05-07,1004,111,77,54,34,34,20,0.6936936936936937,0.6296296296296297,111
2023-05-08,1004,130,81,91,33,49,58,0.6230769230769231,0.3626373626373626,114
2023-05-09,1004,147,73,62,41,74,21,0.4965986394557823,0.6612903225806451,114
2023-05-10,1004,114,93,81,51,21,30,0.8157894736842105,0.6296296296296297,144
2023-05-11,1004,102,83,95,28,19,67,0.8137254901960784,0.29473684210526313,111
2023-05-12,1004,143,86,67,34,57,33,0.6013986013986014,0.5074626865671642,120
2023-05-13,1004,135,87,69,39,48,30,0.6444444444444445,0.5652173913043478,126
2023-05-14,1004,121,78,88,38,43,50,0.6446280991735537,0.4318181818181818,116
2023-05-15,1004,139,78,77,31,61,46,0.5611510791366906,0.4025974025974026,109
2023-05-16,1004,109,76,53,50,33,3,0.6972477064220184,0.9433962264150944,126
2023-05-17,1004,129,96,60,36,33,24,0.7441860465116279,0.6,132
2023-05-18,1004,147,85,52,48,62,4,0.5782312925170068,0.9230769230769231,133
2023-05-19,1004,102,76,67,39,26,28,0.7450980392156863,0.582089552238806,115
2023-05-20,1004,113,84,83,40,29,43,0.7433628318584071,0.4819277108433735,124
2023-05-21,1004,135,95,91,40,40,51,0.7037037037037037,0.43956043956043955,135
2023-05-22,1004,144,52,82,43,92,39,0.3611111111111111,0.524390243902439,95
2023-05-23,1004,105,84,52,34,21,18,0.8,0.6538461538461539,118
2023-05-24,1004,105,94,100,44,11,56,0.8952380952380953,0.44,138
2023-05-25,1004,139,76,62,53,63,9,0.5467625899280576,0.8548387096774194,129
2023-05-26,1004,102,77,58,43,25,15,0.7549019607843137,0.7413793103448276,120
2023-05-27,1004,123,73,55,39,50,16,0.5934959349593496,0.7090909090909091,112
2023-05-28,1004,114,68,91,44,46,47,0.5964912280701754,0.4835164835164835,112
2023-05-29,1004,123,74,89,58,49,31,0.6016260162601627,0.651685393258427,132
2023-05-30,1004,118,84,85,49,34,36,0.711864406779661,0.5764705882352941,133
2023-05-31,1004,120,97,80,36,23,44,0.8083333333333333,0.45,133
2023-06-01,1004,132,76,52,51,56,1,0.5757575757575758,0.9807692307692307,127
2023-06-02,1004,118,82,91,31,36,60,0.6949152542372882,0.34065934065934067,113
2023-06-03,1004,135,97,86,28,38,58,0.7185185185185186,0.32558139534883723,125
2023-06-04,1004,139,70,56,51,69,5,0.5035971223021583,0.9107142857142857,121
2023-06-05,1004,107,77,53,36,30,17,0.719626168224299,0.6792452830188679,113
2023-06-06,1004,106,73,93,46,33,47,0.6886792452830188,0.4946236559139785,119
2023-06-07,1004,138,102,60,56,36,4,0.7391304347826086,0.9333333333333333,158
2023-06-08,1004,140,78,68,34,62,34,0.5571428571428572,0.5,112
2023-06-09,1004,117,72,79,51,45,28,0.6153846153846154,0.6455696202531646,123
2023-06-10,1004,141,78,53,47,63,6,0.5531914893617021,0.8867924528301887,125
2023-06-11,1004,148,72,90,38,76,52,0.4864864864864865,0.4222222222222222,110
2023-06-12,1004,149,75,96,41,74,55,0.5033557046979866,0.4270833333333333,116
2023-06-13,1004,127,88,62,39,39,23,0.6929133858267716,0.6290322580645161,127
2023-06-14,1004,131,84,91,43,47,48,0.6412213740458015,0.4725274725274725,127
2023-06-15,1004,122,81,81,39,41,42,0.6639344262295082,0.48148148148148145,120
2023-06-16,1004,141,91,53,30,50,23,0.6453900709219859,0.5660377358490566,121
2023-06-17,1004,110,76,97,31,34,66,0.6909090909090909,0.31958762886597936,107
2023-06-18,1004,119,71,57,33,48,24,0.5966386554621849,0.5789473684210527,104
2023-06-19,1004,133,86,54,44,47,10,0.6466165413533834,0.8148148148148148,130
2023-06-20,1004,114,86,78,31,28,47,0.7543859649122807,0.3974358974358974,117
2023-06-21,1004,110,87,89,40,23,49,0.7909090909090909,0.449438202247191,127
2023-06-22,1004,122,92,54,41,30,13,0.7540983606557377,0.7592592592592593,133
2023-06-23,1004,106,78,77,43,28,34,0.7358490566037735,0.5584415584415584,121
2023-06-24,1004,107,66,72,36,41,36,0.616822429906542,0.5,102
2023-06-25,1004,142,81,70,44,61,26,0.5704225352112676,0.6285714285714286,125
2023-06-26,1004,106,96,66,35,10,31,0.9056603773584906,0.5303030303030303,131
2023-06-27,1004,117,78,55,42,39,13,0.6666666666666666,0.7636363636363637,120
2023-06-28,1004,106,92,68,32,14,36,0.8679245283018868,0.47058823529411764,124
2023-06-29,1004,126,81,50,45,45,5,0.6428571428571429,0.9,126
2023-06-30,1004,116,80,72,45,36,27,0.6896551724137931,0.625,125
2023-07-01,1004,142,75,85,38,67,47,0.528169014084507,0.4470588235294118,113
2023-07-02,1004,136,78,82,45,58,37,0.5735294117647058,0.5487804878048781,123
2023-07-03,1004,117,89,74,37,28,37,0.7606837606837606,0.5,126
2023-07-04,1004,111,78,87,44,33,43,0.7027027027027027,0.5057471264367817,122
2023-07-05,1004,109,81,90,38,28,52,0.7431192660550459,0.4222222222222222,119
2023-07-06,1004,108,88,68,45,20,23,0.8148148148148148,0.6617647058823529,133
2023-07-07,1004,142,82,88,39,60,49,0.5774647887323944,0.4431818181818182,121
2023-07-08,1004,138,78,82,30,60,52,0.5652173913043478,0.36585365853658536,108
2023-07-09,1004,125,72,73,54,53,19,0.576,0.7397260273972602,126
2023-07-10,1004,137,79,73,46,58,27,0.5766423357664233,0.6301369863013698,125
2023-07-11,1004,150,90,84,55,60,29,0.6,0.6547619047619048,145
2023-07-12,1004,106,102,88,32,4,56,0.9622641509433962,0.36363636363636365,134
2023-07-13,1004,112,82,71,47,30,24,0.7321428571428571,0.6619718309859155,129
2023-07-14,1004,126,58,68,51,68,17,0.4603174603174603,0.75,109
2023-07-15,1004,116,74,98,45,42,53,0.6379310344827587,0.45918367346938777,119
2023-07-16,1004,121,64,73,37,57,36,0.5289256198347108,0.5068493150684932,101
2023-07-17,1004,130,80,60,39,50,21,0.6153846153846154,0.65,119
2023-07-18,1004,136,81,54,40,55,14,0.5955882352941176,0.7407407407407407,121
2023-07-19,1004,105,73,77,44,32,33,0.6952380952380952,0.5714285714285714,117
2023-07-20,1004,121,74,81,45,47,36,0.6115702479338843,0.5555555555555556,119
2023-07-21,1004,133,76,87,40,57,47,0.5714285714285714,0.45977011494252873,116
2023-07-22,1004,143,74,85,28,69,57,0.5174825174825175,0.32941176470588235,102
2023-07-23,1004,105,75,65,47,30,18,0.7142857142857143,0.7230769230769231,122
2023-07-24,1004,132,69,58,51,63,7,0.5227272727272727,0.8793103448275862,120
2023-07-25,1004,104,82,83,49,22,34,0.7884615384615384,0.5903614457831325,131
2023-07-26,1004,110,96,68,44,14,24,0.8727272727272727,0.6470588235294118,140
2023-07-27,1004,150,73,60,49,77,11,0.4866666666666667,0.8166666666666667,122
2023-07-28,1004,132,63,80,46,69,34,0.4772727272727273,0.575,109
2023-07-29,1004,108,77,95,47,31,48,0.7129629629629629,0.49473684210526314,124
2023-07-30,1004,136,93,81,35,43,46,0.6838235294117647,0.43209876543209874,128
2023-07-31,1004,142,74,58,44,68,14,0.5211267605633803,0.7586206896551724,118
2023-08-01,1004,148,82,55,49,66,6,0.5540540540540541,0.8909090909090909,131
2023-08-02,1004,111,82,62,40,29,22,0.7387387387387387,0.6451612903225806,122
2023-08-03,1004,111,76,83,43,35,40,0.6846846846846847,0.5180722891566265,119
2023-08-04,1004,116,80,66,44,36,22,0.6896551724137931,0.6666666666666666,124
2023-08-05,1004,123,77,92,37,46,55,0.6260162601626016,0.40217391304347827,114
2023-08-06,1004,124,80,64,39,44,25,0.6451612903225806,0.609375,119
2023-08-07,1004,101,78,62,41,23,21,0.7722772277227723,0.6612903225806451,119
2023-08-08,1004,137,81,77,50,56,27,0.5912408759124088,0.6493506493506493,131
2023-08-09,1004,125,89,74,41,36,33,0.712,0.5540540540540541,130
2023-08-10,1004,109,81,63,47,28,16,0.7431192660550459,0.746031746031746,128
2023-08-11,1004,103,75,88,46,28,42,0.7281553398058253,0.5227272727272727,121
2023-08-12,1004,111,87,83,39,24,44,0.7837837837837838,0.46987951807228917,126
2023-08-13,1004,115,75,93,31,40,62,0.6521739130434783,0.3333333333333333,106
2023-08-14,1004,148,94,87,37,54,50,0.6351351351351351,0.42528735632183906,131
2023-08-15,1004,149,95,75,40,54,35,0.6375838926174496,0.5333333333333333,135
2023-08-16,1004,142,97,92,38,45,54,0.6830985915492958,0.41304347826086957,135
2023-08-17,1004,138,82,74,32,56,42,0.5942028985507246,0.43243243243243246,114
2023-08-18,1004,136,80,55,36,56,19,0.5882352941176471,0.6545454545454545,116
2023-08-19,1004,113,83,69,44,30,25,0.7345132743362832,0.6376811594202898,127
2023-08-20,1004,133,101,61,32,32,29,0.7593984962406015,0.5245901639344263,133
2023-08-21,1004,107,79,73,45,28,28,0.7383177570093458,0.6164383561643836,124
2023-08-22,1004,115,79,92,45,36,47,0.6869565217391305,0.4891304347826087,124
2023-08-23,1004,132,70,94,44,62,50,0.5303030303030303,0.46808510638297873,114
2023-08-24,1004,110,91,96,33,19,63,0.8272727272727273,0.34375,124
2023-08-25,1004,134,66,78,45,68,33,0.4925373134328358,0.5769230769230769,111
2023-08-26,1004,142,82,69,39,60,30,0.5774647887323944,0.5652173913043478,121
2023-08-27,1004,146,78,81,38,68,43,0.5342465753424658,0.4691358024691358,116
2023-08-28,1004,118,77,50,42,41,8,0.652542372881356,0.84,119
2023-08-29,1004,106,85,56,40,21,16,0.8018867924528302,0.7142857142857143,125
2023-08-30,1004,143,91,67,36,52,31,0.6363636363636364,0.5373134328358209,127
2023-08-31,1004,113,81,78,42,32,36,0.7168141592920354,0.5384615384615384,123
2023-09-01,1004,144,99,55,50,45,5,0.6875,0.9090909090909091,149
2023-09-02,1004,136,78,78,42,58,36,0.5735294117647058,0.5384615384615384,120
2023-09-03,1004,123,65,81,31,58,50,0.5284552845528455,0.38271604938271603,96
2023-09-04,1004,147,85,71,38,62,33,0.5782312925170068,0.5352112676056338,123
2023-09-05,1004,139,75,90,43,64,47,0.539568345323741,0.4777777777777778,118
2023-09-06,1004,143,88,97,37,55,60,0.6153846153846154,0.38144329896907214,125
2023-09-07,1004,114,79,81,39,35,42,0.6929824561403509,0.48148148148148145,118
2023-09-08,1004,118,105,86,34,13,52,0.8898305084745762,0.3953488372093023,139
2023-09-09,1004,139,80,62,57,59,5,0.5755395683453237,0.9193548387096774,137
2023-09-10,1004,138,78,52,43,60,9,0.5652173913043478,0.8269230769230769,121
2023-09-11,1004,129,94,93,35,35,58,0.7286821705426356,0.3763440860215054,129
2023-09-12,1004,141,89,63,55,52,8,0.6312056737588653,0.873015873015873,144
2023-09-13,1004,148,75,90,41,73,49,0.5067567567567568,0.45555555555555555,116
2023-09-14,1004,111,77,86,36,34,50,0.6936936936936937,0.4186046511627907,113
2023-09-15,1004,119,77,96,39,42,57,0.6470588235294118,0.40625,116
2023-09-16,1004,125,117,98,43,8,55,0.936,0.4387755102040816,160
2023-09-17,1004,113,69,72,42,44,30,0.6106194690265486,0.5833333333333334,111
2023-09-18,1004,128,80,90,46,48,44,0.625,0.5111111111111111,126
2023-09-19,1004,134,86,85,38,48,47,0.6417910447761194,0.4470588235294118,124
2023-09-20,1004,129,97,100,40,32,60,0.751937984496124,0.4,137
2023-09-21,1004,150,72,96,46,78,50,0.48,0.4791666666666667,118
2023-09-22,1004,136,83,51,41,53,10,0.6102941176470589,0.803921568627451,124
2023-09-23,1004,135,81,62,44,54,18,0.6,0.7096774193548387,125
2023-09-24,1004,139,79,73,34,60,39,0.5683453237410072,0.4657534246575342,113
2023-09-25,1004,131,97,98,39,34,59,0.7404580152671756,0.3979591836734694,136
2023-09-26,1004,126,87,95,30,39,65,0.6904761904761905,0.3157894736842105,117
2023-09-27,1004,117,82,69,39,35,30,0.7008547008547008,0.5652173913043478,121
2023-09-28,1004,108,67,88,45,41,43,0.6203703703703703,0.5113636363636364,112
2023-09-29,1004,110,86,84,32,24,52,0.7818181818181819,0.38095238095238093,118
2023-09-30,1004,127,70,96,34,57,62,0.5511811023622047,0.3541666666666667,104
2023-10-01,1004,120,80,82,32,40,50,0.6666666666666666,0.3902439024390244,112
2023-10-02,1004,148,106,59,35,42,24,0.7162162162162162,0.5932203389830508,141
2023-10-03,1004,138,85,80,45,53,35,0.6159420289855072,0.5625,130
2023-10-04,1004,133,95,79,48,38,31,0.7142857142857143,0.6075949367088608,143
2023-10-05,1004,102,85,67,44,17,23,0.8333333333333334,0.6567164179104478,129
2023-10-06,1004,125,76,56,44,49,12,0.608,0.7857142857142857,120
2023-10-07,1004,120,77,55,34,43,21,0.6416666666666667,0.6181818181818182,111
2023-10-08,1004,114,88,81,47,26,34,0.7719298245614035,0.5802469135802469,135
2023-10-09,1004,140,78,50,44,62,6,0.5571428571428572,0.88,122
2023-10-10,1004,115,70,81,50,45,31,0.6086956521739131,0.6172839506172839,120
2023-10-11,1004,120,72,69,43,48,26,0.6,0.6231884057971014,115
2023-10-12,1004,131,87,75,44,44,31,0.6641221374045801,0.5866666666666667,131
2023-10-13,1004,129,71,57,38,58,19,0.5503875968992248,0.6666666666666666,109
2023-10-14,1004,112,71,86,45,41,41,0.6339285714285714,0.5232558139534884,116
2023-10-15,1004,145,98,52,34,47,18,0.6758620689655173,0.6538461538461539,132
2023-10-16,1004,127,87,61,45,40,16,0.6850393700787402,0.7377049180327869,132
2023-10-17,1004,135,57,57,42,78,15,0.4222222222222222,0.7368421052631579,99
2023-10-18,1004,115,72,53,39,43,14,0.6260869565217392,0.7358490566037735,111
2023-10-19,1004,122,84,51,48,38,3,0.6885245901639344,0.9411764705882353,132
2023-10-20,1004,107,73,51,38,34,13,0.6822429906542056,0.7450980392156863,111
2023-10-21,1004,137,66,53,40,71,13,0.48175182481751827,0.7547169811320755,106
2023-10-22,1004,136,65,71,33,71,38,0.47794117647058826,0.4647887323943662,98
2023-10-23,1004,135,76,63,41,59,22,0.562962962962963,0.6507936507936508,117
2023-10-24,1004,114,74,65,47,40,18,0.6491228070175439,0.7230769230769231,121
2023-10-25,1004,133,94,81,38,39,43,0.706766917293233,0.4691358024691358,132
2023-10-26,1004,101,84,69,57,17,12,0.8316831683168316,0.8260869565217391,141
2023-10-27,1004,133,74,51,27,59,24,0.556390977443609,0.5294117647058824,101
2023-10-28,1004,127,80,96,43,47,53,0.6299212598425197,0.4479166666666667,123
2023-10-29,1004,138,74,70,37,64,33,0.5362318840579711,0.5285714285714286,111
2023-10-30,1004,117,85,50,43,32,7,0.7264957264957265,0.86,128
2023-10-31,1004,102,65,86,35,37,51,0.6372549019607843,0.4069767441860465,100
2023-11-01,1004,114,69,75,41,45,34,0.6052631578947368,0.5466666666666666,110
2023-11-02,1004,149,93,78,38,56,40,0.6241610738255033,0.48717948717948717,131
2023-11-03,1004,137,77,72,47,60,25,0.5620437956204379,0.6527777777777778,124
2023-11-04,1004,131,76,70,44,55,26,0.5801526717557252,0.6285714285714286,120
2023-11-05,1004,112,77,50,39,35,11,0.6875,0.78,116
2023-11-06,1004,105,96,71,41,9,30,0.9142857142857143,0.5774647887323944,137
2023-11-07,1004,150,76,83,32,74,51,0.5066666666666667,0.3855421686746988,108
2023-11-08,1004,114,75,56,40,39,16,0.6578947368421053,0.7142857142857143,115
2023-11-09,1004,121,71,80,39,50,41,0.5867768595041323,0.4875,110
2023-11-10,1004,130,88,99,43,42,56,0.676923076923077,0.43434343434343436,131
2023-11-11,1004,143,89,69,39,54,30,0.6223776223776224,0.5652173913043478,128
2023-11-12,1004,135,71,80,40,64,40,0.5259259259259259,0.5,111
2023-11-13,1004,150,63,85,30,87,55,0.42,0.35294117647058826,93
2023-11-14,1004,146,86,84,44,60,40,0.589041095890411,0.5238095238095238,130
2023-11-15,1004,119,70,71,38,49,33,0.5882352941176471,0.5352112676056338,108
2023-11-16,1004,149,70,87,34,79,53,0.4697986577181208,0.39080459770114945,104
2023-11-17,1004,135,80,75,46,55,29,0.5925925925925926,0.6133333333333333,126
2023-11-18,1004,110,52,99,37,58,62,0.4727272727272727,0.37373737373737376,89
2023-11-19,1004,127,80,78,44,47,34,0.6299212598425197,0.5641025641025641,124
2023-11-20,1004,131,76,71,38,55,33,0.5801526717557252,0.5352112676056338,114
2023-11-21,1004,136,76,81,54,60,27,0.5588235294117647,0.6666666666666666,130
2023-11-22,1004,140,79,98,49,61,49,0.5642857142857143,0.5,128
2023-11-23,1004,104,74,88,32,30,56,0.7115384615384616,0.36363636363636365,106
2023-11-24,1004,109,73,82,37,36,45,0.6697247706422018,0.45121951219512196,110
2023-11-25,1004,120,75,80,42,45,38,0.625,0.525,117
2023-11-26,1004,122,72,58,48,50,10,0.5901639344262295,0.8275862068965517,120
2023-11-27,1004,137,85,90,41,52,49,0.6204379562043796,0.45555555555555555,126
2023-11-28,1004,143,69,61,37,74,24,0.4825174825174825,0.6065573770491803,106
2023-11-29,1004,120,73,87,42,47,45,0.6083333333333333,0.4827586206896552,115
2023-11-30,1004,134,91,52,38,43,14,0.6791044776119403,0.7307692307692307,129
2023-12-01,1004,130,89,53,37,41,16,0.6846153846153846,0.6981132075471698,126
2023-12-02,1004,148,77,68,39,71,29,0.5202702702702703,0.5735294117647058,116
2023-12-03,1004,123,82,78,38,41,40,0.6666666666666666,0.48717948717948717,120
2023-12-04,1004,101,90,79,49,11,30,0.8910891089108911,0.620253164556962,139
2023-12-05,1004,146,83,87,54,63,33,0.5684931506849316,0.6206896551724138,137
2023-12-06,1004,126,81,76,32,45,44,0.6428571428571429,0.42105263157894735,113
2023-12-07,1004,135,91,90,39,44,51,0.674074074074074,0.43333333333333335,130
2023-12-08,1004,121,85,61,42,36,19,0.7024793388429752,0.6885245901639344,127
2023-12-09,1004,112,88,82,50,24,32,0.7857142857142857,0.6097560975609756,138
2023-12-10,1004,126,86,97,28,40,69,0.6825396825396826,0.28865979381443296,114
2023-12-11,1004,130,86,70,37,44,33,0.6615384615384615,0.5285714285714286,123
2023-12-12,1004,110,81,76,42,29,34,0.7363636363636363,0.5526315789473685,123
2023-12-13,1004,146,66,97,42,80,55,0.4520547945205479,0.4329896907216495,108
2023-12-14,1004,144,62,93,37,82,56,0.4305555555555556,0.3978494623655914,99
2023-12-15,1004,139,83,97,40,56,57,0.5971223021582733,0.41237113402061853,123
2023-12-16,1004,127,77,63,34,50,29,0.6062992125984252,0.5396825396825397,111
2023-12-17,1004,114,67,54,33,47,21,0.5877192982456141,0.6111111111111112,100
2023-12-18,1004,140,81,52,40,59,12,0.5785714285714286,0.7692307692307693,121
2023-12-19,1004,115,70,71,37,45,34,0.6086956521739131,0.5211267605633803,107
2023-12-20,1004,141,86,78,44,55,34,0.6099290780141844,0.5641025641025641,130
2023-12-21,1004,102,86,93,34,16,59,0.8431372549019608,0.3655913978494624,120
2023-12-22,1004,119,88,80,53,31,27,0.7394957983193278,0.6625,141
2023-12-23,1004,145,75,86,43,70,43,0.5172413793103449,0.5,118
2023-12-24,1004,120,100,71,34,20,37,0.8333333333333334,0.4788732394366197,134
2023-12-25,1004,133,77,99,34,56,65,0.5789473684210527,0.3434343434343434,111
2023-12-26,1004,123,90,57,43,33,14,0.7317073170731707,0.7543859649122807,133
2023-12-27,1004,142,86,83,42,56,41,0.6056338028169014,0.5060240963855421,128
2023-12-28,1004,108,90,93,37,18,56,0.8333333333333334,0.3978494623655914,127
2023-12-29,1004,117,88,87,45,29,42,0.7521367521367521,0.5172413793103449,133
2023-12-30,1004,122,72,67,50,50,17,0.5901639344262295,0.746268656716418,122
2023-12-31,1004,118,70,63,38,48,25,0.5932203389830508,0.6031746031746031,108
2023-01-01,1005,121,86,96,41,35,55,0.7107438016528925,0.4270833333333333,127
2023-01-02,1005,104,87,58,35,17,23,0.8365384615384616,0.603448275862069,122
2023-01-03,1005,105,90,61,35,15,26,0.8571428571428571,0.5737704918032787,125
2023-01-04,1005,138,76,89,50,62,39,0.5507246376811594,0.5617977528089888,126
2023-01-05,1005,149,82,66,44,67,22,0.5503355704697986,0.6666666666666666,126
2023-01-06,1005,110,85,78,34,25,44,0.7727272727272727,0.4358974358974359,119
2023-01-07,1005,145,82,51,38,63,13,0.5655172413793104,0.7450980392156863,120
2023-01-08,1005,109,79,56,36,30,20,0.7247706422018348,0.6428571428571429,115
2023-01-09,1005,138,63,67,45,75,22,0.45652173913043476,0.6716417910447762,108
2023-01-10,1005,128,78,78,37,50,41,0.609375,0.47435897435897434,115
2023-01-11,1005,126,91,54,43,35,11,0.7222222222222222,0.7962962962962963,134
2023-01-12,1005,123,77,60,32,46,28,0.6260162601626016,0.5333333333333333,109
2023-01-13,1005,127,83,67,42,44,25,0.6535433070866141,0.6268656716417911,125
2023-01-14,1005,109,72,53,29,37,24,0.6605504587155964,0.5471698113207547,101
2023-01-15,1005,132,82,57,34,50,23,0.6212121212121212,0.5964912280701754,116
2023-01-16,1005,133,77,92,39,56,53,0.5789473684210527,0.42391304347826086,116
2023-01-17,1005,117,73,90,43,44,47,0.6239316239316239,0.4777777777777778,116
2023-01-18,1005,149,90,58,41,59,17,0.6040268456375839,0.7068965517241379,131
2023-01-19,1005,113,77,82,40,36,42,0.6814159292035398,0.4878048780487805,117
2023-01-20,1005,148,74,61,46,74,15,0.5,0.7540983606557377,120
2023-01-21,1005,104,74,52,50,30,2,0.7115384615384616,0.9615384615384616,124
2023-01-22,1005,148,79,96,33,69,63,0.5337837837837838,0.34375,112
2023-01-23,1005,122,80,89,43,42,46,0.6557377049180327,0.48314606741573035,123
2023-01-24,1005,140,77,91,35,63,56,0.55,0.38461538461538464,112
2023-01-25,1005,106,91,56,32,15,24,0.8584905660377359,0.5714285714285714,123
2023-01-26,1005,134,72,100,44,62,56,0.5373134328358209,0.44,116
2023-01-27,1005,126,79,76,41,47,35,0.626984126984127,0.5394736842105263,120
2023-01-28,1005,103,65,63,39,38,24,0.6310679611650486,0.6190476190476191,104
2023-01-29,1005,121,91,81,40,30,41,0.7520661157024794,0.49382716049382713,131
2023-01-30,1005,145,68,54,47,77,7,0.4689655172413793,0.8703703703703703,115
2023-01-31,1005,123,86,95,37,37,58,0.6991869918699187,0.3894736842105263,123
2023-02-01,1005,146,85,64,48,61,16,0.5821917808219178,0.75,133
2023-02-02,1005,116,71,99,51,45,48,0.6120689655172413,0.5151515151515151,122
2023-02-03,1005,131,86,65,38,45,27,0.6564885496183206,0.5846153846153846,124
2023-02-04,1005,144,90,64,32,54,32,0.625,0.5,122
2023-02-05,1005,102,91,61,33,11,28,0.8921568627450981,0.5409836065573771,124
2023-02-06,1005,134,68,86,36,66,50,0.5074626865671642,0.4186046511627907,104
2023-02-07,1005,101,71,61,56,30,5,0.7029702970297029,0.9180327868852459,127
2023-02-08,1005,114,90,65,41,24,24,0.7894736842105263,0.6307692307692307,131
2023-02-09,1005,134,81,100,40,53,60,0.6044776119402985,0.4,121
2023-02-10,1005,119,74,86,41,45,45,0.6218487394957983,0.47674418604651164,115
2023-02-11,1005,111,71,94,34,40,60,0.6396396396396397,0.3617021276595745,105
2023-02-12,1005,132,77,76,37,55,39,0.5833333333333334,0.4868421052631579,114
2023-02-13,1005,126,57,56,52,69,4,0.4523809523809524,0.9285714285714286,109
2023-02-14,1005,108,69,53,45,39,8,0.6388888888888888,0.8490566037735849,114
2023-02-15,1005,128,85,90,38,43,52,0.6640625,0.4222222222222222,123
2023-02-16,1005,120,84,57,34,36,23,0.7,0.5964912280701754,118
2023-02-17,1005,141,72,82,33,69,49,0.5106382978723404,0.4024390243902439,105
2023-02-18,1005,125,83,76,46,42,30,0.664,0.6052631578947368,129
2023-02-19,1005,131,83,65,31,48,34,0.6335877862595419,0.47692307692307695,114
2023-02-20,1005,121,72,53,33,49,20,0.5950413223140496,0.6226415094339622,105
2023-02-21,1005,143,83,77,24,60,53,0.5804195804195804,0.3116883116883117,107
2023-02-22,1005,117,85,98,26,32,72,0.7264957264957265,0.2653061224489796,111
2023-02-23,1005,137,74,66,27,63,39,0.5401459854014599,0.4090909090909091,101
2023-02-24,1005,118,84,69,42,34,27,0.711864406779661,0.6086956521739131,126
2023-02-25,1005,111,77,86,34,34,52,0.6936936936936937,0.3953488372093023,111
2023-02-26,1005,148,97,60,36,51,24,0.6554054054054054,0.6,133
2023-02-27,1005,145,73,51,40,72,11,0.503448275862069,0.7843137254901961,113
2023-02-28,1005,123,76,52,40,47,12,0.6178861788617886,0.7692307692307693,116
2023-03-01,1005,103,84,100,39,19,61,0.8155339805825242,0.39,123
2023-03-02,1005,122,95,99,40,27,59,0.7786885245901639,0.40404040404040403,135
2023-03-03,1005,132,80,85,34,52,51,0.6060606060606061,0.4,114
2023-03-04,1005,114,90,53,34,24,19,0.7894736842105263,0.6415094339622641,124
2023-03-05,1005,122,73,60,41,49,19,0.5983606557377049,0.6833333333333333,114
2023-03-06,1005,134,67,97,38,67,59,0.5,0.3917525773195876,105
2023-03-07,1005,120,71,74,41,49,33,0.5916666666666667,0.5540540540540541,112
2023-03-08,1005,149,74,68,37,75,31,0.49664429530201343,0.5441176470588235,111
2023-03-09,1005,112,72,74,45,40,29,0.6428571428571429,0.6081081081081081,117
2023-03-10,1005,142,83,100,45,59,55,0.5845070422535211,0.45,128
2023-03-11,1005,141,72,59,35,69,24,0.5106382978723404,0.5932203389830508,107
2023-03-12,1005,101,84,81,43,17,38,0.8316831683168316,0.5308641975308642,127
2023-03-13,1005,121,76,94,33,45,61,0.628099173553719,0.35106382978723405,109
2023-03-14,1005,138,78,83,36,60,47,0.5652173913043478,0.43373493975903615,114
2023-03-15,1005,107,68,50,46,39,4,0.6355140186915887,0.92,114
2023-03-16,1005,142,80,62,45,62,17,0.5633802816901409,0.7258064516129032,125
2023-03-17,1005,149,91,83,34,58,49,0.610738255033557,0.40963855421686746,125
2023-03-18,1005,134,94,80,37,40,43,0.7014925373134329,0.4625,131
2023-03-19,1005,146,88,77,39,58,38,0.6027397260273972,0.5064935064935064,127
2023-03-20,1005,134,89,55,43,45,12,0.664179104477612,0.7818181818181819,132
2023-03-21,1005,138,75,75,34,63,41,0.5434782608695652,0.4533333333333333,109
2023-03-22,1005,142,80,86,42,62,44,0.5633802816901409,0.4883720930232558,122
2023-03-23,1005,135,75,93,44,60,49,0.5555555555555556,0.4731182795698925,119
2023-03-24,1005,128,75,83,37,53,46,0.5859375,0.4457831325301205,112
2023-03-25,1005,126,81,71,34,45,37,0.6428571428571429,0.4788732394366197,115
2023-03-26,1005,137,104,99,44,33,55,0.7591240875912408,0.4444444444444444,148
2023-03-27,1005,108,75,91,51,33,40,0.6944444444444444,0.5604395604395604,126
2023-03-28,1005,125,73,95,43,52,52,0.584,0.45263157894736844,116
2023-03-29,1005,110,94,87,38,16,49,0.8545454545454545,0.4367816091954023,132
2023-03-30,1005,134,75,97,39,59,58,0.5597014925373134,0.4020618556701031,114
2023-03-31,1005,145,73,50,28,72,22,0.503448275862069,0.56,101
2023-04-01,1005,115,80,98,48,35,50,0.6956521739130435,0.4897959183673469,128
2023-04-02,1005,148,88,65,52,60,13,0.5945945945945946,0.8,140
2023-04-03,1005,104,80,71,36,24,35,0.7692307692307693,0.5070422535211268,116
2023-04-04,1005,122,83,91,32,39,59,0.680327868852459,0.3516483516483517,115
2023-04-05,1005,106,81,50,33,25,17,0.7641509433962265,0.66,114
2023-04-06,1005,140,91,68,45,49,23,0.65,0.6617647058823529,136
2023-04-07,1005,123,87,99,37,36,62,0.7073170731707317,0.37373737373737376,124
2023-04-08,1005,133,86,96,49,47,47,0.6466165413533834,0.5104166666666666,135
2023-04-09,1005,107,75,72,55,32,17,0.7009345794392523,0.7638888888888888,130
2023-04-10,1005,150,93,86,41,57,45,0.62,0.47674418604651164,134
2023-04-11,1005,102,95,85,54,7,31,0.9313725490196079,0.6352941176470588,149
2023-04-12,1005,118,80,62,29,38,33,0.6779661016949152,0.46774193548387094,109
2023-04-13,1005,149,91,53,35,58,18,0.610738255033557,0.660377358490566,126
2023-04-14,1005,129,65,65,44,64,21,0.5038759689922481,0.676923076923077,109
2023-04-15,1005,149,72,53,39,77,14,0.48322147651006714,0.7358490566037735,111
2023-04-16,1005,111,74,56,38,37,18,0.6666666666666666,0.6785714285714286,112
2023-04-17,1005,114,85,60,38,29,22,0.7456140350877193,0.6333333333333333,123
2023-04-18,1005,123,84,88,47,39,41,0.6829268292682927,0.5340909090909091,131
2023-04-19,1005,111,77,79,41,34,38,0.6936936936936937,0.5189873417721519,118
2023-04-20,1005,127,73,91,45,54,46,0.5748031496062992,0.4945054945054945,118
2023-04-21,1005,126,97,94,45,29,49,0.7698412698412699,0.4787234042553192,142
2023-04-22,1005,107,60,77,41,47,36,0.5607476635514018,0.5324675324675324,101
2023-04-23,1005,109,61,84,56,48,28,0.5596330275229358,0.6666666666666666,117
2023-04-24,1005,111,63,82,54,48,28,0.5675675675675675,0.6585365853658537,117
2023-04-25,1005,147,79,89,47,68,42,0.5374149659863946,0.5280898876404494,126
2023-04-26,1005,136,76,82,32,60,50,0.5588235294117647,0.3902439024390244,108
2023-04-27,1005,103,82,67,38,21,29,0.7961165048543689,0.5671641791044776,120
2023-04-28,1005,121,81,66,51,40,15,0.6694214876033058,0.7727272727272727,132
2023-04-29,1005,113,77,94,43,36,51,0.6814159292035398,0.4574468085106383,120
2023-04-30,1005,110,83,75,40,27,35,0.7545454545454545,0.5333333333333333,123
2023-05-01,1005,105,72,92,43,33,49,0.6857142857142857,0.4673913043478261,115
2023-05-02,1005,148,73,100,50,75,50,0.49324324324324326,0.5,123
2023-05-03,1005,110,71,63,36,39,27,0.6454545454545455,0.5714285714285714,107
2023-05-04,1005,124,95,76,38,29,38,0.7661290322580645,0.5,133
2023-05-05,1005,148,74,57,41,74,16,0.5,0.7192982456140351,115
2023-05-06,1005,108,81,59,37,27,22,0.75,0.6271186440677966,118
2023-05-07,1005,139,76,81,49,63,32,0.5467625899280576,0.6049382716049383,125
2023-05-08,1005,131,88,92,37,43,55,0.6717557251908397,0.40217391304347827,125
2023-05-09,1005,136,100,58,43,36,15,0.7352941176470589,0.7413793103448276,143
2023-05-10,1005,108,64,64,42,44,22,0.5925925925925926,0.65625,106
2023-05-11,1005,107,75,69,39,32,30,0.7009345794392523,0.5652173913043478,114
2023-05-12,1005,137,81,78,44,56,34,0.5912408759124088,0.5641025641025641,125
2023-05-13,1005,141,99,70,48,42,22,0.7021276595744681,0.6857142857142857,147
2023-05-14,1005,149,87,54,33,62,21,0.5838926174496645,0.6111111111111112,120
2023-05-15,1005,132,95,73,36,37,37,0.7196969696969697,0.4931506849315068,131
2023-05-16,1005,130,77,81,42,53,39,0.5923076923076923,0.5185185185185185,119
2023-05-17,1005,133,92,52,40,41,12,0.6917293233082706,0.7692307692307693,132
2023-05-18,1005,131,81,90,41,50,49,0.6183206106870229,0.45555555555555555,122
2023-05-19,1005,147,102,98,39,45,59,0.6938775510204082,0.3979591836734694,141
2023-05-20,1005,145,60,65,45,85,20,0.41379310344827586,0.6923076923076923,105
2023-05-21,1005,117,92,87,38,25,49,0.7863247863247863,0.4367816091954023,130
2023-05-22,1005,119,90,100,37,29,63,0.7563025210084033,0.37,127
2023-05-23,1005,117,71,66,45,46,21,0.6068376068376068,0.6818181818181818,116
2023-05-24,1005,110,76,63,47,34,16,0.6909090909090909,0.746031746031746,123
2023-05-25,1005,130,83,70,39,47,31,0.6384615384615384,0.5571428571428572,122
2023-05-26,1005,117,77,79,34,40,45,0.6581196581196581,0.43037974683544306,111
2023-05-27,1005,121,79,68,33,42,35,0.6528925619834711,0.4852941176470588,112
2023-05-28,1005,148,88,98,44,60,54,0.5945945945945946,0.4489795918367347,132
2023-05-29,1005,102,65,83,45,37,38,0.6372549019607843,0.54216867469879515,110
2023-05-30,1005,128,87,95,46,41,49,0.6796875,0.4842105263157895,133
2023-05-31,1005,114,94,67,37,20,30,0.8245614035087719,0.5522388059701493,131
2023-06-01,1005,150,80,67,45,70,22,0.5333333333333333,0.6716417910447762,125
2023-06-02,1005,130,79,76,52,51,24,0.6076923076923076,0.6842105263157895,131
2023-06-03,1005,114,84,99,48,30,51,0.7368421052631579,0.48484848484848486,132
2023-06-04,1005,102,79,51,44,23,7,0.7745098039215687,0.8627450980392157,123
2023-06-05,1005,102,75,95,37,27,58,0.7352941176470589,0.3894736842105263,112
2023-06-06,1005,111,85,89,33,26,56,0.7657657657657657,0.3707865168539326,118
2023-06-07,1005,117,85,74,44,32,30,0.7264957264957265,0.5945945945945946,129
2023-06-08,1005,120,86,82,46,34,36,0.7166666666666667,0.5609756097560976,132
2023-06-09,1005,122,79,69,30,43,39,0.6475409836065574,0.43478260869565216,109
2023-06-10,1005,101,77,54,43,24,11,0.7623762376237624,0.7962962962962963,120
2023-06-11,1005,137,86,95,40,51,55,0.6277372262773723,0.42105263157894735,126
2023-06-12,1005,115,68,70,41,47,29,0.591304347826087,0.5857142857142857,109
2023-06-13,1005,148,84,62,43,64,19,0.5675675675675675,0.6935483870967742,127
2023-06-14,1005,113,74,59,44,39,15,0.6548672566371682,0.7457627118644068,118
2023-06-15,1005,104,79,52,45,25,7,0.7596153846153846,0.8653846153846154,124
2023-06-16,1005,106,75,88,39,31,49,0.7075471698113207,0.4431818181818182,114
2023-06-17,1005,149,71,84,43,78,41,0.47651006711409394,0.5119047619047619,114
2023-06-18,1005,114,88,61,28,26,33,0.7719298245614035,0.45901639344262296,116
2023-06-19,1005,110,100,53,37,10,16,0.9090909090909091,0.6981132075471698,137
2023-06-20,1005,131,74,80,43,57,37,0.5648854961832062,0.5375,117
2023-06-21,1005,120,91,81,44,29,37,0.7583333333333333,0.5432098765432098,135
2023-06-22,1005,114,82,61,38,32,23,0.7192982456140351,0.6229508196721312,120
2023-06-23,1005,114,70,56,46,44,10,0.6140350877192983,0.8214285714285714,116
2023-06-24,1005,121,84,56,46,37,10,0.6942148760330579,0.8214285714285714,130
2023-06-25,1005,116,81,97,43,35,54,0.6982758620689655,0.44329896907216493,124
2023-06-26,1005,139,79,90,38,60,52,0.5683453237410072,0.4222222222222222,117
2023-06-27,1005,123,68,51,36,55,15,0.5528455284552846,0.7058823529411765,104
2023-06-28,1005,130,90,91,37,40,54,0.6923076923076923,0.4065934065934066,127
2023-06-29,1005,150,82,72,46,68,26,0.5466666666666666,0.6388888888888888,128
2023-06-30,1005,109,85,73,39,24,34,0.7798165137614679,0.5342465753424658,124
2023-07-01,1005,102,90,100,39,12,61,0.8823529411764706,0.39,129
2023-07-02,1005,106,84,98,44,22,54,0.7924528301886793,0.4489795918367347,128
2023-07-03,1005,113,69,81,39,44,42,0.6106194690265486,0.48148148148148145,108
2023-07-04,1005,109,77,69,45,32,24,0.7064220183486238,0.6521739130434783,122
2023-07-05,1005,149,79,88,32,70,56,0.5302013422818792,0.36363636363636365,111
2023-07-06,1005,132,82,56,45,50,11,0.6212121212121212,0.8035714285714286,127
2023-07-07,1005,115,77,54,37,38,17,0.6695652173913044,0.6851851851851852,114
2023-07-08,1005,143,76,59,46,67,13,0.5314685314685315,0.7796610169491526,122
2023-07-09,1005,114,80,91,43,34,48,0.7017543859649122,0.4725274725274725,123
2023-07-10,1005,150,103,60,48,47,12,0.6866666666666666,0.8,151
2023-07-11,1005,115,95,56,35,20,21,0.8260869565217391,0.625,130
2023-07-12,1005,121,78,55,42,43,13,0.6446280991735537,0.7636363636363637,120
2023-07-13,1005,112,74,77,43,38,34,0.6607142857142857,0.5584415584415584,117
2023-07-14,1005,126,90,76,56,36,20,0.7142857142857143,0.7368421052631579,146
2023-07-15,1005,128,71,55,40,57,15,0.5546875,0.7272727272727273,111
2023-07-16,1005,104,88,72,37,16,35,0.8461538461538461,0.5138888888888888,125
2023-07-17,1005,102,78,100,40,24,60,0.7647058823529411,0.4,118
2023-07-18,1005,135,75,64,44,60,20,0.5555555555555556,0.6875,119
2023-07-19,1005,125,73,64,53,52,11,0.584,0.828125,126
2023-07-20,1005,110,84,72,34,26,38,0.7636363636363637,0.4722222222222222,118
2023-07-21,1005,141,71,85,37,70,48,0.5035460992907801,0.43529411764705883,108
2023-07-22,1005,107,77,74,40,30,34,0.719626168224299,0.5405405405405406,117
2023-07-23,1005,120,71,67,27,49,40,0.5916666666666667,0.40298507462686567,98
2023-07-24,1005,107,82,63,41,25,22,0.7663551401869159,0.6507936507936508,123
2023-07-25,1005,132,71,91,37,61,54,0.5378787878787878,0.4065934065934066,108
2023-07-26,1005,118,76,68,28,42,40,0.6440677966101694,0.4117647058823529,104
2023-07-27,1005,125,82,95,45,43,50,0.656,0.47368421052631576,127
2023-07-28,1005,124,87,79,39,37,40,0.7016129032258065,0.4936708860759494,126
2023-07-29,1005,124,65,76,35,59,41,0.5241935483870968,0.4605263157894737,100
2023-07-30,1005,143,79,54,40,64,14,0.5524475524475524,0.7407407407407407,119
2023-07-31,1005,103,81,98,30,22,68,0.7864077669902912,0.30612244897959184,111
2023-08-01,1005,124,68,53,41,56,12,0.5483870967741935,0.7735849056603774,109
2023-08-02,1005,107,73,61,46,34,15,0.6822429906542056,0.7540983606557377,119
2023-08-03,1005,145,90,78,46,55,32,0.6206896551724138,0.5897435897435898,136
2023-08-04,1005,137,86,59,59,51,0,0.6277372262773723,1,145
2023-08-05,1005,137,101,73,35,36,38,0.7372262773722628,0.4794520547945205,136
2023-08-06,1005,125,85,81,48,40,33,0.68,0.5925925925925926,133
2023-08-07,1005,120,63,53,38,57,15,0.525,0.71698113207547165,101
2023-08-08,1005,118,65,76,45,53,31,0.5508474576271186,0.5921052631578947,110
2023-08-09,1005,137,82,81,38,55,43,0.5985401459854015,0.4691358024691358,120
2023-08-10,1005,103,66,51,50,37,1,0.6407766990291263,0.9803921568627451,116
2023-08-11,1005,117,79,89,38,38,51,0.6752136752136753,0.42696629213483145,117
2023-08-12,1005,122,76,53,43,46,10,0.6229508196721312,0.8113207547169812,119
2023-08-13,1005,127,90,53,38,37,15,0.7086614173228346,0.71698113207547165,128
2023-08-14,1005,137,87,59,41,50,18,0.635036496350365,0.6949152542372882,128
2023-08-15,1005,127,70,58,42,57,16,0.5511811023622047,0.7241379310344828,112
2023-08-16,1005,119,73,66,44,46,22,0.6134453781512605,0.6666666666666666,117
2023-08-17,1005,148,84,79,35,64,44,0.5675675675675675,0.4430379746835443,119
2023-08-18,1005,132,89,78,34,43,44,0.6742424242424242,0.4358974358974359,123
2023-08-19,1005,100,79,80,47,21,33,0.79,0.5875,126
2023-08-20,1005,124,79,69,39,45,30,0.6370967741935484,0.5652173913043478,118
2023-08-21,1005,117,80,93,43,37,50,0.6837606837606838,0.46236559139784944,123
2023-08-22,1005,130,85,60,45,45,15,0.6538461538461539,0.75,130
2023-08-23,1005,143,93,78,27,50,51,0.6503496503496503,0.34615384615384615,120
2023-08-24,1005,107,94,85,43,13,42,0.8785046728971962,0.5058823529411764,137
2023-08-25,1005,145,87,60,45,58,15,0.6,0.75,132
2023-08-26,1005,131,68,91,47,63,44,0.5190839694656488,0.5164835164835165,115
2023-08-27,1005,125,96,80,36,29,44,0.768,0.45,132
2023-08-28,1005,100,87,78,46,13,32,0.87,0.5897435897435898,133
2023-08-29,1005,119,74,96,34,45,62,0.6218487394957983,0.3541666666666667,108
2023-08-30,1005,111,85,50,42,26,8,0.7657657657657657,0.84,127
2023-08-31,1005,125,87,100,57,38,43,0.696,0.57,144
2023-09-01,1005,120,94,54,40,26,14,0.7833333333333333,0.7407407407407407,134
2023-09-02,1005,124,78,55,44,46,11,0.6290322580645161,0.8,122
2023-09-03,1005,131,89,99,39,42,60,0.6793893129770993,0.3939393939393939,128
2023-09-04,1005,103,85,53,37,18,16,0.8252427184466019,0.6981132075471698,122
2023-09-05,1005,125,70,81,43,55,38,0.56,0.5308641975308642,113
2023-09-06,1005,124,74,53,42,50,11,0.5967741935483871,0.7924528301886793,116
2023-09-07,1005,129,96,66,45,33,21,0.7441860465116279,0.6818181818181818,141
2023-09-08,1005,118,81,80,38,37,42,0.6864406779661016,0.475,119
2023-09-09,1005,148,90,55,31,58,24,0.6081081081081081,0.5636363636363636,121
2023-09-10,1005,124,76,56,37,48,19,0.6129032258064516,0.6607142857142857,113
2023-09-11,1005,115,76,96,45,39,51,0.6608695652173913,0.46875,121
2023-09-12,1005,120,78,79,44,42,35,0.65,0.5569620253164557,122
2023-09-13,1005,143,77,60,32,66,28,0.5384615384615384,0.5333333333333333,109
2023-09-14,1005,131,85,82,41,46,41,0.648854961832061,0.5,126
2023-09-15,1005,145,85,58,48,60,10,0.5862068965517241,0.8275862068965517,133
2023-09-16,1005,118,79,59,34,39,25,0.6694915254237288,0.576271186440678,113
2023-09-17,1005,101,80,69,35,21,34,0.7920792079207921,0.5072463768115942,115
2023-09-18,1005,146,84,80,39,62,41,0.5753424657534246,0.4875,123
2023-09-19,1005,126,73,74,42,53,32,0.5793650793650794,0.5675675675675675,115
2023-09-20,1005,148,61,98,54,87,44,0.41216216216216217,0.5510204081632653,115
2023-09-21,1005,134,91,68,31,43,37,0.6791044776119403,0.45588235294117646,122
2023-09-22,1005,106,86,52,31,20,21,0.8113207547169812,0.5961538461538461,117
2023-09-23,1005,107,85,53,43,22,10,0.794392523364486,0.8113207547169812,128
2023-09-24,1005,148,83,80,53,65,27,0.5608108108108109,0.6625,136
2023-09-25,1005,140,87,95,34,53,61,0.6214285714285714,0.35789473684210527,121
2023-09-26,1005,148,79,53,52,69,1,0.5337837837837838,0.9811320754716981,131
2023-09-27,1005,148,93,78,38,55,40,0.6283783783783784,0.48717948717948717,131
2023-09-28,1005,121,74,61,47,47,14,0.6115702479338843,0.7704918032786885,121
2023-09-29,1005,107,60,51,50,47,1,0.5607476635514018,0.9803921568627451,110
2023-09-30,1005,140,84,83,44,56,39,0.6,0.5301204819277109,128
2023-10-01,1005,140,76,57,36,64,21,0.5428571428571428,0.631578947368421,112
2023-10-02,1005,144,81,73,45,63,28,0.5625,0.6164383561643836,126
2023-10-03,1005,116,80,63,51,36,12,0.6896551724137931,0.8095238095238095,131
2023-10-04,1005,134,79,70,40,55,30,0.5895522388059702,0.5714285714285714,119
2023-10-05,1005,131,70,53,33,61,20,0.5343511450381679,0.6226415094339622,103
2023-10-06,1005,138,87,68,38,51,30,0.6304347826086957,0.5588235294117647,125
2023-10-07,1005,122,72,63,40,50,23,0.5901639344262295,0.6349206349206349,112
2023-10-08,1005,137,79,81,27,58,54,0.5766423357664233,0.3333333333333333,106
2023-10-09,1005,135,71,62,47,64,15,0.5259259259259259,0.7580645161290323,118
2023-10-10,1005,128,69,81,34,59,47,0.5390625,0.41975308641975306,103
2023-10-11,1005,110,99,51,38,11,13,0.9,0.7450980392156863,137
2023-10-12,1005,100,74,64,29,26,35,0.74,0.453125,103
2023-10-13,1005,146,68,63,35,78,28,0.4657534246575342,0.5555555555555556,103
2023-10-14,1005,149,81,69,40,68,29,0.5436241610738255,0.5797101449275363,121
2023-10-15,1005,110,86,83,47,24,36,0.7818181818181819,0.5662650602409639,133
2023-10-16,1005,106,77,52,37,29,15,0.7264150943396226,0.7115384615384616,114
2023-10-17,1005,131,78,56,35,53,21,0.5954198473282443,0.625,113
2023-10-18,1005,103,76,60,42,27,18,0.7378640776699029,0.7,118
2023-10-19,1005,135,82,85,41,53,44,0.6074074074074074,0.4823529411764706,123
2023-10-20,1005,144,89,85,42,55,43,0.6180555555555556,0.49411764705882355,131
2023-10-21,1005,122,90,57,33,32,24,0.7377049180327869,0.5789473684210527,123
2023-10-22,1005,120,77,94,31,43,63,0.6416666666666667,0.32978723404255317,108
2023-10-23,1005,145,79,78,33,66,45,0.5448275862068965,0.4230769230769231,112
2023-10-24,1005,134,76,64,42,58,22,0.5671641791044776,0.65625,118
2023-10-25,1005,139,86,52,36,53,16,0.6187050359712231,0.6923076923076923,122
2023-10-26,1005,139,74,57,46,65,11,0.5323741007194245,0.8070175438596491,120
2023-10-27,1005,136,106,77,35,30,42,0.7794117647058824,0.45454545454545453,141
2023-10-28,1005,132,85,64,43,47,21,0.6439393939393939,0.671875,128
2023-10-29,1005,120,91,76,32,29,44,0.7583333333333333,0.42105263157894735,123
2023-10-30,1005,138,84,50,36,54,14,0.6086956521739131,0.72,120
2023-10-31,1005,144,88,72,37,56,35,0.6111111111111112,0.5138888888888888,125
2023-11-01,1005,136,76,53,41,60,12,0.5588235294117647,0.7735849056603774,117
2023-11-02,1005,116,77,52,27,39,25,0.6637931034482759,0.5192307692307693,104
2023-11-03,1005,142,74,65,34,68,31,0.5211267605633803,0.5230769230769231,108
2023-11-04,1005,101,86,90,38,15,52,0.8514851485148515,0.4222222222222222,124
2023-11-05,1005,145,77,88,32,68,56,0.5310344827586206,0.36363636363636365,109
2023-11-06,1005,110,86,51,44,24,7,0.7818181818181819,0.8627450980392157,130
2023-11-07,1005,149,79,77,40,70,37,0.5302013422818792,0.5194805194805194,119
2023-11-08,1005,114,84,55,38,30,17,0.7368421052631579,0.6909090909090909,122
2023-11-09,1005,123,77,90,43,46,47,0.6260162601626016,0.4777777777777778,120
2023-11-10,1005,102,71,66,31,31,35,0.696078431372549,0.4696969696969697,102
2023-11-11,1005,147,86,76,40,61,36,0.5850340136054422,0.5263157894736842,126
2023-11-12,1005,147,77,67,39,70,28,0.5238095238095238,0.582089552238806,116
2023-11-13,1005,113,61,56,40,52,16,0.5398230088495575,0.7142857142857143,101
2023-11-14,1005,116,50,92,28,66,64,0.43103448275862066,0.30434782608695654,78
2023-11-15,1005,110,87,93,42,23,51,0.7909090909090909,0.45161290322580644,129
2023-11-16,1005,144,93,60,43,51,17,0.6458333333333334,0.7166666666666667,136
2023-11-17,1005,120,79,97,42,41,55,0.6583333333333333,0.4329896907216495,121
2023-11-18,1005,102,82,85,36,20,49,0.803921568627451,0.4235294117647059,118
2023-11-19,1005,143,82,62,35,61,27,0.5734265734265734,0.5645161290322581,117
2023-11-20,1005,127,77,75,38,50,37,0.6062992125984252,0.5066666666666667,115
2023-11-21,1005,107,74,83,30,33,53,0.6915887850467289,0.3614457831325301,104
2023-11-22,1005,127,75,100,41,52,59,0.5905511811023622,0.41,116
2023-11-23,1005,141,81,51,36,60,15,0.574468085106383,0.7058823529411765,117
2023-11-24,1005,129,68,86,39,61,47,0.5271317829457365,0.45348837209302323,107
2023-11-25,1005,138,72,74,43,66,31,0.5217391304347826,0.581081081081081,115
2023-11-26,1005,108,75,65,39,33,26,0.6944444444444444,0.6,114
2023-11-27,1005,148,88,85,36,60,49,0.5945945945945946,0.4235294117647059,124
2023-11-28,1005,106,89,75,38,17,37,0.839622641509434,0.5066666666666667,127
2023-11-29,1005,102,85,86,34,17,52,0.8333333333333334,0.3953488372093023,119
2023-11-30,1005,118,75,98,38,43,60,0.635593220338983,0.3877551020408163,113
2023-12-01,1005,126,89,84,33,37,51,0.7063492063492064,0.39285714285714285,122
2023-12-02,1005,138,82,93,38,56,55,0.5942028985507246,0.40860215053763443,120
2023-12-03,1005,113,81,73,43,32,30,0.7168141592920354,0.589041095890411,124
2023-12-04,1005,150,92,51,36,58,15,0.6133333333333333,0.7058823529411765,128
2023-12-05,1005,121,86,51,36,35,15,0.7107438016528925,0.7058823529411765,122
2023-12-06,1005,105,76,68,34,29,34,0.7238095238095238,0.5,110
2023-12-07,1005,129,93,62,42,36,20,0.7209302325581395,0.6774193548387096,135
2023-12-08,1005,137,86,58,51,51,7,0.6277372262773723,0.8793103448275862,137
2023-12-09,1005,113,90,50,37,23,13,0.7964601769911505,0.74,127
2023-12-10,1005,145,75,89,33,70,56,0.5172413793103449,0.3707865168539326,108
2023-12-11,1005,150,83,63,45,67,18,0.5533333333333333,0.7142857142857143,128
2023-12-12,1005,149,69,78,50,80,28,0.46308724832214765,0.6410256410256411,119
2023-12-13,1005,132,79,68,47,53,21,0.5984848484848485,0.6911764705882353,126
2023-12-14,1005,124,90,94,35,34,59,0.7258064516129032,0.3723404255319149,125
2023-12-15,1005,109,85,97,39,24,58,0.7798165137614679,0.4020618556701031,124
2023-12-16,1005,145,74,57,49,71,8,0.5103448275862069,0.8596491228070176,123
2023-12-17,1005,110,84,67,40,26,27,0.7636363636363637,0.5970149253731343,124
2023-12-18,1005,119,65,63,26,54,37,0.5462184873949579,0.4126984126984127,91
2023-12-19,1005,149,85,81,44,64,37,0.5704697986577181,0.5432098765432098,129
2023-12-20,1005,123,77,55,36,46,19,0.6260162601626016,0.6545454545454545,113
2023-12-21,1005,112,73,58,49,39,9,0.6517857142857143,0.8448275862068966,122
2023-12-22,1005,109,80,80,36,29,44,0.7339449541284404,0.45,116
2023-12-23,1005,139,84,78,35,55,43,0.60431654676259,0.44871794871794873,119
2023-12-24,1005,126,85,75,48,41,27,0.6746031746031746,0.64,133
2023-12-25,1005,107,79,50,43,28,7,0.7383177570093458,0.86,122
2023-12-26,1005,118,78,87,54,40,33,0.6610169491525424,0.6206896551724138,132
2023-12-27,1005,110,90,91,27,20,64,0.8181818181818182,0.2967032967032967,117
2023-12-28,1005,128,80,90,39,48,51,0.625,0.43333333333333335,119
2023-12-29,1005,129,86,84,35,43,49,0.6666666666666666,0.4166666666666667,121
2023-12-30,1005,138,76,86,45,62,41,0.5507246376811594,0.5232558139534884,121
2023-12-31,1005,119,59,78,43,60,35,0.4957983193277311,0.5512820512820513,102
2023-01-01,1006,126,60,53,50,66,3,0.47619047619047616,0.9433962264150944,110
2023-01-02,1006,124,76,78,31,48,47,0.6129032258064516,0.3974358974358974,107
2023-01-03,1006,125,85,86,45,40,41,0.68,0.5232558139534884,130
2023-01-04,1006,146,69,72,37,77,35,0.4726027397260274,0.5138888888888888,106
2023-01-05,1006,130,78,84,46,52,38,0.6,0.5476190476190477,124
2023-01-06,1006,126,84,54,46,42,8,0.6666666666666666,0.8518518518518519,130
2023-01-07,1006,102,76,83,45,26,38,0.7450980392156863,0.54216867469879515,121
2023-01-08,1006,131,71,93,41,60,52,0.5419847328244275,0.44086021505376344,112
2023-01-09,1006,149,80,97,43,69,54,0.5369127516778524,0.44329896907216493,123
2023-01-10,1006,129,87,98,46,42,52,0.6744186046511628,0.46938775510204084,133
2023-01-11,1006,112,85,71,49,27,22,0.7589285714285714,0.6901408450704225,134
2023-01-12,1006,148,87,81,37,61,44,0.5878378378378378,0.4567901234567901,124
2023-01-13,1006,135,71,56,40,64,16,0.5259259259259259,0.7142857142857143,111
2023-01-14,1006,123,84,75,33,39,42,0.6829268292682927,0.44,117
2023-01-15,1006,115,86,56,38,29,18,0.7478260869565218,0.6785714285714286,124
2023-01-16,1006,124,87,80,41,37,39,0.7016129032258065,0.5125,128
2023-01-17,1006,140,94,87,37,46,50,0.6714285714285714,0.42528735632183906,131
2023-01-18,1006,136,82,89,46,54,43,0.6029411764705882,0.5168539325842697,128
2023-01-19,1006,135,82,96,43,53,53,0.6074074074074074,0.4479166666666667,125
2023-01-20,1006,103,84,61,49,19,12,0.8155339805825242,0.8032786885245902,133
2023-01-21,1006,128,80,60,34,48,26,0.625,0.5666666666666667,114
2023-01-22,1006,106,90,87,55,16,32,0.8490566037735849,0.632183908045977,145
2023-01-23,1006,134,89,95,48,45,47,0.664179104477612,0.5052631578947369,137
2023-01-24,1006,110,84,63,47,26,16,0.7636363636363637,0.746031746031746,131
2023-01-25,1006,102,70,97,40,32,57,0.6862745098039216,0.41237113402061853,110
2023-01-26,1006,117,88,81,47,29,34,0.7521367521367521,0.5802469135802469,135
2023-01-27,1006,110,87,89,46,23,43,0.7909090909090909,0.5168539325842697,133
2023-01-28,1006,144,78,77,49,66,28,0.5416666666666666,0.6363636363636364,127
2023-01-29,1006,112,78,55,40,34,15,0.6964285714285714,0.7272727272727273,118
2023-01-30,1006,113,81,50,48,32,2,0.7168141592920354,0.96,129
2023-01-31,1006,105,82,61,41,23,20,0.780952380952381,0.6721311475409836,123
2023-02-01,1006,144,73,92,46,71,46,0.5069444444444444,0.5,119
2023-02-02,1006,146,76,87,38,70,49,0.5205479452054794,0.4367816091954023,114
2023-02-03,1006,139,86,52,37,53,15,0.6187050359712231,0.7115384615384616,123
2023-02-04,1006,113,81,51,43,32,8,0.7168141592920354,0.8431372549019608,124
2023-02-05,1006,137,71,52,38,66,14,0.5182481751824818,0.7307692307692307,109
2023-02-06,1006,142,88,72,37,54,35,0.6197183098591549,0.5138888888888888,125
2023-02-07,1006,136,62,91,48,74,43,0.45588235294117646,0.5274725274725275,110
2023-02-08,1006,149,85,99,48,64,51,0.5704697986577181,0.48484848484848486,133
2023-02-09,1006,137,78,85,46,59,39,0.5693430656934306,0.5411764705882353,124
2023-02-10,1006,129,71,55,41,58,14,0.5503875968992248,0.7454545454545455,112
2023-02-11,1006,105,65,97,34,40,63,0.6190476190476191,0.35051546391752575,99
2023-02-12,1006,106,78,53,36,28,17,0.7358490566037735,0.6792452830188679,114
2023-02-13,1006,112,70,99,34,42,65,0.625,0.3434343434343434,104
2023-02-14,1006,116,86,90,37,30,53,0.7413793103448276,0.4111111111111111,123
2023-02-15,1006,102,75,53,44,27,9,0.7352941176470589,0.8301886792452831,119
2023-02-16,1006,132,76,97,50,56,47,0.5757575757575758,0.5154639175257731,126
2023-02-17,1006,145,64,76,41,81,35,0.4413793103448276,0.5394736842105263,105
2023-02-18,1006,108,80,54,33,28,21,0.7407407407407407,0.6111111111111112,113
2023-02-19,1006,139,85,50,45,54,5,0.6115107913669064,0.9,130
2023-02-20,1006,134,91,59,42,43,17,0.6791044776119403,0.711864406779661,133
2023-02-21,1006,126,84,75,30,42,45,0.6666666666666666,0.4,114
2023-02-22,1006,135,87,89,34,48,55,0.6444444444444445,0.38202247191011235,121
2023-02-23,1006,125,65,62,39,60,23,0.52,0.6290322580645161,104
2023-02-24,1006,125,69,54,29,56,25,0.552,0.5370370370370371,98
2023-02-25,1006,144,93,55,45,51,10,0.6458333333333334,0.8181818181818182,138
2023-02-26,1006,106,65,94,23,41,71,0.6132075471698113,0.24468085106382978,88
2023-02-27,1006,141,90,55,40,51,15,0.6382978723404256,0.7272727272727273,130
2023-02-28,1006,133,69,87,36,64,51,0.518796992481203,0.41379310344827586,105
2023-03-01,1006,149,78,94,36,71,58,0.5234899328859061,0.3829787234042553,114
2023-03-02,1006,117,74,71,48,43,23,0.6324786324786325,0.676056338028169,122
2023-03-03,1006,116,84,99,41,32,58,0.7241379310344828,0.41414141414141414,125
2023-03-04,1006,118,70,55,42,48,13,0.5932203389830508,0.7636363636363637,112
2023-03-05,1006,146,79,54,49,67,5,0.541095890410959,0.9074074074074074,128
2023-03-06,1006,128,89,84,45,39,39,0.6953125,0.5357142857142857,134
2023-03-07,1006,119,88,95,39,31,56,0.7394957983193278,0.4105263157894737,127
2023-03-08,1006,143,78,89,50,65,39,0.5454545454545454,0.5617977528089888,128
2023-03-09,1006,101,100,93,43,1,50,0.9900990099009901,0.46236559139784944,143
2023-03-10,1006,149,76,60,36,73,24,0.5100671140939598,0.6,112
2023-03-11,1006,145,79,84,35,66,49,0.5448275862068965,0.4166666666666667,114
2023-03-12,1006,106,92,80,54,14,26,0.8679245283018868,0.675,146
2023-03-13,1006,113,84,61,31,29,30,0.7433628318584071,0.5081967213114754,115
2023-03-14,1006,105,88,77,33,17,44,0.8380952380952381,0.42857142857142855,121
2023-03-15,1006,113,85,90,46,28,44,0.7522123893805309,0.5111111111111111,131
2023-03-16,1006,121,79,50,46,42,4,0.6528925619834711,0.92,125
2023-03-17,1006,150,88,63,37,62,26,0.5866666666666667,0.5873015873015873,125
2023-03-18,1006,138,90,73,36,48,37,0.6521739130434783,0.4931506849315068,126
2023-03-19,1006,139,68,83,44,71,39,0.4892086330935252,0.5301204819277109,112
2023-03-20,1006,104,70,52,52,34,0,0.6730769230769231,1,122
2023-03-21,1006,112,86,86,57,26,29,0.7678571428571429,0.6627906976744186,143
2023-03-22,1006,134,79,62,48,55,14,0.5895522388059702,0.7741935483870968,127
2023-03-23,1006,136,96,86,39,40,47,0.7058823529411765,0.45348837209302323,135
2023-03-24,1006,104,94,70,40,10,30,0.9038461538461539,0.5714285714285714,134
2023-03-25,1006,105,88,84,38,17,46,0.8380952380952381,0.4523809523809524,126
2023-03-26,1006,103,74,72,33,29,39,0.7184466019417476,0.4583333333333333,107
2023-03-27,1006,143,81,80,43,62,37,0.5664335664335665,0.5375,124
2023-03-28,1006,105,74,89,47,31,42,0.7047619047619048,0.5280898876404494,121
2023-03-29,1006,118,84,74,36,34,38,0.711864406779661,0.4864864864864865,120
2023-03-30,1006,116,70,72,32,46,40,0.603448275862069,0.4444444444444444,102
2023-03-31,1006,134,85,61,46,49,15,0.6343283582089553,0.7540983606557377,131
2023-04-01,1006,105,89,69,41,16,28,0.8476190476190476,0.5942028985507246,130
2023-04-02,1006,116,67,51,40,49,11,0.5775862068965517,0.7843137254901961,107
2023-04-03,1006,109,77,68,48,32,20,0.7064220183486238,0.7058823529411765,125
2023-04-04,1006,113,64,68,51,49,17,0.5663716814159292,0.75,115
2023-04-05,1006,116,74,56,33,42,23,0.6379310344827587,0.5892857142857143,107
2023-04-06,1006,112,77,96,28,35,68,0.6875,0.2916666666666667,105
2023-04-07,1006,119,77,94,49,42,45,0.6470588235294118,0.5212765957446809,126
2023-04-08,1006,111,74,93,39,37,54,0.6666666666666666,0.41935483870967744,113
2023-04-09,1006,123,94,74,40,29,34,0.7642276422764228,0.5405405405405406,134
2023-04-10,1006,135,77,61,39,58,22,0.5703703703703704,0.639344262295082,116
2023-04-11,1006,130,72,97,39,58,58,0.5538461538461539,0.4020618556701031,111
2023-04-12,1006,109,74,89,38,35,51,0.6788990825688074,0.42696629213483145,112
2023-04-13,1006,149,75,66,39,74,27,0.5033557046979866,0.5909090909090909,114
2023-04-14,1006,143,77,95,40,66,55,0.5384615384615384,0.42105263157894735,117
2023-04-15,1006,116,70,94,48,46,46,0.603448275862069,0.5106382978723404,118
2023-04-16,1006,109,90,52,36,19,16,0.8256880733944955,0.6923076923076923,126
2023-04-17,1006,127,71,78,46,56,32,0.5590551181102362,0.5897435897435898,117
2023-04-18,1006,114,61,82,27,53,55,0.5350877192982456,0.32926829268292684,88
2023-04-19,1006,122,76,95,48,46,47,0.6229508196721312,0.5052631578947369,124
2023-04-20,1006,110,75,81,39,35,42,0.6818181818181818,0.48148148148148145,114
2023-04-21,1006,135,71,54,39,64,15,0.5259259259259259,0.7222222222222222,110
2023-04-22,1006,144,91,92,41,53,51,0.6319444444444444,0.44565217391304346,132
2023-04-23,1006,141,61,62,36,80,26,0.4326241134751773,0.5806451612903226,97
2023-04-24,1006,112,83,80,43,29,37,0.7410714285714286,0.5375,126
2023-04-25,1006,134,76,56,38,58,18,0.5671641791044776,0.6785714285714286,114
2023-04-26,1006,130,66,85,40,64,45,0.5076923076923077,0.47058823529411764,106
2023-04-27,1006,146,88,63,37,58,26,0.6027397260273972,0.5873015873015873,125
2023-04-28,1006,115,78,58,41,37,17,0.6782608695652174,0.7068965517241379,119
2023-04-29,1006,119,94,51,38,25,13,0.7899159663865546,0.7450980392156863,132
2023-04-30,1006,137,84,62,36,53,26,0.6131386861313869,0.5806451612903226,120
2023-05-01,1006,141,74,87,38,67,49,0.524822695035461,0.4367816091954023,112
2023-05-02,1006,113,84,66,50,29,16,0.7433628318584071,0.7575757575757576,134
2023-05-03,1006,100,84,85,49,16,36,0.84,0.5764705882352941,133
2023-05-04,1006,102,94,75,50,8,25,0.9215686274509803,0.6666666666666666,144
2023-05-05,1006,107,93,60,39,14,21,0.8691588785046729,0.65,132
2023-05-06,1006,132,82,71,36,50,35,0.6212121212121212,0.5070422535211268,118
2023-05-07,1006,101,86,71,31,15,40,0.8514851485148515,0.43661971830985913,117
2023-05-08,1006,114,69,78,35,45,43,0.6052631578947368,0.44871794871794873,104
2023-05-09,1006,101,87,67,41,14,26,0.8613861386138614,0.6119402985074627,128
2023-05-10,1006,113,101,74,42,12,32,0.8938053097345132,0.5675675675675675,143
2023-05-11,1006,107,67,80,47,40,33,0.6261682242990654,0.5875,114
2023-05-12,1006,137,73,61,39,64,22,0.5328467153284672,0.639344262295082,112
2023-05-13,1006,120,74,64,44,46,20,0.6166666666666667,0.6875,118
2023-05-14,1006,105,79,55,38,26,17,0.7523809523809524,0.6909090909090909,117
2023-05-15,1006,114,81,75,37,33,38,0.7105263157894737,0.49333333333333335,118
2023-05-16,1006,120,85,50,35,35,15,0.7083333333333334,0.7,120
2023-05-17,1006,149,91,62,41,58,21,0.610738255033557,0.6612903225806451,132
2023-05-18,1006,136,77,94,41,59,53,0.5661764705882353,0.43617021276595747,118
2023-05-19,1006,134,76,88,56,58,32,0.5671641791044776,0.6363636363636364,132
2023-05-20,1006,132,76,54,45,56,9,0.5757575757575758,0.8333333333333334,121
2023-05-21,1006,144,82,95,43,62,52,0.5694444444444444,0.45263157894736844,125
2023-05-22,1006,111,78,85,41,33,44,0.7027027027027027,0.4823529411764706,119
2023-05-23,1006,116,78,100,39,38,61,0.6724137931034483,0.39,117
2023-05-24,1006,124,68,83,40,56,43,0.5483870967741935,0.4819277108433735,108
2023-05-25,1006,133,67,70,44,66,26,0.5037593984962406,0.6285714285714286,111
2023-05-26,1006,103,87,72,34,16,38,0.8446601941747572,0.4722222222222222,121
2023-05-27,1006,107,78,52,35,29,17,0.7289719626168224,0.6730769230769231,113
2023-05-28,1006,103,80,86,44,23,42,0.7766990291262136,0.5116279069767442,124
2023-05-29,1006,107,83,83,35,24,48,0.7757009345794392,0.42168674698795183,118
2023-05-30,1006,146,70,98,37,76,61,0.4794520547945205,0.37755102040816324,107
2023-05-31,1006,141,80,68,47,61,21,0.5673758865248227,0.6911764705882353,127
2023-06-01,1006,140,70,95,32,70,63,0.5,0.3368421052631579,102
2023-06-02,1006,133,81,58,37,52,21,0.6090225563909775,0.6379310344827587,118
2023-06-03,1006,108,66,100,39,42,61,0.6111111111111112,0.39,105
2023-06-04,1006,125,84,52,45,41,7,0.672,0.8653846153846154,129
2023-06-05,1006,102,82,53,38,20,15,0.803921568627451,0.71698113207547165,120
2023-06-06,1006,141,90,66,34,51,32,0.6382978723404256,0.5151515151515151,124
2023-06-07,1006,123,69,61,44,54,17,0.5609756097560976,0.7213114754098361,113
2023-06-08,1006,109,56,78,51,53,27,0.5137614678899083,0.6538461538461539,107
2023-06-09,1006,104,77,95,31,27,64,0.7403846153846154,0.3263157894736842,108
2023-06-10,1006,122,81,96,33,41,63,0.6639344262295082,0.34375,114
2023-06-11,1006,135,82,97,44,53,53,0.6074074074074074,0.4536082474226804,126
2023-06-12,1006,128,84,52,34,44,18,0.65625,0.6538461538461539,118
2023-06-13,1006,121,88,59,44,33,15,0.7272727272727273,0.7457627118644068,132
2023-06-14,1006,108,75,63,48,33,15,0.6944444444444444,0.7619047619047619,123
2023-06-15,1006,140,79,88,37,61,51,0.5642857142857143,0.42045454545454547,116
2023-06-16,1006,134,85,75,40,49,35,0.6343283582089553,0.5333333333333333,125
2023-06-17,1006,150,90,89,37,60,52,0.6,0.4157303370786517,127
2023-06-18,1006,128,86,56,49,42,7,0.671875,0.875,135
2023-06-19,1006,118,91,50,43,27,7,0.7711864406779662,0.86,134
2023-06-20,1006,126,77,55,41,49,14,0.6111111111111112,0.7454545454545455,118
2023-06-21,1006,133,82,95,42,51,53,0.6165413533834586,0.4421052631578947,124
2023-06-22,1006,144,72,94,34,72,60,0.5,0.3617021276595745,106
2023-06-23,1006,114,79,59,54,35,5,0.6929824561403509,0.9152542372881356,133
2023-06-24,1006,125,82,83,46,43,37,0.656,0.5542168674698795,128
2023-06-25,1006,146,80,66,37,66,29,0.547945205479452,0.5606060606060606,117
2023-06-26,1006,148,74,95,40,74,55,0.5,0.42105263157894735,114
2023-06-27,1006,147,80,51,37,67,14,0.54421768707483,0.7254901960784313,117
2023-06-28,1006,120,77,62,38,43,24,0.6416666666666667,0.6129032258064516,115
2023-06-29,1006,140,85,54,53,55,1,0.6071428571428571,0.9814814814814815,138
2023-06-30,1006,105,57,55,41,48,14,0.5428571428571428,0.7454545454545455,98
2023-07-01,1006,106,73,53,51,33,2,0.6886792452830188,0.9622641509433962,124
2023-07-02,1006,140,83,95,56,57,39,0.5928571428571429,0.5894736842105263,139
2023-07-03,1006,114,78,74,48,36,26,0.6842105263157895,0.6486486486486487,126
2023-07-04,1006,144,61,59,40,83,19,0.4236111111111111,0.6779661016949152,101
2023-07-05,1006,137,80,58,35,57,23,0.583941605839416,0.603448275862069,115
2023-07-06,1006,135,67,58,41,68,17,0.4962962962962963,0.7068965517241379,108
2023-07-07,1006,125,71,59,31,54,28,0.568,0.5254237288135594,102
2023-07-08,1006,136,72,69,51,64,18,0.5294117647058824,0.7391304347826086,123
2023-07-09,1006,125,91,52,39,34,13,0.728,0.75,130
2023-07-10,1006,114,90,82,24,24,58,0.7894736842105263,0.2926829268292683,114
2023-07-11,1006,119,79,91,46,40,45,0.6638655462184874,0.5054945054945055,125
2023-07-12,1006,149,75,56,28,74,28,0.5033557046979866,0.5,103
2023-07-13,1006,128,77,100,38,51,62,0.6015625,0.38,115
2023-07-14,1006,105,82,54,38,23,16,0.780952380952381,0.7037037037037037,120
2023-07-15,1006,129,63,68,41,66,27,0.4883720930232558,0.6029411764705882,104
2023-07-16,1006,133,87,50,39,46,11,0.6541353383458647,0.78,126
2023-07-17,1006,137,69,56,41,68,15,0.5036496350364964,0.7321428571428571,110
2023-07-18,1006,149,93,64,46,56,18,0.6241610738255033,0.71875,139
2023-07-19,1006,110,68,86,43,42,43,0.6181818181818182,0.5,111
2023-07-20,1006,117,65,64,42,52,22,0.5555555555555556,0.65625,107
2023-07-21,1006,138,74,65,30,64,35,0.5362318840579711,0.46153846153846156,104
2023-07-22,1006,129,78,93,33,51,60,0.6046511627906976,0.3548387096774194,111
2023-07-23,1006,116,74,58,51,42,7,0.6379310344827587,0.8793103448275862,125
2023-07-24,1006,105,60,62,36,45,26,0.5714285714285714,0.5806451612903226,96
2023-07-25,1006,137,88,92,38,49,54,0.6423357664233577,0.41304347826086957,126
2023-07-26,1006,104,91,89,41,13,48,0.875,0.4606741573033708,132
2023-07-27,1006,103,79,91,36,24,55,0.7669902912621359,0.3956043956043956,115
2023-07-28,1006,147,89,74,40,58,34,0.6054421768707483,0.5405405405405406,129
2023-07-29,1006,117,81,85,44,36,41,0.6923076923076923,0.5176470588235295,125
2023-07-30,1006,145,76,84,32,69,52,0.5241379310344828,0.38095238095238093,108
2023-07-31,1006,106,84,100,42,22,58,0.7924528301886793,0.42,126
2023-08-01,1006,109,75,61,47,34,14,0.6880733944954128,0.7704918032786885,122
2023-08-02,1006,124,82,64,47,42,17,0.6612903225806451,0.734375,129
2023-08-03,1006,131,86,52,37,45,15,0.6564885496183206,0.7115384615384616,123
2023-08-04,1006,104,98,61,42,6,19,0.9423076923076923,0.6885245901639344,140
2023-08-05,1006,149,82,95,42,67,53,0.5503355704697986,0.4421052631578947,124
2023-08-06,1006,144,79,55,42,65,13,0.5486111111111112,0.7636363636363637,121
2023-08-07,1006,118,76,92,39,42,53,0.6440677966101694,0.42391304347826086,115
2023-08-08,1006,145,80,68,39,65,29,0.5517241379310345,0.5735294117647058,119
2023-08-09,1006,118,80,98,45,38,53,0.6779661016949152,0.45918367346938777,125
2023-08-10,1006,109,91,81,40,18,41,0.8348623853211009,0.49382716049382713,131
2023-08-11,1006,133,82,76,51,51,25,0.6165413533834586,0.6710526315789473,133
2023-08-12,1006,133,79,57,54,54,3,0.5939849624060151,0.9473684210526315,133
2023-08-13,1006,112,76,95,40,36,55,0.6785714285714286,0.42105263157894735,116
2023-08-14,1006,128,60,60,34,68,26,0.46875,0.5666666666666667,94
2023-08-15,1006,110,72,85,46,38,39,0.6545454545454545,0.5411764705882353,118
2023-08-16,1006,129,78,58,37,51,21,0.6046511627906976,0.6379310344827587,115
2023-08-17,1006,114,85,58,44,29,14,0.7456140350877193,0.7586206896551724,129
2023-08-18,1006,122,94,79,44,28,35,0.7704918032786885,0.5569620253164557,138
2023-08-19,1006,148,71,50,34,77,16,0.4797297297297297,0.68,105
2023-08-20,1006,150,64,73,43,86,30,0.4266666666666667,0.589041095890411,107
2023-08-21,1006,132,78,68,29,54,39,0.5909090909090909,0.4264705882352941,107
2023-08-22,1006,125,81,84,45,44,39,0.648,0.5357142857142857,126
2023-08-23,1006,147,73,83,39,74,44,0.4965986394557823,0.46987951807228917,112
2023-08-24,1006,109,69,86,38,40,48,0.6330275229357798,0.4418604651162791,107
2023-08-25,1006,119,97,85,38,22,47,0.8151260504201681,0.4470588235294118,135
2023-08-26,1006,101,74,67,33,27,34,0.7326732673267327,0.4925373134328358,107
2023-08-27,1006,148,79,84,43,69,41,0.5337837837837838,0.5119047619047619,122
2023-08-28,1006,115,93,66,35,22,31,0.808695652173913,0.5303030303030303,128
2023-08-29,1006,102,78,99,42,24,57,0.7647058823529411,0.42424242424242425,120
2023-08-30,1006,137,74,97,44,63,53,0.5401459854014599,0.4536082474226804,118
2023-08-31,1006,111,93,98,35,18,63,0.8378378378378378,0.35714285714285715,128
2023-09-01,1006,129,77,73,43,52,30,0.5968992248062015,0.589041095890411,120
2023-09-02,1006,140,90,83,36,50,47,0.6428571428571429,0.43373493975903615,126
2023-09-03,1006,132,87,55,43,45,12,0.6590909090909091,0.7818181818181819,130
2023-09-04,1006,113,79,68,46,34,22,0.6991150442477876,0.6764705882352942,125
2023-09-05,1006,136,74,73,39,62,34,0.5441176470588235,0.5342465753424658,113
2023-09-06,1006,121,92,80,39,29,41,0.7603305785123967,0.4875,131
2023-09-07,1006,141,75,100,33,66,67,0.5319148936170213,0.33,108
2023-09-08,1006,116,73,53,48,43,5,0.6293103448275862,0.9056603773584906,121
2023-09-09,1006,133,75,80,43,58,37,0.5639097744360902,0.5375,118
2023-09-10,1006,128,84,73,29,44,44,0.65625,0.3972602739726027,113
2023-09-11,1006,110,72,85,45,38,40,0.6545454545454545,0.5294117647058824,117
2023-09-12,1006,140,78,72,46,62,26,0.5571428571428572,0.6388888888888888,124
2023-09-13,1006,133,68,57,43,65,14,0.5112781954887218,0.7543859649122807,111
2023-09-14,1006,145,80,61,38,65,23,0.5517241379310345,0.6229508196721312,118
2023-09-15,1006,130,91,95,31,39,64,0.7,0.3263157894736842,122
2023-09-16,1006,117,76,96,45,41,51,0.6495726495726496,0.46875,121
2023-09-17,1006,146,100,95,39,46,56,0.684931506849315,0.4105263157894737,139
2023-09-18,1006,148,70,50,45,78,5,0.47297297297297297,0.9,115
2023-09-19,1006,131,86,85,44,45,41,0.6564885496183206,0.5176470588235295,130
2023-09-20,1006,136,93,95,39,43,56,0.6838235294117647,0.4105263157894737,132
2023-09-21,1006,133,75,57,35,58,22,0.5639097744360902,0.6140350877192983,110
2023-09-22,1006,129,79,82,42,50,40,0.6124031007751938,0.5121951219512195,121
2023-09-23,1006,136,75,74,43,61,31,0.5514705882352942,0.581081081081081,118
2023-09-24,1006,150,86,81,44,64,37,0.5733333333333334,0.5432098765432098,130
2023-09-25,1006,129,76,76,41,53,35,0.5891472868217055,0.5394736842105263,117
2023-09-26,1006,102,62,58,41,40,17,0.6078431372549019,0.7068965517241379,103
2023-09-27,1006,103,84,100,39,19,61,0.8155339805825242,0.39,123
2023-09-28,1006,142,62,51,45,80,6,0.43661971830985913,0.8823529411764706,107
2023-09-29,1006,121,81,68,43,40,25,0.6694214876033058,0.6323529411764706,124
2023-09-30,1006,111,86,80,40,25,40,0.7747747747747747,0.5,126
2023-10-01,1006,102,85,71,47,17,24,0.8333333333333334,0.6619718309859155,132
2023-10-02,1006,138,83,92,40,55,52,0.6014492753623188,0.43478260869565216,123
2023-10-03,1006,116,83,60,43,33,17,0.7155172413793104,0.7166666666666667,126
2023-10-04,1006,125,94,79,48,31,31,0.752,0.6075949367088608,142
2023-10-05,1006,110,77,68,34,33,34,0.7,0.5,111
2023-10-06,1006,107,91,75,37,16,38,0.8504672897196262,0.49333333333333335,128
2023-10-07,1006,121,86,90,32,35,58,0.7107438016528925,0.35555555555555557,118
2023-10-08,1006,146,69,54,43,77,11,0.4726027397260274,0.7962962962962963,112
2023-10-09,1006,110,72,84,33,38,51,0.6545454545454545,0.39285714285714285,105
2023-10-10,1006,150,85,56,31,65,25,0.5666666666666667,0.5535714285714286,116
2023-10-11,1006,102,77,52,24,25,28,0.7549019607843137,0.46153846153846156,101
2023-10-12,1006,147,71,81,52,76,29,0.48299319727891155,0.6419753086419753,123
2023-10-13,1006,131,84,64,41,47,23,0.6412213740458015,0.640625,125
2023-10-14,1006,109,67,69,38,42,31,0.6146788990825688,0.5507246376811594,105
2023-10-15,1006,110,81,55,33,29,22,0.7363636363636363,0.6,114
2023-10-16,1006,142,79,94,41,63,53,0.5563380281690141,0.43617021276595747,120
2023-10-17,1006,144,78,75,44,66,31,0.5416666666666666,0.5866666666666667,122
2023-10-18,1006,110,71,93,40,39,53,0.6454545454545455,0.43010752688172044,111
2023-10-19,1006,122,94,75,38,28,37,0.7704918032786885,0.5066666666666667,132
2023-10-20,1006,129,99,60,39,30,21,0.7674418604651163,0.65,138
2023-10-21,1006,119,85,89,37,34,52,0.7142857142857143,0.4157303370786517,122
2023-10-22,1006,121,68,91,43,53,48,0.5619834710743802,0.4725274725274725,111
2023-10-23,1006,112,79,78,44,33,34,0.7053571428571429,0.5641025641025641,123
2023-10-24,1006,135,90,65,34,45,31,0.6666666666666666,0.5230769230769231,124
2023-10-25,1006,128,84,60,36,44,24,0.65625,0.6,120
2023-10-26,1006,135,67,72,36,68,36,0.4962962962962963,0.5,103
2023-10-27,1006,140,93,84,37,47,47,0.6642857142857143,0.44047619047619047,130
2023-10-28,1006,120,73,59,44,47,15,0.6083333333333333,0.7457627118644068,117
2023-10-29,1006,102,68,68,35,34,33,0.6666666666666666,0.5147058823529411,103
2023-10-30,1006,106,67,97,36,39,61,0.6320754716981132,0.3711340206185567,103
2023-10-31,1006,139,73,93,41,66,52,0.5251798561151079,0.44086021505376344,114
2023-11-01,1006,112,77,72,50,35,22,0.6875,0.6944444444444444,127
2023-11-02,1006,128,80,85,45,48,40,0.625,0.5294117647058824,125
2023-11-03,1006,147,79,67,45,68,22,0.5374149659863946,0.6716417910447762,124
2023-11-04,1006,122,77,91,26,45,65,0.6311475409836066,0.2857142857142857,103
2023-11-05,1006,123,86,51,32,37,19,0.6991869918699187,0.6274509803921569,118
2023-11-06,1006,103,76,97,37,27,60,0.7378640776699029,0.38144329896907214,113
2023-11-07,1006,148,86,63,36,62,27,0.581081081081081,0.5714285714285714,122
2023-11-08,1006,112,78,70,36,34,34,0.6964285714285714,0.5142857142857142,114
2023-11-09,1006,139,75,65,39,64,26,0.539568345323741,0.6,114
2023-11-10,1006,128,77,68,39,51,29,0.6015625,0.5735294117647058,116
2023-11-11,1006,113,79,96,32,34,64,0.6991150442477876,0.3333333333333333,111
2023-11-12,1006,104,82,58,48,22,10,0.7884615384615384,0.8275862068965517,130
2023-11-13,1006,135,79,83,20,56,63,0.5851851851851851,0.24096385542168675,99
2023-11-14,1006,112,77,98,30,35,68,0.6875,0.30612244897959184,107
2023-11-15,1006,124,77,82,29,47,53,0.6209677419354839,0.35365853658536583,106
2023-11-16,1006,100,78,68,34,22,34,0.78,0.5,112
2023-11-17,1006,126,88,100,47,38,53,0.6984126984126984,0.47,135
2023-11-18,1006,106,77,76,44,29,32,0.7264150943396226,0.5789473684210527,121
2023-11-19,1006,103,89,53,45,14,8,0.8640776699029126,0.8490566037735849,134
2023-11-20,1006,144,86,89,38,58,51,0.5972222222222222,0.42696629213483145,124
2023-11-21,1006,135,96,100,43,39,57,0.7111111111111111,0.43,139
2023-11-22,1006,101,77,86,42,24,44,0.7623762376237624,0.4883720930232558,119
2023-11-23,1006,126,85,52,34,41,18,0.6746031746031746,0.6538461538461539,119
2023-11-24,1006,104,86,100,48,18,52,0.8269230769230769,0.48,134
2023-11-25,1006,137,75,65,50,62,15,0.5474452554744526,0.7692307692307693,125
2023-11-26,1006,139,83,76,49,56,27,0.5971223021582733,0.6447368421052632,132
2023-11-27,1006,102,77,50,45,25,5,0.7549019607843137,0.9,122
2023-11-28,1006,131,76,71,43,55,28,0.5801526717557252,0.6056338028169014,119
2023-11-29,1006,140,97,94,56,43,38,0.6928571428571428,0.5957446808510638,153
2023-11-30,1006,126,75,97,47,51,50,0.5952380952380952,0.4845360824742268,122
2023-12-01,1006,118,74,65,44,44,21,0.6271186440677966,0.676923076923077,118
2023-12-02,1006,142,72,83,41,70,42,0.5070422535211268,0.4939759036144578,113
2023-12-03,1006,116,83,90,39,33,51,0.7155172413793104,0.43333333333333335,122
2023-12-04,1006,117,81,99,40,36,59,0.6923076923076923,0.40404040404040403,121
2023-12-05,1006,143,76,94,34,67,60,0.5314685314685315,0.3617021276595745,110
2023-12-06,1006,116,74,63,45,42,18,0.6379310344827587,0.7142857142857143,119
2023-12-07,1006,112,78,77,39,34,38,0.6964285714285714,0.5064935064935064,117
2023-12-08,1006,100,64,64,33,36,31,0.64,0.515625,97
2023-12-09,1006,101,70,55,48,31,7,0.693069306930693,0.8727272727272727,118
2023-12-10,1006,113,71,78,34,42,44,0.6283185840707964,0.4358974358974359,105
2023-12-11,1006,110,69,89,45,41,44,0.6272727272727273,0.5056179775280899,114
2023-12-12,1006,117,71,87,49,46,38,0.6068376068376068,0.5632183908045977,120
2023-12-13,1006,103,96,76,39,7,37,0.9320388349514563,0.5131578947368421,135
2023-12-14,1006,111,79,94,41,32,53,0.7117117117117117,0.43617021276595747,120
2023-12-15,1006,114,72,79,38,42,41,0.631578947368421,0.4810126582278481,110
2023-12-16,1006,120,64,100,44,56,56,0.5333333333333333,0.44,108
2023-12-17,1006,148,90,84,49,58,35,0.6081081081081081,0.5833333333333334,139
2023-12-18,1006,126,79,75,46,47,29,0.626984126984127,0.6133333333333333,125
2023-12-19,1006,121,73,56,47,48,9,0.6033057851239669,0.8392857142857143,120
2023-12-20,1006,127,82,63,45,45,18,0.6456692913385826,0.7142857142857143,127
2023-12-21,1006,102,84,70,32,18,38,0.8235294117647058,0.45714285714285713,116
2023-12-22,1006,133,76,85,48,57,37,0.5714285714285714,0.5647058823529412,124
2023-12-23,1006,118,72,99,49,46,50,0.6101694915254238,0.494949494949495,121
2023-12-24,1006,146,98,98,52,48,46,0.6712328767123288,0.5306122448979592,150
2023-12-25,1006,141,68,75,30,73,45,0.48226950354609927,0.4,98
2023-12-26,1006,130,90,63,43,40,20,0.6923076923076923,0.6825396825396826,133
2023-12-27,1006,143,88,72,34,55,38,0.6153846153846154,0.4722222222222222,122
2023-12-28,1006,140,59,65,36,81,29,0.42142857142857143,0.5538461538461539,95
2023-12-29,1006,111,83,90,31,28,59,0.7477477477477478,0.34444444444444444,114
2023-12-30,1006,103,79,65,37,24,28,0.7669902912621359,0.5692307692307692,116
2023-12-31,1006,131,96,78,44,35,34,0.732824427480916,0.5641025641025641,140
2023-01-01,1007,112,91,68,49,21,19,0.8125,0.7205882352941176,140
2023-01-02,1007,107,78,81,41,29,40,0.7289719626168224,0.5061728395061729,119
2023-01-03,1007,146,68,94,48,78,46,0.4657534246575342,0.5106382978723404,116
2023-01-04,1007,126,85,57,30,41,27,0.6746031746031746,0.5263157894736842,115
2023-01-05,1007,111,88,73,39,23,34,0.7927927927927928,0.5342465753424658,127
2023-01-06,1007,108,98,58,43,10,15,0.9074074074074074,0.7413793103448276,141
2023-01-07,1007,110,73,84,43,37,41,0.6636363636363637,0.5119047619047619,116
2023-01-08,1007,106,85,73,44,21,29,0.8018867924528302,0.6027397260273972,129
2023-01-09,1007,108,84,68,38,24,30,0.7777777777777778,0.5588235294117647,122
2023-01-10,1007,148,81,53,41,67,12,0.5472972972972973,0.7735849056603774,122
2023-01-11,1007,139,93,57,44,46,13,0.6690647482014388,0.7719298245614035,137
2023-01-12,1007,117,71,92,30,46,62,0.6068376068376068,0.32608695652173914,101
2023-01-13,1007,117,78,52,29,39,23,0.6666666666666666,0.5576923076923077,107
2023-01-14,1007,132,87,62,41,45,21,0.6590909090909091,0.6612903225806451,128
2023-01-15,1007,146,96,54,38,50,16,0.6575342465753424,0.7037037037037037,134
2023-01-16,1007,111,72,92,37,39,55,0.6486486486486487,0.40217391304347827,109
2023-01-17,1007,119,81,88,41,38,47,0.680672268907563,0.4659090909090909,122
2023-01-18,1007,145,76,71,42,69,29,0.5241379310344828,0.5915492957746479,118
2023-01-19,1007,111,83,62,33,28,29,0.7477477477477478,0.532258064516129,116
2023-01-20,1007,133,90,90,46,43,44,0.6766917293233082,0.5111111111111111,136
2023-01-21,1007,137,90,61,50,47,11,0.656934306569343,0.819672131147541,140
2023-01-22,1007,102,86,72,44,16,28,0.8431372549019608,0.6111111111111112,130
2023-01-23,1007,141,64,63,47,77,16,0.45390070921985815,0.746031746031746,111
2023-01-24,1007,128,73,55,33,55,22,0.5703125,0.6,106
2023-01-25,1007,132,85,53,34,47,19,0.6439393939393939,0.6415094339622641,119
2023-01-26,1007,106,84,81,34,22,47,0.7924528301886793,0.41975308641975306,118
2023-01-27,1007,104,95,56,37,9,19,0.9134615384615384,0.6607142857142857,132
2023-01-28,1007,134,77,100,46,57,54,0.5746268656716418,0.46,123
2023-01-29,1007,104,83,67,44,21,23,0.7980769230769231,0.6567164179104478,127
2023-01-30,1007,141,86,72,38,55,34,0.6099290780141844,0.5277777777777778,124
2023-01-31,1007,123,93,57,34,30,23,0.7560975609756098,0.5964912280701754,127
2023-02-01,1007,112,58,67,39,54,28,0.5178571428571429,0.582089552238806,97
2023-02-02,1007,137,75,97,29,62,68,0.5474452554744526,0.29896907216494845,104
2023-02-03,1007,149,81,62,47,68,15,0.5436241610738255,0.7580645161290323,128
2023-02-04,1007,131,83,79,29,48,50,0.6335877862595419,0.3670886075949367,112
2023-02-05,1007,147,72,91,40,75,51,0.4897959183673469,0.43956043956043955,112
2023-02-06,1007,116,79,85,37,37,48,0.6810344827586207,0.43529411764705883,116
2023-02-07,1007,110,95,64,39,15,25,0.8636363636363636,0.609375,134
2023-02-08,1007,148,81,96,45,67,51,0.5472972972972973,0.46875,126
2023-02-09,1007,108,74,51,29,34,22,0.6851851851851852,0.5686274509803921,103
2023-02-10,1007,120,94,73,48,26,25,0.7833333333333333,0.6575342465753424,142
2023-02-11,1007,137,100,71,40,37,31,0.7299270072992701,0.5633802816901409,140
2023-02-12,1007,140,77,91,59,63,32,0.55,0.6483516483516484,136
2023-02-13,1007,117,81,62,34,36,28,0.6923076923076923,0.5483870967741935,115
2023-02-14,1007,108,90,59,46,18,13,0.8333333333333334,0.7796610169491526,136
2023-02-15,1007,101,87,56,26,14,30,0.8613861386138614,0.4642857142857143,113
2023-02-16,1007,107,85,93,29,22,64,0.794392523364486,0.3118279569892473,114
2023-02-17,1007,147,74,56,35,73,21,0.5034013605442177,0.625,109
2023-02-18,1007,111,66,67,43,45,24,0.5945945945945946,0.6417910447761194,109
2023-02-19,1007,108,73,78,43,35,35,0.6759259259259259,0.5512820512820513,116
2023-02-20,1007,111,69,67,62,42,5,0.6216216216216216,0.9253731343283582,131
2023-02-21,1007,104,88,71,39,16,32,0.8461538461538461,0.5492957746478874,127
2023-02-22,1007,121,83,72,39,38,33,0.6859504132231405,0.5416666666666666,122
2023-02-23,1007,120,67,91,42,53,49,0.5583333333333333,0.46153846153846156,109
2023-02-24,1007,118,72,82,35,46,47,0.6101694915254238,0.4268292682926829,107
2023-02-25,1007,126,90,95,42,36,53,0.7142857142857143,0.4421052631578947,132
2023-02-26,1007,107,93,84,41,14,43,0.8691588785046729,0.4880952380952381,134
2023-02-27,1007,121,80,65,41,41,24,0.6611570247933884,0.6307692307692307,121
2023-02-28,1007,142,83,66,38,59,28,0.5845070422535211,0.5757575757575758,121
2023-03-01,1007,140,100,65,42,40,23,0.7142857142857143,0.6461538461538462,142
2023-03-02,1007,105,71,88,39,34,49,0.6761904761904762,0.4431818181818182,110
2023-03-03,1007,150,65,59,47,85,12,0.43333333333333335,0.7966101694915254,112
2023-03-04,1007,148,89,78,42,59,36,0.6013513513513513,0.5384615384615384,131
2023-03-05,1007,134,89,64,40,45,24,0.664179104477612,0.625,129
2023-03-06,1007,149,92,99,33,57,66,0.6174496644295302,0.3333333333333333,125
2023-03-07,1007,112,70,71,36,42,35,0.625,0.5070422535211268,106
2023-03-08,1007,133,78,61,50,55,11,0.5864661654135338,0.819672131147541,128
2023-03-09,1007,138,96,61,55,42,6,0.6956521739130435,0.9016393442622951,151
2023-03-10,1007,149,80,53,45,69,8,0.5369127516778524,0.8490566037735849,125
2023-03-11,1007,138,69,80,44,69,36,0.5,0.55,113
2023-03-12,1007,117,92,98,36,25,62,0.7863247863247863,0.3673469387755102,128
2023-03-13,1007,120,92,59,42,28,17,0.7666666666666667,0.711864406779661,134
2023-03-14,1007,109,80,51,45,29,6,0.7339449541284404,0.8823529411764706,125
2023-03-15,1007,135,78,61,35,57,26,0.5777777777777777,0.5737704918032787,113
2023-03-16,1007,141,75,68,33,66,35,0.5319148936170213,0.4852941176470588,108
2023-03-17,1007,141,64,50,38,77,12,0.45390070921985815,0.76,102
2023-03-18,1007,139,89,57,45,50,12,0.6402877697841727,0.7894736842105263,134
2023-03-19,1007,128,79,75,37,49,38,0.6171875,0.49333333333333335,116
2023-03-20,1007,125,82,53,48,43,5,0.656,0.9056603773584906,130
2023-03-21,1007,130,82,86,39,48,47,0.6307692307692307,0.45348837209302323,121
2023-03-22,1007,114,89,68,44,25,24,0.7807017543859649,0.6470588235294118,133
2023-03-23,1007,141,81,80,40,60,40,0.574468085106383,0.5,121
2023-03-24,1007,146,62,56,50,84,6,0.4246575342465753,0.8928571428571429,112
2023-03-25,1007,132,61,92,33,71,59,0.4621212121212121,0.358695652173913,94
2023-03-26,1007,126,69,96,43,57,53,0.5476190476190477,0.4479166666666667,112
2023-03-27,1007,136,88,92,41,48,51,0.6470588235294118,0.44565217391304346,129
2023-03-28,1007,111,86,97,40,25,57,0.7747747747747747,0.41237113402061853,126
2023-03-29,1007,124,88,77,37,36,40,0.7096774193548387,0.4805194805194805,125
2023-03-30,1007,128,75,79,39,53,40,0.5859375,0.4936708860759494,114
2023-03-31,1007,129,86,54,49,43,5,0.6666666666666666,0.9074074074074074,135
2023-04-01,1007,127,75,77,37,52,40,0.5905511811023622,0.4805194805194805,112
2023-04-02,1007,114,63,83,37,51,46,0.5526315789473685,0.4457831325301205,100
2023-04-03,1007,130,95,55,32,35,23,0.7307692307692307,0.5818181818181818,127
2023-04-04,1007,116,75,79,36,41,43,0.646551724137931,0.45569620253164556,111
2023-04-05,1007,148,87,79,46,61,33,0.5878378378378378,0.5822784810126582,133
2023-04-06,1007,145,65,67,35,80,32,0.4482758620689655,0.5223880597014925,100
2023-04-07,1007,126,85,69,45,41,24,0.6746031746031746,0.6521739130434783,130
2023-04-08,1007,145,88,71,32,57,39,0.6068965517241379,0.4507042253521127,120
2023-04-09,1007,132,69,83,31,63,52,0.5227272727272727,0.37349397590361444,100
2023-04-10,1007,109,76,74,36,33,38,0.6972477064220184,0.4864864864864865,112
2023-04-11,1007,127,80,63,38,47,25,0.6299212598425197,0.6031746031746031,118
2023-04-12,1007,143,77,57,42,66,15,0.5384615384615384,0.7368421052631579,119
2023-04-13,1007,136,84,75,34,52,41,0.6176470588235294,0.4533333333333333,118
2023-04-14,1007,135,76,79,44,59,35,0.562962962962963,0.5569620253164557,120
2023-04-15,1007,135,56,89,39,79,50,0.4148148148148148,0.43820224719101125,95
2023-04-16,1007,126,101,51,23,25,28,0.8015873015873016,0.45098039215686275,124
2023-04-17,1007,139,73,71,35,66,36,0.5251798561151079,0.49295774647887325,108
2023-04-18,1007,149,95,100,32,54,68,0.6375838926174496,0.32,127
2023-04-19,1007,117,83,66,43,34,23,0.7094017094017094,0.6515151515151515,126
2023-04-20,1007,144,92,90,49,52,41,0.6388888888888888,0.5444444444444444,141
2023-04-21,1007,143,87,97,40,56,57,0.6083916083916084,0.41237113402061853,127
2023-04-22,1007,126,85,50,35,41,15,0.6746031746031746,0.7,120
2023-04-23,1007,127,85,86,55,42,31,0.6692913385826772,0.6395348837209303,140
2023-04-24,1007,134,68,74,40,66,34,0.5074626865671642,0.5405405405405406,108
2023-04-25,1007,109,75,85,33,34,52,0.6880733944954128,0.38823529411764707,108
2023-04-26,1007,120,79,96,31,41,65,0.6583333333333333,0.3229166666666667,110
2023-04-27,1007,138,79,65,43,59,22,0.572463768115942,0.6615384615384615,122
2023-04-28,1007,114,77,61,47,37,14,0.6754385964912281,0.7704918032786885,124
2023-04-29,1007,133,70,67,29,63,38,0.5263157894736842,0.43283582089552236,99
2023-04-30,1007,112,91,54,42,21,12,0.8125,0.7777777777777778,133
2023-05-01,1007,138,79,70,42,59,28,0.572463768115942,0.6,121
2023-05-02,1007,143,87,79,48,56,31,0.6083916083916084,0.6075949367088608,135
2023-05-03,1007,118,81,87,28,37,59,0.6864406779661016,0.3218390804597701,109
2023-05-04,1007,140,96,89,48,44,41,0.6857142857142857,0.5393258426966292,144
2023-05-05,1007,135,84,62,38,51,24,0.6222222222222222,0.6129032258064516,122
2023-05-06,1007,108,67,61,54,41,7,0.6203703703703703,0.8852459016393442,121
2023-05-07,1007,131,85,61,34,46,27,0.648854961832061,0.5573770491803278,119
2023-05-08,1007,113,72,53,32,41,21,0.6371681415929203,0.6037735849056604,104
2023-05-09,1007,123,73,56,43,50,13,0.5934959349593496,0.7678571428571429,116
2023-05-10,1007,148,75,67,36,73,31,0.5067567567567568,0.5373134328358209,111
2023-05-11,1007,100,84,87,39,16,48,0.84,0.4482758620689655,123
2023-05-12,1007,126,90,96,35,36,61,0.7142857142857143,0.3645833333333333,125
2023-05-13,1007,131,90,82,38,41,44,0.6870229007633588,0.4634146341463415,128
2023-05-14,1007,129,71,66,40,58,26,0.5503875968992248,0.6060606060606061,111
2023-05-15,1007,137,81,51,37,56,14,0.5912408759124088,0.7254901960784313,118
2023-05-16,1007,115,83,78,53,32,25,0.7217391304347827,0.6794871794871795,136
2023-05-17,1007,139,72,60,38,67,22,0.5179856115107914,0.6333333333333333,110
2023-05-18,1007,133,81,60,46,52,14,0.6090225563909775,0.7666666666666667,127
2023-05-19,1007,127,88,88,45,39,43,0.6929133858267716,0.5113636363636364,133
2023-05-20,1007,105,86,84,40,19,44,0.819047619047619,0.47619047619047616,126
2023-05-21,1007,121,79,70,38,42,32,0.6528925619834711,0.5428571428571428,117
2023-05-22,1007,114,86,75,32,28,43,0.7543859649122807,0.4266666666666667,118
2023-05-23,1007,113,65,93,38,48,55,0.5752212389380531,0.40860215053763443,103
2023-05-24,1007,137,80,96,44,57,52,0.583941605839416,0.4583333333333333,124
2023-05-25,1007,148,75,71,45,73,26,0.5067567567567568,0.6338028169014085,120
2023-05-26,1007,140,87,83,40,53,43,0.6214285714285714,0.4819277108433735,127
2023-05-27,1007,108,73,63,42,35,21,0.6759259259259259,0.6666666666666666,115
2023-05-28,1007,127,65,83,39,62,44,0.5118110236220472,0.46987951807228917,104
2023-05-29,1007,125,76,56,34,49,22,0.608,0.6071428571428571,110
2023-05-30,1007,114,85,73,40,29,33,0.7456140350877193,0.547945205479452,125
2023-05-31,1007,138,79,57,30,59,27,0.572463768115942,0.5263157894736842,109
2023-06-01,1007,136,87,60,34,49,26,0.6397058823529411,0.5666666666666667,121
2023-06-02,1007,133,79,69,57,54,12,0.5939849624060151,0.8260869565217391,136
2023-06-03,1007,138,73,92,42,65,50,0.5289855072463768,0.45652173913043476,115
2023-06-04,1007,100,74,53,42,26,11,0.74,0.7924528301886793,116
2023-06-05,1007,106,84,63,56,22,7,0.7924528301886793,0.8888888888888888,140
2023-06-06,1007,109,59,74,41,50,33,0.5412844036697247,0.5540540540540541,100
2023-06-07,1007,131,73,56,38,58,18,0.5572519083969466,0.6785714285714286,111
2023-06-08,1007,133,83,77,42,50,35,0.6240601503759399,0.5454545454545454,125
2023-06-09,1007,101,68,82,34,33,48,0.6732673267326733,0.4146341463414634,102
2023-06-10,1007,140,74,60,37,66,23,0.5285714285714286,0.6166666666666667,111
2023-06-11,1007,111,74,54,28,37,26,0.6666666666666666,0.5185185185185185,102
2023-06-12,1007,135,80,84,37,55,47,0.5925925925925926,0.44047619047619047,117
2023-06-13,1007,128,91,87,45,37,42,0.7109375,0.5172413793103449,136
2023-06-14,1007,142,89,98,33,53,65,0.6267605633802817,0.336734693877551,122
2023-06-15,1007,150,82,93,36,68,57,0.5466666666666666,0.3870967741935484,118
2023-06-16,1007,146,75,76,39,71,37,0.5136986301369864,0.5131578947368421,114
2023-06-17,1007,111,79,81,34,32,47,0.7117117117117117,0.41975308641975306,113
2023-06-18,1007,119,92,95,39,27,56,0.773109243697479,0.4105263157894737,131
2023-06-19,1007,126,73,92,45,53,47,0.5793650793650794,0.4891304347826087,118
2023-06-20,1007,138,79,79,37,59,42,0.572463768115942,0.46835443037974683,116
2023-06-21,1007,126,83,95,45,43,50,0.6587301587301587,0.47368421052631576,128
2023-06-22,1007,131,86,92,41,45,51,0.6564885496183206,0.44565217391304346,127
2023-06-23,1007,149,92,69,43,57,26,0.6174496644295302,0.6231884057971014,135
2023-06-24,1007,125,75,70,39,50,31,0.6,0.5571428571428572,114
2023-06-25,1007,106,92,81,47,14,34,0.8679245283018868,0.5802469135802469,139
2023-06-26,1007,129,71,95,35,58,60,0.5503875968992248,0.3684210526315789,106
2023-06-27,1007,135,79,98,42,56,56,0.5851851851851851,0.42857142857142855,121
2023-06-28,1007,116,80,96,35,36,61,0.6896551724137931,0.3645833333333333,115
2023-06-29,1007,140,97,89,34,43,55,0.6928571428571428,0.38202247191011235,131
2023-06-30,1007,105,77,100,48,28,52,0.7333333333333333,0.48,125
2023-07-01,1007,108,89,76,45,19,31,0.8240740740740741,0.5921052631578947,134
2023-07-02,1007,136,78,90,39,58,51,0.5735294117647058,0.43333333333333335,117
2023-07-03,1007,127,89,76,36,38,40,0.7007874015748031,0.47368421052631576,125
2023-07-04,1007,149,81,52,36,68,16,0.5436241610738255,0.6923076923076923,117
2023-07-05,1007,119,86,85,37,33,48,0.7226890756302521,0.43529411764705883,123
2023-07-06,1007,106,72,95,45,34,50,0.6792452830188679,0.47368421052631576,117
2023-07-07,1007,127,78,55,37,49,18,0.6141732283464567,0.6727272727272727,115
2023-07-08,1007,135,70,70,51,65,19,0.5185185185185185,0.7285714285714285,121
2023-07-09,1007,129,84,51,51,45,0,0.6511627906976745,1,135
2023-07-10,1007,107,88,67,41,19,26,0.822429906542056,0.6119402985074627,129
2023-07-11,1007,106,69,79,41,37,38,0.6509433962264151,0.5189873417721519,110
2023-07-12,1007,133,69,97,34,64,63,0.518796992481203,0.35051546391752575,103
2023-07-13,1007,149,83,80,43,66,37,0.5570469798657718,0.5375,126
2023-07-14,1007,129,82,79,45,47,34,0.6356589147286822,0.569620253164557,127
2023-07-15,1007,150,80,65,43,70,22,0.5333333333333333,0.6615384615384615,123
2023-07-16,1007,148,84,50,43,64,7,0.5675675675675675,0.86,127
2023-07-17,1007,147,76,54,47,71,7,0.5170068027210885,0.8703703703703703,123
2023-07-18,1007,132,71,83,38,61,45,0.5378787878787878,0.4578313253012048,109
2023-07-19,1007,103,90,94,38,13,56,0.8737864077669902,0.40425531914893614,128
2023-07-20,1007,109,75,94,40,34,54,0.6880733944954128,0.425531914893617,115
2023-07-21,1007,146,84,52,42,62,10,0.5753424657534246,0.8076923076923077,126
2023-07-22,1007,130,86,84,39,44,45,0.6615384615384615,0.4642857142857143,125
2023-07-23,1007,147,73,84,44,74,40,0.4965986394557823,0.5238095238095238,117
2023-07-24,1007,110,64,85,37,46,48,0.5818181818181818,0.43529411764705883,101
2023-07-25,1007,135,77,92,38,58,54,0.5703703703703704,0.41304347826086957,115
2023-07-26,1007,130,78,71,29,52,42,0.6,0.4084507042253521,107
2023-07-27,1007,117,87,91,48,30,43,0.7435897435897436,0.5274725274725275,135
2023-07-28,1007,138,72,80,51,66,29,0.5217391304347826,0.6375,123
2023-07-29,1007,140,68,64,37,72,27,0.4857142857142857,0.578125,105
2023-07-30,1007,107,78,77,37,29,40,0.7289719626168224,0.4805194805194805,115
2023-07-31,1007,124,92,98,48,32,50,0.7419354838709677,0.4897959183673469,140
2023-08-01,1007,107,80,52,41,27,11,0.7476635514018691,0.7884615384615384,121
2023-08-02,1007,114,100,57,37,14,20,0.8771929824561403,0.6491228070175439,137
2023-08-03,1007,116,72,57,38,44,19,0.6206896551724138,0.6666666666666666,110
2023-08-04,1007,100,86,55,26,14,29,0.86,0.4727272727272727,112
2023-08-05,1007,150,82,61,35,68,26,0.5466666666666666,0.5737704918032787,117
2023-08-06,1007,136,75,85,41,61,44,0.5514705882352942,0.4823529411764706,116
2023-08-07,1007,131,68,99,35,63,64,0.5190839694656488,0.35353535353535354,103
2023-08-08,1007,127,80,95,51,47,44,0.6299212598425197,0.5368421052631579,131
2023-08-09,1007,103,88,98,36,15,62,0.8543689320388349,0.3673469387755102,124
2023-08-10,1007,123,65,53,35,58,18,0.5284552845528455,0.660377358490566,100
2023-08-11,1007,107,71,79,38,36,41,0.6635514018691588,0.4810126582278481,109
2023-08-12,1007,116,85,95,37,31,58,0.7327586206896551,0.3894736842105263,122
2023-08-13,1007,145,69,94,47,76,47,0.47586206896551725,0.5,116
2023-08-14,1007,130,70,61,28,60,33,0.5384615384615384,0.45901639344262296,98
2023-08-15,1007,116,77,77,51,39,26,0.6637931034482759,0.6623376623376623,128
2023-08-16,1007,131,72,94,38,59,56,0.549618320610687,0.40425531914893614,110
2023-08-17,1007,139,87,54,33,52,21,0.6258992805755396,0.6111111111111112,120
2023-08-18,1007,108,72,64,32,36,32,0.6666666666666666,0.5,104
2023-08-19,1007,132,70,57,36,62,21,0.5303030303030303,0.631578947368421,106
2023-08-20,1007,148,74,58,47,74,11,0.5,0.8103448275862069,121
2023-08-21,1007,108,96,93,47,12,46,0.8888888888888888,0.5053763440860215,143
2023-08-22,1007,103,75,99,37,28,62,0.7281553398058253,0.37373737373737376,112
2023-08-23,1007,117,84,69,42,33,27,0.717948717948718,0.6086956521739131,126
2023-08-24,1007,115,82,100,31,33,69,0.7130434782608696,0.31,113
2023-08-25,1007,108,66,83,48,42,35,0.6111111111111112,0.5783132530120482,114
2023-08-26,1007,129,89,96,44,40,52,0.689922480620155,0.4583333333333333,133
2023-08-27,1007,140,77,85,38,63,47,0.55,0.4470588235294118,115
2023-08-28,1007,117,81,75,43,36,32,0.6923076923076923,0.5733333333333334,124
2023-08-29,1007,143,75,100,47,68,53,0.5244755244755245,0.47,122
2023-08-30,1007,139,104,52,39,35,13,0.7482014388489209,0.75,143
2023-08-31,1007,116,82,84,38,34,46,0.7068965517241379,0.4523809523809524,120
2023-09-01,1007,116,87,56,30,29,26,0.75,0.5357142857142857,117
2023-09-02,1007,134,82,57,44,52,13,0.6119402985074627,0.7719298245614035,126
2023-09-03,1007,113,74,89,53,39,36,0.6548672566371682,0.5955056179775281,127
2023-09-04,1007,107,71,70,49,36,21,0.6635514018691588,0.7,120
2023-09-05,1007,113,79,60,40,34,20,0.6991150442477876,0.6666666666666666,119
2023-09-06,1007,145,79,65,38,66,27,0.5448275862068965,0.5846153846153846,117
2023-09-07,1007,100,77,86,38,23,48,0.77,0.4418604651162791,115
2023-09-08,1007,144,93,78,43,51,35,0.6458333333333334,0.5512820512820513,136
2023-09-09,1007,109,82,92,36,27,56,0.7522935779816514,0.391304347826087,118
2023-09-10,1007,146,74,56,45,72,11,0.5068493150684932,0.8035714285714286,119
2023-09-11,1007,137,61,70,35,76,35,0.44525547445255476,0.5,96
2023-09-12,1007,115,98,73,42,17,31,0.8521739130434782,0.5753424657534246,140
2023-09-13,1007,116,81,50,32,35,18,0.6982758620689655,0.64,113
2023-09-14,1007,104,76,66,42,28,24,0.7307692307692307,0.6363636363636364,118
2023-09-15,1007,101,62,71,37,39,34,0.6138613861386139,0.5211267605633803,99
2023-09-16,1007,120,64,54,41,56,13,0.5333333333333333,0.7592592592592593,105
2023-09-17,1007,141,79,52,42,62,10,0.5602836879432624,0.8076923076923077,121
2023-09-18,1007,125,80,51,36,45,15,0.64,0.7058823529411765,116
2023-09-19,1007,139,81,92,50,58,42,0.5827338129496403,0.5434782608695652,131
2023-09-20,1007,150,72,71,30,78,41,0.48,0.4225352112676056,102
2023-09-21,1007,145,87,89,34,58,55,0.6,0.38202247191011235,121
2023-09-22,1007,142,73,56,35,69,21,0.5140845070422535,0.625,108
2023-09-23,1007,106,70,99,39,36,60,0.660377358490566,0.3939393939393939,109
2023-09-24,1007,147,86,54,42,61,12,0.5850340136054422,0.7777777777777778,128
2023-09-25,1007,136,86,75,36,50,39,0.6323529411764706,0.48,122
2023-09-26,1007,114,83,52,31,31,21,0.7280701754385965,0.5961538461538461,114
2023-09-27,1007,121,78,99,44,43,55,0.6446280991735537,0.4444444444444444,122
2023-09-28,1007,107,79,99,42,28,57,0.7383177570093458,0.42424242424242425,121
2023-09-29,1007,111,79,90,53,32,37,0.7117117117117117,0.5888888888888889,132
2023-09-30,1007,140,56,64,28,84,36,0.4,0.4375,84
2023-10-01,1007,128,84,93,40,44,53,0.65625,0.43010752688172044,124
2023-10-02,1007,149,79,100,45,70,55,0.5302013422818792,0.45,124
2023-10-03,1007,134,84,98,41,50,57,0.6268656716417911,0.41836734693877553,125
2023-10-04,1007,108,73,98,38,35,60,0.6759259259259259,0.3877551020408163,111
2023-10-05,1007,135,72,82,40,63,42,0.5333333333333333,0.4878048780487805,112
2023-10-06,1007,138,66,69,31,72,38,0.4782608695652174,0.4492753623188406,97
2023-10-07,1007,149,81,69,31,68,38,0.5436241610738255,0.4492753623188406,112
2023-10-08,1007,101,82,55,48,19,7,0.8118811881188119,0.8727272727272727,130
2023-10-09,1007,131,80,78,34,51,44,0.6106870229007634,0.4358974358974359,114
2023-10-10,1007,129,84,98,35,45,63,0.6511627906976745,0.35714285714285715,119
2023-10-11,1007,134,66,90,33,68,57,0.4925373134328358,0.36666666666666664,99
2023-10-12,1007,115,72,56,38,43,18,0.6260869565217392,0.6785714285714286,110
2023-10-13,1007,115,67,64,35,48,29,0.5826086956521739,0.546875,102
2023-10-14,1007,125,73,96,40,52,56,0.584,0.4166666666666667,113
2023-10-15,1007,124,68,69,28,56,41,0.5483870967741935,0.4057971014492754,96
2023-10-16,1007,149,89,61,34,60,27,0.5973154362416108,0.5573770491803278,123
2023-10-17,1007,127,75,87,27,52,60,0.5905511811023622,0.3103448275862069,102
2023-10-18,1007,106,95,68,42,11,26,0.8962264150943396,0.6176470588235294,137
2023-10-19,1007,107,75,60,38,32,22,0.7009345794392523,0.6333333333333333,113
2023-10-20,1007,142,65,50,40,77,10,0.45774647887323944,0.8,105
2023-10-21,1007,120,76,53,46,44,7,0.6333333333333333,0.8679245283018868,122
2023-10-22,1007,113,72,67,41,41,26,0.6371681415929203,0.6119402985074627,113
2023-10-23,1007,116,68,92,29,48,63,0.5862068965517241,0.31521739130434784,97
2023-10-24,1007,120,73,66,40,47,26,0.6083333333333333,0.6060606060606061,113
2023-10-25,1007,143,77,58,42,66,16,0.5384615384615384,0.7241379310344828,119
2023-10-26,1007,113,73,100,42,40,58,0.6460176991150443,0.42,115
2023-10-27,1007,121,85,86,36,36,50,0.7024793388429752,0.4186046511627907,121
2023-10-28,1007,104,79,57,38,25,19,0.7596153846153846,0.6666666666666666,117
2023-10-29,1007,148,82,89,42,66,47,0.5540540540540541,0.47191011235955055,124
2023-10-30,1007,115,90,93,47,25,46,0.782608695652174,0.5053763440860215,137
2023-10-31,1007,125,80,87,42,45,45,0.64,0.4827586206896552,122
2023-11-01,1007,123,96,56,37,27,19,0.7804878048780488,0.6607142857142857,133
2023-11-02,1007,141,68,53,35,73,18,0.48226950354609927,0.660377358490566,103
2023-11-03,1007,143,73,85,44,70,41,0.5104895104895105,0.5176470588235295,117
2023-11-04,1007,134,72,97,41,62,56,0.5373134328358209,0.422680412371134,113
2023-11-05,1007,141,87,56,52,54,4,0.6170212765957447,0.9285714285714286,139
2023-11-06,1007,112,81,88,33,31,55,0.7232142857142857,0.375,114
2023-11-07,1007,117,83,89,42,34,47,0.7094017094017094,0.47191011235955055,125
2023-11-08,1007,144,87,87,36,57,51,0.6041666666666666,0.41379310344827586,123
2023-11-09,1007,105,78,68,40,27,28,0.7428571428571429,0.5882352941176471,118
2023-11-10,1007,145,92,96,49,53,47,0.6344827586206897,0.5104166666666666,141
2023-11-11,1007,121,74,100,40,47,60,0.6115702479338843,0.4,114
2023-11-12,1007,124,82,52,48,42,4,0.6612903225806451,0.9230769230769231,130
2023-11-13,1007,138,89,82,42,49,40,0.644927536231884,0.5121951219512195,131
2023-11-14,1007,137,99,53,39,38,14,0.7226277372262774,0.7358490566037735,138
2023-11-15,1007,114,87,91,48,27,43,0.7631578947368421,0.5274725274725275,135
2023-11-16,1007,124,76,95,35,48,60,0.6129032258064516,0.3684210526315789,111
2023-11-17,1007,133,88,80,46,45,34,0.6616541353383458,0.575,134
2023-11-18,1007,121,83,73,56,38,17,0.6859504132231405,0.7671232876712328,139
2023-11-19,1007,105,80,63,44,25,19,0.7619047619047619,0.6984126984126984,124
2023-11-20,1007,121,78,63,41,43,22,0.6446280991735537,0.6507936507936508,119
2023-11-21,1007,131,76,74,43,55,31,0.5801526717557252,0.581081081081081,119
2023-11-22,1007,119,83,96,37,36,59,0.6974789915966386,0.3854166666666667,120
2023-11-23,1007,135,86,63,35,49,28,0.6370370370370371,0.5555555555555556,121
2023-11-24,1007,116,75,74,42,41,32,0.646551724137931,0.5675675675675675,117
2023-11-25,1007,126,94,61,31,32,30,0.746031746031746,0.5081967213114754,125
2023-11-26,1007,124,92,76,49,32,27,0.7419354838709677,0.6447368421052632,141
2023-11-27,1007,129,76,93,46,53,47,0.5891472868217055,0.4946236559139785,122
2023-11-28,1007,117,79,63,46,38,17,0.6752136752136753,0.7301587301587301,125
2023-11-29,1007,143,77,92,44,66,48,0.5384615384615384,0.4782608695652174,121
2023-11-30,1007,101,79,58,42,22,16,0.7821782178217822,0.7241379310344828,121
2023-12-01,1007,129,64,67,33,65,34,0.49612403100775193,0.4925373134328358,97
2023-12-02,1007,128,93,52,44,35,8,0.7265625,0.8461538461538461,137
2023-12-03,1007,133,80,80,45,53,35,0.6015037593984962,0.5625,125
2023-12-04,1007,127,73,88,26,54,62,0.5748031496062992,0.29545454545454547,99
2023-12-05,1007,145,63,84,49,82,35,0.43448275862068964,0.5833333333333334,112
2023-12-06,1007,131,81,73,36,50,37,0.6183206106870229,0.4931506849315068,117
2023-12-07,1007,133,75,77,33,58,44,0.5639097744360902,0.42857142857142855,108
2023-12-08,1007,145,70,59,39,75,20,0.4827586206896552,0.6610169491525424,109
2023-12-09,1007,104,73,66,40,31,26,0.7019230769230769,0.6060606060606061,113
2023-12-10,1007,137,76,83,34,61,49,0.5547445255474452,0.40963855421686746,110
2023-12-11,1007,116,107,96,50,9,46,0.9224137931034483,0.5208333333333334,157
2023-12-12,1007,108,104,87,44,4,43,0.9629629629629629,0.5057471264367817,148
2023-12-13,1007,136,87,96,38,49,58,0.6397058823529411,0.3958333333333333,125
2023-12-14,1007,108,78,79,30,30,49,0.7222222222222222,0.379746835443038,108
2023-12-15,1007,143,71,75,42,72,33,0.4965034965034965,0.56,113
2023-12-16,1007,110,50,63,40,60,23,0.45454545454545453,0.6349206349206349,90
2023-12-17,1007,104,81,81,44,23,37,0.7788461538461539,0.5432098765432098,125
2023-12-18,1007,102,80,100,34,22,66,0.7843137254901961,0.34,114
2023-12-19,1007,128,67,76,46,61,30,0.5234375,0.6052631578947368,113
2023-12-20,1007,126,82,52,39,44,13,0.6507936507936508,0.75,121
2023-12-21,1007,107,79,90,31,28,59,0.7383177570093458,0.34444444444444444,110
2023-12-22,1007,114,70,57,41,44,16,0.6140350877192983,0.7192982456140351,111
2023-12-23,1007,126,79,92,38,47,54,0.626984126984127,0.41304347826086957,117
2023-12-24,1007,112,81,83,32,31,51,0.7232142857142857,0.3855421686746988,113
2023-12-25,1007,109,87,91,39,22,52,0.7981651376146789,0.42857142857142855,126
2023-12-26,1007,145,77,60,34,68,26,0.5310344827586206,0.5666666666666667,111
2023-12-27,1007,103,69,52,30,34,22,0.6699029126213593,0.5769230769230769,99
2023-12-28,1007,139,83,65,43,56,22,0.5971223021582733,0.6615384615384615,126
2023-12-29,1007,136,84,74,31,52,43,0.6176470588235294,0.4189189189189189,115
2023-12-30,1007,135,78,83,40,57,43,0.5777777777777777,0.4819277108433735,118
2023-12-31,1007,122,77,62,37,45,25,0.6311475409836066,0.5967741935483871,114
2023-01-01,1008,117,80,79,37,37,42,0.6837606837606838,0.46835443037974683,117
2023-01-02,1008,109,72,74,34,37,40,0.6605504587155964,0.4594594594594595,106
2023-01-03,1008,143,70,87,51,73,36,0.48951048951048953,0.5862068965517241,121
2023-01-04,1008,145,72,91,38,73,53,0.496551724137931,0.4175824175824176,110
2023-01-05,1008,106,87,61,35,19,26,0.8207547169811321,0.5737704918032787,122
2023-01-06,1008,144,86,59,42,58,17,0.5972222222222222,0.711864406779661,128
2023-01-07,1008,121,82,70,47,39,23,0.6776859504132231,0.6714285714285714,129
2023-01-08,1008,115,68,65,26,47,39,0.591304347826087,0.4,94
2023-01-09,1008,130,79,92,28,51,64,0.6076923076923076,0.30434782608695654,107
2023-01-10,1008,135,78,96,45,57,51,0.5777777777777777,0.46875,123
2023-01-11,1008,110,97,95,38,13,57,0.8818181818181818,0.4,135
2023-01-12,1008,131,78,94,44,53,50,0.5954198473282443,0.46808510638297873,122
2023-01-13,1008,146,90,70,37,56,33,0.6164383561643836,0.5285714285714286,127
2023-01-14,1008,108,79,76,38,29,38,0.7314814814814815,0.5,117
2023-01-15,1008,148,84,90,45,64,45,0.5675675675675675,0.5,129
2023-01-16,1008,115,87,62,39,28,23,0.7565217391304347,0.6290322580645161,126
2023-01-17,1008,143,82,54,37,61,17,0.5734265734265734,0.6851851851851852,119
2023-01-18,1008,115,93,77,34,22,43,0.808695652173913,0.44155844155844154,127
2023-01-19,1008,108,69,63,37,39,26,0.6388888888888888,0.5873015873015873,106
2023-01-20,1008,108,94,96,39,14,57,0.8703703703703703,0.40625,133
2023-01-21,1008,134,97,63,48,37,15,0.7238805970149254,0.7619047619047619,145
2023-01-22,1008,144,79,63,39,65,24,0.5486111111111112,0.6190476190476191,118
2023-01-23,1008,127,90,84,36,37,48,0.7086614173228346,0.42857142857142855,126
2023-01-24,1008,110,91,94,40,19,54,0.8272727272727273,0.425531914893617,131
2023-01-25,1008,104,71,51,41,33,10,0.6826923076923077,0.803921568627451,112
2023-01-26,1008,146,71,83,37,75,46,0.4863013698630137,0.4457831325301205,108
2023-01-27,1008,123,69,65,51,54,14,0.5609756097560976,0.7846153846153846,120
2023-01-28,1008,120,84,73,51,36,22,0.7,0.6986301369863014,135
2023-01-29,1008,141,72,56,40,69,16,0.5106382978723404,0.7142857142857143,112
2023-01-30,1008,108,84,83,38,24,45,0.7777777777777778,0.4578313253012048,122
2023-01-31,1008,144,70,67,50,74,17,0.4861111111111111,0.746268656716418,120
2023-02-01,1008,143,85,83,39,58,44,0.5944055944055944,0.46987951807228917,124
2023-02-02,1008,115,77,52,46,38,6,0.6695652173913044,0.8846153846153846,123
2023-02-03,1008,119,60,66,39,59,27,0.5042016806722689,0.5909090909090909,99
2023-02-04,1008,116,76,84,34,40,50,0.6551724137931034,0.40476190476190477,110
2023-02-05,1008,136,70,93,45,66,48,0.5147058823529411,0.4838709677419355,115
2023-02-06,1008,111,68,82,36,43,46,0.6126126126126126,0.43902439024390244,104
2023-02-07,1008,147,80,96,47,67,49,0.54421768707483,0.4895833333333333,127
2023-02-08,1008,123,82,80,38,41,42,0.6666666666666666,0.475,120
2023-02-09,1008,119,73,91,45,46,46,0.6134453781512605,0.4945054945054945,118
2023-02-10,1008,147,71,85,40,76,45,0.48299319727891155,0.47058823529411764,111
2023-02-11,1008,121,88,100,41,33,59,0.7272727272727273,0.41,129
2023-02-12,1008,145,95,61,45,50,16,0.6551724137931034,0.7377049180327869,140
2023-02-13,1008,133,73,52,43,60,9,0.5488721804511278,0.8269230769230769,116
2023-02-14,1008,101,88,51,25,13,26,0.8712871287128713,0.49019607843137253,113
2023-02-15,1008,110,59,97,54,51,43,0.5363636363636364,0.5567010309278351,113
2023-02-16,1008,147,77,90,44,70,46,0.5238095238095238,0.4888888888888889,121
2023-02-17,1008,116,93,87,33,23,54,0.8017241379310345,0.3793103448275862,126
2023-02-18,1008,130,89,85,39,41,46,0.6846153846153846,0.4588235294117647,128
2023-02-19,1008,107,81,51,41,26,10,0.7570093457943925,0.803921568627451,122
2023-02-20,1008,121,81,52,44,40,8,0.6694214876033058,0.8461538461538461,125
2023-02-21,1008,140,63,84,51,77,33,0.45,0.6071428571428571,114
2023-02-22,1008,111,78,68,41,33,27,0.7027027027027027,0.6029411764705882,119
2023-02-23,1008,122,84,65,34,38,31,0.6885245901639344,0.5230769230769231,118
2023-02-24,1008,144,72,83,43,72,40,0.5,0.5180722891566265,115
2023-02-25,1008,117,93,96,32,24,64,0.7948717948717948,0.3333333333333333,125
2023-02-26,1008,108,93,65,37,15,28,0.8611111111111112,0.5692307692307692,130
2023-02-27,1008,137,84,68,40,53,28,0.6131386861313869,0.5882352941176471,124
2023-02-28,1008,122,71,69,36,51,33,0.5819672131147541,0.5217391304347826,107
2023-03-01,1008,130,74,58,41,56,17,0.5692307692307692,0.7068965517241379,115
2023-03-02,1008,122,76,94,51,46,43,0.6229508196721312,0.5425531914893617,127
2023-03-03,1008,128,81,55,31,47,24,0.6328125,0.5636363636363636,112
2023-03-04,1008,137,78,66,38,59,28,0.5693430656934306,0.5757575757575758,116
2023-03-05,1008,150,90,81,36,60,45,0.6,0.4444444444444444,126
2023-03-06,1008,119,80,93,50,39,43,0.6722689075630253,0.5376344086021505,130
2023-03-07,1008,122,98,96,34,24,62,0.8032786885245902,0.3541666666666667,132
2023-03-08,1008,115,88,67,37,27,30,0.7652173913043478,0.5522388059701493,125
2023-03-09,1008,126,67,100,38,59,62,0.5317460317460317,0.38,105
2023-03-10,1008,126,74,90,47,52,43,0.5873015873015873,0.5222222222222223,121
2023-03-11,1008,145,82,76,27,63,49,0.5655172413793104,0.35526315789473684,109
2023-03-12,1008,143,64,51,41,79,10,0.44755244755244755,0.803921568627451,105
2023-03-13,1008,107,75,92,41,32,51,0.7009345794392523,0.44565217391304346,116
2023-03-14,1008,100,68,60,40,32,20,0.68,0.6666666666666666,108
2023-03-15,1008,102,78,76,48,24,28,0.7647058823529411,0.631578947368421,126
2023-03-16,1008,127,77,61,53,50,8,0.6062992125984252,0.8688524590163934,130
2023-03-17,1008,107,79,64,43,28,21,0.7383177570093458,0.671875,122
2023-03-18,1008,150,75,64,40,75,24,0.5,0.625,115
2023-03-19,1008,123,70,93,28,53,65,0.5691056910569106,0.3010752688172043,98
2023-03-20,1008,149,81,100,55,68,45,0.5436241610738255,0.55,136
2023-03-21,1008,147,75,70,42,72,28,0.5102040816326531,0.6,117
2023-03-22,1008,137,83,68,43,54,25,0.6058394160583942,0.6323529411764706,126
2023-03-23,1008,123,83,58,38,40,20,0.6747967479674797,0.6551724137931034,121
2023-03-24,1008,101,83,64,46,18,18,0.8217821782178217,0.71875,129
2023-03-25,1008,131,90,80,36,41,44,0.6870229007633588,0.45,126
2023-03-26,1008,139,74,94,42,65,52,0.5323741007194245,0.44680851063829785,116
2023-03-27,1008,120,84,66,42,36,24,0.7,0.6363636363636364,126
2023-03-28,1008,115,77,62,37,38,25,0.6695652173913044,0.5967741935483871,114
2023-03-29,1008,142,96,78,29,46,49,0.676056338028169,0.3717948717948718,125
2023-03-30,1008,102,79,66,40,23,26,0.7745098039215687,0.6060606060606061,119
2023-03-31,1008,108,86,97,37,22,60,0.7962962962962963,0.38144329896907214,123
2023-04-01,1008,105,64,91,40,41,51,0.6095238095238096,0.43956043956043955,104
2023-04-02,1008,146,94,82,46,52,36,0.6438356164383562,0.5609756097560976,140
2023-04-03,1008,112,86,56,44,26,12,0.7678571428571429,0.7857142857142857,130
2023-04-04,1008,122,83,87,39,39,48,0.680327868852459,0.4482758620689655,122
2023-04-05,1008,110,83,62,45,27,17,0.7545454545454545,0.7258064516129032,128
2023-04-06,1008,126,88,88,43,38,45,0.6984126984126984,0.48863636363636365,131
2023-04-07,1008,102,74,73,47,28,26,0.7254901960784313,0.6438356164383562,121
2023-04-08,1008,101,82,71,45,19,26,0.8118811881188119,0.6338028169014085,127
2023-04-09,1008,132,90,79,46,42,33,0.6818181818181818,0.5822784810126582,136
2023-04-10,1008,107,72,57,42,35,15,0.6728971962616822,0.7368421052631579,114
2023-04-11,1008,101,75,53,36,26,17,0.7425742574257426,0.6792452830188679,111
2023-04-12,1008,114,81,96,34,33,62,0.7105263157894737,0.3541666666666667,115
2023-04-13,1008,107,80,99,37,27,62,0.7476635514018691,0.37373737373737376,117
2023-04-14,1008,138,106,59,38,32,21,0.7681159420289855,0.6440677966101694,144
2023-04-15,1008,128,78,73,37,50,36,0.609375,0.5068493150684932,115
2023-04-16,1008,104,67,55,39,37,16,0.6442307692307693,0.7090909090909091,106
2023-04-17,1008,124,86,56,32,38,24,0.6935483870967742,0.5714285714285714,118
2023-04-18,1008,147,77,71,36,70,35,0.5238095238095238,0.5070422535211268,113
2023-04-19,1008,149,68,55,29,81,26,0.4563758389261745,0.5272727272727272,97
2023-04-20,1008,132,85,70,32,47,38,0.6439393939393939,0.45714285714285713,117
2023-04-21,1008,144,70,50,34,74,16,0.4861111111111111,0.68,104
2023-04-22,1008,111,93,89,42,18,47,0.8378378378378378,0.47191011235955055,135
2023-04-23,1008,114,74,84,39,40,45,0.6491228070175439,0.4642857142857143,113
2023-04-24,1008,137,91,77,42,46,35,0.6642335766423357,0.5454545454545454,133
2023-04-25,1008,114,84,61,36,30,25,0.7368421052631579,0.5901639344262295,120
2023-04-26,1008,144,82,74,26,62,48,0.5694444444444444,0.35135135135135137,108
2023-04-27,1008,129,82,59,37,47,22,0.6356589147286822,0.6271186440677966,119
2023-04-28,1008,107,94,65,42,13,23,0.8785046728971962,0.6461538461538462,136
2023-04-29,1008,104,102,59,37,2,22,0.9807692307692307,0.6271186440677966,139
2023-04-30,1008,109,84,80,38,25,42,0.7706422018348624,0.475,122
2023-05-01,1008,110,83,74,28,27,46,0.7545454545454545,0.3783783783783784,111
2023-05-02,1008,133,81,88,43,52,45,0.6090225563909775,0.48863636363636365,124
2023-05-03,1008,122,73,80,44,49,36,0.5983606557377049,0.55,117
2023-05-04,1008,131,93,95,48,38,47,0.7099236641221374,0.5052631578947369,141
2023-05-05,1008,140,76,89,42,64,47,0.5428571428571428,0.47191011235955055,118
2023-05-06,1008,134,72,99,37,62,62,0.5373134328358209,0.37373737373737376,109
2023-05-07,1008,124,73,88,34,51,54,0.5887096774193549,0.38636363636363635,107
2023-05-08,1008,126,89,80,42,37,38,0.7063492063492064,0.525,131
2023-05-09,1008,112,71,75,44,41,31,0.6339285714285714,0.5866666666666667,115
2023-05-10,1008,122,79,62,47,43,15,0.6475409836065574,0.7580645161290323,126
2023-05-11,1008,140,79,63,39,61,24,0.5642857142857143,0.6190476190476191,118
2023-05-12,1008,111,63,50,41,48,9,0.5675675675675675,0.82,104
2023-05-13,1008,149,69,93,51,80,42,0.46308724832214765,0.5483870967741935,120
2023-05-14,1008,150,85,64,42,65,22,0.5666666666666667,0.65625,127
2023-05-15,1008,139,68,97,32,71,65,0.4892086330935252,0.32989690721649484,100
2023-05-16,1008,142,80,84,36,62,48,0.5633802816901409,0.42857142857142855,116
2023-05-17,1008,106,74,55,37,32,18,0.6981132075471698,0.6727272727272727,111
2023-05-18,1008,146,76,91,42,70,49,0.5205479452054794,0.46153846153846156,118
2023-05-19,1008,104,66,71,35,38,36,0.6346153846153846,0.49295774647887325,101
2023-05-20,1008,120,67,75,38,53,37,0.5583333333333333,0.5066666666666667,105
2023-05-21,1008,116,81,99,37,35,62,0.6982758620689655,0.37373737373737376,118
2023-05-22,1008,130,99,55,46,31,9,0.7615384615384615,0.8363636363636363,145
2023-05-23,1008,139,85,67,40,54,27,0.6115107913669064,0.5970149253731343,125
2023-05-24,1008,103,96,60,35,7,25,0.9320388349514563,0.5833333333333334,131
2023-05-25,1008,147,75,75,43,72,32,0.5102040816326531,0.5733333333333334,118
2023-05-26,1008,135,78,85,57,57,28,0.5777777777777777,0.6705882352941176,135
2023-05-27,1008,150,81,74,47,69,27,0.54,0.6351351351351351,128
2023-05-28,1008,128,84,97,35,44,62,0.65625,0.36082474226804123,119
2023-05-29,1008,110,104,89,38,6,51,0.9454545454545454,0.42696629213483145,142
2023-05-30,1008,140,75,96,37,65,59,0.5357142857142857,0.3854166666666667,112
2023-05-31,1008,138,79,81,31,59,50,0.572463768115942,0.38271604938271603,110
2023-06-01,1008,108,65,80,40,43,40,0.6018518518518519,0.5,105
2023-06-02,1008,145,92,87,43,53,44,0.6344827586206897,0.4942528735632184,135
2023-06-03,1008,106,87,52,38,19,14,0.8207547169811321,0.7307692307692307,125
2023-06-04,1008,125,67,57,55,58,2,0.536,0.9649122807017544,122
2023-06-05,1008,105,82,88,40,23,48,0.780952380952381,0.45454545454545453,122
2023-06-06,1008,122,67,66,46,55,20,0.5491803278688525,0.696969696969697,113
2023-06-07,1008,100,73,60,54,27,6,0.73,0.9,127
2023-06-08,1008,105,85,59,40,20,19,0.8095238095238095,0.6779661016949152,125
2023-06-09,1008,142,65,97,35,77,62,0.45774647887323944,0.36082474226804123,100
2023-06-10,1008,104,65,61,42,39,19,0.625,0.6885245901639344,107
2023-06-11,1008,146,71,89,40,75,49,0.4863013698630137,0.449438202247191,111
2023-06-12,1008,142,69,88,36,73,52,0.4859154929577465,0.4090909090909091,105
2023-06-13,1008,118,65,72,39,53,33,0.5508474576271186,0.5416666666666666,104
2023-06-14,1008,108,79,95,52,29,43,0.7314814814814815,0.5473684210526316,131
2023-06-15,1008,110,85,80,46,25,34,0.7727272727272727,0.575,131
2023-06-16,1008,124,70,72,41,54,31,0.5645161290322581,0.5694444444444444,111
2023-06-17,1008,137,89,100,42,48,58,0.6496350364963503,0.42,131
2023-06-18,1008,101,82,54,32,19,22,0.8118811881188119,0.5925925925925926,114
2023-06-19,1008,102,81,90,41,21,49,0.7941176470588235,0.45555555555555555,122
2023-06-20,1008,149,74,62,34,75,28,0.49664429530201343,0.5483870967741935,108
2023-06-21,1008,105,82,50,42,23,8,0.780952380952381,0.84,124
2023-06-22,1008,104,72,75,53,32,22,0.6923076923076923,0.7066666666666667,125
2023-06-23,1008,138,85,59,37,53,22,0.6159420289855072,0.6271186440677966,122
2023-06-24,1008,102,76,68,33,26,35,0.7450980392156863,0.4852941176470588,109
2023-06-25,1008,106,79,93,36,27,57,0.7452830188679245,0.3870967741935484,115
2023-06-26,1008,148,85,75,43,63,32,0.5743243243243243,0.5733333333333334,128
2023-06-27,1008,131,90,83,54,41,29,0.6870229007633588,0.6506024096385542,144
2023-06-28,1008,137,79,56,47,58,9,0.5766423357664233,0.8392857142857143,126
2023-06-29,1008,114,79,100,39,35,61,0.6929824561403509,0.39,118
2023-06-30,1008,145,76,57,40,69,17,0.5241379310344828,0.7017543859649122,116
2023-07-01,1008,107,70,91,33,37,58,0.6542056074766355,0.3626373626373626,103
2023-07-02,1008,146,78,69,28,68,41,0.5342465753424658,0.4057971014492754,106
2023-07-03,1008,117,85,93,41,32,52,0.7264957264957265,0.44086021505376344,126
2023-07-04,1008,145,74,76,33,71,43,0.5103448275862069,0.4342105263157895,107
2023-07-05,1008,103,80,85,42,23,43,0.7766990291262136,0.49411764705882355,122
2023-07-06,1008,150,73,77,50,77,27,0.4866666666666667,0.6493506493506493,123
2023-07-07,1008,143,84,93,40,59,53,0.5874125874125874,0.43010752688172044,124
2023-07-08,1008,125,76,99,37,49,62,0.608,0.37373737373737376,113
2023-07-09,1008,145,65,67,39,80,28,0.4482758620689655,0.582089552238806,104
2023-07-10,1008,118,86,57,41,32,16,0.7288135593220338,0.7192982456140351,127
2023-07-11,1008,125,80,85,40,45,45,0.64,0.47058823529411764,120
2023-07-12,1008,132,82,92,34,50,58,0.6212121212121212,0.3695652173913043,116
2023-07-13,1008,113,103,71,42,10,29,0.911504424778761,0.5915492957746479,145
2023-07-14,1008,123,62,50,38,61,12,0.5040650406504065,0.76,100
2023-07-15,1008,141,78,87,26,63,61,0.5531914893617021,0.2988505747126437,104
2023-07-16,1008,104,73,99,35,31,64,0.7019230769230769,0.35353535353535354,108
2023-07-17,1008,123,65,94,44,58,50,0.5284552845528455,0.46808510638297873,109
2023-07-18,1008,123,83,57,43,40,14,0.6747967479674797,0.7543859649122807,126
2023-07-19,1008,101,83,57,33,18,24,0.8217821782178217,0.5789473684210527,116
2023-07-20,1008,117,83,62,29,34,33,0.7094017094017094,0.46774193548387094,112
2023-07-21,1008,133,92,67,42,41,25,0.6917293233082706,0.6268656716417911,134
2023-07-22,1008,150,68,85,32,82,53,0.4533333333333333,0.3764705882352941,100
2023-07-23,1008,132,66,74,38,66,36,0.5,0.5135135135135135,104
2023-07-24,1008,141,89,68,23,52,45,0.6312056737588653,0.3382352941176471,112
2023-07-25,1008,129,83,50,34,46,16,0.6434108527131783,0.68,117
2023-07-26,1008,135,89,90,44,46,46,0.6592592592592592,0.4888888888888889,133
2023-07-27,1008,121,84,77,34,37,43,0.6942148760330579,0.44155844155844154,118
2023-07-28,1008,125,97,94,59,28,35,0.776,0.6276595744680851,156
2023-07-29,1008,102,71,81,49,31,32,0.696078431372549,0.6049382716049383,120
2023-07-30,1008,110,62,93,41,48,52,0.5636363636363636,0.44086021505376344,103
2023-07-31,1008,121,64,75,53,57,22,0.5289256198347108,0.7066666666666667,117
2023-08-01,1008,142,79,79,34,63,45,0.5563380281690141,0.43037974683544306,113
2023-08-02,1008,129,72,93,38,57,55,0.5581395348837209,0.40860215053763443,110
2023-08-03,1008,150,68,77,36,82,41,0.4533333333333333,0.4675324675324675,104
2023-08-04,1008,109,91,51,39,18,12,0.8348623853211009,0.7647058823529411,130
2023-08-05,1008,126,92,75,26,34,49,0.7301587301587301,0.3466666666666667,118
2023-08-06,1008,108,69,65,49,39,16,0.6388888888888888,0.7538461538461538,118
2023-08-07,1008,116,87,78,35,29,43,0.75,0.44871794871794873,122
2023-08-08,1008,139,82,91,39,57,52,0.5899280575539568,0.42857142857142855,121
2023-08-09,1008,130,85,60,34,45,26,0.6538461538461539,0.5666666666666667,119
2023-08-10,1008,149,79,59,48,70,11,0.5302013422818792,0.8135593220338984,127
2023-08-11,1008,100,93,67,45,7,22,0.93,0.6716417910447762,138
2023-08-12,1008,139,85,63,39,54,24,0.6115107913669064,0.6190476190476191,124
2023-08-13,1008,125,76,57,39,49,18,0.608,0.6842105263157895,115
2023-08-14,1008,116,70,87,48,46,39,0.603448275862069,0.5517241379310345,118
2023-08-15,1008,133,79,83,32,54,51,0.5939849624060151,0.3855421686746988,111
2023-08-16,1008,135,85,93,47,50,46,0.6296296296296297,0.5053763440860215,132
2023-08-17,1008,105,95,68,45,10,23,0.9047619047619048,0.6617647058823529,140
2023-08-18,1008,125,80,99,50,45,49,0.64,0.5050505050505051,130
2023-08-19,1008,126,82,82,33,44,49,0.6507936507936508,0.4024390243902439,115
2023-08-20,1008,104,80,100,42,24,58,0.7692307692307693,0.42,122
2023-08-21,1008,131,79,82,34,52,48,0.6030534351145038,0.4146341463414634,113
2023-08-22,1008,100,99,83,49,1,34,0.99,0.5903614457831325,148
2023-08-23,1008,117,82,94,28,35,66,0.7008547008547008,0.2978723404255319,110
2023-08-24,1008,111,79,65,42,32,23,0.7117117117117117,0.6461538461538462,121
2023-08-25,1008,148,86,63,46,62,17,0.581081081081081,0.7301587301587301,132
2023-08-26,1008,108,93,56,43,15,13,0.8611111111111112,0.7678571428571429,136
2023-08-27,1008,108,72,59,33,36,26,0.6666666666666666,0.559322033898305,105
2023-08-28,1008,131,81,52,38,50,14,0.6183206106870229,0.7307692307692307,119
2023-08-29,1008,113,77,90,28,36,62,0.6814159292035398,0.3111111111111111,105
2023-08-30,1008,101,89,96,35,12,61,0.8811881188118812,0.3645833333333333,124
2023-08-31,1008,139,73,96,39,66,57,0.5251798561151079,0.40625,112
2023-09-01,1008,140,81,72,51,59,21,0.5785714285714286,0.7083333333333334,132
2023-09-02,1008,103,73,77,43,30,34,0.7087378640776699,0.5584415584415584,116
2023-09-03,1008,108,76,74,30,32,44,0.7037037037037037,0.40540540540540543,106
2023-09-04,1008,117,96,68,49,21,19,0.8205128205128205,0.7205882352941176,145
2023-09-05,1008,133,76,61,35,57,26,0.5714285714285714,0.5737704918032787,111
2023-09-06,1008,107,84,99,37,23,62,0.7850467289719626,0.37373737373737376,121
2023-09-07,1008,103,89,96,46,14,50,0.8640776699029126,0.4791666666666667,135
2023-09-08,1008,129,79,96,42,50,54,0.6124031007751938,0.4375,121
2023-09-09,1008,141,81,64,36,60,28,0.574468085106383,0.5625,117
2023-09-10,1008,108,89,71,48,19,23,0.8240740740740741,0.676056338028169,137
2023-09-11,1008,119,79,91,40,40,51,0.6638655462184874,0.43956043956043955,119
2023-09-12,1008,145,90,58,30,55,28,0.6206896551724138,0.5172413793103449,120
2023-09-13,1008,135,82,82,33,53,49,0.6074074074074074,0.4024390243902439,115
2023-09-14,1008,139,76,84,50,63,34,0.5467625899280576,0.5952380952380952,126
2023-09-15,1008,128,57,52,39,71,13,0.4453125,0.75,96
2023-09-16,1008,108,84,100,27,24,73,0.7777777777777778,0.27,111
2023-09-17,1008,115,84,60,42,31,18,0.7304347826086957,0.7,126
2023-09-18,1008,110,62,50,44,48,6,0.5636363636363636,0.88,106
2023-09-19,1008,150,78,98,40,72,58,0.52,0.40816326530612246,118
2023-09-20,1008,108,76,84,35,32,49,0.7037037037037037,0.4166666666666667,111
2023-09-21,1008,107,87,71,28,20,43,0.8130841121495327,0.39436619718309857,115
2023-09-22,1008,114,74,85,34,40,51,0.6491228070175439,0.4,108
2023-09-23,1008,123,84,70,37,39,33,0.6829268292682927,0.5285714285714286,121
2023-09-24,1008,132,70,61,46,62,15,0.5303030303030303,0.7540983606557377,116
2023-09-25,1008,102,68,62,32,34,30,0.6666666666666666,0.5161290322580645,100
2023-09-26,1008,132,90,67,36,42,31,0.6818181818181818,0.5373134328358209,126
2023-09-27,1008,126,87,98,42,39,56,0.6904761904761905,0.42857142857142855,129
2023-09-28,1008,130,82,63,50,48,13,0.6307692307692307,0.7936507936507936,132
2023-09-29,1008,114,68,69,36,46,33,0.5964912280701754,0.5217391304347826,104
2023-09-30,1008,125,93,71,42,32,29,0.744,0.5915492957746479,135
2023-10-01,1008,147,55,82,44,92,38,0.3741496598639456,0.5365853658536586,99
2023-10-02,1008,119,95,97,42,24,55,0.7983193277310925,0.4329896907216495,137
2023-10-03,1008,111,86,79,35,25,44,0.7747747747747747,0.4430379746835443,121
2023-10-04,1008,135,76,68,44,59,24,0.562962962962963,0.6470588235294118,120
2023-10-05,1008,106,73,79,50,33,29,0.6886792452830188,0.6329113924050633,123
2023-10-06,1008,121,84,68,42,37,26,0.6942148760330579,0.6176470588235294,126
2023-10-07,1008,125,84,78,42,41,36,0.672,0.5384615384615384,126
2023-10-08,1008,114,91,99,48,23,51,0.7982456140350878,0.48484848484848486,139
2023-10-09,1008,108,84,75,39,24,36,0.7777777777777778,0.52,123
2023-10-10,1008,120,79,71,37,41,34,0.6583333333333333,0.5211267605633803,116
2023-10-11,1008,104,87,54,30,17,24,0.8365384615384616,0.5555555555555556,117
2023-10-12,1008,149,105,78,28,44,50,0.7046979865771812,0.358974358974359,133
2023-10-13,1008,128,78,92,37,50,55,0.609375,0.40217391304347827,115
2023-10-14,1008,128,69,56,48,59,8,0.5390625,0.8571428571428571,117
2023-10-15,1008,112,83,89,41,29,48,0.7410714285714286,0.4606741573033708,124
2023-10-16,1008,104,78,76,41,26,35,0.75,0.5394736842105263,119
2023-10-17,1008,133,74,91,39,59,52,0.556390977443609,0.42857142857142855,113
2023-10-18,1008,118,81,80,41,37,39,0.6864406779661016,0.5125,122
2023-10-19,1008,128,86,60,32,42,28,0.671875,0.5333333333333333,118
2023-10-20,1008,137,85,95,33,52,62,0.6204379562043796,0.3473684210526316,118
2023-10-21,1008,103,87,83,44,16,39,0.8446601941747572,0.5301204819277109,131
2023-10-22,1008,144,81,75,39,63,36,0.5625,0.52,120
2023-10-23,1008,133,71,85,39,62,46,0.5338345864661654,0.4588235294117647,110
2023-10-24,1008,123,80,57,31,43,26,0.6504065040650406,0.543859649122807,111
2023-10-25,1008,120,74,86,34,46,52,0.6166666666666667,0.3953488372093023,108
2023-10-26,1008,128,73,98,41,55,57,0.5703125,0.41836734693877553,114
2023-10-27,1008,100,84,64,36,16,28,0.84,0.5625,120
2023-10-28,1008,139,104,80,48,35,32,0.7482014388489209,0.6,152
2023-10-29,1008,145,90,76,43,55,33,0.6206896551724138,0.5657894736842105,133
2023-10-30,1008,114,77,72,47,37,25,0.6754385964912281,0.6527777777777778,124
2023-10-31,1008,113,76,73,35,37,38,0.672566371681416,0.4794520547945205,111
2023-11-01,1008,142,74,57,32,68,25,0.5211267605633803,0.5614035087719298,106
2023-11-02,1008,141,95,75,57,46,18,0.6737588652482269,0.76,152
2023-11-03,1008,138,68,88,40,70,48,0.4927536231884058,0.45454545454545453,108
2023-11-04,1008,117,65,58,34,52,24,0.5555555555555556,0.5862068965517241,99
2023-11-05,1008,110,71,73,33,39,40,0.6454545454545455,0.4520547945205479,104
2023-11-06,1008,128,89,73,43,39,30,0.6953125,0.589041095890411,132
2023-11-07,1008,110,90,55,45,20,10,0.8181818181818182,0.8181818181818182,135
2023-11-08,1008,107,70,69,26,37,43,0.6542056074766355,0.37681159420289856,96
2023-11-09,1008,128,71,52,34,57,18,0.5546875,0.6538461538461539,105
2023-11-10,1008,146,91,91,28,55,63,0.6232876712328768,0.3076923076923077,119
2023-11-11,1008,131,90,67,40,41,27,0.6870229007633588,0.5970149253731343,130
2023-11-12,1008,149,65,90,35,84,55,0.436241610738255,0.3888888888888889,100
2023-11-13,1008,124,68,62,48,56,14,0.5483870967741935,0.7741935483870968,116
2023-11-14,1008,117,77,83,37,40,46,0.6581196581196581,0.4457831325301205,114
2023-11-15,1008,126,80,93,42,46,51,0.6349206349206349,0.45161290322580644,122
2023-11-16,1008,119,77,93,38,42,55,0.6470588235294118,0.40860215053763443,115
2023-11-17,1008,128,75,69,48,53,21,0.5859375,0.6956521739130435,123
2023-11-18,1008,150,78,81,32,72,49,0.52,0.3950617283950617,110
2023-11-19,1008,112,84,57,31,28,26,0.75,0.543859649122807,115
2023-11-20,1008,137,83,51,39,54,12,0.6058394160583942,0.7647058823529411,122
2023-11-21,1008,119,79,84,38,40,46,0.6638655462184874,0.4523809523809524,117
2023-11-22,1008,103,73,71,45,30,26,0.7087378640776699,0.6338028169014085,118
2023-11-23,1008,102,79,93,35,23,58,0.7745098039215687,0.3763440860215054,114
2023-11-24,1008,132,81,88,38,51,50,0.6136363636363636,0.4318181818181818,119
2023-11-25,1008,102,63,91,43,39,48,0.6176470588235294,0.4725274725274725,106
2023-11-26,1008,114,78,58,43,36,15,0.6842105263157895,0.7413793103448276,121
2023-11-27,1008,104,83,53,36,21,17,0.7980769230769231,0.6792452830188679,119
2023-11-28,1008,124,88,57,40,36,17,0.7096774193548387,0.7017543859649122,128
2023-11-29,1008,114,93,61,37,21,24,0.8157894736842105,0.6065573770491803,130
2023-11-30,1008,136,85,92,42,51,50,0.625,0.45652173913043476,127
2023-12-01,1008,106,89,73,44,17,29,0.839622641509434,0.6027397260273972,133
2023-12-02,1008,143,82,84,48,61,36,0.5734265734265734,0.5714285714285714,130
2023-12-03,1008,132,94,98,38,38,60,0.7121212121212122,0.3877551020408163,132
2023-12-04,1008,128,79,93,55,49,38,0.6171875,0.5913978494623656,134
2023-12-05,1008,100,84,74,37,16,37,0.84,0.5,121
2023-12-06,1008,119,91,83,46,28,37,0.7647058823529411,0.5542168674698795,137
2023-12-07,1008,138,81,88,34,57,54,0.5869565217391305,0.38636363636363635,115
2023-12-08,1008,133,72,70,39,61,31,0.5413533834586466,0.5571428571428572,111
2023-12-09,1008,104,83,54,41,21,13,0.7980769230769231,0.7592592592592593,124
2023-12-10,1008,135,73,64,40,62,24,0.5407407407407407,0.625,113
2023-12-11,1008,149,77,93,44,72,49,0.5167785234899329,0.4731182795698925,121
2023-12-12,1008,137,79,94,40,58,54,0.5766423357664233,0.425531914893617,119
2023-12-13,1008,145,67,76,40,78,36,0.46206896551724136,0.5263157894736842,107
2023-12-14,1008,114,72,95,35,42,60,0.631578947368421,0.3684210526315789,107
2023-12-15,1008,133,76,61,51,57,10,0.5714285714285714,0.8360655737704918,127
2023-12-16,1008,135,76,83,26,59,57,0.562962962962963,0.3132530120481928,102
2023-12-17,1008,108,74,52,38,34,14,0.6851851851851852,0.7307692307692307,112
2023-12-18,1008,146,81,83,50,65,33,0.5547945205479452,0.6024096385542169,131
2023-12-19,1008,119,77,71,33,42,38,0.6470588235294118,0.4647887323943662,110
2023-12-20,1008,127,64,66,36,63,30,0.5039370078740157,0.5454545454545454,100
2023-12-21,1008,126,81,87,41,45,46,0.6428571428571429,0.47126436781609193,122
2023-12-22,1008,131,71,62,38,60,24,0.5419847328244275,0.6129032258064516,109
2023-12-23,1008,134,64,86,56,70,30,0.47761194029850745,0.6511627906976745,120
2023-12-24,1008,146,70,77,33,76,44,0.4794520547945205,0.42857142857142855,103
2023-12-25,1008,101,89,79,47,12,32,0.8811881188118812,0.5949367088607594,136
2023-12-26,1008,136,77,60,40,59,20,0.5661764705882353,0.6666666666666666,117
2023-12-27,1008,112,91,82,36,21,46,0.8125,0.43902439024390244,127
2023-12-28,1008,120,88,69,53,32,16,0.7333333333333333,0.7681159420289855,141
2023-12-29,1008,142,91,55,38,51,17,0.6408450704225352,0.6909090909090909,129
2023-12-30,1008,138,70,68,42,68,26,0.5072463768115942,0.6176470588235294,112
2023-12-31,1008,103,85,54,47,18,7,0.8252427184466019,0.8703703703703703,132
2023-01-01,1009,129,77,55,35,52,20,0.5968992248062015,0.6363636363636364,112
2023-01-02,1009,111,74,72,43,37,29,0.6666666666666666,0.5972222222222222,117
2023-01-03,1009,128,81,63,37,47,26,0.6328125,0.5873015873015873,118
2023-01-04,1009,126,79,68,42,47,26,0.626984126984127,0.6176470588235294,121
2023-01-05,1009,115,84,69,40,31,29,0.7304347826086957,0.5797101449275363,124
2023-01-06,1009,140,76,62,35,64,27,0.5428571428571428,0.5645161290322581,111
2023-01-07,1009,130,81,98,33,49,65,0.6230769230769231,0.336734693877551,114
2023-01-08,1009,108,107,77,41,1,36,0.9907407407407407,0.5324675324675324,148
2023-01-09,1009,147,73,59,45,74,14,0.4965986394557823,0.7627118644067796,118
2023-01-10,1009,142,76,52,38,66,14,0.5352112676056338,0.7307692307692307,114
2023-01-11,1009,139,68,66,43,71,23,0.4892086330935252,0.6515151515151515,111
2023-01-12,1009,118,83,79,43,35,36,0.7033898305084746,0.5443037974683544,126
2023-01-13,1009,141,83,92,48,58,44,0.5886524822695035,0.5217391304347826,131
2023-01-14,1009,109,73,84,43,36,41,0.6697247706422018,0.5119047619047619,116
2023-01-15,1009,100,81,54,40,19,14,0.81,0.7407407407407407,121
2023-01-16,1009,121,68,88,45,53,43,0.5619834710743802,0.5113636363636364,113
2023-01-17,1009,144,79,77,37,65,40,0.5486111111111112,0.4805194805194805,116
2023-01-18,1009,112,88,97,40,24,57,0.7857142857142857,0.41237113402061853,128
2023-01-19,1009,138,71,50,40,67,10,0.5144927536231884,0.8,111
2023-01-20,1009,119,75,86,44,44,42,0.6302521008403361,0.5116279069767442,119
2023-01-21,1009,112,60,55,40,52,15,0.5357142857142857,0.7272727272727273,100
2023-01-22,1009,125,64,61,37,61,24,0.512,0.6065573770491803,101
2023-01-23,1009,144,65,83,37,79,46,0.4513888888888889,0.4457831325301205,102
2023-01-24,1009,122,92,55,38,30,17,0.7540983606557377,0.6909090909090909,130
2023-01-25,1009,104,81,73,40,23,33,0.7788461538461539,0.547945205479452,121
2023-01-26,1009,109,80,64,51,29,13,0.7339449541284404,0.796875,131
2023-01-27,1009,111,87,99,36,24,63,0.7837837837837838,0.36363636363636365,123
2023-01-28,1009,138,93,67,43,45,24,0.6739130434782609,0.6417910447761194,136
2023-01-29,1009,125,82,64,46,43,18,0.656,0.71875,128
2023-01-30,1009,133,86,80,37,47,43,0.6466165413533834,0.4625,123
2023-01-31,1009,102,84,91,39,18,52,0.8235294117647058,0.42857142857142855,123
2023-02-01,1009,146,63,85,40,83,45,0.4315068493150685,0.47058823529411764,103
2023-02-02,1009,100,75,61,50,25,11,0.75,0.819672131147541,125
2023-02-03,1009,142,72,52,36,70,16,0.5070422535211268,0.6923076923076923,108
2023-02-04,1009,145,77,82,48,68,34,0.5310344827586206,0.5853658536585366,125
2023-02-05,1009,132,85,92,36,47,56,0.6439393939393939,0.391304347826087,121
2023-02-06,1009,126,65,78,48,61,30,0.5158730158730159,0.6153846153846154,113
2023-02-07,1009,103,80,72,36,23,36,0.7766990291262136,0.5,116
2023-02-08,1009,146,78,92,40,68,52,0.5342465753424658,0.43478260869565216,118
2023-02-09,1009,112,73,66,47,39,19,0.6517857142857143,0.7121212121212122,120
2023-02-10,1009,111,92,59,33,19,26,0.8288288288288288,0.559322033898305,125
2023-02-11,1009,101,81,73,42,20,31,0.801980198019802,0.5753424657534246,123
2023-02-12,1009,116,84,51,34,32,17,0.7241379310344828,0.6666666666666666,118
2023-02-13,1009,139,81,80,36,58,44,0.5827338129496403,0.45,117
2023-02-14,1009,144,79,58,40,65,18,0.5486111111111112,0.6896551724137931,119
2023-02-15,1009,108,97,97,45,11,52,0.8981481481481481,0.4639175257731959,142
2023-02-16,1009,145,96,95,41,49,54,0.6620689655172414,0.43157894736842106,137
2023-02-17,1009,134,94,67,30,40,37,0.7014925373134329,0.44776119402985076,124
2023-02-18,1009,139,69,89,31,70,58,0.49640287769784175,0.34831460674157305,100
2023-02-19,1009,133,86,59,43,47,16,0.6466165413533834,0.7288135593220338,129
2023-02-20,1009,116,77,50,43,39,7,0.6637931034482759,0.86,120
2023-02-21,1009,110,83,59,38,27,21,0.7545454545454545,0.6440677966101694,121
2023-02-22,1009,136,70,70,40,66,30,0.5147058823529411,0.5714285714285714,110
2023-02-23,1009,141,84,84,38,57,46,0.5957446808510638,0.4523809523809524,122
2023-02-24,1009,100,74,50,41,26,9,0.74,0.82,115
2023-02-25,1009,127,68,51,39,59,12,0.5354330708661418,0.7647058823529411,107
2023-02-26,1009,119,91,73,41,28,32,0.7647058823529411,0.5616438356164384,132
2023-02-27,1009,145,70,58,53,75,5,0.4827586206896552,0.9137931034482759,123
2023-02-28,1009,104,71,99,37,33,62,0.6826923076923077,0.37373737373737376,108
2023-03-01,1009,140,83,79,42,57,37,0.5928571428571429,0.5316455696202531,125
2023-03-02,1009,114,73,75,34,41,41,0.6403508771929824,0.4533333333333333,107
2023-03-03,1009,121,82,96,32,39,64,0.6776859504132231,0.3333333333333333,114
2023-03-04,1009,132,93,63,46,39,17,0.7045454545454546,0.7301587301587301,139
2023-03-05,1009,100,85,96,40,15,56,0.85,0.4166666666666667,125
2023-03-06,1009,115,63,93,53,52,40,0.5478260869565217,0.5698924731182796,116
2023-03-07,1009,132,88,94,35,44,59,0.6666666666666666,0.3723404255319149,123
2023-03-08,1009,112,101,85,51,11,34,0.9017857142857143,0.6,152
2023-03-09,1009,127,78,74,37,49,37,0.6141732283464567,0.5,115
2023-03-10,1009,108,64,64,35,44,29,0.5925925925925926,0.546875,99
2023-03-11,1009,126,63,57,42,63,15,0.5,0.7368421052631579,105
2023-03-12,1009,134,86,94,33,48,61,0.6417910447761194,0.35106382978723405,119
2023-03-13,1009,144,89,75,35,55,40,0.6180555555555556,0.4666666666666667,124
2023-03-14,1009,122,72,70,39,50,31,0.5901639344262295,0.5571428571428572,111
2023-03-15,1009,118,64,97,39,54,58,0.5423728813559322,0.4020618556701031,103
2023-03-16,1009,150,80,53,38,70,15,0.5333333333333333,0.71698113207547165,118
2023-03-17,1009,125,85,61,37,40,24,0.68,0.6065573770491803,122
2023-03-18,1009,106,75,93,37,31,56,0.7075471698113207,0.3978494623655914,112
2023-03-19,1009,113,54,87,47,59,40,0.4778761061946903,0.5402298850574713,101
2023-03-20,1009,150,72,62,37,78,25,0.48,0.5967741935483871,109
2023-03-21,1009,101,70,89,42,31,47,0.693069306930693,0.47191011235955055,112
2023-03-22,1009,100,86,53,33,14,20,0.86,0.6226415094339622,119
2023-03-23,1009,117,104,59,39,13,20,0.8888888888888888,0.6610169491525424,143
2023-03-24,1009,107,78,79,46,29,33,0.7289719626168224,0.5822784810126582,124
2023-03-25,1009,111,54,83,49,57,34,0.4864864864864865,0.5903614457831325,103
2023-03-26,1009,138,75,67,33,63,34,0.5434782608695652,0.4925373134328358,108
2023-03-27,1009,113,91,71,42,22,29,0.8053097345132744,0.5915492957746479,133
2023-03-28,1009,144,76,68,39,68,29,0.5277777777777778,0.5735294117647058,115
2023-03-29,1009,141,76,68,42,65,26,0.5390070921985816,0.6176470588235294,118
2023-03-30,1009,119,81,68,43,38,25,0.680672268907563,0.6323529411764706,124
2023-03-31,1009,121,73,95,45,48,50,0.6033057851239669,0.47368421052631576,118
2023-04-01,1009,147,77,69,46,70,23,0.5238095238095238,0.6666666666666666,123
2023-04-02,1009,116,79,79,37,37,42,0.6810344827586207,0.46835443037974683,116
2023-04-03,1009,101,71,100,34,30,66,0.7029702970297029,0.34,105
2023-04-04,1009,125,85,79,40,40,39,0.68,0.5063291139240507,125
2023-04-05,1009,142,68,96,49,74,47,0.4788732394366197,0.5104166666666666,117
2023-04-06,1009,122,91,60,47,31,13,0.7459016393442623,0.7833333333333333,138
2023-04-07,1009,125,81,72,34,44,38,0.648,0.4722222222222222,115
2023-04-08,1009,146,86,72,46,60,26,0.589041095890411,0.6388888888888888,132
2023-04-09,1009,109,86,68,38,23,30,0.7889908256880734,0.5588235294117647,124
2023-04-10,1009,108,82,86,31,26,55,0.7592592592592593,0.36046511627906974,113
2023-04-11,1009,136,79,74,46,57,28,0.5808823529411765,0.6216216216216216,125
2023-04-12,1009,120,77,67,47,43,20,0.6416666666666667,0.7014925373134329,124
2023-04-13,1009,124,71,93,34,53,59,0.5725806451612904,0.3655913978494624,105
2023-04-14,1009,100,61,77,46,39,31,0.61,0.5974025974025974,107
2023-04-15,1009,149,71,96,43,78,53,0.47651006711409394,0.4479166666666667,114
2023-04-16,1009,107,70,80,36,37,44,0.6542056074766355,0.45,106
2023-04-17,1009,132,78,83,37,54,46,0.5909090909090909,0.4457831325301205,115
2023-04-18,1009,128,82,80,40,46,40,0.640625,0.5,122
2023-04-19,1009,115,78,55,35,37,20,0.6782608695652174,0.6363636363636364,113
2023-04-20,1009,121,86,99,40,35,59,0.7107438016528925,0.40404040404040403,126
2023-04-21,1009,106,88,83,41,18,42,0.8301886792452831,0.4939759036144578,129
2023-04-22,1009,149,83,83,45,66,38,0.5570469798657718,0.54216867469879515,128
2023-04-23,1009,130,76,76,30,54,46,0.5846153846153846,0.39473684210526316,106
2023-04-24,1009,103,75,94,37,28,57,0.7281553398058253,0.39361702127659576,112
2023-04-25,1009,146,78,53,48,68,5,0.5342465753424658,0.9056603773584906,126
2023-04-26,1009,119,78,83,50,41,33,0.6554621848739496,0.6024096385542169,128
2023-04-27,1009,110,82,60,26,28,34,0.7454545454545455,0.43333333333333335,108
2023-04-28,1009,117,93,79,45,24,34,0.7948717948717948,0.569620253164557,138
2023-04-29,1009,120,88,76,36,32,40,0.7333333333333333,0.47368421052631576,124
2023-04-30,1009,110,67,50,35,43,15,0.6090909090909091,0.7,102
2023-05-01,1009,124,81,74,45,43,29,0.6532258064516129,0.6081081081081081,126
2023-05-02,1009,126,78,58,37,48,21,0.6190476190476191,0.6379310344827587,115
2023-05-03,1009,103,67,64,35,36,29,0.6504854368932039,0.546875,102
2023-05-04,1009,104,94,89,38,10,51,0.9038461538461539,0.42696629213483145,132
2023-05-05,1009,138,71,67,33,67,34,0.5144927536231884,0.4925373134328358,104
2023-05-06,1009,132,78,68,43,54,25,0.5909090909090909,0.6323529411764706,121
2023-05-07,1009,101,78,90,50,23,40,0.7722772277227723,0.5555555555555556,128
2023-05-08,1009,117,87,97,34,30,63,0.7435897435897436,0.35051546391752575,121
2023-05-09,1009,149,72,70,42,77,28,0.48322147651006714,0.6,114
2023-05-10,1009,143,75,97,44,68,53,0.5244755244755245,0.4536082474226804,119
2023-05-11,1009,135,72,84,38,63,46,0.5333333333333333,0.4523809523809524,110
2023-05-12,1009,144,90,100,42,54,58,0.625,0.42,132
2023-05-13,1009,109,88,61,44,21,17,0.8073394495412844,0.7213114754098361,132
2023-05-14,1009,144,59,99,39,85,60,0.4097222222222222,0.3939393939393939,98
2023-05-15,1009,135,77,65,31,58,34,0.5703703703703704,0.47692307692307695,108
2023-05-16,1009,102,77,96,29,25,67,0.7549019607843137,0.3020833333333333,106
2023-05-17,1009,112,72,60,47,40,13,0.6428571428571429,0.7833333333333333,119
2023-05-18,1009,114,92,64,44,22,20,0.8070175438596491,0.6875,136
2023-05-19,1009,133,81,98,43,52,55,0.6090225563909775,0.4387755102040816,124
2023-05-20,1009,113,75,85,27,38,58,0.6637168141592921,0.3176470588235294,102
2023-05-21,1009,143,88,55,41,55,14,0.6153846153846154,0.7454545454545455,129
2023-05-22,1009,132,88,61,51,44,10,0.6666666666666666,0.8360655737704918,139
2023-05-23,1009,141,75,53,44,66,9,0.5319148936170213,0.8301886792452831,119
2023-05-24,1009,148,84,100,38,64,62,0.5675675675675675,0.38,122
2023-05-25,1009,113,85,90,38,28,52,0.7522123893805309,0.4222222222222222,123
2023-05-26,1009,105,78,99,30,27,69,0.7428571428571429,0.30303030303030304,108
2023-05-27,1009,111,75,86,28,36,58,0.6756756756756757,0.32558139534883723,103
2023-05-28,1009,102,79,100,38,23,62,0.7745098039215687,0.38,117
2023-05-29,1009,112,71,58,46,41,12,0.6339285714285714,0.7931034482758621,117
2023-05-30,1009,125,73,74,40,52,34,0.584,0.5405405405405406,113
2023-05-31,1009,126,91,90,42,35,48,0.7222222222222222,0.4666666666666667,133
2023-06-01,1009,142,93,51,41,49,10,0.6549295774647887,0.803921568627451,134
2023-06-02,1009,109,86,81,47,23,34,0.7889908256880734,0.5802469135802469,133
2023-06-03,1009,111,84,68,37,27,31,0.7567567567567568,0.5441176470588235,121
2023-06-04,1009,121,69,97,41,52,56,0.5702479338842975,0.422680412371134,110
2023-06-05,1009,102,88,77,48,14,29,0.8627450980392157,0.6233766233766234,136
2023-06-06,1009,112,62,54,52,50,2,0.5535714285714286,0.9629629629629629,114
2023-06-07,1009,119,77,82,39,42,43,0.6470588235294118,0.47560975609756095,116
2023-06-08,1009,112,73,68,32,39,36,0.6517857142857143,0.47058823529411764,105
2023-06-09,1009,115,77,89,46,38,43,0.6695652173913044,0.5168539325842697,123
2023-06-10,1009,147,75,79,39,72,40,0.5102040816326531,0.4936708860759494,114
2023-06-11,1009,143,83,50,33,60,17,0.5804195804195804,0.66,116
2023-06-12,1009,115,94,100,38,21,62,0.8173913043478261,0.38,132
2023-06-13,1009,149,76,96,53,73,43,0.5100671140939598,0.5520833333333334,129
2023-06-14,1009,148,72,75,37,76,38,0.4864864864864865,0.49333333333333335,109
2023-06-15,1009,109,70,75,42,39,33,0.6422018348623854,0.56,112
2023-06-16,1009,124,75,92,40,49,52,0.6048387096774194,0.43478260869565216,115
2023-06-17,1009,100,87,77,39,13,38,0.87,0.5064935064935064,126
2023-06-18,1009,117,97,99,29,20,70,0.8290598290598291,0.29292929292929293,126
2023-06-19,1009,106,69,76,36,37,40,0.6509433962264151,0.47368421052631576,105
2023-06-20,1009,138,93,82,33,45,49,0.6739130434782609,0.4024390243902439,126
2023-06-21,1009,134,78,96,54,56,42,0.582089552238806,0.5625,132
2023-06-22,1009,117,84,75,30,33,45,0.717948717948718,0.4,114
2023-06-23,1009,115,80,62,34,35,28,0.6956521739130435,0.5483870967741935,114
2023-06-24,1009,113,72,55,35,41,20,0.6371681415929203,0.6363636363636364,107
2023-06-25,1009,150,70,97,39,80,58,0.4666666666666667,0.4020618556701031,109
2023-06-26,1009,104,87,81,43,17,38,0.8365384615384616,0.5308641975308642,130
2023-06-27,1009,106,70,52,47,36,5,0.660377358490566,0.9038461538461539,117
2023-06-28,1009,150,80,89,41,70,48,0.5333333333333333,0.4606741573033708,121
2023-06-29,1009,132,67,76,34,65,42,0.5075757575757576,0.4473684210526316,101
2023-06-30,1009,120,83,51,33,37,18,0.6916666666666667,0.6470588235294118,116
2023-07-01,1009,119,87,60,43,32,17,0.7310924369747899,0.7166666666666667,130
2023-07-02,1009,125,90,50,41,35,9,0.72,0.82,131
2023-07-03,1009,128,73,82,34,55,48,0.5703125,0.4146341463414634,107
2023-07-04,1009,113,77,68,37,36,31,0.6814159292035398,0.5441176470588235,114
2023-07-05,1009,120,78,89,36,42,53,0.65,0.4044943820224719,114
2023-07-06,1009,134,68,89,40,66,49,0.5074626865671642,0.449438202247191,108
2023-07-07,1009,130,79,55,35,51,20,0.6076923076923076,0.6363636363636364,114
2023-07-08,1009,110,91,90,35,19,55,0.8272727272727273,0.3888888888888889,126
2023-07-09,1009,117,78,77,34,39,43,0.6666666666666666,0.44155844155844154,112
2023-07-10,1009,111,74,88,28,37,60,0.6666666666666666,0.3181818181818182,102
2023-07-11,1009,116,85,63,47,31,16,0.7327586206896551,0.746031746031746,132
2023-07-12,1009,113,75,97,42,38,55,0.6637168141592921,0.4329896907216495,117
2023-07-13,1009,123,102,94,35,21,59,0.8292682926829268,0.3723404255319149,137
2023-07-14,1009,121,77,97,47,44,50,0.6363636363636364,0.4845360824742268,124
2023-07-15,1009,125,78,91,38,47,53,0.624,0.4175824175824176,116
2023-07-16,1009,135,81,96,29,54,67,0.6,0.3020833333333333,110
2023-07-17,1009,146,76,95,28,70,67,0.5205479452054794,0.29473684210526313,104
2023-07-18,1009,106,96,56,37,10,19,0.9056603773584906,0.6607142857142857,133
2023-07-19,1009,124,61,81,40,63,41,0.49193548387096775,0.49382716049382713,101
2023-07-20,1009,134,90,63,40,44,23,0.6716417910447762,0.6349206349206349,130
2023-07-21,1009,121,86,58,55,35,3,0.7107438016528925,0.9482758620689655,141
2023-07-22,1009,110,76,61,45,34,16,0.6909090909090909,0.7377049180327869,121
2023-07-23,1009,107,95,81,45,12,36,0.8878504672897196,0.5555555555555556,140
2023-07-24,1009,149,71,100,47,78,53,0.47651006711409394,0.47,118
2023-07-25,1009,131,82,81,49,49,32,0.6259541984732825,0.6049382716049383,131
2023-07-26,1009,123,63,55,36,60,19,0.5121951219512195,0.6545454545454545,99
2023-07-27,1009,130,65,64,38,65,26,0.5,0.59375,103
2023-07-28,1009,102,71,79,38,31,41,0.696078431372549,0.4810126582278481,109
2023-07-29,1009,106,88,67,47,18,20,0.8301886792452831,0.7014925373134329,135
2023-07-30,1009,132,78,65,37,54,28,0.5909090909090909,0.5692307692307692,115
2023-07-31,1009,137,63,67,39,74,28,0.45985401459854014,0.582089552238806,102
2023-08-01,1009,136,86,78,43,50,35,0.6323529411764706,0.5512820512820513,129
2023-08-02,1009,138,84,90,28,54,62,0.6086956521739131,0.3111111111111111,112
2023-08-03,1009,121,72,98,41,49,57,0.5950413223140496,0.41836734693877553,113
2023-08-04,1009,109,73,84,38,36,46,0.6697247706422018,0.4523809523809524,111
2023-08-05,1009,150,79,93,34,71,59,0.5266666666666666,0.3655913978494624,113
2023-08-06,1009,105,85,90,31,20,59,0.8095238095238095,0.34444444444444444,116
2023-08-07,1009,103,75,99,36,28,63,0.7281553398058253,0.36363636363636365,111
2023-08-08,1009,103,60,76,34,43,42,0.5825242718446602,0.4473684210526316,94
2023-08-09,1009,109,82,58,40,27,18,0.7522935779816514,0.6896551724137931,122
2023-08-10,1009,100,85,57,41,15,16,0.85,0.7192982456140351,126
2023-08-11,1009,133,89,66,42,44,24,0.6691729323308271,0.6363636363636364,131
2023-08-12,1009,141,86,95,46,55,49,0.6099290780141844,0.4842105263157895,132
2023-08-13,1009,120,70,90,49,50,41,0.5833333333333334,0.5444444444444444,119
2023-08-14,1009,130,65,90,34,65,56,0.5,0.37777777777777777,99
2023-08-15,1009,137,76,95,42,61,53,0.5547445255474452,0.4421052631578947,118
2023-08-16,1009,105,71,61,42,34,19,0.6761904761904762,0.6885245901639344,113
2023-08-17,1009,110,65,72,38,45,34,0.5909090909090909,0.5277777777777778,103
2023-08-18,1009,124,95,70,28,29,42,0.7661290322580645,0.4,123
2023-08-19,1009,139,80,88,41,59,47,0.5755395683453237,0.4659090909090909,121
2023-08-20,1009,103,87,74,39,16,35,0.8446601941747572,0.527027027027027,126
2023-08-21,1009,147,86,54,41,61,13,0.5850340136054422,0.7592592592592593,127
2023-08-22,1009,117,78,59,37,39,22,0.6666666666666666,0.6271186440677966,115
2023-08-23,1009,148,86,65,38,62,27,0.581081081081081,0.5846153846153846,124
2023-08-24,1009,114,90,98,50,24,48,0.7894736842105263,0.5102040816326531,140
2023-08-25,1009,118,78,96,46,40,50,0.6610169491525424,0.4791666666666667,124
2023-08-26,1009,121,95,90,29,26,61,0.7851239669421488,0.32222222222222224,124
2023-08-27,1009,103,87,69,46,16,23,0.8446601941747572,0.6666666666666666,133
2023-08-28,1009,144,78,58,42,66,16,0.5416666666666666,0.7241379310344828,120
2023-08-29,1009,129,83,72,47,46,25,0.6434108527131783,0.6527777777777778,130
2023-08-30,1009,100,74,84,45,26,39,0.74,0.5357142857142857,119
2023-08-31,1009,149,79,88,44,70,44,0.5302013422818792,0.5,123
2023-09-01,1009,100,86,83,39,14,44,0.86,0.46987951807228917,125
2023-09-02,1009,135,96,84,33,39,51,0.7111111111111111,0.39285714285714285,129
2023-09-03,1009,147,70,92,37,77,55,0.47619047619047616,0.40217391304347827,107
2023-09-04,1009,110,92,63,36,18,27,0.8363636363636363,0.5714285714285714,128
2023-09-05,1009,141,66,77,44,75,33,0.46808510638297873,0.5714285714285714,110
2023-09-06,1009,138,87,70,40,51,30,0.6304347826086957,0.5714285714285714,127
2023-09-07,1009,146,83,98,41,63,57,0.5684931506849316,0.41836734693877553,124
2023-09-08,1009,104,96,95,38,8,57,0.9230769230769231,0.4,134
2023-09-09,1009,134,78,80,36,56,44,0.582089552238806,0.45,114
2023-09-10,1009,138,75,74,48,63,26,0.5434782608695652,0.6486486486486487,123
2023-09-11,1009,116,73,60,32,43,28,0.6293103448275862,0.5333333333333333,105
2023-09-12,1009,137,92,63,40,45,23,0.6715328467153284,0.6349206349206349,132
2023-09-13,1009,105,87,97,45,18,52,0.8285714285714286,0.4639175257731959,132
2023-09-14,1009,128,93,71,38,35,33,0.7265625,0.5352112676056338,131
2023-09-15,1009,107,89,62,48,18,14,0.8317757009345794,0.7741935483870968,137
2023-09-16,1009,104,86,84,43,18,41,0.8269230769230769,0.5119047619047619,129
2023-09-17,1009,139,75,75,46,64,29,0.539568345323741,0.6133333333333333,121
2023-09-18,1009,123,84,79,43,39,36,0.6829268292682927,0.5443037974683544,127
2023-09-19,1009,149,85,92,40,64,52,0.5704697986577181,0.43478260869565216,125
2023-09-20,1009,113,82,88,45,31,43,0.7256637168141593,0.5113636363636364,127
2023-09-21,1009,126,91,95,29,35,66,0.7222222222222222,0.30526315789473685,120
2023-09-22,1009,115,82,92,39,33,53,0.7130434782608696,0.42391304347826086,121
2023-09-23,1009,133,78,69,38,55,31,0.5864661654135338,0.5507246376811594,116
2023-09-24,1009,128,73,86,44,55,42,0.5703125,0.5116279069767442,117
2023-09-25,1009,130,93,68,32,37,36,0.7153846153846154,0.47058823529411764,125
2023-09-26,1009,144,77,91,34,67,57,0.5347222222222222,0.37362637362637363,111
2023-09-27,1009,149,97,81,40,52,41,0.6510067114093959,0.49382716049382713,137
2023-09-28,1009,145,73,83,40,72,43,0.503448275862069,0.4819277108433735,113
2023-09-29,1009,136,74,68,42,62,26,0.5441176470588235,0.6176470588235294,116
2023-09-30,1009,136,93,57,29,43,28,0.6838235294117647,0.5087719298245614,122
2023-10-01,1009,100,75,60,37,25,23,0.75,0.6166666666666667,112
2023-10-02,1009,122,81,64,43,41,21,0.6639344262295082,0.671875,124
2023-10-03,1009,136,80,85,36,56,49,0.5882352941176471,0.4235294117647059,116
2023-10-04,1009,145,72,84,41,73,43,0.496551724137931,0.4880952380952381,113
2023-10-05,1009,123,88,56,37,35,19,0.7154471544715447,0.6607142857142857,125
2023-10-06,1009,148,75,54,42,73,12,0.5067567567567568,0.7777777777777778,117
2023-10-07,1009,143,84,52,41,59,11,0.5874125874125874,0.7884615384615384,125
2023-10-08,1009,112,66,61,42,46,19,0.5892857142857143,0.6885245901639344,108
2023-10-09,1009,133,80,72,34,53,38,0.6015037593984962,0.4722222222222222,114
2023-10-10,1009,105,90,94,47,15,47,0.8571428571428571,0.5,137
2023-10-11,1009,138,88,53,42,50,11,0.6376811594202898,0.7924528301886793,130
2023-10-12,1009,141,71,97,45,70,52,0.5035460992907801,0.4639175257731959,116
2023-10-13,1009,118,54,66,35,64,31,0.4576271186440678,0.5303030303030303,89
2023-10-14,1009,112,78,78,34,34,44,0.6964285714285714,0.4358974358974359,112
2023-10-15,1009,147,80,75,41,67,34,0.54421768707483,0.5466666666666666,121
2023-10-16,1009,125,92,70,37,33,33,0.736,0.5285714285714286,129
2023-10-17,1009,139,81,70,44,58,26,0.5827338129496403,0.6285714285714286,125
2023-10-18,1009,110,95,75,36,15,39,0.8636363636363636,0.48,131
2023-10-19,1009,107,82,79,41,25,38,0.7663551401869159,0.5189873417721519,123
2023-10-20,1009,123,79,64,47,44,17,0.6422764227642277,0.734375,126
2023-10-21,1009,121,86,86,42,35,44,0.7107438016528925,0.4883720930232558,128
2023-10-22,1009,125,86,69,54,39,15,0.688,0.782608695652174,140
2023-10-23,1009,117,85,97,32,32,65,0.7264957264957265,0.32989690721649484,117
2023-10-24,1009,105,92,65,36,13,29,0.8761904761904762,0.5538461538461539,128
2023-10-25,1009,109,86,52,32,23,20,0.7889908256880734,0.6153846153846154,118
2023-10-26,1009,148,76,53,40,72,13,0.5135135135135135,0.7547169811320755,116
2023-10-27,1009,114,64,63,49,50,14,0.5614035087719298,0.7777777777777778,113
2023-10-28,1009,101,76,78,27,25,51,0.7524752475247525,0.34615384615384615,103
2023-10-29,1009,103,86,50,40,17,10,0.8349514563106796,0.8,126
2023-10-30,1009,118,86,59,43,32,16,0.7288135593220338,0.7288135593220338,129
2023-10-31,1009,112,85,57,36,27,21,0.7589285714285714,0.631578947368421,121
2023-11-01,1009,108,72,98,46,36,52,0.6666666666666666,0.46938775510204084,118
2023-11-02,1009,129,82,65,28,47,37,0.6356589147286822,0.4307692307692308,110
2023-11-03,1009,110,72,50,42,38,8,0.6545454545454545,0.84,114
2023-11-04,1009,139,99,69,34,40,35,0.7122302158273381,0.4927536231884058,133
2023-11-05,1009,147,89,93,37,58,56,0.6054421768707483,0.3978494623655914,126
2023-11-06,1009,127,82,74,46,45,28,0.6456692913385826,0.6216216216216216,128
2023-11-07,1009,114,65,88,35,49,53,0.5701754385964912,0.3977272727272727,100
2023-11-08,1009,140,72,88,47,68,41,0.5142857142857142,0.5340909090909091,119
2023-11-09,1009,109,74,97,40,35,57,0.6788990825688074,0.41237113402061853,114
2023-11-10,1009,100,81,80,41,19,39,0.81,0.5125,122
2023-11-11,1009,102,74,94,33,28,61,0.7254901960784313,0.35106382978723405,107
2023-11-12,1009,109,81,86,36,28,50,0.7431192660550459,0.4186046511627907,117
2023-11-13,1009,133,80,71,31,53,40,0.6015037593984962,0.43661971830985913,111
2023-11-14,1009,101,75,64,35,26,29,0.7425742574257426,0.546875,110
2023-11-15,1009,136,75,73,42,61,31,0.5514705882352942,0.5753424657534246,117
2023-11-16,1009,148,99,62,50,49,12,0.668918918918919,0.8064516129032258,149
2023-11-17,1009,143,68,79,42,75,37,0.4755244755244755,0.5316455696202531,110
2023-11-18,1009,104,68,98,40,36,58,0.6538461538461539,0.40816326530612246,108
2023-11-19,1009,125,74,79,43,51,36,0.592,0.5443037974683544,117
2023-11-20,1009,112,75,94,34,37,60,0.6696428571428571,0.3617021276595745,109
2023-11-21,1009,129,91,63,44,38,19,0.7054263565891473,0.6984126984126984,135
2023-11-22,1009,111,96,92,31,15,61,0.8648648648648649,0.33695652173913043,127
2023-11-23,1009,114,99,94,43,15,51,0.868421052631579,0.4574468085106383,142
2023-11-24,1009,127,84,98,49,43,49,0.6614173228346457,0.5,133
2023-11-25,1009,105,74,84,47,31,37,0.7047619047619048,0.5595238095238095,121
2023-11-26,1009,122,79,56,43,43,13,0.6475409836065574,0.7678571428571429,122
2023-11-27,1009,100,79,72,43,21,29,0.79,0.5972222222222222,122
2023-11-28,1009,100,63,57,44,37,13,0.63,0.7719298245614035,107
2023-11-29,1009,121,78,64,46,43,18,0.6446280991735537,0.71875,124
2023-11-30,1009,102,72,75,32,30,43,0.7058823529411765,0.4266666666666667,104
2023-12-01,1009,113,67,85,35,46,50,0.5929203539823009,0.4117647058823529,102
2023-12-02,1009,128,93,99,48,35,51,0.7265625,0.48484848484848486,141
2023-12-03,1009,126,73,88,60,53,28,0.5793650793650794,0.6818181818181818,133
2023-12-04,1009,108,90,62,38,18,24,0.8333333333333334,0.6129032258064516,128
2023-12-05,1009,128,80,100,49,48,51,0.625,0.49,129
2023-12-06,1009,121,73,65,42,48,23,0.6033057851239669,0.6461538461538462,115
2023-12-07,1009,104,78,85,50,26,35,0.75,0.5882352941176471,128
2023-12-08,1009,118,95,77,47,23,30,0.8050847457627118,0.6103896103896104,142
2023-12-09,1009,148,104,56,40,44,16,0.7027027027027027,0.7142857142857143,144
2023-12-10,1009,140,78,85,39,62,46,0.5571428571428572,0.4588235294117647,117
2023-12-11,1009,114,84,98,32,30,66,0.7368421052631579,0.32653061224489793,116
2023-12-12,1009,126,85,50,31,41,19,0.6746031746031746,0.62,116
2023-12-13,1009,126,88,77,54,38,23,0.6984126984126984,0.7012987012987013,142
2023-12-14,1009,144,87,99,35,57,64,0.6041666666666666,0.35353535353535354,122
2023-12-15,1009,115,78,57,35,37,22,0.6782608695652174,0.6140350877192983,113
2023-12-16,1009,146,106,60,46,40,14,0.726027397260274,0.7666666666666667,152
2023-12-17,1009,122,88,80,41,34,39,0.7213114754098361,0.5125,129
2023-12-18,1009,104,81,52,45,23,7,0.7788461538461539,0.8653846153846154,126
2023-12-19,1009,132,80,59,39,52,20,0.6060606060606061,0.6610169491525424,119
2023-12-20,1009,147,78,69,46,69,23,0.5306122448979592,0.6666666666666666,124
2023-12-21,1009,129,73,81,38,56,43,0.5658914728682171,0.4691358024691358,111
2023-12-22,1009,132,71,70,53,61,17,0.5378787878787878,0.7571428571428571,124
2023-12-23,1009,118,78,66,43,40,23,0.6610169491525424,0.6515151515151515,121
2023-12-24,1009,112,82,91,34,30,57,0.7321428571428571,0.37362637362637363,116
2023-12-25,1009,122,90,78,37,32,41,0.7377049180327869,0.47435897435897434,127
2023-12-26,1009,124,78,54,34,46,20,0.6290322580645161,0.6296296296296297,112
2023-12-27,1009,112,75,83,42,37,41,0.6696428571428571,0.5060240963855421,117
2023-12-28,1009,133,75,69,46,58,23,0.5639097744360902,0.6666666666666666,121
2023-12-29,1009,123,68,66,49,55,17,0.5528455284552846,0.7424242424242424,117
2023-12-30,1009,105,95,80,41,10,39,0.9047619047619048,0.5125,136
2023-12-31,1009,117,59,92,33,58,59,0.5042735042735043,0.358695652173913,92
2023-01-01,1010,112,84,79,32,28,47,0.75,0.4050632911392405,116
2023-01-02,1010,121,78,61,34,43,27,0.6446280991735537,0.5573770491803278,112
2023-01-03,1010,143,82,72,50,61,22,0.5734265734265734,0.6944444444444444,132
2023-01-04,1010,148,72,80,42,76,38,0.4864864864864865,0.525,114
2023-01-05,1010,137,76,61,33,61,28,0.5547445255474452,0.5409836065573771,109
2023-01-06,1010,135,93,86,48,42,38,0.6888888888888889,0.5581395348837209,141
2023-01-07,1010,121,85,55,55,36,0,0.7024793388429752,1,140
2023-01-08,1010,108,91,87,44,17,43,0.8425925925925926,0.5057471264367817,135
2023-01-09,1010,141,70,56,46,71,10,0.49645390070921985,0.8214285714285714,116
2023-01-10,1010,137,57,52,40,80,12,0.41605839416058393,0.7692307692307693,97
2023-01-11,1010,122,74,83,43,48,40,0.6065573770491803,0.5180722891566265,117
2023-01-12,1010,114,100,55,39,14,16,0.8771929824561403,0.7090909090909091,139
2023-01-13,1010,136,84,88,32,52,56,0.6176470588235294,0.36363636363636365,116
2023-01-14,1010,105,89,78,36,16,42,0.8476190476190476,0.46153846153846156,125
2023-01-15,1010,139,91,100,43,48,57,0.6546762589928058,0.43,134
2023-01-16,1010,112,83,90,42,29,48,0.7410714285714286,0.4666666666666667,125
2023-01-17,1010,129,85,91,49,44,42,0.6589147286821705,0.5384615384615384,134
2023-01-18,1010,117,68,83,40,49,43,0.5811965811965812,0.4819277108433735,108
2023-01-19,1010,103,74,68,47,29,21,0.7184466019417476,0.6911764705882353,121
2023-01-20,1010,114,88,63,38,26,25,0.7719298245614035,0.6031746031746031,126
2023-01-21,1010,110,76,54,47,34,7,0.6909090909090909,0.8703703703703703,123
2023-01-22,1010,137,90,58,45,47,13,0.656934306569343,0.7758620689655172,135
2023-01-23,1010,134,95,70,31,39,39,0.7089552238805971,0.44285714285714284,126
2023-01-24,1010,135,70,65,38,65,27,0.5185185185185185,0.5846153846153846,108
2023-01-25,1010,120,66,65,29,54,36,0.55,0.4461538461538462,95
2023-01-26,1010,150,85,88,44,65,44,0.5666666666666667,0.5,129
2023-01-27,1010,129,91,52,36,38,16,0.7054263565891473,0.6923076923076923,127
2023-01-28,1010,147,83,73,44,64,29,0.564625850340136,0.6027397260273972,127
2023-01-29,1010,117,79,52,43,38,9,0.6752136752136753,0.8269230769230769,122
2023-01-30,1010,115,59,65,45,56,20,0.5130434782608696,0.6923076923076923,104
2023-01-31,1010,123,72,87,39,51,48,0.5853658536585366,0.4482758620689655,111
2023-02-01,1010,108,60,56,32,48,24,0.5555555555555556,0.5714285714285714,92
2023-02-02,1010,112,85,69,38,27,31,0.7589285714285714,0.5507246376811594,123
2023-02-03,1010,112,81,55,33,31,22,0.7232142857142857,0.6,114
2023-02-04,1010,113,73,99,43,40,56,0.6460176991150443,0.43434343434343436,116
2023-02-05,1010,129,69,62,37,60,25,0.5348837209302325,0.5967741935483871,106
2023-02-06,1010,105,79,85,35,26,50,0.7523809523809524,0.4117647058823529,114
2023-02-07,1010,133,82,69,37,51,32,0.6165413533834586,0.5362318840579711,119
2023-02-08,1010,116,79,51,33,37,18,0.6810344827586207,0.6470588235294118,112
2023-02-09,1010,150,84,61,50,66,11,0.56,0.819672131147541,134
2023-02-10,1010,149,86,58,37,63,21,0.5771812080536913,0.6379310344827587,123
2023-02-11,1010,131,100,50,37,31,13,0.7633587786259542,0.74,137
2023-02-12,1010,127,79,86,42,48,44,0.6220472440944882,0.4883720930232558,121
2023-02-13,1010,115,92,81,33,23,48,0.8,0.4074074074074074,125
2023-02-14,1010,109,74,56,35,35,21,0.6788990825688074,0.625,109
2023-02-15,1010,134,80,53,38,54,15,0.5970149253731343,0.71698113207547165,118
2023-02-16,1010,113,60,57,45,53,12,0.5309734513274337,0.7894736842105263,105
2023-02-17,1010,111,80,93,31,31,62,0.7207207207207207,0.3333333333333333,111
2023-02-18,1010,134,72,60,31,62,29,0.5373134328358209,0.5166666666666667,103
2023-02-19,1010,136,84,88,35,52,53,0.6176470588235294,0.3977272727272727,119
2023-02-20,1010,123,79,67,41,44,26,0.6422764227642277,0.6119402985074627,120
2023-02-21,1010,112,71,84,41,41,43,0.6339285714285714,0.4880952380952381,112
2023-02-22,1010,126,90,74,40,36,34,0.7142857142857143,0.5405405405405406,130
2023-02-23,1010,101,87,65,35,14,30,0.8613861386138614,0.5384615384615384,122
2023-02-24,1010,148,84,85,49,64,36,0.5675675675675675,0.5764705882352941,133
2023-02-25,1010,122,77,85,55,45,30,0.6311475409836066,0.6470588235294118,132
2023-02-26,1010,144,72,50,36,72,14,0.5,0.72,108
2023-02-27,1010,140,88,88,44,52,44,0.6285714285714286,0.5,132
2023-02-28,1010,128,70,74,40,58,34,0.546875,0.5405405405405406,110
2023-03-01,1010,147,96,65,41,51,24,0.6530612244897959,0.6307692307692307,137
2023-03-02,1010,121,78,74,40,43,34,0.6446280991735537,0.5405405405405406,118
2023-03-03,1010,144,86,54,46,58,8,0.5972222222222222,0.8518518518518519,132
2023-03-04,1010,137,95,58,45,42,13,0.6934306569343066,0.7758620689655172,140
2023-03-05,1010,138,90,62,41,48,21,0.6521739130434783,0.6612903225806451,131
2023-03-06,1010,135,76,53,46,59,7,0.562962962962963,0.8679245283018868,122
2023-03-07,1010,124,77,64,34,47,30,0.6209677419354839,0.53125,111
2023-03-08,1010,112,93,86,46,19,40,0.8303571428571429,0.5348837209302325,139
2023-03-09,1010,119,70,79,34,49,45,0.5882352941176471,0.43037974683544306,104
2023-03-10,1010,124,83,65,34,41,31,0.6693548387096774,0.5230769230769231,117
2023-03-11,1010,104,94,78,44,10,34,0.9038461538461539,0.5641025641025641,138
2023-03-12,1010,109,83,60,46,26,14,0.7614678899082569,0.7666666666666667,129
2023-03-13,1010,150,86,68,46,64,22,0.5733333333333334,0.6764705882352942,132
2023-03-14,1010,146,82,66,37,64,29,0.5616438356164384,0.5606060606060606,119
2023-03-15,1010,127,71,66,39,56,27,0.5590551181102362,0.5909090909090909,110
2023-03-16,1010,148,82,86,39,66,47,0.5540540540540541,0.45348837209302323,121
2023-03-17,1010,149,78,90,33,71,57,0.5234899328859061,0.36666666666666664,111
2023-03-18,1010,121,80,71,38,41,33,0.6611570247933884,0.5352112676056338,118
2023-03-19,1010,111,95,78,39,16,39,0.8558558558558559,0.5,134
2023-03-20,1010,143,89,91,29,54,62,0.6223776223776224,0.31868131868131866,118
2023-03-21,1010,122,78,72,44,44,28,0.639344262295082,0.6111111111111112,122
2023-03-22,1010,130,62,85,46,68,39,0.47692307692307695,0.5411764705882353,108
2023-03-23,1010,107,82,92,37,25,55,0.7663551401869159,0.40217391304347827,119
2023-03-24,1010,116,66,73,50,50,23,0.5689655172413793,0.684931506849315,116
2023-03-25,1010,120,80,70,33,40,37,0.6666666666666666,0.4714285714285714,113
2023-03-26,1010,112,83,91,43,29,48,0.7410714285714286,0.4725274725274725,126
2023-03-27,1010,137,90,59,47,47,12,0.656934306569343,0.7966101694915254,137
2023-03-28,1010,110,81,83,44,29,39,0.7363636363636363,0.5301204819277109,125
2023-03-29,1010,137,87,63,34,50,29,0.635036496350365,0.5396825396825397,121
2023-03-30,1010,139,70,53,43,69,10,0.5035971223021583,0.8113207547169812,113
2023-03-31,1010,131,82,61,36,49,25,0.6259541984732825,0.5901639344262295,118
2023-04-01,1010,137,77,79,33,60,46,0.5620437956204379,0.4177215189873418,110
2023-04-02,1010,119,73,97,46,46,51,0.6134453781512605,0.4742268041237113,119
2023-04-03,1010,101,82,99,34,19,65,0.8118811881188119,0.3434343434343434,116
2023-04-04,1010,148,73,55,41,75,14,0.49324324324324326,0.7454545454545455,114
2023-04-05,1010,137,83,51,19,54,32,0.6058394160583942,0.37254901960784315,102
2023-04-06,1010,118,92,52,43,26,9,0.7796610169491526,0.8269230769230769,135
2023-04-07,1010,120,100,68,40,20,28,0.8333333333333334,0.5882352941176471,140
2023-04-08,1010,116,83,81,42,33,39,0.7155172413793104,0.5185185185185185,125
2023-04-09,1010,137,97,75,29,40,46,0.708029197080292,0.38666666666666666,126
2023-04-10,1010,143,72,92,46,71,46,0.5034965034965035,0.5,118
2023-04-11,1010,121,74,85,42,47,43,0.6115702479338843,0.49411764705882355,116
2023-04-12,1010,141,88,53,37,53,16,0.624113475177305,0.6981132075471698,125
2023-04-13,1010,134,67,94,49,67,45,0.5,0.5212765957446809,116
2023-04-14,1010,137,85,96,47,52,49,0.6204379562043796,0.4895833333333333,132
2023-04-15,1010,141,76,79,40,65,39,0.5390070921985816,0.5063291139240507,116
2023-04-16,1010,146,70,97,49,76,48,0.4794520547945205,0.5051546391752577,119
2023-04-17,1010,126,96,94,49,30,45,0.7619047619047619,0.5212765957446809,145
2023-04-18,1010,120,88,55,33,32,22,0.7333333333333333,0.6,121
2023-04-19,1010,150,71,58,26,79,32,0.47333333333333333,0.4482758620689655,97
2023-04-20,1010,141,74,95,39,67,56,0.524822695035461,0.4105263157894737,113
2023-04-21,1010,127,78,65,31,49,34,0.6141732283464567,0.47692307692307695,109
2023-04-22,1010,123,79,65,34,44,31,0.6422764227642277,0.5230769230769231,113
2023-04-23,1010,104,87,85,29,17,56,0.8365384615384616,0.3411764705882353,116
2023-04-24,1010,115,82,75,46,33,29,0.7130434782608696,0.6133333333333333,128
2023-04-25,1010,118,94,68,43,24,25,0.7966101694915254,0.6323529411764706,137
2023-04-26,1010,137,73,98,55,64,43,0.5328467153284672,0.5612244897959183,128
2023-04-27,1010,118,70,81,38,48,43,0.5932203389830508,0.4691358024691358,108
2023-04-28,1010,109,55,79,37,54,42,0.5045871559633027,0.46835443037974683,92
2023-04-29,1010,125,79,93,32,46,61,0.632,0.34408602150537637,111
2023-04-30,1010,110,80,50,40,30,10,0.7272727272727273,0.8,120
2023-05-01,1010,148,77,84,36,71,48,0.5202702702702703,0.42857142857142855,113
2023-05-02,1010,142,61,59,29,81,30,0.4295774647887324,0.4915254237288136,90
2023-05-03,1010,142,73,55,37,69,18,0.5140845070422535,0.6727272727272727,110
2023-05-04,1010,118,78,88,44,40,44,0.6610169491525424,0.5,122
2023-05-05,1010,148,62,75,41,86,34,0.4189189189189189,0.5466666666666666,103
2023-05-06,1010,110,80,60,33,30,27,0.7272727272727273,0.55,113
2023-05-07,1010,110,76,80,42,34,38,0.6909090909090909,0.525,118
2023-05-08,1010,118,89,67,39,29,28,0.7542372881355932,0.582089552238806,128
2023-05-09,1010,107,79,88,41,28,47,0.7383177570093458,0.4659090909090909,120
2023-05-10,1010,127,84,74,41,43,33,0.6614173228346457,0.5540540540540541,125
2023-05-11,1010,133,75,71,34,58,37,0.5639097744360902,0.4788732394366197,109
2023-05-12,1010,112,59,54,43,53,11,0.5267857142857143,0.7962962962962963,102
2023-05-13,1010,127,73,50,43,54,7,0.5748031496062992,0.86,116
2023-05-14,1010,123,81,52,52,42,0,0.6585365853658537,1,133
2023-05-15,1010,100,81,92,40,19,52,0.81,0.43478260869565216,121
2023-05-16,1010,148,94,92,34,54,58,0.6351351351351351,0.3695652173913043,128
2023-05-17,1010,150,91,80,42,59,38,0.6066666666666667,0.525,133
2023-05-18,1010,133,72,90,42,61,48,0.5413533834586466,0.4666666666666667,114
2023-05-19,1010,105,62,57,46,43,11,0.5904761904761905,0.8070175438596491,108
2023-05-20,1010,132,78,100,32,54,68,0.5909090909090909,0.32,110
2023-05-21,1010,120,75,85,39,45,46,0.625,0.4588235294117647,114
2023-05-22,1010,142,84,86,31,58,55,0.5915492957746479,0.36046511627906974,115
2023-05-23,1010,123,76,54,45,47,9,0.6178861788617886,0.8333333333333334,121
2023-05-24,1010,139,95,60,32,44,28,0.6834532374100719,0.5333333333333333,127
2023-05-25,1010,147,66,65,46,81,19,0.4489795918367347,0.7076923076923077,112
2023-05-26,1010,127,95,83,48,32,35,0.7480314960629921,0.5783132530120482,143
2023-05-27,1010,114,85,98,43,29,55,0.7456140350877193,0.4387755102040816,128
2023-05-28,1010,145,78,54,45,67,9,0.5379310344827586,0.8333333333333334,123
2023-05-29,1010,127,79,71,33,48,38,0.6220472440944882,0.4647887323943662,112
2023-05-30,1010,136,72,72,42,64,30,0.5294117647058824,0.5833333333333334,114
2023-05-31,1010,113,64,82,35,49,47,0.5663716814159292,0.4268292682926829,99
2023-06-01,1010,128,93,98,40,35,58,0.7265625,0.40816326530612246,133
2023-06-02,1010,106,81,56,36,25,20,0.7641509433962265,0.6428571428571429,117
2023-06-03,1010,103,71,96,41,32,55,0.6893203883495146,0.4270833333333333,112
2023-06-04,1010,108,70,92,37,38,55,0.6481481481481481,0.40217391304347827,107
2023-06-05,1010,124,85,78,46,39,32,0.6854838709677419,0.5897435897435898,131
2023-06-06,1010,107,64,82,50,43,32,0.5981308411214953,0.6097560975609756,114
2023-06-07,1010,135,83,76,36,52,40,0.6148148148148148,0.47368421052631576,119
2023-06-08,1010,138,72,57,36,66,21,0.5217391304347826,0.631578947368421,108
2023-06-09,1010,121,65,67,38,56,29,0.5371900826446281,0.5671641791044776,103
2023-06-10,1010,111,88,75,34,23,41,0.7927927927927928,0.4533333333333333,122
2023-06-11,1010,144,70,91,42,74,49,0.4861111111111111,0.46153846153846156,112
2023-06-12,1010,148,86,87,34,62,53,0.581081081081081,0.39080459770114945,120
2023-06-13,1010,138,91,73,39,47,34,0.6594202898550725,0.5342465753424658,130
2023-06-14,1010,143,75,79,46,68,33,0.5244755244755245,0.5822784810126582,121
2023-06-15,1010,115,85,89,36,30,53,0.7391304347826086,0.4044943820224719,121
2023-06-16,1010,149,70,73,48,79,25,0.4697986577181208,0.6575342465753424,118
2023-06-17,1010,137,76,71,53,61,18,0.5547445255474452,0.7464788732394366,129
2023-06-18,1010,149,73,51,37,76,14,0.4899328859060403,0.7254901960784313,110
2023-06-19,1010,124,89,86,47,35,39,0.717741935483871,0.5465116279069767,136
2023-06-20,1010,110,87,62,36,23,26,0.7909090909090909,0.5806451612903226,123
2023-06-21,1010,136,81,94,40,55,54,0.5955882352941176,0.425531914893617,121
2023-06-22,1010,132,82,84,30,50,54,0.6212121212121212,0.35714285714285715,112
2023-06-23,1010,115,56,86,30,59,56,0.48695652173913045,0.3488372093023256,86
2023-06-24,1010,143,69,66,39,74,27,0.4825174825174825,0.5909090909090909,108
2023-06-25,1010,148,83,99,37,65,62,0.5608108108108109,0.37373737373737376,120
2023-06-26,1010,109,79,91,40,30,51,0.7247706422018348,0.43956043956043955,119
2023-06-27,1010,104,86,56,25,18,31,0.8269230769230769,0.44642857142857145,111
2023-06-28,1010,101,58,54,43,43,11,0.5742574257425742,0.7962962962962963,101
2023-06-29,1010,108,83,74,42,25,32,0.7685185185185185,0.5675675675675675,125
2023-06-30,1010,122,86,79,42,36,37,0.7049180327868853,0.5316455696202531,128
2023-07-01,1010,130,95,70,38,35,32,0.7307692307692307,0.5428571428571428,133
2023-07-02,1010,115,60,50,35,55,15,0.5217391304347826,0.7,95
2023-07-03,1010,139,80,66,46,59,20,0.5755395683453237,0.696969696969697,126
2023-07-04,1010,121,60,76,40,61,36,0.49586776859504134,0.5263157894736842,100
2023-07-05,1010,121,86,74,31,35,43,0.7107438016528925,0.4189189189189189,117
2023-07-06,1010,141,78,71,42,63,29,0.5531914893617021,0.5915492957746479,120
2023-07-07,1010,132,87,77,48,45,29,0.6590909090909091,0.6233766233766234,135
2023-07-08,1010,135,71,70,54,64,16,0.5259259259259259,0.7714285714285715,125
2023-07-09,1010,108,83,98,46,25,52,0.7685185185185185,0.46938775510204084,129
2023-07-10,1010,116,68,55,35,48,20,0.5862068965517241,0.6363636363636364,103
2023-07-11,1010,137,69,65,40,68,25,0.5036496350364964,0.6153846153846154,109
2023-07-12,1010,132,82,87,38,50,49,0.6212121212121212,0.4367816091954023,120
2023-07-13,1010,148,88,93,45,60,48,0.5945945945945946,0.4838709677419355,133
2023-07-14,1010,119,82,93,36,37,57,0.6890756302521008,0.3870967741935484,118
2023-07-15,1010,149,66,88,37,83,51,0.4429530201342282,0.42045454545454547,103
2023-07-16,1010,139,71,81,25,68,56,0.5107913669064749,0.30864197530864196,96
2023-07-17,1010,121,68,94,42,53,52,0.5619834710743802,0.44680851063829785,110
2023-07-18,1010,127,80,92,51,47,41,0.6299212598425197,0.5543478260869565,131
2023-07-19,1010,129,66,55,32,63,23,0.5116279069767442,0.5818181818181818,98
2023-07-20,1010,132,69,79,26,63,53,0.5227272727272727,0.3291139240506329,95
2023-07-21,1010,129,75,90,37,54,53,0.5813953488372093,0.4111111111111111,112
2023-07-22,1010,126,78,88,49,48,39,0.6190476190476191,0.5568181818181818,127
2023-07-23,1010,113,84,63,30,29,33,0.7433628318584071,0.47619047619047616,114
2023-07-24,1010,148,82,64,37,66,27,0.5540540540540541,0.578125,119
2023-07-25,1010,101,85,97,44,16,53,0.8415841584158416,0.4536082474226804,129
2023-07-26,1010,113,79,98,40,34,58,0.6991150442477876,0.40816326530612246,119
2023-07-27,1010,108,84,84,37,24,47,0.7777777777777778,0.44047619047619047,121
2023-07-28,1010,105,86,65,40,19,25,0.819047619047619,0.6153846153846154,126
2023-07-29,1010,148,98,94,37,50,57,0.6621621621621622,0.39361702127659576,135
2023-07-30,1010,114,80,72,29,34,43,0.7017543859649122,0.4027777777777778,109
2023-07-31,1010,119,72,89,37,47,52,0.6050420168067226,0.4157303370786517,109
2023-08-01,1010,142,76,68,38,66,30,0.5352112676056338,0.5588235294117647,114
2023-08-02,1010,119,76,69,40,43,29,0.6386554621848739,0.5797101449275363,116
2023-08-03,1010,150,74,50,40,76,10,0.49333333333333335,0.8,114
2023-08-04,1010,127,73,70,31,54,39,0.5748031496062992,0.44285714285714284,104
2023-08-05,1010,102,74,52,40,28,12,0.7254901960784313,0.7692307692307693,114
2023-08-06,1010,149,88,61,39,61,22,0.5906040268456376,0.639344262295082,127
2023-08-07,1010,114,78,52,52,36,0,0.6842105263157895,1,130
2023-08-08,1010,120,87,74,43,33,31,0.725,0.581081081081081,130
2023-08-09,1010,132,83,56,51,49,5,0.6287878787878788,0.9107142857142857,134
2023-08-10,1010,139,88,81,41,51,40,0.6330935251798561,0.5061728395061729,129
2023-08-11,1010,112,78,97,45,34,52,0.6964285714285714,0.4639175257731959,123
2023-08-12,1010,119,78,72,36,41,36,0.6554621848739496,0.5,114
2023-08-13,1010,100,91,76,44,9,32,0.91,0.5789473684210527,135
2023-08-14,1010,116,71,92,44,45,48,0.6120689655172413,0.4782608695652174,115
2023-08-15,1010,114,84,87,50,30,37,0.7368421052631579,0.5747126436781609,134
2023-08-16,1010,107,77,58,34,30,24,0.719626168224299,0.5862068965517241,111
2023-08-17,1010,110,72,93,42,38,51,0.6545454545454545,0.45161290322580644,114
2023-08-18,1010,104,63,97,49,41,48,0.6057692307692307,0.5051546391752577,112
2023-08-19,1010,144,62,76,36,82,40,0.4305555555555556,0.47368421052631576,98
2023-08-20,1010,136,87,90,40,49,50,0.6397058823529411,0.4444444444444444,127
2023-08-21,1010,107,75,50,46,32,4,0.7009345794392523,0.92,121
2023-08-22,1010,142,74,68,33,68,35,0.5211267605633803,0.4852941176470588,107
2023-08-23,1010,140,86,98,47,54,51,0.6142857142857143,0.47959183673469385,133
2023-08-24,1010,129,78,92,43,51,49,0.6046511627906976,0.4673913043478261,121
2023-08-25,1010,132,95,50,45,37,5,0.7196969696969697,0.9,140
2023-08-26,1010,119,75,84,45,44,39,0.6302521008403361,0.5357142857142857,120
2023-08-27,1010,102,73,80,34,29,46,0.7156862745098039,0.425,107
2023-08-28,1010,110,91,91,31,19,60,0.8272727272727273,0.34065934065934067,122
2023-08-29,1010,116,87,73,37,29,36,0.75,0.5068493150684932,124
2023-08-30,1010,120,64,93,36,56,57,0.5333333333333333,0.3870967741935484,100
2023-08-31,1010,126,93,66,42,33,24,0.7380952380952381,0.6363636363636364,135
2023-09-01,1010,102,81,58,39,21,19,0.7941176470588235,0.6724137931034483,120
2023-09-02,1010,148,67,87,46,81,41,0.4527027027027027,0.5287356321839081,113
2023-09-03,1010,136,87,60,45,49,15,0.6397058823529411,0.75,132
2023-09-04,1010,150,72,91,32,78,59,0.48,0.3516483516483517,104
2023-09-05,1010,132,82,80,36,50,44,0.6212121212121212,0.45,118
2023-09-06,1010,148,80,56,36,68,20,0.5405405405405406,0.6428571428571429,116
2023-09-07,1010,125,75,58,32,50,26,0.6,0.5517241379310345,107
2023-09-08,1010,144,70,94,47,74,47,0.4861111111111111,0.5,117
2023-09-09,1010,109,87,74,36,22,38,0.7981651376146789,0.4864864864864865,123
2023-09-10,1010,106,93,76,38,13,38,0.8773584905660378,0.5,131
2023-09-11,1010,141,91,93,37,50,56,0.6453900709219859,0.3978494623655914,128
2023-09-12,1010,112,85,72,35,27,37,0.7589285714285714,0.4861111111111111,120
2023-09-13,1010,139,93,74,26,46,48,0.6690647482014388,0.35135135135135137,119
2023-09-14,1010,114,80,60,31,34,29,0.7017543859649122,0.5166666666666667,111
2023-09-15,1010,121,74,59,32,47,27,0.6115702479338843,0.5423728813559322,106
2023-09-16,1010,104,70,54,47,34,7,0.6730769230769231,0.8703703703703703,117
2023-09-17,1010,111,79,87,35,32,52,0.7117117117117117,0.40229885057471265,114
2023-09-18,1010,143,68,84,53,75,31,0.4755244755244755,0.6309523809523809,121
2023-09-19,1010,139,74,86,52,65,34,0.5323741007194245,0.6046511627906976,126
2023-09-20,1010,102,85,80,43,17,37,0.8333333333333334,0.5375,128
2023-09-21,1010,131,92,97,32,39,65,0.7022900763358778,0.32989690721649484,124
2023-09-22,1010,104,76,50,41,28,9,0.7307692307692307,0.82,117
2023-09-23,1010,149,85,79,46,64,33,0.5704697986577181,0.5822784810126582,131
2023-09-24,1010,136,74,53,42,62,11,0.5441176470588235,0.7924528301886793,116
2023-09-25,1010,148,73,73,36,75,37,0.49324324324324326,0.4931506849315068,109
2023-09-26,1010,110,87,63,44,23,19,0.7909090909090909,0.6984126984126984,131
2023-09-27,1010,101,78,84,50,23,34,0.7722772277227723,0.5952380952380952,128
2023-09-28,1010,125,74,58,42,51,16,0.592,0.7241379310344828,116
2023-09-29,1010,132,67,64,43,65,21,0.5075757575757576,0.671875,110
2023-09-30,1010,113,79,58,46,34,12,0.6991150442477876,0.7931034482758621,125
2023-10-01,1010,117,86,92,43,31,49,0.7350427350427351,0.4673913043478261,129
2023-10-02,1010,123,94,92,40,29,52,0.7642276422764228,0.43478260869565216,134
2023-10-03,1010,121,77,92,37,44,55,0.6363636363636364,0.40217391304347827,114
2023-10-04,1010,100,83,84,36,17,48,0.83,0.42857142857142855,119
2023-10-05,1010,118,83,65,38,35,27,0.7033898305084746,0.5846153846153846,121
2023-10-06,1010,106,77,83,57,29,26,0.7264150943396226,0.6867469879518072,134
2023-10-07,1010,115,81,63,41,34,22,0.7043478260869566,0.6507936507936508,122
2023-10-08,1010,146,82,86,33,64,53,0.5616438356164384,0.38372093023255816,115
2023-10-09,1010,150,82,66,40,68,26,0.5466666666666666,0.6060606060606061,122
2023-10-10,1010,114,81,98,33,33,65,0.7105263157894737,0.336734693877551,114
2023-10-11,1010,102,92,81,40,10,41,0.9019607843137255,0.49382716049382713,132
2023-10-12,1010,150,66,92,39,84,53,0.44,0.42391304347826086,105
2023-10-13,1010,124,88,54,48,36,6,0.7096774193548387,0.8888888888888888,136
2023-10-14,1010,136,78,69,39,58,30,0.5735294117647058,0.5652173913043478,117
2023-10-15,1010,101,80,62,36,21,26,0.7920792079207921,0.5806451612903226,116
2023-10-16,1010,113,88,90,34,25,56,0.7787610619469026,0.37777777777777777,122
2023-10-17,1010,127,74,64,41,53,23,0.5826771653543307,0.640625,115
2023-10-18,1010,150,76,66,36,74,30,0.5066666666666667,0.5454545454545454,112
2023-10-19,1010,146,69,62,34,77,28,0.4726027397260274,0.5483870967741935,103
2023-10-20,1010,106,80,80,29,26,51,0.7547169811320755,0.3625,109
2023-10-21,1010,135,90,65,50,45,15,0.6666666666666666,0.7692307692307693,140
2023-10-22,1010,108,90,73,44,18,29,0.8333333333333334,0.6027397260273972,134
2023-10-23,1010,101,82,55,27,19,28,0.8118811881188119,0.4909090909090909,109
2023-10-24,1010,119,79,66,30,40,36,0.6638655462184874,0.45454545454545453,109
2023-10-25,1010,115,80,50,43,35,7,0.6956521739130435,0.86,123
2023-10-26,1010,128,88,58,40,40,18,0.6875,0.6896551724137931,128
2023-10-27,1010,135,78,64,43,57,21,0.5777777777777777,0.671875,121
2023-10-28,1010,119,87,66,36,32,30,0.7310924369747899,0.5454545454545454,123
2023-10-29,1010,133,79,66,37,54,29,0.5939849624060151,0.5606060606060606,116
2023-10-30,1010,121,82,75,35,39,40,0.6776859504132231,0.4666666666666667,117
2023-10-31,1010,121,88,95,36,33,59,0.7272727272727273,0.37894736842105264,124
2023-11-01,1010,133,81,81,37,52,44,0.6090225563909775,0.4567901234567901,118
2023-11-02,1010,126,97,84,44,29,40,0.7698412698412699,0.5238095238095238,141
2023-11-03,1010,146,74,58,31,72,27,0.5068493150684932,0.5344827586206896,105
2023-11-04,1010,142,90,87,35,52,52,0.6338028169014085,0.40229885057471265,125
2023-11-05,1010,121,86,87,36,35,51,0.7107438016528925,0.41379310344827586,122
2023-11-06,1010,126,84,59,34,42,25,0.6666666666666666,0.576271186440678,118
2023-11-07,1010,109,96,52,39,13,13,0.8807339449541285,0.75,135
2023-11-08,1010,115,82,78,47,33,31,0.7130434782608696,0.6025641025641025,129
2023-11-09,1010,146,72,54,50,74,4,0.4931506849315068,0.9259259259259259,122
2023-11-10,1010,101,73,60,48,28,12,0.7227722772277227,0.8,121
2023-11-11,1010,132,84,51,44,48,7,0.6363636363636364,0.8627450980392157,128
2023-11-12,1010,131,80,96,48,51,48,0.6106870229007634,0.5,128
2023-11-13,1010,100,72,83,30,28,53,0.72,0.3614457831325301,102
2023-11-14,1010,134,83,61,32,51,29,0.6194029850746269,0.5245901639344263,115
2023-11-15,1010,118,76,76,46,42,30,0.6440677966101694,0.6052631578947368,122
2023-11-16,1010,108,89,54,46,19,8,0.8240740740740741,0.8518518518518519,135
2023-11-17,1010,114,65,89,40,49,49,0.5701754385964912,0.449438202247191,105
2023-11-18,1010,148,68,61,38,80,23,0.4594594594594595,0.6229508196721312,106
2023-11-19,1010,144,69,58,38,75,20,0.4791666666666667,0.6551724137931034,107
2023-11-20,1010,116,80,85,45,36,40,0.6896551724137931,0.5294117647058824,125
2023-11-21,1010,108,76,80,32,32,48,0.7037037037037037,0.4,108
2023-11-22,1010,120,83,61,27,37,34,0.6916666666666667,0.4426229508196721,110
2023-11-23,1010,126,77,56,42,49,14,0.6111111111111112,0.75,119
2023-11-24,1010,139,78,61,35,61,26,0.5611510791366906,0.5737704918032787,113
2023-11-25,1010,137,86,95,42,51,53,0.6277372262773723,0.4421052631578947,128
2023-11-26,1010,144,91,99,44,53,55,0.6319444444444444,0.4444444444444444,135
2023-11-27,1010,146,68,75,35,78,40,0.4657534246575342,0.4666666666666667,103
2023-11-28,1010,108,80,55,44,28,11,0.7407407407407407,0.8,124
2023-11-29,1010,137,83,71,50,54,21,0.6058394160583942,0.704225352112676,133
2023-11-30,1010,142,70,82,35,72,47,0.49295774647887325,0.4268292682926829,105
2023-12-01,1010,131,86,51,50,45,1,0.6564885496183206,0.9803921568627451,136
2023-12-02,1010,102,87,81,48,15,33,0.8529411764705882,0.5925925925925926,135
2023-12-03,1010,111,88,80,44,23,36,0.7927927927927928,0.55,132
2023-12-04,1010,133,90,94,42,43,52,0.6766917293233082,0.44680851063829785,132
2023-12-05,1010,118,79,53,39,39,14,0.6694915254237288,0.7358490566037735,118
2023-12-06,1010,101,79,65,48,22,17,0.7821782178217822,0.7384615384615385,127
2023-12-07,1010,117,79,77,45,38,32,0.6752136752136753,0.5844155844155844,124
2023-12-08,1010,143,80,74,45,63,29,0.5594405594405595,0.6081081081081081,125
2023-12-09,1010,124,65,59,46,59,13,0.5241935483870968,0.7796610169491526,111
2023-12-10,1010,135,77,67,33,58,34,0.5703703703703704,0.4925373134328358,110
2023-12-11,1010,118,60,59,40,58,19,0.5084745762711864,0.6779661016949152,100
2023-12-12,1010,138,84,82,50,54,32,0.6086956521739131,0.6097560975609756,134
2023-12-13,1010,124,85,65,36,39,29,0.6854838709677419,0.5538461538461539,121
2023-12-14,1010,133,81,97,37,52,60,0.6090225563909775,0.38144329896907214,118
2023-12-15,1010,116,81,56,40,35,16,0.6982758620689655,0.7142857142857143,121
2023-12-16,1010,113,94,64,41,19,23,0.831858407079646,0.640625,135
2023-12-17,1010,109,90,98,45,19,53,0.8256880733944955,0.45918367346938777,135
2023-12-18,1010,110,88,99,30,22,69,0.8,0.30303030303030304,118
2023-12-19,1010,111,87,75,42,24,33,0.7837837837837838,0.56,129
2023-12-20,1010,108,87,85,36,21,49,0.8055555555555556,0.4235294117647059,123
2023-12-21,1010,147,66,73,40,81,33,0.4489795918367347,0.547945205479452,106
2023-12-22,1010,146,80,60,48,66,12,0.547945205479452,0.8,128
2023-12-23,1010,135,86,70,32,49,38,0.6370370370370371,0.45714285714285713,118
2023-12-24,1010,121,77,89,49,44,40,0.6363636363636364,0.550561797752809,126
2023-12-25,1010,128,76,71,48,52,23,0.59375,0.676056338028169,124
2023-12-26,1010,110,78,84,46,32,38,0.7090909090909091,0.5476190476190477,124
2023-12-27,1010,122,80,57,51,42,6,0.6557377049180327,0.8947368421052632,131
2023-12-28,1010,131,84,97,40,47,57,0.6412213740458015,0.41237113402061853,124
2023-12-29,1010,108,78,76,41,30,35,0.7222222222222222,0.5394736842105263,119
2023-12-30,1010,107,76,85,48,31,37,0.7102803738317757,0.5647058823529412,124
2023-12-31,1010,140,87,88,40,53,48,0.6214285714285714,0.45454545454545453,127
2023-01-01,1011,100,84,99,35,16,64,0.84,0.35353535353535354,119
2023-01-02,1011,104,86,52,31,18,21,0.8269230769230769,0.5961538461538461,117
2023-01-03,1011,143,84,60,46,59,14,0.5874125874125874,0.7666666666666667,130
2023-01-04,1011,148,98,77,31,50,46,0.6621621621621622,0.4025974025974026,129
2023-01-05,1011,100,79,70,36,21,34,0.79,0.5142857142857142,115
2023-01-06,1011,146,83,90,47,63,43,0.5684931506849316,0.5222222222222223,130
2023-01-07,1011,147,83,92,42,64,50,0.564625850340136,0.45652173913043476,125
2023-01-08,1011,120,80,60,47,40,13,0.6666666666666666,0.7833333333333333,127
2023-01-09,1011,123,71,55,40,52,15,0.5772357723577236,0.7272727272727273,111
2023-01-10,1011,132,80,66,43,52,23,0.6060606060606061,0.6515151515151515,123
2023-01-11,1011,106,74,78,40,32,38,0.6981132075471698,0.5128205128205128,114
2023-01-12,1011,122,84,54,44,38,10,0.6885245901639344,0.8148148148148148,128
2023-01-13,1011,123,76,96,39,47,57,0.6178861788617886,0.40625,115
2023-01-14,1011,144,90,100,37,54,63,0.625,0.37,127
2023-01-15,1011,145,87,76,35,58,41,0.6,0.4605263157894737,122
2023-01-16,1011,130,63,79,35,67,44,0.4846153846153846,0.4430379746835443,98
2023-01-17,1011,110,75,95,35,35,60,0.6818181818181818,0.3684210526315789,110
2023-01-18,1011,150,97,85,37,53,48,0.6466666666666666,0.43529411764705883,134
2023-01-19,1011,148,68,96,27,80,69,0.4594594594594595,0.28125,95
2023-01-20,1011,121,90,83,36,31,47,0.743801652892562,0.43373493975903615,126
2023-01-21,1011,118,81,52,46,37,6,0.6864406779661016,0.8846153846153846,127
2023-01-22,1011,123,76,74,52,47,22,0.6178861788617886,0.7027027027027027,128
2023-01-23,1011,143,73,69,34,70,35,0.5104895104895105,0.4927536231884058,107
2023-01-24,1011,144,84,91,49,60,42,0.5833333333333334,0.5384615384615384,133
2023-01-25,1011,130,83,67,44,47,23,0.6384615384615384,0.6567164179104478,127
2023-01-26,1011,149,81,57,48,68,9,0.5436241610738255,0.8421052631578947,129
2023-01-27,1011,102,76,67,43,26,24,0.7450980392156863,0.6417910447761194,119
2023-01-28,1011,114,95,57,45,19,12,0.8333333333333334,0.7894736842105263,140
2023-01-29,1011,127,78,95,38,49,57,0.6141732283464567,0.4,116
2023-01-30,1011,130,84,79,42,46,37,0.6461538461538462,0.5316455696202531,126
2023-01-31,1011,104,69,83,48,35,35,0.6634615384615384,0.5783132530120482,117
2023-02-01,1011,111,82,74,41,29,33,0.7387387387387387,0.5540540540540541,123
2023-02-02,1011,132,68,93,51,64,42,0.5151515151515151,0.5483870967741935,119
2023-02-03,1011,111,65,67,35,46,32,0.5855855855855856,0.5223880597014925,100
2023-02-04,1011,103,92,66,31,11,35,0.8932038834951457,0.4696969696969697,123
2023-02-05,1011,144,83,57,34,61,23,0.5763888888888888,0.5964912280701754,117
2023-02-06,1011,113,93,87,41,20,46,0.8230088495575221,0.47126436781609193,134
2023-02-07,1011,148,77,86,39,71,47,0.5202702702702703,0.45348837209302323,116
2023-02-08,1011,124,75,56,50,49,6,0.6048387096774194,0.8928571428571429,125
2023-02-09,1011,147,93,53,47,54,6,0.6326530612244898,0.8867924528301887,140
2023-02-10,1011,140,68,92,47,72,45,0.4857142857142857,0.5108695652173914,115
2023-02-11,1011,144,82,78,47,62,31,0.5694444444444444,0.6025641025641025,129
2023-02-12,1011,140,71,83,41,69,42,0.5071428571428571,0.4939759036144578,112
2023-02-13,1011,142,77,81,36,65,45,0.5422535211267606,0.4444444444444444,113
2023-02-14,1011,126,86,87,30,40,57,0.6825396825396826,0.3448275862068966,116
2023-02-15,1011,124,91,54,44,33,10,0.7338709677419355,0.8148148148148148,135
2023-02-16,1011,133,82,77,38,51,39,0.6165413533834586,0.4935064935064935,120
2023-02-17,1011,128,89,62,33,39,29,0.6953125,0.532258064516129,122
2023-02-18,1011,146,61,80,36,85,44,0.4178082191780822,0.45,97
2023-02-19,1011,117,76,89,47,41,42,0.6495726495726496,0.5280898876404494,123
2023-02-20,1011,141,84,96,43,57,53,0.5957446808510638,0.4479166666666667,127
2023-02-21,1011,129,68,74,39,61,35,0.5271317829457365,0.527027027027027,107
2023-02-22,1011,131,79,72,38,52,34,0.6030534351145038,0.5277777777777778,117
2023-02-23,1011,130,87,94,35,43,59,0.6692307692307692,0.3723404255319149,122
2023-02-24,1011,122,77,86,43,45,43,0.6311475409836066,0.5,120
2023-02-25,1011,100,93,65,46,7,19,0.93,0.7076923076923077,139
2023-02-26,1011,147,96,71,38,51,33,0.6530612244897959,0.5352112676056338,134
2023-02-27,1011,118,81,65,41,37,24,0.6864406779661016,0.6307692307692307,122
2023-02-28,1011,120,68,84,48,52,36,0.5666666666666667,0.5714285714285714,116
2023-03-01,1011,126,77,87,33,49,54,0.6111111111111112,0.3793103448275862,110
2023-03-02,1011,107,78,68,49,29,19,0.7289719626168224,0.7205882352941176,127
2023-03-03,1011,104,69,82,52,35,30,0.6634615384615384,0.6341463414634146,121
2023-03-04,1011,118,78,86,39,40,47,0.6610169491525424,0.45348837209302323,117
2023-03-05,1011,115,91,89,42,24,47,0.7913043478260869,0.47191011235955055,133
2023-03-06,1011,104,83,92,38,21,54,0.7980769230769231,0.41304347826086957,121
2023-03-07,1011,134,79,60,45,55,15,0.5895522388059702,0.75,124
2023-03-08,1011,132,78,65,41,54,24,0.5909090909090909,0.6307692307692307,119
2023-03-09,1011,149,81,99,26,68,73,0.5436241610738255,0.26262626262626265,107
2023-03-10,1011,106,98,68,30,8,38,0.9245283018867925,0.4411764705882353,128
2023-03-11,1011,110,79,58,44,31,14,0.7181818181818181,0.7586206896551724,123
2023-03-12,1011,117,81,70,49,36,21,0.6923076923076923,0.7,130
2023-03-13,1011,106,77,56,44,29,12,0.7264150943396226,0.7857142857142857,121
2023-03-14,1011,118,82,99,40,36,59,0.6949152542372882,0.40404040404040403,122
2023-03-15,1011,147,65,71,42,82,29,0.4421768707482993,0.5915492957746479,107
2023-03-16,1011,144,89,73,38,55,35,0.6180555555555556,0.5205479452054794,127
2023-03-17,1011,130,70,63,49,60,14,0.5384615384615384,0.7777777777777778,119
2023-03-18,1011,142,93,52,38,49,14,0.6549295774647887,0.7307692307692307,131
2023-03-19,1011,134,84,83,48,50,35,0.6268656716417911,0.5783132530120482,132
2023-03-20,1011,134,90,62,30,44,32,0.6716417910447762,0.4838709677419355,120
2023-03-21,1011,107,80,74,43,27,31,0.7476635514018691,0.581081081081081,123
2023-03-22,1011,150,69,93,38,81,55,0.46,0.40860215053763443,107
2023-03-23,1011,116,74,69,33,42,36,0.6379310344827587,0.4782608695652174,107
2023-03-24,1011,125,76,86,34,49,52,0.608,0.3953488372093023,110
2023-03-25,1011,129,79,84,30,50,54,0.6124031007751938,0.35714285714285715,109
2023-03-26,1011,121,78,99,29,43,70,0.6446280991735537,0.29292929292929293,107
2023-03-27,1011,121,89,86,33,32,53,0.7355371900826446,0.38372093023255816,122
2023-03-28,1011,128,73,99,41,55,58,0.5703125,0.41414141414141414,114
2023-03-29,1011,117,76,92,39,41,53,0.6495726495726496,0.42391304347826086,115
2023-03-30,1011,139,88,57,33,51,24,0.6330935251798561,0.5789473684210527,121
2023-03-31,1011,139,86,84,40,53,44,0.6187050359712231,0.47619047619047616,126
2023-04-01,1011,150,93,83,43,57,40,0.62,0.5180722891566265,136
2023-04-02,1011,124,86,97,38,38,59,0.6935483870967742,0.3917525773195876,124
2023-04-03,1011,107,78,92,40,29,52,0.7289719626168224,0.43478260869565216,118
2023-04-04,1011,107,72,76,50,35,26,0.6728971962616822,0.6578947368421053,122
2023-04-05,1011,131,64,77,41,67,36,0.48854961832061067,0.5324675324675324,105
2023-04-06,1011,142,74,56,54,68,2,0.5211267605633803,0.9642857142857143,128
2023-04-07,1011,117,67,79,32,50,47,0.5726495726495726,0.4050632911392405,99
2023-04-08,1011,111,62,53,35,49,18,0.5585585585585585,0.660377358490566,97
2023-04-09,1011,104,77,66,32,27,34,0.7403846153846154,0.48484848484848486,109
2023-04-10,1011,114,85,91,37,29,54,0.7456140350877193,0.4065934065934066,122
2023-04-11,1011,133,80,85,49,53,36,0.6015037593984962,0.5764705882352941,129
2023-04-12,1011,124,82,77,43,42,34,0.6612903225806451,0.5584415584415584,125
2023-04-13,1011,147,87,65,52,60,13,0.5918367346938775,0.8,139
2023-04-14,1011,106,72,71,42,34,29,0.6792452830188679,0.5915492957746479,114
2023-04-15,1011,116,78,77,37,38,40,0.6724137931034483,0.4805194805194805,115
2023-04-16,1011,106,84,94,53,22,41,0.7924528301886793,0.5638297872340425,137
2023-04-17,1011,132,74,78,33,58,45,0.5606060606060606,0.4230769230769231,107
2023-04-18,1011,102,82,90,32,20,58,0.803921568627451,0.35555555555555557,114
2023-04-19,1011,106,70,85,49,36,36,0.660377358490566,0.5764705882352941,119
2023-04-20,1011,144,91,51,42,53,9,0.6319444444444444,0.8235294117647058,133
2023-04-21,1011,113,68,78,42,45,36,0.6017699115044248,0.5384615384615384,110
2023-04-22,1011,134,93,93,35,41,58,0.6940298507462687,0.3763440860215054,128
2023-04-23,1011,145,80,68,37,65,31,0.5517241379310345,0.5441176470588235,117
2023-04-24,1011,119,83,56,35,36,21,0.6974789915966386,0.625,118
2023-04-25,1011,117,83,79,40,34,39,0.7094017094017094,0.5063291139240507,123
2023-04-26,1011,123,74,98,35,49,63,0.6016260162601627,0.35714285714285715,109
2023-04-27,1011,103,71,100,45,32,55,0.6893203883495146,0.45,116
2023-04-28,1011,139,85,90,39,54,51,0.6115107913669064,0.43333333333333335,124
2023-04-29,1011,117,80,84,42,37,42,0.6837606837606838,0.5,122
2023-04-30,1011,146,77,100,55,69,45,0.5273972602739726,0.55,132
2023-05-01,1011,124,87,51,41,37,10,0.7016129032258065,0.803921568627451,128
2023-05-02,1011,143,68,59,31,75,28,0.4755244755244755,0.5254237288135594,99
2023-05-03,1011,122,81,71,40,41,31,0.6639344262295082,0.5633802816901409,121
2023-05-04,1011,100,67,86,45,33,41,0.67,0.5232558139534884,112
2023-05-05,1011,126,90,58,28,36,30,0.7142857142857143,0.4827586206896552,118
2023-05-06,1011,134,80,82,36,54,46,0.5970149253731343,0.43902439024390244,116
2023-05-07,1011,147,85,75,39,62,36,0.5782312925170068,0.52,124
2023-05-08,1011,124,77,51,30,47,21,0.6209677419354839,0.5882352941176471,107
2023-05-09,1011,140,89,97,42,51,55,0.6357142857142857,0.4329896907216495,131
2023-05-10,1011,130,94,96,41,36,55,0.7230769230769231,0.4270833333333333,135
2023-05-11,1011,130,73,60,51,57,9,0.5615384615384615,0.85,124
2023-05-12,1011,125,71,93,45,54,48,0.568,0.4838709677419355,116
2023-05-13,1011,132,78,65,44,54,21,0.5909090909090909,0.676923076923077,122
2023-05-14,1011,125,75,67,39,50,28,0.6,0.582089552238806,114
2023-05-15,1011,145,89,69,36,56,33,0.6137931034482759,0.5217391304347826,125
2023-05-16,1011,122,95,81,34,27,47,0.7786885245901639,0.41975308641975306,129
2023-05-17,1011,121,64,63,48,57,15,0.5289256198347108,0.7619047619047619,112
2023-05-18,1011,107,83,87,35,24,52,0.7757009345794392,0.40229885057471265,118
2023-05-19,1011,135,95,73,35,40,38,0.7037037037037037,0.4794520547945205,130
2023-05-20,1011,141,96,100,45,45,55,0.6808510638297872,0.45,141
2023-05-21,1011,111,87,50,50,24,0,0.7837837837837838,1,137
2023-05-22,1011,103,80,58,37,23,21,0.7766990291262136,0.6379310344827587,117
2023-05-23,1011,149,86,66,38,63,28,0.5771812080536913,0.5757575757575758,124
2023-05-24,1011,107,94,78,29,13,49,0.8785046728971962,0.3717948717948718,123
2023-05-25,1011,112,80,55,49,32,6,0.7142857142857143,0.8909090909090909,129
2023-05-26,1011,108,85,93,42,23,51,0.7870370370370371,0.45161290322580644,127
2023-05-27,1011,128,67,95,41,61,54,0.5234375,0.43157894736842106,108
2023-05-28,1011,112,90,77,48,22,29,0.8035714285714286,0.6233766233766234,138
2023-05-29,1011,136,83,85,43,53,42,0.6102941176470589,0.5058823529411764,126
2023-05-30,1011,122,59,65,36,63,29,0.48360655737704916,0.5538461538461539,95
2023-05-31,1011,110,81,100,37,29,63,0.7363636363636363,0.37,118
2023-06-01,1011,137,101,73,32,36,41,0.7372262773722628,0.4383561643835616,133
2023-06-02,1011,119,79,68,40,40,28,0.6638655462184874,0.5882352941176471,119
2023-06-03,1011,146,72,94,36,74,58,0.4931506849315068,0.3829787234042553,108
2023-06-04,1011,114,86,98,33,28,65,0.7543859649122807,0.336734693877551,119
2023-06-05,1011,125,85,92,42,40,50,0.68,0.45652173913043476,127
2023-06-06,1011,136,87,89,38,49,51,0.6397058823529411,0.42696629213483145,125
2023-06-07,1011,109,75,94,44,34,50,0.6880733944954128,0.46808510638297873,119
2023-06-08,1011,102,60,68,48,42,20,0.5882352941176471,0.7058823529411765,108
2023-06-09,1011,134,64,66,47,70,19,0.47761194029850745,0.7121212121212122,111
2023-06-10,1011,132,81,94,38,51,56,0.6136363636363636,0.40425531914893614,119
2023-06-11,1011,145,85,68,37,60,31,0.5862068965517241,0.5441176470588235,122
2023-06-12,1011,112,80,68,33,32,35,0.7142857142857143,0.4852941176470588,113
2023-06-13,1011,117,83,82,29,34,53,0.7094017094017094,0.35365853658536583,112
2023-06-14,1011,105,65,74,37,40,37,0.6190476190476191,0.5,102
2023-06-15,1011,125,86,87,40,39,47,0.688,0.45977011494252873,126
2023-06-16,1011,112,78,69,37,34,32,0.6964285714285714,0.5362318840579711,115
2023-06-17,1011,107,98,80,48,9,32,0.9158878504672897,0.6,146
2023-06-18,1011,129,84,53,27,45,26,0.6511627906976745,0.5094339622641509,111
2023-06-19,1011,133,90,65,37,43,28,0.6766917293233082,0.5692307692307692,127
2023-06-20,1011,115,87,53,41,28,12,0.7565217391304347,0.7735849056603774,128
2023-06-21,1011,135,70,58,35,65,23,0.5185185185185185,0.603448275862069,105
2023-06-22,1011,110,100,73,43,10,30,0.9090909090909091,0.589041095890411,143
2023-06-23,1011,118,79,69,38,39,31,0.6694915254237288,0.5507246376811594,117
2023-06-24,1011,119,86,60,36,33,24,0.7226890756302521,0.6,122
2023-06-25,1011,107,74,94,43,33,51,0.6915887850467289,0.4574468085106383,117
2023-06-26,1011,124,68,96,41,56,55,0.5483870967741935,0.4270833333333333,109
2023-06-27,1011,144,69,59,43,75,16,0.4791666666666667,0.7288135593220338,112
2023-06-28,1011,136,83,70,38,53,32,0.6102941176470589,0.5428571428571428,121
2023-06-29,1011,118,81,100,51,37,49,0.6864406779661016,0.51,132
2023-06-30,1011,148,87,86,33,61,53,0.5878378378378378,0.38372093023255816,120
2023-07-01,1011,108,74,80,46,34,34,0.6851851851851852,0.575,120
2023-07-02,1011,122,76,87,51,46,36,0.6229508196721312,0.5862068965517241,127
2023-07-03,1011,149,91,80,41,58,39,0.610738255033557,0.5125,132
2023-07-04,1011,114,67,91,23,47,68,0.5877192982456141,0.25274725274725274,90
2023-07-05,1011,145,81,86,51,64,35,0.5586206896551724,0.5930232558139535,132
2023-07-06,1011,110,87,97,40,23,57,0.7909090909090909,0.41237113402061853,127
2023-07-07,1011,108,82,88,32,26,56,0.7592592592592593,0.36363636363636365,114
2023-07-08,1011,143,80,89,48,63,41,0.5594405594405595,0.5393258426966292,128
2023-07-09,1011,127,88,55,29,39,26,0.6929133858267716,0.5272727272727272,117
2023-07-10,1011,102,91,59,46,11,13,0.8921568627450981,0.7796610169491526,137
2023-07-11,1011,100,70,92,50,30,42,0.7,0.5434782608695652,120
2023-07-12,1011,144,89,61,37,55,24,0.6180555555555556,0.6065573770491803,126
2023-07-13,1011,142,79,84,45,63,39,0.5563380281690141,0.5357142857142857,124
2023-07-14,1011,123,86,73,35,37,38,0.6991869918699187,0.4794520547945205,121
2023-07-15,1011,108,73,66,35,35,31,0.6759259259259259,0.5303030303030303,108
2023-07-16,1011,142,68,100,36,74,64,0.4788732394366197,0.36,104
2023-07-17,1011,123,89,60,38,34,22,0.7235772357723578,0.6333333333333333,127
2023-07-18,1011,136,76,52,36,60,16,0.5588235294117647,0.6923076923076923,112
2023-07-19,1011,111,88,93,48,23,45,0.7927927927927928,0.5161290322580645,136
2023-07-20,1011,103,77,84,39,26,45,0.7475728155339806,0.4642857142857143,116
2023-07-21,1011,106,79,54,40,27,14,0.7452830188679245,0.7407407407407407,119
2023-07-22,1011,108,78,92,41,30,51,0.7222222222222222,0.44565217391304346,119
2023-07-23,1011,123,82,59,32,41,27,0.6666666666666666,0.5423728813559322,114
2023-07-24,1011,135,84,77,39,51,38,0.6222222222222222,0.5064935064935064,123
2023-07-25,1011,150,84,94,32,66,62,0.56,0.3404255319148936,116
2023-07-26,1011,124,83,66,42,41,24,0.6693548387096774,0.6363636363636364,125
2023-07-27,1011,123,79,57,38,44,19,0.6422764227642277,0.6666666666666666,117
2023-07-28,1011,115,90,69,43,25,26,0.782608695652174,0.6231884057971014,133
2023-07-29,1011,102,77,76,37,25,39,0.7549019607843137,0.4868421052631579,114
2023-07-30,1011,111,70,58,49,41,9,0.6306306306306306,0.8448275862068966,119
2023-07-31,1011,132,79,83,46,53,37,0.5984848484848485,0.5542168674698795,125
2023-08-01,1011,118,81,88,36,37,52,0.6864406779661016,0.4090909090909091,117
2023-08-02,1011,134,89,98,31,45,67,0.664179104477612,0.3163265306122449,120
2023-08-03,1011,128,79,93,23,49,70,0.6171875,0.24731182795698925,102
2023-08-04,1011,127,89,82,34,38,48,0.7007874015748031,0.4146341463414634,123
2023-08-05,1011,145,93,82,44,52,38,0.6413793103448275,0.5365853658536586,137
2023-08-06,1011,106,83,84,46,23,38,0.78301886792452835,0.5476190476190477,129
2023-08-07,1011,144,82,51,41,62,10,0.5694444444444444,0.803921568627451,123
2023-08-08,1011,125,86,52,47,39,5,0.688,0.9038461538461539,133
2023-08-09,1011,145,89,78,40,56,38,0.6137931034482759,0.5128205128205128,129
2023-08-10,1011,138,85,79,34,53,45,0.6159420289855072,0.43037974683544306,119
2023-08-11,1011,149,66,63,32,83,31,0.4429530201342282,0.5079365079365079,98
2023-08-12,1011,148,87,64,40,61,24,0.5878378378378378,0.625,127
2023-08-13,1011,105,88,90,49,17,41,0.8380952380952381,0.5444444444444444,137
2023-08-14,1011,114,80,69,38,34,31,0.7017543859649122,0.5507246376811594,118
2023-08-15,1011,148,112,60,34,36,26,0.7567567567567568,0.5666666666666667,146
2023-08-16,1011,122,83,65,34,39,31,0.680327868852459,0.5230769230769231,117
2023-08-17,1011,132,71,82,33,61,49,0.5378787878787878,0.4024390243902439,104
2023-08-18,1011,118,77,75,42,41,33,0.652542372881356,0.56,119
2023-08-19,1011,150,60,81,44,90,37,0.4,0.5432098765432098,104
2023-08-20,1011,133,79,90,33,54,57,0.5939849624060151,0.36666666666666664,112
2023-08-21,1011,136,79,73,39,57,34,0.5808823529411765,0.5342465753424658,118
2023-08-22,1011,127,64,98,30,63,68,0.5039370078740157,0.30612244897959184,94
2023-08-23,1011,129,84,87,48,45,39,0.6511627906976745,0.5517241379310345,132
2023-08-24,1011,101,71,55,31,30,24,0.7029702970297029,0.5636363636363636,102
2023-08-25,1011,143,66,50,49,77,1,0.46153846153846156,0.98,115
2023-08-26,1011,101,89,61,38,12,23,0.8811881188118812,0.6229508196721312,127
2023-08-27,1011,138,76,92,41,62,51,0.5507246376811594,0.44565217391304346,117
2023-08-28,1011,148,73,61,47,75,14,0.49324324324324326,0.7704918032786885,120
2023-08-29,1011,142,90,66,35,52,31,0.6338028169014085,0.5303030303030303,125
2023-08-30,1011,114,78,85,44,36,41,0.6842105263157895,0.5176470588235295,122
2023-08-31,1011,117,79,91,35,38,56,0.6752136752136753,0.38461538461538464,114
2023-09-01,1011,147,62,87,52,85,35,0.4217687074829932,0.5977011494252874,114
2023-09-02,1011,112,94,97,49,18,48,0.8392857142857143,0.5051546391752577,143
2023-09-03,1011,126,83,69,34,43,35,0.6587301587301587,0.4927536231884058,117
2023-09-04,1011,112,93,64,49,19,15,0.8303571428571429,0.765625,142
2023-09-05,1011,116,68,67,41,48,26,0.5862068965517241,0.6119402985074627,109
2023-09-06,1011,109,82,87,29,27,58,0.7522935779816514,0.3333333333333333,111
2023-09-07,1011,113,84,58,26,29,32,0.7433628318584071,0.4482758620689655,110
2023-09-08,1011,150,91,93,21,59,72,0.6066666666666667,0.22580645161290322,112
2023-09-09,1011,101,94,77,45,7,32,0.9306930693069307,0.5844155844155844,139
2023-09-10,1011,150,70,96,39,80,57,0.4666666666666667,0.40625,109
2023-09-11,1011,101,86,73,35,15,38,0.8514851485148515,0.4794520547945205,121
2023-09-12,1011,144,74,82,46,70,36,0.5138888888888888,0.5609756097560976,120
2023-09-13,1011,146,81,84,32,65,52,0.5547945205479452,0.38095238095238093,113
2023-09-14,1011,132,84,64,36,48,28,0.6363636363636364,0.5625,120
2023-09-15,1011,132,81,95,48,51,47,0.6136363636363636,0.5052631578947369,129
2023-09-16,1011,142,72,99,39,70,60,0.5070422535211268,0.3939393939393939,111
2023-09-17,1011,100,71,78,38,29,40,0.71,0.48717948717948717,109
2023-09-18,1011,128,86,55,39,42,16,0.671875,0.7090909090909091,125
2023-09-19,1011,146,88,95,39,58,56,0.6027397260273972,0.4105263157894737,127
2023-09-20,1011,121,73,77,54,48,23,0.6033057851239669,0.7012987012987013,127
2023-09-21,1011,124,83,83,36,41,47,0.6693548387096774,0.43373493975903615,119
2023-09-22,1011,121,67,65,32,54,33,0.5537190082644629,0.49230769230769234,99
2023-09-23,1011,139,79,69,38,60,31,0.5683453237410072,0.5507246376811594,117
2023-09-24,1011,131,81,60,43,50,17,0.6183206106870229,0.7166666666666667,124
2023-09-25,1011,119,83,88,29,36,59,0.6974789915966386,0.32954545454545453,112
2023-09-26,1011,119,78,70,36,41,34,0.6554621848739496,0.5142857142857142,114
2023-09-27,1011,112,74,99,46,38,53,0.6607142857142857,0.46464646464646464,120
2023-09-28,1011,109,77,84,31,32,53,0.7064220183486238,0.36904761904761907,108
2023-09-29,1011,131,71,50,36,60,14,0.5419847328244275,0.72,107
2023-09-30,1011,114,89,75,45,25,30,0.7807017543859649,0.6,134
2023-10-01,1011,122,78,98,35,44,63,0.639344262295082,0.35714285714285715,113
2023-10-02,1011,124,74,61,40,50,21,0.5967741935483871,0.6557377049180327,114
2023-10-03,1011,144,92,65,41,52,24,0.6388888888888888,0.6307692307692307,133
2023-10-04,1011,141,72,59,33,69,26,0.5106382978723404,0.559322033898305,105
2023-10-05,1011,150,95,78,45,55,33,0.6333333333333333,0.5769230769230769,140
2023-10-06,1011,108,82,69,39,26,30,0.7592592592592593,0.5652173913043478,121
2023-10-07,1011,137,72,90,43,65,47,0.5255474452554745,0.4777777777777778,115
2023-10-08,1011,117,71,73,43,46,30,0.6068376068376068,0.589041095890411,114
2023-10-09,1011,117,80,79,50,37,29,0.6837606837606838,0.6329113924050633,130
2023-10-10,1011,129,82,88,36,47,52,0.6356589147286822,0.4090909090909091,118
2023-10-11,1011,129,90,74,39,39,35,0.6976744186046512,0.527027027027027,129
2023-10-12,1011,118,79,98,38,39,60,0.6694915254237288,0.3877551020408163,117
2023-10-13,1011,132,91,78,53,41,25,0.6893939393939394,0.6794871794871795,144
2023-10-14,1011,128,76,70,58,52,12,0.59375,0.8285714285714286,134
2023-10-15,1011,135,68,80,34,67,46,0.5037037037037037,0.425,102
2023-10-16,1011,123,71,97,49,52,48,0.5772357723577236,0.5051546391752577,120
2023-10-17,1011,131,80,93,42,51,51,0.6106870229007634,0.45161290322580644,122
2023-10-18,1011,126,73,60,48,53,12,0.5793650793650794,0.8,121
2023-10-19,1011,128,65,67,33,63,34,0.5078125,0.4925373134328358,98
2023-10-20,1011,120,76,67,36,44,31,0.6333333333333333,0.5373134328358209,112
2023-10-21,1011,125,81,92,45,44,47,0.648,0.4891304347826087,126
2023-10-22,1011,122,76,89,43,46,46,0.6229508196721312,0.48314606741573035,119
2023-10-23,1011,143,76,98,46,67,52,0.5314685314685315,0.46938775510204084,122
2023-10-24,1011,114,101,74,40,13,34,0.8859649122807017,0.5405405405405406,141
2023-10-25,1011,112,89,62,38,23,24,0.7946428571428571,0.6129032258064516,127
2023-10-26,1011,117,85,97,39,32,58,0.7264957264957265,0.4020618556701031,124
2023-10-27,1011,139,71,79,31,68,48,0.5107913669064749,0.3924050632911392,102
2023-10-28,1011,124,92,66,41,32,25,0.7419354838709677,0.6212121212121212,133
2023-10-29,1011,138,93,71,34,45,37,0.6739130434782609,0.4788732394366197,127
2023-10-30,1011,123,74,67,33,49,34,0.6016260162601627,0.4925373134328358,107
2023-10-31,1011,101,83,74,35,18,39,0.8217821782178217,0.47297297297297297,118
2023-11-01,1011,139,81,81,44,58,37,0.5827338129496403,0.5432098765432098,125
2023-11-02,1011,104,74,96,38,30,58,0.7115384615384616,0.3958333333333333,112
2023-11-03,1011,100,69,51,38,31,13,0.69,0.7450980392156863,107
2023-11-04,1011,149,83,86,44,66,42,0.5570469798657718,0.5116279069767442,127
2023-11-05,1011,116,87,93,43,29,50,0.75,0.46236559139784944,130
2023-11-06,1011,138,77,89,43,61,46,0.5579710144927537,0.48314606741573035,120
2023-11-07,1011,136,73,97,33,63,64,0.5367647058823529,0.3402061855670103,106
2023-11-08,1011,141,80,97,30,61,67,0.5673758865248227,0.30927835051546393,110
2023-11-09,1011,143,77,92,30,66,62,0.5384615384615384,0.32608695652173914,107
2023-11-10,1011,109,70,78,42,39,36,0.6422018348623854,0.5384615384615384,112
2023-11-11,1011,128,80,73,34,48,39,0.625,0.4657534246575342,114
2023-11-12,1011,117,83,72,38,34,34,0.7094017094017094,0.5277777777777778,121
2023-11-13,1011,113,79,85,42,34,43,0.6991150442477876,0.49411764705882355,121
2023-11-14,1011,130,81,92,58,49,34,0.6230769230769231,0.6304347826086957,139
2023-11-15,1011,138,68,59,39,70,20,0.4927536231884058,0.6610169491525424,107
2023-11-16,1011,125,74,56,37,51,19,0.592,0.6607142857142857,111
2023-11-17,1011,125,74,78,40,51,38,0.592,0.5128205128205128,114
2023-11-18,1011,101,65,82,39,36,43,0.6435643564356436,0.47560975609756095,104
2023-11-19,1011,106,83,59,39,23,20,0.78301886792452835,0.6610169491525424,122
2023-11-20,1011,141,58,63,39,83,24,0.41134751773049644,0.6190476190476191,97
2023-11-21,1011,106,87,97,44,19,53,0.8207547169811321,0.4536082474226804,131
2023-11-22,1011,147,68,65,45,79,20,0.46258503401360546,0.6923076923076923,113
2023-11-23,1011,121,76,55,22,45,33,0.628099173553719,0.4,98
2023-11-24,1011,121,87,79,40,34,39,0.71900826446281,0.5063291139240507,127
2023-11-25,1011,124,102,98,36,22,62,0.8225806451612904,0.3673469387755102,138
2023-11-26,1011,108,72,66,31,36,35,0.6666666666666666,0.4696969696969697,103
2023-11-27,1011,138,86,82,46,52,36,0.6231884057971014,0.5609756097560976,132
2023-11-28,1011,120,72,70,42,48,28,0.6,0.6,114
2023-11-29,1011,131,72,95,33,59,62,0.549618320610687,0.3473684210526316,105
2023-11-30,1011,145,94,72,43,51,29,0.6482758620689655,0.5972222222222222,137
2023-12-01,1011,136,81,59,39,55,20,0.5955882352941176,0.6610169491525424,120
2023-12-02,1011,140,73,93,42,67,51,0.5214285714285715,0.45161290322580644,115
2023-12-03,1011,113,81,94,38,32,56,0.7168141592920354,0.40425531914893614,119
2023-12-04,1011,110,80,58,54,30,4,0.7272727272727273,0.9310344827586207,134
2023-12-05,1011,108,82,91,36,26,55,0.7592592592592593,0.3956043956043956,118
2023-12-06,1011,102,76,69,35,26,34,0.7450980392156863,0.5072463768115942,111
2023-12-07,1011,114,83,55,44,31,11,0.7280701754385965,0.8,127
2023-12-08,1011,147,88,55,39,59,16,0.5986394557823129,0.7090909090909091,127
2023-12-09,1011,123,87,64,38,36,26,0.7073170731707317,0.59375,125
2023-12-10,1011,100,78,58,35,22,23,0.78,0.603448275862069,113
2023-12-11,1011,146,75,86,33,71,53,0.5136986301369864,0.38372093023255816,108
2023-12-12,1011,141,82,57,44,59,13,0.5815602836879432,0.7719298245614035,126
2023-12-13,1011,102,61,75,37,41,38,0.5980392156862745,0.49333333333333335,98
2023-12-14,1011,128,99,98,39,29,59,0.7734375,0.3979591836734694,138
2023-12-15,1011,112,77,97,43,35,54,0.6875,0.44329896907216493,120
2023-12-16,1011,137,80,79,43,57,36,0.583941605839416,0.5443037974683544,123
2023-12-17,1011,117,61,88,39,56,49,0.5213675213675214,0.4431818181818182,100
2023-12-18,1011,125,83,88,32,42,56,0.664,0.36363636363636365,115
2023-12-19,1011,133,83,78,39,50,39,0.6240601503759399,0.5,122
2023-12-20,1011,137,68,80,32,69,48,0.49635036496350365,0.4,100
2023-12-21,1011,141,83,57,39,58,18,0.5886524822695035,0.6842105263157895,122
2023-12-22,1011,110,75,90,44,35,46,0.6818181818181818,0.4888888888888889,119
2023-12-23,1011,126,74,52,47,52,5,0.5873015873015873,0.9038461538461539,121
2023-12-24,1011,126,69,84,41,57,43,0.5476190476190477,0.4880952380952381,110
2023-12-25,1011,132,87,83,44,45,39,0.6590909090909091,0.5301204819277109,131
2023-12-26,1011,119,79,96,51,40,45,0.6638655462184874,0.53125,130
2023-12-27,1011,145,84,70,42,61,28,0.5793103448275863,0.6,126
2023-12-28,1011,144,98,76,30,46,46,0.6805555555555556,0.39473684210526316,128
2023-12-29,1011,128,86,55,30,42,25,0.671875,0.5454545454545454,116
2023-12-30,1011,109,91,53,43,18,10,0.8348623853211009,0.8113207547169812,134
2023-12-31,1011,125,75,70,48,50,22,0.6,0.6857142857142857,123
2023-01-01,1012,141,73,89,46,68,43,0.5177304964539007,0.5168539325842697,119
2023-01-02,1012,140,85,99,42,55,57,0.6071428571428571,0.42424242424242425,127
2023-01-03,1012,101,83,63,51,18,12,0.8217821782178217,0.8095238095238095,134
2023-01-04,1012,126,79,75,50,47,25,0.626984126984127,0.6666666666666666,129
2023-01-05,1012,135,71,67,44,64,23,0.5259259259259259,0.6567164179104478,115
2023-01-06,1012,136,84,74,44,52,30,0.6176470588235294,0.5945945945945946,128
2023-01-07,1012,121,70,57,41,51,16,0.5785123966942148,0.7192982456140351,111
2023-01-08,1012,145,92,56,42,53,14,0.6344827586206897,0.75,134
2023-01-09,1012,123,71,67,36,52,31,0.5772357723577236,0.5373134328358209,107
2023-01-10,1012,127,73,72,52,54,20,0.5748031496062992,0.7222222222222222,125
2023-01-11,1012,135,92,74,40,43,34,0.6814814814814815,0.5405405405405406,132
2023-01-12,1012,136,98,89,35,38,54,0.7205882352941176,0.39325842696629215,133
2023-01-13,1012,136,85,74,33,51,41,0.625,0.44594594594594594,118
2023-01-14,1012,102,87,67,42,15,25,0.8529411764705882,0.6268656716417911,129
2023-01-15,1012,125,85,90,34,40,56,0.68,0.37777777777777777,119
2023-01-16,1012,116,83,68,29,33,39,0.7155172413793104,0.4264705882352941,112
2023-01-17,1012,123,86,77,39,37,38,0.6991869918699187,0.5064935064935064,125
2023-01-18,1012,122,82,91,32,40,59,0.6721311475409836,0.3516483516483517,114
2023-01-19,1012,110,91,61,35,19,26,0.8272727272727273,0.5737704918032787,126
2023-01-20,1012,138,85,100,37,53,63,0.6159420289855072,0.37,122
2023-01-21,1012,130,75,87,30,55,57,0.5769230769230769,0.3448275862068966,105
2023-01-22,1012,106,84,76,46,22,30,0.7924528301886793,0.6052631578947368,130
2023-01-23,1012,135,91,74,41,44,33,0.674074074074074,0.5540540540540541,132
2023-01-24,1012,101,79,53,38,22,15,0.7821782178217822,0.71698113207547165,117
2023-01-25,1012,118,85,73,41,33,32,0.7203389830508474,0.5616438356164384,126
2023-01-26,1012,142,76,70,41,66,29,0.5352112676056338,0.5857142857142857,117
2023-01-27,1012,103,81,77,43,22,34,0.7864077669902912,0.5584415584415584,124
2023-01-28,1012,137,79,92,44,58,48,0.5766423357664233,0.4782608695652174,123
2023-01-29,1012,124,99,57,36,25,21,0.7983870967741935,0.631578947368421,135
2023-01-30,1012,105,93,100,38,12,62,0.8857142857142857,0.38,131
2023-01-31,1012,124,83,73,33,41,40,0.6693548387096774,0.4520547945205479,116
2023-02-01,1012,135,94,87,40,41,47,0.6962962962962963,0.45977011494252873,134
2023-02-02,1012,136,92,63,49,44,14,0.6764705882352942,0.7777777777777778,141
2023-02-03,1012,128,59,97,36,69,61,0.4609375,0.3711340206185567,95
2023-02-04,1012,101,72,98,42,29,56,0.7128712871287128,0.42857142857142855,114
2023-02-05,1012,145,92,69,33,53,36,0.6344827586206897,0.4782608695652174,125
2023-02-06,1012,150,70,82,46,80,36,0.4666666666666667,0.5609756097560976,116
2023-02-07,1012,126,65,52,32,61,20,0.5158730158730159,0.6153846153846154,97
2023-02-08,1012,100,87,59,26,13,33,0.87,0.4406779661016949,113
2023-02-09,1012,146,90,91,27,56,64,0.6164383561643836,0.2967032967032967,117
2023-02-10,1012,144,92,70,29,52,41,0.6388888888888888,0.4142857142857143,121
2023-02-11,1012,119,89,53,39,30,14,0.7478991596638656,0.7358490566037735,128
2023-02-12,1012,133,79,52,38,54,14,0.5939849624060151,0.7307692307692307,117
2023-02-13,1012,126,81,77,36,45,41,0.6428571428571429,0.4675324675324675,117
2023-02-14,1012,104,72,84,52,32,32,0.6923076923076923,0.6190476190476191,124
2023-02-15,1012,149,65,99,46,84,53,0.436241610738255,0.46464646464646464,111
2023-02-16,1012,125,86,85,38,39,47,0.688,0.4470588235294118,124
2023-02-17,1012,109,93,72,35,16,37,0.8532110091743119,0.4861111111111111,128
2023-02-18,1012,132,87,93,39,45,54,0.6590909090909091,0.41935483870967744,126
2023-02-19,1012,106,87,52,35,19,17,0.8207547169811321,0.6730769230769231,122
2023-02-20,1012,132,95,60,39,37,21,0.7196969696969697,0.65,134
2023-02-21,1012,147,77,78,39,70,39,0.5238095238095238,0.5,116
2023-02-22,1012,129,90,76,39,39,37,0.6976744186046512,0.5131578947368421,129
2023-02-23,1012,103,89,67,42,14,25,0.8640776699029126,0.6268656716417911,131
2023-02-24,1012,107,86,56,39,21,17,0.8037383177570093,0.6964285714285714,125
2023-02-25,1012,105,100,55,39,5,16,0.9523809523809523,0.7090909090909091,139
2023-02-26,1012,137,83,51,31,54,20,0.6058394160583942,0.6078431372549019,114
2023-02-27,1012,146,85,99,48,61,51,0.5821917808219178,0.48484848484848486,133
2023-02-28,1012,144,88,68,46,56,22,0.6111111111111112,0.6764705882352942,134
2023-03-01,1012,130,86,81,55,44,26,0.6615384615384615,0.6790123456790124,141
2023-03-02,1012,135,82,78,27,53,51,0.6074074074074074,0.34615384615384615,109
2023-03-03,1012,145,84,87,41,61,46,0.5793103448275863,0.47126436781609193,125
2023-03-04,1012,137,95,87,35,42,52,0.6934306569343066,0.40229885057471265,130
2023-03-05,1012,107,76,68,34,31,34,0.7102803738317757,0.5,110
2023-03-06,1012,111,81,91,38,30,53,0.7297297297297297,0.4175824175824176,119
2023-03-07,1012,105,75,96,37,30,59,0.7142857142857143,0.3854166666666667,112
2023-03-08,1012,150,77,99,35,73,64,0.5133333333333333,0.35353535353535354,112
2023-03-09,1012,143,91,72,45,52,27,0.6363636363636364,0.625,136
2023-03-10,1012,105,89,89,40,16,49,0.8476190476190476,0.449438202247191,129
2023-03-11,1012,142,72,68,34,70,34,0.5070422535211268,0.5,106
2023-03-12,1012,115,76,99,51,39,48,0.6608695652173913,0.5151515151515151,127
2023-03-13,1012,128,71,91,37,57,54,0.5546875,0.4065934065934066,108
2023-03-14,1012,112,76,69,51,36,18,0.6785714285714286,0.7391304347826086,127
2023-03-15,1012,105,77,51,41,28,10,0.7333333333333333,0.803921568627451,118
2023-03-16,1012,144,87,51,43,57,8,0.6041666666666666,0.8431372549019608,130
2023-03-17,1012,114,66,86,48,48,38,0.5789473684210527,0.5581395348837209,114
2023-03-18,1012,105,83,81,27,22,54,0.7904761904761904,0.3333333333333333,110
2023-03-19,1012,141,70,99,40,71,59,0.49645390070921985,0.40404040404040403,110
2023-03-20,1012,126,100,99,37,26,62,0.7936507936507936,0.37373737373737376,137
2023-03-21,1012,115,81,56,43,34,13,0.7043478260869566,0.7678571428571429,124
2023-03-22,1012,127,94,81,35,33,46,0.7401574803149606,0.43209876543209874,129
2023-03-23,1012,117,66,83,43,51,40,0.5641025641025641,0.5180722891566265,109
2023-03-24,1012,121,78,100,40,43,60,0.6446280991735537,0.4,118
2023-03-25,1012,119,72,58,39,47,19,0.6050420168067226,0.6724137931034483,111
2023-03-26,1012,117,80,93,27,37,66,0.6837606837606838,0.2903225806451613,107
2023-03-27,1012,117,81,80,48,36,32,0.6923076923076923,0.6,129
2023-03-28,1012,120,67,54,39,53,15,0.5583333333333333,0.7222222222222222,106
2023-03-29,1012,122,80,62,39,42,23,0.6557377049180327,0.6290322580645161,119
2023-03-30,1012,145,83,63,44,62,19,0.5724137931034483,0.6984126984126984,127
2023-03-31,1012,105,79,96,33,26,63,0.7523809523809524,0.34375,112
2023-04-01,1012,137,77,87,35,60,52,0.5620437956204379,0.40229885057471265,112
2023-04-02,1012,111,72,95,53,39,42,0.6486486486486487,0.5578947368421052,125
2023-04-03,1012,102,72,89,43,30,46,0.7058823529411765,0.48314606741573035,115
2023-04-04,1012,119,97,51,39,22,12,0.8151260504201681,0.7647058823529411,136
2023-04-05,1012,109,90,66,38,19,28,0.8256880733944955,0.5757575757575758,128
2023-04-06,1012,140,76,100,33,64,67,0.5428571428571428,0.33,109
2023-04-07,1012,109,90,93,34,19,59,0.8256880733944955,0.3655913978494624,124
2023-04-08,1012,149,99,60,35,50,25,0.6644295302013423,0.5833333333333334,134
2023-04-09,1012,113,97,92,56,16,36,0.8584070796460177,0.6086956521739131,153
2023-04-10,1012,140,75,86,44,65,42,0.5357142857142857,0.5116279069767442,119
2023-04-11,1012,113,73,77,48,40,29,0.6460176991150443,0.6233766233766234,121
2023-04-12,1012,100,95,74,37,5,37,0.95,0.5,132
2023-04-13,1012,145,61,69,46,84,23,0.4206896551724138,0.6666666666666666,107
2023-04-14,1012,121,71,72,32,50,40,0.5867768595041323,0.4444444444444444,103
2023-04-15,1012,149,75,59,38,74,21,0.5033557046979866,0.6440677966101694,113
2023-04-16,1012,140,85,96,33,55,63,0.6071428571428571,0.34375,118
2023-04-17,1012,149,71,80,41,78,39,0.47651006711409394,0.5125,112
2023-04-18,1012,132,73,55,39,59,16,0.553030303030303,0.7090909090909091,112
2023-04-19,1012,138,89,83,45,49,38,0.644927536231884,0.54216867469879515,134
2023-04-20,1012,134,70,65,32,64,33,0.5223880597014925,0.49230769230769234,102
2023-04-21,1012,144,72,94,30,72,64,0.5,0.3191489361702128,102
2023-04-22,1012,140,88,100,38,52,62,0.6285714285714286,0.38,126
2023-04-23,1012,137,86,88,46,51,42,0.6277372262773723,0.5227272727272727,132
2023-04-24,1012,147,74,96,39,73,57,0.5034013605442177,0.40625,113
2023-04-25,1012,139,76,60,39,63,21,0.5467625899280576,0.65,115
2023-04-26,1012,124,76,75,47,48,28,0.6129032258064516,0.6266666666666667,123
2023-04-27,1012,109,72,91,37,37,54,0.6605504587155964,0.4065934065934066,109
2023-04-28,1012,124,97,52,50,27,2,0.782258064516129,0.9615384615384616,147
2023-04-29,1012,105,80,62,51,25,11,0.7619047619047619,0.8225806451612904,131
2023-04-30,1012,117,75,50,27,42,23,0.6410256410256411,0.54,102
2023-05-01,1012,110,76,50,38,34,12,0.6909090909090909,0.76,114
2023-05-02,1012,101,86,62,37,15,25,0.8514851485148515,0.5967741935483871,123
2023-05-03,1012,132,91,63,32,41,31,0.6893939393939394,0.5079365079365079,123
2023-05-04,1012,119,75,56,40,44,16,0.6302521008403361,0.7142857142857143,115
2023-05-05,1012,129,67,54,38,62,16,0.5193798449612403,0.7037037037037037,105
2023-05-06,1012,103,88,96,37,15,59,0.8543689320388349,0.3854166666666667,125
2023-05-07,1012,121,79,92,42,42,50,0.6528925619834711,0.45652173913043476,121
2023-05-08,1012,114,87,94,44,27,50,0.7631578947368421,0.46808510638297873,131
2023-05-09,1012,145,78,95,38,67,57,0.5379310344827586,0.4,116
2023-05-10,1012,103,71,86,40,32,46,0.6893203883495146,0.46511627906976744,111
2023-05-11,1012,133,74,99,34,59,65,0.556390977443609,0.3434343434343434,108
2023-05-12,1012,132,70,63,40,62,23,0.5303030303030303,0.6349206349206349,110
2023-05-13,1012,122,65,56,43,57,13,0.5327868852459017,0.7678571428571429,108
2023-05-14,1012,134,87,80,31,47,49,0.6492537313432836,0.3875,118
2023-05-15,1012,113,85,95,43,28,52,0.7522123893805309,0.45263157894736844,128
2023-05-16,1012,101,76,88,32,25,56,0.7524752475247525,0.36363636363636365,108
2023-05-17,1012,104,82,73,35,22,38,0.7884615384615384,0.4794520547945205,117
2023-05-18,1012,111,78,83,35,33,48,0.7027027027027027,0.42168674698795183,113
2023-05-19,1012,106,71,96,52,35,44,0.6698113207547169,0.5416666666666666,123
2023-05-20,1012,134,78,55,30,56,25,0.582089552238806,0.5454545454545454,108
2023-05-21,1012,117,79,80,37,38,43,0.6752136752136753,0.4625,116
2023-05-22,1012,110,79,77,54,31,23,0.7181818181818181,0.7012987012987013,133
2023-05-23,1012,136,76,99,36,60,63,0.5588235294117647,0.36363636363636365,112
2023-05-24,1012,120,84,68,50,36,18,0.7,0.7352941176470589,134
2023-05-25,1012,109,69,90,32,40,58,0.6330275229357798,0.35555555555555557,101
2023-05-26,1012,143,77,91,38,66,53,0.5384615384615384,0.4175824175824176,115
2023-05-27,1012,130,86,66,33,44,33,0.6615384615384615,0.5,119
2023-05-28,1012,118,87,89,41,31,48,0.7372881355932204,0.4606741573033708,128
2023-05-29,1012,141,63,77,49,78,28,0.44680851063829785,0.6363636363636364,112
2023-05-30,1012,145,75,52,39,70,13,0.5172413793103449,0.75,114
2023-05-31,1012,145,77,55,36,68,19,0.5310344827586206,0.6545454545454545,113
2023-06-01,1012,123,86,59,41,37,18,0.6991869918699187,0.6949152542372882,127
2023-06-02,1012,113,63,97,37,50,60,0.5575221238938053,0.38144329896907214,100
2023-06-03,1012,133,80,71,34,53,37,0.6015037593984962,0.4788732394366197,114
2023-06-04,1012,138,80,93,32,58,61,0.5797101449275363,0.34408602150537637,112
2023-06-05,1012,102,87,77,32,15,45,0.8529411764705882,0.4155844155844156,119
2023-06-06,1012,134,86,98,43,48,55,0.6417910447761194,0.4387755102040816,129
2023-06-07,1012,139,83,78,48,56,30,0.5971223021582733,0.6153846153846154,131
2023-06-08,1012,124,82,99,48,42,51,0.6612903225806451,0.48484848484848486,130
2023-06-09,1012,143,65,80,30,78,50,0.45454545454545453,0.375,95
2023-06-10,1012,133,80,53,43,53,10,0.6015037593984962,0.8113207547169812,123
2023-06-11,1012,141,85,83,39,56,44,0.6028368794326241,0.46987951807228917,124
2023-06-12,1012,133,77,76,30,56,46,0.5789473684210527,0.39473684210526316,107
2023-06-13,1012,128,66,63,39,62,24,0.515625,0.6190476190476191,105
2023-06-14,1012,112,73,56,48,39,8,0.6517857142857143,0.8571428571428571,121
2023-06-15,1012,124,62,76,38,62,38,0.5,0.5,100
2023-06-16,1012,129,88,58,47,41,11,0.6821705426356589,0.8103448275862069,135
2023-06-17,1012,144,89,68,30,55,38,0.6180555555555556,0.4411764705882353,119
2023-06-18,1012,139,63,72,36,76,36,0.45323741007194246,0.5,99
2023-06-19,1012,106,84,58,45,22,13,0.7924528301886793,0.7758620689655172,129
2023-06-20,1012,103,73,93,52,30,41,0.7087378640776699,0.5591397849462365,125
2023-06-21,1012,122,76,53,29,46,24,0.6229508196721312,0.5471698113207547,105
2023-06-22,1012,137,83,56,41,54,15,0.6058394160583942,0.7321428571428571,124
2023-06-23,1012,117,87,92,38,30,54,0.7435897435897436,0.41304347826086957,125
2023-06-24,1012,139,77,51,37,62,14,0.5539568345323741,0.7254901960784313,114
2023-06-25,1012,104,84,86,54,20,32,0.8076923076923077,0.627906976744186,138
2023-06-26,1012,114,80,93,28,34,65,0.7017543859649122,0.3010752688172043,108
2023-06-27,1012,129,83,80,41,46,39,0.6434108527131783,0.5125,124
2023-06-28,1012,136,78,80,45,58,35,0.5735294117647058,0.5625,123
2023-06-29,1012,147,77,50,46,70,4,0.5238095238095238,0.92,123
2023-06-30,1012,109,85,56,44,24,12,0.7798165137614679,0.7857142857142857,129
2023-07-01,1012,120,80,55,45,40,10,0.6666666666666666,0.8181818181818182,125
2023-07-02,1012,137,93,82,48,44,34,0.6788321167883211,0.5853658536585366,141
2023-07-03,1012,149,96,50,43,53,7,0.6442953020134228,0.86,139
2023-07-04,1012,123,78,79,37,45,42,0.6341463414634146,0.46835443037974683,115
2023-07-05,1012,124,86,99,32,38,67,0.6935483870967742,0.32323232323232326,118
2023-07-06,1012,143,76,100,48,67,52,0.5314685314685315,0.48,124
2023-07-07,1012,140,89,57,43,51,14,0.6357142857142857,0.7543859649122807,132
2023-07-08,1012,127,74,57,29,53,28,0.5826771653543307,0.5087719298245614,103
2023-07-09,1012,111,90,95,44,21,51,0.8108108108108109,0.4631578947368421,134
2023-07-10,1012,101,71,98,32,30,66,0.7029702970297029,0.32653061224489793,103
2023-07-11,1012,114,71,77,41,43,36,0.6228070175438597,0.5324675324675324,112
2023-07-12,1012,131,81,55,30,50,25,0.6183206106870229,0.5454545454545454,111
2023-07-13,1012,100,78,93,33,22,60,0.78,0.3548387096774194,111
2023-07-14,1012,124,92,88,41,32,47,0.7419354838709677,0.4659090909090909,133
2023-07-15,1012,118,71,65,45,47,20,0.6016949152542372,0.6923076923076923,116
2023-07-16,1012,129,82,98,32,47,66,0.6356589147286822,0.32653061224489793,114
2023-07-17,1012,146,76,69,40,70,29,0.5205479452054794,0.5797101449275363,116
2023-07-18,1012,112,87,68,42,25,26,0.7767857142857143,0.6176470588235294,129
2023-07-19,1012,128,84,85,54,44,31,0.65625,0.6352941176470588,138
2023-07-20,1012,141,76,53,31,65,22,0.5390070921985816,0.5849056603773585,107
2023-07-21,1012,131,75,56,37,56,19,0.5725190839694656,0.6607142857142857,112
2023-07-22,1012,121,72,72,30,49,42,0.5950413223140496,0.4166666666666667,102
2023-07-23,1012,104,71,86,34,33,52,0.6826923076923077,0.3953488372093023,105
2023-07-24,1012,127,100,58,51,27,7,0.7874015748031497,0.8793103448275862,151
2023-07-25,1012,102,100,68,45,2,23,0.9803921568627451,0.6617647058823529,145
2023-07-26,1012,102,76,92,44,26,48,0.7450980392156863,0.4782608695652174,120
2023-07-27,1012,121,83,67,35,38,32,0.6859504132231405,0.5223880597014925,118
2023-07-28,1012,142,72,95,49,70,46,0.5070422535211268,0.5157894736842106,121
2023-07-29,1012,110,68,76,38,42,38,0.6181818181818182,0.5,106
2023-07-30,1012,143,90,59,34,53,25,0.6293706293706294,0.576271186440678,124
2023-07-31,1012,131,76,77,41,55,36,0.5801526717557252,0.5324675324675324,117
2023-08-01,1012,115,88,92,37,27,55,0.7652173913043478,0.40217391304347827,125
2023-08-02,1012,125,87,100,27,38,73,0.696,0.27,114
2023-08-03,1012,141,63,81,45,78,36,0.44680851063829785,0.5555555555555556,108
2023-08-04,1012,148,70,93,40,78,53,0.47297297297297297,0.43010752688172044,110
2023-08-05,1012,114,87,54,32,27,22,0.7631578947368421,0.5925925925925926,119
2023-08-06,1012,123,80,66,41,43,25,0.6504065040650406,0.6212121212121212,121
2023-08-07,1012,130,87,78,44,43,34,0.6692307692307692,0.5641025641025641,131
2023-08-08,1012,123,72,57,34,51,23,0.5853658536585366,0.5964912280701754,106
2023-08-09,1012,106,77,99,33,29,66,0.7264150943396226,0.3333333333333333,110
2023-08-10,1012,106,70,76,34,36,42,0.660377358490566,0.4473684210526316,104
2023-08-11,1012,150,100,93,37,50,56,0.6666666666666666,0.3978494623655914,137
2023-08-12,1012,123,83,78,42,40,36,0.6747967479674797,0.5384615384615384,125
2023-08-13,1012,123,73,72,41,50,31,0.5934959349593496,0.5694444444444444,114
2023-08-14,1012,107,73,95,42,34,53,0.6822429906542056,0.4421052631578947,115
2023-08-15,1012,115,72,60,28,43,32,0.6260869565217392,0.4666666666666667,100
2023-08-16,1012,114,74,95,31,40,64,0.6491228070175439,0.3263157894736842,105
2023-08-17,1012,103,84,82,40,19,42,0.8155339805825242,0.4878048780487805,124
2023-08-18,1012,100,55,93,31,45,62,0.55,0.3333333333333333,86
2023-08-19,1012,135,84,75,54,51,21,0.6222222222222222,0.72,138
2023-08-20,1012,108,78,73,43,30,30,0.7222222222222222,0.589041095890411,121
2023-08-21,1012,150,83,60,33,67,27,0.5533333333333333,0.55,116
2023-08-22,1012,118,84,85,32,34,53,0.711864406779661,0.3764705882352941,116
2023-08-23,1012,127,83,74,43,44,31,0.6535433070866141,0.581081081081081,126
2023-08-24,1012,124,78,81,36,46,45,0.6290322580645161,0.4444444444444444,114
2023-08-25,1012,108,78,76,41,30,35,0.7222222222222222,0.5394736842105263,119
2023-08-26,1012,117,75,64,40,42,24,0.6410256410256411,0.625,115
2023-08-27,1012,121,62,53,26,59,27,0.512396694214876,0.49056603773584906,88
2023-08-28,1012,126,78,94,41,48,53,0.6190476190476191,0.43617021276595747,119
2023-08-29,1012,132,73,97,31,59,66,0.553030303030303,0.31958762886597936,104
2023-08-30,1012,137,77,70,38,60,32,0.5620437956204379,0.5428571428571428,115
2023-08-31,1012,126,79,98,44,47,54,0.626984126984127,0.4489795918367347,123
2023-09-01,1012,144,72,58,49,72,9,0.5,0.8448275862068966,121
2023-09-02,1012,141,80,69,35,61,34,0.5673758865248227,0.5072463768115942,115
2023-09-03,1012,112,76,86,53,36,33,0.6785714285714286,0.6162790697674418,129
2023-09-04,1012,108,84,57,48,24,9,0.7777777777777778,0.8421052631578947,132
2023-09-05,1012,131,84,59,44,47,15,0.6412213740458015,0.7457627118644068,128
2023-09-06,1012,137,80,98,46,57,52,0.583941605839416,0.46938775510204084,126
2023-09-07,1012,118,93,51,48,25,3,0.788135593220339,0.9411764705882353,141
2023-09-08,1012,122,81,67,41,41,26,0.6639344262295082,0.6119402985074627,122
2023-09-09,1012,112,72,52,45,40,7,0.6428571428571429,0.8653846153846154,117
2023-09-10,1012,133,78,72,41,55,31,0.5864661654135338,0.5694444444444444,119
2023-09-11,1012,108,80,53,27,28,26,0.7407407407407407,0.5094339622641509,107
2023-09-12,1012,142,78,72,42,64,30,0.5492957746478874,0.5833333333333334,120
2023-09-13,1012,109,72,62,37,37,25,0.6605504587155964,0.5967741935483871,109
2023-09-14,1012,140,70,87,44,70,43,0.5,0.5057471264367817,114
2023-09-15,1012,106,87,97,39,19,58,0.8207547169811321,0.4020618556701031,126
2023-09-16,1012,121,82,80,49,39,31,0.6776859504132231,0.6125,131
2023-09-17,1012,119,86,87,38,33,49,0.7226890756302521,0.4367816091954023,124
2023-09-18,1012,127,95,94,40,32,54,0.7480314960629921,0.425531914893617,135
2023-09-19,1012,143,72,58,43,71,15,0.5034965034965035,0.7413793103448276,115
2023-09-20,1012,132,74,71,44,58,27,0.5606060606060606,0.6197183098591549,118
2023-09-21,1012,144,84,61,47,60,14,0.5833333333333334,0.7704918032786885,131
2023-09-22,1012,135,71,89,34,64,55,0.5259259259259259,0.38202247191011235,105
2023-09-23,1012,117,77,68,35,40,33,0.6581196581196581,0.5147058823529411,112
2023-09-24,1012,117,66,70,50,51,20,0.5641025641025641,0.7142857142857143,116
2023-09-25,1012,111,83,89,41,28,48,0.7477477477477478,0.4606741573033708,124
2023-09-26,1012,137,82,72,48,55,24,0.5985401459854015,0.6666666666666666,130
2023-09-27,1012,107,82,83,51,25,32,0.7663551401869159,0.6144578313253012,133
2023-09-28,1012,101,77,92,40,24,52,0.7623762376237624,0.43478260869565216,117
2023-09-29,1012,121,92,57,32,29,25,0.7603305785123967,0.5614035087719298,124
2023-09-30,1012,148,82,93,47,66,46,0.5540540540540541,0.5053763440860215,129
2023-10-01,1012,119,84,66,52,35,14,0.7058823529411765,0.7878787878787878,136
2023-10-02,1012,140,69,100,39,71,61,0.4928571428571429,0.39,108
2023-10-03,1012,128,82,80,43,46,37,0.640625,0.5375,125
2023-10-04,1012,137,76,76,37,61,39,0.5547445255474452,0.4868421052631579,113
2023-10-05,1012,142,72,81,40,70,41,0.5070422535211268,0.49382716049382713,112
2023-10-06,1012,132,77,86,43,55,43,0.5833333333333334,0.5,120
2023-10-07,1012,104,83,78,34,21,44,0.7980769230769231,0.4358974358974359,117
2023-10-08,1012,111,72,92,34,39,58,0.6486486486486487,0.3695652173913043,106
2023-10-09,1012,105,74,59,43,31,16,0.7047619047619048,0.7288135593220338,117
2023-10-10,1012,124,82,70,44,42,26,0.6612903225806451,0.6285714285714286,126
2023-10-11,1012,124,69,63,31,55,32,0.5564516129032258,0.49206349206349204,100
2023-10-12,1012,145,77,99,41,68,58,0.5310344827586206,0.41414141414141414,118
2023-10-13,1012,126,79,65,34,47,31,0.626984126984127,0.5230769230769231,113
2023-10-14,1012,108,78,63,50,30,13,0.7222222222222222,0.7936507936507936,128
2023-10-15,1012,115,85,52,44,30,8,0.7391304347826086,0.8461538461538461,129
2023-10-16,1012,104,78,74,45,26,29,0.75,0.6081081081081081,123
2023-10-17,1012,109,78,86,31,31,55,0.7155963302752294,0.36046511627906974,109
2023-10-18,1012,115,82,63,42,33,21,0.7130434782608696,0.6666666666666666,124
2023-10-19,1012,109,94,65,40,15,25,0.8623853211009175,0.6153846153846154,134
2023-10-20,1012,145,64,56,31,81,25,0.4413793103448276,0.5535714285714286,95
2023-10-21,1012,115,69,70,33,46,37,0.6,0.4714285714285714,102
2023-10-22,1012,113,85,97,45,28,52,0.7522123893805309,0.4639175257731959,130
2023-10-23,1012,101,80,81,50,21,31,0.7920792079207921,0.6172839506172839,130
2023-10-24,1012,125,87,94,52,38,42,0.696,0.5531914893617021,139
2023-10-25,1012,118,81,81,34,37,47,0.6864406779661016,0.41975308641975306,115
2023-10-26,1012,142,65,69,40,77,29,0.45774647887323944,0.5797101449275363,105
2023-10-27,1012,103,82,57,42,21,15,0.7961165048543689,0.7368421052631579,124
2023-10-28,1012,132,69,51,43,63,8,0.5227272727272727,0.8431372549019608,112
2023-10-29,1012,145,80,88,31,65,57,0.5517241379310345,0.3522727272727273,111
2023-10-30,1012,101,88,76,37,13,39,0.8712871287128713,0.4868421052631579,125
2023-10-31,1012,108,90,91,42,18,49,0.8333333333333334,0.46153846153846156,132
2023-11-01,1012,142,79,84,48,63,36,0.5563380281690141,0.5714285714285714,127
2023-11-02,1012,100,83,74,38,17,36,0.83,0.5135135135135135,121
2023-11-03,1012,114,85,92,44,29,48,0.7456140350877193,0.4782608695652174,129
2023-11-04,1012,145,77,80,43,68,37,0.5310344827586206,0.5375,120
2023-11-05,1012,104,70,88,64,34,24,0.6730769230769231,0.7272727272727273,134
2023-11-06,1012,136,72,90,43,64,47,0.5294117647058824,0.4777777777777778,115
2023-11-07,1012,123,78,79,41,45,38,0.6341463414634146,0.5189873417721519,119
2023-11-08,1012,116,81,56,33,35,23,0.6982758620689655,0.5892857142857143,114
2023-11-09,1012,100,83,66,29,17,37,0.83,0.4393939393939394,112
2023-11-10,1012,103,88,84,41,15,43,0.8543689320388349,0.4880952380952381,129
2023-11-11,1012,142,92,88,33,50,55,0.647887323943662,0.375,125
2023-11-12,1012,107,69,86,43,38,43,0.6448598130841121,0.5,112
2023-11-13,1012,111,72,59,35,39,24,0.6486486486486487,0.5932203389830508,107
2023-11-14,1012,125,79,97,40,46,57,0.632,0.41237113402061853,119
2023-11-15,1012,123,87,86,32,36,54,0.7073170731707317,0.37209302325581395,119
2023-11-16,1012,100,84,69,47,16,22,0.84,0.6811594202898551,131
2023-11-17,1012,134,89,96,47,45,49,0.664179104477612,0.4895833333333333,136
2023-11-18,1012,106,73,82,37,33,45,0.6886792452830188,0.45121951219512196,110
2023-11-19,1012,135,92,60,41,43,19,0.6814814814814815,0.6833333333333333,133
2023-11-20,1012,139,72,95,43,67,52,0.5179856115107914,0.45263157894736844,115
2023-11-21,1012,110,88,95,39,22,56,0.8,0.4105263157894737,127
2023-11-22,1012,141,86,50,35,55,15,0.6099290780141844,0.7,121
2023-11-23,1012,131,77,91,43,54,48,0.5877862595419847,0.4725274725274725,120
2023-11-24,1012,125,82,62,34,43,28,0.656,0.5483870967741935,116
2023-11-25,1012,112,61,52,41,51,11,0.5446428571428571,0.7884615384615384,102
2023-11-26,1012,108,88,91,34,20,57,0.8148148148148148,0.37362637362637363,122
2023-11-27,1012,114,78,51,36,36,15,0.6842105263157895,0.7058823529411765,114
2023-11-28,1012,115,86,96,38,29,58,0.7478260869565218,0.3958333333333333,124
2023-11-29,1012,118,88,77,42,30,35,0.7457627118644068,0.5454545454545454,130
2023-11-30,1012,149,88,96,43,61,53,0.5906040268456376,0.4479166666666667,131
2023-12-01,1012,128,71,82,47,57,35,0.5546875,0.573170731707317,118
2023-12-02,1012,109,67,59,51,42,8,0.6146788990825688,0.864406779661017,118
2023-12-03,1012,110,79,65,40,31,25,0.7181818181818181,0.6153846153846154,119
2023-12-04,1012,135,81,71,38,54,33,0.6,0.5352112676056338,119
2023-12-05,1012,117,78,83,52,39,31,0.6666666666666666,0.6265060240963856,130
2023-12-06,1012,149,67,60,32,82,28,0.44966442953020136,0.5333333333333333,99
2023-12-07,1012,101,66,73,58,35,15,0.6534653465346535,0.7945205479452054,124
2023-12-08,1012,129,74,55,40,55,15,0.5736434108527132,0.7272727272727273,114
2023-12-09,1012,127,70,82,50,57,32,0.5511811023622047,0.6097560975609756,120
2023-12-10,1012,128,85,72,50,43,22,0.6640625,0.6944444444444444,135
2023-12-11,1012,142,88,85,43,54,42,0.6197183098591549,0.5058823529411764,131
2023-12-12,1012,138,78,96,44,60,52,0.5652173913043478,0.4583333333333333,122
2023-12-13,1012,141,69,70,37,72,33,0.48936170212765956,0.5285714285714286,106
2023-12-14,1012,121,71,90,41,50,49,0.5867768595041323,0.45555555555555555,112
2023-12-15,1012,137,71,95,42,66,53,0.5182481751824818,0.4421052631578947,113
2023-12-16,1012,117,74,51,42,43,9,0.6324786324786325,0.8235294117647058,116
2023-12-17,1012,121,91,56,34,30,22,0.7520661157024794,0.6071428571428571,125
2023-12-18,1012,136,70,65,44,66,21,0.5147058823529411,0.676923076923077,114
2023-12-19,1012,145,64,73,35,81,38,0.4413793103448276,0.4794520547945205,99
2023-12-20,1012,147,86,93,42,61,51,0.5850340136054422,0.45161290322580644,128
2023-12-21,1012,112,80,84,36,32,48,0.7142857142857143,0.42857142857142855,116
2023-12-22,1012,128,79,88,32,49,56,0.6171875,0.36363636363636365,111
2023-12-23,1012,100,62,98,35,38,63,0.62,0.35714285714285715,97
2023-12-24,1012,122,96,64,40,26,24,0.7868852459016393,0.625,136
2023-12-25,1012,111,81,83,42,30,41,0.7297297297297297,0.5060240963855421,123
2023-12-26,1012,119,74,90,40,45,50,0.6218487394957983,0.4444444444444444,114
2023-12-27,1012,121,77,50,47,44,3,0.6363636363636364,0.94,124
2023-12-28,1012,133,82,90,43,51,47,0.6165413533834586,0.4777777777777778,125
2023-12-29,1012,126,77,52,34,49,18,0.6111111111111112,0.6538461538461539,111
2023-12-30,1012,144,76,85,40,68,45,0.5277777777777778,0.47058823529411764,116
2023-12-31,1012,134,84,68,41,50,27,0.6268656716417911,0.6029411764705882,125
2023-01-01,1013,102,72,92,46,30,46,0.7058823529411765,0.5,118
2023-01-02,1013,101,65,96,45,36,51,0.6435643564356436,0.46875,110
2023-01-03,1013,129,73,53,41,56,12,0.5658914728682171,0.7735849056603774,114
2023-01-04,1013,114,81,64,46,33,18,0.7105263157894737,0.71875,127
2023-01-05,1013,117,72,58,48,45,10,0.6153846153846154,0.8275862068965517,120
2023-01-06,1013,136,86,99,38,50,61,0.6323529411764706,0.3838383838383838,124
2023-01-07,1013,114,68,87,34,46,53,0.5964912280701754,0.39080459770114945,102
2023-01-08,1013,129,89,63,35,40,28,0.689922480620155,0.5555555555555556,124
2023-01-09,1013,141,70,87,34,71,53,0.49645390070921985,0.39080459770114945,104
2023-01-10,1013,132,87,77,22,45,55,0.6590909090909091,0.2857142857142857,109
2023-01-11,1013,112,85,74,41,27,33,0.7589285714285714,0.5540540540540541,126
2023-01-12,1013,117,77,51,51,40,0,0.6581196581196581,1,128
2023-01-13,1013,147,66,76,34,81,42,0.4489795918367347,0.4473684210526316,100
2023-01-14,1013,144,79,76,52,65,24,0.5486111111111112,0.6842105263157895,131
2023-01-15,1013,113,52,85,38,61,47,0.46017699115044247,0.4470588235294118,90
2023-01-16,1013,129,95,58,31,34,27,0.7364341085271318,0.5344827586206896,126
2023-01-17,1013,103,90,68,31,13,37,0.8737864077669902,0.45588235294117646,121
2023-01-18,1013,120,89,93,38,31,55,0.7416666666666667,0.40860215053763443,127
2023-01-19,1013,124,79,91,40,45,51,0.6370967741935484,0.43956043956043955,119
2023-01-20,1013,112,85,100,38,27,62,0.7589285714285714,0.38,123
2023-01-21,1013,136,73,83,34,63,49,0.5367647058823529,0.40963855421686746,107
2023-01-22,1013,114,88,51,38,26,13,0.7719298245614035,0.7450980392156863,126
2023-01-23,1013,114,65,60,46,49,14,0.5701754385964912,0.7666666666666667,111
2023-01-24,1013,132,64,53,39,68,14,0.48484848484848486,0.7358490566037735,103
2023-01-25,1013,147,79,81,44,68,37,0.5374149659863946,0.5432098765432098,123
2023-01-26,1013,131,79,94,38,52,56,0.6030534351145038,0.40425531914893614,117
2023-01-27,1013,130,79,90,47,51,43,0.6076923076923076,0.5222222222222223,126
2023-01-28,1013,127,97,56,40,30,16,0.7637795275590551,0.7142857142857143,137
2023-01-29,1013,106,69,64,47,37,17,0.6509433962264151,0.734375,116
2023-01-30,1013,140,65,87,47,75,40,0.4642857142857143,0.5402298850574713,112
2023-01-31,1013,107,86,88,42,21,46,0.8037383177570093,0.4772727272727273,128
2023-02-01,1013,117,69,51,41,48,10,0.5897435897435898,0.803921568627451,110
2023-02-02,1013,141,72,88,41,69,47,0.5106382978723404,0.4659090909090909,113
2023-02-03,1013,141,76,58,42,65,16,0.5390070921985816,0.7241379310344828,118
2023-02-04,1013,128,88,84,34,40,50,0.6875,0.40476190476190477,122
2023-02-05,1013,130,85,52,29,45,23,0.6538461538461539,0.5576923076923077,114
2023-02-06,1013,126,80,71,43,46,28,0.6349206349206349,0.6056338028169014,123
2023-02-07,1013,130,88,61,36,42,25,0.676923076923077,0.5901639344262295,124
2023-02-08,1013,133,67,60,36,66,24,0.5037593984962406,0.6,103
2023-02-09,1013,144,65,97,28,79,69,0.4513888888888889,0.28865979381443296,93
2023-02-10,1013,131,76,63,45,55,18,0.5801526717557252,0.7142857142857143,121
2023-02-11,1013,139,74,64,46,65,18,0.5323741007194245,0.71875,120
2023-02-12,1013,116,88,77,37,28,40,0.7586206896551724,0.4805194805194805,125
2023-02-13,1013,104,83,73,42,21,31,0.7980769230769231,0.5753424657534246,125
2023-02-14,1013,143,80,83,49,63,34,0.5594405594405595,0.5903614457831325,129
2023-02-15,1013,145,93,56,41,52,15,0.6413793103448275,0.7321428571428571,134
2023-02-16,1013,106,89,98,46,17,52,0.839622641509434,0.46938775510204084,135
2023-02-17,1013,112,91,88,48,21,40,0.8125,0.5454545454545454,139
2023-02-18,1013,118,81,95,24,37,71,0.6864406779661016,0.25263157894736843,105
2023-02-19,1013,122,84,67,38,38,29,0.6885245901639344,0.5671641791044776,122
2023-02-20,1013,113,96,94,54,17,40,0.8495575221238938,0.574468085106383,150
2023-02-21,1013,106,74,66,46,32,20,0.6981132075471698,0.696969696969697,120
2023-02-22,1013,125,67,53,44,58,9,0.536,0.8301886792452831,111
2023-02-23,1013,108,76,99,44,32,55,0.7037037037037037,0.4444444444444444,120
2023-02-24,1013,127,91,64,33,36,31,0.7165354330708661,0.515625,124
2023-02-25,1013,116,82,78,34,34,44,0.7068965517241379,0.4358974358974359,116
2023-02-26,1013,106,80,87,43,26,44,0.7547169811320755,0.4942528735632184,123
2023-02-27,1013,133,71,59,36,62,23,0.5338345864661654,0.6101694915254238,107
2023-02-28,1013,102,75,78,41,27,37,0.7352941176470589,0.5256410256410257,116
2023-03-01,1013,129,99,89,49,30,40,0.7674418604651163,0.550561797752809,148
2023-03-02,1013,104,86,80,44,18,36,0.8269230769230769,0.55,130
2023-03-03,1013,131,82,99,36,49,63,0.6259541984732825,0.36363636363636365,118
2023-03-04,1013,125,79,71,47,46,24,0.632,0.6619718309859155,126
2023-03-05,1013,123,66,94,49,57,45,0.5365853658536586,0.5212765957446809,115
2023-03-06,1013,112,83,92,50,29,42,0.7410714285714286,0.5434782608695652,133
2023-03-07,1013,121,76,78,33,45,45,0.628099173553719,0.4230769230769231,109
2023-03-08,1013,120,68,91,32,52,59,0.5666666666666667,0.3516483516483517,100
2023-03-09,1013,107,70,78,43,37,35,0.6542056074766355,0.5512820512820513,113
2023-03-10,1013,108,82,51,48,26,3,0.7592592592592593,0.9411764705882353,130
2023-03-11,1013,140,83,98,35,57,63,0.5928571428571429,0.35714285714285715,118
2023-03-12,1013,118,75,54,44,43,10,0.635593220338983,0.8148148148148148,119
2023-03-13,1013,105,74,79,27,31,52,0.7047619047619048,0.34177215189873417,101
2023-03-14,1013,134,86,93,33,48,60,0.6417910447761194,0.3548387096774194,119
2023-03-15,1013,126,100,72,35,26,37,0.7936507936507936,0.4861111111111111,135
2023-03-16,1013,150,91,67,31,59,36,0.6066666666666667,0.4626865671641791,122
2023-03-17,1013,134,82,86,57,52,29,0.6119402985074627,0.6627906976744186,139
2023-03-18,1013,131,68,57,38,63,19,0.5190839694656488,0.6666666666666666,106
2023-03-19,1013,133,76,86,36,57,50,0.5714285714285714,0.4186046511627907,112
2023-03-20,1013,141,73,70,37,68,33,0.5177304964539007,0.5285714285714286,110
2023-03-21,1013,104,88,69,29,16,40,0.8461538461538461,0.42028985507246375,117
2023-03-22,1013,104,66,100,44,38,56,0.6346153846153846,0.44,110
2023-03-23,1013,150,78,74,36,72,38,0.52,0.4864864864864865,114
2023-03-24,1013,103,89,68,44,14,24,0.8640776699029126,0.6470588235294118,133
2023-03-25,1013,113,90,75,46,23,29,0.7964601769911505,0.6133333333333333,136
2023-03-26,1013,120,81,100,48,39,52,0.675,0.48,129
2023-03-27,1013,125,78,98,49,47,49,0.624,0.5,127
2023-03-28,1013,134,75,78,46,59,32,0.5597014925373134,0.5897435897435898,121
2023-03-29,1013,117,80,68,45,37,23,0.6837606837606838,0.6617647058823529,125
2023-03-30,1013,123,89,52,38,34,14,0.7235772357723578,0.7307692307692307,127
2023-03-31,1013,128,79,87,39,49,48,0.6171875,0.4482758620689655,118
2023-04-01,1013,148,83,83,37,65,46,0.5608108108108109,0.4457831325301205,120
2023-04-02,1013,107,81,57,49,26,8,0.7570093457943925,0.8596491228070176,130
2023-04-03,1013,115,65,50,40,50,10,0.5652173913043478,0.8,105
2023-04-04,1013,142,82,93,42,60,51,0.5774647887323944,0.45161290322580644,124
2023-04-05,1013,103,76,70,43,27,27,0.7378640776699029,0.6142857142857143,119
2023-04-06,1013,117,93,78,35,24,43,0.7948717948717948,0.44871794871794873,128
2023-04-07,1013,133,80,55,46,53,9,0.6015037593984962,0.8363636363636363,126
2023-04-08,1013,138,80,88,34,58,54,0.5797101449275363,0.38636363636363635,114
2023-04-09,1013,105,70,65,46,35,19,0.6666666666666666,0.7076923076923077,116
2023-04-10,1013,101,95,75,48,6,27,0.9405940594059405,0.64,143
2023-04-11,1013,127,89,71,31,38,40,0.7007874015748031,0.43661971830985913,120
2023-04-12,1013,136,87,99,36,49,63,0.6397058823529411,0.36363636363636365,123
2023-04-13,1013,109,81,95,50,28,45,0.7431192660550459,0.5263157894736842,131
2023-04-14,1013,147,79,59,36,68,23,0.5374149659863946,0.6101694915254238,115
2023-04-15,1013,129,72,66,48,57,18,0.5581395348837209,0.7272727272727273,120
2023-04-16,1013,150,91,60,44,59,16,0.6066666666666667,0.7333333333333333,135
2023-04-17,1013,101,84,81,40,17,41,0.8316831683168316,0.49382716049382713,124
2023-04-18,1013,129,69,73,34,60,39,0.5348837209302325,0.4657534246575342,103
2023-04-19,1013,118,76,68,34,42,34,0.6440677966101694,0.5,110
2023-04-20,1013,106,67,84,45,39,39,0.6320754716981132,0.5357142857142857,112
2023-04-21,1013,108,96,99,46,12,53,0.8888888888888888,0.46464646464646464,142
2023-04-22,1013,105,65,89,45,40,44,0.6190476190476191,0.5056179775280899,110
2023-04-23,1013,145,73,70,40,72,30,0.503448275862069,0.5714285714285714,113
2023-04-24,1013,119,84,71,38,35,33,0.7058823529411765,0.5352112676056338,122
2023-04-25,1013,127,86,84,45,41,39,0.6771653543307087,0.5357142857142857,131
2023-04-26,1013,100,57,52,37,43,15,0.57,0.7115384615384616,94
2023-04-27,1013,142,69,96,35,73,61,0.4859154929577465,0.3645833333333333,104
2023-04-28,1013,145,82,64,41,63,23,0.5655172413793104,0.640625,123
2023-04-29,1013,144,77,82,44,67,38,0.5347222222222222,0.5365853658536586,121
2023-04-30,1013,122,73,98,36,49,62,0.5983606557377049,0.3673469387755102,109
2023-05-01,1013,122,69,82,37,53,45,0.5655737704918032,0.45121951219512196,106
2023-05-02,1013,137,81,61,37,56,24,0.5912408759124088,0.6065573770491803,118
2023-05-03,1013,124,80,74,38,44,36,0.6451612903225806,0.5135135135135135,118
2023-05-04,1013,129,67,89,40,62,49,0.5193798449612403,0.449438202247191,107
2023-05-05,1013,148,91,55,31,57,24,0.6148648648648649,0.5636363636363636,122
2023-05-06,1013,120,86,87,32,34,55,0.7166666666666667,0.367816091954023,118
2023-05-07,1013,147,76,51,37,71,14,0.5170068027210885,0.7254901960784313,113
2023-05-08,1013,130,75,74,43,55,31,0.5769230769230769,0.581081081081081,118
2023-05-09,1013,143,82,77,48,61,29,0.5734265734265734,0.6233766233766234,130
2023-05-10,1013,139,82,83,43,57,40,0.5899280575539568,0.5180722891566265,125
2023-05-11,1013,114,105,64,43,9,21,0.9210526315789473,0.671875,148
2023-05-12,1013,129,72,96,33,57,63,0.5581395348837209,0.34375,105
2023-05-13,1013,106,87,90,42,19,48,0.8207547169811321,0.4666666666666667,129
2023-05-14,1013,113,70,61,29,43,32,0.6194690265486725,0.47540983606557374,99
2023-05-15,1013,113,79,83,36,34,47,0.6991150442477876,0.43373493975903615,115
2023-05-16,1013,105,85,97,44,20,53,0.8095238095238095,0.4536082474226804,129
2023-05-17,1013,128,91,80,43,37,37,0.7109375,0.5375,134
2023-05-18,1013,137,87,76,43,50,33,0.635036496350365,0.5657894736842105,130
2023-05-19,1013,114,89,53,34,25,19,0.7807017543859649,0.6415094339622641,123
2023-05-20,1013,119,88,76,34,31,42,0.7394957983193278,0.4473684210526316,122
2023-05-21,1013,102,85,71,39,17,32,0.8333333333333334,0.5492957746478874,124
2023-05-22,1013,132,81,96,30,51,66,0.6136363636363636,0.3125,111
2023-05-23,1013,104,78,60,41,26,19,0.75,0.6833333333333333,119
2023-05-24,1013,108,89,88,40,19,48,0.8240740740740741,0.45454545454545453,129
2023-05-25,1013,145,79,54,40,66,14,0.5448275862068965,0.7407407407407407,119
2023-05-26,1013,143,76,52,35,67,17,0.5314685314685315,0.6730769230769231,111
2023-05-27,1013,119,73,69,36,46,33,0.6134453781512605,0.5217391304347826,109
2023-05-28,1013,144,75,75,41,69,34,0.5208333333333334,0.5466666666666666,116
2023-05-29,1013,145,94,92,44,51,48,0.6482758620689655,0.4782608695652174,138
2023-05-30,1013,131,100,62,49,31,13,0.7633587786259542,0.7903225806451613,149
2023-05-31,1013,111,88,97,42,23,55,0.7927927927927928,0.4329896907216495,130
2023-06-01,1013,111,92,77,44,19,33,0.8288288288288288,0.5714285714285714,136
2023-06-02,1013,121,88,70,32,33,38,0.7272727272727273,0.45714285714285713,120
2023-06-03,1013,134,79,98,45,55,53,0.5895522388059702,0.45918367346938777,124
2023-06-04,1013,114,79,73,36,35,37,0.6929824561403509,0.4931506849315068,115
2023-06-05,1013,116,77,80,37,39,43,0.6637931034482759,0.4625,114
2023-06-06,1013,128,74,98,38,54,60,0.578125,0.3877551020408163,112
2023-06-07,1013,115,72,64,28,43,36,0.6260869565217392,0.4375,100
2023-06-08,1013,138,76,92,38,62,54,0.5507246376811594,0.41304347826086957,114
2023-06-09,1013,125,69,71,48,56,23,0.552,0.676056338028169,117
2023-06-10,1013,107,77,82,35,30,47,0.719626168224299,0.4268292682926829,112
2023-06-11,1013,121,86,70,47,35,23,0.7107438016528925,0.6714285714285714,133
2023-06-12,1013,144,106,55,35,38,20,0.7361111111111112,0.6363636363636364,141
2023-06-13,1013,149,81,64,44,68,20,0.5436241610738255,0.6875,125
2023-06-14,1013,127,71,64,37,56,27,0.5590551181102362,0.578125,108
2023-06-15,1013,105,76,94,39,29,55,0.7238095238095238,0.4148936170212766,115
2023-06-16,1013,103,85,76,36,18,40,0.8252427184466019,0.47368421052631576,121
2023-06-17,1013,127,90,71,36,37,35,0.7086614173228346,0.5070422535211268,126
2023-06-18,1013,149,62,69,37,87,32,0.4161073825503356,0.5362318840579711,99
2023-06-19,1013,108,82,63,37,26,26,0.7592592592592593,0.5873015873015873,119
2023-06-20,1013,120,88,83,44,32,39,0.7333333333333333,0.5301204819277109,132
2023-06-21,1013,114,78,69,32,36,37,0.6842105263157895,0.463768115942029,110
2023-06-22,1013,107,81,57,43,26,14,0.7570093457943925,0.7543859649122807,124
2023-06-23,1013,107,80,74,41,27,33,0.7476635514018691,0.5540540540540541,121
2023-06-24,1013,110,82,75,40,28,35,0.7454545454545455,0.5333333333333333,122
2023-06-25,1013,101,85,55,47,16,8,0.8415841584158416,0.8545454545454545,132
2023-06-26,1013,110,78,84,48,32,36,0.7090909090909091,0.5714285714285714,126
2023-06-27,1013,148,75,66,35,73,31,0.5067567567567568,0.5303030303030303,110
2023-06-28,1013,125,75,73,34,50,39,0.6,0.4657534246575342,109
2023-06-29,1013,123,92,62,32,31,30,0.7479674796747967,0.5161290322580645,124
2023-06-30,1013,132,75,100,37,57,63,0.5681818181818182,0.37,112
2023-07-01,1013,143,75,74,41,68,33,0.5244755244755245,0.5540540540540541,116
2023-07-02,1013,144,85,83,47,59,36,0.5902777777777778,0.5662650602409639,132
2023-07-03,1013,139,84,63,38,55,25,0.60431654676259,0.6031746031746031,122
2023-07-04,1013,141,81,82,41,60,41,0.574468085106383,0.5,122
2023-07-05,1013,122,75,96,36,47,60,0.6147540983606558,0.375,111
2023-07-06,1013,139,60,78,31,79,47,0.4316546762589928,0.3974358974358974,91
2023-07-07,1013,135,78,97,39,57,58,0.5777777777777777,0.4020618556701031,117
2023-07-08,1013,140,77,56,39,63,17,0.55,0.6964285714285714,116
2023-07-09,1013,125,68,88,31,57,57,0.544,0.3522727272727273,99
2023-07-10,1013,149,79,98,40,70,58,0.5302013422818792,0.40816326530612246,119
2023-07-11,1013,103,97,64,44,6,20,0.941747572815534,0.6875,141
2023-07-12,1013,103,79,53,40,24,13,0.7669902912621359,0.7547169811320755,119
2023-07-13,1013,118,75,58,46,43,12,0.635593220338983,0.7931034482758621,121
2023-07-14,1013,122,72,92,44,50,48,0.5901639344262295,0.4782608695652174,116
2023-07-15,1013,133,83,52,43,50,9,0.6240601503759399,0.8269230769230769,126
2023-07-16,1013,112,68,87,39,44,48,0.6071428571428571,0.4482758620689655,107
2023-07-17,1013,117,82,82,34,35,48,0.7008547008547008,0.4146341463414634,116
2023-07-18,1013,139,90,74,40,49,34,0.6474820143884892,0.5405405405405406,130
2023-07-19,1013,137,80,50,40,57,10,0.583941605839416,0.8,120
2023-07-20,1013,143,82,60,44,61,16,0.5734265734265734,0.7333333333333333,126
2023-07-21,1013,131,85,65,37,46,28,0.648854961832061,0.5692307692307692,122
2023-07-22,1013,120,75,75,42,45,33,0.625,0.56,117
2023-07-23,1013,139,63,87,36,76,51,0.45323741007194246,0.41379310344827586,99
2023-07-24,1013,119,68,73,33,51,40,0.5714285714285714,0.4520547945205479,101
2023-07-25,1013,129,74,88,35,55,53,0.5736434108527132,0.3977272727272727,109
2023-07-26,1013,139,73,94,34,66,60,0.5251798561151079,0.3617021276595745,107
2023-07-27,1013,139,85,84,40,54,44,0.6115107913669064,0.47619047619047616,125
2023-07-28,1013,121,74,59,49,47,10,0.6115702479338843,0.8305084745762712,123
2023-07-29,1013,147,64,62,37,83,25,0.43537414965986393,0.5967741935483871,101
2023-07-30,1013,133,90,71,39,43,32,0.6766917293233082,0.5492957746478874,129
2023-07-31,1013,143,74,94,51,69,43,0.5174825174825175,0.5425531914893617,125
2023-08-01,1013,137,84,55,37,53,18,0.6131386861313869,0.6727272727272727,121
2023-08-02,1013,114,78,71,42,36,29,0.6842105263157895,0.5915492957746479,120
2023-08-03,1013,125,67,69,29,58,40,0.536,0.42028985507246375,96
2023-08-04,1013,126,93,81,35,33,46,0.7380952380952381,0.43209876543209874,128
2023-08-05,1013,140,73,75,42,67,33,0.5214285714285715,0.56,115
2023-08-06,1013,127,77,69,44,50,25,0.6062992125984252,0.6376811594202898,121
2023-08-07,1013,146,83,72,36,63,36,0.5684931506849316,0.5,119
2023-08-08,1013,111,86,66,49,25,17,0.7747747747747747,0.7424242424242424,135
2023-08-09,1013,139,57,55,48,82,7,0.41007194244604317,0.8727272727272727,105
2023-08-10,1013,104,79,77,42,25,35,0.7596153846153846,0.5454545454545454,121
2023-08-11,1013,138,81,54,44,57,10,0.5869565217391305,0.8148148148148148,125
2023-08-12,1013,132,78,52,35,54,17,0.5909090909090909,0.6730769230769231,113
2023-08-13,1013,104,64,69,51,40,18,0.6153846153846154,0.7391304347826086,115
2023-08-14,1013,139,77,92,36,62,56,0.5539568345323741,0.391304347826087,113
2023-08-15,1013,102,93,65,34,9,31,0.9117647058823529,0.5230769230769231,127
2023-08-16,1013,135,92,54,54,43,0,0.6814814814814815,1,146
2023-08-17,1013,128,77,98,35,51,63,0.6015625,0.35714285714285715,112
2023-08-18,1013,147,69,95,41,78,54,0.46938775510204084,0.43157894736842106,110
2023-08-19,1013,149,70,53,41,79,12,0.4697986577181208,0.7735849056603774,111
2023-08-20,1013,106,92,91,34,14,57,0.8679245283018868,0.37362637362637363,126
2023-08-21,1013,110,75,66,40,35,26,0.6818181818181818,0.6060606060606061,115
2023-08-22,1013,140,96,86,32,44,54,0.6857142857142857,0.37209302325581395,128
2023-08-23,1013,149,85,98,34,64,64,0.5704697986577181,0.3469387755102041,119
2023-08-24,1013,126,94,61,41,32,20,0.746031746031746,0.6721311475409836,135
2023-08-25,1013,105,75,79,26,30,53,0.7142857142857143,0.3291139240506329,101
2023-08-26,1013,121,80,82,44,41,38,0.6611570247933884,0.5365853658536586,124
2023-08-27,1013,108,80,92,44,28,48,0.7407407407407407,0.4782608695652174,124
2023-08-28,1013,101,80,50,35,21,15,0.7920792079207921,0.7,115
2023-08-29,1013,125,80,92,34,45,58,0.64,0.3695652173913043,114
2023-08-30,1013,102,76,85,38,26,47,0.7450980392156863,0.4470588235294118,114
2023-08-31,1013,144,72,54,38,72,16,0.5,0.7037037037037037,110
2023-09-01,1013,150,70,82,34,80,48,0.4666666666666667,0.4146341463414634,104
2023-09-02,1013,132,67,99,41,65,58,0.5075757575757576,0.41414141414141414,108
2023-09-03,1013,133,86,83,42,47,41,0.6466165413533834,0.5060240963855421,128
2023-09-04,1013,110,89,55,34,21,21,0.8090909090909091,0.6181818181818182,123
2023-09-05,1013,108,82,55,46,26,9,0.7592592592592593,0.8363636363636363,128
2023-09-06,1013,139,73,99,45,66,54,0.5251798561151079,0.45454545454545453,118
2023-09-07,1013,112,73,51,48,39,3,0.6517857142857143,0.9411764705882353,121
2023-09-08,1013,122,69,63,48,53,15,0.5655737704918032,0.7619047619047619,117
2023-09-09,1013,108,95,84,36,13,48,0.8796296296296297,0.42857142857142855,131
2023-09-10,1013,119,81,85,48,38,37,0.680672268907563,0.5647058823529412,129
2023-09-11,1013,136,85,62,36,51,26,0.625,0.5806451612903226,121
2023-09-12,1013,118,83,78,45,35,33,0.7033898305084746,0.5769230769230769,128
2023-09-13,1013,146,76,86,40,70,46,0.5205479452054794,0.46511627906976744,116
2023-09-14,1013,150,72,51,37,78,14,0.48,0.7254901960784313,109
2023-09-15,1013,101,83,94,42,18,52,0.8217821782178217,0.44680851063829785,125
2023-09-16,1013,141,72,70,33,69,37,0.5106382978723404,0.4714285714285714,105
2023-09-17,1013,104,70,72,48,34,24,0.6730769230769231,0.6666666666666666,118
2023-09-18,1013,127,64,57,32,63,25,0.5039370078740157,0.5614035087719298,96
2023-09-19,1013,115,78,74,42,37,32,0.6782608695652174,0.5675675675675675,120
2023-09-20,1013,120,93,60,35,27,25,0.775,0.5833333333333334,128
2023-09-21,1013,123,78,65,29,45,36,0.6341463414634146,0.4461538461538462,107
2023-09-22,1013,119,80,100,38,39,62,0.6722689075630253,0.38,118
2023-09-23,1013,143,70,54,36,73,18,0.48951048951048953,0.6666666666666666,106
2023-09-24,1013,116,67,76,31,49,45,0.5775862068965517,0.40789473684210525,98
2023-09-25,1013,150,84,68,35,66,33,0.56,0.5147058823529411,119
2023-09-26,1013,117,75,64,36,42,28,0.6410256410256411,0.5625,111
2023-09-27,1013,106,78,77,35,28,42,0.7358490566037735,0.45454545454545453,113
2023-09-28,1013,138,76,74,51,62,23,0.5507246376811594,0.6891891891891891,127
2023-09-29,1013,139,81,75,48,58,27,0.5827338129496403,0.64,129
2023-09-30,1013,107,77,54,41,30,13,0.719626168224299,0.7592592592592593,118
2023-10-01,1013,107,83,72,37,24,35,0.7757009345794392,0.5138888888888888,120
2023-10-02,1013,101,68,62,35,33,27,0.6732673267326733,0.5645161290322581,103
2023-10-03,1013,132,87,82,39,45,43,0.6590909090909091,0.47560975609756095,126
2023-10-04,1013,126,70,71,47,56,24,0.5555555555555556,0.6619718309859155,117
2023-10-05,1013,148,78,91,53,70,38,0.527027027027027,0.5824175824175825,131
2023-10-06,1013,111,83,78,42,28,36,0.7477477477477478,0.5384615384615384,125
2023-10-07,1013,105,84,77,36,21,41,0.8,0.4675324675324675,120
2023-10-08,1013,138,81,81,44,57,37,0.5869565217391305,0.5432098765432098,125
2023-10-09,1013,121,80,61,48,41,13,0.6611570247933884,0.7868852459016393,128
2023-10-10,1013,141,94,89,34,47,55,0.6666666666666666,0.38202247191011235,128
2023-10-11,1013,107,62,77,40,45,37,0.5794392523364486,0.5194805194805194,102
2023-10-12,1013,117,67,60,54,50,6,0.5726495726495726,0.9,121
2023-10-13,1013,116,100,54,41,16,13,0.8620689655172413,0.7592592592592593,141
2023-10-14,1013,140,91,80,29,49,51,0.65,0.3625,120
2023-10-15,1013,128,71,59,31,57,28,0.5546875,0.5254237288135594,102
2023-10-16,1013,145,71,71,31,74,40,0.4896551724137931,0.43661971830985913,102
2023-10-17,1013,149,83,62,34,66,28,0.5570469798657718,0.5483870967741935,117
2023-10-18,1013,129,72,70,40,57,30,0.5581395348837209,0.5714285714285714,112
2023-10-19,1013,102,72,69,34,30,35,0.7058823529411765,0.4927536231884058,106
2023-10-20,1013,141,87,83,26,54,57,0.6170212765957447,0.3132530120481928,113
2023-10-21,1013,118,79,94,35,39,59,0.6694915254237288,0.3723404255319149,114
2023-10-22,1013,123,82,83,36,41,47,0.6666666666666666,0.43373493975903615,118
2023-10-23,1013,114,89,51,35,25,16,0.7807017543859649,0.6862745098039216,124
2023-10-24,1013,114,75,54,43,39,11,0.6578947368421053,0.7962962962962963,118
2023-10-25,1013,112,76,81,49,36,32,0.6785714285714286,0.6049382716049383,125
2023-10-26,1013,107,62,93,35,45,58,0.5794392523364486,0.3763440860215054,97
2023-10-27,1013,130,98,96,35,32,61,0.7538461538461538,0.3645833333333333,133
2023-10-28,1013,109,88,100,37,21,63,0.8073394495412844,0.37,125
2023-10-29,1013,119,85,99,42,34,57,0.7142857142857143,0.42424242424242425,127
2023-10-30,1013,111,91,74,38,20,36,0.8198198198198198,0.5135135135135135,129
2023-10-31,1013,113,93,69,36,20,33,0.8230088495575221,0.5217391304347826,129
2023-11-01,1013,124,92,80,47,32,33,0.7419354838709677,0.5875,139
2023-11-02,1013,132,88,72,45,44,27,0.6666666666666666,0.625,133
2023-11-03,1013,128,84,64,48,44,16,0.65625,0.75,132
2023-11-04,1013,145,81,52,36,64,16,0.5586206896551724,0.6923076923076923,117
2023-11-05,1013,126,73,56,38,53,18,0.5793650793650794,0.6785714285714286,111
2023-11-06,1013,129,66,74,38,63,36,0.5116279069767442,0.5135135135135135,104
2023-11-07,1013,109,70,93,36,39,57,0.6422018348623854,0.3870967741935484,106
2023-11-08,1013,108,79,51,45,29,6,0.7314814814814815,0.8823529411764706,124
2023-11-09,1013,145,73,70,45,72,25,0.503448275862069,0.6428571428571429,118
2023-11-10,1013,108,72,50,42,36,8,0.6666666666666666,0.84,114
2023-11-11,1013,105,70,72,37,35,35,0.6666666666666666,0.5138888888888888,107
2023-11-12,1013,150,66,84,41,84,43,0.44,0.4880952380952381,107
2023-11-13,1013,150,86,61,49,64,12,0.5733333333333334,0.8032786885245902,135
2023-11-14,1013,147,80,61,41,67,20,0.54421768707483,0.6721311475409836,121
2023-11-15,1013,123,95,56,30,28,26,0.7723577235772358,0.5357142857142857,125
2023-11-16,1013,114,66,95,46,48,49,0.5789473684210527,0.4842105263157895,112
2023-11-17,1013,113,100,93,43,13,50,0.8849557522123894,0.46236559139784944,143
2023-11-18,1013,134,78,65,39,56,26,0.582089552238806,0.6,117
2023-11-19,1013,130,63,69,48,67,21,0.4846153846153846,0.6956521739130435,111
2023-11-20,1013,104,79,92,37,25,55,0.7596153846153846,0.40217391304347827,116
2023-11-21,1013,144,90,56,41,54,15,0.625,0.7321428571428571,131
2023-11-22,1013,119,83,100,41,36,59,0.6974789915966386,0.41,124
2023-11-23,1013,144,79,57,38,65,19,0.5486111111111112,0.6666666666666666,117
2023-11-24,1013,118,62,86,43,56,43,0.5254237288135594,0.5,105
2023-11-25,1013,112,66,66,33,46,33,0.5892857142857143,0.5,99
2023-11-26,1013,106,80,89,31,26,58,0.7547169811320755,0.34831460674157305,111
2023-11-27,1013,113,81,80,43,32,37,0.7168141592920354,0.5375,124
2023-11-28,1013,149,84,58,34,65,24,0.5637583892617449,0.5862068965517241,118
2023-11-29,1013,107,83,66,44,24,22,0.7757009345794392,0.6666666666666666,127
2023-11-30,1013,106,75,79,42,31,37,0.7075471698113207,0.5316455696202531,117
2023-12-01,1013,146,77,61,38,69,23,0.5273972602739726,0.6229508196721312,115
2023-12-02,1013,144,87,100,41,57,59,0.6041666666666666,0.41,128
2023-12-03,1013,132,66,67,39,66,28,0.5,0.582089552238806,105
2023-12-04,1013,140,72,76,42,68,34,0.5142857142857142,0.5526315789473685,114
2023-12-05,1013,121,68,65,40,53,25,0.5619834710743802,0.6153846153846154,108
2023-12-06,1013,138,63,72,45,75,27,0.45652173913043476,0.625,108
2023-12-07,1013,107,83,57,27,24,30,0.7757009345794392,0.47368421052631576,110
2023-12-08,1013,138,83,64,34,55,30,0.6014492753623188,0.53125,117
2023-12-09,1013,104,77,55,42,27,13,0.7403846153846154,0.7636363636363637,119
2023-12-10,1013,105,76,62,39,29,23,0.7238095238095238,0.6290322580645161,115
2023-12-11,1013,138,79,51,41,59,10,0.572463768115942,0.803921568627451,120
2023-12-12,1013,100,75,70,41,25,29,0.75,0.5857142857142857,116
2023-12-13,1013,119,74,60,37,45,23,0.6218487394957983,0.6166666666666667,111
2023-12-14,1013,150,76,53,35,74,18,0.5066666666666667,0.660377358490566,111
2023-12-15,1013,120,100,77,29,20,48,0.8333333333333334,0.37662337662337664,129
2023-12-16,1013,148,103,96,37,45,59,0.6959459459459459,0.3854166666666667,140
2023-12-17,1013,120,75,100,29,45,71,0.625,0.29,104
2023-12-18,1013,125,81,83,28,44,55,0.648,0.3373493975903614,109
2023-12-19,1013,138,78,87,50,60,37,0.5652173913043478,0.5747126436781609,128
2023-12-20,1013,133,89,53,42,44,11,0.6691729323308271,0.7924528301886793,131
2023-12-21,1013,146,77,52,41,69,11,0.5273972602739726,0.7884615384615384,118
2023-12-22,1013,133,83,93,45,50,48,0.6240601503759399,0.4838709677419355,128
2023-12-23,1013,115,73,81,25,42,56,0.6347826086956522,0.30864197530864196,98
2023-12-24,1013,133,84,54,50,49,4,0.631578947368421,0.9259259259259259,134
2023-12-25,1013,116,86,74,44,30,30,0.7413793103448276,0.5945945945945946,130
2023-12-26,1013,118,80,58,44,38,14,0.6779661016949152,0.7586206896551724,124
2023-12-27,1013,101,70,98,40,31,58,0.693069306930693,0.40816326530612246,110
2023-12-28,1013,104,83,90,43,21,47,0.7980769230769231,0.4777777777777778,126
2023-12-29,1013,106,70,79,35,36,44,0.660377358490566,0.4430379746835443,105
2023-12-30,1013,112,73,70,32,39,38,0.6517857142857143,0.45714285714285713,105
2023-12-31,1013,143,63,72,37,80,35,0.4405594405594406,0.5138888888888888,100
2023-01-01,1014,143,85,89,48,58,41,0.5944055944055944,0.5393258426966292,133
2023-01-02,1014,118,84,83,35,34,48,0.711864406779661,0.42168674698795183,119
2023-01-03,1014,129,72,62,42,57,20,0.5581395348837209,0.6774193548387096,114
2023-01-04,1014,129,90,63,41,39,22,0.6976744186046512,0.6507936507936508,131
2023-01-05,1014,121,80,63,48,41,15,0.6611570247933884,0.7619047619047619,128
2023-01-06,1014,133,74,64,35,59,29,0.556390977443609,0.546875,109
2023-01-07,1014,146,71,90,38,75,52,0.4863013698630137,0.4222222222222222,109
2023-01-08,1014,119,78,64,39,41,25,0.6554621848739496,0.609375,117
2023-01-09,1014,131,83,50,37,48,13,0.6335877862595419,0.74,120
2023-01-10,1014,105,75,72,39,30,33,0.7142857142857143,0.5416666666666666,114
2023-01-11,1014,110,73,50,33,37,17,0.6636363636363637,0.66,106
2023-01-12,1014,147,97,62,36,50,26,0.6598639455782312,0.5806451612903226,133
2023-01-13,1014,136,73,59,47,63,12,0.5367647058823529,0.7966101694915254,120
2023-01-14,1014,150,77,80,40,73,40,0.5133333333333333,0.5,117
2023-01-15,1014,134,80,58,42,54,16,0.5970149253731343,0.7241379310344828,122
2023-01-16,1014,120,80,56,36,40,20,0.6666666666666666,0.6428571428571429,116
2023-01-17,1014,149,67,55,42,82,13,0.44966442953020136,0.7636363636363637,109
2023-01-18,1014,136,78,85,37,58,48,0.5735294117647058,0.43529411764705883,115
2023-01-19,1014,127,84,100,42,43,58,0.6614173228346457,0.42,126
2023-01-20,1014,104,87,55,43,17,12,0.8365384615384616,0.7818181818181819,130
2023-01-21,1014,145,78,60,42,67,18,0.5379310344827586,0.7,120
2023-01-22,1014,138,94,92,42,44,50,0.6811594202898551,0.45652173913043476,136
2023-01-23,1014,133,83,91,33,50,58,0.6240601503759399,0.3626373626373626,116
2023-01-24,1014,148,98,64,41,50,23,0.6621621621621622,0.640625,139
2023-01-25,1014,145,93,77,49,52,28,0.6413793103448275,0.6363636363636364,142
2023-01-26,1014,129,97,55,36,32,19,0.751937984496124,0.6545454545454545,133
2023-01-27,1014,123,82,67,33,41,34,0.6666666666666666,0.4925373134328358,115
2023-01-28,1014,122,75,50,42,47,8,0.6147540983606558,0.84,117
2023-01-29,1014,144,70,83,47,74,36,0.4861111111111111,0.5662650602409639,117
2023-01-30,1014,122,88,51,45,34,6,0.7213114754098361,0.8823529411764706,133
2023-01-31,1014,106,67,75,34,39,41,0.6320754716981132,0.4533333333333333,101
2023-02-01,1014,130,84,78,45,46,33,0.6461538461538462,0.5769230769230769,129
2023-02-02,1014,122,80,87,35,42,52,0.6557377049180327,0.40229885057471265,115
2023-02-03,1014,138,86,69,49,52,20,0.6231884057971014,0.7101449275362319,135
2023-02-04,1014,102,96,67,41,6,26,0.9411764705882353,0.6119402985074627,137
2023-02-05,1014,130,80,51,44,50,7,0.6153846153846154,0.8627450980392157,124
2023-02-06,1014,108,75,91,54,33,37,0.6944444444444444,0.5934065934065934,129
2023-02-07,1014,126,62,66,34,64,32,0.49206349206349204,0.5151515151515151,96
2023-02-08,1014,131,73,86,43,58,43,0.5572519083969466,0.5,116
2023-02-09,1014,118,90,73,30,28,43,0.7627118644067796,0.410958904109589,120
2023-02-10,1014,112,75,80,40,37,40,0.6696428571428571,0.5,115
2023-02-11,1014,133,70,88,49,63,39,0.5263157894736842,0.5568181818181818,119
2023-02-12,1014,139,79,88,39,60,49,0.5683453237410072,0.4431818181818182,118
2023-02-13,1014,120,94,78,52,26,26,0.7833333333333333,0.6666666666666666,146
2023-02-14,1014,143,90,97,41,53,56,0.6293706293706294,0.422680412371134,131
2023-02-15,1014,150,76,76,38,74,38,0.5066666666666667,0.5,114
2023-02-16,1014,128,89,51,46,39,5,0.6953125,0.9019607843137255,135
2023-02-17,1014,137,78,60,56,59,4,0.5693430656934306,0.9333333333333333,134
2023-02-18,1014,120,67,96,46,53,50,0.5583333333333333,0.4791666666666667,113
2023-02-19,1014,148,78,60,34,70,26,0.527027027027027,0.5666666666666667,112
2023-02-20,1014,122,97,73,25,25,48,0.7950819672131147,0.3424657534246575,122
2023-02-21,1014,108,79,87,44,29,43,0.7314814814814815,0.5057471264367817,123
2023-02-22,1014,112,66,77,30,46,47,0.5892857142857143,0.38961038961038963,96
2023-02-23,1014,124,90,57,51,34,6,0.7258064516129032,0.8947368421052632,141
2023-02-24,1014,137,89,54,37,48,17,0.6496350364963503,0.6851851851851852,126
2023-02-25,1014,148,69,75,40,79,35,0.46621621621621623,0.5333333333333333,109
2023-02-26,1014,111,75,93,38,36,55,0.6756756756756757,0.40860215053763443,113
2023-02-27,1014,124,85,60,37,39,23,0.6854838709677419,0.6166666666666667,122
2023-02-28,1014,112,81,79,40,31,39,0.7232142857142857,0.5063291139240507,121
2023-03-01,1014,138,80,89,40,58,49,0.5797101449275363,0.449438202247191,120
2023-03-02,1014,100,79,75,30,21,45,0.79,0.4,109
2023-03-03,1014,106,81,84,40,25,44,0.7641509433962265,0.47619047619047616,121
2023-03-04,1014,130,58,75,51,72,24,0.4461538461538462,0.68,109
2023-03-05,1014,134,68,56,31,66,25,0.5074626865671642,0.5535714285714286,99
2023-03-06,1014,100,87,79,43,13,36,0.87,0.5443037974683544,130
2023-03-07,1014,104,72,54,51,32,3,0.6923076923076923,0.9444444444444444,123
2023-03-08,1014,134,80,81,43,54,38,0.5970149253731343,0.5308641975308642,123
2023-03-09,1014,141,95,56,41,46,15,0.6737588652482269,0.7321428571428571,136
2023-03-10,1014,143,72,88,37,71,51,0.5034965034965035,0.42045454545454547,109
2023-03-11,1014,106,81,78,48,25,30,0.7641509433962265,0.6153846153846154,129
2023-03-12,1014,123,65,61,43,58,18,0.5284552845528455,0.7049180327868853,108
2023-03-13,1014,127,72,52,46,55,6,0.5669291338582677,0.8846153846153846,118
2023-03-14,1014,114,86,51,39,28,12,0.7543859649122807,0.7647058823529411,125
2023-03-15,1014,144,77,64,31,67,33,0.5347222222222222,0.484375,108
2023-03-16,1014,149,92,50,38,57,12,0.6174496644295302,0.76,130
2023-03-17,1014,101,74,72,37,27,35,0.7326732673267327,0.5138888888888888,111
2023-03-18,1014,144,95,92,27,49,65,0.6597222222222222,0.29347826086956524,122
2023-03-19,1014,113,83,75,40,30,35,0.7345132743362832,0.5333333333333333,123
2023-03-20,1014,135,86,100,46,49,54,0.6370370370370371,0.46,132
2023-03-21,1014,123,81,96,40,42,56,0.6585365853658537,0.4166666666666667,121
2023-03-22,1014,127,76,58,47,51,11,0.5984251968503937,0.8103448275862069,123
2023-03-23,1014,120,105,81,29,15,52,0.875,0.35802469135802467,134
2023-03-24,1014,109,90,66,41,19,25,0.8256880733944955,0.6212121212121212,131
2023-03-25,1014,122,78,95,40,44,55,0.639344262295082,0.42105263157894735,118
2023-03-26,1014,134,75,55,33,59,22,0.5597014925373134,0.6,108
2023-03-27,1014,125,72,71,37,53,34,0.576,0.5211267605633803,109
2023-03-28,1014,108,91,78,32,17,46,0.8425925925925926,0.41025641025641024,123
2023-03-29,1014,100,84,55,43,16,12,0.84,0.7818181818181819,127
2023-03-30,1014,142,101,54,34,41,20,0.7112676056338029,0.6296296296296297,135
2023-03-31,1014,111,80,97,45,31,52,0.7207207207207207,0.4639175257731959,125
2023-04-01,1014,110,88,96,36,22,60,0.8,0.375,124
2023-04-02,1014,140,65,86,34,75,52,0.4642857142857143,0.3953488372093023,99
2023-04-03,1014,146,81,92,37,65,55,0.5547945205479452,0.40217391304347827,118
2023-04-04,1014,130,76,67,35,54,32,0.5846153846153846,0.5223880597014925,111
2023-04-05,1014,148,70,50,44,78,6,0.47297297297297297,0.88,114
2023-04-06,1014,107,79,99,32,28,67,0.7383177570093458,0.32323232323232326,111
2023-04-07,1014,108,72,76,30,36,46,0.6666666666666666,0.39473684210526316,102
2023-04-08,1014,113,87,65,46,26,19,0.7699115044247787,0.7076923076923077,133
2023-04-09,1014,132,94,96,36,38,60,0.7121212121212122,0.375,130
2023-04-10,1014,121,76,66,42,45,24,0.628099173553719,0.6363636363636364,118
2023-04-11,1014,101,76,53,31,25,22,0.7524752475247525,0.5849056603773585,107
2023-04-12,1014,133,97,59,37,36,22,0.7293233082706767,0.6271186440677966,134
2023-04-13,1014,108,78,83,32,30,51,0.7222222222222222,0.3855421686746988,110
2023-04-14,1014,146,78,97,43,68,54,0.5342465753424658,0.44329896907216493,121
2023-04-15,1014,106,96,60,35,10,25,0.9056603773584906,0.5833333333333334,131
2023-04-16,1014,125,80,61,35,45,26,0.64,0.5737704918032787,115
2023-04-17,1014,109,86,84,32,23,52,0.7889908256880734,0.38095238095238093,118
2023-04-18,1014,105,61,95,43,44,52,0.580952380952381,0.45263157894736844,104
2023-04-19,1014,109,97,55,48,12,7,0.8899082568807339,0.8727272727272727,145
2023-04-20,1014,108,69,65,38,39,27,0.6388888888888888,0.5846153846153846,107
2023-04-21,1014,144,93,80,36,51,44,0.6458333333333334,0.45,129
2023-04-22,1014,138,74,54,31,64,23,0.5362318840579711,0.5740740740740741,105
2023-04-23,1014,138,87,73,38,51,35,0.6304347826086957,0.5205479452054794,125
2023-04-24,1014,125,84,65,35,41,30,0.672,0.5384615384615384,119
2023-04-25,1014,137,70,90,37,67,53,0.5109489051094891,0.4111111111111111,107
2023-04-26,1014,105,68,63,44,37,19,0.6476190476190476,0.6984126984126984,112
2023-04-27,1014,138,85,66,41,53,25,0.6159420289855072,0.6212121212121212,126
2023-04-28,1014,132,83,88,32,49,56,0.6287878787878788,0.36363636363636365,115
2023-04-29,1014,111,95,54,40,16,14,0.8558558558558559,0.7407407407407407,135
2023-04-30,1014,140,82,69,32,58,37,0.5857142857142857,0.463768115942029,114
2023-05-01,1014,134,60,89,48,74,41,0.44776119402985076,0.5393258426966292,108
2023-05-02,1014,137,70,50,41,67,9,0.5109489051094891,0.82,111
2023-05-03,1014,140,71,95,29,69,66,0.5071428571428571,0.30526315789473685,100
2023-05-04,1014,114,83,97,35,31,62,0.7280701754385965,0.36082474226804123,118
2023-05-05,1014,150,87,65,41,63,24,0.58,0.6307692307692307,128
2023-05-06,1014,101,82,92,35,19,57,0.8118811881188119,0.3804347826086957,117
2023-05-07,1014,122,80,82,48,42,34,0.6557377049180327,0.5853658536585366,128
2023-05-08,1014,138,67,97,37,71,60,0.4855072463768116,0.38144329896907214,104
2023-05-09,1014,115,87,53,38,28,15,0.7565217391304347,0.71698113207547165,125
2023-05-10,1014,113,96,96,36,17,60,0.8495575221238938,0.375,132
2023-05-11,1014,125,79,100,28,46,72,0.632,0.28,107
2023-05-12,1014,143,88,75,40,55,35,0.6153846153846154,0.5333333333333333,128
2023-05-13,1014,103,74,88,51,29,37,0.7184466019417476,0.5795454545454546,125
2023-05-14,1014,115,82,59,48,33,11,0.7130434782608696,0.8135593220338984,130
2023-05-15,1014,147,91,58,38,56,20,0.6190476190476191,0.6551724137931034,129
2023-05-16,1014,113,80,85,43,33,42,0.7079646017699115,0.5058823529411764,123
2023-05-17,1014,126,59,93,51,67,42,0.46825396825396826,0.5483870967741935,110
2023-05-18,1014,149,68,66,36,81,30,0.4563758389261745,0.5454545454545454,104
2023-05-19,1014,101,66,67,52,35,15,0.6534653465346535,0.7761194029850746,118
2023-05-20,1014,133,80,99,36,53,63,0.6015037593984962,0.36363636363636365,116
2023-05-21,1014,134,76,87,38,58,49,0.5671641791044776,0.4367816091954023,114
2023-05-22,1014,139,72,57,37,67,20,0.5179856115107914,0.6491228070175439,109
2023-05-23,1014,102,90,76,44,12,32,0.8823529411764706,0.5789473684210527,134
2023-05-24,1014,105,86,64,33,19,31,0.819047619047619,0.515625,119
2023-05-25,1014,106,85,53,45,21,8,0.8018867924528302,0.8490566037735849,130
2023-05-26,1014,135,78,56,49,57,7,0.5777777777777777,0.875,127
2023-05-27,1014,118,85,53,45,33,8,0.7203389830508474,0.8490566037735849,130
2023-05-28,1014,112,70,95,32,42,63,0.625,0.3368421052631579,102
2023-05-29,1014,134,85,75,53,49,22,0.6343283582089553,0.7066666666666667,138
2023-05-30,1014,115,91,62,37,24,25,0.7913043478260869,0.5967741935483871,128
2023-05-31,1014,111,79,95,32,32,63,0.7117117117117117,0.3368421052631579,111
2023-06-01,1014,125,70,80,46,55,34,0.56,0.575,116
2023-06-02,1014,121,86,53,34,35,19,0.7107438016528925,0.6415094339622641,120
2023-06-03,1014,104,92,80,31,12,49,0.8846153846153846,0.3875,123
2023-06-04,1014,112,70,52,37,42,15,0.625,0.7115384615384616,107
2023-06-05,1014,107,88,68,37,19,31,0.822429906542056,0.5441176470588235,125
2023-06-06,1014,138,79,72,39,59,33,0.572463768115942,0.5416666666666666,118
2023-06-07,1014,148,78,88,44,70,44,0.527027027027027,0.5,122
2023-06-08,1014,149,84,100,48,65,52,0.5637583892617449,0.48,132
2023-06-09,1014,129,72,99,43,57,56,0.5581395348837209,0.43434343434343436,115
2023-06-10,1014,112,73,79,49,39,30,0.6517857142857143,0.620253164556962,122
2023-06-11,1014,131,83,52,46,48,6,0.6335877862595419,0.8846153846153846,129
2023-06-12,1014,106,86,57,39,20,18,0.8113207547169812,0.6842105263157895,125
2023-06-13,1014,143,84,80,29,59,51,0.5874125874125874,0.3625,113
2023-06-14,1014,143,77,62,40,66,22,0.5384615384615384,0.6451612903225806,117
2023-06-15,1014,138,74,65,43,64,22,0.5362318840579711,0.6615384615384615,117
2023-06-16,1014,126,89,66,35,37,31,0.7063492063492064,0.5303030303030303,124
2023-06-17,1014,148,57,76,47,91,29,0.38513513513513514,0.618421052631579,104
2023-06-18,1014,130,77,62,39,53,23,0.5923076923076923,0.6290322580645161,116
2023-06-19,1014,132,76,96,55,56,41,0.5757575757575758,0.5729166666666666,131
2023-06-20,1014,110,75,74,53,35,21,0.6818181818181818,0.7162162162162162,128
2023-06-21,1014,110,83,88,38,27,50,0.7545454545454545,0.4318181818181818,121
2023-06-22,1014,125,66,67,43,59,24,0.528,0.6417910447761194,109
2023-06-23,1014,107,78,97,51,29,46,0.7289719626168224,0.5257731958762887,129
2023-06-24,1014,125,60,67,57,65,10,0.48,0.8507462686567164,117
2023-06-25,1014,127,89,52,30,38,22,0.7007874015748031,0.5769230769230769,119
2023-06-26,1014,144,84,76,47,60,29,0.5833333333333334,0.618421052631579,131
2023-06-27,1014,139,80,74,39,59,35,0.5755395683453237,0.527027027027027,119
2023-06-28,1014,137,89,56,44,48,12,0.6496350364963503,0.7857142857142857,133
2023-06-29,1014,112,72,65,37,40,28,0.6428571428571429,0.5692307692307692,109
2023-06-30,1014,119,89,65,44,30,21,0.7478991596638656,0.676923076923077,133
2023-07-01,1014,123,82,93,37,41,56,0.6666666666666666,0.3978494623655914,119
2023-07-02,1014,124,82,91,37,42,54,0.6612903225806451,0.4065934065934066,119
2023-07-03,1014,115,82,94,34,33,60,0.7130434782608696,0.3617021276595745,116
2023-07-04,1014,129,82,56,33,47,23,0.6356589147286822,0.5892857142857143,115
2023-07-05,1014,119,64,91,43,55,48,0.5378151260504201,0.4725274725274725,107
2023-07-06,1014,133,78,91,30,55,61,0.5864661654135338,0.32967032967032966,108
2023-07-07,1014,125,78,65,40,47,25,0.624,0.6153846153846154,118
2023-07-08,1014,118,65,86,37,53,49,0.5508474576271186,0.43023255813953487,102
2023-07-09,1014,134,82,88,34,52,54,0.6119402985074627,0.38636363636363635,116
2023-07-10,1014,144,79,67,30,65,37,0.5486111111111112,0.44776119402985076,109
2023-07-11,1014,137,86,78,34,51,44,0.6277372262773723,0.4358974358974359,120
2023-07-12,1014,107,59,77,48,48,29,0.5514018691588785,0.6233766233766234,107
2023-07-13,1014,104,104,65,49,0,16,1,0.7538461538461538,153
2023-07-14,1014,106,85,70,52,21,18,0.8018867924528302,0.7428571428571429,137
2023-07-15,1014,134,85,84,44,49,40,0.6343283582089553,0.5238095238095238,129
2023-07-16,1014,103,85,60,44,18,16,0.8252427184466019,0.7333333333333333,129
2023-07-17,1014,135,97,72,41,38,31,0.7185185185185186,0.5694444444444444,138
2023-07-18,1014,150,75,85,33,75,52,0.5,0.38823529411764707,108
2023-07-19,1014,104,73,81,50,31,31,0.7019230769230769,0.6172839506172839,123
2023-07-20,1014,118,96,65,42,22,23,0.8135593220338984,0.6461538461538462,138
2023-07-21,1014,112,72,88,38,40,50,0.6428571428571429,0.4318181818181818,110
2023-07-22,1014,147,81,61,36,66,25,0.5510204081632653,0.5901639344262295,117
2023-07-23,1014,123,61,90,31,62,59,0.4959349593495935,0.34444444444444444,92
2023-07-24,1014,116,75,77,37,41,40,0.646551724137931,0.4805194805194805,112
2023-07-25,1014,144,75,90,41,69,49,0.5208333333333334,0.45555555555555555,116
2023-07-26,1014,129,71,83,38,58,45,0.5503875968992248,0.4578313253012048,109
2023-07-27,1014,135,86,70,35,49,35,0.6370370370370371,0.5,121
2023-07-28,1014,135,73,99,28,62,71,0.5407407407407407,0.2828282828282828,101
2023-07-29,1014,108,71,68,38,37,30,0.6574074074074074,0.5588235294117647,109
2023-07-30,1014,142,83,89,40,59,49,0.5845070422535211,0.449438202247191,123
2023-07-31,1014,121,81,56,42,40,14,0.6694214876033058,0.75,123
2023-08-01,1014,114,77,53,22,37,31,0.6754385964912281,0.41509433962264153,99
2023-08-02,1014,128,82,94,49,46,45,0.640625,0.5212765957446809,131
2023-08-03,1014,116,83,53,27,33,26,0.7155172413793104,0.5094339622641509,110
2023-08-04,1014,134,88,89,35,46,54,0.6567164179104478,0.39325842696629215,123
2023-08-05,1014,145,87,64,32,58,32,0.6,0.5,119
2023-08-06,1014,146,78,88,38,68,50,0.5342465753424658,0.4318181818181818,116
2023-08-07,1014,126,90,92,28,36,64,0.7142857142857143,0.30434782608695654,118
2023-08-08,1014,118,86,82,40,32,42,0.7288135593220338,0.4878048780487805,126
2023-08-09,1014,138,78,100,43,60,57,0.5652173913043478,0.43,121
2023-08-10,1014,133,66,50,30,67,20,0.49624060150375937,0.6,96
2023-08-11,1014,149,74,75,44,75,31,0.49664429530201343,0.5866666666666667,118
2023-08-12,1014,148,72,50,34,76,16,0.4864864864864865,0.68,106
2023-08-13,1014,136,73,78,50,63,28,0.5367647058823529,0.6410256410256411,123
2023-08-14,1014,127,81,83,39,46,44,0.6377952755905512,0.46987951807228917,120
2023-08-15,1014,127,94,92,37,33,55,0.7401574803149606,0.40217391304347827,131
2023-08-16,1014,147,80,71,46,67,25,0.54421768707483,0.647887323943662,126
2023-08-17,1014,104,85,64,46,19,18,0.8173076923076923,0.71875,131
2023-08-18,1014,121,75,82,35,46,47,0.6198347107438017,0.4268292682926829,110
2023-08-19,1014,142,93,61,35,49,26,0.6549295774647887,0.5737704918032787,128
2023-08-20,1014,108,76,91,33,32,58,0.7037037037037037,0.3626373626373626,109
2023-08-21,1014,137,77,62,29,60,33,0.5620437956204379,0.46774193548387094,106
2023-08-22,1014,116,78,86,45,38,41,0.6724137931034483,0.5232558139534884,123
2023-08-23,1014,141,73,61,44,68,17,0.5177304964539007,0.7213114754098361,117
2023-08-24,1014,109,83,72,37,26,35,0.7614678899082569,0.5138888888888888,120
2023-08-25,1014,134,97,91,38,37,53,0.7238805970149254,0.4175824175824176,135
2023-08-26,1014,110,98,72,49,12,23,0.8909090909090909,0.6805555555555556,147
2023-08-27,1014,131,68,78,34,63,44,0.5190839694656488,0.4358974358974359,102
2023-08-28,1014,117,72,92,51,45,41,0.6153846153846154,0.5543478260869565,123
2023-08-29,1014,139,70,71,43,69,28,0.5035971223021583,0.6056338028169014,113
2023-08-30,1014,113,67,67,32,46,35,0.5929203539823009,0.47761194029850745,99
2023-08-31,1014,113,70,74,52,43,22,0.6194690265486725,0.7027027027027027,122
2023-09-01,1014,148,78,56,50,70,6,0.527027027027027,0.8928571428571429,128
2023-09-02,1014,136,89,91,40,47,51,0.6544117647058824,0.43956043956043955,129
2023-09-03,1014,127,70,91,43,57,48,0.5511811023622047,0.4725274725274725,113
2023-09-04,1014,136,63,59,32,73,27,0.4632352941176471,0.5423728813559322,95
2023-09-05,1014,118,77,67,45,41,22,0.652542372881356,0.6716417910447762,122
2023-09-06,1014,148,77,82,44,71,38,0.5202702702702703,0.5365853658536586,121
2023-09-07,1014,145,74,69,36,71,33,0.5103448275862069,0.5217391304347826,110
2023-09-08,1014,138,68,74,33,70,41,0.4927536231884058,0.44594594594594594,101
2023-09-09,1014,147,75,86,31,72,55,0.5102040816326531,0.36046511627906974,106
2023-09-10,1014,121,98,77,40,23,37,0.8099173553719008,0.5194805194805194,138
2023-09-11,1014,121,71,68,40,50,28,0.5867768595041323,0.5882352941176471,111
2023-09-12,1014,111,76,83,45,35,38,0.6846846846846847,0.54216867469879515,121
2023-09-13,1014,102,63,55,34,39,21,0.6176470588235294,0.6181818181818182,97
2023-09-14,1014,129,99,59,42,30,17,0.7674418604651163,0.711864406779661,141
2023-09-15,1014,115,80,71,36,35,35,0.6956521739130435,0.5070422535211268,116
2023-09-16,1014,132,86,72,46,46,26,0.6515151515151515,0.6388888888888888,132
2023-09-17,1014,134,67,92,40,67,52,0.5,0.43478260869565216,107
2023-09-18,1014,100,75,67,37,25,30,0.75,0.5522388059701493,112
2023-09-19,1014,137,75,88,35,62,53,0.5474452554744526,0.3977272727272727,110
2023-09-20,1014,123,82,73,55,41,18,0.6666666666666666,0.7534246575342466,137
2023-09-21,1014,132,73,56,41,59,15,0.553030303030303,0.7321428571428571,114
2023-09-22,1014,127,76,61,45,51,16,0.5984251968503937,0.7377049180327869,121
2023-09-23,1014,113,80,70,28,33,42,0.7079646017699115,0.4,108
2023-09-24,1014,141,79,63,54,62,9,0.5602836879432624,0.8571428571428571,133
2023-09-25,1014,122,96,80,50,26,30,0.7868852459016393,0.625,146
2023-09-26,1014,125,85,83,30,40,53,0.68,0.3614457831325301,115
2023-09-27,1014,139,83,74,45,56,29,0.5971223021582733,0.6081081081081081,128
2023-09-28,1014,108,74,58,32,34,26,0.6851851851851852,0.5517241379310345,106
2023-09-29,1014,134,82,51,43,52,8,0.6119402985074627,0.8431372549019608,125
2023-09-30,1014,122,86,70,36,36,34,0.7049180327868853,0.5142857142857142,122
2023-10-01,1014,107,83,99,44,24,55,0.7757009345794392,0.4444444444444444,127
2023-10-02,1014,105,65,85,37,40,48,0.6190476190476191,0.43529411764705883,102
2023-10-03,1014,133,81,78,30,52,48,0.6090225563909775,0.38461538461538464,111
2023-10-04,1014,139,94,65,33,45,32,0.6762589928057554,0.5076923076923077,127
2023-10-05,1014,119,76,98,47,43,51,0.6386554621848739,0.47959183673469385,123
2023-10-06,1014,129,68,96,47,61,49,0.5271317829457365,0.4895833333333333,115
2023-10-07,1014,122,86,75,43,36,32,0.7049180327868853,0.5733333333333334,129
2023-10-08,1014,110,79,82,42,31,40,0.7181818181818181,0.5121951219512195,121
2023-10-09,1014,147,92,72,54,55,18,0.6258503401360545,0.75,146
2023-10-10,1014,118,89,60,43,29,17,0.7542372881355932,0.7166666666666667,132
2023-10-11,1014,140,66,90,44,74,46,0.4714285714285714,0.4888888888888889,110
2023-10-12,1014,137,84,65,47,53,18,0.6131386861313869,0.7230769230769231,131
2023-10-13,1014,144,89,80,36,55,44,0.6180555555555556,0.45,125
2023-10-14,1014,124,72,56,41,52,15,0.5806451612903226,0.7321428571428571,113
2023-10-15,1014,129,91,97,38,38,59,0.7054263565891473,0.3917525773195876,129
2023-10-16,1014,124,69,83,41,55,42,0.5564516129032258,0.4939759036144578,110
2023-10-17,1014,129,82,67,46,47,21,0.6356589147286822,0.6865671641791045,128
2023-10-18,1014,119,76,87,37,43,50,0.6386554621848739,0.42528735632183906,113
2023-10-19,1014,129,87,83,38,42,45,0.6744186046511628,0.4578313253012048,125
2023-10-20,1014,142,76,66,38,66,28,0.5352112676056338,0.5757575757575758,114
2023-10-21,1014,125,83,78,36,42,42,0.664,0.46153846153846156,119
2023-10-22,1014,122,82,73,51,40,22,0.6721311475409836,0.6986301369863014,133
2023-10-23,1014,114,95,63,46,19,17,0.8333333333333334,0.7301587301587301,141
2023-10-24,1014,142,85,51,48,57,3,0.5985915492957746,0.9411764705882353,133
2023-10-25,1014,145,83,88,50,62,38,0.5724137931034483,0.5681818181818182,133
2023-10-26,1014,126,73,81,49,53,32,0.5793650793650794,0.6049382716049383,122
2023-10-27,1014,129,65,73,35,64,38,0.5038759689922481,0.4794520547945205,100
2023-10-28,1014,102,76,58,40,26,18,0.7450980392156863,0.6896551724137931,116
2023-10-29,1014,105,78,50,33,27,17,0.7428571428571429,0.66,111
2023-10-30,1014,101,89,75,36,12,39,0.8811881188118812,0.48,125
2023-10-31,1014,114,76,87,31,38,56,0.6666666666666666,0.3563218390804598,107
2023-11-01,1014,130,81,88,48,49,40,0.6230769230769231,0.5454545454545454,129
2023-11-02,1014,140,89,73,44,51,29,0.6357142857142857,0.6027397260273972,133
2023-11-03,1014,143,71,72,41,72,31,0.4965034965034965,0.5694444444444444,112
2023-11-04,1014,124,70,100,37,54,63,0.5645161290322581,0.37,107
2023-11-05,1014,136,72,55,42,64,13,0.5294117647058824,0.7636363636363637,114
2023-11-06,1014,136,91,94,45,45,49,0.6691176470588235,0.4787234042553192,136
2023-11-07,1014,138,86,89,29,52,60,0.6231884057971014,0.3258426966292135,115
2023-11-08,1014,125,88,78,41,37,37,0.704,0.5256410256410257,129
2023-11-09,1014,142,98,79,41,44,38,0.6901408450704225,0.5189873417721519,139
2023-11-10,1014,118,92,89,45,26,44,0.7796610169491526,0.5056179775280899,137
2023-11-11,1014,117,107,99,47,10,52,0.9145299145299145,0.47474747474747475,154
2023-11-12,1014,139,78,50,41,61,9,0.5611510791366906,0.82,119
2023-11-13,1014,146,74,89,37,72,52,0.5068493150684932,0.4157303370786517,111
2023-11-14,1014,108,65,74,43,43,31,0.6018518518518519,0.581081081081081,108
2023-11-15,1014,138,77,94,49,61,45,0.5579710144927537,0.5212765957446809,126
2023-11-16,1014,102,79,74,35,23,39,0.7745098039215687,0.47297297297297297,114
2023-11-17,1014,116,71,76,32,45,44,0.6120689655172413,0.42105263157894735,103
2023-11-18,1014,142,77,75,29,65,46,0.5422535211267606,0.38666666666666666,106
2023-11-19,1014,137,74,59,36,63,23,0.5401459854014599,0.6101694915254238,110
2023-11-20,1014,113,68,79,40,45,39,0.6017699115044248,0.5063291139240507,108
2023-11-21,1014,129,90,55,55,39,0,0.6976744186046512,1,145
2023-11-22,1014,108,79,77,46,29,31,0.7314814814814815,0.5974025974025974,125
2023-11-23,1014,116,75,59,35,41,24,0.646551724137931,0.5932203389830508,110
2023-11-24,1014,114,78,68,37,36,31,0.6842105263157895,0.5441176470588235,115
2023-11-25,1014,126,72,89,41,54,48,0.5714285714285714,0.4606741573033708,113
2023-11-26,1014,130,82,89,45,48,44,0.6307692307692307,0.5056179775280899,127
2023-11-27,1014,140,67,58,32,73,26,0.4785714285714286,0.5517241379310345,99
2023-11-28,1014,114,73,83,47,41,36,0.6403508771929824,0.5662650602409639,120
2023-11-29,1014,106,93,65,48,13,17,0.8773584905660378,0.7384615384615385,141
2023-11-30,1014,112,90,80,47,22,33,0.8035714285714286,0.5875,137
2023-12-01,1014,127,77,91,30,50,61,0.6062992125984252,0.32967032967032966,107
2023-12-02,1014,128,92,59,43,36,16,0.71875,0.7288135593220338,135
2023-12-03,1014,119,76,77,42,43,35,0.6386554621848739,0.5454545454545454,118
2023-12-04,1014,113,91,68,38,22,30,0.8053097345132744,0.5588235294117647,129
2023-12-05,1014,126,78,68,52,48,16,0.6190476190476191,0.7647058823529411,130
2023-12-06,1014,101,76,84,41,25,43,0.7524752475247525,0.4880952380952381,117
2023-12-07,1014,117,88,95,41,29,54,0.7521367521367521,0.43157894736842106,129
2023-12-08,1014,101,95,68,50,6,18,0.9405940594059405,0.7352941176470589,145
2023-12-09,1014,120,82,87,36,38,51,0.6833333333333333,0.41379310344827586,118
2023-12-10,1014,125,83,98,37,42,61,0.664,0.37755102040816324,120
2023-12-11,1014,111,102,68,52,9,16,0.918918918918919,0.7647058823529411,154
2023-12-12,1014,117,84,74,33,33,41,0.717948717948718,0.44594594594594594,117
2023-12-13,1014,138,78,80,23,60,57,0.5652173913043478,0.2875,101
2023-12-14,1014,136,86,66,40,50,26,0.6323529411764706,0.6060606060606061,126
2023-12-15,1014,144,87,90,38,57,52,0.6041666666666666,0.4222222222222222,125
2023-12-16,1014,118,80,58,34,38,24,0.6779661016949152,0.5862068965517241,114
2023-12-17,1014,103,79,60,37,24,23,0.7669902912621359,0.6166666666666667,116
2023-12-18,1014,125,88,78,37,37,41,0.704,0.47435897435897434,125
2023-12-19,1014,115,89,71,44,26,27,0.7739130434782608,0.6197183098591549,133
2023-12-20,1014,129,70,78,36,59,42,0.5426356589147286,0.46153846153846156,106
2023-12-21,1014,109,92,85,42,17,43,0.8440366972477065,0.49411764705882355,134
2023-12-22,1014,133,87,54,40,46,14,0.6541353383458647,0.7407407407407407,127
2023-12-23,1014,122,77,73,62,45,11,0.6311475409836066,0.8493150684931506,139
2023-12-24,1014,125,96,97,42,29,55,0.768,0.4329896907216495,138
2023-12-25,1014,117,90,92,48,27,44,0.7692307692307693,0.5217391304347826,138
2023-12-26,1014,141,80,59,43,61,16,0.5673758865248227,0.7288135593220338,123
2023-12-27,1014,135,76,96,34,59,62,0.562962962962963,0.3541666666666667,110
2023-12-28,1014,135,77,67,46,58,21,0.5703703703703704,0.6865671641791045,123
2023-12-29,1014,123,77,61,31,46,30,0.6260162601626016,0.5081967213114754,108
2023-12-30,1014,133,87,87,38,46,49,0.6541353383458647,0.4367816091954023,125
2023-12-31,1014,104,70,50,50,34,0,0.6730769230769231,1,120
2023-01-01,1015,138,77,95,37,61,58,0.5579710144927537,0.3894736842105263,114
2023-01-02,1015,143,75,67,32,68,35,0.5244755244755245,0.47761194029850745,107
2023-01-03,1015,133,77,72,45,56,27,0.5789473684210527,0.625,122
2023-01-04,1015,120,77,68,34,43,34,0.6416666666666667,0.5,111
2023-01-05,1015,106,73,87,46,33,41,0.6886792452830188,0.5287356321839081,119
2023-01-06,1015,103,78,76,33,25,43,0.7572815533980582,0.4342105263157895,111
2023-01-07,1015,143,76,70,46,67,24,0.5314685314685315,0.6571428571428571,122
2023-01-08,1015,109,98,75,29,11,46,0.8990825688073395,0.38666666666666666,127
2023-01-09,1015,126,88,77,43,38,34,0.6984126984126984,0.5584415584415584,131
2023-01-10,1015,109,66,67,39,43,28,0.6055045871559633,0.582089552238806,105
2023-01-11,1015,130,105,57,38,25,19,0.8076923076923077,0.6666666666666666,143
2023-01-12,1015,110,76,61,38,34,23,0.6909090909090909,0.6229508196721312,114
2023-01-13,1015,110,77,80,38,33,42,0.7,0.475,115
2023-01-14,1015,128,78,53,34,50,19,0.609375,0.6415094339622641,112
2023-01-15,1015,101,84,59,33,17,26,0.8316831683168316,0.559322033898305,117
2023-01-16,1015,104,95,66,48,9,18,0.9134615384615384,0.7272727272727273,143
2023-01-17,1015,108,70,87,48,38,39,0.6481481481481481,0.5517241379310345,118
2023-01-18,1015,129,83,59,37,46,22,0.6434108527131783,0.6271186440677966,120
2023-01-19,1015,149,75,70,37,74,33,0.5033557046979866,0.5285714285714286,112
2023-01-20,1015,134,77,59,48,57,11,0.5746268656716418,0.8135593220338984,125
2023-01-21,1015,133,64,93,38,69,55,0.48120300751879697,0.40860215053763443,102
2023-01-22,1015,134,87,63,29,47,34,0.6492537313432836,0.4603174603174603,116
2023-01-23,1015,101,79,51,37,22,14,0.7821782178217822,0.7254901960784313,116
2023-01-24,1015,102,66,88,41,36,47,0.6470588235294118,0.4659090909090909,107
2023-01-25,1015,147,74,57,37,73,20,0.5034013605442177,0.6491228070175439,111
2023-01-26,1015,130,70,55,38,60,17,0.5384615384615384,0.6909090909090909,108
2023-01-27,1015,101,90,57,40,11,17,0.8910891089108911,0.7017543859649122,130
2023-01-28,1015,112,70,82,46,42,36,0.625,0.5609756097560976,116
2023-01-29,1015,137,75,95,36,62,59,0.5474452554744526,0.37894736842105264,111
2023-01-30,1015,106,77,55,55,29,0,0.7264150943396226,1,132
2023-01-31,1015,132,80,70,42,52,28,0.6060606060606061,0.6,122
2023-02-01,1015,114,79,76,39,35,37,0.6929824561403509,0.5131578947368421,118
2023-02-02,1015,129,94,72,36,35,36,0.7286821705426356,0.5,130
2023-02-03,1015,120,84,66,45,36,21,0.7,0.6818181818181818,129
2023-02-04,1015,134,74,99,33,60,66,0.5522388059701493,0.3333333333333333,107
2023-02-05,1015,123,81,88,48,42,40,0.6585365853658537,0.5454545454545454,129
2023-02-06,1015,146,75,68,45,71,23,0.5136986301369864,0.6617647058823529,120
2023-02-07,1015,108,79,71,41,29,30,0.7314814814814815,0.5774647887323944,120
2023-02-08,1015,129,79,57,55,50,2,0.6124031007751938,0.9649122807017544,134
2023-02-09,1015,119,97,53,44,22,9,0.8151260504201681,0.8301886792452831,141
2023-02-10,1015,134,74,77,34,60,43,0.5522388059701493,0.44155844155844154,108
2023-02-11,1015,126,78,75,35,48,40,0.6190476190476191,0.4666666666666667,113
2023-02-12,1015,124,98,66,43,26,23,0.7903225806451613,0.6515151515151515,141
2023-02-13,1015,143,96,96,46,47,50,0.6713286713286714,0.4791666666666667,142
2023-02-14,1015,100,87,69,41,13,28,0.87,0.5942028985507246,128
2023-02-15,1015,101,85,51,39,16,12,0.8415841584158416,0.7647058823529411,124
2023-02-16,1015,116,81,67,45,35,22,0.6982758620689655,0.6716417910447762,126
2023-02-17,1015,111,83,94,37,28,57,0.7477477477477478,0.39361702127659576,120
2023-02-18,1015,140,89,59,33,51,26,0.6357142857142857,0.559322033898305,122
2023-02-19,1015,132,74,69,41,58,28,0.5606060606060606,0.5942028985507246,115
2023-02-20,1015,138,87,80,30,51,50,0.6304347826086957,0.375,117
2023-02-21,1015,115,73,83,41,42,42,0.6347826086956522,0.4939759036144578,114
2023-02-22,1015,145,85,73,46,60,27,0.5862068965517241,0.6301369863013698,131
2023-02-23,1015,124,62,69,41,62,28,0.5,0.5942028985507246,103
2023-02-24,1015,140,72,58,34,68,24,0.5142857142857142,0.5862068965517241,106
2023-02-25,1015,132,72,96,47,60,49,0.5454545454545454,0.4895833333333333,119
2023-02-26,1015,138,87,79,32,51,47,0.6304347826086957,0.4050632911392405,119
2023-02-27,1015,136,96,59,41,40,18,0.7058823529411765,0.6949152542372882,137
2023-02-28,1015,145,67,91,43,78,48,0.46206896551724136,0.4725274725274725,110
2023-03-01,1015,103,76,67,45,27,22,0.7378640776699029,0.6716417910447762,121
2023-03-02,1015,125,79,85,38,46,47,0.632,0.4470588235294118,117
2023-03-03,1015,114,85,63,36,29,27,0.7456140350877193,0.5714285714285714,121
2023-03-04,1015,143,86,72,33,57,39,0.6013986013986014,0.4583333333333333,119
2023-03-05,1015,103,68,57,26,35,31,0.6601941747572816,0.45614035087719296,94
2023-03-06,1015,104,75,68,46,29,22,0.7211538461538461,0.6764705882352942,121
2023-03-07,1015,148,87,52,33,61,19,0.5878378378378378,0.6346153846153846,120
2023-03-08,1015,108,91,55,42,17,13,0.8425925925925926,0.7636363636363637,133
2023-03-09,1015,149,97,66,45,52,21,0.6510067114093959,0.6818181818181818,142
2023-03-10,1015,103,88,58,45,15,13,0.8543689320388349,0.7758620689655172,133
2023-03-11,1015,107,93,74,37,14,37,0.8691588785046729,0.5,130
2023-03-12,1015,120,79,82,37,41,45,0.6583333333333333,0.45121951219512196,116
2023-03-13,1015,101,80,62,37,21,25,0.7920792079207921,0.5967741935483871,117
2023-03-14,1015,146,78,58,47,68,11,0.5342465753424658,0.8103448275862069,125
2023-03-15,1015,103,97,73,42,6,31,0.941747572815534,0.5753424657534246,139
2023-03-16,1015,117,76,96,38,41,58,0.6495726495726496,0.3958333333333333,114
2023-03-17,1015,118,81,62,37,37,25,0.6864406779661016,0.5967741935483871,118
2023-03-18,1015,144,82,59,37,62,22,0.5694444444444444,0.6271186440677966,119
2023-03-19,1015,130,71,69,47,59,22,0.5461538461538461,0.6811594202898551,118
2023-03-20,1015,111,88,97,28,23,69,0.7927927927927928,0.28865979381443296,116
2023-03-21,1015,123,82,75,50,41,25,0.6666666666666666,0.6666666666666666,132
2023-03-22,1015,120,73,88,38,47,50,0.6083333333333333,0.4318181818181818,111
2023-03-23,1015,124,83,92,40,41,52,0.6693548387096774,0.43478260869565216,123
2023-03-24,1015,128,75,80,40,53,40,0.5859375,0.5,115
2023-03-25,1015,130,72,60,41,58,19,0.5538461538461539,0.6833333333333333,113
2023-03-26,1015,132,76,51,31,56,20,0.5757575757575758,0.6078431372549019,107
2023-03-27,1015,101,83,57,30,18,27,0.8217821782178217,0.5263157894736842,113
2023-03-28,1015,119,72,72,45,47,27,0.6050420168067226,0.625,117
2023-03-29,1015,120,83,84,33,37,51,0.6916666666666667,0.39285714285714285,116
2023-03-30,1015,139,81,63,37,58,26,0.5827338129496403,0.5873015873015873,118
2023-03-31,1015,121,80,51,30,41,21,0.6611570247933884,0.5882352941176471,110
2023-04-01,1015,127,90,90,34,37,56,0.7086614173228346,0.37777777777777777,124
2023-04-02,1015,131,87,87,49,44,38,0.6641221374045801,0.5632183908045977,136
2023-04-03,1015,145,66,54,41,79,13,0.45517241379310347,0.7592592592592593,107
2023-04-04,1015,132,84,72,35,48,37,0.6363636363636364,0.4861111111111111,119
2023-04-05,1015,138,87,55,33,51,22,0.6304347826086957,0.6,120
2023-04-06,1015,123,85,74,41,38,33,0.6910569105691057,0.5540540540540541,126
2023-04-07,1015,107,73,69,46,34,23,0.6822429906542056,0.6666666666666666,119
2023-04-08,1015,116,77,84,42,39,42,0.6637931034482759,0.5,119
2023-04-09,1015,141,75,85,51,66,34,0.5319148936170213,0.6,126
2023-04-10,1015,109,75,81,43,34,38,0.6880733944954128,0.5308641975308642,118
2023-04-11,1015,112,65,88,38,47,50,0.5803571428571429,0.4318181818181818,103
2023-04-12,1015,147,78,65,41,69,24,0.5306122448979592,0.6307692307692307,119
2023-04-13,1015,114,75,84,45,39,39,0.6578947368421053,0.5357142857142857,120
2023-04-14,1015,127,82,90,35,45,55,0.6456692913385826,0.3888888888888889,117
2023-04-15,1015,121,94,51,45,27,6,0.7768595041322314,0.8823529411764706,139
2023-04-16,1015,108,84,78,33,24,45,0.7777777777777778,0.4230769230769231,117
2023-04-17,1015,107,70,100,40,37,60,0.6542056074766355,0.4,110
2023-04-18,1015,123,81,92,33,42,59,0.6585365853658537,0.358695652173913,114
2023-04-19,1015,101,61,84,39,40,45,0.6039603960396039,0.4642857142857143,100
2023-04-20,1015,118,71,80,38,47,42,0.6016949152542372,0.475,109
2023-04-21,1015,111,71,95,43,40,52,0.6396396396396397,0.45263157894736844,114
2023-04-22,1015,116,72,98,44,44,54,0.6206896551724138,0.4489795918367347,116
2023-04-23,1015,139,75,52,45,64,7,0.539568345323741,0.8653846153846154,120
2023-04-24,1015,107,80,73,38,27,35,0.7476635514018691,0.5205479452054794,118
2023-04-25,1015,105,74,76,40,31,36,0.7047619047619048,0.5263157894736842,114
2023-04-26,1015,137,85,88,48,52,40,0.6204379562043796,0.5454545454545454,133
2023-04-27,1015,133,83,94,36,50,58,0.6240601503759399,0.3829787234042553,119
2023-04-28,1015,114,82,72,52,32,20,0.7192982456140351,0.7222222222222222,134
2023-04-29,1015,134,77,73,54,57,19,0.5746268656716418,0.7397260273972602,131
2023-04-30,1015,147,85,65,36,62,29,0.5782312925170068,0.5538461538461539,121
2023-05-01,1015,142,94,98,37,48,61,0.6619718309859155,0.37755102040816324,131
2023-05-02,1015,117,66,90,40,51,50,0.5641025641025641,0.4444444444444444,106
2023-05-03,1015,145,74,63,41,71,22,0.5103448275862069,0.6507936507936508,115
2023-05-04,1015,129,77,57,42,52,15,0.5968992248062015,0.7368421052631579,119
2023-05-05,1015,140,85,88,34,55,54,0.6071428571428571,0.38636363636363635,119
2023-05-06,1015,135,77,100,35,58,65,0.5703703703703704,0.35,112
2023-05-07,1015,150,69,55,44,81,11,0.46,0.8,113
2023-05-08,1015,104,68,97,27,36,70,0.6538461538461539,0.27835051546391754,95
2023-05-09,1015,137,85,79,45,52,34,0.6204379562043796,0.569620253164557,130
2023-05-10,1015,129,79,88,36,50,52,0.6124031007751938,0.4090909090909091,115
2023-05-11,1015,141,82,90,37,59,53,0.5815602836879432,0.4111111111111111,119
2023-05-12,1015,117,102,55,40,15,15,0.8717948717948718,0.7272727272727273,142
2023-05-13,1015,136,87,79,32,49,47,0.6397058823529411,0.4050632911392405,119
2023-05-14,1015,109,73,77,43,36,34,0.6697247706422018,0.5584415584415584,116
2023-05-15,1015,100,74,63,39,26,24,0.74,0.6190476190476191,113
2023-05-16,1015,112,90,88,41,22,47,0.8035714285714286,0.4659090909090909,131
2023-05-17,1015,122,69,50,32,53,18,0.5655737704918032,0.64,101
2023-05-18,1015,107,81,87,44,26,43,0.7570093457943925,0.5057471264367817,125
2023-05-19,1015,131,69,98,22,62,76,0.5267175572519084,0.22448979591836735,91
2023-05-20,1015,134,82,91,55,52,36,0.6119402985074627,0.6043956043956044,137
2023-05-21,1015,110,90,61,53,20,8,0.8181818181818182,0.8688524590163934,143
2023-05-22,1015,111,92,80,46,19,34,0.8288288288288288,0.575,138
2023-05-23,1015,118,81,72,50,37,22,0.6864406779661016,0.6944444444444444,131
2023-05-24,1015,132,73,81,34,59,47,0.553030303030303,0.41975308641975306,107
2023-05-25,1015,147,84,97,41,63,56,0.5714285714285714,0.422680412371134,125
2023-05-26,1015,134,72,80,34,62,46,0.5373134328358209,0.425,106
2023-05-27,1015,102,95,73,48,7,25,0.9313725490196079,0.6575342465753424,143
2023-05-28,1015,125,92,100,41,33,59,0.736,0.41,133
2023-05-29,1015,103,79,59,38,24,21,0.7669902912621359,0.6440677966101694,117
2023-05-30,1015,135,83,87,51,52,36,0.6148148148148148,0.5862068965517241,134
2023-05-31,1015,138,77,56,29,61,27,0.5579710144927537,0.5178571428571429,106
2023-06-01,1015,114,87,93,35,27,58,0.7631578947368421,0.3763440860215054,122
2023-06-02,1015,118,81,70,33,37,37,0.6864406779661016,0.4714285714285714,114
2023-06-03,1015,101,79,69,35,22,34,0.7821782178217822,0.5072463768115942,114
2023-06-04,1015,107,69,93,39,38,54,0.6448598130841121,0.41935483870967744,108
2023-06-05,1015,103,78,96,37,25,59,0.7572815533980582,0.3854166666666667,115
2023-06-06,1015,109,69,65,43,40,22,0.6330275229357798,0.6615384615384615,112
2023-06-07,1015,147,86,87,40,61,47,0.5850340136054422,0.45977011494252873,126
2023-06-08,1015,146,88,58,32,58,26,0.6027397260273972,0.5517241379310345,120
2023-06-09,1015,109,77,73,41,32,32,0.7064220183486238,0.5616438356164384,118
2023-06-10,1015,117,71,60,30,46,30,0.6068376068376068,0.5,101
2023-06-11,1015,113,71,76,33,42,43,0.6283185840707964,0.4342105263157895,104
2023-06-12,1015,150,72,53,30,78,23,0.48,0.5660377358490566,102
2023-06-13,1015,119,84,76,48,35,28,0.7058823529411765,0.631578947368421,132
2023-06-14,1015,149,68,100,42,81,58,0.4563758389261745,0.42,110
2023-06-15,1015,141,81,87,50,60,37,0.574468085106383,0.5747126436781609,131
2023-06-16,1015,111,83,71,30,28,41,0.7477477477477478,0.4225352112676056,113
2023-06-17,1015,135,86,62,35,49,27,0.6370370370370371,0.5645161290322581,121
2023-06-18,1015,131,72,91,35,59,56,0.549618320610687,0.38461538461538464,107
2023-06-19,1015,133,82,73,35,51,38,0.6165413533834586,0.4794520547945205,117
2023-06-20,1015,118,81,65,43,37,22,0.6864406779661016,0.6615384615384615,124
2023-06-21,1015,149,79,76,41,70,35,0.5302013422818792,0.5394736842105263,120
2023-06-22,1015,114,81,78,38,33,40,0.7105263157894737,0.48717948717948717,119
2023-06-23,1015,146,86,86,36,60,50,0.589041095890411,0.4186046511627907,122
2023-06-24,1015,137,85,76,42,52,34,0.6204379562043796,0.5526315789473685,127
2023-06-25,1015,140,80,91,57,60,34,0.5714285714285714,0.6263736263736264,137
2023-06-26,1015,109,87,58,47,22,11,0.7981651376146789,0.8103448275862069,134
2023-06-27,1015,150,72,68,40,78,28,0.48,0.5882352941176471,112
2023-06-28,1015,141,87,89,47,54,42,0.6170212765957447,0.5280898876404494,134
2023-06-29,1015,105,90,64,39,15,25,0.8571428571428571,0.609375,129
2023-06-30,1015,148,71,87,46,77,41,0.4797297297297297,0.5287356321839081,117
2023-07-01,1015,149,78,84,47,71,37,0.5234899328859061,0.5595238095238095,125
2023-07-02,1015,100,94,53,43,6,10,0.94,0.8113207547169812,137
2023-07-03,1015,104,83,50,40,21,10,0.7980769230769231,0.8,123
2023-07-04,1015,112,99,59,43,13,16,0.8839285714285714,0.7288135593220338,142
2023-07-05,1015,148,77,89,42,71,47,0.5202702702702703,0.47191011235955055,119
2023-07-06,1015,133,67,97,48,66,49,0.5037593984962406,0.4948453608247423,115
2023-07-07,1015,125,87,84,42,38,42,0.696,0.5,129
2023-07-08,1015,109,72,81,30,37,51,0.6605504587155964,0.37037037037037035,102
2023-07-09,1015,129,88,59,43,41,16,0.6821705426356589,0.7288135593220338,131
2023-07-10,1015,125,83,58,46,42,12,0.664,0.7931034482758621,129
2023-07-11,1015,105,76,93,32,29,61,0.7238095238095238,0.34408602150537637,108
2023-07-12,1015,109,75,99,35,34,64,0.6880733944954128,0.35353535353535354,110
2023-07-13,1015,136,70,94,48,66,46,0.5147058823529411,0.5106382978723404,118
2023-07-14,1015,105,81,96,41,24,55,0.7714285714285715,0.4270833333333333,122
2023-07-15,1015,126,68,99,40,58,59,0.5396825396825397,0.40404040404040403,108
2023-07-16,1015,101,86,78,48,15,30,0.8514851485148515,0.6153846153846154,134
2023-07-17,1015,150,86,88,30,64,58,0.5733333333333334,0.3409090909090909,116
2023-07-18,1015,103,69,72,38,34,34,0.6699029126213593,0.5277777777777778,107
2023-07-19,1015,114,83,90,32,31,58,0.7280701754385965,0.35555555555555557,115
2023-07-20,1015,108,66,76,38,42,38,0.6111111111111112,0.5,104
2023-07-21,1015,136,88,72,40,48,32,0.6470588235294118,0.5555555555555556,128
2023-07-22,1015,121,71,53,37,50,16,0.5867768595041323,0.6981132075471698,108
2023-07-23,1015,126,90,88,40,36,48,0.7142857142857143,0.45454545454545453,130
2023-07-24,1015,141,78,65,44,63,21,0.5531914893617021,0.676923076923077,122
2023-07-25,1015,132,78,72,42,54,30,0.5909090909090909,0.5833333333333334,120
2023-07-26,1015,146,79,68,46,67,22,0.541095890410959,0.6764705882352942,125
2023-07-27,1015,129,84,74,44,45,30,0.6511627906976745,0.5945945945945946,128
2023-07-28,1015,126,82,83,37,44,46,0.6507936507936508,0.4457831325301205,119
2023-07-29,1015,116,88,52,31,28,21,0.7586206896551724,0.5961538461538461,119
2023-07-30,1015,147,73,93,39,74,54,0.4965986394557823,0.41935483870967744,112
2023-07-31,1015,141,86,68,36,55,32,0.6099290780141844,0.5294117647058824,122
2023-08-01,1015,100,78,70,33,22,37,0.78,0.4714285714285714,111
2023-08-02,1015,117,91,64,40,26,24,0.7777777777777778,0.625,131
2023-08-03,1015,125,86,77,50,39,27,0.688,0.6493506493506493,136
2023-08-04,1015,123,79,65,33,44,32,0.6422764227642277,0.5076923076923077,112
2023-08-05,1015,121,81,83,46,40,37,0.6694214876033058,0.5542168674698795,127
2023-08-06,1015,117,88,89,36,29,53,0.7521367521367521,0.4044943820224719,124
2023-08-07,1015,150,75,76,32,75,44,0.5,0.42105263157894735,107
2023-08-08,1015,142,78,54,42,64,12,0.5492957746478874,0.7777777777777778,120
2023-08-09,1015,145,65,82,33,80,49,0.4482758620689655,0.4024390243902439,98
2023-08-10,1015,116,81,66,38,35,28,0.6982758620689655,0.5757575757575758,119
2023-08-11,1015,107,72,94,40,35,54,0.6728971962616822,0.425531914893617,112
2023-08-12,1015,117,73,55,37,44,18,0.6239316239316239,0.6727272727272727,110
2023-08-13,1015,112,77,69,42,35,27,0.6875,0.6086956521739131,119
2023-08-14,1015,111,73,69,38,38,31,0.6576576576576577,0.5507246376811594,111
2023-08-15,1015,108,72,52,32,36,20,0.6666666666666666,0.6153846153846154,104
2023-08-16,1015,139,78,89,38,61,51,0.5611510791366906,0.42696629213483145,116
2023-08-17,1015,129,71,96,40,58,56,0.5503875968992248,0.4166666666666667,111
2023-08-18,1015,143,63,58,29,80,29,0.4405594405594406,0.5,92
2023-08-19,1015,145,87,86,40,58,46,0.6,0.46511627906976744,127
2023-08-20,1015,148,81,80,41,67,39,0.5472972972972973,0.5125,122
2023-08-21,1015,124,81,71,43,43,28,0.6532258064516129,0.6056338028169014,124
2023-08-22,1015,108,84,83,36,24,47,0.7777777777777778,0.43373493975903615,120
2023-08-23,1015,105,70,97,40,35,57,0.6666666666666666,0.41237113402061853,110
2023-08-24,1015,142,93,53,34,49,19,0.6549295774647887,0.6415094339622641,127
2023-08-25,1015,122,84,65,40,38,25,0.6885245901639344,0.6153846153846154,124
2023-08-26,1015,106,83,52,45,23,7,0.78301886792452835,0.8653846153846154,128
2023-08-27,1015,112,91,91,30,21,61,0.8125,0.32967032967032966,121
2023-08-28,1015,145,78,69,45,67,24,0.5379310344827586,0.6521739130434783,123
2023-08-29,1015,124,90,88,29,34,59,0.7258064516129032,0.32954545454545453,119
2023-08-30,1015,149,75,95,39,74,56,0.5033557046979866,0.4105263157894737,114
2023-08-31,1015,108,89,69,39,19,30,0.8240740740740741,0.5652173913043478,128
2023-09-01,1015,101,91,92,39,10,53,0.900990099009901,0.42391304347826086,130
2023-09-02,1015,106,70,90,44,36,46,0.660377358490566,0.4888888888888889,114
2023-09-03,1015,137,79,54,34,58,20,0.5766423357664233,0.6296296296296297,113
2023-09-04,1015,134,80,98,46,54,52,0.5970149253731343,0.46938775510204084,126
2023-09-05,1015,131,78,94,42,53,52,0.5954198473282443,0.44680851063829785,120
2023-09-06,1015,105,82,60,47,23,13,0.780952380952381,0.7833333333333333,129
2023-09-07,1015,139,81,55,36,58,19,0.5827338129496403,0.6545454545454545,117
2023-09-08,1015,101,87,93,42,14,51,0.8613861386138614,0.45161290322580644,129
2023-09-09,1015,146,67,92,43,79,49,0.4589041095890411,0.4673913043478261,110
2023-09-10,1015,102,61,76,31,41,45,0.5980392156862745,0.40789473684210525,92
2023-09-11,1015,121,94,86,39,27,47,0.7768595041322314,0.45348837209302323,133
2023-09-12,1015,142,68,92,38,74,54,0.4788732394366197,0.41304347826086957,106
2023-09-13,1015,116,81,95,40,35,55,0.6982758620689655,0.42105263157894735,121
2023-09-14,1015,139,93,78,39,46,39,0.6690647482014388,0.5,132
2023-09-15,1015,112,80,59,40,32,19,0.7142857142857143,0.6779661016949152,120
2023-09-16,1015,108,91,85,46,17,39,0.8425925925925926,0.5411764705882353,137
2023-09-17,1015,139,74,97,51,65,46,0.5323741007194245,0.5257731958762887,125
2023-09-18,1015,114,72,61,35,42,26,0.631578947368421,0.5737704918032787,107
2023-09-19,1015,104,83,72,43,21,29,0.7980769230769231,0.5972222222222222,126
2023-09-20,1015,126,67,65,30,59,35,0.5317460317460317,0.46153846153846156,97
2023-09-21,1015,118,85,64,49,33,15,0.7203389830508474,0.765625,134
2023-09-22,1015,134,69,70,52,65,18,0.5149253731343284,0.7428571428571429,121
2023-09-23,1015,142,97,65,42,45,23,0.6830985915492958,0.6461538461538462,139
2023-09-24,1015,109,78,98,33,31,65,0.7155963302752294,0.336734693877551,111
2023-09-25,1015,135,74,83,46,61,37,0.5481481481481482,0.5542168674698795,120
2023-09-26,1015,134,85,100,38,49,62,0.6343283582089553,0.38,123
2023-09-27,1015,129,93,95,38,36,57,0.7209302325581395,0.4,131
2023-09-28,1015,111,81,79,35,30,44,0.7297297297297297,0.4430379746835443,116
2023-09-29,1015,102,81,99,24,21,75,0.7941176470588235,0.24242424242424243,105
2023-09-30,1015,135,76,50,48,59,2,0.562962962962963,0.96,124
2023-10-01,1015,118,70,78,30,48,48,0.5932203389830508,0.38461538461538464,100
2023-10-02,1015,106,90,73,37,16,36,0.8490566037735849,0.5068493150684932,127
2023-10-03,1015,149,77,61,41,72,20,0.5167785234899329,0.6721311475409836,118
2023-10-04,1015,134,76,57,40,58,17,0.5671641791044776,0.7017543859649122,116
2023-10-05,1015,101,87,70,37,14,33,0.8613861386138614,0.5285714285714286,124
2023-10-06,1015,131,82,68,45,49,23,0.6259541984732825,0.6617647058823529,127
2023-10-07,1015,101,90,70,54,11,16,0.8910891089108911,0.7714285714285715,144
2023-10-08,1015,110,65,98,41,45,57,0.5909090909090909,0.41836734693877553,106
2023-10-09,1015,145,67,95,49,78,46,0.46206896551724136,0.5157894736842106,116
2023-10-10,1015,121,92,65,39,29,26,0.7603305785123967,0.6,131
2023-10-11,1015,142,78,62,35,64,27,0.5492957746478874,0.5645161290322581,113
2023-10-12,1015,123,61,59,30,62,29,0.4959349593495935,0.5084745762711864,91
2023-10-13,1015,107,86,50,42,21,8,0.8037383177570093,0.84,128
2023-10-14,1015,128,75,63,40,53,23,0.5859375,0.6349206349206349,115
2023-10-15,1015,106,68,100,39,38,61,0.6415094339622641,0.39,107
2023-10-16,1015,149,101,60,35,48,25,0.6778523489932886,0.5833333333333334,136
2023-10-17,1015,101,91,81,35,10,46,0.900990099009901,0.43209876543209874,126
2023-10-18,1015,150,77,73,41,73,32,0.5133333333333333,0.5616438356164384,118
2023-10-19,1015,145,64,54,32,81,22,0.4413793103448276,0.5925925925925926,96
2023-10-20,1015,101,75,57,45,26,12,0.7425742574257426,0.7894736842105263,120
2023-10-21,1015,107,86,71,36,21,35,0.8037383177570093,0.5070422535211268,122
2023-10-22,1015,126,95,68,50,31,18,0.753968253968254,0.7352941176470589,145
2023-10-23,1015,107,77,71,50,30,21,0.719626168224299,0.704225352112676,127
2023-10-24,1015,116,96,74,38,20,36,0.8275862068965517,0.5135135135135135,134
2023-10-25,1015,141,64,99,33,77,66,0.45390070921985815,0.3333333333333333,97
2023-10-26,1015,132,81,77,32,51,45,0.6136363636363636,0.4155844155844156,113
2023-10-27,1015,114,73,82,45,41,37,0.6403508771929824,0.5487804878048781,118
2023-10-28,1015,130,81,94,49,49,45,0.6230769230769231,0.5212765957446809,130
2023-10-29,1015,108,83,68,49,25,19,0.7685185185185185,0.7205882352941176,132
2023-10-30,1015,137,75,92,31,62,61,0.5474452554744526,0.33695652173913043,106
2023-10-31,1015,104,84,57,36,20,21,0.8076923076923077,0.631578947368421,120
2023-11-01,1015,109,83,73,47,26,26,0.7614678899082569,0.6438356164383562,130
2023-11-02,1015,101,74,54,28,27,26,0.7326732673267327,0.5185185185185185,102
2023-11-03,1015,105,83,77,39,22,38,0.7904761904761904,0.5064935064935064,122
2023-11-04,1015,134,92,90,40,42,50,0.6865671641791045,0.4444444444444444,132
2023-11-05,1015,136,79,74,43,57,31,0.5808823529411765,0.581081081081081,122
2023-11-06,1015,139,65,99,34,74,65,0.4676258992805755,0.3434343434343434,99
2023-11-07,1015,116,74,97,49,42,48,0.6379310344827587,0.5051546391752577,123
2023-11-08,1015,108,72,89,33,36,56,0.6666666666666666,0.3707865168539326,105
2023-11-09,1015,143,77,87,38,66,49,0.5384615384615384,0.4367816091954023,115
2023-11-10,1015,141,80,95,50,61,45,0.5673758865248227,0.5263157894736842,130
2023-11-11,1015,112,93,62,42,19,20,0.8303571428571429,0.6774193548387096,135
2023-11-12,1015,135,87,74,29,48,45,0.6444444444444445,0.3918918918918919,116
2023-11-13,1015,146,78,59,44,68,15,0.5342465753424658,0.7457627118644068,122
2023-11-14,1015,122,81,73,43,41,30,0.6639344262295082,0.589041095890411,124
2023-11-15,1015,135,76,71,34,59,37,0.562962962962963,0.4788732394366197,110
2023-11-16,1015,132,74,90,44,58,46,0.5606060606060606,0.4888888888888889,118
2023-11-17,1015,121,81,66,37,40,29,0.6694214876033058,0.5606060606060606,118
2023-11-18,1015,105,62,58,42,43,16,0.5904761904761905,0.7241379310344828,104
2023-11-19,1015,107,83,52,41,24,11,0.7757009345794392,0.7884615384615384,124
2023-11-20,1015,104,84,97,50,20,47,0.8076923076923077,0.5154639175257731,134
2023-11-21,1015,132,79,95,37,53,58,0.5984848484848485,0.3894736842105263,116
2023-11-22,1015,137,86,75,34,51,41,0.6277372262773723,0.4533333333333333,120
2023-11-23,1015,116,93,93,35,23,58,0.8017241379310345,0.3763440860215054,128
2023-11-24,1015,100,66,64,45,34,19,0.66,0.703125,111
2023-11-25,1015,142,72,83,34,70,49,0.5070422535211268,0.40963855421686746,106
2023-11-26,1015,106,78,80,42,28,38,0.7358490566037735,0.525,120
2023-11-27,1015,113,79,78,34,34,44,0.6991150442477876,0.4358974358974359,113
2023-11-28,1015,143,76,80,47,67,33,0.5314685314685315,0.5875,123
2023-11-29,1015,126,93,69,39,33,30,0.7380952380952381,0.5652173913043478,132
2023-11-30,1015,116,91,74,46,25,28,0.7844827586206896,0.6216216216216216,137
2023-12-01,1015,147,79,61,39,68,22,0.5374149659863946,0.639344262295082,118
2023-12-02,1015,121,82,61,46,39,15,0.6776859504132231,0.7540983606557377,128
2023-12-03,1015,128,75,72,34,53,38,0.5859375,0.4722222222222222,109
2023-12-04,1015,115,79,85,38,36,47,0.6869565217391305,0.4470588235294118,117
2023-12-05,1015,142,75,75,47,67,28,0.528169014084507,0.6266666666666667,122
2023-12-06,1015,141,78,53,37,63,16,0.5531914893617021,0.6981132075471698,115
2023-12-07,1015,139,71,94,35,68,59,0.5107913669064749,0.3723404255319149,106
2023-12-08,1015,144,79,57,37,65,20,0.5486111111111112,0.6491228070175439,116
2023-12-09,1015,115,96,57,38,19,19,0.8347826086956521,0.6666666666666666,134
2023-12-10,1015,146,90,86,32,56,54,0.6164383561643836,0.37209302325581395,122
2023-12-11,1015,105,76,78,33,29,45,0.7238095238095238,0.4230769230769231,109
2023-12-12,1015,128,69,61,40,59,21,0.5390625,0.6557377049180327,109
2023-12-13,1015,107,85,52,29,22,23,0.794392523364486,0.5576923076923077,114
2023-12-14,1015,143,66,61,37,77,24,0.46153846153846156,0.6065573770491803,103
2023-12-15,1015,119,72,98,45,47,53,0.6050420168067226,0.45918367346938777,117
2023-12-16,1015,137,91,92,40,46,52,0.6642335766423357,0.43478260869565216,131
2023-12-17,1015,141,67,99,47,74,52,0.475177304964539,0.47474747474747475,114
2023-12-18,1015,148,69,64,42,79,22,0.46621621621621623,0.65625,111
2023-12-19,1015,110,73,75,43,37,32,0.6636363636363637,0.5733333333333334,116
2023-12-20,1015,110,76,70,50,34,20,0.6909090909090909,0.7142857142857143,126
2023-12-21,1015,143,77,78,50,66,28,0.5384615384615384,0.6410256410256411,127
2023-12-22,1015,134,71,100,45,63,55,0.5298507462686567,0.45,116
2023-12-23,1015,107,85,80,40,22,40,0.794392523364486,0.5,125
2023-12-24,1015,132,78,52,52,54,0,0.5909090909090909,1,130
2023-12-25,1015,115,71,70,30,44,40,0.6173913043478261,0.42857142857142855,101
2023-12-26,1015,150,80,86,43,70,43,0.5333333333333333,0.5,123
2023-12-27,1015,102,70,72,35,32,37,0.6862745098039216,0.4861111111111111,105
2023-12-28,1015,104,74,81,32,30,49,0.7115384615384616,0.3950617283950617,106
2023-12-29,1015,138,87,71,39,51,32,0.6304347826086957,0.5492957746478874,126
2023-12-30,1015,149,80,60,51,69,9,0.5369127516778524,0.85,131
2023-12-31,1015,122,90,93,35,32,58,0.7377049180327869,0.3763440860215054,125
2023-01-01,1016,104,87,51,45,17,6,0.8365384615384616,0.8823529411764706,132
2023-01-02,1016,138,62,65,38,76,27,0.4492753623188406,0.5846153846153846,100
2023-01-03,1016,111,77,70,38,34,32,0.6936936936936937,0.5428571428571428,115
2023-01-04,1016,112,63,56,33,49,23,0.5625,0.5892857142857143,96
2023-01-05,1016,132,90,93,43,42,50,0.6818181818181818,0.46236559139784944,133
2023-01-06,1016,108,78,72,48,30,24,0.7222222222222222,0.6666666666666666,126
2023-01-07,1016,113,76,86,44,37,42,0.672566371681416,0.5116279069767442,120
2023-01-08,1016,140,71,85,42,69,43,0.5071428571428571,0.49411764705882355,113
2023-01-09,1016,138,69,80,47,69,33,0.5,0.5875,116
2023-01-10,1016,118,72,94,36,46,58,0.6101694915254238,0.3829787234042553,108
2023-01-11,1016,111,78,83,41,33,42,0.7027027027027027,0.4939759036144578,119
2023-01-12,1016,138,71,75,45,67,30,0.5144927536231884,0.6,116
2023-01-13,1016,144,84,93,37,60,56,0.5833333333333334,0.3978494623655914,121
2023-01-14,1016,104,92,91,37,12,54,0.8846153846153846,0.4065934065934066,129
2023-01-15,1016,123,84,69,39,39,30,0.6829268292682927,0.5652173913043478,123
2023-01-16,1016,114,66,83,48,48,35,0.5789473684210527,0.5783132530120482,114
2023-01-17,1016,116,93,97,44,23,53,0.8017241379310345,0.4536082474226804,137
2023-01-18,1016,145,88,65,28,57,37,0.6068965517241379,0.4307692307692308,116
2023-01-19,1016,104,87,60,39,17,21,0.8365384615384616,0.65,126
2023-01-20,1016,150,84,84,34,66,50,0.56,0.40476190476190477,118
2023-01-21,1016,110,86,84,47,24,37,0.7818181818181819,0.5595238095238095,133
2023-01-22,1016,105,75,52,41,30,11,0.7142857142857143,0.7884615384615384,116
2023-01-23,1016,100,95,65,39,5,26,0.95,0.6,134
2023-01-24,1016,107,80,89,38,27,51,0.7476635514018691,0.42696629213483145,118
2023-01-25,1016,108,70,85,28,38,57,0.6481481481481481,0.32941176470588235,98
2023-01-26,1016,142,75,54,30,67,24,0.528169014084507,0.5555555555555556,105
2023-01-27,1016,114,85,66,34,29,32,0.7456140350877193,0.5151515151515151,119
2023-01-28,1016,131,80,80,41,51,39,0.6106870229007634,0.5125,121
2023-01-29,1016,142,79,71,30,63,41,0.5563380281690141,0.4225352112676056,109
2023-01-30,1016,145,76,99,43,69,56,0.5241379310344828,0.43434343434343436,119
2023-01-31,1016,122,96,57,42,26,15,0.7868852459016393,0.7368421052631579,138
2023-02-01,1016,149,94,51,32,55,19,0.6308724832214765,0.6274509803921569,126
2023-02-02,1016,134,73,68,40,61,28,0.5447761194029851,0.5882352941176471,113
2023-02-03,1016,122,87,93,43,35,50,0.7131147540983607,0.46236559139784944,130
2023-02-04,1016,126,79,92,25,47,67,0.626984126984127,0.2717391304347826,104
2023-02-05,1016,115,80,69,34,35,35,0.6956521739130435,0.4927536231884058,114
2023-02-06,1016,142,78,95,44,64,51,0.5492957746478874,0.4631578947368421,122
2023-02-07,1016,118,77,59,41,41,18,0.652542372881356,0.6949152542372882,118
2023-02-08,1016,111,92,93,37,19,56,0.8288288288288288,0.3978494623655914,129
2023-02-09,1016,126,71,59,40,55,19,0.5634920634920635,0.6779661016949152,111
2023-02-10,1016,119,92,90,46,27,44,0.773109243697479,0.5111111111111111,138
2023-02-11,1016,111,98,90,35,13,55,0.8828828828828829,0.3888888888888889,133
2023-02-12,1016,138,71,89,44,67,45,0.5144927536231884,0.4943820224719101,115
2023-02-13,1016,111,66,95,47,45,48,0.5945945945945946,0.49473684210526314,113
2023-02-14,1016,114,66,92,45,48,47,0.5789473684210527,0.4891304347826087,111
2023-02-15,1016,124,77,61,41,47,20,0.6209677419354839,0.6721311475409836,118
2023-02-16,1016,106,75,61,39,31,22,0.7075471698113207,0.639344262295082,114
2023-02-17,1016,143,81,51,32,62,19,0.5664335664335665,0.6274509803921569,113
2023-02-18,1016,113,77,70,46,36,24,0.6814159292035398,0.6571428571428571,123
2023-02-19,1016,111,86,63,44,25,19,0.7747747747747747,0.6984126984126984,130
2023-02-20,1016,113,68,85,36,45,49,0.6017699115044248,0.4235294117647059,104
2023-02-21,1016,107,79,96,33,28,63,0.7383177570093458,0.34375,112
2023-02-22,1016,135,83,92,47,52,45,0.6148148148148148,0.5108695652173914,130
2023-02-23,1016,123,84,66,42,39,24,0.6829268292682927,0.6363636363636364,126
2023-02-24,1016,144,94,99,41,50,58,0.6527777777777778,0.41414141414141414,135
2023-02-25,1016,132,77,89,40,55,49,0.5833333333333334,0.449438202247191,117
2023-02-26,1016,112,86,52,52,26,0,0.7678571428571429,1,138
2023-02-27,1016,112,89,53,36,23,17,0.7946428571428571,0.6792452830188679,125
2023-02-28,1016,121,74,51,36,47,15,0.6115702479338843,0.7058823529411765,110
2023-03-01,1016,103,64,61,41,39,20,0.6213592233009708,0.6721311475409836,105
2023-03-02,1016,144,73,74,33,71,41,0.5069444444444444,0.44594594594594594,106
2023-03-03,1016,139,86,86,41,53,45,0.6187050359712231,0.47674418604651164,127
2023-03-04,1016,132,86,88,40,46,48,0.6515151515151515,0.45454545454545453,126
2023-03-05,1016,117,81,67,47,36,20,0.6923076923076923,0.7014925373134329,128
2023-03-06,1016,103,74,54,44,29,10,0.7184466019417476,0.8148148148148148,118
2023-03-07,1016,147,76,51,29,71,22,0.5170068027210885,0.5686274509803921,105
2023-03-08,1016,102,64,89,42,38,47,0.6274509803921569,0.47191011235955055,106
2023-03-09,1016,142,76,60,31,66,29,0.5352112676056338,0.5166666666666667,107
2023-03-10,1016,118,84,73,45,34,28,0.711864406779661,0.6164383561643836,129
2023-03-11,1016,117,55,90,36,62,54,0.4700854700854701,0.4,91
2023-03-12,1016,127,99,75,46,28,29,0.7795275590551181,0.6133333333333333,145
2023-03-13,1016,108,92,58,42,16,16,0.8518518518518519,0.7241379310344828,134
2023-03-14,1016,117,78,60,50,39,10,0.6666666666666666,0.8333333333333334,128
2023-03-15,1016,145,78,87,47,67,40,0.5379310344827586,0.5402298850574713,125
2023-03-16,1016,117,77,56,44,40,12,0.6581196581196581,0.7857142857142857,121
2023-03-17,1016,118,63,50,38,55,12,0.5338983050847458,0.76,101
2023-03-18,1016,106,69,61,43,37,18,0.6509433962264151,0.7049180327868853,112
2023-03-19,1016,108,92,99,37,16,62,0.8518518518518519,0.37373737373737376,129
2023-03-20,1016,117,71,50,41,46,9,0.6068376068376068,0.82,112
2023-03-21,1016,117,75,78,45,42,33,0.6410256410256411,0.5769230769230769,120
2023-03-22,1016,127,83,64,31,44,33,0.6535433070866141,0.484375,114
2023-03-23,1016,115,71,91,37,44,54,0.6173913043478261,0.4065934065934066,108
2023-03-24,1016,138,68,77,45,70,32,0.4927536231884058,0.5844155844155844,113
2023-03-25,1016,149,81,52,47,68,5,0.5436241610738255,0.9038461538461539,128
2023-03-26,1016,148,75,87,37,73,50,0.5067567567567568,0.42528735632183906,112
2023-03-27,1016,108,76,75,37,32,38,0.7037037037037037,0.49333333333333335,113
2023-03-28,1016,113,67,70,28,46,42,0.5929203539823009,0.4,95
2023-03-29,1016,135,98,67,40,37,27,0.725925925925926,0.5970149253731343,138
2023-03-30,1016,133,88,99,39,45,60,0.6616541353383458,0.3939393939393939,127
2023-03-31,1016,119,78,76,40,41,36,0.6554621848739496,0.5263157894736842,118
2023-04-01,1016,109,83,63,38,26,25,0.7614678899082569,0.6031746031746031,121
2023-04-02,1016,135,73,64,42,62,22,0.5407407407407407,0.65625,115
2023-04-03,1016,135,81,53,44,54,9,0.6,0.8301886792452831,125
2023-04-04,1016,106,68,68,34,38,34,0.6415094339622641,0.5,102
2023-04-05,1016,109,78,81,40,31,41,0.7155963302752294,0.49382716049382713,118
2023-04-06,1016,113,89,59,42,24,17,0.7876106194690266,0.711864406779661,131
2023-04-07,1016,129,84,95,37,45,58,0.6511627906976745,0.3894736842105263,121
2023-04-08,1016,131,79,81,42,52,39,0.6030534351145038,0.5185185185185185,121
2023-04-09,1016,123,77,99,44,46,55,0.6260162601626016,0.4444444444444444,121
2023-04-10,1016,129,68,74,49,61,25,0.5271317829457365,0.6621621621621622,117
2023-04-11,1016,113,89,77,39,24,38,0.7876106194690266,0.5064935064935064,128
2023-04-12,1016,107,64,83,42,43,41,0.5981308411214953,0.5060240963855421,106
2023-04-13,1016,132,78,52,34,54,18,0.5909090909090909,0.6538461538461539,112
2023-04-14,1016,148,92,60,56,56,4,0.6216216216216216,0.9333333333333333,148
2023-04-15,1016,102,63,95,39,39,56,0.6176470588235294,0.4105263157894737,102
2023-04-16,1016,112,57,99,37,55,62,0.5089285714285714,0.37373737373737376,94
2023-04-17,1016,138,82,89,39,56,50,0.5942028985507246,0.43820224719101125,121
2023-04-18,1016,108,82,100,39,26,61,0.7592592592592593,0.39,121
2023-04-19,1016,119,84,88,33,35,55,0.7058823529411765,0.375,117
2023-04-20,1016,106,75,94,35,31,59,0.7075471698113207,0.3723404255319149,110
2023-04-21,1016,123,67,50,37,56,13,0.5447154471544715,0.74,104
2023-04-22,1016,136,75,90,33,61,57,0.5514705882352942,0.36666666666666664,108
2023-04-23,1016,143,95,73,33,48,40,0.6643356643356644,0.4520547945205479,128
2023-04-24,1016,103,99,93,46,4,47,0.9611650485436893,0.4946236559139785,145
2023-04-25,1016,105,101,87,38,4,49,0.9619047619047619,0.4367816091954023,139
2023-04-26,1016,115,80,90,53,35,37,0.6956521739130435,0.5888888888888889,133
2023-04-27,1016,125,77,59,40,48,19,0.616,0.6779661016949152,117
2023-04-28,1016,127,84,91,41,43,50,0.6614173228346457,0.45054945054945056,125
2023-04-29,1016,105,82,52,37,23,15,0.780952380952381,0.7115384615384616,119
2023-04-30,1016,120,78,98,43,42,55,0.65,0.4387755102040816,121
2023-05-01,1016,128,89,63,35,39,28,0.6953125,0.5555555555555556,124
2023-05-02,1016,134,103,66,43,31,23,0.7686567164179104,0.6515151515151515,146
2023-05-03,1016,140,85,67,34,55,33,0.6071428571428571,0.5074626865671642,119
2023-05-04,1016,132,72,74,41,60,33,0.5454545454545454,0.5540540540540541,113
2023-05-05,1016,118,74,90,30,44,60,0.6271186440677966,0.3333333333333333,104
2023-05-06,1016,105,87,90,52,18,38,0.8285714285714286,0.5777777777777777,139
2023-05-07,1016,130,74,77,44,56,33,0.5692307692307692,0.5714285714285714,118
2023-05-08,1016,142,77,59,48,65,11,0.5422535211267606,0.8135593220338984,125
2023-05-09,1016,129,75,73,37,54,36,0.5813953488372093,0.5068493150684932,112
2023-05-10,1016,139,71,64,50,68,14,0.5107913669064749,0.78125,121
2023-05-11,1016,106,80,51,45,26,6,0.7547169811320755,0.8823529411764706,125
2023-05-12,1016,117,83,57,29,34,28,0.7094017094017094,0.5087719298245614,112
2023-05-13,1016,116,75,57,40,41,17,0.646551724137931,0.7017543859649122,115
2023-05-14,1016,124,79,94,44,45,50,0.6370967741935484,0.46808510638297873,123
2023-05-15,1016,143,83,90,43,60,47,0.5804195804195804,0.4777777777777778,126
2023-05-16,1016,146,72,76,51,74,25,0.4931506849315068,0.6710526315789473,123
2023-05-17,1016,115,78,89,34,37,55,0.6782608695652174,0.38202247191011235,112
2023-05-18,1016,111,87,91,49,24,42,0.7837837837837838,0.5384615384615384,136
2023-05-19,1016,127,88,88,46,39,42,0.6929133858267716,0.5227272727272727,134
2023-05-20,1016,140,80,88,33,60,55,0.5714285714285714,0.375,113
2023-05-21,1016,145,78,65,42,67,23,0.5379310344827586,0.6461538461538462,120
2023-05-22,1016,119,79,62,39,40,23,0.6638655462184874,0.6290322580645161,118
2023-05-23,1016,122,83,93,52,39,41,0.680327868852459,0.5591397849462365,135
2023-05-24,1016,135,92,87,43,43,44,0.6814814814814815,0.4942528735632184,135
2023-05-25,1016,106,81,71,34,25,37,0.7641509433962265,0.4788732394366197,115
2023-05-26,1016,118,78,75,26,40,49,0.6610169491525424,0.3466666666666667,104
2023-05-27,1016,146,87,85,41,59,44,0.5958904109589042,0.4823529411764706,128
2023-05-28,1016,124,85,95,42,39,53,0.6854838709677419,0.4421052631578947,127
2023-05-29,1016,133,78,100,42,55,58,0.5864661654135338,0.42,120
2023-05-30,1016,145,97,65,33,48,32,0.6689655172413793,0.5076923076923077,130
2023-05-31,1016,115,78,86,34,37,52,0.6782608695652174,0.3953488372093023,112
2023-06-01,1016,109,89,73,44,20,29,0.8165137614678899,0.6027397260273972,133
2023-06-02,1016,123,83,83,36,40,47,0.6747967479674797,0.43373493975903615,119
2023-06-03,1016,138,83,67,47,55,20,0.6014492753623188,0.7014925373134329,130
2023-06-04,1016,136,61,78,54,75,24,0.4485294117647059,0.6923076923076923,115
2023-06-05,1016,139,79,68,35,60,33,0.5683453237410072,0.5147058823529411,114
2023-06-06,1016,140,68,74,29,72,45,0.4857142857142857,0.3918918918918919,97
2023-06-07,1016,142,77,97,44,65,53,0.5422535211267606,0.4536082474226804,121
2023-06-08,1016,142,78,57,50,64,7,0.5492957746478874,0.8771929824561403,128
2023-06-09,1016,136,77,52,40,59,12,0.5661764705882353,0.7692307692307693,117
2023-06-10,1016,134,73,51,41,61,10,0.5447761194029851,0.803921568627451,114
2023-06-11,1016,108,89,72,41,19,31,0.8240740740740741,0.5694444444444444,130
2023-06-12,1016,100,78,72,36,22,36,0.78,0.5,114
2023-06-13,1016,119,98,82,40,21,42,0.8235294117647058,0.4878048780487805,138
2023-06-14,1016,121,78,86,38,43,48,0.6446280991735537,0.4418604651162791,116
2023-06-15,1016,133,73,60,47,60,13,0.5488721804511278,0.7833333333333333,120
2023-06-16,1016,128,86,64,32,42,32,0.671875,0.5,118
2023-06-17,1016,136,91,78,42,45,36,0.6691176470588235,0.5384615384615384,133
2023-06-18,1016,125,76,50,43,49,7,0.608,0.86,119
2023-06-19,1016,149,80,65,38,69,27,0.5369127516778524,0.5846153846153846,118
2023-06-20,1016,148,75,74,41,73,33,0.5067567567567568,0.5540540540540541,116
2023-06-21,1016,121,89,87,36,32,51,0.7355371900826446,0.41379310344827586,125
2023-06-22,1016,139,87,51,35,52,16,0.6258992805755396,0.6862745098039216,122
2023-06-23,1016,144,74,57,44,70,13,0.5138888888888888,0.7719298245614035,118
2023-06-24,1016,104,95,84,42,9,42,0.9134615384615384,0.5,137
2023-06-25,1016,123,86,86,39,37,47,0.6991869918699187,0.45348837209302323,125
2023-06-26,1016,113,101,52,44,12,8,0.8938053097345132,0.8461538461538461,145
2023-06-27,1016,127,79,85,34,48,51,0.6220472440944882,0.4,113
2023-06-28,1016,140,93,95,46,47,49,0.6642857142857143,0.4842105263157895,139
2023-06-29,1016,128,69,58,33,59,25,0.5390625,0.5689655172413793,102
2023-06-30,1016,122,83,81,34,39,47,0.680327868852459,0.41975308641975306,117
2023-07-01,1016,124,76,93,44,48,49,0.6129032258064516,0.4731182795698925,120
2023-07-02,1016,108,75,62,46,33,16,0.6944444444444444,0.7419354838709677,121
2023-07-03,1016,102,84,78,37,18,41,0.8235294117647058,0.47435897435897434,121
2023-07-04,1016,123,79,96,52,44,44,0.6422764227642277,0.5416666666666666,131
2023-07-05,1016,147,86,73,34,61,39,0.5850340136054422,0.4657534246575342,120
2023-07-06,1016,127,82,51,40,45,11,0.6456692913385826,0.7843137254901961,122
2023-07-07,1016,148,99,55,43,49,12,0.668918918918919,0.7818181818181819,142
2023-07-08,1016,118,64,70,37,54,33,0.5423728813559322,0.5285714285714286,101
2023-07-09,1016,143,90,64,32,53,32,0.6293706293706294,0.5,122
2023-07-10,1016,115,83,68,47,32,21,0.7217391304347827,0.6911764705882353,130
2023-07-11,1016,134,84,91,30,50,61,0.6268656716417911,0.32967032967032966,114
2023-07-12,1016,147,98,80,46,49,34,0.6666666666666666,0.575,144
2023-07-13,1016,132,84,84,30,48,54,0.6363636363636364,0.35714285714285715,114
2023-07-14,1016,112,63,54,36,49,18,0.5625,0.6666666666666666,99
2023-07-15,1016,105,77,63,35,28,28,0.7333333333333333,0.5555555555555556,112
2023-07-16,1016,149,95,91,53,54,38,0.6375838926174496,0.5824175824175825,148
2023-07-17,1016,100,80,61,41,20,20,0.8,0.6721311475409836,121
2023-07-18,1016,106,95,72,42,11,30,0.8962264150943396,0.5833333333333334,137
2023-07-19,1016,117,72,53,28,45,25,0.6153846153846154,0.5283018867924528,100
2023-07-20,1016,126,73,63,34,53,29,0.5793650793650794,0.5396825396825397,107
2023-07-21,1016,137,78,96,49,59,47,0.5693430656934306,0.5104166666666666,127
2023-07-22,1016,124,75,72,35,49,37,0.6048387096774194,0.4861111111111111,110
2023-07-23,1016,142,74,80,37,68,43,0.5211267605633803,0.4625,111
2023-07-24,1016,104,81,76,51,23,25,0.7788461538461539,0.6710526315789473,132
2023-07-25,1016,149,80,79,51,69,28,0.5369127516778524,0.6455696202531646,131
2023-07-26,1016,108,74,63,34,34,29,0.6851851851851852,0.5396825396825397,108
2023-07-27,1016,130,71,86,31,59,55,0.5461538461538461,0.36046511627906974,102
2023-07-28,1016,115,80,58,38,35,20,0.6956521739130435,0.6551724137931034,118
2023-07-29,1016,109,73,59,42,36,17,0.6697247706422018,0.711864406779661,115
2023-07-30,1016,106,77,71,42,29,29,0.7264150943396226,0.5915492957746479,119
2023-07-31,1016,130,79,76,44,51,32,0.6076923076923076,0.5789473684210527,123
2023-08-01,1016,104,70,83,37,34,46,0.6730769230769231,0.4457831325301205,107
2023-08-02,1016,138,73,88,34,65,54,0.5289855072463768,0.38636363636363635,107
2023-08-03,1016,134,77,93,38,57,55,0.5746268656716418,0.40860215053763443,115
2023-08-04,1016,147,80,77,32,67,45,0.54421768707483,0.4155844155844156,112
2023-08-05,1016,142,80,89,50,62,39,0.5633802816901409,0.5617977528089888,130
2023-08-06,1016,126,72,67,39,54,28,0.5714285714285714,0.582089552238806,111
2023-08-07,1016,118,90,67,56,28,11,0.7627118644067796,0.835820895522388,146
2023-08-08,1016,116,70,95,45,46,50,0.603448275862069,0.47368421052631576,115
2023-08-09,1016,128,76,99,37,52,62,0.59375,0.37373737373737376,113
2023-08-10,1016,133,90,85,37,43,48,0.6766917293233082,0.43529411764705883,127
2023-08-11,1016,120,87,51,41,33,10,0.725,0.803921568627451,128
2023-08-12,1016,108,79,93,39,29,54,0.7314814814814815,0.41935483870967744,118
2023-08-13,1016,130,90,79,46,40,33,0.6923076923076923,0.5822784810126582,136
2023-08-14,1016,127,79,68,54,48,14,0.6220472440944882,0.7941176470588235,133
2023-08-15,1016,119,85,57,42,34,15,0.7142857142857143,0.7368421052631579,127
2023-08-16,1016,118,94,98,46,24,52,0.7966101694915254,0.46938775510204084,140
2023-08-17,1016,106,90,64,38,16,26,0.8490566037735849,0.59375,128
2023-08-18,1016,148,84,99,40,64,59,0.5675675675675675,0.40404040404040403,124
2023-08-19,1016,142,75,63,32,67,31,0.528169014084507,0.5079365079365079,107
2023-08-20,1016,115,92,76,29,23,47,0.8,0.3815789473684211,121
2023-08-21,1016,105,70,52,41,35,11,0.6666666666666666,0.7884615384615384,111
2023-08-22,1016,133,87,64,37,46,27,0.6541353383458647,0.578125,124
2023-08-23,1016,123,75,57,38,48,19,0.6097560975609756,0.6666666666666666,113
2023-08-24,1016,138,79,54,42,59,12,0.572463768115942,0.7777777777777778,121
2023-08-25,1016,111,90,92,41,21,51,0.8108108108108109,0.44565217391304346,131
2023-08-26,1016,120,81,72,48,39,24,0.675,0.6666666666666666,129
2023-08-27,1016,128,79,54,45,49,9,0.6171875,0.8333333333333334,124
2023-08-28,1016,117,82,59,39,35,20,0.7008547008547008,0.6610169491525424,121
2023-08-29,1016,147,73,63,37,74,26,0.4965986394557823,0.5873015873015873,110
2023-08-30,1016,135,68,75,47,67,28,0.5037037037037037,0.6266666666666667,115
2023-08-31,1016,136,71,68,34,65,34,0.5220588235294118,0.5,105
2023-09-01,1016,126,82,68,38,44,30,0.6507936507936508,0.5588235294117647,120
2023-09-02,1016,143,67,53,30,76,23,0.46853146853146854,0.5660377358490566,97
2023-09-03,1016,136,78,82,41,58,41,0.5735294117647058,0.5,119
2023-09-04,1016,124,82,75,42,42,33,0.6612903225806451,0.56,124
2023-09-05,1016,134,67,84,37,67,47,0.5,0.44047619047619047,104
2023-09-06,1016,106,81,96,39,25,57,0.7641509433962265,0.40625,120
2023-09-07,1016,104,72,82,37,32,45,0.6923076923076923,0.45121951219512196,109
2023-09-08,1016,145,83,75,41,62,34,0.5724137931034483,0.5466666666666666,124
2023-09-09,1016,109,76,78,32,33,46,0.6972477064220184,0.41025641025641024,108
2023-09-10,1016,124,81,83,44,43,39,0.6532258064516129,0.5301204819277109,125
2023-09-11,1016,110,65,52,31,45,21,0.5909090909090909,0.5961538461538461,96
2023-09-12,1016,119,100,76,39,19,37,0.8403361344537815,0.5131578947368421,139
2023-09-13,1016,109,79,65,31,30,34,0.7247706422018348,0.47692307692307695,110
2023-09-14,1016,121,81,75,42,40,33,0.6694214876033058,0.56,123
2023-09-15,1016,103,69,63,38,34,25,0.6699029126213593,0.6031746031746031,107
2023-09-16,1016,115,87,55,42,28,13,0.7565217391304347,0.7636363636363637,129
2023-09-17,1016,146,67,97,35,79,62,0.4589041095890411,0.36082474226804123,102
2023-09-18,1016,123,79,72,39,44,33,0.6422764227642277,0.5416666666666666,118
2023-09-19,1016,131,79,88,43,52,45,0.6030534351145038,0.48863636363636365,122
2023-09-20,1016,118,99,84,47,19,37,0.8389830508474576,0.5595238095238095,146
2023-09-21,1016,129,88,80,42,41,38,0.6821705426356589,0.525,130
2023-09-22,1016,150,71,90,47,79,43,0.47333333333333333,0.5222222222222223,118
2023-09-23,1016,113,91,89,55,22,34,0.8053097345132744,0.6179775280898876,146
2023-09-24,1016,105,81,78,43,24,35,0.7714285714285715,0.5512820512820513,124
2023-09-25,1016,113,77,87,36,36,51,0.6814159292035398,0.41379310344827586,113
2023-09-26,1016,145,85,98,39,60,59,0.5862068965517241,0.3979591836734694,124
2023-09-27,1016,127,78,84,27,49,57,0.6141732283464567,0.32142857142857145,105
2023-09-28,1016,104,96,74,42,8,32,0.9230769230769231,0.5675675675675675,138
2023-09-29,1016,148,86,79,45,62,34,0.581081081081081,0.569620253164557,131
2023-09-30,1016,100,94,88,32,6,56,0.94,0.36363636363636365,126
2023-10-01,1016,109,72,98,37,37,61,0.6605504587155964,0.37755102040816324,109
2023-10-02,1016,122,86,76,28,36,48,0.7049180327868853,0.3684210526315789,114
2023-10-03,1016,100,78,71,44,22,27,0.78,0.6197183098591549,122
2023-10-04,1016,136,85,91,45,51,46,0.625,0.4945054945054945,130
2023-10-05,1016,149,77,99,37,72,62,0.5167785234899329,0.37373737373737376,114
2023-10-06,1016,130,75,68,47,55,21,0.5769230769230769,0.6911764705882353,122
2023-10-07,1016,147,88,84,49,59,35,0.5986394557823129,0.5833333333333334,137
2023-10-08,1016,137,73,71,36,64,35,0.5328467153284672,0.5070422535211268,109
2023-10-09,1016,143,73,94,42,70,52,0.5104895104895105,0.44680851063829785,115
2023-10-10,1016,138,84,53,30,54,23,0.6086956521739131,0.5660377358490566,114
2023-10-11,1016,137,74,64,42,63,22,0.5401459854014599,0.65625,116
2023-10-12,1016,146,88,92,43,58,49,0.6027397260273972,0.4673913043478261,131
2023-10-13,1016,121,82,85,30,39,55,0.6776859504132231,0.35294117647058826,112
2023-10-14,1016,125,91,70,39,34,31,0.728,0.5571428571428572,130
2023-10-15,1016,123,81,82,40,42,42,0.6585365853658537,0.4878048780487805,121
2023-10-16,1016,116,76,93,33,40,60,0.6551724137931034,0.3548387096774194,109
2023-10-17,1016,114,69,60,39,45,21,0.6052631578947368,0.65,108
2023-10-18,1016,106,78,60,43,28,17,0.7358490566037735,0.7166666666666667,121
2023-10-19,1016,147,79,75,40,68,35,0.5374149659863946,0.5333333333333333,119
2023-10-20,1016,110,84,69,39,26,30,0.7636363636363637,0.5652173913043478,123
2023-10-21,1016,117,71,54,32,46,22,0.6068376068376068,0.5925925925925926,103
2023-10-22,1016,137,89,65,40,48,25,0.6496350364963503,0.6153846153846154,129
2023-10-23,1016,119,76,87,47,43,40,0.6386554621848739,0.5402298850574713,123
2023-10-24,1016,126,88,90,42,38,48,0.6984126984126984,0.4666666666666667,130
2023-10-25,1016,129,65,64,43,64,21,0.5038759689922481,0.671875,108
2023-10-26,1016,148,90,85,33,58,52,0.6081081081081081,0.38823529411764707,123
2023-10-27,1016,132,74,98,36,58,62,0.5606060606060606,0.3673469387755102,110
2023-10-28,1016,113,76,68,29,37,39,0.672566371681416,0.4264705882352941,105
2023-10-29,1016,104,93,53,38,11,15,0.8942307692307693,0.71698113207547165,131
2023-10-30,1016,150,83,95,38,67,57,0.5533333333333333,0.4,121
2023-10-31,1016,141,91,82,45,50,37,0.6453900709219859,0.5487804878048781,136
2023-11-01,1016,141,99,61,37,42,24,0.7021276595744681,0.6065573770491803,136
2023-11-02,1016,146,73,77,50,73,27,0.5,0.6493506493506493,123
2023-11-03,1016,130,76,89,49,54,40,0.5846153846153846,0.550561797752809,125
2023-11-04,1016,110,100,50,36,10,14,0.9090909090909091,0.72,136
2023-11-05,1016,128,68,99,44,60,55,0.53125,0.4444444444444444,112
2023-11-06,1016,132,81,75,36,51,39,0.6136363636363636,0.48,117
2023-11-07,1016,121,80,66,49,41,17,0.6611570247933884,0.7424242424242424,129
2023-11-08,1016,144,76,56,43,68,13,0.5277777777777778,0.7678571428571429,119
2023-11-09,1016,117,81,74,39,36,35,0.6923076923076923,0.527027027027027,120
2023-11-10,1016,146,88,96,47,58,49,0.6027397260273972,0.4895833333333333,135
2023-11-11,1016,102,74,78,38,28,40,0.7254901960784313,0.48717948717948717,112
2023-11-12,1016,101,70,52,49,31,3,0.693069306930693,0.9423076923076923,119
2023-11-13,1016,110,97,93,56,13,37,0.8818181818181818,0.6021505376344086,153
2023-11-14,1016,106,77,77,46,29,31,0.7264150943396226,0.5974025974025974,123
2023-11-15,1016,111,79,59,46,32,13,0.7117117117117117,0.7796610169491526,125
2023-11-16,1016,124,89,96,46,35,50,0.717741935483871,0.4791666666666667,135
2023-11-17,1016,145,96,56,42,49,14,0.6620689655172414,0.75,138
2023-11-18,1016,146,79,50,38,67,12,0.541095890410959,0.76,117
2023-11-19,1016,138,90,96,44,48,52,0.6521739130434783,0.4583333333333333,134
2023-11-20,1016,114,86,70,43,28,27,0.7543859649122807,0.6142857142857143,129
2023-11-21,1016,133,90,93,44,43,49,0.6766917293233082,0.4731182795698925,134
2023-11-22,1016,134,81,88,34,53,54,0.6044776119402985,0.38636363636363635,115
2023-11-23,1016,128,97,65,47,31,18,0.7578125,0.7230769230769231,144
2023-11-24,1016,126,72,56,47,54,9,0.5714285714285714,0.8392857142857143,119
2023-11-25,1016,145,76,94,41,69,53,0.5241379310344828,0.43617021276595747,117
2023-11-26,1016,146,82,75,46,64,29,0.5616438356164384,0.6133333333333333,128
2023-11-27,1016,139,71,87,49,68,38,0.5107913669064749,0.5632183908045977,120
2023-11-28,1016,147,77,98,45,70,53,0.5238095238095238,0.45918367346938777,122
2023-11-29,1016,106,93,99,50,13,49,0.8773584905660378,0.5050505050505051,143
2023-11-30,1016,115,73,95,43,42,52,0.6347826086956522,0.45263157894736844,116
2023-12-01,1016,127,72,59,42,55,17,0.5669291338582677,0.711864406779661,114
2023-12-02,1016,131,93,72,35,38,37,0.7099236641221374,0.4861111111111111,128
2023-12-03,1016,107,88,95,37,19,58,0.822429906542056,0.3894736842105263,125
2023-12-04,1016,125,90,53,42,35,11,0.72,0.7924528301886793,132
2023-12-05,1016,130,85,92,38,45,54,0.6538461538461539,0.41304347826086957,123
2023-12-06,1016,122,70,56,37,52,19,0.5737704918032787,0.6607142857142857,107
2023-12-07,1016,122,81,80,41,41,39,0.6639344262295082,0.5125,122
2023-12-08,1016,133,68,93,52,65,41,0.5112781954887218,0.5591397849462365,120
2023-12-09,1016,144,86,82,50,58,32,0.5972222222222222,0.6097560975609756,136
2023-12-10,1016,135,72,70,42,63,28,0.5333333333333333,0.6,114
2023-12-11,1016,147,78,64,34,69,30,0.5306122448979592,0.53125,112
2023-12-12,1016,125,87,85,45,38,40,0.696,0.5294117647058824,132
2023-12-13,1016,116,77,60,45,39,15,0.6637931034482759,0.75,122
2023-12-14,1016,140,82,56,23,58,33,0.5857142857142857,0.4107142857142857,105
2023-12-15,1016,147,75,88,37,72,51,0.5102040816326531,0.42045454545454547,112
2023-12-16,1016,107,93,60,45,14,15,0.8691588785046729,0.75,138
2023-12-17,1016,124,83,97,32,41,65,0.6693548387096774,0.32989690721649484,115
2023-12-18,1016,128,88,78,28,40,50,0.6875,0.358974358974359,116
2023-12-19,1016,101,83,86,38,18,48,0.8217821782178217,0.4418604651162791,121
2023-12-20,1016,142,92,70,41,50,29,0.647887323943662,0.5857142857142857,133
2023-12-21,1016,104,72,80,43,32,37,0.6923076923076923,0.5375,115
2023-12-22,1016,143,69,60,36,74,24,0.4825174825174825,0.6,105
2023-12-23,1016,107,82,78,47,25,31,0.7663551401869159,0.6025641025641025,129
2023-12-24,1016,100,71,59,43,29,16,0.71,0.7288135593220338,114
2023-12-25,1016,112,75,72,31,37,41,0.6696428571428571,0.4305555555555556,106
2023-12-26,1016,144,82,70,50,62,20,0.5694444444444444,0.7142857142857143,132
2023-12-27,1016,108,73,55,34,35,21,0.6759259259259259,0.6181818181818182,107
2023-12-28,1016,124,73,88,45,51,43,0.5887096774193549,0.5113636363636364,118
2023-12-29,1016,144,90,50,42,54,8,0.625,0.84,132
2023-12-30,1016,136,81,79,45,55,34,0.5955882352941176,0.569620253164557,126
2023-12-31,1016,117,79,58,41,38,17,0.6752136752136753,0.7068965517241379,120
2023-01-01,1017,120,85,63,38,35,25,0.7083333333333334,0.6031746031746031,123
2023-01-02,1017,102,79,55,43,23,12,0.7745098039215687,0.7818181818181819,122
2023-01-03,1017,139,85,84,30,54,54,0.6115107913669064,0.35714285714285715,115
2023-01-04,1017,112,87,80,46,25,34,0.7767857142857143,0.575,133
2023-01-05,1017,116,60,95,38,56,57,0.5172413793103449,0.4,98
2023-01-06,1017,114,85,82,31,29,51,0.7456140350877193,0.3780487804878049,116
2023-01-07,1017,131,78,68,35,53,33,0.5954198473282443,0.5147058823529411,113
2023-01-08,1017,103,91,83,33,12,50,0.883495145631068,0.39759036144578314,124
2023-01-09,1017,145,77,59,36,68,23,0.5310344827586206,0.6101694915254238,113
2023-01-10,1017,108,80,54,29,28,25,0.7407407407407407,0.5370370370370371,109
2023-01-11,1017,143,90,50,40,53,10,0.6293706293706294,0.8,130
2023-01-12,1017,129,97,81,39,32,42,0.751937984496124,0.48148148148148145,136
2023-01-13,1017,110,88,82,46,22,36,0.8,0.5609756097560976,134
2023-01-14,1017,120,80,80,41,40,39,0.6666666666666666,0.5125,121
2023-01-15,1017,109,75,95,38,34,57,0.6880733944954128,0.4,113
2023-01-16,1017,131,89,66,47,42,19,0.6793893129770993,0.7121212121212122,136
2023-01-17,1017,136,101,96,34,35,62,0.7426470588235294,0.3541666666666667,135
2023-01-18,1017,128,85,74,40,43,34,0.6640625,0.5405405405405406,125
2023-01-19,1017,134,94,72,48,40,24,0.7014925373134329,0.6666666666666666,142
2023-01-20,1017,126,66,60,39,60,21,0.5238095238095238,0.65,105
2023-01-21,1017,134,89,97,40,45,57,0.664179104477612,0.41237113402061853,129
2023-01-22,1017,144,73,51,35,71,16,0.5069444444444444,0.6862745098039216,108
2023-01-23,1017,135,87,51,28,48,23,0.6444444444444445,0.5490196078431373,115
2023-01-24,1017,139,82,58,35,57,23,0.5899280575539568,0.603448275862069,117
2023-01-25,1017,142,72,51,39,70,12,0.5070422535211268,0.7647058823529411,111
2023-01-26,1017,134,62,72,42,72,30,0.4626865671641791,0.5833333333333334,104
2023-01-27,1017,107,65,71,37,42,34,0.6074766355140186,0.5211267605633803,102
2023-01-28,1017,116,74,85,42,42,43,0.6379310344827587,0.49411764705882355,116
2023-01-29,1017,122,79,68,29,43,39,0.6475409836065574,0.4264705882352941,108
2023-01-30,1017,147,66,61,48,81,13,0.4489795918367347,0.7868852459016393,114
2023-01-31,1017,123,90,90,44,33,46,0.7317073170731707,0.4888888888888889,134
2023-02-01,1017,134,84,76,46,50,30,0.6268656716417911,0.6052631578947368,130
2023-02-02,1017,104,80,71,33,24,38,0.7692307692307693,0.4647887323943662,113
2023-02-03,1017,146,89,84,33,57,51,0.6095890410958904,0.39285714285714285,122
2023-02-04,1017,144,71,68,51,73,17,0.4930555555555556,0.75,122
2023-02-05,1017,106,82,63,40,24,23,0.7735849056603774,0.6349206349206349,122
2023-02-06,1017,124,95,79,47,29,32,0.7661290322580645,0.5949367088607594,142
2023-02-07,1017,116,78,89,41,38,48,0.6724137931034483,0.4606741573033708,119
2023-02-08,1017,116,69,64,33,47,31,0.5948275862068966,0.515625,102
2023-02-09,1017,136,83,56,40,53,16,0.6102941176470589,0.7142857142857143,123
2023-02-10,1017,102,67,68,32,35,36,0.6568627450980392,0.47058823529411764,99
2023-02-11,1017,129,85,95,45,44,50,0.6589147286821705,0.47368421052631576,130
2023-02-12,1017,111,75,50,40,36,10,0.6756756756756757,0.8,115
2023-02-13,1017,135,76,95,39,59,56,0.562962962962963,0.4105263157894737,115
2023-02-14,1017,146,73,87,36,73,51,0.5,0.41379310344827586,109
2023-02-15,1017,126,88,84,40,38,44,0.6984126984126984,0.47619047619047616,128
2023-02-16,1017,149,82,93,43,67,50,0.5503355704697986,0.46236559139784944,125
2023-02-17,1017,134,83,75,33,51,42,0.6194029850746269,0.44,116
2023-02-18,1017,136,81,73,54,55,19,0.5955882352941176,0.7397260273972602,135
2023-02-19,1017,142,79,54,39,63,15,0.5563380281690141,0.7222222222222222,118
2023-02-20,1017,129,75,87,47,54,40,0.5813953488372093,0.5402298850574713,122
2023-02-21,1017,109,72,69,47,37,22,0.6605504587155964,0.6811594202898551,119
2023-02-22,1017,139,78,95,35,61,60,0.5611510791366906,0.3684210526315789,113
2023-02-23,1017,121,75,74,37,46,37,0.6198347107438017,0.5,112
2023-02-24,1017,146,78,83,38,68,45,0.5342465753424658,0.4578313253012048,116
2023-02-25,1017,140,82,59,40,58,19,0.5857142857142857,0.6779661016949152,122
2023-02-26,1017,111,87,90,37,24,53,0.7837837837837838,0.4111111111111111,124
2023-02-27,1017,127,76,86,41,51,45,0.5984251968503937,0.47674418604651164,117
2023-02-28,1017,110,79,97,32,31,65,0.7181818181818181,0.32989690721649484,111
2023-03-01,1017,106,88,61,40,18,21,0.8301886792452831,0.6557377049180327,128
2023-03-02,1017,141,79,84,43,62,41,0.5602836879432624,0.5119047619047619,122
2023-03-03,1017,116,99,65,42,17,23,0.853448275862069,0.6461538461538462,141
2023-03-04,1017,122,87,85,44,35,41,0.7131147540983607,0.5176470588235295,131
2023-03-05,1017,109,87,92,33,22,59,0.7981651376146789,0.358695652173913,120
2023-03-06,1017,126,70,85,53,56,32,0.5555555555555556,0.6235294117647059,123
2023-03-07,1017,106,76,67,41,30,26,0.71698113207547165,0.6119402985074627,117
2023-03-08,1017,139,78,56,35,61,21,0.5611510791366906,0.625,113
2023-03-09,1017,113,79,74,38,34,36,0.6991150442477876,0.5135135135135135,117
2023-03-10,1017,105,71,50,50,34,0,0.6761904761904762,1,121
2023-03-11,1017,119,83,70,43,36,27,0.6974789915966386,0.6142857142857143,126
2023-03-12,1017,148,66,74,44,82,30,0.44594594594594594,0.5945945945945946,110
2023-03-13,1017,146,77,53,35,69,18,0.5273972602739726,0.660377358490566,112
2023-03-14,1017,113,68,58,33,45,25,0.6017699115044248,0.5689655172413793,101
2023-03-15,1017,130,87,93,41,43,52,0.6692307692307692,0.44086021505376344,128
2023-03-16,1017,146,83,61,29,63,32,0.5684931506849316,0.47540983606557374,112
2023-03-17,1017,113,74,92,40,39,52,0.6548672566371682,0.43478260869565216,114
2023-03-18,1017,124,75,57,38,49,19,0.6048387096774194,0.6666666666666666,113
2023-03-19,1017,113,81,79,38,32,41,0.7168141592920354,0.4810126582278481,119
2023-03-20,1017,120,86,75,31,34,44,0.7166666666666667,0.41333333333333333,117
2023-03-21,1017,147,74,50,49,73,1,0.5034013605442177,0.98,123
2023-03-22,1017,138,82,88,50,56,38,0.5942028985507246,0.5681818181818182,132
2023-03-23,1017,150,90,92,27,60,65,0.6,0.29347826086956524,117
2023-03-24,1017,105,85,67,44,20,23,0.8095238095238095,0.6567164179104478,129
2023-03-25,1017,126,92,77,51,34,26,0.7301587301587301,0.6623376623376623,143
2023-03-26,1017,134,87,81,36,47,45,0.6492537313432836,0.4444444444444444,123
2023-03-27,1017,133,80,51,33,53,18,0.6015037593984962,0.6470588235294118,113
2023-03-28,1017,105,87,80,42,18,38,0.8285714285714286,0.525,129
2023-03-29,1017,107,92,66,46,15,20,0.8598130841121495,0.696969696969697,138
2023-03-30,1017,139,75,67,45,64,22,0.539568345323741,0.6716417910447762,120
2023-03-31,1017,125,71,52,46,54,6,0.568,0.8846153846153846,117
2023-04-01,1017,110,84,70,45,26,25,0.7636363636363637,0.6428571428571429,129
2023-04-02,1017,136,85,87,37,51,50,0.625,0.42528735632183906,122
2023-04-03,1017,131,87,96,46,44,50,0.6641221374045801,0.4791666666666667,133
2023-04-04,1017,119,86,95,35,33,60,0.7226890756302521,0.3684210526315789,121
2023-04-05,1017,119,73,94,22,46,72,0.6134453781512605,0.23404255319148937,95
2023-04-06,1017,100,83,60,38,17,22,0.83,0.6333333333333333,121
2023-04-07,1017,102,78,68,36,24,32,0.7647058823529411,0.5294117647058824,114
2023-04-08,1017,142,73,85,37,69,48,0.5140845070422535,0.43529411764705883,110
2023-04-09,1017,122,74,86,46,48,40,0.6065573770491803,0.5348837209302325,120
2023-04-10,1017,118,84,81,37,34,44,0.711864406779661,0.4567901234567901,121
2023-04-11,1017,131,75,87,35,56,52,0.5725190839694656,0.40229885057471265,110
2023-04-12,1017,100,75,96,36,25,60,0.75,0.375,111
2023-04-13,1017,142,75,97,40,67,57,0.528169014084507,0.41237113402061853,115
2023-04-14,1017,103,77,91,49,26,42,0.7475728155339806,0.5384615384615384,126
2023-04-15,1017,119,83,79,36,36,43,0.6974789915966386,0.45569620253164556,119
2023-04-16,1017,139,71,68,43,68,25,0.5107913669064749,0.6323529411764706,114
2023-04-17,1017,137,71,50,43,66,7,0.5182481751824818,0.86,114
2023-04-18,1017,140,95,82,49,45,33,0.6785714285714286,0.5975609756097561,144
2023-04-19,1017,136,78,59,48,58,11,0.5735294117647058,0.8135593220338984,126
2023-04-20,1017,108,77,66,31,31,35,0.7129629629629629,0.4696969696969697,108
2023-04-21,1017,143,60,67,32,83,35,0.4195804195804196,0.47761194029850745,92
2023-04-22,1017,115,84,92,49,31,43,0.7304347826086957,0.532608695652174,133
2023-04-23,1017,114,74,93,47,40,46,0.6491228070175439,0.5053763440860215,121
2023-04-24,1017,119,81,73,33,38,40,0.680672268907563,0.4520547945205479,114
2023-04-25,1017,123,70,70,38,53,32,0.5691056910569106,0.5428571428571428,108
2023-04-26,1017,115,84,82,43,31,39,0.7304347826086957,0.524390243902439,127
2023-04-27,1017,128,76,68,35,52,33,0.59375,0.5147058823529411,111
2023-04-28,1017,150,96,83,36,54,47,0.64,0.43373493975903615,132
2023-04-29,1017,143,68,94,41,75,53,0.4755244755244755,0.43617021276595747,109
2023-04-30,1017,150,76,96,34,74,62,0.5066666666666667,0.3541666666666667,110
2023-05-01,1017,139,84,91,34,55,57,0.60431654676259,0.37362637362637363,118
2023-05-02,1017,129,84,61,38,45,23,0.6511627906976745,0.6229508196721312,122
2023-05-03,1017,141,83,65,30,58,35,0.5886524822695035,0.46153846153846156,113
2023-05-04,1017,136,70,59,37,66,22,0.5147058823529411,0.6271186440677966,107
2023-05-05,1017,118,81,95,34,37,61,0.6864406779661016,0.35789473684210527,115
2023-05-06,1017,119,72,84,40,47,44,0.6050420168067226,0.47619047619047616,112
2023-05-07,1017,112,89,96,45,23,51,0.7946428571428571,0.46875,134
2023-05-08,1017,121,78,50,38,43,12,0.6446280991735537,0.76,116
2023-05-09,1017,128,83,84,49,45,35,0.6484375,0.5833333333333334,132
2023-05-10,1017,149,88,96,55,61,41,0.5906040268456376,0.5729166666666666,143
2023-05-11,1017,105,75,95,32,30,63,0.7142857142857143,0.3368421052631579,107
2023-05-12,1017,150,87,68,38,63,30,0.58,0.5588235294117647,125
2023-05-13,1017,127,61,76,49,66,27,0.48031496062992124,0.6447368421052632,110
2023-05-14,1017,109,83,85,35,26,50,0.7614678899082569,0.4117647058823529,118
2023-05-15,1017,117,89,96,44,28,52,0.7606837606837606,0.4583333333333333,133
2023-05-16,1017,116,82,97,41,34,56,0.7068965517241379,0.422680412371134,123
2023-05-17,1017,108,82,87,38,26,49,0.7592592592592593,0.4367816091954023,120
2023-05-18,1017,134,82,59,35,52,24,0.6119402985074627,0.5932203389830508,117
2023-05-19,1017,113,80,89,33,33,56,0.7079646017699115,0.3707865168539326,113
2023-05-20,1017,143,83,97,34,60,63,0.5804195804195804,0.35051546391752575,117
2023-05-21,1017,100,100,73,38,0,35,1,0.5205479452054794,138
2023-05-22,1017,114,70,84,34,44,50,0.6140350877192983,0.40476190476190477,104
2023-05-23,1017,102,74,52,39,28,13,0.7254901960784313,0.75,113
2023-05-24,1017,122,77,98,39,45,59,0.6311475409836066,0.3979591836734694,116
2023-05-25,1017,145,66,54,34,79,20,0.45517241379310347,0.6296296296296297,100
2023-05-26,1017,109,75,63,35,34,28,0.6880733944954128,0.5555555555555556,110
2023-05-27,1017,146,49,95,37,97,58,0.3356164383561644,0.3894736842105263,86
2023-05-28,1017,134,68,88,34,66,54,0.5074626865671642,0.38636363636363635,102
2023-05-29,1017,148,91,71,43,57,28,0.6148648648648649,0.6056338028169014,134
2023-05-30,1017,144,69,96,38,75,58,0.4791666666666667,0.3958333333333333,107
2023-05-31,1017,122,89,99,36,33,63,0.7295081967213115,0.36363636363636365,125
2023-06-01,1017,108,85,58,43,23,15,0.7870370370370371,0.7413793103448276,128
2023-06-02,1017,123,77,92,33,46,59,0.6260162601626016,0.358695652173913,110
2023-06-03,1017,135,83,73,37,52,36,0.6148148148148148,0.5068493150684932,120
2023-06-04,1017,142,68,77,40,74,37,0.4788732394366197,0.5194805194805194,108
2023-06-05,1017,129,75,83,43,54,40,0.5813953488372093,0.5180722891566265,118
2023-06-06,1017,147,84,62,36,63,26,0.5714285714285714,0.5806451612903226,120
2023-06-07,1017,118,74,51,39,44,12,0.6271186440677966,0.7647058823529411,113
2023-06-08,1017,101,98,59,38,3,21,0.9702970297029703,0.6440677966101694,136
2023-06-09,1017,120,77,93,42,43,51,0.6416666666666667,0.45161290322580644,119
2023-06-10,1017,130,71,54,44,59,10,0.5461538461538461,0.8148148148148148,115
2023-06-11,1017,127,80,99,40,47,59,0.6299212598425197,0.40404040404040403,120
2023-06-12,1017,150,88,70,37,62,33,0.5866666666666667,0.5285714285714286,125
2023-06-13,1017,137,73,72,43,64,29,0.5328467153284672,0.5972222222222222,116
2023-06-14,1017,142,66,67,50,76,17,0.4647887323943662,0.746268656716418,116
2023-06-15,1017,137,88,71,42,49,29,0.6423357664233577,0.5915492957746479,130
2023-06-16,1017,117,67,76,41,50,35,0.5726495726495726,0.5394736842105263,108
2023-06-17,1017,110,66,88,37,44,51,0.6,0.42045454545454547,103
2023-06-18,1017,112,73,95,47,39,48,0.6517857142857143,0.49473684210526314,120
2023-06-19,1017,130,92,72,48,38,24,0.7076923076923077,0.6666666666666666,140
2023-06-20,1017,113,63,87,34,50,53,0.5575221238938053,0.39080459770114945,97
2023-06-21,1017,107,86,94,42,21,52,0.8037383177570093,0.44680851063829785,128
2023-06-22,1017,145,69,80,37,76,43,0.47586206896551725,0.4625,106
2023-06-23,1017,140,76,98,43,64,55,0.5428571428571428,0.4387755102040816,119
2023-06-24,1017,104,81,97,38,23,59,0.7788461538461539,0.3917525773195876,119
2023-06-25,1017,101,77,57,31,24,26,0.7623762376237624,0.543859649122807,108
2023-06-26,1017,123,71,50,43,52,7,0.5772357723577236,0.86,114
2023-06-27,1017,137,68,79,34,69,45,0.49635036496350365,0.43037974683544306,102
2023-06-28,1017,110,77,94,39,33,55,0.7,0.4148936170212766,116
2023-06-29,1017,140,96,89,49,44,40,0.6857142857142857,0.550561797752809,145
2023-06-30,1017,132,91,87,30,41,57,0.6893939393939394,0.3448275862068966,121
2023-07-01,1017,115,66,83,40,49,43,0.5739130434782609,0.4819277108433735,106
2023-07-02,1017,136,86,84,48,50,36,0.6323529411764706,0.5714285714285714,134
2023-07-03,1017,147,94,56,38,53,18,0.6394557823129252,0.6785714285714286,132
2023-07-04,1017,131,78,99,40,53,59,0.5954198473282443,0.40404040404040403,118
2023-07-05,1017,146,76,81,35,70,46,0.5205479452054794,0.43209876543209874,111
2023-07-06,1017,142,81,70,50,61,20,0.5704225352112676,0.7142857142857143,131
2023-07-07,1017,140,100,83,39,40,44,0.7142857142857143,0.46987951807228917,139
2023-07-08,1017,114,82,76,45,32,31,0.7192982456140351,0.5921052631578947,127
2023-07-09,1017,142,87,51,37,55,14,0.6126760563380281,0.7254901960784313,124
2023-07-10,1017,145,77,61,48,68,13,0.5310344827586206,0.7868852459016393,125
2023-07-11,1017,112,65,71,48,47,23,0.5803571428571429,0.676056338028169,113
2023-07-12,1017,150,68,83,40,82,43,0.4533333333333333,0.4819277108433735,108
2023-07-13,1017,115,63,94,45,52,49,0.5478260869565217,0.4787234042553192,108
2023-07-14,1017,133,51,97,39,82,58,0.38345864661654133,0.4020618556701031,90
2023-07-15,1017,147,86,97,39,61,58,0.5850340136054422,0.4020618556701031,125
2023-07-16,1017,149,67,76,41,82,35,0.44966442953020136,0.5394736842105263,108
2023-07-17,1017,129,87,55,46,42,9,0.6744186046511628,0.8363636363636363,133
2023-07-18,1017,114,66,81,54,48,27,0.5789473684210527,0.6666666666666666,120
2023-07-19,1017,110,68,69,44,42,25,0.6181818181818182,0.6376811594202898,112
2023-07-20,1017,138,82,73,55,56,18,0.5942028985507246,0.7534246575342466,137
2023-07-21,1017,148,85,50,32,63,18,0.5743243243243243,0.64,117
2023-07-22,1017,120,90,99,48,30,51,0.75,0.48484848484848486,138
2023-07-23,1017,145,64,88,44,81,44,0.4413793103448276,0.5,108
2023-07-24,1017,108,82,94,38,26,56,0.7592592592592593,0.40425531914893614,120
2023-07-25,1017,103,80,56,28,23,28,0.7766990291262136,0.5,108
2023-07-26,1017,101,78,98,30,23,68,0.7722772277227723,0.30612244897959184,108
2023-07-27,1017,107,71,65,53,36,12,0.6635514018691588,0.8153846153846154,124
2023-07-28,1017,107,69,60,40,38,20,0.6448598130841121,0.6666666666666666,109
2023-07-29,1017,150,78,95,32,72,63,0.52,0.3368421052631579,110
2023-07-30,1017,138,81,89,41,57,48,0.5869565217391305,0.4606741573033708,122
2023-07-31,1017,128,92,90,49,36,41,0.71875,0.5444444444444444,141
2023-08-01,1017,144,78,99,37,66,62,0.5416666666666666,0.37373737373737376,115
2023-08-02,1017,146,83,53,42,63,11,0.5684931506849316,0.7924528301886793,125
2023-08-03,1017,111,98,63,39,13,24,0.8828828828828829,0.6190476190476191,137
2023-08-04,1017,131,97,52,32,34,20,0.7404580152671756,0.6153846153846154,129
2023-08-05,1017,136,71,90,38,65,52,0.5220588235294118,0.4222222222222222,109
2023-08-06,1017,127,88,83,47,39,36,0.6929133858267716,0.5662650602409639,135
2023-08-07,1017,145,60,69,32,85,37,0.41379310344827586,0.463768115942029,92
2023-08-08,1017,131,80,62,29,51,33,0.6106870229007634,0.46774193548387094,109
2023-08-09,1017,115,95,82,33,20,49,0.8260869565217391,0.4024390243902439,128
2023-08-10,1017,108,77,56,35,31,21,0.7129629629629629,0.625,112
2023-08-11,1017,137,82,90,36,55,54,0.5985401459854015,0.4,118
2023-08-12,1017,133,80,86,40,53,46,0.6015037593984962,0.46511627906976744,120
2023-08-13,1017,108,82,82,48,26,34,0.7592592592592593,0.5853658536585366,130
2023-08-14,1017,138,85,82,34,53,48,0.6159420289855072,0.4146341463414634,119
2023-08-15,1017,133,79,60,39,54,21,0.5939849624060151,0.65,118
2023-08-16,1017,106,76,96,44,30,52,0.71698113207547165,0.4583333333333333,120
2023-08-17,1017,135,83,65,56,52,9,0.6148148148148148,0.8615384615384616,139
2023-08-18,1017,133,90,81,36,43,45,0.6766917293233082,0.4444444444444444,126
2023-08-19,1017,140,76,54,34,64,20,0.5428571428571428,0.6296296296296297,110
2023-08-20,1017,145,94,78,46,51,32,0.6482758620689655,0.5897435897435898,140
2023-08-21,1017,126,89,89,48,37,41,0.7063492063492064,0.5393258426966292,137
2023-08-22,1017,147,91,67,35,56,32,0.6190476190476191,0.5223880597014925,126
2023-08-23,1017,112,81,63,34,31,29,0.7232142857142857,0.5396825396825397,115
2023-08-24,1017,131,68,89,39,63,50,0.5190839694656488,0.43820224719101125,107
2023-08-25,1017,139,59,63,37,80,26,0.4244604316546763,0.5873015873015873,96
2023-08-26,1017,102,88,82,39,14,43,0.8627450980392157,0.47560975609756095,127
2023-08-27,1017,101,83,93,30,18,63,0.8217821782178217,0.3225806451612903,113
2023-08-28,1017,104,92,63,46,12,17,0.8846153846153846,0.7301587301587301,138
2023-08-29,1017,110,78,53,46,32,7,0.7090909090909091,0.8679245283018868,124
2023-08-30,1017,127,65,70,36,62,34,0.5118110236220472,0.5142857142857142,101
2023-08-31,1017,123,85,74,35,38,39,0.6910569105691057,0.47297297297297297,120
2023-09-01,1017,103,81,88,50,22,38,0.7864077669902912,0.5681818181818182,131
2023-09-02,1017,138,73,63,41,65,22,0.5289855072463768,0.6507936507936508,114
2023-09-03,1017,147,86,56,48,61,8,0.5850340136054422,0.8571428571428571,134
2023-09-04,1017,103,81,97,40,22,57,0.7864077669902912,0.41237113402061853,121
2023-09-05,1017,126,80,61,34,46,27,0.6349206349206349,0.5573770491803278,114
2023-09-06,1017,150,74,51,50,76,1,0.49333333333333335,0.9803921568627451,124
2023-09-07,1017,126,87,70,45,39,25,0.6904761904761905,0.6428571428571429,132
2023-09-08,1017,123,86,57,50,37,7,0.6991869918699187,0.8771929824561403,136
2023-09-09,1017,121,84,93,48,37,45,0.6942148760330579,0.5161290322580645,132
2023-09-10,1017,135,77,92,35,58,57,0.5703703703703704,0.3804347826086957,112
2023-09-11,1017,129,67,90,44,62,46,0.5193798449612403,0.4888888888888889,111
2023-09-12,1017,136,84,53,46,52,7,0.6176470588235294,0.8679245283018868,130
2023-09-13,1017,118,93,99,41,25,58,0.788135593220339,0.41414141414141414,134
2023-09-14,1017,143,87,66,37,56,29,0.6083916083916084,0.5606060606060606,124
2023-09-15,1017,125,77,73,34,48,39,0.616,0.4657534246575342,111
2023-09-16,1017,136,59,86,40,77,46,0.4338235294117647,0.46511627906976744,99
2023-09-17,1017,123,87,75,39,36,36,0.7073170731707317,0.52,126
2023-09-18,1017,133,71,59,45,62,14,0.5338345864661654,0.7627118644067796,116
2023-09-19,1017,137,71,85,49,66,36,0.5182481751824818,0.5764705882352941,120
2023-09-20,1017,116,89,68,25,27,43,0.7672413793103449,0.36764705882352944,114
2023-09-21,1017,147,87,91,45,60,46,0.5918367346938775,0.4945054945054945,132
2023-09-22,1017,137,73,95,34,64,61,0.5328467153284672,0.35789473684210527,107
2023-09-23,1017,146,67,65,51,79,14,0.4589041095890411,0.7846153846153846,118
2023-09-24,1017,137,75,57,42,62,15,0.5474452554744526,0.7368421052631579,117
2023-09-25,1017,125,77,78,46,48,32,0.616,0.5897435897435898,123
2023-09-26,1017,113,77,93,24,36,69,0.6814159292035398,0.25806451612903225,101
2023-09-27,1017,128,76,58,32,52,26,0.59375,0.5517241379310345,108
2023-09-28,1017,104,81,54,52,23,2,0.7788461538461539,0.9629629629629629,133
2023-09-29,1017,139,74,71,40,65,31,0.5323741007194245,0.5633802816901409,114
2023-09-30,1017,124,84,95,44,40,51,0.6774193548387096,0.4631578947368421,128
2023-10-01,1017,146,89,66,35,57,31,0.6095890410958904,0.5303030303030303,124
2023-10-02,1017,106,75,57,36,31,21,0.7075471698113207,0.631578947368421,111
2023-10-03,1017,134,68,74,38,66,36,0.5074626865671642,0.5135135135135135,106
2023-10-04,1017,128,80,65,47,48,18,0.625,0.7230769230769231,127
2023-10-05,1017,109,68,93,43,41,50,0.6238532110091743,0.46236559139784944,111
2023-10-06,1017,126,84,53,43,42,10,0.6666666666666666,0.8113207547169812,127
2023-10-07,1017,127,79,61,43,48,18,0.6220472440944882,0.7049180327868853,122
2023-10-08,1017,138,91,81,45,47,36,0.6594202898550725,0.5555555555555556,136
2023-10-09,1017,125,64,88,47,61,41,0.512,0.5340909090909091,111
2023-10-10,1017,139,89,83,54,50,29,0.6402877697841727,0.6506024096385542,143
2023-10-11,1017,127,79,85,36,48,49,0.6220472440944882,0.4235294117647059,115
2023-10-12,1017,149,80,63,47,69,16,0.5369127516778524,0.746031746031746,127
2023-10-13,1017,112,71,81,40,41,41,0.6339285714285714,0.49382716049382713,111
2023-10-14,1017,143,82,80,37,61,43,0.5734265734265734,0.4625,119
2023-10-15,1017,125,84,66,39,41,27,0.672,0.5909090909090909,123
2023-10-16,1017,150,88,82,44,62,38,0.5866666666666667,0.5365853658536586,132
2023-10-17,1017,147,93,77,42,54,35,0.6326530612244898,0.5454545454545454,135
2023-10-18,1017,112,79,86,37,33,49,0.7053571428571429,0.43023255813953487,116
2023-10-19,1017,126,86,69,44,40,25,0.6825396825396826,0.6376811594202898,130
2023-10-20,1017,114,87,80,36,27,44,0.7631578947368421,0.45,123
2023-10-21,1017,109,91,86,40,18,46,0.8348623853211009,0.46511627906976744,131
2023-10-22,1017,148,82,68,40,66,28,0.5540540540540541,0.5882352941176471,122
2023-10-23,1017,127,77,77,60,50,17,0.6062992125984252,0.7792207792207793,137
2023-10-24,1017,105,71,95,31,34,64,0.6761904761904762,0.3263157894736842,102
2023-10-25,1017,131,71,71,34,60,37,0.5419847328244275,0.4788732394366197,105
2023-10-26,1017,138,88,89,44,50,45,0.6376811594202898,0.4943820224719101,132
2023-10-27,1017,145,90,54,52,55,2,0.6206896551724138,0.9629629629629629,142
2023-10-28,1017,140,79,63,49,61,14,0.5642857142857143,0.7777777777777778,128
2023-10-29,1017,138,84,64,41,54,23,0.6086956521739131,0.640625,125
2023-10-30,1017,103,85,90,29,18,61,0.8252427184466019,0.32222222222222224,114
2023-10-31,1017,114,75,69,35,39,34,0.6578947368421053,0.5072463768115942,110
2023-11-01,1017,115,83,65,36,32,29,0.7217391304347827,0.5538461538461539,119
2023-11-02,1017,104,73,78,51,31,27,0.7019230769230769,0.6538461538461539,124
2023-11-03,1017,107,84,100,44,23,56,0.7850467289719626,0.44,128
2023-11-04,1017,142,81,50,39,61,11,0.5704225352112676,0.78,120
2023-11-05,1017,113,77,92,38,36,54,0.6814159292035398,0.41304347826086957,115
2023-11-06,1017,134,77,76,41,57,35,0.5746268656716418,0.5394736842105263,118
2023-11-07,1017,133,97,80,44,36,36,0.7293233082706767,0.55,141
2023-11-08,1017,139,83,70,37,56,33,0.5971223021582733,0.5285714285714286,120
2023-11-09,1017,109,79,66,38,30,28,0.7247706422018348,0.5757575757575758,117
2023-11-10,1017,102,87,62,31,15,31,0.8529411764705882,0.5,118
2023-11-11,1017,125,70,98,50,55,48,0.56,0.5102040816326531,120
2023-11-12,1017,112,92,89,43,20,46,0.8214285714285714,0.48314606741573035,135
2023-11-13,1017,140,75,91,37,65,54,0.5357142857142857,0.4065934065934066,112
2023-11-14,1017,143,58,92,35,85,57,0.40559440559440557,0.3804347826086957,93
2023-11-15,1017,123,57,87,37,66,50,0.4634146341463415,0.42528735632183906,94
2023-11-16,1017,120,90,60,45,30,15,0.75,0.75,135
2023-11-17,1017,106,79,64,45,27,19,0.7452830188679245,0.703125,124
2023-11-18,1017,124,87,94,43,37,51,0.7016129032258065,0.4574468085106383,130
2023-11-19,1017,142,87,93,35,55,58,0.6126760563380281,0.3763440860215054,122
2023-11-20,1017,102,102,96,41,0,55,1,0.4270833333333333,143
2023-11-21,1017,108,80,81,40,28,41,0.7407407407407407,0.49382716049382713,120
2023-11-22,1017,145,73,59,41,72,18,0.503448275862069,0.6949152542372882,114
2023-11-23,1017,112,76,79,37,36,42,0.6785714285714286,0.46835443037974683,113
2023-11-24,1017,131,84,89,38,47,51,0.6412213740458015,0.42696629213483145,122
2023-11-25,1017,103,84,79,48,19,31,0.8155339805825242,0.6075949367088608,132
2023-11-26,1017,112,74,90,36,38,54,0.6607142857142857,0.4,110
2023-11-27,1017,149,75,90,45,74,45,0.5033557046979866,0.5,120
2023-11-28,1017,137,67,56,33,70,23,0.48905109489051096,0.5892857142857143,100
2023-11-29,1017,113,68,64,33,45,31,0.6017699115044248,0.515625,101
2023-11-30,1017,142,80,82,43,62,39,0.5633802816901409,0.524390243902439,123
2023-12-01,1017,132,83,79,48,49,31,0.6287878787878788,0.6075949367088608,131
2023-12-02,1017,133,78,79,48,55,31,0.5864661654135338,0.6075949367088608,126
2023-12-03,1017,116,77,60,47,39,13,0.6637931034482759,0.7833333333333333,124
2023-12-04,1017,123,76,98,37,47,61,0.6178861788617886,0.37755102040816324,113
2023-12-05,1017,132,71,57,42,61,15,0.5378787878787878,0.7368421052631579,113
2023-12-06,1017,104,72,91,41,32,50,0.6923076923076923,0.45054945054945056,113
2023-12-07,1017,123,75,96,33,48,63,0.6097560975609756,0.34375,108
2023-12-08,1017,110,96,90,46,14,44,0.8727272727272727,0.5111111111111111,142
2023-12-09,1017,114,70,94,38,44,56,0.6140350877192983,0.40425531914893614,108
2023-12-10,1017,129,72,57,44,57,13,0.5581395348837209,0.7719298245614035,116
2023-12-11,1017,147,86,71,42,61,29,0.5850340136054422,0.5915492957746479,128
2023-12-12,1017,134,78,85,28,56,57,0.582089552238806,0.32941176470588235,106
2023-12-13,1017,112,75,51,36,37,15,0.6696428571428571,0.7058823529411765,111
2023-12-14,1017,127,80,70,43,47,27,0.6299212598425197,0.6142857142857143,123
2023-12-15,1017,134,84,90,30,50,60,0.6268656716417911,0.3333333333333333,114
2023-12-16,1017,137,75,69,41,62,28,0.5474452554744526,0.5942028985507246,116
2023-12-17,1017,129,80,66,37,49,29,0.6201550387596899,0.5606060606060606,117
2023-12-18,1017,127,97,89,35,30,54,0.7637795275590551,0.39325842696629215,132
2023-12-19,1017,139,91,59,33,48,26,0.6546762589928058,0.559322033898305,124
2023-12-20,1017,125,86,75,54,39,21,0.688,0.72,140
2023-12-21,1017,135,78,97,26,57,71,0.5777777777777777,0.26804123711340205,104
2023-12-22,1017,122,80,82,41,42,41,0.6557377049180327,0.5,121
2023-12-23,1017,109,88,81,62,21,19,0.8073394495412844,0.7654320987654321,150
2023-12-24,1017,121,80,84,41,41,43,0.6611570247933884,0.4880952380952381,121
2023-12-25,1017,140,71,79,41,69,38,0.5071428571428571,0.5189873417721519,112
2023-12-26,1017,133,77,95,44,56,51,0.5789473684210527,0.4631578947368421,121
2023-12-27,1017,127,83,95,46,44,49,0.6535433070866141,0.4842105263157895,129
2023-12-28,1017,146,92,70,34,54,36,0.6301369863013698,0.4857142857142857,126
2023-12-29,1017,114,75,91,35,39,56,0.6578947368421053,0.38461538461538464,110
2023-12-30,1017,122,91,98,43,31,55,0.7459016393442623,0.4387755102040816,134
2023-12-31,1017,109,78,70,46,31,24,0.7155963302752294,0.6571428571428571,124
2023-01-01,1018,100,72,53,24,28,29,0.72,0.4528301886792453,96
2023-01-02,1018,138,80,62,41,58,21,0.5797101449275363,0.6612903225806451,121
2023-01-03,1018,127,84,93,48,43,45,0.6614173228346457,0.5161290322580645,132
2023-01-04,1018,129,65,71,45,64,26,0.5038759689922481,0.6338028169014085,110
2023-01-05,1018,122,95,53,42,27,11,0.7786885245901639,0.7924528301886793,137
2023-01-06,1018,145,80,99,41,65,58,0.5517241379310345,0.41414141414141414,121
2023-01-07,1018,143,74,73,37,69,36,0.5174825174825175,0.5068493150684932,111
2023-01-08,1018,106,92,81,46,14,35,0.8679245283018868,0.5679012345679012,138
2023-01-09,1018,149,77,57,35,72,22,0.5167785234899329,0.6140350877192983,112
2023-01-10,1018,149,95,51,44,54,7,0.6375838926174496,0.8627450980392157,139
2023-01-11,1018,142,74,61,42,68,19,0.5211267605633803,0.6885245901639344,116
2023-01-12,1018,125,78,50,40,47,10,0.624,0.8,118
2023-01-13,1018,119,68,98,40,51,58,0.5714285714285714,0.40816326530612246,108
2023-01-14,1018,102,80,90,40,22,50,0.7843137254901961,0.4444444444444444,120
2023-01-15,1018,105,89,58,40,16,18,0.8476190476190476,0.6896551724137931,129
2023-01-16,1018,141,82,89,33,59,56,0.5815602836879432,0.3707865168539326,115
2023-01-17,1018,118,78,88,32,40,56,0.6610169491525424,0.36363636363636365,110
2023-01-18,1018,141,79,83,45,62,38,0.5602836879432624,0.54216867469879515,124
2023-01-19,1018,129,89,90,45,40,45,0.689922480620155,0.5,134
2023-01-20,1018,106,84,90,41,22,49,0.7924528301886793,0.45555555555555555,125
2023-01-21,1018,106,76,84,44,30,40,0.71698113207547165,0.5238095238095238,120
2023-01-22,1018,119,89,76,34,30,42,0.7478991596638656,0.4473684210526316,123
2023-01-23,1018,123,83,87,49,40,38,0.6747967479674797,0.5632183908045977,132
2023-01-24,1018,109,80,90,42,29,48,0.7339449541284404,0.4666666666666667,122
2023-01-25,1018,111,80,61,42,31,19,0.7207207207207207,0.6885245901639344,122
2023-01-26,1018,144,69,62,31,75,31,0.4791666666666667,0.5,100
2023-01-27,1018,148,69,54,40,79,14,0.46621621621621623,0.7407407407407407,109
2023-01-28,1018,111,73,84,47,38,37,0.6576576576576577,0.5595238095238095,120
2023-01-29,1018,139,65,94,47,74,47,0.4676258992805755,0.5,112
2023-01-30,1018,140,78,99,50,62,49,0.5571428571428572,0.5050505050505051,128
2023-01-31,1018,106,71,73,32,35,41,0.6698113207547169,0.4383561643835616,103
2023-02-01,1018,134,72,78,32,62,46,0.5373134328358209,0.41025641025641024,104
2023-02-02,1018,113,87,53,47,26,6,0.7699115044247787,0.8867924528301887,134
2023-02-03,1018,119,87,64,42,32,22,0.7310924369747899,0.65625,129
2023-02-04,1018,135,88,81,50,47,31,0.6518518518518519,0.6172839506172839,138
2023-02-05,1018,123,85,64,44,38,20,0.6910569105691057,0.6875,129
2023-02-06,1018,122,71,67,42,51,25,0.5819672131147541,0.6268656716417911,113
2023-02-07,1018,135,80,82,45,55,37,0.5925925925925926,0.5487804878048781,125
2023-02-08,1018,120,89,51,48,31,3,0.7416666666666667,0.9411764705882353,137
2023-02-09,1018,142,74,54,40,68,14,0.5211267605633803,0.7407407407407407,114
2023-02-10,1018,114,70,79,37,44,42,0.6140350877192983,0.46835443037974683,107
2023-02-11,1018,149,88,68,37,61,31,0.5906040268456376,0.5441176470588235,125
2023-02-12,1018,118,68,56,38,50,18,0.576271186440678,0.6785714285714286,106
2023-02-13,1018,138,75,91,39,63,52,0.5434782608695652,0.42857142857142855,114
2023-02-14,1018,147,84,51,37,63,14,0.5714285714285714,0.7254901960784313,121
2023-02-15,1018,115,63,55,36,52,19,0.5478260869565217,0.6545454545454545,99
2023-02-16,1018,116,89,83,36,27,47,0.7672413793103449,0.43373493975903615,125
2023-02-17,1018,132,67,61,39,65,22,0.5075757575757576,0.639344262295082,106
2023-02-18,1018,135,75,67,33,60,34,0.5555555555555556,0.4925373134328358,108
2023-02-19,1018,114,77,73,45,37,28,0.6754385964912281,0.6164383561643836,122
2023-02-20,1018,118,68,64,39,50,25,0.576271186440678,0.609375,107
2023-02-21,1018,136,84,80,42,52,38,0.6176470588235294,0.525,126
2023-02-22,1018,105,80,56,44,25,12,0.7619047619047619,0.7857142857142857,124
2023-02-23,1018,121,84,62,38,37,24,0.6942148760330579,0.6129032258064516,122
2023-02-24,1018,142,63,89,35,79,54,0.44366197183098594,0.39325842696629215,98
2023-02-25,1018,124,76,86,30,48,56,0.6129032258064516,0.3488372093023256,106
2023-02-26,1018,113,66,82,47,47,35,0.584070796460177,0.573170731707317,113
2023-02-27,1018,130,86,69,38,44,31,0.6615384615384615,0.5507246376811594,124
2023-02-28,1018,135,77,75,41,58,34,0.5703703703703704,0.5466666666666666,118
2023-03-01,1018,133,80,68,33,53,35,0.6015037593984962,0.4852941176470588,113
2023-03-02,1018,125,96,77,37,29,40,0.768,0.4805194805194805,133
2023-03-03,1018,149,69,62,50,80,12,0.46308724832214765,0.8064516129032258,119
2023-03-04,1018,105,65,68,41,40,27,0.6190476190476191,0.6029411764705882,106
2023-03-05,1018,104,69,67,34,35,33,0.6634615384615384,0.5074626865671642,103
2023-03-06,1018,149,91,54,29,58,25,0.610738255033557,0.5370370370370371,120
2023-03-07,1018,120,79,89,35,41,54,0.6583333333333333,0.39325842696629215,114
2023-03-08,1018,125,82,72,43,43,29,0.656,0.5972222222222222,125
2023-03-09,1018,117,82,73,45,35,28,0.7008547008547008,0.6164383561643836,127
2023-03-10,1018,110,87,100,37,23,63,0.7909090909090909,0.37,124
2023-03-11,1018,137,93,56,37,44,19,0.6788321167883211,0.6607142857142857,130
2023-03-12,1018,139,67,81,41,72,40,0.48201438848920863,0.5061728395061729,108
2023-03-13,1018,123,63,51,40,60,11,0.5121951219512195,0.7843137254901961,103
2023-03-14,1018,140,66,96,38,74,58,0.4714285714285714,0.3958333333333333,104
2023-03-15,1018,109,83,96,39,26,57,0.7614678899082569,0.40625,122
2023-03-16,1018,110,70,88,36,40,52,0.6363636363636364,0.4090909090909091,106
2023-03-17,1018,149,81,95,29,68,66,0.5436241610738255,0.30526315789473685,110
2023-03-18,1018,146,79,99,42,67,57,0.541095890410959,0.42424242424242425,121
2023-03-19,1018,131,95,92,27,36,65,0.7251908396946565,0.29347826086956524,122
2023-03-20,1018,110,86,99,40,24,59,0.7818181818181819,0.40404040404040403,126
2023-03-21,1018,106,86,58,34,20,24,0.8113207547169812,0.5862068965517241,120
2023-03-22,1018,140,72,53,47,68,6,0.5142857142857142,0.8867924528301887,119
2023-03-23,1018,122,78,54,46,44,8,0.639344262295082,0.8518518518518519,124
2023-03-24,1018,113,69,83,43,44,40,0.6106194690265486,0.5180722891566265,112
2023-03-25,1018,141,74,85,46,67,39,0.524822695035461,0.5411764705882353,120
2023-03-26,1018,131,88,63,38,43,25,0.6717557251908397,0.6031746031746031,126
2023-03-27,1018,123,86,81,37,37,44,0.6991869918699187,0.4567901234567901,123
2023-03-28,1018,102,87,99,43,15,56,0.8529411764705882,0.43434343434343436,130
2023-03-29,1018,136,81,94,34,55,60,0.5955882352941176,0.3617021276595745,115
2023-03-30,1018,133,72,99,33,61,66,0.5413533834586466,0.3333333333333333,105
2023-03-31,1018,112,81,63,44,31,19,0.7232142857142857,0.6984126984126984,125
2023-04-01,1018,122,74,50,33,48,17,0.6065573770491803,0.66,107
2023-04-02,1018,109,65,74,36,44,38,0.5963302752293578,0.4864864864864865,101
2023-04-03,1018,112,78,77,51,34,26,0.6964285714285714,0.6623376623376623,129
2023-04-04,1018,135,80,69,35,55,34,0.5925925925925926,0.5072463768115942,115
2023-04-05,1018,128,83,99,46,45,53,0.6484375,0.46464646464646464,129
2023-04-06,1018,130,93,57,38,37,19,0.7153846153846154,0.6666666666666666,131
2023-04-07,1018,143,82,94,42,61,52,0.5734265734265734,0.44680851063829785,124
2023-04-08,1018,137,104,58,48,33,10,0.7591240875912408,0.8275862068965517,152
2023-04-09,1018,130,78,50,47,52,3,0.6,0.94,125
2023-04-10,1018,113,91,70,43,22,27,0.8053097345132744,0.6142857142857143,134
2023-04-11,1018,145,84,73,40,61,33,0.5793103448275863,0.547945205479452,124
2023-04-12,1018,135,78,61,42,57,19,0.5777777777777777,0.6885245901639344,120
2023-04-13,1018,124,93,91,41,31,50,0.75,0.45054945054945056,134
2023-04-14,1018,147,74,71,50,73,21,0.5034013605442177,0.704225352112676,124
2023-04-15,1018,134,67,98,46,67,52,0.5,0.46938775510204084,113
2023-04-16,1018,149,83,53,40,66,13,0.5570469798657718,0.7547169811320755,123
2023-04-17,1018,145,91,58,41,54,17,0.6275862068965518,0.7068965517241379,132
2023-04-18,1018,130,86,50,38,44,12,0.6615384615384615,0.76,124
2023-04-19,1018,108,77,91,37,31,54,0.7129629629629629,0.4065934065934066,114
2023-04-20,1018,101,82,64,45,19,19,0.8118811881188119,0.703125,127
2023-04-21,1018,113,79,62,40,34,22,0.6991150442477876,0.6451612903225806,119
2023-04-22,1018,104,84,57,56,20,1,0.8076923076923077,0.9824561403508771,140
2023-04-23,1018,121,85,69,44,36,25,0.7024793388429752,0.6376811594202898,129
2023-04-24,1018,100,91,61,42,9,19,0.91,0.6885245901639344,133
2023-04-25,1018,108,67,78,32,41,46,0.6203703703703703,0.41025641025641024,99
2023-04-26,1018,121,78,80,50,43,30,0.6446280991735537,0.625,128
2023-04-27,1018,107,85,80,40,22,40,0.794392523364486,0.5,125
2023-04-28,1018,139,58,77,37,81,40,0.4172661870503597,0.4805194805194805,95
2023-04-29,1018,109,89,77,42,20,35,0.8165137614678899,0.5454545454545454,131
2023-04-30,1018,122,75,91,37,47,54,0.6147540983606558,0.4065934065934066,112
2023-05-01,1018,144,75,69,41,69,28,0.5208333333333334,0.5942028985507246,116
2023-05-02,1018,100,79,72,36,21,36,0.79,0.5,115
2023-05-03,1018,116,88,90,40,28,50,0.7586206896551724,0.4444444444444444,128
2023-05-04,1018,111,92,84,32,19,52,0.8288288288288288,0.38095238095238093,124
2023-05-05,1018,123,72,66,38,51,28,0.5853658536585366,0.5757575757575758,110
2023-05-06,1018,148,73,50,43,75,7,0.49324324324324326,0.86,116
2023-05-07,1018,137,82,84,35,55,49,0.5985401459854015,0.4166666666666667,117
2023-05-08,1018,146,65,60,35,81,25,0.4452054794520548,0.5833333333333334,100
2023-05-09,1018,107,77,76,43,30,33,0.719626168224299,0.5657894736842105,120
2023-05-10,1018,135,77,60,29,58,31,0.5703703703703704,0.48333333333333334,106
2023-05-11,1018,130,81,53,38,49,15,0.6230769230769231,0.71698113207547165,119
2023-05-12,1018,100,88,93,40,12,53,0.88,0.43010752688172044,128
2023-05-13,1018,127,69,83,34,58,49,0.5433070866141733,0.40963855421686746,103
2023-05-14,1018,115,81,82,38,34,44,0.7043478260869566,0.4634146341463415,119
2023-05-15,1018,108,66,99,30,42,69,0.6111111111111112,0.30303030303030304,96
2023-05-16,1018,138,84,54,46,54,8,0.6086956521739131,0.8518518518518519,130
2023-05-17,1018,120,64,100,37,56,63,0.5333333333333333,0.37,101
2023-05-18,1018,112,81,65,34,31,31,0.7232142857142857,0.5230769230769231,115
2023-05-19,1018,119,88,95,47,31,48,0.7394957983193278,0.49473684210526314,135
2023-05-20,1018,148,87,74,48,61,26,0.5878378378378378,0.6486486486486487,135
2023-05-21,1018,107,83,84,33,24,51,0.7757009345794392,0.39285714285714285,116
2023-05-22,1018,128,71,63,33,57,30,0.5546875,0.5238095238095238,104
2023-05-23,1018,120,73,100,36,47,64,0.6083333333333333,0.36,109
2023-05-24,1018,136,89,69,38,47,31,0.6544117647058824,0.5507246376811594,127
2023-05-25,1018,128,100,60,47,28,13,0.78125,0.7833333333333333,147
2023-05-26,1018,126,103,86,40,23,46,0.8174603174603174,0.46511627906976744,143
2023-05-27,1018,106,87,71,31,19,40,0.8207547169811321,0.43661971830985913,118
2023-05-28,1018,138,71,77,39,67,38,0.5144927536231884,0.5064935064935064,110
2023-05-29,1018,126,90,87,35,36,52,0.7142857142857143,0.40229885057471265,125
2023-05-30,1018,145,97,69,36,48,33,0.6689655172413793,0.5217391304347826,133
2023-05-31,1018,122,57,53,34,65,19,0.4672131147540984,0.6415094339622641,91
2023-06-01,1018,134,83,76,46,51,30,0.6194029850746269,0.6052631578947368,129
2023-06-02,1018,149,84,88,44,65,44,0.5637583892617449,0.5,128
2023-06-03,1018,102,80,50,38,22,12,0.7843137254901961,0.76,118
2023-06-04,1018,131,73,60,37,58,23,0.5572519083969466,0.6166666666666667,110
2023-06-05,1018,120,87,50,27,33,23,0.725,0.54,114
2023-06-06,1018,113,98,52,40,15,12,0.8672566371681416,0.7692307692307693,138
2023-06-07,1018,123,76,80,46,47,34,0.6178861788617886,0.575,122
2023-06-08,1018,109,80,60,54,29,6,0.7339449541284404,0.9,134
2023-06-09,1018,124,80,80,45,44,35,0.6451612903225806,0.5625,125
2023-06-10,1018,128,73,67,30,55,37,0.5703125,0.44776119402985076,103
2023-06-11,1018,121,70,88,52,51,36,0.5785123966942148,0.5909090909090909,122
2023-06-12,1018,148,71,78,43,77,35,0.4797297297297297,0.5512820512820513,114
2023-06-13,1018,113,69,78,42,44,36,0.6106194690265486,0.5384615384615384,111
2023-06-14,1018,144,78,77,38,66,39,0.5416666666666666,0.4935064935064935,116
2023-06-15,1018,141,87,56,41,54,15,0.6170212765957447,0.7321428571428571,128
2023-06-16,1018,142,82,98,47,60,51,0.5774647887323944,0.47959183673469385,129
2023-06-17,1018,121,84,71,37,37,34,0.6942148760330579,0.5211267605633803,121
2023-06-18,1018,107,86,85,32,21,53,0.8037383177570093,0.3764705882352941,118
2023-06-19,1018,111,89,93,38,22,55,0.8018018018018018,0.40860215053763443,127
2023-06-20,1018,145,88,92,40,57,52,0.6068965517241379,0.43478260869565216,128
2023-06-21,1018,108,77,89,42,31,47,0.7129629629629629,0.47191011235955055,119
2023-06-22,1018,139,77,95,26,62,69,0.5539568345323741,0.2736842105263158,103
2023-06-23,1018,130,88,68,48,42,20,0.676923076923077,0.7058823529411765,136
2023-06-24,1018,105,78,54,48,27,6,0.7428571428571429,0.8888888888888888,126
2023-06-25,1018,110,84,91,34,26,57,0.7636363636363637,0.37362637362637363,118
2023-06-26,1018,147,81,88,48,66,40,0.5510204081632653,0.5454545454545454,129
2023-06-27,1018,110,102,51,35,8,16,0.9272727272727272,0.6862745098039216,137
2023-06-28,1018,129,84,100,49,45,51,0.6511627906976745,0.49,133
2023-06-29,1018,150,88,73,35,62,38,0.5866666666666667,0.4794520547945205,123
2023-06-30,1018,145,80,79,37,65,42,0.5517241379310345,0.46835443037974683,117
2023-07-01,1018,134,77,63,40,57,23,0.5746268656716418,0.6349206349206349,117
2023-07-02,1018,129,83,54,54,46,0,0.6434108527131783,1,137
2023-07-03,1018,142,75,65,43,67,22,0.528169014084507,0.6615384615384615,118
2023-07-04,1018,126,86,78,29,40,49,0.6825396825396826,0.3717948717948718,115
2023-07-05,1018,118,91,85,35,27,50,0.7711864406779662,0.4117647058823529,126
2023-07-06,1018,145,65,62,35,80,27,0.4482758620689655,0.5645161290322581,100
2023-07-07,1018,114,77,50,34,37,16,0.6754385964912281,0.68,111
2023-07-08,1018,140,63,95,41,77,54,0.45,0.43157894736842106,104
2023-07-09,1018,147,87,73,35,60,38,0.5918367346938775,0.4794520547945205,122
2023-07-10,1018,141,85,83,40,56,43,0.6028368794326241,0.4819277108433735,125
2023-07-11,1018,100,72,84,37,28,47,0.72,0.44047619047619047,109
2023-07-12,1018,113,89,99,48,24,51,0.7876106194690266,0.48484848484848486,137
2023-07-13,1018,103,77,93,42,26,51,0.7475728155339806,0.45161290322580644,119
2023-07-14,1018,115,75,87,40,40,47,0.6521739130434783,0.45977011494252873,115
2023-07-15,1018,149,94,68,36,55,32,0.6308724832214765,0.5294117647058824,130
2023-07-16,1018,116,74,72,39,42,33,0.6379310344827587,0.5416666666666666,113
2023-07-17,1018,145,77,87,41,68,46,0.5310344827586206,0.47126436781609193,118
2023-07-18,1018,150,77,63,33,73,30,0.5133333333333333,0.5238095238095238,110
2023-07-19,1018,148,91,90,37,57,53,0.6148648648648649,0.4111111111111111,128
2023-07-20,1018,136,86,68,46,50,22,0.6323529411764706,0.6764705882352942,132
2023-07-21,1018,119,87,100,37,32,63,0.7310924369747899,0.37,124
2023-07-22,1018,107,70,70,35,37,35,0.6542056074766355,0.5,105
2023-07-23,1018,105,85,57,41,20,16,0.8095238095238095,0.7192982456140351,126
2023-07-24,1018,136,85,76,51,51,25,0.625,0.6710526315789473,136
2023-07-25,1018,128,86,59,49,42,10,0.671875,0.8305084745762712,135
2023-07-26,1018,137,65,97,34,72,63,0.4744525547445255,0.35051546391752575,99
2023-07-27,1018,112,62,62,41,50,21,0.5535714285714286,0.6612903225806451,103
2023-07-28,1018,131,66,99,39,65,60,0.5038167938931297,0.3939393939393939,105
2023-07-29,1018,131,72,58,42,59,16,0.549618320610687,0.7241379310344828,114
2023-07-30,1018,128,82,97,38,46,59,0.640625,0.3917525773195876,120
2023-07-31,1018,112,93,67,30,19,37,0.8303571428571429,0.44776119402985076,123
2023-08-01,1018,101,75,89,44,26,45,0.7425742574257426,0.4943820224719101,119
2023-08-02,1018,121,76,87,41,45,46,0.628099173553719,0.47126436781609193,117
2023-08-03,1018,117,77,92,42,40,50,0.6581196581196581,0.45652173913043476,119
2023-08-04,1018,103,77,51,41,26,10,0.7475728155339806,0.803921568627451,118
2023-08-05,1018,144,83,85,52,61,33,0.5763888888888888,0.611764705882353,135
2023-08-06,1018,138,86,69,41,52,28,0.6231884057971014,0.5942028985507246,127
2023-08-07,1018,150,75,87,36,75,51,0.5,0.41379310344827586,111
2023-08-08,1018,122,76,61,45,46,16,0.6229508196721312,0.7377049180327869,121
2023-08-09,1018,129,78,63,36,51,27,0.6046511627906976,0.5714285714285714,114
2023-08-10,1018,102,93,73,40,9,33,0.9117647058823529,0.547945205479452,133
2023-08-11,1018,111,82,75,48,29,27,0.7387387387387387,0.64,130
2023-08-12,1018,147,82,70,34,65,36,0.5578231292517006,0.4857142857142857,116
2023-08-13,1018,102,90,94,49,12,45,0.8823529411764706,0.5212765957446809,139
2023-08-14,1018,131,88,69,39,43,30,0.6717557251908397,0.5652173913043478,127
2023-08-15,1018,103,80,81,41,23,40,0.7766990291262136,0.5061728395061729,121
2023-08-16,1018,111,64,58,47,47,11,0.5765765765765766,0.8103448275862069,111
2023-08-17,1018,132,79,81,42,53,39,0.5984848484848485,0.5185185185185185,121
2023-08-18,1018,134,82,70,47,52,23,0.6119402985074627,0.6714285714285714,129
2023-08-19,1018,149,78,99,25,71,74,0.5234899328859061,0.25252525252525254,103
2023-08-20,1018,112,79,87,45,33,42,0.7053571428571429,0.5172413793103449,124
2023-08-21,1018,149,71,77,41,78,36,0.47651006711409394,0.5324675324675324,112
2023-08-22,1018,121,69,92,40,52,52,0.5702479338842975,0.43478260869565216,109
2023-08-23,1018,104,95,76,34,9,42,0.9134615384615384,0.4473684210526316,129
2023-08-24,1018,138,69,67,33,69,34,0.5,0.4925373134328358,102
2023-08-25,1018,131,75,76,39,56,37,0.5725190839694656,0.5131578947368421,114
2023-08-26,1018,137,80,53,45,57,8,0.583941605839416,0.8490566037735849,125
2023-08-27,1018,148,72,84,51,76,33,0.4864864864864865,0.6071428571428571,123
2023-08-28,1018,102,79,92,40,23,52,0.7745098039215687,0.43478260869565216,119
2023-08-29,1018,115,84,54,42,31,12,0.7304347826086957,0.7777777777777778,126
2023-08-30,1018,140,78,66,42,62,24,0.5571428571428572,0.6363636363636364,120
2023-08-31,1018,119,83,62,33,36,29,0.6974789915966386,0.532258064516129,116
2023-09-01,1018,124,89,77,37,35,40,0.717741935483871,0.4805194805194805,126
2023-09-02,1018,132,73,82,44,59,38,0.553030303030303,0.5365853658536586,117
2023-09-03,1018,145,86,96,52,59,44,0.593103448275862,0.5416666666666666,138
2023-09-04,1018,114,97,88,36,17,52,0.8508771929824561,0.4090909090909091,133
2023-09-05,1018,118,83,54,43,35,11,0.7033898305084746,0.7962962962962963,126
2023-09-06,1018,113,87,82,44,26,38,0.7699115044247787,0.5365853658536586,131
2023-09-07,1018,139,72,75,43,67,32,0.5179856115107914,0.5733333333333334,115
2023-09-08,1018,129,77,90,38,52,52,0.5968992248062015,0.4222222222222222,115
2023-09-09,1018,101,65,94,36,36,58,0.6435643564356436,0.3829787234042553,101
2023-09-10,1018,134,80,83,44,54,39,0.5970149253731343,0.5301204819277109,124
2023-09-11,1018,124,81,99,38,43,61,0.6532258064516129,0.3838383838383838,119
2023-09-12,1018,115,74,60,35,41,25,0.6434782608695652,0.5833333333333334,109
2023-09-13,1018,112,83,81,33,29,48,0.7410714285714286,0.4074074074074074,116
2023-09-14,1018,113,77,65,47,36,18,0.6814159292035398,0.7230769230769231,124
2023-09-15,1018,106,72,54,39,34,15,0.6792452830188679,0.7222222222222222,111
2023-09-16,1018,132,58,65,54,74,11,0.4393939393939394,0.8307692307692308,112
2023-09-17,1018,147,82,89,31,65,58,0.5578231292517006,0.34831460674157305,113
2023-09-18,1018,113,87,82,30,26,52,0.7699115044247787,0.36585365853658536,117
2023-09-19,1018,120,80,69,43,40,26,0.6666666666666666,0.6231884057971014,123
2023-09-20,1018,148,66,78,39,82,39,0.44594594594594594,0.5,105
2023-09-21,1018,137,89,73,32,48,41,0.6496350364963503,0.4383561643835616,121
2023-09-22,1018,119,90,64,37,29,27,0.7563025210084033,0.578125,127
2023-09-23,1018,130,73,54,39,57,15,0.5615384615384615,0.7222222222222222,112
2023-09-24,1018,118,82,65,37,36,28,0.6949152542372882,0.5692307692307692,119
2023-09-25,1018,102,71,85,32,31,53,0.696078431372549,0.3764705882352941,103
2023-09-26,1018,105,74,53,47,31,6,0.7047619047619048,0.8867924528301887,121
2023-09-27,1018,120,61,52,31,59,21,0.5083333333333333,0.5961538461538461,92
2023-09-28,1018,130,85,91,32,45,59,0.6538461538461539,0.3516483516483517,117
2023-09-29,1018,114,96,95,36,18,59,0.8421052631578947,0.37894736842105264,132
2023-09-30,1018,114,64,98,36,50,62,0.5614035087719298,0.3673469387755102,100
2023-10-01,1018,128,74,98,48,54,50,0.578125,0.4897959183673469,122
2023-10-02,1018,113,92,88,46,21,42,0.8141592920353983,0.5227272727272727,138
2023-10-03,1018,106,78,56,43,28,13,0.7358490566037735,0.7678571428571429,121
2023-10-04,1018,147,79,91,50,68,41,0.5374149659863946,0.5494505494505495,129
2023-10-05,1018,126,54,55,43,72,12,0.42857142857142855,0.7818181818181819,97
2023-10-06,1018,142,61,81,41,81,40,0.4295774647887324,0.5061728395061729,102
2023-10-07,1018,103,83,84,31,20,53,0.8058252427184466,0.36904761904761907,114
2023-10-08,1018,138,70,88,47,68,41,0.5072463768115942,0.5340909090909091,117
2023-10-09,1018,139,72,61,36,67,25,0.5179856115107914,0.5901639344262295,108
2023-10-10,1018,146,103,91,40,43,51,0.7054794520547946,0.43956043956043955,143
2023-10-11,1018,104,76,65,44,28,21,0.7307692307692307,0.676923076923077,120
2023-10-12,1018,129,58,63,37,71,26,0.4496124031007752,0.5873015873015873,95
2023-10-13,1018,119,86,73,34,33,39,0.7226890756302521,0.4657534246575342,120
2023-10-14,1018,121,103,50,40,18,10,0.8512396694214877,0.8,143
2023-10-15,1018,119,88,61,42,31,19,0.7394957983193278,0.6885245901639344,130
2023-10-16,1018,148,88,89,35,60,54,0.5945945945945946,0.39325842696629215,123
2023-10-17,1018,110,88,97,50,22,47,0.8,0.5154639175257731,138
2023-10-18,1018,142,77,60,32,65,28,0.5422535211267606,0.5333333333333333,109
2023-10-19,1018,114,89,73,43,25,30,0.7807017543859649,0.589041095890411,132
2023-10-20,1018,134,85,67,42,49,25,0.6343283582089553,0.6268656716417911,127
2023-10-21,1018,116,78,63,34,38,29,0.6724137931034483,0.5396825396825397,112
2023-10-22,1018,140,71,57,44,69,13,0.5071428571428571,0.7719298245614035,115
2023-10-23,1018,135,88,51,44,47,7,0.6518518518518519,0.8627450980392157,132
2023-10-24,1018,104,79,52,45,25,7,0.7596153846153846,0.8653846153846154,124
2023-10-25,1018,119,67,94,49,52,45,0.5630252100840336,0.5212765957446809,116
2023-10-26,1018,121,63,67,42,58,25,0.5206611570247934,0.6268656716417911,105
2023-10-27,1018,140,95,57,37,45,20,0.6785714285714286,0.6491228070175439,132
2023-10-28,1018,121,68,96,38,53,58,0.5619834710743802,0.3958333333333333,106
2023-10-29,1018,109,69,98,45,40,53,0.6330275229357798,0.45918367346938777,114
2023-10-30,1018,127,71,91,40,56,51,0.5590551181102362,0.43956043956043955,111
2023-10-31,1018,119,71,96,43,48,53,0.5966386554621849,0.4479166666666667,114
2023-11-01,1018,140,96,100,37,44,63,0.6857142857142857,0.37,133
2023-11-02,1018,140,83,93,46,57,47,0.5928571428571429,0.4946236559139785,129
2023-11-03,1018,123,82,63,44,41,19,0.6666666666666666,0.6984126984126984,126
2023-11-04,1018,107,87,73,44,20,29,0.8130841121495327,0.6027397260273972,131
2023-11-05,1018,113,86,56,32,27,24,0.7610619469026548,0.5714285714285714,118
2023-11-06,1018,112,92,57,46,20,11,0.8214285714285714,0.8070175438596491,138
2023-11-07,1018,106,85,66,42,21,24,0.8018867924528302,0.6363636363636364,127
2023-11-08,1018,111,91,88,44,20,44,0.8198198198198198,0.5,135
2023-11-09,1018,143,76,53,45,67,8,0.5314685314685315,0.8490566037735849,121
2023-11-10,1018,119,84,84,36,35,48,0.7058823529411765,0.42857142857142855,120
2023-11-11,1018,133,70,77,32,63,45,0.5263157894736842,0.4155844155844156,102
2023-11-12,1018,130,63,97,46,67,51,0.4846153846153846,0.4742268041237113,109
2023-11-13,1018,139,88,70,39,51,31,0.6330935251798561,0.5571428571428572,127
2023-11-14,1018,112,81,84,41,31,43,0.7232142857142857,0.4880952380952381,122
2023-11-15,1018,138,74,58,42,64,16,0.5362318840579711,0.7241379310344828,116
2023-11-16,1018,112,65,90,32,47,58,0.5803571428571429,0.35555555555555557,97
2023-11-17,1018,132,49,77,40,83,37,0.3712121212121212,0.5194805194805194,89
2023-11-18,1018,111,86,59,39,25,20,0.7747747747747747,0.6610169491525424,125
2023-11-19,1018,137,93,88,40,44,48,0.6788321167883211,0.45454545454545453,133
2023-11-20,1018,136,63,84,48,73,36,0.4632352941176471,0.5714285714285714,111
2023-11-21,1018,117,70,64,39,47,25,0.5982905982905983,0.609375,109
2023-11-22,1018,112,93,72,42,19,30,0.8303571428571429,0.5833333333333334,135
2023-11-23,1018,121,95,67,31,26,36,0.7851239669421488,0.4626865671641791,126
2023-11-24,1018,127,83,99,40,44,59,0.6535433070866141,0.40404040404040403,123
2023-11-25,1018,131,82,56,30,49,26,0.6259541984732825,0.5357142857142857,112
2023-11-26,1018,116,79,98,29,37,69,0.6810344827586207,0.29591836734693877,108
2023-11-27,1018,140,81,59,47,59,12,0.5785714285714286,0.7966101694915254,128
2023-11-28,1018,101,71,100,36,30,64,0.7029702970297029,0.36,107
2023-11-29,1018,127,78,54,36,49,18,0.6141732283464567,0.6666666666666666,114
2023-11-30,1018,143,77,50,43,66,7,0.5384615384615384,0.86,120
2023-12-01,1018,145,90,65,36,55,29,0.6206896551724138,0.5538461538461539,126
2023-12-02,1018,110,76,62,34,34,28,0.6909090909090909,0.5483870967741935,110
2023-12-03,1018,124,80,98,34,44,64,0.6451612903225806,0.3469387755102041,114
2023-12-04,1018,147,57,99,46,90,53,0.3877551020408163,0.46464646464646464,103
2023-12-05,1018,127,98,72,33,29,39,0.7716535433070866,0.4583333333333333,131
2023-12-06,1018,128,78,63,41,50,22,0.609375,0.6507936507936508,119
2023-12-07,1018,107,91,66,39,16,27,0.8504672897196262,0.5909090909090909,130
2023-12-08,1018,129,92,95,48,37,47,0.7131782945736435,0.5052631578947369,140
2023-12-09,1018,127,83,74,45,44,29,0.6535433070866141,0.6081081081081081,128
2023-12-10,1018,111,86,60,42,25,18,0.7747747747747747,0.7,128
2023-12-11,1018,104,80,70,31,24,39,0.7692307692307693,0.44285714285714284,111
2023-12-12,1018,109,71,79,38,38,41,0.6513761467889908,0.4810126582278481,109
2023-12-13,1018,150,78,82,45,72,37,0.52,0.5487804878048781,123
2023-12-14,1018,149,69,84,38,80,46,0.46308724832214765,0.4523809523809524,107
2023-12-15,1018,107,91,52,36,16,16,0.8504672897196262,0.6923076923076923,127
2023-12-16,1018,116,90,87,34,26,53,0.7758620689655172,0.39080459770114945,124
2023-12-17,1018,134,64,83,42,70,41,0.47761194029850745,0.5060240963855421,106
2023-12-18,1018,143,87,87,43,56,44,0.6083916083916084,0.4942528735632184,130
2023-12-19,1018,107,85,83,33,22,50,0.794392523364486,0.39759036144578314,118
2023-12-20,1018,135,75,71,41,60,30,0.5555555555555556,0.5774647887323944,116
2023-12-21,1018,116,104,76,43,12,33,0.896551724137931,0.5657894736842105,147
2023-12-22,1018,146,91,59,36,55,23,0.6232876712328768,0.6101694915254238,127
2023-12-23,1018,146,77,86,41,69,45,0.5273972602739726,0.47674418604651164,118
2023-12-24,1018,128,72,80,42,56,38,0.5625,0.525,114
2023-12-25,1018,123,68,85,39,55,46,0.5528455284552846,0.4588235294117647,107
2023-12-26,1018,137,88,75,31,49,44,0.6423357664233577,0.41333333333333333,119
2023-12-27,1018,147,80,65,49,67,16,0.54421768707483,0.7538461538461538,129
2023-12-28,1018,131,76,69,44,55,25,0.5801526717557252,0.6376811594202898,120
2023-12-29,1018,139,81,87,48,58,39,0.5827338129496403,0.5517241379310345,129
2023-12-30,1018,142,75,88,40,67,48,0.528169014084507,0.45454545454545453,115
2023-12-31,1018,105,77,87,31,28,56,0.7333333333333333,0.3563218390804598,108
2023-01-01,1019,145,75,89,43,70,46,0.5172413793103449,0.48314606741573035,118
2023-01-02,1019,147,72,68,39,75,29,0.4897959183673469,0.5735294117647058,111
2023-01-03,1019,143,72,52,35,71,17,0.5034965034965035,0.6730769230769231,107
2023-01-04,1019,124,88,69,33,36,36,0.7096774193548387,0.4782608695652174,121
2023-01-05,1019,139,80,51,43,59,8,0.5755395683453237,0.8431372549019608,123
2023-01-06,1019,115,80,95,35,35,60,0.6956521739130435,0.3684210526315789,115
2023-01-07,1019,111,82,54,40,29,14,0.7387387387387387,0.7407407407407407,122
2023-01-08,1019,113,83,82,50,30,32,0.7345132743362832,0.6097560975609756,133
2023-01-09,1019,145,72,65,42,73,23,0.496551724137931,0.6461538461538462,114
2023-01-10,1019,138,90,100,39,48,61,0.6521739130434783,0.39,129
2023-01-11,1019,102,68,59,43,34,16,0.6666666666666666,0.7288135593220338,111
2023-01-12,1019,110,86,88,40,24,48,0.7818181818181819,0.45454545454545453,126
2023-01-13,1019,117,86,76,43,31,33,0.7350427350427351,0.5657894736842105,129
2023-01-14,1019,103,86,85,39,17,46,0.8349514563106796,0.4588235294117647,125
2023-01-15,1019,150,66,74,32,84,42,0.44,0.43243243243243246,98
2023-01-16,1019,111,75,60,30,36,30,0.6756756756756757,0.5,105
2023-01-17,1019,100,74,96,53,26,43,0.74,0.5520833333333334,127
2023-01-18,1019,134,90,65,46,44,19,0.6716417910447762,0.7076923076923077,136
2023-01-19,1019,109,89,77,55,20,22,0.8165137614678899,0.7142857142857143,144
2023-01-20,1019,105,74,63,39,31,24,0.7047619047619048,0.6190476190476191,113
2023-01-21,1019,139,80,76,42,59,34,0.5755395683453237,0.5526315789473685,122
2023-01-22,1019,122,97,58,26,25,32,0.7950819672131147,0.4482758620689655,123
2023-01-23,1019,144,93,83,43,51,40,0.6458333333333334,0.5180722891566265,136
2023-01-24,1019,149,83,94,47,66,47,0.5570469798657718,0.5,130
2023-01-25,1019,109,83,60,25,26,35,0.7614678899082569,0.4166666666666667,108
2023-01-26,1019,135,99,56,30,36,26,0.7333333333333333,0.5357142857142857,129
2023-01-27,1019,120,82,99,31,38,68,0.6833333333333333,0.31313131313131315,113
2023-01-28,1019,114,87,60,40,27,20,0.7631578947368421,0.6666666666666666,127
2023-01-29,1019,145,88,67,37,57,30,0.6068965517241379,0.5522388059701493,125
2023-01-30,1019,123,84,70,43,39,27,0.6829268292682927,0.6142857142857143,127
2023-01-31,1019,108,91,50,36,17,14,0.8425925925925926,0.72,127
2023-02-01,1019,103,85,70,38,18,32,0.8252427184466019,0.5428571428571428,123
2023-02-02,1019,120,66,56,43,54,13,0.55,0.7678571428571429,109
2023-02-03,1019,141,88,68,33,53,35,0.624113475177305,0.4852941176470588,121
2023-02-04,1019,142,82,52,35,60,17,0.5774647887323944,0.6730769230769231,117
2023-02-05,1019,117,72,84,43,45,41,0.6153846153846154,0.5119047619047619,115
2023-02-06,1019,132,78,64,39,54,25,0.5909090909090909,0.609375,117
2023-02-07,1019,150,71,66,45,79,21,0.47333333333333333,0.6818181818181818,116
2023-02-08,1019,123,91,74,40,32,34,0.7398373983739838,0.5405405405405406,131
2023-02-09,1019,123,85,74,34,38,40,0.6910569105691057,0.4594594594594595,119
2023-02-10,1019,100,64,76,53,36,23,0.64,0.6973684210526315,117
2023-02-11,1019,132,84,69,49,48,20,0.6363636363636364,0.7101449275362319,133
2023-02-12,1019,123,84,52,41,39,11,0.6829268292682927,0.7884615384615384,125
2023-02-13,1019,113,80,81,36,33,45,0.7079646017699115,0.4444444444444444,116
2023-02-14,1019,126,72,81,42,54,39,0.5714285714285714,0.5185185185185185,114
2023-02-15,1019,137,77,54,45,60,9,0.5620437956204379,0.8333333333333334,122
2023-02-16,1019,109,78,60,48,31,12,0.7155963302752294,0.8,126
2023-02-17,1019,123,87,97,45,36,52,0.7073170731707317,0.4639175257731959,132
2023-02-18,1019,101,86,58,42,15,16,0.8514851485148515,0.7241379310344828,128
2023-02-19,1019,126,68,66,48,58,18,0.5396825396825397,0.7272727272727273,116
2023-02-20,1019,119,102,95,45,17,50,0.8571428571428571,0.47368421052631576,147
2023-02-21,1019,150,81,52,45,69,7,0.54,0.8653846153846154,126
2023-02-22,1019,123,63,61,39,60,22,0.5121951219512195,0.639344262295082,102
2023-02-23,1019,149,75,89,39,74,50,0.5033557046979866,0.43820224719101125,114
2023-02-24,1019,100,92,68,30,8,38,0.92,0.4411764705882353,122
2023-02-25,1019,126,86,79,46,40,33,0.6825396825396826,0.5822784810126582,132
2023-02-26,1019,135,75,96,35,60,61,0.5555555555555556,0.3645833333333333,110
2023-02-27,1019,115,86,97,39,29,58,0.7478260869565218,0.4020618556701031,125
2023-02-28,1019,111,76,91,53,35,38,0.6846846846846847,0.5824175824175825,129
2023-03-01,1019,100,81,75,31,19,44,0.81,0.41333333333333333,112
2023-03-02,1019,145,74,67,44,71,23,0.5103448275862069,0.6567164179104478,118
2023-03-03,1019,131,68,98,33,63,65,0.5190839694656488,0.336734693877551,101
2023-03-04,1019,133,76,90,38,57,52,0.5714285714285714,0.4222222222222222,114
2023-03-05,1019,131,82,99,43,49,56,0.6259541984732825,0.43434343434343436,125
2023-03-06,1019,144,88,97,43,56,54,0.6111111111111112,0.44329896907216493,131
2023-03-07,1019,117,83,59,32,34,27,0.7094017094017094,0.5423728813559322,115
2023-03-08,1019,141,76,63,44,65,19,0.5390070921985816,0.6984126984126984,120
2023-03-09,1019,138,85,60,42,53,18,0.6159420289855072,0.7,127
2023-03-10,1019,107,88,85,49,19,36,0.822429906542056,0.5764705882352941,137
2023-03-11,1019,139,85,68,44,54,24,0.6115107913669064,0.6470588235294118,129
2023-03-12,1019,131,74,84,35,57,49,0.5648854961832062,0.4166666666666667,109
2023-03-13,1019,115,78,77,36,37,41,0.6782608695652174,0.4675324675324675,114
2023-03-14,1019,145,82,81,47,63,34,0.5655172413793104,0.5802469135802469,129
2023-03-15,1019,147,87,59,49,60,10,0.5918367346938775,0.8305084745762712,136
2023-03-16,1019,107,80,100,42,27,58,0.7476635514018691,0.42,122
2023-03-17,1019,119,70,60,28,49,32,0.5882352941176471,0.4666666666666667,98
2023-03-18,1019,142,80,93,46,62,47,0.5633802816901409,0.4946236559139785,126
2023-03-19,1019,149,87,58,48,62,10,0.5838926174496645,0.8275862068965517,135
2023-03-20,1019,148,73,61,42,75,19,0.49324324324324326,0.6885245901639344,115
2023-03-21,1019,133,78,94,37,55,57,0.5864661654135338,0.39361702127659576,115
2023-03-22,1019,118,76,69,36,42,33,0.6440677966101694,0.5217391304347826,112
2023-03-23,1019,117,90,66,46,27,20,0.7692307692307693,0.696969696969697,136
2023-03-24,1019,145,91,60,48,54,12,0.6275862068965518,0.8,139
2023-03-25,1019,114,87,74,41,27,33,0.7631578947368421,0.5540540540540541,128
2023-03-26,1019,116,68,61,34,48,27,0.5862068965517241,0.5573770491803278,102
2023-03-27,1019,100,86,61,40,14,21,0.86,0.6557377049180327,126
2023-03-28,1019,129,83,64,36,46,28,0.6434108527131783,0.5625,119
2023-03-29,1019,149,81,62,42,68,20,0.5436241610738255,0.6774193548387096,123
2023-03-30,1019,103,81,90,44,22,46,0.7864077669902912,0.4888888888888889,125
2023-03-31,1019,139,75,99,45,64,54,0.539568345323741,0.45454545454545453,120
2023-04-01,1019,135,86,87,33,49,54,0.6370370370370371,0.3793103448275862,119
2023-04-02,1019,108,82,93,44,26,49,0.7592592592592593,0.4731182795698925,126
2023-04-03,1019,142,62,78,39,80,39,0.43661971830985913,0.5,101
2023-04-04,1019,123,80,67,36,43,31,0.6504065040650406,0.5373134328358209,116
2023-04-05,1019,103,84,88,47,19,41,0.8155339805825242,0.5340909090909091,131
2023-04-06,1019,100,66,56,34,34,22,0.66,0.6071428571428571,100
2023-04-07,1019,133,85,55,41,48,14,0.6390977443609023,0.7454545454545455,126
2023-04-08,1019,101,78,58,49,23,9,0.7722772277227723,0.8448275862068966,127
2023-04-09,1019,130,77,99,44,53,55,0.5923076923076923,0.4444444444444444,121
2023-04-10,1019,113,83,73,40,30,33,0.7345132743362832,0.547945205479452,123
2023-04-11,1019,116,83,80,34,33,46,0.7155172413793104,0.425,117
2023-04-12,1019,111,85,52,40,26,12,0.7657657657657657,0.7692307692307693,125
2023-04-13,1019,108,78,95,41,30,54,0.7222222222222222,0.43157894736842106,119
2023-04-14,1019,128,96,91,40,32,51,0.75,0.43956043956043955,136
2023-04-15,1019,104,68,60,34,36,26,0.6538461538461539,0.5666666666666667,102
2023-04-16,1019,107,58,92,45,49,47,0.5420560747663551,0.4891304347826087,103
2023-04-17,1019,133,76,85,39,57,46,0.5714285714285714,0.4588235294117647,115
2023-04-18,1019,119,79,56,38,40,18,0.6638655462184874,0.6785714285714286,117
2023-04-19,1019,128,80,88,37,48,51,0.625,0.42045454545454547,117
2023-04-20,1019,145,81,86,43,64,43,0.5586206896551724,0.5,124
2023-04-21,1019,120,79,99,35,41,64,0.6583333333333333,0.35353535353535354,114
2023-04-22,1019,122,89,75,45,33,30,0.7295081967213115,0.6,134
2023-04-23,1019,120,73,53,48,47,5,0.6083333333333333,0.9056603773584906,121
2023-04-24,1019,103,74,77,43,29,34,0.7184466019417476,0.5584415584415584,117
2023-04-25,1019,122,81,98,47,41,51,0.6639344262295082,0.47959183673469385,128
2023-04-26,1019,137,89,56,45,48,11,0.6496350364963503,0.8035714285714286,134
2023-04-27,1019,121,76,76,39,45,37,0.628099173553719,0.5131578947368421,115
2023-04-28,1019,141,83,73,35,58,38,0.5886524822695035,0.4794520547945205,118
2023-04-29,1019,115,72,97,35,43,62,0.6260869565217392,0.36082474226804123,107
2023-04-30,1019,141,81,99,41,60,58,0.574468085106383,0.41414141414141414,122
2023-05-01,1019,132,77,95,39,55,56,0.5833333333333334,0.4105263157894737,116
2023-05-02,1019,118,75,54,47,43,7,0.635593220338983,0.8703703703703703,122
2023-05-03,1019,100,81,74,35,19,39,0.81,0.47297297297297297,116
2023-05-04,1019,131,73,85,33,58,52,0.5572519083969466,0.38823529411764707,106
2023-05-05,1019,146,100,87,48,46,39,0.684931506849315,0.5517241379310345,148
2023-05-06,1019,100,74,59,50,26,9,0.74,0.847457627118644,124
2023-05-07,1019,116,83,73,32,33,41,0.7155172413793104,0.4383561643835616,115
2023-05-08,1019,107,91,88,34,16,54,0.8504672897196262,0.38636363636363635,125
2023-05-09,1019,126,81,82,39,45,43,0.6428571428571429,0.47560975609756095,120
2023-05-10,1019,106,63,84,38,43,46,0.5943396226415094,0.4523809523809524,101
2023-05-11,1019,112,86,97,35,26,62,0.7678571428571429,0.36082474226804123,121
2023-05-12,1019,101,76,58,43,25,15,0.7524752475247525,0.7413793103448276,119
2023-05-13,1019,130,64,60,36,66,24,0.49230769230769234,0.6,100
2023-05-14,1019,128,79,63,37,49,26,0.6171875,0.5873015873015873,116
2023-05-15,1019,147,64,96,31,83,65,0.43537414965986393,0.3229166666666667,95
2023-05-16,1019,112,70,86,51,42,35,0.625,0.5930232558139535,121
2023-05-17,1019,122,79,57,34,43,23,0.6475409836065574,0.5964912280701754,113
2023-05-18,1019,149,78,98,32,71,66,0.5234899328859061,0.32653061224489793,110
2023-05-19,1019,140,75,79,37,65,42,0.5357142857142857,0.46835443037974683,112
2023-05-20,1019,134,72,80,30,62,50,0.5373134328358209,0.375,102
2023-05-21,1019,129,84,73,48,45,25,0.6511627906976745,0.6575342465753424,132
2023-05-22,1019,143,101,89,38,42,51,0.7062937062937062,0.42696629213483145,139
2023-05-23,1019,127,69,91,35,58,56,0.5433070866141733,0.38461538461538464,104
2023-05-24,1019,128,68,99,44,60,55,0.53125,0.4444444444444444,112
2023-05-25,1019,148,80,64,37,68,27,0.5405405405405406,0.578125,117
2023-05-26,1019,123,57,82,43,66,39,0.4634146341463415,0.524390243902439,100
2023-05-27,1019,106,63,92,44,43,48,0.5943396226415094,0.4782608695652174,107
2023-05-28,1019,125,73,53,51,52,2,0.584,0.9622641509433962,124
2023-05-29,1019,137,65,80,35,72,45,0.4744525547445255,0.4375,100
2023-05-30,1019,116,82,94,43,34,51,0.7068965517241379,0.4574468085106383,125
2023-05-31,1019,103,89,52,26,14,26,0.8640776699029126,0.5,115
2023-06-01,1019,132,90,86,34,42,52,0.6818181818181818,0.3953488372093023,124
2023-06-02,1019,106,67,90,22,39,68,0.6320754716981132,0.24444444444444444,89
2023-06-03,1019,121,83,69,41,38,28,0.6859504132231405,0.5942028985507246,124
2023-06-04,1019,139,71,60,38,68,22,0.5107913669064749,0.6333333333333333,109
2023-06-05,1019,112,105,67,55,7,12,0.9375,0.8208955223880597,160
2023-06-06,1019,126,70,57,35,56,22,0.5555555555555556,0.6140350877192983,105
2023-06-07,1019,120,84,92,48,36,44,0.7,0.5217391304347826,132
2023-06-08,1019,113,78,92,46,35,46,0.6902654867256637,0.5,124
2023-06-09,1019,124,88,84,31,36,53,0.7096774193548387,0.36904761904761907,119
2023-06-10,1019,144,90,66,35,54,31,0.625,0.5303030303030303,125
2023-06-11,1019,108,78,67,39,30,28,0.7222222222222222,0.582089552238806,117
2023-06-12,1019,143,80,84,43,63,41,0.5594405594405595,0.5119047619047619,123
2023-06-13,1019,134,85,82,32,49,50,0.6343283582089553,0.3902439024390244,117
2023-06-14,1019,142,84,73,37,58,36,0.5915492957746479,0.5068493150684932,121
2023-06-15,1019,123,74,52,49,49,3,0.6016260162601627,0.9423076923076923,123
2023-06-16,1019,108,74,92,47,34,45,0.6851851851851852,0.5108695652173914,121
2023-06-17,1019,121,69,67,33,52,34,0.5702479338842975,0.4925373134328358,102
2023-06-18,1019,109,67,67,31,42,36,0.6146788990825688,0.4626865671641791,98
2023-06-19,1019,133,90,68,36,43,32,0.6766917293233082,0.5294117647058824,126
2023-06-20,1019,104,96,69,44,8,25,0.9230769230769231,0.6376811594202898,140
2023-06-21,1019,119,92,99,43,27,56,0.773109243697479,0.43434343434343436,135
2023-06-22,1019,123,75,86,44,48,42,0.6097560975609756,0.5116279069767442,119
2023-06-23,1019,134,76,67,46,58,21,0.5671641791044776,0.6865671641791045,122
2023-06-24,1019,115,86,92,39,29,53,0.7478260869565218,0.42391304347826086,125
2023-06-25,1019,150,76,86,35,74,51,0.5066666666666667,0.4069767441860465,111
2023-06-26,1019,103,79,83,40,24,43,0.7669902912621359,0.4819277108433735,119
2023-06-27,1019,129,68,76,47,61,29,0.5271317829457365,0.618421052631579,115
2023-06-28,1019,135,89,95,37,46,58,0.6592592592592592,0.3894736842105263,126
2023-06-29,1019,100,86,87,53,14,34,0.86,0.6091954022988506,139
2023-06-30,1019,120,78,75,38,42,37,0.65,0.5066666666666667,116
2023-07-01,1019,144,64,52,41,80,11,0.4444444444444444,0.7884615384615384,105
2023-07-02,1019,105,87,74,39,18,35,0.8285714285714286,0.527027027027027,126
2023-07-03,1019,118,92,78,40,26,38,0.7796610169491526,0.5128205128205128,132
2023-07-04,1019,119,82,61,36,37,25,0.6890756302521008,0.5901639344262295,118
2023-07-05,1019,136,81,98,39,55,59,0.5955882352941176,0.3979591836734694,120
2023-07-06,1019,141,87,79,48,54,31,0.6170212765957447,0.6075949367088608,135
2023-07-07,1019,147,82,80,37,65,43,0.5578231292517006,0.4625,119
2023-07-08,1019,134,82,91,44,52,47,0.6119402985074627,0.4835164835164835,126
2023-07-09,1019,144,90,85,45,54,40,0.625,0.5294117647058824,135
2023-07-10,1019,136,59,66,46,77,20,0.4338235294117647,0.696969696969697,105
2023-07-11,1019,109,80,62,39,29,23,0.7339449541284404,0.6290322580645161,119
2023-07-12,1019,132,75,99,44,57,55,0.5681818181818182,0.4444444444444444,119
2023-07-13,1019,133,81,82,35,52,47,0.6090225563909775,0.4268292682926829,116
2023-07-14,1019,108,73,61,31,35,30,0.6759259259259259,0.5081967213114754,104
2023-07-15,1019,135,78,76,53,57,23,0.5777777777777777,0.6973684210526315,131
2023-07-16,1019,143,83,81,45,60,36,0.5804195804195804,0.5555555555555556,128
2023-07-17,1019,125,92,72,41,33,31,0.736,0.5694444444444444,133
2023-07-18,1019,131,84,100,40,47,60,0.6412213740458015,0.4,124
2023-07-19,1019,149,81,67,29,68,38,0.5436241610738255,0.43283582089552236,110
2023-07-20,1019,104,73,92,47,31,45,0.7019230769230769,0.5108695652173914,120
2023-07-21,1019,143,74,91,30,69,61,0.5174825174825175,0.32967032967032966,104
2023-07-22,1019,144,88,98,44,56,54,0.6111111111111112,0.4489795918367347,132
2023-07-23,1019,117,86,69,42,31,27,0.7350427350427351,0.6086956521739131,128
2023-07-24,1019,113,67,87,51,46,36,0.5929203539823009,0.5862068965517241,118
2023-07-25,1019,132,85,97,39,47,58,0.6439393939393939,0.4020618556701031,124
2023-07-26,1019,114,78,60,38,36,22,0.6842105263157895,0.6333333333333333,116
2023-07-27,1019,111,74,79,35,37,44,0.6666666666666666,0.4430379746835443,109
2023-07-28,1019,111,71,90,37,40,53,0.6396396396396397,0.4111111111111111,108
2023-07-29,1019,138,95,73,41,43,32,0.6884057971014492,0.5616438356164384,136
2023-07-30,1019,109,79,64,36,30,28,0.7247706422018348,0.5625,115
2023-07-31,1019,131,76,51,38,55,13,0.5801526717557252,0.7450980392156863,114
2023-08-01,1019,125,83,82,42,42,40,0.664,0.5121951219512195,125
2023-08-02,1019,128,85,61,28,43,33,0.6640625,0.45901639344262296,113
2023-08-03,1019,107,90,51,45,17,6,0.8411214953271028,0.8823529411764706,135
2023-08-04,1019,141,68,82,46,73,36,0.48226950354609927,0.5609756097560976,114
2023-08-05,1019,109,75,86,49,34,37,0.6880733944954128,0.5697674418604651,124
2023-08-06,1019,148,75,57,48,73,9,0.5067567567567568,0.8421052631578947,123
2023-08-07,1019,116,85,82,28,31,54,0.7327586206896551,0.34146341463414637,113
2023-08-08,1019,127,85,92,38,42,54,0.6692913385826772,0.41304347826086957,123
2023-08-09,1019,127,81,58,40,46,18,0.6377952755905512,0.6896551724137931,121
2023-08-10,1019,143,78,93,35,65,58,0.5454545454545454,0.3763440860215054,113
2023-08-11,1019,121,66,92,32,55,60,0.5454545454545454,0.34782608695652173,98
2023-08-12,1019,130,65,93,43,65,50,0.5,0.46236559139784944,108
2023-08-13,1019,129,72,64,33,57,31,0.5581395348837209,0.515625,105
2023-08-14,1019,145,67,81,49,78,32,0.46206896551724136,0.6049382716049383,116
2023-08-15,1019,139,79,94,42,60,52,0.5683453237410072,0.44680851063829785,121
2023-08-16,1019,113,65,82,46,48,36,0.5752212389380531,0.5609756097560976,111
2023-08-17,1019,141,86,69,39,55,30,0.6099290780141844,0.5652173913043478,125
2023-08-18,1019,128,71,59,35,57,24,0.5546875,0.5932203389830508,106
2023-08-19,1019,100,76,78,48,24,30,0.76,0.6153846153846154,124
2023-08-20,1019,135,85,73,39,50,34,0.6296296296296297,0.5342465753424658,124
2023-08-21,1019,109,57,79,38,52,41,0.5229357798165137,0.4810126582278481,95
2023-08-22,1019,113,84,82,31,29,51,0.7433628318584071,0.3780487804878049,115
2023-08-23,1019,125,73,74,36,52,38,0.584,0.4864864864864865,109
2023-08-24,1019,130,88,51,35,42,16,0.676923076923077,0.6862745098039216,123
2023-08-25,1019,133,75,54,40,58,14,0.5639097744360902,0.7407407407407407,115
2023-08-26,1019,120,84,86,47,36,39,0.7,0.5465116279069767,131
2023-08-27,1019,118,87,86,37,31,49,0.7372881355932204,0.43023255813953487,124
2023-08-28,1019,144,80,78,43,64,35,0.5555555555555556,0.5512820512820513,123
2023-08-29,1019,142,69,63,43,73,20,0.4859154929577465,0.6825396825396826,112
2023-08-30,1019,149,75,99,39,74,60,0.5033557046979866,0.3939393939393939,114
2023-08-31,1019,100,80,88,29,20,59,0.8,0.32954545454545453,109
2023-09-01,1019,124,94,50,32,30,18,0.7580645161290323,0.64,126
2023-09-02,1019,100,80,57,39,20,18,0.8,0.6842105263157895,119
2023-09-03,1019,149,81,96,51,68,45,0.5436241610738255,0.53125,132
2023-09-04,1019,106,64,67,34,42,33,0.6037735849056604,0.5074626865671642,98
2023-09-05,1019,111,100,66,51,11,15,0.9009009009009009,0.7727272727272727,151
2023-09-06,1019,111,82,62,38,29,24,0.7387387387387387,0.6129032258064516,120
2023-09-07,1019,145,63,63,36,82,27,0.43448275862068964,0.5714285714285714,99
2023-09-08,1019,124,83,59,39,41,20,0.6693548387096774,0.6610169491525424,122
2023-09-09,1019,123,70,55,43,53,12,0.5691056910569106,0.7818181818181819,113
2023-09-10,1019,100,83,100,49,17,51,0.83,0.49,132
2023-09-11,1019,103,80,55,37,23,18,0.7766990291262136,0.6727272727272727,117
2023-09-12,1019,109,85,93,31,24,62,0.7798165137614679,0.3333333333333333,116
2023-09-13,1019,134,68,73,37,66,36,0.5074626865671642,0.5068493150684932,105
2023-09-14,1019,130,67,80,47,63,33,0.5153846153846153,0.5875,114
2023-09-15,1019,114,78,68,45,36,23,0.6842105263157895,0.6617647058823529,123
2023-09-16,1019,136,72,98,53,64,45,0.5294117647058824,0.5408163265306123,125
2023-09-17,1019,112,64,85,55,48,30,0.5714285714285714,0.6470588235294118,119
2023-09-18,1019,129,75,55,42,54,13,0.5813953488372093,0.7636363636363637,117
2023-09-19,1019,117,78,72,30,39,42,0.6666666666666666,0.4166666666666667,108
2023-09-20,1019,106,67,50,32,39,18,0.6320754716981132,0.64,99
2023-09-21,1019,110,71,59,37,39,22,0.6454545454545455,0.6271186440677966,108
2023-09-22,1019,112,83,67,35,29,32,0.7410714285714286,0.5223880597014925,118
2023-09-23,1019,114,79,58,39,35,19,0.6929824561403509,0.6724137931034483,118
2023-09-24,1019,130,66,92,31,64,61,0.5076923076923077,0.33695652173913043,97
2023-09-25,1019,141,88,86,49,53,37,0.624113475177305,0.5697674418604651,137
2023-09-26,1019,106,75,85,42,31,43,0.7075471698113207,0.49411764705882355,117
2023-09-27,1019,111,74,91,43,37,48,0.6666666666666666,0.4725274725274725,117
2023-09-28,1019,124,70,71,43,54,28,0.5645161290322581,0.6056338028169014,113
2023-09-29,1019,118,74,100,47,44,53,0.6271186440677966,0.47,121
2023-09-30,1019,121,105,50,49,16,1,0.8677685950413223,0.98,154
2023-10-01,1019,127,71,92,41,56,51,0.5590551181102362,0.44565217391304346,112
2023-10-02,1019,149,76,91,47,73,44,0.5100671140939598,0.5164835164835165,123
2023-10-03,1019,125,83,56,35,42,21,0.664,0.625,118
2023-10-04,1019,103,79,55,37,24,18,0.7669902912621359,0.6727272727272727,116
2023-10-05,1019,100,74,97,42,26,55,0.74,0.4329896907216495,116
2023-10-06,1019,115,91,99,36,24,63,0.7913043478260869,0.36363636363636365,127
2023-10-07,1019,131,71,84,35,60,49,0.5419847328244275,0.4166666666666667,106
2023-10-08,1019,111,87,83,32,24,51,0.7837837837837838,0.3855421686746988,119
2023-10-09,1019,148,72,60,36,76,24,0.4864864864864865,0.6,108
2023-10-10,1019,134,79,91,33,55,58,0.5895522388059702,0.3626373626373626,112
2023-10-11,1019,142,68,99,40,74,59,0.4788732394366197,0.40404040404040403,108
2023-10-12,1019,122,91,85,49,31,36,0.7459016393442623,0.5764705882352941,140
2023-10-13,1019,145,91,64,28,54,36,0.6275862068965518,0.4375,119
2023-10-14,1019,119,81,66,44,38,22,0.680672268907563,0.6666666666666666,125
2023-10-15,1019,141,77,71,47,64,24,0.5460992907801419,0.6619718309859155,124
2023-10-16,1019,137,63,93,37,74,56,0.45985401459854014,0.3978494623655914,100
2023-10-17,1019,125,73,95,51,52,44,0.584,0.5368421052631579,124
2023-10-18,1019,111,87,59,28,24,31,0.7837837837837838,0.4745762711864407,115
2023-10-19,1019,129,86,77,42,43,35,0.6666666666666666,0.5454545454545454,128
2023-10-20,1019,135,67,56,30,68,26,0.4962962962962963,0.5357142857142857,97
2023-10-21,1019,137,79,56,39,58,17,0.5766423357664233,0.6964285714285714,118
2023-10-22,1019,129,90,59,50,39,9,0.6976744186046512,0.847457627118644,140
2023-10-23,1019,109,90,91,40,19,51,0.8256880733944955,0.43956043956043955,130
2023-10-24,1019,118,68,57,36,50,21,0.576271186440678,0.631578947368421,104
2023-10-25,1019,126,78,72,28,48,44,0.6190476190476191,0.3888888888888889,106
2023-10-26,1019,116,66,54,35,50,19,0.5689655172413793,0.6481481481481481,101
2023-10-27,1019,135,80,63,33,55,30,0.5925925925925926,0.5238095238095238,113
2023-10-28,1019,123,76,69,48,47,21,0.6178861788617886,0.6956521739130435,124
2023-10-29,1019,138,79,97,42,59,55,0.572463768115942,0.4329896907216495,121
2023-10-30,1019,144,75,79,54,69,25,0.5208333333333334,0.6835443037974683,129
2023-10-31,1019,138,85,72,44,53,28,0.6159420289855072,0.6111111111111112,129
2023-11-01,1019,128,82,97,35,46,62,0.640625,0.36082474226804123,117
2023-11-02,1019,131,97,70,32,34,38,0.7404580152671756,0.45714285714285713,129
2023-11-03,1019,146,87,91,53,59,38,0.5958904109589042,0.5824175824175825,140
2023-11-04,1019,113,75,60,38,38,22,0.6637168141592921,0.6333333333333333,113
2023-11-05,1019,104,77,72,39,27,33,0.7403846153846154,0.5416666666666666,116
2023-11-06,1019,117,99,99,36,18,63,0.8461538461538461,0.36363636363636365,135
2023-11-07,1019,127,91,85,42,36,43,0.7165354330708661,0.49411764705882355,133
2023-11-08,1019,118,85,59,42,33,17,0.7203389830508474,0.711864406779661,127
2023-11-09,1019,110,87,64,51,23,13,0.7909090909090909,0.796875,138
2023-11-10,1019,126,76,80,35,50,45,0.6031746031746031,0.4375,111
2023-11-11,1019,140,73,87,38,67,49,0.5214285714285715,0.4367816091954023,111
2023-11-12,1019,135,93,91,44,42,47,0.6888888888888889,0.4835164835164835,137
2023-11-13,1019,112,95,79,56,17,23,0.8482142857142857,0.7088607594936709,151
2023-11-14,1019,111,87,90,37,24,53,0.7837837837837838,0.4111111111111111,124
2023-11-15,1019,145,90,93,43,55,50,0.6206896551724138,0.46236559139784944,133
2023-11-16,1019,130,91,89,45,39,44,0.7,0.5056179775280899,136
2023-11-17,1019,150,84,79,30,66,49,0.56,0.379746835443038,114
2023-11-18,1019,109,68,58,45,41,13,0.6238532110091743,0.7758620689655172,113
2023-11-19,1019,144,75,95,55,69,40,0.5208333333333334,0.5789473684210527,130
2023-11-20,1019,141,69,57,31,72,26,0.48936170212765956,0.543859649122807,100
2023-11-21,1019,108,68,67,41,40,26,0.6296296296296297,0.6119402985074627,109
2023-11-22,1019,116,76,72,42,40,30,0.6551724137931034,0.5833333333333334,118
2023-11-23,1019,140,80,85,51,60,34,0.5714285714285714,0.6,131
2023-11-24,1019,111,72,51,37,39,14,0.6486486486486487,0.7254901960784313,109
2023-11-25,1019,119,89,91,35,30,56,0.7478991596638656,0.38461538461538464,124
2023-11-26,1019,122,84,59,40,38,19,0.6885245901639344,0.6779661016949152,124
2023-11-27,1019,104,83,99,42,21,57,0.7980769230769231,0.42424242424242425,125
2023-11-28,1019,107,69,74,31,38,43,0.6448598130841121,0.4189189189189189,100
2023-11-29,1019,124,69,54,42,55,12,0.5564516129032258,0.7777777777777778,111
2023-11-30,1019,111,83,84,27,28,57,0.7477477477477478,0.32142857142857145,110
2023-12-01,1019,137,72,63,46,65,17,0.5255474452554745,0.7301587301587301,118
2023-12-02,1019,113,85,66,30,28,36,0.7522123893805309,0.45454545454545453,115
2023-12-03,1019,142,75,72,40,67,32,0.528169014084507,0.5555555555555556,115
2023-12-04,1019,129,72,69,34,57,35,0.5581395348837209,0.4927536231884058,106
2023-12-05,1019,121,75,61,47,46,14,0.6198347107438017,0.7704918032786885,122
2023-12-06,1019,146,80,56,38,66,18,0.547945205479452,0.6785714285714286,118
2023-12-07,1019,105,77,88,43,28,45,0.7333333333333333,0.48863636363636365,120
2023-12-08,1019,122,69,93,32,53,61,0.5655737704918032,0.34408602150537637,101
2023-12-09,1019,147,80,87,32,67,55,0.54421768707483,0.367816091954023,112
2023-12-10,1019,110,74,77,44,36,33,0.6727272727272727,0.5714285714285714,118
2023-12-11,1019,110,93,66,49,17,17,0.8454545454545455,0.7424242424242424,142
2023-12-12,1019,123,80,97,39,43,58,0.6504065040650406,0.4020618556701031,119
2023-12-13,1019,105,87,77,42,18,35,0.8285714285714286,0.5454545454545454,129
2023-12-14,1019,126,70,61,42,56,19,0.5555555555555556,0.6885245901639344,112
2023-12-15,1019,114,81,67,33,33,34,0.7105263157894737,0.4925373134328358,114
2023-12-16,1019,129,85,65,45,44,20,0.6589147286821705,0.6923076923076923,130
2023-12-17,1019,115,81,67,43,34,24,0.7043478260869566,0.6417910447761194,124
2023-12-18,1019,136,68,55,36,68,19,0.5,0.6545454545454545,104
2023-12-19,1019,144,86,84,45,58,39,0.5972222222222222,0.5357142857142857,131
2023-12-20,1019,100,71,61,54,29,7,0.71,0.8852459016393442,125
2023-12-21,1019,104,64,50,38,40,12,0.6153846153846154,0.76,102
2023-12-22,1019,145,66,91,37,79,54,0.45517241379310347,0.4065934065934066,103
2023-12-23,1019,124,80,54,50,44,4,0.6451612903225806,0.9259259259259259,130
2023-12-24,1019,129,73,66,31,56,35,0.5658914728682171,0.4696969696969697,104
2023-12-25,1019,147,80,92,32,67,60,0.54421768707483,0.34782608695652173,112
2023-12-26,1019,114,88,52,38,26,14,0.7719298245614035,0.7307692307692307,126
2023-12-27,1019,132,67,68,51,65,17,0.5075757575757576,0.75,118
2023-12-28,1019,128,82,91,46,46,45,0.640625,0.5054945054945055,128
2023-12-29,1019,106,66,70,46,40,24,0.6226415094339622,0.6571428571428571,112
2023-12-30,1019,149,62,97,30,87,67,0.4161073825503356,0.30927835051546393,92
2023-12-31,1019,101,92,76,37,9,39,0.9108910891089109,0.4868421052631579,129
2023-01-01,1020,128,85,65,39,43,26,0.6640625,0.6,124
2023-01-02,1020,147,79,68,47,68,21,0.5374149659863946,0.6911764705882353,126
2023-01-03,1020,116,71,84,29,45,55,0.6120689655172413,0.34523809523809523,100
2023-01-04,1020,144,90,53,37,54,16,0.625,0.6981132075471698,127
2023-01-05,1020,132,82,54,43,50,11,0.6212121212121212,0.7962962962962963,125
2023-01-06,1020,131,82,86,41,49,45,0.6259541984732825,0.47674418604651164,123
2023-01-07,1020,148,84,88,45,64,43,0.5675675675675675,0.5113636363636364,129
2023-01-08,1020,100,74,59,44,26,15,0.74,0.7457627118644068,118
2023-01-09,1020,107,67,57,44,40,13,0.6261682242990654,0.7719298245614035,111
2023-01-10,1020,120,83,50,37,37,13,0.6916666666666667,0.74,120
2023-01-11,1020,106,61,90,39,45,51,0.5754716981132075,0.43333333333333335,100
2023-01-12,1020,123,87,54,43,36,11,0.7073170731707317,0.7962962962962963,130
2023-01-13,1020,142,71,71,35,71,36,0.5,0.49295774647887325,106
2023-01-14,1020,116,93,98,44,23,54,0.8017241379310345,0.4489795918367347,137
2023-01-15,1020,137,107,52,45,30,7,0.781021897810219,0.8653846153846154,152
2023-01-16,1020,100,72,53,35,28,18,0.72,0.660377358490566,107
2023-01-17,1020,118,78,73,45,40,28,0.6610169491525424,0.6164383561643836,123
2023-01-18,1020,102,72,90,37,30,53,0.7058823529411765,0.4111111111111111,109
2023-01-19,1020,118,80,75,36,38,39,0.6779661016949152,0.48,116
2023-01-20,1020,115,86,79,35,29,44,0.7478260869565218,0.4430379746835443,121
2023-01-21,1020,100,81,83,37,19,46,0.81,0.4457831325301205,118
2023-01-22,1020,124,81,70,47,43,23,0.6532258064516129,0.6714285714285714,128
2023-01-23,1020,140,75,87,33,65,54,0.5357142857142857,0.3793103448275862,108
2023-01-24,1020,110,87,57,39,23,18,0.7909090909090909,0.6842105263157895,126
2023-01-25,1020,140,70,73,29,70,44,0.5,0.3972602739726027,99
2023-01-26,1020,136,86,72,35,50,37,0.6323529411764706,0.4861111111111111,121
2023-01-27,1020,138,75,61,45,63,16,0.5434782608695652,0.7377049180327869,120
2023-01-28,1020,109,85,86,45,24,41,0.7798165137614679,0.5232558139534884,130
2023-01-29,1020,133,67,87,43,66,44,0.5037593984962406,0.4942528735632184,110
2023-01-30,1020,103,75,88,39,28,49,0.7281553398058253,0.4431818181818182,114
2023-01-31,1020,122,81,55,30,41,25,0.6639344262295082,0.5454545454545454,111
2023-02-01,1020,142,88,50,25,54,25,0.6197183098591549,0.5,113
2023-02-02,1020,118,96,94,23,22,71,0.8135593220338984,0.24468085106382978,119
2023-02-03,1020,107,68,68,41,39,27,0.6355140186915887,0.6029411764705882,109
2023-02-04,1020,123,76,91,46,47,45,0.6178861788617886,0.5054945054945055,122
2023-02-05,1020,120,77,51,38,43,13,0.6416666666666667,0.7450980392156863,115
2023-02-06,1020,117,71,52,37,46,15,0.6068376068376068,0.7115384615384616,108
2023-02-07,1020,109,88,51,51,21,0,0.8073394495412844,1,139
2023-02-08,1020,144,66,69,43,78,26,0.4583333333333333,0.6231884057971014,109
2023-02-09,1020,120,89,52,41,31,11,0.7416666666666667,0.7884615384615384,130
2023-02-10,1020,130,85,99,34,45,65,0.6538461538461539,0.3434343434343434,119
2023-02-11,1020,141,81,52,42,60,10,0.574468085106383,0.8076923076923077,123
2023-02-12,1020,147,71,52,52,76,0,0.48299319727891155,1,123
2023-02-13,1020,129,70,82,50,59,32,0.5426356589147286,0.6097560975609756,120
2023-02-14,1020,142,94,54,47,48,7,0.6619718309859155,0.8703703703703703,141
2023-02-15,1020,141,77,56,42,64,14,0.5460992907801419,0.75,119
2023-02-16,1020,147,83,61,45,64,16,0.564625850340136,0.7377049180327869,128
2023-02-17,1020,109,84,97,39,25,58,0.7706422018348624,0.4020618556701031,123
2023-02-18,1020,139,84,81,40,55,41,0.60431654676259,0.49382716049382713,124
2023-02-19,1020,113,82,87,40,31,47,0.7256637168141593,0.45977011494252873,122
2023-02-20,1020,107,77,68,45,30,23,0.719626168224299,0.6617647058823529,122
2023-02-21,1020,124,82,91,42,42,49,0.6612903225806451,0.46153846153846156,124
2023-02-22,1020,142,63,84,41,79,43,0.44366197183098594,0.4880952380952381,104
2023-02-23,1020,143,85,100,47,58,53,0.5944055944055944,0.47,132
2023-02-24,1020,107,85,54,40,22,14,0.794392523364486,0.7407407407407407,125
2023-02-25,1020,122,82,59,25,40,34,0.6721311475409836,0.423728813559322,107
2023-02-26,1020,143,74,82,34,69,48,0.5174825174825175,0.4146341463414634,108
2023-02-27,1020,110,88,63,43,22,20,0.8,0.6825396825396826,131
2023-02-28,1020,103,77,56,39,26,17,0.7475728155339806,0.6964285714285714,116
2023-03-01,1020,130,89,74,34,41,40,0.6846153846153846,0.4594594594594595,123
2023-03-02,1020,140,66,72,40,74,32,0.4714285714285714,0.5555555555555556,106
2023-03-03,1020,141,101,60,35,40,25,0.7163120567375887,0.5833333333333334,136
2023-03-04,1020,144,74,71,37,70,34,0.5138888888888888,0.5211267605633803,111
2023-03-05,1020,124,81,50,41,43,9,0.6532258064516129,0.82,122
2023-03-06,1020,107,88,94,41,19,53,0.822429906542056,0.43617021276595747,129
2023-03-07,1020,118,71,62,41,47,21,0.6016949152542372,0.6612903225806451,112
2023-03-08,1020,123,80,59,35,43,24,0.6504065040650406,0.5932203389830508,115
2023-03-09,1020,148,65,69,39,83,30,0.4391891891891892,0.5652173913043478,104
2023-03-10,1020,112,79,99,49,33,50,0.7053571428571429,0.494949494949495,128
2023-03-11,1020,101,70,67,44,31,23,0.693069306930693,0.6567164179104478,114
2023-03-12,1020,144,77,91,39,67,52,0.5347222222222222,0.42857142857142855,116
2023-03-13,1020,100,75,59,37,25,22,0.75,0.6271186440677966,112
2023-03-14,1020,133,68,96,33,65,63,0.5112781954887218,0.34375,101
2023-03-15,1020,139,93,50,30,46,20,0.6690647482014388,0.6,123
2023-03-16,1020,123,88,82,36,35,46,0.7154471544715447,0.43902439024390244,124
2023-03-17,1020,105,76,64,39,29,25,0.7238095238095238,0.609375,115
2023-03-18,1020,150,75,80,36,75,44,0.5,0.45,111
2023-03-19,1020,149,92,57,47,57,10,0.6174496644295302,0.8245614035087719,139
2023-03-20,1020,135,76,87,41,59,46,0.562962962962963,0.47126436781609193,117
2023-03-21,1020,118,78,66,44,40,22,0.6610169491525424,0.6666666666666666,122
2023-03-22,1020,118,82,59,37,36,22,0.6949152542372882,0.6271186440677966,119
2023-03-23,1020,150,66,54,36,84,18,0.44,0.6666666666666666,102
2023-03-24,1020,131,81,53,42,50,11,0.6183206106870229,0.7924528301886793,123
2023-03-25,1020,114,77,92,42,37,50,0.6754385964912281,0.45652173913043476,119
2023-03-26,1020,103,69,77,40,34,37,0.6699029126213593,0.5194805194805194,109
2023-03-27,1020,105,88,72,37,17,35,0.8380952380952381,0.5138888888888888,125
2023-03-28,1020,133,77,94,46,56,48,0.5789473684210527,0.48936170212765956,123
2023-03-29,1020,148,76,69,42,72,27,0.5135135135135135,0.6086956521739131,118
2023-03-30,1020,117,99,66,48,18,18,0.8461538461538461,0.7272727272727273,147
2023-03-31,1020,145,72,52,52,73,0,0.496551724137931,1,124
2023-04-01,1020,144,81,64,38,63,26,0.5625,0.59375,119
2023-04-02,1020,124,95,88,47,29,41,0.7661290322580645,0.5340909090909091,142
2023-04-03,1020,111,81,95,41,30,54,0.7297297297297297,0.43157894736842106,122
2023-04-04,1020,134,83,82,35,51,47,0.6194029850746269,0.4268292682926829,118
2023-04-05,1020,142,72,56,45,70,11,0.5070422535211268,0.8035714285714286,117
2023-04-06,1020,149,66,65,44,83,21,0.4429530201342282,0.676923076923077,110
2023-04-07,1020,114,75,71,44,39,27,0.6578947368421053,0.6197183098591549,119
2023-04-08,1020,100,77,93,43,23,50,0.77,0.46236559139784944,120
2023-04-09,1020,149,81,82,43,68,39,0.5436241610738255,0.524390243902439,124
2023-04-10,1020,117,91,92,48,26,44,0.7777777777777778,0.5217391304347826,139
2023-04-11,1020,138,76,76,35,62,41,0.5507246376811594,0.4605263157894737,111
2023-04-12,1020,106,70,96,41,36,55,0.660377358490566,0.4270833333333333,111
2023-04-13,1020,138,68,72,35,70,37,0.4927536231884058,0.4861111111111111,103
2023-04-14,1020,130,81,70,38,49,32,0.6230769230769231,0.5428571428571428,119
2023-04-15,1020,122,79,73,34,43,39,0.6475409836065574,0.4657534246575342,113
2023-04-16,1020,140,74,58,38,66,20,0.5285714285714286,0.6551724137931034,112
2023-04-17,1020,147,76,88,32,71,56,0.5170068027210885,0.36363636363636365,108
2023-04-18,1020,145,81,53,41,64,12,0.5586206896551724,0.7735849056603774,122
2023-04-19,1020,123,82,83,44,41,39,0.6666666666666666,0.5301204819277109,126
2023-04-20,1020,124,83,76,37,41,39,0.6693548387096774,0.4868421052631579,120
2023-04-21,1020,141,91,89,41,50,48,0.6453900709219859,0.4606741573033708,132
2023-04-22,1020,122,92,86,32,30,54,0.7540983606557377,0.37209302325581395,124
2023-04-23,1020,141,81,94,40,60,54,0.574468085106383,0.425531914893617,121
2023-04-24,1020,137,83,55,41,54,14,0.6058394160583942,0.7454545454545455,124
2023-04-25,1020,140,82,93,43,58,50,0.5857142857142857,0.46236559139784944,125
2023-04-26,1020,139,87,59,34,52,25,0.6258992805755396,0.576271186440678,121
2023-04-27,1020,136,97,58,45,39,13,0.7132352941176471,0.7758620689655172,142
2023-04-28,1020,150,64,72,42,86,30,0.4266666666666667,0.5833333333333334,106
2023-04-29,1020,125,84,77,40,41,37,0.672,0.5194805194805194,124
2023-04-30,1020,148,83,72,56,65,16,0.5608108108108109,0.7777777777777778,139
2023-05-01,1020,109,71,54,38,38,16,0.6513761467889908,0.7037037037037037,109
2023-05-02,1020,141,74,67,49,67,18,0.524822695035461,0.7313432835820896,123
2023-05-03,1020,150,69,89,38,81,51,0.46,0.42696629213483145,107
2023-05-04,1020,126,88,53,33,38,20,0.6984126984126984,0.6226415094339622,121
2023-05-05,1020,112,85,94,39,27,55,0.7589285714285714,0.4148936170212766,124
2023-05-06,1020,141,66,82,39,75,43,0.46808510638297873,0.47560975609756095,105
2023-05-07,1020,125,64,68,36,61,32,0.512,0.5294117647058824,100
2023-05-08,1020,149,72,73,39,77,34,0.48322147651006714,0.5342465753424658,111
2023-05-09,1020,137,78,94,40,59,54,0.5693430656934306,0.425531914893617,118
2023-05-10,1020,128,82,92,42,46,50,0.640625,0.45652173913043476,124
2023-05-11,1020,103,82,70,35,21,35,0.7961165048543689,0.5,117
2023-05-12,1020,124,78,64,40,46,24,0.6290322580645161,0.625,118
2023-05-13,1020,150,84,69,49,66,20,0.56,0.7101449275362319,133
2023-05-14,1020,104,68,60,51,36,9,0.6538461538461539,0.85,119
2023-05-15,1020,148,76,62,41,72,21,0.5135135135135135,0.6612903225806451,117
2023-05-16,1020,102,88,63,36,14,27,0.8627450980392157,0.5714285714285714,124
2023-05-17,1020,119,101,60,33,18,27,0.8487394957983193,0.55,134
2023-05-18,1020,125,78,66,38,47,28,0.624,0.5757575757575758,116
2023-05-19,1020,101,77,82,35,24,47,0.7623762376237624,0.4268292682926829,112
2023-05-20,1020,108,79,58,40,29,18,0.7314814814814815,0.6896551724137931,119
2023-05-21,1020,146,81,67,36,65,31,0.5547945205479452,0.5373134328358209,117
2023-05-22,1020,127,87,50,43,40,7,0.6850393700787402,0.86,130
2023-05-23,1020,142,90,80,41,52,39,0.6338028169014085,0.5125,131
2023-05-24,1020,127,81,64,35,46,29,0.6377952755905512,0.546875,116
2023-05-25,1020,149,93,61,39,56,22,0.6241610738255033,0.639344262295082,132
2023-05-26,1020,124,79,89,52,45,37,0.6370967741935484,0.5842696629213483,131
2023-05-27,1020,137,69,69,46,68,23,0.5036496350364964,0.6666666666666666,115
2023-05-28,1020,126,80,71,47,46,24,0.6349206349206349,0.6619718309859155,127
2023-05-29,1020,111,97,50,42,14,8,0.8738738738738738,0.84,139
2023-05-30,1020,139,79,94,38,60,56,0.5683453237410072,0.40425531914893614,117
2023-05-31,1020,138,63,56,31,75,25,0.45652173913043476,0.5535714285714286,94
2023-06-01,1020,146,82,53,51,64,2,0.5616438356164384,0.9622641509433962,133
2023-06-02,1020,132,86,66,32,46,34,0.6515151515151515,0.48484848484848486,118
2023-06-03,1020,145,73,52,39,72,13,0.503448275862069,0.75,112
2023-06-04,1020,138,81,97,37,57,60,0.5869565217391305,0.38144329896907214,118
2023-06-05,1020,144,73,84,46,71,38,0.5069444444444444,0.5476190476190477,119
2023-06-06,1020,111,80,63,41,31,22,0.7207207207207207,0.6507936507936508,121
2023-06-07,1020,131,87,64,34,44,30,0.6641221374045801,0.53125,121
2023-06-08,1020,143,93,92,48,50,44,0.6503496503496503,0.5217391304347826,141
2023-06-09,1020,130,86,72,42,44,30,0.6615384615384615,0.5833333333333334,128
2023-06-10,1020,130,95,85,39,35,46,0.7307692307692307,0.4588235294117647,134
2023-06-11,1020,128,81,77,34,47,43,0.6328125,0.44155844155844154,115
2023-06-12,1020,100,79,55,46,21,9,0.79,0.8363636363636363,125
2023-06-13,1020,142,81,73,28,61,45,0.5704225352112676,0.3835616438356164,109
2023-06-14,1020,118,80,50,40,38,10,0.6779661016949152,0.8,120
2023-06-15,1020,149,82,56,38,67,18,0.5503355704697986,0.6785714285714286,120
2023-06-16,1020,131,81,81,40,50,41,0.6183206106870229,0.49382716049382713,121
2023-06-17,1020,138,88,66,46,50,20,0.6376811594202898,0.696969696969697,134
2023-06-18,1020,125,94,98,34,31,64,0.752,0.3469387755102041,128
2023-06-19,1020,108,93,87,36,15,51,0.8611111111111112,0.41379310344827586,129
2023-06-20,1020,108,84,95,55,24,40,0.7777777777777778,0.5789473684210527,139
2023-06-21,1020,120,70,63,46,50,17,0.5833333333333334,0.7301587301587301,116
2023-06-22,1020,124,90,72,44,34,28,0.7258064516129032,0.6111111111111112,134
2023-06-23,1020,127,79,52,37,48,15,0.6220472440944882,0.7115384615384616,116
2023-06-24,1020,133,72,88,36,61,52,0.5413533834586466,0.4090909090909091,108
2023-06-25,1020,143,85,98,36,58,62,0.5944055944055944,0.3673469387755102,121
2023-06-26,1020,108,80,63,37,28,26,0.7407407407407407,0.5873015873015873,117
2023-06-27,1020,143,73,77,38,70,39,0.5104895104895105,0.4935064935064935,111
2023-06-28,1020,101,92,73,37,9,36,0.9108910891089109,0.5068493150684932,129
2023-06-29,1020,135,73,86,43,62,43,0.5407407407407407,0.5,116
2023-06-30,1020,135,65,90,35,70,55,0.48148148148148145,0.3888888888888889,100
2023-07-01,1020,124,90,84,39,34,45,0.7258064516129032,0.4642857142857143,129
2023-07-02,1020,118,66,90,47,52,43,0.559322033898305,0.5222222222222223,113
2023-07-03,1020,120,91,79,44,29,35,0.7583333333333333,0.5569620253164557,135
2023-07-04,1020,102,68,82,40,34,42,0.6666666666666666,0.4878048780487805,108
2023-07-05,1020,133,74,93,38,59,55,0.556390977443609,0.40860215053763443,112
2023-07-06,1020,121,77,50,33,44,17,0.6363636363636364,0.66,110
2023-07-07,1020,102,85,88,32,17,56,0.8333333333333334,0.36363636363636365,117
2023-07-08,1020,112,76,92,35,36,57,0.6785714285714286,0.3804347826086957,111
2023-07-09,1020,122,80,66,32,42,34,0.6557377049180327,0.48484848484848486,112
2023-07-10,1020,110,102,85,39,8,46,0.9272727272727272,0.4588235294117647,141
2023-07-11,1020,111,64,65,39,47,26,0.5765765765765766,0.6,103
2023-07-12,1020,100,87,66,46,13,20,0.87,0.696969696969697,133
2023-07-13,1020,143,60,57,33,83,24,0.4195804195804196,0.5789473684210527,93
2023-07-14,1020,150,85,57,30,65,27,0.5666666666666667,0.5263157894736842,115
2023-07-15,1020,117,79,99,42,38,57,0.6752136752136753,0.42424242424242425,121
2023-07-16,1020,140,65,95,39,75,56,0.4642857142857143,0.4105263157894737,104
2023-07-17,1020,139,70,71,43,69,28,0.5035971223021583,0.6056338028169014,113
2023-07-18,1020,130,82,73,46,48,27,0.6307692307692307,0.6301369863013698,128
2023-07-19,1020,138,76,80,47,62,33,0.5507246376811594,0.5875,123
2023-07-20,1020,114,76,84,36,38,48,0.6666666666666666,0.42857142857142855,112
2023-07-21,1020,132,64,73,39,68,34,0.48484848484848486,0.5342465753424658,103
2023-07-22,1020,132,74,87,47,58,40,0.5606060606060606,0.5402298850574713,121
2023-07-23,1020,138,87,61,56,51,5,0.6304347826086957,0.9180327868852459,143
2023-07-24,1020,134,86,93,40,48,53,0.6417910447761194,0.43010752688172044,126
2023-07-25,1020,132,76,66,34,56,32,0.5757575757575758,0.5151515151515151,110
2023-07-26,1020,102,73,80,38,29,42,0.7156862745098039,0.475,111
2023-07-27,1020,143,79,60,51,64,9,0.5524475524475524,0.85,130
2023-07-28,1020,146,73,96,39,73,57,0.5,0.40625,112
2023-07-29,1020,116,79,97,38,37,59,0.6810344827586207,0.3917525773195876,117
2023-07-30,1020,113,62,74,32,51,42,0.5486725663716814,0.43243243243243246,94
2023-07-31,1020,126,68,84,40,58,44,0.5396825396825397,0.47619047619047616,108
2023-08-01,1020,118,80,51,35,38,16,0.6779661016949152,0.6862745098039216,115
2023-08-02,1020,113,84,99,41,29,58,0.7433628318584071,0.41414141414141414,125
2023-08-03,1020,120,82,74,30,38,44,0.6833333333333333,0.40540540540540543,112
2023-08-04,1020,117,72,94,36,45,58,0.6153846153846154,0.3829787234042553,108
2023-08-05,1020,141,86,90,41,55,49,0.6099290780141844,0.45555555555555555,127
2023-08-06,1020,142,100,55,31,42,24,0.704225352112676,0.5636363636363636,131
2023-08-07,1020,135,71,55,32,64,23,0.5259259259259259,0.5818181818181818,103
2023-08-08,1020,115,99,93,42,16,51,0.8608695652173913,0.45161290322580644,141
2023-08-09,1020,141,93,62,35,48,27,0.6595744680851063,0.5645161290322581,128
2023-08-10,1020,121,78,59,46,43,13,0.6446280991735537,0.7796610169491526,124
2023-08-11,1020,132,80,55,30,52,25,0.6060606060606061,0.5454545454545454,110
2023-08-12,1020,150,57,64,39,93,25,0.38,0.609375,96
2023-08-13,1020,108,66,98,52,42,46,0.6111111111111112,0.5306122448979592,118
2023-08-14,1020,112,81,62,29,31,33,0.7232142857142857,0.46774193548387094,110
2023-08-15,1020,138,71,76,28,67,48,0.5144927536231884,0.3684210526315789,99
2023-08-16,1020,107,68,91,43,39,48,0.6355140186915887,0.4725274725274725,111
2023-08-17,1020,132,83,91,41,49,50,0.6287878787878788,0.45054945054945056,124
2023-08-18,1020,148,90,57,48,58,9,0.6081081081081081,0.8421052631578947,138
2023-08-19,1020,145,68,89,37,77,52,0.4689655172413793,0.4157303370786517,105
2023-08-20,1020,137,67,57,38,70,19,0.48905109489051096,0.6666666666666666,105
2023-08-21,1020,129,78,93,38,51,55,0.6046511627906976,0.40860215053763443,116
2023-08-22,1020,146,70,65,42,76,23,0.4794520547945205,0.6461538461538462,112
2023-08-23,1020,123,83,55,39,40,16,0.6747967479674797,0.7090909090909091,122
2023-08-24,1020,144,87,50,50,57,0,0.6041666666666666,1,137
2023-08-25,1020,149,86,50,43,63,7,0.5771812080536913,0.86,129
2023-08-26,1020,135,77,98,41,58,57,0.5703703703703704,0.41836734693877553,118
2023-08-27,1020,103,83,56,31,20,25,0.8058252427184466,0.5535714285714286,114
2023-08-28,1020,107,79,55,28,28,27,0.7383177570093458,0.509090909090909,107
2023-08-29,1020,126,73,50,26,53,24,0.5793650793650794,0.52,99
2023-08-30,1020,105,66,66,33,39,33,0.6285714285714286,0.5,99
2023-08-31,1020,130,85,52,30,45,22,0.6538461538461539,0.5769230769230769,115
2023-09-01,1020,143,90,71,31,53,40,0.6293706293706294,0.43661971830985913,121
2023-09-02,1020,104,70,85,54,34,31,0.6730769230769231,0.6352941176470588,124
2023-09-03,1020,119,80,84,40,39,44,0.6722689075630253,0.47619047619047616,120
2023-09-04,1020,102,85,94,38,17,56,0.8333333333333334,0.40425531914893614,123
2023-09-05,1020,148,87,67,44,61,23,0.5878378378378378,0.6567164179104478,131
2023-09-06,1020,105,86,70,39,19,31,0.819047619047619,0.5571428571428572,125
2023-09-07,1020,100,58,57,34,42,23,0.58,0.5964912280701754,92
2023-09-08,1020,126,77,94,46,49,48,0.6111111111111112,0.48936170212765956,123
2023-09-09,1020,121,83,80,38,38,42,0.6859504132231405,0.475,121
2023-09-10,1020,133,80,77,46,53,31,0.6015037593984962,0.5974025974025974,126
2023-09-11,1020,136,72,56,42,64,14,0.5294117647058824,0.75,114
2023-09-12,1020,102,73,66,32,29,34,0.7156862745098039,0.48484848484848486,105
2023-09-13,1020,149,81,99,34,68,65,0.5436241610738255,0.3434343434343434,115
2023-09-14,1020,104,82,80,27,22,53,0.7884615384615384,0.3375,109
2023-09-15,1020,147,87,75,41,60,34,0.5918367346938775,0.5466666666666666,128
2023-09-16,1020,107,78,69,41,29,28,0.7289719626168224,0.5942028985507246,119
2023-09-17,1020,133,79,80,42,54,38,0.5939849624060151,0.525,121
2023-09-18,1020,139,113,77,42,26,35,0.8129496402877698,0.5454545454545454,155
2023-09-19,1020,133,78,77,42,55,35,0.5864661654135338,0.5454545454545454,120
2023-09-20,1020,141,58,88,59,83,29,0.41134751773049644,0.6704545454545454,117
2023-09-21,1020,110,59,69,48,51,21,0.5363636363636364,0.6956521739130435,107
2023-09-22,1020,110,77,88,37,33,51,0.7,0.42045454545454547,114
2023-09-23,1020,105,92,86,49,13,37,0.8761904761904762,0.5697674418604651,141
2023-09-24,1020,148,75,58,51,73,7,0.5067567567567568,0.8793103448275862,126
2023-09-25,1020,138,67,57,36,71,21,0.4855072463768116,0.631578947368421,103
2023-09-26,1020,144,73,91,44,71,47,0.5069444444444444,0.4835164835164835,117
2023-09-27,1020,130,94,67,46,36,21,0.7230769230769231,0.6865671641791045,140
2023-09-28,1020,125,61,91,54,64,37,0.488,0.5934065934065934,115
2023-09-29,1020,132,89,82,43,43,39,0.6742424242424242,0.524390243902439,132
2023-09-30,1020,144,82,91,32,62,59,0.5694444444444444,0.3516483516483517,114
2023-10-01,1020,105,67,97,39,38,58,0.638095238095238,0.4020618556701031,106
2023-10-02,1020,134,84,99,29,50,70,0.6268656716417911,0.29292929292929293,113
2023-10-03,1020,134,87,87,40,47,47,0.6492537313432836,0.45977011494252873,127
2023-10-04,1020,133,82,79,37,51,42,0.6165413533834586,0.46835443037974683,119
2023-10-05,1020,119,75,64,52,44,12,0.6302521008403361,0.8125,127
2023-10-06,1020,121,97,89,36,24,53,0.8016528925619835,0.4044943820224719,133
2023-10-07,1020,133,86,57,43,47,14,0.6466165413533834,0.7543859649122807,129
2023-10-08,1020,140,65,84,42,75,42,0.4642857142857143,0.5,107
2023-10-09,1020,150,69,83,38,81,45,0.46,0.4578313253012048,107
2023-10-10,1020,132,77,77,35,55,42,0.5833333333333334,0.45454545454545453,112
2023-10-11,1020,136,75,70,53,61,17,0.5514705882352942,0.7571428571428571,128
2023-10-12,1020,113,70,85,31,43,54,0.6194690265486725,0.36470588235294116,101
2023-10-13,1020,116,83,57,46,33,11,0.7155172413793104,0.8070175438596491,129
2023-10-14,1020,114,87,63,38,27,25,0.7631578947368421,0.6031746031746031,125
2023-10-15,1020,133,73,75,31,60,44,0.5488721804511278,0.41333333333333333,104
2023-10-16,1020,109,71,72,35,38,37,0.6513761467889908,0.4861111111111111,106
2023-10-17,1020,126,95,53,31,31,22,0.753968253968254,0.5849056603773585,126
2023-10-18,1020,127,67,59,44,60,15,0.5275590551181102,0.7457627118644068,111
2023-10-19,1020,110,82,94,48,28,46,0.7454545454545455,0.5106382978723404,130
2023-10-20,1020,105,68,61,35,37,26,0.6476190476190476,0.5737704918032787,103
2023-10-21,1020,104,81,61,40,23,21,0.7788461538461539,0.6557377049180327,121
2023-10-22,1020,145,94,67,38,51,29,0.6482758620689655,0.5671641791044776,132
2023-10-23,1020,144,89,51,37,55,14,0.6180555555555556,0.7254901960784313,126
2023-10-24,1020,116,73,81,39,43,42,0.6293103448275862,0.48148148148148145,112
2023-10-25,1020,133,81,73,40,52,33,0.6090225563909775,0.547945205479452,121
2023-10-26,1020,130,73,76,33,57,43,0.5615384615384615,0.4342105263157895,106
2023-10-27,1020,122,76,67,44,46,23,0.6229508196721312,0.6567164179104478,120
2023-10-28,1020,134,93,50,38,41,12,0.6940298507462687,0.76,131
2023-10-29,1020,128,72,84,43,56,41,0.5625,0.5119047619047619,115
2023-10-30,1020,118,87,99,38,31,61,0.7372881355932204,0.3838383838383838,125
2023-10-31,1020,128,107,85,46,21,39,0.8359375,0.5411764705882353,153
2023-11-01,1020,143,89,56,52,54,4,0.6223776223776224,0.9285714285714286,141
2023-11-02,1020,100,90,73,38,10,35,0.9,0.5205479452054794,128
2023-11-03,1020,118,68,93,41,50,52,0.576271186440678,0.44086021505376344,109
2023-11-04,1020,116,89,58,35,27,23,0.7672413793103449,0.603448275862069,124
2023-11-05,1020,122,82,50,42,40,8,0.6721311475409836,0.84,124
2023-11-06,1020,144,70,99,39,74,60,0.4861111111111111,0.3939393939393939,109
2023-11-07,1020,122,84,54,43,38,11,0.6885245901639344,0.7962962962962963,127
2023-11-08,1020,139,83,62,39,56,23,0.5971223021582733,0.6290322580645161,122
2023-11-09,1020,126,83,51,45,43,6,0.6587301587301587,0.8823529411764706,128
2023-11-10,1020,111,78,94,49,33,45,0.7027027027027027,0.5212765957446809,127
2023-11-11,1020,150,75,61,43,75,18,0.5,0.7049180327868853,118
2023-11-12,1020,134,82,76,36,52,40,0.6119402985074627,0.47368421052631576,118
2023-11-13,1020,114,75,64,38,39,26,0.6578947368421053,0.59375,113
2023-11-14,1020,135,78,77,35,57,42,0.5777777777777777,0.45454545454545453,113
2023-11-15,1020,134,85,94,39,49,55,0.6343283582089553,0.4148936170212766,124
2023-11-16,1020,120,94,78,41,26,37,0.7833333333333333,0.5256410256410257,135
2023-11-17,1020,117,85,89,38,32,51,0.7264957264957265,0.42696629213483145,123
2023-11-18,1020,137,82,85,47,55,38,0.5985401459854015,0.5529411764705883,129
2023-11-19,1020,125,69,74,32,56,42,0.552,0.43243243243243246,101
2023-11-20,1020,127,103,81,41,24,40,0.8110236220472441,0.5061728395061729,144
2023-11-21,1020,115,80,83,38,35,45,0.6956521739130435,0.4578313253012048,118
2023-11-22,1020,102,72,86,49,30,37,0.7058823529411765,0.5697674418604651,121
2023-11-23,1020,106,82,73,45,24,28,0.7735849056603774,0.6164383561643836,127
2023-11-24,1020,140,81,56,32,59,24,0.5785714285714286,0.5714285714285714,113
2023-11-25,1020,133,85,52,34,48,18,0.6390977443609023,0.6538461538461539,119
2023-11-26,1020,147,79,74,39,68,35,0.5374149659863946,0.527027027027027,118
2023-11-27,1020,111,71,87,43,40,44,0.6396396396396397,0.4942528735632184,114
2023-11-28,1020,109,83,89,42,26,47,0.7614678899082569,0.47191011235955055,125
2023-11-29,1020,114,72,59,47,42,12,0.631578947368421,0.7966101694915254,119
2023-11-30,1020,111,77,68,40,34,28,0.6936936936936937,0.5882352941176471,117
2023-12-01,1020,147,85,89,39,62,50,0.5782312925170068,0.43820224719101125,124
2023-12-02,1020,139,91,51,39,48,12,0.6546762589928058,0.7647058823529411,130
2023-12-03,1020,113,92,76,44,21,32,0.8141592920353983,0.5789473684210527,136
2023-12-04,1020,118,74,93,32,44,61,0.6271186440677966,0.34408602150537637,106
2023-12-05,1020,132,86,79,47,46,32,0.6515151515151515,0.5949367088607594,133
2023-12-06,1020,102,87,80,47,15,33,0.8529411764705882,0.5875,134
2023-12-07,1020,103,92,83,36,11,47,0.8932038834951457,0.43373493975903615,128
2023-12-08,1020,134,84,100,49,50,51,0.6268656716417911,0.49,133
2023-12-09,1020,110,100,88,42,10,46,0.9090909090909091,0.4772727272727273,142
2023-12-10,1020,134,73,65,41,61,24,0.5447761194029851,0.6307692307692307,114
2023-12-11,1020,143,70,87,41,73,46,0.48951048951048953,0.47126436781609193,111
2023-12-12,1020,100,86,88,37,14,51,0.86,0.42045454545454547,123
2023-12-13,1020,108,82,78,43,26,35,0.7592592592592593,0.5512820512820513,125
2023-12-14,1020,106,89,52,32,17,20,0.839622641509434,0.6153846153846154,121
2023-12-15,1020,110,77,66,40,33,26,0.7,0.6060606060606061,117
2023-12-16,1020,135,68,72,39,67,33,0.5037037037037037,0.5416666666666666,107
2023-12-17,1020,110,68,96,43,42,53,0.6181818181818182,0.4479166666666667,111
2023-12-18,1020,123,74,59,29,49,30,0.6016260162601627,0.4915254237288136,103
2023-12-19,1020,129,80,56,32,49,24,0.6201550387596899,0.5714285714285714,112
2023-12-20,1020,147,71,70,35,76,35,0.48299319727891155,0.5,106
2023-12-21,1020,147,92,85,38,55,47,0.6258503401360545,0.4470588235294118,130
2023-12-22,1020,147,70,82,43,77,39,0.47619047619047616,0.524390243902439,113
2023-12-23,1020,112,87,86,43,25,43,0.7767857142857143,0.5,130
2023-12-24,1020,130,73,92,30,57,62,0.5615384615384615,0.32608695652173914,103
2023-12-25,1020,112,83,72,47,29,25,0.7410714285714286,0.6527777777777778,130
2023-12-26,1020,111,87,74,37,24,37,0.7837837837837838,0.5,124
2023-12-27,1020,132,77,74,38,55,36,0.5833333333333334,0.5135135135135135,115
2023-12-28,1020,129,80,68,31,49,37,0.6201550387596899,0.45588235294117646,111
2023-12-29,1020,143,80,87,44,63,43,0.5594405594405595,0.5057471264367817,124
2023-12-30,1020,148,79,69,40,69,29,0.5337837837837838,0.5797101449275363,119
2023-12-31,1020,150,76,80,32,74,48,0.5066666666666667,0.4,108
2023-01-01,1021,142,64,71,40,78,31,0.4507042253521127,0.5633802816901409,104
2023-01-02,1021,118,69,55,33,49,22,0.5847457627118644,0.6,102
2023-01-03,1021,112,86,98,41,26,57,0.7678571428571429,0.41836734693877553,127
2023-01-04,1021,139,73,51,49,66,2,0.5251798561151079,0.9607843137254902,122
2023-01-05,1021,118,92,73,39,26,34,0.7796610169491526,0.5342465753424658,131
2023-01-06,1021,134,59,54,47,75,7,0.44029850746268656,0.8703703703703703,106
2023-01-07,1021,144,80,69,38,64,31,0.5555555555555556,0.5507246376811594,118
2023-01-08,1021,117,69,93,48,48,45,0.5897435897435898,0.5161290322580645,117
2023-01-09,1021,131,84,71,37,47,34,0.6412213740458015,0.5211267605633803,121
2023-01-10,1021,146,89,95,38,57,57,0.6095890410958904,0.4,127
2023-01-11,1021,115,72,87,40,43,47,0.6260869565217392,0.45977011494252873,112
2023-01-12,1021,138,77,99,43,61,56,0.5579710144927537,0.43434343434343436,120
2023-01-13,1021,125,82,80,37,43,43,0.656,0.4625,119
2023-01-14,1021,123,86,99,40,37,59,0.6991869918699187,0.40404040404040403,126
2023-01-15,1021,133,71,71,36,62,35,0.5338345864661654,0.5070422535211268,107
2023-01-16,1021,121,73,66,32,48,34,0.6033057851239669,0.48484848484848486,105
2023-01-17,1021,107,89,97,39,18,58,0.8317757009345794,0.4020618556701031,128
2023-01-18,1021,117,72,59,35,45,24,0.6153846153846154,0.5932203389830508,107
2023-01-19,1021,107,83,71,33,24,38,0.7757009345794392,0.4647887323943662,116
2023-01-20,1021,146,74,70,30,72,40,0.5068493150684932,0.42857142857142855,104
2023-01-21,1021,131,76,82,34,55,48,0.5801526717557252,0.4146341463414634,110
2023-01-22,1021,108,79,78,41,29,37,0.7314814814814815,0.5256410256410257,120
2023-01-23,1021,132,85,94,45,47,49,0.6439393939393939,0.4787234042553192,130
2023-01-24,1021,118,82,54,47,36,7,0.6949152542372882,0.8703703703703703,129
2023-01-25,1021,145,71,65,44,74,21,0.4896551724137931,0.676923076923077,115
2023-01-26,1021,102,85,80,38,17,42,0.8333333333333334,0.475,123
2023-01-27,1021,148,71,84,54,77,30,0.4797297297297297,0.6428571428571429,125
2023-01-28,1021,111,88,90,42,23,48,0.7927927927927928,0.4666666666666667,130
2023-01-29,1021,105,80,70,44,25,26,0.7619047619047619,0.6285714285714286,124
2023-01-30,1021,110,72,93,44,38,49,0.6545454545454545,0.4731182795698925,116
2023-01-31,1021,112,85,80,26,27,54,0.7589285714285714,0.325,111
2023-02-01,1021,129,73,54,37,56,17,0.5658914728682171,0.6851851851851852,110
2023-02-02,1021,134,80,51,44,54,7,0.5970149253731343,0.8627450980392157,124
2023-02-03,1021,112,89,98,44,23,54,0.7946428571428571,0.4489795918367347,133
2023-02-04,1021,144,82,71,44,62,27,0.5694444444444444,0.6197183098591549,126
2023-02-05,1021,148,54,100,32,94,68,0.36486486486486486,0.32,86
2023-02-06,1021,111,66,78,38,45,40,0.5945945945945946,0.48717948717948717,104
2023-02-07,1021,106,74,63,39,32,24,0.6981132075471698,0.6190476190476191,113
2023-02-08,1021,137,93,67,32,44,35,0.6788321167883211,0.47761194029850745,125
2023-02-09,1021,101,78,79,55,23,24,0.7722772277227723,0.6962025316455697,133
2023-02-10,1021,141,64,59,51,77,8,0.45390070921985815,0.864406779661017,115
2023-02-11,1021,101,71,53,42,30,11,0.7029702970297029,0.7924528301886793,113
2023-02-12,1021,130,76,68,40,54,28,0.5846153846153846,0.5882352941176471,116
2023-02-13,1021,100,86,83,37,14,46,0.86,0.4457831325301205,123
2023-02-14,1021,139,77,92,55,62,37,0.5539568345323741,0.5978260869565217,132
2023-02-15,1021,134,79,91,50,55,41,0.5895522388059702,0.5494505494505495,129
2023-02-16,1021,105,70,81,32,35,49,0.6666666666666666,0.3950617283950617,102
2023-02-17,1021,133,67,98,34,66,64,0.5037593984962406,0.3469387755102041,101
2023-02-18,1021,103,72,53,53,31,0,0.6990291262135923,1,125
2023-02-19,1021,138,102,66,39,36,27,0.7391304347826086,0.5909090909090909,141
2023-02-20,1021,127,85,100,39,42,61,0.6692913385826772,0.39,124
2023-02-21,1021,112,82,75,47,30,28,0.7321428571428571,0.6266666666666667,129
2023-02-22,1021,119,76,58,44,43,14,0.6386554621848739,0.7586206896551724,120
2023-02-23,1021,118,71,56,33,47,23,0.6016949152542372,0.5892857142857143,104
2023-02-24,1021,116,88,85,38,28,47,0.7586206896551724,0.4470588235294118,126
2023-02-25,1021,120,83,90,34,37,56,0.6916666666666667,0.37777777777777777,117
2023-02-26,1021,129,87,63,52,42,11,0.6744186046511628,0.8253968253968254,139
2023-02-27,1021,135,76,79,45,59,34,0.562962962962963,0.569620253164557,121
2023-02-28,1021,147,74,55,32,73,23,0.5034013605442177,0.5818181818181818,106
2023-03-01,1021,148,83,91,51,65,40,0.5608108108108109,0.5604395604395604,134
2023-03-02,1021,138,88,94,40,50,54,0.6376811594202898,0.425531914893617,128
2023-03-03,1021,121,87,87,41,34,46,0.71900826446281,0.47126436781609193,128
2023-03-04,1021,124,82,78,38,42,40,0.6612903225806451,0.48717948717948717,120
2023-03-05,1021,144,87,98,38,57,60,0.6041666666666666,0.3877551020408163,125
2023-03-06,1021,125,99,66,38,26,28,0.792,0.5757575757575758,137
2023-03-07,1021,150,81,73,44,69,29,0.54,0.6027397260273972,125
2023-03-08,1021,116,76,100,33,40,67,0.6551724137931034,0.33,109
2023-03-09,1021,148,84,66,39,64,27,0.5675675675675675,0.5909090909090909,123
2023-03-10,1021,144,86,76,44,58,32,0.5972222222222222,0.5789473684210527,130
2023-03-11,1021,123,86,68,33,37,35,0.6991869918699187,0.4852941176470588,119
2023-03-12,1021,114,96,92,33,18,59,0.8421052631578947,0.358695652173913,129
2023-03-13,1021,137,92,87,45,45,42,0.6715328467153284,0.5172413793103449,137
2023-03-14,1021,110,93,68,53,17,15,0.8454545454545455,0.7794117647058824,146
2023-03-15,1021,135,73,69,24,62,45,0.5407407407407407,0.34782608695652173,97
2023-03-16,1021,101,94,95,36,7,59,0.9306930693069307,0.37894736842105264,130
2023-03-17,1021,121,82,77,35,39,42,0.6776859504132231,0.45454545454545453,117
2023-03-18,1021,138,78,70,45,60,25,0.5652173913043478,0.6428571428571429,123
2023-03-19,1021,147,83,76,41,64,35,0.564625850340136,0.5394736842105263,124
2023-03-20,1021,107,75,52,33,32,19,0.7009345794392523,0.6346153846153846,108
2023-03-21,1021,141,92,81,31,49,50,0.6524822695035462,0.38271604938271603,123
2023-03-22,1021,105,73,72,34,32,38,0.6952380952380952,0.4722222222222222,107
2023-03-23,1021,140,82,59,42,58,17,0.5857142857142857,0.711864406779661,124
2023-03-24,1021,129,72,85,40,57,45,0.5581395348837209,0.47058823529411764,112
2023-03-25,1021,144,94,58,50,50,8,0.6527777777777778,0.8620689655172413,144
2023-03-26,1021,147,77,81,34,70,47,0.5238095238095238,0.41975308641975306,111
2023-03-27,1021,146,74,59,48,72,11,0.5068493150684932,0.8135593220338984,122
2023-03-28,1021,121,81,59,30,40,29,0.6694214876033058,0.5084745762711864,111
2023-03-29,1021,106,82,71,40,24,31,0.7735849056603774,0.5633802816901409,122
2023-03-30,1021,112,75,97,53,37,44,0.6696428571428571,0.5463917525773195,128
2023-03-31,1021,134,73,64,33,61,31,0.5447761194029851,0.515625,106
2023-04-01,1021,149,81,50,41,68,9,0.5436241610738255,0.82,122
2023-04-02,1021,117,75,50,50,42,0,0.6410256410256411,1,125
2023-04-03,1021,124,77,82,50,47,32,0.6209677419354839,0.6097560975609756,127
2023-04-04,1021,116,68,86,55,48,31,0.5862068965517241,0.6395348837209303,123
2023-04-05,1021,124,59,60,55,65,5,0.47580645161290325,0.9166666666666666,114
2023-04-06,1021,124,72,67,53,52,14,0.5806451612903226,0.7910447761194029,125
2023-04-07,1021,106,81,63,42,25,21,0.7641509433962265,0.6666666666666666,123
2023-04-08,1021,136,74,87,27,62,60,0.5441176470588235,0.3103448275862069,101
2023-04-09,1021,112,76,85,49,36,36,0.6785714285714286,0.5764705882352941,125
2023-04-10,1021,100,80,69,45,20,24,0.8,0.6521739130434783,125
2023-04-11,1021,138,66,51,50,72,1,0.4782608695652174,0.9803921568627451,116
2023-04-12,1021,126,81,64,39,45,25,0.6428571428571429,0.609375,120
2023-04-13,1021,134,75,72,42,59,30,0.5597014925373134,0.5833333333333334,117
2023-04-14,1021,106,97,82,29,9,53,0.9150943396226415,0.35365853658536583,126
2023-04-15,1021,119,76,65,51,43,14,0.6386554621848739,0.7846153846153846,127
2023-04-16,1021,102,79,74,37,23,37,0.7745098039215687,0.5,116
2023-04-17,1021,109,89,100,43,20,57,0.8165137614678899,0.43,132
2023-04-18,1021,124,78,84,37,46,47,0.6290322580645161,0.44047619047619047,115
2023-04-19,1021,125,68,61,26,57,35,0.544,0.4262295081967213,94
2023-04-20,1021,122,100,94,32,22,62,0.819672131147541,0.3404255319148936,132
2023-04-21,1021,139,90,53,43,49,10,0.6474820143884892,0.8113207547169812,133
2023-04-22,1021,142,98,69,50,44,19,0.6901408450704225,0.7246376811594203,148
2023-04-23,1021,100,62,80,35,38,45,0.62,0.4375,97
2023-04-24,1021,100,79,69,45,21,24,0.79,0.6521739130434783,124
2023-04-25,1021,125,80,61,43,45,18,0.64,0.7049180327868853,123
2023-04-26,1021,104,59,100,33,45,67,0.5673076923076923,0.33,92
2023-04-27,1021,104,82,72,39,22,33,0.7884615384615384,0.5416666666666666,121
2023-04-28,1021,129,89,89,49,40,40,0.689922480620155,0.550561797752809,138
2023-04-29,1021,124,82,53,37,42,16,0.6612903225806451,0.6981132075471698,119
2023-04-30,1021,108,73,100,46,35,54,0.6759259259259259,0.46,119
2023-05-01,1021,127,72,98,33,55,65,0.5669291338582677,0.336734693877551,105
2023-05-02,1021,110,76,75,41,34,34,0.6909090909090909,0.5466666666666666,117
2023-05-03,1021,147,92,99,47,55,52,0.6258503401360545,0.47474747474747475,139
2023-05-04,1021,144,79,86,28,65,58,0.5486111111111112,0.32558139534883723,107
2023-05-05,1021,114,76,79,38,38,41,0.6666666666666666,0.4810126582278481,114
2023-05-06,1021,107,73,62,34,34,28,0.6822429906542056,0.5483870967741935,107
2023-05-07,1021,145,88,90,39,57,51,0.6068965517241379,0.43333333333333335,127
2023-05-08,1021,144,81,66,42,63,24,0.5625,0.6363636363636364,123
2023-05-09,1021,122,73,68,42,49,26,0.5983606557377049,0.6176470588235294,115
2023-05-10,1021,146,78,78,41,68,37,0.5342465753424658,0.5256410256410257,119
2023-05-11,1021,131,90,91,42,41,49,0.6870229007633588,0.46153846153846156,132
2023-05-12,1021,100,76,97,32,24,65,0.76,0.32989690721649484,108
2023-05-13,1021,143,70,62,31,73,31,0.48951048951048953,0.5,101
2023-05-14,1021,125,86,70,40,39,30,0.688,0.5714285714285714,126
2023-05-15,1021,142,75,97,49,67,48,0.528169014084507,0.5051546391752577,124
2023-05-16,1021,106,70,97,33,36,64,0.660377358490566,0.3402061855670103,103
2023-05-17,1021,144,67,58,39,77,19,0.4652777777777778,0.6724137931034483,106
2023-05-18,1021,122,82,61,49,40,12,0.6721311475409836,0.8032786885245902,131
2023-05-19,1021,136,92,73,36,44,37,0.6764705882352942,0.4931506849315068,128
2023-05-20,1021,100,72,92,38,28,54,0.72,0.41304347826086957,110
2023-05-21,1021,137,69,92,25,68,67,0.5036496350364964,0.2717391304347826,94
2023-05-22,1021,102,64,65,33,38,32,0.6274509803921569,0.5076923076923077,97
2023-05-23,1021,150,83,58,56,67,2,0.5533333333333333,0.9655172413793104,139
2023-05-24,1021,137,74,57,42,63,15,0.5401459854014599,0.7368421052631579,116
2023-05-25,1021,100,68,67,49,32,18,0.68,0.7313432835820896,117
2023-05-26,1021,122,79,80,37,43,43,0.6475409836065574,0.4625,116
2023-05-27,1021,125,84,63,33,41,30,0.672,0.5238095238095238,117
2023-05-28,1021,140,70,87,41,70,46,0.5,0.47126436781609193,111
2023-05-29,1021,127,87,62,37,40,25,0.6850393700787402,0.5967741935483871,124
2023-05-30,1021,125,99,75,38,26,37,0.792,0.5066666666666667,137
2023-05-31,1021,103,86,98,33,17,65,0.8349514563106796,0.336734693877551,119
2023-06-01,1021,146,75,67,45,71,22,0.5136986301369864,0.6716417910447762,120
2023-06-02,1021,116,88,97,39,28,58,0.7586206896551724,0.4020618556701031,127
2023-06-03,1021,112,80,98,46,32,52,0.7142857142857143,0.46938775510204084,126
2023-06-04,1021,132,82,54,35,50,19,0.6212121212121212,0.6481481481481481,117
2023-06-05,1021,147,82,79,52,65,27,0.5578231292517006,0.6582278481012658,134
2023-06-06,1021,127,68,91,38,59,53,0.5354330708661418,0.4175824175824176,106
2023-06-07,1021,143,73,73,40,70,33,0.5104895104895105,0.547945205479452,113
2023-06-08,1021,136,74,80,34,62,46,0.5441176470588235,0.425,108
2023-06-09,1021,137,95,70,48,42,22,0.6934306569343066,0.6857142857142857,143
2023-06-10,1021,138,81,75,41,57,34,0.5869565217391305,0.5466666666666666,122
2023-06-11,1021,138,65,86,41,73,45,0.47101449275362317,0.47674418604651164,106
2023-06-12,1021,117,84,99,39,33,60,0.717948717948718,0.3939393939393939,123
2023-06-13,1021,131,79,82,42,52,40,0.6030534351145038,0.5121951219512195,121
2023-06-14,1021,119,93,74,30,26,44,0.7815126050420168,0.40540540540540543,123
2023-06-15,1021,147,65,63,35,82,28,0.4421768707482993,0.5555555555555556,100
2023-06-16,1021,110,82,97,45,28,52,0.7454545454545455,0.4639175257731959,127
2023-06-17,1021,118,67,81,35,51,46,0.5677966101694916,0.43209876543209874,102
2023-06-18,1021,133,72,52,39,61,13,0.5413533834586466,0.75,111
2023-06-19,1021,114,85,51,41,29,10,0.7456140350877193,0.803921568627451,126
2023-06-20,1021,137,80,90,39,57,51,0.583941605839416,0.43333333333333335,119
2023-06-21,1021,115,69,81,32,46,49,0.6,0.3950617283950617,101
2023-06-22,1021,127,62,97,46,65,51,0.4881889763779528,0.4742268041237113,108
2023-06-23,1021,103,84,59,39,19,20,0.8155339805825242,0.6610169491525424,123
2023-06-24,1021,136,71,85,41,65,44,0.5220588235294118,0.4823529411764706,112
2023-06-25,1021,130,81,85,50,49,35,0.6230769230769231,0.5882352941176471,131
2023-06-26,1021,102,80,92,42,22,50,0.7843137254901961,0.45652173913043476,122
2023-06-27,1021,106,79,64,47,27,17,0.7452830188679245,0.734375,126
2023-06-28,1021,124,71,65,28,53,37,0.5725806451612904,0.4307692307692308,99
2023-06-29,1021,120,110,88,42,10,46,0.9166666666666666,0.4772727272727273,152
2023-06-30,1021,149,73,69,48,76,21,0.4899328859060403,0.6956521739130435,121
2023-07-01,1021,122,73,50,36,49,14,0.5983606557377049,0.72,109
2023-07-02,1021,127,78,53,42,49,11,0.6141732283464567,0.7924528301886793,120
2023-07-03,1021,131,64,90,31,67,59,0.48854961832061067,0.34444444444444444,95
2023-07-04,1021,104,79,67,41,25,26,0.7596153846153846,0.6119402985074627,120
2023-07-05,1021,117,67,100,40,50,60,0.5726495726495726,0.4,107
2023-07-06,1021,124,77,60,38,47,22,0.6209677419354839,0.6333333333333333,115
2023-07-07,1021,128,81,56,42,47,14,0.6328125,0.75,123
2023-07-08,1021,123,60,60,49,63,11,0.4878048780487805,0.8166666666666667,109
2023-07-09,1021,132,71,75,39,61,36,0.5378787878787878,0.52,110
2023-07-10,1021,140,84,51,32,56,19,0.6,0.6274509803921569,116
2023-07-11,1021,116,89,78,38,27,40,0.7672413793103449,0.48717948717948717,127
2023-07-12,1021,150,83,95,51,67,44,0.5533333333333333,0.5368421052631579,134
2023-07-13,1021,112,88,73,36,24,37,0.7857142857142857,0.4931506849315068,124
2023-07-14,1021,127,77,64,36,50,28,0.6062992125984252,0.5625,113
2023-07-15,1021,108,87,98,35,21,63,0.8055555555555556,0.35714285714285715,122
2023-07-16,1021,146,83,71,47,63,24,0.5684931506849316,0.6619718309859155,130
2023-07-17,1021,128,76,96,35,52,61,0.59375,0.3645833333333333,111
2023-07-18,1021,134,84,98,35,50,63,0.6268656716417911,0.35714285714285715,119
2023-07-19,1021,118,78,57,34,40,23,0.6610169491525424,0.5964912280701754,112
2023-07-20,1021,120,81,64,39,39,25,0.675,0.609375,120
2023-07-21,1021,149,85,94,31,64,63,0.5704697986577181,0.32978723404255317,116
2023-07-22,1021,101,64,51,45,37,6,0.6336633663366337,0.8823529411764706,109
2023-07-23,1021,120,71,94,45,49,49,0.5916666666666667,0.4787234042553192,116
2023-07-24,1021,122,71,61,46,51,15,0.5819672131147541,0.7540983606557377,117
2023-07-25,1021,102,70,97,38,32,59,0.6862745098039216,0.3917525773195876,108
2023-07-26,1021,137,70,100,40,67,60,0.5109489051094891,0.4,110
2023-07-27,1021,106,95,87,47,11,40,0.8962264150943396,0.5402298850574713,142
2023-07-28,1021,134,103,67,36,31,31,0.7686567164179104,0.5373134328358209,139
2023-07-29,1021,110,67,88,60,43,28,0.6090909090909091,0.6818181818181818,127
2023-07-30,1021,147,106,97,52,41,45,0.7210884353741497,0.5360824742268041,158
2023-07-31,1021,115,96,95,45,19,50,0.8347826086956521,0.47368421052631576,141
2023-08-01,1021,122,81,76,40,41,36,0.6639344262295082,0.5263157894736842,121
2023-08-02,1021,148,82,65,42,66,23,0.5540540540540541,0.6461538461538462,124
2023-08-03,1021,103,74,70,43,29,27,0.7184466019417476,0.6142857142857143,117
2023-08-04,1021,105,90,92,42,15,50,0.8571428571428571,0.45652173913043476,132
2023-08-05,1021,147,73,71,43,74,28,0.4965986394557823,0.6056338028169014,116
2023-08-06,1021,113,69,85,40,44,45,0.6106194690265486,0.47058823529411764,109
2023-08-07,1021,105,91,73,39,14,34,0.8666666666666667,0.5342465753424658,130
2023-08-08,1021,106,85,73,34,21,39,0.8018867924528302,0.4657534246575342,119
2023-08-09,1021,118,69,72,39,49,33,0.5847457627118644,0.5416666666666666,108
2023-08-10,1021,127,85,53,40,42,13,0.6692913385826772,0.7547169811320755,125
2023-08-11,1021,150,93,59,44,57,15,0.62,0.7457627118644068,137
2023-08-12,1021,130,79,99,40,51,59,0.6076923076923076,0.40404040404040403,119
2023-08-13,1021,146,95,72,31,51,41,0.6506849315068494,0.4305555555555556,126
2023-08-14,1021,143,77,90,38,66,52,0.5384615384615384,0.4222222222222222,115
2023-08-15,1021,113,89,68,44,24,24,0.7876106194690266,0.6470588235294118,133
2023-08-16,1021,149,83,85,40,66,45,0.5570469798657718,0.47058823529411764,123
2023-08-17,1021,150,80,99,40,70,59,0.5333333333333333,0.40404040404040403,120
2023-08-18,1021,136,70,89,46,66,43,0.5147058823529411,0.5168539325842697,116
2023-08-19,1021,107,76,56,35,31,21,0.7102803738317757,0.625,111
2023-08-20,1021,126,80,94,38,46,56,0.6349206349206349,0.40425531914893614,118
2023-08-21,1021,100,82,73,41,18,32,0.82,0.5616438356164384,123
2023-08-22,1021,125,102,87,36,23,51,0.816,0.41379310344827586,138
2023-08-23,1021,146,83,86,31,63,55,0.5684931506849316,0.36046511627906974,114
2023-08-24,1021,111,90,53,31,21,22,0.8108108108108109,0.5849056603773585,121
2023-08-25,1021,140,80,75,42,60,33,0.5714285714285714,0.56,122
2023-08-26,1021,130,93,58,46,37,12,0.7153846153846154,0.7931034482758621,139
2023-08-27,1021,142,76,66,36,66,30,0.5352112676056338,0.5454545454545454,112
2023-08-28,1021,110,69,50,49,41,1,0.6272727272727273,0.98,118
2023-08-29,1021,121,75,59,38,46,21,0.6198347107438017,0.6440677966101694,113
2023-08-30,1021,122,93,63,42,29,21,0.7622950819672131,0.6666666666666666,135
2023-08-31,1021,124,83,99,25,41,74,0.6693548387096774,0.25252525252525254,108
2023-09-01,1021,139,88,51,40,51,11,0.6330935251798561,0.7843137254901961,128
2023-09-02,1021,107,88,90,40,19,50,0.822429906542056,0.4444444444444444,128
2023-09-03,1021,116,80,71,55,36,16,0.6896551724137931,0.7746478873239436,135
2023-09-04,1021,134,99,62,44,35,18,0.7388059701492538,0.7096774193548387,143
2023-09-05,1021,126,93,70,38,33,32,0.7380952380952381,0.5428571428571428,131
2023-09-06,1021,136,79,79,41,57,38,0.5808823529411765,0.5189873417721519,120
2023-09-07,1021,130,65,94,41,65,53,0.5,0.43617021276595747,106
2023-09-08,1021,114,88,53,37,26,16,0.7719298245614035,0.6981132075471698,125
2023-09-09,1021,129,82,100,29,47,71,0.6356589147286822,0.29,111
2023-09-10,1021,117,74,67,36,43,31,0.6324786324786325,0.5373134328358209,110
2023-09-11,1021,104,72,64,40,32,24,0.6923076923076923,0.625,112
2023-09-12,1021,130,80,77,49,50,28,0.6153846153846154,0.6363636363636364,129
2023-09-13,1021,147,86,83,30,61,53,0.5850340136054422,0.3614457831325301,116
2023-09-14,1021,141,78,50,33,63,17,0.5531914893617021,0.66,111
2023-09-15,1021,109,71,76,41,38,35,0.6513761467889908,0.5394736842105263,112
2023-09-16,1021,136,74,92,40,62,52,0.5441176470588235,0.43478260869565216,114
2023-09-17,1021,129,81,89,43,48,46,0.627906976744186,0.48314606741573035,124
2023-09-18,1021,123,98,91,56,25,35,0.7967479674796748,0.6153846153846154,154
2023-09-19,1021,104,65,58,44,39,14,0.625,0.7586206896551724,109
2023-09-20,1021,131,77,57,49,54,8,0.5877862595419847,0.8596491228070176,126
2023-09-21,1021,139,66,95,37,73,58,0.4748201438848921,0.3894736842105263,103
2023-09-22,1021,118,81,61,44,37,17,0.6864406779661016,0.7213114754098361,125
2023-09-23,1021,146,62,95,45,84,50,0.4246575342465753,0.47368421052631576,107
2023-09-24,1021,117,76,95,45,41,50,0.6495726495726496,0.47368421052631576,121
2023-09-25,1021,128,73,90,31,55,59,0.5703125,0.34444444444444444,104
2023-09-26,1021,125,75,55,27,50,28,0.6,0.4909090909090909,102
2023-09-27,1021,138,85,87,43,53,44,0.6159420289855072,0.4942528735632184,128
2023-09-28,1021,128,106,76,51,22,25,0.828125,0.6710526315789473,157
2023-09-29,1021,124,63,84,38,61,46,0.5080645161290323,0.4523809523809524,101
2023-09-30,1021,111,93,59,32,18,27,0.8378378378378378,0.5423728813559322,125
2023-10-01,1021,146,65,96,41,81,55,0.4452054794520548,0.4270833333333333,106
2023-10-02,1021,135,80,95,39,55,56,0.5925925925925926,0.4105263157894737,119
2023-10-03,1021,148,65,58,39,83,19,0.4391891891891892,0.6724137931034483,104
2023-10-04,1021,148,59,96,34,89,62,0.39864864864864863,0.3541666666666667,93
2023-10-05,1021,117,80,76,29,37,47,0.6837606837606838,0.3815789473684211,109
2023-10-06,1021,148,82,87,39,66,48,0.5540540540540541,0.4482758620689655,121
2023-10-07,1021,113,86,69,40,27,29,0.7610619469026548,0.5797101449275363,126
2023-10-08,1021,121,83,83,42,38,41,0.6859504132231405,0.5060240963855421,125
2023-10-09,1021,101,87,77,34,14,43,0.8613861386138614,0.44155844155844154,121
2023-10-10,1021,115,80,76,34,35,42,0.6956521739130435,0.4473684210526316,114
2023-10-11,1021,140,88,97,29,52,68,0.6285714285714286,0.29896907216494845,117
2023-10-12,1021,140,79,69,36,61,33,0.5642857142857143,0.5217391304347826,115
2023-10-13,1021,142,77,79,33,65,46,0.5422535211267606,0.4177215189873418,110
2023-10-14,1021,134,94,50,44,40,6,0.7014925373134329,0.88,138
2023-10-15,1021,111,100,77,36,11,41,0.9009009009009009,0.4675324675324675,136
2023-10-16,1021,146,77,91,51,69,40,0.5273972602739726,0.5604395604395604,128
2023-10-17,1021,105,76,79,40,29,39,0.7238095238095238,0.5063291139240507,116
2023-10-18,1021,142,75,68,41,67,27,0.528169014084507,0.6029411764705882,116
2023-10-19,1021,114,90,63,29,24,34,0.7894736842105263,0.4603174603174603,119
2023-10-20,1021,115,86,59,36,29,23,0.7478260869565218,0.6101694915254238,122
2023-10-21,1021,128,90,86,21,38,65,0.703125,0.2441860465116279,111
2023-10-22,1021,135,82,91,36,53,55,0.6074074074074074,0.3956043956043956,118
2023-10-23,1021,148,94,79,44,54,35,0.6351351351351351,0.5569620253164557,138
2023-10-24,1021,125,92,86,40,33,46,0.736,0.46511627906976744,132
2023-10-25,1021,132,72,59,42,60,17,0.5454545454545454,0.711864406779661,114
2023-10-26,1021,144,99,50,46,45,4,0.6875,0.92,145
2023-10-27,1021,122,89,92,44,33,48,0.7295081967213115,0.4782608695652174,133
2023-10-28,1021,133,76,55,55,57,0,0.5714285714285714,1,131
2023-10-29,1021,100,85,65,39,15,26,0.85,0.6,124
2023-10-30,1021,145,84,59,31,61,28,0.5793103448275863,0.5254237288135594,115
2023-10-31,1021,124,74,81,47,50,34,0.5967741935483871,0.5802469135802469,121
2023-11-01,1021,132,86,66,36,46,30,0.6515151515151515,0.5454545454545454,122
2023-11-02,1021,142,97,86,45,45,41,0.6830985915492958,0.5232558139534884,142
2023-11-03,1021,118,80,95,34,38,61,0.6779661016949152,0.35789473684210527,114
2023-11-04,1021,134,84,87,35,50,52,0.6268656716417911,0.40229885057471265,119
2023-11-05,1021,113,74,68,42,39,26,0.6548672566371682,0.6176470588235294,116
2023-11-06,1021,125,81,58,43,44,15,0.648,0.7413793103448276,124
2023-11-07,1021,116,79,52,34,37,18,0.6810344827586207,0.6538461538461539,113
2023-11-08,1021,101,101,65,41,0,24,1,0.6307692307692307,142
2023-11-09,1021,145,79,59,36,66,23,0.5448275862068965,0.6101694915254238,115
2023-11-10,1021,123,79,88,38,44,50,0.6422764227642277,0.4318181818181818,117
2023-11-11,1021,114,77,74,35,37,39,0.6754385964912281,0.47297297297297297,112
2023-11-12,1021,111,69,57,34,42,23,0.6216216216216216,0.5964912280701754,103
2023-11-13,1021,130,73,92,42,57,50,0.5615384615384615,0.45652173913043476,115
2023-11-14,1021,115,65,74,37,50,37,0.5652173913043478,0.5,102
2023-11-15,1021,133,75,53,39,58,14,0.5639097744360902,0.7358490566037735,114
2023-11-16,1021,117,72,87,41,45,46,0.6153846153846154,0.47126436781609193,113
2023-11-17,1021,120,66,92,43,54,49,0.55,0.4673913043478261,109
2023-11-18,1021,118,98,98,31,20,67,0.8305084745762712,0.3163265306122449,129
2023-11-19,1021,125,79,87,39,46,48,0.632,0.4482758620689655,118
2023-11-20,1021,134,83,75,38,51,37,0.6194029850746269,0.5066666666666667,121
2023-11-21,1021,138,81,82,39,57,43,0.5869565217391305,0.47560975609756095,120
2023-11-22,1021,130,84,61,38,46,23,0.6461538461538462,0.6229508196721312,122
2023-11-23,1021,141,84,63,44,57,19,0.5957446808510638,0.6984126984126984,128
2023-11-24,1021,115,70,76,42,45,34,0.6086956521739131,0.5526315789473685,112
2023-11-25,1021,138,86,86,41,52,45,0.6231884057971014,0.47674418604651164,127
2023-11-26,1021,141,84,92,45,57,47,0.5957446808510638,0.4891304347826087,129
2023-11-27,1021,103,83,85,39,20,46,0.8058252427184466,0.4588235294117647,122
2023-11-28,1021,117,73,57,43,44,14,0.6239316239316239,0.7543859649122807,116
2023-11-29,1021,111,82,83,33,29,50,0.7387387387387387,0.39759036144578314,115
2023-11-30,1021,115,72,100,41,43,59,0.6260869565217392,0.41,113
2023-12-01,1021,109,67,59,36,42,23,0.6146788990825688,0.6101694915254238,103
2023-12-02,1021,103,94,80,36,9,44,0.912621359223301,0.45,130
2023-12-03,1021,145,79,75,47,66,28,0.5448275862068965,0.6266666666666667,126
2023-12-04,1021,140,101,87,28,39,59,0.7214285714285714,0.3218390804597701,129
2023-12-05,1021,141,84,69,43,57,26,0.5957446808510638,0.6231884057971014,127
2023-12-06,1021,136,88,58,30,48,28,0.6470588235294118,0.5172413793103449,118
2023-12-07,1021,150,80,96,35,70,61,0.5333333333333333,0.3645833333333333,115
2023-12-08,1021,100,73,68,44,27,24,0.73,0.6470588235294118,117
2023-12-09,1021,133,84,85,33,49,52,0.631578947368421,0.38823529411764707,117
2023-12-10,1021,123,77,63,36,46,27,0.6260162601626016,0.5714285714285714,113
2023-12-11,1021,115,70,66,38,45,28,0.6086956521739131,0.5757575757575758,108
2023-12-12,1021,121,82,70,38,39,32,0.6776859504132231,0.5428571428571428,120
2023-12-13,1021,131,79,53,35,52,18,0.6030534351145038,0.660377358490566,114
2023-12-14,1021,128,80,89,43,48,46,0.625,0.48314606741573035,123
2023-12-15,1021,143,77,69,44,66,25,0.5384615384615384,0.6376811594202898,121
2023-12-16,1021,108,64,82,33,44,49,0.5925925925925926,0.4024390243902439,97
2023-12-17,1021,131,74,75,36,57,39,0.5648854961832062,0.48,110
2023-12-18,1021,128,80,50,31,48,19,0.625,0.62,111
2023-12-19,1021,122,95,73,53,27,20,0.7786885245901639,0.726027397260274,148
2023-12-20,1021,111,88,61,37,23,24,0.7927927927927928,0.6065573770491803,125
2023-12-21,1021,107,80,76,37,27,39,0.7476635514018691,0.4868421052631579,117
2023-12-22,1021,137,96,82,39,41,43,0.7007299270072993,0.47560975609756095,135
2023-12-23,1021,141,70,87,40,71,47,0.49645390070921985,0.45977011494252873,110
2023-12-24,1021,146,70,84,40,76,44,0.4794520547945205,0.47619047619047616,110
2023-12-25,1021,113,94,64,38,19,26,0.831858407079646,0.59375,132
2023-12-26,1021,137,69,97,32,68,65,0.5036496350364964,0.32989690721649484,101
2023-12-27,1021,117,84,78,38,33,40,0.717948717948718,0.48717948717948717,122
2023-12-28,1021,150,77,97,47,73,50,0.5133333333333333,0.4845360824742268,124
2023-12-29,1021,143,63,66,33,80,33,0.4405594405594406,0.5,96
2023-12-30,1021,115,81,52,32,34,20,0.7043478260869566,0.6153846153846154,113
2023-12-31,1021,114,62,83,33,52,50,0.543859649122807,0.39759036144578314,95
2023-01-01,1022,146,72,79,34,74,45,0.4931506849315068,0.43037974683544306,106
2023-01-02,1022,104,71,89,43,33,46,0.6826923076923077,0.48314606741573035,114
2023-01-03,1022,130,76,97,33,54,64,0.5846153846153846,0.3402061855670103,109
2023-01-04,1022,126,93,69,43,33,26,0.7380952380952381,0.6231884057971014,136
2023-01-05,1022,115,85,53,30,30,23,0.7391304347826086,0.5660377358490566,115
2023-01-06,1022,135,72,69,43,63,26,0.5333333333333333,0.6231884057971014,115
2023-01-07,1022,136,72,73,49,64,24,0.5294117647058824,0.6712328767123288,121
2023-01-08,1022,125,87,88,42,38,46,0.696,0.4772727272727273,129
2023-01-09,1022,143,82,61,45,61,16,0.5734265734265734,0.7377049180327869,127
2023-01-10,1022,149,85,97,34,64,63,0.5704697986577181,0.35051546391752575,119
2023-01-11,1022,113,61,56,38,52,18,0.5398230088495575,0.6785714285714286,99
2023-01-12,1022,116,82,99,43,34,56,0.7068965517241379,0.43434343434343436,125
2023-01-13,1022,110,92,78,32,18,46,0.8363636363636363,0.41025641025641024,124
2023-01-14,1022,142,76,67,35,66,32,0.5352112676056338,0.5223880597014925,111
2023-01-15,1022,100,71,58,37,29,21,0.71,0.6379310344827587,108
2023-01-16,1022,146,78,54,49,68,5,0.5342465753424658,0.9074074074074074,127
2023-01-17,1022,117,63,63,37,54,26,0.5384615384615384,0.5873015873015873,100
2023-01-18,1022,146,64,88,44,82,44,0.4383561643835616,0.5,108
2023-01-19,1022,130,79,53,38,51,15,0.6076923076923076,0.71698113207547165,117
2023-01-20,1022,129,97,53,41,32,12,0.751937984496124,0.7735849056603774,138
2023-01-21,1022,147,86,60,29,61,31,0.5850340136054422,0.48333333333333334,115
2023-01-22,1022,128,81,87,37,47,50,0.6328125,0.42528735632183906,118
2023-01-23,1022,136,82,80,36,54,44,0.6029411764705882,0.45,118
2023-01-24,1022,114,78,72,46,36,26,0.6842105263157895,0.6388888888888888,124
2023-01-25,1022,103,84,65,32,19,33,0.8155339805825242,0.49230769230769234,116
2023-01-26,1022,136,86,62,33,50,29,0.6323529411764706,0.532258064516129,119
2023-01-27,1022,149,78,81,38,71,43,0.5234899328859061,0.4691358024691358,116
2023-01-28,1022,124,85,76,32,39,44,0.6854838709677419,0.42105263157894735,117
2023-01-29,1022,139,81,59,40,58,19,0.5827338129496403,0.6779661016949152,121
2023-01-30,1022,109,72,53,44,37,9,0.6605504587155964,0.8301886792452831,116
2023-01-31,1022,119,84,70,36,35,34,0.7058823529411765,0.5142857142857142,120
2023-02-01,1022,115,75,92,48,40,44,0.6521739130434783,0.5217391304347826,123
2023-02-02,1022,110,73,91,35,37,56,0.6636363636363637,0.38461538461538464,108
2023-02-03,1022,124,80,81,43,44,38,0.6451612903225806,0.5308641975308642,123
2023-02-04,1022,121,81,56,43,40,13,0.6694214876033058,0.7678571428571429,124
2023-02-05,1022,110,93,50,46,17,4,0.8454545454545455,0.92,139
2023-02-06,1022,133,81,57,42,52,15,0.6090225563909775,0.7368421052631579,123
2023-02-07,1022,123,80,92,51,43,41,0.6504065040650406,0.5543478260869565,131
2023-02-08,1022,102,90,67,53,12,14,0.8823529411764706,0.7910447761194029,143
2023-02-09,1022,113,83,76,29,30,47,0.7345132743362832,0.3815789473684211,112
2023-02-10,1022,107,68,78,31,39,47,0.6355140186915887,0.3974358974358974,99
2023-02-11,1022,120,84,90,31,36,59,0.7,0.34444444444444444,115
2023-02-12,1022,127,96,68,37,31,31,0.7559055118110236,0.5441176470588235,133
2023-02-13,1022,135,71,64,40,64,24,0.5259259259259259,0.625,111
2023-02-14,1022,128,68,51,42,60,9,0.53125,0.8235294117647058,110
2023-02-15,1022,101,86,79,35,15,44,0.8514851485148515,0.4430379746835443,121
2023-02-16,1022,133,78,56,35,55,21,0.5864661654135338,0.625,113
2023-02-17,1022,129,72,98,45,57,53,0.5581395348837209,0.45918367346938777,117
2023-02-18,1022,146,76,58,45,70,13,0.5205479452054794,0.7758620689655172,121
2023-02-19,1022,140,87,77,43,53,34,0.6214285714285714,0.5584415584415584,130
2023-02-20,1022,127,89,54,36,38,18,0.7007874015748031,0.6666666666666666,125
2023-02-21,1022,137,78,66,40,59,26,0.5693430656934306,0.6060606060606061,118
2023-02-22,1022,106,80,60,38,26,22,0.7547169811320755,0.6333333333333333,118
2023-02-23,1022,117,74,71,44,43,27,0.6324786324786325,0.6197183098591549,118
2023-02-24,1022,142,83,89,45,59,44,0.5845070422535211,0.5056179775280899,128
2023-02-25,1022,126,86,94,46,40,48,0.6825396825396826,0.48936170212765956,132
2023-02-26,1022,133,80,58,41,53,17,0.6015037593984962,0.7068965517241379,121
2023-02-27,1022,137,79,72,43,58,29,0.5766423357664233,0.5972222222222222,122
2023-02-28,1022,115,63,64,35,52,29,0.5478260869565217,0.546875,98
2023-03-01,1022,148,76,79,47,72,32,0.5135135135135135,0.5949367088607594,123
2023-03-02,1022,138,84,88,46,54,42,0.6086956521739131,0.5227272727272727,130
2023-03-03,1022,142,97,86,36,45,50,0.6830985915492958,0.4186046511627907,133
2023-03-04,1022,150,82,78,38,68,40,0.5466666666666666,0.48717948717948717,120
2023-03-05,1022,107,85,58,50,22,8,0.794392523364486,0.8620689655172413,135
2023-03-06,1022,148,50,94,40,98,54,0.33783783783783783,0.425531914893617,90
2023-03-07,1022,107,63,60,43,44,17,0.5887850467289719,0.7166666666666667,106
2023-03-08,1022,141,65,96,45,76,51,0.46099290780141844,0.46875,110
2023-03-09,1022,144,86,82,30,58,52,0.5972222222222222,0.36585365853658536,116
2023-03-10,1022,141,110,69,45,31,24,0.7801418439716312,0.6521739130434783,155
2023-03-11,1022,125,72,54,42,53,12,0.576,0.7777777777777778,114
2023-03-12,1022,122,87,78,40,35,38,0.7131147540983607,0.5128205128205128,127
2023-03-13,1022,138,75,92,44,63,48,0.5434782608695652,0.4782608695652174,119
2023-03-14,1022,126,72,76,43,54,33,0.5714285714285714,0.5657894736842105,115
2023-03-15,1022,140,70,67,38,70,29,0.5,0.5671641791044776,108
2023-03-16,1022,126,89,62,40,37,22,0.7063492063492064,0.6451612903225806,129
2023-03-17,1022,150,83,84,44,67,40,0.5533333333333333,0.5238095238095238,127
2023-03-18,1022,110,76,100,45,34,55,0.6909090909090909,0.45,121
2023-03-19,1022,147,76,52,34,71,18,0.5170068027210885,0.6538461538461539,110
2023-03-20,1022,118,71,95,33,47,62,0.6016949152542372,0.3473684210526316,104
2023-03-21,1022,148,98,78,37,50,41,0.6621621621621622,0.47435897435897434,135
2023-03-22,1022,101,78,92,41,23,51,0.7722772277227723,0.44565217391304346,119
2023-03-23,1022,127,76,58,41,51,17,0.5984251968503937,0.7068965517241379,117
2023-03-24,1022,115,83,68,28,32,40,0.7217391304347827,0.4117647058823529,111
2023-03-25,1022,146,84,73,33,62,40,0.5753424657534246,0.4520547945205479,117
2023-03-26,1022,116,78,64,29,38,35,0.6724137931034483,0.453125,107
2023-03-27,1022,123,69,99,45,54,54,0.5609756097560976,0.45454545454545453,114
2023-03-28,1022,106,76,70,35,30,35,0.71698113207547165,0.5,111
2023-03-29,1022,141,70,51,44,71,7,0.49645390070921985,0.8627450980392157,114
2023-03-30,1022,110,82,75,49,28,26,0.7454545454545455,0.6533333333333333,131
2023-03-31,1022,121,77,90,47,44,43,0.6363636363636364,0.5222222222222223,124
2023-04-01,1022,129,89,67,44,40,23,0.689922480620155,0.6567164179104478,133
2023-04-02,1022,110,88,80,49,22,31,0.8,0.6125,137
2023-04-03,1022,120,76,85,42,44,43,0.6333333333333333,0.49411764705882355,118
2023-04-04,1022,122,83,85,35,39,50,0.680327868852459,0.4117647058823529,118
2023-04-05,1022,138,93,55,46,45,9,0.6739130434782609,0.8363636363636363,139
2023-04-06,1022,140,68,87,37,72,50,0.4857142857142857,0.42528735632183906,105
2023-04-07,1022,108,73,74,43,35,31,0.6759259259259259,0.581081081081081,116
2023-04-08,1022,134,74,94,49,60,45,0.5522388059701493,0.5212765957446809,123
2023-04-09,1022,119,77,75,40,42,35,0.6470588235294118,0.5333333333333333,117
2023-04-10,1022,122,86,76,39,36,37,0.7049180327868853,0.5131578947368421,125
2023-04-11,1022,127,79,96,44,48,52,0.6220472440944882,0.4583333333333333,123
2023-04-12,1022,127,76,65,42,51,23,0.5984251968503937,0.6461538461538462,118
2023-04-13,1022,141,72,65,41,69,24,0.5106382978723404,0.6307692307692307,113
2023-04-14,1022,125,79,68,52,46,16,0.632,0.7647058823529411,131
2023-04-15,1022,141,86,51,48,55,3,0.6099290780141844,0.9411764705882353,134
2023-04-16,1022,143,73,91,46,70,45,0.5104895104895105,0.5054945054945055,119
2023-04-17,1022,146,81,50,38,65,12,0.5547945205479452,0.76,119
2023-04-18,1022,130,82,94,38,48,56,0.6307692307692307,0.40425531914893614,120
2023-04-19,1022,116,85,75,46,31,29,0.7327586206896551,0.6133333333333333,131
2023-04-20,1022,112,76,57,39,36,18,0.6785714285714286,0.6842105263157895,115
2023-04-21,1022,136,90,93,41,46,52,0.6617647058823529,0.44086021505376344,131
2023-04-22,1022,144,78,85,28,66,57,0.5416666666666666,0.32941176470588235,106
2023-04-23,1022,107,80,88,34,27,54,0.7476635514018691,0.38636363636363635,114
2023-04-24,1022,143,95,92,30,48,62,0.6643356643356644,0.32608695652173914,125
2023-04-25,1022,139,88,77,39,51,38,0.6330935251798561,0.5064935064935064,127
2023-04-26,1022,123,87,58,43,36,15,0.7073170731707317,0.7413793103448276,130
2023-04-27,1022,110,88,92,46,22,46,0.8,0.5,134
2023-04-28,1022,129,85,85,41,44,44,0.6589147286821705,0.4823529411764706,126
2023-04-29,1022,116,62,55,45,54,10,0.5344827586206896,0.8181818181818182,107
2023-04-30,1022,110,71,86,37,39,49,0.6454545454545455,0.43023255813953487,108
2023-05-01,1022,143,90,50,49,53,1,0.6293706293706294,0.98,139
2023-05-02,1022,127,84,80,42,43,38,0.6614173228346457,0.525,126
2023-05-03,1022,127,106,87,31,21,56,0.8346456692913385,0.3563218390804598,137
2023-05-04,1022,117,84,56,38,33,18,0.717948717948718,0.6785714285714286,122
2023-05-05,1022,110,90,76,38,20,38,0.8181818181818182,0.5,128
2023-05-06,1022,126,77,76,38,49,38,0.6111111111111112,0.5,115
2023-05-07,1022,126,79,59,41,47,18,0.626984126984127,0.6949152542372882,120
2023-05-08,1022,136,73,73,43,63,30,0.5367647058823529,0.589041095890411,116
2023-05-09,1022,136,78,66,44,58,22,0.5735294117647058,0.6666666666666666,122
2023-05-10,1022,141,67,81,49,74,32,0.475177304964539,0.6049382716049383,116
2023-05-11,1022,112,77,61,32,35,29,0.6875,0.5245901639344263,109
2023-05-12,1022,130,76,99,39,54,60,0.5846153846153846,0.3939393939393939,115
2023-05-13,1022,103,85,78,32,18,46,0.8252427184466019,0.41025641025641024,117
2023-05-14,1022,134,86,78,44,48,34,0.6417910447761194,0.5641025641025641,130
2023-05-15,1022,134,69,65,44,65,21,0.5149253731343284,0.676923076923077,113
2023-05-16,1022,116,88,78,45,28,33,0.7586206896551724,0.5769230769230769,133
2023-05-17,1022,138,87,100,45,51,55,0.6304347826086957,0.45,132
2023-05-18,1022,119,66,64,52,53,12,0.5546218487394958,0.8125,118
2023-05-19,1022,126,92,62,42,34,20,0.7301587301587301,0.6774193548387096,134
2023-05-20,1022,120,71,94,41,49,53,0.5916666666666667,0.43617021276595747,112
2023-05-21,1022,141,66,84,41,75,43,0.46808510638297873,0.4880952380952381,107
2023-05-22,1022,134,100,90,35,34,55,0.746268656716418,0.3888888888888889,135
2023-05-23,1022,125,84,85,45,41,40,0.672,0.5294117647058824,129
2023-05-24,1022,121,100,93,46,21,47,0.8264462809917356,0.4946236559139785,146
2023-05-25,1022,103,77,98,35,26,63,0.7475728155339806,0.35714285714285715,112
2023-05-26,1022,123,67,82,41,56,41,0.5447154471544715,0.5,108
2023-05-27,1022,121,94,78,47,27,31,0.7768595041322314,0.6025641025641025,141
2023-05-28,1022,141,77,86,34,64,52,0.5460992907801419,0.3953488372093023,111
2023-05-29,1022,128,68,84,49,60,35,0.53125,0.5833333333333334,117
2023-05-30,1022,137,77,72,46,60,26,0.5620437956204379,0.6388888888888888,123
2023-05-31,1022,144,81,91,42,63,49,0.5625,0.46153846153846156,123
2023-06-01,1022,130,100,99,56,30,43,0.7692307692307693,0.5656565656565656,156
2023-06-02,1022,140,78,67,41,62,26,0.5571428571428572,0.6119402985074627,119
2023-06-03,1022,122,67,53,41,55,12,0.5491803278688525,0.7735849056603774,108
2023-06-04,1022,119,67,77,36,52,41,0.5630252100840336,0.4675324675324675,103
2023-06-05,1022,149,79,59,59,70,0,0.5302013422818792,1,138
2023-06-06,1022,122,87,50,46,35,4,0.7131147540983607,0.92,133
2023-06-07,1022,125,75,85,49,50,36,0.6,0.5764705882352941,124
2023-06-08,1022,129,85,71,38,44,33,0.6589147286821705,0.5352112676056338,123
2023-06-09,1022,121,73,64,30,48,34,0.6033057851239669,0.46875,103
2023-06-10,1022,137,82,90,44,55,46,0.5985401459854015,0.4888888888888889,126
2023-06-11,1022,148,71,73,42,77,31,0.4797297297297297,0.5753424657534246,113
2023-06-12,1022,135,72,55,46,63,9,0.5333333333333333,0.8363636363636363,118
2023-06-13,1022,141,84,99,30,57,69,0.5957446808510638,0.30303030303030304,114
2023-06-14,1022,129,82,76,45,47,31,0.6356589147286822,0.5921052631578947,127
2023-06-15,1022,114,82,92,48,32,44,0.7192982456140351,0.5217391304347826,130
2023-06-16,1022,136,79,55,33,57,22,0.5808823529411765,0.6,112
2023-06-17,1022,121,79,85,41,42,44,0.6528925619834711,0.4823529411764706,120
2023-06-18,1022,148,73,60,34,75,26,0.49324324324324326,0.5666666666666667,107
2023-06-19,1022,142,79,88,48,63,40,0.5563380281690141,0.5454545454545454,127
2023-06-20,1022,113,81,61,38,32,23,0.7168141592920354,0.6229508196721312,119
2023-06-21,1022,112,93,97,37,19,60,0.8303571428571429,0.38144329896907214,130
2023-06-22,1022,117,76,75,36,41,39,0.6495726495726496,0.48,112
2023-06-23,1022,128,77,60,44,51,16,0.6015625,0.7333333333333333,121
2023-06-24,1022,137,84,92,43,53,49,0.6131386861313869,0.4673913043478261,127
2023-06-25,1022,114,78,53,38,36,15,0.6842105263157895,0.71698113207547165,116
2023-06-26,1022,117,67,80,40,50,40,0.5726495726495726,0.5,107
2023-06-27,1022,122,71,79,39,51,40,0.5819672131147541,0.4936708860759494,110
2023-06-28,1022,118,79,89,45,39,44,0.6694915254237288,0.5056179775280899,124
2023-06-29,1022,139,81,72,27,58,45,0.5827338129496403,0.375,108
2023-06-30,1022,108,90,99,46,18,53,0.8333333333333334,0.46464646464646464,136
2023-07-01,1022,124,72,63,37,52,26,0.5806451612903226,0.5873015873015873,109
2023-07-02,1022,139,83,52,34,56,18,0.5971223021582733,0.6538461538461539,117
2023-07-03,1022,119,70,80,33,49,47,0.5882352941176471,0.4125,103
2023-07-04,1022,136,87,96,42,49,54,0.6397058823529411,0.4375,129
2023-07-05,1022,126,80,78,42,46,36,0.6349206349206349,0.5384615384615384,122
2023-07-06,1022,128,79,98,37,49,61,0.6171875,0.37755102040816324,116
2023-07-07,1022,106,63,86,41,43,45,0.5943396226415094,0.47674418604651164,104
2023-07-08,1022,113,86,55,36,27,19,0.7610619469026548,0.6545454545454545,122
2023-07-09,1022,122,76,67,34,46,33,0.6229508196721312,0.5074626865671642,110
2023-07-10,1022,109,80,92,34,29,58,0.7339449541284404,0.3695652173913043,114
2023-07-11,1022,113,83,80,60,30,20,0.7345132743362832,0.75,143
2023-07-12,1022,122,85,50,34,37,16,0.6967213114754098,0.68,119
2023-07-13,1022,126,81,87,47,45,40,0.6428571428571429,0.5402298850574713,128
2023-07-14,1022,103,68,79,39,35,40,0.6601941747572816,0.4936708860759494,107
2023-07-15,1022,126,91,59,38,35,21,0.7222222222222222,0.6440677966101694,129
2023-07-16,1022,127,70,83,41,57,42,0.5511811023622047,0.4939759036144578,111
2023-07-17,1022,146,68,87,38,78,49,0.4657534246575342,0.4367816091954023,106
2023-07-18,1022,126,84,95,40,42,55,0.6666666666666666,0.42105263157894735,124
2023-07-19,1022,132,79,95,50,53,45,0.5984848484848485,0.5263157894736842,129
2023-07-20,1022,137,91,58,43,46,15,0.6642335766423357,0.7413793103448276,134
2023-07-21,1022,133,78,54,42,55,12,0.5864661654135338,0.7777777777777778,120
2023-07-22,1022,102,84,56,41,18,15,0.8235294117647058,0.7321428571428571,125
2023-07-23,1022,147,85,88,42,62,46,0.5782312925170068,0.4772727272727273,127
2023-07-24,1022,125,86,100,35,39,65,0.688,0.35,121
2023-07-25,1022,115,77,87,30,38,57,0.6695652173913044,0.3448275862068966,107
2023-07-26,1022,144,64,95,37,80,58,0.4444444444444444,0.3894736842105263,101
2023-07-27,1022,119,83,55,40,36,15,0.6974789915966386,0.7272727272727273,123
2023-07-28,1022,147,81,63,36,66,27,0.5510204081632653,0.5714285714285714,117
2023-07-29,1022,109,91,100,48,18,52,0.8348623853211009,0.48,139
2023-07-30,1022,112,77,56,41,35,15,0.6875,0.7321428571428571,118
2023-07-31,1022,106,104,79,46,2,33,0.9811320754716981,0.5822784810126582,150
2023-08-01,1022,112,85,75,39,27,36,0.7589285714285714,0.52,124
2023-08-02,1022,144,87,77,40,57,37,0.6041666666666666,0.5194805194805194,127
2023-08-03,1022,146,80,95,44,66,51,0.547945205479452,0.4631578947368421,124
2023-08-04,1022,146,81,80,31,65,49,0.5547945205479452,0.3875,112
2023-08-05,1022,100,85,70,33,15,37,0.85,0.4714285714285714,118
2023-08-06,1022,116,74,76,37,42,39,0.6379310344827587,0.4868421052631579,111
2023-08-07,1022,119,61,86,34,58,52,0.5126050420168067,0.3953488372093023,95
2023-08-08,1022,148,97,85,45,51,40,0.6554054054054054,0.5294117647058824,142
2023-08-09,1022,136,88,52,33,48,19,0.6470588235294118,0.6346153846153846,121
2023-08-10,1022,104,73,56,43,31,13,0.7019230769230769,0.7678571428571429,116
2023-08-11,1022,128,74,58,39,54,19,0.578125,0.6724137931034483,113
2023-08-12,1022,147,76,69,49,71,20,0.5170068027210885,0.7101449275362319,125
2023-08-13,1022,135,81,76,43,54,33,0.6,0.5657894736842105,124
2023-08-14,1022,103,83,70,42,20,28,0.8058252427184466,0.6,125
2023-08-15,1022,128,78,52,35,50,17,0.609375,0.6730769230769231,113
2023-08-16,1022,128,93,54,39,35,15,0.7265625,0.7222222222222222,132
2023-08-17,1022,120,98,68,32,22,36,0.8166666666666667,0.47058823529411764,130
2023-08-18,1022,112,81,51,39,31,12,0.7232142857142857,0.7647058823529411,120
2023-08-19,1022,105,90,69,47,15,22,0.8571428571428571,0.6811594202898551,137
2023-08-20,1022,149,67,75,46,82,29,0.44966442953020136,0.6133333333333333,113
2023-08-21,1022,128,83,59,41,45,18,0.6484375,0.6949152542372882,124
2023-08-22,1022,136,97,59,42,39,17,0.7132352941176471,0.711864406779661,139
2023-08-23,1022,131,85,84,39,46,45,0.648854961832061,0.4642857142857143,124
2023-08-24,1022,118,67,73,31,51,42,0.5677966101694916,0.4246575342465753,98
2023-08-25,1022,116,63,65,32,53,33,0.5431034482758621,0.49230769230769234,95
2023-08-26,1022,109,85,73,47,24,26,0.7798165137614679,0.6438356164383562,132
2023-08-27,1022,148,70,72,35,78,37,0.47297297297297297,0.4861111111111111,105
2023-08-28,1022,135,66,95,39,69,56,0.4888888888888889,0.4105263157894737,105
2023-08-29,1022,146,84,77,35,62,42,0.5753424657534246,0.45454545454545453,119
2023-08-30,1022,119,70,56,45,49,11,0.5882352941176471,0.8035714285714286,115
2023-08-31,1022,109,83,82,37,26,45,0.7614678899082569,0.45121951219512196,120
2023-09-01,1022,104,93,71,35,11,36,0.8942307692307693,0.49295774647887325,128
2023-09-02,1022,121,79,94,49,42,45,0.6528925619834711,0.5212765957446809,128
2023-09-03,1022,112,60,54,48,52,6,0.5357142857142857,0.8888888888888888,108
2023-09-04,1022,138,88,82,39,50,43,0.6376811594202898,0.47560975609756095,127
2023-09-05,1022,140,75,91,55,65,36,0.5357142857142857,0.6043956043956044,130
2023-09-06,1022,146,75,67,44,71,23,0.5136986301369864,0.6567164179104478,119
2023-09-07,1022,105,79,59,39,26,20,0.7523809523809524,0.6610169491525424,118
2023-09-08,1022,121,83,52,39,38,13,0.6859504132231405,0.75,122
2023-09-09,1022,107,92,86,39,15,47,0.8598130841121495,0.45348837209302323,131
2023-09-10,1022,138,88,91,40,50,51,0.6376811594202898,0.43956043956043955,128
2023-09-11,1022,135,84,66,53,51,13,0.6222222222222222,0.803030303030303,137
2023-09-12,1022,119,56,54,39,63,15,0.47058823529411764,0.7222222222222222,95
2023-09-13,1022,135,65,91,41,70,50,0.48148148148148145,0.45054945054945056,106
2023-09-14,1022,128,79,97,39,49,58,0.6171875,0.4020618556701031,118
2023-09-15,1022,128,100,52,38,28,14,0.78125,0.7307692307692307,138
2023-09-16,1022,100,74,52,32,26,20,0.74,0.6153846153846154,106
2023-09-17,1022,117,69,99,57,48,42,0.5897435897435898,0.5757575757575758,126
2023-09-18,1022,113,92,53,43,21,10,0.8141592920353983,0.8113207547169812,135
2023-09-19,1022,115,74,84,44,41,40,0.6434782608695652,0.5238095238095238,118
2023-09-20,1022,112,71,93,38,41,55,0.6339285714285714,0.40860215053763443,109
2023-09-21,1022,148,91,67,51,57,16,0.6148648648648649,0.7611940298507462,142
2023-09-22,1022,110,77,84,35,33,49,0.7,0.4166666666666667,112
2023-09-23,1022,121,86,51,33,35,18,0.7107438016528925,0.6470588235294118,119
2023-09-24,1022,110,82,94,56,28,38,0.7454545454545455,0.5957446808510638,138
2023-09-25,1022,150,74,90,41,76,49,0.49333333333333335,0.45555555555555555,115
2023-09-26,1022,111,77,95,39,34,56,0.6936936936936937,0.4105263157894737,116
2023-09-27,1022,136,68,68,34,68,34,0.5,0.5,102
2023-09-28,1022,116,86,64,40,30,24,0.7413793103448276,0.625,126
2023-09-29,1022,128,67,72,30,61,42,0.5234375,0.4166666666666667,97
2023-09-30,1022,136,80,63,37,56,26,0.5882352941176471,0.5873015873015873,117
2023-10-01,1022,123,81,55,43,42,12,0.6585365853658537,0.7818181818181819,124
2023-10-02,1022,135,68,60,42,67,18,0.5037037037037037,0.7,110
2023-10-03,1022,112,77,77,30,35,47,0.6875,0.38961038961038963,107
2023-10-04,1022,134,83,80,39,51,41,0.6194029850746269,0.4875,122
2023-10-05,1022,147,92,84,37,55,47,0.6258503401360545,0.44047619047619047,129
2023-10-06,1022,139,75,72,39,64,33,0.539568345323741,0.5416666666666666,114
2023-10-07,1022,142,90,68,44,52,24,0.6338028169014085,0.6470588235294118,134
2023-10-08,1022,107,79,68,52,28,16,0.7383177570093458,0.7647058823529411,131
2023-10-09,1022,112,93,69,45,19,24,0.8303571428571429,0.6521739130434783,138
2023-10-10,1022,149,73,63,38,76,25,0.4899328859060403,0.6031746031746031,111
2023-10-11,1022,111,88,68,41,23,27,0.7927927927927928,0.6029411764705882,129
2023-10-12,1022,100,79,51,32,21,19,0.79,0.6274509803921569,111
2023-10-13,1022,132,87,86,39,45,47,0.6590909090909091,0.45348837209302323,126
2023-10-14,1022,102,101,67,38,1,29,0.9901960784313726,0.5671641791044776,139
2023-10-15,1022,115,81,59,39,34,20,0.7043478260869566,0.6610169491525424,120
2023-10-16,1022,113,93,67,39,20,28,0.8230088495575221,0.582089552238806,132
2023-10-17,1022,133,84,72,40,49,32,0.631578947368421,0.5555555555555556,124
2023-10-18,1022,119,71,84,40,48,44,0.5966386554621849,0.47619047619047616,111
2023-10-19,1022,111,93,66,42,18,24,0.8378378378378378,0.6363636363636364,135
2023-10-20,1022,134,67,66,48,67,18,0.5,0.7272727272727273,115
2023-10-21,1022,106,81,95,37,25,58,0.7641509433962265,0.3894736842105263,118
2023-10-22,1022,127,85,76,32,42,44,0.6692913385826772,0.42105263157894735,117
2023-10-23,1022,142,87,62,41,55,21,0.6126760563380281,0.6612903225806451,128
2023-10-24,1022,135,72,84,37,63,47,0.5333333333333333,0.44047619047619047,109
2023-10-25,1022,128,85,72,37,43,35,0.6640625,0.5138888888888888,122
2023-10-26,1022,116,68,98,44,48,54,0.5862068965517241,0.4489795918367347,112
2023-10-27,1022,115,67,98,29,48,69,0.5826086956521739,0.29591836734693877,96
2023-10-28,1022,100,81,96,46,19,50,0.81,0.4791666666666667,127
2023-10-29,1022,129,75,56,28,54,28,0.5813953488372093,0.5,103
2023-10-30,1022,114,93,76,34,21,42,0.8157894736842105,0.4473684210526316,127
2023-10-31,1022,101,63,81,41,38,40,0.6237623762376238,0.5061728395061729,104
2023-11-01,1022,102,79,72,26,23,46,0.7745098039215687,0.3611111111111111,105
2023-11-02,1022,143,89,96,44,54,52,0.6223776223776224,0.4583333333333333,133
2023-11-03,1022,118,68,80,39,50,41,0.576271186440678,0.4875,107
2023-11-04,1022,134,60,70,47,74,23,0.44776119402985076,0.6714285714285714,107
2023-11-05,1022,127,92,88,48,35,40,0.7244094488188977,0.5454545454545454,140
2023-11-06,1022,109,80,67,38,29,29,0.7339449541284404,0.5671641791044776,118
2023-11-07,1022,117,83,74,41,34,33,0.7094017094017094,0.5540540540540541,124
2023-11-08,1022,112,88,93,35,24,58,0.7857142857142857,0.3763440860215054,123
2023-11-09,1022,119,89,74,39,30,35,0.7478991596638656,0.527027027027027,128
2023-11-10,1022,144,88,88,43,56,45,0.6111111111111112,0.48863636363636365,131
2023-11-11,1022,120,87,63,50,33,13,0.725,0.7936507936507936,137
2023-11-12,1022,114,63,58,49,51,9,0.5526315789473685,0.8448275862068966,112
2023-11-13,1022,145,85,52,37,60,15,0.5862068965517241,0.7115384615384616,122
2023-11-14,1022,126,81,52,39,45,13,0.6428571428571429,0.75,120
2023-11-15,1022,107,74,87,40,33,47,0.6915887850467289,0.45977011494252873,114
2023-11-16,1022,136,88,75,43,48,32,0.6470588235294118,0.5733333333333334,131
2023-11-17,1022,132,74,87,47,58,40,0.5606060606060606,0.5402298850574713,121
2023-11-18,1022,111,84,81,44,27,37,0.7567567567567568,0.5432098765432098,128
2023-11-19,1022,111,89,82,34,22,48,0.8018018018018018,0.4146341463414634,123
2023-11-20,1022,116,79,69,51,37,18,0.6810344827586207,0.7391304347826086,130
2023-11-21,1022,120,79,86,41,41,45,0.6583333333333333,0.47674418604651164,120
2023-11-22,1022,106,89,82,46,17,36,0.839622641509434,0.5609756097560976,135
2023-11-23,1022,105,89,81,43,16,38,0.8476190476190476,0.5308641975308642,132
2023-11-24,1022,114,78,88,39,36,49,0.6842105263157895,0.4431818181818182,117
2023-11-25,1022,108,80,67,44,28,23,0.7407407407407407,0.6567164179104478,124
2023-11-26,1022,133,73,72,32,60,40,0.5488721804511278,0.4444444444444444,105
2023-11-27,1022,121,83,70,45,38,25,0.6859504132231405,0.6428571428571429,128
2023-11-28,1022,105,80,72,50,25,22,0.7619047619047619,0.6944444444444444,130
2023-11-29,1022,127,79,89,47,48,42,0.6220472440944882,0.5280898876404494,126
2023-11-30,1022,139,77,80,34,62,46,0.5539568345323741,0.425,111
2023-12-01,1022,135,73,54,31,62,23,0.5407407407407407,0.5740740740740741,104
2023-12-02,1022,119,73,59,34,46,25,0.6134453781512605,0.576271186440678,107
2023-12-03,1022,108,49,73,38,59,35,0.4537037037037037,0.5205479452054794,87
2023-12-04,1022,116,76,68,32,40,36,0.6551724137931034,0.47058823529411764,108
2023-12-05,1022,117,80,56,38,37,18,0.6837606837606838,0.6785714285714286,118
2023-12-06,1022,103,85,65,35,18,30,0.8252427184466019,0.5384615384615384,120
2023-12-07,1022,113,76,99,52,37,47,0.672566371681416,0.5252525252525253,128
2023-12-08,1022,112,91,81,39,21,42,0.8125,0.48148148148148145,130
2023-12-09,1022,149,74,67,37,75,30,0.49664429530201343,0.5522388059701493,111
2023-12-10,1022,128,81,65,40,47,25,0.6328125,0.6153846153846154,121
2023-12-11,1022,124,91,98,40,33,58,0.7338709677419355,0.40816326530612246,131
2023-12-12,1022,114,87,55,35,27,20,0.7631578947368421,0.6363636363636364,122
2023-12-13,1022,128,74,81,41,54,40,0.578125,0.5061728395061729,115
2023-12-14,1022,116,78,84,31,38,53,0.6724137931034483,0.36904761904761907,109
2023-12-15,1022,103,75,82,39,28,43,0.7281553398058253,0.47560975609756095,114
2023-12-16,1022,125,82,52,41,43,11,0.656,0.7884615384615384,123
2023-12-17,1022,121,78,82,39,43,43,0.6446280991735537,0.47560975609756095,117
2023-12-18,1022,120,69,93,32,51,61,0.575,0.34408602150537637,101
2023-12-19,1022,104,92,85,41,12,44,0.8846153846153846,0.4823529411764706,133
2023-12-20,1022,110,87,89,51,23,38,0.7909090909090909,0.5730337078651685,138
2023-12-21,1022,119,83,73,36,36,37,0.6974789915966386,0.4931506849315068,119
2023-12-22,1022,130,79,73,34,51,39,0.6076923076923076,0.4657534246575342,113
2023-12-23,1022,134,86,62,35,48,27,0.6417910447761194,0.5645161290322581,121
2023-12-24,1022,133,78,69,39,55,30,0.5864661654135338,0.5652173913043478,117
2023-12-25,1022,101,71,94,43,30,51,0.7029702970297029,0.4574468085106383,114
2023-12-26,1022,125,72,69,42,53,27,0.576,0.6086956521739131,114
2023-12-27,1022,104,76,70,47,28,23,0.7307692307692307,0.6714285714285714,123
2023-12-28,1022,135,82,88,42,53,46,0.6074074074074074,0.4772727272727273,124
2023-12-29,1022,123,71,95,45,52,50,0.5772357723577236,0.47368421052631576,116
2023-12-30,1022,127,75,63,57,52,6,0.5905511811023622,0.9047619047619048,132
2023-12-31,1022,141,94,50,41,47,9,0.6666666666666666,0.82,135
2023-01-01,1023,145,65,92,44,80,48,0.4482758620689655,0.4782608695652174,109
2023-01-02,1023,113,73,71,36,40,35,0.6460176991150443,0.5070422535211268,109
2023-01-03,1023,130,80,86,47,50,39,0.6153846153846154,0.5465116279069767,127
2023-01-04,1023,103,73,66,42,30,24,0.7087378640776699,0.6363636363636364,115
2023-01-05,1023,107,81,58,47,26,11,0.7570093457943925,0.8103448275862069,128
2023-01-06,1023,135,74,56,44,61,12,0.5481481481481482,0.7857142857142857,118
2023-01-07,1023,148,104,70,46,44,24,0.7027027027027027,0.6571428571428571,150
2023-01-08,1023,150,87,83,36,63,47,0.58,0.43373493975903615,123
2023-01-09,1023,128,80,82,35,48,47,0.625,0.4268292682926829,115
2023-01-10,1023,137,87,55,46,50,9,0.635036496350365,0.8363636363636363,133
2023-01-11,1023,115,82,99,32,33,67,0.7130434782608696,0.32323232323232326,114
2023-01-12,1023,148,67,95,44,81,51,0.4527027027027027,0.4631578947368421,111
2023-01-13,1023,122,110,97,31,12,66,0.9016393442622951,0.31958762886597936,141
2023-01-14,1023,114,77,89,41,37,48,0.6754385964912281,0.4606741573033708,118
2023-01-15,1023,127,78,69,36,49,33,0.6141732283464567,0.5217391304347826,114
2023-01-16,1023,121,86,59,50,35,9,0.7107438016528925,0.847457627118644,136
2023-01-17,1023,117,78,76,38,39,38,0.6666666666666666,0.5,116
2023-01-18,1023,118,73,88,35,45,53,0.6186440677966102,0.3977272727272727,108
2023-01-19,1023,102,84,73,41,18,32,0.8235294117647058,0.5616438356164384,125
2023-01-20,1023,129,94,68,46,35,22,0.7286821705426356,0.6764705882352942,140
2023-01-21,1023,129,73,84,40,56,44,0.5658914728682171,0.47619047619047616,113
2023-01-22,1023,119,69,76,42,50,34,0.5798319327731093,0.5526315789473685,111
2023-01-23,1023,122,91,68,38,31,30,0.7459016393442623,0.5588235294117647,129
2023-01-24,1023,118,77,97,46,41,51,0.652542372881356,0.4742268041237113,123
2023-01-25,1023,115,80,100,49,35,51,0.6956521739130435,0.49,129
2023-01-26,1023,147,84,53,38,63,15,0.5714285714285714,0.71698113207547165,122
2023-01-27,1023,138,67,76,34,71,42,0.4855072463768116,0.4473684210526316,101
2023-01-28,1023,136,69,81,51,67,30,0.5073529411764706,0.6296296296296297,120
2023-01-29,1023,113,80,84,39,33,45,0.7079646017699115,0.4642857142857143,119
2023-01-30,1023,123,88,62,37,35,25,0.7154471544715447,0.5967741935483871,125
2023-01-31,1023,107,83,99,45,24,54,0.7757009345794392,0.45454545454545453,128
2023-02-01,1023,102,81,74,38,21,36,0.7941176470588235,0.5135135135135135,119
2023-02-02,1023,147,82,88,40,65,48,0.5578231292517006,0.45454545454545453,122
2023-02-03,1023,102,72,74,45,30,29,0.7058823529411765,0.6081081081081081,117
2023-02-04,1023,134,86,64,34,48,30,0.6417910447761194,0.53125,120
2023-02-05,1023,135,69,50,48,66,2,0.5111111111111111,0.96,117
2023-02-06,1023,139,80,53,30,59,23,0.5755395683453237,0.5660377358490566,110
2023-02-07,1023,129,88,96,49,41,47,0.6821705426356589,0.5104166666666666,137
2023-02-08,1023,120,65,88,28,55,60,0.5416666666666666,0.3181818181818182,93
2023-02-09,1023,142,81,91,53,61,38,0.5704225352112676,0.5824175824175825,134
2023-02-10,1023,123,74,73,47,49,26,0.6016260162601627,0.6438356164383562,121
2023-02-11,1023,135,91,91,41,44,50,0.674074074074074,0.45054945054945056,132
2023-02-12,1023,114,89,86,48,25,38,0.7807017543859649,0.5581395348837209,137
2023-02-13,1023,128,70,56,44,58,12,0.546875,0.7857142857142857,114
2023-02-14,1023,140,88,64,35,52,29,0.6285714285714286,0.546875,123
2023-02-15,1023,111,64,75,36,47,39,0.5765765765765766,0.48,100
2023-02-16,1023,126,86,100,36,40,64,0.6825396825396826,0.36,122
2023-02-17,1023,126,66,69,36,60,33,0.5238095238095238,0.5217391304347826,102
2023-02-18,1023,142,87,100,45,55,55,0.6126760563380281,0.45,132
2023-02-19,1023,129,84,74,38,45,36,0.6511627906976745,0.5135135135135135,122
2023-02-20,1023,121,95,95,33,26,62,0.7851239669421488,0.3473684210526316,128
2023-02-21,1023,141,84,92,41,57,51,0.5957446808510638,0.44565217391304346,125
2023-02-22,1023,150,60,100,36,90,64,0.4,0.36,96
2023-02-23,1023,104,86,88,36,18,52,0.8269230769230769,0.4090909090909091,122
2023-02-24,1023,131,76,65,37,55,28,0.5801526717557252,0.5692307692307692,113
2023-02-25,1023,132,69,55,37,63,18,0.5227272727272727,0.6727272727272727,106
2023-02-26,1023,115,68,60,31,47,29,0.591304347826087,0.5166666666666667,99
2023-02-27,1023,149,83,84,38,66,46,0.5570469798657718,0.4523809523809524,121
2023-02-28,1023,135,82,60,57,53,3,0.6074074074074074,0.95,139
2023-03-01,1023,132,64,68,42,68,26,0.48484848484848486,0.6176470588235294,106
2023-03-02,1023,102,91,71,38,11,33,0.8921568627450981,0.5352112676056338,129
2023-03-03,1023,103,83,64,34,20,30,0.8058252427184466,0.53125,117
2023-03-04,1023,139,81,58,44,58,14,0.5827338129496403,0.7586206896551724,125
2023-03-05,1023,105,87,89,29,18,60,0.8285714285714286,0.3258426966292135,116
2023-03-06,1023,122,82,76,31,40,45,0.6721311475409836,0.40789473684210525,113
2023-03-07,1023,139,91,52,46,48,6,0.6546762589928058,0.8846153846153846,137
2023-03-08,1023,105,75,64,47,30,17,0.7142857142857143,0.734375,122
2023-03-09,1023,143,76,95,45,67,50,0.5314685314685315,0.47368421052631576,121
2023-03-10,1023,102,79,63,46,23,17,0.7745098039215687,0.7301587301587301,125
2023-03-11,1023,123,88,60,39,35,21,0.7154471544715447,0.65,127
2023-03-12,1023,146,81,69,51,65,18,0.5547945205479452,0.7391304347826086,132
2023-03-13,1023,149,84,59,44,65,15,0.5637583892617449,0.7457627118644068,128
2023-03-14,1023,106,77,64,44,29,20,0.7264150943396226,0.6875,121
2023-03-15,1023,131,67,51,43,64,8,0.5114503816793893,0.8431372549019608,110
2023-03-16,1023,144,86,62,31,58,31,0.5972222222222222,0.5,117
2023-03-17,1023,132,83,85,47,49,38,0.6287878787878788,0.5529411764705883,130
2023-03-18,1023,100,68,83,48,32,35,0.68,0.5783132530120482,116
2023-03-19,1023,106,78,83,45,28,38,0.7358490566037735,0.54216867469879515,123
2023-03-20,1023,103,82,86,33,21,53,0.7961165048543689,0.38372093023255816,115
2023-03-21,1023,118,92,65,48,26,17,0.7796610169491526,0.7384615384615385,140
2023-03-22,1023,100,76,60,48,24,12,0.76,0.8,124
2023-03-23,1023,123,82,61,42,41,19,0.6666666666666666,0.6885245901639344,124
2023-03-24,1023,127,75,81,33,52,48,0.5905511811023622,0.4074074074074074,108
2023-03-25,1023,140,87,89,33,53,56,0.6214285714285714,0.3707865168539326,120
2023-03-26,1023,115,71,61,37,44,24,0.6173913043478261,0.6065573770491803,108
2023-03-27,1023,137,61,69,39,76,30,0.44525547445255476,0.5652173913043478,100
2023-03-28,1023,125,74,70,38,51,32,0.592,0.5428571428571428,112
2023-03-29,1023,143,84,58,36,59,22,0.5874125874125874,0.6206896551724138,120
2023-03-30,1023,126,71,90,41,55,49,0.5634920634920635,0.45555555555555555,112
2023-03-31,1023,145,78,74,43,67,31,0.5379310344827586,0.581081081081081,121
2023-04-01,1023,100,82,53,47,18,6,0.82,0.8867924528301887,129
2023-04-02,1023,117,88,92,49,29,43,0.7521367521367521,0.532608695652174,137
2023-04-03,1023,122,87,95,33,35,62,0.7131147540983607,0.3473684210526316,120
2023-04-04,1023,115,87,93,53,28,40,0.7565217391304347,0.5698924731182796,140
2023-04-05,1023,145,89,93,52,56,41,0.6137931034482759,0.5591397849462365,141
2023-04-06,1023,127,77,51,39,50,12,0.6062992125984252,0.7647058823529411,116
2023-04-07,1023,145,79,66,48,66,18,0.5448275862068965,0.7272727272727273,127
2023-04-08,1023,142,81,85,36,61,49,0.5704225352112676,0.4235294117647059,117
2023-04-09,1023,114,80,95,33,34,62,0.7017543859649122,0.3473684210526316,113
2023-04-10,1023,100,65,68,28,35,40,0.65,0.4117647058823529,93
2023-04-11,1023,112,75,77,47,37,30,0.6696428571428571,0.6103896103896104,122
2023-04-12,1023,127,75,59,37,52,22,0.5905511811023622,0.6271186440677966,112
2023-04-13,1023,105,78,81,39,27,42,0.7428571428571429,0.48148148148148145,117
2023-04-14,1023,131,81,91,45,50,46,0.6183206106870229,0.4945054945054945,126
2023-04-15,1023,120,86,73,34,34,39,0.7166666666666667,0.4657534246575342,120
2023-04-16,1023,113,99,99,42,14,57,0.8761061946902655,0.42424242424242425,141
2023-04-17,1023,129,76,89,32,53,57,0.5891472868217055,0.3595505617977528,108
2023-04-18,1023,137,61,50,42,76,8,0.44525547445255476,0.84,103
2023-04-19,1023,138,79,83,21,59,62,0.572463768115942,0.25301204819277107,100
2023-04-20,1023,131,88,100,47,43,53,0.6717557251908397,0.47,135
2023-04-21,1023,136,79,93,37,57,56,0.5808823529411765,0.3978494623655914,116
2023-04-22,1023,106,84,87,38,22,49,0.7924528301886793,0.4367816091954023,122
2023-04-23,1023,132,74,71,56,58,15,0.5606060606060606,0.7887323943661971,130
2023-04-24,1023,110,90,96,38,20,58,0.8181818181818182,0.3958333333333333,128
2023-04-25,1023,108,81,70,50,27,20,0.75,0.7142857142857143,131
2023-04-26,1023,137,96,55,38,41,17,0.7007299270072993,0.6909090909090909,134
2023-04-27,1023,120,84,71,42,36,29,0.7,0.5915492957746479,126
2023-04-28,1023,110,72,84,47,38,37,0.6545454545454545,0.5595238095238095,119
2023-04-29,1023,101,69,93,43,32,50,0.6831683168316832,0.46236559139784944,112
2023-04-30,1023,102,88,97,49,14,48,0.8627450980392157,0.5051546391752577,137
2023-05-01,1023,148,87,66,36,61,30,0.5878378378378378,0.5454545454545454,123
2023-05-02,1023,106,84,92,33,22,59,0.7924528301886793,0.358695652173913,117
2023-05-03,1023,144,80,71,38,64,33,0.5555555555555556,0.5352112676056338,118
2023-05-04,1023,141,75,75,51,66,24,0.5319148936170213,0.68,126
2023-05-05,1023,112,77,54,42,35,12,0.6875,0.7777777777777778,119
2023-05-06,1023,133,92,97,35,41,62,0.6917293233082706,0.36082474226804123,127
2023-05-07,1023,139,75,54,33,64,21,0.539568345323741,0.6111111111111112,108
2023-05-08,1023,149,85,51,41,64,10,0.5704697986577181,0.803921568627451,126
2023-05-09,1023,139,79,72,39,60,33,0.5683453237410072,0.5416666666666666,118
2023-05-10,1023,132,79,80,29,53,51,0.5984848484848485,0.3625,108
2023-05-11,1023,100,81,73,43,19,30,0.81,0.589041095890411,124
2023-05-12,1023,108,78,95,39,30,56,0.7222222222222222,0.4105263157894737,117
2023-05-13,1023,147,84,74,32,63,42,0.5714285714285714,0.43243243243243246,116
2023-05-14,1023,141,80,66,36,61,30,0.5673758865248227,0.5454545454545454,116
2023-05-15,1023,134,75,98,39,59,59,0.5597014925373134,0.3979591836734694,114
2023-05-16,1023,141,62,58,41,79,17,0.4397163120567376,0.7068965517241379,103
2023-05-17,1023,150,96,98,49,54,49,0.64,0.5,145
2023-05-18,1023,105,80,93,36,25,57,0.7619047619047619,0.3870967741935484,116
2023-05-19,1023,104,86,59,48,18,11,0.8269230769230769,0.8135593220338984,134
2023-05-20,1023,119,70,88,48,49,40,0.5882352941176471,0.5454545454545454,118
2023-05-21,1023,149,71,97,52,78,45,0.47651006711409394,0.5360824742268041,123
2023-05-22,1023,128,97,56,38,31,18,0.7578125,0.6785714285714286,135
2023-05-23,1023,136,81,69,33,55,36,0.5955882352941176,0.4782608695652174,114
2023-05-24,1023,108,84,66,41,24,25,0.7777777777777778,0.6212121212121212,125
2023-05-25,1023,146,74,95,40,72,55,0.5068493150684932,0.42105263157894735,114
2023-05-26,1023,149,84,73,41,65,32,0.5637583892617449,0.5616438356164384,125
2023-05-27,1023,118,87,77,29,31,48,0.7372881355932204,0.37662337662337664,116
2023-05-28,1023,109,68,99,51,41,48,0.6238532110091743,0.5151515151515151,119
2023-05-29,1023,132,87,78,43,45,35,0.6590909090909091,0.5512820512820513,130
2023-05-30,1023,144,72,83,39,72,44,0.5,0.46987951807228917,111
2023-05-31,1023,139,74,90,32,65,58,0.5323741007194245,0.35555555555555557,106
2023-06-01,1023,143,80,51,40,63,11,0.5594405594405595,0.7843137254901961,120
2023-06-02,1023,111,72,56,47,39,9,0.6486486486486487,0.8392857142857143,119
2023-06-03,1023,143,91,67,45,52,22,0.6363636363636364,0.6716417910447762,136
2023-06-04,1023,149,67,60,39,82,21,0.44966442953020136,0.65,106
2023-06-05,1023,112,79,63,45,33,18,0.7053571428571429,0.7142857142857143,124
2023-06-06,1023,148,80,85,26,68,59,0.5405405405405406,0.3058823529411765,106
2023-06-07,1023,112,70,78,40,42,38,0.625,0.5128205128205128,110
2023-06-08,1023,115,74,56,43,41,13,0.6434782608695652,0.7678571428571429,117
2023-06-09,1023,135,84,88,41,51,47,0.6222222222222222,0.4659090909090909,125
2023-06-10,1023,129,78,51,50,51,1,0.6046511627906976,0.9803921568627451,128
2023-06-11,1023,100,64,66,22,36,44,0.64,0.3333333333333333,86
2023-06-12,1023,140,90,56,48,50,8,0.6428571428571429,0.8571428571428571,138
2023-06-13,1023,109,81,59,28,28,31,0.7431192660550459,0.4745762711864407,109
2023-06-14,1023,128,81,59,38,47,21,0.6328125,0.6440677966101694,119
2023-06-15,1023,107,79,69,37,28,32,0.7383177570093458,0.5362318840579711,116
2023-06-16,1023,126,96,66,47,30,19,0.7619047619047619,0.7121212121212122,143
2023-06-17,1023,142,70,61,40,72,21,0.49295774647887325,0.6557377049180327,110
2023-06-18,1023,139,92,93,46,47,47,0.6618705035971223,0.4946236559139785,138
2023-06-19,1023,138,85,94,40,53,54,0.6159420289855072,0.425531914893617,125
2023-06-20,1023,111,85,54,43,26,11,0.7657657657657657,0.7962962962962963,128
2023-06-21,1023,117,80,52,29,37,23,0.6837606837606838,0.5576923076923077,109
2023-06-22,1023,116,75,70,41,41,29,0.646551724137931,0.5857142857142857,116
2023-06-23,1023,115,82,63,46,33,17,0.7130434782608696,0.7301587301587301,128
2023-06-24,1023,112,81,75,39,31,36,0.7232142857142857,0.52,120
2023-06-25,1023,123,56,86,35,67,51,0.45528455284552843,0.4069767441860465,91
2023-06-26,1023,101,83,71,48,18,23,0.8217821782178217,0.676056338028169,131
2023-06-27,1023,146,75,74,39,71,35,0.5136986301369864,0.527027027027027,114
2023-06-28,1023,141,77,56,33,64,23,0.5460992907801419,0.5892857142857143,110
2023-06-29,1023,119,75,55,55,44,0,0.6302521008403361,1,130
2023-06-30,1023,133,74,74,40,59,34,0.556390977443609,0.5405405405405406,114
2023-07-01,1023,105,87,70,37,18,33,0.8285714285714286,0.5285714285714286,124
2023-07-02,1023,145,84,62,32,61,30,0.5793103448275863,0.5161290322580645,116
2023-07-03,1023,100,86,51,45,14,6,0.86,0.8823529411764706,131
2023-07-04,1023,144,86,89,45,58,44,0.5972222222222222,0.5056179775280899,131
2023-07-05,1023,122,71,88,38,51,50,0.5819672131147541,0.4318181818181818,109
2023-07-06,1023,132,91,81,43,41,38,0.6893939393939394,0.5308641975308642,134
2023-07-07,1023,142,81,86,47,61,39,0.5704225352112676,0.5465116279069767,128
2023-07-08,1023,111,68,94,46,43,48,0.6126126126126126,0.48936170212765956,114
2023-07-09,1023,103,59,96,41,44,55,0.5728155339805825,0.4270833333333333,100
2023-07-10,1023,100,75,65,48,25,17,0.75,0.7384615384615385,123
2023-07-11,1023,146,64,97,31,82,66,0.4383561643835616,0.31958762886597936,95
2023-07-12,1023,127,81,73,27,46,46,0.6377952755905512,0.3698630136986301,108
2023-07-13,1023,125,86,88,50,39,38,0.688,0.5681818181818182,136
2023-07-14,1023,125,69,70,31,56,39,0.552,0.44285714285714284,100
2023-07-15,1023,145,78,100,42,67,58,0.5379310344827586,0.42,120
2023-07-16,1023,128,85,88,33,43,55,0.6640625,0.375,118
2023-07-17,1023,137,71,61,44,66,17,0.5182481751824818,0.7213114754098361,115
2023-07-18,1023,123,64,62,36,59,26,0.5203252032520326,0.5806451612903226,100
2023-07-19,1023,142,93,69,43,49,26,0.6549295774647887,0.6231884057971014,136
2023-07-20,1023,132,63,68,43,69,25,0.4772727272727273,0.6323529411764706,106
2023-07-21,1023,132,90,73,46,42,27,0.6818181818181818,0.6301369863013698,136
2023-07-22,1023,114,80,67,42,34,25,0.7017543859649122,0.6268656716417911,122
2023-07-23,1023,126,84,74,38,42,36,0.6666666666666666,0.5135135135135135,122
2023-07-24,1023,115,93,74,41,22,33,0.808695652173913,0.5540540540540541,134
2023-07-25,1023,113,79,95,34,34,61,0.6991150442477876,0.35789473684210527,113
2023-07-26,1023,149,89,80,34,60,46,0.5973154362416108,0.425,123
2023-07-27,1023,116,103,89,45,13,44,0.8879310344827587,0.5056179775280899,148
2023-07-28,1023,136,86,57,37,50,20,0.6323529411764706,0.6491228070175439,123
2023-07-29,1023,128,74,51,49,54,2,0.578125,0.9607843137254902,123
2023-07-30,1023,100,96,83,39,4,44,0.96,0.46987951807228917,135
2023-07-31,1023,102,84,77,41,18,36,0.8235294117647058,0.5324675324675324,125
2023-08-01,1023,102,78,85,48,24,37,0.7647058823529411,0.5647058823529412,126
2023-08-02,1023,112,71,79,37,41,42,0.6339285714285714,0.46835443037974683,108
2023-08-03,1023,105,90,75,56,15,19,0.8571428571428571,0.7466666666666667,146
2023-08-04,1023,140,82,90,41,58,49,0.5857142857142857,0.45555555555555555,123
2023-08-05,1023,108,89,88,40,19,48,0.8240740740740741,0.45454545454545453,129
2023-08-06,1023,131,85,51,31,46,20,0.648854961832061,0.6078431372549019,116
2023-08-07,1023,116,82,63,38,34,25,0.7068965517241379,0.6031746031746031,120
2023-08-08,1023,147,80,70,33,67,37,0.54421768707483,0.4714285714285714,113
2023-08-09,1023,106,60,94,40,46,54,0.5660377358490566,0.425531914893617,100
2023-08-10,1023,142,88,71,48,54,23,0.6197183098591549,0.676056338028169,136
2023-08-11,1023,112,93,51,48,19,3,0.8303571428571429,0.9411764705882353,141
2023-08-12,1023,114,86,64,30,28,34,0.7543859649122807,0.46875,116
2023-08-13,1023,105,80,80,47,25,33,0.7619047619047619,0.5875,127
2023-08-14,1023,148,72,88,36,76,52,0.4864864864864865,0.4090909090909091,108
2023-08-15,1023,143,71,51,38,72,13,0.4965034965034965,0.7450980392156863,109
2023-08-16,1023,147,80,88,44,67,44,0.54421768707483,0.5,124
2023-08-17,1023,125,86,64,44,39,20,0.688,0.6875,130
2023-08-18,1023,144,80,54,36,64,18,0.5555555555555556,0.6666666666666666,116
2023-08-19,1023,104,93,61,43,11,18,0.8942307692307693,0.7049180327868853,136
2023-08-20,1023,107,71,55,42,36,13,0.6635514018691588,0.7636363636363637,113
2023-08-21,1023,135,73,82,42,62,40,0.5407407407407407,0.5121951219512195,115
2023-08-22,1023,142,73,96,46,69,50,0.5140845070422535,0.4791666666666667,119
2023-08-23,1023,119,75,87,36,44,51,0.6302521008403361,0.41379310344827586,111
2023-08-24,1023,118,90,76,33,28,43,0.7627118644067796,0.4342105263157895,123
2023-08-25,1023,141,88,98,35,53,63,0.624113475177305,0.35714285714285715,123
2023-08-26,1023,145,78,58,42,67,16,0.5379310344827586,0.7241379310344828,120
2023-08-27,1023,111,88,86,46,23,40,0.7927927927927928,0.5348837209302325,134
2023-08-28,1023,125,76,64,57,49,7,0.608,0.890625,133
2023-08-29,1023,107,73,65,35,34,30,0.6822429906542056,0.5384615384615384,108
2023-08-30,1023,149,86,86,43,63,43,0.5771812080536913,0.5,129
2023-08-31,1023,104,89,78,39,15,39,0.8557692307692307,0.5,128
2023-09-01,1023,144,69,52,38,75,14,0.4791666666666667,0.7307692307692307,107
2023-09-02,1023,113,72,59,37,41,22,0.6371681415929203,0.6271186440677966,109
2023-09-03,1023,115,65,67,43,50,24,0.5652173913043478,0.6417910447761194,108
2023-09-04,1023,149,80,89,39,69,50,0.5369127516778524,0.43820224719101125,119
2023-09-05,1023,109,79,54,45,30,9,0.7247706422018348,0.8333333333333334,124
2023-09-06,1023,139,90,86,41,49,45,0.6474820143884892,0.47674418604651164,131
2023-09-07,1023,127,78,85,33,49,52,0.6141732283464567,0.38823529411764707,111
2023-09-08,1023,119,85,57,48,34,9,0.7142857142857143,0.8421052631578947,133
2023-09-09,1023,109,75,53,39,34,14,0.6880733944954128,0.7358490566037735,114
2023-09-10,1023,122,84,88,46,38,42,0.6885245901639344,0.5227272727272727,130
2023-09-11,1023,146,90,92,41,56,51,0.6164383561643836,0.44565217391304346,131
2023-09-12,1023,142,87,93,47,55,46,0.6126760563380281,0.5053763440860215,134
2023-09-13,1023,120,83,81,49,37,32,0.6916666666666667,0.6049382716049383,132
2023-09-14,1023,119,99,90,33,20,57,0.8319327731092437,0.36666666666666664,132
2023-09-15,1023,117,77,55,39,40,16,0.6581196581196581,0.7090909090909091,116
2023-09-16,1023,115,85,61,35,30,26,0.7391304347826086,0.5737704918032787,120
2023-09-17,1023,104,79,55,42,25,13,0.7596153846153846,0.7636363636363637,121
2023-09-18,1023,110,92,77,27,18,50,0.8363636363636363,0.35064935064935066,119
2023-09-19,1023,127,91,87,29,36,58,0.7165354330708661,0.3333333333333333,120
2023-09-20,1023,137,78,78,38,59,40,0.5693430656934306,0.48717948717948717,116
2023-09-21,1023,103,97,66,38,6,28,0.941747572815534,0.5757575757575758,135
2023-09-22,1023,123,74,97,35,49,62,0.6016260162601627,0.36082474226804123,109
2023-09-23,1023,100,70,69,47,30,22,0.7,0.6811594202898551,117
2023-09-24,1023,135,78,61,42,57,19,0.5777777777777777,0.6885245901639344,120
2023-09-25,1023,114,79,52,45,35,7,0.6929824561403509,0.8653846153846154,124
2023-09-26,1023,120,65,73,44,55,29,0.5416666666666666,0.6027397260273972,109
2023-09-27,1023,142,64,53,47,78,6,0.4507042253521127,0.8867924528301887,111
2023-09-28,1023,136,75,97,30,61,67,0.5514705882352942,0.30927835051546393,105
2023-09-29,1023,106,84,61,42,22,19,0.7924528301886793,0.6885245901639344,126
2023-09-30,1023,129,78,55,47,51,8,0.6046511627906976,0.8545454545454545,125
2023-10-01,1023,127,86,83,45,41,38,0.6771653543307087,0.54216867469879515,131
2023-10-02,1023,122,78,91,46,44,45,0.639344262295082,0.5054945054945055,124
2023-10-03,1023,124,89,80,34,35,46,0.717741935483871,0.425,123
2023-10-04,1023,141,87,78,48,54,30,0.6170212765957447,0.6153846153846154,135
2023-10-05,1023,121,81,56,45,40,11,0.6694214876033058,0.8035714285714286,126
2023-10-06,1023,141,87,72,46,54,26,0.6170212765957447,0.6388888888888888,133
2023-10-07,1023,142,83,87,41,59,46,0.5845070422535211,0.47126436781609193,124
2023-10-08,1023,133,69,76,32,64,44,0.518796992481203,0.42105263157894735,101
2023-10-09,1023,102,79,69,30,23,39,0.7745098039215687,0.43478260869565216,109
2023-10-10,1023,149,98,79,37,51,42,0.6577181208053692,0.46835443037974683,135
2023-10-11,1023,132,66,67,34,66,33,0.5,0.5074626865671642,100
2023-10-12,1023,140,76,86,31,64,55,0.5428571428571428,0.36046511627906974,107
2023-10-13,1023,108,99,51,33,9,18,0.9166666666666666,0.6470588235294118,132
2023-10-14,1023,102,67,62,37,35,25,0.6568627450980392,0.5967741935483871,104
2023-10-15,1023,135,79,54,53,56,1,0.5851851851851851,0.9814814814814815,132
2023-10-16,1023,115,79,64,41,36,23,0.6869565217391305,0.640625,120
2023-10-17,1023,121,98,55,43,23,12,0.8099173553719008,0.7818181818181819,141
2023-10-18,1023,141,84,79,51,57,28,0.5957446808510638,0.6455696202531646,135
2023-10-19,1023,145,84,69,51,61,18,0.5793103448275863,0.7391304347826086,135
2023-10-20,1023,141,80,62,53,61,9,0.5673758865248227,0.8548387096774194,133
2023-10-21,1023,109,83,51,31,26,20,0.7614678899082569,0.6078431372549019,114
2023-10-22,1023,126,69,72,46,57,26,0.5476190476190477,0.6388888888888888,115
2023-10-23,1023,105,52,99,31,53,68,0.49523809523809526,0.31313131313131315,83
2023-10-24,1023,103,80,60,31,23,29,0.7766990291262136,0.5166666666666667,111
2023-10-25,1023,111,77,77,32,34,45,0.6936936936936937,0.4155844155844156,109
2023-10-26,1023,127,82,99,42,45,57,0.6456692913385826,0.42424242424242425,124
2023-10-27,1023,136,62,100,37,74,63,0.45588235294117646,0.37,99
2023-10-28,1023,142,75,96,32,67,64,0.528169014084507,0.3333333333333333,107
2023-10-29,1023,123,80,50,50,43,0,0.6504065040650406,1,130
2023-10-30,1023,115,70,52,44,45,8,0.6086956521739131,0.8461538461538461,114
2023-10-31,1023,127,79,100,33,48,67,0.6220472440944882,0.33,112
2023-11-01,1023,113,77,98,54,36,44,0.6814159292035398,0.5510204081632653,131
2023-11-02,1023,132,81,82,44,51,38,0.6136363636363636,0.5365853658536586,125
2023-11-03,1023,123,94,54,32,29,22,0.7642276422764228,0.5925925925925926,126
2023-11-04,1023,150,86,54,33,64,21,0.5733333333333334,0.6111111111111112,119
2023-11-05,1023,101,78,61,33,23,28,0.7722772277227723,0.5409836065573771,111
2023-11-06,1023,119,73,53,43,46,10,0.6134453781512605,0.8113207547169812,116
2023-11-07,1023,120,80,81,40,40,41,0.6666666666666666,0.49382716049382713,120
2023-11-08,1023,125,75,93,42,50,51,0.6,0.45161290322580644,117
2023-11-09,1023,125,67,73,44,58,29,0.536,0.6027397260273972,111
2023-11-10,1023,132,71,54,40,61,14,0.5378787878787878,0.7407407407407407,111
2023-11-11,1023,137,82,63,42,55,21,0.5985401459854015,0.6666666666666666,124
2023-11-12,1023,106,83,100,48,23,52,0.78301886792452835,0.48,131
2023-11-13,1023,120,78,97,52,42,45,0.65,0.5360824742268041,130
2023-11-14,1023,116,96,71,37,20,34,0.8275862068965517,0.5211267605633803,133
2023-11-15,1023,111,87,84,39,24,45,0.7837837837837838,0.4642857142857143,126
2023-11-16,1023,113,87,82,48,26,34,0.7699115044247787,0.5853658536585366,135
2023-11-17,1023,118,74,63,44,44,19,0.6271186440677966,0.6984126984126984,118
2023-11-18,1023,116,67,69,48,49,21,0.5775862068965517,0.6956521739130435,115
2023-11-19,1023,148,76,83,48,72,35,0.5135135135135135,0.5783132530120482,124
2023-11-20,1023,119,78,67,38,41,29,0.6554621848739496,0.5671641791044776,116
2023-11-21,1023,138,78,66,45,60,21,0.5652173913043478,0.6818181818181818,123
2023-11-22,1023,132,91,66,26,41,40,0.6893939393939394,0.3939393939393939,117
2023-11-23,1023,139,81,54,51,58,3,0.5827338129496403,0.9444444444444444,132
2023-11-24,1023,149,96,51,42,53,9,0.6442953020134228,0.8235294117647058,138
2023-11-25,1023,100,79,73,45,21,28,0.79,0.6164383561643836,124
2023-11-26,1023,133,88,87,39,45,48,0.6616541353383458,0.4482758620689655,127
2023-11-27,1023,111,79,73,34,32,39,0.7117117117117117,0.4657534246575342,113
2023-11-28,1023,145,59,68,33,86,35,0.4068965517241379,0.4852941176470588,92
2023-11-29,1023,125,73,88,41,52,47,0.584,0.4659090909090909,114
2023-11-30,1023,147,87,53,44,60,9,0.5918367346938775,0.8301886792452831,131
2023-12-01,1023,146,83,73,34,63,39,0.5684931506849316,0.4657534246575342,117
2023-12-02,1023,104,91,96,41,13,55,0.875,0.4270833333333333,132
2023-12-03,1023,103,68,71,43,35,28,0.6601941747572816,0.6056338028169014,111
2023-12-04,1023,132,97,95,44,35,51,0.7348484848484849,0.4631578947368421,141
2023-12-05,1023,110,74,96,42,36,54,0.6727272727272727,0.4375,116
2023-12-06,1023,131,76,75,33,55,42,0.5801526717557252,0.44,109
2023-12-07,1023,145,69,77,38,76,39,0.47586206896551725,0.4935064935064935,107
2023-12-08,1023,137,92,52,39,45,13,0.6715328467153284,0.75,131
2023-12-09,1023,129,81,71,45,48,26,0.627906976744186,0.6338028169014085,126
2023-12-10,1023,126,71,73,36,55,37,0.5634920634920635,0.4931506849315068,107
2023-12-11,1023,124,81,63,39,43,24,0.6532258064516129,0.6190476190476191,120
2023-12-12,1023,145,81,52,52,64,0,0.5586206896551724,1,133
2023-12-13,1023,136,86,59,39,50,20,0.6323529411764706,0.6610169491525424,125
2023-12-14,1023,121,78,63,45,43,18,0.6446280991735537,0.7142857142857143,123
2023-12-15,1023,147,91,96,39,56,57,0.6190476190476191,0.40625,130
2023-12-16,1023,130,82,86,35,48,51,0.6307692307692307,0.4069767441860465,117
2023-12-17,1023,142,81,60,41,61,19,0.5704225352112676,0.6833333333333333,122
2023-12-18,1023,137,74,82,49,63,33,0.5401459854014599,0.5975609756097561,123
2023-12-19,1023,123,78,58,37,45,21,0.6341463414634146,0.6379310344827587,115
2023-12-20,1023,118,73,90,35,45,55,0.6186440677966102,0.3888888888888889,108
2023-12-21,1023,112,72,51,42,40,9,0.6428571428571429,0.8235294117647058,114
2023-12-22,1023,121,65,82,37,56,45,0.5371900826446281,0.45121951219512196,102
2023-12-23,1023,130,89,58,35,41,23,0.6846153846153846,0.603448275862069,124
2023-12-24,1023,106,82,67,51,24,16,0.7735849056603774,0.7611940298507462,133
2023-12-25,1023,103,76,75,44,27,31,0.7378640776699029,0.5866666666666667,120
2023-12-26,1023,137,73,65,38,64,27,0.5328467153284672,0.5846153846153846,111
2023-12-27,1023,104,76,65,50,28,15,0.7307692307692307,0.7692307692307693,126
2023-12-28,1023,132,105,90,26,27,64,0.7954545454545454,0.28888888888888886,131
2023-12-29,1023,121,93,100,37,28,63,0.768595041322314,0.37,130
2023-12-30,1023,146,90,73,37,56,36,0.6164383561643836,0.5068493150684932,127
2023-12-31,1023,127,93,73,47,34,26,0.7322834645669292,0.6438356164383562,140
2023-01-01,1024,120,69,99,35,51,64,0.575,0.35353535353535354,104
2023-01-02,1024,149,82,96,31,67,65,0.5503355704697986,0.3229166666666667,113
2023-01-03,1024,134,82,81,32,52,49,0.6119402985074627,0.3950617283950617,114
2023-01-04,1024,123,68,94,40,55,54,0.5528455284552846,0.425531914893617,108
2023-01-05,1024,123,73,91,37,50,54,0.5934959349593496,0.4065934065934066,110
2023-01-06,1024,136,97,83,42,39,41,0.7132352941176471,0.5060240963855421,139
2023-01-07,1024,142,66,51,31,76,20,0.4647887323943662,0.6078431372549019,97
2023-01-08,1024,142,89,74,35,53,39,0.6267605633802817,0.47297297297297297,124
2023-01-09,1024,131,83,53,49,48,4,0.6335877862595419,0.9245283018867925,132
2023-01-10,1024,115,88,99,32,27,67,0.7652173913043478,0.32323232323232326,120
2023-01-11,1024,150,66,62,44,84,18,0.44,0.7096774193548387,110
2023-01-12,1024,140,87,93,47,53,46,0.6214285714285714,0.5053763440860215,134
2023-01-13,1024,137,80,73,30,57,43,0.583941605839416,0.410958904109589,110
2023-01-14,1024,108,78,71,36,30,35,0.7222222222222222,0.5070422535211268,114
2023-01-15,1024,138,107,58,46,31,12,0.7753623188405797,0.7931034482758621,153
2023-01-16,1024,104,74,53,40,30,13,0.7115384615384616,0.7547169811320755,114
2023-01-17,1024,138,76,58,56,62,2,0.5507246376811594,0.9655172413793104,132
2023-01-18,1024,106,92,68,46,14,22,0.8679245283018868,0.6764705882352942,138
2023-01-19,1024,119,80,65,36,39,29,0.6722689075630253,0.5538461538461539,116
2023-01-20,1024,142,72,93,63,70,30,0.5070422535211268,0.6774193548387096,135
2023-01-21,1024,149,80,56,33,69,23,0.5369127516778524,0.5892857142857143,113
2023-01-22,1024,117,96,97,38,21,59,0.8205128205128205,0.3917525773195876,134
2023-01-23,1024,123,65,61,39,58,22,0.5284552845528455,0.639344262295082,104
2023-01-24,1024,121,82,100,33,39,67,0.6776859504132231,0.33,115
2023-01-25,1024,137,87,91,39,50,52,0.635036496350365,0.42857142857142855,126
2023-01-26,1024,101,82,51,36,19,15,0.8118811881188119,0.7058823529411765,118
2023-01-27,1024,137,74,71,34,63,37,0.5401459854014599,0.4788732394366197,108
2023-01-28,1024,132,89,74,38,43,36,0.6742424242424242,0.5135135135135135,127
2023-01-29,1024,121,60,81,37,61,44,0.49586776859504134,0.4567901234567901,97
2023-01-30,1024,116,89,75,34,27,41,0.7672413793103449,0.4533333333333333,123
2023-01-31,1024,111,83,98,41,28,57,0.7477477477477478,0.41836734693877553,124
2023-02-01,1024,120,70,93,49,50,44,0.5833333333333334,0.5268817204301075,119
2023-02-02,1024,143,84,97,37,59,60,0.5874125874125874,0.38144329896907214,121
2023-02-03,1024,127,68,56,37,59,19,0.5354330708661418,0.6607142857142857,105
2023-02-04,1024,100,71,81,40,29,41,0.71,0.49382716049382713,111
2023-02-05,1024,146,73,50,43,73,7,0.5,0.86,116
2023-02-06,1024,112,78,73,50,34,23,0.6964285714285714,0.684931506849315,128
2023-02-07,1024,116,86,59,37,30,22,0.7413793103448276,0.6271186440677966,123
2023-02-08,1024,112,82,83,43,30,40,0.7321428571428571,0.5180722891566265,125
2023-02-09,1024,149,79,87,45,70,42,0.5302013422818792,0.5172413793103449,124
2023-02-10,1024,128,86,96,46,42,50,0.671875,0.4791666666666667,132
2023-02-11,1024,129,70,60,39,59,21,0.5426356589147286,0.65,109
2023-02-12,1024,128,82,53,38,46,15,0.640625,0.71698113207547165,120
2023-02-13,1024,107,81,68,37,26,31,0.7570093457943925,0.5441176470588235,118
2023-02-14,1024,132,81,88,37,51,51,0.6136363636363636,0.42045454545454547,118
2023-02-15,1024,150,72,75,38,78,37,0.48,0.5066666666666667,110
2023-02-16,1024,149,101,68,32,48,36,0.6778523489932886,0.47058823529411764,133
2023-02-17,1024,134,88,56,31,46,25,0.6567164179104478,0.5535714285714286,119
2023-02-18,1024,138,81,84,46,57,38,0.5869565217391305,0.5476190476190477,127
2023-02-19,1024,102,93,83,43,9,40,0.9117647058823529,0.5180722891566265,136
2023-02-20,1024,113,78,78,35,35,43,0.6902654867256637,0.44871794871794873,113
2023-02-21,1024,146,87,65,43,59,22,0.5958904109589042,0.6615384615384615,130
2023-02-22,1024,124,79,71,39,45,32,0.6370967741935484,0.5492957746478874,118
2023-02-23,1024,106,78,63,40,28,23,0.7358490566037735,0.6349206349206349,118
2023-02-24,1024,112,70,89,38,42,51,0.625,0.42696629213483145,108
2023-02-25,1024,107,83,73,45,24,28,0.7757009345794392,0.6164383561643836,128
2023-02-26,1024,111,78,55,31,33,24,0.7027027027027027,0.5636363636363636,109
2023-02-27,1024,141,78,96,48,63,48,0.5531914893617021,0.5,126
2023-02-28,1024,129,98,99,38,31,61,0.7596899224806202,0.3838383838383838,136
2023-03-01,1024,115,93,91,31,22,60,0.808695652173913,0.34065934065934067,124
2023-03-02,1024,127,86,87,42,41,45,0.6771653543307087,0.4827586206896552,128
2023-03-03,1024,110,60,100,49,50,51,0.5454545454545454,0.49,109
2023-03-04,1024,124,87,55,32,37,23,0.7016129032258065,0.5818181818181818,119
2023-03-05,1024,123,84,84,38,39,46,0.6829268292682927,0.4523809523809524,122
2023-03-06,1024,129,65,70,40,64,30,0.5038759689922481,0.5714285714285714,105
2023-03-07,1024,116,74,96,21,42,75,0.6379310344827587,0.21875,95
2023-03-08,1024,112,76,73,41,36,32,0.6785714285714286,0.5616438356164384,117
2023-03-09,1024,144,87,72,48,57,24,0.6041666666666666,0.6666666666666666,135
2023-03-10,1024,120,89,88,39,31,49,0.7416666666666667,0.4431818181818182,128
2023-03-11,1024,137,80,52,41,57,11,0.583941605839416,0.7884615384615384,121
2023-03-12,1024,124,68,59,45,56,14,0.5483870967741935,0.7627118644067796,113
2023-03-13,1024,104,81,96,38,23,58,0.7788461538461539,0.3958333333333333,119
2023-03-14,1024,131,77,53,34,54,19,0.5877862595419847,0.6415094339622641,111
2023-03-15,1024,147,73,85,39,74,46,0.4965986394557823,0.4588235294117647,112
2023-03-16,1024,112,70,51,41,42,10,0.625,0.803921568627451,111
2023-03-17,1024,103,74,95,37,29,58,0.7184466019417476,0.3894736842105263,111
2023-03-18,1024,111,87,63,38,24,25,0.7837837837837838,0.6031746031746031,125
2023-03-19,1024,117,76,69,40,41,29,0.6495726495726496,0.5797101449275363,116
2023-03-20,1024,115,89,54,39,26,15,0.7739130434782608,0.7222222222222222,128
2023-03-21,1024,136,74,92,38,62,54,0.5441176470588235,0.41304347826086957,112
2023-03-22,1024,127,85,62,41,42,21,0.6692913385826772,0.6612903225806451,126
2023-03-23,1024,115,80,73,41,35,32,0.6956521739130435,0.5616438356164384,121
2023-03-24,1024,131,102,60,37,29,23,0.7786259541984732,0.6166666666666667,139
2023-03-25,1024,148,79,68,40,69,28,0.5337837837837838,0.5882352941176471,119
2023-03-26,1024,105,84,78,39,21,39,0.8,0.5,123
2023-03-27,1024,150,69,97,56,81,41,0.46,0.5773195876288659,125
2023-03-28,1024,123,79,54,38,44,16,0.6422764227642277,0.7037037037037037,117
2023-03-29,1024,139,78,66,32,61,34,0.5611510791366906,0.48484848484848486,110
2023-03-30,1024,114,80,56,43,34,13,0.7017543859649122,0.7678571428571429,123
2023-03-31,1024,104,84,82,55,20,27,0.8076923076923077,0.6707317073170732,139
2023-04-01,1024,142,76,87,32,66,55,0.5352112676056338,0.367816091954023,108
2023-04-02,1024,111,84,97,39,27,58,0.7567567567567568,0.4020618556701031,123
2023-04-03,1024,105,67,50,37,38,13,0.638095238095238,0.74,104
2023-04-04,1024,124,75,95,47,49,48,0.6048387096774194,0.49473684210526314,122
2023-04-05,1024,102,67,52,36,35,16,0.6568627450980392,0.6923076923076923,103
2023-04-06,1024,150,89,66,37,61,29,0.5933333333333334,0.5606060606060606,126
2023-04-07,1024,113,83,80,47,30,33,0.7345132743362832,0.5875,130
2023-04-08,1024,113,91,83,40,22,43,0.8053097345132744,0.4819277108433735,131
2023-04-09,1024,106,70,73,38,36,35,0.660377358490566,0.5205479452054794,108
2023-04-10,1024,103,86,70,37,17,33,0.8349514563106796,0.5285714285714286,123
2023-04-11,1024,115,68,82,24,47,58,0.591304347826087,0.2926829268292683,92
2023-04-12,1024,102,82,69,36,20,33,0.803921568627451,0.5217391304347826,118
2023-04-13,1024,107,78,97,28,29,69,0.7289719626168224,0.28865979381443296,106
2023-04-14,1024,112,85,58,35,27,23,0.7589285714285714,0.603448275862069,120
2023-04-15,1024,103,82,78,41,21,37,0.7961165048543689,0.5256410256410257,123
2023-04-16,1024,110,78,68,40,32,28,0.7090909090909091,0.5882352941176471,118
2023-04-17,1024,121,74,93,55,47,38,0.6115702479338843,0.5913978494623656,129
2023-04-18,1024,134,83,52,49,51,3,0.6194029850746269,0.9423076923076923,132
2023-04-19,1024,150,91,87,40,59,47,0.6066666666666667,0.45977011494252873,131
2023-04-20,1024,114,75,75,46,39,29,0.6578947368421053,0.6133333333333333,121
2023-04-21,1024,113,91,77,43,22,34,0.8053097345132744,0.5584415584415584,134
2023-04-22,1024,121,70,76,49,51,27,0.5785123966942148,0.6447368421052632,119
2023-04-23,1024,123,100,51,43,23,8,0.8130081300813008,0.8431372549019608,143
2023-04-24,1024,107,66,83,36,41,47,0.616822429906542,0.43373493975903615,102
2023-04-25,1024,133,78,65,50,55,15,0.5864661654135338,0.7692307692307693,128
2023-04-26,1024,120,71,71,41,49,30,0.5916666666666667,0.5774647887323944,112
2023-04-27,1024,110,87,73,40,23,33,0.7909090909090909,0.547945205479452,127
2023-04-28,1024,114,85,53,44,29,9,0.7456140350877193,0.8301886792452831,129
2023-04-29,1024,115,77,76,39,38,37,0.6695652173913044,0.5131578947368421,116
2023-04-30,1024,102,76,50,41,26,9,0.7450980392156863,0.82,117
2023-05-01,1024,141,82,73,43,59,30,0.5815602836879432,0.589041095890411,125
2023-05-02,1024,132,92,54,46,40,8,0.696969696969697,0.8518518518518519,138
2023-05-03,1024,105,79,76,42,26,34,0.7523809523809524,0.5526315789473685,121
2023-05-04,1024,131,77,76,42,54,34,0.5877862595419847,0.5526315789473685,119
2023-05-05,1024,150,81,78,36,69,42,0.54,0.46153846153846156,117
2023-05-06,1024,149,92,75,42,57,33,0.6174496644295302,0.56,134
2023-05-07,1024,113,66,98,34,47,64,0.584070796460177,0.3469387755102041,100
2023-05-08,1024,142,69,88,43,73,45,0.4859154929577465,0.48863636363636365,112
2023-05-09,1024,137,63,79,33,74,46,0.45985401459854014,0.4177215189873418,96
2023-05-10,1024,128,71,97,34,57,63,0.5546875,0.35051546391752575,105
2023-05-11,1024,115,80,76,34,35,42,0.6956521739130435,0.4473684210526316,114
2023-05-12,1024,135,79,89,43,56,46,0.5851851851851851,0.48314606741573035,122
2023-05-13,1024,123,78,61,43,45,18,0.6341463414634146,0.7049180327868853,121
2023-05-14,1024,150,87,90,39,63,51,0.58,0.43333333333333335,126
2023-05-15,1024,122,77,96,43,45,53,0.6311475409836066,0.4479166666666667,120
2023-05-16,1024,101,83,89,30,18,59,0.8217821782178217,0.33707865168539325,113
2023-05-17,1024,103,66,97,43,37,54,0.6407766990291263,0.44329896907216493,109
2023-05-18,1024,101,98,99,35,3,64,0.9702970297029703,0.35353535353535354,133
2023-05-19,1024,132,95,87,38,37,49,0.7196969696969697,0.4367816091954023,133
2023-05-20,1024,112,82,60,35,30,25,0.7321428571428571,0.5833333333333334,117
2023-05-21,1024,109,86,85,54,23,31,0.7889908256880734,0.6352941176470588,140
2023-05-22,1024,126,79,78,37,47,41,0.626984126984127,0.47435897435897434,116
2023-05-23,1024,108,103,83,30,5,53,0.9537037037037037,0.3614457831325301,133
2023-05-24,1024,125,66,74,40,59,34,0.528,0.5405405405405406,106
2023-05-25,1024,123,85,77,35,38,42,0.6910569105691057,0.45454545454545453,120
2023-05-26,1024,120,73,86,48,47,38,0.6083333333333333,0.5581395348837209,121
2023-05-27,1024,133,89,99,35,44,64,0.6691729323308271,0.35353535353535354,124
2023-05-28,1024,137,79,97,40,58,57,0.5766423357664233,0.41237113402061853,119
2023-05-29,1024,113,83,58,40,30,18,0.7345132743362832,0.6896551724137931,123
2023-05-30,1024,142,68,91,46,74,45,0.4788732394366197,0.5054945054945055,114
2023-05-31,1024,141,76,66,33,65,33,0.5390070921985816,0.5,109
2023-06-01,1024,117,88,57,45,29,12,0.7521367521367521,0.7894736842105263,133
2023-06-02,1024,141,78,84,39,63,45,0.5531914893617021,0.4642857142857143,117
2023-06-03,1024,120,71,80,39,49,41,0.5916666666666667,0.4875,110
2023-06-04,1024,111,65,59,45,46,14,0.5855855855855856,0.7627118644067796,110
2023-06-05,1024,111,86,58,48,25,10,0.7747747747747747,0.8275862068965517,134
2023-06-06,1024,137,82,91,38,55,53,0.5985401459854015,0.4175824175824176,120
2023-06-07,1024,135,94,57,38,41,19,0.6962962962962963,0.6666666666666666,132
2023-06-08,1024,149,78,90,49,71,41,0.5234899328859061,0.5444444444444444,127
2023-06-09,1024,123,78,93,37,45,56,0.6341463414634146,0.3978494623655914,115
2023-06-10,1024,129,86,61,38,43,23,0.6666666666666666,0.6229508196721312,124
2023-06-11,1024,108,70,78,45,38,33,0.6481481481481481,0.5769230769230769,115
2023-06-12,1024,139,68,83,38,71,45,0.4892086330935252,0.4578313253012048,106
2023-06-13,1024,102,70,60,41,32,19,0.6862745098039216,0.6833333333333333,111
2023-06-14,1024,110,77,82,36,33,46,0.7,0.43902439024390244,113
2023-06-15,1024,132,76,70,28,56,42,0.5757575757575758,0.4,104
2023-06-16,1024,106,86,86,40,20,46,0.8113207547169812,0.46511627906976744,126
2023-06-17,1024,103,87,84,29,16,55,0.8446601941747572,0.34523809523809523,116
2023-06-18,1024,143,76,50,38,67,12,0.5314685314685315,0.76,114
2023-06-19,1024,103,73,77,49,30,28,0.7087378640776699,0.6363636363636364,122
2023-06-20,1024,132,82,78,38,50,40,0.6212121212121212,0.48717948717948717,120
2023-06-21,1024,148,77,92,46,71,46,0.5202702702702703,0.5,123
2023-06-22,1024,128,84,77,36,44,41,0.65625,0.4675324675324675,120
2023-06-23,1024,138,92,70,42,46,28,0.6666666666666666,0.6,134
2023-06-24,1024,103,77,70,42,26,28,0.7475728155339806,0.6,119
2023-06-25,1024,135,89,58,30,46,28,0.6592592592592592,0.5172413793103449,119
2023-06-26,1024,143,86,83,34,57,49,0.6013986013986014,0.40963855421686746,120
2023-06-27,1024,106,64,95,42,42,53,0.6037735849056604,0.4421052631578947,106
2023-06-28,1024,134,81,76,36,53,40,0.6044776119402985,0.47368421052631576,117
2023-06-29,1024,141,90,100,47,51,53,0.6382978723404256,0.47,137
2023-06-30,1024,129,76,71,24,53,47,0.5891472868217055,0.3380281690140845,100
2023-07-01,1024,103,82,83,46,21,37,0.7961165048543689,0.5542168674698795,128
2023-07-02,1024,142,79,62,35,63,27,0.5563380281690141,0.5645161290322581,114
2023-07-03,1024,133,73,71,33,60,38,0.5488721804511278,0.4647887323943662,106
2023-07-04,1024,134,84,81,35,50,46,0.6268656716417911,0.43209876543209874,119
2023-07-05,1024,102,72,80,33,30,47,0.7058823529411765,0.4125,105
2023-07-06,1024,125,80,52,42,45,10,0.64,0.8076923076923077,122
2023-07-07,1024,104,98,67,39,6,28,0.9423076923076923,0.582089552238806,137
2023-07-08,1024,126,92,51,47,34,4,0.7301587301587301,0.9215686274509803,139
2023-07-09,1024,105,78,81,34,27,47,0.7428571428571429,0.41975308641975306,112
2023-07-10,1024,123,79,88,37,44,51,0.6422764227642277,0.42045454545454547,116
2023-07-11,1024,137,85,70,40,52,30,0.6204379562043796,0.5714285714285714,125
2023-07-12,1024,146,76,95,43,70,52,0.5205479452054794,0.45263157894736844,119
2023-07-13,1024,122,86,69,47,36,22,0.7049180327868853,0.6811594202898551,133
2023-07-14,1024,109,59,98,50,50,48,0.5412844036697247,0.5102040816326531,109
2023-07-15,1024,138,99,87,33,39,54,0.717391304347826,0.3793103448275862,132
2023-07-16,1024,143,80,93,37,63,56,0.5594405594405595,0.3978494623655914,117
2023-07-17,1024,112,95,97,40,17,57,0.8482142857142857,0.41237113402061853,135
2023-07-18,1024,142,84,57,37,58,20,0.5915492957746479,0.6491228070175439,121
2023-07-19,1024,104,69,65,32,35,33,0.6634615384615384,0.49230769230769234,101
2023-07-20,1024,130,91,55,40,39,15,0.7,0.7272727272727273,131
2023-07-21,1024,144,82,71,36,62,35,0.5694444444444444,0.5070422535211268,118
2023-07-22,1024,130,81,70,39,49,31,0.6230769230769231,0.5571428571428572,120
2023-07-23,1024,131,77,84,52,54,32,0.5877862595419847,0.6190476190476191,129
2023-07-24,1024,131,89,72,46,42,26,0.6793893129770993,0.6388888888888888,135
2023-07-25,1024,129,84,50,45,45,5,0.6511627906976745,0.9,129
2023-07-26,1024,112,84,95,30,28,65,0.75,0.3157894736842105,114
2023-07-27,1024,133,91,61,46,42,15,0.6842105263157895,0.7540983606557377,137
2023-07-28,1024,132,78,65,48,54,17,0.5909090909090909,0.7384615384615385,126
2023-07-29,1024,115,91,96,47,24,49,0.7913043478260869,0.4895833333333333,138
2023-07-30,1024,143,69,72,53,74,19,0.4825174825174825,0.7361111111111112,122
2023-07-31,1024,150,79,90,47,71,43,0.5266666666666666,0.5222222222222223,126
2023-08-01,1024,133,75,98,45,58,53,0.5639097744360902,0.45918367346938777,120
2023-08-02,1024,110,71,69,33,39,36,0.6454545454545455,0.4782608695652174,104
2023-08-03,1024,140,81,53,38,59,15,0.5785714285714286,0.71698113207547165,119
2023-08-04,1024,109,80,78,35,29,43,0.7339449541284404,0.44871794871794873,115
2023-08-05,1024,127,70,72,30,57,42,0.5511811023622047,0.4166666666666667,100
2023-08-06,1024,138,72,72,33,66,39,0.5217391304347826,0.4583333333333333,105
2023-08-07,1024,108,104,52,51,4,1,0.9629629629629629,0.9807692307692307,155
2023-08-08,1024,133,80,59,48,53,11,0.6015037593984962,0.8135593220338984,128
2023-08-09,1024,128,76,97,35,52,62,0.59375,0.36082474226804123,111
2023-08-10,1024,121,73,90,48,48,42,0.6033057851239669,0.5333333333333333,121
2023-08-11,1024,128,76,74,38,52,36,0.59375,0.5135135135135135,114
2023-08-12,1024,137,84,93,36,53,57,0.6131386861313869,0.3870967741935484,120
2023-08-13,1024,129,77,73,51,52,22,0.5968992248062015,0.6986301369863014,128
2023-08-14,1024,120,73,96,29,47,67,0.6083333333333333,0.3020833333333333,102
2023-08-15,1024,150,83,72,42,67,30,0.5533333333333333,0.5833333333333334,125
2023-08-16,1024,136,87,55,32,49,23,0.6397058823529411,0.5818181818181818,119
2023-08-17,1024,109,86,68,39,23,29,0.7889908256880734,0.5735294117647058,125
2023-08-18,1024,132,73,73,36,59,37,0.553030303030303,0.4931506849315068,109
2023-08-19,1024,101,84,73,36,17,37,0.8316831683168316,0.4931506849315068,120
2023-08-20,1024,105,70,82,32,35,50,0.6666666666666666,0.3902439024390244,102
2023-08-21,1024,123,81,87,34,42,53,0.6585365853658537,0.39080459770114945,115
2023-08-22,1024,134,92,66,47,42,19,0.6865671641791045,0.7121212121212122,139
2023-08-23,1024,100,93,87,45,7,42,0.93,0.5172413793103449,138
2023-08-24,1024,132,90,83,44,42,39,0.6818181818181818,0.5301204819277109,134
2023-08-25,1024,140,72,51,41,68,10,0.5142857142857142,0.803921568627451,113
2023-08-26,1024,144,88,73,39,56,34,0.6111111111111112,0.5342465753424658,127
2023-08-27,1024,108,86,71,38,22,33,0.7962962962962963,0.5352112676056338,124
2023-08-28,1024,115,82,90,50,33,40,0.7130434782608696,0.5555555555555556,132
2023-08-29,1024,149,73,77,42,76,35,0.4899328859060403,0.5454545454545454,115
2023-08-30,1024,108,87,68,43,21,25,0.8055555555555556,0.6323529411764706,130
2023-08-31,1024,102,97,77,47,5,30,0.9509803921568627,0.6103896103896104,144
2023-09-01,1024,145,75,63,47,70,16,0.5172413793103449,0.746031746031746,122
2023-09-02,1024,124,80,50,43,44,7,0.6451612903225806,0.86,123
2023-09-03,1024,113,65,57,40,48,17,0.5752212389380531,0.7017543859649122,105
2023-09-04,1024,116,75,78,48,41,30,0.646551724137931,0.6153846153846154,123
2023-09-05,1024,150,86,99,42,64,57,0.5733333333333334,0.42424242424242425,128
2023-09-06,1024,127,74,61,47,53,14,0.5826771653543307,0.7704918032786885,121
2023-09-07,1024,100,64,70,44,36,26,0.64,0.6285714285714286,108
2023-09-08,1024,125,92,70,36,33,34,0.736,0.5142857142857142,128
2023-09-09,1024,124,82,55,47,42,8,0.6612903225806451,0.8545454545454545,129
2023-09-10,1024,149,62,95,34,87,61,0.4161073825503356,0.35789473684210527,96
2023-09-11,1024,102,64,63,36,38,27,0.6274509803921569,0.5714285714285714,100
2023-09-12,1024,134,78,91,41,56,50,0.582089552238806,0.45054945054945056,119
2023-09-13,1024,140,75,79,43,65,36,0.5357142857142857,0.5443037974683544,118
2023-09-14,1024,101,89,66,37,12,29,0.8811881188118812,0.5606060606060606,126
2023-09-15,1024,116,78,75,43,38,32,0.6724137931034483,0.5733333333333334,121
2023-09-16,1024,120,74,85,27,46,58,0.6166666666666667,0.3176470588235294,101
2023-09-17,1024,114,75,66,35,39,31,0.6578947368421053,0.5303030303030303,110
2023-09-18,1024,128,87,54,42,41,12,0.6796875,0.7777777777777778,129
2023-09-19,1024,101,91,82,42,10,40,0.900990099009901,0.5121951219512195,133
2023-09-20,1024,140,92,91,32,48,59,0.6571428571428571,0.3516483516483517,124
2023-09-21,1024,147,73,55,30,74,25,0.4965986394557823,0.5454545454545454,103
2023-09-22,1024,108,77,69,34,31,35,0.7129629629629629,0.4927536231884058,111
2023-09-23,1024,130,84,91,36,46,55,0.6461538461538462,0.3956043956043956,120
2023-09-24,1024,110,80,97,40,30,57,0.7272727272727273,0.41237113402061853,120
2023-09-25,1024,104,89,52,40,15,12,0.8557692307692307,0.7692307692307693,129
2023-09-26,1024,133,86,99,43,47,56,0.6466165413533834,0.43434343434343436,129
2023-09-27,1024,131,96,75,45,35,30,0.732824427480916,0.6,141
2023-09-28,1024,125,93,83,33,32,50,0.744,0.39759036144578314,126
2023-09-29,1024,133,82,90,41,51,49,0.6165413533834586,0.45555555555555555,123
2023-09-30,1024,109,72,56,49,37,7,0.6605504587155964,0.875,121
2023-10-01,1024,142,86,99,38,56,61,0.6056338028169014,0.3838383838383838,124
2023-10-02,1024,122,95,69,34,27,35,0.7786885245901639,0.4927536231884058,129
2023-10-03,1024,104,69,95,25,35,70,0.6634615384615384,0.2631578947368421,94
2023-10-04,1024,122,86,56,42,36,14,0.7049180327868853,0.75,128
2023-10-05,1024,112,82,78,29,30,49,0.7321428571428571,0.3717948717948718,111
2023-10-06,1024,121,86,84,40,35,44,0.7107438016528925,0.47619047619047616,126
2023-10-07,1024,142,77,53,38,65,15,0.5422535211267606,0.71698113207547165,115
2023-10-08,1024,119,78,62,46,41,16,0.6554621848739496,0.7419354838709677,124
2023-10-09,1024,123,85,90,33,38,57,0.6910569105691057,0.36666666666666664,118
2023-10-10,1024,137,91,50,39,46,11,0.6642335766423357,0.78,130
2023-10-11,1024,119,80,85,49,39,36,0.6722689075630253,0.5764705882352941,129
2023-10-12,1024,150,78,86,37,72,49,0.52,0.43023255813953487,115
2023-10-13,1024,129,80,59,35,49,24,0.6201550387596899,0.5932203389830508,115
2023-10-14,1024,147,81,83,39,66,44,0.5510204081632653,0.46987951807228917,120
2023-10-15,1024,149,76,57,39,73,18,0.5100671140939598,0.6842105263157895,115
2023-10-16,1024,146,85,98,43,61,55,0.5821917808219178,0.4387755102040816,128
2023-10-17,1024,128,80,70,41,48,29,0.625,0.5857142857142857,121
2023-10-18,1024,106,84,67,41,22,26,0.7924528301886793,0.6119402985074627,125
2023-10-19,1024,129,92,70,36,37,34,0.7131782945736435,0.5142857142857142,128
2023-10-20,1024,116,71,69,42,45,27,0.6120689655172413,0.6086956521739131,113
2023-10-21,1024,140,92,52,40,48,12,0.6571428571428571,0.7692307692307693,132
2023-10-22,1024,123,88,74,49,35,25,0.7154471544715447,0.6621621621621622,137
2023-10-23,1024,141,80,84,45,61,39,0.5673758865248227,0.5357142857142857,125
2023-10-24,1024,123,67,71,34,56,37,0.5447154471544715,0.4788732394366197,101
2023-10-25,1024,141,90,87,36,51,51,0.6382978723404256,0.41379310344827586,126
2023-10-26,1024,124,77,95,42,47,53,0.6209677419354839,0.4421052631578947,119
2023-10-27,1024,134,57,64,43,77,21,0.4253731343283582,0.671875,100
2023-10-28,1024,108,69,57,35,39,22,0.6388888888888888,0.6140350877192983,104
2023-10-29,1024,116,79,70,32,37,38,0.6810344827586207,0.45714285714285713,111
2023-10-30,1024,126,66,53,40,60,13,0.5238095238095238,0.7547169811320755,106
2023-10-31,1024,100,87,68,37,13,31,0.87,0.5441176470588235,124
2023-11-01,1024,149,100,72,42,49,30,0.6711409395973155,0.5833333333333334,142
2023-11-02,1024,121,85,54,49,36,5,0.7024793388429752,0.9074074074074074,134
2023-11-03,1024,136,74,57,42,62,15,0.5441176470588235,0.7368421052631579,116
2023-11-04,1024,125,69,60,43,56,17,0.552,0.7166666666666667,112
2023-11-05,1024,140,94,61,41,46,20,0.6714285714285714,0.6721311475409836,135
2023-11-06,1024,117,74,83,39,43,44,0.6324786324786325,0.46987951807228917,113
2023-11-07,1024,142,87,52,42,55,10,0.6126760563380281,0.8076923076923077,129
2023-11-08,1024,137,70,79,32,67,47,0.5109489051094891,0.4050632911392405,102
2023-11-09,1024,138,81,56,40,57,16,0.5869565217391305,0.7142857142857143,121
2023-11-10,1024,106,75,80,41,31,39,0.7075471698113207,0.5125,116
2023-11-11,1024,121,101,70,43,20,27,0.8347107438016529,0.6142857142857143,144
2023-11-12,1024,149,75,54,33,74,21,0.5033557046979866,0.6111111111111112,108
2023-11-13,1024,128,68,83,34,60,49,0.53125,0.40963855421686746,102
2023-11-14,1024,131,79,52,41,52,11,0.6030534351145038,0.7884615384615384,120
2023-11-15,1024,105,80,97,40,25,57,0.7619047619047619,0.41237113402061853,120
2023-11-16,1024,135,86,75,35,49,40,0.6370370370370371,0.4666666666666667,121
2023-11-17,1024,148,93,92,43,55,49,0.6283783783783784,0.4673913043478261,136
2023-11-18,1024,125,94,98,35,31,63,0.752,0.35714285714285715,129
2023-11-19,1024,108,67,77,44,41,33,0.6203703703703703,0.5714285714285714,111
2023-11-20,1024,122,69,85,31,53,54,0.5655737704918032,0.36470588235294116,100
2023-11-21,1024,135,88,80,52,47,28,0.6518518518518519,0.65,140
2023-11-22,1024,131,88,55,42,43,13,0.6717557251908397,0.7636363636363637,130
2023-11-23,1024,113,89,57,43,24,14,0.7876106194690266,0.7543859649122807,132
2023-11-24,1024,126,69,94,37,57,57,0.5476190476190477,0.39361702127659576,106
2023-11-25,1024,105,100,62,35,5,27,0.9523809523809523,0.5645161290322581,135
2023-11-26,1024,103,74,82,46,29,36,0.7184466019417476,0.5609756097560976,120
2023-11-27,1024,141,81,93,38,60,55,0.574468085106383,0.40860215053763443,119
2023-11-28,1024,109,96,69,34,13,35,0.8807339449541285,0.4927536231884058,130
2023-11-29,1024,136,77,56,42,59,14,0.5661764705882353,0.75,119
2023-11-30,1024,125,74,73,38,51,35,0.592,0.5205479452054794,112
2023-12-01,1024,120,73,59,39,47,20,0.6083333333333333,0.6610169491525424,112
2023-12-02,1024,107,75,91,33,32,58,0.7009345794392523,0.3626373626373626,108
2023-12-03,1024,135,99,87,37,36,50,0.7333333333333333,0.42528735632183906,136
2023-12-04,1024,137,79,82,33,58,49,0.5766423357664233,0.4024390243902439,112
2023-12-05,1024,146,88,65,46,58,19,0.6027397260273972,0.7076923076923077,134
2023-12-06,1024,104,69,58,30,35,28,0.6634615384615384,0.5172413793103449,99
2023-12-07,1024,140,76,71,43,64,28,0.5428571428571428,0.6056338028169014,119
2023-12-08,1024,103,77,81,42,26,39,0.7475728155339806,0.5185185185185185,119
2023-12-09,1024,143,79,54,40,64,14,0.5524475524475524,0.7407407407407407,119
2023-12-10,1024,108,78,50,44,30,6,0.7222222222222222,0.88,122
2023-12-11,1024,100,84,98,42,16,56,0.84,0.42857142857142855,126
2023-12-12,1024,134,77,75,40,57,35,0.5746268656716418,0.5333333333333333,117
2023-12-13,1024,140,90,93,41,50,52,0.6428571428571429,0.44086021505376344,131
2023-12-14,1024,145,70,63,41,75,22,0.4827586206896552,0.6507936507936508,111
2023-12-15,1024,125,84,60,31,41,29,0.672,0.5166666666666667,115
2023-12-16,1024,130,79,99,37,51,62,0.6076923076923076,0.37373737373737376,116
2023-12-17,1024,112,76,92,38,36,54,0.6785714285714286,0.41304347826086957,114
2023-12-18,1024,120,81,72,46,39,26,0.675,0.6388888888888888,127
2023-12-19,1024,135,62,96,34,73,62,0.45925925925925926,0.3541666666666667,96
2023-12-20,1024,129,70,73,33,59,40,0.5426356589147286,0.4520547945205479,103
2023-12-21,1024,119,69,71,27,50,44,0.5798319327731093,0.38028169014084506,96
2023-12-22,1024,112,92,87,37,20,50,0.8214285714285714,0.42528735632183906,129
2023-12-23,1024,126,65,59,34,61,25,0.5158730158730159,0.576271186440678,99
2023-12-24,1024,117,79,89,48,38,41,0.6752136752136753,0.5393258426966292,127
2023-12-25,1024,107,72,77,36,35,41,0.6728971962616822,0.4675324675324675,108
2023-12-26,1024,118,79,83,40,39,43,0.6694915254237288,0.4819277108433735,119
2023-12-27,1024,106,86,67,45,20,22,0.8113207547169812,0.6716417910447762,131
2023-12-28,1024,109,74,56,39,35,17,0.6788990825688074,0.6964285714285714,113
2023-12-29,1024,123,73,58,33,50,25,0.5934959349593496,0.5689655172413793,106
2023-12-30,1024,145,89,77,33,56,44,0.6137931034482759,0.42857142857142855,122
2023-12-31,1024,102,84,79,52,18,27,0.8235294117647058,0.6582278481012658,136
2023-01-01,1025,122,77,82,44,45,38,0.6311475409836066,0.5365853658536586,121
2023-01-02,1025,131,82,74,33,49,41,0.6259541984732825,0.44594594594594594,115
2023-01-03,1025,122,95,99,38,27,61,0.7786885245901639,0.3838383838383838,133
2023-01-04,1025,114,79,59,47,35,12,0.6929824561403509,0.7966101694915254,126
2023-01-05,1025,121,84,69,30,37,39,0.6942148760330579,0.43478260869565216,114
2023-01-06,1025,110,93,64,49,17,15,0.8454545454545455,0.765625,142
2023-01-07,1025,136,76,63,45,60,18,0.5588235294117647,0.7142857142857143,121
2023-01-08,1025,140,80,64,35,60,29,0.5714285714285714,0.546875,115
2023-01-09,1025,118,81,53,33,37,20,0.6864406779661016,0.6226415094339622,114
2023-01-10,1025,117,65,66,35,52,31,0.5555555555555556,0.5303030303030303,100
2023-01-11,1025,126,70,82,39,56,43,0.5555555555555556,0.47560975609756095,109
2023-01-12,1025,116,72,64,49,44,15,0.6206896551724138,0.765625,121
2023-01-13,1025,100,86,63,37,14,26,0.86,0.5873015873015873,123
2023-01-14,1025,106,78,100,42,28,58,0.7358490566037735,0.42,120
2023-01-15,1025,138,70,83,35,68,48,0.5072463768115942,0.42168674698795183,105
2023-01-16,1025,136,88,98,35,48,63,0.6470588235294118,0.35714285714285715,123
2023-01-17,1025,133,79,82,41,54,41,0.5939849624060151,0.5,120
2023-01-18,1025,135,80,60,42,55,18,0.5925925925925926,0.7,122
2023-01-19,1025,150,83,83,39,67,44,0.5533333333333333,0.46987951807228917,122
2023-01-20,1025,144,79,78,45,65,33,0.5486111111111112,0.5769230769230769,124
2023-01-21,1025,126,74,78,47,52,31,0.5873015873015873,0.6025641025641025,121
2023-01-22,1025,110,70,56,35,40,21,0.6363636363636364,0.625,105
2023-01-23,1025,113,94,58,36,19,22,0.831858407079646,0.6206896551724138,130
2023-01-24,1025,149,77,79,37,72,42,0.5167785234899329,0.46835443037974683,114
2023-01-25,1025,135,72,96,32,63,64,0.5333333333333333,0.3333333333333333,104
2023-01-26,1025,139,71,58,46,68,12,0.5107913669064749,0.7931034482758621,117
2023-01-27,1025,107,102,71,34,5,37,0.9532710280373832,0.4788732394366197,136
2023-01-28,1025,106,84,99,51,22,48,0.7924528301886793,0.5151515151515151,135
2023-01-29,1025,102,90,60,50,12,10,0.8823529411764706,0.8333333333333334,140
2023-01-30,1025,119,81,81,48,38,33,0.680672268907563,0.5925925925925926,129
2023-01-31,1025,103,93,68,38,10,30,0.9029126213592233,0.5588235294117647,131
2023-02-01,1025,140,90,81,34,50,47,0.6428571428571429,0.41975308641975306,124
2023-02-02,1025,110,79,83,33,31,50,0.7181818181818181,0.39759036144578314,112
2023-02-03,1025,128,71,89,51,57,38,0.5546875,0.5730337078651685,122
2023-02-04,1025,116,70,69,38,46,31,0.603448275862069,0.5507246376811594,108
2023-02-05,1025,149,87,99,42,62,57,0.5838926174496645,0.42424242424242425,129
2023-02-06,1025,123,86,74,37,37,37,0.6991869918699187,0.5,123
2023-02-07,1025,130,91,71,46,39,25,0.7,0.647887323943662,137
2023-02-08,1025,136,79,92,40,57,52,0.5808823529411765,0.43478260869565216,119
2023-02-09,1025,139,60,66,40,79,26,0.4316546762589928,0.6060606060606061,100
2023-02-10,1025,133,66,100,41,67,59,0.49624060150375937,0.41,107
2023-02-11,1025,101,74,95,42,27,53,0.7326732673267327,0.4421052631578947,116
2023-02-12,1025,137,100,61,46,37,15,0.7299270072992701,0.7540983606557377,146
2023-02-13,1025,103,89,80,38,14,42,0.8640776699029126,0.475,127
2023-02-14,1025,107,78,71,37,29,34,0.7289719626168224,0.5211267605633803,115
2023-02-15,1025,121,84,90,34,37,56,0.6942148760330579,0.37777777777777777,118
2023-02-16,1025,123,89,80,46,34,34,0.7235772357723578,0.575,135
2023-02-17,1025,121,60,85,44,61,41,0.49586776859504134,0.5176470588235295,104
2023-02-18,1025,114,99,94,39,15,55,0.868421052631579,0.4148936170212766,138
2023-02-19,1025,138,96,89,35,42,54,0.6956521739130435,0.39325842696629215,131
2023-02-20,1025,145,72,71,50,73,21,0.496551724137931,0.704225352112676,122
2023-02-21,1025,112,77,50,49,35,1,0.6875,0.98,126
2023-02-22,1025,150,90,100,50,60,50,0.6,0.5,140
2023-02-23,1025,108,66,87,35,42,52,0.6111111111111112,0.40229885057471265,101
2023-02-24,1025,149,96,91,33,53,58,0.6442953020134228,0.3626373626373626,129
2023-02-25,1025,143,68,90,43,75,47,0.4755244755244755,0.4777777777777778,111
2023-02-26,1025,135,84,64,39,51,25,0.6222222222222222,0.609375,123
2023-02-27,1025,140,92,63,33,48,30,0.6571428571428571,0.5238095238095238,125
2023-02-28,1025,124,62,57,54,62,3,0.5,0.9473684210526315,116
2023-03-01,1025,137,87,99,33,50,66,0.635036496350365,0.3333333333333333,120
2023-03-02,1025,102,87,55,41,15,14,0.8529411764705882,0.7454545454545455,128
2023-03-03,1025,114,66,88,45,48,43,0.5789473684210527,0.5113636363636364,111
2023-03-04,1025,112,91,59,38,21,21,0.8125,0.6440677966101694,129
2023-03-05,1025,103,92,84,40,11,44,0.8932038834951457,0.47619047619047616,132
2023-03-06,1025,107,68,50,39,39,11,0.6355140186915887,0.78,107
2023-03-07,1025,110,84,90,41,26,49,0.7636363636363637,0.45555555555555555,125
2023-03-08,1025,124,91,62,29,33,33,0.7338709677419355,0.46774193548387094,120
2023-03-09,1025,129,77,59,40,52,19,0.5968992248062015,0.6779661016949152,117
2023-03-10,1025,145,79,55,43,66,12,0.5448275862068965,0.7818181818181819,122
2023-03-11,1025,146,77,97,44,69,53,0.5273972602739726,0.4536082474226804,121
2023-03-12,1025,108,92,66,48,16,18,0.8518518518518519,0.7272727272727273,140
2023-03-13,1025,149,96,58,22,53,36,0.6442953020134228,0.3793103448275862,118
2023-03-14,1025,140,63,73,30,77,43,0.45,0.410958904109589,93
2023-03-15,1025,102,76,93,51,26,42,0.7450980392156863,0.5483870967741935,127
2023-03-16,1025,124,96,61,31,28,30,0.7741935483870968,0.5081967213114754,127
2023-03-17,1025,130,93,95,42,37,53,0.7153846153846154,0.4421052631578947,135
2023-03-18,1025,142,84,63,37,58,26,0.5915492957746479,0.5873015873015873,121
2023-03-19,1025,112,94,92,41,18,51,0.8392857142857143,0.44565217391304346,135
2023-03-20,1025,104,71,89,42,33,47,0.6826923076923077,0.47191011235955055,113
2023-03-21,1025,136,69,57,40,67,17,0.5073529411764706,0.7017543859649122,109
2023-03-22,1025,113,74,76,39,39,37,0.6548672566371682,0.5131578947368421,113
2023-03-23,1025,101,96,95,37,5,58,0.9504950495049505,0.3894736842105263,133
2023-03-24,1025,135,71,89,47,64,42,0.5259259259259259,0.5280898876404494,118
2023-03-25,1025,135,87,98,35,48,63,0.6444444444444445,0.35714285714285715,122
2023-03-26,1025,145,93,96,52,52,44,0.6413793103448275,0.5416666666666666,145
2023-03-27,1025,136,75,84,54,61,30,0.5514705882352942,0.6428571428571429,129
2023-03-28,1025,149,101,80,46,48,34,0.6778523489932886,0.575,147
2023-03-29,1025,132,69,94,43,63,51,0.5227272727272727,0.4574468085106383,112
2023-03-30,1025,109,70,94,34,39,60,0.6422018348623854,0.3617021276595745,104
2023-03-31,1025,123,82,84,40,41,44,0.6666666666666666,0.47619047619047616,122
2023-04-01,1025,107,74,58,28,33,30,0.6915887850467289,0.4827586206896552,102
2023-04-02,1025,150,94,65,34,56,31,0.6266666666666667,0.5230769230769231,128
2023-04-03,1025,137,84,95,46,53,49,0.6131386861313869,0.4842105263157895,130
2023-04-04,1025,117,83,64,38,34,26,0.7094017094017094,0.59375,121
2023-04-05,1025,110,70,83,42,40,41,0.6363636363636364,0.5060240963855421,112
2023-04-06,1025,110,80,96,38,30,58,0.7272727272727273,0.3958333333333333,118
2023-04-07,1025,131,86,71,37,45,34,0.6564885496183206,0.5211267605633803,123
2023-04-08,1025,145,88,62,29,57,33,0.6068965517241379,0.46774193548387094,117
2023-04-09,1025,118,83,76,37,35,39,0.7033898305084746,0.4868421052631579,120
2023-04-10,1025,136,88,100,31,48,69,0.6470588235294118,0.31,119
2023-04-11,1025,147,78,71,48,69,23,0.5306122448979592,0.676056338028169,126
2023-04-12,1025,146,77,80,32,69,48,0.5273972602739726,0.4,109
2023-04-13,1025,107,88,84,46,19,38,0.822429906542056,0.5476190476190477,134
2023-04-14,1025,143,84,74,45,59,29,0.5874125874125874,0.6081081081081081,129
2023-04-15,1025,126,76,72,49,50,23,0.6031746031746031,0.6805555555555556,125
2023-04-16,1025,111,79,57,42,32,15,0.7117117117117117,0.7368421052631579,121
2023-04-17,1025,104,80,59,39,24,20,0.7692307692307693,0.6610169491525424,119
2023-04-18,1025,116,80,80,28,36,52,0.6896551724137931,0.35,108
2023-04-19,1025,149,91,64,33,58,31,0.610738255033557,0.515625,124
2023-04-20,1025,116,82,90,42,34,48,0.7068965517241379,0.4666666666666667,124
2023-04-21,1025,141,90,64,48,51,16,0.6382978723404256,0.75,138
2023-04-22,1025,122,100,62,35,22,27,0.819672131147541,0.5645161290322581,135
2023-04-23,1025,122,72,68,38,50,30,0.5901639344262295,0.5588235294117647,110
2023-04-24,1025,139,81,93,31,58,62,0.5827338129496403,0.3333333333333333,112
2023-04-25,1025,102,79,70,35,23,35,0.7745098039215687,0.5,114
2023-04-26,1025,142,82,56,56,60,0,0.5774647887323944,1,138
2023-04-27,1025,135,83,77,35,52,42,0.6148148148148148,0.45454545454545453,118
2023-04-28,1025,103,79,56,50,24,6,0.7669902912621359,0.8928571428571429,129
2023-04-29,1025,115,77,57,41,38,16,0.6695652173913044,0.7192982456140351,118
2023-04-30,1025,122,74,93,32,48,61,0.6065573770491803,0.34408602150537637,106
2023-05-01,1025,119,87,66,47,32,19,0.7310924369747899,0.7121212121212122,134
2023-05-02,1025,104,84,71,39,20,32,0.8076923076923077,0.5492957746478874,123
2023-05-03,1025,123,85,92,44,38,48,0.6910569105691057,0.4782608695652174,129
2023-05-04,1025,115,73,94,42,42,52,0.6347826086956522,0.44680851063829785,115
2023-05-05,1025,112,79,72,35,33,37,0.7053571428571429,0.4861111111111111,114
2023-05-06,1025,144,87,65,25,57,40,0.6041666666666666,0.38461538461538464,112
2023-05-07,1025,117,76,92,33,41,59,0.6495726495726496,0.358695652173913,109
2023-05-08,1025,132,82,54,25,50,29,0.6212121212121212,0.46296296296296297,107
2023-05-09,1025,104,81,79,35,23,44,0.7788461538461539,0.4430379746835443,116
2023-05-10,1025,138,90,60,49,48,11,0.6521739130434783,0.8166666666666667,139
2023-05-11,1025,100,80,60,42,20,18,0.8,0.7,122
2023-05-12,1025,106,59,68,30,47,38,0.5566037735849056,0.4411764705882353,89
2023-05-13,1025,147,77,94,41,70,53,0.5238095238095238,0.43617021276595747,118
2023-05-14,1025,111,70,98,36,41,62,0.6306306306306306,0.3673469387755102,106
2023-05-15,1025,150,89,80,36,61,44,0.5933333333333334,0.45,125
2023-05-16,1025,107,73,98,38,34,60,0.6822429906542056,0.3877551020408163,111
2023-05-17,1025,140,78,60,46,62,14,0.5571428571428572,0.7666666666666667,124
2023-05-18,1025,146,76,82,38,70,44,0.5205479452054794,0.4634146341463415,114
2023-05-19,1025,138,85,83,37,53,46,0.6159420289855072,0.4457831325301205,122
2023-05-20,1025,147,74,60,44,73,16,0.5034013605442177,0.7333333333333333,118
2023-05-21,1025,141,93,89,41,48,48,0.6595744680851063,0.4606741573033708,134
2023-05-22,1025,120,92,65,33,28,32,0.7666666666666667,0.5076923076923077,125
2023-05-23,1025,134,78,75,38,56,37,0.582089552238806,0.5066666666666667,116
2023-05-24,1025,146,75,52,34,71,18,0.5136986301369864,0.6538461538461539,109
2023-05-25,1025,106,94,78,35,12,43,0.8867924528301887,0.44871794871794873,129
2023-05-26,1025,102,83,51,35,19,16,0.8137254901960784,0.6862745098039216,118
2023-05-27,1025,125,76,82,40,49,42,0.608,0.4878048780487805,116
2023-05-28,1025,131,72,78,29,59,49,0.549618320610687,0.3717948717948718,101
2023-05-29,1025,131,66,82,41,65,41,0.5038167938931297,0.5,107
2023-05-30,1025,123,89,74,39,34,35,0.7235772357723578,0.527027027027027,128
2023-05-31,1025,102,79,67,44,23,23,0.7745098039215687,0.6567164179104478,123
2023-06-01,1025,130,79,94,38,51,56,0.6076923076923076,0.40425531914893614,117
2023-06-02,1025,150,83,85,38,67,47,0.5533333333333333,0.4470588235294118,121
2023-06-03,1025,140,73,90,44,67,46,0.5214285714285715,0.4888888888888889,117
2023-06-04,1025,119,71,90,36,48,54,0.5966386554621849,0.4,107
2023-06-05,1025,134,80,62,36,54,26,0.5970149253731343,0.5806451612903226,116
2023-06-06,1025,147,81,86,56,66,30,0.5510204081632653,0.6511627906976745,137
2023-06-07,1025,138,76,83,45,62,38,0.5507246376811594,0.54216867469879515,121
2023-06-08,1025,120,87,58,39,33,19,0.725,0.6724137931034483,126
2023-06-09,1025,141,89,79,40,52,39,0.6312056737588653,0.5063291139240507,129
2023-06-10,1025,135,79,51,39,56,12,0.5851851851851851,0.7647058823529411,118
2023-06-11,1025,130,83,86,42,47,44,0.6384615384615384,0.4883720930232558,125
2023-06-12,1025,118,80,77,39,38,38,0.6779661016949152,0.5064935064935064,119
2023-06-13,1025,109,89,62,36,20,26,0.8165137614678899,0.5806451612903226,125
2023-06-14,1025,103,71,58,49,32,9,0.6893203883495146,0.8448275862068966,120
2023-06-15,1025,145,82,96,34,63,62,0.5655172413793104,0.3541666666666667,116
2023-06-16,1025,129,77,95,39,52,56,0.5968992248062015,0.4105263157894737,116
2023-06-17,1025,148,61,82,47,87,35,0.41216216216216217,0.573170731707317,108
2023-06-18,1025,120,86,65,40,34,25,0.7166666666666667,0.6153846153846154,126
2023-06-19,1025,117,83,70,38,34,32,0.7094017094017094,0.5428571428571428,121
2023-06-20,1025,133,83,77,43,50,34,0.6240601503759399,0.5584415584415584,126
2023-06-21,1025,132,80,91,47,52,44,0.6060606060606061,0.5164835164835165,127
2023-06-22,1025,119,69,73,41,50,32,0.5798319327731093,0.5616438356164384,110
2023-06-23,1025,147,77,93,37,70,56,0.5238095238095238,0.3978494623655914,114
2023-06-24,1025,101,91,95,39,10,56,0.900990099009901,0.4105263157894737,130
2023-06-25,1025,115,78,83,31,37,52,0.6782608695652174,0.37349397590361444,109
2023-06-26,1025,131,75,52,46,56,6,0.5725190839694656,0.8846153846153846,121
2023-06-27,1025,112,87,60,46,25,14,0.7767857142857143,0.7666666666666667,133
2023-06-28,1025,120,74,64,37,46,27,0.6166666666666667,0.578125,111
2023-06-29,1025,114,69,58,40,45,18,0.6052631578947368,0.6896551724137931,109
2023-06-30,1025,101,67,80,44,34,36,0.6633663366336634,0.55,111
2023-07-01,1025,140,79,55,44,61,11,0.5642857142857143,0.8,123
2023-07-02,1025,139,79,94,43,60,51,0.5683453237410072,0.4574468085106383,122
2023-07-03,1025,109,85,74,47,24,27,0.7798165137614679,0.6351351351351351,132
2023-07-04,1025,127,83,100,48,44,52,0.6535433070866141,0.48,131
2023-07-05,1025,115,82,76,50,33,26,0.7130434782608696,0.6578947368421053,132
2023-07-06,1025,113,70,76,53,43,23,0.6194690265486725,0.6973684210526315,123
2023-07-07,1025,110,85,68,44,25,24,0.7727272727272727,0.6470588235294118,129
2023-07-08,1025,122,86,65,52,36,13,0.7049180327868853,0.8,138
2023-07-09,1025,135,76,65,37,59,28,0.562962962962963,0.5692307692307692,113
2023-07-10,1025,123,87,89,43,36,46,0.7073170731707317,0.48314606741573035,130
2023-07-11,1025,101,72,65,44,29,21,0.7128712871287128,0.676923076923077,116
2023-07-12,1025,105,73,58,42,32,16,0.6952380952380952,0.7241379310344828,115
2023-07-13,1025,138,66,69,51,72,18,0.4782608695652174,0.7391304347826086,117
2023-07-14,1025,124,92,82,42,32,40,0.7419354838709677,0.5121951219512195,134
2023-07-15,1025,105,81,54,44,24,10,0.7714285714285715,0.8148148148148148,125
2023-07-16,1025,127,85,98,41,42,57,0.6692913385826772,0.41836734693877553,126
2023-07-17,1025,133,77,55,44,56,11,0.5789473684210527,0.8,121
2023-07-18,1025,113,67,62,39,46,23,0.5929203539823009,0.6290322580645161,106
2023-07-19,1025,118,77,75,38,41,37,0.652542372881356,0.5066666666666667,115
2023-07-20,1025,113,75,85,32,38,53,0.6637168141592921,0.3764705882352941,107
2023-07-21,1025,150,78,58,43,72,15,0.52,0.7413793103448276,121
2023-07-22,1025,145,95,58,53,50,5,0.6551724137931034,0.9137931034482759,148
2023-07-23,1025,127,91,97,42,36,55,0.7165354330708661,0.4329896907216495,133
2023-07-24,1025,141,82,71,50,59,21,0.5815602836879432,0.704225352112676,132
2023-07-25,1025,126,84,75,37,42,38,0.6666666666666666,0.49333333333333335,121
2023-07-26,1025,100,67,78,32,33,46,0.67,0.41025641025641024,99
2023-07-27,1025,147,91,82,56,56,26,0.6190476190476191,0.6829268292682927,147
2023-07-28,1025,127,79,65,39,48,26,0.6220472440944882,0.6,118
2023-07-29,1025,115,64,73,41,51,32,0.5565217391304348,0.5616438356164384,105
2023-07-30,1025,102,97,59,43,5,16,0.9509803921568627,0.7288135593220338,140
2023-07-31,1025,138,91,94,40,47,54,0.6594202898550725,0.425531914893617,131
2023-08-01,1025,148,82,70,37,66,33,0.5540540540540541,0.5285714285714286,119
2023-08-02,1025,113,72,80,34,41,46,0.6371681415929203,0.425,106
2023-08-03,1025,123,70,97,38,53,59,0.5691056910569106,0.3917525773195876,108
2023-08-04,1025,114,75,78,39,39,39,0.6578947368421053,0.5,114
2023-08-05,1025,105,76,67,37,29,30,0.7238095238095238,0.5522388059701493,113
2023-08-06,1025,123,87,97,44,36,53,0.7073170731707317,0.4536082474226804,131
2023-08-07,1025,146,70,55,39,76,16,0.4794520547945205,0.7090909090909091,109
2023-08-08,1025,147,82,76,43,65,33,0.5578231292517006,0.5657894736842105,125
2023-08-09,1025,138,71,97,39,67,58,0.5144927536231884,0.4020618556701031,110
2023-08-10,1025,129,77,95,44,52,51,0.5968992248062015,0.4631578947368421,121
2023-08-11,1025,134,70,55,41,64,14,0.5223880597014925,0.7454545454545455,111
2023-08-12,1025,143,76,66,27,67,39,0.5314685314685315,0.4090909090909091,103
2023-08-13,1025,128,78,63,31,50,32,0.609375,0.49206349206349204,109
2023-08-14,1025,140,91,97,36,49,61,0.65,0.3711340206185567,127
2023-08-15,1025,108,76,63,32,32,31,0.7037037037037037,0.5079365079365079,108
2023-08-16,1025,138,85,76,45,53,31,0.6159420289855072,0.5921052631578947,130
2023-08-17,1025,131,70,91,33,61,58,0.5343511450381679,0.3626373626373626,103
2023-08-18,1025,131,74,100,45,57,55,0.5648854961832062,0.45,119
2023-08-19,1025,139,87,68,32,52,36,0.6258992805755396,0.47058823529411764,119
2023-08-20,1025,101,80,88,29,21,59,0.7920792079207921,0.32954545454545453,109
2023-08-21,1025,143,62,79,35,81,44,0.43356643356643354,0.4430379746835443,97
2023-08-22,1025,126,83,51,36,43,15,0.6587301587301587,0.7058823529411765,119
2023-08-23,1025,137,103,86,38,34,48,0.7518248175182481,0.4418604651162791,141
2023-08-24,1025,107,76,51,43,31,8,0.7102803738317757,0.8431372549019608,119
2023-08-25,1025,121,80,92,34,41,58,0.6611570247933884,0.3695652173913043,114
2023-08-26,1025,120,93,93,38,27,55,0.775,0.40860215053763443,131
2023-08-27,1025,106,85,97,42,21,55,0.8018867924528302,0.4329896907216495,127
2023-08-28,1025,137,88,67,39,49,28,0.6423357664233577,0.582089552238806,127
2023-08-29,1025,150,77,72,31,73,41,0.5133333333333333,0.4305555555555556,108
2023-08-30,1025,142,75,67,36,67,31,0.528169014084507,0.5373134328358209,111
2023-08-31,1025,145,88,82,48,57,34,0.6068965517241379,0.5853658536585366,136
2023-09-01,1025,110,84,73,35,26,38,0.7636363636363637,0.4794520547945205,119
2023-09-02,1025,119,74,76,45,45,31,0.6218487394957983,0.5921052631578947,119
2023-09-03,1025,145,83,68,39,62,29,0.5724137931034483,0.5735294117647058,122
2023-09-04,1025,137,83,92,46,54,46,0.6058394160583942,0.5,129
2023-09-05,1025,121,76,91,51,45,40,0.628099173553719,0.5604395604395604,127
2023-09-06,1025,107,84,51,37,23,14,0.7850467289719626,0.7254901960784313,121
2023-09-07,1025,144,90,99,35,54,64,0.625,0.35353535353535354,125
2023-09-08,1025,130,73,60,30,57,30,0.5615384615384615,0.5,103
2023-09-09,1025,107,87,91,44,20,47,0.8130841121495327,0.4835164835164835,131
2023-09-10,1025,123,95,96,40,28,56,0.7723577235772358,0.4166666666666667,135
2023-09-11,1025,129,71,85,34,58,51,0.5503875968992248,0.4,105
2023-09-12,1025,141,70,58,27,71,31,0.49645390070921985,0.46551724137931033,97
2023-09-13,1025,108,74,53,48,34,5,0.6851851851851852,0.9056603773584906,122
2023-09-14,1025,141,106,77,42,35,35,0.75177304964539,0.5454545454545454,148
2023-09-15,1025,122,82,83,48,40,35,0.6721311475409836,0.5783132530120482,130
2023-09-16,1025,105,81,88,28,24,60,0.7714285714285715,0.3181818181818182,109
2023-09-17,1025,128,73,79,43,55,36,0.5703125,0.5443037974683544,116
2023-09-18,1025,111,87,59,32,24,27,0.7837837837837838,0.5423728813559322,119
2023-09-19,1025,103,84,58,35,19,23,0.8155339805825242,0.603448275862069,119
2023-09-20,1025,117,84,56,35,33,21,0.717948717948718,0.625,119
2023-09-21,1025,113,72,74,37,41,37,0.6371681415929203,0.5,109
2023-09-22,1025,140,78,67,41,62,26,0.5571428571428572,0.6119402985074627,119
2023-09-23,1025,119,93,71,39,26,32,0.7815126050420168,0.5492957746478874,132
2023-09-24,1025,146,76,75,37,70,38,0.5205479452054794,0.49333333333333335,113
2023-09-25,1025,122,86,92,41,36,51,0.7049180327868853,0.44565217391304346,127
2023-09-26,1025,141,72,84,46,69,38,0.5106382978723404,0.5476190476190477,118
2023-09-27,1025,128,75,77,42,53,35,0.5859375,0.5454545454545454,117
2023-09-28,1025,125,90,78,33,35,45,0.72,0.4230769230769231,123
2023-09-29,1025,132,72,60,34,60,26,0.5454545454545454,0.5666666666666667,106
2023-09-30,1025,103,83,58,33,20,25,0.8058252427184466,0.5689655172413793,116
2023-10-01,1025,139,78,88,30,61,58,0.5611510791366906,0.3409090909090909,108
2023-10-02,1025,101,65,98,36,36,62,0.6435643564356436,0.3673469387755102,101
2023-10-03,1025,133,86,70,32,47,38,0.6466165413533834,0.45714285714285713,118
2023-10-04,1025,141,79,59,35,62,24,0.5602836879432624,0.5932203389830508,114
2023-10-05,1025,136,85,82,43,51,39,0.625,0.524390243902439,128
2023-10-06,1025,134,85,86,45,49,41,0.6343283582089553,0.5232558139534884,130
2023-10-07,1025,128,98,63,51,30,12,0.765625,0.8095238095238095,149
2023-10-08,1025,148,86,74,36,62,38,0.581081081081081,0.4864864864864865,122
2023-10-09,1025,100,85,83,39,15,44,0.85,0.46987951807228917,124
2023-10-10,1025,150,81,63,47,69,16,0.54,0.746031746031746,128
2023-10-11,1025,126,74,86,46,52,40,0.5873015873015873,0.5348837209302325,120
2023-10-12,1025,108,81,91,54,27,37,0.75,0.5934065934065934,135
2023-10-13,1025,120,90,61,41,30,20,0.75,0.6721311475409836,131
2023-10-14,1025,111,79,79,49,32,30,0.7117117117117117,0.620253164556962,128
2023-10-15,1025,123,92,83,40,31,43,0.7479674796747967,0.4819277108433735,132
2023-10-16,1025,108,80,92,41,28,51,0.7407407407407407,0.44565217391304346,121
2023-10-17,1025,113,85,81,43,28,38,0.7522123893805309,0.5308641975308642,128
2023-10-18,1025,125,91,73,35,34,38,0.728,0.4794520547945205,126
2023-10-19,1025,138,86,94,31,52,63,0.6231884057971014,0.32978723404255317,117
2023-10-20,1025,129,63,58,40,66,18,0.4883720930232558,0.6896551724137931,103
2023-10-21,1025,113,76,79,25,37,54,0.672566371681416,0.31645569620253167,101
2023-10-22,1025,100,99,79,36,1,43,0.99,0.45569620253164556,135
2023-10-23,1025,132,84,68,39,48,29,0.6363636363636364,0.5735294117647058,123
2023-10-24,1025,101,83,82,41,18,41,0.8217821782178217,0.5,124
2023-10-25,1025,131,77,84,38,54,46,0.5877862595419847,0.4523809523809524,115
2023-10-26,1025,128,74,79,43,54,36,0.578125,0.5443037974683544,117
2023-10-27,1025,128,74,88,35,54,53,0.578125,0.3977272727272727,109
2023-10-28,1025,124,77,87,36,47,51,0.6209677419354839,0.41379310344827586,113
2023-10-29,1025,147,78,60,39,69,21,0.5306122448979592,0.65,117
2023-10-30,1025,111,75,85,45,36,40,0.6756756756756757,0.5294117647058824,120
2023-10-31,1025,132,96,62,36,36,26,0.7272727272727273,0.5806451612903226,132
2023-11-01,1025,115,74,69,47,41,22,0.6434782608695652,0.6811594202898551,121
2023-11-02,1025,121,73,71,32,48,39,0.6033057851239669,0.4507042253521127,105
2023-11-03,1025,102,85,99,57,17,42,0.8333333333333334,0.5757575757575758,142
2023-11-04,1025,105,82,61,43,23,18,0.780952380952381,0.7049180327868853,125
2023-11-05,1025,112,66,75,44,46,31,0.5892857142857143,0.5866666666666667,110
2023-11-06,1025,146,85,56,38,61,18,0.5821917808219178,0.6785714285714286,123
2023-11-07,1025,109,82,55,39,27,16,0.7522935779816514,0.7090909090909091,121
2023-11-08,1025,150,72,66,40,78,26,0.48,0.6060606060606061,112
2023-11-09,1025,139,86,55,37,53,18,0.6187050359712231,0.6727272727272727,123
2023-11-10,1025,118,98,93,49,20,44,0.8305084745762712,0.5268817204301075,147
2023-11-11,1025,138,78,87,41,60,46,0.5652173913043478,0.47126436781609193,119
2023-11-12,1025,113,84,78,39,29,39,0.7433628318584071,0.5,123
2023-11-13,1025,136,78,64,47,58,17,0.5735294117647058,0.734375,125
2023-11-14,1025,111,73,76,39,38,37,0.6576576576576577,0.5131578947368421,112
2023-11-15,1025,147,106,72,31,41,41,0.7210884353741497,0.4305555555555556,137
2023-11-16,1025,113,83,74,32,30,42,0.7345132743362832,0.43243243243243246,115
2023-11-17,1025,146,81,55,45,65,10,0.5547945205479452,0.8181818181818182,126
2023-11-18,1025,123,78,76,36,45,40,0.6341463414634146,0.47368421052631576,114
2023-11-19,1025,146,83,55,41,63,14,0.5684931506849316,0.7454545454545455,124
2023-11-20,1025,111,86,77,31,25,46,0.7747747747747747,0.4025974025974026,117
2023-11-21,1025,142,81,75,41,61,34,0.5704225352112676,0.5466666666666666,122
2023-11-22,1025,117,90,60,29,27,31,0.7692307692307693,0.48333333333333334,119
2023-11-23,1025,150,71,90,32,79,58,0.47333333333333333,0.35555555555555557,103
2023-11-24,1025,123,90,52,37,33,15,0.7317073170731707,0.7115384615384616,127
2023-11-25,1025,149,83,60,38,66,22,0.5570469798657718,0.6333333333333333,121
2023-11-26,1025,135,59,54,51,76,3,0.43703703703703706,0.9444444444444444,110
2023-11-27,1025,125,86,66,47,39,19,0.688,0.7121212121212122,133
2023-11-28,1025,149,89,66,43,60,23,0.5973154362416108,0.6515151515151515,132
2023-11-29,1025,137,92,88,35,45,53,0.6715328467153284,0.3977272727272727,127
2023-11-30,1025,134,67,57,42,67,15,0.5,0.7368421052631579,109
2023-12-01,1025,150,94,79,43,56,36,0.6266666666666667,0.5443037974683544,137
2023-12-02,1025,131,77,60,40,54,20,0.5877862595419847,0.6666666666666666,117
2023-12-03,1025,100,84,74,36,16,38,0.84,0.4864864864864865,120
2023-12-04,1025,105,77,92,37,28,55,0.7333333333333333,0.40217391304347827,114
2023-12-05,1025,106,76,72,41,30,31,0.71698113207547165,0.5694444444444444,117
2023-12-06,1025,123,90,66,43,33,23,0.7317073170731707,0.6515151515151515,133
2023-12-07,1025,103,71,81,41,32,40,0.6893203883495146,0.5061728395061729,112
2023-12-08,1025,147,74,97,41,73,56,0.5034013605442177,0.422680412371134,115
2023-12-09,1025,113,91,72,38,22,34,0.8053097345132744,0.5277777777777778,129
2023-12-10,1025,103,79,75,32,24,43,0.7669902912621359,0.4266666666666667,111
2023-12-11,1025,103,89,79,38,14,41,0.8640776699029126,0.4810126582278481,127
2023-12-12,1025,113,86,77,41,27,36,0.7610619469026548,0.5324675324675324,127
2023-12-13,1025,100,71,86,35,29,51,0.71,0.4069767441860465,106
2023-12-14,1025,118,71,87,35,47,52,0.6016949152542372,0.40229885057471265,106
2023-12-15,1025,133,71,55,47,62,8,0.5338345864661654,0.8545454545454545,118
2023-12-16,1025,143,84,85,40,59,45,0.5874125874125874,0.47058823529411764,124
2023-12-17,1025,138,79,68,51,59,17,0.572463768115942,0.75,130
2023-12-18,1025,108,84,82,47,24,35,0.7777777777777778,0.573170731707317,131
2023-12-19,1025,143,83,96,45,60,51,0.5804195804195804,0.46875,128
2023-12-20,1025,119,85,86,39,34,47,0.7142857142857143,0.45348837209302323,124
2023-12-21,1025,149,72,91,46,77,45,0.48322147651006714,0.5054945054945055,118
2023-12-22,1025,102,95,73,53,7,20,0.9313725490196079,0.726027397260274,148
2023-12-23,1025,150,80,82,30,70,52,0.5333333333333333,0.36585365853658536,110
2023-12-24,1025,121,88,71,39,33,32,0.7272727272727273,0.5492957746478874,127
2023-12-25,1025,103,81,75,25,22,50,0.7864077669902912,0.3333333333333333,106
2023-12-26,1025,124,72,63,30,52,33,0.5806451612903226,0.47619047619047616,102
2023-12-27,1025,110,89,76,38,21,38,0.8090909090909091,0.5,127
2023-12-28,1025,147,80,98,42,67,56,0.54421768707483,0.42857142857142855,122
2023-12-29,1025,114,84,89,54,30,35,0.7368421052631579,0.6067415730337079,138
2023-12-30,1025,114,72,85,40,42,45,0.631578947368421,0.47058823529411764,112
2023-12-31,1025,130,76,84,52,54,32,0.5846153846153846,0.6190476190476191,128
2023-01-01,1026,113,87,56,34,26,22,0.7699115044247787,0.6071428571428571,121
2023-01-02,1026,142,82,93,50,60,43,0.5774647887323944,0.5376344086021505,132
2023-01-03,1026,107,96,94,38,11,56,0.897196261682243,0.40425531914893614,134
2023-01-04,1026,119,92,71,50,27,21,0.773109243697479,0.704225352112676,142
2023-01-05,1026,102,81,52,37,21,15,0.7941176470588235,0.7115384615384616,118
2023-01-06,1026,104,80,54,51,24,3,0.7692307692307693,0.9444444444444444,131
2023-01-07,1026,133,77,69,35,56,34,0.5789473684210527,0.5072463768115942,112
2023-01-08,1026,106,88,79,44,18,35,0.8301886792452831,0.5569620253164557,132
2023-01-09,1026,147,71,57,43,76,14,0.48299319727891155,0.7543859649122807,114
2023-01-10,1026,119,92,95,29,27,66,0.773109243697479,0.30526315789473685,121
2023-01-11,1026,116,94,91,35,22,56,0.8103448275862069,0.38461538461538464,129
2023-01-12,1026,114,102,100,45,12,55,0.8947368421052632,0.45,147
2023-01-13,1026,122,82,55,41,40,14,0.6721311475409836,0.7454545454545455,123
2023-01-14,1026,105,80,82,32,25,50,0.7619047619047619,0.3902439024390244,112
2023-01-15,1026,127,83,98,33,44,65,0.6535433070866141,0.336734693877551,116
2023-01-16,1026,125,74,88,39,51,49,0.592,0.4431818181818182,113
2023-01-17,1026,105,67,58,52,38,6,0.638095238095238,0.896551724137931,119
2023-01-18,1026,128,77,98,26,51,72,0.6015625,0.2653061224489796,103
2023-01-19,1026,126,62,69,39,64,30,0.49206349206349204,0.5652173913043478,101
2023-01-20,1026,145,77,82,30,68,52,0.5310344827586206,0.36585365853658536,107
2023-01-21,1026,121,87,98,30,34,68,0.71900826446281,0.30612244897959184,117
2023-01-22,1026,128,86,74,38,42,36,0.671875,0.5135135135135135,124
2023-01-23,1026,112,79,98,40,33,58,0.7053571428571429,0.40816326530612246,119
2023-01-24,1026,116,63,85,39,53,46,0.5431034482758621,0.4588235294117647,102
2023-01-25,1026,129,84,87,36,45,51,0.6511627906976745,0.41379310344827586,120
2023-01-26,1026,147,75,89,49,72,40,0.5102040816326531,0.550561797752809,124
2023-01-27,1026,110,88,63,43,22,20,0.8,0.6825396825396826,131
2023-01-28,1026,118,80,83,39,38,44,0.6779661016949152,0.46987951807228917,119
2023-01-29,1026,142,90,77,31,52,46,0.6338028169014085,0.4025974025974026,121
2023-01-30,1026,107,77,70,37,30,33,0.719626168224299,0.5285714285714286,114
2023-01-31,1026,150,75,56,42,75,14,0.5,0.75,117
2023-02-01,1026,140,82,64,38,58,26,0.5857142857142857,0.59375,120
2023-02-02,1026,101,90,50,48,11,2,0.8910891089108911,0.96,138
2023-02-03,1026,139,76,71,45,63,26,0.5467625899280576,0.6338028169014085,121
2023-02-04,1026,127,91,77,37,36,40,0.7165354330708661,0.4805194805194805,128
2023-02-05,1026,116,80,60,48,36,12,0.6896551724137931,0.8,128
2023-02-06,1026,104,81,58,37,23,21,0.7788461538461539,0.6379310344827587,118
2023-02-07,1026,129,81,77,44,48,33,0.627906976744186,0.5714285714285714,125
2023-02-08,1026,146,93,90,42,53,48,0.636986301369863,0.4666666666666667,135
2023-02-09,1026,134,75,65,46,59,19,0.5597014925373134,0.7076923076923077,121
2023-02-10,1026,147,86,56,34,61,22,0.5850340136054422,0.6071428571428571,120
2023-02-11,1026,115,72,83,49,43,34,0.6260869565217392,0.5903614457831325,121
2023-02-12,1026,148,73,73,37,75,36,0.49324324324324326,0.5068493150684932,110
2023-02-13,1026,112,73,94,55,39,39,0.6517857142857143,0.5851063829787234,128
2023-02-14,1026,117,82,100,36,35,64,0.7008547008547008,0.36,118
2023-02-15,1026,120,77,79,37,43,42,0.6416666666666667,0.46835443037974683,114
2023-02-16,1026,107,64,51,35,43,16,0.5981308411214953,0.6862745098039216,99
2023-02-17,1026,126,82,96,34,44,62,0.6507936507936508,0.3541666666666667,116
2023-02-18,1026,127,73,64,51,54,13,0.5748031496062992,0.796875,124
2023-02-19,1026,147,81,89,34,66,55,0.5510204081632653,0.38202247191011235,115
2023-02-20,1026,148,73,98,43,75,55,0.49324324324324326,0.4387755102040816,116
2023-02-21,1026,105,70,65,47,35,18,0.6666666666666666,0.7230769230769231,117
2023-02-22,1026,133,75,89,36,58,53,0.5639097744360902,0.4044943820224719,111
2023-02-23,1026,131,78,90,43,53,47,0.5954198473282443,0.4777777777777778,121
2023-02-24,1026,104,72,55,35,32,20,0.6923076923076923,0.6363636363636364,107
2023-02-25,1026,114,77,80,42,37,38,0.6754385964912281,0.525,119
2023-02-26,1026,116,90,89,30,26,59,0.7758620689655172,0.33707865168539325,120
2023-02-27,1026,148,77,98,33,71,65,0.5202702702702703,0.336734693877551,110
2023-02-28,1026,109,88,100,38,21,62,0.8073394495412844,0.38,126
2023-03-01,1026,114,66,98,28,48,70,0.5789473684210527,0.2857142857142857,94
2023-03-02,1026,138,65,52,49,73,3,0.47101449275362317,0.9423076923076923,114
2023-03-03,1026,101,76,97,31,25,66,0.7524752475247525,0.31958762886597936,107
2023-03-04,1026,146,63,55,32,83,23,0.4315068493150685,0.5818181818181818,95
2023-03-05,1026,120,68,51,45,52,6,0.5666666666666667,0.8823529411764706,113
2023-03-06,1026,145,71,98,40,74,58,0.4896551724137931,0.40816326530612246,111
2023-03-07,1026,110,79,76,37,31,39,0.7181818181818181,0.4868421052631579,116
2023-03-08,1026,118,95,60,43,23,17,0.8050847457627118,0.7166666666666667,138
2023-03-09,1026,110,73,91,40,37,51,0.6636363636363637,0.43956043956043955,113
2023-03-10,1026,117,87,80,45,30,35,0.7435897435897436,0.5625,132
2023-03-11,1026,149,86,57,43,63,14,0.5771812080536913,0.7543859649122807,129
2023-03-12,1026,109,79,94,54,30,40,0.7247706422018348,0.574468085106383,133
2023-03-13,1026,139,105,62,38,34,24,0.7553956834532374,0.6129032258064516,143
2023-03-14,1026,138,70,52,33,68,19,0.5072463768115942,0.6346153846153846,103
2023-03-15,1026,121,68,93,45,53,48,0.5619834710743802,0.4838709677419355,113
2023-03-16,1026,139,88,100,29,51,71,0.6330935251798561,0.29,117
2023-03-17,1026,109,61,59,37,48,22,0.5596330275229358,0.6271186440677966,98
2023-03-18,1026,110,102,57,38,8,19,0.9272727272727272,0.6666666666666666,140
2023-03-19,1026,131,83,58,37,48,21,0.6335877862595419,0.6379310344827587,120
2023-03-20,1026,111,88,73,44,23,29,0.7927927927927928,0.6027397260273972,132
2023-03-21,1026,121,82,83,45,39,38,0.6776859504132231,0.54216867469879515,127
2023-03-22,1026,127,73,90,38,54,52,0.5748031496062992,0.4222222222222222,111
2023-03-23,1026,104,92,87,29,12,58,0.8846153846153846,0.3333333333333333,121
2023-03-24,1026,145,75,76,50,70,26,0.5172413793103449,0.6578947368421053,125
2023-03-25,1026,127,80,73,42,47,31,0.6299212598425197,0.5753424657534246,122
2023-03-26,1026,129,76,65,27,53,38,0.5891472868217055,0.4153846153846154,103
2023-03-27,1026,105,81,98,35,24,63,0.7714285714285715,0.35714285714285715,116
2023-03-28,1026,143,69,77,49,74,28,0.4825174825174825,0.6363636363636364,118
2023-03-29,1026,135,84,54,41,51,13,0.6222222222222222,0.7592592592592593,125
2023-03-30,1026,122,76,59,33,46,26,0.6229508196721312,0.559322033898305,109
2023-03-31,1026,135,83,79,58,52,21,0.6148148148148148,0.7341772151898734,141
2023-04-01,1026,140,81,71,35,59,36,0.5785714285714286,0.49295774647887325,116
2023-04-02,1026,149,66,78,40,83,38,0.4429530201342282,0.5128205128205128,106
2023-04-03,1026,140,78,97,28,62,69,0.5571428571428572,0.28865979381443296,106
2023-04-04,1026,114,88,94,37,26,57,0.7719298245614035,0.39361702127659576,125
2023-04-05,1026,119,80,81,39,39,42,0.6722689075630253,0.48148148148148145,119
2023-04-06,1026,122,76,61,29,46,32,0.6229508196721312,0.47540983606557374,105
2023-04-07,1026,133,76,59,38,57,21,0.5714285714285714,0.6440677966101694,114
2023-04-08,1026,125,78,56,40,47,16,0.624,0.7142857142857143,118
2023-04-09,1026,138,77,65,27,61,38,0.5579710144927537,0.4153846153846154,104
2023-04-10,1026,137,87,74,37,50,37,0.635036496350365,0.5,124
2023-04-11,1026,141,78,93,41,63,52,0.5531914893617021,0.44086021505376344,119
2023-04-12,1026,132,73,96,33,59,63,0.553030303030303,0.34375,106
2023-04-13,1026,109,76,80,31,33,49,0.6972477064220184,0.3875,107
2023-04-14,1026,141,63,76,44,78,32,0.44680851063829785,0.5789473684210527,107
2023-04-15,1026,143,80,95,48,63,47,0.5594405594405595,0.5052631578947369,128
2023-04-16,1026,145,80,73,38,65,35,0.5517241379310345,0.5205479452054794,118
2023-04-17,1026,140,76,92,33,64,59,0.5428571428571428,0.358695652173913,109
2023-04-18,1026,143,84,96,46,59,50,0.5874125874125874,0.4791666666666667,130
2023-04-19,1026,133,80,95,36,53,59,0.6015037593984962,0.37894736842105264,116
2023-04-20,1026,109,79,79,35,30,44,0.7247706422018348,0.4430379746835443,114
2023-04-21,1026,119,87,62,37,32,25,0.7310924369747899,0.5967741935483871,124
2023-04-22,1026,111,88,89,39,23,50,0.7927927927927928,0.43820224719101125,127
2023-04-23,1026,149,73,63,35,76,28,0.4899328859060403,0.5555555555555556,108
2023-04-24,1026,117,74,94,56,43,38,0.6324786324786325,0.5957446808510638,130
2023-04-25,1026,139,89,76,50,50,26,0.6402877697841727,0.6578947368421053,139
2023-04-26,1026,126,83,73,33,43,40,0.6587301587301587,0.4520547945205479,116
2023-04-27,1026,120,106,52,43,14,9,0.8833333333333333,0.8269230769230769,149
2023-04-28,1026,115,78,80,55,37,25,0.6782608695652174,0.6875,133
2023-04-29,1026,105,76,54,46,29,8,0.7238095238095238,0.8518518518518519,122
2023-04-30,1026,101,62,85,38,39,47,0.6138613861386139,0.4470588235294118,100
2023-05-01,1026,137,81,91,41,56,50,0.5912408759124088,0.45054945054945056,122
2023-05-02,1026,126,98,69,41,28,28,0.7777777777777778,0.5942028985507246,139
2023-05-03,1026,105,86,59,38,19,21,0.819047619047619,0.6440677966101694,124
2023-05-04,1026,106,73,59,41,33,18,0.6886792452830188,0.6949152542372882,114
2023-05-05,1026,101,71,55,37,30,18,0.7029702970297029,0.6727272727272727,108
2023-05-06,1026,113,90,67,48,23,19,0.7964601769911505,0.7164179104477612,138
2023-05-07,1026,147,83,83,31,64,52,0.564625850340136,0.37349397590361444,114
2023-05-08,1026,136,65,64,41,71,23,0.47794117647058826,0.640625,106
2023-05-09,1026,122,95,94,50,27,44,0.7786885245901639,0.5319148936170213,145
2023-05-10,1026,124,88,81,39,36,42,0.7096774193548387,0.48148148148148145,127
2023-05-11,1026,121,75,99,40,46,59,0.6198347107438017,0.40404040404040403,115
2023-05-12,1026,111,84,52,34,27,18,0.7567567567567568,0.6538461538461539,118
2023-05-13,1026,116,71,82,34,45,48,0.6120689655172413,0.4146341463414634,105
2023-05-14,1026,114,76,52,52,38,0,0.6666666666666666,1,128
2023-05-15,1026,129,73,91,34,56,57,0.5658914728682171,0.37362637362637363,107
2023-05-16,1026,137,88,96,33,49,63,0.6423357664233577,0.34375,121
2023-05-17,1026,136,77,74,47,59,27,0.5661764705882353,0.6351351351351351,124
2023-05-18,1026,130,81,79,32,49,47,0.6230769230769231,0.4050632911392405,113
2023-05-19,1026,124,74,90,48,50,42,0.5967741935483871,0.5333333333333333,122
2023-05-20,1026,121,90,63,49,31,14,0.743801652892562,0.7777777777777778,139
2023-05-21,1026,104,89,90,40,15,50,0.8557692307692307,0.4444444444444444,129
2023-05-22,1026,104,82,100,41,22,59,0.7884615384615384,0.41,123
2023-05-23,1026,119,88,83,32,31,51,0.7394957983193278,0.3855421686746988,120
2023-05-24,1026,105,77,92,40,28,52,0.7333333333333333,0.43478260869565216,117
2023-05-25,1026,127,73,80,36,54,44,0.5748031496062992,0.45,109
2023-05-26,1026,140,80,63,33,60,30,0.5714285714285714,0.5238095238095238,113
2023-05-27,1026,124,79,74,23,45,51,0.6370967741935484,0.3108108108108108,102
2023-05-28,1026,122,87,51,37,35,14,0.7131147540983607,0.7254901960784313,124
2023-05-29,1026,122,77,63,45,45,18,0.6311475409836066,0.7142857142857143,122
2023-05-30,1026,118,63,91,37,55,54,0.5338983050847458,0.4065934065934066,100
2023-05-31,1026,124,83,73,46,41,27,0.6693548387096774,0.6301369863013698,129
2023-06-01,1026,133,78,67,54,55,13,0.5864661654135338,0.8059701492537313,132
2023-06-02,1026,115,81,67,35,34,32,0.7043478260869566,0.5223880597014925,116
2023-06-03,1026,118,82,85,47,36,38,0.6949152542372882,0.5529411764705883,129
2023-06-04,1026,144,85,73,38,59,35,0.5902777777777778,0.5205479452054794,123
2023-06-05,1026,141,85,71,40,56,31,0.6028368794326241,0.5633802816901409,125
2023-06-06,1026,123,78,76,36,45,40,0.6341463414634146,0.47368421052631576,114
2023-06-07,1026,106,75,57,39,31,18,0.7075471698113207,0.6842105263157895,114
2023-06-08,1026,146,81,90,43,65,47,0.5547945205479452,0.4777777777777778,124
2023-06-09,1026,123,85,50,42,38,8,0.6910569105691057,0.84,127
2023-06-10,1026,116,93,51,42,23,9,0.8017241379310345,0.8235294117647058,135
2023-06-11,1026,138,78,76,36,60,40,0.5652173913043478,0.47368421052631576,114
2023-06-12,1026,142,73,88,46,69,42,0.5140845070422535,0.5227272727272727,119
2023-06-13,1026,114,72,57,34,42,23,0.631578947368421,0.5964912280701754,106
2023-06-14,1026,109,69,92,44,40,48,0.6330275229357798,0.4782608695652174,113
2023-06-15,1026,131,94,61,48,37,13,0.7175572519083969,0.7868852459016393,142
2023-06-16,1026,119,71,99,35,48,64,0.5966386554621849,0.35353535353535354,106
2023-06-17,1026,101,73,86,48,28,38,0.7227722772277227,0.5581395348837209,121
2023-06-18,1026,108,79,83,44,29,39,0.7314814814814815,0.5301204819277109,123
2023-06-19,1026,146,81,68,25,65,43,0.5547945205479452,0.36764705882352944,106
2023-06-20,1026,129,76,66,31,53,35,0.5891472868217055,0.4696969696969697,107
2023-06-21,1026,150,90,61,32,60,29,0.6,0.5245901639344263,122
2023-06-22,1026,141,93,66,37,48,29,0.6595744680851063,0.5606060606060606,130
2023-06-23,1026,141,86,74,49,55,25,0.6099290780141844,0.6621621621621622,135
2023-06-24,1026,127,99,87,39,28,48,0.7795275590551181,0.4482758620689655,138
2023-06-25,1026,136,69,96,34,67,62,0.5073529411764706,0.3541666666666667,103
2023-06-26,1026,100,71,78,44,29,34,0.71,0.5641025641025641,115
2023-06-27,1026,149,79,65,44,70,21,0.5302013422818792,0.676923076923077,123
2023-06-28,1026,133,85,83,36,48,47,0.6390977443609023,0.43373493975903615,121
2023-06-29,1026,143,87,92,30,56,62,0.6083916083916084,0.32608695652173914,117
2023-06-30,1026,136,65,57,37,71,20,0.47794117647058826,0.6491228070175439,102
2023-07-01,1026,134,92,58,44,42,14,0.6865671641791045,0.7586206896551724,136
2023-07-02,1026,112,73,85,37,39,48,0.6517857142857143,0.43529411764705883,110
2023-07-03,1026,137,85,66,50,52,16,0.6204379562043796,0.7575757575757576,135
2023-07-04,1026,104,87,100,42,17,58,0.8365384615384616,0.42,129
2023-07-05,1026,111,100,81,42,11,39,0.9009009009009009,0.5185185185185185,142
2023-07-06,1026,116,71,82,25,45,57,0.6120689655172413,0.3048780487804878,96
2023-07-07,1026,132,80,93,40,52,53,0.6060606060606061,0.43010752688172044,120
2023-07-08,1026,134,87,52,41,47,11,0.6492537313432836,0.7884615384615384,128
2023-07-09,1026,133,76,74,37,57,37,0.5714285714285714,0.5,113
2023-07-10,1026,101,88,51,34,13,17,0.8712871287128713,0.6666666666666666,122
2023-07-11,1026,146,86,52,37,60,15,0.589041095890411,0.7115384615384616,123
2023-07-12,1026,148,90,72,44,58,28,0.6081081081081081,0.6111111111111112,134
2023-07-13,1026,135,70,83,44,65,39,0.5185185185185185,0.5301204819277109,114
2023-07-14,1026,142,79,66,33,63,33,0.5563380281690141,0.5,112
2023-07-15,1026,132,100,59,37,32,22,0.7575757575757576,0.6271186440677966,137
2023-07-16,1026,113,79,50,43,34,7,0.6991150442477876,0.86,122
2023-07-17,1026,139,71,93,32,68,61,0.5107913669064749,0.34408602150537637,103
2023-07-18,1026,105,71,76,41,34,35,0.6761904761904762,0.5394736842105263,112
2023-07-19,1026,129,87,73,35,42,38,0.6744186046511628,0.4794520547945205,122
2023-07-20,1026,116,97,52,39,19,13,0.8362068965517241,0.75,136
2023-07-21,1026,108,87,98,40,21,58,0.8055555555555556,0.40816326530612246,127
2023-07-22,1026,148,85,60,60,63,0,0.5743243243243243,1,145
2023-07-23,1026,148,76,95,44,72,51,0.5135135135135135,0.4631578947368421,120
2023-07-24,1026,137,84,54,39,53,15,0.6131386861313869,0.7222222222222222,123
2023-07-25,1026,144,72,73,43,72,30,0.5,0.589041095890411,115
2023-07-26,1026,121,74,62,35,47,27,0.6115702479338843,0.5645161290322581,109
2023-07-27,1026,126,74,99,32,52,67,0.5873015873015873,0.32323232323232326,106
2023-07-28,1026,126,68,98,44,58,54,0.5396825396825397,0.4489795918367347,112
2023-07-29,1026,119,81,69,29,38,40,0.680672268907563,0.42028985507246375,110
2023-07-30,1026,120,90,97,57,30,40,0.75,0.5876288659793815,147
2023-07-31,1026,106,83,64,44,23,20,0.78301886792452835,0.6875,127
2023-08-01,1026,149,78,91,35,71,56,0.5234899328859061,0.38461538461538464,113
2023-08-02,1026,118,74,64,42,44,22,0.6271186440677966,0.65625,116
2023-08-03,1026,126,76,97,43,50,54,0.6031746031746031,0.44329896907216493,119
2023-08-04,1026,104,73,96,41,31,55,0.7019230769230769,0.4270833333333333,114
2023-08-05,1026,109,88,59,40,21,19,0.8073394495412844,0.6779661016949152,128
2023-08-06,1026,135,81,71,33,54,38,0.6,0.4647887323943662,114
2023-08-07,1026,142,74,77,41,68,36,0.5211267605633803,0.5324675324675324,115
2023-08-08,1026,104,97,78,36,7,42,0.9326923076923077,0.46153846153846156,133
2023-08-09,1026,122,80,72,45,42,27,0.6557377049180327,0.625,125
2023-08-10,1026,139,75,57,49,64,8,0.539568345323741,0.8596491228070176,124
2023-08-11,1026,140,82,68,46,58,22,0.5857142857142857,0.6764705882352942,128
2023-08-12,1026,126,81,59,28,45,31,0.6428571428571429,0.4745762711864407,109
2023-08-13,1026,105,82,83,41,23,42,0.780952380952381,0.4939759036144578,123
2023-08-14,1026,123,76,99,46,47,53,0.6178861788617886,0.46464646464646464,122
2023-08-15,1026,124,87,70,37,37,33,0.7016129032258065,0.5285714285714286,124
2023-08-16,1026,127,54,50,34,73,16,0.4251968503937008,0.68,88
2023-08-17,1026,133,88,64,36,45,28,0.6616541353383458,0.5625,124
2023-08-18,1026,115,75,72,30,40,42,0.6521739130434783,0.4166666666666667,105
2023-08-19,1026,112,88,86,43,24,43,0.7857142857142857,0.5,131
2023-08-20,1026,111,77,65,49,34,16,0.6936936936936937,0.7538461538461538,126
2023-08-21,1026,144,77,84,33,67,51,0.5347222222222222,0.39285714285714285,110
2023-08-22,1026,143,84,84,34,59,50,0.5874125874125874,0.40476190476190477,118
2023-08-23,1026,133,93,75,42,40,33,0.6992481203007519,0.56,135
2023-08-24,1026,107,85,92,34,22,58,0.794392523364486,0.3695652173913043,119
2023-08-25,1026,127,83,89,45,44,44,0.6535433070866141,0.5056179775280899,128
2023-08-26,1026,140,93,92,33,47,59,0.6642857142857143,0.358695652173913,126
2023-08-27,1026,124,76,59,39,48,20,0.6129032258064516,0.6610169491525424,115
2023-08-28,1026,110,84,87,32,26,55,0.7636363636363637,0.367816091954023,116
2023-08-29,1026,101,65,92,40,36,52,0.6435643564356436,0.43478260869565216,105
2023-08-30,1026,108,99,100,29,9,71,0.9166666666666666,0.29,128
2023-08-31,1026,121,68,68,35,53,33,0.5619834710743802,0.5147058823529411,103
2023-09-01,1026,122,85,61,46,37,15,0.6967213114754098,0.7540983606557377,131
2023-09-02,1026,101,77,81,47,24,34,0.7623762376237624,0.5802469135802469,124
2023-09-03,1026,114,66,72,34,48,38,0.5789473684210527,0.4722222222222222,100
2023-09-04,1026,148,85,92,38,63,54,0.5743243243243243,0.41304347826086957,123
2023-09-05,1026,122,77,91,34,45,57,0.6311475409836066,0.37362637362637363,111
2023-09-06,1026,149,79,83,38,70,45,0.5302013422818792,0.4578313253012048,117
2023-09-07,1026,112,79,71,44,33,27,0.7053571428571429,0.6197183098591549,123
2023-09-08,1026,147,85,100,37,62,63,0.5782312925170068,0.37,122
2023-09-09,1026,147,95,55,47,52,8,0.6462585034013606,0.8545454545454545,142
2023-09-10,1026,140,88,79,29,52,50,0.6285714285714286,0.3670886075949367,117
2023-09-11,1026,127,72,50,46,55,4,0.5669291338582677,0.92,118
2023-09-12,1026,119,87,85,51,32,34,0.7310924369747899,0.6,138
2023-09-13,1026,123,83,58,42,40,16,0.6747967479674797,0.7241379310344828,125
2023-09-14,1026,139,86,81,33,53,48,0.6187050359712231,0.4074074074074074,119
2023-09-15,1026,141,74,98,48,67,50,0.524822695035461,0.4897959183673469,122
2023-09-16,1026,118,92,79,36,26,43,0.7796610169491526,0.45569620253164556,128
2023-09-17,1026,117,75,86,38,42,48,0.6410256410256411,0.4418604651162791,113
2023-09-18,1026,109,74,84,39,35,45,0.6788990825688074,0.4642857142857143,113
2023-09-19,1026,148,81,88,40,67,48,0.5472972972972973,0.45454545454545453,121
2023-09-20,1026,132,84,94,44,48,50,0.6363636363636364,0.46808510638297873,128
2023-09-21,1026,141,91,85,41,50,44,0.6453900709219859,0.4823529411764706,132
2023-09-22,1026,140,84,60,47,56,13,0.6,0.7833333333333333,131
2023-09-23,1026,110,78,50,31,32,19,0.7090909090909091,0.62,109
2023-09-24,1026,111,70,75,34,41,41,0.6306306306306306,0.4533333333333333,104
2023-09-25,1026,131,79,72,33,52,39,0.6030534351145038,0.4583333333333333,112
2023-09-26,1026,129,70,99,46,59,53,0.5426356589147286,0.46464646464646464,116
2023-09-27,1026,149,63,76,37,86,39,0.4228187919463087,0.4868421052631579,100
2023-09-28,1026,120,83,84,51,37,33,0.6916666666666667,0.6071428571428571,134
2023-09-29,1026,134,84,91,42,50,49,0.6268656716417911,0.46153846153846156,126
2023-09-30,1026,141,69,97,42,72,55,0.48936170212765956,0.4329896907216495,111
2023-10-01,1026,119,85,64,37,34,27,0.7142857142857143,0.578125,122
2023-10-02,1026,141,78,84,58,63,26,0.5531914893617021,0.6904761904761905,136
2023-10-03,1026,102,85,82,33,17,49,0.8333333333333334,0.4024390243902439,118
2023-10-04,1026,118,75,69,42,43,27,0.635593220338983,0.6086956521739131,117
2023-10-05,1026,105,80,97,41,25,56,0.7619047619047619,0.422680412371134,121
2023-10-06,1026,103,73,53,35,30,18,0.7087378640776699,0.660377358490566,108
2023-10-07,1026,115,61,63,34,54,29,0.5304347826086957,0.5396825396825397,95
2023-10-08,1026,124,80,84,42,44,42,0.6451612903225806,0.5,122
2023-10-09,1026,100,72,55,46,28,9,0.72,0.8363636363636363,118
2023-10-10,1026,118,80,55,44,38,11,0.6779661016949152,0.8,124
2023-10-11,1026,126,95,81,35,31,46,0.753968253968254,0.43209876543209874,130
2023-10-12,1026,134,86,80,29,48,51,0.6417910447761194,0.3625,115
2023-10-13,1026,140,81,51,41,59,10,0.5785714285714286,0.803921568627451,122
2023-10-14,1026,116,87,74,39,29,35,0.75,0.527027027027027,126
2023-10-15,1026,130,81,76,42,49,34,0.6230769230769231,0.5526315789473685,123
2023-10-16,1026,121,88,80,29,33,51,0.7272727272727273,0.3625,117
2023-10-17,1026,129,77,67,34,52,33,0.5968992248062015,0.5074626865671642,111
2023-10-18,1026,117,74,54,45,43,9,0.6324786324786325,0.8333333333333334,119
2023-10-19,1026,113,87,62,41,26,21,0.7699115044247787,0.6612903225806451,128
2023-10-20,1026,118,62,70,28,56,42,0.5254237288135594,0.4,90
2023-10-21,1026,146,83,79,28,63,51,0.5684931506849316,0.35443037974683544,111
2023-10-22,1026,114,73,69,34,41,35,0.6403508771929824,0.4927536231884058,107
2023-10-23,1026,125,89,51,43,36,8,0.712,0.8431372549019608,132
2023-10-24,1026,128,78,92,45,50,47,0.609375,0.4891304347826087,123
2023-10-25,1026,125,90,87,36,35,51,0.72,0.41379310344827586,126
2023-10-26,1026,138,85,96,40,53,56,0.6159420289855072,0.4166666666666667,125
2023-10-27,1026,111,82,94,38,29,56,0.7387387387387387,0.40425531914893614,120
2023-10-28,1026,103,78,76,42,25,34,0.7572815533980582,0.5526315789473685,120
2023-10-29,1026,130,82,78,38,48,40,0.6307692307692307,0.48717948717948717,120
2023-10-30,1026,119,100,61,37,19,24,0.8403361344537815,0.6065573770491803,137
2023-10-31,1026,114,101,73,38,13,35,0.8859649122807017,0.5205479452054794,139
2023-11-01,1026,116,82,98,41,34,57,0.7068965517241379,0.41836734693877553,123
2023-11-02,1026,138,71,62,44,67,18,0.5144927536231884,0.7096774193548387,115
2023-11-03,1026,115,80,64,38,35,26,0.6956521739130435,0.59375,118
2023-11-04,1026,114,72,58,42,42,16,0.631578947368421,0.7241379310344828,114
2023-11-05,1026,121,74,91,40,47,51,0.6115702479338843,0.43956043956043955,114
2023-11-06,1026,140,86,78,46,54,32,0.6142857142857143,0.5897435897435898,132
2023-11-07,1026,133,82,88,37,51,51,0.6165413533834586,0.42045454545454547,119
2023-11-08,1026,139,84,69,38,55,31,0.60431654676259,0.5507246376811594,122
2023-11-09,1026,118,66,98,53,52,45,0.559322033898305,0.5408163265306123,119
2023-11-10,1026,130,57,54,37,73,17,0.43846153846153846,0.6851851851851852,94
2023-11-11,1026,103,70,100,42,33,58,0.6796116504854369,0.42,112
2023-11-12,1026,128,84,53,38,44,15,0.65625,0.71698113207547165,122
2023-11-13,1026,108,81,63,44,27,19,0.75,0.6984126984126984,125
2023-11-14,1026,141,80,67,38,61,29,0.5673758865248227,0.5671641791044776,118
2023-11-15,1026,130,71,85,37,59,48,0.5461538461538461,0.43529411764705883,108
2023-11-16,1026,146,65,52,40,81,12,0.4452054794520548,0.7692307692307693,105
2023-11-17,1026,102,69,81,26,33,55,0.6764705882352942,0.32098765432098764,95
2023-11-18,1026,100,86,88,33,14,55,0.86,0.375,119
2023-11-19,1026,148,69,52,29,79,23,0.46621621621621623,0.5576923076923077,98
2023-11-20,1026,150,83,52,42,67,10,0.5533333333333333,0.8076923076923077,125
2023-11-21,1026,120,82,52,30,38,22,0.6833333333333333,0.5769230769230769,112
2023-11-22,1026,102,89,57,26,13,31,0.8725490196078431,0.45614035087719296,115
2023-11-23,1026,121,80,58,55,41,3,0.6611570247933884,0.9482758620689655,135
2023-11-24,1026,138,89,96,38,49,58,0.644927536231884,0.3958333333333333,127
2023-11-25,1026,134,80,61,36,54,25,0.5970149253731343,0.5901639344262295,116
2023-11-26,1026,146,78,80,48,68,32,0.5342465753424658,0.6,126
2023-11-27,1026,138,75,83,38,63,45,0.5434782608695652,0.4578313253012048,113
2023-11-28,1026,144,92,79,53,52,26,0.6388888888888888,0.6708860759493671,145
2023-11-29,1026,102,69,87,40,33,47,0.6764705882352942,0.45977011494252873,109
2023-11-30,1026,108,84,96,28,24,68,0.7777777777777778,0.2916666666666667,112
2023-12-01,1026,107,81,62,52,26,10,0.7570093457943925,0.8387096774193549,133
2023-12-02,1026,117,96,99,50,21,49,0.8205128205128205,0.5050505050505051,146
2023-12-03,1026,118,77,93,51,41,42,0.652542372881356,0.5483870967741935,128
2023-12-04,1026,121,79,80,46,42,34,0.6528925619834711,0.575,125
2023-12-05,1026,121,71,63,34,50,29,0.5867768595041323,0.5396825396825397,105
2023-12-06,1026,140,69,70,46,71,24,0.4928571428571429,0.6571428571428571,115
2023-12-07,1026,148,79,78,37,69,41,0.5337837837837838,0.47435897435897434,116
2023-12-08,1026,116,76,95,36,40,59,0.6551724137931034,0.37894736842105264,112
2023-12-09,1026,130,78,67,41,52,26,0.6,0.6119402985074627,119
2023-12-10,1026,140,78,82,37,62,45,0.5571428571428572,0.45121951219512196,115
2023-12-11,1026,107,81,81,53,26,28,0.7570093457943925,0.654320987654321,134
2023-12-12,1026,137,74,63,48,63,15,0.5401459854014599,0.7619047619047619,122
2023-12-13,1026,124,84,50,39,40,11,0.6774193548387096,0.78,123
2023-12-14,1026,131,87,92,34,44,58,0.6641221374045801,0.3695652173913043,121
2023-12-15,1026,101,90,90,42,11,48,0.8910891089108911,0.4666666666666667,132
2023-12-16,1026,104,97,94,34,7,60,0.9326923076923077,0.3617021276595745,131
2023-12-17,1026,110,84,78,47,26,31,0.7636363636363637,0.6025641025641025,131
2023-12-18,1026,144,76,72,47,68,25,0.5277777777777778,0.6527777777777778,123
2023-12-19,1026,105,83,69,41,22,28,0.7904761904761904,0.5942028985507246,124
2023-12-20,1026,148,88,60,46,60,14,0.5945945945945946,0.7666666666666667,134
2023-12-21,1026,126,85,81,42,41,39,0.6746031746031746,0.5185185185185185,127
2023-12-22,1026,137,83,90,45,54,45,0.6058394160583942,0.5,128
2023-12-23,1026,148,78,82,42,70,40,0.527027027027027,0.5121951219512195,120
2023-12-24,1026,141,89,86,39,52,47,0.6312056737588653,0.45348837209302323,128
2023-12-25,1026,101,83,63,42,18,21,0.8217821782178217,0.6666666666666666,125
2023-12-26,1026,106,79,85,41,27,44,0.7452830188679245,0.4823529411764706,120
2023-12-27,1026,123,62,92,46,61,46,0.5040650406504065,0.5,108
2023-12-28,1026,148,80,61,35,68,26,0.5405405405405406,0.5737704918032787,115
2023-12-29,1026,104,91,96,38,13,58,0.875,0.3958333333333333,129
2023-12-30,1026,147,66,87,51,81,36,0.4489795918367347,0.5862068965517241,117
2023-12-31,1026,147,74,74,51,73,23,0.5034013605442177,0.6891891891891891,125
2023-01-01,1027,125,76,60,47,49,13,0.608,0.7833333333333333,123
2023-01-02,1027,107,80,81,47,27,34,0.7476635514018691,0.5802469135802469,127
2023-01-03,1027,133,86,59,28,47,31,0.6466165413533834,0.4745762711864407,114
2023-01-04,1027,127,70,54,38,57,16,0.5511811023622047,0.7037037037037037,108
2023-01-05,1027,135,83,95,41,52,54,0.6148148148148148,0.43157894736842106,124
2023-01-06,1027,149,81,51,44,68,7,0.5436241610738255,0.8627450980392157,125
2023-01-07,1027,124,82,98,30,42,68,0.6612903225806451,0.30612244897959184,112
2023-01-08,1027,122,82,58,38,40,20,0.6721311475409836,0.6551724137931034,120
2023-01-09,1027,108,77,73,47,31,26,0.7129629629629629,0.6438356164383562,124
2023-01-10,1027,110,90,86,38,20,48,0.8181818181818182,0.4418604651162791,128
2023-01-11,1027,120,82,87,46,38,41,0.6833333333333333,0.5287356321839081,128
2023-01-12,1027,122,93,61,47,29,14,0.7622950819672131,0.7704918032786885,140
2023-01-13,1027,127,67,72,48,60,24,0.5275590551181102,0.6666666666666666,115
2023-01-14,1027,134,68,68,37,66,31,0.5074626865671642,0.5441176470588235,105
2023-01-15,1027,144,94,50,50,50,0,0.6527777777777778,1,144
2023-01-16,1027,126,84,66,38,42,28,0.6666666666666666,0.5757575757575758,122
2023-01-17,1027,113,68,100,43,45,57,0.6017699115044248,0.43,111
2023-01-18,1027,148,87,70,44,61,26,0.5878378378378378,0.6285714285714286,131
2023-01-19,1027,132,80,63,42,52,21,0.6060606060606061,0.6666666666666666,122
2023-01-20,1027,122,85,89,39,37,50,0.6967213114754098,0.43820224719101125,124
2023-01-21,1027,133,69,68,44,64,24,0.518796992481203,0.6470588235294118,113
2023-01-22,1027,142,79,78,41,63,37,0.5563380281690141,0.5256410256410257,120
2023-01-23,1027,134,93,84,47,41,37,0.6940298507462687,0.5595238095238095,140
2023-01-24,1027,117,85,97,35,32,62,0.7264957264957265,0.36082474226804123,120
2023-01-25,1027,111,81,96,43,30,53,0.7297297297297297,0.4479166666666667,124
2023-01-26,1027,146,91,58,38,55,20,0.6232876712328768,0.6551724137931034,129
2023-01-27,1027,103,78,83,49,25,34,0.7572815533980582,0.5903614457831325,127
2023-01-28,1027,139,74,73,45,65,28,0.5323741007194245,0.6164383561643836,119
2023-01-29,1027,105,86,88,35,19,53,0.819047619047619,0.3977272727272727,121
2023-01-30,1027,118,86,72,53,32,19,0.7288135593220338,0.7361111111111112,139
2023-01-31,1027,109,97,95,41,12,54,0.8899082568807339,0.43157894736842106,138
2023-02-01,1027,108,83,77,41,25,36,0.7685185185185185,0.5324675324675324,124
2023-02-02,1027,114,80,52,37,34,15,0.7017543859649122,0.7115384615384616,117
2023-02-03,1027,122,77,100,29,45,71,0.6311475409836066,0.29,106
2023-02-04,1027,116,79,77,30,37,47,0.6810344827586207,0.38961038961038963,109
2023-02-05,1027,101,84,50,47,17,3,0.8316831683168316,0.94,131
2023-02-06,1027,121,78,64,44,43,20,0.6446280991735537,0.6875,122
2023-02-07,1027,113,59,86,37,54,49,0.5221238938053098,0.43023255813953487,96
2023-02-08,1027,109,86,60,44,23,16,0.7889908256880734,0.7333333333333333,130
2023-02-09,1027,130,74,94,43,56,51,0.5692307692307692,0.4574468085106383,117
2023-02-10,1027,145,66,56,39,79,17,0.45517241379310347,0.6964285714285714,105
2023-02-11,1027,138,78,88,43,60,45,0.5652173913043478,0.48863636363636365,121
2023-02-12,1027,149,98,71,41,51,30,0.6577181208053692,0.5774647887323944,139
2023-02-13,1027,148,87,84,49,61,35,0.5878378378378378,0.5833333333333334,136
2023-02-14,1027,135,68,83,38,67,45,0.5037037037037037,0.4578313253012048,106
2023-02-15,1027,135,81,59,48,54,11,0.6,0.8135593220338984,129
2023-02-16,1027,134,77,94,30,57,64,0.5746268656716418,0.3191489361702128,107
2023-02-17,1027,107,74,52,46,33,6,0.6915887850467289,0.8846153846153846,120
2023-02-18,1027,128,70,74,36,58,38,0.546875,0.4864864864864865,106
2023-02-19,1027,114,82,89,52,32,37,0.7192982456140351,0.5842696629213483,134
2023-02-20,1027,117,64,87,34,53,53,0.5470085470085471,0.39080459770114945,98
2023-02-21,1027,124,73,91,27,51,64,0.5887096774193549,0.2967032967032967,100
2023-02-22,1027,100,90,52,36,10,16,0.9,0.6923076923076923,126
2023-02-23,1027,140,80,58,45,60,13,0.5714285714285714,0.7758620689655172,125
2023-02-24,1027,124,73,54,45,51,9,0.5887096774193549,0.8333333333333334,118
2023-02-25,1027,121,80,53,46,41,7,0.6611570247933884,0.8679245283018868,126
2023-02-26,1027,134,77,72,52,57,20,0.5746268656716418,0.7222222222222222,129
2023-02-27,1027,146,87,56,43,59,13,0.5958904109589042,0.7678571428571429,130
2023-02-28,1027,109,76,98,31,33,67,0.6972477064220184,0.3163265306122449,107
2023-03-01,1027,103,75,61,30,28,31,0.7281553398058253,0.4918032786885246,105
2023-03-02,1027,108,94,60,41,14,19,0.8703703703703703,0.6833333333333333,135
2023-03-03,1027,124,98,68,44,26,24,0.7903225806451613,0.6470588235294118,142
2023-03-04,1027,111,73,74,33,38,41,0.6576576576576577,0.44594594594594594,106
2023-03-05,1027,143,96,88,40,47,48,0.6713286713286714,0.45454545454545453,136
2023-03-06,1027,114,85,85,40,29,45,0.7456140350877193,0.47058823529411764,125
2023-03-07,1027,145,75,67,33,70,34,0.5172413793103449,0.4925373134328358,108
2023-03-08,1027,109,74,95,37,35,58,0.6788990825688074,0.3894736842105263,111
2023-03-09,1027,119,71,67,43,48,24,0.5966386554621849,0.6417910447761194,114
2023-03-10,1027,127,93,93,38,34,55,0.7322834645669292,0.40860215053763443,131
2023-03-11,1027,141,87,86,47,54,39,0.6170212765957447,0.5465116279069767,134
2023-03-12,1027,105,79,53,40,26,13,0.7523809523809524,0.7547169811320755,119
2023-03-13,1027,133,71,89,38,62,51,0.5338345864661654,0.42696629213483145,109
2023-03-14,1027,126,91,74,20,35,54,0.7222222222222222,0.2702702702702703,111
2023-03-15,1027,144,104,76,45,40,31,0.7222222222222222,0.5921052631578947,149
2023-03-16,1027,110,65,59,37,45,22,0.5909090909090909,0.6271186440677966,102
2023-03-17,1027,119,90,51,46,29,5,0.7563025210084033,0.9019607843137255,136
2023-03-18,1027,147,80,82,40,67,42,0.54421768707483,0.4878048780487805,120
2023-03-19,1027,109,74,59,35,35,24,0.6788990825688074,0.5932203389830508,109
2023-03-20,1027,128,87,60,45,41,15,0.6796875,0.75,132
2023-03-21,1027,121,84,78,48,37,30,0.6942148760330579,0.6153846153846154,132
2023-03-22,1027,128,72,58,40,56,18,0.5625,0.6896551724137931,112
2023-03-23,1027,117,84,69,48,33,21,0.717948717948718,0.6956521739130435,132
2023-03-24,1027,138,80,82,37,58,45,0.5797101449275363,0.45121951219512196,117
2023-03-25,1027,111,90,66,50,21,16,0.8108108108108109,0.7575757575757576,140
2023-03-26,1027,100,80,53,43,20,10,0.8,0.8113207547169812,123
2023-03-27,1027,127,83,79,47,44,32,0.6535433070866141,0.5949367088607594,130
2023-03-28,1027,137,93,72,42,44,30,0.6788321167883211,0.5833333333333334,135
2023-03-29,1027,117,70,97,41,47,56,0.5982905982905983,0.422680412371134,111
2023-03-30,1027,141,82,55,37,59,18,0.5815602836879432,0.6727272727272727,119
2023-03-31,1027,122,70,51,45,52,6,0.5737704918032787,0.8823529411764706,115
2023-04-01,1027,127,72,96,34,55,62,0.5669291338582677,0.3541666666666667,106
2023-04-02,1027,131,71,79,52,60,27,0.5419847328244275,0.6582278481012658,123
2023-04-03,1027,136,81,69,35,55,34,0.5955882352941176,0.5072463768115942,116
2023-04-04,1027,136,76,69,37,60,32,0.5588235294117647,0.5362318840579711,113
2023-04-05,1027,106,81,67,44,25,23,0.7641509433962265,0.6567164179104478,125
2023-04-06,1027,123,75,54,26,48,28,0.6097560975609756,0.48148148148148145,101
2023-04-07,1027,148,68,64,42,80,22,0.4594594594594595,0.65625,110
2023-04-08,1027,134,74,64,40,60,24,0.5522388059701493,0.625,114
2023-04-09,1027,102,80,72,48,22,24,0.7843137254901961,0.6666666666666666,128
2023-04-10,1027,103,81,75,34,22,41,0.7864077669902912,0.4533333333333333,115
2023-04-11,1027,148,79,95,43,69,52,0.5337837837837838,0.45263157894736844,122
2023-04-12,1027,141,76,70,28,65,42,0.5390070921985816,0.4,104
2023-04-13,1027,122,74,77,40,48,37,0.6065573770491803,0.5194805194805194,114
2023-04-14,1027,139,82,98,38,57,60,0.5899280575539568,0.3877551020408163,120
2023-04-15,1027,112,107,93,51,5,42,0.9553571428571429,0.5483870967741935,158
2023-04-16,1027,138,91,72,45,47,27,0.6594202898550725,0.625,136
2023-04-17,1027,115,82,87,42,33,45,0.7130434782608696,0.4827586206896552,124
2023-04-18,1027,121,91,79,44,30,35,0.7520661157024794,0.5569620253164557,135
2023-04-19,1027,141,66,89,40,75,49,0.46808510638297873,0.449438202247191,106
2023-04-20,1027,104,68,81,43,36,38,0.6538461538461539,0.5308641975308642,111
2023-04-21,1027,145,87,88,38,58,50,0.6,0.4318181818181818,125
2023-04-22,1027,110,71,96,40,39,56,0.6454545454545455,0.4166666666666667,111
2023-04-23,1027,101,69,68,59,32,9,0.6831683168316832,0.8676470588235294,128
2023-04-24,1027,100,79,75,33,21,42,0.79,0.44,112
2023-04-25,1027,149,81,97,24,68,73,0.5436241610738255,0.24742268041237114,105
2023-04-26,1027,124,78,94,37,46,57,0.6290322580645161,0.39361702127659576,115
2023-04-27,1027,108,77,92,43,31,49,0.7129629629629629,0.4673913043478261,120
2023-04-28,1027,139,86,62,46,53,16,0.6187050359712231,0.7419354838709677,132
2023-04-29,1027,108,88,93,48,20,45,0.8148148148148148,0.5161290322580645,136
2023-04-30,1027,134,92,87,36,42,51,0.6865671641791045,0.41379310344827586,128
2023-05-01,1027,136,73,76,43,63,33,0.5367647058823529,0.5657894736842105,116
2023-05-02,1027,149,74,61,41,75,20,0.49664429530201343,0.6721311475409836,115
2023-05-03,1027,143,86,90,45,57,45,0.6013986013986014,0.5,131
2023-05-04,1027,148,76,85,39,72,46,0.5135135135135135,0.4588235294117647,115
2023-05-05,1027,105,77,73,39,28,34,0.7333333333333333,0.5342465753424658,116
2023-05-06,1027,117,86,61,51,31,10,0.7350427350427351,0.8360655737704918,137
2023-05-07,1027,126,79,72,27,47,45,0.626984126984127,0.375,106
2023-05-08,1027,111,100,81,40,11,41,0.9009009009009009,0.49382716049382713,140
2023-05-09,1027,146,83,51,48,63,3,0.5684931506849316,0.9411764705882353,131
2023-05-10,1027,107,68,71,41,39,30,0.6355140186915887,0.5774647887323944,109
2023-05-11,1027,111,86,77,47,25,30,0.7747747747747747,0.6103896103896104,133
2023-05-12,1027,128,89,57,43,39,14,0.6953125,0.7543859649122807,132
2023-05-13,1027,127,81,79,34,46,45,0.6377952755905512,0.43037974683544306,115
2023-05-14,1027,101,79,88,27,22,61,0.7821782178217822,0.3068181818181818,106
2023-05-15,1027,138,76,82,42,62,40,0.5507246376811594,0.5121951219512195,118
2023-05-16,1027,126,65,54,48,61,6,0.5158730158730159,0.8888888888888888,113
2023-05-17,1027,116,72,57,31,44,26,0.6206896551724138,0.543859649122807,103
2023-05-18,1027,146,88,57,41,58,16,0.6027397260273972,0.7192982456140351,129
2023-05-19,1027,140,80,57,48,60,9,0.5714285714285714,0.8421052631578947,128
2023-05-20,1027,127,92,89,32,35,57,0.7244094488188977,0.3595505617977528,124
2023-05-21,1027,135,78,57,46,57,11,0.5777777777777777,0.8070175438596491,124
2023-05-22,1027,123,89,99,33,34,66,0.7235772357723578,0.3333333333333333,122
2023-05-23,1027,108,69,92,42,39,50,0.6388888888888888,0.45652173913043476,111
2023-05-24,1027,128,83,81,45,45,36,0.6484375,0.5555555555555556,128
2023-05-25,1027,121,88,88,50,33,38,0.7272727272727273,0.5681818181818182,138
2023-05-26,1027,118,86,73,35,32,38,0.7288135593220338,0.4794520547945205,121
2023-05-27,1027,141,73,85,44,68,41,0.5177304964539007,0.5176470588235295,117
2023-05-28,1027,119,85,71,48,34,23,0.7142857142857143,0.676056338028169,133
2023-05-29,1027,149,87,52,33,62,19,0.5838926174496645,0.6346153846153846,120
2023-05-30,1027,149,79,95,40,70,55,0.5302013422818792,0.42105263157894735,119
2023-05-31,1027,118,84,96,32,34,64,0.711864406779661,0.3333333333333333,116
2023-06-01,1027,113,75,71,33,38,38,0.6637168141592921,0.4647887323943662,108
2023-06-02,1027,125,80,72,34,45,38,0.64,0.4722222222222222,114
2023-06-03,1027,115,73,80,46,42,34,0.6347826086956522,0.575,119
2023-06-04,1027,144,88,69,47,56,22,0.6111111111111112,0.6811594202898551,135
2023-06-05,1027,129,63,59,35,66,24,0.4883720930232558,0.5932203389830508,98
2023-06-06,1027,111,70,51,37,41,14,0.6306306306306306,0.7254901960784313,107
2023-06-07,1027,145,78,79,41,67,38,0.5379310344827586,0.5189873417721519,119
2023-06-08,1027,124,75,81,43,49,38,0.6048387096774194,0.5308641975308642,118
2023-06-09,1027,149,91,88,44,58,44,0.610738255033557,0.5,135
2023-06-10,1027,138,90,70,45,48,25,0.6521739130434783,0.6428571428571429,135
2023-06-11,1027,138,71,55,44,67,11,0.5144927536231884,0.8,115
2023-06-12,1027,103,87,53,43,16,10,0.8446601941747572,0.8113207547169812,130
2023-06-13,1027,145,89,90,38,56,52,0.6137931034482759,0.4222222222222222,127
2023-06-14,1027,100,76,97,45,24,52,0.76,0.4639175257731959,121
2023-06-15,1027,122,80,93,37,42,56,0.6557377049180327,0.3978494623655914,117
2023-06-16,1027,120,85,97,33,35,64,0.7083333333333334,0.3402061855670103,118
2023-06-17,1027,130,84,53,40,46,13,0.6461538461538462,0.7547169811320755,124
2023-06-18,1027,146,68,88,44,78,44,0.4657534246575342,0.5,112
2023-06-19,1027,128,77,75,38,51,37,0.6015625,0.5066666666666667,115
2023-06-20,1027,139,72,97,33,67,64,0.5179856115107914,0.3402061855670103,105
2023-06-21,1027,122,58,96,35,64,61,0.47540983606557374,0.3645833333333333,93
2023-06-22,1027,120,80,64,43,40,21,0.6666666666666666,0.671875,123
2023-06-23,1027,140,89,59,36,51,23,0.6357142857142857,0.6101694915254238,125
2023-06-24,1027,143,79,80,34,64,46,0.5524475524475524,0.425,113
2023-06-25,1027,145,79,84,33,66,51,0.5448275862068965,0.39285714285714285,112
2023-06-26,1027,101,82,88,31,19,57,0.8118811881188119,0.3522727272727273,113
2023-06-27,1027,140,92,62,39,48,23,0.6571428571428571,0.6290322580645161,131
2023-06-28,1027,123,66,82,41,57,41,0.5365853658536586,0.5,107
2023-06-29,1027,126,85,53,52,41,1,0.6746031746031746,0.9811320754716981,137
2023-06-30,1027,112,78,84,47,34,37,0.6964285714285714,0.5595238095238095,125
2023-07-01,1027,103,84,84,41,19,43,0.8155339805825242,0.4880952380952381,125
2023-07-02,1027,142,90,63,37,52,26,0.6338028169014085,0.5873015873015873,127
2023-07-03,1027,127,83,50,50,44,0,0.6535433070866141,1,133
2023-07-04,1027,103,87,50,29,16,21,0.8446601941747572,0.58,116
2023-07-05,1027,115,78,89,50,37,39,0.6782608695652174,0.5617977528089888,128
2023-07-06,1027,120,83,87,53,37,34,0.6916666666666667,0.6091954022988506,136
2023-07-07,1027,125,79,89,48,46,41,0.632,0.5393258426966292,127
2023-07-08,1027,124,91,88,30,33,58,0.7338709677419355,0.3409090909090909,121
2023-07-09,1027,135,73,62,29,62,33,0.5407407407407407,0.46774193548387094,102
2023-07-10,1027,129,78,100,47,51,53,0.6046511627906976,0.47,125
2023-07-11,1027,130,74,85,40,56,45,0.5692307692307692,0.47058823529411764,114
2023-07-12,1027,130,77,60,49,53,11,0.5923076923076923,0.8166666666666667,126
2023-07-13,1027,143,94,53,42,49,11,0.6573426573426573,0.7924528301886793,136
2023-07-14,1027,147,72,67,38,75,29,0.4897959183673469,0.5671641791044776,110
2023-07-15,1027,100,82,61,28,18,33,0.82,0.45901639344262296,110
2023-07-16,1027,114,71,73,30,43,43,0.6228070175438597,0.410958904109589,101
2023-07-17,1027,135,79,52,44,56,8,0.5851851851851851,0.8461538461538461,123
2023-07-18,1027,114,82,51,35,32,16,0.7192982456140351,0.6862745098039216,117
2023-07-19,1027,129,79,77,39,50,38,0.6124031007751938,0.5064935064935064,118
2023-07-20,1027,150,80,62,38,70,24,0.5333333333333333,0.6129032258064516,118
2023-07-21,1027,112,85,69,41,27,28,0.7589285714285714,0.5942028985507246,126
2023-07-22,1027,146,83,68,33,63,35,0.5684931506849316,0.4852941176470588,116
2023-07-23,1027,139,89,99,43,50,56,0.6402877697841727,0.43434343434343436,132
2023-07-24,1027,146,88,78,36,58,42,0.6027397260273972,0.46153846153846156,124
2023-07-25,1027,134,84,66,43,50,23,0.6268656716417911,0.6515151515151515,127
2023-07-26,1027,121,79,85,44,42,41,0.6528925619834711,0.5176470588235295,123
2023-07-27,1027,104,80,79,42,24,37,0.7692307692307693,0.5316455696202531,122
2023-07-28,1027,118,72,99,40,46,59,0.6101694915254238,0.40404040404040403,112
2023-07-29,1027,134,87,73,54,47,19,0.6492537313432836,0.7397260273972602,141
2023-07-30,1027,133,78,85,49,55,36,0.5864661654135338,0.5764705882352941,127
2023-07-31,1027,146,77,86,35,69,51,0.5273972602739726,0.4069767441860465,112
2023-08-01,1027,128,99,53,45,29,8,0.7734375,0.8490566037735849,144
2023-08-02,1027,139,79,68,31,60,37,0.5683453237410072,0.45588235294117646,110
2023-08-03,1027,145,75,77,25,70,52,0.5172413793103449,0.3246753246753247,100
2023-08-04,1027,136,96,84,43,40,41,0.7058823529411765,0.5119047619047619,139
2023-08-05,1027,132,74,63,27,58,36,0.5606060606060606,0.42857142857142855,101
2023-08-06,1027,142,101,80,37,41,43,0.7112676056338029,0.4625,138
2023-08-07,1027,115,85,97,53,30,44,0.7391304347826086,0.5463917525773195,138
2023-08-08,1027,123,66,51,33,57,18,0.5365853658536586,0.6470588235294118,99
2023-08-09,1027,132,94,92,38,38,54,0.7121212121212122,0.41304347826086957,132
2023-08-10,1027,130,67,73,41,63,32,0.5153846153846153,0.5616438356164384,108
2023-08-11,1027,118,76,72,37,42,35,0.6440677966101694,0.5138888888888888,113
2023-08-12,1027,128,76,70,38,52,32,0.59375,0.5428571428571428,114
2023-08-13,1027,138,71,68,44,67,24,0.5144927536231884,0.6470588235294118,115
2023-08-14,1027,101,75,64,35,26,29,0.7425742574257426,0.546875,110
2023-08-15,1027,130,82,93,38,48,55,0.6307692307692307,0.40860215053763443,120
2023-08-16,1027,124,72,98,44,52,54,0.5806451612903226,0.4489795918367347,116
2023-08-17,1027,138,62,54,44,76,10,0.4492753623188406,0.8148148148148148,106
2023-08-18,1027,114,69,86,45,45,41,0.6052631578947368,0.5232558139534884,114
2023-08-19,1027,132,96,95,41,36,54,0.7272727272727273,0.43157894736842106,137
2023-08-20,1027,124,87,82,31,37,51,0.7016129032258065,0.3780487804878049,118
2023-08-21,1027,149,67,75,38,82,37,0.44966442953020136,0.5066666666666667,105
2023-08-22,1027,113,84,65,40,29,25,0.7433628318584071,0.6153846153846154,124
2023-08-23,1027,115,82,83,34,33,49,0.7130434782608696,0.40963855421686746,116
2023-08-24,1027,122,74,79,43,48,36,0.6065573770491803,0.5443037974683544,117
2023-08-25,1027,140,100,62,37,40,25,0.7142857142857143,0.5967741935483871,137
2023-08-26,1027,116,76,72,35,40,37,0.6551724137931034,0.4861111111111111,111
2023-08-27,1027,114,90,99,45,24,54,0.7894736842105263,0.45454545454545453,135
2023-08-28,1027,107,84,50,50,23,0,0.7850467289719626,1,134
2023-08-29,1027,130,88,77,30,42,47,0.676923076923077,0.38961038961038963,118
2023-08-30,1027,138,82,92,49,56,43,0.5942028985507246,0.532608695652174,131
2023-08-31,1027,143,82,90,35,61,55,0.5734265734265734,0.3888888888888889,117
2023-09-01,1027,123,78,92,29,45,63,0.6341463414634146,0.31521739130434784,107
2023-09-02,1027,118,81,89,37,37,52,0.6864406779661016,0.4157303370786517,118
2023-09-03,1027,149,91,77,46,58,31,0.610738255033557,0.5974025974025974,137
2023-09-04,1027,111,72,81,45,39,36,0.6486486486486487,0.5555555555555556,117
2023-09-05,1027,131,92,99,36,39,63,0.7022900763358778,0.36363636363636365,128
2023-09-06,1027,143,78,78,34,65,44,0.5454545454545454,0.4358974358974359,112
2023-09-07,1027,123,62,53,39,61,14,0.5040650406504065,0.7358490566037735,101
2023-09-08,1027,146,70,69,48,76,21,0.4794520547945205,0.6956521739130435,118
2023-09-09,1027,112,83,50,48,29,2,0.7410714285714286,0.96,131
2023-09-10,1027,128,67,89,36,61,53,0.5234375,0.4044943820224719,103
2023-09-11,1027,101,78,78,62,23,16,0.7722772277227723,0.7948717948717948,140
2023-09-12,1027,140,72,58,37,68,21,0.5142857142857142,0.6379310344827587,109
2023-09-13,1027,114,75,94,41,39,53,0.6578947368421053,0.43617021276595747,116
2023-09-14,1027,112,73,82,37,39,45,0.6517857142857143,0.45121951219512196,110
2023-09-15,1027,148,84,56,51,64,5,0.5675675675675675,0.9107142857142857,135
2023-09-16,1027,109,83,74,41,26,33,0.7614678899082569,0.5540540540540541,124
2023-09-17,1027,102,82,65,33,20,32,0.803921568627451,0.5076923076923077,115
2023-09-18,1027,135,85,80,42,50,38,0.6296296296296297,0.525,127
2023-09-19,1027,116,86,68,26,30,42,0.7413793103448276,0.38235294117647056,112
2023-09-20,1027,100,77,96,40,23,56,0.77,0.4166666666666667,117
2023-09-21,1027,112,94,74,40,18,34,0.8392857142857143,0.5405405405405406,134
2023-09-22,1027,124,64,97,49,60,48,0.5161290322580645,0.5051546391752577,113
2023-09-23,1027,141,67,89,53,74,36,0.475177304964539,0.5955056179775281,120
2023-09-24,1027,138,66,97,37,72,60,0.4782608695652174,0.38144329896907214,103
2023-09-25,1027,126,88,78,44,38,34,0.6984126984126984,0.5641025641025641,132
2023-09-26,1027,111,79,75,50,32,25,0.7117117117117117,0.6666666666666666,129
2023-09-27,1027,108,75,81,41,33,40,0.6944444444444444,0.5061728395061729,116
2023-09-28,1027,114,69,50,44,45,6,0.6052631578947368,0.88,113
2023-09-29,1027,102,73,87,38,29,49,0.7156862745098039,0.4367816091954023,111
2023-09-30,1027,125,70,68,39,55,29,0.56,0.5735294117647058,109
2023-10-01,1027,121,62,57,30,59,27,0.512396694214876,0.5263157894736842,92
2023-10-02,1027,113,65,58,57,48,1,0.5752212389380531,0.9827586206896551,122
2023-10-03,1027,101,79,89,33,22,56,0.7821782178217822,0.3707865168539326,112
2023-10-04,1027,117,90,77,37,27,40,0.7692307692307693,0.4805194805194805,127
2023-10-05,1027,108,84,62,42,24,20,0.7777777777777778,0.6774193548387096,126
2023-10-06,1027,119,82,64,43,37,21,0.6890756302521008,0.671875,125
2023-10-07,1027,124,63,74,46,61,28,0.5080645161290323,0.6216216216216216,109
2023-10-08,1027,133,88,52,33,45,19,0.6616541353383458,0.6346153846153846,121
2023-10-09,1027,148,76,78,33,72,45,0.5135135135135135,0.4230769230769231,109
2023-10-10,1027,109,86,100,43,23,57,0.7889908256880734,0.43,129
2023-10-11,1027,106,84,93,37,22,56,0.7924528301886793,0.3978494623655914,121
2023-10-12,1027,132,79,85,28,53,57,0.5984848484848485,0.32941176470588235,107
2023-10-13,1027,146,75,72,39,71,33,0.5136986301369864,0.5416666666666666,114
2023-10-14,1027,112,94,53,40,18,13,0.8392857142857143,0.7547169811320755,134
2023-10-15,1027,109,99,84,45,10,39,0.908256880733945,0.5357142857142857,144
2023-10-16,1027,114,84,86,43,30,43,0.7368421052631579,0.5,127
2023-10-17,1027,131,88,94,46,43,48,0.6717557251908397,0.48936170212765956,134
2023-10-18,1027,101,86,76,43,15,33,0.8514851485148515,0.5657894736842105,129
2023-10-19,1027,112,76,51,38,36,13,0.6785714285714286,0.7450980392156863,114
2023-10-20,1027,143,94,73,49,49,24,0.6573426573426573,0.6712328767123288,143
2023-10-21,1027,121,75,96,27,46,69,0.6198347107438017,0.28125,102
2023-10-22,1027,148,120,53,36,28,17,0.8108108108108109,0.6792452830188679,156
2023-10-23,1027,116,86,51,49,30,2,0.7413793103448276,0.9607843137254902,135
2023-10-24,1027,140,78,77,48,62,29,0.5571428571428572,0.6233766233766234,126
2023-10-25,1027,134,57,64,37,77,27,0.4253731343283582,0.578125,94
2023-10-26,1027,111,71,64,39,40,25,0.6396396396396397,0.609375,110
2023-10-27,1027,150,81,92,50,69,42,0.54,0.5434782608695652,131
2023-10-28,1027,128,79,67,43,49,24,0.6171875,0.6417910447761194,122
2023-10-29,1027,133,69,62,37,64,25,0.518796992481203,0.5967741935483871,106
2023-10-30,1027,125,94,89,35,31,54,0.752,0.39325842696629215,129
2023-10-31,1027,141,64,78,47,77,31,0.45390070921985815,0.6025641025641025,111
2023-11-01,1027,124,84,85,44,40,41,0.6774193548387096,0.5176470588235295,128
2023-11-02,1027,108,92,63,38,16,25,0.8518518518518519,0.6031746031746031,130
2023-11-03,1027,127,72,88,43,55,45,0.5669291338582677,0.48863636363636365,115
2023-11-04,1027,149,72,57,31,77,26,0.48322147651006714,0.543859649122807,103
2023-11-05,1027,132,67,72,35,65,37,0.5075757575757576,0.4861111111111111,102
2023-11-06,1027,137,83,88,32,54,56,0.6058394160583942,0.36363636363636365,115
2023-11-07,1027,134,87,59,43,47,16,0.6492537313432836,0.7288135593220338,130
2023-11-08,1027,143,68,62,47,75,15,0.4755244755244755,0.7580645161290323,115
2023-11-09,1027,149,91,100,33,58,67,0.610738255033557,0.33,124
2023-11-10,1027,137,73,63,39,64,24,0.5328467153284672,0.6190476190476191,112
2023-11-11,1027,130,83,67,43,47,24,0.6384615384615384,0.6417910447761194,126
2023-11-12,1027,123,64,51,51,59,0,0.5203252032520326,1,115
2023-11-13,1027,107,84,79,40,23,39,0.7850467289719626,0.5063291139240507,124
2023-11-14,1027,139,83,65,39,56,26,0.5971223021582733,0.6,122
2023-11-15,1027,135,71,88,46,64,42,0.5259259259259259,0.5227272727272727,117
2023-11-16,1027,120,75,54,46,45,8,0.625,0.8518518518518519,121
2023-11-17,1027,149,79,79,36,70,43,0.5302013422818792,0.45569620253164556,115
2023-11-18,1027,124,78,54,41,46,13,0.6290322580645161,0.7592592592592593,119
2023-11-19,1027,109,69,53,36,40,17,0.6330275229357798,0.6792452830188679,105
2023-11-20,1027,100,74,97,30,26,67,0.74,0.30927835051546393,104
2023-11-21,1027,123,64,54,36,59,18,0.5203252032520326,0.6666666666666666,100
2023-11-22,1027,125,84,96,32,41,64,0.672,0.3333333333333333,116
2023-11-23,1027,109,67,63,44,42,19,0.6146788990825688,0.6984126984126984,111
2023-11-24,1027,125,96,60,42,29,18,0.768,0.7,138
2023-11-25,1027,136,83,96,43,53,53,0.6102941176470589,0.4479166666666667,126
2023-11-26,1027,128,79,98,39,49,59,0.6171875,0.3979591836734694,118
2023-11-27,1027,103,82,99,48,21,51,0.7961165048543689,0.48484848484848486,130
2023-11-28,1027,110,70,99,48,40,51,0.6363636363636364,0.48484848484848486,118
2023-11-29,1027,127,74,87,44,53,43,0.5826771653543307,0.5057471264367817,118
2023-11-30,1027,114,70,91,38,44,53,0.6140350877192983,0.4175824175824176,108
2023-12-01,1027,106,84,59,41,22,18,0.7924528301886793,0.6949152542372882,125
2023-12-02,1027,104,79,71,36,25,35,0.7596153846153846,0.5070422535211268,115
2023-12-03,1027,107,75,96,47,32,49,0.7009345794392523,0.4895833333333333,122
2023-12-04,1027,117,71,84,36,46,48,0.6068376068376068,0.42857142857142855,107
2023-12-05,1027,124,65,72,43,59,29,0.5241935483870968,0.5972222222222222,108
2023-12-06,1027,119,87,55,36,32,19,0.7310924369747899,0.6545454545454545,123
2023-12-07,1027,123,81,54,39,42,15,0.6585365853658537,0.7222222222222222,120
2023-12-08,1027,117,81,89,31,36,58,0.6923076923076923,0.34831460674157305,112
2023-12-09,1027,128,78,74,38,50,36,0.609375,0.5135135135135135,116
2023-12-10,1027,143,75,81,40,68,41,0.5244755244755245,0.49382716049382713,115
2023-12-11,1027,111,103,70,52,8,18,0.9279279279279279,0.7428571428571429,155
2023-12-12,1027,149,67,93,30,82,63,0.44966442953020136,0.3225806451612903,97
2023-12-13,1027,100,77,87,34,23,53,0.77,0.39080459770114945,111
2023-12-14,1027,121,82,96,43,39,53,0.6776859504132231,0.4479166666666667,125
2023-12-15,1027,101,92,50,37,9,13,0.9108910891089109,0.74,129
2023-12-16,1027,114,81,57,40,33,17,0.7105263157894737,0.7017543859649122,121
2023-12-17,1027,131,67,55,38,64,17,0.5114503816793893,0.6909090909090909,105
2023-12-18,1027,100,82,80,44,18,36,0.82,0.55,126
2023-12-19,1027,136,80,100,47,56,53,0.5882352941176471,0.47,127
2023-12-20,1027,102,87,61,38,15,23,0.8529411764705882,0.6229508196721312,125
2023-12-21,1027,131,67,89,35,64,54,0.5114503816793893,0.39325842696629215,102
2023-12-22,1027,132,69,84,45,63,39,0.5227272727272727,0.5357142857142857,114
2023-12-23,1027,130,88,97,34,42,63,0.676923076923077,0.35051546391752575,122
2023-12-24,1027,131,92,50,42,39,8,0.7022900763358778,0.84,134
2023-12-25,1027,105,88,78,40,17,38,0.8380952380952381,0.5128205128205128,128
2023-12-26,1027,148,73,98,44,75,54,0.49324324324324326,0.4489795918367347,117
2023-12-27,1027,115,83,83,37,32,46,0.7217391304347827,0.4457831325301205,120
2023-12-28,1027,112,77,67,47,35,20,0.6875,0.7014925373134329,124
2023-12-29,1027,138,68,81,30,70,51,0.4927536231884058,0.37037037037037035,98
2023-12-30,1027,112,86,74,50,26,24,0.7678571428571429,0.6756756756756757,136
2023-12-31,1027,109,79,75,41,30,34,0.7247706422018348,0.5466666666666666,120
2023-01-01,1028,109,78,61,45,31,16,0.7155963302752294,0.7377049180327869,123
2023-01-02,1028,135,83,95,48,52,47,0.6148148148148148,0.5052631578947369,131
2023-01-03,1028,133,81,86,41,52,45,0.6090225563909775,0.47674418604651164,122
2023-01-04,1028,120,79,79,46,41,33,0.6583333333333333,0.5822784810126582,125
2023-01-05,1028,121,85,50,50,36,0,0.7024793388429752,1,135
2023-01-06,1028,127,86,87,24,41,63,0.6771653543307087,0.27586206896551724,110
2023-01-07,1028,124,84,64,46,40,18,0.6774193548387096,0.71875,130
2023-01-08,1028,113,82,98,34,31,64,0.7256637168141593,0.3469387755102041,116
2023-01-09,1028,131,91,88,30,40,58,0.6946564885496184,0.3409090909090909,121
2023-01-10,1028,149,77,64,38,72,26,0.5167785234899329,0.59375,115
2023-01-11,1028,139,102,63,26,37,37,0.7338129496402878,0.4126984126984127,128
2023-01-12,1028,106,94,81,36,12,45,0.8867924528301887,0.4444444444444444,130
2023-01-13,1028,145,76,83,34,69,49,0.5241379310344828,0.40963855421686746,110
2023-01-14,1028,137,88,76,43,49,33,0.6423357664233577,0.5657894736842105,131
2023-01-15,1028,128,84,88,37,44,51,0.65625,0.42045454545454547,121
2023-01-16,1028,109,74,56,41,35,15,0.6788990825688074,0.7321428571428571,115
2023-01-17,1028,107,87,84,37,20,47,0.8130841121495327,0.44047619047619047,124
2023-01-18,1028,135,78,100,38,57,62,0.5777777777777777,0.38,116
2023-01-19,1028,106,87,90,30,19,60,0.8207547169811321,0.3333333333333333,117
2023-01-20,1028,119,76,56,44,43,12,0.6386554621848739,0.7857142857142857,120
2023-01-21,1028,136,62,78,42,74,36,0.45588235294117646,0.5384615384615384,104
2023-01-22,1028,113,91,77,41,22,36,0.8053097345132744,0.5324675324675324,132
2023-01-23,1028,107,87,93,46,20,47,0.8130841121495327,0.4946236559139785,133
2023-01-24,1028,105,73,98,46,32,52,0.6952380952380952,0.46938775510204084,119
2023-01-25,1028,137,85,52,41,52,11,0.6204379562043796,0.7884615384615384,126
2023-01-26,1028,120,66,72,46,54,26,0.55,0.6388888888888888,112
2023-01-27,1028,129,88,93,44,41,49,0.6821705426356589,0.4731182795698925,132
2023-01-28,1028,143,77,95,35,66,60,0.5384615384615384,0.3684210526315789,112
2023-01-29,1028,121,65,68,37,56,31,0.5371900826446281,0.5441176470588235,102
2023-01-30,1028,132,92,99,32,40,67,0.696969696969697,0.32323232323232326,124
2023-01-31,1028,101,89,95,50,12,45,0.8811881188118812,0.5263157894736842,139
2023-02-01,1028,141,87,57,46,54,11,0.6170212765957447,0.8070175438596491,133
2023-02-02,1028,148,75,82,39,73,43,0.5067567567567568,0.47560975609756095,114
2023-02-03,1028,136,66,70,36,70,34,0.4852941176470588,0.5142857142857142,102
2023-02-04,1028,144,75,91,45,69,46,0.5208333333333334,0.4945054945054945,120
2023-02-05,1028,109,73,52,31,36,21,0.6697247706422018,0.5961538461538461,104
2023-02-06,1028,150,90,98,39,60,59,0.6,0.3979591836734694,129
2023-02-07,1028,146,94,100,44,52,56,0.6438356164383562,0.44,138
2023-02-08,1028,141,87,96,33,54,63,0.6170212765957447,0.34375,120
2023-02-09,1028,108,93,78,43,15,35,0.8611111111111112,0.5512820512820513,136
2023-02-10,1028,146,91,50,50,55,0,0.6232876712328768,1,141
2023-02-11,1028,115,82,96,26,33,70,0.7130434782608696,0.2708333333333333,108
2023-02-12,1028,139,69,56,31,70,25,0.49640287769784175,0.5535714285714286,100
2023-02-13,1028,120,93,53,38,27,15,0.775,0.71698113207547165,131
2023-02-14,1028,122,66,86,37,56,49,0.5409836065573771,0.43023255813953487,103
2023-02-15,1028,115,76,66,40,39,26,0.6608695652173913,0.6060606060606061,116
2023-02-16,1028,133,72,86,36,61,50,0.5413533834586466,0.4186046511627907,108
2023-02-17,1028,117,67,62,31,50,31,0.5726495726495726,0.5,98
2023-02-18,1028,138,97,84,39,41,45,0.7028985507246377,0.4642857142857143,136
2023-02-19,1028,132,91,98,35,41,63,0.6893939393939394,0.35714285714285715,126
2023-02-20,1028,132,70,98,43,62,55,0.5303030303030303,0.4387755102040816,113
2023-02-21,1028,110,70,55,33,40,22,0.6363636363636364,0.6,103
2023-02-22,1028,106,84,68,34,22,34,0.7924528301886793,0.5,118
2023-02-23,1028,150,81,95,41,69,54,0.54,0.43157894736842106,122
2023-02-24,1028,100,82,75,52,18,23,0.82,0.6933333333333334,134
2023-02-25,1028,133,79,56,48,54,8,0.5939849624060151,0.8571428571428571,127
2023-02-26,1028,123,79,63,55,44,8,0.6422764227642277,0.873015873015873,134
2023-02-27,1028,133,94,82,46,39,36,0.706766917293233,0.5609756097560976,140
2023-02-28,1028,121,85,66,37,36,29,0.7024793388429752,0.5606060606060606,122
2023-03-01,1028,148,83,68,45,65,23,0.5608108108108109,0.6617647058823529,128
2023-03-02,1028,114,67,73,47,47,26,0.5877192982456141,0.6438356164383562,114
2023-03-03,1028,144,63,93,40,81,53,0.4375,0.43010752688172044,103
2023-03-04,1028,147,83,62,49,64,13,0.564625850340136,0.7903225806451613,132
2023-03-05,1028,108,89,68,49,19,19,0.8240740740740741,0.7205882352941176,138
2023-03-06,1028,126,67,69,39,59,30,0.5317460317460317,0.5652173913043478,106
2023-03-07,1028,147,72,92,46,75,46,0.4897959183673469,0.5,118
2023-03-08,1028,112,74,80,37,38,43,0.6607142857142857,0.4625,111
2023-03-09,1028,107,79,94,41,28,53,0.7383177570093458,0.43617021276595747,120
2023-03-10,1028,111,96,56,50,15,6,0.8648648648648649,0.8928571428571429,146
2023-03-11,1028,128,76,53,43,52,10,0.59375,0.8113207547169812,119
2023-03-12,1028,130,76,98,48,54,50,0.5846153846153846,0.4897959183673469,124
2023-03-13,1028,136,101,50,44,35,6,0.7426470588235294,0.88,145
2023-03-14,1028,120,77,97,33,43,64,0.6416666666666667,0.3402061855670103,110
2023-03-15,1028,116,83,50,42,33,8,0.7155172413793104,0.84,125
2023-03-16,1028,110,82,93,40,28,53,0.7454545454545455,0.43010752688172044,122
2023-03-17,1028,136,83,55,28,53,27,0.6102941176470589,0.509090909090909,111
2023-03-18,1028,107,86,90,42,21,48,0.8037383177570093,0.4666666666666667,128
2023-03-19,1028,142,74,88,42,68,46,0.5211267605633803,0.4772727272727273,116
2023-03-20,1028,150,86,63,45,64,18,0.5733333333333334,0.7142857142857143,131
2023-03-21,1028,113,92,66,42,21,24,0.8141592920353983,0.6363636363636364,134
2023-03-22,1028,147,75,86,40,72,46,0.5102040816326531,0.46511627906976744,115
2023-03-23,1028,146,70,96,36,76,60,0.4794520547945205,0.375,106
2023-03-24,1028,118,74,50,48,44,2,0.6271186440677966,0.96,122
2023-03-25,1028,146,85,50,50,61,0,0.5821917808219178,1,135
2023-03-26,1028,144,70,65,34,74,31,0.4861111111111111,0.5230769230769231,104
2023-03-27,1028,132,77,87,41,55,46,0.5833333333333334,0.47126436781609193,118
2023-03-28,1028,135,89,85,33,46,52,0.6592592592592592,0.38823529411764707,122
2023-03-29,1028,119,95,72,36,24,36,0.7983193277310925,0.5,131
2023-03-30,1028,133,75,51,45,58,6,0.5639097744360902,0.8823529411764706,120
2023-03-31,1028,103,78,83,43,25,40,0.7572815533980582,0.5180722891566265,121
2023-04-01,1028,108,89,86,40,19,46,0.8240740740740741,0.46511627906976744,129
2023-04-02,1028,105,87,57,39,18,18,0.8285714285714286,0.6842105263157895,126
2023-04-03,1028,122,76,76,41,46,35,0.6229508196721312,0.5394736842105263,117
2023-04-04,1028,118,80,83,45,38,38,0.6779661016949152,0.54216867469879515,125
2023-04-05,1028,116,76,88,33,40,55,0.6551724137931034,0.375,109
2023-04-06,1028,112,86,69,37,26,32,0.7678571428571429,0.5362318840579711,123
2023-04-07,1028,110,81,55,38,29,17,0.7363636363636363,0.6909090909090909,119
2023-04-08,1028,134,73,74,30,61,44,0.5447761194029851,0.40540540540540543,103
2023-04-09,1028,102,77,60,49,25,11,0.7549019607843137,0.8166666666666667,126
2023-04-10,1028,120,65,60,39,55,21,0.5416666666666666,0.65,104
2023-04-11,1028,125,84,65,42,41,23,0.672,0.6461538461538462,126
2023-04-12,1028,111,89,100,38,22,62,0.8018018018018018,0.38,127
2023-04-13,1028,110,72,54,28,38,26,0.6545454545454545,0.5185185185185185,100
2023-04-14,1028,111,85,88,34,26,54,0.7657657657657657,0.38636363636363635,119
2023-04-15,1028,101,79,97,25,22,72,0.7821782178217822,0.25773195876288657,104
2023-04-16,1028,105,97,68,43,8,25,0.9238095238095239,0.6323529411764706,140
2023-04-17,1028,143,93,86,42,50,44,0.6503496503496503,0.4883720930232558,135
2023-04-18,1028,116,78,85,29,38,56,0.6724137931034483,0.3411764705882353,107
2023-04-19,1028,115,59,96,43,56,53,0.5130434782608696,0.4479166666666667,102
2023-04-20,1028,150,90,69,55,60,14,0.6,0.7971014492753623,145
2023-04-21,1028,133,75,75,38,58,37,0.5639097744360902,0.5066666666666667,113
2023-04-22,1028,112,73,90,34,39,56,0.6517857142857143,0.37777777777777777,107
2023-04-23,1028,108,91,77,44,17,33,0.8425925925925926,0.5714285714285714,135
2023-04-24,1028,113,96,86,42,17,44,0.8495575221238938,0.4883720930232558,138
2023-04-25,1028,145,64,97,42,81,55,0.4413793103448276,0.4329896907216495,106
2023-04-26,1028,111,91,62,37,20,25,0.8198198198198198,0.5967741935483871,128
2023-04-27,1028,130,73,71,28,57,43,0.5615384615384615,0.39436619718309857,101
2023-04-28,1028,150,82,90,50,68,40,0.5466666666666666,0.5555555555555556,132
2023-04-29,1028,150,73,55,46,77,9,0.4866666666666667,0.8363636363636363,119
2023-04-30,1028,116,85,95,43,31,52,0.7327586206896551,0.45263157894736844,128
2023-05-01,1028,104,81,96,55,23,41,0.7788461538461539,0.5729166666666666,136
2023-05-02,1028,127,87,56,45,40,11,0.6850393700787402,0.8035714285714286,132
2023-05-03,1028,148,67,97,30,81,67,0.4527027027027027,0.30927835051546393,97
2023-05-04,1028,138,69,50,33,69,17,0.5,0.66,102
2023-05-05,1028,148,66,63,35,82,28,0.44594594594594594,0.5555555555555556,101
2023-05-06,1028,137,83,72,32,54,40,0.6058394160583942,0.4444444444444444,115
2023-05-07,1028,115,79,53,36,36,17,0.6869565217391305,0.6792452830188679,115
2023-05-08,1028,148,70,84,45,78,39,0.47297297297297297,0.5357142857142857,115
2023-05-09,1028,138,61,58,51,77,7,0.4420289855072464,0.8793103448275862,112
2023-05-10,1028,101,85,72,31,16,41,0.8415841584158416,0.4305555555555556,116
2023-05-11,1028,137,78,98,43,59,55,0.5693430656934306,0.4387755102040816,121
2023-05-12,1028,147,93,90,26,54,64,0.6326530612244898,0.28888888888888886,119
2023-05-13,1028,149,73,96,37,76,59,0.4899328859060403,0.3854166666666667,110
2023-05-14,1028,100,86,92,42,14,50,0.86,0.45652173913043476,128
2023-05-15,1028,139,77,69,42,62,27,0.5539568345323741,0.6086956521739131,119
2023-05-16,1028,124,77,80,40,47,40,0.6209677419354839,0.5,117
2023-05-17,1028,108,69,76,46,39,30,0.6388888888888888,0.6052631578947368,115
2023-05-18,1028,137,64,73,27,73,46,0.46715328467153283,0.3698630136986301,91
2023-05-19,1028,110,91,81,36,19,45,0.8272727272727273,0.4444444444444444,127
2023-05-20,1028,112,74,85,34,38,51,0.6607142857142857,0.4,108
2023-05-21,1028,130,90,66,33,40,33,0.6923076923076923,0.5,123
2023-05-22,1028,133,76,82,47,57,35,0.5714285714285714,0.573170731707317,123
2023-05-23,1028,120,78,65,38,42,27,0.65,0.5846153846153846,116
2023-05-24,1028,115,60,80,42,55,38,0.5217391304347826,0.525,102
2023-05-25,1028,133,75,95,38,58,57,0.5639097744360902,0.4,113
2023-05-26,1028,117,80,77,44,37,33,0.6837606837606838,0.5714285714285714,124
2023-05-27,1028,144,74,56,32,70,24,0.5138888888888888,0.5714285714285714,106
2023-05-28,1028,128,83,74,35,45,39,0.6484375,0.47297297297297297,118
2023-05-29,1028,125,85,84,32,40,52,0.68,0.38095238095238093,117
2023-05-30,1028,139,75,75,47,64,28,0.539568345323741,0.6266666666666667,122
2023-05-31,1028,103,94,68,38,9,30,0.912621359223301,0.5588235294117647,132
2023-06-01,1028,132,83,89,31,49,58,0.6287878787878788,0.34831460674157305,114
2023-06-02,1028,140,79,91,37,61,54,0.5642857142857143,0.4065934065934066,116
2023-06-03,1028,127,69,84,41,58,43,0.5433070866141733,0.4880952380952381,110
2023-06-04,1028,116,94,54,49,22,5,0.8103448275862069,0.9074074074074074,143
2023-06-05,1028,136,79,93,39,57,54,0.5808823529411765,0.41935483870967744,118
2023-06-06,1028,106,85,97,39,21,58,0.8018867924528302,0.4020618556701031,124
2023-06-07,1028,130,79,91,38,51,53,0.6076923076923076,0.4175824175824176,117
2023-06-08,1028,114,81,66,45,33,21,0.7105263157894737,0.6818181818181818,126
2023-06-09,1028,122,90,96,29,32,67,0.7377049180327869,0.3020833333333333,119
2023-06-10,1028,128,72,71,44,56,27,0.5625,0.6197183098591549,116
2023-06-11,1028,142,69,69,42,73,27,0.4859154929577465,0.6086956521739131,111
2023-06-12,1028,118,70,60,32,48,28,0.5932203389830508,0.5333333333333333,102
2023-06-13,1028,100,79,88,35,21,53,0.79,0.3977272727272727,114
2023-06-14,1028,137,68,70,36,69,34,0.49635036496350365,0.5142857142857142,104
2023-06-15,1028,145,70,73,38,75,35,0.4827586206896552,0.5205479452054794,108
2023-06-16,1028,111,67,67,35,44,32,0.6036036036036037,0.5223880597014925,102
2023-06-17,1028,113,81,95,39,32,56,0.7168141592920354,0.4105263157894737,120
2023-06-18,1028,131,72,51,41,59,10,0.549618320610687,0.803921568627451,113
2023-06-19,1028,121,80,69,51,41,18,0.6611570247933884,0.7391304347826086,131
2023-06-20,1028,119,70,95,42,49,53,0.5882352941176471,0.4421052631578947,112
2023-06-21,1028,131,72,52,34,59,18,0.549618320610687,0.6538461538461539,106
2023-06-22,1028,132,75,99,44,57,55,0.5681818181818182,0.4444444444444444,119
2023-06-23,1028,109,80,93,39,29,54,0.7339449541284404,0.41935483870967744,119
2023-06-24,1028,114,58,74,38,56,36,0.5087719298245614,0.5135135135135135,96
2023-06-25,1028,134,89,55,44,45,11,0.664179104477612,0.8,133
2023-06-26,1028,142,82,71,44,60,27,0.5774647887323944,0.6197183098591549,126
2023-06-27,1028,133,92,92,35,41,57,0.6917293233082706,0.3804347826086957,127
2023-06-28,1028,107,89,86,37,18,49,0.8317757009345794,0.43023255813953487,126
2023-06-29,1028,140,72,94,44,68,50,0.5142857142857142,0.46808510638297873,116
2023-06-30,1028,108,74,99,46,34,53,0.6851851851851852,0.46464646464646464,120
2023-07-01,1028,126,82,59,30,44,29,0.6507936507936508,0.5084745762711864,112
2023-07-02,1028,106,82,63,47,24,16,0.7735849056603774,0.746031746031746,129
2023-07-03,1028,136,70,99,43,66,56,0.5147058823529411,0.43434343434343436,113
2023-07-04,1028,139,84,52,46,55,6,0.60431654676259,0.8846153846153846,130
2023-07-05,1028,138,86,68,40,52,28,0.6231884057971014,0.5882352941176471,126
2023-07-06,1028,135,72,94,31,63,63,0.5333333333333333,0.32978723404255317,103
2023-07-07,1028,125,84,95,44,41,51,0.672,0.4631578947368421,128
2023-07-08,1028,116,100,59,49,16,10,0.8620689655172413,0.8305084745762712,149
2023-07-09,1028,134,77,61,39,57,22,0.5746268656716418,0.639344262295082,116
2023-07-10,1028,135,76,94,57,59,37,0.562962962962963,0.6063829787234043,133
2023-07-11,1028,108,75,57,34,33,23,0.6944444444444444,0.5964912280701754,109
2023-07-12,1028,125,92,95,33,33,62,0.736,0.3473684210526316,125
2023-07-13,1028,109,77,100,36,32,64,0.7064220183486238,0.36,113
2023-07-14,1028,148,83,97,39,65,58,0.5608108108108109,0.4020618556701031,122
2023-07-15,1028,135,76,72,41,59,31,0.562962962962963,0.5694444444444444,117
2023-07-16,1028,113,57,54,35,56,19,0.504424778761062,0.6481481481481481,92
2023-07-17,1028,130,88,78,43,42,35,0.676923076923077,0.5512820512820513,131
2023-07-18,1028,122,62,68,49,60,19,0.5081967213114754,0.7205882352941176,111
2023-07-19,1028,111,80,86,33,31,53,0.7207207207207207,0.38372093023255816,113
2023-07-20,1028,148,89,52,35,59,17,0.6013513513513513,0.6730769230769231,124
2023-07-21,1028,104,86,98,33,18,65,0.8269230769230769,0.336734693877551,119
2023-07-22,1028,105,83,63,36,22,27,0.7904761904761904,0.5714285714285714,119
2023-07-23,1028,112,73,94,43,39,51,0.6517857142857143,0.4574468085106383,116
2023-07-24,1028,122,80,65,32,42,33,0.6557377049180327,0.49230769230769234,112
2023-07-25,1028,101,70,58,51,31,7,0.693069306930693,0.8793103448275862,121
2023-07-26,1028,123,61,77,46,62,31,0.4959349593495935,0.5974025974025974,107
2023-07-27,1028,149,76,64,39,73,25,0.5100671140939598,0.609375,115
2023-07-28,1028,150,96,70,40,54,30,0.64,0.5714285714285714,136
2023-07-29,1028,118,77,71,33,41,38,0.652542372881356,0.4647887323943662,110
2023-07-30,1028,116,84,99,41,32,58,0.7241379310344828,0.41414141414141414,125
2023-07-31,1028,138,62,96,37,76,59,0.4492753623188406,0.3854166666666667,99
2023-08-01,1028,123,55,99,41,68,58,0.44715447154471544,0.41414141414141414,96
2023-08-02,1028,141,88,99,46,53,53,0.624113475177305,0.46464646464646464,134
2023-08-03,1028,120,85,71,41,35,30,0.7083333333333334,0.5774647887323944,126
2023-08-04,1028,110,85,91,51,25,40,0.7727272727272727,0.5604395604395604,136
2023-08-05,1028,137,86,94,32,51,62,0.6277372262773723,0.3404255319148936,118
2023-08-06,1028,113,80,58,36,33,22,0.7079646017699115,0.6206896551724138,116
2023-08-07,1028,133,66,52,38,67,14,0.49624060150375937,0.7307692307692307,104
2023-08-08,1028,149,102,96,40,47,56,0.6845637583892618,0.4166666666666667,142
2023-08-09,1028,110,76,76,34,34,42,0.6909090909090909,0.4473684210526316,110
2023-08-10,1028,136,85,56,36,51,20,0.625,0.6428571428571429,121
2023-08-11,1028,111,69,50,50,42,0,0.6216216216216216,1,119
2023-08-12,1028,113,70,59,50,43,9,0.6194690265486725,0.847457627118644,120
2023-08-13,1028,102,94,77,42,8,35,0.9215686274509803,0.5454545454545454,136
2023-08-14,1028,105,76,88,37,29,51,0.7238095238095238,0.42045454545454547,113
2023-08-15,1028,138,80,64,45,58,19,0.5797101449275363,0.703125,125
2023-08-16,1028,106,62,66,45,44,21,0.5849056603773585,0.6818181818181818,107
2023-08-17,1028,118,88,58,36,30,22,0.7457627118644068,0.6206896551724138,124
2023-08-18,1028,108,79,98,34,29,64,0.7314814814814815,0.3469387755102041,113
2023-08-19,1028,112,81,69,44,31,25,0.7232142857142857,0.6376811594202898,125
2023-08-20,1028,106,75,51,51,31,0,0.7075471698113207,1,126
2023-08-21,1028,107,84,55,44,23,11,0.7850467289719626,0.8,128
2023-08-22,1028,145,65,98,36,80,62,0.4482758620689655,0.3673469387755102,101
2023-08-23,1028,105,80,95,46,25,49,0.7619047619047619,0.4842105263157895,126
2023-08-24,1028,144,86,86,42,58,44,0.5972222222222222,0.4883720930232558,128
2023-08-25,1028,113,85,77,48,28,29,0.7522123893805309,0.6233766233766234,133
2023-08-26,1028,107,79,93,53,28,40,0.7383177570093458,0.5698924731182796,132
2023-08-27,1028,145,84,74,39,61,35,0.5793103448275863,0.527027027027027,123
2023-08-28,1028,138,77,66,37,61,29,0.5579710144927537,0.5606060606060606,114
2023-08-29,1028,135,102,70,39,33,31,0.7555555555555555,0.5571428571428572,141
2023-08-30,1028,106,106,63,49,0,14,1,0.7777777777777778,155
2023-08-31,1028,150,99,54,34,51,20,0.66,0.6296296296296297,133
2023-09-01,1028,138,70,56,31,68,25,0.5072463768115942,0.5535714285714286,101
2023-09-02,1028,128,73,54,37,55,17,0.5703125,0.6851851851851852,110
2023-09-03,1028,145,81,87,56,64,31,0.5586206896551724,0.6436781609195402,137
2023-09-04,1028,137,79,78,44,58,34,0.5766423357664233,0.5641025641025641,123
2023-09-05,1028,124,78,70,38,46,32,0.6290322580645161,0.5428571428571428,116
2023-09-06,1028,117,85,69,35,32,34,0.7264957264957265,0.5072463768115942,120
2023-09-07,1028,107,86,91,40,21,51,0.8037383177570093,0.43956043956043955,126
2023-09-08,1028,114,66,78,42,48,36,0.5789473684210527,0.5384615384615384,108
2023-09-09,1028,104,73,69,42,31,27,0.7019230769230769,0.6086956521739131,115
2023-09-10,1028,110,79,81,38,31,43,0.7181818181818181,0.4691358024691358,117
2023-09-11,1028,128,69,71,43,59,28,0.5390625,0.6056338028169014,112
2023-09-12,1028,117,74,59,37,43,22,0.6324786324786325,0.6271186440677966,111
2023-09-13,1028,142,76,69,32,66,37,0.5352112676056338,0.463768115942029,108
2023-09-14,1028,110,81,65,38,29,27,0.7363636363636363,0.5846153846153846,119
2023-09-15,1028,144,76,72,40,68,32,0.5277777777777778,0.5555555555555556,116
2023-09-16,1028,112,71,87,43,41,44,0.6339285714285714,0.4942528735632184,114
2023-09-17,1028,111,71,96,44,40,52,0.6396396396396397,0.4583333333333333,115
2023-09-18,1028,133,57,65,42,76,23,0.42857142857142855,0.6461538461538462,99
2023-09-19,1028,130,83,63,42,47,21,0.6384615384615384,0.6666666666666666,125
2023-09-20,1028,131,72,89,37,59,52,0.549618320610687,0.4157303370786517,109
2023-09-21,1028,141,85,86,44,56,42,0.6028368794326241,0.5116279069767442,129
2023-09-22,1028,124,76,72,45,48,27,0.6129032258064516,0.625,121
2023-09-23,1028,108,89,52,40,19,12,0.8240740740740741,0.7692307692307693,129
2023-09-24,1028,128,66,59,38,62,21,0.515625,0.6440677966101694,104
2023-09-25,1028,129,89,56,42,40,14,0.689922480620155,0.75,131
2023-09-26,1028,103,92,62,40,11,22,0.8932038834951457,0.6451612903225806,132
2023-09-27,1028,102,68,98,37,34,61,0.6666666666666666,0.37755102040816324,105
2023-09-28,1028,129,91,86,28,38,58,0.7054263565891473,0.32558139534883723,119
2023-09-29,1028,101,99,85,44,2,41,0.9801980198019802,0.5176470588235295,143
2023-09-30,1028,128,94,98,37,34,61,0.734375,0.37755102040816324,131
2023-10-01,1028,135,87,77,39,48,38,0.6444444444444445,0.5064935064935064,126
2023-10-02,1028,148,79,91,49,69,42,0.5337837837837838,0.5384615384615384,128
2023-10-03,1028,137,91,98,38,46,60,0.6642335766423357,0.3877551020408163,129
2023-10-04,1028,124,78,86,34,46,52,0.6290322580645161,0.3953488372093023,112
2023-10-05,1028,124,70,61,52,54,9,0.5645161290322581,0.8524590163934426,122
2023-10-06,1028,113,75,52,33,38,19,0.6637168141592921,0.6346153846153846,108
2023-10-07,1028,141,74,69,43,67,26,0.524822695035461,0.6231884057971014,117
2023-10-08,1028,133,80,85,44,53,41,0.6015037593984962,0.5176470588235295,124
2023-10-09,1028,136,72,67,41,64,26,0.5294117647058824,0.6119402985074627,113
2023-10-10,1028,100,80,89,30,20,59,0.8,0.33707865168539325,110
2023-10-11,1028,142,96,83,47,46,36,0.676056338028169,0.5662650602409639,143
2023-10-12,1028,121,73,95,39,48,56,0.6033057851239669,0.4105263157894737,112
2023-10-13,1028,100,65,99,35,35,64,0.65,0.35353535353535354,100
2023-10-14,1028,115,72,93,47,43,46,0.6260869565217392,0.5053763440860215,119
2023-10-15,1028,149,84,66,38,65,28,0.5637583892617449,0.5757575757575758,122
2023-10-16,1028,125,85,80,47,40,33,0.68,0.5875,132
2023-10-17,1028,106,83,77,36,23,41,0.78301886792452835,0.4675324675324675,119
2023-10-18,1028,139,71,61,34,68,27,0.5107913669064749,0.5573770491803278,105
2023-10-19,1028,122,78,69,45,44,24,0.639344262295082,0.6521739130434783,123
2023-10-20,1028,136,78,70,36,58,34,0.5735294117647058,0.5142857142857142,114
2023-10-21,1028,143,82,65,37,61,28,0.5734265734265734,0.5692307692307692,119
2023-10-22,1028,137,70,96,53,67,43,0.5109489051094891,0.5520833333333334,123
2023-10-23,1028,100,72,54,33,28,21,0.72,0.6111111111111112,105
2023-10-24,1028,119,85,65,37,34,28,0.7142857142857143,0.5692307692307692,122
2023-10-25,1028,122,92,92,32,30,60,0.7540983606557377,0.34782608695652173,124
2023-10-26,1028,138,71,55,37,67,18,0.5144927536231884,0.6727272727272727,108
2023-10-27,1028,105,77,89,53,28,36,0.7333333333333333,0.5955056179775281,130
2023-10-28,1028,109,88,92,42,21,50,0.8073394495412844,0.45652173913043476,130
2023-10-29,1028,130,70,86,41,60,45,0.5384615384615384,0.47674418604651164,111
2023-10-30,1028,117,80,60,41,37,19,0.6837606837606838,0.6833333333333333,121
2023-10-31,1028,110,71,57,37,39,20,0.6454545454545455,0.6491228070175439,108
2023-11-01,1028,134,85,50,40,49,10,0.6343283582089553,0.8,125
2023-11-02,1028,113,75,76,42,38,34,0.6637168141592921,0.5526315789473685,117
2023-11-03,1028,138,89,66,50,49,16,0.644927536231884,0.7575757575757576,139
2023-11-04,1028,105,86,89,30,19,59,0.819047619047619,0.33707865168539325,116
2023-11-05,1028,103,84,92,31,19,61,0.8155339805825242,0.33695652173913043,115
2023-11-06,1028,132,89,85,50,43,35,0.6742424242424242,0.5882352941176471,139
2023-11-07,1028,141,70,61,35,71,26,0.49645390070921985,0.5737704918032787,105
2023-11-08,1028,128,78,79,45,50,34,0.609375,0.569620253164557,123
2023-11-09,1028,105,65,81,45,40,36,0.6190476190476191,0.5555555555555556,110
2023-11-10,1028,131,90,76,42,41,34,0.6870229007633588,0.5526315789473685,132
2023-11-11,1028,123,74,70,41,49,29,0.6016260162601627,0.5857142857142857,115
2023-11-12,1028,146,75,59,50,71,9,0.5136986301369864,0.847457627118644,125
2023-11-13,1028,117,104,62,38,13,24,0.8888888888888888,0.6129032258064516,142
2023-11-14,1028,130,81,66,49,49,17,0.6230769230769231,0.7424242424242424,130
2023-11-15,1028,116,89,64,41,27,23,0.7672413793103449,0.640625,130
2023-11-16,1028,137,90,71,45,47,26,0.656934306569343,0.6338028169014085,135
2023-11-17,1028,146,85,78,41,61,37,0.5821917808219178,0.5256410256410257,126
2023-11-18,1028,100,97,55,50,3,5,0.97,0.9090909090909091,147
2023-11-19,1028,106,74,64,43,32,21,0.6981132075471698,0.671875,117
2023-11-20,1028,133,75,77,42,58,35,0.5639097744360902,0.5454545454545454,117
2023-11-21,1028,142,81,63,36,61,27,0.5704225352112676,0.5714285714285714,117
2023-11-22,1028,114,79,74,30,35,44,0.6929824561403509,0.40540540540540543,109
2023-11-23,1028,150,86,89,36,64,53,0.5733333333333334,0.4044943820224719,122
2023-11-24,1028,117,83,96,33,34,63,0.7094017094017094,0.34375,116
2023-11-25,1028,150,84,85,41,66,44,0.56,0.4823529411764706,125
2023-11-26,1028,107,88,81,40,19,41,0.822429906542056,0.49382716049382713,128
2023-11-27,1028,106,77,62,38,29,24,0.7264150943396226,0.6129032258064516,115
2023-11-28,1028,135,63,92,43,72,49,0.4666666666666667,0.4673913043478261,106
2023-11-29,1028,125,80,80,39,45,41,0.64,0.4875,119
2023-11-30,1028,114,72,81,53,42,28,0.631578947368421,0.654320987654321,125
2023-12-01,1028,121,93,59,55,28,4,0.768595041322314,0.9322033898305084,148
2023-12-02,1028,144,84,77,27,60,50,0.5833333333333334,0.35064935064935066,111
2023-12-03,1028,109,81,54,45,28,9,0.7431192660550459,0.8333333333333334,126
2023-12-04,1028,133,82,86,52,51,34,0.6165413533834586,0.6046511627906976,134
2023-12-05,1028,100,72,85,35,28,50,0.72,0.4117647058823529,107
2023-12-06,1028,150,82,65,33,68,32,0.5466666666666666,0.5076923076923077,115
2023-12-07,1028,116,80,53,36,36,17,0.6896551724137931,0.6792452830188679,116
2023-12-08,1028,119,75,82,37,44,45,0.6302521008403361,0.45121951219512196,112
2023-12-09,1028,108,79,76,41,29,35,0.7314814814814815,0.5394736842105263,120
2023-12-10,1028,112,86,70,40,26,30,0.7678571428571429,0.5714285714285714,126
2023-12-11,1028,116,89,58,39,27,19,0.7672413793103449,0.6724137931034483,128
2023-12-12,1028,132,104,87,49,28,38,0.7878787878787878,0.5632183908045977,153
2023-12-13,1028,124,86,59,45,38,14,0.6935483870967742,0.7627118644067796,131
2023-12-14,1028,127,77,79,40,50,39,0.6062992125984252,0.5063291139240507,117
2023-12-15,1028,120,78,52,32,42,20,0.65,0.6153846153846154,110
2023-12-16,1028,127,80,62,30,47,32,0.6299212598425197,0.4838709677419355,110
2023-12-17,1028,102,68,63,40,34,23,0.6666666666666666,0.6349206349206349,108
2023-12-18,1028,104,83,80,42,21,38,0.7980769230769231,0.525,125
2023-12-19,1028,114,89,96,43,25,53,0.7807017543859649,0.4479166666666667,132
2023-12-20,1028,125,91,90,36,34,54,0.728,0.4,127
2023-12-21,1028,148,85,70,47,63,23,0.5743243243243243,0.6714285714285714,132
2023-12-22,1028,144,89,63,49,55,14,0.6180555555555556,0.7777777777777778,138
2023-12-23,1028,142,81,73,30,61,43,0.5704225352112676,0.410958904109589,111
2023-12-24,1028,132,77,51,40,55,11,0.5833333333333334,0.7843137254901961,117
2023-12-25,1028,118,75,78,52,43,26,0.635593220338983,0.6666666666666666,127
2023-12-26,1028,117,76,73,39,41,34,0.6495726495726496,0.5342465753424658,115
2023-12-27,1028,135,81,65,45,54,20,0.6,0.6923076923076923,126
2023-12-28,1028,123,91,84,31,32,53,0.7398373983739838,0.36904761904761907,122
2023-12-29,1028,137,81,76,48,56,28,0.5912408759124088,0.631578947368421,129
2023-12-30,1028,142,80,84,34,62,50,0.5633802816901409,0.40476190476190477,114
2023-12-31,1028,132,89,61,36,43,25,0.6742424242424242,0.5901639344262295,125
2023-01-01,1029,108,80,93,34,28,59,0.7407407407407407,0.3655913978494624,114
2023-01-02,1029,129,96,54,38,33,16,0.7441860465116279,0.7037037037037037,134
2023-01-03,1029,104,81,61,40,23,21,0.7788461538461539,0.6557377049180327,121
2023-01-04,1029,130,82,54,34,48,20,0.6307692307692307,0.6296296296296297,116
2023-01-05,1029,100,99,63,49,1,14,0.99,0.7777777777777778,148
2023-01-06,1029,134,79,91,48,55,43,0.5895522388059702,0.5274725274725275,127
2023-01-07,1029,126,81,58,44,45,14,0.6428571428571429,0.7586206896551724,125
2023-01-08,1029,102,97,83,31,5,52,0.9509803921568627,0.37349397590361444,128
2023-01-09,1029,131,75,60,38,56,22,0.5725190839694656,0.6333333333333333,113
2023-01-10,1029,104,84,65,39,20,26,0.8076923076923077,0.6,123
2023-01-11,1029,121,73,51,37,48,14,0.6033057851239669,0.7254901960784313,110
2023-01-12,1029,147,80,88,40,67,48,0.54421768707483,0.45454545454545453,120
2023-01-13,1029,103,84,81,39,19,42,0.8155339805825242,0.48148148148148145,123
2023-01-14,1029,123,83,79,38,40,41,0.6747967479674797,0.4810126582278481,121
2023-01-15,1029,119,79,78,38,40,40,0.6638655462184874,0.48717948717948717,117
2023-01-16,1029,110,78,97,51,32,46,0.7090909090909091,0.5257731958762887,129
2023-01-17,1029,100,82,63,35,18,28,0.82,0.5555555555555556,117
2023-01-18,1029,131,73,68,52,58,16,0.5572519083969466,0.7647058823529411,125
2023-01-19,1029,139,77,92,27,62,65,0.5539568345323741,0.29347826086956524,104
2023-01-20,1029,136,85,84,52,51,32,0.625,0.6190476190476191,137
2023-01-21,1029,148,69,95,34,79,61,0.46621621621621623,0.35789473684210527,103
2023-01-22,1029,140,75,78,35,65,43,0.5357142857142857,0.44871794871794873,110
2023-01-23,1029,132,99,71,41,33,30,0.75,0.5774647887323944,140
2023-01-24,1029,117,67,69,41,50,28,0.5726495726495726,0.5942028985507246,108
2023-01-25,1029,105,63,94,34,42,60,0.6,0.3617021276595745,97
2023-01-26,1029,100,70,72,44,30,28,0.7,0.6111111111111112,114
2023-01-27,1029,113,76,87,50,37,37,0.672566371681416,0.5747126436781609,126
2023-01-28,1029,120,76,61,38,44,23,0.6333333333333333,0.6229508196721312,114
2023-01-29,1029,135,85,71,48,50,23,0.6296296296296297,0.676056338028169,133
2023-01-30,1029,140,81,84,36,59,48,0.5785714285714286,0.42857142857142855,117
2023-01-31,1029,141,84,80,32,57,48,0.5957446808510638,0.4,116
2023-02-01,1029,109,81,87,38,28,49,0.7431192660550459,0.4367816091954023,119
2023-02-02,1029,112,83,71,51,29,20,0.7410714285714286,0.7183098591549296,134
2023-02-03,1029,145,88,79,48,57,31,0.6068965517241379,0.6075949367088608,136
2023-02-04,1029,103,85,67,34,18,33,0.8252427184466019,0.5074626865671642,119
2023-02-05,1029,129,64,63,41,65,22,0.49612403100775193,0.6507936507936508,105
2023-02-06,1029,121,97,52,46,24,6,0.8016528925619835,0.8846153846153846,143
2023-02-07,1029,141,86,75,33,55,42,0.6099290780141844,0.44,119
2023-02-08,1029,139,81,81,46,58,35,0.5827338129496403,0.5679012345679012,127
2023-02-09,1029,112,86,91,41,26,50,0.7678571428571429,0.45054945054945056,127
2023-02-10,1029,114,74,64,58,40,6,0.6491228070175439,0.90625,132
2023-02-11,1029,104,69,54,37,35,17,0.6634615384615384,0.6851851851851852,106
2023-02-12,1029,126,76,79,41,50,38,0.6031746031746031,0.5189873417721519,117
2023-02-13,1029,108,90,99,32,18,67,0.8333333333333334,0.32323232323232326,122
2023-02-14,1029,111,89,65,45,22,20,0.8018018018018018,0.6923076923076923,134
2023-02-15,1029,101,83,56,30,18,26,0.8217821782178217,0.5357142857142857,113
2023-02-16,1029,134,97,94,42,37,52,0.7238805970149254,0.44680851063829785,139
2023-02-17,1029,123,76,71,29,47,42,0.6178861788617886,0.4084507042253521,105
2023-02-18,1029,132,80,90,44,52,46,0.6060606060606061,0.4888888888888889,124
2023-02-19,1029,124,84,50,37,40,13,0.6774193548387096,0.74,121
2023-02-20,1029,103,96,97,36,7,61,0.9320388349514563,0.3711340206185567,132
2023-02-21,1029,117,72,52,46,45,6,0.6153846153846154,0.8846153846153846,118
2023-02-22,1029,101,75,55,36,26,19,0.7425742574257426,0.6545454545454545,111
2023-02-23,1029,101,101,90,45,0,45,1,0.5,146
2023-02-24,1029,114,85,84,42,29,42,0.7456140350877193,0.5,127
2023-02-25,1029,112,79,100,40,33,60,0.7053571428571429,0.4,119
2023-02-26,1029,137,66,88,46,71,42,0.48175182481751827,0.5227272727272727,112
2023-02-27,1029,137,79,59,38,58,21,0.5766423357664233,0.6440677966101694,117
2023-02-28,1029,126,85,91,44,41,47,0.6746031746031746,0.4835164835164835,129
2023-03-01,1029,140,83,80,44,57,36,0.5928571428571429,0.55,127
2023-03-02,1029,135,74,74,39,61,35,0.5481481481481482,0.527027027027027,113
2023-03-03,1029,143,77,85,43,66,42,0.5384615384615384,0.5058823529411764,120
2023-03-04,1029,119,77,52,33,42,19,0.6470588235294118,0.6346153846153846,110
2023-03-05,1029,128,75,57,44,53,13,0.5859375,0.7719298245614035,119
2023-03-06,1029,118,81,69,43,37,26,0.6864406779661016,0.6231884057971014,124
2023-03-07,1029,144,85,56,40,59,16,0.5902777777777778,0.7142857142857143,125
2023-03-08,1029,132,75,68,45,57,23,0.5681818181818182,0.6617647058823529,120
2023-03-09,1029,147,72,95,35,75,60,0.4897959183673469,0.3684210526315789,107
2023-03-10,1029,134,86,93,37,48,56,0.6417910447761194,0.3978494623655914,123
2023-03-11,1029,126,96,100,42,30,58,0.7619047619047619,0.42,138
2023-03-12,1029,112,79,58,37,33,21,0.7053571428571429,0.6379310344827587,116
2023-03-13,1029,105,75,65,46,30,19,0.7142857142857143,0.7076923076923077,121
2023-03-14,1029,143,88,54,42,55,12,0.6153846153846154,0.7777777777777778,130
2023-03-15,1029,111,74,78,41,37,37,0.6666666666666666,0.5256410256410257,115
2023-03-16,1029,127,95,57,36,32,21,0.7480314960629921,0.631578947368421,131
2023-03-17,1029,136,85,61,36,51,25,0.625,0.5901639344262295,121
2023-03-18,1029,128,73,60,32,55,28,0.5703125,0.5333333333333333,105
2023-03-19,1029,108,83,66,35,25,31,0.7685185185185185,0.5303030303030303,118
2023-03-20,1029,103,102,90,40,1,50,0.9902912621359223,0.4444444444444444,142
2023-03-21,1029,130,93,66,46,37,20,0.7153846153846154,0.696969696969697,139
2023-03-22,1029,126,86,67,43,40,24,0.6825396825396826,0.6417910447761194,129
2023-03-23,1029,110,73,76,32,37,44,0.6636363636363637,0.42105263157894735,105
2023-03-24,1029,103,70,89,36,33,53,0.6796116504854369,0.4044943820224719,106
2023-03-25,1029,118,103,61,35,15,26,0.8728813559322034,0.5737704918032787,138
2023-03-26,1029,101,93,67,52,8,15,0.9207920792079208,0.7761194029850746,145
2023-03-27,1029,133,91,96,38,42,58,0.6842105263157895,0.3958333333333333,129
2023-03-28,1029,125,86,53,41,39,12,0.688,0.7735849056603774,127
2023-03-29,1029,126,92,85,33,34,52,0.7301587301587301,0.38823529411764707,125
2023-03-30,1029,116,81,53,40,35,13,0.6982758620689655,0.7547169811320755,121
2023-03-31,1029,150,99,95,40,51,55,0.66,0.42105263157894735,139
2023-04-01,1029,110,94,52,32,16,20,0.8545454545454545,0.6153846153846154,126
2023-04-02,1029,138,74,71,44,64,27,0.5362318840579711,0.6197183098591549,118
2023-04-03,1029,130,78,77,34,52,43,0.6,0.44155844155844154,112
2023-04-04,1029,121,91,57,39,30,18,0.7520661157024794,0.6842105263157895,130
2023-04-05,1029,126,82,77,49,44,28,0.6507936507936508,0.6363636363636364,131
2023-04-06,1029,128,83,64,55,45,9,0.6484375,0.859375,138
2023-04-07,1029,106,64,85,34,42,51,0.6037735849056604,0.4,98
2023-04-08,1029,109,84,50,47,25,3,0.7706422018348624,0.94,131
2023-04-09,1029,124,79,85,41,45,44,0.6370967741935484,0.4823529411764706,120
2023-04-10,1029,128,75,51,42,53,9,0.5859375,0.8235294117647058,117
2023-04-11,1029,147,82,90,40,65,50,0.5578231292517006,0.4444444444444444,122
2023-04-12,1029,116,86,94,42,30,52,0.7413793103448276,0.44680851063829785,128
2023-04-13,1029,136,76,71,38,60,33,0.5588235294117647,0.5352112676056338,114
2023-04-14,1029,142,74,94,46,68,48,0.5211267605633803,0.48936170212765956,120
2023-04-15,1029,123,78,79,37,45,42,0.6341463414634146,0.46835443037974683,115
2023-04-16,1029,126,79,51,51,47,0,0.626984126984127,1,130
2023-04-17,1029,115,85,57,33,30,24,0.7391304347826086,0.5789473684210527,118
2023-04-18,1029,143,67,59,35,76,24,0.46853146853146854,0.5932203389830508,102
2023-04-19,1029,103,87,79,40,16,39,0.8446601941747572,0.5063291139240507,127
2023-04-20,1029,128,88,91,56,40,35,0.6875,0.6153846153846154,144
2023-04-21,1029,129,72,90,38,57,52,0.5581395348837209,0.4222222222222222,110
2023-04-22,1029,115,80,96,36,35,60,0.6956521739130435,0.375,116
2023-04-23,1029,117,79,50,44,38,6,0.6752136752136753,0.88,123
2023-04-24,1029,102,86,83,43,16,40,0.8431372549019608,0.5180722891566265,129
2023-04-25,1029,142,63,92,40,79,52,0.44366197183098594,0.43478260869565216,103
2023-04-26,1029,123,64,51,39,59,12,0.5203252032520326,0.7647058823529411,103
2023-04-27,1029,119,67,84,38,52,46,0.5630252100840336,0.4523809523809524,105
2023-04-28,1029,125,89,99,40,36,59,0.712,0.40404040404040403,129
2023-04-29,1029,133,73,99,40,60,59,0.5488721804511278,0.40404040404040403,113
2023-04-30,1029,145,90,94,39,55,55,0.6206896551724138,0.4148936170212766,129
2023-05-01,1029,137,74,88,31,63,57,0.5401459854014599,0.3522727272727273,105
2023-05-02,1029,131,84,76,38,47,38,0.6412213740458015,0.5,122
2023-05-03,1029,145,82,96,33,63,63,0.5655172413793104,0.34375,115
2023-05-04,1029,127,80,57,39,47,18,0.6299212598425197,0.6842105263157895,119
2023-05-05,1029,134,69,56,33,65,23,0.5149253731343284,0.5892857142857143,102
2023-05-06,1029,124,78,77,40,46,37,0.6290322580645161,0.5194805194805194,118
2023-05-07,1029,110,62,51,40,48,11,0.5636363636363636,0.7843137254901961,102
2023-05-08,1029,138,82,89,41,56,48,0.5942028985507246,0.4606741573033708,123
2023-05-09,1029,100,66,53,50,34,3,0.66,0.9433962264150944,116
2023-05-10,1029,115,109,85,40,6,45,0.9478260869565217,0.47058823529411764,149
2023-05-11,1029,103,74,96,31,29,65,0.7184466019417476,0.3229166666666667,105
2023-05-12,1029,132,80,88,35,52,53,0.6060606060606061,0.3977272727272727,115
2023-05-13,1029,133,78,97,37,55,60,0.5864661654135338,0.38144329896907214,115
2023-05-14,1029,101,89,84,37,12,47,0.8811881188118812,0.44047619047619047,126
2023-05-15,1029,135,93,80,48,42,32,0.6888888888888889,0.6,141
2023-05-16,1029,113,71,56,27,42,29,0.6283185840707964,0.48214285714285715,98
2023-05-17,1029,131,87,52,51,44,1,0.6641221374045801,0.9807692307692307,138
2023-05-18,1029,126,97,93,42,29,51,0.7698412698412699,0.45161290322580644,139
2023-05-19,1029,109,87,100,39,22,61,0.7981651376146789,0.39,126
2023-05-20,1029,145,94,78,37,51,41,0.6482758620689655,0.47435897435897434,131
2023-05-21,1029,124,84,99,36,40,63,0.6774193548387096,0.36363636363636365,120
2023-05-22,1029,104,77,62,35,27,27,0.7403846153846154,0.5645161290322581,112
2023-05-23,1029,118,77,79,32,41,47,0.652542372881356,0.4050632911392405,109
2023-05-24,1029,119,90,68,43,29,25,0.7563025210084033,0.6323529411764706,133
2023-05-25,1029,108,82,76,40,26,36,0.7592592592592593,0.5263157894736842,122
2023-05-26,1029,127,91,62,32,36,30,0.7165354330708661,0.5161290322580645,123
2023-05-27,1029,110,84,88,41,26,47,0.7636363636363637,0.4659090909090909,125
2023-05-28,1029,145,97,75,43,48,32,0.6689655172413793,0.5733333333333334,140
2023-05-29,1029,143,78,64,29,65,35,0.5454545454545454,0.453125,107
2023-05-30,1029,128,84,100,37,44,63,0.65625,0.37,121
2023-05-31,1029,131,83,100,56,48,44,0.6335877862595419,0.56,139
2023-06-01,1029,145,75,99,44,70,55,0.5172413793103449,0.4444444444444444,119
2023-06-02,1029,109,81,67,42,28,25,0.7431192660550459,0.6268656716417911,123
2023-06-03,1029,141,80,60,39,61,21,0.5673758865248227,0.65,119
2023-06-04,1029,125,74,87,43,51,44,0.592,0.4942528735632184,117
2023-06-05,1029,134,82,57,49,52,8,0.6119402985074627,0.8596491228070176,131
2023-06-06,1029,130,76,87,41,54,46,0.5846153846153846,0.47126436781609193,117
2023-06-07,1029,148,89,94,39,59,55,0.6013513513513513,0.4148936170212766,128
2023-06-08,1029,120,83,54,28,37,26,0.6916666666666667,0.5185185185185185,111
2023-06-09,1029,115,64,55,37,51,18,0.5565217391304348,0.6727272727272727,101
2023-06-10,1029,130,89,62,37,41,25,0.6846153846153846,0.5967741935483871,126
2023-06-11,1029,145,86,57,56,59,1,0.593103448275862,0.9824561403508771,142
2023-06-12,1029,109,71,51,42,38,9,0.6513761467889908,0.8235294117647058,113
2023-06-13,1029,107,84,67,40,23,27,0.7850467289719626,0.5970149253731343,124
2023-06-14,1029,101,68,100,34,33,66,0.6732673267326733,0.34,102
2023-06-15,1029,125,87,78,33,38,45,0.696,0.4230769230769231,120
2023-06-16,1029,123,75,76,40,48,36,0.6097560975609756,0.5263157894736842,115
2023-06-17,1029,113,70,90,55,43,35,0.6194690265486725,0.6111111111111112,125
2023-06-18,1029,102,81,96,28,21,68,0.7941176470588235,0.2916666666666667,109
2023-06-19,1029,138,70,97,48,68,49,0.5072463768115942,0.4948453608247423,118
2023-06-20,1029,111,80,71,32,31,39,0.7207207207207207,0.4507042253521127,112
2023-06-21,1029,115,68,55,43,47,12,0.591304347826087,0.7818181818181819,111
2023-06-22,1029,141,70,71,42,71,29,0.49645390070921985,0.5915492957746479,112
2023-06-23,1029,127,84,75,52,43,23,0.6614173228346457,0.6933333333333334,136
2023-06-24,1029,143,74,64,39,69,25,0.5174825174825175,0.609375,113
2023-06-25,1029,137,79,63,46,58,17,0.5766423357664233,0.7301587301587301,125
2023-06-26,1029,121,73,99,30,48,69,0.6033057851239669,0.30303030303030304,103
2023-06-27,1029,123,77,69,40,46,29,0.6260162601626016,0.5797101449275363,117
2023-06-28,1029,143,76,98,35,67,63,0.5314685314685315,0.35714285714285715,111
2023-06-29,1029,148,73,98,39,75,59,0.49324324324324326,0.3979591836734694,112
2023-06-30,1029,125,102,90,42,23,48,0.816,0.4666666666666667,144
2023-07-01,1029,127,81,58,38,46,20,0.6377952755905512,0.6551724137931034,119
2023-07-02,1029,141,64,74,39,77,35,0.45390070921985815,0.527027027027027,103
2023-07-03,1029,132,73,58,46,59,12,0.553030303030303,0.7931034482758621,119
2023-07-04,1029,113,81,73,36,32,37,0.7168141592920354,0.4931506849315068,117
2023-07-05,1029,145,82,82,32,63,50,0.5655172413793104,0.3902439024390244,114
2023-07-06,1029,143,86,62,42,57,20,0.6013986013986014,0.6774193548387096,128
2023-07-07,1029,140,70,83,31,70,52,0.5,0.37349397590361444,101
2023-07-08,1029,146,77,81,56,69,25,0.5273972602739726,0.691358024691358,133
2023-07-09,1029,104,92,52,38,12,14,0.8846153846153846,0.7307692307692307,130
2023-07-10,1029,129,92,52,37,37,15,0.7131782945736435,0.7115384615384616,129
2023-07-11,1029,115,87,92,48,28,44,0.7565217391304347,0.5217391304347826,135
2023-07-12,1029,119,91,74,41,28,33,0.7647058823529411,0.5540540540540541,132
2023-07-13,1029,132,80,61,43,52,18,0.6060606060606061,0.7049180327868853,123
2023-07-14,1029,143,68,78,39,75,39,0.4755244755244755,0.5,107
2023-07-15,1029,135,90,73,33,45,40,0.6666666666666666,0.4520547945205479,123
2023-07-16,1029,132,75,54,54,57,0,0.5681818181818182,1,129
2023-07-17,1029,101,73,53,40,28,13,0.7227722772277227,0.7547169811320755,113
2023-07-18,1029,105,79,55,45,26,10,0.7523809523809524,0.8181818181818182,124
2023-07-19,1029,123,75,62,35,48,27,0.6097560975609756,0.5645161290322581,110
2023-07-20,1029,127,91,63,36,36,27,0.7165354330708661,0.5714285714285714,127
2023-07-21,1029,124,95,95,41,29,54,0.7661290322580645,0.43157894736842106,136
2023-07-22,1029,131,82,52,36,49,16,0.6259541984732825,0.6923076923076923,118
2023-07-23,1029,146,84,56,48,62,8,0.5753424657534246,0.8571428571428571,132
2023-07-24,1029,145,72,89,31,73,58,0.496551724137931,0.34831460674157305,103
2023-07-25,1029,124,66,90,47,58,43,0.532258064516129,0.5222222222222223,113
2023-07-26,1029,107,76,68,35,31,33,0.7102803738317757,0.5147058823529411,111
2023-07-27,1029,103,92,65,39,11,26,0.8932038834951457,0.6,131
2023-07-28,1029,106,86,89,46,20,43,0.8113207547169812,0.5168539325842697,132
2023-07-29,1029,119,82,50,31,37,19,0.6890756302521008,0.62,113
2023-07-30,1029,140,86,86,42,54,44,0.6142857142857143,0.4883720930232558,128
2023-07-31,1029,115,92,95,47,23,48,0.8,0.49473684210526314,139
2023-08-01,1029,139,72,75,41,67,34,0.5179856115107914,0.5466666666666666,113
2023-08-02,1029,112,83,95,50,29,45,0.7410714285714286,0.5263157894736842,133
2023-08-03,1029,128,92,59,55,36,4,0.71875,0.9322033898305084,147
2023-08-04,1029,132,85,59,45,47,14,0.6439393939393939,0.7627118644067796,130
2023-08-05,1029,148,85,53,43,63,10,0.5743243243243243,0.8113207547169812,128
2023-08-06,1029,130,68,67,51,62,16,0.5230769230769231,0.7611940298507462,119
2023-08-07,1029,136,78,68,49,58,19,0.5735294117647058,0.7205882352941176,127
2023-08-08,1029,113,88,73,46,25,27,0.7787610619469026,0.6301369863013698,134
2023-08-09,1029,129,81,65,44,48,21,0.627906976744186,0.676923076923077,125
2023-08-10,1029,102,68,67,40,34,27,0.6666666666666666,0.5970149253731343,108
2023-08-11,1029,102,71,55,44,31,11,0.696078431372549,0.8,115
2023-08-12,1029,123,70,98,36,53,62,0.5691056910569106,0.3673469387755102,106
2023-08-13,1029,117,76,78,49,41,29,0.6495726495726496,0.6282051282051282,125
2023-08-14,1029,136,76,90,24,60,66,0.5588235294117647,0.26666666666666666,100
2023-08-15,1029,136,74,66,31,62,35,0.5441176470588235,0.4696969696969697,105
2023-08-16,1029,124,88,74,36,36,38,0.7096774193548387,0.4864864864864865,124
2023-08-17,1029,102,79,59,44,23,15,0.7745098039215687,0.7457627118644068,123
2023-08-18,1029,109,80,85,45,29,40,0.7339449541284404,0.5294117647058824,125
2023-08-19,1029,143,70,52,49,73,3,0.48951048951048953,0.9423076923076923,119
2023-08-20,1029,116,69,50,40,47,10,0.5948275862068966,0.8,109
2023-08-21,1029,129,79,69,51,50,18,0.6124031007751938,0.7391304347826086,130
2023-08-22,1029,101,101,50,44,0,6,1,0.88,145
2023-08-23,1029,132,76,92,44,56,48,0.5757575757575758,0.4782608695652174,120
2023-08-24,1029,144,77,78,40,67,38,0.5347222222222222,0.5128205128205128,117
2023-08-25,1029,146,85,100,46,61,54,0.5821917808219178,0.46,131
2023-08-26,1029,109,82,75,43,27,32,0.7522935779816514,0.5733333333333334,125
2023-08-27,1029,141,86,52,38,55,14,0.6099290780141844,0.7307692307692307,124
2023-08-28,1029,119,76,91,34,43,57,0.6386554621848739,0.37362637362637363,110
2023-08-29,1029,100,71,67,34,29,33,0.71,0.5074626865671642,105
2023-08-30,1029,125,88,58,35,37,23,0.704,0.603448275862069,123
2023-08-31,1029,149,66,72,39,83,33,0.4429530201342282,0.5416666666666666,105
2023-09-01,1029,107,87,58,44,20,14,0.8130841121495327,0.7586206896551724,131
2023-09-02,1029,129,77,92,46,52,46,0.5968992248062015,0.5,123
2023-09-03,1029,121,76,51,47,45,4,0.628099173553719,0.9215686274509803,123
2023-09-04,1029,105,91,94,40,14,54,0.8666666666666667,0.425531914893617,131
2023-09-05,1029,127,71,59,52,56,7,0.5590551181102362,0.8813559322033898,123
2023-09-06,1029,126,81,68,29,45,39,0.6428571428571429,0.4264705882352941,110
2023-09-07,1029,107,83,65,27,24,38,0.7757009345794392,0.4153846153846154,110
2023-09-08,1029,115,81,99,40,34,59,0.7043478260869566,0.40404040404040403,121
2023-09-09,1029,129,79,94,44,50,50,0.6124031007751938,0.46808510638297873,123
2023-09-10,1029,150,63,65,33,87,32,0.42,0.5076923076923077,96
2023-09-11,1029,110,92,91,33,18,58,0.8363636363636363,0.3626373626373626,125
2023-09-12,1029,118,78,61,36,40,25,0.6610169491525424,0.5901639344262295,114
2023-09-13,1029,145,89,70,40,56,30,0.6137931034482759,0.5714285714285714,129
2023-09-14,1029,150,68,97,24,82,73,0.4533333333333333,0.24742268041237114,92
2023-09-15,1029,140,77,78,48,63,30,0.55,0.6153846153846154,125
2023-09-16,1029,130,76,83,36,54,47,0.5846153846153846,0.43373493975903615,112
2023-09-17,1029,150,93,89,37,57,52,0.62,0.4157303370786517,130
2023-09-18,1029,140,83,89,30,57,59,0.5928571428571429,0.33707865168539325,113
2023-09-19,1029,142,81,56,43,61,13,0.5704225352112676,0.7678571428571429,124
2023-09-20,1029,122,76,81,41,46,40,0.6229508196721312,0.5061728395061729,117
2023-09-21,1029,102,73,63,37,29,26,0.7156862745098039,0.5873015873015873,110
2023-09-22,1029,115,79,59,47,36,12,0.6869565217391305,0.7966101694915254,126
2023-09-23,1029,130,83,76,35,47,41,0.6384615384615384,0.4605263157894737,118
2023-09-24,1029,131,96,74,34,35,40,0.732824427480916,0.4594594594594595,130
2023-09-25,1029,114,65,51,43,49,8,0.5701754385964912,0.8431372549019608,108
2023-09-26,1029,146,75,81,45,71,36,0.5136986301369864,0.5555555555555556,120
2023-09-27,1029,115,76,96,38,39,58,0.6608695652173913,0.3958333333333333,114
2023-09-28,1029,107,84,84,43,23,41,0.7850467289719626,0.5119047619047619,127
2023-09-29,1029,105,79,66,39,26,27,0.7523809523809524,0.5909090909090909,118
2023-09-30,1029,114,89,100,36,25,64,0.7807017543859649,0.36,125
2023-10-01,1029,120,71,70,34,49,36,0.5916666666666667,0.4857142857142857,105
2023-10-02,1029,147,80,90,25,67,65,0.54421768707483,0.2777777777777778,105
2023-10-03,1029,148,85,59,39,63,20,0.5743243243243243,0.6610169491525424,124
2023-10-04,1029,140,98,62,29,42,33,0.7,0.46774193548387094,127
2023-10-05,1029,101,69,83,44,32,39,0.6831683168316832,0.5301204819277109,113
2023-10-06,1029,124,76,69,42,48,27,0.6129032258064516,0.6086956521739131,118
2023-10-07,1029,112,68,60,46,44,14,0.6071428571428571,0.7666666666666667,114
2023-10-08,1029,125,71,82,38,54,44,0.568,0.4634146341463415,109
2023-10-09,1029,106,81,63,39,25,24,0.7641509433962265,0.6190476190476191,120
2023-10-10,1029,130,83,94,39,47,55,0.6384615384615384,0.4148936170212766,122
2023-10-11,1029,150,63,62,41,87,21,0.42,0.6612903225806451,104
2023-10-12,1029,110,63,71,47,47,24,0.5727272727272728,0.6619718309859155,110
2023-10-13,1029,102,83,76,42,19,34,0.8137254901960784,0.5526315789473685,125
2023-10-14,1029,127,67,77,43,60,34,0.5275590551181102,0.5584415584415584,110
2023-10-15,1029,120,71,76,54,49,22,0.5916666666666667,0.7105263157894737,125
2023-10-16,1029,101,73,73,40,28,33,0.7227722772277227,0.547945205479452,113
2023-10-17,1029,141,72,83,34,69,49,0.5106382978723404,0.40963855421686746,106
2023-10-18,1029,136,83,63,48,53,15,0.6102941176470589,0.7619047619047619,131
2023-10-19,1029,111,78,80,41,33,39,0.7027027027027027,0.5125,119
2023-10-20,1029,119,82,89,27,37,62,0.6890756302521008,0.30337078651685395,109
2023-10-21,1029,140,71,94,40,69,54,0.5071428571428571,0.425531914893617,111
2023-10-22,1029,128,78,69,37,50,32,0.609375,0.5362318840579711,115
2023-10-23,1029,100,72,74,41,28,33,0.72,0.5540540540540541,113
2023-10-24,1029,112,80,96,48,32,48,0.7142857142857143,0.5,128
2023-10-25,1029,100,82,55,51,18,4,0.82,0.9272727272727272,133
2023-10-26,1029,132,86,68,31,46,37,0.6515151515151515,0.45588235294117646,117
2023-10-27,1029,125,59,95,44,66,51,0.472,0.4631578947368421,103
2023-10-28,1029,100,78,87,51,22,36,0.78,0.5862068965517241,129
2023-10-29,1029,147,76,67,47,71,20,0.5170068027210885,0.7014925373134329,123
2023-10-30,1029,148,74,74,38,74,36,0.5,0.5135135135135135,112
2023-10-31,1029,144,86,94,50,58,44,0.5972222222222222,0.5319148936170213,136
2023-11-01,1029,132,72,50,35,60,15,0.5454545454545454,0.7,107
2023-11-02,1029,116,69,94,31,47,63,0.5948275862068966,0.32978723404255317,100
2023-11-03,1029,135,77,66,46,58,20,0.5703703703703704,0.696969696969697,123
2023-11-04,1029,125,87,83,44,38,39,0.696,0.5301204819277109,131
2023-11-05,1029,102,90,62,46,12,16,0.8823529411764706,0.7419354838709677,136
2023-11-06,1029,122,81,73,36,41,37,0.6639344262295082,0.4931506849315068,117
2023-11-07,1029,129,75,82,34,54,48,0.5813953488372093,0.4146341463414634,109
2023-11-08,1029,138,78,58,41,60,17,0.5652173913043478,0.7068965517241379,119
2023-11-09,1029,140,83,55,33,57,22,0.5928571428571429,0.6,116
2023-11-10,1029,114,88,90,38,26,52,0.7719298245614035,0.4222222222222222,126
2023-11-11,1029,120,75,65,51,45,14,0.625,0.7846153846153846,126
2023-11-12,1029,145,72,55,45,73,10,0.496551724137931,0.8181818181818182,117
2023-11-13,1029,113,91,63,49,22,14,0.8053097345132744,0.7777777777777778,140
2023-11-14,1029,149,70,66,47,79,19,0.4697986577181208,0.7121212121212122,117
2023-11-15,1029,121,98,57,42,23,15,0.8099173553719008,0.7368421052631579,140
2023-11-16,1029,112,77,63,38,35,25,0.6875,0.6031746031746031,115
2023-11-17,1029,113,65,100,44,48,56,0.5752212389380531,0.44,109
2023-11-18,1029,142,66,99,25,76,74,0.4647887323943662,0.25252525252525254,91
2023-11-19,1029,117,71,78,34,46,44,0.6068376068376068,0.4358974358974359,105
2023-11-20,1029,136,75,59,54,61,5,0.5514705882352942,0.9152542372881356,129
2023-11-21,1029,143,45,64,38,98,26,0.3146853146853147,0.59375,83
2023-11-22,1029,149,64,86,41,85,45,0.42953020134228187,0.47674418604651164,105
2023-11-23,1029,101,85,83,44,16,39,0.8415841584158416,0.5301204819277109,129
2023-11-24,1029,111,78,57,36,33,21,0.7027027027027027,0.631578947368421,114
2023-11-25,1029,111,95,100,49,16,51,0.8558558558558559,0.49,144
2023-11-26,1029,146,68,61,51,78,10,0.4657534246575342,0.8360655737704918,119
2023-11-27,1029,125,86,52,37,39,15,0.688,0.7115384615384616,123
2023-11-28,1029,137,69,64,45,68,19,0.5036496350364964,0.703125,114
2023-11-29,1029,134,90,87,39,44,48,0.6716417910447762,0.4482758620689655,129
2023-11-30,1029,121,68,93,41,53,52,0.5619834710743802,0.44086021505376344,109
2023-12-01,1029,117,73,51,46,44,5,0.6239316239316239,0.9019607843137255,119
2023-12-02,1029,109,91,51,29,18,22,0.8348623853211009,0.5686274509803921,120
2023-12-03,1029,109,78,85,30,31,55,0.7155963302752294,0.35294117647058826,108
2023-12-04,1029,118,81,73,32,37,41,0.6864406779661016,0.4383561643835616,113
2023-12-05,1029,145,66,90,33,79,57,0.45517241379310347,0.36666666666666664,99
2023-12-06,1029,125,79,89,39,46,50,0.632,0.43820224719101125,118
2023-12-07,1029,148,72,92,39,76,53,0.4864864864864865,0.42391304347826086,111
2023-12-08,1029,135,73,91,47,62,44,0.5407407407407407,0.5164835164835165,120
2023-12-09,1029,121,89,91,38,32,53,0.7355371900826446,0.4175824175824176,127
2023-12-10,1029,104,82,66,43,22,23,0.7884615384615384,0.6515151515151515,125
2023-12-11,1029,115,92,57,30,23,27,0.8,0.5263157894736842,122
2023-12-12,1029,111,78,80,35,33,45,0.7027027027027027,0.4375,113
2023-12-13,1029,144,82,68,45,62,23,0.5694444444444444,0.6617647058823529,127
2023-12-14,1029,131,84,55,45,47,10,0.6412213740458015,0.8181818181818182,129
2023-12-15,1029,146,79,97,32,67,65,0.541095890410959,0.32989690721649484,111
2023-12-16,1029,119,91,81,32,28,49,0.7647058823529411,0.3950617283950617,123
2023-12-17,1029,145,72,58,40,73,18,0.496551724137931,0.6896551724137931,112
2023-12-18,1029,126,81,55,44,45,11,0.6428571428571429,0.8,125
2023-12-19,1029,112,85,83,34,27,49,0.7589285714285714,0.40963855421686746,119
2023-12-20,1029,115,75,56,40,40,16,0.6521739130434783,0.7142857142857143,115
2023-12-21,1029,105,89,82,41,16,41,0.8476190476190476,0.5,130
2023-12-22,1029,139,61,60,45,78,15,0.43884892086330934,0.75,106
2023-12-23,1029,107,99,99,44,8,55,0.9252336448598131,0.4444444444444444,143
2023-12-24,1029,119,99,64,45,20,19,0.8319327731092437,0.703125,144
2023-12-25,1029,145,82,66,41,63,25,0.5655172413793104,0.6212121212121212,123
2023-12-26,1029,139,71,67,43,68,24,0.5107913669064749,0.6417910447761194,114
2023-12-27,1029,109,74,67,34,35,33,0.6788990825688074,0.5074626865671642,108
2023-12-28,1029,145,71,99,40,74,59,0.4896551724137931,0.40404040404040403,111
2023-12-29,1029,110,74,72,43,36,29,0.6727272727272727,0.5972222222222222,117
2023-12-30,1029,102,79,50,33,23,17,0.7745098039215687,0.66,112
2023-12-31,1029,117,85,58,53,32,5,0.7264957264957265,0.9137931034482759,138
2023-01-01,1030,115,91,92,38,24,54,0.7913043478260869,0.41304347826086957,129
2023-01-02,1030,150,73,98,45,77,53,0.4866666666666667,0.45918367346938777,118
2023-01-03,1030,137,67,63,45,70,18,0.48905109489051096,0.7142857142857143,112
2023-01-04,1030,106,89,100,39,17,61,0.839622641509434,0.39,128
2023-01-05,1030,108,68,91,39,40,52,0.6296296296296297,0.42857142857142855,107
2023-01-06,1030,146,76,98,40,70,58,0.5205479452054794,0.40816326530612246,116
2023-01-07,1030,124,86,54,42,38,12,0.6935483870967742,0.7777777777777778,128
2023-01-08,1030,138,84,92,35,54,57,0.6086956521739131,0.3804347826086957,119
2023-01-09,1030,107,83,65,33,24,32,0.7757009345794392,0.5076923076923077,116
2023-01-10,1030,143,85,57,35,58,22,0.5944055944055944,0.6140350877192983,120
2023-01-11,1030,103,70,65,33,33,32,0.6796116504854369,0.5076923076923077,103
2023-01-12,1030,116,75,81,40,41,41,0.646551724137931,0.49382716049382713,115
2023-01-13,1030,144,83,93,43,61,50,0.5763888888888888,0.46236559139784944,126
2023-01-14,1030,116,79,52,41,37,11,0.6810344827586207,0.7884615384615384,120
2023-01-15,1030,112,93,68,32,19,36,0.8303571428571429,0.47058823529411764,125
2023-01-16,1030,130,98,96,47,32,49,0.7538461538461538,0.4895833333333333,145
2023-01-17,1030,133,84,85,46,49,39,0.631578947368421,0.5411764705882353,130
2023-01-18,1030,109,87,96,47,22,49,0.7981651376146789,0.4895833333333333,134
2023-01-19,1030,128,93,100,49,35,51,0.7265625,0.49,142
2023-01-20,1030,128,89,57,30,39,27,0.6953125,0.5263157894736842,119
2023-01-21,1030,139,75,85,51,64,34,0.539568345323741,0.6,126
2023-01-22,1030,146,85,56,30,61,26,0.5821917808219178,0.5357142857142857,115
2023-01-23,1030,111,93,88,47,18,41,0.8378378378378378,0.5340909090909091,140
2023-01-24,1030,110,75,77,39,35,38,0.6818181818181818,0.5064935064935064,114
2023-01-25,1030,118,91,75,53,27,22,0.7711864406779662,0.7066666666666667,144
2023-01-26,1030,133,74,95,47,59,48,0.556390977443609,0.49473684210526314,121
2023-01-27,1030,146,86,96,50,60,46,0.589041095890411,0.5208333333333334,136
2023-01-28,1030,122,67,64,27,55,37,0.5491803278688525,0.421875,94
2023-01-29,1030,130,78,91,36,52,55,0.6,0.3956043956043956,114
2023-01-30,1030,143,76,68,45,67,23,0.5314685314685315,0.6617647058823529,121
2023-01-31,1030,125,71,87,41,54,46,0.568,0.47126436781609193,112
2023-02-01,1030,131,72,97,36,59,61,0.549618320610687,0.3711340206185567,108
2023-02-02,1030,100,68,85,46,32,39,0.68,0.5411764705882353,114
2023-02-03,1030,150,80,71,45,70,26,0.5333333333333333,0.6338028169014085,125
2023-02-04,1030,137,69,50,45,68,5,0.5036496350364964,0.9,114
2023-02-05,1030,117,70,66,41,47,25,0.5982905982905983,0.6212121212121212,111
2023-02-06,1030,121,88,83,33,33,50,0.7272727272727273,0.39759036144578314,121
2023-02-07,1030,122,81,73,41,41,32,0.6639344262295082,0.5616438356164384,122
2023-02-08,1030,115,91,71,37,24,34,0.7913043478260869,0.5211267605633803,128
2023-02-09,1030,135,80,87,35,55,52,0.5925925925925926,0.40229885057471265,115
2023-02-10,1030,147,76,96,44,71,52,0.5170068027210885,0.4583333333333333,120
2023-02-11,1030,137,75,78,43,62,35,0.5474452554744526,0.5512820512820513,118
2023-02-12,1030,137,94,93,43,43,50,0.6861313868613139,0.46236559139784944,137
2023-02-13,1030,148,84,86,45,64,41,0.5675675675675675,0.5232558139534884,129
2023-02-14,1030,144,79,69,40,65,29,0.5486111111111112,0.5797101449275363,119
2023-02-15,1030,114,73,50,34,41,16,0.6403508771929824,0.68,107
2023-02-16,1030,125,81,73,42,44,31,0.648,0.5753424657534246,123
2023-02-17,1030,108,75,56,35,33,21,0.6944444444444444,0.625,110
2023-02-18,1030,107,64,60,49,43,11,0.5981308411214953,0.8166666666666667,113
2023-02-19,1030,117,85,82,40,32,42,0.7264957264957265,0.4878048780487805,125
2023-02-20,1030,104,79,86,37,25,49,0.7596153846153846,0.43023255813953487,116
2023-02-21,1030,137,84,80,39,53,41,0.6131386861313869,0.4875,123
2023-02-22,1030,149,80,88,31,69,57,0.5369127516778524,0.3522727272727273,111
2023-02-23,1030,113,92,82,27,21,55,0.8141592920353983,0.32926829268292684,119
2023-02-24,1030,145,77,94,45,68,49,0.5310344827586206,0.4787234042553192,122
2023-02-25,1030,116,81,91,52,35,39,0.6982758620689655,0.5714285714285714,133
2023-02-26,1030,122,84,82,43,38,39,0.6885245901639344,0.524390243902439,127
2023-02-27,1030,139,73,94,38,66,56,0.5251798561151079,0.40425531914893614,111
2023-02-28,1030,142,69,78,47,73,31,0.4859154929577465,0.6025641025641025,116
2023-03-01,1030,138,90,90,48,48,42,0.6521739130434783,0.5333333333333333,138
2023-03-02,1030,147,73,52,47,74,5,0.4965986394557823,0.9038461538461539,120
2023-03-03,1030,120,87,84,39,33,45,0.725,0.4642857142857143,126
2023-03-04,1030,137,80,94,28,57,66,0.583941605839416,0.2978723404255319,108
2023-03-05,1030,108,87,70,33,21,37,0.8055555555555556,0.4714285714285714,120
2023-03-06,1030,139,94,64,31,45,33,0.6762589928057554,0.484375,125
2023-03-07,1030,131,91,100,44,40,56,0.6946564885496184,0.44,135
2023-03-08,1030,140,72,72,36,68,36,0.5142857142857142,0.5,108
2023-03-09,1030,140,87,83,47,53,36,0.6214285714285714,0.5662650602409639,134
2023-03-10,1030,107,89,94,36,18,58,0.8317757009345794,0.3829787234042553,125
2023-03-11,1030,115,82,96,44,33,52,0.7130434782608696,0.4583333333333333,126
2023-03-12,1030,120,80,75,46,40,29,0.6666666666666666,0.6133333333333333,126
2023-03-13,1030,109,74,80,36,35,44,0.6788990825688074,0.45,110
2023-03-14,1030,102,77,59,42,25,17,0.7549019607843137,0.711864406779661,119
2023-03-15,1030,107,84,79,41,23,38,0.7850467289719626,0.5189873417721519,125
2023-03-16,1030,112,69,91,41,43,50,0.6160714285714286,0.45054945054945056,110
2023-03-17,1030,146,74,86,50,72,36,0.5068493150684932,0.5813953488372093,124
2023-03-18,1030,136,77,78,30,59,48,0.5661764705882353,0.38461538461538464,107
2023-03-19,1030,150,74,84,40,76,44,0.49333333333333335,0.47619047619047616,114
2023-03-20,1030,143,80,89,42,63,47,0.5594405594405595,0.47191011235955055,122
2023-03-21,1030,136,79,66,34,57,32,0.5808823529411765,0.5151515151515151,113
2023-03-22,1030,111,96,58,50,15,8,0.8648648648648649,0.8620689655172413,146
2023-03-23,1030,114,67,69,44,47,25,0.5877192982456141,0.6376811594202898,111
2023-03-24,1030,129,75,89,24,54,65,0.5813953488372093,0.2696629213483146,99
2023-03-25,1030,137,76,55,34,61,21,0.5547445255474452,0.6181818181818182,110
2023-03-26,1030,150,79,70,45,71,25,0.5266666666666666,0.6428571428571429,124
2023-03-27,1030,145,85,67,30,60,37,0.5862068965517241,0.44776119402985076,115
2023-03-28,1030,127,67,51,47,60,4,0.5275590551181102,0.9215686274509803,114
2023-03-29,1030,145,96,100,40,49,60,0.6620689655172414,0.4,136
2023-03-30,1030,113,75,99,44,38,55,0.6637168141592921,0.4444444444444444,119
2023-03-31,1030,104,76,74,32,28,42,0.7307692307692307,0.43243243243243246,108
2023-04-01,1030,147,65,74,57,82,17,0.4421768707482993,0.7702702702702703,122
2023-04-02,1030,104,79,51,44,25,7,0.7596153846153846,0.8627450980392157,123
2023-04-03,1030,128,71,56,44,57,12,0.5546875,0.7857142857142857,115
2023-04-04,1030,122,101,52,45,21,7,0.8278688524590164,0.8653846153846154,146
2023-04-05,1030,149,70,58,43,79,15,0.4697986577181208,0.7413793103448276,113
2023-04-06,1030,141,85,54,31,56,23,0.6028368794326241,0.5740740740740741,116
2023-04-07,1030,148,82,62,34,66,28,0.5540540540540541,0.5483870967741935,116
2023-04-08,1030,150,81,56,40,69,16,0.54,0.7142857142857143,121
2023-04-09,1030,111,74,75,49,37,26,0.6666666666666666,0.6533333333333333,123
2023-04-10,1030,100,81,70,40,19,30,0.81,0.5714285714285714,121
2023-04-11,1030,139,62,80,33,77,47,0.4460431654676259,0.4125,95
2023-04-12,1030,116,90,87,33,26,54,0.7758620689655172,0.3793103448275862,123
2023-04-13,1030,124,77,87,39,47,48,0.6209677419354839,0.4482758620689655,116
2023-04-14,1030,121,76,72,49,45,23,0.628099173553719,0.6805555555555556,125
2023-04-15,1030,132,62,56,35,70,21,0.4696969696969697,0.625,97
2023-04-16,1030,139,83,72,41,56,31,0.5971223021582733,0.5694444444444444,124
2023-04-17,1030,113,73,60,30,40,30,0.6460176991150443,0.5,103
2023-04-18,1030,147,84,71,48,63,23,0.5714285714285714,0.676056338028169,132
2023-04-19,1030,137,77,70,44,60,26,0.5620437956204379,0.6285714285714286,121
2023-04-20,1030,145,79,80,51,66,29,0.5448275862068965,0.6375,130
2023-04-21,1030,110,69,54,47,41,7,0.6272727272727273,0.8703703703703703,116
2023-04-22,1030,116,83,99,42,33,57,0.7155172413793104,0.42424242424242425,125
2023-04-23,1030,132,82,50,28,50,22,0.6212121212121212,0.56,110
2023-04-24,1030,133,88,62,37,45,25,0.6616541353383458,0.5967741935483871,125
2023-04-25,1030,124,69,96,39,55,57,0.5564516129032258,0.40625,108
2023-04-26,1030,144,93,67,33,51,34,0.6458333333333334,0.4925373134328358,126
2023-04-27,1030,114,68,68,30,46,38,0.5964912280701754,0.4411764705882353,98
2023-04-28,1030,106,70,52,47,36,5,0.660377358490566,0.9038461538461539,117
2023-04-29,1030,149,70,87,37,79,50,0.4697986577181208,0.42528735632183906,107
2023-04-30,1030,118,76,88,41,42,47,0.6440677966101694,0.4659090909090909,117
2023-05-01,1030,108,91,84,39,17,45,0.8425925925925926,0.4642857142857143,130
2023-05-02,1030,142,88,80,28,54,52,0.6197183098591549,0.35,116
2023-05-03,1030,133,85,86,40,48,46,0.6390977443609023,0.46511627906976744,125
2023-05-04,1030,104,74,91,40,30,51,0.7115384615384616,0.43956043956043955,114
2023-05-05,1030,101,67,53,40,34,13,0.6633663366336634,0.7547169811320755,107
2023-05-06,1030,123,94,70,39,29,31,0.7642276422764228,0.5571428571428572,133
2023-05-07,1030,144,60,70,39,84,31,0.4166666666666667,0.5571428571428572,99
2023-05-08,1030,144,67,96,39,77,57,0.4652777777777778,0.40625,106
2023-05-09,1030,130,73,64,41,57,23,0.5615384615384615,0.640625,114
2023-05-10,1030,117,93,68,31,24,37,0.7948717948717948,0.45588235294117646,124
2023-05-11,1030,122,78,71,36,44,35,0.639344262295082,0.5070422535211268,114
2023-05-12,1030,108,68,67,36,40,31,0.6296296296296297,0.5373134328358209,104
2023-05-13,1030,133,83,71,43,50,28,0.6240601503759399,0.6056338028169014,126
2023-05-14,1030,104,70,78,38,34,40,0.6730769230769231,0.48717948717948717,108
2023-05-15,1030,124,63,82,34,61,48,0.5080645161290323,0.4146341463414634,97
2023-05-16,1030,119,85,86,31,34,55,0.7142857142857143,0.36046511627906974,116
2023-05-17,1030,131,69,50,50,62,0,0.5267175572519084,1,119
2023-05-18,1030,128,81,92,40,47,52,0.6328125,0.43478260869565216,121
2023-05-19,1030,146,72,50,48,74,2,0.4931506849315068,0.96,120
2023-05-20,1030,111,81,50,47,30,3,0.7297297297297297,0.94,128
2023-05-21,1030,140,88,61,42,52,19,0.6285714285714286,0.6885245901639344,130
2023-05-22,1030,120,86,61,42,34,19,0.7166666666666667,0.6885245901639344,128
2023-05-23,1030,139,93,59,48,46,11,0.6690647482014388,0.8135593220338984,141
2023-05-24,1030,146,73,73,43,73,30,0.5,0.589041095890411,116
2023-05-25,1030,100,88,87,36,12,51,0.88,0.41379310344827586,124
2023-05-26,1030,130,86,66,39,44,27,0.6615384615384615,0.5909090909090909,125
2023-05-27,1030,119,85,79,35,34,44,0.7142857142857143,0.4430379746835443,120
2023-05-28,1030,102,75,82,36,27,46,0.7352941176470589,0.43902439024390244,111
2023-05-29,1030,116,78,58,46,38,12,0.6724137931034483,0.7931034482758621,124
2023-05-30,1030,149,79,91,39,70,52,0.5302013422818792,0.42857142857142855,118
2023-05-31,1030,102,82,71,39,20,32,0.803921568627451,0.5492957746478874,121
2023-06-01,1030,108,63,55,39,45,16,0.5833333333333334,0.7090909090909091,102
2023-06-02,1030,137,82,80,43,55,37,0.5985401459854015,0.5375,125
2023-06-03,1030,146,87,100,37,59,63,0.5958904109589042,0.37,124
2023-06-04,1030,132,74,88,42,58,46,0.5606060606060606,0.4772727272727273,116
2023-06-05,1030,137,84,65,40,53,25,0.6131386861313869,0.6153846153846154,124
2023-06-06,1030,121,76,66,45,45,21,0.628099173553719,0.6818181818181818,121
2023-06-07,1030,120,74,55,37,46,18,0.6166666666666667,0.6727272727272727,111
2023-06-08,1030,141,67,93,49,74,44,0.475177304964539,0.5268817204301075,116
2023-06-09,1030,133,67,67,36,66,31,0.5037593984962406,0.5373134328358209,103
2023-06-10,1030,114,74,61,37,40,24,0.6491228070175439,0.6065573770491803,111
2023-06-11,1030,137,72,85,46,65,39,0.5255474452554745,0.5411764705882353,118
2023-06-12,1030,142,105,93,41,37,52,0.7394366197183099,0.44086021505376344,146
2023-06-13,1030,121,87,62,39,34,23,0.71900826446281,0.6290322580645161,126
2023-06-14,1030,109,92,99,38,17,61,0.8440366972477065,0.3838383838383838,130
2023-06-15,1030,127,85,100,41,42,59,0.6692913385826772,0.41,126
2023-06-16,1030,129,70,71,37,59,34,0.5426356589147286,0.5211267605633803,107
2023-06-17,1030,114,81,74,31,33,43,0.7105263157894737,0.4189189189189189,112
2023-06-18,1030,140,89,93,38,51,55,0.6357142857142857,0.40860215053763443,127
2023-06-19,1030,110,78,67,40,32,27,0.7090909090909091,0.5970149253731343,118
2023-06-20,1030,135,95,53,35,40,18,0.7037037037037037,0.660377358490566,130
2023-06-21,1030,130,99,80,41,31,39,0.7615384615384615,0.5125,140
2023-06-22,1030,142,76,91,48,66,43,0.5352112676056338,0.5274725274725275,124
2023-06-23,1030,132,76,98,37,56,61,0.5757575757575758,0.37755102040816324,113
2023-06-24,1030,117,87,80,47,30,33,0.7435897435897436,0.5875,134
2023-06-25,1030,137,74,56,48,63,8,0.5401459854014599,0.8571428571428571,122
2023-06-26,1030,100,100,89,37,0,52,1,0.4157303370786517,137
2023-06-27,1030,108,89,78,42,19,36,0.8240740740740741,0.5384615384615384,131
2023-06-28,1030,131,74,88,40,57,48,0.5648854961832062,0.45454545454545453,114
2023-06-29,1030,124,79,79,38,45,41,0.6370967741935484,0.4810126582278481,117
2023-06-30,1030,127,90,69,40,37,29,0.7086614173228346,0.5797101449275363,130
2023-07-01,1030,148,84,87,45,64,42,0.5675675675675675,0.5172413793103449,129
2023-07-02,1030,118,62,76,44,56,32,0.5254237288135594,0.5789473684210527,106
2023-07-03,1030,142,89,95,40,53,55,0.6267605633802817,0.42105263157894735,129
2023-07-04,1030,125,73,58,37,52,21,0.584,0.6379310344827587,110
2023-07-05,1030,101,71,86,35,30,51,0.7029702970297029,0.4069767441860465,106
2023-07-06,1030,100,66,88,36,34,52,0.66,0.4090909090909091,102
2023-07-07,1030,146,86,56,34,60,22,0.589041095890411,0.6071428571428571,120
2023-07-08,1030,146,84,67,38,62,29,0.5753424657534246,0.5671641791044776,122
2023-07-09,1030,105,68,96,41,37,55,0.6476190476190476,0.4270833333333333,109
2023-07-10,1030,135,76,58,48,59,10,0.562962962962963,0.8275862068965517,124
2023-07-11,1030,113,83,81,38,30,43,0.7345132743362832,0.4691358024691358,121
2023-07-12,1030,122,80,56,42,42,14,0.6557377049180327,0.75,122
2023-07-13,1030,137,78,79,32,59,47,0.5693430656934306,0.4050632911392405,110
2023-07-14,1030,101,78,58,39,23,19,0.7722772277227723,0.6724137931034483,117
2023-07-15,1030,137,86,78,50,51,28,0.6277372262773723,0.6410256410256411,136
2023-07-16,1030,141,87,73,39,54,34,0.6170212765957447,0.5342465753424658,126
2023-07-17,1030,146,79,94,35,67,59,0.541095890410959,0.3723404255319149,114
2023-07-18,1030,117,100,92,48,17,44,0.8547008547008547,0.5217391304347826,148
2023-07-19,1030,147,69,85,39,78,46,0.46938775510204084,0.4588235294117647,108
2023-07-20,1030,105,73,66,39,32,27,0.6952380952380952,0.5909090909090909,112
2023-07-21,1030,148,86,81,45,62,36,0.581081081081081,0.5555555555555556,131
2023-07-22,1030,112,89,75,43,23,32,0.7946428571428571,0.5733333333333334,132
2023-07-23,1030,130,87,75,48,43,27,0.6692307692307692,0.64,135
2023-07-24,1030,118,83,78,37,35,41,0.7033898305084746,0.47435897435897434,120
2023-07-25,1030,106,78,87,43,28,44,0.7358490566037735,0.4942528735632184,121
2023-07-26,1030,130,66,59,42,64,17,0.5076923076923077,0.711864406779661,108
2023-07-27,1030,108,86,88,33,22,55,0.7962962962962963,0.375,119
2023-07-28,1030,142,85,81,42,57,39,0.5985915492957746,0.5185185185185185,127
2023-07-29,1030,140,76,94,49,64,45,0.5428571428571428,0.5212765957446809,125
2023-07-30,1030,141,83,62,32,58,30,0.5886524822695035,0.5161290322580645,115
2023-07-31,1030,138,92,88,34,46,54,0.6666666666666666,0.38636363636363635,126
2023-08-01,1030,116,70,82,49,46,33,0.603448275862069,0.5975609756097561,119
2023-08-02,1030,145,89,98,43,56,55,0.6137931034482759,0.4387755102040816,132
2023-08-03,1030,103,90,64,35,13,29,0.8737864077669902,0.546875,125
2023-08-04,1030,112,75,98,32,37,66,0.6696428571428571,0.32653061224489793,107
2023-08-05,1030,120,82,96,33,38,63,0.6833333333333333,0.34375,115
2023-08-06,1030,104,66,90,46,38,44,0.6346153846153846,0.5111111111111111,112
2023-08-07,1030,112,78,55,38,34,17,0.6964285714285714,0.6909090909090909,116
2023-08-08,1030,118,76,79,47,42,32,0.6440677966101694,0.5949367088607594,123
2023-08-09,1030,143,93,98,43,50,55,0.6503496503496503,0.4387755102040816,136
2023-08-10,1030,136,102,59,36,34,23,0.75,0.6101694915254238,138
2023-08-11,1030,132,68,92,36,64,56,0.5151515151515151,0.391304347826087,104
2023-08-12,1030,137,68,78,28,69,50,0.49635036496350365,0.358974358974359,96
2023-08-13,1030,135,71,83,37,64,46,0.5259259259259259,0.4457831325301205,108
2023-08-14,1030,143,92,78,42,51,36,0.6433566433566433,0.5384615384615384,134
2023-08-15,1030,135,84,67,36,51,31,0.6222222222222222,0.5373134328358209,120
2023-08-16,1030,108,72,96,39,36,57,0.6666666666666666,0.40625,111
2023-08-17,1030,111,92,79,35,19,44,0.8288288288288288,0.4430379746835443,127
2023-08-18,1030,101,82,100,39,19,61,0.8118811881188119,0.39,121
2023-08-19,1030,126,86,62,41,40,21,0.6825396825396826,0.6612903225806451,127
2023-08-20,1030,148,77,53,38,71,15,0.5202702702702703,0.71698113207547165,115
2023-08-21,1030,141,91,61,33,50,28,0.6453900709219859,0.5409836065573771,124
2023-08-22,1030,134,96,83,38,38,45,0.7164179104477612,0.4578313253012048,134
2023-08-23,1030,129,69,55,34,60,21,0.5348837209302325,0.6181818181818182,103
2023-08-24,1030,124,86,74,33,38,41,0.6935483870967742,0.44594594594594594,119
2023-08-25,1030,140,88,67,30,52,37,0.6285714285714286,0.44776119402985076,118
2023-08-26,1030,115,87,73,42,28,31,0.7565217391304347,0.5753424657534246,129
2023-08-27,1030,120,89,96,40,31,56,0.7416666666666667,0.4166666666666667,129
2023-08-28,1030,148,65,93,48,83,45,0.4391891891891892,0.5161290322580645,113
2023-08-29,1030,103,79,64,37,24,27,0.7669902912621359,0.578125,116
2023-08-30,1030,106,70,66,35,36,31,0.660377358490566,0.5303030303030303,105
2023-08-31,1030,142,104,89,34,38,55,0.7323943661971831,0.38202247191011235,138
2023-09-01,1030,129,72,57,39,57,18,0.5581395348837209,0.6842105263157895,111
2023-09-02,1030,138,85,76,42,53,34,0.6159420289855072,0.5526315789473685,127
2023-09-03,1030,105,89,77,52,16,25,0.8476190476190476,0.6753246753246753,141
2023-09-04,1030,118,74,100,50,44,50,0.6271186440677966,0.5,124
2023-09-05,1030,148,76,95,43,72,52,0.5135135135135135,0.45263157894736844,119
2023-09-06,1030,144,78,73,31,66,42,0.5416666666666666,0.4246575342465753,109
2023-09-07,1030,109,80,94,40,29,54,0.7339449541284404,0.425531914893617,120
2023-09-08,1030,103,85,87,37,18,50,0.8252427184466019,0.42528735632183906,122
2023-09-09,1030,148,76,91,43,72,48,0.5135135135135135,0.4725274725274725,119
2023-09-10,1030,102,65,73,41,37,32,0.6372549019607843,0.5616438356164384,106
2023-09-11,1030,142,76,91,37,66,54,0.5352112676056338,0.4065934065934066,113
2023-09-12,1030,134,78,89,39,56,50,0.582089552238806,0.43820224719101125,117
2023-09-13,1030,142,75,79,44,67,35,0.528169014084507,0.5569620253164557,119
2023-09-14,1030,141,88,63,42,53,21,0.624113475177305,0.6666666666666666,130
2023-09-15,1030,113,101,77,38,12,39,0.8938053097345132,0.4935064935064935,139
2023-09-16,1030,110,82,90,35,28,55,0.7454545454545455,0.3888888888888889,117
2023-09-17,1030,137,73,56,46,64,10,0.5328467153284672,0.8214285714285714,119
2023-09-18,1030,122,80,94,37,42,57,0.6557377049180327,0.39361702127659576,117
2023-09-19,1030,131,80,71,39,51,32,0.6106870229007634,0.5492957746478874,119
2023-09-20,1030,144,83,56,55,61,1,0.5763888888888888,0.9821428571428571,138
2023-09-21,1030,121,77,64,41,44,23,0.6363636363636364,0.640625,118
2023-09-22,1030,104,78,82,41,26,41,0.75,0.5,119
2023-09-23,1030,135,72,58,40,63,18,0.5333333333333333,0.6896551724137931,112
2023-09-24,1030,126,98,54,30,28,24,0.7777777777777778,0.5555555555555556,128
2023-09-25,1030,136,79,98,44,57,54,0.5808823529411765,0.4489795918367347,123
2023-09-26,1030,102,94,65,40,8,25,0.9215686274509803,0.6153846153846154,134
2023-09-27,1030,112,79,71,42,33,29,0.7053571428571429,0.5915492957746479,121
2023-09-28,1030,102,90,77,36,12,41,0.8823529411764706,0.4675324675324675,126
2023-09-29,1030,118,71,88,44,47,44,0.6016949152542372,0.5,115
2023-09-30,1030,132,79,72,33,53,39,0.5984848484848485,0.4583333333333333,112
2023-10-01,1030,118,87,67,43,31,24,0.7372881355932204,0.6417910447761194,130
2023-10-02,1030,128,96,71,44,32,27,0.75,0.6197183098591549,140
2023-10-03,1030,140,77,97,41,63,56,0.55,0.422680412371134,118
2023-10-04,1030,140,70,79,39,70,40,0.5,0.4936708860759494,109
2023-10-05,1030,122,73,74,37,49,37,0.5983606557377049,0.5,110
2023-10-06,1030,125,91,58,44,34,14,0.728,0.7586206896551724,135
2023-10-07,1030,129,76,57,47,53,10,0.5891472868217055,0.8245614035087719,123
2023-10-08,1030,118,94,88,37,24,51,0.7966101694915254,0.42045454545454547,131
2023-10-09,1030,140,84,90,36,56,54,0.6,0.4,120
2023-10-10,1030,133,78,88,39,55,49,0.5864661654135338,0.4431818181818182,117
2023-10-11,1030,123,77,53,33,46,20,0.6260162601626016,0.6226415094339622,110
2023-10-12,1030,134,62,76,46,72,30,0.4626865671641791,0.6052631578947368,108
2023-10-13,1030,128,78,70,40,50,30,0.609375,0.5714285714285714,118
2023-10-14,1030,138,85,100,37,53,63,0.6159420289855072,0.37,122
2023-10-15,1030,103,80,88,34,23,54,0.7766990291262136,0.38636363636363635,114
2023-10-16,1030,129,94,86,47,35,39,0.7286821705426356,0.5465116279069767,141
2023-10-17,1030,126,75,91,31,51,60,0.5952380952380952,0.34065934065934067,106
2023-10-18,1030,121,71,65,42,50,23,0.5867768595041323,0.6461538461538462,113
2023-10-19,1030,101,93,66,45,8,21,0.9207920792079208,0.6818181818181818,138
2023-10-20,1030,147,82,65,36,65,29,0.5578231292517006,0.5538461538461539,118
2023-10-21,1030,140,71,86,43,69,43,0.5071428571428571,0.5,114
2023-10-22,1030,130,86,50,40,44,10,0.6615384615384615,0.8,126
2023-10-23,1030,145,81,95,39,64,56,0.5586206896551724,0.4105263157894737,120
2023-10-24,1030,145,75,88,31,70,57,0.5172413793103449,0.3522727272727273,106
2023-10-25,1030,122,78,86,39,44,47,0.639344262295082,0.45348837209302323,117
2023-10-26,1030,104,82,68,41,22,27,0.7884615384615384,0.6029411764705882,123
2023-10-27,1030,105,76,76,40,29,36,0.7238095238095238,0.5263157894736842,116
2023-10-28,1030,134,63,76,28,71,48,0.4701492537313433,0.3684210526315789,91
2023-10-29,1030,125,66,61,45,59,16,0.528,0.7377049180327869,111
2023-10-30,1030,119,77,88,31,42,57,0.6470588235294118,0.3522727272727273,108
2023-10-31,1030,146,67,50,39,79,11,0.4589041095890411,0.78,106
2023-11-01,1030,111,74,50,50,37,0,0.6666666666666666,1,124
2023-11-02,1030,128,75,75,34,53,41,0.5859375,0.4533333333333333,109
2023-11-03,1030,120,88,55,32,32,23,0.7333333333333333,0.5818181818181818,120
2023-11-04,1030,123,78,86,43,45,43,0.6341463414634146,0.5,121
2023-11-05,1030,111,91,68,47,20,21,0.8198198198198198,0.6911764705882353,138
2023-11-06,1030,108,86,98,31,22,67,0.7962962962962963,0.3163265306122449,117
2023-11-07,1030,142,72,88,50,70,38,0.5070422535211268,0.5681818181818182,122
2023-11-08,1030,137,67,65,34,70,31,0.48905109489051096,0.5230769230769231,101
2023-11-09,1030,112,79,79,43,33,36,0.7053571428571429,0.5443037974683544,122
2023-11-10,1030,130,94,74,41,36,33,0.7230769230769231,0.5540540540540541,135
2023-11-11,1030,148,80,90,40,68,50,0.5405405405405406,0.4444444444444444,120
2023-11-12,1030,149,86,81,34,63,47,0.5771812080536913,0.41975308641975306,120
2023-11-13,1030,105,88,77,39,17,38,0.8380952380952381,0.5064935064935064,127
2023-11-14,1030,101,78,86,42,23,44,0.7722772277227723,0.4883720930232558,120
2023-11-15,1030,114,78,96,38,36,58,0.6842105263157895,0.3958333333333333,116
2023-11-16,1030,107,83,63,39,24,24,0.7757009345794392,0.6190476190476191,122
2023-11-17,1030,138,79,83,29,59,54,0.572463768115942,0.3493975903614458,108
2023-11-18,1030,103,93,80,39,10,41,0.9029126213592233,0.4875,132
2023-11-19,1030,149,73,59,39,76,20,0.4899328859060403,0.6610169491525424,112
2023-11-20,1030,143,85,96,26,58,70,0.5944055944055944,0.2708333333333333,111
2023-11-21,1030,113,80,85,40,33,45,0.7079646017699115,0.47058823529411764,120
2023-11-22,1030,107,91,82,40,16,42,0.8504672897196262,0.4878048780487805,131
2023-11-23,1030,141,90,60,51,51,9,0.6382978723404256,0.85,141
2023-11-24,1030,117,86,96,44,31,52,0.7350427350427351,0.4583333333333333,130
2023-11-25,1030,136,86,95,42,50,53,0.6323529411764706,0.4421052631578947,128
2023-11-26,1030,123,81,63,39,42,24,0.6585365853658537,0.6190476190476191,120
2023-11-27,1030,105,95,70,45,10,25,0.9047619047619048,0.6428571428571429,140
2023-11-28,1030,138,85,66,38,53,28,0.6159420289855072,0.5757575757575758,123
2023-11-29,1030,149,80,50,37,69,13,0.5369127516778524,0.74,117
2023-11-30,1030,139,82,73,45,57,28,0.5899280575539568,0.6164383561643836,127
2023-12-01,1030,133,84,68,46,49,22,0.631578947368421,0.6764705882352942,130
2023-12-02,1030,113,108,64,38,5,26,0.9557522123893806,0.59375,146
2023-12-03,1030,143,61,51,45,82,6,0.42657342657342656,0.8823529411764706,106
2023-12-04,1030,103,74,90,45,29,45,0.7184466019417476,0.5,119
2023-12-05,1030,126,91,75,35,35,40,0.7222222222222222,0.4666666666666667,126
2023-12-06,1030,101,72,81,35,29,46,0.7128712871287128,0.43209876543209874,107
2023-12-07,1030,101,67,72,32,34,40,0.6633663366336634,0.4444444444444444,99
2023-12-08,1030,128,78,86,33,50,53,0.609375,0.38372093023255816,111
2023-12-09,1030,109,71,77,38,38,39,0.6513761467889908,0.4935064935064935,109
2023-12-10,1030,144,73,82,28,71,54,0.5069444444444444,0.34146341463414637,101
2023-12-11,1030,108,94,56,36,14,20,0.8703703703703703,0.6428571428571429,130
2023-12-12,1030,117,79,68,45,38,23,0.6752136752136753,0.6617647058823529,124
2023-12-13,1030,103,74,83,43,29,40,0.7184466019417476,0.5180722891566265,117
2023-12-14,1030,108,75,75,45,33,30,0.6944444444444444,0.6,120
2023-12-15,1030,128,90,87,45,38,42,0.703125,0.5172413793103449,135
2023-12-16,1030,138,82,76,44,56,32,0.5942028985507246,0.5789473684210527,126
2023-12-17,1030,119,76,52,33,43,19,0.6386554621848739,0.6346153846153846,109
2023-12-18,1030,115,71,52,45,44,7,0.6173913043478261,0.8653846153846154,116
2023-12-19,1030,117,78,78,50,39,28,0.6666666666666666,0.6410256410256411,128
2023-12-20,1030,114,80,61,33,34,28,0.7017543859649122,0.5409836065573771,113
2023-12-21,1030,119,80,74,41,39,33,0.6722689075630253,0.5540540540540541,121
2023-12-22,1030,135,78,94,41,57,53,0.5777777777777777,0.43617021276595747,119
2023-12-23,1030,129,88,59,36,41,23,0.6821705426356589,0.6101694915254238,124
2023-12-24,1030,124,92,88,35,32,53,0.7419354838709677,0.3977272727272727,127
2023-12-25,1030,111,92,90,47,19,43,0.8288288288288288,0.5222222222222223,139
2023-12-26,1030,100,83,67,44,17,23,0.83,0.6567164179104478,127
2023-12-27,1030,123,89,96,37,34,59,0.7235772357723578,0.3854166666666667,126
2023-12-28,1030,143,69,67,36,74,31,0.4825174825174825,0.5373134328358209,105
2023-12-29,1030,130,76,70,45,54,25,0.5846153846153846,0.6428571428571429,121
2023-12-30,1030,132,72,99,34,60,65,0.5454545454545454,0.3434343434343434,106
2023-12-31,1030,102,81,99,50,21,49,0.7941176470588235,0.5050505050505051,131
2023-01-01,1031,135,84,59,45,51,14,0.6222222222222222,0.7627118644067796,129
2023-01-02,1031,119,80,52,33,39,19,0.6722689075630253,0.6346153846153846,113
2023-01-03,1031,128,77,96,42,51,54,0.6015625,0.4375,119
2023-01-04,1031,139,83,78,38,56,40,0.5971223021582733,0.48717948717948717,121
2023-01-05,1031,132,70,50,41,62,9,0.5303030303030303,0.82,111
2023-01-06,1031,128,90,87,48,38,39,0.703125,0.5517241379310345,138
2023-01-07,1031,127,75,72,37,52,35,0.5905511811023622,0.5138888888888888,112
2023-01-08,1031,105,84,62,37,21,25,0.8,0.5967741935483871,121
2023-01-09,1031,104,83,88,51,21,37,0.7980769230769231,0.5795454545454546,134
2023-01-10,1031,105,79,92,32,26,60,0.7523809523809524,0.34782608695652173,111
2023-01-11,1031,129,76,86,39,53,47,0.5891472868217055,0.45348837209302323,115
2023-01-12,1031,123,86,99,36,37,63,0.6991869918699187,0.36363636363636365,122
2023-01-13,1031,111,68,75,41,43,34,0.6126126126126126,0.5466666666666666,109
2023-01-14,1031,120,77,78,29,43,49,0.6416666666666667,0.3717948717948718,106
2023-01-15,1031,111,72,79,50,39,29,0.6486486486486487,0.6329113924050633,122
2023-01-16,1031,134,79,70,33,55,37,0.5895522388059702,0.4714285714285714,112
2023-01-17,1031,100,80,71,46,20,25,0.8,0.647887323943662,126
2023-01-18,1031,135,92,83,53,43,30,0.6814814814814815,0.6385542168674698,145
2023-01-19,1031,150,81,56,41,69,15,0.54,0.7321428571428571,122
2023-01-20,1031,123,78,96,42,45,54,0.6341463414634146,0.4375,120
2023-01-21,1031,144,79,63,49,65,14,0.5486111111111112,0.7777777777777778,128
2023-01-22,1031,123,69,97,29,54,68,0.5609756097560976,0.29896907216494845,98
2023-01-23,1031,132,106,53,34,26,19,0.803030303030303,0.6415094339622641,140
2023-01-24,1031,146,79,85,31,67,54,0.541095890410959,0.36470588235294116,110
2023-01-25,1031,146,68,59,39,78,20,0.4657534246575342,0.6610169491525424,107
2023-01-26,1031,119,88,79,50,31,29,0.7394957983193278,0.6329113924050633,138
2023-01-27,1031,133,72,57,39,61,18,0.5413533834586466,0.6842105263157895,111
2023-01-28,1031,137,85,90,42,52,48,0.6204379562043796,0.4666666666666667,127
2023-01-29,1031,105,78,67,32,27,35,0.7428571428571429,0.47761194029850745,110
2023-01-30,1031,114,77,76,32,37,44,0.6754385964912281,0.42105263157894735,109
2023-01-31,1031,104,75,61,39,29,22,0.7211538461538461,0.639344262295082,114
2023-02-01,1031,128,77,90,26,51,64,0.6015625,0.28888888888888886,103
2023-02-02,1031,144,72,69,39,72,30,0.5,0.5652173913043478,111
2023-02-03,1031,101,88,98,46,13,52,0.8712871287128713,0.46938775510204084,134
2023-02-04,1031,147,85,66,35,62,31,0.5782312925170068,0.5303030303030303,120
2023-02-05,1031,131,86,84,37,45,47,0.6564885496183206,0.44047619047619047,123
2023-02-06,1031,135,74,84,41,61,43,0.5481481481481482,0.4880952380952381,115
2023-02-07,1031,127,75,93,50,52,43,0.5905511811023622,0.5376344086021505,125
2023-02-08,1031,148,84,54,39,64,15,0.5675675675675675,0.7222222222222222,123
2023-02-09,1031,137,72,68,33,65,35,0.5255474452554745,0.4852941176470588,105
2023-02-10,1031,114,70,96,43,44,53,0.6140350877192983,0.4479166666666667,113
2023-02-11,1031,133,61,69,36,72,33,0.45864661654135336,0.5217391304347826,97
2023-02-12,1031,140,84,50,36,56,14,0.6,0.72,120
2023-02-13,1031,137,78,59,29,59,30,0.5693430656934306,0.4915254237288136,107
2023-02-14,1031,141,77,78,45,64,33,0.5460992907801419,0.5769230769230769,122
2023-02-15,1031,109,84,90,46,25,44,0.7706422018348624,0.5111111111111111,130
2023-02-16,1031,140,85,67,37,55,30,0.6071428571428571,0.5522388059701493,122
2023-02-17,1031,117,70,98,33,47,65,0.5982905982905983,0.336734693877551,103
2023-02-18,1031,125,67,88,29,58,59,0.536,0.32954545454545453,96
2023-02-19,1031,143,80,82,32,63,50,0.5594405594405595,0.3902439024390244,112
2023-02-20,1031,135,80,86,32,55,54,0.5925925925925926,0.37209302325581395,112
2023-02-21,1031,121,79,91,34,42,57,0.6528925619834711,0.37362637362637363,113
2023-02-22,1031,112,81,55,42,31,13,0.7232142857142857,0.7636363636363637,123
2023-02-23,1031,133,86,69,35,47,34,0.6466165413533834,0.5072463768115942,121
2023-02-24,1031,139,85,93,36,54,57,0.6115107913669064,0.3870967741935484,121
2023-02-25,1031,101,76,84,33,25,51,0.7524752475247525,0.39285714285714285,109
2023-02-26,1031,103,76,83,38,27,45,0.7378640776699029,0.4578313253012048,114
2023-02-27,1031,107,89,94,32,18,62,0.8317757009345794,0.3404255319148936,121
2023-02-28,1031,130,82,74,34,48,40,0.6307692307692307,0.4594594594594595,116
2023-03-01,1031,139,74,66,40,65,26,0.5323741007194245,0.6060606060606061,114
2023-03-02,1031,107,97,53,41,10,12,0.9065420560747663,0.7735849056603774,138
2023-03-03,1031,106,78,56,34,28,22,0.7358490566037735,0.6071428571428571,112
2023-03-04,1031,105,89,81,42,16,39,0.8476190476190476,0.5185185185185185,131
2023-03-05,1031,118,78,84,42,40,42,0.6610169491525424,0.5,120
2023-03-06,1031,118,85,78,40,33,38,0.7203389830508474,0.5128205128205128,125
2023-03-07,1031,114,77,62,34,37,28,0.6754385964912281,0.5483870967741935,111
2023-03-08,1031,150,82,85,43,68,42,0.5466666666666666,0.5058823529411764,125
2023-03-09,1031,139,101,70,42,38,28,0.7266187050359713,0.6,143
2023-03-10,1031,129,89,65,50,40,15,0.689922480620155,0.7692307692307693,139
2023-03-11,1031,115,80,51,47,35,4,0.6956521739130435,0.9215686274509803,127
2023-03-12,1031,133,79,53,35,54,18,0.5939849624060151,0.660377358490566,114
2023-03-13,1031,124,61,62,56,63,6,0.49193548387096775,0.9032258064516129,117
2023-03-14,1031,137,75,52,31,62,21,0.5474452554744526,0.5961538461538461,106
2023-03-15,1031,137,84,99,44,53,55,0.6131386861313869,0.4444444444444444,128
2023-03-16,1031,135,83,88,37,52,51,0.6148148148148148,0.42045454545454547,120
2023-03-17,1031,142,88,64,37,54,27,0.6197183098591549,0.578125,125
2023-03-18,1031,122,75,50,32,47,18,0.6147540983606558,0.64,107
2023-03-19,1031,141,74,95,35,67,60,0.524822695035461,0.3684210526315789,109
2023-03-20,1031,121,75,92,33,46,59,0.6198347107438017,0.358695652173913,108
2023-03-21,1031,118,79,68,46,39,22,0.6694915254237288,0.6764705882352942,125
2023-03-22,1031,143,80,51,47,63,4,0.5594405594405595,0.9215686274509803,127
2023-03-23,1031,137,77,58,32,60,26,0.5620437956204379,0.5517241379310345,109
2023-03-24,1031,150,61,77,33,89,44,0.4066666666666667,0.42857142857142855,94
2023-03-25,1031,143,79,76,36,64,40,0.5524475524475524,0.47368421052631576,115
2023-03-26,1031,150,88,72,47,62,25,0.5866666666666667,0.6527777777777778,135
2023-03-27,1031,100,85,85,36,15,49,0.85,0.4235294117647059,121
2023-03-28,1031,140,75,60,37,65,23,0.5357142857142857,0.6166666666666667,112
2023-03-29,1031,106,80,79,45,26,34,0.7547169811320755,0.569620253164557,125
2023-03-30,1031,106,98,83,33,8,50,0.9245283018867925,0.39759036144578314,131
2023-03-31,1031,141,82,59,39,59,20,0.5815602836879432,0.6610169491525424,121
2023-04-01,1031,110,67,94,42,43,52,0.6090909090909091,0.44680851063829785,109
2023-04-02,1031,104,81,67,30,23,37,0.7788461538461539,0.44776119402985076,111
2023-04-03,1031,124,90,66,45,34,21,0.7258064516129032,0.6818181818181818,135
2023-04-04,1031,122,93,62,47,29,15,0.7622950819672131,0.7580645161290323,140
2023-04-05,1031,116,77,90,36,39,54,0.6637931034482759,0.4,113
2023-04-06,1031,136,89,65,27,47,38,0.6544117647058824,0.4153846153846154,116
2023-04-07,1031,112,80,78,42,32,36,0.7142857142857143,0.5384615384615384,122
2023-04-08,1031,109,69,92,49,40,43,0.6330275229357798,0.532608695652174,118
2023-04-09,1031,100,87,65,42,13,23,0.87,0.6461538461538462,129
2023-04-10,1031,146,81,78,45,65,33,0.5547945205479452,0.5769230769230769,126
2023-04-11,1031,143,62,85,44,81,41,0.43356643356643354,0.5176470588235295,106
2023-04-12,1031,130,63,58,37,67,21,0.4846153846153846,0.6379310344827587,100
2023-04-13,1031,110,76,71,31,34,40,0.6909090909090909,0.43661971830985913,107
2023-04-14,1031,135,81,98,43,54,55,0.6,0.4387755102040816,124
2023-04-15,1031,112,87,84,45,25,39,0.7767857142857143,0.5357142857142857,132
2023-04-16,1031,149,70,86,38,79,48,0.4697986577181208,0.4418604651162791,108
2023-04-17,1031,142,76,85,42,66,43,0.5352112676056338,0.49411764705882355,118
2023-04-18,1031,117,97,76,45,20,31,0.8290598290598291,0.5921052631578947,142
2023-04-19,1031,120,88,78,42,32,36,0.7333333333333333,0.5384615384615384,130
2023-04-20,1031,102,85,51,41,17,10,0.8333333333333334,0.803921568627451,126
2023-04-21,1031,141,84,68,46,57,22,0.5957446808510638,0.6764705882352942,130
2023-04-22,1031,111,85,73,36,26,37,0.7657657657657657,0.4931506849315068,121
2023-04-23,1031,115,91,74,34,24,40,0.7913043478260869,0.4594594594594595,125
2023-04-24,1031,105,65,62,34,40,28,0.6190476190476191,0.5483870967741935,99
2023-04-25,1031,141,68,71,35,73,36,0.48226950354609927,0.49295774647887325,103
2023-04-26,1031,124,70,95,36,54,59,0.5645161290322581,0.37894736842105264,106
2023-04-27,1031,146,89,99,41,57,58,0.6095890410958904,0.41414141414141414,130
2023-04-28,1031,113,84,77,43,29,34,0.7433628318584071,0.5584415584415584,127
2023-04-29,1031,150,89,55,44,61,11,0.5933333333333334,0.8,133
2023-04-30,1031,109,82,66,40,27,26,0.7522935779816514,0.6060606060606061,122
2023-05-01,1031,143,78,89,41,65,48,0.5454545454545454,0.4606741573033708,119
2023-05-02,1031,103,78,50,39,25,11,0.7572815533980582,0.78,117
2023-05-03,1031,150,86,51,35,64,16,0.5733333333333334,0.6862745098039216,121
2023-05-04,1031,148,72,80,30,76,50,0.4864864864864865,0.375,102
2023-05-05,1031,146,75,85,48,71,37,0.5136986301369864,0.5647058823529412,123
2023-05-06,1031,138,99,83,39,39,44,0.717391304347826,0.46987951807228917,138
2023-05-07,1031,141,92,74,41,49,33,0.6524822695035462,0.5540540540540541,133
2023-05-08,1031,110,89,78,38,21,40,0.8090909090909091,0.48717948717948717,127
2023-05-09,1031,127,88,70,43,39,27,0.6929133858267716,0.6142857142857143,131
2023-05-10,1031,117,70,78,39,47,39,0.5982905982905983,0.5,109
2023-05-11,1031,136,59,55,39,77,16,0.4338235294117647,0.7090909090909091,98
2023-05-12,1031,123,79,53,52,44,1,0.6422764227642277,0.9811320754716981,131
2023-05-13,1031,120,90,92,32,30,60,0.75,0.34782608695652173,122
2023-05-14,1031,127,91,56,38,36,18,0.7165354330708661,0.6785714285714286,129
2023-05-15,1031,116,80,92,40,36,52,0.6896551724137931,0.43478260869565216,120
2023-05-16,1031,111,77,54,44,34,10,0.6936936936936937,0.8148148148148148,121
2023-05-17,1031,128,94,83,41,34,42,0.734375,0.4939759036144578,135
2023-05-18,1031,141,88,88,50,53,38,0.624113475177305,0.5681818181818182,138
2023-05-19,1031,123,72,65,40,51,25,0.5853658536585366,0.6153846153846154,112
2023-05-20,1031,114,98,73,48,16,25,0.8596491228070176,0.6575342465753424,146
2023-05-21,1031,135,83,66,45,52,21,0.6148148148148148,0.6818181818181818,128
2023-05-22,1031,111,67,73,35,44,38,0.6036036036036037,0.4794520547945205,102
2023-05-23,1031,125,77,53,35,48,18,0.616,0.660377358490566,112
2023-05-24,1031,103,71,70,41,32,29,0.6893203883495146,0.5857142857142857,112
2023-05-25,1031,144,71,76,34,73,42,0.4930555555555556,0.4473684210526316,105
2023-05-26,1031,147,68,80,33,79,47,0.46258503401360546,0.4125,101
2023-05-27,1031,133,82,59,50,51,9,0.6165413533834586,0.847457627118644,132
2023-05-28,1031,147,74,64,42,73,22,0.5034013605442177,0.65625,116
2023-05-29,1031,115,86,51,44,29,7,0.7478260869565218,0.8627450980392157,130
2023-05-30,1031,150,74,97,36,76,61,0.49333333333333335,0.3711340206185567,110
2023-05-31,1031,107,76,95,42,31,53,0.7102803738317757,0.4421052631578947,118
2023-06-01,1031,133,84,67,36,49,31,0.631578947368421,0.5373134328358209,120
2023-06-02,1031,125,75,74,32,50,42,0.6,0.43243243243243246,107
2023-06-03,1031,115,69,54,41,46,13,0.6,0.7592592592592593,110
2023-06-04,1031,109,90,99,35,19,64,0.8256880733944955,0.35353535353535354,125
2023-06-05,1031,102,70,55,37,32,18,0.6862745098039216,0.6727272727272727,107
2023-06-06,1031,128,78,89,30,50,59,0.609375,0.33707865168539325,108
2023-06-07,1031,148,77,97,34,71,63,0.5202702702702703,0.35051546391752575,111
2023-06-08,1031,118,70,92,34,48,58,0.5932203389830508,0.3695652173913043,104
2023-06-09,1031,100,86,59,46,14,13,0.86,0.7796610169491526,132
2023-06-10,1031,135,80,94,35,55,59,0.5925925925925926,0.3723404255319149,115
2023-06-11,1031,114,67,97,40,47,57,0.5877192982456141,0.41237113402061853,107
2023-06-12,1031,134,90,94,38,44,56,0.6716417910447762,0.40425531914893614,128
2023-06-13,1031,132,83,87,31,49,56,0.6287878787878788,0.3563218390804598,114
2023-06-14,1031,147,88,84,36,59,48,0.5986394557823129,0.42857142857142855,124
2023-06-15,1031,109,109,90,37,0,53,1,0.4111111111111111,146
2023-06-16,1031,145,71,58,50,74,8,0.4896551724137931,0.8620689655172413,121
2023-06-17,1031,140,75,65,39,65,26,0.5357142857142857,0.6,114
2023-06-18,1031,136,94,79,39,42,40,0.6911764705882353,0.4936708860759494,133
2023-06-19,1031,106,65,88,34,41,54,0.6132075471698113,0.38636363636363635,99
2023-06-20,1031,104,74,89,33,30,56,0.7115384615384616,0.3707865168539326,107
2023-06-21,1031,108,74,79,44,34,35,0.6851851851851852,0.5569620253164557,118
2023-06-22,1031,141,70,72,49,71,23,0.49645390070921985,0.6805555555555556,119
2023-06-23,1031,117,69,53,45,48,8,0.5897435897435898,0.8490566037735849,114
2023-06-24,1031,121,98,50,39,23,11,0.8099173553719008,0.78,137
2023-06-25,1031,122,68,64,47,54,17,0.5573770491803278,0.734375,115
2023-06-26,1031,133,74,83,36,59,47,0.556390977443609,0.43373493975903615,110
2023-06-27,1031,104,79,97,34,25,63,0.7596153846153846,0.35051546391752575,113
2023-06-28,1031,149,82,93,44,67,49,0.5503355704697986,0.4731182795698925,126
2023-06-29,1031,113,80,64,42,33,22,0.7079646017699115,0.65625,122
2023-06-30,1031,113,78,97,52,35,45,0.6902654867256637,0.5360824742268041,130
2023-07-01,1031,138,80,73,40,58,33,0.5797101449275363,0.547945205479452,120
2023-07-02,1031,101,95,51,43,6,8,0.9405940594059405,0.8431372549019608,138
2023-07-03,1031,150,84,50,49,66,1,0.56,0.98,133
2023-07-04,1031,138,75,62,37,63,25,0.5434782608695652,0.5967741935483871,112
2023-07-05,1031,141,62,80,26,79,54,0.4397163120567376,0.325,88
2023-07-06,1031,135,69,88,36,66,52,0.5111111111111111,0.4090909090909091,105
2023-07-07,1031,131,84,82,42,47,40,0.6412213740458015,0.5121951219512195,126
2023-07-08,1031,150,82,92,32,68,60,0.5466666666666666,0.34782608695652173,114
2023-07-09,1031,148,71,84,33,77,51,0.4797297297297297,0.39285714285714285,104
2023-07-10,1031,127,69,72,38,58,34,0.5433070866141733,0.5277777777777778,107
2023-07-11,1031,141,82,71,50,59,21,0.5815602836879432,0.704225352112676,132
2023-07-12,1031,107,81,82,40,26,42,0.7570093457943925,0.4878048780487805,121
2023-07-13,1031,132,74,86,51,58,35,0.5606060606060606,0.5930232558139535,125
2023-07-14,1031,116,89,55,37,27,18,0.7672413793103449,0.6727272727272727,126
2023-07-15,1031,109,85,71,41,24,30,0.7798165137614679,0.5774647887323944,126
2023-07-16,1031,111,77,81,41,34,40,0.6936936936936937,0.5061728395061729,118
2023-07-17,1031,107,78,78,42,29,36,0.7289719626168224,0.5384615384615384,120
2023-07-18,1031,107,71,56,31,36,25,0.6635514018691588,0.5535714285714286,102
2023-07-19,1031,108,68,63,42,40,21,0.6296296296296297,0.6666666666666666,110
2023-07-20,1031,144,75,89,33,69,56,0.5208333333333334,0.3707865168539326,108
2023-07-21,1031,145,76,91,36,69,55,0.5241379310344828,0.3956043956043956,112
2023-07-22,1031,146,78,93,42,68,51,0.5342465753424658,0.45161290322580644,120
2023-07-23,1031,124,82,91,38,42,53,0.6612903225806451,0.4175824175824176,120
2023-07-24,1031,137,84,79,38,53,41,0.6131386861313869,0.4810126582278481,122
2023-07-25,1031,117,85,60,42,32,18,0.7264957264957265,0.7,127
2023-07-26,1031,104,63,68,36,41,32,0.6057692307692307,0.5294117647058824,99
2023-07-27,1031,150,68,100,24,82,76,0.4533333333333333,0.24,92
2023-07-28,1031,111,86,66,32,25,34,0.7747747747747747,0.48484848484848486,118
2023-07-29,1031,149,86,82,40,63,42,0.5771812080536913,0.4878048780487805,126
2023-07-30,1031,109,82,67,32,27,35,0.7522935779816514,0.47761194029850745,114
2023-07-31,1031,149,88,91,46,61,45,0.5906040268456376,0.5054945054945055,134
2023-08-01,1031,107,78,80,39,29,41,0.7289719626168224,0.4875,117
2023-08-02,1031,120,75,87,35,45,52,0.625,0.40229885057471265,110
2023-08-03,1031,135,84,78,37,51,41,0.6222222222222222,0.47435897435897434,121
2023-08-04,1031,122,68,83,40,54,43,0.5573770491803278,0.4819277108433735,108
2023-08-05,1031,114,73,71,32,41,39,0.6403508771929824,0.4507042253521127,105
2023-08-06,1031,110,71,60,46,39,14,0.6454545454545455,0.7666666666666667,117
2023-08-07,1031,123,89,72,39,34,33,0.7235772357723578,0.5416666666666666,128
2023-08-08,1031,145,80,97,43,65,54,0.5517241379310345,0.44329896907216493,123
2023-08-09,1031,109,79,82,49,30,33,0.7247706422018348,0.5975609756097561,128
2023-08-10,1031,105,96,80,34,9,46,0.9142857142857143,0.425,130
2023-08-11,1031,119,76,72,41,43,31,0.6386554621848739,0.5694444444444444,117
2023-08-12,1031,117,83,78,52,34,26,0.7094017094017094,0.6666666666666666,135
2023-08-13,1031,150,79,58,44,71,14,0.5266666666666666,0.7586206896551724,123
2023-08-14,1031,120,77,50,40,43,10,0.6416666666666667,0.8,117
2023-08-15,1031,146,85,65,47,61,18,0.5821917808219178,0.7230769230769231,132
2023-08-16,1031,133,72,85,47,61,38,0.5413533834586466,0.5529411764705883,119
2023-08-17,1031,118,81,56,31,37,25,0.6864406779661016,0.5535714285714286,112
2023-08-18,1031,149,93,88,47,56,41,0.6241610738255033,0.5340909090909091,140
2023-08-19,1031,113,67,50,39,46,11,0.5929203539823009,0.78,106
2023-08-20,1031,106,83,79,43,23,36,0.78301886792452835,0.5443037974683544,126
2023-08-21,1031,125,80,82,35,45,47,0.64,0.4268292682926829,115
2023-08-22,1031,103,103,82,34,0,48,1,0.4146341463414634,137
2023-08-23,1031,140,83,98,49,57,49,0.5928571428571429,0.5,132
2023-08-24,1031,129,85,66,38,44,28,0.6589147286821705,0.5757575757575758,123
2023-08-25,1031,130,79,95,46,51,49,0.6076923076923076,0.4842105263157895,125
2023-08-26,1031,123,84,98,43,39,55,0.6829268292682927,0.4387755102040816,127
2023-08-27,1031,140,74,70,46,66,24,0.5285714285714286,0.6571428571428571,120
2023-08-28,1031,121,82,99,38,39,61,0.6776859504132231,0.3838383838383838,120
2023-08-29,1031,101,61,90,38,40,52,0.6039603960396039,0.4222222222222222,99
2023-08-30,1031,106,80,57,40,26,17,0.7547169811320755,0.7017543859649122,120
2023-08-31,1031,144,79,55,50,65,5,0.5486111111111112,0.9090909090909091,129
2023-09-01,1031,133,83,74,41,50,33,0.6240601503759399,0.5540540540540541,124
2023-09-02,1031,127,80,90,40,47,50,0.6299212598425197,0.4444444444444444,120
2023-09-03,1031,122,59,72,43,63,29,0.48360655737704916,0.5972222222222222,102
2023-09-04,1031,142,86,62,40,56,22,0.6056338028169014,0.6451612903225806,126
2023-09-05,1031,146,81,93,37,65,56,0.5547945205479452,0.3978494623655914,118
2023-09-06,1031,124,84,70,49,40,21,0.6774193548387096,0.7,133
2023-09-07,1031,107,78,64,36,29,28,0.7289719626168224,0.5625,114
2023-09-08,1031,146,109,68,39,37,29,0.7465753424657534,0.5735294117647058,148
2023-09-09,1031,121,64,86,44,57,42,0.5289256198347108,0.5116279069767442,108
2023-09-10,1031,148,86,60,38,62,22,0.581081081081081,0.6333333333333333,124
2023-09-11,1031,127,77,77,42,50,35,0.6062992125984252,0.5454545454545454,119
2023-09-12,1031,102,80,89,37,22,52,0.7843137254901961,0.4157303370786517,117
2023-09-13,1031,121,80,65,38,41,27,0.6611570247933884,0.5846153846153846,118
2023-09-14,1031,129,76,85,32,53,53,0.5891472868217055,0.3764705882352941,108
2023-09-15,1031,137,81,72,41,56,31,0.5912408759124088,0.5694444444444444,122
2023-09-16,1031,146,84,56,45,62,11,0.5753424657534246,0.8035714285714286,129
2023-09-17,1031,142,66,52,48,76,4,0.4647887323943662,0.9230769230769231,114
2023-09-18,1031,134,80,67,49,54,18,0.5970149253731343,0.7313432835820896,129
2023-09-19,1031,133,86,78,34,47,44,0.6466165413533834,0.4358974358974359,120
2023-09-20,1031,126,100,62,40,26,22,0.7936507936507936,0.6451612903225806,140
2023-09-21,1031,136,79,77,47,57,30,0.5808823529411765,0.6103896103896104,126
2023-09-22,1031,119,87,99,31,32,68,0.7310924369747899,0.31313131313131315,118
2023-09-23,1031,130,66,94,36,64,58,0.5076923076923077,0.3829787234042553,102
2023-09-24,1031,142,84,94,52,58,42,0.5915492957746479,0.5531914893617021,136
2023-09-25,1031,103,77,69,42,26,27,0.7475728155339806,0.6086956521739131,119
2023-09-26,1031,114,78,51,43,36,8,0.6842105263157895,0.8431372549019608,121
2023-09-27,1031,117,74,58,34,43,24,0.6324786324786325,0.5862068965517241,108
2023-09-28,1031,109,90,64,34,19,30,0.8256880733944955,0.53125,124
2023-09-29,1031,123,86,89,42,37,47,0.6991869918699187,0.47191011235955055,128
2023-09-30,1031,128,88,90,35,40,55,0.6875,0.3888888888888889,123
2023-10-01,1031,136,75,86,38,61,48,0.5514705882352942,0.4418604651162791,113
2023-10-02,1031,127,74,61,45,53,16,0.5826771653543307,0.7377049180327869,119
2023-10-03,1031,128,87,58,27,41,31,0.6796875,0.46551724137931033,114
2023-10-04,1031,129,85,78,48,44,30,0.6589147286821705,0.6153846153846154,133
2023-10-05,1031,106,89,79,38,17,41,0.839622641509434,0.4810126582278481,127
2023-10-06,1031,144,78,90,45,66,45,0.5416666666666666,0.5,123
2023-10-07,1031,128,73,93,41,55,52,0.5703125,0.44086021505376344,114
2023-10-08,1031,135,80,91,35,55,56,0.5925925925925926,0.38461538461538464,115
2023-10-09,1031,112,71,96,33,41,63,0.6339285714285714,0.34375,104
2023-10-10,1031,140,78,67,50,62,17,0.5571428571428572,0.746268656716418,128
2023-10-11,1031,144,82,98,36,62,62,0.5694444444444444,0.3673469387755102,118
2023-10-12,1031,125,85,83,38,40,45,0.68,0.4578313253012048,123
2023-10-13,1031,114,78,69,31,36,38,0.6842105263157895,0.4492753623188406,109
2023-10-14,1031,139,74,74,27,65,47,0.5323741007194245,0.36486486486486486,101
2023-10-15,1031,112,90,56,35,22,21,0.8035714285714286,0.625,125
2023-10-16,1031,128,76,52,42,52,10,0.59375,0.8076923076923077,118
2023-10-17,1031,131,75,73,43,56,30,0.5725190839694656,0.589041095890411,118
2023-10-18,1031,114,75,81,52,39,29,0.6578947368421053,0.6419753086419753,127
2023-10-19,1031,131,84,57,44,47,13,0.6412213740458015,0.7719298245614035,128
2023-10-20,1031,117,68,58,31,49,27,0.5811965811965812,0.5344827586206896,99
2023-10-21,1031,136,83,60,41,53,19,0.6102941176470589,0.6833333333333333,124
2023-10-22,1031,147,88,58,58,59,0,0.5986394557823129,1,146
2023-10-23,1031,107,86,57,28,21,29,0.8037383177570093,0.49122807017543857,114
2023-10-24,1031,122,77,87,48,45,39,0.6311475409836066,0.5517241379310345,125
2023-10-25,1031,142,69,55,35,73,20,0.4859154929577465,0.6363636363636364,104
2023-10-26,1031,122,70,51,44,52,7,0.5737704918032787,0.8627450980392157,114
2023-10-27,1031,139,89,92,38,50,54,0.6402877697841727,0.41304347826086957,127
2023-10-28,1031,112,78,83,35,34,48,0.6964285714285714,0.42168674698795183,113
2023-10-29,1031,100,83,54,38,17,16,0.83,0.7037037037037037,121
2023-10-30,1031,139,77,60,36,62,24,0.5539568345323741,0.6,113
2023-10-31,1031,135,91,96,35,44,61,0.674074074074074,0.3645833333333333,126
2023-11-01,1031,121,76,89,38,45,51,0.628099173553719,0.42696629213483145,114
2023-11-02,1031,126,84,71,40,42,31,0.6666666666666666,0.5633802816901409,124
2023-11-03,1031,127,77,78,29,50,49,0.6062992125984252,0.3717948717948718,106
2023-11-04,1031,124,81,68,42,43,26,0.6532258064516129,0.6176470588235294,123
2023-11-05,1031,146,83,71,55,63,16,0.5684931506849316,0.7746478873239436,138
2023-11-06,1031,110,83,95,36,27,59,0.7545454545454545,0.37894736842105264,119
2023-11-07,1031,109,76,51,34,33,17,0.6972477064220184,0.6666666666666666,110
2023-11-08,1031,118,68,91,38,50,53,0.576271186440678,0.4175824175824176,106
2023-11-09,1031,108,84,95,41,24,54,0.7777777777777778,0.43157894736842106,125
2023-11-10,1031,102,70,90,32,32,58,0.6862745098039216,0.35555555555555557,102
2023-11-11,1031,115,72,87,41,43,46,0.6260869565217392,0.47126436781609193,113
2023-11-12,1031,128,80,59,23,48,36,0.625,0.3898305084745763,103
2023-11-13,1031,111,82,83,36,29,47,0.7387387387387387,0.43373493975903615,118
2023-11-14,1031,110,72,98,43,38,55,0.6545454545454545,0.4387755102040816,115
2023-11-15,1031,129,86,83,45,43,38,0.6666666666666666,0.54216867469879515,131
2023-11-16,1031,112,77,79,35,35,44,0.6875,0.4430379746835443,112
2023-11-17,1031,100,66,60,39,34,21,0.66,0.65,105
2023-11-18,1031,134,84,53,36,50,17,0.6268656716417911,0.6792452830188679,120
2023-11-19,1031,145,78,57,26,67,31,0.5379310344827586,0.45614035087719296,104
2023-11-20,1031,116,86,65,47,30,18,0.7413793103448276,0.7230769230769231,133
2023-11-21,1031,138,83,70,39,55,31,0.6014492753623188,0.5571428571428572,122
2023-11-22,1031,111,87,72,42,24,30,0.7837837837837838,0.5833333333333334,129
2023-11-23,1031,102,76,81,48,26,33,0.7450980392156863,0.5925925925925926,124
2023-11-24,1031,117,68,66,45,49,21,0.5811965811965812,0.6818181818181818,113
2023-11-25,1031,131,67,68,40,64,28,0.5114503816793893,0.5882352941176471,107
2023-11-26,1031,147,94,90,30,53,60,0.6394557823129252,0.3333333333333333,124
2023-11-27,1031,148,80,100,38,68,62,0.5405405405405406,0.38,118
2023-11-28,1031,129,80,73,44,49,29,0.6201550387596899,0.6027397260273972,124
2023-11-29,1031,109,82,80,35,27,45,0.7522935779816514,0.4375,117
2023-11-30,1031,149,80,63,41,69,22,0.5369127516778524,0.6507936507936508,121
2023-12-01,1031,124,95,77,46,29,31,0.7661290322580645,0.5974025974025974,141
2023-12-02,1031,124,89,59,27,35,32,0.717741935483871,0.4576271186440678,116
2023-12-03,1031,125,84,79,37,41,42,0.672,0.46835443037974683,121
2023-12-04,1031,126,72,85,42,54,43,0.5714285714285714,0.49411764705882355,114
2023-12-05,1031,123,81,80,39,42,41,0.6585365853658537,0.4875,120
2023-12-06,1031,101,94,88,42,7,46,0.9306930693069307,0.4772727272727273,136
2023-12-07,1031,134,90,98,34,44,64,0.6716417910447762,0.3469387755102041,124
2023-12-08,1031,103,78,62,31,25,31,0.7572815533980582,0.5,109
2023-12-09,1031,148,78,53,48,70,5,0.527027027027027,0.9056603773584906,126
2023-12-10,1031,136,108,50,39,28,11,0.7941176470588235,0.78,147
2023-12-11,1031,114,74,74,45,40,29,0.6491228070175439,0.6081081081081081,119
2023-12-12,1031,102,79,88,54,23,34,0.7745098039215687,0.6136363636363636,133
2023-12-13,1031,116,68,96,44,48,52,0.5862068965517241,0.4583333333333333,112
2023-12-14,1031,141,86,83,45,55,38,0.6099290780141844,0.54216867469879515,131
2023-12-15,1031,118,72,51,47,46,4,0.6101694915254238,0.9215686274509803,119
2023-12-16,1031,115,77,92,33,38,59,0.6695652173913044,0.358695652173913,110
2023-12-17,1031,148,82,68,48,66,20,0.5540540540540541,0.7058823529411765,130
2023-12-18,1031,118,85,73,43,33,30,0.7203389830508474,0.589041095890411,128
2023-12-19,1031,122,70,79,50,52,29,0.5737704918032787,0.6329113924050633,120
2023-12-20,1031,135,76,67,39,59,28,0.562962962962963,0.582089552238806,115
2023-12-21,1031,112,78,58,29,34,29,0.6964285714285714,0.5,107
2023-12-22,1031,144,77,78,44,67,34,0.5347222222222222,0.5641025641025641,121
2023-12-23,1031,134,69,89,33,65,56,0.5149253731343284,0.3707865168539326,102
2023-12-24,1031,112,81,99,49,31,50,0.7232142857142857,0.494949494949495,130
2023-12-25,1031,143,78,91,44,65,47,0.5454545454545454,0.4835164835164835,122
2023-12-26,1031,100,72,86,39,28,47,0.72,0.45348837209302323,111
2023-12-27,1031,147,74,50,34,73,16,0.5034013605442177,0.68,108
2023-12-28,1031,110,64,99,40,46,59,0.5818181818181818,0.40404040404040403,104
2023-12-29,1031,148,89,61,34,59,27,0.6013513513513513,0.5573770491803278,123
2023-12-30,1031,137,83,66,39,54,27,0.6058394160583942,0.5909090909090909,122
2023-12-31,1031,135,77,59,34,58,25,0.5703703703703704,0.576271186440678,111
2023-01-01,1032,141,65,80,34,76,46,0.46099290780141844,0.425,99
2023-01-02,1032,133,72,64,33,61,31,0.5413533834586466,0.515625,105
2023-01-03,1032,104,90,68,37,14,31,0.8653846153846154,0.5441176470588235,127
2023-01-04,1032,119,76,65,43,43,22,0.6386554621848739,0.6615384615384615,119
2023-01-05,1032,145,90,78,46,55,32,0.6206896551724138,0.5897435897435898,136
2023-01-06,1032,129,75,93,35,54,58,0.5813953488372093,0.3763440860215054,110
2023-01-07,1032,110,74,73,43,36,30,0.6727272727272727,0.589041095890411,117
2023-01-08,1032,127,96,95,36,31,59,0.7559055118110236,0.37894736842105264,132
2023-01-09,1032,142,70,50,42,72,8,0.49295774647887325,0.84,112
2023-01-10,1032,103,67,75,40,36,35,0.6504854368932039,0.5333333333333333,107
2023-01-11,1032,149,76,62,39,73,23,0.5100671140939598,0.6290322580645161,115
2023-01-12,1032,147,88,74,46,59,28,0.5986394557823129,0.6216216216216216,134
2023-01-13,1032,107,68,71,46,39,25,0.6355140186915887,0.647887323943662,114
2023-01-14,1032,146,74,78,49,72,29,0.5068493150684932,0.6282051282051282,123
2023-01-15,1032,116,81,70,43,35,27,0.6982758620689655,0.6142857142857143,124
2023-01-16,1032,128,68,64,32,60,32,0.53125,0.5,100
2023-01-17,1032,117,69,51,37,48,14,0.5897435897435898,0.7254901960784313,106
2023-01-18,1032,150,82,64,47,68,17,0.5466666666666666,0.734375,129
2023-01-19,1032,113,72,97,36,41,61,0.6371681415929203,0.3711340206185567,108
2023-01-20,1032,103,88,64,39,15,25,0.8543689320388349,0.609375,127
2023-01-21,1032,102,76,79,30,26,49,0.7450980392156863,0.379746835443038,106
2023-01-22,1032,103,88,55,34,15,21,0.8543689320388349,0.6181818181818182,122
2023-01-23,1032,135,81,83,37,54,46,0.6,0.4457831325301205,118
2023-01-24,1032,126,80,78,39,46,39,0.6349206349206349,0.5,119
2023-01-25,1032,143,73,68,45,70,23,0.5104895104895105,0.6617647058823529,118
2023-01-26,1032,100,79,78,31,21,47,0.79,0.3974358974358974,110
2023-01-27,1032,124,75,94,40,49,54,0.6048387096774194,0.425531914893617,115
2023-01-28,1032,100,83,75,35,17,40,0.83,0.4666666666666667,118
2023-01-29,1032,117,79,96,34,38,62,0.6752136752136753,0.3541666666666667,113
2023-01-30,1032,130,72,95,45,58,50,0.5538461538461539,0.47368421052631576,117
2023-01-31,1032,101,91,81,43,10,38,0.900990099009901,0.5308641975308642,134
2023-02-01,1032,103,78,62,34,25,28,0.7572815533980582,0.5483870967741935,112
2023-02-02,1032,149,82,93,39,67,54,0.5503355704697986,0.41935483870967744,121
2023-02-03,1032,149,61,75,46,88,29,0.40939597315436244,0.6133333333333333,107
2023-02-04,1032,109,74,70,44,35,26,0.6788990825688074,0.6285714285714286,118
2023-02-05,1032,106,79,69,36,27,33,0.7452830188679245,0.5217391304347826,115
2023-02-06,1032,149,74,58,33,75,25,0.49664429530201343,0.5689655172413793,107
2023-02-07,1032,100,86,82,48,14,34,0.86,0.5853658536585366,134
2023-02-08,1032,142,75,70,36,67,34,0.528169014084507,0.5142857142857142,111
2023-02-09,1032,111,76,83,37,35,46,0.6846846846846847,0.4457831325301205,113
2023-02-10,1032,145,79,59,44,66,15,0.5448275862068965,0.7457627118644068,123
2023-02-11,1032,134,85,53,34,49,19,0.6343283582089553,0.6415094339622641,119
2023-02-12,1032,117,77,58,37,40,21,0.6581196581196581,0.6379310344827587,114
2023-02-13,1032,122,86,69,43,36,26,0.7049180327868853,0.6231884057971014,129
2023-02-14,1032,113,84,57,34,29,23,0.7433628318584071,0.5964912280701754,118
2023-02-15,1032,103,90,71,30,13,41,0.8737864077669902,0.4225352112676056,120
2023-02-16,1032,142,91,67,38,51,29,0.6408450704225352,0.5671641791044776,129
2023-02-17,1032,132,72,77,48,60,29,0.5454545454545454,0.6233766233766234,120
2023-02-18,1032,100,82,66,43,18,23,0.82,0.6515151515151515,125
2023-02-19,1032,122,66,51,29,56,22,0.5409836065573771,0.5686274509803921,95
2023-02-20,1032,125,80,93,37,45,56,0.64,0.3978494623655914,117
2023-02-21,1032,139,87,75,45,52,30,0.6258992805755396,0.6,132
2023-02-22,1032,120,72,97,35,48,62,0.6,0.36082474226804123,107
2023-02-23,1032,147,81,86,33,66,53,0.5510204081632653,0.38372093023255816,114
2023-02-24,1032,150,87,52,35,63,17,0.58,0.6730769230769231,122
2023-02-25,1032,138,80,99,54,58,45,0.5797101449275363,0.5454545454545454,134
2023-02-26,1032,102,98,71,38,4,33,0.9607843137254902,0.5352112676056338,136
2023-02-27,1032,118,78,82,32,40,50,0.6610169491525424,0.3902439024390244,110
2023-02-28,1032,121,75,84,40,46,44,0.6198347107438017,0.47619047619047616,115
2023-03-01,1032,148,98,68,41,50,27,0.6621621621621622,0.6029411764705882,139
2023-03-02,1032,117,64,52,36,53,16,0.5470085470085471,0.6923076923076923,100
2023-03-03,1032,126,72,79,49,54,30,0.5714285714285714,0.620253164556962,121
2023-03-04,1032,133,76,85,39,57,46,0.5714285714285714,0.4588235294117647,115
2023-03-05,1032,111,79,53,52,32,1,0.7117117117117117,0.9811320754716981,131
2023-03-06,1032,143,97,92,37,46,55,0.6783216783216783,0.40217391304347827,134
2023-03-07,1032,148,90,56,41,58,15,0.6081081081081081,0.7321428571428571,131
2023-03-08,1032,113,71,57,35,42,22,0.6283185840707964,0.6140350877192983,106
2023-03-09,1032,115,77,72,35,38,37,0.6695652173913044,0.4861111111111111,112
2023-03-10,1032,138,92,75,41,46,34,0.6666666666666666,0.5466666666666666,133
2023-03-11,1032,130,90,56,34,40,22,0.6923076923076923,0.6071428571428571,124
2023-03-12,1032,108,76,82,40,32,42,0.7037037037037037,0.4878048780487805,116
2023-03-13,1032,112,82,57,37,30,20,0.7321428571428571,0.6491228070175439,119
2023-03-14,1032,123,76,98,37,47,61,0.6178861788617886,0.37755102040816324,113
2023-03-15,1032,120,86,99,39,34,60,0.7166666666666667,0.3939393939393939,125
2023-03-16,1032,103,83,66,45,20,21,0.8058252427184466,0.6818181818181818,128
2023-03-17,1032,145,74,94,57,71,37,0.5103448275862069,0.6063829787234043,131
2023-03-18,1032,106,94,81,35,12,46,0.8867924528301887,0.43209876543209874,129
2023-03-19,1032,130,69,90,48,61,42,0.5307692307692308,0.5333333333333333,117
2023-03-20,1032,148,87,99,34,61,65,0.5878378378378378,0.3434343434343434,121
2023-03-21,1032,110,58,87,31,52,56,0.5272727272727272,0.3563218390804598,89
2023-03-22,1032,141,89,66,35,52,31,0.6312056737588653,0.5303030303030303,124
2023-03-23,1032,116,70,64,45,46,19,0.603448275862069,0.703125,115
2023-03-24,1032,102,70,65,34,32,31,0.6862745098039216,0.5230769230769231,104
2023-03-25,1032,112,89,52,52,23,0,0.7946428571428571,1,141
2023-03-26,1032,114,72,57,40,42,17,0.631578947368421,0.7017543859649122,112
2023-03-27,1032,125,86,57,44,39,13,0.688,0.7719298245614035,130
2023-03-28,1032,121,63,66,36,58,30,0.5206611570247934,0.5454545454545454,99
2023-03-29,1032,139,79,54,40,60,14,0.5683453237410072,0.7407407407407407,119
2023-03-30,1032,127,91,86,48,36,38,0.7165354330708661,0.5581395348837209,139
2023-03-31,1032,139,76,70,37,63,33,0.5467625899280576,0.5285714285714286,113
2023-04-01,1032,127,83,91,42,44,49,0.6535433070866141,0.46153846153846156,125
2023-04-02,1032,145,83,62,47,62,15,0.5724137931034483,0.7580645161290323,130
2023-04-03,1032,139,83,100,41,56,59,0.5971223021582733,0.41,124
2023-04-04,1032,103,70,69,36,33,33,0.6796116504854369,0.5217391304347826,106
2023-04-05,1032,149,78,74,41,71,33,0.5234899328859061,0.5540540540540541,119
2023-04-06,1032,148,61,66,34,87,32,0.41216216216216217,0.5151515151515151,95
2023-04-07,1032,100,99,61,38,1,23,0.99,0.6229508196721312,137
2023-04-08,1032,100,75,52,32,25,20,0.75,0.6153846153846154,107
2023-04-09,1032,106,90,54,30,16,24,0.8490566037735849,0.5555555555555556,120
2023-04-10,1032,105,86,84,31,19,53,0.819047619047619,0.36904761904761907,117
2023-04-11,1032,122,70,85,32,52,53,0.5737704918032787,0.3764705882352941,102
2023-04-12,1032,143,76,97,28,67,69,0.5314685314685315,0.28865979381443296,104
2023-04-13,1032,113,97,63,39,16,24,0.8584070796460177,0.6190476190476191,136
2023-04-14,1032,121,75,56,37,46,19,0.6198347107438017,0.6607142857142857,112
2023-04-15,1032,148,94,72,35,54,37,0.6351351351351351,0.4861111111111111,129
2023-04-16,1032,130,73,70,45,57,25,0.5615384615384615,0.6428571428571429,118
2023-04-17,1032,135,84,70,42,51,28,0.6222222222222222,0.6,126
2023-04-18,1032,126,87,70,35,39,35,0.6904761904761905,0.5,122
2023-04-19,1032,127,74,90,42,53,48,0.5826771653543307,0.4666666666666667,116
2023-04-20,1032,132,63,54,41,69,13,0.4772727272727273,0.7592592592592593,104
2023-04-21,1032,134,73,65,50,61,15,0.5447761194029851,0.7692307692307693,123
2023-04-22,1032,140,87,85,43,53,42,0.6214285714285714,0.5058823529411764,130
2023-04-23,1032,144,80,75,40,64,35,0.5555555555555556,0.5333333333333333,120
2023-04-24,1032,129,84,52,36,45,16,0.6511627906976745,0.6923076923076923,120
2023-04-25,1032,125,74,65,33,51,32,0.592,0.5076923076923077,107
2023-04-26,1032,103,79,82,32,24,50,0.7669902912621359,0.3902439024390244,111
2023-04-27,1032,141,84,52,40,57,12,0.5957446808510638,0.7692307692307693,124
2023-04-28,1032,135,85,75,34,50,41,0.6296296296296297,0.4533333333333333,119
2023-04-29,1032,130,77,89,41,53,48,0.5923076923076923,0.4606741573033708,118
2023-04-30,1032,104,80,88,48,24,40,0.7692307692307693,0.5454545454545454,128
2023-05-01,1032,140,83,67,35,57,32,0.5928571428571429,0.5223880597014925,118
2023-05-02,1032,143,84,96,34,59,62,0.5874125874125874,0.3541666666666667,118
2023-05-03,1032,150,80,52,38,70,14,0.5333333333333333,0.7307692307692307,118
2023-05-04,1032,109,92,67,44,17,23,0.8440366972477065,0.6567164179104478,136
2023-05-05,1032,107,89,67,50,18,17,0.8317757009345794,0.746268656716418,139
2023-05-06,1032,129,86,69,38,43,31,0.6666666666666666,0.5507246376811594,124
2023-05-07,1032,123,74,54,40,49,14,0.6016260162601627,0.7407407407407407,114
2023-05-08,1032,112,69,88,36,43,52,0.6160714285714286,0.4090909090909091,105
2023-05-09,1032,130,87,76,44,43,32,0.6692307692307692,0.5789473684210527,131
2023-05-10,1032,148,88,51,42,60,9,0.5945945945945946,0.8235294117647058,130
2023-05-11,1032,105,91,66,44,14,22,0.8666666666666667,0.6666666666666666,135
2023-05-12,1032,124,73,53,37,51,16,0.5887096774193549,0.6981132075471698,110
2023-05-13,1032,132,91,92,42,41,50,0.6893939393939394,0.45652173913043476,133
2023-05-14,1032,143,89,87,45,54,42,0.6223776223776224,0.5172413793103449,134
2023-05-15,1032,147,72,88,44,75,44,0.4897959183673469,0.5,116
2023-05-16,1032,141,73,65,41,68,24,0.5177304964539007,0.6307692307692307,114
2023-05-17,1032,146,75,84,50,71,34,0.5136986301369864,0.5952380952380952,125
2023-05-18,1032,135,81,90,43,54,47,0.6,0.4777777777777778,124
2023-05-19,1032,149,92,84,31,57,53,0.6174496644295302,0.36904761904761907,123
2023-05-20,1032,113,85,87,35,28,52,0.7522123893805309,0.40229885057471265,120
2023-05-21,1032,132,93,72,42,39,30,0.7045454545454546,0.5833333333333334,135
2023-05-22,1032,119,76,55,31,43,24,0.6386554621848739,0.5636363636363636,107
2023-05-23,1032,100,71,93,43,29,50,0.71,0.46236559139784944,114
2023-05-24,1032,118,79,92,45,39,47,0.6694915254237288,0.4891304347826087,124
2023-05-25,1032,119,78,58,33,41,25,0.6554621848739496,0.5689655172413793,111
2023-05-26,1032,115,97,90,37,18,53,0.8434782608695652,0.4111111111111111,134
2023-05-27,1032,127,65,97,36,62,61,0.5118110236220472,0.3711340206185567,101
2023-05-28,1032,121,72,54,41,49,13,0.5950413223140496,0.7592592592592593,113
2023-05-29,1032,105,68,80,41,37,39,0.6476190476190476,0.5125,109
2023-05-30,1032,127,80,52,41,47,11,0.6299212598425197,0.7884615384615384,121
2023-05-31,1032,121,75,92,43,46,49,0.6198347107438017,0.4673913043478261,118
2023-06-01,1032,115,79,57,39,36,18,0.6869565217391305,0.6842105263157895,118
2023-06-02,1032,125,73,85,43,52,42,0.584,0.5058823529411764,116
2023-06-03,1032,139,88,58,46,51,12,0.6330935251798561,0.7931034482758621,134
2023-06-04,1032,104,89,80,25,15,55,0.8557692307692307,0.3125,114
2023-06-05,1032,131,79,59,44,52,15,0.6030534351145038,0.7457627118644068,123
2023-06-06,1032,130,75,54,36,55,18,0.5769230769230769,0.6666666666666666,111
2023-06-07,1032,129,67,83,35,62,48,0.5193798449612403,0.42168674698795183,102
2023-06-08,1032,107,83,65,34,24,31,0.7757009345794392,0.5230769230769231,117
2023-06-09,1032,123,83,63,47,40,16,0.6747967479674797,0.746031746031746,130
2023-06-10,1032,136,68,55,38,68,17,0.5,0.6909090909090909,106
2023-06-11,1032,132,107,88,28,25,60,0.8106060606060606,0.3181818181818182,135
2023-06-12,1032,138,90,53,32,48,21,0.6521739130434783,0.6037735849056604,122
2023-06-13,1032,115,91,98,51,24,47,0.7913043478260869,0.5204081632653061,142
2023-06-14,1032,137,70,71,41,67,30,0.5109489051094891,0.5774647887323944,111
2023-06-15,1032,112,76,73,31,36,42,0.6785714285714286,0.4246575342465753,107
2023-06-16,1032,136,64,62,37,72,25,0.47058823529411764,0.5967741935483871,101
2023-06-17,1032,111,65,77,35,46,42,0.5855855855855856,0.45454545454545453,100
2023-06-18,1032,141,65,100,40,76,60,0.46099290780141844,0.4,105
2023-06-19,1032,118,79,97,28,39,69,0.6694915254237288,0.28865979381443296,107
2023-06-20,1032,125,75,95,42,50,53,0.6,0.4421052631578947,117
2023-06-21,1032,117,80,67,32,37,35,0.6837606837606838,0.47761194029850745,112
2023-06-22,1032,105,78,54,46,27,8,0.7428571428571429,0.8518518518518519,124
2023-06-23,1032,117,68,99,33,49,66,0.5811965811965812,0.3333333333333333,101
2023-06-24,1032,130,71,97,44,59,53,0.5461538461538461,0.4536082474226804,115
2023-06-25,1032,101,67,65,49,34,16,0.6633663366336634,0.7538461538461538,116
2023-06-26,1032,148,77,98,36,71,62,0.5202702702702703,0.3673469387755102,113
2023-06-27,1032,148,81,69,48,67,21,0.5472972972972973,0.6956521739130435,129
2023-06-28,1032,150,87,86,40,63,46,0.58,0.46511627906976744,127
2023-06-29,1032,126,78,75,48,48,27,0.6190476190476191,0.64,126
2023-06-30,1032,105,81,52,31,24,21,0.7714285714285715,0.5961538461538461,112
2023-07-01,1032,122,79,89,40,43,49,0.6475409836065574,0.449438202247191,119
2023-07-02,1032,150,86,55,39,64,16,0.5733333333333334,0.7090909090909091,125
2023-07-03,1032,150,83,59,39,67,20,0.5533333333333333,0.6610169491525424,122
2023-07-04,1032,141,101,77,32,40,45,0.7163120567375887,0.4155844155844156,133
2023-07-05,1032,132,81,72,41,51,31,0.6136363636363636,0.5694444444444444,122
2023-07-06,1032,116,77,80,28,39,52,0.6637931034482759,0.35,105
2023-07-07,1032,150,72,55,44,78,11,0.48,0.8,116
2023-07-08,1032,125,89,55,42,36,13,0.712,0.7636363636363637,131
2023-07-09,1032,124,71,99,48,53,51,0.5725806451612904,0.48484848484848486,119
2023-07-10,1032,121,90,96,41,31,55,0.743801652892562,0.4270833333333333,131
2023-07-11,1032,124,74,94,38,50,56,0.5967741935483871,0.40425531914893614,112
2023-07-12,1032,120,69,84,42,51,42,0.575,0.5,111
2023-07-13,1032,105,73,84,39,32,45,0.6952380952380952,0.4642857142857143,112
2023-07-14,1032,116,99,79,33,17,46,0.853448275862069,0.4177215189873418,132
2023-07-15,1032,106,82,81,29,24,52,0.7735849056603774,0.35802469135802467,111
2023-07-16,1032,147,86,79,57,61,22,0.5850340136054422,0.7215189873417721,143
2023-07-17,1032,123,71,80,37,52,43,0.5772357723577236,0.4625,108
2023-07-18,1032,109,67,62,46,42,16,0.6146788990825688,0.7419354838709677,113
2023-07-19,1032,126,79,58,37,47,21,0.626984126984127,0.6379310344827587,116
2023-07-20,1032,105,73,90,37,32,53,0.6952380952380952,0.4111111111111111,110
2023-07-21,1032,129,77,69,42,52,27,0.5968992248062015,0.6086956521739131,119
2023-07-22,1032,143,92,76,40,51,36,0.6433566433566433,0.5263157894736842,132
2023-07-23,1032,123,69,77,48,54,29,0.5609756097560976,0.6233766233766234,117
2023-07-24,1032,102,70,65,33,32,32,0.6862745098039216,0.5076923076923077,103
2023-07-25,1032,112,91,66,47,21,19,0.8125,0.7121212121212122,138
2023-07-26,1032,140,80,89,40,60,49,0.5714285714285714,0.449438202247191,120
2023-07-27,1032,150,96,54,41,54,13,0.64,0.7592592592592593,137
2023-07-28,1032,114,75,65,37,39,28,0.6578947368421053,0.5692307692307692,112
2023-07-29,1032,115,75,75,44,40,31,0.6521739130434783,0.5866666666666667,119
2023-07-30,1032,134,95,93,43,39,50,0.7089552238805971,0.46236559139784944,138
2023-07-31,1032,118,75,80,36,43,44,0.635593220338983,0.45,111
2023-08-01,1032,109,92,83,40,17,43,0.8440366972477065,0.4819277108433735,132
2023-08-02,1032,123,90,54,44,33,10,0.7317073170731707,0.8148148148148148,134
2023-08-03,1032,114,74,62,40,40,22,0.6491228070175439,0.6451612903225806,114
2023-08-04,1032,124,100,82,37,24,45,0.8064516129032258,0.45121951219512196,137
2023-08-05,1032,123,78,85,33,45,52,0.6341463414634146,0.38823529411764707,111
2023-08-06,1032,116,80,100,28,36,72,0.6896551724137931,0.28,108
2023-08-07,1032,144,92,82,42,52,40,0.6388888888888888,0.5121951219512195,134
2023-08-08,1032,144,88,65,42,56,23,0.6111111111111112,0.6461538461538462,130
2023-08-09,1032,141,73,95,32,68,63,0.5177304964539007,0.3368421052631579,105
2023-08-10,1032,133,75,55,53,58,2,0.5639097744360902,0.9636363636363636,128
2023-08-11,1032,115,69,67,67,46,0,0.6,1,136
2023-08-12,1032,150,89,50,30,61,20,0.5933333333333334,0.6,119
2023-08-13,1032,129,79,65,32,50,33,0.6124031007751938,0.49230769230769234,111
2023-08-14,1032,141,84,61,29,57,32,0.5957446808510638,0.47540983606557374,113
2023-08-15,1032,124,72,78,45,52,33,0.5806451612903226,0.5769230769230769,117
2023-08-16,1032,137,89,62,46,48,16,0.6496350364963503,0.7419354838709677,135
2023-08-17,1032,109,71,73,38,38,35,0.6513761467889908,0.5205479452054794,109
2023-08-18,1032,114,80,59,37,34,22,0.7017543859649122,0.6271186440677966,117
2023-08-19,1032,138,75,84,44,63,40,0.5434782608695652,0.5238095238095238,119
2023-08-20,1032,137,90,76,52,47,24,0.656934306569343,0.6842105263157895,142
2023-08-21,1032,135,74,54,43,61,11,0.5481481481481482,0.7962962962962963,117
2023-08-22,1032,100,87,97,35,13,62,0.87,0.36082474226804123,122
2023-08-23,1032,108,74,73,41,34,32,0.6851851851851852,0.5616438356164384,115
2023-08-24,1032,117,63,93,39,54,54,0.5384615384615384,0.41935483870967744,102
2023-08-25,1032,111,95,52,43,16,9,0.8558558558558559,0.8269230769230769,138
2023-08-26,1032,131,89,57,50,42,7,0.6793893129770993,0.8771929824561403,139
2023-08-27,1032,145,80,54,40,65,14,0.5517241379310345,0.7407407407407407,120
2023-08-28,1032,144,79,66,47,65,19,0.5486111111111112,0.7121212121212122,126
2023-08-29,1032,139,75,83,45,64,38,0.539568345323741,0.54216867469879515,120
2023-08-30,1032,116,63,59,35,53,24,0.5431034482758621,0.5932203389830508,98
2023-08-31,1032,149,69,84,31,80,53,0.46308724832214765,0.36904761904761907,100
2023-09-01,1032,120,78,64,38,42,26,0.65,0.59375,116
2023-09-02,1032,149,88,55,36,61,19,0.5906040268456376,0.6545454545454545,124
2023-09-03,1032,116,75,54,43,41,11,0.646551724137931,0.7962962962962963,118
2023-09-04,1032,112,88,64,42,24,22,0.7857142857142857,0.65625,130
2023-09-05,1032,116,74,61,40,42,21,0.6379310344827587,0.6557377049180327,114
2023-09-06,1032,105,74,81,48,31,33,0.7047619047619048,0.5925925925925926,122
2023-09-07,1032,131,90,75,32,41,43,0.6870229007633588,0.4266666666666667,122
2023-09-08,1032,121,72,89,40,49,49,0.5950413223140496,0.449438202247191,112
2023-09-09,1032,145,77,56,35,68,21,0.5310344827586206,0.625,112
2023-09-10,1032,144,78,76,36,66,40,0.5416666666666666,0.47368421052631576,114
2023-09-11,1032,130,80,53,45,50,8,0.6153846153846154,0.8490566037735849,125
2023-09-12,1032,108,97,88,37,11,51,0.8981481481481481,0.42045454545454547,134
2023-09-13,1032,141,80,85,42,61,43,0.5673758865248227,0.49411764705882355,122
2023-09-14,1032,105,85,50,37,20,13,0.8095238095238095,0.74,122
2023-09-15,1032,107,73,93,46,34,47,0.6822429906542056,0.4946236559139785,119
2023-09-16,1032,114,87,60,53,27,7,0.7631578947368421,0.8833333333333333,140
2023-09-17,1032,122,78,66,53,44,13,0.639344262295082,0.803030303030303,131
2023-09-18,1032,147,99,55,44,48,11,0.673469387755102,0.8,143
2023-09-19,1032,142,94,86,36,48,50,0.6619718309859155,0.4186046511627907,130
2023-09-20,1032,115,62,66,29,53,37,0.5391304347826087,0.4393939393939394,91
2023-09-21,1032,114,76,57,39,38,18,0.6666666666666666,0.6842105263157895,115
2023-09-22,1032,103,70,60,41,33,19,0.6796116504854369,0.6833333333333333,111
2023-09-23,1032,105,82,97,46,23,51,0.780952380952381,0.4742268041237113,128
2023-09-24,1032,141,67,93,33,74,60,0.475177304964539,0.3548387096774194,100
2023-09-25,1032,107,75,89,37,32,52,0.7009345794392523,0.4157303370786517,112
2023-09-26,1032,117,81,67,27,36,40,0.6923076923076923,0.40298507462686567,108
2023-09-27,1032,144,89,100,48,55,52,0.6180555555555556,0.48,137
2023-09-28,1032,125,79,79,40,46,39,0.632,0.5063291139240507,119
2023-09-29,1032,143,92,94,46,51,48,0.6433566433566433,0.48936170212765956,138
2023-09-30,1032,125,85,86,51,40,35,0.68,0.5930232558139535,136
2023-10-01,1032,141,86,81,46,55,35,0.6099290780141844,0.5679012345679012,132
2023-10-02,1032,129,81,68,51,48,17,0.627906976744186,0.75,132
2023-10-03,1032,149,79,79,41,70,38,0.5302013422818792,0.5189873417721519,120
2023-10-04,1032,147,85,65,40,62,25,0.5782312925170068,0.6153846153846154,125
2023-10-05,1032,130,93,87,43,37,44,0.7153846153846154,0.4942528735632184,136
2023-10-06,1032,124,93,72,38,31,34,0.75,0.5277777777777778,131
2023-10-07,1032,128,87,86,45,41,41,0.6796875,0.5232558139534884,132
2023-10-08,1032,128,75,67,41,53,26,0.5859375,0.6119402985074627,116
2023-10-09,1032,117,87,85,35,30,50,0.7435897435897436,0.4117647058823529,122
2023-10-10,1032,122,75,62,47,47,15,0.6147540983606558,0.7580645161290323,122
2023-10-11,1032,148,74,86,40,74,46,0.5,0.46511627906976744,114
2023-10-12,1032,128,83,85,44,45,41,0.6484375,0.5176470588235295,127
2023-10-13,1032,132,94,65,44,38,21,0.7121212121212122,0.676923076923077,138
2023-10-14,1032,107,77,78,38,30,40,0.719626168224299,0.48717948717948717,115
2023-10-15,1032,119,73,88,44,46,44,0.6134453781512605,0.5,117
2023-10-16,1032,117,76,70,38,41,32,0.6495726495726496,0.5428571428571428,114
2023-10-17,1032,103,94,99,43,9,56,0.912621359223301,0.43434343434343436,137
2023-10-18,1032,150,77,86,37,73,49,0.5133333333333333,0.43023255813953487,114
2023-10-19,1032,135,80,67,29,55,38,0.5925925925925926,0.43283582089552236,109
2023-10-20,1032,144,76,99,47,68,52,0.5277777777777778,0.47474747474747475,123
2023-10-21,1032,135,89,93,49,46,44,0.6592592592592592,0.5268817204301075,138
2023-10-22,1032,139,79,59,39,60,20,0.5683453237410072,0.6610169491525424,118
2023-10-23,1032,146,62,78,45,84,33,0.4246575342465753,0.5769230769230769,107
2023-10-24,1032,142,84,98,49,58,49,0.5915492957746479,0.5,133
2023-10-25,1032,113,73,62,35,40,27,0.6460176991150443,0.5645161290322581,108
2023-10-26,1032,124,77,81,41,47,40,0.6209677419354839,0.5061728395061729,118
2023-10-27,1032,119,77,95,38,42,57,0.6470588235294118,0.4,115
2023-10-28,1032,131,78,95,45,53,50,0.5954198473282443,0.47368421052631576,123
2023-10-29,1032,147,73,80,42,74,38,0.4965986394557823,0.525,115
2023-10-30,1032,146,83,53,40,63,13,0.5684931506849316,0.7547169811320755,123
2023-10-31,1032,110,78,85,43,32,42,0.7090909090909091,0.5058823529411764,121
2023-11-01,1032,123,97,90,31,26,59,0.7886178861788617,0.34444444444444444,128
2023-11-02,1032,123,82,91,33,41,58,0.6666666666666666,0.3626373626373626,115
2023-11-03,1032,144,79,76,38,65,38,0.5486111111111112,0.5,117
2023-11-04,1032,138,73,99,34,65,65,0.5289855072463768,0.3434343434343434,107
2023-11-05,1032,123,75,80,43,48,37,0.6097560975609756,0.5375,118
2023-11-06,1032,116,80,94,33,36,61,0.6896551724137931,0.35106382978723405,113
2023-11-07,1032,146,92,51,40,54,11,0.6301369863013698,0.7843137254901961,132
2023-11-08,1032,143,84,75,50,59,25,0.5874125874125874,0.6666666666666666,134
2023-11-09,1032,142,93,82,40,49,42,0.6549295774647887,0.4878048780487805,133
2023-11-10,1032,105,85,59,44,20,15,0.8095238095238095,0.7457627118644068,129
2023-11-11,1032,122,95,82,52,27,30,0.7786885245901639,0.6341463414634146,147
2023-11-12,1032,146,73,92,41,73,51,0.5,0.44565217391304346,114
2023-11-13,1032,104,67,81,33,37,48,0.6442307692307693,0.4074074074074074,100
2023-11-14,1032,124,78,88,49,46,39,0.6290322580645161,0.5568181818181818,127
2023-11-15,1032,139,80,95,34,59,61,0.5755395683453237,0.35789473684210527,114
2023-11-16,1032,138,74,90,48,64,42,0.5362318840579711,0.5333333333333333,122
2023-11-17,1032,113,75,88,32,38,56,0.6637168141592921,0.36363636363636365,107
2023-11-18,1032,140,88,90,45,52,45,0.6285714285714286,0.5,133
2023-11-19,1032,120,76,61,52,44,9,0.6333333333333333,0.8524590163934426,128
2023-11-20,1032,108,82,60,46,26,14,0.7592592592592593,0.7666666666666667,128
2023-11-21,1032,146,79,54,33,67,21,0.541095890410959,0.6111111111111112,112
2023-11-22,1032,110,74,75,36,36,39,0.6727272727272727,0.48,110
2023-11-23,1032,142,83,68,29,59,39,0.5845070422535211,0.4264705882352941,112
2023-11-24,1032,110,77,51,49,33,2,0.7,0.9607843137254902,126
2023-11-25,1032,135,78,66,32,57,34,0.5777777777777777,0.48484848484848486,110
2023-11-26,1032,149,80,90,30,69,60,0.5369127516778524,0.3333333333333333,110
2023-11-27,1032,142,78,50,48,64,2,0.5492957746478874,0.96,126
2023-11-28,1032,149,78,86,34,71,52,0.5234899328859061,0.3953488372093023,112
2023-11-29,1032,146,79,94,44,67,50,0.541095890410959,0.46808510638297873,123
2023-11-30,1032,138,79,68,29,59,39,0.572463768115942,0.4264705882352941,108
2023-12-01,1032,130,81,58,42,49,16,0.6230769230769231,0.7241379310344828,123
2023-12-02,1032,107,75,60,46,32,14,0.7009345794392523,0.7666666666666667,121
2023-12-03,1032,119,89,72,36,30,36,0.7478991596638656,0.5,125
2023-12-04,1032,136,79,52,42,57,10,0.5808823529411765,0.8076923076923077,121
2023-12-05,1032,146,91,55,43,55,12,0.6232876712328768,0.7818181818181819,134
2023-12-06,1032,143,88,54,42,55,12,0.6153846153846154,0.7777777777777778,130
2023-12-07,1032,137,86,96,23,51,73,0.6277372262773723,0.23958333333333334,109
2023-12-08,1032,125,83,94,47,42,47,0.664,0.5,130
2023-12-09,1032,116,79,92,46,37,46,0.6810344827586207,0.5,125
2023-12-10,1032,122,74,70,43,48,27,0.6065573770491803,0.6142857142857143,117
2023-12-11,1032,121,97,72,42,24,30,0.8016528925619835,0.5833333333333334,139
2023-12-12,1032,103,82,63,39,21,24,0.7961165048543689,0.6190476190476191,121
2023-12-13,1032,127,73,90,37,54,53,0.5748031496062992,0.4111111111111111,110
2023-12-14,1032,133,74,66,36,59,30,0.556390977443609,0.5454545454545454,110
2023-12-15,1032,115,70,62,36,45,26,0.6086956521739131,0.5806451612903226,106
2023-12-16,1032,132,78,53,31,54,22,0.5909090909090909,0.5849056603773585,109
2023-12-17,1032,146,88,74,38,58,36,0.6027397260273972,0.5135135135135135,126
2023-12-18,1032,121,84,98,34,37,64,0.6942148760330579,0.3469387755102041,118
2023-12-19,1032,127,77,70,34,50,36,0.6062992125984252,0.4857142857142857,111
2023-12-20,1032,126,57,83,35,69,48,0.4523809523809524,0.42168674698795183,92
2023-12-21,1032,105,75,79,43,30,36,0.7142857142857143,0.5443037974683544,118
2023-12-22,1032,148,84,70,44,64,26,0.5675675675675675,0.6285714285714286,128
2023-12-23,1032,127,82,60,35,45,25,0.6456692913385826,0.5833333333333334,117
2023-12-24,1032,146,80,97,42,66,55,0.547945205479452,0.4329896907216495,122
2023-12-25,1032,143,82,78,36,61,42,0.5734265734265734,0.46153846153846156,118
2023-12-26,1032,142,80,62,39,62,23,0.5633802816901409,0.6290322580645161,119
2023-12-27,1032,103,91,53,38,12,15,0.883495145631068,0.71698113207547165,129
2023-12-28,1032,127,74,73,38,53,35,0.5826771653543307,0.5205479452054794,112
2023-12-29,1032,144,67,68,40,77,28,0.4652777777777778,0.5882352941176471,107
2023-12-30,1032,150,83,54,33,67,21,0.5533333333333333,0.6111111111111112,116
2023-12-31,1032,145,77,72,43,68,29,0.5310344827586206,0.5972222222222222,120
2023-01-01,1033,111,74,59,49,37,10,0.6666666666666666,0.8305084745762712,123
2023-01-02,1033,149,78,84,42,71,42,0.5234899328859061,0.5,120
2023-01-03,1033,133,76,90,37,57,53,0.5714285714285714,0.4111111111111111,113
2023-01-04,1033,134,79,96,25,55,71,0.5895522388059702,0.2604166666666667,104
2023-01-05,1033,142,79,82,39,63,43,0.5563380281690141,0.47560975609756095,118
2023-01-06,1033,145,86,95,37,59,58,0.593103448275862,0.3894736842105263,123
2023-01-07,1033,105,79,91,31,26,60,0.7523809523809524,0.34065934065934067,110
2023-01-08,1033,150,83,77,41,67,36,0.5533333333333333,0.5324675324675324,124
2023-01-09,1033,134,74,97,40,60,57,0.5522388059701493,0.41237113402061853,114
2023-01-10,1033,123,96,82,43,27,39,0.7804878048780488,0.524390243902439,139
2023-01-11,1033,143,84,82,33,59,49,0.5874125874125874,0.4024390243902439,117
2023-01-12,1033,144,78,86,47,66,39,0.5416666666666666,0.5465116279069767,125
2023-01-13,1033,107,77,56,35,30,21,0.719626168224299,0.625,112
2023-01-14,1033,128,84,76,27,44,49,0.65625,0.35526315789473684,111
2023-01-15,1033,139,64,99,41,75,58,0.460431654676259,0.41414141414141414,105
2023-01-16,1033,131,69,59,39,62,20,0.5267175572519084,0.6610169491525424,108
2023-01-17,1033,112,81,75,41,31,34,0.7232142857142857,0.5466666666666666,122
2023-01-18,1033,135,76,67,33,59,34,0.562962962962963,0.4925373134328358,109
2023-01-19,1033,109,76,89,30,33,59,0.6972477064220184,0.33707865168539325,106
2023-01-20,1033,106,87,55,47,19,8,0.8207547169811321,0.8545454545454545,134
2023-01-21,1033,136,80,83,25,56,58,0.5882352941176471,0.30120481927710846,105
2023-01-22,1033,134,85,62,43,49,19,0.6343283582089553,0.6935483870967742,128
2023-01-23,1033,145,65,68,34,80,34,0.4482758620689655,0.5,99
2023-01-24,1033,107,92,83,47,15,36,0.8598130841121495,0.5662650602409639,139
2023-01-25,1033,149,69,52,38,80,14,0.46308724832214765,0.7307692307692307,107
2023-01-26,1033,148,72,72,44,76,28,0.4864864864864865,0.6111111111111112,116
2023-01-27,1033,139,75,85,44,64,41,0.539568345323741,0.5176470588235295,119
2023-01-28,1033,148,80,60,41,68,19,0.5405405405405406,0.6833333333333333,121
2023-01-29,1033,124,91,69,48,33,21,0.7338709677419355,0.6956521739130435,139
2023-01-30,1033,105,78,88,44,27,44,0.7428571428571429,0.5,122
2023-01-31,1033,106,70,91,40,36,51,0.660377358490566,0.43956043956043955,110
2023-02-01,1033,109,85,64,41,24,23,0.7798165137614679,0.640625,126
2023-02-02,1033,132,64,78,39,68,39,0.48484848484848486,0.5,103
2023-02-03,1033,108,88,78,41,20,37,0.8148148148148148,0.5256410256410257,129
2023-02-04,1033,109,77,65,47,32,18,0.7064220183486238,0.7230769230769231,124
2023-02-05,1033,129,72,68,42,57,26,0.5581395348837209,0.6176470588235294,114
2023-02-06,1033,107,84,59,40,23,19,0.7850467289719626,0.6779661016949152,124
2023-02-07,1033,103,76,93,46,27,47,0.7378640776699029,0.4946236559139785,122
2023-02-08,1033,113,76,64,40,37,24,0.672566371681416,0.625,116
2023-02-09,1033,111,64,72,54,47,18,0.5765765765765766,0.75,118
2023-02-10,1033,122,94,94,44,28,50,0.7704918032786885,0.46808510638297873,138
2023-02-11,1033,144,74,73,37,70,36,0.5138888888888888,0.5068493150684932,111
2023-02-12,1033,103,62,94,37,41,57,0.6019417475728155,0.39361702127659576,99
2023-02-13,1033,127,69,73,43,58,30,0.5433070866141733,0.589041095890411,112
2023-02-14,1033,137,76,71,37,61,34,0.5547445255474452,0.5211267605633803,113
2023-02-15,1033,115,80,94,55,35,39,0.6956521739130435,0.5851063829787234,135
2023-02-16,1033,127,76,92,32,51,60,0.5984251968503937,0.34782608695652173,108
2023-02-17,1033,149,98,81,47,51,34,0.6577181208053692,0.5802469135802469,145
2023-02-18,1033,144,74,66,28,70,38,0.5138888888888888,0.42424242424242425,102
2023-02-19,1033,127,80,90,31,47,59,0.6299212598425197,0.34444444444444444,111
2023-02-20,1033,139,81,71,43,58,28,0.5827338129496403,0.6056338028169014,124
2023-02-21,1033,126,84,54,35,42,19,0.6666666666666666,0.6481481481481481,119
2023-02-22,1033,113,67,82,34,46,48,0.5929203539823009,0.4146341463414634,101
2023-02-23,1033,144,86,56,32,58,24,0.5972222222222222,0.5714285714285714,118
2023-02-24,1033,149,91,72,29,58,43,0.610738255033557,0.4027777777777778,120
2023-02-25,1033,118,85,90,30,33,60,0.7203389830508474,0.3333333333333333,115
2023-02-26,1033,134,89,89,38,45,51,0.664179104477612,0.42696629213483145,127
2023-02-27,1033,129,91,100,38,38,62,0.7054263565891473,0.38,129
2023-02-28,1033,113,79,80,47,34,33,0.6991150442477876,0.5875,126
2023-03-01,1033,115,80,73,35,35,38,0.6956521739130435,0.4794520547945205,115
2023-03-02,1033,122,73,79,38,49,41,0.5983606557377049,0.4810126582278481,111
2023-03-03,1033,111,82,58,40,29,18,0.7387387387387387,0.6896551724137931,122
2023-03-04,1033,111,74,80,34,37,46,0.6666666666666666,0.425,108
2023-03-05,1033,119,69,97,39,50,58,0.5798319327731093,0.4020618556701031,108
2023-03-06,1033,128,72,77,44,56,33,0.5625,0.5714285714285714,116
2023-03-07,1033,119,90,89,42,29,47,0.7563025210084033,0.47191011235955055,132
2023-03-08,1033,111,94,80,38,17,42,0.8468468468468469,0.475,132
2023-03-09,1033,109,73,84,41,36,43,0.6697247706422018,0.4880952380952381,114
2023-03-10,1033,122,73,67,40,49,27,0.5983606557377049,0.5970149253731343,113
2023-03-11,1033,101,81,77,42,20,35,0.801980198019802,0.5454545454545454,123
2023-03-12,1033,130,86,69,46,44,23,0.6615384615384615,0.6666666666666666,132
2023-03-13,1033,111,85,90,44,26,46,0.7657657657657657,0.4888888888888889,129
2023-03-14,1033,133,72,93,34,61,59,0.5413533834586466,0.3655913978494624,106
2023-03-15,1033,137,67,64,49,70,15,0.48905109489051096,0.765625,116
2023-03-16,1033,109,91,60,48,18,12,0.8348623853211009,0.8,139
2023-03-17,1033,127,78,53,42,49,11,0.6141732283464567,0.7924528301886793,120
2023-03-18,1033,116,81,62,47,35,15,0.6982758620689655,0.7580645161290323,128
2023-03-19,1033,116,87,83,39,29,44,0.75,0.46987951807228917,126
2023-03-20,1033,127,70,83,32,57,51,0.5511811023622047,0.3855421686746988,102
2023-03-21,1033,122,73,64,30,49,34,0.5983606557377049,0.46875,103
2023-03-22,1033,137,91,88,40,46,48,0.6642335766423357,0.45454545454545453,131
2023-03-23,1033,124,70,53,44,54,9,0.5645161290322581,0.8301886792452831,114
2023-03-24,1033,106,68,61,33,38,28,0.6415094339622641,0.5409836065573771,101
2023-03-25,1033,122,79,70,47,43,23,0.6475409836065574,0.6714285714285714,126
2023-03-26,1033,114,88,85,31,26,54,0.7719298245614035,0.36470588235294116,119
2023-03-27,1033,146,87,75,34,59,41,0.5958904109589042,0.4533333333333333,121
2023-03-28,1033,133,79,78,38,54,40,0.5939849624060151,0.48717948717948717,117
2023-03-29,1033,107,70,65,32,37,33,0.6542056074766355,0.49230769230769234,102
2023-03-30,1033,130,87,96,32,43,64,0.6692307692307692,0.3333333333333333,119
2023-03-31,1033,136,76,59,37,60,22,0.5588235294117647,0.6271186440677966,113
2023-04-01,1033,122,72,89,30,50,59,0.5901639344262295,0.33707865168539325,102
2023-04-02,1033,117,75,96,36,42,60,0.6410256410256411,0.375,111
2023-04-03,1033,113,76,52,44,37,8,0.672566371681416,0.8461538461538461,120
2023-04-04,1033,105,75,89,32,30,57,0.7142857142857143,0.3595505617977528,107
2023-04-05,1033,145,85,89,43,60,46,0.5862068965517241,0.48314606741573035,128
2023-04-06,1033,106,88,72,41,18,31,0.8301886792452831,0.5694444444444444,129
2023-04-07,1033,148,69,60,40,79,20,0.46621621621621623,0.6666666666666666,109
2023-04-08,1033,126,63,55,42,63,13,0.5,0.7636363636363637,105
2023-04-09,1033,103,81,53,47,22,6,0.7864077669902912,0.8867924528301887,128
2023-04-10,1033,139,101,62,38,38,24,0.7266187050359713,0.6129032258064516,139
2023-04-11,1033,115,75,60,30,40,30,0.6521739130434783,0.5,105
2023-04-12,1033,123,72,53,49,51,4,0.5853658536585366,0.9245283018867925,121
2023-04-13,1033,131,83,93,40,48,53,0.6335877862595419,0.43010752688172044,123
2023-04-14,1033,117,72,73,39,45,34,0.6153846153846154,0.5342465753424658,111
2023-04-15,1033,108,87,60,30,21,30,0.8055555555555556,0.5,117
2023-04-16,1033,135,78,81,54,57,27,0.5777777777777777,0.6666666666666666,132
2023-04-17,1033,110,90,72,50,20,22,0.8181818181818182,0.6944444444444444,140
2023-04-18,1033,132,75,80,39,57,41,0.5681818181818182,0.4875,114
2023-04-19,1033,114,81,90,36,33,54,0.7105263157894737,0.4,117
2023-04-20,1033,136,86,57,38,50,19,0.6323529411764706,0.6666666666666666,124
2023-04-21,1033,147,81,84,38,66,46,0.5510204081632653,0.4523809523809524,119
2023-04-22,1033,139,88,58,48,51,10,0.6330935251798561,0.8275862068965517,136
2023-04-23,1033,130,64,82,44,66,38,0.49230769230769234,0.5365853658536586,108
2023-04-24,1033,101,74,93,38,27,55,0.7326732673267327,0.40860215053763443,112
2023-04-25,1033,106,78,73,37,28,36,0.7358490566037735,0.5068493150684932,115
2023-04-26,1033,145,76,76,43,69,33,0.5241379310344828,0.5657894736842105,119
2023-04-27,1033,105,86,96,39,19,57,0.819047619047619,0.40625,125
2023-04-28,1033,132,62,94,43,70,51,0.4696969696969697,0.4574468085106383,105
2023-04-29,1033,112,82,69,33,30,36,0.7321428571428571,0.4782608695652174,115
2023-04-30,1033,139,82,76,47,57,29,0.5899280575539568,0.618421052631579,129
2023-05-01,1033,140,93,98,42,47,56,0.6642857142857143,0.42857142857142855,135
2023-05-02,1033,113,81,77,34,32,43,0.7168141592920354,0.44155844155844154,115
2023-05-03,1033,112,81,70,47,31,23,0.7232142857142857,0.6714285714285714,128
2023-05-04,1033,105,81,94,43,24,51,0.7714285714285715,0.4574468085106383,124
2023-05-05,1033,133,73,57,42,60,15,0.5488721804511278,0.7368421052631579,115
2023-05-06,1033,118,67,62,38,51,24,0.5677966101694916,0.6129032258064516,105
2023-05-07,1033,139,97,87,39,42,48,0.697841726618705,0.4482758620689655,136
2023-05-08,1033,135,86,74,28,49,46,0.6370370370370371,0.3783783783783784,114
2023-05-09,1033,149,83,82,44,66,38,0.5570469798657718,0.5365853658536586,127
2023-05-10,1033,105,69,84,35,36,49,0.6571428571428571,0.4166666666666667,104
2023-05-11,1033,145,71,57,38,74,19,0.4896551724137931,0.6666666666666666,109
2023-05-12,1033,148,80,59,34,68,25,0.5405405405405406,0.576271186440678,114
2023-05-13,1033,113,73,94,34,40,60,0.6460176991150443,0.3617021276595745,107
2023-05-14,1033,149,69,51,33,80,18,0.46308724832214765,0.6470588235294118,102
2023-05-15,1033,108,80,78,33,28,45,0.7407407407407407,0.4230769230769231,113
2023-05-16,1033,102,91,90,35,11,55,0.8921568627450981,0.3888888888888889,126
2023-05-17,1033,123,85,86,34,38,52,0.6910569105691057,0.3953488372093023,119
2023-05-18,1033,139,80,65,41,59,24,0.5755395683453237,0.6307692307692307,121
2023-05-19,1033,147,87,52,42,60,10,0.5918367346938775,0.8076923076923077,129
2023-05-20,1033,121,85,74,38,36,36,0.7024793388429752,0.5135135135135135,123
2023-05-21,1033,127,73,94,40,54,54,0.5748031496062992,0.425531914893617,113
2023-05-22,1033,120,90,66,43,30,23,0.75,0.6515151515151515,133
2023-05-23,1033,141,70,68,42,71,26,0.49645390070921985,0.6176470588235294,112
2023-05-24,1033,138,98,52,35,40,17,0.7101449275362319,0.6730769230769231,133
2023-05-25,1033,147,67,98,48,80,50,0.4557823129251701,0.4897959183673469,115
2023-05-26,1033,146,70,58,36,76,22,0.4794520547945205,0.6206896551724138,106
2023-05-27,1033,122,82,82,44,40,38,0.6721311475409836,0.5365853658536586,126
2023-05-28,1033,150,81,80,44,69,36,0.54,0.55,125
2023-05-29,1033,138,75,92,33,63,59,0.5434782608695652,0.358695652173913,108
2023-05-30,1033,141,71,85,39,70,46,0.5035460992907801,0.4588235294117647,110
2023-05-31,1033,136,77,97,51,59,46,0.5661764705882353,0.5257731958762887,128
2023-06-01,1033,102,81,70,43,21,27,0.7941176470588235,0.6142857142857143,124
2023-06-02,1033,102,89,51,44,13,7,0.8725490196078431,0.8627450980392157,133
2023-06-03,1033,122,78,57,51,44,6,0.639344262295082,0.8947368421052632,129
2023-06-04,1033,119,77,52,44,42,8,0.6470588235294118,0.8461538461538461,121
2023-06-05,1033,139,79,93,38,60,55,0.5683453237410072,0.40860215053763443,117
2023-06-06,1033,106,75,67,28,31,39,0.7075471698113207,0.417910447761194,103
2023-06-07,1033,120,86,76,37,34,39,0.7166666666666667,0.4868421052631579,123
2023-06-08,1033,126,84,56,48,42,8,0.6666666666666666,0.8571428571428571,132
2023-06-09,1033,108,79,88,56,29,32,0.7314814814814815,0.6363636363636364,135
2023-06-10,1033,117,74,50,33,43,17,0.6324786324786325,0.66,107
2023-06-11,1033,128,75,84,42,53,42,0.5859375,0.5,117
2023-06-12,1033,137,82,68,39,55,29,0.5985401459854015,0.5735294117647058,121
2023-06-13,1033,112,95,86,44,17,42,0.8482142857142857,0.5116279069767442,139
2023-06-14,1033,135,75,71,39,60,32,0.5555555555555556,0.5492957746478874,114
2023-06-15,1033,140,73,90,34,67,56,0.5214285714285715,0.37777777777777777,107
2023-06-16,1033,137,94,87,42,43,45,0.6861313868613139,0.4827586206896552,136
2023-06-17,1033,110,85,57,47,25,10,0.7727272727272727,0.8245614035087719,132
2023-06-18,1033,104,79,93,41,25,52,0.7596153846153846,0.44086021505376344,120
2023-06-19,1033,120,77,90,41,43,49,0.6416666666666667,0.45555555555555555,118
2023-06-20,1033,128,82,58,49,46,9,0.640625,0.8448275862068966,131
2023-06-21,1033,115,84,70,44,31,26,0.7304347826086957,0.6285714285714286,128
2023-06-22,1033,102,70,58,35,32,23,0.6862745098039216,0.603448275862069,105
2023-06-23,1033,110,87,70,40,23,30,0.7909090909090909,0.5714285714285714,127
2023-06-24,1033,133,85,88,48,48,40,0.6390977443609023,0.5454545454545454,133
2023-06-25,1033,136,81,84,48,55,36,0.5955882352941176,0.5714285714285714,129
2023-06-26,1033,125,69,81,29,56,52,0.552,0.35802469135802467,98
2023-06-27,1033,112,74,52,50,38,2,0.6607142857142857,0.9615384615384616,124
2023-06-28,1033,136,76,72,48,60,24,0.5588235294117647,0.6666666666666666,124
2023-06-29,1033,131,71,61,36,60,25,0.5419847328244275,0.5901639344262295,107
2023-06-30,1033,119,62,54,34,57,20,0.5210084033613446,0.6296296296296297,96
2023-07-01,1033,142,69,91,37,73,54,0.4859154929577465,0.4065934065934066,106
2023-07-02,1033,101,88,87,36,13,51,0.8712871287128713,0.41379310344827586,124
2023-07-03,1033,145,71,58,31,74,27,0.4896551724137931,0.5344827586206896,102
2023-07-04,1033,121,83,55,47,38,8,0.6859504132231405,0.8545454545454545,130
2023-07-05,1033,123,96,75,35,27,40,0.7804878048780488,0.4666666666666667,131
2023-07-06,1033,133,77,51,26,56,25,0.5789473684210527,0.5098039215686274,103
2023-07-07,1033,128,71,57,38,57,19,0.5546875,0.6666666666666666,109
2023-07-08,1033,122,79,73,40,43,33,0.6475409836065574,0.547945205479452,119
2023-07-09,1033,105,78,52,42,27,10,0.7428571428571429,0.8076923076923077,120
2023-07-10,1033,130,76,70,42,54,28,0.5846153846153846,0.6,118
2023-07-11,1033,148,58,55,32,90,23,0.3918918918918919,0.5818181818181818,90
2023-07-12,1033,143,68,73,35,75,38,0.4755244755244755,0.4794520547945205,103
2023-07-13,1033,125,76,58,45,49,13,0.608,0.7758620689655172,121
2023-07-14,1033,139,84,81,40,55,41,0.60431654676259,0.49382716049382713,124
2023-07-15,1033,132,79,52,39,53,13,0.5984848484848485,0.75,118
2023-07-16,1033,134,84,55,46,50,9,0.6268656716417911,0.8363636363636363,130
2023-07-17,1033,139,77,89,38,62,51,0.5539568345323741,0.42696629213483145,115
2023-07-18,1033,137,90,82,36,47,46,0.656934306569343,0.43902439024390244,126
2023-07-19,1033,142,74,50,42,68,8,0.5211267605633803,0.84,116
2023-07-20,1033,110,80,93,42,30,51,0.7272727272727273,0.45161290322580644,122
2023-07-21,1033,133,92,64,35,41,29,0.6917293233082706,0.546875,127
2023-07-22,1033,104,81,61,42,23,19,0.7788461538461539,0.6885245901639344,123
2023-07-23,1033,115,73,53,53,42,0,0.6347826086956522,1,126
2023-07-24,1033,117,93,68,43,24,25,0.7948717948717948,0.6323529411764706,136
2023-07-25,1033,103,68,66,35,35,31,0.6601941747572816,0.5303030303030303,103
2023-07-26,1033,137,78,61,39,59,22,0.5693430656934306,0.639344262295082,117
2023-07-27,1033,110,86,73,44,24,29,0.7818181818181819,0.6027397260273972,130
2023-07-28,1033,131,75,77,42,56,35,0.5725190839694656,0.5454545454545454,117
2023-07-29,1033,120,75,63,33,45,30,0.625,0.5238095238095238,108
2023-07-30,1033,140,83,58,38,57,20,0.5928571428571429,0.6551724137931034,121
2023-07-31,1033,146,93,87,35,53,52,0.636986301369863,0.40229885057471265,128
2023-08-01,1033,121,82,80,45,39,35,0.6776859504132231,0.5625,127
2023-08-02,1033,130,80,58,35,50,23,0.6153846153846154,0.603448275862069,115
2023-08-03,1033,100,77,62,38,23,24,0.77,0.6129032258064516,115
2023-08-04,1033,138,83,85,52,55,33,0.6014492753623188,0.611764705882353,135
2023-08-05,1033,139,89,88,43,50,45,0.6402877697841727,0.48863636363636365,132
2023-08-06,1033,130,77,60,32,53,28,0.5923076923076923,0.5333333333333333,109
2023-08-07,1033,149,79,79,42,70,37,0.5302013422818792,0.5316455696202531,121
2023-08-08,1033,119,80,88,34,39,54,0.6722689075630253,0.38636363636363635,114
2023-08-09,1033,138,78,62,37,60,25,0.5652173913043478,0.5967741935483871,115
2023-08-10,1033,124,94,80,39,30,41,0.7580645161290323,0.4875,133
2023-08-11,1033,142,84,83,44,58,39,0.5915492957746479,0.5301204819277109,128
2023-08-12,1033,137,86,51,42,51,9,0.6277372262773723,0.8235294117647058,128
2023-08-13,1033,118,81,62,37,37,25,0.6864406779661016,0.5967741935483871,118
2023-08-14,1033,128,71,73,34,57,39,0.5546875,0.4657534246575342,105
2023-08-15,1033,122,79,90,42,43,48,0.6475409836065574,0.4666666666666667,121
2023-08-16,1033,138,66,59,29,72,30,0.4782608695652174,0.4915254237288136,95
2023-08-17,1033,147,72,54,38,75,16,0.4897959183673469,0.7037037037037037,110
2023-08-18,1033,131,62,80,42,69,38,0.4732824427480916,0.525,104
2023-08-19,1033,100,73,62,46,27,16,0.73,0.7419354838709677,119
2023-08-20,1033,147,88,92,34,59,58,0.5986394557823129,0.3695652173913043,122
2023-08-21,1033,146,99,67,54,47,13,0.678082191780822,0.8059701492537313,153
2023-08-22,1033,134,73,55,27,61,28,0.5447761194029851,0.4909090909090909,100
2023-08-23,1033,130,87,50,33,43,17,0.6692307692307692,0.66,120
2023-08-24,1033,141,73,91,42,68,49,0.5177304964539007,0.46153846153846156,115
2023-08-25,1033,112,79,70,33,33,37,0.7053571428571429,0.4714285714285714,112
2023-08-26,1033,136,81,66,34,55,32,0.5955882352941176,0.5151515151515151,115
2023-08-27,1033,109,80,69,41,29,28,0.7339449541284404,0.5942028985507246,121
2023-08-28,1033,142,80,79,43,62,36,0.5633802816901409,0.5443037974683544,123
2023-08-29,1033,119,91,53,36,28,17,0.7647058823529411,0.6792452830188679,127
2023-08-30,1033,131,79,87,40,52,47,0.6030534351145038,0.45977011494252873,119
2023-08-31,1033,109,78,98,36,31,62,0.7155963302752294,0.3673469387755102,114
2023-09-01,1033,144,66,76,35,78,41,0.4583333333333333,0.4605263157894737,101
2023-09-02,1033,110,85,83,40,25,43,0.7727272727272727,0.4819277108433735,125
2023-09-03,1033,149,72,91,38,77,53,0.48322147651006714,0.4175824175824176,110
2023-09-04,1033,104,72,97,45,32,52,0.6923076923076923,0.4639175257731959,117
2023-09-05,1033,117,78,87,26,39,61,0.6666666666666666,0.2988505747126437,104
2023-09-06,1033,137,90,77,25,47,52,0.656934306569343,0.3246753246753247,115
2023-09-07,1033,119,83,75,37,36,38,0.6974789915966386,0.49333333333333335,120
2023-09-08,1033,105,96,73,30,9,43,0.9142857142857143,0.410958904109589,126
2023-09-09,1033,124,62,52,48,62,4,0.5,0.9230769230769231,110
2023-09-10,1033,108,89,79,37,19,42,0.8240740740740741,0.46835443037974683,126
2023-09-11,1033,150,96,97,36,54,61,0.64,0.3711340206185567,132
2023-09-12,1033,111,73,98,34,38,64,0.6576576576576577,0.3469387755102041,107
2023-09-13,1033,135,75,80,40,60,40,0.5555555555555556,0.5,115
2023-09-14,1033,112,81,94,46,31,48,0.7232142857142857,0.48936170212765956,127
2023-09-15,1033,136,71,51,31,65,20,0.5220588235294118,0.6078431372549019,102
2023-09-16,1033,107,84,80,37,23,43,0.7850467289719626,0.4625,121
2023-09-17,1033,105,78,73,44,27,29,0.7428571428571429,0.6027397260273972,122
2023-09-18,1033,116,94,72,39,22,33,0.8103448275862069,0.5416666666666666,133
2023-09-19,1033,118,80,79,38,38,41,0.6779661016949152,0.4810126582278481,118
2023-09-20,1033,145,82,74,39,63,35,0.5655172413793104,0.527027027027027,121
2023-09-21,1033,112,82,51,41,30,10,0.7321428571428571,0.803921568627451,123
2023-09-22,1033,129,82,63,39,47,24,0.6356589147286822,0.6190476190476191,121
2023-09-23,1033,112,70,55,35,42,20,0.625,0.6363636363636364,105
2023-09-24,1033,125,70,92,42,55,50,0.56,0.45652173913043476,112
2023-09-25,1033,142,78,86,41,64,45,0.5492957746478874,0.47674418604651164,119
2023-09-26,1033,140,73,91,30,67,61,0.5214285714285715,0.32967032967032966,103
2023-09-27,1033,111,66,91,40,45,51,0.5945945945945946,0.43956043956043955,106
2023-09-28,1033,127,82,58,30,45,28,0.6456692913385826,0.5172413793103449,112
2023-09-29,1033,123,104,81,40,19,41,0.8455284552845529,0.49382716049382713,144
2023-09-30,1033,100,75,70,46,25,24,0.75,0.6571428571428571,121
2023-10-01,1033,146,81,68,31,65,37,0.5547945205479452,0.45588235294117646,112
2023-10-02,1033,112,74,92,31,38,61,0.6607142857142857,0.33695652173913043,105
2023-10-03,1033,109,68,57,44,41,13,0.6238532110091743,0.7719298245614035,112
2023-10-04,1033,140,87,51,49,53,2,0.6214285714285714,0.9607843137254902,136
2023-10-05,1033,145,70,82,34,75,48,0.4827586206896552,0.4146341463414634,104
2023-10-06,1033,142,90,61,44,52,17,0.6338028169014085,0.7213114754098361,134
2023-10-07,1033,108,74,83,37,34,46,0.6851851851851852,0.4457831325301205,111
2023-10-08,1033,102,87,90,37,15,53,0.8529411764705882,0.4111111111111111,124
2023-10-09,1033,122,59,86,36,63,50,0.48360655737704916,0.4186046511627907,95
2023-10-10,1033,114,75,78,34,39,44,0.6578947368421053,0.4358974358974359,109
2023-10-11,1033,112,78,85,43,34,42,0.6964285714285714,0.5058823529411764,121
2023-10-12,1033,103,81,79,35,22,44,0.7864077669902912,0.4430379746835443,116
2023-10-13,1033,149,67,79,41,82,38,0.44966442953020136,0.5189873417721519,108
2023-10-14,1033,118,67,65,44,51,21,0.5677966101694916,0.676923076923077,111
2023-10-15,1033,112,96,75,45,16,30,0.8571428571428571,0.6,141
2023-10-16,1033,133,78,62,39,55,23,0.5864661654135338,0.6290322580645161,117
2023-10-17,1033,149,79,93,28,70,65,0.5302013422818792,0.3010752688172043,107
2023-10-18,1033,142,71,86,49,71,37,0.5,0.5697674418604651,120
2023-10-19,1033,131,96,72,33,35,39,0.732824427480916,0.4583333333333333,129
2023-10-20,1033,137,80,80,51,57,29,0.583941605839416,0.6375,131
2023-10-21,1033,130,67,79,43,63,36,0.5153846153846153,0.5443037974683544,110
2023-10-22,1033,150,77,76,44,73,32,0.5133333333333333,0.5789473684210527,121
2023-10-23,1033,147,86,100,54,61,46,0.5850340136054422,0.54,140
2023-10-24,1033,112,84,89,37,28,52,0.75,0.4157303370786517,121
2023-10-25,1033,127,76,95,35,51,60,0.5984251968503937,0.3684210526315789,111
2023-10-26,1033,137,87,59,36,50,23,0.635036496350365,0.6101694915254238,123
2023-10-27,1033,135,82,87,40,53,47,0.6074074074074074,0.45977011494252873,122
2023-10-28,1033,130,74,85,54,56,31,0.5692307692307692,0.6352941176470588,128
2023-10-29,1033,130,67,55,34,63,21,0.5153846153846153,0.6181818181818182,101
2023-10-30,1033,139,79,72,50,60,22,0.5683453237410072,0.6944444444444444,129
2023-10-31,1033,114,74,84,49,40,35,0.6491228070175439,0.5833333333333334,123
2023-11-01,1033,145,87,52,32,58,20,0.6,0.6153846153846154,119
2023-11-02,1033,144,89,81,35,55,46,0.6180555555555556,0.43209876543209874,124
2023-11-03,1033,114,76,62,45,38,17,0.6666666666666666,0.7258064516129032,121
2023-11-04,1033,140,89,53,41,51,12,0.6357142857142857,0.7735849056603774,130
2023-11-05,1033,138,77,57,48,61,9,0.5579710144927537,0.8421052631578947,125
2023-11-06,1033,108,91,63,42,17,21,0.8425925925925926,0.6666666666666666,133
2023-11-07,1033,131,69,72,45,62,27,0.5267175572519084,0.625,114
2023-11-08,1033,113,72,70,36,41,34,0.6371681415929203,0.5142857142857142,108
2023-11-09,1033,123,76,86,51,47,35,0.6178861788617886,0.5930232558139535,127
2023-11-10,1033,114,82,59,32,32,27,0.7192982456140351,0.5423728813559322,114
2023-11-11,1033,110,79,71,47,31,24,0.7181818181818181,0.6619718309859155,126
2023-11-12,1033,110,80,59,51,30,8,0.7272727272727273,0.864406779661017,131
2023-11-13,1033,102,82,60,39,20,21,0.803921568627451,0.65,121
2023-11-14,1033,131,85,53,36,46,17,0.648854961832061,0.6792452830188679,121
2023-11-15,1033,150,83,70,44,67,26,0.5533333333333333,0.6285714285714286,127
2023-11-16,1033,150,74,70,39,76,31,0.49333333333333335,0.5571428571428572,113
2023-11-17,1033,141,85,68,46,56,22,0.6028368794326241,0.6764705882352942,131
2023-11-18,1033,143,70,57,28,73,29,0.48951048951048953,0.49122807017543857,98
2023-11-19,1033,123,75,95,29,48,66,0.6097560975609756,0.30526315789473685,104
2023-11-20,1033,123,71,66,37,52,29,0.5772357723577236,0.5606060606060606,108
2023-11-21,1033,116,90,57,43,26,14,0.7758620689655172,0.7543859649122807,133
2023-11-22,1033,132,100,50,44,32,6,0.7575757575757576,0.88,144
2023-11-23,1033,149,80,60,41,69,19,0.5369127516778524,0.6833333333333333,121
2023-11-24,1033,117,82,97,45,35,52,0.7008547008547008,0.4639175257731959,127
2023-11-25,1033,120,90,84,43,30,41,0.75,0.5119047619047619,133
2023-11-26,1033,102,80,60,49,22,11,0.7843137254901961,0.8166666666666667,129
2023-11-27,1033,139,81,90,38,58,52,0.5827338129496403,0.4222222222222222,119
2023-11-28,1033,104,90,64,44,14,20,0.8653846153846154,0.6875,134
2023-11-29,1033,140,85,76,44,55,32,0.6071428571428571,0.5789473684210527,129
2023-11-30,1033,135,79,65,39,56,26,0.5851851851851851,0.6,118
2023-12-01,1033,141,93,65,35,48,30,0.6595744680851063,0.5384615384615384,128
2023-12-02,1033,147,80,92,44,67,48,0.54421768707483,0.4782608695652174,124
2023-12-03,1033,100,87,79,30,13,49,0.87,0.379746835443038,117
2023-12-04,1033,133,81,58,42,52,16,0.6090225563909775,0.7241379310344828,123
2023-12-05,1033,115,82,82,37,33,45,0.7130434782608696,0.45121951219512196,119
2023-12-06,1033,143,93,69,39,50,30,0.6503496503496503,0.5652173913043478,132
2023-12-07,1033,130,91,70,45,39,25,0.7,0.6428571428571429,136
2023-12-08,1033,114,84,66,49,30,17,0.7368421052631579,0.7424242424242424,133
2023-12-09,1033,108,84,65,43,24,22,0.7777777777777778,0.6615384615384615,127
2023-12-10,1033,114,74,59,43,40,16,0.6491228070175439,0.7288135593220338,117
2023-12-11,1033,118,73,57,42,45,15,0.6186440677966102,0.7368421052631579,115
2023-12-12,1033,125,81,59,42,44,17,0.648,0.711864406779661,123
2023-12-13,1033,146,90,52,43,56,9,0.6164383561643836,0.8269230769230769,133
2023-12-14,1033,146,91,64,39,55,25,0.6232876712328768,0.609375,130
2023-12-15,1033,129,96,65,36,33,29,0.7441860465116279,0.5538461538461539,132
2023-12-16,1033,135,72,79,22,63,57,0.5333333333333333,0.27848101265822783,94
2023-12-17,1033,115,75,85,34,40,51,0.6521739130434783,0.4,109
2023-12-18,1033,113,68,72,40,45,32,0.6017699115044248,0.5555555555555556,108
2023-12-19,1033,148,91,77,43,57,34,0.6148648648648649,0.5584415584415584,134
2023-12-20,1033,140,61,94,43,79,51,0.4357142857142857,0.4574468085106383,104
2023-12-21,1033,117,79,76,36,38,40,0.6752136752136753,0.47368421052631576,115
2023-12-22,1033,143,80,76,37,63,39,0.5594405594405595,0.4868421052631579,117
2023-12-23,1033,150,95,100,48,55,52,0.6333333333333333,0.48,143
2023-12-24,1033,131,62,69,37,69,32,0.4732824427480916,0.5362318840579711,99
2023-12-25,1033,123,71,82,32,52,50,0.5772357723577236,0.3902439024390244,103
2023-12-26,1033,103,68,80,30,35,50,0.6601941747572816,0.375,98
2023-12-27,1033,115,72,89,31,43,58,0.6260869565217392,0.34831460674157305,103
2023-12-28,1033,124,74,70,28,50,42,0.5967741935483871,0.4,102
2023-12-29,1033,118,82,75,35,36,40,0.6949152542372882,0.4666666666666667,117
2023-12-30,1033,135,97,70,40,38,30,0.7185185185185186,0.5714285714285714,137
2023-12-31,1033,115,74,87,42,41,45,0.6434782608695652,0.4827586206896552,116
2023-01-01,1034,123,73,96,41,50,55,0.5934959349593496,0.4270833333333333,114
2023-01-02,1034,124,75,95,43,49,52,0.6048387096774194,0.45263157894736844,118
2023-01-03,1034,109,92,53,41,17,12,0.8440366972477065,0.7735849056603774,133
2023-01-04,1034,134,82,90,46,52,44,0.6119402985074627,0.5111111111111111,128
2023-01-05,1034,121,79,69,38,42,31,0.6528925619834711,0.5507246376811594,117
2023-01-06,1034,132,70,100,37,62,63,0.5303030303030303,0.37,107
2023-01-07,1034,130,93,69,38,37,31,0.7153846153846154,0.5507246376811594,131
2023-01-08,1034,120,74,84,31,46,53,0.6166666666666667,0.36904761904761907,105
2023-01-09,1034,150,77,72,54,73,18,0.5133333333333333,0.75,131
2023-01-10,1034,135,76,55,37,59,18,0.562962962962963,0.6727272727272727,113
2023-01-11,1034,149,65,77,30,84,47,0.436241610738255,0.38961038961038963,95
2023-01-12,1034,122,63,63,36,59,27,0.5163934426229508,0.5714285714285714,99
2023-01-13,1034,134,75,77,43,59,34,0.5597014925373134,0.5584415584415584,118
2023-01-14,1034,150,73,92,36,77,56,0.4866666666666667,0.391304347826087,109
2023-01-15,1034,117,60,97,33,57,64,0.5128205128205128,0.3402061855670103,93
2023-01-16,1034,148,79,53,40,69,13,0.5337837837837838,0.7547169811320755,119
2023-01-17,1034,147,81,60,35,66,25,0.5510204081632653,0.5833333333333334,116
2023-01-18,1034,137,70,54,38,67,16,0.5109489051094891,0.7037037037037037,108
2023-01-19,1034,109,74,100,48,35,52,0.6788990825688074,0.48,122
2023-01-20,1034,124,73,88,33,51,55,0.5887096774193549,0.375,106
2023-01-21,1034,101,69,78,38,32,40,0.6831683168316832,0.48717948717948717,107
2023-01-22,1034,139,94,61,39,45,22,0.6762589928057554,0.639344262295082,133
2023-01-23,1034,138,78,66,38,60,28,0.5652173913043478,0.5757575757575758,116
2023-01-24,1034,128,80,51,30,48,21,0.625,0.5882352941176471,110
2023-01-25,1034,139,80,56,45,59,11,0.5755395683453237,0.8035714285714286,125
2023-01-26,1034,135,72,83,43,63,40,0.5333333333333333,0.5180722891566265,115
2023-01-27,1034,113,82,64,31,31,33,0.7256637168141593,0.484375,113
2023-01-28,1034,122,82,55,42,40,13,0.6721311475409836,0.7636363636363637,124
2023-01-29,1034,122,83,98,41,39,57,0.680327868852459,0.41836734693877553,124
2023-01-30,1034,120,83,77,45,37,32,0.6916666666666667,0.5844155844155844,128
2023-01-31,1034,124,82,100,44,42,56,0.6612903225806451,0.44,126
2023-02-01,1034,143,72,92,44,71,48,0.5034965034965035,0.4782608695652174,116
2023-02-02,1034,149,75,80,37,74,43,0.5033557046979866,0.4625,112
2023-02-03,1034,145,81,53,53,64,0,0.5586206896551724,1,134
2023-02-04,1034,137,76,80,43,61,37,0.5547445255474452,0.5375,119
2023-02-05,1034,122,73,57,40,49,17,0.5983606557377049,0.7017543859649122,113
2023-02-06,1034,117,71,72,44,46,28,0.6068376068376068,0.6111111111111112,115
2023-02-07,1034,149,76,76,40,73,36,0.5100671140939598,0.5263157894736842,116
2023-02-08,1034,136,67,68,41,69,27,0.49264705882352944,0.6029411764705882,108
2023-02-09,1034,120,75,75,34,45,41,0.625,0.4533333333333333,109
2023-02-10,1034,148,76,59,38,72,21,0.5135135135135135,0.6440677966101694,114
2023-02-11,1034,105,76,88,32,29,56,0.7238095238095238,0.36363636363636365,108
2023-02-12,1034,134,84,51,28,50,23,0.6268656716417911,0.5490196078431373,112
2023-02-13,1034,139,74,71,32,65,39,0.5323741007194245,0.4507042253521127,106
2023-02-14,1034,124,64,93,37,60,56,0.5161290322580645,0.3978494623655914,101
2023-02-15,1034,106,94,53,36,12,17,0.8867924528301887,0.6792452830188679,130
2023-02-16,1034,139,87,63,44,52,19,0.6258992805755396,0.6984126984126984,131
2023-02-17,1034,146,75,96,44,71,52,0.5136986301369864,0.4583333333333333,119
2023-02-18,1034,109,88,54,48,21,6,0.8073394495412844,0.8888888888888888,136
2023-02-19,1034,100,88,91,44,12,47,0.88,0.4835164835164835,132
2023-02-20,1034,105,99,64,46,6,18,0.9428571428571428,0.71875,145
2023-02-21,1034,100,72,70,36,28,34,0.72,0.5142857142857142,108
2023-02-22,1034,117,86,87,41,31,46,0.7350427350427351,0.47126436781609193,127
2023-02-23,1034,125,67,83,35,58,48,0.536,0.42168674698795183,102
2023-02-24,1034,123,79,82,39,44,43,0.6422764227642277,0.47560975609756095,118
2023-02-25,1034,122,77,79,38,45,41,0.6311475409836066,0.4810126582278481,115
2023-02-26,1034,118,91,67,34,27,33,0.7711864406779662,0.5074626865671642,125
2023-02-27,1034,103,86,76,46,17,30,0.8349514563106796,0.6052631578947368,132
2023-02-28,1034,136,59,54,39,77,15,0.4338235294117647,0.7222222222222222,98
2023-03-01,1034,120,76,62,33,44,29,0.6333333333333333,0.532258064516129,109
2023-03-02,1034,140,85,92,42,55,50,0.6071428571428571,0.45652173913043476,127
2023-03-03,1034,137,71,94,39,66,55,0.5182481751824818,0.4148936170212766,110
2023-03-04,1034,137,84,63,28,53,35,0.6131386861313869,0.4444444444444444,112
2023-03-05,1034,113,74,62,35,39,27,0.6548672566371682,0.5645161290322581,109
2023-03-06,1034,100,83,88,41,17,47,0.83,0.4659090909090909,124
2023-03-07,1034,145,72,59,34,73,25,0.496551724137931,0.576271186440678,106
2023-03-08,1034,132,83,52,38,49,14,0.6287878787878788,0.7307692307692307,121
2023-03-09,1034,137,79,85,35,58,50,0.5766423357664233,0.4117647058823529,114
2023-03-10,1034,144,83,79,41,61,38,0.5763888888888888,0.5189873417721519,124
2023-03-11,1034,135,76,85,40,59,45,0.562962962962963,0.47058823529411764,116
2023-03-12,1034,129,83,57,38,46,19,0.6434108527131783,0.6666666666666666,121
2023-03-13,1034,102,82,96,55,20,41,0.803921568627451,0.5729166666666666,137
2023-03-14,1034,149,72,76,42,77,34,0.48322147651006714,0.5526315789473685,114
2023-03-15,1034,127,83,78,29,44,49,0.6535433070866141,0.3717948717948718,112
2023-03-16,1034,121,78,84,47,43,37,0.6446280991735537,0.5595238095238095,125
2023-03-17,1034,126,81,60,36,45,24,0.6428571428571429,0.6,117
2023-03-18,1034,135,76,81,43,59,38,0.562962962962963,0.5308641975308642,119
2023-03-19,1034,135,79,72,48,56,24,0.5851851851851851,0.6666666666666666,127
2023-03-20,1034,134,94,84,45,40,39,0.7014925373134329,0.5357142857142857,139
2023-03-21,1034,118,70,76,28,48,48,0.5932203389830508,0.3684210526315789,98
2023-03-22,1034,117,74,90,37,43,53,0.6324786324786325,0.4111111111111111,111
2023-03-23,1034,115,79,52,37,36,15,0.6869565217391305,0.7115384615384616,116
2023-03-24,1034,139,88,53,39,51,14,0.6330935251798561,0.7358490566037735,127
2023-03-25,1034,118,76,95,38,42,57,0.6440677966101694,0.4,114
2023-03-26,1034,117,82,100,39,35,61,0.7008547008547008,0.39,121
2023-03-27,1034,141,71,85,38,70,47,0.5035460992907801,0.4470588235294118,109
2023-03-28,1034,143,88,96,39,55,57,0.6153846153846154,0.40625,127
2023-03-29,1034,146,88,54,38,58,16,0.6027397260273972,0.7037037037037037,126
2023-03-30,1034,144,76,99,45,68,54,0.5277777777777778,0.45454545454545453,121
2023-03-31,1034,127,83,86,47,44,39,0.6535433070866141,0.5465116279069767,130
2023-04-01,1034,126,84,54,34,42,20,0.6666666666666666,0.6296296296296297,118
2023-04-02,1034,141,68,90,41,73,49,0.48226950354609927,0.45555555555555555,109
2023-04-03,1034,102,84,74,51,18,23,0.8235294117647058,0.6891891891891891,135
2023-04-04,1034,135,83,77,32,52,45,0.6148148148148148,0.4155844155844156,115
2023-04-05,1034,147,86,62,50,61,12,0.5850340136054422,0.8064516129032258,136
2023-04-06,1034,129,76,86,46,53,40,0.5891472868217055,0.5348837209302325,122
2023-04-07,1034,106,88,98,44,18,54,0.8301886792452831,0.4489795918367347,132
2023-04-08,1034,122,73,87,35,49,52,0.5983606557377049,0.40229885057471265,108
2023-04-09,1034,122,70,93,42,52,51,0.5737704918032787,0.45161290322580644,112
2023-04-10,1034,130,85,57,40,45,17,0.6538461538461539,0.7017543859649122,125
2023-04-11,1034,100,75,71,31,25,40,0.75,0.43661971830985913,106
2023-04-12,1034,127,74,90,31,53,59,0.5826771653543307,0.34444444444444444,105
2023-04-13,1034,140,77,98,37,63,61,0.55,0.37755102040816324,114
2023-04-14,1034,130,81,75,35,49,40,0.6230769230769231,0.4666666666666667,116
2023-04-15,1034,148,74,100,37,74,63,0.5,0.37,111
2023-04-16,1034,107,78,85,39,29,46,0.7289719626168224,0.4588235294117647,117
2023-04-17,1034,146,108,52,36,38,16,0.7397260273972602,0.6923076923076923,144
2023-04-18,1034,134,74,85,30,60,55,0.5522388059701493,0.35294117647058826,104
2023-04-19,1034,106,79,62,36,27,26,0.7452830188679245,0.5806451612903226,115
2023-04-20,1034,118,80,56,47,38,9,0.6779661016949152,0.8392857142857143,127
2023-04-21,1034,129,82,69,44,47,25,0.6356589147286822,0.6376811594202898,126
2023-04-22,1034,147,82,100,33,65,67,0.5578231292517006,0.33,115
2023-04-23,1034,106,86,94,38,20,56,0.8113207547169812,0.40425531914893614,124
2023-04-24,1034,149,88,92,41,61,51,0.5906040268456376,0.44565217391304346,129
2023-04-25,1034,149,66,52,39,83,13,0.4429530201342282,0.75,105
2023-04-26,1034,131,82,84,36,49,48,0.6259541984732825,0.42857142857142855,118
2023-04-27,1034,143,91,70,36,52,34,0.6363636363636364,0.5142857142857142,127
2023-04-28,1034,121,82,55,30,39,25,0.6776859504132231,0.5454545454545454,112
2023-04-29,1034,131,91,100,39,40,61,0.6946564885496184,0.39,130
2023-04-30,1034,141,72,52,34,69,18,0.5106382978723404,0.6538461538461539,106
2023-05-01,1034,125,104,65,36,21,29,0.832,0.5538461538461539,140
2023-05-02,1034,133,65,70,39,68,31,0.48872180451127817,0.5571428571428572,104
2023-05-03,1034,109,70,80,40,39,40,0.6422018348623854,0.5,110
2023-05-04,1034,142,95,62,46,47,16,0.6690140845070423,0.7419354838709677,141
2023-05-05,1034,115,73,67,35,42,32,0.6347826086956522,0.5223880597014925,108
2023-05-06,1034,111,80,92,28,31,64,0.7207207207207207,0.30434782608695654,108
2023-05-07,1034,106,75,57,30,31,27,0.7075471698113207,0.5263157894736842,105
2023-05-08,1034,121,82,73,47,39,26,0.6776859504132231,0.6438356164383562,129
2023-05-09,1034,128,84,100,41,44,59,0.65625,0.41,125
2023-05-10,1034,109,82,78,29,27,49,0.7522935779816514,0.3717948717948718,111
2023-05-11,1034,130,59,86,33,71,53,0.45384615384615384,0.38372093023255816,92
2023-05-12,1034,150,67,75,35,83,40,0.44666666666666666,0.4666666666666667,102
2023-05-13,1034,107,80,65,47,27,18,0.7476635514018691,0.7230769230769231,127
2023-05-14,1034,121,84,74,41,37,33,0.6942148760330579,0.5540540540540541,125
2023-05-15,1034,144,66,93,34,78,59,0.4583333333333333,0.3655913978494624,100
2023-05-16,1034,103,83,79,40,20,39,0.8058252427184466,0.5063291139240507,123
2023-05-17,1034,145,73,72,46,72,26,0.503448275862069,0.6388888888888888,119
2023-05-18,1034,114,79,100,47,35,53,0.6929824561403509,0.47,126
2023-05-19,1034,131,68,70,43,63,27,0.5190839694656488,0.6142857142857143,111
2023-05-20,1034,120,88,60,40,32,20,0.7333333333333333,0.6666666666666666,128
2023-05-21,1034,120,65,97,39,55,58,0.5416666666666666,0.4020618556701031,104
2023-05-22,1034,115,72,53,46,43,7,0.6260869565217392,0.8679245283018868,118
2023-05-23,1034,143,82,71,38,61,33,0.5734265734265734,0.5352112676056338,120
2023-05-24,1034,124,80,69,35,44,34,0.6451612903225806,0.5072463768115942,115
2023-05-25,1034,109,90,71,46,19,25,0.8256880733944955,0.647887323943662,136
2023-05-26,1034,139,72,98,36,67,62,0.5179856115107914,0.3673469387755102,108
2023-05-27,1034,146,81,54,38,65,16,0.5547945205479452,0.7037037037037037,119
2023-05-28,1034,113,84,97,38,29,59,0.7433628318584071,0.3917525773195876,122
2023-05-29,1034,145,81,73,42,64,31,0.5586206896551724,0.5753424657534246,123
2023-05-30,1034,119,70,68,38,49,30,0.5882352941176471,0.5588235294117647,108
2023-05-31,1034,149,82,97,38,67,59,0.5503355704697986,0.3917525773195876,120
2023-06-01,1034,142,104,93,44,38,49,0.7323943661971831,0.4731182795698925,148
2023-06-02,1034,149,91,71,50,58,21,0.610738255033557,0.704225352112676,141
2023-06-03,1034,136,73,69,45,63,24,0.5367647058823529,0.6521739130434783,118
2023-06-04,1034,103,88,59,43,15,16,0.8543689320388349,0.7288135593220338,131
2023-06-05,1034,119,89,93,45,30,48,0.7478991596638656,0.4838709677419355,134
2023-06-06,1034,133,70,86,34,63,52,0.5263157894736842,0.3953488372093023,104
2023-06-07,1034,136,76,89,31,60,58,0.5588235294117647,0.34831460674157305,107
2023-06-08,1034,103,61,80,46,42,34,0.5922330097087378,0.575,107
2023-06-09,1034,109,75,91,34,34,57,0.6880733944954128,0.37362637362637363,109
2023-06-10,1034,145,76,100,44,69,56,0.5241379310344828,0.44,120
2023-06-11,1034,104,87,83,42,17,41,0.8365384615384616,0.5060240963855421,129
2023-06-12,1034,140,91,62,37,49,25,0.65,0.5967741935483871,128
2023-06-13,1034,139,95,50,38,44,12,0.6834532374100719,0.76,133
2023-06-14,1034,100,79,94,53,21,41,0.79,0.5638297872340425,132
2023-06-15,1034,133,75,55,36,58,19,0.5639097744360902,0.6545454545454545,111
2023-06-16,1034,127,73,53,44,54,9,0.5748031496062992,0.8301886792452831,117
2023-06-17,1034,128,74,87,37,54,50,0.578125,0.42528735632183906,111
2023-06-18,1034,117,69,89,47,48,42,0.5897435897435898,0.5280898876404494,116
2023-06-19,1034,104,84,100,31,20,69,0.8076923076923077,0.31,115
2023-06-20,1034,122,79,88,35,43,53,0.6475409836065574,0.3977272727272727,114
2023-06-21,1034,148,101,99,32,47,67,0.6824324324324325,0.32323232323232326,133
2023-06-22,1034,127,91,87,44,36,43,0.7165354330708661,0.5057471264367817,135
2023-06-23,1034,129,73,87,40,56,47,0.5658914728682171,0.45977011494252873,113
2023-06-24,1034,121,73,82,44,48,38,0.6033057851239669,0.5365853658536586,117
2023-06-25,1034,128,93,54,34,35,20,0.7265625,0.6296296296296297,127
2023-06-26,1034,113,85,93,30,28,63,0.7522123893805309,0.3225806451612903,115
2023-06-27,1034,129,70,63,42,59,21,0.5426356589147286,0.6666666666666666,112
2023-06-28,1034,122,68,100,43,54,57,0.5573770491803278,0.43,111
2023-06-29,1034,144,68,66,49,76,17,0.4722222222222222,0.7424242424242424,117
2023-06-30,1034,130,71,67,42,59,25,0.5461538461538461,0.6268656716417911,113
2023-07-01,1034,146,89,69,50,57,19,0.6095890410958904,0.7246376811594203,139
2023-07-02,1034,133,77,87,31,56,56,0.5789473684210527,0.3563218390804598,108
2023-07-03,1034,149,88,74,30,61,44,0.5906040268456376,0.40540540540540543,118
2023-07-04,1034,131,66,59,35,65,24,0.5038167938931297,0.5932203389830508,101
2023-07-05,1034,131,98,64,53,33,11,0.7480916030534351,0.828125,151
2023-07-06,1034,109,88,61,41,21,20,0.8073394495412844,0.6721311475409836,129
2023-07-07,1034,115,88,68,53,27,15,0.7652173913043478,0.7794117647058824,141
2023-07-08,1034,102,84,79,40,18,39,0.8235294117647058,0.5063291139240507,124
2023-07-09,1034,144,84,78,42,60,36,0.5833333333333334,0.5384615384615384,126
2023-07-10,1034,128,79,56,39,49,17,0.6171875,0.6964285714285714,118
2023-07-11,1034,112,72,96,39,40,57,0.6428571428571429,0.40625,111
2023-07-12,1034,108,70,88,48,38,40,0.6481481481481481,0.5454545454545454,118
2023-07-13,1034,140,66,90,45,74,45,0.4714285714285714,0.5,111
2023-07-14,1034,110,67,89,44,43,45,0.6090909090909091,0.4943820224719101,111
2023-07-15,1034,133,74,61,40,59,21,0.556390977443609,0.6557377049180327,114
2023-07-16,1034,121,72,65,44,49,21,0.5950413223140496,0.676923076923077,116
2023-07-17,1034,136,98,86,46,38,40,0.7205882352941176,0.5348837209302325,144
2023-07-18,1034,109,80,54,54,29,0,0.7339449541284404,1,134
2023-07-19,1034,110,72,66,43,38,23,0.6545454545454545,0.6515151515151515,115
2023-07-20,1034,148,83,100,33,65,67,0.5608108108108109,0.33,116
2023-07-21,1034,141,91,53,38,50,15,0.6453900709219859,0.71698113207547165,129
2023-07-22,1034,135,70,75,44,65,31,0.5185185185185185,0.5866666666666667,114
2023-07-23,1034,141,69,75,30,72,45,0.48936170212765956,0.4,99
2023-07-24,1034,105,70,100,28,35,72,0.6666666666666666,0.28,98
2023-07-25,1034,131,80,62,42,51,20,0.6106870229007634,0.6774193548387096,122
2023-07-26,1034,147,91,69,35,56,34,0.6190476190476191,0.5072463768115942,126
2023-07-27,1034,101,89,62,40,12,22,0.8811881188118812,0.6451612903225806,129
2023-07-28,1034,101,71,66,30,30,36,0.7029702970297029,0.45454545454545453,101
2023-07-29,1034,109,77,72,35,32,37,0.7064220183486238,0.4861111111111111,112
2023-07-30,1034,124,68,77,51,56,26,0.5483870967741935,0.6623376623376623,119
2023-07-31,1034,118,83,60,36,35,24,0.7033898305084746,0.6,119
2023-08-01,1034,140,75,98,48,65,50,0.5357142857142857,0.4897959183673469,123
2023-08-02,1034,103,79,55,33,24,22,0.7669902912621359,0.6,112
2023-08-03,1034,115,104,75,45,11,30,0.9043478260869565,0.6,149
2023-08-04,1034,119,93,92,28,26,64,0.7815126050420168,0.30434782608695654,121
2023-08-05,1034,139,78,73,37,61,36,0.5611510791366906,0.5068493150684932,115
2023-08-06,1034,147,71,54,36,76,18,0.48299319727891155,0.6666666666666666,107
2023-08-07,1034,115,77,53,40,38,13,0.6695652173913044,0.7547169811320755,117
2023-08-08,1034,127,81,62,44,46,18,0.6377952755905512,0.7096774193548387,125
2023-08-09,1034,121,74,68,49,47,19,0.6115702479338843,0.7205882352941176,123
2023-08-10,1034,143,83,60,38,60,22,0.5804195804195804,0.6333333333333333,121
2023-08-11,1034,123,75,94,41,48,53,0.6097560975609756,0.43617021276595747,116
2023-08-12,1034,104,80,66,44,24,22,0.7692307692307693,0.6666666666666666,124
2023-08-13,1034,129,82,71,41,47,30,0.6356589147286822,0.5774647887323944,123
2023-08-14,1034,145,76,72,37,69,35,0.5241379310344828,0.5138888888888888,113
2023-08-15,1034,119,79,55,33,40,22,0.6638655462184874,0.6,112
2023-08-16,1034,113,70,94,38,43,56,0.6194690265486725,0.40425531914893614,108
2023-08-17,1034,105,82,82,44,23,38,0.780952380952381,0.5365853658536586,126
2023-08-18,1034,101,74,95,51,27,44,0.7326732673267327,0.5368421052631579,125
2023-08-19,1034,132,90,95,37,42,58,0.6818181818181818,0.3894736842105263,127
2023-08-20,1034,138,75,94,40,63,54,0.5434782608695652,0.425531914893617,115
2023-08-21,1034,123,73,78,49,50,29,0.5934959349593496,0.6282051282051282,122
2023-08-22,1034,132,91,75,33,41,42,0.6893939393939394,0.44,124
2023-08-23,1034,126,84,79,44,42,35,0.6666666666666666,0.5569620253164557,128
2023-08-24,1034,140,70,52,47,70,5,0.5,0.9038461538461539,117
2023-08-25,1034,135,73,90,35,62,55,0.5407407407407407,0.3888888888888889,108
2023-08-26,1034,103,76,74,40,27,34,0.7378640776699029,0.5405405405405406,116
2023-08-27,1034,109,80,78,40,29,38,0.7339449541284404,0.5128205128205128,120
2023-08-28,1034,145,79,100,38,66,62,0.5448275862068965,0.38,117
2023-08-29,1034,134,74,93,41,60,52,0.5522388059701493,0.44086021505376344,115
2023-08-30,1034,121,81,73,41,40,32,0.6694214876033058,0.5616438356164384,122
2023-08-31,1034,116,64,88,34,52,54,0.5517241379310345,0.38636363636363635,98
2023-09-01,1034,105,71,90,43,34,47,0.6761904761904762,0.4777777777777778,114
2023-09-02,1034,148,83,53,38,65,15,0.5608108108108109,0.71698113207547165,121
2023-09-03,1034,124,65,52,30,59,22,0.5241935483870968,0.5769230769230769,95
2023-09-04,1034,107,77,92,31,30,61,0.719626168224299,0.33695652173913043,108
2023-09-05,1034,130,77,83,37,53,46,0.5923076923076923,0.4457831325301205,114
2023-09-06,1034,100,76,75,45,24,30,0.76,0.6,121
2023-09-07,1034,126,89,61,35,37,26,0.7063492063492064,0.5737704918032787,124
2023-09-08,1034,140,77,83,44,63,39,0.55,0.5301204819277109,121
2023-09-09,1034,110,108,73,49,2,24,0.9818181818181818,0.6712328767123288,157
2023-09-10,1034,141,79,73,42,62,31,0.5602836879432624,0.5753424657534246,121
2023-09-11,1034,133,81,98,34,52,64,0.6090225563909775,0.3469387755102041,115
2023-09-12,1034,124,72,62,30,52,32,0.5806451612903226,0.4838709677419355,102
2023-09-13,1034,111,76,99,30,35,69,0.6846846846846847,0.30303030303030304,106
2023-09-14,1034,138,85,95,34,53,61,0.6159420289855072,0.35789473684210527,119
2023-09-15,1034,110,89,65,30,21,35,0.8090909090909091,0.46153846153846156,119
2023-09-16,1034,119,80,52,33,39,19,0.6722689075630253,0.6346153846153846,113
2023-09-17,1034,108,91,96,32,17,64,0.8425925925925926,0.3333333333333333,123
2023-09-18,1034,131,81,72,39,50,33,0.6183206106870229,0.5416666666666666,120
2023-09-19,1034,100,62,98,43,38,55,0.62,0.4387755102040816,105
2023-09-20,1034,102,73,79,43,29,36,0.7156862745098039,0.5443037974683544,116
2023-09-21,1034,100,75,90,46,25,44,0.75,0.5111111111111111,121
2023-09-22,1034,107,86,83,42,21,41,0.8037383177570093,0.5060240963855421,128
2023-09-23,1034,136,84,57,38,52,19,0.6176470588235294,0.6666666666666666,122
2023-09-24,1034,119,71,86,33,48,53,0.5966386554621849,0.38372093023255816,104
2023-09-25,1034,110,84,71,36,26,35,0.7636363636363637,0.5070422535211268,120
2023-09-26,1034,110,89,57,31,21,26,0.8090909090909091,0.543859649122807,120
2023-09-27,1034,125,79,93,48,46,45,0.632,0.5161290322580645,127
2023-09-28,1034,118,62,52,43,56,9,0.5254237288135594,0.8269230769230769,105
2023-09-29,1034,135,82,81,38,53,43,0.6074074074074074,0.4691358024691358,120
2023-09-30,1034,109,83,89,38,26,51,0.7614678899082569,0.42696629213483145,121
2023-10-01,1034,109,76,93,45,33,48,0.6972477064220184,0.4838709677419355,121
2023-10-02,1034,100,80,50,29,20,21,0.8,0.58,109
2023-10-03,1034,147,72,94,45,75,49,0.4897959183673469,0.4787234042553192,117
2023-10-04,1034,146,94,98,34,52,64,0.6438356164383562,0.3469387755102041,128
2023-10-05,1034,107,77,97,50,30,47,0.719626168224299,0.5154639175257731,127
2023-10-06,1034,110,74,98,50,36,48,0.6727272727272727,0.5102040816326531,124
2023-10-07,1034,136,82,78,30,54,48,0.6029411764705882,0.38461538461538464,112
2023-10-08,1034,146,72,64,58,74,6,0.4931506849315068,0.90625,130
2023-10-09,1034,117,89,76,35,28,41,0.7606837606837606,0.4605263157894737,124
2023-10-10,1034,116,66,54,44,50,10,0.5689655172413793,0.8148148148148148,110
2023-10-11,1034,149,90,65,24,59,41,0.6040268456375839,0.36923076923076925,114
2023-10-12,1034,124,82,83,41,42,42,0.6612903225806451,0.4939759036144578,123
2023-10-13,1034,149,77,91,46,72,45,0.5167785234899329,0.5054945054945055,123
2023-10-14,1034,149,84,51,41,65,10,0.5637583892617449,0.803921568627451,125
2023-10-15,1034,110,78,84,38,32,46,0.7090909090909091,0.4523809523809524,116
2023-10-16,1034,123,68,74,45,55,29,0.5528455284552846,0.6081081081081081,113
2023-10-17,1034,129,87,52,46,42,6,0.6744186046511628,0.8846153846153846,133
2023-10-18,1034,107,77,75,33,30,42,0.719626168224299,0.44,110
2023-10-19,1034,126,71,55,28,55,27,0.5634920634920635,0.509090909090909,99
2023-10-20,1034,138,81,65,45,57,20,0.5869565217391305,0.6923076923076923,126
2023-10-21,1034,135,80,68,48,55,20,0.5925925925925926,0.7058823529411765,128
2023-10-22,1034,104,91,82,44,13,38,0.875,0.5365853658536586,135
2023-10-23,1034,134,82,94,33,52,61,0.6119402985074627,0.35106382978723405,115
2023-10-24,1034,120,78,91,54,42,37,0.65,0.5934065934065934,132
2023-10-25,1034,122,74,73,48,48,25,0.6065573770491803,0.6575342465753424,122
2023-10-26,1034,123,81,69,50,42,19,0.6585365853658537,0.7246376811594203,131
2023-10-27,1034,150,86,58,36,64,22,0.5733333333333334,0.6206896551724138,122
2023-10-28,1034,149,67,64,35,82,29,0.44966442953020136,0.546875,102
2023-10-29,1034,106,80,85,43,26,42,0.7547169811320755,0.5058823529411764,123
2023-10-30,1034,108,77,55,45,31,10,0.7129629629629629,0.8181818181818182,122
2023-10-31,1034,106,105,62,42,1,20,0.9905660377358491,0.6774193548387096,147
2023-11-01,1034,133,73,74,34,60,40,0.5488721804511278,0.4594594594594595,107
2023-11-02,1034,142,86,56,53,56,3,0.6056338028169014,0.9464285714285714,139
2023-11-03,1034,102,73,81,36,29,45,0.7156862745098039,0.4444444444444444,109
2023-11-04,1034,117,69,75,55,48,20,0.5897435897435898,0.7333333333333333,124
2023-11-05,1034,149,78,99,47,71,52,0.5234899328859061,0.47474747474747475,125
2023-11-06,1034,105,95,63,37,10,26,0.9047619047619048,0.5873015873015873,132
2023-11-07,1034,123,85,74,38,38,36,0.6910569105691057,0.5135135135135135,123
2023-11-08,1034,117,70,64,33,47,31,0.5982905982905983,0.515625,103
2023-11-09,1034,128,79,53,32,49,21,0.6171875,0.6037735849056604,111
2023-11-10,1034,130,90,52,45,40,7,0.6923076923076923,0.8653846153846154,135
2023-11-11,1034,115,92,83,38,23,45,0.8,0.4578313253012048,130
2023-11-12,1034,142,67,77,52,75,25,0.47183098591549294,0.6753246753246753,119
2023-11-13,1034,111,85,64,34,26,30,0.7657657657657657,0.53125,119
2023-11-14,1034,126,78,90,37,48,53,0.6190476190476191,0.4111111111111111,115
2023-11-15,1034,143,76,84,35,67,49,0.5314685314685315,0.4166666666666667,111
2023-11-16,1034,104,78,77,37,26,40,0.75,0.4805194805194805,115
2023-11-17,1034,148,104,77,36,44,41,0.7027027027027027,0.4675324675324675,140
2023-11-18,1034,130,67,98,29,63,69,0.5153846153846153,0.29591836734693877,96
2023-11-19,1034,127,80,59,46,47,13,0.6299212598425197,0.7796610169491526,126
2023-11-20,1034,142,90,57,47,52,10,0.6338028169014085,0.8245614035087719,137
2023-11-21,1034,109,88,59,39,21,20,0.8073394495412844,0.6610169491525424,127
2023-11-22,1034,104,82,82,47,22,35,0.7884615384615384,0.573170731707317,129
2023-11-23,1034,126,79,69,38,47,31,0.626984126984127,0.5507246376811594,117
2023-11-24,1034,108,55,68,44,53,24,0.5092592592592593,0.6470588235294118,99
2023-11-25,1034,128,84,80,32,44,48,0.65625,0.4,116
2023-11-26,1034,137,82,88,45,55,43,0.5985401459854015,0.5113636363636364,127
2023-11-27,1034,131,70,51,41,61,10,0.5343511450381679,0.803921568627451,111
2023-11-28,1034,146,99,60,42,47,18,0.678082191780822,0.7,141
2023-11-29,1034,101,76,86,41,25,45,0.7524752475247525,0.47674418604651164,117
2023-11-30,1034,142,77,76,52,65,24,0.5422535211267606,0.6842105263157895,129
2023-12-01,1034,115,79,71,43,36,28,0.6869565217391305,0.6056338028169014,122
2023-12-02,1034,135,83,81,30,52,51,0.6148148148148148,0.37037037037037035,113
2023-12-03,1034,140,74,63,39,66,24,0.5285714285714286,0.6190476190476191,113
2023-12-04,1034,143,83,63,48,60,15,0.5804195804195804,0.7619047619047619,131
2023-12-05,1034,107,89,58,45,18,13,0.8317757009345794,0.7758620689655172,134
2023-12-06,1034,102,74,74,45,28,29,0.7254901960784313,0.6081081081081081,119
2023-12-07,1034,148,73,76,41,75,35,0.49324324324324326,0.5394736842105263,114
2023-12-08,1034,112,77,88,47,35,41,0.6875,0.5340909090909091,124
2023-12-09,1034,111,96,96,38,15,58,0.8648648648648649,0.3958333333333333,134
2023-12-10,1034,114,78,100,46,36,54,0.6842105263157895,0.46,124
2023-12-11,1034,111,68,50,45,43,5,0.6126126126126126,0.9,113
2023-12-12,1034,123,79,74,46,44,28,0.6422764227642277,0.6216216216216216,125
2023-12-13,1034,149,85,99,33,64,66,0.5704697986577181,0.3333333333333333,118
2023-12-14,1034,138,72,85,37,66,48,0.5217391304347826,0.43529411764705883,109
2023-12-15,1034,133,83,76,41,50,35,0.6240601503759399,0.5394736842105263,124
2023-12-16,1034,132,80,75,37,52,38,0.6060606060606061,0.49333333333333335,117
2023-12-17,1034,108,69,74,42,39,32,0.6388888888888888,0.5675675675675675,111
2023-12-18,1034,120,79,59,52,41,7,0.6583333333333333,0.8813559322033898,131
2023-12-19,1034,149,81,77,37,68,40,0.5436241610738255,0.4805194805194805,118
2023-12-20,1034,135,70,96,45,65,51,0.5185185185185185,0.46875,115
2023-12-21,1034,133,77,99,38,56,61,0.5789473684210527,0.3838383838383838,115
2023-12-22,1034,144,88,86,51,56,35,0.6111111111111112,0.5930232558139535,139
2023-12-23,1034,112,76,82,49,36,33,0.6785714285714286,0.5975609756097561,125
2023-12-24,1034,119,74,82,38,45,44,0.6218487394957983,0.4634146341463415,112
2023-12-25,1034,138,89,65,48,49,17,0.644927536231884,0.7384615384615385,137
2023-12-26,1034,120,88,57,56,32,1,0.7333333333333333,0.9824561403508771,144
2023-12-27,1034,107,85,83,46,22,37,0.794392523364486,0.5542168674698795,131
2023-12-28,1034,119,77,70,36,42,34,0.6470588235294118,0.5142857142857142,113
2023-12-29,1034,126,86,100,34,40,66,0.6825396825396826,0.34,120
2023-12-30,1034,148,81,75,40,67,35,0.5472972972972973,0.5333333333333333,121
2023-12-31,1034,142,83,62,33,59,29,0.5845070422535211,0.532258064516129,116
2023-01-01,1035,150,76,54,38,74,16,0.5066666666666667,0.7037037037037037,114
2023-01-02,1035,133,76,67,41,57,26,0.5714285714285714,0.6119402985074627,117
2023-01-03,1035,108,73,77,39,35,38,0.6759259259259259,0.5064935064935064,112
2023-01-04,1035,121,73,55,44,48,11,0.6033057851239669,0.8,117
2023-01-05,1035,135,76,65,51,59,14,0.562962962962963,0.7846153846153846,127
2023-01-06,1035,117,89,78,27,28,51,0.7606837606837606,0.34615384615384615,116
2023-01-07,1035,121,65,64,48,56,16,0.5371900826446281,0.75,113
2023-01-08,1035,123,101,95,36,22,59,0.8211382113821138,0.37894736842105264,137
2023-01-09,1035,145,81,93,41,64,52,0.5586206896551724,0.44086021505376344,122
2023-01-10,1035,139,96,92,49,43,43,0.6906474820143885,0.532608695652174,145
2023-01-11,1035,100,76,50,40,24,10,0.76,0.8,116
2023-01-12,1035,148,73,78,37,75,41,0.49324324324324326,0.47435897435897434,110
2023-01-13,1035,105,75,66,46,30,20,0.7142857142857143,0.696969696969697,121
2023-01-14,1035,117,82,51,35,35,16,0.7008547008547008,0.6862745098039216,117
2023-01-15,1035,104,89,66,42,15,24,0.8557692307692307,0.6363636363636364,131
2023-01-16,1035,104,95,56,52,9,4,0.9134615384615384,0.9285714285714286,147
2023-01-17,1035,108,94,77,33,14,44,0.8703703703703703,0.42857142857142855,127
2023-01-18,1035,108,88,85,31,20,54,0.8148148148148148,0.36470588235294116,119
2023-01-19,1035,144,81,84,42,63,42,0.5625,0.5,123
2023-01-20,1035,133,60,84,39,73,45,0.45112781954887216,0.4642857142857143,99
2023-01-21,1035,133,72,69,41,61,28,0.5413533834586466,0.5942028985507246,113
2023-01-22,1035,100,92,65,46,8,19,0.92,0.7076923076923077,138
2023-01-23,1035,120,84,61,45,36,16,0.7,0.7377049180327869,129
2023-01-24,1035,143,75,53,40,68,13,0.5244755244755245,0.7547169811320755,115
2023-01-25,1035,113,82,91,37,31,54,0.7256637168141593,0.4065934065934066,119
2023-01-26,1035,110,84,59,44,26,15,0.7636363636363637,0.7457627118644068,128
2023-01-27,1035,126,88,72,37,38,35,0.6984126984126984,0.5138888888888888,125
2023-01-28,1035,122,68,59,48,54,11,0.5573770491803278,0.8135593220338984,116
2023-01-29,1035,129,89,90,40,40,50,0.689922480620155,0.4444444444444444,129
2023-01-30,1035,127,93,80,44,34,36,0.7322834645669292,0.55,137
2023-01-31,1035,100,68,60,51,32,9,0.68,0.85,119
2023-02-01,1035,105,95,86,39,10,47,0.9047619047619048,0.45348837209302323,134
2023-02-02,1035,102,85,57,29,17,28,0.8333333333333334,0.5087719298245614,114
2023-02-03,1035,117,75,97,33,42,64,0.6410256410256411,0.3402061855670103,108
2023-02-04,1035,146,82,92,51,64,41,0.5616438356164384,0.5543478260869565,133
2023-02-05,1035,148,77,85,56,71,29,0.5202702702702703,0.6588235294117647,133
2023-02-06,1035,117,72,92,48,45,44,0.6153846153846154,0.5217391304347826,120
2023-02-07,1035,114,67,57,42,47,15,0.5877192982456141,0.7368421052631579,109
2023-02-08,1035,110,64,52,36,46,16,0.5818181818181818,0.6923076923076923,100
2023-02-09,1035,117,78,71,39,39,32,0.6666666666666666,0.5492957746478874,117
2023-02-10,1035,119,88,61,40,31,21,0.7394957983193278,0.6557377049180327,128
2023-02-11,1035,107,92,74,30,15,44,0.8598130841121495,0.40540540540540543,122
2023-02-12,1035,123,80,71,48,43,23,0.6504065040650406,0.676056338028169,128
2023-02-13,1035,119,70,80,46,49,34,0.5882352941176471,0.575,116
2023-02-14,1035,100,66,93,46,34,47,0.66,0.4946236559139785,112
2023-02-15,1035,126,80,94,41,46,53,0.6349206349206349,0.43617021276595747,121
2023-02-16,1035,106,78,72,50,28,22,0.7358490566037735,0.6944444444444444,128
2023-02-17,1035,120,70,87,25,50,62,0.5833333333333334,0.28735632183908044,95
2023-02-18,1035,124,83,91,49,41,42,0.6693548387096774,0.5384615384615384,132
2023-02-19,1035,145,53,90,39,92,51,0.36551724137931035,0.43333333333333335,92
2023-02-20,1035,117,75,90,29,42,61,0.6410256410256411,0.32222222222222224,104
2023-02-21,1035,101,82,57,44,19,13,0.8118811881188119,0.7719298245614035,126
2023-02-22,1035,148,77,94,31,71,63,0.5202702702702703,0.32978723404255317,108
2023-02-23,1035,134,88,63,43,46,20,0.6567164179104478,0.6825396825396826,131
2023-02-24,1035,112,75,99,39,37,60,0.6696428571428571,0.3939393939393939,114
2023-02-25,1035,142,79,75,40,63,35,0.5563380281690141,0.5333333333333333,119
2023-02-26,1035,126,77,96,40,49,56,0.6111111111111112,0.4166666666666667,117
2023-02-27,1035,126,97,57,48,29,9,0.7698412698412699,0.8421052631578947,145
2023-02-28,1035,144,83,68,36,61,32,0.5763888888888888,0.5294117647058824,119
2023-03-01,1035,111,72,82,40,39,42,0.6486486486486487,0.4878048780487805,112
2023-03-02,1035,116,88,85,42,28,43,0.7586206896551724,0.49411764705882355,130
2023-03-03,1035,128,75,94,47,53,47,0.5859375,0.5,122
2023-03-04,1035,137,90,62,26,47,36,0.656934306569343,0.41935483870967744,116
2023-03-05,1035,122,90,98,42,32,56,0.7377049180327869,0.42857142857142855,132
2023-03-06,1035,100,80,80,44,20,36,0.8,0.55,124
2023-03-07,1035,149,79,78,31,70,47,0.5302013422818792,0.3974358974358974,110
2023-03-08,1035,134,69,68,45,65,23,0.5149253731343284,0.6617647058823529,114
2023-03-09,1035,143,78,59,41,65,18,0.5454545454545454,0.6949152542372882,119
2023-03-10,1035,140,76,90,38,64,52,0.5428571428571428,0.4222222222222222,114
2023-03-11,1035,146,88,63,36,58,27,0.6027397260273972,0.5714285714285714,124
2023-03-12,1035,100,81,97,46,19,51,0.81,0.4742268041237113,127
2023-03-13,1035,135,76,72,36,59,36,0.562962962962963,0.5,112
2023-03-14,1035,104,66,92,33,38,59,0.6346153846153846,0.358695652173913,99
2023-03-15,1035,132,76,75,49,56,26,0.5757575757575758,0.6533333333333333,125
2023-03-16,1035,148,92,69,40,56,29,0.6216216216216216,0.5797101449275363,132
2023-03-17,1035,147,76,64,42,71,22,0.5170068027210885,0.65625,118
2023-03-18,1035,121,82,70,40,39,30,0.6776859504132231,0.5714285714285714,122
2023-03-19,1035,132,74,73,28,58,45,0.5606060606060606,0.3835616438356164,102
2023-03-20,1035,106,77,83,41,29,42,0.7264150943396226,0.4939759036144578,118
2023-03-21,1035,146,68,99,48,78,51,0.4657534246575342,0.48484848484848486,116
2023-03-22,1035,104,83,94,45,21,49,0.7980769230769231,0.4787234042553192,128
2023-03-23,1035,106,77,66,41,29,25,0.7264150943396226,0.6212121212121212,118
2023-03-24,1035,126,89,74,34,37,40,0.7063492063492064,0.4594594594594595,123
2023-03-25,1035,147,92,97,41,55,56,0.6258503401360545,0.422680412371134,133
2023-03-26,1035,100,83,66,35,17,31,0.83,0.5303030303030303,118
2023-03-27,1035,108,76,98,42,32,56,0.7037037037037037,0.42857142857142855,118
2023-03-28,1035,112,84,66,52,28,14,0.75,0.7878787878787878,136
2023-03-29,1035,104,68,62,36,36,26,0.6538461538461539,0.5806451612903226,104
2023-03-30,1035,100,73,81,36,27,45,0.73,0.4444444444444444,109
2023-03-31,1035,128,83,52,42,45,10,0.6484375,0.8076923076923077,125
2023-04-01,1035,121,78,86,36,43,50,0.6446280991735537,0.4186046511627907,114
2023-04-02,1035,100,74,99,49,26,50,0.74,0.494949494949495,123
2023-04-03,1035,125,82,80,33,43,47,0.656,0.4125,115
2023-04-04,1035,131,73,91,40,58,51,0.5572519083969466,0.43956043956043955,113
2023-04-05,1035,135,91,87,46,44,41,0.674074074074074,0.5287356321839081,137
2023-04-06,1035,148,88,68,39,60,29,0.5945945945945946,0.5735294117647058,127
2023-04-07,1035,123,84,66,33,39,33,0.6829268292682927,0.5,117
2023-04-08,1035,135,90,80,46,45,34,0.6666666666666666,0.575,136
2023-04-09,1035,141,77,57,24,64,33,0.5460992907801419,0.42105263157894735,101
2023-04-10,1035,134,71,54,49,63,5,0.5298507462686567,0.9074074074074074,120
2023-04-11,1035,104,89,60,39,15,21,0.8557692307692307,0.65,128
2023-04-12,1035,103,92,96,50,11,46,0.8932038834951457,0.5208333333333334,142
2023-04-13,1035,143,90,93,47,53,46,0.6293706293706294,0.5053763440860215,137
2023-04-14,1035,117,77,99,43,40,56,0.6581196581196581,0.43434343434343436,120
2023-04-15,1035,135,82,88,38,53,50,0.6074074074074074,0.4318181818181818,120
2023-04-16,1035,126,84,83,28,42,55,0.6666666666666666,0.3373493975903614,112
2023-04-17,1035,116,83,51,30,33,21,0.7155172413793104,0.5882352941176471,113
2023-04-18,1035,123,75,86,40,48,46,0.6097560975609756,0.46511627906976744,115
2023-04-19,1035,110,80,55,32,30,23,0.7272727272727273,0.5818181818181818,112
2023-04-20,1035,140,82,60,49,58,11,0.5857142857142857,0.8166666666666667,131
2023-04-21,1035,120,94,69,56,26,13,0.7833333333333333,0.8115942028985508,150
2023-04-22,1035,138,72,64,34,66,30,0.5217391304347826,0.53125,106
2023-04-23,1035,106,88,63,40,18,23,0.8301886792452831,0.6349206349206349,128
2023-04-24,1035,128,93,71,39,35,32,0.7265625,0.5492957746478874,132
2023-04-25,1035,150,80,77,43,70,34,0.5333333333333333,0.5584415584415584,123
2023-04-26,1035,125,61,60,43,64,17,0.488,0.7166666666666667,104
2023-04-27,1035,142,89,80,36,53,44,0.6267605633802817,0.45,125
2023-04-28,1035,105,73,60,33,32,27,0.6952380952380952,0.55,106
2023-04-29,1035,134,79,93,34,55,59,0.5895522388059702,0.3655913978494624,113
2023-04-30,1035,143,81,66,51,62,15,0.5664335664335665,0.7727272727272727,132
2023-05-01,1035,103,91,82,48,12,34,0.883495145631068,0.5853658536585366,139
2023-05-02,1035,106,77,83,37,29,46,0.7264150943396226,0.4457831325301205,114
2023-05-03,1035,145,85,70,49,60,21,0.5862068965517241,0.7,134
2023-05-04,1035,128,70,77,46,58,31,0.546875,0.5974025974025974,116
2023-05-05,1035,110,64,60,37,46,23,0.5818181818181818,0.6166666666666667,101
2023-05-06,1035,127,96,77,34,31,43,0.7559055118110236,0.44155844155844154,130
2023-05-07,1035,125,71,72,48,54,24,0.568,0.6666666666666666,119
2023-05-08,1035,105,84,66,44,21,22,0.8,0.6666666666666666,128
2023-05-09,1035,118,81,72,51,37,21,0.6864406779661016,0.7083333333333334,132
2023-05-10,1035,110,75,70,56,35,14,0.6818181818181818,0.8,131
2023-05-11,1035,149,87,96,46,62,50,0.5838926174496645,0.4791666666666667,133
2023-05-12,1035,107,67,91,49,40,42,0.6261682242990654,0.5384615384615384,116
2023-05-13,1035,119,59,82,42,60,40,0.4957983193277311,0.5121951219512195,101
2023-05-14,1035,128,88,76,46,40,30,0.6875,0.6052631578947368,134
2023-05-15,1035,147,74,85,23,73,62,0.5034013605442177,0.27058823529411763,97
2023-05-16,1035,149,86,100,53,63,47,0.5771812080536913,0.53,139
2023-05-17,1035,109,82,76,43,27,33,0.7522935779816514,0.5657894736842105,125
2023-05-18,1035,143,71,75,42,72,33,0.4965034965034965,0.56,113
2023-05-19,1035,147,73,73,42,74,31,0.4965986394557823,0.5753424657534246,115
2023-05-20,1035,134,72,56,34,62,22,0.5373134328358209,0.6071428571428571,106
2023-05-21,1035,146,71,52,38,75,14,0.4863013698630137,0.7307692307692307,109
2023-05-22,1035,104,76,65,34,28,31,0.7307692307692307,0.5230769230769231,110
2023-05-23,1035,132,64,73,51,68,22,0.48484848484848486,0.6986301369863014,115
2023-05-24,1035,146,78,66,55,68,11,0.5342465753424658,0.8333333333333334,133
2023-05-25,1035,150,78,94,39,72,55,0.52,0.4148936170212766,117
2023-05-26,1035,147,61,99,51,86,48,0.41496598639455784,0.5151515151515151,112
2023-05-27,1035,107,72,89,42,35,47,0.6728971962616822,0.47191011235955055,114
2023-05-28,1035,118,80,100,38,38,62,0.6779661016949152,0.38,118
2023-05-29,1035,109,72,66,32,37,34,0.6605504587155964,0.48484848484848486,104
2023-05-30,1035,121,85,79,37,36,42,0.7024793388429752,0.46835443037974683,122
2023-05-31,1035,127,77,98,42,50,56,0.6062992125984252,0.42857142857142855,119
2023-06-01,1035,143,82,73,44,61,29,0.5734265734265734,0.6027397260273972,126
2023-06-02,1035,125,71,65,40,54,25,0.568,0.6153846153846154,111
2023-06-03,1035,127,77,88,31,50,57,0.6062992125984252,0.3522727272727273,108
2023-06-04,1035,135,67,89,36,68,53,0.4962962962962963,0.4044943820224719,103
2023-06-05,1035,143,77,50,50,66,0,0.5384615384615384,1,127
2023-06-06,1035,133,81,67,37,52,30,0.6090225563909775,0.5522388059701493,118
2023-06-07,1035,113,80,93,43,33,50,0.7079646017699115,0.46236559139784944,123
2023-06-08,1035,102,77,53,31,25,22,0.7549019607843137,0.5849056603773585,108
2023-06-09,1035,123,79,74,28,44,46,0.6422764227642277,0.3783783783783784,107
2023-06-10,1035,116,70,68,30,46,38,0.603448275862069,0.4411764705882353,100
2023-06-11,1035,147,75,51,32,72,19,0.5102040816326531,0.6274509803921569,107
2023-06-12,1035,150,73,67,48,77,19,0.4866666666666667,0.7164179104477612,121
2023-06-13,1035,126,80,98,46,46,52,0.6349206349206349,0.46938775510204084,126
2023-06-14,1035,120,65,56,34,55,22,0.5416666666666666,0.6071428571428571,99
2023-06-15,1035,120,77,79,35,43,44,0.6416666666666667,0.4430379746835443,112
2023-06-16,1035,147,89,81,44,58,37,0.6054421768707483,0.5432098765432098,133
2023-06-17,1035,141,98,72,48,43,24,0.6950354609929078,0.6666666666666666,146
2023-06-18,1035,150,74,54,33,76,21,0.49333333333333335,0.6111111111111112,107
2023-06-19,1035,132,64,70,44,68,26,0.48484848484848486,0.6285714285714286,108
2023-06-20,1035,129,69,83,38,60,45,0.5348837209302325,0.4578313253012048,107
2023-06-21,1035,130,101,79,31,29,48,0.7769230769230769,0.3924050632911392,132
2023-06-22,1035,102,91,71,37,11,34,0.8921568627450981,0.5211267605633803,128
2023-06-23,1035,143,79,96,38,64,58,0.5524475524475524,0.3958333333333333,117
2023-06-24,1035,104,100,69,33,4,36,0.9615384615384616,0.4782608695652174,133
2023-06-25,1035,110,95,62,36,15,26,0.8636363636363636,0.5806451612903226,131
2023-06-26,1035,135,92,72,35,43,37,0.6814814814814815,0.4861111111111111,127
2023-06-27,1035,118,87,61,36,31,25,0.7372881355932204,0.5901639344262295,123
2023-06-28,1035,100,77,73,37,23,36,0.77,0.5068493150684932,114
2023-06-29,1035,114,67,60,36,47,24,0.5877192982456141,0.6,103
2023-06-30,1035,149,75,100,51,74,49,0.5033557046979866,0.51,126
2023-07-01,1035,128,64,52,38,64,14,0.5,0.7307692307692307,102
2023-07-02,1035,136,73,95,48,63,47,0.5367647058823529,0.5052631578947369,121
2023-07-03,1035,139,84,97,38,55,59,0.60431654676259,0.3917525773195876,122
2023-07-04,1035,116,83,63,40,33,23,0.7155172413793104,0.6349206349206349,123
2023-07-05,1035,103,87,60,54,16,6,0.8446601941747572,0.9,141
2023-07-06,1035,109,71,57,46,38,11,0.6513761467889908,0.8070175438596491,117
2023-07-07,1035,138,82,95,44,56,51,0.5942028985507246,0.4631578947368421,126
2023-07-08,1035,146,73,59,37,73,22,0.5,0.6271186440677966,110
2023-07-09,1035,123,83,77,48,40,29,0.6747967479674797,0.6233766233766234,131
2023-07-10,1035,130,75,99,40,55,59,0.5769230769230769,0.40404040404040403,115
2023-07-11,1035,128,78,99,41,50,58,0.609375,0.41414141414141414,119
2023-07-12,1035,139,64,57,50,75,7,0.460431654676259,0.8771929824561403,114
2023-07-13,1035,142,69,65,43,73,22,0.4859154929577465,0.6615384615384615,112
2023-07-14,1035,102,77,85,47,25,38,0.7549019607843137,0.5529411764705883,124
2023-07-15,1035,114,77,82,37,37,45,0.6754385964912281,0.45121951219512196,114
2023-07-16,1035,136,66,66,49,70,17,0.4852941176470588,0.7424242424242424,115
2023-07-17,1035,103,72,94,47,31,47,0.6990291262135923,0.5,119
2023-07-18,1035,135,79,51,39,56,12,0.5851851851851851,0.7647058823529411,118
2023-07-19,1035,135,80,50,40,55,10,0.5925925925925926,0.8,120
2023-07-20,1035,104,78,50,30,26,20,0.75,0.6,108
2023-07-21,1035,145,92,94,40,53,54,0.6344827586206897,0.425531914893617,132
2023-07-22,1035,122,96,68,39,26,29,0.7868852459016393,0.5735294117647058,135
2023-07-23,1035,116,80,91,47,36,44,0.6896551724137931,0.5164835164835165,127
2023-07-24,1035,113,89,83,35,24,48,0.7876106194690266,0.42168674698795183,124
2023-07-25,1035,140,95,54,36,45,18,0.6785714285714286,0.6666666666666666,131
2023-07-26,1035,146,73,89,47,73,42,0.5,0.5280898876404494,120
2023-07-27,1035,123,70,59,41,53,18,0.5691056910569106,0.6949152542372882,111
2023-07-28,1035,120,67,93,44,53,49,0.5583333333333333,0.4731182795698925,111
2023-07-29,1035,132,70,76,48,62,28,0.5303030303030303,0.631578947368421,118
2023-07-30,1035,142,91,59,34,51,25,0.6408450704225352,0.576271186440678,125
2023-07-31,1035,145,80,97,46,65,51,0.5517241379310345,0.4742268041237113,126
2023-08-01,1035,124,85,75,39,39,36,0.6854838709677419,0.52,124
2023-08-02,1035,147,90,74,47,57,27,0.6122448979591837,0.6351351351351351,137
2023-08-03,1035,133,74,66,53,59,13,0.556390977443609,0.803030303030303,127
2023-08-04,1035,106,76,74,52,30,22,0.71698113207547165,0.7027027027027027,128
2023-08-05,1035,115,84,96,43,31,53,0.7304347826086957,0.4479166666666667,127
2023-08-06,1035,119,73,85,50,46,35,0.6134453781512605,0.5882352941176471,123
2023-08-07,1035,109,77,75,35,32,40,0.7064220183486238,0.4666666666666667,112
2023-08-08,1035,129,79,57,32,50,25,0.6124031007751938,0.5614035087719298,111
2023-08-09,1035,123,80,68,45,43,23,0.6504065040650406,0.6617647058823529,125
2023-08-10,1035,125,76,97,32,49,65,0.608,0.32989690721649484,108
2023-08-11,1035,100,88,87,46,12,41,0.88,0.5287356321839081,134
2023-08-12,1035,113,89,98,39,24,59,0.7876106194690266,0.3979591836734694,128
2023-08-13,1035,101,90,63,36,11,27,0.8910891089108911,0.5714285714285714,126
2023-08-14,1035,125,90,50,33,35,17,0.72,0.66,123
2023-08-15,1035,104,74,89,40,30,49,0.7115384615384616,0.449438202247191,114
2023-08-16,1035,133,85,86,49,48,37,0.6390977443609023,0.5697674418604651,134
2023-08-17,1035,105,93,65,43,12,22,0.8857142857142857,0.6615384615384615,136
2023-08-18,1035,138,73,87,29,65,58,0.5289855072463768,0.3333333333333333,102
2023-08-19,1035,136,83,95,39,53,56,0.6102941176470589,0.4105263157894737,122
2023-08-20,1035,122,72,60,36,50,24,0.5901639344262295,0.6,108
2023-08-21,1035,108,74,89,37,34,52,0.6851851851851852,0.4157303370786517,111
2023-08-22,1035,122,88,57,35,34,22,0.7213114754098361,0.6140350877192983,123
2023-08-23,1035,106,80,67,41,26,26,0.7547169811320755,0.6119402985074627,121
2023-08-24,1035,148,81,88,37,67,51,0.5472972972972973,0.42045454545454547,118
2023-08-25,1035,134,84,67,40,50,27,0.6268656716417911,0.5970149253731343,124
2023-08-26,1035,122,56,78,45,66,33,0.45901639344262296,0.5769230769230769,101
2023-08-27,1035,129,71,86,38,58,48,0.5503875968992248,0.4418604651162791,109
2023-08-28,1035,147,93,58,37,54,21,0.6326530612244898,0.6379310344827587,130
2023-08-29,1035,117,85,66,38,32,28,0.7264957264957265,0.5757575757575758,123
2023-08-30,1035,128,89,58,35,39,23,0.6953125,0.603448275862069,124
2023-08-31,1035,143,80,66,36,63,30,0.5594405594405595,0.5454545454545454,116
2023-09-01,1035,142,81,76,44,61,32,0.5704225352112676,0.5789473684210527,125
2023-09-02,1035,144,87,54,30,57,24,0.6041666666666666,0.5555555555555556,117
2023-09-03,1035,132,74,73,39,58,34,0.5606060606060606,0.5342465753424658,113
2023-09-04,1035,122,89,67,40,33,27,0.7295081967213115,0.5970149253731343,129
2023-09-05,1035,148,70,71,38,78,33,0.47297297297297297,0.5352112676056338,108
2023-09-06,1035,150,84,88,30,66,58,0.56,0.3409090909090909,114
2023-09-07,1035,134,74,90,29,60,61,0.5522388059701493,0.32222222222222224,103
2023-09-08,1035,102,99,91,35,3,56,0.9705882352941176,0.38461538461538464,134
2023-09-09,1035,122,85,60,32,37,28,0.6967213114754098,0.5333333333333333,117
2023-09-10,1035,115,78,87,39,37,48,0.6782608695652174,0.4482758620689655,117
2023-09-11,1035,121,66,91,45,55,46,0.5454545454545454,0.4945054945054945,111
2023-09-12,1035,119,71,90,41,48,49,0.5966386554621849,0.45555555555555555,112
2023-09-13,1035,150,77,69,37,73,32,0.5133333333333333,0.5362318840579711,114
2023-09-14,1035,144,92,65,45,52,20,0.6388888888888888,0.6923076923076923,137
2023-09-15,1035,143,82,57,38,61,19,0.5734265734265734,0.6666666666666666,120
2023-09-16,1035,118,84,84,34,34,50,0.711864406779661,0.40476190476190477,118
2023-09-17,1035,100,66,63,43,34,20,0.66,0.6825396825396826,109
2023-09-18,1035,136,70,76,46,66,30,0.5147058823529411,0.6052631578947368,116
2023-09-19,1035,150,83,97,41,67,56,0.5533333333333333,0.422680412371134,124
2023-09-20,1035,129,86,72,38,43,34,0.6666666666666666,0.5277777777777778,124
2023-09-21,1035,126,88,90,33,38,57,0.6984126984126984,0.36666666666666664,121
2023-09-22,1035,106,80,79,38,26,41,0.7547169811320755,0.4810126582278481,118
2023-09-23,1035,114,81,51,46,33,5,0.7105263157894737,0.9019607843137255,127
2023-09-24,1035,112,83,69,35,29,34,0.7410714285714286,0.5072463768115942,118
2023-09-25,1035,135,75,66,39,60,27,0.5555555555555556,0.5909090909090909,114
2023-09-26,1035,140,84,56,38,56,18,0.6,0.6785714285714286,122
2023-09-27,1035,108,83,73,38,25,35,0.7685185185185185,0.5205479452054794,121
2023-09-28,1035,137,67,96,38,70,58,0.48905109489051096,0.3958333333333333,105
2023-09-29,1035,120,71,100,31,49,69,0.5916666666666667,0.31,102
2023-09-30,1035,147,91,71,32,56,39,0.6190476190476191,0.4507042253521127,123
2023-10-01,1035,131,100,72,40,31,32,0.7633587786259542,0.5555555555555556,140
2023-10-02,1035,108,76,87,46,32,41,0.7037037037037037,0.5287356321839081,122
2023-10-03,1035,109,88,79,43,21,36,0.8073394495412844,0.5443037974683544,131
2023-10-04,1035,125,73,62,49,52,13,0.584,0.7903225806451613,122
2023-10-05,1035,104,78,65,42,26,23,0.75,0.6461538461538462,120
2023-10-06,1035,138,77,54,37,61,17,0.5579710144927537,0.6851851851851852,114
2023-10-07,1035,124,67,76,32,57,44,0.5403225806451613,0.42105263157894735,99
2023-10-08,1035,113,89,60,41,24,19,0.7876106194690266,0.6833333333333333,130
2023-10-09,1035,129,84,84,31,45,53,0.6511627906976745,0.36904761904761907,115
2023-10-10,1035,107,82,74,47,25,27,0.7663551401869159,0.6351351351351351,129
2023-10-11,1035,119,79,68,42,40,26,0.6638655462184874,0.6176470588235294,121
2023-10-12,1035,124,65,56,33,59,23,0.5241935483870968,0.5892857142857143,98
2023-10-13,1035,111,73,100,34,38,66,0.6576576576576577,0.34,107
2023-10-14,1035,109,95,91,38,14,53,0.8715596330275229,0.4175824175824176,133
2023-10-15,1035,117,74,55,40,43,15,0.6324786324786325,0.7272727272727273,114
2023-10-16,1035,118,67,70,45,51,25,0.5677966101694916,0.6428571428571429,112
2023-10-17,1035,116,95,84,32,21,52,0.8189655172413793,0.38095238095238093,127
2023-10-18,1035,131,82,55,55,49,0,0.6259541984732825,1,137
2023-10-19,1035,146,89,55,46,57,9,0.6095890410958904,0.8363636363636363,135
2023-10-20,1035,114,71,93,47,43,46,0.6228070175438597,0.5053763440860215,118
2023-10-21,1035,114,72,97,37,42,60,0.631578947368421,0.38144329896907214,109
2023-10-22,1035,122,73,66,39,49,27,0.5983606557377049,0.5909090909090909,112
2023-10-23,1035,133,89,84,49,44,35,0.6691729323308271,0.5833333333333334,138
2023-10-24,1035,103,74,97,47,29,50,0.7184466019417476,0.4845360824742268,121
2023-10-25,1035,115,83,50,41,32,9,0.7217391304347827,0.82,124
2023-10-26,1035,136,75,77,46,61,31,0.5514705882352942,0.5974025974025974,121
2023-10-27,1035,107,93,78,36,14,42,0.8691588785046729,0.46153846153846156,129
2023-10-28,1035,133,92,52,47,41,5,0.6917293233082706,0.9038461538461539,139
2023-10-29,1035,150,75,83,46,75,37,0.5,0.5542168674698795,121
2023-10-30,1035,105,65,64,37,40,27,0.6190476190476191,0.578125,102
2023-10-31,1035,143,79,62,37,64,25,0.5524475524475524,0.5967741935483871,116
2023-11-01,1035,120,71,94,38,49,56,0.5916666666666667,0.40425531914893614,109
2023-11-02,1035,140,78,64,40,62,24,0.5571428571428572,0.625,118
2023-11-03,1035,115,79,54,30,36,24,0.6869565217391305,0.5555555555555556,109
2023-11-04,1035,100,81,99,40,19,59,0.81,0.40404040404040403,121
2023-11-05,1035,102,89,67,35,13,32,0.8725490196078431,0.5223880597014925,124
2023-11-06,1035,119,70,96,36,49,60,0.5882352941176471,0.375,106
2023-11-07,1035,141,72,83,48,69,35,0.5106382978723404,0.5783132530120482,120
2023-11-08,1035,137,76,69,47,61,22,0.5547445255474452,0.6811594202898551,123
2023-11-09,1035,111,96,91,41,15,50,0.8648648648648649,0.45054945054945056,137
2023-11-10,1035,100,92,89,40,8,49,0.92,0.449438202247191,132
2023-11-11,1035,143,88,89,41,55,48,0.6153846153846154,0.4606741573033708,129
2023-11-12,1035,116,84,52,52,32,0,0.7241379310344828,1,136
2023-11-13,1035,147,85,97,34,62,63,0.5782312925170068,0.35051546391752575,119
2023-11-14,1035,134,76,93,29,58,64,0.5671641791044776,0.3118279569892473,105
2023-11-15,1035,138,76,62,49,62,13,0.5507246376811594,0.7903225806451613,125
2023-11-16,1035,128,79,60,42,49,18,0.6171875,0.7,121
2023-11-17,1035,119,89,90,46,30,44,0.7478991596638656,0.5111111111111111,135
2023-11-18,1035,100,81,80,53,19,27,0.81,0.6625,134
2023-11-19,1035,149,81,54,34,68,20,0.5436241610738255,0.6296296296296297,115
2023-11-20,1035,127,89,50,50,38,0,0.7007874015748031,1,139
2023-11-21,1035,138,81,68,57,57,11,0.5869565217391305,0.8382352941176471,138
2023-11-22,1035,106,81,79,36,25,43,0.7641509433962265,0.45569620253164556,117
2023-11-23,1035,142,79,51,46,63,5,0.5563380281690141,0.9019607843137255,125
2023-11-24,1035,132,92,73,35,40,38,0.696969696969697,0.4794520547945205,127
2023-11-25,1035,118,94,62,44,24,18,0.7966101694915254,0.7096774193548387,138
2023-11-26,1035,109,73,67,39,36,28,0.6697247706422018,0.582089552238806,112
2023-11-27,1035,144,87,96,45,57,51,0.6041666666666666,0.46875,132
2023-11-28,1035,116,86,60,41,30,19,0.7413793103448276,0.6833333333333333,127
2023-11-29,1035,120,88,81,26,32,55,0.7333333333333333,0.32098765432098764,114
2023-11-30,1035,117,99,74,35,18,39,0.8461538461538461,0.47297297297297297,134
2023-12-01,1035,109,85,50,35,24,15,0.7798165137614679,0.7,120
2023-12-02,1035,100,85,84,39,15,45,0.85,0.4642857142857143,124
2023-12-03,1035,101,84,54,43,17,11,0.8316831683168316,0.7962962962962963,127
2023-12-04,1035,144,91,76,29,53,47,0.6319444444444444,0.3815789473684211,120
2023-12-05,1035,150,87,66,39,63,27,0.58,0.5909090909090909,126
2023-12-06,1035,122,68,50,37,54,13,0.5573770491803278,0.74,105
2023-12-07,1035,109,82,60,38,27,22,0.7522935779816514,0.6333333333333333,120
2023-12-08,1035,148,62,75,51,86,24,0.4189189189189189,0.68,113
2023-12-09,1035,142,84,94,48,58,46,0.5915492957746479,0.5106382978723404,132
2023-12-10,1035,125,77,86,42,48,44,0.616,0.4883720930232558,119
2023-12-11,1035,128,91,76,38,37,38,0.7109375,0.5,129
2023-12-12,1035,133,76,66,43,57,23,0.5714285714285714,0.6515151515151515,119
2023-12-13,1035,109,66,77,43,43,34,0.6055045871559633,0.5584415584415584,109
2023-12-14,1035,119,82,80,45,37,35,0.6890756302521008,0.5625,127
2023-12-15,1035,146,73,80,43,73,37,0.5,0.5375,116
2023-12-16,1035,128,75,87,39,53,48,0.5859375,0.4482758620689655,114
2023-12-17,1035,147,81,96,37,66,59,0.5510204081632653,0.3854166666666667,118
2023-12-18,1035,131,81,77,43,50,34,0.6183206106870229,0.5584415584415584,124
2023-12-19,1035,107,82,79,33,25,46,0.7663551401869159,0.4177215189873418,115
2023-12-20,1035,111,94,72,42,17,30,0.8468468468468469,0.5833333333333334,136
2023-12-21,1035,102,94,84,48,8,36,0.9215686274509803,0.5714285714285714,142
2023-12-22,1035,148,64,52,42,84,10,0.43243243243243246,0.8076923076923077,106
2023-12-23,1035,106,64,92,40,42,52,0.6037735849056604,0.43478260869565216,104
2023-12-24,1035,116,99,73,46,17,27,0.853448275862069,0.6301369863013698,145
2023-12-25,1035,142,93,79,46,49,33,0.6549295774647887,0.5822784810126582,139
2023-12-26,1035,108,78,62,49,30,13,0.7222222222222222,0.7903225806451613,127
2023-12-27,1035,127,84,81,33,43,48,0.6614173228346457,0.4074074074074074,117
2023-12-28,1035,100,78,93,39,22,54,0.78,0.41935483870967744,117
2023-12-29,1035,125,58,60,31,67,29,0.464,0.5166666666666667,89
2023-12-30,1035,130,69,98,44,61,54,0.5307692307692308,0.4489795918367347,113
2023-12-31,1035,141,84,80,29,57,51,0.5957446808510638,0.3625,113
2023-01-01,1036,114,70,78,34,44,44,0.6140350877192983,0.4358974358974359,104
2023-01-02,1036,143,91,59,51,52,8,0.6363636363636364,0.864406779661017,142
2023-01-03,1036,145,78,67,42,67,25,0.5379310344827586,0.6268656716417911,120
2023-01-04,1036,140,76,83,41,64,42,0.5428571428571428,0.4939759036144578,117
2023-01-05,1036,105,74,95,48,31,47,0.7047619047619048,0.5052631578947369,122
2023-01-06,1036,142,74,98,43,68,55,0.5211267605633803,0.4387755102040816,117
2023-01-07,1036,107,61,79,43,46,36,0.5700934579439252,0.5443037974683544,104
2023-01-08,1036,146,91,94,40,55,54,0.6232876712328768,0.425531914893617,131
2023-01-09,1036,146,87,76,40,59,36,0.5958904109589042,0.5263157894736842,127
2023-01-10,1036,110,84,82,35,26,47,0.7636363636363637,0.4268292682926829,119
2023-01-11,1036,141,76,58,37,65,21,0.5390070921985816,0.6379310344827587,113
2023-01-12,1036,125,88,96,30,37,66,0.704,0.3125,118
2023-01-13,1036,147,68,97,49,79,48,0.46258503401360546,0.5051546391752577,117
2023-01-14,1036,117,77,66,37,40,29,0.6581196581196581,0.5606060606060606,114
2023-01-15,1036,148,74,93,33,74,60,0.5,0.3548387096774194,107
2023-01-16,1036,102,78,65,44,24,21,0.7647058823529411,0.676923076923077,122
2023-01-17,1036,135,78,83,46,57,37,0.5777777777777777,0.5542168674698795,124
2023-01-18,1036,100,78,79,32,22,47,0.78,0.4050632911392405,110
2023-01-19,1036,114,66,56,37,48,19,0.5789473684210527,0.6607142857142857,103
2023-01-20,1036,149,75,69,36,74,33,0.5033557046979866,0.5217391304347826,111
2023-01-21,1036,143,71,65,38,72,27,0.4965034965034965,0.5846153846153846,109
2023-01-22,1036,134,84,75,30,50,45,0.6268656716417911,0.4,114
2023-01-23,1036,123,85,50,28,38,22,0.6910569105691057,0.56,113
2023-01-24,1036,139,77,67,46,62,21,0.5539568345323741,0.6865671641791045,123
2023-01-25,1036,135,87,69,36,48,33,0.6444444444444445,0.5217391304347826,123
2023-01-26,1036,112,86,64,45,26,19,0.7678571428571429,0.703125,131
2023-01-27,1036,100,99,94,39,1,55,0.99,0.4148936170212766,138
2023-01-28,1036,124,94,64,44,30,20,0.7580645161290323,0.6875,138
2023-01-29,1036,114,85,77,40,29,37,0.7456140350877193,0.5194805194805194,125
2023-01-30,1036,109,64,69,44,45,25,0.5871559633027523,0.6376811594202898,108
2023-01-31,1036,134,107,72,42,27,30,0.7985074626865671,0.5833333333333334,149
2023-02-01,1036,146,86,88,45,60,43,0.589041095890411,0.5113636363636364,131
2023-02-02,1036,108,89,62,37,19,25,0.8240740740740741,0.5967741935483871,126
2023-02-03,1036,116,70,56,37,46,19,0.603448275862069,0.6607142857142857,107
2023-02-04,1036,113,85,73,42,28,31,0.7522123893805309,0.5753424657534246,127
2023-02-05,1036,149,92,64,38,57,26,0.6174496644295302,0.59375,130
2023-02-06,1036,142,75,95,41,67,54,0.528169014084507,0.43157894736842106,116
2023-02-07,1036,136,81,98,46,55,52,0.5955882352941176,0.46938775510204084,127
2023-02-08,1036,129,76,50,31,53,19,0.5891472868217055,0.62,107
2023-02-09,1036,137,84,90,46,53,44,0.6131386861313869,0.5111111111111111,130
2023-02-10,1036,107,73,98,27,34,71,0.6822429906542056,0.2755102040816326,100
2023-02-11,1036,139,67,53,35,72,18,0.48201438848920863,0.660377358490566,102
2023-02-12,1036,142,86,89,45,56,44,0.6056338028169014,0.5056179775280899,131
2023-02-13,1036,100,76,65,30,24,35,0.76,0.46153846153846156,106
2023-02-14,1036,121,90,93,34,31,59,0.743801652892562,0.3655913978494624,124
2023-02-15,1036,124,72,75,45,52,30,0.5806451612903226,0.6,117
2023-02-16,1036,142,82,75,47,60,28,0.5774647887323944,0.6266666666666667,129
2023-02-17,1036,144,88,90,43,56,47,0.6111111111111112,0.4777777777777778,131
2023-02-18,1036,142,80,52,48,62,4,0.5633802816901409,0.9230769230769231,128
2023-02-19,1036,104,78,68,31,26,37,0.75,0.45588235294117646,109
2023-02-20,1036,131,78,74,40,53,34,0.5954198473282443,0.5405405405405406,118
2023-02-21,1036,144,99,61,36,45,25,0.6875,0.5901639344262295,135
2023-02-22,1036,140,87,85,31,53,54,0.6214285714285714,0.36470588235294116,118
2023-02-23,1036,125,92,50,37,33,13,0.736,0.74,129
2023-02-24,1036,149,90,75,49,59,26,0.6040268456375839,0.6533333333333333,139
2023-02-25,1036,118,87,63,30,31,33,0.7372881355932204,0.47619047619047616,117
2023-02-26,1036,103,77,54,38,26,16,0.7475728155339806,0.7037037037037037,115
2023-02-27,1036,113,96,98,44,17,54,0.8495575221238938,0.4489795918367347,140
2023-02-28,1036,106,79,83,35,27,48,0.7452830188679245,0.42168674698795183,114
2023-03-01,1036,139,96,89,45,43,44,0.6906474820143885,0.5056179775280899,141
2023-03-02,1036,139,88,85,34,51,51,0.6330935251798561,0.4,122
2023-03-03,1036,118,85,51,41,33,10,0.7203389830508474,0.803921568627451,126
2023-03-04,1036,126,79,58,43,47,15,0.626984126984127,0.7413793103448276,122
2023-03-05,1036,145,70,96,42,75,54,0.4827586206896552,0.4375,112
2023-03-06,1036,145,79,92,38,66,54,0.5448275862068965,0.41304347826086957,117
2023-03-07,1036,116,82,66,35,34,31,0.7068965517241379,0.5303030303030303,117
2023-03-08,1036,147,83,61,35,64,26,0.564625850340136,0.5737704918032787,118
2023-03-09,1036,143,86,57,37,57,20,0.6013986013986014,0.6491228070175439,123
2023-03-10,1036,123,79,97,33,44,64,0.6422764227642277,0.3402061855670103,112
2023-03-11,1036,142,73,99,36,69,63,0.5140845070422535,0.36363636363636365,109
2023-03-12,1036,137,60,55,48,77,7,0.43795620437956206,0.8727272727272727,108
2023-03-13,1036,144,73,75,48,71,27,0.5069444444444444,0.64,121
2023-03-14,1036,142,83,79,51,59,28,0.5845070422535211,0.6455696202531646,134
2023-03-15,1036,110,85,71,44,25,27,0.7727272727272727,0.6197183098591549,129
2023-03-16,1036,146,83,84,43,63,41,0.5684931506849316,0.5119047619047619,126
2023-03-17,1036,129,77,51,50,52,1,0.5968992248062015,0.9803921568627451,127
2023-03-18,1036,116,80,54,37,36,17,0.6896551724137931,0.6851851851851852,117
2023-03-19,1036,139,86,63,56,53,7,0.6187050359712231,0.8888888888888888,142
2023-03-20,1036,132,82,90,48,50,42,0.6212121212121212,0.5333333333333333,130
2023-03-21,1036,107,78,53,48,29,5,0.7289719626168224,0.9056603773584906,126
2023-03-22,1036,147,85,100,35,62,65,0.5782312925170068,0.35,120
2023-03-23,1036,121,90,68,38,31,30,0.743801652892562,0.5588235294117647,128
2023-03-24,1036,111,89,99,37,22,62,0.8018018018018018,0.37373737373737376,126
2023-03-25,1036,110,84,67,45,26,22,0.7636363636363637,0.6716417910447762,129
2023-03-26,1036,124,84,86,31,40,55,0.6774193548387096,0.36046511627906974,115
2023-03-27,1036,139,83,94,28,56,66,0.5971223021582733,0.2978723404255319,111
2023-03-28,1036,105,77,77,44,28,33,0.7333333333333333,0.5714285714285714,121
2023-03-29,1036,124,84,77,52,40,25,0.6774193548387096,0.6753246753246753,136
2023-03-30,1036,121,81,68,34,40,34,0.6694214876033058,0.5,115
2023-03-31,1036,107,77,84,49,30,35,0.719626168224299,0.5833333333333334,126
2023-04-01,1036,106,63,88,29,43,59,0.5943396226415094,0.32954545454545453,92
2023-04-02,1036,142,79,71,35,63,36,0.5563380281690141,0.49295774647887325,114
2023-04-03,1036,116,102,77,37,14,40,0.8793103448275862,0.4805194805194805,139
2023-04-04,1036,100,75,82,44,25,38,0.75,0.5365853658536586,119
2023-04-05,1036,120,78,84,39,42,45,0.65,0.4642857142857143,117
2023-04-06,1036,103,68,94,28,35,66,0.6601941747572816,0.2978723404255319,96
2023-04-07,1036,138,87,95,42,51,53,0.6304347826086957,0.4421052631578947,129
2023-04-08,1036,139,69,98,47,70,51,0.49640287769784175,0.47959183673469385,116
2023-04-09,1036,105,90,85,44,15,41,0.8571428571428571,0.5176470588235295,134
2023-04-10,1036,118,76,73,43,42,30,0.6440677966101694,0.589041095890411,119
2023-04-11,1036,129,99,82,50,30,32,0.7674418604651163,0.6097560975609756,149
2023-04-12,1036,108,70,95,34,38,61,0.6481481481481481,0.35789473684210527,104
2023-04-13,1036,137,88,65,49,49,16,0.6423357664233577,0.7538461538461538,137
2023-04-14,1036,140,58,69,41,82,28,0.4142857142857143,0.5942028985507246,99
2023-04-15,1036,103,81,81,29,22,52,0.7864077669902912,0.35802469135802467,110
2023-04-16,1036,132,86,70,36,46,34,0.6515151515151515,0.5142857142857142,122
2023-04-17,1036,112,68,81,44,44,37,0.6071428571428571,0.5432098765432098,112
2023-04-18,1036,103,81,81,50,22,31,0.7864077669902912,0.6172839506172839,131
2023-04-19,1036,106,68,94,42,38,52,0.6415094339622641,0.44680851063829785,110
2023-04-20,1036,118,60,78,35,58,43,0.5084745762711864,0.44871794871794873,95
2023-04-21,1036,114,71,99,38,43,61,0.6228070175438597,0.3838383838383838,109
2023-04-22,1036,144,79,65,40,65,25,0.5486111111111112,0.6153846153846154,119
2023-04-23,1036,142,89,88,41,53,47,0.6267605633802817,0.4659090909090909,130
2023-04-24,1036,132,84,94,42,48,52,0.6363636363636364,0.44680851063829785,126
2023-04-25,1036,147,80,79,36,67,43,0.54421768707483,0.45569620253164556,116
2023-04-26,1036,148,89,72,42,59,30,0.6013513513513513,0.5833333333333334,131
2023-04-27,1036,141,83,94,39,58,55,0.5886524822695035,0.4148936170212766,122
2023-04-28,1036,129,85,63,36,44,27,0.6589147286821705,0.5714285714285714,121
2023-04-29,1036,102,82,57,30,20,27,0.803921568627451,0.5263157894736842,112
2023-04-30,1036,133,71,90,41,62,49,0.5338345864661654,0.45555555555555555,112
2023-05-01,1036,107,73,59,38,34,21,0.6822429906542056,0.6440677966101694,111
2023-05-02,1036,121,80,51,37,41,14,0.6611570247933884,0.7254901960784313,117
2023-05-03,1036,112,81,67,47,31,20,0.7232142857142857,0.7014925373134329,128
2023-05-04,1036,115,90,77,38,25,39,0.782608695652174,0.4935064935064935,128
2023-05-05,1036,138,83,57,40,55,17,0.6014492753623188,0.7017543859649122,123
2023-05-06,1036,107,82,80,36,25,44,0.7663551401869159,0.45,118
2023-05-07,1036,122,82,92,43,40,49,0.6721311475409836,0.4673913043478261,125
2023-05-08,1036,150,72,96,42,78,54,0.48,0.4375,114
2023-05-09,1036,109,92,51,34,17,17,0.8440366972477065,0.6666666666666666,126
2023-05-10,1036,134,92,83,41,42,42,0.6865671641791045,0.4939759036144578,133
2023-05-11,1036,130,80,93,29,50,64,0.6153846153846154,0.3118279569892473,109
2023-05-12,1036,138,67,98,36,71,62,0.4855072463768116,0.3673469387755102,103
2023-05-13,1036,129,69,52,45,60,7,0.5348837209302325,0.8653846153846154,114
2023-05-14,1036,106,84,64,43,22,21,0.7924528301886793,0.671875,127
2023-05-15,1036,133,75,88,39,58,49,0.5639097744360902,0.4431818181818182,114
2023-05-16,1036,118,81,92,39,37,53,0.6864406779661016,0.42391304347826086,120
2023-05-17,1036,102,85,97,39,17,58,0.8333333333333334,0.4020618556701031,124
2023-05-18,1036,140,95,50,42,45,8,0.6785714285714286,0.84,137
2023-05-19,1036,129,84,78,29,45,49,0.6511627906976745,0.3717948717948718,113
2023-05-20,1036,137,76,75,37,61,38,0.5547445255474452,0.49333333333333335,113
2023-05-21,1036,122,85,59,48,37,11,0.6967213114754098,0.8135593220338984,133
2023-05-22,1036,133,80,65,42,53,23,0.6015037593984962,0.6461538461538462,122
2023-05-23,1036,107,96,58,43,11,15,0.897196261682243,0.7413793103448276,139
2023-05-24,1036,110,81,68,31,29,37,0.7363636363636363,0.45588235294117646,112
2023-05-25,1036,112,99,95,36,13,59,0.8839285714285714,0.37894736842105264,135
2023-05-26,1036,106,74,66,38,32,28,0.6981132075471698,0.5757575757575758,112
2023-05-27,1036,104,85,65,38,19,27,0.8173076923076923,0.5846153846153846,123
2023-05-28,1036,138,82,73,40,56,33,0.5942028985507246,0.547945205479452,122
2023-05-29,1036,137,88,90,51,49,39,0.6423357664233577,0.5666666666666667,139
2023-05-30,1036,138,79,52,33,59,19,0.572463768115942,0.6346153846153846,112
2023-05-31,1036,139,80,84,35,59,49,0.5755395683453237,0.4166666666666667,115
2023-06-01,1036,137,77,97,32,60,65,0.5620437956204379,0.32989690721649484,109
2023-06-02,1036,150,87,55,43,63,12,0.58,0.7818181818181819,130
2023-06-03,1036,143,70,63,34,73,29,0.48951048951048953,0.5396825396825397,104
2023-06-04,1036,128,64,75,44,64,31,0.5,0.5866666666666667,108
2023-06-05,1036,138,84,90,41,54,49,0.6086956521739131,0.45555555555555555,125
2023-06-06,1036,149,84,84,39,65,45,0.5637583892617449,0.4642857142857143,123
2023-06-07,1036,141,72,56,34,69,22,0.5106382978723404,0.6071428571428571,106
2023-06-08,1036,117,67,74,29,50,45,0.5726495726495726,0.3918918918918919,96
2023-06-09,1036,137,65,73,41,72,32,0.4744525547445255,0.5616438356164384,106
2023-06-10,1036,136,80,54,46,56,8,0.5882352941176471,0.8518518518518519,126
2023-06-11,1036,104,66,73,40,38,33,0.6346153846153846,0.547945205479452,106
2023-06-12,1036,104,100,97,53,4,44,0.9615384615384616,0.5463917525773195,153
2023-06-13,1036,150,86,57,36,64,21,0.5733333333333334,0.631578947368421,122
2023-06-14,1036,115,57,75,31,58,44,0.4956521739130435,0.41333333333333333,88
2023-06-15,1036,122,91,76,44,31,32,0.7459016393442623,0.5789473684210527,135
2023-06-16,1036,143,86,50,35,57,15,0.6013986013986014,0.7,121
2023-06-17,1036,124,76,94,37,48,57,0.6129032258064516,0.39361702127659576,113
2023-06-18,1036,145,89,94,37,56,57,0.6137931034482759,0.39361702127659576,126
2023-06-19,1036,119,90,60,35,29,25,0.7563025210084033,0.5833333333333334,125
2023-06-20,1036,149,74,85,43,75,42,0.49664429530201343,0.5058823529411764,117
2023-06-21,1036,131,83,61,48,48,13,0.6335877862595419,0.7868852459016393,131
2023-06-22,1036,142,77,98,44,65,54,0.5422535211267606,0.4489795918367347,121
2023-06-23,1036,132,90,59,43,42,16,0.6818181818181818,0.7288135593220338,133
2023-06-24,1036,110,72,91,43,38,48,0.6545454545454545,0.4725274725274725,115
2023-06-25,1036,105,78,60,50,27,10,0.7428571428571429,0.8333333333333334,128
2023-06-26,1036,127,87,57,30,40,27,0.6850393700787402,0.5263157894736842,117
2023-06-27,1036,141,76,95,41,65,54,0.5390070921985816,0.43157894736842106,117
2023-06-28,1036,122,86,91,38,36,53,0.7049180327868853,0.4175824175824176,124
2023-06-29,1036,128,84,71,34,44,37,0.65625,0.4788732394366197,118
2023-06-30,1036,146,86,54,42,60,12,0.589041095890411,0.7777777777777778,128
2023-07-01,1036,146,82,61,42,64,19,0.5616438356164384,0.6885245901639344,124
2023-07-02,1036,139,87,55,41,52,14,0.6258992805755396,0.7454545454545455,128
2023-07-03,1036,147,76,81,23,71,58,0.5170068027210885,0.2839506172839506,99
2023-07-04,1036,147,80,99,44,67,55,0.54421768707483,0.4444444444444444,124
2023-07-05,1036,128,79,59,34,49,25,0.6171875,0.576271186440678,113
2023-07-06,1036,116,90,74,34,26,40,0.7758620689655172,0.4594594594594595,124
2023-07-07,1036,143,92,92,28,51,64,0.6433566433566433,0.30434782608695654,120
2023-07-08,1036,138,83,89,50,55,39,0.6014492753623188,0.5617977528089888,133
2023-07-09,1036,120,84,65,39,36,26,0.7,0.6,123
2023-07-10,1036,124,83,64,38,41,26,0.6693548387096774,0.59375,121
2023-07-11,1036,149,82,64,40,67,24,0.5503355704697986,0.625,122
2023-07-12,1036,103,101,77,38,2,39,0.9805825242718447,0.4935064935064935,139
2023-07-13,1036,150,76,91,29,74,62,0.5066666666666667,0.31868131868131866,105
2023-07-14,1036,121,77,99,51,44,48,0.6363636363636364,0.5151515151515151,128
2023-07-15,1036,115,97,72,42,18,30,0.8434782608695652,0.5833333333333334,139
2023-07-16,1036,102,85,67,45,17,22,0.8333333333333334,0.6716417910447762,130
2023-07-17,1036,107,88,81,50,19,31,0.822429906542056,0.6172839506172839,138
2023-07-18,1036,120,73,82,38,47,44,0.6083333333333333,0.4634146341463415,111
2023-07-19,1036,106,82,66,38,24,28,0.7735849056603774,0.5757575757575758,120
2023-07-20,1036,128,80,54,38,48,16,0.625,0.7037037037037037,118
2023-07-21,1036,134,95,80,40,39,40,0.7089552238805971,0.5,135
2023-07-22,1036,106,91,54,45,15,9,0.8584905660377359,0.8333333333333334,136
2023-07-23,1036,104,87,65,47,17,18,0.8365384615384616,0.7230769230769231,134
2023-07-24,1036,130,86,74,46,44,28,0.6615384615384615,0.6216216216216216,132
2023-07-25,1036,147,69,100,25,78,75,0.46938775510204084,0.25,94
2023-07-26,1036,121,85,84,40,36,44,0.7024793388429752,0.47619047619047616,125
2023-07-27,1036,113,79,55,33,34,22,0.6991150442477876,0.6,112
2023-07-28,1036,148,102,90,45,46,45,0.6891891891891891,0.5,147
2023-07-29,1036,128,77,85,50,51,35,0.6015625,0.5882352941176471,127
2023-07-30,1036,126,88,62,33,38,29,0.6984126984126984,0.532258064516129,121
2023-07-31,1036,123,72,61,38,51,23,0.5853658536585366,0.6229508196721312,110
2023-08-01,1036,119,76,86,42,43,44,0.6386554621848739,0.4883720930232558,118
2023-08-02,1036,109,78,95,47,31,48,0.7155963302752294,0.49473684210526314,125
2023-08-03,1036,124,84,56,42,40,14,0.6774193548387096,0.75,126
2023-08-04,1036,149,78,72,37,71,35,0.5234899328859061,0.5138888888888888,115
2023-08-05,1036,150,69,58,44,81,14,0.46,0.7586206896551724,113
2023-08-06,1036,141,88,71,29,53,42,0.624113475177305,0.4084507042253521,117
2023-08-07,1036,123,80,50,30,43,20,0.6504065040650406,0.6,110
2023-08-08,1036,110,83,72,33,27,39,0.7545454545454545,0.4583333333333333,116
2023-08-09,1036,142,68,55,33,74,22,0.4788732394366197,0.6,101
2023-08-10,1036,102,87,87,28,15,59,0.8529411764705882,0.3218390804597701,115
2023-08-11,1036,117,80,91,42,37,49,0.6837606837606838,0.46153846153846156,122
2023-08-12,1036,102,74,74,48,28,26,0.7254901960784313,0.6486486486486487,122
2023-08-13,1036,146,74,65,36,72,29,0.5068493150684932,0.5538461538461539,110
2023-08-14,1036,101,81,66,31,20,35,0.801980198019802,0.4696969696969697,112
2023-08-15,1036,100,76,93,40,24,53,0.76,0.43010752688172044,116
2023-08-16,1036,131,89,85,35,42,50,0.6793893129770993,0.4117647058823529,124
2023-08-17,1036,105,80,73,31,25,42,0.7619047619047619,0.4246575342465753,111
2023-08-18,1036,106,75,71,42,31,29,0.7075471698113207,0.5915492957746479,117
2023-08-19,1036,150,73,54,36,77,18,0.4866666666666667,0.6666666666666666,109
2023-08-20,1036,119,84,94,44,35,50,0.7058823529411765,0.46808510638297873,128
2023-08-21,1036,124,87,97,39,37,58,0.7016129032258065,0.4020618556701031,126
2023-08-22,1036,105,83,81,40,22,41,0.7904761904761904,0.49382716049382713,123
2023-08-23,1036,113,95,54,40,18,14,0.8407079646017699,0.7407407407407407,135
2023-08-24,1036,123,87,68,44,36,24,0.7073170731707317,0.6470588235294118,131
2023-08-25,1036,135,80,67,35,55,32,0.5925925925925926,0.5223880597014925,115
2023-08-26,1036,150,69,75,33,81,42,0.46,0.44,102
2023-08-27,1036,125,81,83,28,44,55,0.648,0.3373493975903614,109
2023-08-28,1036,130,98,79,36,32,43,0.7538461538461538,0.45569620253164556,134
2023-08-29,1036,138,69,72,37,69,35,0.5,0.5138888888888888,106
2023-08-30,1036,147,84,77,42,63,35,0.5714285714285714,0.5454545454545454,126
2023-08-31,1036,148,73,74,37,75,37,0.49324324324324326,0.5,110
2023-09-01,1036,133,84,67,44,49,23,0.631578947368421,0.6567164179104478,128
2023-09-02,1036,121,70,69,44,51,25,0.5785123966942148,0.6376811594202898,114
2023-09-03,1036,101,86,86,37,15,49,0.8514851485148515,0.43023255813953487,123
2023-09-04,1036,111,92,87,39,19,48,0.8288288288288288,0.4482758620689655,131
2023-09-05,1036,118,75,65,35,43,30,0.635593220338983,0.5384615384615384,110
2023-09-06,1036,117,76,70,35,41,35,0.6495726495726496,0.5,111
2023-09-07,1036,147,84,66,34,63,32,0.5714285714285714,0.5151515151515151,118
2023-09-08,1036,100,83,60,35,17,25,0.83,0.5833333333333334,118
2023-09-09,1036,112,90,57,31,22,26,0.8035714285714286,0.543859649122807,121
2023-09-10,1036,135,86,97,46,49,51,0.6370370370370371,0.4742268041237113,132
2023-09-11,1036,132,90,66,42,42,24,0.6818181818181818,0.6363636363636364,132
2023-09-12,1036,126,93,73,33,33,40,0.7380952380952381,0.4520547945205479,126
2023-09-13,1036,117,68,69,41,49,28,0.5811965811965812,0.5942028985507246,109
2023-09-14,1036,104,69,60,34,35,26,0.6634615384615384,0.5666666666666667,103
2023-09-15,1036,114,85,97,42,29,55,0.7456140350877193,0.4329896907216495,127
2023-09-16,1036,145,77,58,40,68,18,0.5310344827586206,0.6896551724137931,117
2023-09-17,1036,133,86,100,36,47,64,0.6466165413533834,0.36,122
2023-09-18,1036,145,83,79,32,62,47,0.5724137931034483,0.4050632911392405,115
2023-09-19,1036,100,96,83,38,4,45,0.96,0.4578313253012048,134
2023-09-20,1036,116,79,90,40,37,50,0.6810344827586207,0.4444444444444444,119
2023-09-21,1036,101,94,58,51,7,7,0.9306930693069307,0.8793103448275862,145
2023-09-22,1036,112,78,64,49,34,15,0.6964285714285714,0.765625,127
2023-09-23,1036,110,84,76,35,26,41,0.7636363636363637,0.4605263157894737,119
2023-09-24,1036,144,66,100,34,78,66,0.4583333333333333,0.34,100
2023-09-25,1036,109,68,61,54,41,7,0.6238532110091743,0.8852459016393442,122
2023-09-26,1036,102,92,88,38,10,50,0.9019607843137255,0.4318181818181818,130
2023-09-27,1036,127,82,70,38,45,32,0.6456692913385826,0.5428571428571428,120
2023-09-28,1036,125,75,78,46,50,32,0.6,0.5897435897435898,121
2023-09-29,1036,115,80,96,40,35,56,0.6956521739130435,0.4166666666666667,120
2023-09-30,1036,112,77,66,45,35,21,0.6875,0.6818181818181818,122
2023-10-01,1036,134,86,53,44,48,9,0.6417910447761194,0.8301886792452831,130
2023-10-02,1036,106,73,66,37,33,29,0.6886792452830188,0.5606060606060606,110
2023-10-03,1036,144,74,60,42,70,18,0.5138888888888888,0.7,116
2023-10-04,1036,119,70,78,35,49,43,0.5882352941176471,0.44871794871794873,105
2023-10-05,1036,118,89,88,44,29,44,0.7542372881355932,0.5,133
2023-10-06,1036,123,68,50,41,55,9,0.5528455284552846,0.82,109
2023-10-07,1036,113,75,83,45,38,38,0.6637168141592921,0.54216867469879515,120
2023-10-08,1036,144,73,93,42,71,51,0.5069444444444444,0.45161290322580644,115
2023-10-09,1036,132,83,66,45,49,21,0.6287878787878788,0.6818181818181818,128
2023-10-10,1036,117,75,64,42,42,22,0.6410256410256411,0.65625,117
2023-10-11,1036,144,80,81,37,64,44,0.5555555555555556,0.4567901234567901,117
2023-10-12,1036,101,84,63,41,17,22,0.8316831683168316,0.6507936507936508,125
2023-10-13,1036,104,90,79,32,14,47,0.8653846153846154,0.4050632911392405,122
2023-10-14,1036,135,74,83,45,61,38,0.5481481481481482,0.54216867469879515,119
2023-10-15,1036,141,77,77,46,64,31,0.5460992907801419,0.5974025974025974,123
2023-10-16,1036,128,78,67,56,50,11,0.609375,0.835820895522388,134
2023-10-17,1036,114,65,82,46,49,36,0.5701754385964912,0.5609756097560976,111
2023-10-18,1036,150,68,81,38,82,43,0.4533333333333333,0.4691358024691358,106
2023-10-19,1036,113,81,59,50,32,9,0.7168141592920354,0.847457627118644,131
2023-10-20,1036,137,78,84,41,59,43,0.5693430656934306,0.4880952380952381,119
2023-10-21,1036,113,88,78,39,25,39,0.7787610619469026,0.5,127
2023-10-22,1036,106,76,100,41,30,59,0.71698113207547165,0.41,117
2023-10-23,1036,105,73,98,41,32,57,0.6952380952380952,0.41836734693877553,114
2023-10-24,1036,128,82,82,40,46,42,0.640625,0.4878048780487805,122
2023-10-25,1036,115,82,68,46,33,22,0.7130434782608696,0.6764705882352942,128
2023-10-26,1036,128,80,93,47,48,46,0.625,0.5053763440860215,127
2023-10-27,1036,141,87,85,46,54,39,0.6170212765957447,0.5411764705882353,133
2023-10-28,1036,121,116,50,36,5,14,0.9586776859504132,0.72,152
2023-10-29,1036,117,85,54,43,32,11,0.7264957264957265,0.7962962962962963,128
2023-10-30,1036,117,93,76,36,24,40,0.7948717948717948,0.47368421052631576,129
2023-10-31,1036,143,98,50,50,45,0,0.6853146853146853,1,148
2023-11-01,1036,148,86,61,29,62,32,0.581081081081081,0.47540983606557374,115
2023-11-02,1036,134,105,56,41,29,15,0.7835820895522388,0.7321428571428571,146
2023-11-03,1036,139,68,96,49,71,47,0.4892086330935252,0.5104166666666666,117
2023-11-04,1036,137,61,52,31,76,21,0.44525547445255476,0.5961538461538461,92
2023-11-05,1036,144,65,68,36,79,32,0.4513888888888889,0.5294117647058824,101
2023-11-06,1036,133,83,55,42,50,13,0.6240601503759399,0.7636363636363637,125
2023-11-07,1036,143,81,54,41,62,13,0.5664335664335665,0.7592592592592593,122
2023-11-08,1036,138,90,89,50,48,39,0.6521739130434783,0.5617977528089888,140
2023-11-09,1036,123,75,50,34,48,16,0.6097560975609756,0.68,109
2023-11-10,1036,135,70,57,42,65,15,0.5185185185185185,0.7368421052631579,112
2023-11-11,1036,125,75,79,39,50,40,0.6,0.4936708860759494,114
2023-11-12,1036,131,80,81,32,51,49,0.6106870229007634,0.3950617283950617,112
2023-11-13,1036,141,91,53,40,50,13,0.6453900709219859,0.7547169811320755,131
2023-11-14,1036,102,90,76,46,12,30,0.8823529411764706,0.6052631578947368,136
2023-11-15,1036,145,83,99,37,62,62,0.5724137931034483,0.37373737373737376,120
2023-11-16,1036,143,85,66,43,58,23,0.5944055944055944,0.6515151515151515,128
2023-11-17,1036,143,74,51,47,69,4,0.5174825174825175,0.9215686274509803,121
2023-11-18,1036,121,74,65,46,47,19,0.6115702479338843,0.7076923076923077,120
2023-11-19,1036,107,78,83,36,29,47,0.7289719626168224,0.43373493975903615,114
2023-11-20,1036,108,80,77,33,28,44,0.7407407407407407,0.42857142857142855,113
2023-11-21,1036,140,75,94,41,65,53,0.5357142857142857,0.43617021276595747,116
2023-11-22,1036,112,81,80,48,31,32,0.7232142857142857,0.6,129
2023-11-23,1036,138,87,57,48,51,9,0.6304347826086957,0.8421052631578947,135
2023-11-24,1036,103,63,58,40,40,18,0.6116504854368932,0.6896551724137931,103
2023-11-25,1036,132,82,69,47,50,22,0.6212121212121212,0.6811594202898551,129
2023-11-26,1036,141,99,55,44,42,11,0.7021276595744681,0.8,143
2023-11-27,1036,110,76,95,42,34,53,0.6909090909090909,0.4421052631578947,118
2023-11-28,1036,108,70,51,42,38,9,0.6481481481481481,0.8235294117647058,112
2023-11-29,1036,103,75,76,37,28,39,0.7281553398058253,0.4868421052631579,112
2023-11-30,1036,110,82,84,36,28,48,0.7454545454545455,0.42857142857142855,118
2023-12-01,1036,121,68,59,32,53,27,0.5619834710743802,0.5423728813559322,100
2023-12-02,1036,107,102,68,48,5,20,0.9532710280373832,0.7058823529411765,150
2023-12-03,1036,135,89,50,41,46,9,0.6592592592592592,0.82,130
2023-12-04,1036,145,68,83,37,77,46,0.4689655172413793,0.4457831325301205,105
2023-12-05,1036,144,82,55,51,62,4,0.5694444444444444,0.9272727272727272,133
2023-12-06,1036,116,98,89,36,18,53,0.8448275862068966,0.4044943820224719,134
2023-12-07,1036,103,89,80,38,14,42,0.8640776699029126,0.475,127
2023-12-08,1036,137,65,59,33,72,26,0.4744525547445255,0.559322033898305,98
2023-12-09,1036,110,90,84,43,20,41,0.8181818181818182,0.5119047619047619,133
2023-12-10,1036,112,84,59,47,28,12,0.75,0.7966101694915254,131
2023-12-11,1036,149,76,80,54,73,26,0.5100671140939598,0.675,130
2023-12-12,1036,111,75,87,33,36,54,0.6756756756756757,0.3793103448275862,108
2023-12-13,1036,114,86,82,50,28,32,0.7543859649122807,0.6097560975609756,136
2023-12-14,1036,112,72,72,44,40,28,0.6428571428571429,0.6111111111111112,116
2023-12-15,1036,101,69,54,31,32,23,0.6831683168316832,0.5740740740740741,100
2023-12-16,1036,111,78,60,40,33,20,0.7027027027027027,0.6666666666666666,118
2023-12-17,1036,141,93,98,44,48,54,0.6595744680851063,0.4489795918367347,137
2023-12-18,1036,142,83,80,39,59,41,0.5845070422535211,0.4875,122
2023-12-19,1036,127,66,95,48,61,47,0.5196850393700787,0.5052631578947369,114
2023-12-20,1036,126,68,83,35,58,48,0.5396825396825397,0.42168674698795183,103
2023-12-21,1036,138,77,61,28,61,33,0.5579710144927537,0.45901639344262296,105
2023-12-22,1036,134,84,52,34,50,18,0.6268656716417911,0.6538461538461539,118
2023-12-23,1036,102,91,90,33,11,57,0.8921568627450981,0.36666666666666664,124
2023-12-24,1036,115,88,54,35,27,19,0.7652173913043478,0.6481481481481481,123
2023-12-25,1036,128,94,51,44,34,7,0.734375,0.8627450980392157,138
2023-12-26,1036,114,85,54,36,29,18,0.7456140350877193,0.6666666666666666,121
2023-12-27,1036,114,82,58,47,32,11,0.7192982456140351,0.8103448275862069,129
2023-12-28,1036,103,91,80,34,12,46,0.883495145631068,0.425,125
2023-12-29,1036,113,80,58,40,33,18,0.7079646017699115,0.6896551724137931,120
2023-12-30,1036,144,85,57,45,59,12,0.5902777777777778,0.7894736842105263,130
2023-12-31,1036,121,80,57,39,41,18,0.6611570247933884,0.6842105263157895,119
2023-01-01,1037,129,73,76,49,56,27,0.5658914728682171,0.6447368421052632,122
2023-01-02,1037,120,85,65,41,35,24,0.7083333333333334,0.6307692307692307,126
2023-01-03,1037,118,95,57,33,23,24,0.8050847457627118,0.5789473684210527,128
2023-01-04,1037,110,89,57,34,21,23,0.8090909090909091,0.5964912280701754,123
2023-01-05,1037,124,76,66,37,48,29,0.6129032258064516,0.5606060606060606,113
2023-01-06,1037,131,81,90,39,50,51,0.6183206106870229,0.43333333333333335,120
2023-01-07,1037,138,89,89,33,49,56,0.644927536231884,0.3707865168539326,122
2023-01-08,1037,128,76,55,39,52,16,0.59375,0.7090909090909091,115
2023-01-09,1037,108,85,98,33,23,65,0.7870370370370371,0.336734693877551,118
2023-01-10,1037,117,81,71,34,36,37,0.6923076923076923,0.4788732394366197,115
2023-01-11,1037,100,87,56,45,13,11,0.87,0.8035714285714286,132
2023-01-12,1037,142,85,99,40,57,59,0.5985915492957746,0.40404040404040403,125
2023-01-13,1037,112,73,98,37,39,61,0.6517857142857143,0.37755102040816324,110
2023-01-14,1037,119,89,53,42,30,11,0.7478991596638656,0.7924528301886793,131
2023-01-15,1037,127,76,93,32,51,61,0.5984251968503937,0.34408602150537637,108
2023-01-16,1037,140,76,68,44,64,24,0.5428571428571428,0.6470588235294118,120
2023-01-17,1037,144,79,56,37,65,19,0.5486111111111112,0.6607142857142857,116
2023-01-18,1037,126,73,75,54,53,21,0.5793650793650794,0.72,127
2023-01-19,1037,141,75,87,26,66,61,0.5319148936170213,0.2988505747126437,101
2023-01-20,1037,111,64,52,39,47,13,0.5765765765765766,0.75,103
2023-01-21,1037,149,77,70,52,72,18,0.5167785234899329,0.7428571428571429,129
2023-01-22,1037,103,82,55,35,21,20,0.7961165048543689,0.6363636363636364,117
2023-01-23,1037,127,88,82,34,39,48,0.6929133858267716,0.4146341463414634,122
2023-01-24,1037,115,75,61,48,40,13,0.6521739130434783,0.7868852459016393,123
2023-01-25,1037,149,82,77,32,67,45,0.5503355704697986,0.4155844155844156,114
2023-01-26,1037,126,78,92,49,48,43,0.6190476190476191,0.532608695652174,127
2023-01-27,1037,130,86,99,44,44,55,0.6615384615384615,0.4444444444444444,130
2023-01-28,1037,139,97,54,35,42,19,0.697841726618705,0.6481481481481481,132
2023-01-29,1037,114,87,67,51,27,16,0.7631578947368421,0.7611940298507462,138
2023-01-30,1037,107,67,96,46,40,50,0.6261682242990654,0.4791666666666667,113
2023-01-31,1037,105,64,59,51,41,8,0.6095238095238096,0.864406779661017,115
2023-02-01,1037,149,60,100,46,89,54,0.40268456375838924,0.46,106
2023-02-02,1037,122,78,70,35,44,35,0.639344262295082,0.5,113
2023-02-03,1037,129,82,73,43,47,30,0.6356589147286822,0.589041095890411,125
2023-02-04,1037,107,93,84,39,14,45,0.8691588785046729,0.4642857142857143,132
2023-02-05,1037,137,80,77,39,57,38,0.583941605839416,0.5064935064935064,119
2023-02-06,1037,146,77,75,37,69,38,0.5273972602739726,0.49333333333333335,114
2023-02-07,1037,147,79,81,45,68,36,0.5374149659863946,0.5555555555555556,124
2023-02-08,1037,131,79,98,33,52,65,0.6030534351145038,0.336734693877551,112
2023-02-09,1037,106,79,56,44,27,12,0.7452830188679245,0.7857142857142857,123
2023-02-10,1037,117,89,53,34,28,19,0.7606837606837606,0.6415094339622641,123
2023-02-11,1037,121,78,78,37,43,41,0.6446280991735537,0.47435897435897434,115
2023-02-12,1037,132,70,81,41,62,40,0.5303030303030303,0.5061728395061729,111
2023-02-13,1037,114,79,55,39,35,16,0.6929824561403509,0.7090909090909091,118
2023-02-14,1037,132,92,76,33,40,43,0.696969696969697,0.4342105263157895,125
2023-02-15,1037,118,84,86,33,34,53,0.711864406779661,0.38372093023255816,117
2023-02-16,1037,131,80,50,44,51,6,0.6106870229007634,0.88,124
2023-02-17,1037,146,67,65,29,79,36,0.4589041095890411,0.4461538461538462,96
2023-02-18,1037,137,66,80,39,71,41,0.48175182481751827,0.4875,105
2023-02-19,1037,129,88,66,46,41,20,0.6821705426356589,0.696969696969697,134
2023-02-20,1037,113,92,51,48,21,3,0.8141592920353983,0.9411764705882353,140
2023-02-21,1037,133,73,73,36,60,37,0.5488721804511278,0.4931506849315068,109
2023-02-22,1037,132,88,99,33,44,66,0.6666666666666666,0.3333333333333333,121
2023-02-23,1037,132,88,73,40,44,33,0.6666666666666666,0.547945205479452,128
2023-02-24,1037,150,95,92,37,55,55,0.6333333333333333,0.40217391304347827,132
2023-02-25,1037,133,91,81,42,42,39,0.6842105263157895,0.5185185185185185,133
2023-02-26,1037,150,79,92,31,71,61,0.5266666666666666,0.33695652173913043,110
2023-02-27,1037,117,68,66,37,49,29,0.5811965811965812,0.5606060606060606,105
2023-02-28,1037,127,75,84,39,52,45,0.5905511811023622,0.4642857142857143,114
2023-03-01,1037,121,63,59,45,58,14,0.5206611570247934,0.7627118644067796,108
2023-03-02,1037,150,75,59,35,75,24,0.5,0.5932203389830508,110
2023-03-03,1037,143,80,98,33,63,65,0.5594405594405595,0.336734693877551,113
2023-03-04,1037,103,75,52,35,28,17,0.7281553398058253,0.6730769230769231,110
2023-03-05,1037,141,84,70,34,57,36,0.5957446808510638,0.4857142857142857,118
2023-03-06,1037,115,64,56,42,51,14,0.5565217391304348,0.75,106
2023-03-07,1037,119,81,65,50,38,15,0.680672268907563,0.7692307692307693,131
2023-03-08,1037,111,82,84,43,29,41,0.7387387387387387,0.5119047619047619,125
2023-03-09,1037,116,89,91,38,27,53,0.7672413793103449,0.4175824175824176,127
2023-03-10,1037,108,79,99,39,29,60,0.7314814814814815,0.3939393939393939,118
2023-03-11,1037,147,84,78,37,63,41,0.5714285714285714,0.47435897435897434,121
2023-03-12,1037,106,83,80,39,23,41,0.78301886792452835,0.4875,122
2023-03-13,1037,117,79,81,35,38,46,0.6752136752136753,0.43209876543209874,114
2023-03-14,1037,114,76,66,38,38,28,0.6666666666666666,0.5757575757575758,114
2023-03-15,1037,124,84,86,39,40,47,0.6774193548387096,0.45348837209302323,123
2023-03-16,1037,141,66,82,37,75,45,0.46808510638297873,0.45121951219512196,103
2023-03-17,1037,115,93,61,35,22,26,0.808695652173913,0.5737704918032787,128
2023-03-18,1037,105,92,82,36,13,46,0.8761904761904762,0.43902439024390244,128
2023-03-19,1037,122,82,54,48,40,6,0.6721311475409836,0.8888888888888888,130
2023-03-20,1037,150,107,74,47,43,27,0.7133333333333334,0.6351351351351351,154
2023-03-21,1037,138,77,66,36,61,30,0.5579710144927537,0.5454545454545454,113
2023-03-22,1037,108,88,74,36,20,38,0.8148148148148148,0.4864864864864865,124
2023-03-23,1037,120,87,69,33,33,36,0.725,0.4782608695652174,120
2023-03-24,1037,136,84,62,28,52,34,0.6176470588235294,0.45161290322580644,112
2023-03-25,1037,140,70,53,41,70,12,0.5,0.7735849056603774,111
2023-03-26,1037,150,70,60,51,80,9,0.4666666666666667,0.85,121
2023-03-27,1037,102,82,88,40,20,48,0.803921568627451,0.45454545454545453,122
2023-03-28,1037,110,79,59,34,31,25,0.7181818181818181,0.576271186440678,113
2023-03-29,1037,113,78,75,45,35,30,0.6902654867256637,0.6,123
2023-03-30,1037,109,83,89,52,26,37,0.7614678899082569,0.5842696629213483,135
2023-03-31,1037,102,79,59,42,23,17,0.7745098039215687,0.711864406779661,121
2023-04-01,1037,140,76,84,35,64,49,0.5428571428571428,0.4166666666666667,111
2023-04-02,1037,112,80,54,31,32,23,0.7142857142857143,0.5740740740740741,111
2023-04-03,1037,105,73,91,30,32,61,0.6952380952380952,0.32967032967032966,103
2023-04-04,1037,127,77,70,41,50,29,0.6062992125984252,0.5857142857142857,118
2023-04-05,1037,123,79,64,34,44,30,0.6422764227642277,0.53125,113
2023-04-06,1037,116,74,98,32,42,66,0.6379310344827587,0.32653061224489793,106
2023-04-07,1037,150,90,97,43,60,54,0.6,0.44329896907216493,133
2023-04-08,1037,146,63,62,42,83,20,0.4315068493150685,0.6774193548387096,105
2023-04-09,1037,114,73,100,35,41,65,0.6403508771929824,0.35,108
2023-04-10,1037,109,86,57,38,23,19,0.7889908256880734,0.6666666666666666,124
2023-04-11,1037,102,82,79,38,20,41,0.803921568627451,0.4810126582278481,120
2023-04-12,1037,135,70,76,41,65,35,0.5185185185185185,0.5394736842105263,111
2023-04-13,1037,147,102,75,48,45,27,0.6938775510204082,0.64,150
2023-04-14,1037,110,88,58,25,22,33,0.8,0.43103448275862066,113
2023-04-15,1037,123,62,86,36,61,50,0.5040650406504065,0.4186046511627907,98
2023-04-16,1037,113,67,97,37,46,60,0.5929203539823009,0.38144329896907214,104
2023-04-17,1037,125,71,75,39,54,36,0.568,0.52,110
2023-04-18,1037,130,76,67,36,54,31,0.5846153846153846,0.5373134328358209,112
2023-04-19,1037,128,93,99,41,35,58,0.7265625,0.41414141414141414,134
2023-04-20,1037,142,87,73,37,55,36,0.6126760563380281,0.5068493150684932,124
2023-04-21,1037,143,79,54,42,64,12,0.5524475524475524,0.7777777777777778,121
2023-04-22,1037,141,71,55,38,70,17,0.5035460992907801,0.6909090909090909,109
2023-04-23,1037,112,65,67,36,47,31,0.5803571428571429,0.5373134328358209,101
2023-04-24,1037,121,95,75,44,26,31,0.7851239669421488,0.5866666666666667,139
2023-04-25,1037,104,89,97,43,15,54,0.8557692307692307,0.44329896907216493,132
2023-04-26,1037,123,80,96,42,43,54,0.6504065040650406,0.4375,122
2023-04-27,1037,137,69,61,47,68,14,0.5036496350364964,0.7704918032786885,116
2023-04-28,1037,113,70,93,53,43,40,0.6194690265486725,0.5698924731182796,123
2023-04-29,1037,101,83,61,37,18,24,0.8217821782178217,0.6065573770491803,120
2023-04-30,1037,100,96,66,32,4,34,0.96,0.48484848484848486,128
2023-05-01,1037,119,71,53,39,48,14,0.5966386554621849,0.7358490566037735,110
2023-05-02,1037,129,83,68,43,46,25,0.6434108527131783,0.6323529411764706,126
2023-05-03,1037,147,79,56,45,68,11,0.5374149659863946,0.8035714285714286,124
2023-05-04,1037,111,69,73,50,42,23,0.6216216216216216,0.684931506849315,119
2023-05-05,1037,148,87,59,54,61,5,0.5878378378378378,0.9152542372881356,141
2023-05-06,1037,141,70,93,43,71,50,0.49645390070921985,0.46236559139784944,113
2023-05-07,1037,134,97,75,41,37,34,0.7238805970149254,0.5466666666666666,138
2023-05-08,1037,148,89,72,38,59,34,0.6013513513513513,0.5277777777777778,127
2023-05-09,1037,126,82,97,31,44,66,0.6507936507936508,0.31958762886597936,113
2023-05-10,1037,112,78,53,30,34,23,0.6964285714285714,0.5660377358490566,108
2023-05-11,1037,145,58,93,49,87,44,0.4,0.5268817204301075,107
2023-05-12,1037,118,74,85,33,44,52,0.6271186440677966,0.38823529411764707,107
2023-05-13,1037,138,94,89,42,44,47,0.6811594202898551,0.47191011235955055,136
2023-05-14,1037,143,104,98,37,39,61,0.7272727272727273,0.37755102040816324,141
2023-05-15,1037,123,83,69,46,40,23,0.6747967479674797,0.6666666666666666,129
2023-05-16,1037,120,69,66,39,51,27,0.575,0.5909090909090909,108
2023-05-17,1037,121,89,84,33,32,51,0.7355371900826446,0.39285714285714285,122
2023-05-18,1037,124,74,52,39,50,13,0.5967741935483871,0.75,113
2023-05-19,1037,150,84,76,47,66,29,0.56,0.618421052631579,131
2023-05-20,1037,116,90,100,47,26,53,0.7758620689655172,0.47,137
2023-05-21,1037,141,83,62,45,58,17,0.5886524822695035,0.7258064516129032,128
2023-05-22,1037,134,91,79,43,43,36,0.6791044776119403,0.5443037974683544,134
2023-05-23,1037,137,81,73,44,56,29,0.5912408759124088,0.6027397260273972,125
2023-05-24,1037,113,63,55,38,50,17,0.5575221238938053,0.6909090909090909,101
2023-05-25,1037,138,77,50,42,61,8,0.5579710144927537,0.84,119
2023-05-26,1037,100,90,68,42,10,26,0.9,0.6176470588235294,132
2023-05-27,1037,149,108,68,41,41,27,0.7248322147651006,0.6029411764705882,149
2023-05-28,1037,138,85,52,24,53,28,0.6159420289855072,0.46153846153846156,109
2023-05-29,1037,116,83,97,51,33,46,0.7155172413793104,0.5257731958762887,134
2023-05-30,1037,142,88,96,33,54,63,0.6197183098591549,0.34375,121
2023-05-31,1037,133,83,86,48,50,38,0.6240601503759399,0.5581395348837209,131
2023-06-01,1037,123,91,50,41,32,9,0.7398373983739838,0.82,132
2023-06-02,1037,106,72,87,39,34,48,0.6792452830188679,0.4482758620689655,111
2023-06-03,1037,120,73,53,34,47,19,0.6083333333333333,0.6415094339622641,107
2023-06-04,1037,118,89,86,50,29,36,0.7542372881355932,0.5813953488372093,139
2023-06-05,1037,143,75,98,24,68,74,0.5244755244755245,0.24489795918367346,99
2023-06-06,1037,105,85,50,41,20,9,0.8095238095238095,0.82,126
2023-06-07,1037,123,74,99,38,49,61,0.6016260162601627,0.3838383838383838,112
2023-06-08,1037,111,81,92,32,30,60,0.7297297297297297,0.34782608695652173,113
2023-06-09,1037,140,89,77,36,51,41,0.6357142857142857,0.4675324675324675,125
2023-06-10,1037,137,75,75,43,62,32,0.5474452554744526,0.5733333333333334,118
2023-06-11,1037,112,78,66,41,34,25,0.6964285714285714,0.6212121212121212,119
2023-06-12,1037,100,96,94,45,4,49,0.96,0.4787234042553192,141
2023-06-13,1037,115,94,79,31,21,48,0.8173913043478261,0.3924050632911392,125
2023-06-14,1037,122,78,84,39,44,45,0.639344262295082,0.4642857142857143,117
2023-06-15,1037,141,99,99,43,42,56,0.7021276595744681,0.43434343434343436,142
2023-06-16,1037,116,82,80,39,34,41,0.7068965517241379,0.4875,121
2023-06-17,1037,104,84,71,35,20,36,0.8076923076923077,0.49295774647887325,119
2023-06-18,1037,141,66,83,46,75,37,0.46808510638297873,0.5542168674698795,112
2023-06-19,1037,104,92,85,38,12,47,0.8846153846153846,0.4470588235294118,130
2023-06-20,1037,116,87,74,40,29,34,0.75,0.5405405405405406,127
2023-06-21,1037,119,69,68,35,50,33,0.5798319327731093,0.5147058823529411,104
2023-06-22,1037,104,77,75,53,27,22,0.7403846153846154,0.7066666666666667,130
2023-06-23,1037,138,83,92,28,55,64,0.6014492753623188,0.30434782608695654,111
2023-06-24,1037,122,74,79,38,48,41,0.6065573770491803,0.4810126582278481,112
2023-06-25,1037,125,76,93,40,49,53,0.608,0.43010752688172044,116
2023-06-26,1037,129,104,71,49,25,22,0.8062015503875969,0.6901408450704225,153
2023-06-27,1037,123,60,97,42,63,55,0.4878048780487805,0.4329896907216495,102
2023-06-28,1037,148,85,71,40,63,31,0.5743243243243243,0.5633802816901409,125
2023-06-29,1037,135,73,92,33,62,59,0.5407407407407407,0.358695652173913,106
2023-06-30,1037,103,81,50,48,22,2,0.7864077669902912,0.96,129
2023-07-01,1037,135,63,88,42,72,46,0.4666666666666667,0.4772727272727273,105
2023-07-02,1037,143,77,67,38,66,29,0.5384615384615384,0.5671641791044776,115
2023-07-03,1037,118,89,94,37,29,57,0.7542372881355932,0.39361702127659576,126
2023-07-04,1037,127,76,70,34,51,36,0.5984251968503937,0.4857142857142857,110
2023-07-05,1037,134,93,76,40,41,36,0.6940298507462687,0.5263157894736842,133
2023-07-06,1037,149,73,76,38,76,38,0.4899328859060403,0.5,111
2023-07-07,1037,121,71,68,36,50,32,0.5867768595041323,0.5294117647058824,107
2023-07-08,1037,147,67,52,43,80,9,0.4557823129251701,0.8269230769230769,110
2023-07-09,1037,112,67,51,35,45,16,0.5982142857142857,0.6862745098039216,102
2023-07-10,1037,129,80,57,37,49,20,0.6201550387596899,0.6491228070175439,117
2023-07-11,1037,125,76,97,33,49,64,0.608,0.3402061855670103,109
2023-07-12,1037,143,59,58,37,84,21,0.4125874125874126,0.6379310344827587,96
2023-07-13,1037,105,94,61,44,11,17,0.8952380952380953,0.7213114754098361,138
2023-07-14,1037,110,86,73,45,24,28,0.7818181818181819,0.6164383561643836,131
2023-07-15,1037,142,76,90,35,66,55,0.5352112676056338,0.3888888888888889,111
2023-07-16,1037,109,90,91,47,19,44,0.8256880733944955,0.5164835164835165,137
2023-07-17,1037,121,80,81,41,41,40,0.6611570247933884,0.5061728395061729,121
2023-07-18,1037,113,91,90,39,22,51,0.8053097345132744,0.43333333333333335,130
2023-07-19,1037,140,59,51,30,81,21,0.42142857142857143,0.5882352941176471,89
2023-07-20,1037,105,76,61,42,29,19,0.7238095238095238,0.6885245901639344,118
2023-07-21,1037,128,88,58,39,40,19,0.6875,0.6724137931034483,127
2023-07-22,1037,143,79,100,40,64,60,0.5524475524475524,0.4,119
2023-07-23,1037,117,74,100,37,43,63,0.6324786324786325,0.37,111
2023-07-24,1037,101,90,63,39,11,24,0.8910891089108911,0.6190476190476191,129
2023-07-25,1037,116,84,63,40,32,23,0.7241379310344828,0.6349206349206349,124
2023-07-26,1037,111,66,55,32,45,23,0.5945945945945946,0.5818181818181818,98
2023-07-27,1037,143,78,59,30,65,29,0.5454545454545454,0.5084745762711864,108
2023-07-28,1037,111,84,80,63,27,17,0.7567567567567568,0.7875,147
2023-07-29,1037,127,85,53,28,42,25,0.6692913385826772,0.5283018867924528,113
2023-07-30,1037,120,73,85,41,47,44,0.6083333333333333,0.4823529411764706,114
2023-07-31,1037,106,82,85,53,24,32,0.7735849056603774,0.6235294117647059,135
2023-08-01,1037,131,87,69,35,44,34,0.6641221374045801,0.5072463768115942,122
2023-08-02,1037,113,83,68,39,30,29,0.7345132743362832,0.5735294117647058,122
2023-08-03,1037,148,83,90,40,65,50,0.5608108108108109,0.4444444444444444,123
2023-08-04,1037,142,77,74,34,65,40,0.5422535211267606,0.4594594594594595,111
2023-08-05,1037,111,73,95,45,38,50,0.6576576576576577,0.47368421052631576,118
2023-08-06,1037,122,69,62,36,53,26,0.5655737704918032,0.5806451612903226,105
2023-08-07,1037,102,65,51,38,37,13,0.6372549019607843,0.7450980392156863,103
2023-08-08,1037,149,74,95,47,75,48,0.49664429530201343,0.49473684210526314,121
2023-08-09,1037,150,77,96,38,73,58,0.5133333333333333,0.3958333333333333,115
2023-08-10,1037,148,95,94,50,53,44,0.6418918918918919,0.5319148936170213,145
2023-08-11,1037,136,74,65,37,62,28,0.5441176470588235,0.5692307692307692,111
2023-08-12,1037,112,78,64,35,34,29,0.6964285714285714,0.546875,113
2023-08-13,1037,142,80,78,45,62,33,0.5633802816901409,0.5769230769230769,125
2023-08-14,1037,112,80,78,45,32,33,0.7142857142857143,0.5769230769230769,125
2023-08-15,1037,132,84,63,57,48,6,0.6363636363636364,0.9047619047619048,141
2023-08-16,1037,143,97,85,40,46,45,0.6783216783216783,0.47058823529411764,137
2023-08-17,1037,130,76,86,41,54,45,0.5846153846153846,0.47674418604651164,117
2023-08-18,1037,131,86,61,39,45,22,0.6564885496183206,0.639344262295082,125
2023-08-19,1037,105,62,67,37,43,30,0.5904761904761905,0.5522388059701493,99
2023-08-20,1037,109,85,75,38,24,37,0.7798165137614679,0.5066666666666667,123
2023-08-21,1037,125,69,88,33,56,55,0.552,0.375,102
2023-08-22,1037,139,79,68,48,60,20,0.5683453237410072,0.7058823529411765,127
2023-08-23,1037,109,83,60,45,26,15,0.7614678899082569,0.75,128
2023-08-24,1037,124,97,70,51,27,19,0.782258064516129,0.7285714285714285,148
2023-08-25,1037,133,103,78,48,30,30,0.7744360902255639,0.6153846153846154,151
2023-08-26,1037,120,76,66,40,44,26,0.6333333333333333,0.6060606060606061,116
2023-08-27,1037,130,81,72,47,49,25,0.6230769230769231,0.6527777777777778,128
2023-08-28,1037,138,91,92,47,47,45,0.6594202898550725,0.5108695652173914,138
2023-08-29,1037,123,85,71,40,38,31,0.6910569105691057,0.5633802816901409,125
2023-08-30,1037,106,77,89,42,29,47,0.7264150943396226,0.47191011235955055,119
2023-08-31,1037,134,92,56,48,42,8,0.6865671641791045,0.8571428571428571,140
2023-09-01,1037,126,94,74,35,32,39,0.746031746031746,0.47297297297297297,129
2023-09-02,1037,113,80,82,37,33,45,0.7079646017699115,0.45121951219512196,117
2023-09-03,1037,112,67,88,45,45,43,0.5982142857142857,0.5113636363636364,112
2023-09-04,1037,121,78,72,35,43,37,0.6446280991735537,0.4861111111111111,113
2023-09-05,1037,100,82,90,36,18,54,0.82,0.4,118
2023-09-06,1037,100,74,81,42,26,39,0.74,0.5185185185185185,116
2023-09-07,1037,104,74,86,41,30,45,0.7115384615384616,0.47674418604651164,115
2023-09-08,1037,133,81,62,43,52,19,0.6090225563909775,0.6935483870967742,124
2023-09-09,1037,138,75,54,31,63,23,0.5434782608695652,0.5740740740740741,106
2023-09-10,1037,130,91,55,35,39,20,0.7,0.6363636363636364,126
2023-09-11,1037,100,78,81,43,22,38,0.78,0.5308641975308642,121
2023-09-12,1037,149,92,81,43,57,38,0.6174496644295302,0.5308641975308642,135
2023-09-13,1037,120,66,98,50,54,48,0.55,0.5102040816326531,116
2023-09-14,1037,102,78,53,40,24,13,0.7647058823529411,0.7547169811320755,118
2023-09-15,1037,105,75,87,48,30,39,0.7142857142857143,0.5517241379310345,123
2023-09-16,1037,114,75,59,41,39,18,0.6578947368421053,0.6949152542372882,116
2023-09-17,1037,140,89,86,44,51,42,0.6357142857142857,0.5116279069767442,133
2023-09-18,1037,132,82,60,43,50,17,0.6212121212121212,0.7166666666666667,125
2023-09-19,1037,104,95,61,38,9,23,0.9134615384615384,0.6229508196721312,133
2023-09-20,1037,117,76,75,39,41,36,0.6495726495726496,0.52,115
2023-09-21,1037,115,80,78,39,35,39,0.6956521739130435,0.5,119
2023-09-22,1037,105,74,63,51,31,12,0.7047619047619048,0.8095238095238095,125
2023-09-23,1037,117,78,61,36,39,25,0.6666666666666666,0.5901639344262295,114
2023-09-24,1037,137,69,77,46,68,31,0.5036496350364964,0.5974025974025974,115
2023-09-25,1037,109,77,81,35,32,46,0.7064220183486238,0.43209876543209874,112
2023-09-26,1037,103,88,96,42,15,54,0.8543689320388349,0.4375,130
2023-09-27,1037,130,107,89,41,23,48,0.823076923076923,0.4606741573033708,148
2023-09-28,1037,140,79,52,44,61,8,0.5642857142857143,0.8461538461538461,123
2023-09-29,1037,110,95,98,34,15,64,0.8636363636363636,0.3469387755102041,129
2023-09-30,1037,124,76,58,37,48,21,0.6129032258064516,0.6379310344827587,113
2023-10-01,1037,116,71,84,44,45,40,0.6120689655172413,0.5238095238095238,115
2023-10-02,1037,126,88,54,44,38,10,0.6984126984126984,0.8148148148148148,132
2023-10-03,1037,114,75,69,56,39,13,0.6578947368421053,0.8115942028985508,131
2023-10-04,1037,100,86,100,37,14,63,0.86,0.37,123
2023-10-05,1037,146,83,93,32,63,61,0.5684931506849316,0.34408602150537637,115
2023-10-06,1037,123,72,65,41,51,24,0.5853658536585366,0.6307692307692307,113
2023-10-07,1037,128,88,55,35,40,20,0.6875,0.6363636363636364,123
2023-10-08,1037,135,64,73,43,71,30,0.4740740740740741,0.589041095890411,107
2023-10-09,1037,120,86,93,31,34,62,0.7166666666666667,0.3333333333333333,117
2023-10-10,1037,145,93,54,42,52,12,0.6413793103448275,0.7777777777777778,135
2023-10-11,1037,117,72,60,45,45,15,0.6153846153846154,0.75,117
2023-10-12,1037,107,74,73,39,33,34,0.6915887850467289,0.5342465753424658,113
2023-10-13,1037,139,80,67,42,59,25,0.5755395683453237,0.6268656716417911,122
2023-10-14,1037,103,73,89,37,30,52,0.7087378640776699,0.4157303370786517,110
2023-10-15,1037,131,72,92,35,59,57,0.549618320610687,0.3804347826086957,107
2023-10-16,1037,135,79,75,35,56,40,0.5851851851851851,0.4666666666666667,114
2023-10-17,1037,111,74,50,50,37,0,0.6666666666666666,1,124
2023-10-18,1037,140,97,55,32,43,23,0.6928571428571428,0.5818181818181818,129
2023-10-19,1037,131,74,67,40,57,27,0.5648854961832062,0.5970149253731343,114
2023-10-20,1037,121,92,92,45,29,47,0.7603305785123967,0.4891304347826087,137
2023-10-21,1037,104,80,98,57,24,41,0.7692307692307693,0.5816326530612245,137
2023-10-22,1037,100,67,78,42,33,36,0.67,0.5384615384615384,109
2023-10-23,1037,143,68,77,34,75,43,0.4755244755244755,0.44155844155844154,102
2023-10-24,1037,110,76,89,48,34,41,0.6909090909090909,0.5393258426966292,124
2023-10-25,1037,121,85,62,38,36,24,0.7024793388429752,0.6129032258064516,123
2023-10-26,1037,140,67,72,35,73,37,0.4785714285714286,0.4861111111111111,102
2023-10-27,1037,134,84,59,43,50,16,0.6268656716417911,0.7288135593220338,127
2023-10-28,1037,141,74,79,32,67,47,0.524822695035461,0.4050632911392405,106
2023-10-29,1037,128,87,61,32,41,29,0.6796875,0.5245901639344263,119
2023-10-30,1037,143,94,68,45,49,23,0.6573426573426573,0.6617647058823529,139
2023-10-31,1037,140,80,87,42,60,45,0.5714285714285714,0.4827586206896552,122
2023-11-01,1037,121,63,98,33,58,65,0.5206611570247934,0.336734693877551,96
2023-11-02,1037,143,77,62,50,66,12,0.5384615384615384,0.8064516129032258,127
2023-11-03,1037,133,77,92,37,56,55,0.5789473684210527,0.40217391304347827,114
2023-11-04,1037,104,84,87,43,20,44,0.8076923076923077,0.4942528735632184,127
2023-11-05,1037,130,78,98,44,52,54,0.6,0.4489795918367347,122
2023-11-06,1037,122,77,97,41,45,56,0.6311475409836066,0.422680412371134,118
2023-11-07,1037,133,74,96,38,59,58,0.556390977443609,0.3958333333333333,112
2023-11-08,1037,120,86,79,38,34,41,0.7166666666666667,0.4810126582278481,124
2023-11-09,1037,133,70,54,39,63,15,0.5263157894736842,0.7222222222222222,109
2023-11-10,1037,101,62,54,41,39,13,0.6138613861386139,0.7592592592592593,103
2023-11-11,1037,106,79,86,42,27,44,0.7452830188679245,0.4883720930232558,121
2023-11-12,1037,148,68,100,42,80,58,0.4594594594594595,0.42,110
2023-11-13,1037,149,65,67,51,84,16,0.436241610738255,0.7611940298507462,116
2023-11-14,1037,124,86,75,40,38,35,0.6935483870967742,0.5333333333333333,126
2023-11-15,1037,150,73,62,30,77,32,0.4866666666666667,0.4838709677419355,103
2023-11-16,1037,145,82,77,41,63,36,0.5655172413793104,0.5324675324675324,123
2023-11-17,1037,120,80,58,42,40,16,0.6666666666666666,0.7241379310344828,122
2023-11-18,1037,142,77,91,35,65,56,0.5422535211267606,0.38461538461538464,112
2023-11-19,1037,117,93,71,35,24,36,0.7948717948717948,0.49295774647887325,128
2023-11-20,1037,150,75,87,31,75,56,0.5,0.3563218390804598,106
2023-11-21,1037,122,73,63,40,49,23,0.5983606557377049,0.6349206349206349,113
2023-11-22,1037,109,75,53,53,34,0,0.6880733944954128,1,128
2023-11-23,1037,114,83,66,47,31,19,0.7280701754385965,0.7121212121212122,130
2023-11-24,1037,105,96,85,40,9,45,0.9142857142857143,0.47058823529411764,136
2023-11-25,1037,137,61,69,43,76,26,0.44525547445255476,0.6231884057971014,104
2023-11-26,1037,112,94,90,48,18,42,0.8392857142857143,0.5333333333333333,142
2023-11-27,1037,107,98,100,37,9,63,0.9158878504672897,0.37,135
2023-11-28,1037,126,89,74,43,37,31,0.7063492063492064,0.581081081081081,132
2023-11-29,1037,100,91,87,42,9,45,0.91,0.4827586206896552,133
2023-11-30,1037,106,73,86,41,33,45,0.6886792452830188,0.47674418604651164,114
2023-12-01,1037,135,99,61,33,36,28,0.7333333333333333,0.5409836065573771,132
2023-12-02,1037,121,87,72,35,34,37,0.71900826446281,0.4861111111111111,122
2023-12-03,1037,125,89,73,32,36,41,0.712,0.4383561643835616,121
2023-12-04,1037,135,87,53,31,48,22,0.6444444444444445,0.5849056603773585,118
2023-12-05,1037,117,87,94,44,30,50,0.7435897435897436,0.46808510638297873,131
2023-12-06,1037,135,102,51,35,33,16,0.7555555555555555,0.6862745098039216,137
2023-12-07,1037,104,68,55,45,36,10,0.6538461538461539,0.8181818181818182,113
2023-12-08,1037,122,75,75,47,47,28,0.6147540983606558,0.6266666666666667,122
2023-12-09,1037,113,102,72,50,11,22,0.9026548672566371,0.6944444444444444,152
2023-12-10,1037,123,77,53,50,46,3,0.6260162601626016,0.9433962264150944,127
2023-12-11,1037,118,81,53,34,37,19,0.6864406779661016,0.6415094339622641,115
2023-12-12,1037,109,69,100,52,40,48,0.6330275229357798,0.52,121
2023-12-13,1037,147,76,82,37,71,45,0.5170068027210885,0.45121951219512196,113
2023-12-14,1037,100,75,62,36,25,26,0.75,0.5806451612903226,111
2023-12-15,1037,136,78,57,34,58,23,0.5735294117647058,0.5964912280701754,112
2023-12-16,1037,115,95,57,45,20,12,0.8260869565217391,0.7894736842105263,140
2023-12-17,1037,150,71,62,31,79,31,0.47333333333333333,0.5,102
2023-12-18,1037,123,86,78,47,37,31,0.6991869918699187,0.6025641025641025,133
2023-12-19,1037,139,74,77,48,65,29,0.5323741007194245,0.6233766233766234,122
2023-12-20,1037,101,68,61,40,33,21,0.6732673267326733,0.6557377049180327,108
2023-12-21,1037,100,77,79,40,23,39,0.77,0.5063291139240507,117
2023-12-22,1037,145,111,91,44,34,47,0.7655172413793103,0.4835164835164835,155
2023-12-23,1037,141,77,83,36,64,47,0.5460992907801419,0.43373493975903615,113
2023-12-24,1037,112,83,55,32,29,23,0.7410714285714286,0.5818181818181818,115
2023-12-25,1037,119,64,82,33,55,49,0.5378151260504201,0.4024390243902439,97
2023-12-26,1037,106,89,91,40,17,51,0.839622641509434,0.43956043956043955,129
2023-12-27,1037,111,87,98,34,24,64,0.7837837837837838,0.3469387755102041,121
2023-12-28,1037,136,84,97,43,52,54,0.6176470588235294,0.44329896907216493,127
2023-12-29,1037,128,85,87,33,43,54,0.6640625,0.3793103448275862,118
2023-12-30,1037,124,79,69,35,45,34,0.6370967741935484,0.5072463768115942,114
2023-12-31,1037,149,76,61,37,73,24,0.5100671140939598,0.6065573770491803,113
2023-01-01,1038,134,68,97,39,66,58,0.5074626865671642,0.4020618556701031,107
2023-01-02,1038,144,59,93,38,85,55,0.4097222222222222,0.40860215053763443,97
2023-01-03,1038,145,79,74,45,66,29,0.5448275862068965,0.6081081081081081,124
2023-01-04,1038,137,79,80,36,58,44,0.5766423357664233,0.45,115
2023-01-05,1038,111,84,92,42,27,50,0.7567567567567568,0.45652173913043476,126
2023-01-06,1038,101,90,61,42,11,19,0.8910891089108911,0.6885245901639344,132
2023-01-07,1038,142,74,97,39,68,58,0.5211267605633803,0.4020618556701031,113
2023-01-08,1038,102,85,94,38,17,56,0.8333333333333334,0.40425531914893614,123
2023-01-09,1038,142,85,52,36,57,16,0.5985915492957746,0.6923076923076923,121
2023-01-10,1038,122,69,74,36,53,38,0.5655737704918032,0.4864864864864865,105
2023-01-11,1038,142,66,99,33,76,66,0.4647887323943662,0.3333333333333333,99
2023-01-12,1038,124,80,80,42,44,38,0.6451612903225806,0.525,122
2023-01-13,1038,130,91,86,37,39,49,0.7,0.43023255813953487,128
2023-01-14,1038,106,82,91,47,24,44,0.7735849056603774,0.5164835164835165,129
2023-01-15,1038,103,81,95,41,22,54,0.7864077669902912,0.43157894736842106,122
2023-01-16,1038,141,74,52,34,67,18,0.524822695035461,0.6538461538461539,108
2023-01-17,1038,137,87,52,46,50,6,0.635036496350365,0.8846153846153846,133
2023-01-18,1038,150,83,60,47,67,13,0.5533333333333333,0.7833333333333333,130
2023-01-19,1038,131,80,82,45,51,37,0.6106870229007634,0.5487804878048781,125
2023-01-20,1038,145,91,80,37,54,43,0.6275862068965518,0.4625,128
2023-01-21,1038,129,79,91,50,50,41,0.6124031007751938,0.5494505494505495,129
2023-01-22,1038,145,88,90,35,57,55,0.6068965517241379,0.3888888888888889,123
2023-01-23,1038,101,88,75,43,13,32,0.8712871287128713,0.5733333333333334,131
2023-01-24,1038,123,84,91,40,39,51,0.6829268292682927,0.43956043956043955,124
2023-01-25,1038,106,81,69,38,25,31,0.7641509433962265,0.5507246376811594,119
2023-01-26,1038,142,93,55,29,49,26,0.6549295774647887,0.5272727272727272,122
2023-01-27,1038,132,72,62,34,60,28,0.5454545454545454,0.5483870967741935,106
2023-01-28,1038,118,85,68,44,33,24,0.7203389830508474,0.6470588235294118,129
2023-01-29,1038,129,70,58,31,59,27,0.5426356589147286,0.5344827586206896,101
2023-01-30,1038,121,72,52,34,49,18,0.5950413223140496,0.6538461538461539,106
2023-01-31,1038,121,82,74,39,39,35,0.6776859504132231,0.527027027027027,121
2023-02-01,1038,100,90,73,46,10,27,0.9,0.6301369863013698,136
2023-02-02,1038,108,76,79,41,32,38,0.7037037037037037,0.5189873417721519,117
2023-02-03,1038,109,83,65,44,26,21,0.7614678899082569,0.676923076923077,127
2023-02-04,1038,136,84,90,42,52,48,0.6176470588235294,0.4666666666666667,126
2023-02-05,1038,111,77,99,36,34,63,0.6936936936936937,0.36363636363636365,113
2023-02-06,1038,127,85,54,37,42,17,0.6692913385826772,0.6851851851851852,122
2023-02-07,1038,147,70,55,40,77,15,0.47619047619047616,0.7272727272727273,110
2023-02-08,1038,122,74,70,31,48,39,0.6065573770491803,0.44285714285714284,105
2023-02-09,1038,134,87,70,43,47,27,0.6492537313432836,0.6142857142857143,130
2023-02-10,1038,122,69,88,36,53,52,0.5655737704918032,0.4090909090909091,105
2023-02-11,1038,115,81,88,50,34,38,0.7043478260869566,0.5681818181818182,131
2023-02-12,1038,127,71,58,35,56,23,0.5590551181102362,0.603448275862069,106
2023-02-13,1038,124,87,85,40,37,45,0.7016129032258065,0.47058823529411764,127
2023-02-14,1038,112,82,87,43,30,44,0.7321428571428571,0.4942528735632184,125
2023-02-15,1038,116,87,71,31,29,40,0.75,0.43661971830985913,118
2023-02-16,1038,128,71,78,38,57,40,0.5546875,0.48717948717948717,109
2023-02-17,1038,114,76,66,40,38,26,0.6666666666666666,0.6060606060606061,116
2023-02-18,1038,143,90,64,39,53,25,0.6293706293706294,0.609375,129
2023-02-19,1038,139,84,65,44,55,21,0.60431654676259,0.676923076923077,128
2023-02-20,1038,126,78,91,44,48,47,0.6190476190476191,0.4835164835164835,122
2023-02-21,1038,129,91,100,38,38,62,0.7054263565891473,0.38,129
2023-02-22,1038,126,91,100,29,35,71,0.7222222222222222,0.29,120
2023-02-23,1038,119,63,66,44,56,22,0.5294117647058824,0.6666666666666666,107
2023-02-24,1038,112,97,88,40,15,48,0.8660714285714286,0.45454545454545453,137
2023-02-25,1038,110,73,94,45,37,49,0.6636363636363637,0.4787234042553192,118
2023-02-26,1038,103,70,77,30,33,47,0.6796116504854369,0.38961038961038963,100
2023-02-27,1038,108,72,85,34,36,51,0.6666666666666666,0.4,106
2023-02-28,1038,124,84,55,50,40,5,0.6774193548387096,0.9090909090909091,134
2023-03-01,1038,148,72,65,40,76,25,0.4864864864864865,0.6153846153846154,112
2023-03-02,1038,141,66,79,30,75,49,0.46808510638297873,0.379746835443038,96
2023-03-03,1038,136,70,93,29,66,64,0.5147058823529411,0.3118279569892473,99
2023-03-04,1038,124,89,95,37,35,58,0.717741935483871,0.3894736842105263,126
2023-03-05,1038,133,85,86,41,48,45,0.6390977443609023,0.47674418604651164,126
2023-03-06,1038,145,86,74,43,59,31,0.593103448275862,0.581081081081081,129
2023-03-07,1038,119,65,67,43,54,24,0.5462184873949579,0.6417910447761194,108
2023-03-08,1038,116,84,83,48,32,35,0.7241379310344828,0.5783132530120482,132
2023-03-09,1038,109,63,92,37,46,55,0.5779816513761468,0.40217391304347827,100
2023-03-10,1038,132,70,81,46,62,35,0.5303030303030303,0.5679012345679012,116
2023-03-11,1038,124,84,76,41,40,35,0.6774193548387096,0.5394736842105263,125
2023-03-12,1038,108,85,86,37,23,49,0.7870370370370371,0.43023255813953487,122
2023-03-13,1038,132,91,96,45,41,51,0.6893939393939394,0.46875,136
2023-03-14,1038,113,86,73,38,27,35,0.7610619469026548,0.5205479452054794,124
2023-03-15,1038,104,73,77,37,31,40,0.7019230769230769,0.4805194805194805,110
2023-03-16,1038,115,91,70,42,24,28,0.7913043478260869,0.6,133
2023-03-17,1038,135,82,67,41,53,26,0.6074074074074074,0.6119402985074627,123
2023-03-18,1038,141,85,81,37,56,44,0.6028368794326241,0.4567901234567901,122
2023-03-19,1038,128,82,71,48,46,23,0.640625,0.676056338028169,130
2023-03-20,1038,132,73,86,46,59,40,0.553030303030303,0.5348837209302325,119
2023-03-21,1038,144,80,87,44,64,43,0.5555555555555556,0.5057471264367817,124
2023-03-22,1038,138,87,56,45,51,11,0.6304347826086957,0.8035714285714286,132
2023-03-23,1038,120,80,57,38,40,19,0.6666666666666666,0.6666666666666666,118
2023-03-24,1038,144,78,55,37,66,18,0.5416666666666666,0.6727272727272727,115
2023-03-25,1038,128,69,96,40,59,56,0.5390625,0.4166666666666667,109
2023-03-26,1038,132,85,86,33,47,53,0.6439393939393939,0.38372093023255816,118
2023-03-27,1038,123,74,65,39,49,26,0.6016260162601627,0.6,113
2023-03-28,1038,147,76,80,29,71,51,0.5170068027210885,0.3625,105
2023-03-29,1038,128,72,76,39,56,37,0.5625,0.5131578947368421,111
2023-03-30,1038,143,92,83,43,51,40,0.6433566433566433,0.5180722891566265,135
2023-03-31,1038,146,100,67,51,46,16,0.684931506849315,0.7611940298507462,151
2023-04-01,1038,126,77,94,27,49,67,0.6111111111111112,0.2872340425531915,104
2023-04-02,1038,120,81,59,45,39,14,0.675,0.7627118644067796,126
2023-04-03,1038,141,79,52,42,62,10,0.5602836879432624,0.8076923076923077,121
2023-04-04,1038,122,92,88,47,30,41,0.7540983606557377,0.5340909090909091,139
2023-04-05,1038,120,89,63,37,31,26,0.7416666666666667,0.5873015873015873,126
2023-04-06,1038,118,80,89,42,38,47,0.6779661016949152,0.47191011235955055,122
2023-04-07,1038,127,69,97,42,58,55,0.5433070866141733,0.4329896907216495,111
2023-04-08,1038,146,82,84,44,64,40,0.5616438356164384,0.5238095238095238,126
2023-04-09,1038,137,67,62,43,70,19,0.48905109489051096,0.6935483870967742,110
2023-04-10,1038,127,96,83,41,31,42,0.7559055118110236,0.4939759036144578,137
2023-04-11,1038,112,74,63,46,38,17,0.6607142857142857,0.7301587301587301,120
2023-04-12,1038,107,81,85,41,26,44,0.7570093457943925,0.4823529411764706,122
2023-04-13,1038,132,91,50,34,41,16,0.6893939393939394,0.68,125
2023-04-14,1038,108,78,74,41,30,33,0.7222222222222222,0.5540540540540541,119
2023-04-15,1038,113,78,58,34,35,24,0.6902654867256637,0.5862068965517241,112
2023-04-16,1038,132,75,76,35,57,41,0.5681818181818182,0.4605263157894737,110
2023-04-17,1038,133,76,68,47,57,21,0.5714285714285714,0.6911764705882353,123
2023-04-18,1038,107,91,60,41,16,19,0.8504672897196262,0.6833333333333333,132
2023-04-19,1038,108,98,78,43,10,35,0.9074074074074074,0.5512820512820513,141
2023-04-20,1038,120,72,99,37,48,62,0.6,0.37373737373737376,109
2023-04-21,1038,119,84,98,47,35,51,0.7058823529411765,0.47959183673469385,131
2023-04-22,1038,102,65,82,43,37,39,0.6372549019607843,0.524390243902439,108
2023-04-23,1038,131,90,85,39,41,46,0.6870229007633588,0.4588235294117647,129
2023-04-24,1038,119,86,92,37,33,55,0.7226890756302521,0.40217391304347827,123
2023-04-25,1038,133,75,52,33,58,19,0.5639097744360902,0.6346153846153846,108
2023-04-26,1038,112,86,88,41,26,47,0.7678571428571429,0.4659090909090909,127
2023-04-27,1038,134,83,90,36,51,54,0.6194029850746269,0.4,119
2023-04-28,1038,129,79,86,31,50,55,0.6124031007751938,0.36046511627906974,110
2023-04-29,1038,129,96,82,40,33,42,0.7441860465116279,0.4878048780487805,136
2023-04-30,1038,138,91,71,35,47,36,0.6594202898550725,0.49295774647887325,126
2023-05-01,1038,145,76,57,38,69,19,0.5241379310344828,0.6666666666666666,114
2023-05-02,1038,134,67,67,20,67,47,0.5,0.29850746268656714,87
2023-05-03,1038,145,73,78,41,72,37,0.503448275862069,0.5256410256410257,114
2023-05-04,1038,103,69,98,40,34,58,0.6699029126213593,0.40816326530612246,109
2023-05-05,1038,126,74,56,38,52,18,0.5873015873015873,0.6785714285714286,112
2023-05-06,1038,137,77,57,55,60,2,0.5620437956204379,0.9649122807017544,132
2023-05-07,1038,105,85,97,40,20,57,0.8095238095238095,0.41237113402061853,125
2023-05-08,1038,120,75,79,36,45,43,0.625,0.45569620253164556,111
2023-05-09,1038,110,75,100,37,35,63,0.6818181818181818,0.37,112
2023-05-10,1038,101,72,91,46,29,45,0.7128712871287128,0.5054945054945055,118
2023-05-11,1038,142,91,58,40,51,18,0.6408450704225352,0.6896551724137931,131
2023-05-12,1038,140,84,78,52,56,26,0.6,0.6666666666666666,136
2023-05-13,1038,119,78,87,44,41,43,0.6554621848739496,0.5057471264367817,122
2023-05-14,1038,118,80,83,56,38,27,0.6779661016949152,0.6746987951807228,136
2023-05-15,1038,123,84,93,47,39,46,0.6829268292682927,0.5053763440860215,131
2023-05-16,1038,120,85,55,34,35,21,0.7083333333333334,0.6181818181818182,119
2023-05-17,1038,118,89,88,37,29,51,0.7542372881355932,0.42045454545454547,126
2023-05-18,1038,132,76,96,40,56,56,0.5757575757575758,0.4166666666666667,116
2023-05-19,1038,142,84,68,33,58,35,0.5915492957746479,0.4852941176470588,117
2023-05-20,1038,132,80,68,35,52,33,0.6060606060606061,0.5147058823529411,115
2023-05-21,1038,131,81,71,46,50,25,0.6183206106870229,0.647887323943662,127
2023-05-22,1038,149,83,86,42,66,44,0.5570469798657718,0.4883720930232558,125
2023-05-23,1038,103,95,50,45,8,5,0.9223300970873787,0.9,140
2023-05-24,1038,113,85,55,40,28,15,0.7522123893805309,0.7272727272727273,125
2023-05-25,1038,109,97,57,36,12,21,0.8899082568807339,0.631578947368421,133
2023-05-26,1038,110,76,88,40,34,48,0.6909090909090909,0.45454545454545453,116
2023-05-27,1038,148,80,72,46,68,26,0.5405405405405406,0.6388888888888888,126
2023-05-28,1038,100,71,57,36,29,21,0.71,0.631578947368421,107
2023-05-29,1038,148,88,95,45,60,50,0.5945945945945946,0.47368421052631576,133
2023-05-30,1038,124,76,92,41,48,51,0.6129032258064516,0.44565217391304346,117
2023-05-31,1038,136,66,83,33,70,50,0.4852941176470588,0.39759036144578314,99
2023-06-01,1038,138,85,59,35,53,24,0.6159420289855072,0.5932203389830508,120
2023-06-02,1038,123,72,77,48,51,29,0.5853658536585366,0.6233766233766234,120
2023-06-03,1038,113,95,66,36,18,30,0.8407079646017699,0.5454545454545454,131
2023-06-04,1038,101,79,75,55,22,20,0.7821782178217822,0.7333333333333333,134
2023-06-05,1038,134,84,52,46,50,6,0.6268656716417911,0.8846153846153846,130
2023-06-06,1038,134,72,95,53,62,42,0.5373134328358209,0.5578947368421052,125
2023-06-07,1038,116,89,96,30,27,66,0.7672413793103449,0.3125,119
2023-06-08,1038,120,99,52,43,21,9,0.825,0.8269230769230769,142
2023-06-09,1038,103,82,55,40,21,15,0.7961165048543689,0.7272727272727273,122
2023-06-10,1038,110,82,83,46,28,37,0.7454545454545455,0.5542168674698795,128
2023-06-11,1038,109,87,64,39,22,25,0.7981651376146789,0.609375,126
2023-06-12,1038,140,79,51,35,61,16,0.5642857142857143,0.6862745098039216,114
2023-06-13,1038,102,94,72,45,8,27,0.9215686274509803,0.625,139
2023-06-14,1038,109,80,89,46,29,43,0.7339449541284404,0.5168539325842697,126
2023-06-15,1038,149,84,72,39,65,33,0.5637583892617449,0.5416666666666666,123
2023-06-16,1038,103,88,51,41,15,10,0.8543689320388349,0.803921568627451,129
2023-06-17,1038,108,87,84,24,21,60,0.8055555555555556,0.2857142857142857,111
2023-06-18,1038,139,87,60,36,52,24,0.6258992805755396,0.6,123
2023-06-19,1038,131,85,69,43,46,26,0.648854961832061,0.6231884057971014,128
2023-06-20,1038,144,90,60,42,54,18,0.625,0.7,132
2023-06-21,1038,144,74,54,42,70,12,0.5138888888888888,0.7777777777777778,116
2023-06-22,1038,141,79,89,37,62,52,0.5602836879432624,0.4157303370786517,116
2023-06-23,1038,148,82,89,39,66,50,0.5540540540540541,0.43820224719101125,121
2023-06-24,1038,117,77,71,42,40,29,0.6581196581196581,0.5915492957746479,119
2023-06-25,1038,133,82,96,40,51,56,0.6165413533834586,0.4166666666666667,122
2023-06-26,1038,101,94,87,45,7,42,0.9306930693069307,0.5172413793103449,139
2023-06-27,1038,119,114,96,42,5,54,0.957983193277311,0.4375,156
2023-06-28,1038,136,65,57,34,71,23,0.47794117647058826,0.5964912280701754,99
2023-06-29,1038,114,67,98,49,47,49,0.5877192982456141,0.5,116
2023-06-30,1038,117,88,71,43,29,28,0.7521367521367521,0.6056338028169014,131
2023-07-01,1038,145,82,58,47,63,11,0.5655172413793104,0.8103448275862069,129
2023-07-02,1038,124,76,52,40,48,12,0.6129032258064516,0.7692307692307693,116
2023-07-03,1038,148,82,97,35,66,62,0.5540540540540541,0.36082474226804123,117
2023-07-04,1038,105,74,53,35,31,18,0.7047619047619048,0.660377358490566,109
2023-07-05,1038,134,81,87,30,53,57,0.6044776119402985,0.3448275862068966,111
2023-07-06,1038,130,75,72,35,55,37,0.5769230769230769,0.4861111111111111,110
2023-07-07,1038,142,83,69,46,59,23,0.5845070422535211,0.6666666666666666,129
2023-07-08,1038,147,82,90,43,65,47,0.5578231292517006,0.4777777777777778,125
2023-07-09,1038,104,102,68,42,2,26,0.9807692307692307,0.6176470588235294,144
2023-07-10,1038,140,80,80,38,60,42,0.5714285714285714,0.475,118
2023-07-11,1038,103,68,71,42,35,29,0.6601941747572816,0.5915492957746479,110
2023-07-12,1038,118,77,71,52,41,19,0.652542372881356,0.7323943661971831,129
2023-07-13,1038,120,86,97,39,34,58,0.7166666666666667,0.4020618556701031,125
2023-07-14,1038,149,80,63,46,69,17,0.5369127516778524,0.7301587301587301,126
2023-07-15,1038,146,75,83,44,71,39,0.5136986301369864,0.5301204819277109,119
2023-07-16,1038,103,81,60,35,22,25,0.7864077669902912,0.5833333333333334,116
2023-07-17,1038,101,69,98,35,32,63,0.6831683168316832,0.35714285714285715,104
2023-07-18,1038,136,71,52,36,65,16,0.5220588235294118,0.6923076923076923,107
2023-07-19,1038,122,69,81,37,53,44,0.5655737704918032,0.4567901234567901,106
2023-07-20,1038,147,68,93,41,79,52,0.46258503401360546,0.44086021505376344,109
2023-07-21,1038,147,75,63,43,72,20,0.5102040816326531,0.6825396825396826,118
2023-07-22,1038,114,75,88,42,39,46,0.6578947368421053,0.4772727272727273,117
2023-07-23,1038,142,70,58,39,72,19,0.49295774647887325,0.6724137931034483,109
2023-07-24,1038,138,87,51,42,51,9,0.6304347826086957,0.8235294117647058,129
2023-07-25,1038,113,60,89,40,53,49,0.5309734513274337,0.449438202247191,100
2023-07-26,1038,132,77,69,44,55,25,0.5833333333333334,0.6376811594202898,121
2023-07-27,1038,109,72,99,29,37,70,0.6605504587155964,0.29292929292929293,101
2023-07-28,1038,121,80,68,39,41,29,0.6611570247933884,0.5735294117647058,119
2023-07-29,1038,116,97,92,39,19,53,0.8362068965517241,0.42391304347826086,136
2023-07-30,1038,138,95,82,30,43,52,0.6884057971014492,0.36585365853658536,125
2023-07-31,1038,102,81,72,25,21,47,0.7941176470588235,0.3472222222222222,106
2023-08-01,1038,141,73,93,45,68,48,0.5177304964539007,0.4838709677419355,118
2023-08-02,1038,135,81,72,48,54,24,0.6,0.6666666666666666,129
2023-08-03,1038,148,83,79,32,65,47,0.5608108108108109,0.4050632911392405,115
2023-08-04,1038,146,76,65,31,70,34,0.5205479452054794,0.47692307692307695,107
2023-08-05,1038,142,78,63,40,64,23,0.5492957746478874,0.6349206349206349,118
2023-08-06,1038,148,90,75,43,58,32,0.6081081081081081,0.5733333333333334,133
2023-08-07,1038,131,74,77,33,57,44,0.5648854961832062,0.42857142857142855,107
2023-08-08,1038,136,78,69,47,58,22,0.5735294117647058,0.6811594202898551,125
2023-08-09,1038,136,104,94,48,32,46,0.7647058823529411,0.5106382978723404,152
2023-08-10,1038,111,83,61,48,28,13,0.7477477477477478,0.7868852459016393,131
2023-08-11,1038,138,78,96,38,60,58,0.5652173913043478,0.3958333333333333,116
2023-08-12,1038,105,74,65,34,31,31,0.7047619047619048,0.5230769230769231,108
2023-08-13,1038,132,82,79,41,50,38,0.6212121212121212,0.5189873417721519,123
2023-08-14,1038,122,63,84,39,59,45,0.5163934426229508,0.4642857142857143,102
2023-08-15,1038,104,82,62,31,22,31,0.7884615384615384,0.5,113
2023-08-16,1038,129,75,62,38,54,24,0.5813953488372093,0.6129032258064516,113
2023-08-17,1038,106,65,80,34,41,46,0.6132075471698113,0.425,99
2023-08-18,1038,137,86,59,35,51,24,0.6277372262773723,0.5932203389830508,121
2023-08-19,1038,135,83,61,44,52,17,0.6148148148148148,0.7213114754098361,127
2023-08-20,1038,116,80,88,34,36,54,0.6896551724137931,0.38636363636363635,114
2023-08-21,1038,125,75,77,55,50,22,0.6,0.7142857142857143,130
2023-08-22,1038,143,78,50,38,65,12,0.5454545454545454,0.76,116
2023-08-23,1038,116,62,90,48,54,42,0.5344827586206896,0.5333333333333333,110
2023-08-24,1038,108,81,96,31,27,65,0.75,0.3229166666666667,112
2023-08-25,1038,119,75,52,34,44,18,0.6302521008403361,0.6538461538461539,109
2023-08-26,1038,122,53,58,47,69,11,0.4344262295081967,0.8103448275862069,100
2023-08-27,1038,109,82,56,38,27,18,0.7522935779816514,0.6785714285714286,120
2023-08-28,1038,113,59,80,41,54,39,0.5221238938053098,0.5125,100
2023-08-29,1038,118,83,77,47,35,30,0.7033898305084746,0.6103896103896104,130
2023-08-30,1038,104,76,84,28,28,56,0.7307692307692307,0.3333333333333333,104
2023-08-31,1038,131,85,75,48,46,27,0.648854961832061,0.64,133
2023-09-01,1038,102,89,79,39,13,40,0.8725490196078431,0.4936708860759494,128
2023-09-02,1038,148,86,87,31,62,56,0.581081081081081,0.3563218390804598,117
2023-09-03,1038,130,64,73,42,66,31,0.49230769230769234,0.5753424657534246,106
2023-09-04,1038,145,86,70,34,59,36,0.593103448275862,0.4857142857142857,120
2023-09-05,1038,139,63,82,42,76,40,0.45323741007194246,0.5121951219512195,105
2023-09-06,1038,133,78,74,45,55,29,0.5864661654135338,0.6081081081081081,123
2023-09-07,1038,144,81,58,40,63,18,0.5625,0.6896551724137931,121
2023-09-08,1038,143,64,95,44,79,51,0.44755244755244755,0.4631578947368421,108
2023-09-09,1038,124,86,81,39,38,42,0.6935483870967742,0.48148148148148145,125
2023-09-10,1038,135,75,76,45,60,31,0.5555555555555556,0.5921052631578947,120
2023-09-11,1038,125,89,55,46,36,9,0.712,0.8363636363636363,135
2023-09-12,1038,134,82,85,38,52,47,0.6119402985074627,0.4470588235294118,120
2023-09-13,1038,128,72,88,38,56,50,0.5625,0.4318181818181818,110
2023-09-14,1038,141,88,68,51,53,17,0.624113475177305,0.75,139
2023-09-15,1038,144,90,65,46,54,19,0.625,0.7076923076923077,136
2023-09-16,1038,124,69,90,35,55,55,0.5564516129032258,0.3888888888888889,104
2023-09-17,1038,110,84,74,38,26,36,0.7636363636363637,0.5135135135135135,122
2023-09-18,1038,114,87,78,54,27,24,0.7631578947368421,0.6923076923076923,141
2023-09-19,1038,104,83,54,31,21,23,0.7980769230769231,0.5740740740740741,114
2023-09-20,1038,138,79,99,48,59,51,0.572463768115942,0.48484848484848486,127
2023-09-21,1038,125,78,83,39,47,44,0.624,0.46987951807228917,117
2023-09-22,1038,109,66,87,36,43,51,0.6055045871559633,0.41379310344827586,102
2023-09-23,1038,107,83,78,42,24,36,0.7757009345794392,0.5384615384615384,125
2023-09-24,1038,110,69,74,41,41,33,0.6272727272727273,0.5540540540540541,110
2023-09-25,1038,130,80,59,46,50,13,0.6153846153846154,0.7796610169491526,126
2023-09-26,1038,146,82,75,33,64,42,0.5616438356164384,0.44,115
2023-09-27,1038,135,59,97,44,76,53,0.43703703703703706,0.4536082474226804,103
2023-09-28,1038,133,83,92,47,50,45,0.6240601503759399,0.5108695652173914,130
2023-09-29,1038,133,76,96,46,57,50,0.5714285714285714,0.4791666666666667,122
2023-09-30,1038,123,83,77,36,40,41,0.6747967479674797,0.4675324675324675,119
2023-10-01,1038,110,74,92,42,36,50,0.6727272727272727,0.45652173913043476,116
2023-10-02,1038,102,82,61,49,20,12,0.803921568627451,0.8032786885245902,131
2023-10-03,1038,143,76,79,41,67,38,0.5314685314685315,0.5189873417721519,117
2023-10-04,1038,123,88,76,39,35,37,0.7154471544715447,0.5131578947368421,127
2023-10-05,1038,113,90,53,45,23,8,0.7964601769911505,0.8490566037735849,135
2023-10-06,1038,100,78,50,46,22,4,0.78,0.92,124
2023-10-07,1038,148,79,75,27,69,48,0.5337837837837838,0.36,106
2023-10-08,1038,109,97,69,45,12,24,0.8899082568807339,0.6521739130434783,142
2023-10-09,1038,129,93,55,38,36,17,0.7209302325581395,0.6909090909090909,131
2023-10-10,1038,114,66,91,38,48,53,0.5789473684210527,0.4175824175824176,104
2023-10-11,1038,139,80,59,43,59,16,0.5755395683453237,0.7288135593220338,123
2023-10-12,1038,109,76,78,37,33,41,0.6972477064220184,0.47435897435897434,113
2023-10-13,1038,135,69,98,40,66,58,0.5111111111111111,0.40816326530612246,109
2023-10-14,1038,144,98,75,34,46,41,0.6805555555555556,0.4533333333333333,132
2023-10-15,1038,144,81,87,35,63,52,0.5625,0.40229885057471265,116
2023-10-16,1038,143,81,83,36,62,47,0.5664335664335665,0.43373493975903615,117
2023-10-17,1038,108,95,92,39,13,53,0.8796296296296297,0.42391304347826086,134
2023-10-18,1038,131,87,58,38,44,20,0.6641221374045801,0.6551724137931034,125
2023-10-19,1038,137,69,78,38,68,40,0.5036496350364964,0.48717948717948717,107
2023-10-20,1038,123,85,54,41,38,13,0.6910569105691057,0.7592592592592593,126
2023-10-21,1038,111,76,80,45,35,35,0.6846846846846847,0.5625,121
2023-10-22,1038,128,82,57,38,46,19,0.640625,0.6666666666666666,120
2023-10-23,1038,147,79,83,38,68,45,0.5374149659863946,0.4578313253012048,117
2023-10-24,1038,123,79,90,50,44,40,0.6422764227642277,0.5555555555555556,129
2023-10-25,1038,126,72,64,31,54,33,0.5714285714285714,0.484375,103
2023-10-26,1038,102,87,63,35,15,28,0.8529411764705882,0.5555555555555556,122
2023-10-27,1038,144,72,64,40,72,24,0.5,0.625,112
2023-10-28,1038,123,83,50,40,40,10,0.6747967479674797,0.8,123
2023-10-29,1038,123,91,92,35,32,57,0.7398373983739838,0.3804347826086957,126
2023-10-30,1038,119,69,77,32,50,45,0.5798319327731093,0.4155844155844156,101
2023-10-31,1038,125,86,75,45,39,30,0.688,0.6,131
2023-11-01,1038,125,80,94,37,45,57,0.64,0.39361702127659576,117
2023-11-02,1038,103,77,76,38,26,38,0.7475728155339806,0.5,115
2023-11-03,1038,128,77,73,37,51,36,0.6015625,0.5068493150684932,114
2023-11-04,1038,137,77,97,37,60,60,0.5620437956204379,0.38144329896907214,114
2023-11-05,1038,116,83,90,48,33,42,0.7155172413793104,0.5333333333333333,131
2023-11-06,1038,128,66,55,36,62,19,0.515625,0.6545454545454545,102
2023-11-07,1038,118,73,86,54,45,32,0.6186440677966102,0.627906976744186,127
2023-11-08,1038,146,72,81,54,74,27,0.4931506849315068,0.6666666666666666,126
2023-11-09,1038,134,86,96,30,48,66,0.6417910447761194,0.3125,116
2023-11-10,1038,137,76,74,60,61,14,0.5547445255474452,0.8108108108108109,136
2023-11-11,1038,138,78,72,43,60,29,0.5652173913043478,0.5972222222222222,121
2023-11-12,1038,124,81,56,39,43,17,0.6532258064516129,0.6964285714285714,120
2023-11-13,1038,129,88,66,47,41,19,0.6821705426356589,0.7121212121212122,135
2023-11-14,1038,104,76,80,44,28,36,0.7307692307692307,0.55,120
2023-11-15,1038,123,87,77,30,36,47,0.7073170731707317,0.38961038961038963,117
2023-11-16,1038,110,87,52,31,23,21,0.7909090909090909,0.5961538461538461,118
2023-11-17,1038,103,82,59,33,21,26,0.7961165048543689,0.559322033898305,115
2023-11-18,1038,142,87,56,35,55,21,0.6126760563380281,0.625,122
2023-11-19,1038,128,81,55,38,47,17,0.6328125,0.6909090909090909,119
2023-11-20,1038,141,92,51,36,49,15,0.6524822695035462,0.7058823529411765,128
2023-11-21,1038,111,86,93,49,25,44,0.7747747747747747,0.5268817204301075,135
2023-11-22,1038,126,89,70,39,37,31,0.7063492063492064,0.5571428571428572,128
2023-11-23,1038,145,77,92,45,68,47,0.5310344827586206,0.4891304347826087,122
2023-11-24,1038,131,76,78,40,55,38,0.5801526717557252,0.5128205128205128,116
2023-11-25,1038,118,98,77,44,20,33,0.8305084745762712,0.5714285714285714,142
2023-11-26,1038,129,88,97,35,41,62,0.6821705426356589,0.36082474226804123,123
2023-11-27,1038,101,85,58,46,16,12,0.8415841584158416,0.7931034482758621,131
2023-11-28,1038,143,86,69,27,57,42,0.6013986013986014,0.391304347826087,113
2023-11-29,1038,109,92,59,49,17,10,0.8440366972477065,0.8305084745762712,141
2023-11-30,1038,150,76,90,53,74,37,0.5066666666666667,0.5888888888888889,129
2023-12-01,1038,113,100,98,27,13,71,0.8849557522123894,0.2755102040816326,127
2023-12-02,1038,126,89,98,33,37,65,0.7063492063492064,0.336734693877551,122
2023-12-03,1038,117,97,64,36,20,28,0.8290598290598291,0.5625,133
2023-12-04,1038,110,89,67,55,21,12,0.8090909090909091,0.8208955223880597,144
2023-12-05,1038,136,85,79,38,51,41,0.625,0.4810126582278481,123
2023-12-06,1038,137,86,50,41,51,9,0.6277372262773723,0.82,127
2023-12-07,1038,130,91,96,43,39,53,0.7,0.4479166666666667,134
2023-12-08,1038,120,79,61,42,41,19,0.6583333333333333,0.6885245901639344,121
2023-12-09,1038,127,77,51,41,50,10,0.6062992125984252,0.803921568627451,118
2023-12-10,1038,121,83,67,37,38,30,0.6859504132231405,0.5522388059701493,120
2023-12-11,1038,136,82,51,34,54,17,0.6029411764705882,0.6666666666666666,116
2023-12-12,1038,150,75,55,50,75,5,0.5,0.9090909090909091,125
2023-12-13,1038,135,94,90,33,41,57,0.6962962962962963,0.36666666666666664,127
2023-12-14,1038,107,68,56,43,39,13,0.6355140186915887,0.7678571428571429,111
2023-12-15,1038,147,79,57,34,68,23,0.5374149659863946,0.5964912280701754,113
2023-12-16,1038,108,81,89,33,27,56,0.75,0.3707865168539326,114
2023-12-17,1038,141,77,57,44,64,13,0.5460992907801419,0.7719298245614035,121
2023-12-18,1038,147,74,76,43,73,33,0.5034013605442177,0.5657894736842105,117
2023-12-19,1038,111,89,98,47,22,51,0.8018018018018018,0.47959183673469385,136
2023-12-20,1038,124,78,68,45,46,23,0.6290322580645161,0.6617647058823529,123
2023-12-21,1038,138,65,93,47,73,46,0.47101449275362317,0.5053763440860215,112
2023-12-22,1038,129,86,98,45,43,53,0.6666666666666666,0.45918367346938777,131
2023-12-23,1038,125,67,66,37,58,29,0.536,0.5606060606060606,104
2023-12-24,1038,133,65,55,32,68,23,0.48872180451127817,0.5818181818181818,97
2023-12-25,1038,114,75,73,38,39,35,0.6578947368421053,0.5205479452054794,113
2023-12-26,1038,121,71,69,38,50,31,0.5867768595041323,0.5507246376811594,109
2023-12-27,1038,147,85,66,47,62,19,0.5782312925170068,0.7121212121212122,132
2023-12-28,1038,118,76,99,33,42,66,0.6440677966101694,0.3333333333333333,109
2023-12-29,1038,140,87,79,30,53,49,0.6214285714285714,0.379746835443038,117
2023-12-30,1038,137,94,61,46,43,15,0.6861313868613139,0.7540983606557377,140
2023-12-31,1038,117,85,81,45,32,36,0.7264957264957265,0.5555555555555556,130
2023-01-01,1039,104,71,99,25,33,74,0.6826923076923077,0.25252525252525254,96
2023-01-02,1039,104,101,72,49,3,23,0.9711538461538461,0.6805555555555556,150
2023-01-03,1039,120,69,89,42,51,47,0.575,0.47191011235955055,111
2023-01-04,1039,129,88,98,41,41,57,0.6821705426356589,0.41836734693877553,129
2023-01-05,1039,128,71,58,37,57,21,0.5546875,0.6379310344827587,108
2023-01-06,1039,121,67,70,43,54,27,0.5537190082644629,0.6142857142857143,110
2023-01-07,1039,108,79,80,40,29,40,0.7314814814814815,0.5,119
2023-01-08,1039,127,99,93,39,28,54,0.7795275590551181,0.41935483870967744,138
2023-01-09,1039,148,89,90,39,59,51,0.6013513513513513,0.43333333333333335,128
2023-01-10,1039,121,81,75,35,40,40,0.6694214876033058,0.4666666666666667,116
2023-01-11,1039,121,73,72,28,48,44,0.6033057851239669,0.3888888888888889,101
2023-01-12,1039,143,81,94,38,62,56,0.5664335664335665,0.40425531914893614,119
2023-01-13,1039,118,75,75,46,43,29,0.635593220338983,0.6133333333333333,121
2023-01-14,1039,113,75,86,32,38,54,0.6637168141592921,0.37209302325581395,107
2023-01-15,1039,120,94,99,39,26,60,0.7833333333333333,0.3939393939393939,133
2023-01-16,1039,108,77,79,39,31,40,0.7129629629629629,0.4936708860759494,116
2023-01-17,1039,103,81,55,42,22,13,0.7864077669902912,0.7636363636363637,123
2023-01-18,1039,104,87,82,32,17,50,0.8365384615384616,0.3902439024390244,119
2023-01-19,1039,140,75,67,34,65,33,0.5357142857142857,0.5074626865671642,109
2023-01-20,1039,109,85,75,37,24,38,0.7798165137614679,0.49333333333333335,122
2023-01-21,1039,122,69,65,29,53,36,0.5655737704918032,0.4461538461538462,98
2023-01-22,1039,109,105,52,42,4,10,0.963302752293578,0.8076923076923077,147
2023-01-23,1039,111,79,92,46,32,46,0.7117117117117117,0.5,125
2023-01-24,1039,115,80,86,34,35,52,0.6956521739130435,0.3953488372093023,114
2023-01-25,1039,114,73,85,36,41,49,0.6403508771929824,0.4235294117647059,109
2023-01-26,1039,119,61,55,34,58,21,0.5126050420168067,0.6181818181818182,95
2023-01-27,1039,101,71,88,36,30,52,0.7029702970297029,0.4090909090909091,107
2023-01-28,1039,118,83,60,26,35,34,0.7033898305084746,0.43333333333333335,109
2023-01-29,1039,123,86,68,44,37,24,0.6991869918699187,0.6470588235294118,130
2023-01-30,1039,123,78,54,37,45,17,0.6341463414634146,0.6851851851851852,115
2023-01-31,1039,112,78,95,41,34,54,0.6964285714285714,0.43157894736842106,119
2023-02-01,1039,143,83,52,38,60,14,0.5804195804195804,0.7307692307692307,121
2023-02-02,1039,107,76,70,48,31,22,0.7102803738317757,0.6857142857142857,124
2023-02-03,1039,122,77,87,47,45,40,0.6311475409836066,0.5402298850574713,124
2023-02-04,1039,102,70,76,49,32,27,0.6862745098039216,0.6447368421052632,119
2023-02-05,1039,114,64,87,46,50,41,0.5614035087719298,0.5287356321839081,110
2023-02-06,1039,111,90,97,34,21,63,0.8108108108108109,0.35051546391752575,124
2023-02-07,1039,126,90,62,45,36,17,0.7142857142857143,0.7258064516129032,135
2023-02-08,1039,129,83,89,37,46,52,0.6434108527131783,0.4157303370786517,120
2023-02-09,1039,117,89,79,44,28,35,0.7606837606837606,0.5569620253164557,133
2023-02-10,1039,119,91,82,35,28,47,0.7647058823529411,0.4268292682926829,126
2023-02-11,1039,100,75,71,32,25,39,0.75,0.4507042253521127,107
2023-02-12,1039,147,75,93,33,72,60,0.5102040816326531,0.3548387096774194,108
2023-02-13,1039,118,85,77,47,33,30,0.7203389830508474,0.6103896103896104,132
2023-02-14,1039,106,77,57,34,29,23,0.7264150943396226,0.5964912280701754,111
2023-02-15,1039,108,74,84,49,34,35,0.6851851851851852,0.5833333333333334,123
2023-02-16,1039,105,76,95,28,29,67,0.7238095238095238,0.29473684210526313,104
2023-02-17,1039,147,84,65,49,63,16,0.5714285714285714,0.7538461538461538,133
2023-02-18,1039,134,88,70,30,46,40,0.6567164179104478,0.42857142857142855,118
2023-02-19,1039,106,84,50,50,22,0,0.7924528301886793,1,134
2023-02-20,1039,145,89,80,34,56,46,0.6137931034482759,0.425,123
2023-02-21,1039,115,81,60,40,34,20,0.7043478260869566,0.6666666666666666,121
2023-02-22,1039,104,79,57,39,25,18,0.7596153846153846,0.6842105263157895,118
2023-02-23,1039,136,78,74,34,58,40,0.5735294117647058,0.4594594594594595,112
2023-02-24,1039,142,91,53,33,51,20,0.6408450704225352,0.6226415094339622,124
2023-02-25,1039,136,86,95,35,50,60,0.6323529411764706,0.3684210526315789,121
2023-02-26,1039,139,84,89,23,55,66,0.60431654676259,0.25842696629213485,107
2023-02-27,1039,108,76,99,38,32,61,0.7037037037037037,0.3838383838383838,114
2023-02-28,1039,105,65,63,53,40,10,0.6190476190476191,0.8412698412698413,118
2023-03-01,1039,109,75,56,36,34,20,0.6880733944954128,0.6428571428571429,111
2023-03-02,1039,144,79,58,34,65,24,0.5486111111111112,0.5862068965517241,113
2023-03-03,1039,122,78,94,36,44,58,0.639344262295082,0.3829787234042553,114
2023-03-04,1039,113,78,66,44,35,22,0.6902654867256637,0.6666666666666666,122
2023-03-05,1039,150,87,75,40,63,35,0.58,0.5333333333333333,127
2023-03-06,1039,100,77,96,44,23,52,0.77,0.4583333333333333,121
2023-03-07,1039,144,90,74,36,54,38,0.625,0.4864864864864865,126
2023-03-08,1039,139,86,57,38,53,19,0.6187050359712231,0.6666666666666666,124
2023-03-09,1039,148,100,54,44,48,10,0.6756756756756757,0.8148148148148148,144
2023-03-10,1039,140,70,75,47,70,28,0.5,0.6266666666666667,117
2023-03-11,1039,138,79,58,35,59,23,0.572463768115942,0.603448275862069,114
2023-03-12,1039,150,93,62,40,57,22,0.62,0.6451612903225806,133
2023-03-13,1039,100,76,74,48,24,26,0.76,0.6486486486486487,124
2023-03-14,1039,136,80,82,45,56,37,0.5882352941176471,0.5487804878048781,125
2023-03-15,1039,149,60,52,48,89,4,0.40268456375838924,0.9230769230769231,108
2023-03-16,1039,107,83,84,30,24,54,0.7757009345794392,0.35714285714285715,113
2023-03-17,1039,110,78,84,37,32,47,0.7090909090909091,0.44047619047619047,115
2023-03-18,1039,149,79,63,31,70,32,0.5302013422818792,0.49206349206349204,110
2023-03-19,1039,148,85,74,42,63,32,0.5743243243243243,0.5675675675675675,127
2023-03-20,1039,126,72,64,40,54,24,0.5714285714285714,0.625,112
2023-03-21,1039,142,108,95,42,34,53,0.7605633802816901,0.4421052631578947,150
2023-03-22,1039,105,92,81,38,13,43,0.8761904761904762,0.4691358024691358,130
2023-03-23,1039,105,78,68,35,27,33,0.7428571428571429,0.5147058823529411,113
2023-03-24,1039,106,67,52,37,39,15,0.6320754716981132,0.7115384615384616,104
2023-03-25,1039,102,75,52,37,27,15,0.7352941176470589,0.7115384615384616,112
2023-03-26,1039,125,71,69,31,54,38,0.568,0.4492753623188406,102
2023-03-27,1039,141,75,81,32,66,49,0.5319148936170213,0.3950617283950617,107
2023-03-28,1039,123,84,82,33,39,49,0.6829268292682927,0.4024390243902439,117
2023-03-29,1039,150,81,92,47,69,45,0.54,0.5108695652173914,128
2023-03-30,1039,104,81,62,34,23,28,0.7788461538461539,0.5483870967741935,115
2023-03-31,1039,110,79,72,33,31,39,0.7181818181818181,0.4583333333333333,112
2023-04-01,1039,131,77,55,35,54,20,0.5877862595419847,0.6363636363636364,112
2023-04-02,1039,106,83,67,45,23,22,0.78301886792452835,0.6716417910447762,128
2023-04-03,1039,116,86,83,53,30,30,0.7413793103448276,0.6385542168674698,139
2023-04-04,1039,139,81,76,33,58,43,0.5827338129496403,0.4342105263157895,114
2023-04-05,1039,137,89,95,27,48,68,0.6496350364963503,0.28421052631578947,116
2023-04-06,1039,116,97,59,42,19,17,0.8362068965517241,0.711864406779661,139
2023-04-07,1039,107,91,63,34,16,29,0.8504672897196262,0.5396825396825397,125
2023-04-08,1039,110,71,98,29,39,69,0.6454545454545455,0.29591836734693877,100
2023-04-09,1039,120,92,53,35,28,18,0.7666666666666667,0.660377358490566,127
2023-04-10,1039,148,103,93,45,45,48,0.6959459459459459,0.4838709677419355,148
2023-04-11,1039,121,74,96,41,47,55,0.6115702479338843,0.4270833333333333,115
2023-04-12,1039,121,83,83,30,38,53,0.6859504132231405,0.3614457831325301,113
2023-04-13,1039,113,71,68,40,42,28,0.6283185840707964,0.5882352941176471,111
2023-04-14,1039,119,84,91,30,35,61,0.7058823529411765,0.32967032967032966,114
2023-04-15,1039,133,82,64,38,51,26,0.6165413533834586,0.59375,120
2023-04-16,1039,131,65,58,40,66,18,0.4961832061068702,0.6896551724137931,105
2023-04-17,1039,103,96,87,42,7,45,0.9320388349514563,0.4827586206896552,138
2023-04-18,1039,149,80,50,40,69,10,0.5369127516778524,0.8,120
2023-04-19,1039,129,78,90,46,51,44,0.6046511627906976,0.5111111111111111,124
2023-04-20,1039,141,76,87,32,65,55,0.5390070921985816,0.367816091954023,108
2023-04-21,1039,146,68,87,49,78,38,0.4657534246575342,0.5632183908045977,117
2023-04-22,1039,120,85,78,33,35,45,0.7083333333333334,0.4230769230769231,118
2023-04-23,1039,145,86,95,47,59,48,0.593103448275862,0.49473684210526314,133
2023-04-24,1039,109,85,99,39,24,60,0.7798165137614679,0.3939393939393939,124
2023-04-25,1039,127,83,99,44,44,55,0.6535433070866141,0.4444444444444444,127
2023-04-26,1039,123,80,100,38,43,62,0.6504065040650406,0.38,118
2023-04-27,1039,147,72,51,33,75,18,0.4897959183673469,0.6470588235294118,105
2023-04-28,1039,128,85,84,45,43,39,0.6640625,0.5357142857142857,130
2023-04-29,1039,129,75,93,33,54,60,0.5813953488372093,0.3548387096774194,108
2023-04-30,1039,108,72,81,38,36,43,0.6666666666666666,0.4691358024691358,110
2023-05-01,1039,118,98,90,33,20,57,0.8305084745762712,0.36666666666666664,131
2023-05-02,1039,140,81,84,38,59,46,0.5785714285714286,0.4523809523809524,119
2023-05-03,1039,111,84,52,43,27,9,0.7567567567567568,0.8269230769230769,127
2023-05-04,1039,150,89,54,43,61,11,0.5933333333333334,0.7962962962962963,132
2023-05-05,1039,139,78,96,42,61,54,0.5611510791366906,0.4375,120
2023-05-06,1039,135,81,96,42,54,54,0.6,0.4375,123
2023-05-07,1039,100,87,54,44,13,10,0.87,0.8148148148148148,131
2023-05-08,1039,124,72,73,39,52,34,0.5806451612903226,0.5342465753424658,111
2023-05-09,1039,136,95,86,43,41,43,0.6985294117647058,0.5,138
2023-05-10,1039,149,88,58,41,61,17,0.5906040268456376,0.7068965517241379,129
2023-05-11,1039,119,82,93,35,37,58,0.6890756302521008,0.3763440860215054,117
2023-05-12,1039,103,82,79,29,21,50,0.7961165048543689,0.3670886075949367,111
2023-05-13,1039,138,67,100,40,71,60,0.4855072463768116,0.4,107
2023-05-14,1039,149,83,77,39,66,38,0.5570469798657718,0.5064935064935064,122
2023-05-15,1039,121,99,56,40,22,16,0.8181818181818182,0.7142857142857143,139
2023-05-16,1039,135,65,51,40,70,11,0.48148148148148145,0.7843137254901961,105
2023-05-17,1039,133,75,94,33,58,61,0.5639097744360902,0.35106382978723405,108
2023-05-18,1039,150,88,89,36,62,53,0.5866666666666667,0.4044943820224719,124
2023-05-19,1039,102,67,87,40,35,47,0.6568627450980392,0.45977011494252873,107
2023-05-20,1039,105,74,81,35,31,46,0.7047619047619048,0.43209876543209874,109
2023-05-21,1039,114,90,76,48,24,28,0.7894736842105263,0.631578947368421,138
2023-05-22,1039,129,82,61,46,47,15,0.6356589147286822,0.7540983606557377,128
2023-05-23,1039,124,84,75,35,40,40,0.6774193548387096,0.4666666666666667,119
2023-05-24,1039,121,85,86,28,36,58,0.7024793388429752,0.32558139534883723,113
2023-05-25,1039,135,89,65,48,46,17,0.6592592592592592,0.7384615384615385,137
2023-05-26,1039,109,109,81,36,0,45,1,0.4444444444444444,145
2023-05-27,1039,142,77,87,46,65,41,0.5422535211267606,0.5287356321839081,123
2023-05-28,1039,141,71,79,47,70,32,0.5035460992907801,0.5949367088607594,118
2023-05-29,1039,110,84,100,42,26,58,0.7636363636363637,0.42,126
2023-05-30,1039,100,75,76,46,25,30,0.75,0.6052631578947368,121
2023-05-31,1039,136,67,58,37,69,21,0.49264705882352944,0.6379310344827587,104
2023-06-01,1039,146,74,67,38,72,29,0.5068493150684932,0.5671641791044776,112
2023-06-02,1039,101,83,53,32,18,21,0.8217821782178217,0.6037735849056604,115
2023-06-03,1039,104,74,97,40,30,57,0.7115384615384616,0.41237113402061853,114
2023-06-04,1039,140,75,81,39,65,42,0.5357142857142857,0.48148148148148145,114
2023-06-05,1039,122,74,58,34,48,24,0.6065573770491803,0.5862068965517241,108
2023-06-06,1039,136,76,96,35,60,61,0.5588235294117647,0.3645833333333333,111
2023-06-07,1039,144,76,52,52,68,0,0.5277777777777778,1,128
2023-06-08,1039,109,99,100,51,10,49,0.908256880733945,0.51,150
2023-06-09,1039,125,79,51,42,46,9,0.632,0.8235294117647058,121
2023-06-10,1039,108,81,74,37,27,37,0.75,0.5,118
2023-06-11,1039,120,100,71,48,20,23,0.8333333333333334,0.676056338028169,148
2023-06-12,1039,101,95,75,44,6,31,0.9405940594059405,0.5866666666666667,139
2023-06-13,1039,114,80,91,52,34,39,0.7017543859649122,0.5714285714285714,132
2023-06-14,1039,106,80,64,31,26,33,0.7547169811320755,0.484375,111
2023-06-15,1039,114,79,76,40,35,36,0.6929824561403509,0.5263157894736842,119
2023-06-16,1039,103,83,75,40,20,35,0.8058252427184466,0.5333333333333333,123
2023-06-17,1039,109,99,50,39,10,11,0.908256880733945,0.78,138
2023-06-18,1039,112,81,63,26,31,37,0.7232142857142857,0.4126984126984127,107
2023-06-19,1039,144,70,51,34,74,17,0.4861111111111111,0.6666666666666666,104
2023-06-20,1039,132,67,70,41,65,29,0.5075757575757576,0.5857142857142857,108
2023-06-21,1039,144,70,61,36,74,25,0.4861111111111111,0.5901639344262295,106
2023-06-22,1039,146,109,55,43,37,12,0.7465753424657534,0.7818181818181819,152
2023-06-23,1039,127,70,96,48,57,48,0.5511811023622047,0.5,118
2023-06-24,1039,145,74,75,32,71,43,0.5103448275862069,0.4266666666666667,106
2023-06-25,1039,148,79,97,38,69,59,0.5337837837837838,0.3917525773195876,117
2023-06-26,1039,149,81,76,45,68,31,0.5436241610738255,0.5921052631578947,126
2023-06-27,1039,148,101,66,44,47,22,0.6824324324324325,0.6666666666666666,145
2023-06-28,1039,131,71,87,38,60,49,0.5419847328244275,0.4367816091954023,109
2023-06-29,1039,145,67,55,45,78,10,0.46206896551724136,0.8181818181818182,112
2023-06-30,1039,129,88,56,40,41,16,0.6821705426356589,0.7142857142857143,128
2023-07-01,1039,112,97,71,31,15,40,0.8660714285714286,0.43661971830985913,128
2023-07-02,1039,107,92,72,43,15,29,0.8598130841121495,0.5972222222222222,135
2023-07-03,1039,132,92,62,42,40,20,0.696969696969697,0.6774193548387096,134
2023-07-04,1039,115,66,76,37,49,39,0.5739130434782609,0.4868421052631579,103
2023-07-05,1039,103,85,80,44,18,36,0.8252427184466019,0.55,129
2023-07-06,1039,149,75,98,42,74,56,0.5033557046979866,0.42857142857142855,117
2023-07-07,1039,150,81,72,44,69,28,0.54,0.6111111111111112,125
2023-07-08,1039,104,75,80,31,29,49,0.7211538461538461,0.3875,106
2023-07-09,1039,134,84,90,43,50,47,0.6268656716417911,0.4777777777777778,127
2023-07-10,1039,105,84,89,41,21,48,0.8,0.4606741573033708,125
2023-07-11,1039,122,80,96,41,42,55,0.6557377049180327,0.4270833333333333,121
2023-07-12,1039,131,70,92,33,61,59,0.5343511450381679,0.358695652173913,103
2023-07-13,1039,135,90,65,39,45,26,0.6666666666666666,0.6,129
2023-07-14,1039,103,87,52,52,16,0,0.8446601941747572,1,139
2023-07-15,1039,114,69,79,41,45,38,0.6052631578947368,0.5189873417721519,110
2023-07-16,1039,134,100,71,38,34,33,0.746268656716418,0.5352112676056338,138
2023-07-17,1039,112,71,81,37,41,44,0.6339285714285714,0.4567901234567901,108
2023-07-18,1039,125,74,52,31,51,21,0.592,0.5961538461538461,105
2023-07-19,1039,148,68,92,44,80,48,0.4594594594594595,0.4782608695652174,112
2023-07-20,1039,141,74,97,44,67,53,0.524822695035461,0.4536082474226804,118
2023-07-21,1039,145,71,67,26,74,41,0.4896551724137931,0.3880597014925373,97
2023-07-22,1039,120,81,83,40,39,43,0.675,0.4819277108433735,121
2023-07-23,1039,125,76,56,38,49,18,0.608,0.6785714285714286,114
2023-07-24,1039,121,75,95,42,46,53,0.6198347107438017,0.4421052631578947,117
2023-07-25,1039,101,88,86,40,13,46,0.8712871287128713,0.46511627906976744,128
2023-07-26,1039,135,70,98,41,65,57,0.5185185185185185,0.41836734693877553,111
2023-07-27,1039,132,78,92,39,54,53,0.5909090909090909,0.42391304347826086,117
2023-07-28,1039,128,85,71,41,43,30,0.6640625,0.5774647887323944,126
2023-07-29,1039,111,65,67,31,46,36,0.5855855855855856,0.4626865671641791,96
2023-07-30,1039,120,88,93,46,32,47,0.7333333333333333,0.4946236559139785,134
2023-07-31,1039,137,88,100,37,49,63,0.6423357664233577,0.37,125
2023-08-01,1039,122,79,82,41,43,41,0.6475409836065574,0.5,120
2023-08-02,1039,133,93,61,45,40,16,0.6992481203007519,0.7377049180327869,138
2023-08-03,1039,143,93,93,39,50,54,0.6503496503496503,0.41935483870967744,132
2023-08-04,1039,105,105,78,41,0,37,1,0.5256410256410257,146
2023-08-05,1039,145,69,75,46,76,29,0.47586206896551725,0.6133333333333333,115
2023-08-06,1039,149,82,74,56,67,18,0.5503355704697986,0.7567567567567568,138
2023-08-07,1039,101,77,72,44,24,28,0.7623762376237624,0.6111111111111112,121
2023-08-08,1039,123,87,70,49,36,21,0.7073170731707317,0.7,136
2023-08-09,1039,130,94,68,38,36,30,0.7230769230769231,0.5588235294117647,132
2023-08-10,1039,145,93,97,38,52,59,0.6413793103448275,0.3917525773195876,131
2023-08-11,1039,141,83,82,41,58,41,0.5886524822695035,0.5,124
2023-08-12,1039,103,69,76,40,34,36,0.6699029126213593,0.5263157894736842,109
2023-08-13,1039,149,86,57,45,63,12,0.5771812080536913,0.7894736842105263,131
2023-08-14,1039,119,82,58,47,37,11,0.6890756302521008,0.8103448275862069,129
2023-08-15,1039,110,86,55,37,24,18,0.7818181818181819,0.6727272727272727,123
2023-08-16,1039,127,79,71,29,48,42,0.6220472440944882,0.4084507042253521,108
2023-08-17,1039,102,75,62,38,27,24,0.7352941176470589,0.6129032258064516,113
2023-08-18,1039,102,70,65,38,32,27,0.6862745098039216,0.5846153846153846,108
2023-08-19,1039,150,86,52,33,64,19,0.5733333333333334,0.6346153846153846,119
2023-08-20,1039,126,78,74,40,48,34,0.6190476190476191,0.5405405405405406,118
2023-08-21,1039,130,77,74,40,53,34,0.5923076923076923,0.5405405405405406,117
2023-08-22,1039,146,79,83,42,67,41,0.541095890410959,0.5060240963855421,121
2023-08-23,1039,138,65,51,44,73,7,0.47101449275362317,0.8627450980392157,109
2023-08-24,1039,119,69,61,34,50,27,0.5798319327731093,0.5573770491803278,103
2023-08-25,1039,111,75,61,40,36,21,0.6756756756756757,0.6557377049180327,115
2023-08-26,1039,128,62,94,37,66,57,0.484375,0.39361702127659576,99
2023-08-27,1039,111,85,80,40,26,40,0.7657657657657657,0.5,125
2023-08-28,1039,109,82,85,42,27,43,0.7522935779816514,0.49411764705882355,124
2023-08-29,1039,150,82,60,46,68,14,0.5466666666666666,0.7666666666666667,128
2023-08-30,1039,123,62,73,43,61,30,0.5040650406504065,0.589041095890411,105
2023-08-31,1039,150,78,86,55,72,31,0.52,0.6395348837209303,133
2023-09-01,1039,123,80,93,48,43,45,0.6504065040650406,0.5161290322580645,128
2023-09-02,1039,110,84,84,48,26,36,0.7636363636363637,0.5714285714285714,132
2023-09-03,1039,144,75,75,42,69,33,0.5208333333333334,0.56,117
2023-09-04,1039,108,85,74,52,23,22,0.7870370370370371,0.7027027027027027,137
2023-09-05,1039,113,70,74,34,43,40,0.6194690265486725,0.4594594594594595,104
2023-09-06,1039,119,70,84,38,49,46,0.5882352941176471,0.4523809523809524,108
2023-09-07,1039,134,83,57,35,51,22,0.6194029850746269,0.6140350877192983,118
2023-09-08,1039,128,77,77,32,51,45,0.6015625,0.4155844155844156,109
2023-09-09,1039,124,78,72,35,46,37,0.6290322580645161,0.4861111111111111,113
2023-09-10,1039,137,78,53,41,59,12,0.5693430656934306,0.7735849056603774,119
2023-09-11,1039,135,88,56,32,47,24,0.6518518518518519,0.5714285714285714,120
2023-09-12,1039,118,89,57,33,29,24,0.7542372881355932,0.5789473684210527,122
2023-09-13,1039,120,79,58,37,41,21,0.6583333333333333,0.6379310344827587,116
2023-09-14,1039,138,94,51,51,44,0,0.6811594202898551,1,145
2023-09-15,1039,124,72,78,32,52,46,0.5806451612903226,0.41025641025641024,104
2023-09-16,1039,136,82,71,45,54,26,0.6029411764705882,0.6338028169014085,127
2023-09-17,1039,115,77,51,47,38,4,0.6695652173913044,0.9215686274509803,124
2023-09-18,1039,131,94,70,25,37,45,0.7175572519083969,0.35714285714285715,119
2023-09-19,1039,104,80,90,36,24,54,0.7692307692307693,0.4,116
2023-09-20,1039,117,82,61,27,35,34,0.7008547008547008,0.4426229508196721,109
2023-09-21,1039,112,85,81,46,27,35,0.7589285714285714,0.5679012345679012,131
2023-09-22,1039,123,71,62,34,52,28,0.5772357723577236,0.5483870967741935,105
2023-09-23,1039,137,83,70,52,54,18,0.6058394160583942,0.7428571428571429,135
2023-09-24,1039,143,83,64,34,60,30,0.5804195804195804,0.53125,117
2023-09-25,1039,121,78,58,38,43,20,0.6446280991735537,0.6551724137931034,116
2023-09-26,1039,133,86,79,30,47,49,0.6466165413533834,0.379746835443038,116
2023-09-27,1039,147,68,82,32,79,50,0.46258503401360546,0.3902439024390244,100
2023-09-28,1039,120,88,54,34,32,20,0.7333333333333333,0.6296296296296297,122
2023-09-29,1039,114,76,57,31,38,26,0.6666666666666666,0.543859649122807,107
2023-09-30,1039,107,86,92,43,21,49,0.8037383177570093,0.4673913043478261,129
2023-10-01,1039,130,75,90,45,55,45,0.5769230769230769,0.5,120
2023-10-02,1039,139,80,68,38,59,30,0.5755395683453237,0.5588235294117647,118
2023-10-03,1039,141,66,77,40,75,37,0.46808510638297873,0.5194805194805194,106
2023-10-04,1039,118,74,59,44,44,15,0.6271186440677966,0.7457627118644068,118
2023-10-05,1039,117,70,59,46,47,13,0.5982905982905983,0.7796610169491526,116
2023-10-06,1039,139,80,90,34,59,56,0.5755395683453237,0.37777777777777777,114
2023-10-07,1039,129,81,89,40,48,49,0.627906976744186,0.449438202247191,121
2023-10-08,1039,148,96,82,55,52,27,0.6486486486486487,0.6707317073170732,151
2023-10-09,1039,148,62,62,39,86,23,0.4189189189189189,0.6290322580645161,101
2023-10-10,1039,110,90,52,52,20,0,0.8181818181818182,1,142
2023-10-11,1039,119,78,87,43,41,44,0.6554621848739496,0.4942528735632184,121
2023-10-12,1039,116,73,84,39,43,45,0.6293103448275862,0.4642857142857143,112
2023-10-13,1039,134,79,97,40,55,57,0.5895522388059702,0.41237113402061853,119
2023-10-14,1039,149,83,79,38,66,41,0.5570469798657718,0.4810126582278481,121
2023-10-15,1039,138,85,70,55,53,15,0.6159420289855072,0.7857142857142857,140
2023-10-16,1039,100,81,50,42,19,8,0.81,0.84,123
2023-10-17,1039,123,85,76,49,38,27,0.6910569105691057,0.6447368421052632,134
2023-10-18,1039,129,75,65,37,54,28,0.5813953488372093,0.5692307692307692,112
2023-10-19,1039,117,66,56,37,51,19,0.5641025641025641,0.6607142857142857,103
2023-10-20,1039,126,74,87,50,52,37,0.5873015873015873,0.5747126436781609,124
2023-10-21,1039,135,89,57,50,46,7,0.6592592592592592,0.8771929824561403,139
2023-10-22,1039,109,81,89,40,28,49,0.7431192660550459,0.449438202247191,121
2023-10-23,1039,145,81,92,46,64,46,0.5586206896551724,0.5,127
2023-10-24,1039,116,69,69,46,47,23,0.5948275862068966,0.6666666666666666,115
2023-10-25,1039,145,74,95,47,71,48,0.5103448275862069,0.49473684210526314,121
2023-10-26,1039,132,93,77,39,39,38,0.7045454545454546,0.5064935064935064,132
2023-10-27,1039,113,79,63,47,34,16,0.6991150442477876,0.746031746031746,126
2023-10-28,1039,124,77,98,32,47,66,0.6209677419354839,0.32653061224489793,109
2023-10-29,1039,149,85,95,35,64,60,0.5704697986577181,0.3684210526315789,120
2023-10-30,1039,120,87,53,41,33,12,0.725,0.7735849056603774,128
2023-10-31,1039,131,75,55,33,56,22,0.5725190839694656,0.6,108
2023-11-01,1039,124,86,73,37,38,36,0.6935483870967742,0.5068493150684932,123
2023-11-02,1039,144,76,90,38,68,52,0.5277777777777778,0.4222222222222222,114
2023-11-03,1039,139,67,50,38,72,12,0.48201438848920863,0.76,105
2023-11-04,1039,107,77,82,44,30,38,0.719626168224299,0.5365853658536586,121
2023-11-05,1039,126,82,53,45,44,8,0.6507936507936508,0.8490566037735849,127
2023-11-06,1039,101,82,63,49,19,14,0.8118811881188119,0.7777777777777778,131
2023-11-07,1039,126,82,93,37,44,56,0.6507936507936508,0.3978494623655914,119
2023-11-08,1039,150,67,50,40,83,10,0.44666666666666666,0.8,107
2023-11-09,1039,115,66,92,44,49,48,0.5739130434782609,0.4782608695652174,110
2023-11-10,1039,126,66,92,34,60,58,0.5238095238095238,0.3695652173913043,100
2023-11-11,1039,115,81,86,41,34,45,0.7043478260869566,0.47674418604651164,122
2023-11-12,1039,128,91,58,38,37,20,0.7109375,0.6551724137931034,129
2023-11-13,1039,105,70,92,45,35,47,0.6666666666666666,0.4891304347826087,115
2023-11-14,1039,100,80,73,36,20,37,0.8,0.4931506849315068,116
2023-11-15,1039,113,84,52,45,29,7,0.7433628318584071,0.8653846153846154,129
2023-11-16,1039,127,79,92,30,48,62,0.6220472440944882,0.32608695652173914,109
2023-11-17,1039,148,85,53,46,63,7,0.5743243243243243,0.8679245283018868,131
2023-11-18,1039,130,61,96,49,69,47,0.46923076923076923,0.5104166666666666,110
2023-11-19,1039,106,87,93,48,19,45,0.8207547169811321,0.5161290322580645,135
2023-11-20,1039,145,75,89,44,70,45,0.5172413793103449,0.4943820224719101,119
2023-11-21,1039,111,87,56,39,24,17,0.7837837837837838,0.6964285714285714,126
2023-11-22,1039,118,85,84,40,33,44,0.7203389830508474,0.47619047619047616,125
2023-11-23,1039,110,91,61,44,19,17,0.8272727272727273,0.7213114754098361,135
2023-11-24,1039,124,82,53,45,42,8,0.6612903225806451,0.8490566037735849,127
2023-11-25,1039,101,79,80,37,22,43,0.7821782178217822,0.4625,116
2023-11-26,1039,134,90,100,48,44,52,0.6716417910447762,0.48,138
2023-11-27,1039,122,80,78,23,42,55,0.6557377049180327,0.2948717948717949,103
2023-11-28,1039,143,78,96,39,65,57,0.5454545454545454,0.40625,117
2023-11-29,1039,108,88,95,47,20,48,0.8148148148148148,0.49473684210526314,135
2023-11-30,1039,110,80,52,46,30,6,0.7272727272727273,0.8846153846153846,126
2023-12-01,1039,114,79,54,43,35,11,0.6929824561403509,0.7962962962962963,122
2023-12-02,1039,119,79,74,39,40,35,0.6638655462184874,0.527027027027027,118
2023-12-03,1039,108,72,61,53,36,8,0.6666666666666666,0.8688524590163934,125
2023-12-04,1039,124,85,70,36,39,34,0.6854838709677419,0.5142857142857142,121
2023-12-05,1039,127,83,65,47,44,18,0.6535433070866141,0.7230769230769231,130
2023-12-06,1039,133,60,64,27,73,37,0.45112781954887216,0.421875,87
2023-12-07,1039,106,81,82,35,25,47,0.7641509433962265,0.4268292682926829,116
2023-12-08,1039,121,88,70,32,33,38,0.7272727272727273,0.45714285714285713,120
2023-12-09,1039,144,91,99,43,53,56,0.6319444444444444,0.43434343434343436,134
2023-12-10,1039,110,81,70,28,29,42,0.7363636363636363,0.4,109
2023-12-11,1039,146,90,100,28,56,72,0.6164383561643836,0.28,118
2023-12-12,1039,143,67,86,44,76,42,0.46853146853146854,0.5116279069767442,111
2023-12-13,1039,108,77,81,42,31,39,0.7129629629629629,0.5185185185185185,119
2023-12-14,1039,149,75,79,44,74,35,0.5033557046979866,0.5569620253164557,119
2023-12-15,1039,131,84,74,33,47,41,0.6412213740458015,0.44594594594594594,117
2023-12-16,1039,106,84,98,48,22,50,0.7924528301886793,0.4897959183673469,132
2023-12-17,1039,109,99,50,50,10,0,0.908256880733945,1,149
2023-12-18,1039,128,75,71,40,53,31,0.5859375,0.5633802816901409,115
2023-12-19,1039,104,75,99,52,29,47,0.7211538461538461,0.5252525252525253,127
2023-12-20,1039,118,75,81,36,43,45,0.635593220338983,0.4444444444444444,111
2023-12-21,1039,106,81,76,33,25,43,0.7641509433962265,0.4342105263157895,114
2023-12-22,1039,150,84,54,52,66,2,0.56,0.9629629629629629,136
2023-12-23,1039,142,72,86,42,70,44,0.5070422535211268,0.4883720930232558,114
2023-12-24,1039,115,73,62,40,42,22,0.6347826086956522,0.6451612903225806,113
2023-12-25,1039,115,84,81,35,31,46,0.7304347826086957,0.43209876543209874,119
2023-12-26,1039,100,85,81,38,15,43,0.85,0.4691358024691358,123
2023-12-27,1039,117,79,74,44,38,30,0.6752136752136753,0.5945945945945946,123
2023-12-28,1039,145,70,81,46,75,35,0.4827586206896552,0.5679012345679012,116
2023-12-29,1039,115,72,74,47,43,27,0.6260869565217392,0.6351351351351351,119
2023-12-30,1039,115,83,60,36,32,24,0.7217391304347827,0.6,119
2023-12-31,1039,110,76,59,41,34,18,0.6909090909090909,0.6949152542372882,117
2023-01-01,1040,126,72,52,42,54,10,0.5714285714285714,0.8076923076923077,114
2023-01-02,1040,109,78,50,48,31,2,0.7155963302752294,0.96,126
2023-01-03,1040,118,70,86,36,48,50,0.5932203389830508,0.4186046511627907,106
2023-01-04,1040,126,99,100,29,27,71,0.7857142857142857,0.29,128
2023-01-05,1040,136,69,55,50,67,5,0.5073529411764706,0.9090909090909091,119
2023-01-06,1040,122,78,65,31,44,34,0.639344262295082,0.47692307692307695,109
2023-01-07,1040,139,66,75,34,73,41,0.4748201438848921,0.4533333333333333,100
2023-01-08,1040,140,85,71,39,55,32,0.6071428571428571,0.5492957746478874,124
2023-01-09,1040,131,73,54,40,58,14,0.5572519083969466,0.7407407407407407,113
2023-01-10,1040,100,58,71,32,42,39,0.58,0.4507042253521127,90
2023-01-11,1040,128,78,54,34,50,20,0.609375,0.6296296296296297,112
2023-01-12,1040,133,82,59,38,51,21,0.6165413533834586,0.6440677966101694,120
2023-01-13,1040,135,77,98,45,58,53,0.5703703703703704,0.45918367346938777,122
2023-01-14,1040,100,81,57,38,19,19,0.81,0.6666666666666666,119
2023-01-15,1040,107,86,97,38,21,59,0.8037383177570093,0.3917525773195876,124
2023-01-16,1040,139,101,81,41,38,40,0.7266187050359713,0.5061728395061729,142
2023-01-17,1040,147,70,54,41,77,13,0.47619047619047616,0.7592592592592593,111
2023-01-18,1040,116,89,82,46,27,36,0.7672413793103449,0.5609756097560976,135
2023-01-19,1040,127,92,80,38,35,42,0.7244094488188977,0.475,130
2023-01-20,1040,150,79,59,47,71,12,0.5266666666666666,0.7966101694915254,126
2023-01-21,1040,135,77,98,46,58,52,0.5703703703703704,0.46938775510204084,123
2023-01-22,1040,126,87,100,35,39,65,0.6904761904761905,0.35,122
2023-01-23,1040,119,90,50,44,29,6,0.7563025210084033,0.88,134
2023-01-24,1040,117,78,100,37,39,63,0.6666666666666666,0.37,115
2023-01-25,1040,111,83,59,55,28,4,0.7477477477477478,0.9322033898305084,138
2023-01-26,1040,138,68,61,30,70,31,0.4927536231884058,0.4918032786885246,98
2023-01-27,1040,143,80,83,38,63,45,0.5594405594405595,0.4578313253012048,118
2023-01-28,1040,144,83,95,34,61,61,0.5763888888888888,0.35789473684210527,117
2023-01-29,1040,121,68,91,51,53,40,0.5619834710743802,0.5604395604395604,119
2023-01-30,1040,132,80,82,46,52,36,0.6060606060606061,0.5609756097560976,126
2023-01-31,1040,142,71,80,46,71,34,0.5,0.575,117
2023-02-01,1040,143,74,73,44,69,29,0.5174825174825175,0.6027397260273972,118
2023-02-02,1040,133,82,85,42,51,43,0.6165413533834586,0.49411764705882355,124
2023-02-03,1040,102,79,55,40,23,15,0.7745098039215687,0.7272727272727273,119
2023-02-04,1040,130,79,56,31,51,25,0.6076923076923076,0.5535714285714286,110
2023-02-05,1040,137,83,59,36,54,23,0.6058394160583942,0.6101694915254238,119
2023-02-06,1040,124,80,94,37,44,57,0.6451612903225806,0.39361702127659576,117
2023-02-07,1040,145,77,65,39,68,26,0.5310344827586206,0.6,116
2023-02-08,1040,116,91,69,44,25,25,0.7844827586206896,0.6376811594202898,135
2023-02-09,1040,114,87,99,50,27,49,0.7631578947368421,0.5050505050505051,137
2023-02-10,1040,109,86,100,34,23,66,0.7889908256880734,0.34,120
2023-02-11,1040,116,70,73,40,46,33,0.603448275862069,0.547945205479452,110
2023-02-12,1040,148,85,77,45,63,32,0.5743243243243243,0.5844155844155844,130
2023-02-13,1040,139,82,90,48,57,42,0.5899280575539568,0.5333333333333333,130
2023-02-14,1040,115,63,66,36,52,30,0.5478260869565217,0.5454545454545454,99
2023-02-15,1040,109,85,92,44,24,48,0.7798165137614679,0.4782608695652174,129
2023-02-16,1040,127,92,85,35,35,50,0.7244094488188977,0.4117647058823529,127
2023-02-17,1040,147,76,92,37,71,55,0.5170068027210885,0.40217391304347827,113
2023-02-18,1040,128,77,79,51,51,28,0.6015625,0.6455696202531646,128
2023-02-19,1040,128,76,68,37,52,31,0.59375,0.5441176470588235,113
2023-02-20,1040,104,72,88,43,32,45,0.6923076923076923,0.48863636363636365,115
2023-02-21,1040,115,75,100,33,40,67,0.6521739130434783,0.33,108
2023-02-22,1040,111,83,71,43,28,28,0.7477477477477478,0.6056338028169014,126
2023-02-23,1040,130,80,81,45,50,36,0.6153846153846154,0.5555555555555556,125
2023-02-24,1040,145,68,67,33,77,34,0.4689655172413793,0.4925373134328358,101
2023-02-25,1040,145,88,73,33,57,40,0.6068965517241379,0.4520547945205479,121
2023-02-26,1040,124,73,66,43,51,23,0.5887096774193549,0.6515151515151515,116
2023-02-27,1040,125,74,72,46,51,26,0.592,0.6388888888888888,120
2023-02-28,1040,109,85,78,38,24,40,0.7798165137614679,0.48717948717948717,123
2023-03-01,1040,141,98,70,47,43,23,0.6950354609929078,0.6714285714285714,145
2023-03-02,1040,104,76,81,42,28,39,0.7307692307692307,0.5185185185185185,118
2023-03-03,1040,108,94,97,57,14,40,0.8703703703703703,0.5876288659793815,151
2023-03-04,1040,144,83,77,49,61,28,0.5763888888888888,0.6363636363636364,132
2023-03-05,1040,111,75,52,38,36,14,0.6756756756756757,0.7307692307692307,113
2023-03-06,1040,121,85,75,42,36,33,0.7024793388429752,0.56,127
2023-03-07,1040,125,72,80,34,53,46,0.576,0.425,106
2023-03-08,1040,110,70,59,41,40,18,0.6363636363636364,0.6949152542372882,111
2023-03-09,1040,118,79,84,46,39,38,0.6694915254237288,0.5476190476190477,125
2023-03-10,1040,118,79,73,41,39,32,0.6694915254237288,0.5616438356164384,120
2023-03-11,1040,130,88,55,38,42,17,0.676923076923077,0.6909090909090909,126
2023-03-12,1040,110,71,74,54,39,20,0.6454545454545455,0.7297297297297297,125
2023-03-13,1040,133,101,89,46,32,43,0.7593984962406015,0.5168539325842697,147
2023-03-14,1040,146,72,59,39,74,20,0.4931506849315068,0.6610169491525424,111
2023-03-15,1040,122,67,53,34,55,19,0.5491803278688525,0.6415094339622641,101
2023-03-16,1040,116,81,93,27,35,66,0.6982758620689655,0.2903225806451613,108
2023-03-17,1040,122,73,90,29,49,61,0.5983606557377049,0.32222222222222224,102
2023-03-18,1040,115,83,83,31,32,52,0.7217391304347827,0.37349397590361444,114
2023-03-19,1040,100,78,50,38,22,12,0.78,0.76,116
2023-03-20,1040,122,78,93,33,44,60,0.639344262295082,0.3548387096774194,111
2023-03-21,1040,125,84,54,51,41,3,0.672,0.9444444444444444,135
2023-03-22,1040,107,66,53,46,41,7,0.616822429906542,0.8679245283018868,112
2023-03-23,1040,101,87,71,32,14,39,0.8613861386138614,0.4507042253521127,119
2023-03-24,1040,111,94,99,35,17,64,0.8468468468468469,0.35353535353535354,129
2023-03-25,1040,136,79,87,47,57,40,0.5808823529411765,0.5402298850574713,126
2023-03-26,1040,100,76,63,34,24,29,0.76,0.5396825396825397,110
2023-03-27,1040,103,81,76,40,22,36,0.7864077669902912,0.5263157894736842,121
2023-03-28,1040,140,76,68,36,64,32,0.5428571428571428,0.5294117647058824,112
2023-03-29,1040,141,95,76,39,46,37,0.6737588652482269,0.5131578947368421,134
2023-03-30,1040,105,81,72,43,24,29,0.7714285714285715,0.5972222222222222,124
2023-03-31,1040,128,83,54,35,45,19,0.6484375,0.6481481481481481,118
2023-04-01,1040,147,78,67,46,69,21,0.5306122448979592,0.6865671641791045,124
2023-04-02,1040,145,82,75,41,63,34,0.5655172413793104,0.5466666666666666,123
2023-04-03,1040,147,92,78,36,55,42,0.6258503401360545,0.46153846153846156,128
2023-04-04,1040,119,81,71,45,38,26,0.680672268907563,0.6338028169014085,126
2023-04-05,1040,141,75,85,37,66,48,0.5319148936170213,0.43529411764705883,112
2023-04-06,1040,103,96,86,36,7,50,0.9320388349514563,0.4186046511627907,132
2023-04-07,1040,129,74,57,42,55,15,0.5736434108527132,0.7368421052631579,116
2023-04-08,1040,141,89,93,53,52,40,0.6312056737588653,0.5698924731182796,142
2023-04-09,1040,131,63,62,46,68,16,0.48091603053435117,0.7419354838709677,109
2023-04-10,1040,121,64,53,37,57,16,0.5289256198347108,0.6981132075471698,101
2023-04-11,1040,119,97,59,28,22,31,0.8151260504201681,0.4745762711864407,125
2023-04-12,1040,102,82,94,53,20,41,0.803921568627451,0.5638297872340425,135
2023-04-13,1040,112,87,59,44,25,15,0.7767857142857143,0.7457627118644068,131
2023-04-14,1040,141,92,97,44,49,53,0.6524822695035462,0.4536082474226804,136
2023-04-15,1040,105,74,55,51,31,4,0.7047619047619048,0.9272727272727272,125
2023-04-16,1040,109,90,55,34,19,21,0.8256880733944955,0.6181818181818182,124
2023-04-17,1040,111,87,91,36,24,55,0.7837837837837838,0.3956043956043956,123
2023-04-18,1040,117,66,91,33,51,58,0.5641025641025641,0.3626373626373626,99
2023-04-19,1040,112,93,69,41,19,28,0.8303571428571429,0.5942028985507246,134
2023-04-20,1040,100,77,67,37,23,30,0.77,0.5522388059701493,114
2023-04-21,1040,139,64,60,32,75,28,0.460431654676259,0.5333333333333333,96
2023-04-22,1040,137,83,54,38,54,16,0.6058394160583942,0.7037037037037037,121
2023-04-23,1040,141,82,83,36,59,47,0.5815602836879432,0.43373493975903615,118
2023-04-24,1040,141,76,56,43,65,13,0.5390070921985816,0.7678571428571429,119
2023-04-25,1040,141,72,62,44,69,18,0.5106382978723404,0.7096774193548387,116
2023-04-26,1040,110,73,63,41,37,22,0.6636363636363637,0.6507936507936508,114
2023-04-27,1040,119,73,51,27,46,24,0.6134453781512605,0.5294117647058824,100
2023-04-28,1040,150,91,91,45,59,46,0.6066666666666667,0.4945054945054945,136
2023-04-29,1040,104,53,84,41,51,43,0.5096153846153846,0.4880952380952381,94
2023-04-30,1040,148,65,90,28,83,62,0.4391891891891892,0.3111111111111111,93
2023-05-01,1040,147,87,88,33,60,55,0.5918367346938775,0.375,120
2023-05-02,1040,126,72,51,40,54,11,0.5714285714285714,0.7843137254901961,112
2023-05-03,1040,128,84,79,41,44,38,0.65625,0.5189873417721519,125
2023-05-04,1040,118,89,54,35,29,19,0.7542372881355932,0.6481481481481481,124
2023-05-05,1040,150,64,65,45,86,20,0.4266666666666667,0.6923076923076923,109
2023-05-06,1040,101,81,65,40,20,25,0.801980198019802,0.6153846153846154,121
2023-05-07,1040,109,81,72,40,28,32,0.7431192660550459,0.5555555555555556,121
2023-05-08,1040,148,69,88,36,79,52,0.46621621621621623,0.4090909090909091,105
2023-05-09,1040,113,91,83,44,22,39,0.8053097345132744,0.5301204819277109,135
2023-05-10,1040,124,78,79,36,46,43,0.6290322580645161,0.45569620253164556,114
2023-05-11,1040,134,78,71,31,56,40,0.582089552238806,0.43661971830985913,109
2023-05-12,1040,146,91,57,45,55,12,0.6232876712328768,0.7894736842105263,136
2023-05-13,1040,137,67,85,29,70,56,0.48905109489051096,0.3411764705882353,96
2023-05-14,1040,136,91,99,32,45,67,0.6691176470588235,0.32323232323232326,123
2023-05-15,1040,101,73,88,47,28,41,0.7227722772277227,0.5340909090909091,120
2023-05-16,1040,137,70,85,49,67,36,0.5109489051094891,0.5764705882352941,119
2023-05-17,1040,150,62,50,44,88,6,0.41333333333333333,0.88,106
2023-05-18,1040,109,71,90,34,38,56,0.6513761467889908,0.37777777777777777,105
2023-05-19,1040,113,78,84,52,35,32,0.6902654867256637,0.6190476190476191,130
2023-05-20,1040,107,101,90,42,6,48,0.9439252336448598,0.4666666666666667,143
2023-05-21,1040,149,89,60,34,60,26,0.5973154362416108,0.5666666666666667,123
2023-05-22,1040,106,76,61,38,30,23,0.71698113207547165,0.6229508196721312,114
2023-05-23,1040,144,75,84,42,69,42,0.5208333333333334,0.5,117
2023-05-24,1040,104,84,65,39,20,26,0.8076923076923077,0.6,123
2023-05-25,1040,105,78,100,32,27,68,0.7428571428571429,0.32,110
2023-05-26,1040,137,88,88,47,49,41,0.6423357664233577,0.5340909090909091,135
2023-05-27,1040,137,80,86,49,57,37,0.583941605839416,0.5697674418604651,129
2023-05-28,1040,121,72,70,48,49,22,0.5950413223140496,0.6857142857142857,120
2023-05-29,1040,134,88,77,39,46,38,0.6567164179104478,0.5064935064935064,127
2023-05-30,1040,140,84,59,32,56,27,0.6,0.5423728813559322,116
2023-05-31,1040,137,86,90,45,51,45,0.6277372262773723,0.5,131
2023-06-01,1040,144,75,86,41,69,45,0.5208333333333334,0.47674418604651164,116
2023-06-02,1040,125,77,97,32,48,65,0.616,0.32989690721649484,109
2023-06-03,1040,149,81,89,39,68,50,0.5436241610738255,0.43820224719101125,120
2023-06-04,1040,103,83,87,46,20,41,0.8058252427184466,0.5287356321839081,129
2023-06-05,1040,103,83,51,46,20,5,0.8058252427184466,0.9019607843137255,129
2023-06-06,1040,104,68,97,27,36,70,0.6538461538461539,0.27835051546391754,95
2023-06-07,1040,104,82,56,40,22,16,0.7884615384615384,0.7142857142857143,122
2023-06-08,1040,111,76,71,32,35,39,0.6846846846846847,0.4507042253521127,108
2023-06-09,1040,120,75,55,55,45,0,0.625,1,130
2023-06-10,1040,107,69,57,34,38,23,0.6448598130841121,0.5964912280701754,103
2023-06-11,1040,116,86,87,38,30,49,0.7413793103448276,0.4367816091954023,124
2023-06-12,1040,126,81,59,50,45,9,0.6428571428571429,0.847457627118644,131
2023-06-13,1040,127,69,58,36,58,22,0.5433070866141733,0.6206896551724138,105
2023-06-14,1040,150,83,62,34,67,28,0.5533333333333333,0.5483870967741935,117
2023-06-15,1040,123,70,62,41,53,21,0.5691056910569106,0.6612903225806451,111
2023-06-16,1040,106,90,72,30,16,42,0.8490566037735849,0.4166666666666667,120
2023-06-17,1040,140,78,53,37,62,16,0.5571428571428572,0.6981132075471698,115
2023-06-18,1040,127,69,86,50,58,36,0.5433070866141733,0.5813953488372093,119
2023-06-19,1040,147,79,91,33,68,58,0.5374149659863946,0.3626373626373626,112
2023-06-20,1040,135,76,57,32,59,25,0.562962962962963,0.5614035087719298,108
2023-06-21,1040,148,89,59,45,59,14,0.6013513513513513,0.7627118644067796,134
2023-06-22,1040,138,61,56,39,77,17,0.4420289855072464,0.6964285714285714,100
2023-06-23,1040,143,81,61,31,62,30,0.5664335664335665,0.5081967213114754,112
2023-06-24,1040,116,87,85,33,29,52,0.75,0.38823529411764707,120
2023-06-25,1040,119,83,65,40,36,25,0.6974789915966386,0.6153846153846154,123
2023-06-26,1040,149,89,63,44,60,19,0.5973154362416108,0.6984126984126984,133
2023-06-27,1040,100,70,97,41,30,56,0.7,0.422680412371134,111
2023-06-28,1040,121,76,64,43,45,21,0.628099173553719,0.671875,119
2023-06-29,1040,124,83,60,30,41,30,0.6693548387096774,0.5,113
2023-06-30,1040,131,72,50,43,59,7,0.549618320610687,0.86,115
2023-07-01,1040,142,74,98,39,68,59,0.5211267605633803,0.3979591836734694,113
2023-07-02,1040,134,81,99,49,53,50,0.6044776119402985,0.494949494949495,130
2023-07-03,1040,123,78,66,43,45,23,0.6341463414634146,0.6515151515151515,121
2023-07-04,1040,124,84,96,41,40,55,0.6774193548387096,0.4270833333333333,125
2023-07-05,1040,105,66,50,35,39,15,0.6285714285714286,0.7,101
2023-07-06,1040,141,83,94,48,58,46,0.5886524822695035,0.5106382978723404,131
2023-07-07,1040,112,94,72,49,18,23,0.8392857142857143,0.6805555555555556,143
2023-07-08,1040,126,70,50,44,56,6,0.5555555555555556,0.88,114
2023-07-09,1040,104,87,82,48,17,34,0.8365384615384616,0.5853658536585366,135
2023-07-10,1040,137,93,98,46,44,52,0.6788321167883211,0.46938775510204084,139
2023-07-11,1040,113,84,84,51,29,33,0.7433628318584071,0.6071428571428571,135
2023-07-12,1040,120,101,53,38,19,15,0.8416666666666667,0.71698113207547165,139
2023-07-13,1040,126,84,63,41,42,22,0.6666666666666666,0.6507936507936508,125
2023-07-14,1040,112,84,59,45,28,14,0.75,0.7627118644067796,129
2023-07-15,1040,119,87,68,41,32,27,0.7310924369747899,0.6029411764705882,128
2023-07-16,1040,142,86,67,43,56,24,0.6056338028169014,0.6417910447761194,129
2023-07-17,1040,109,68,94,49,41,45,0.6238532110091743,0.5212765957446809,117
2023-07-18,1040,134,80,68,37,54,31,0.5970149253731343,0.5441176470588235,117
2023-07-19,1040,130,87,52,43,43,9,0.6692307692307692,0.8269230769230769,130
2023-07-20,1040,113,74,90,51,39,39,0.6548672566371682,0.5666666666666667,125
2023-07-21,1040,109,86,88,40,23,48,0.7889908256880734,0.45454545454545453,126
2023-07-22,1040,120,87,50,35,33,15,0.725,0.7,122
2023-07-23,1040,139,85,77,41,54,36,0.6115107913669064,0.5324675324675324,126
2023-07-24,1040,103,66,98,42,37,56,0.6407766990291263,0.42857142857142855,108
2023-07-25,1040,118,69,62,40,49,22,0.5847457627118644,0.6451612903225806,109
2023-07-26,1040,147,68,53,37,79,16,0.46258503401360546,0.6981132075471698,105
2023-07-27,1040,129,94,74,42,35,32,0.7286821705426356,0.5675675675675675,136
2023-07-28,1040,110,84,74,32,26,42,0.7636363636363637,0.43243243243243246,116
2023-07-29,1040,128,84,86,37,44,49,0.65625,0.43023255813953487,121
2023-07-30,1040,124,85,85,45,39,40,0.6854838709677419,0.5294117647058824,130
2023-07-31,1040,143,69,89,21,74,68,0.4825174825174825,0.23595505617977527,90
2023-08-01,1040,128,80,50,32,48,18,0.625,0.64,112
2023-08-02,1040,150,76,57,42,74,15,0.5066666666666667,0.7368421052631579,118
2023-08-03,1040,141,76,63,34,65,29,0.5390070921985816,0.5396825396825397,110
2023-08-04,1040,114,82,53,46,32,7,0.7192982456140351,0.8679245283018868,128
2023-08-05,1040,133,94,93,41,39,52,0.706766917293233,0.44086021505376344,135
2023-08-06,1040,118,94,93,41,24,52,0.7966101694915254,0.44086021505376344,135
2023-08-07,1040,145,74,77,47,71,30,0.5103448275862069,0.6103896103896104,121
2023-08-08,1040,137,81,84,43,56,41,0.5912408759124088,0.5119047619047619,124
2023-08-09,1040,103,85,67,28,18,39,0.8252427184466019,0.417910447761194,113
2023-08-10,1040,127,66,65,45,61,20,0.5196850393700787,0.6923076923076923,111
2023-08-11,1040,143,79,90,21,64,69,0.5524475524475524,0.23333333333333334,100
2023-08-12,1040,121,79,100,44,42,56,0.6528925619834711,0.44,123
2023-08-13,1040,106,63,52,48,43,4,0.5943396226415094,0.9230769230769231,111
2023-08-14,1040,136,72,57,41,64,16,0.5294117647058824,0.7192982456140351,113
2023-08-15,1040,121,82,69,45,39,24,0.6776859504132231,0.6521739130434783,127
2023-08-16,1040,139,84,57,41,55,16,0.60431654676259,0.7192982456140351,125
2023-08-17,1040,103,87,88,35,16,53,0.8446601941747572,0.3977272727272727,122
2023-08-18,1040,144,82,75,43,62,32,0.5694444444444444,0.5733333333333334,125
2023-08-19,1040,131,70,80,37,61,43,0.5343511450381679,0.4625,107
2023-08-20,1040,118,88,74,49,30,25,0.7457627118644068,0.6621621621621622,137
2023-08-21,1040,116,61,89,48,55,41,0.5258620689655172,0.5393258426966292,109
2023-08-22,1040,101,76,93,39,25,54,0.7524752475247525,0.41935483870967744,115
2023-08-23,1040,141,94,86,35,47,51,0.6666666666666666,0.4069767441860465,129
2023-08-24,1040,105,84,60,36,21,24,0.8,0.6,120
2023-08-25,1040,123,70,56,34,53,22,0.5691056910569106,0.6071428571428571,104
2023-08-26,1040,141,79,64,49,62,15,0.5602836879432624,0.765625,128
2023-08-27,1040,122,93,52,35,29,17,0.7622950819672131,0.6730769230769231,128
2023-08-28,1040,149,96,64,44,53,20,0.6442953020134228,0.6875,140
2023-08-29,1040,108,75,81,43,33,38,0.6944444444444444,0.5308641975308642,118
2023-08-30,1040,142,78,68,38,64,30,0.5492957746478874,0.5588235294117647,116
2023-08-31,1040,124,86,93,31,38,62,0.6935483870967742,0.3333333333333333,117
2023-09-01,1040,102,93,59,37,9,22,0.9117647058823529,0.6271186440677966,130
2023-09-02,1040,146,89,63,37,57,26,0.6095890410958904,0.5873015873015873,126
2023-09-03,1040,113,81,85,34,32,51,0.7168141592920354,0.4,115
2023-09-04,1040,141,81,68,29,60,39,0.574468085106383,0.4264705882352941,110
2023-09-05,1040,116,90,55,36,26,19,0.7758620689655172,0.6545454545454545,126
2023-09-06,1040,118,80,70,46,38,24,0.6779661016949152,0.6571428571428571,126
2023-09-07,1040,104,54,77,40,50,37,0.5192307692307693,0.5194805194805194,94
2023-09-08,1040,116,67,62,55,49,7,0.5775862068965517,0.8870967741935484,122
2023-09-09,1040,122,69,89,51,53,38,0.5655737704918032,0.5730337078651685,120
2023-09-10,1040,127,73,82,39,54,43,0.5748031496062992,0.47560975609756095,112
2023-09-11,1040,100,93,72,37,7,35,0.93,0.5138888888888888,130
2023-09-12,1040,105,75,68,39,30,29,0.7142857142857143,0.5735294117647058,114
2023-09-13,1040,144,92,81,32,52,49,0.6388888888888888,0.3950617283950617,124
2023-09-14,1040,125,96,91,38,29,53,0.768,0.4175824175824176,134
2023-09-15,1040,148,63,69,44,85,25,0.42567567567567566,0.6376811594202898,107
2023-09-16,1040,144,72,51,30,72,21,0.5,0.5882352941176471,102
2023-09-17,1040,133,79,59,42,54,17,0.5939849624060151,0.711864406779661,121
2023-09-18,1040,130,72,96,30,58,66,0.5538461538461539,0.3125,102
2023-09-19,1040,119,76,85,48,43,37,0.6386554621848739,0.5647058823529412,124
2023-09-20,1040,104,77,88,44,27,44,0.7403846153846154,0.5,121
2023-09-21,1040,141,66,75,39,75,36,0.46808510638297873,0.52,105
2023-09-22,1040,133,81,52,41,52,11,0.6090225563909775,0.7884615384615384,122
2023-09-23,1040,145,88,81,42,57,39,0.6068965517241379,0.5185185185185185,130
2023-09-24,1040,103,75,87,36,28,51,0.7281553398058253,0.41379310344827586,111
2023-09-25,1040,132,79,95,58,53,37,0.5984848484848485,0.6105263157894737,137
2023-09-26,1040,107,86,52,36,21,16,0.8037383177570093,0.6923076923076923,122
2023-09-27,1040,112,81,100,40,31,60,0.7232142857142857,0.4,121
2023-09-28,1040,123,89,97,47,34,50,0.7235772357723578,0.4845360824742268,136
2023-09-29,1040,136,87,89,38,49,51,0.6397058823529411,0.42696629213483145,125
2023-09-30,1040,149,86,69,36,63,33,0.5771812080536913,0.5217391304347826,122
2023-10-01,1040,107,86,71,47,21,24,0.8037383177570093,0.6619718309859155,133
2023-10-02,1040,139,97,98,45,42,53,0.697841726618705,0.45918367346938777,142
2023-10-03,1040,136,81,63,51,55,12,0.5955882352941176,0.8095238095238095,132
2023-10-04,1040,103,86,69,47,17,22,0.8349514563106796,0.6811594202898551,133
2023-10-05,1040,103,67,87,35,36,52,0.6504854368932039,0.40229885057471265,102
2023-10-06,1040,141,102,90,32,39,58,0.723404255319149,0.35555555555555557,134
2023-10-07,1040,137,76,74,45,61,29,0.5547445255474452,0.6081081081081081,121
2023-10-08,1040,132,92,77,41,40,36,0.696969696969697,0.5324675324675324,133
2023-10-09,1040,140,76,90,38,64,52,0.5428571428571428,0.4222222222222222,114
2023-10-10,1040,106,62,82,42,44,40,0.5849056603773585,0.5121951219512195,104
2023-10-11,1040,114,68,58,51,46,7,0.5964912280701754,0.8793103448275862,119
2023-10-12,1040,140,73,58,45,67,13,0.5214285714285715,0.7758620689655172,118
2023-10-13,1040,136,99,52,35,37,17,0.7279411764705882,0.6730769230769231,134
2023-10-14,1040,137,76,72,49,61,23,0.5547445255474452,0.6805555555555556,125
2023-10-15,1040,127,71,89,46,56,43,0.5590551181102362,0.5168539325842697,117
2023-10-16,1040,108,82,51,41,26,10,0.7592592592592593,0.803921568627451,123
2023-10-17,1040,135,75,56,38,60,18,0.5555555555555556,0.6785714285714286,113
2023-10-18,1040,145,82,69,35,63,34,0.5655172413793104,0.5072463768115942,117
2023-10-19,1040,116,74,64,50,42,14,0.6379310344827587,0.78125,124
2023-10-20,1040,136,81,57,38,55,19,0.5955882352941176,0.6666666666666666,119
2023-10-21,1040,139,85,66,31,54,35,0.6115107913669064,0.4696969696969697,116
2023-10-22,1040,150,86,100,38,64,62,0.5733333333333334,0.38,124
2023-10-23,1040,116,88,96,34,28,62,0.7586206896551724,0.3541666666666667,122
2023-10-24,1040,108,83,58,47,25,11,0.7685185185185185,0.8103448275862069,130
2023-10-25,1040,110,70,65,50,40,15,0.6363636363636364,0.7692307692307693,120
2023-10-26,1040,124,76,73,48,48,25,0.6129032258064516,0.6575342465753424,124
2023-10-27,1040,120,88,70,37,32,33,0.7333333333333333,0.5285714285714286,125
2023-10-28,1040,124,87,60,28,37,32,0.7016129032258065,0.4666666666666667,115
2023-10-29,1040,111,85,100,32,26,68,0.7657657657657657,0.32,117
2023-10-30,1040,128,85,61,44,43,17,0.6640625,0.7213114754098361,129
2023-10-31,1040,128,95,94,35,33,59,0.7421875,0.3723404255319149,130
2023-11-01,1040,134,87,71,54,47,17,0.6492537313432836,0.7605633802816901,141
2023-11-02,1040,129,67,92,48,62,44,0.5193798449612403,0.5217391304347826,115
2023-11-03,1040,114,71,61,32,43,29,0.6228070175438597,0.5245901639344263,103
2023-11-04,1040,142,87,50,45,55,5,0.6126760563380281,0.9,132
2023-11-05,1040,145,75,88,43,70,45,0.5172413793103449,0.48863636363636365,118
2023-11-06,1040,134,76,50,40,58,10,0.5671641791044776,0.8,116
2023-11-07,1040,149,75,93,34,74,59,0.5033557046979866,0.3655913978494624,109
2023-11-08,1040,129,65,60,40,64,20,0.5038759689922481,0.6666666666666666,105
2023-11-09,1040,129,82,54,36,47,18,0.6356589147286822,0.6666666666666666,118
2023-11-10,1040,118,72,66,42,46,24,0.6101694915254238,0.6363636363636364,114
2023-11-11,1040,126,100,59,37,26,22,0.7936507936507936,0.6271186440677966,137
2023-11-12,1040,114,73,50,43,41,7,0.6403508771929824,0.86,116
2023-11-13,1040,119,93,68,50,26,18,0.7815126050420168,0.7352941176470589,143
2023-11-14,1040,138,85,96,46,53,50,0.6159420289855072,0.4791666666666667,131
2023-11-15,1040,102,74,54,39,28,15,0.7254901960784313,0.7222222222222222,113
2023-11-16,1040,134,74,93,51,60,42,0.5522388059701493,0.5483870967741935,125
2023-11-17,1040,116,74,85,49,42,36,0.6379310344827587,0.5764705882352941,123
2023-11-18,1040,136,68,56,32,68,24,0.5,0.5714285714285714,100
2023-11-19,1040,120,86,50,49,34,1,0.7166666666666667,0.98,135
2023-11-20,1040,149,84,84,56,65,28,0.5637583892617449,0.6666666666666666,140
2023-11-21,1040,115,106,81,33,9,48,0.9217391304347826,0.4074074074074074,139
2023-11-22,1040,105,64,64,39,41,25,0.6095238095238096,0.609375,103
2023-11-23,1040,144,78,99,45,66,54,0.5416666666666666,0.45454545454545453,123
2023-11-24,1040,146,94,81,49,52,32,0.6438356164383562,0.6049382716049383,143
2023-11-25,1040,117,83,83,37,34,46,0.7094017094017094,0.4457831325301205,120
2023-11-26,1040,109,71,83,29,38,54,0.6513761467889908,0.3493975903614458,100
2023-11-27,1040,123,72,62,38,51,24,0.5853658536585366,0.6129032258064516,110
2023-11-28,1040,126,73,80,47,53,33,0.5793650793650794,0.5875,120
2023-11-29,1040,147,73,51,30,74,21,0.4965986394557823,0.5882352941176471,103
2023-11-30,1040,109,73,82,39,36,43,0.6697247706422018,0.47560975609756095,112
2023-12-01,1040,144,78,79,26,66,53,0.5416666666666666,0.3291139240506329,104
2023-12-02,1040,147,82,61,38,65,23,0.5578231292517006,0.6229508196721312,120
2023-12-03,1040,123,85,52,52,38,0,0.6910569105691057,1,137
2023-12-04,1040,103,86,56,35,17,21,0.8349514563106796,0.625,121
2023-12-05,1040,120,71,76,44,49,32,0.5916666666666667,0.5789473684210527,115
2023-12-06,1040,133,84,84,41,49,43,0.631578947368421,0.4880952380952381,125
2023-12-07,1040,102,78,56,31,24,25,0.7647058823529411,0.5535714285714286,109
2023-12-08,1040,102,77,79,42,25,37,0.7549019607843137,0.5316455696202531,119
2023-12-09,1040,100,83,84,45,17,39,0.83,0.5357142857142857,128
2023-12-10,1040,139,80,99,36,59,63,0.5755395683453237,0.36363636363636365,116
2023-12-11,1040,139,80,74,44,59,30,0.5755395683453237,0.5945945945945946,124
2023-12-12,1040,145,89,70,32,56,38,0.6137931034482759,0.45714285714285713,121
2023-12-13,1040,150,78,53,45,72,8,0.52,0.8490566037735849,123
2023-12-14,1040,121,63,89,30,58,59,0.5206611570247934,0.33707865168539325,93
2023-12-15,1040,145,66,77,30,79,47,0.45517241379310347,0.38961038961038963,96
2023-12-16,1040,136,85,84,50,51,34,0.625,0.5952380952380952,135
2023-12-17,1040,141,69,92,39,72,53,0.48936170212765956,0.42391304347826086,108
2023-12-18,1040,137,89,71,43,48,28,0.6496350364963503,0.6056338028169014,132
2023-12-19,1040,101,75,55,44,26,11,0.7425742574257426,0.8,119
2023-12-20,1040,120,87,84,39,33,45,0.725,0.4642857142857143,126
2023-12-21,1040,114,72,74,42,42,32,0.631578947368421,0.5675675675675675,114
2023-12-22,1040,120,81,96,45,39,51,0.675,0.46875,126
2023-12-23,1040,122,88,79,34,34,45,0.7213114754098361,0.43037974683544306,122
2023-12-24,1040,117,73,98,39,44,59,0.6239316239316239,0.3979591836734694,112
2023-12-25,1040,136,90,92,35,46,57,0.6617647058823529,0.3804347826086957,125
2023-12-26,1040,131,82,83,43,49,40,0.6259541984732825,0.5180722891566265,125
2023-12-27,1040,139,88,61,48,51,13,0.6330935251798561,0.7868852459016393,136
2023-12-28,1040,140,82,52,42,58,10,0.5857142857142857,0.8076923076923077,124
2023-12-29,1040,135,67,71,47,68,24,0.4962962962962963,0.6619718309859155,114
2023-12-30,1040,147,75,81,42,72,39,0.5102040816326531,0.5185185185185185,117
2023-12-31,1040,105,66,51,48,39,3,0.6285714285714286,0.9411764705882353,114
2023-01-01,1041,124,95,69,39,29,30,0.7661290322580645,0.5652173913043478,134
2023-01-02,1041,136,85,80,48,51,32,0.625,0.6,133
2023-01-03,1041,144,79,56,55,65,1,0.5486111111111112,0.9821428571428571,134
2023-01-04,1041,101,76,97,45,25,52,0.7524752475247525,0.4639175257731959,121
2023-01-05,1041,122,80,96,40,42,56,0.6557377049180327,0.4166666666666667,120
2023-01-06,1041,137,85,72,38,52,34,0.6204379562043796,0.5277777777777778,123
2023-01-07,1041,130,81,81,50,49,31,0.6230769230769231,0.6172839506172839,131
2023-01-08,1041,133,76,79,36,57,43,0.5714285714285714,0.45569620253164556,112
2023-01-09,1041,119,89,54,41,30,13,0.7478991596638656,0.7592592592592593,130
2023-01-10,1041,111,70,54,42,41,12,0.6306306306306306,0.7777777777777778,112
2023-01-11,1041,102,68,85,30,34,55,0.6666666666666666,0.35294117647058826,98
2023-01-12,1041,148,87,58,48,61,10,0.5878378378378378,0.8275862068965517,135
2023-01-13,1041,125,86,65,43,39,22,0.688,0.6615384615384615,129
2023-01-14,1041,139,72,94,37,67,57,0.5179856115107914,0.39361702127659576,109
2023-01-15,1041,120,79,97,36,41,61,0.6583333333333333,0.3711340206185567,115
2023-01-16,1041,100,86,94,36,14,58,0.86,0.3829787234042553,122
2023-01-17,1041,149,82,83,36,67,47,0.5503355704697986,0.43373493975903615,118
2023-01-18,1041,114,65,63,45,49,18,0.5701754385964912,0.7142857142857143,110
2023-01-19,1041,128,84,83,34,44,49,0.65625,0.40963855421686746,118
2023-01-20,1041,137,70,86,37,67,49,0.5109489051094891,0.43023255813953487,107
2023-01-21,1041,117,91,79,40,26,39,0.7777777777777778,0.5063291139240507,131
2023-01-22,1041,136,77,79,33,59,46,0.5661764705882353,0.4177215189873418,110
2023-01-23,1041,136,98,61,48,38,13,0.7205882352941176,0.7868852459016393,146
2023-01-24,1041,110,94,59,40,16,19,0.8545454545454545,0.6779661016949152,134
2023-01-25,1041,125,73,61,35,52,26,0.584,0.5737704918032787,108
2023-01-26,1041,129,74,94,45,55,49,0.5736434108527132,0.4787234042553192,119
2023-01-27,1041,121,92,80,45,29,35,0.7603305785123967,0.5625,137
2023-01-28,1041,127,73,83,34,54,49,0.5748031496062992,0.40963855421686746,107
2023-01-29,1041,123,80,72,33,43,39,0.6504065040650406,0.4583333333333333,113
2023-01-30,1041,122,90,73,42,32,31,0.7377049180327869,0.5753424657534246,132
2023-01-31,1041,129,87,100,42,42,58,0.6744186046511628,0.42,129
2023-02-01,1041,135,78,61,37,57,24,0.5777777777777777,0.6065573770491803,115
2023-02-02,1041,149,76,97,39,73,58,0.5100671140939598,0.4020618556701031,115
2023-02-03,1041,101,88,88,36,13,52,0.8712871287128713,0.4090909090909091,124
2023-02-04,1041,121,72,74,37,49,37,0.5950413223140496,0.5,109
2023-02-05,1041,106,75,73,42,31,31,0.7075471698113207,0.5753424657534246,117
2023-02-06,1041,121,91,86,43,30,43,0.7520661157024794,0.5,134
2023-02-07,1041,119,95,100,28,24,72,0.7983193277310925,0.28,123
2023-02-08,1041,103,88,95,46,15,49,0.8543689320388349,0.4842105263157895,134
2023-02-09,1041,123,87,56,36,36,20,0.7073170731707317,0.6428571428571429,123
2023-02-10,1041,123,66,100,46,57,54,0.5365853658536586,0.46,112
2023-02-11,1041,114,78,87,38,36,49,0.6842105263157895,0.4367816091954023,116
2023-02-12,1041,109,86,59,42,23,17,0.7889908256880734,0.711864406779661,128
2023-02-13,1041,127,91,100,39,36,61,0.7165354330708661,0.39,130
2023-02-14,1041,134,80,74,39,54,35,0.5970149253731343,0.527027027027027,119
2023-02-15,1041,147,74,73,37,73,36,0.5034013605442177,0.5068493150684932,111
2023-02-16,1041,115,85,95,42,30,53,0.7391304347826086,0.4421052631578947,127
2023-02-17,1041,147,83,94,42,64,52,0.564625850340136,0.44680851063829785,125
2023-02-18,1041,150,71,82,30,79,52,0.47333333333333333,0.36585365853658536,101
2023-02-19,1041,117,79,75,29,38,46,0.6752136752136753,0.38666666666666666,108
2023-02-20,1041,134,80,88,30,54,58,0.5970149253731343,0.3409090909090909,110
2023-02-21,1041,109,58,89,43,51,46,0.5321100917431193,0.48314606741573035,101
2023-02-22,1041,132,78,60,35,54,25,0.5909090909090909,0.5833333333333334,113
2023-02-23,1041,147,78,85,43,69,42,0.5306122448979592,0.5058823529411764,121
2023-02-24,1041,129,76,96,38,53,58,0.5891472868217055,0.3958333333333333,114
2023-02-25,1041,147,69,56,41,78,15,0.46938775510204084,0.7321428571428571,110
2023-02-26,1041,143,84,87,42,59,45,0.5874125874125874,0.4827586206896552,126
2023-02-27,1041,140,74,77,46,66,31,0.5285714285714286,0.5974025974025974,120
2023-02-28,1041,114,91,99,41,23,58,0.7982456140350878,0.41414141414141414,132
2023-03-01,1041,116,95,59,36,21,23,0.8189655172413793,0.6101694915254238,131
2023-03-02,1041,131,71,50,44,60,6,0.5419847328244275,0.88,115
2023-03-03,1041,101,87,68,37,14,31,0.8613861386138614,0.5441176470588235,124
2023-03-04,1041,130,67,89,44,63,45,0.5153846153846153,0.4943820224719101,111
2023-03-05,1041,150,82,91,38,68,53,0.5466666666666666,0.4175824175824176,120
2023-03-06,1041,138,78,71,41,60,30,0.5652173913043478,0.5774647887323944,119
2023-03-07,1041,105,58,74,52,47,22,0.5523809523809524,0.7027027027027027,110
2023-03-08,1041,112,76,51,41,36,10,0.6785714285714286,0.803921568627451,117
2023-03-09,1041,138,73,82,48,65,34,0.5289855072463768,0.5853658536585366,121
2023-03-10,1041,148,75,58,35,73,23,0.5067567567567568,0.603448275862069,110
2023-03-11,1041,139,87,85,52,52,33,0.6258992805755396,0.611764705882353,139
2023-03-12,1041,116,83,58,42,33,16,0.7155172413793104,0.7241379310344828,125
2023-03-13,1041,107,75,52,38,32,14,0.7009345794392523,0.7307692307692307,113
2023-03-14,1041,125,95,62,34,30,28,0.76,0.5483870967741935,129
2023-03-15,1041,135,88,57,40,47,17,0.6518518518518519,0.7017543859649122,128
2023-03-16,1041,145,71,71,37,74,34,0.4896551724137931,0.5211267605633803,108
2023-03-17,1041,139,78,63,42,61,21,0.5611510791366906,0.6666666666666666,120
2023-03-18,1041,143,86,67,34,57,33,0.6013986013986014,0.5074626865671642,120
2023-03-19,1041,104,78,70,39,26,31,0.75,0.5571428571428572,117
2023-03-20,1041,128,70,97,42,58,55,0.546875,0.4329896907216495,112
2023-03-21,1041,126,77,88,33,49,55,0.6111111111111112,0.375,110
2023-03-22,1041,148,78,80,31,70,49,0.527027027027027,0.3875,109
2023-03-23,1041,112,85,76,45,27,31,0.7589285714285714,0.5921052631578947,130
2023-03-24,1041,106,86,81,42,20,39,0.8113207547169812,0.5185185185185185,128
2023-03-25,1041,115,80,50,28,35,22,0.6956521739130435,0.56,108
2023-03-26,1041,114,89,51,35,25,16,0.7807017543859649,0.6862745098039216,124
2023-03-27,1041,140,87,69,46,53,23,0.6214285714285714,0.6666666666666666,133
2023-03-28,1041,127,92,71,39,35,32,0.7244094488188977,0.5492957746478874,131
2023-03-29,1041,122,80,92,38,42,54,0.6557377049180327,0.41304347826086957,118
2023-03-30,1041,122,88,83,35,34,48,0.7213114754098361,0.42168674698795183,123
2023-03-31,1041,146,82,56,56,64,0,0.5616438356164384,1,138
2023-04-01,1041,104,85,63,37,19,26,0.8173076923076923,0.5873015873015873,122
2023-04-02,1041,107,78,64,38,29,26,0.7289719626168224,0.59375,116
2023-04-03,1041,104,77,64,37,27,27,0.7403846153846154,0.578125,114
2023-04-04,1041,108,74,61,41,34,20,0.6851851851851852,0.6721311475409836,115
2023-04-05,1041,116,98,99,42,18,57,0.8448275862068966,0.42424242424242425,140
2023-04-06,1041,120,69,86,40,51,46,0.575,0.46511627906976744,109
2023-04-07,1041,142,86,61,40,56,21,0.6056338028169014,0.6557377049180327,126
2023-04-08,1041,127,89,72,23,38,49,0.7007874015748031,0.3194444444444444,112
2023-04-09,1041,100,77,99,43,23,56,0.77,0.43434343434343436,120
2023-04-10,1041,148,68,63,49,80,14,0.4594594594594595,0.7777777777777778,117
2023-04-11,1041,108,92,83,38,16,45,0.8518518518518519,0.4578313253012048,130
2023-04-12,1041,136,78,60,38,58,22,0.5735294117647058,0.6333333333333333,116
2023-04-13,1041,125,70,86,35,55,51,0.56,0.4069767441860465,105
2023-04-14,1041,122,81,86,46,41,40,0.6639344262295082,0.5348837209302325,127
2023-04-15,1041,105,94,59,38,11,21,0.8952380952380953,0.6440677966101694,132
2023-04-16,1041,105,87,100,39,18,61,0.8285714285714286,0.39,126
2023-04-17,1041,131,99,52,33,32,19,0.7557251908396947,0.6346153846153846,132
2023-04-18,1041,103,64,66,57,39,9,0.6213592233009708,0.8636363636363636,121
2023-04-19,1041,127,75,67,36,52,31,0.5905511811023622,0.5373134328358209,111
2023-04-20,1041,102,73,99,36,29,63,0.7156862745098039,0.36363636363636365,109
2023-04-21,1041,131,84,86,40,47,46,0.6412213740458015,0.46511627906976744,124
2023-04-22,1041,138,87,72,36,51,36,0.6304347826086957,0.5,123
2023-04-23,1041,121,77,72,39,44,33,0.6363636363636364,0.5416666666666666,116
2023-04-24,1041,133,76,60,30,57,30,0.5714285714285714,0.5,106
2023-04-25,1041,139,72,56,56,67,0,0.5179856115107914,1,128
2023-04-26,1041,124,82,70,33,42,37,0.6612903225806451,0.4714285714285714,115
2023-04-27,1041,111,68,66,33,43,33,0.6126126126126126,0.5,101
2023-04-28,1041,134,82,81,50,52,31,0.6119402985074627,0.6172839506172839,132
2023-04-29,1041,123,67,52,39,56,13,0.5447154471544715,0.75,106
2023-04-30,1041,108,65,88,44,43,44,0.6018518518518519,0.5,109
2023-05-01,1041,145,72,92,39,73,53,0.496551724137931,0.42391304347826086,111
2023-05-02,1041,140,78,96,48,62,48,0.5571428571428572,0.5,126
2023-05-03,1041,116,89,56,52,27,4,0.7672413793103449,0.9285714285714286,141
2023-05-04,1041,105,82,52,41,23,11,0.780952380952381,0.7884615384615384,123
2023-05-05,1041,103,79,53,43,24,10,0.7669902912621359,0.8113207547169812,122
2023-05-06,1041,140,77,77,37,63,40,0.55,0.4805194805194805,114
2023-05-07,1041,107,76,50,38,31,12,0.7102803738317757,0.76,114
2023-05-08,1041,134,76,96,46,58,50,0.5671641791044776,0.4791666666666667,122
2023-05-09,1041,131,74,68,44,57,24,0.5648854961832062,0.6470588235294118,118
2023-05-10,1041,106,75,71,41,31,30,0.7075471698113207,0.5774647887323944,116
2023-05-11,1041,143,68,83,43,75,40,0.4755244755244755,0.5180722891566265,111
2023-05-12,1041,125,85,75,43,40,32,0.68,0.5733333333333334,128
2023-05-13,1041,119,84,70,38,35,32,0.7058823529411765,0.5428571428571428,122
2023-05-14,1041,103,90,64,38,13,26,0.8737864077669902,0.59375,128
2023-05-15,1041,107,71,53,35,36,18,0.6635514018691588,0.660377358490566,106
2023-05-16,1041,123,81,62,41,42,21,0.6585365853658537,0.6612903225806451,122
2023-05-17,1041,127,81,75,32,46,43,0.6377952755905512,0.4266666666666667,113
2023-05-18,1041,119,72,62,36,47,26,0.6050420168067226,0.5806451612903226,108
2023-05-19,1041,123,93,82,39,30,43,0.7560975609756098,0.47560975609756095,132
2023-05-20,1041,125,78,61,44,47,17,0.624,0.7213114754098361,122
2023-05-21,1041,149,79,72,37,70,35,0.5302013422818792,0.5138888888888888,116
2023-05-22,1041,114,69,53,43,45,10,0.6052631578947368,0.8113207547169812,112
2023-05-23,1041,125,77,82,47,48,35,0.616,0.573170731707317,124
2023-05-24,1041,101,82,53,51,19,2,0.8118811881188119,0.9622641509433962,133
2023-05-25,1041,131,75,70,41,56,29,0.5725190839694656,0.5857142857142857,116
2023-05-26,1041,101,83,92,44,18,48,0.8217821782178217,0.4782608695652174,127
2023-05-27,1041,148,69,95,33,79,62,0.46621621621621623,0.3473684210526316,102
2023-05-28,1041,133,86,57,38,47,19,0.6466165413533834,0.6666666666666666,124
2023-05-29,1041,138,91,93,40,47,53,0.6594202898550725,0.43010752688172044,131
2023-05-30,1041,121,86,90,37,35,53,0.7107438016528925,0.4111111111111111,123
2023-05-31,1041,120,73,53,39,47,14,0.6083333333333333,0.7358490566037735,112
2023-06-01,1041,136,84,95,33,52,62,0.6176470588235294,0.3473684210526316,117
2023-06-02,1041,100,82,68,37,18,31,0.82,0.5441176470588235,119
2023-06-03,1041,121,86,87,32,35,55,0.7107438016528925,0.367816091954023,118
2023-06-04,1041,129,79,87,44,50,43,0.6124031007751938,0.5057471264367817,123
2023-06-05,1041,108,96,87,35,12,52,0.8888888888888888,0.40229885057471265,131
2023-06-06,1041,150,84,73,46,66,27,0.56,0.6301369863013698,130
2023-06-07,1041,109,73,66,41,36,25,0.6697247706422018,0.6212121212121212,114
2023-06-08,1041,134,75,64,40,59,24,0.5597014925373134,0.625,115
2023-06-09,1041,116,85,99,45,31,54,0.7327586206896551,0.45454545454545453,130
2023-06-10,1041,144,66,68,34,78,34,0.4583333333333333,0.5,100
2023-06-11,1041,109,92,63,35,17,28,0.8440366972477065,0.5555555555555556,127
2023-06-12,1041,138,82,78,43,56,35,0.5942028985507246,0.5512820512820513,125
2023-06-13,1041,124,82,77,37,42,40,0.6612903225806451,0.4805194805194805,119
2023-06-14,1041,128,77,54,33,51,21,0.6015625,0.6111111111111112,110
2023-06-15,1041,132,80,74,28,52,46,0.6060606060606061,0.3783783783783784,108
2023-06-16,1041,114,58,70,39,56,31,0.5087719298245614,0.5571428571428572,97
2023-06-17,1041,136,82,54,41,54,13,0.6029411764705882,0.7592592592592593,123
2023-06-18,1041,143,77,96,44,66,52,0.5384615384615384,0.4583333333333333,121
2023-06-19,1041,118,95,91,43,23,48,0.8050847457627118,0.4725274725274725,138
2023-06-20,1041,100,78,53,35,22,18,0.78,0.660377358490566,113
2023-06-21,1041,129,69,76,39,60,37,0.5348837209302325,0.5131578947368421,108
2023-06-22,1041,136,91,77,47,45,30,0.6691176470588235,0.6103896103896104,138
2023-06-23,1041,116,74,62,45,42,17,0.6379310344827587,0.7258064516129032,119
2023-06-24,1041,113,63,68,47,50,21,0.5575221238938053,0.6911764705882353,110
2023-06-25,1041,140,83,78,41,57,37,0.5928571428571429,0.5256410256410257,124
2023-06-26,1041,150,87,78,58,63,20,0.58,0.7435897435897436,145
2023-06-27,1041,128,75,68,43,53,25,0.5859375,0.6323529411764706,118
2023-06-28,1041,146,83,54,38,63,16,0.5684931506849316,0.7037037037037037,121
2023-06-29,1041,116,73,86,29,43,57,0.6293103448275862,0.3372093023255814,102
2023-06-30,1041,102,82,88,34,20,54,0.803921568627451,0.38636363636363635,116
2023-07-01,1041,136,90,80,30,46,50,0.6617647058823529,0.375,120
2023-07-02,1041,146,76,83,39,70,44,0.5205479452054794,0.46987951807228917,115
2023-07-03,1041,129,93,60,37,36,23,0.7209302325581395,0.6166666666666667,130
2023-07-04,1041,123,69,54,38,54,16,0.5609756097560976,0.7037037037037037,107
2023-07-05,1041,135,87,64,41,48,23,0.6444444444444445,0.640625,128
2023-07-06,1041,134,72,50,50,62,0,0.5373134328358209,1,122
2023-07-07,1041,123,82,57,47,41,10,0.6666666666666666,0.8245614035087719,129
2023-07-08,1041,111,81,87,38,30,49,0.7297297297297297,0.4367816091954023,119
2023-07-09,1041,134,85,60,45,49,15,0.6343283582089553,0.75,130
2023-07-10,1041,118,92,74,38,26,36,0.7796610169491526,0.5135135135135135,130
2023-07-11,1041,119,71,79,38,48,41,0.5966386554621849,0.4810126582278481,109
2023-07-12,1041,108,86,97,41,22,56,0.7962962962962963,0.422680412371134,127
2023-07-13,1041,144,80,53,28,64,25,0.5555555555555556,0.5283018867924528,108
2023-07-14,1041,106,81,79,44,25,35,0.7641509433962265,0.5569620253164557,125
2023-07-15,1041,145,81,98,39,64,59,0.5586206896551724,0.3979591836734694,120
2023-07-16,1041,108,74,60,41,34,19,0.6851851851851852,0.6833333333333333,115
2023-07-17,1041,122,67,62,39,55,23,0.5491803278688525,0.6290322580645161,106
2023-07-18,1041,123,82,98,41,41,57,0.6666666666666666,0.41836734693877553,123
2023-07-19,1041,142,86,71,33,56,38,0.6056338028169014,0.4647887323943662,119
2023-07-20,1041,126,78,69,46,48,23,0.6190476190476191,0.6666666666666666,124
2023-07-21,1041,104,96,85,33,8,52,0.9230769230769231,0.38823529411764707,129
2023-07-22,1041,101,87,60,34,14,26,0.8613861386138614,0.5666666666666667,121
2023-07-23,1041,116,70,85,41,46,44,0.603448275862069,0.4823529411764706,111
2023-07-24,1041,128,89,90,54,39,36,0.6953125,0.6,143
2023-07-25,1041,127,77,76,56,50,20,0.6062992125984252,0.7368421052631579,133
2023-07-26,1041,140,74,60,39,66,21,0.5285714285714286,0.65,113
2023-07-27,1041,119,79,80,35,40,45,0.6638655462184874,0.4375,114
2023-07-28,1041,148,98,52,40,50,12,0.6621621621621622,0.7692307692307693,138
2023-07-29,1041,129,83,54,35,46,19,0.6434108527131783,0.6481481481481481,118
2023-07-30,1041,150,85,98,47,65,51,0.5666666666666667,0.47959183673469385,132
2023-07-31,1041,135,93,92,43,42,49,0.6888888888888889,0.4673913043478261,136
2023-08-01,1041,142,86,79,37,56,42,0.6056338028169014,0.46835443037974683,123
2023-08-02,1041,143,75,94,36,68,58,0.5244755244755245,0.3829787234042553,111
2023-08-03,1041,130,97,97,37,33,60,0.7461538461538462,0.38144329896907214,134
2023-08-04,1041,117,91,66,34,26,32,0.7777777777777778,0.5151515151515151,125
2023-08-05,1041,126,80,52,32,46,20,0.6349206349206349,0.6153846153846154,112
2023-08-06,1041,113,101,80,46,12,34,0.8938053097345132,0.575,147
2023-08-07,1041,132,83,96,48,49,48,0.6287878787878788,0.5,131
2023-08-08,1041,115,90,77,37,25,40,0.782608695652174,0.4805194805194805,127
2023-08-09,1041,140,88,59,44,52,15,0.6285714285714286,0.7457627118644068,132
2023-08-10,1041,114,88,87,41,26,46,0.7719298245614035,0.47126436781609193,129
2023-08-11,1041,147,75,77,36,72,41,0.5102040816326531,0.4675324675324675,111
2023-08-12,1041,112,79,69,47,33,22,0.7053571428571429,0.6811594202898551,126
2023-08-13,1041,103,62,62,36,41,26,0.6019417475728155,0.5806451612903226,98
2023-08-14,1041,130,83,96,42,47,54,0.6384615384615384,0.4375,125
2023-08-15,1041,134,68,89,41,66,48,0.5074626865671642,0.4606741573033708,109
2023-08-16,1041,133,84,67,36,49,31,0.631578947368421,0.5373134328358209,120
2023-08-17,1041,121,72,58,39,49,19,0.5950413223140496,0.6724137931034483,111
2023-08-18,1041,124,84,61,34,40,27,0.6774193548387096,0.5573770491803278,118
2023-08-19,1041,149,74,84,40,75,44,0.49664429530201343,0.47619047619047616,114
2023-08-20,1041,142,87,67,44,55,23,0.6126760563380281,0.6567164179104478,131
2023-08-21,1041,148,73,62,43,75,19,0.49324324324324326,0.6935483870967742,116
2023-08-22,1041,105,66,87,40,39,47,0.6285714285714286,0.45977011494252873,106
2023-08-23,1041,130,73,88,34,57,54,0.5615384615384615,0.38636363636363635,107
2023-08-24,1041,124,74,98,37,50,61,0.5967741935483871,0.37755102040816324,111
2023-08-25,1041,106,81,59,43,25,16,0.7641509433962265,0.7288135593220338,124
2023-08-26,1041,116,74,95,39,42,56,0.6379310344827587,0.4105263157894737,113
2023-08-27,1041,110,80,88,44,30,44,0.7272727272727273,0.5,124
2023-08-28,1041,149,75,81,34,74,47,0.5033557046979866,0.41975308641975306,109
2023-08-29,1041,111,82,64,57,29,7,0.7387387387387387,0.890625,139
2023-08-30,1041,142,68,69,43,74,26,0.4788732394366197,0.6231884057971014,111
2023-08-31,1041,149,89,79,49,60,30,0.5973154362416108,0.620253164556962,138
2023-09-01,1041,132,85,97,26,47,71,0.6439393939393939,0.26804123711340205,111
2023-09-02,1041,107,83,58,49,24,9,0.7757009345794392,0.8448275862068966,132
2023-09-03,1041,117,87,94,30,30,64,0.7435897435897436,0.3191489361702128,117
2023-09-04,1041,125,78,53,39,47,14,0.624,0.7358490566037735,117
2023-09-05,1041,102,86,95,49,16,46,0.8431372549019608,0.5157894736842106,135
2023-09-06,1041,149,80,98,38,69,60,0.5369127516778524,0.3877551020408163,118
2023-09-07,1041,134,79,71,41,55,30,0.5895522388059702,0.5774647887323944,120
2023-09-08,1041,102,77,70,45,25,25,0.7549019607843137,0.6428571428571429,122
2023-09-09,1041,113,70,55,31,43,24,0.6194690265486725,0.5636363636363636,101
2023-09-10,1041,126,70,80,46,56,34,0.5555555555555556,0.575,116
2023-09-11,1041,137,66,69,46,71,23,0.48175182481751827,0.6666666666666666,112
2023-09-12,1041,110,76,57,45,34,12,0.6909090909090909,0.7894736842105263,121
2023-09-13,1041,102,81,89,31,21,58,0.7941176470588235,0.34831460674157305,112
2023-09-14,1041,106,80,83,38,26,45,0.7547169811320755,0.4578313253012048,118
2023-09-15,1041,147,93,59,40,54,19,0.6326530612244898,0.6779661016949152,133
2023-09-16,1041,139,66,58,44,73,14,0.4748201438848921,0.7586206896551724,110
2023-09-17,1041,135,79,100,28,56,72,0.5851851851851851,0.28,107
2023-09-18,1041,103,93,78,37,10,41,0.9029126213592233,0.47435897435897434,130
2023-09-19,1041,143,80,83,51,63,32,0.5594405594405595,0.6144578313253012,131
2023-09-20,1041,138,92,78,47,46,31,0.6666666666666666,0.6025641025641025,139
2023-09-21,1041,149,68,67,41,81,26,0.4563758389261745,0.6119402985074627,109
2023-09-22,1041,149,83,82,44,66,38,0.5570469798657718,0.5365853658536586,127
2023-09-23,1041,109,60,51,51,49,0,0.5504587155963303,1,111
2023-09-24,1041,139,89,57,41,50,16,0.6402877697841727,0.7192982456140351,130
2023-09-25,1041,150,87,85,42,63,43,0.58,0.49411764705882355,129
2023-09-26,1041,116,73,94,31,43,63,0.6293103448275862,0.32978723404255317,104
2023-09-27,1041,149,87,60,31,62,29,0.5838926174496645,0.5166666666666667,118
2023-09-28,1041,118,84,72,35,34,37,0.711864406779661,0.4861111111111111,119
2023-09-29,1041,141,85,93,32,56,61,0.6028368794326241,0.34408602150537637,117
2023-09-30,1041,126,81,50,39,45,11,0.6428571428571429,0.78,120
2023-10-01,1041,112,76,87,50,36,37,0.6785714285714286,0.5747126436781609,126
2023-10-02,1041,102,76,89,25,26,64,0.7450980392156863,0.2808988764044944,101
2023-10-03,1041,120,99,63,40,21,23,0.825,0.6349206349206349,139
2023-10-04,1041,115,90,53,39,25,14,0.782608695652174,0.7358490566037735,129
2023-10-05,1041,118,87,79,37,31,42,0.7372881355932204,0.46835443037974683,124
2023-10-06,1041,128,77,53,43,51,10,0.6015625,0.8113207547169812,120
2023-10-07,1041,141,87,91,41,54,50,0.6170212765957447,0.45054945054945056,128
2023-10-08,1041,126,85,57,44,41,13,0.6746031746031746,0.7719298245614035,129
2023-10-09,1041,144,93,71,40,51,31,0.6458333333333334,0.5633802816901409,133
2023-10-10,1041,131,70,52,35,61,17,0.5343511450381679,0.6730769230769231,105
2023-10-11,1041,108,71,67,43,37,24,0.6574074074074074,0.6417910447761194,114
2023-10-12,1041,131,86,59,31,45,28,0.6564885496183206,0.5254237288135594,117
2023-10-13,1041,124,84,90,45,40,45,0.6774193548387096,0.5,129
2023-10-14,1041,108,66,72,40,42,32,0.6111111111111112,0.5555555555555556,106
2023-10-15,1041,115,86,86,65,29,21,0.7478260869565218,0.7558139534883721,151
2023-10-16,1041,126,72,89,45,54,44,0.5714285714285714,0.5056179775280899,117
2023-10-17,1041,139,80,53,34,59,19,0.5755395683453237,0.6415094339622641,114
2023-10-18,1041,121,82,85,38,39,47,0.6776859504132231,0.4470588235294118,120
2023-10-19,1041,116,75,81,31,41,50,0.646551724137931,0.38271604938271603,106
2023-10-20,1041,120,79,86,37,41,49,0.6583333333333333,0.43023255813953487,116
2023-10-21,1041,110,65,99,31,45,68,0.5909090909090909,0.31313131313131315,96
2023-10-22,1041,109,77,60,39,32,21,0.7064220183486238,0.65,116
2023-10-23,1041,107,83,99,36,24,63,0.7757009345794392,0.36363636363636365,119
2023-10-24,1041,145,69,54,33,76,21,0.47586206896551725,0.6111111111111112,102
2023-10-25,1041,121,73,86,51,48,35,0.6033057851239669,0.5930232558139535,124
2023-10-26,1041,130,79,73,33,51,40,0.6076923076923076,0.4520547945205479,112
2023-10-27,1041,109,69,55,38,40,17,0.6330275229357798,0.6909090909090909,107
2023-10-28,1041,145,92,87,42,53,45,0.6344827586206897,0.4827586206896552,134
2023-10-29,1041,104,71,50,50,33,0,0.6826923076923077,1,121
2023-10-30,1041,111,83,77,38,28,39,0.7477477477477478,0.4935064935064935,121
2023-10-31,1041,121,91,72,42,30,30,0.7520661157024794,0.5833333333333334,133
2023-11-01,1041,137,84,60,40,53,20,0.6131386861313869,0.6666666666666666,124
2023-11-02,1041,145,75,61,42,70,19,0.5172413793103449,0.6885245901639344,117
2023-11-03,1041,144,72,76,48,72,28,0.5,0.631578947368421,120
2023-11-04,1041,120,80,81,47,40,34,0.6666666666666666,0.5802469135802469,127
2023-11-05,1041,141,77,52,40,64,12,0.5460992907801419,0.7692307692307693,117
2023-11-06,1041,121,80,97,40,41,57,0.6611570247933884,0.41237113402061853,120
2023-11-07,1041,125,73,77,39,52,38,0.584,0.5064935064935064,112
2023-11-08,1041,100,78,83,35,22,48,0.78,0.42168674698795183,113
2023-11-09,1041,131,69,81,37,62,44,0.5267175572519084,0.4567901234567901,106
2023-11-10,1041,115,79,90,31,36,59,0.6869565217391305,0.34444444444444444,110
2023-11-11,1041,127,89,91,24,38,67,0.7007874015748031,0.26373626373626374,113
2023-11-12,1041,124,86,51,39,38,12,0.6935483870967742,0.7647058823529411,125
2023-11-13,1041,116,73,98,42,43,56,0.6293103448275862,0.42857142857142855,115
2023-11-14,1041,130,94,81,42,36,39,0.7230769230769231,0.5185185185185185,136
2023-11-15,1041,107,78,90,37,29,53,0.7289719626168224,0.4111111111111111,115
2023-11-16,1041,134,81,51,47,53,4,0.6044776119402985,0.9215686274509803,128
2023-11-17,1041,115,77,93,33,38,60,0.6695652173913044,0.3548387096774194,110
2023-11-18,1041,123,81,53,41,42,12,0.6585365853658537,0.7735849056603774,122
2023-11-19,1041,147,82,70,36,65,34,0.5578231292517006,0.5142857142857142,118
2023-11-20,1041,118,84,61,45,34,16,0.711864406779661,0.7377049180327869,129
2023-11-21,1041,120,73,75,39,47,36,0.6083333333333333,0.52,112
2023-11-22,1041,141,69,67,41,72,26,0.48936170212765956,0.6119402985074627,110
2023-11-23,1041,146,83,55,42,63,13,0.5684931506849316,0.7636363636363637,125
2023-11-24,1041,145,76,98,38,69,60,0.5241379310344828,0.3877551020408163,114
2023-11-25,1041,140,65,57,44,75,13,0.4642857142857143,0.7719298245614035,109
2023-11-26,1041,145,79,64,43,66,21,0.5448275862068965,0.671875,122
2023-11-27,1041,125,69,67,46,56,21,0.552,0.6865671641791045,115
2023-11-28,1041,106,80,97,38,26,59,0.7547169811320755,0.3917525773195876,118
2023-11-29,1041,109,90,91,31,19,60,0.8256880733944955,0.34065934065934067,121
2023-11-30,1041,149,72,56,33,77,23,0.48322147651006714,0.5892857142857143,105
2023-12-01,1041,130,85,52,30,45,22,0.6538461538461539,0.5769230769230769,115
2023-12-02,1041,131,84,78,37,47,41,0.6412213740458015,0.47435897435897434,121
2023-12-03,1041,112,96,77,32,16,45,0.8571428571428571,0.4155844155844156,128
2023-12-04,1041,143,65,72,37,78,35,0.45454545454545453,0.5138888888888888,102
2023-12-05,1041,107,82,52,36,25,16,0.7663551401869159,0.6923076923076923,118
2023-12-06,1041,136,63,75,39,73,36,0.4632352941176471,0.52,102
2023-12-07,1041,128,87,72,40,41,32,0.6796875,0.5555555555555556,127
2023-12-08,1041,104,68,53,39,36,14,0.6538461538461539,0.7358490566037735,107
2023-12-09,1041,131,89,99,30,42,69,0.6793893129770993,0.30303030303030304,119
2023-12-10,1041,125,84,56,36,41,20,0.672,0.6428571428571429,120
2023-12-11,1041,117,80,54,34,37,20,0.6837606837606838,0.6296296296296297,114
2023-12-12,1041,100,77,79,42,23,37,0.77,0.5316455696202531,119
2023-12-13,1041,105,71,69,45,34,24,0.6761904761904762,0.6521739130434783,116
2023-12-14,1041,110,87,60,32,23,28,0.7909090909090909,0.5333333333333333,119
2023-12-15,1041,145,74,55,30,71,25,0.5103448275862069,0.5454545454545454,104
2023-12-16,1041,112,95,54,39,17,15,0.8482142857142857,0.7222222222222222,134
2023-12-17,1041,121,82,79,37,39,42,0.6776859504132231,0.46835443037974683,119
2023-12-18,1041,142,77,87,46,65,41,0.5422535211267606,0.5287356321839081,123
2023-12-19,1041,119,87,98,45,32,53,0.7310924369747899,0.45918367346938777,132
2023-12-20,1041,134,91,100,38,43,62,0.6791044776119403,0.38,129
2023-12-21,1041,110,70,79,34,40,45,0.6363636363636364,0.43037974683544306,104
2023-12-22,1041,147,70,95,38,77,57,0.47619047619047616,0.4,108
2023-12-23,1041,135,83,83,31,52,52,0.6148148148148148,0.37349397590361444,114
2023-12-24,1041,100,76,81,43,24,38,0.76,0.5308641975308642,119
2023-12-25,1041,118,85,58,48,33,10,0.7203389830508474,0.8275862068965517,133
2023-12-26,1041,101,82,60,46,19,14,0.8118811881188119,0.7666666666666667,128
2023-12-27,1041,116,81,62,31,35,31,0.6982758620689655,0.5,112
2023-12-28,1041,117,82,97,40,35,57,0.7008547008547008,0.41237113402061853,122
2023-12-29,1041,112,76,51,26,36,25,0.6785714285714286,0.5098039215686274,102
2023-12-30,1041,148,77,89,27,71,62,0.5202702702702703,0.30337078651685395,104
2023-12-31,1041,145,99,96,33,46,63,0.6827586206896552,0.34375,132
2023-01-01,1042,132,77,87,35,55,52,0.5833333333333334,0.40229885057471265,112
2023-01-02,1042,138,74,57,29,64,28,0.5362318840579711,0.5087719298245614,103
2023-01-03,1042,139,76,100,36,63,64,0.5467625899280576,0.36,112
2023-01-04,1042,143,75,87,49,68,38,0.5244755244755245,0.5632183908045977,124
2023-01-05,1042,137,74,66,49,63,17,0.5401459854014599,0.7424242424242424,123
2023-01-06,1042,101,86,54,36,15,18,0.8514851485148515,0.6666666666666666,122
2023-01-07,1042,133,72,77,53,61,24,0.5413533834586466,0.6883116883116883,125
2023-01-08,1042,105,85,89,44,20,45,0.8095238095238095,0.4943820224719101,129
2023-01-09,1042,119,94,99,51,25,48,0.7899159663865546,0.5151515151515151,145
2023-01-10,1042,137,78,94,31,59,63,0.5693430656934306,0.32978723404255317,109
2023-01-11,1042,150,81,73,32,69,41,0.54,0.4383561643835616,113
2023-01-12,1042,117,87,66,35,30,31,0.7435897435897436,0.5303030303030303,122
2023-01-13,1042,104,87,94,49,17,45,0.8365384615384616,0.5212765957446809,136
2023-01-14,1042,112,78,62,61,34,1,0.6964285714285714,0.9838709677419355,139
2023-01-15,1042,110,74,89,50,36,39,0.6727272727272727,0.5617977528089888,124
2023-01-16,1042,115,79,52,32,36,20,0.6869565217391305,0.6153846153846154,111
2023-01-17,1042,129,72,58,32,57,26,0.5581395348837209,0.5517241379310345,104
2023-01-18,1042,136,81,59,26,55,33,0.5955882352941176,0.4406779661016949,107
2023-01-19,1042,128,91,69,38,37,31,0.7109375,0.5507246376811594,129
2023-01-20,1042,123,80,58,39,43,19,0.6504065040650406,0.6724137931034483,119
2023-01-21,1042,123,70,70,35,53,35,0.5691056910569106,0.5,105
2023-01-22,1042,103,74,52,36,29,16,0.7184466019417476,0.6923076923076923,110
2023-01-23,1042,136,90,60,34,46,26,0.6617647058823529,0.5666666666666667,124
2023-01-24,1042,127,71,69,43,56,26,0.5590551181102362,0.6231884057971014,114
2023-01-25,1042,110,86,64,38,24,26,0.7818181818181819,0.59375,124
2023-01-26,1042,149,87,74,43,62,31,0.5838926174496645,0.581081081081081,130
2023-01-27,1042,117,92,65,43,25,22,0.7863247863247863,0.6615384615384615,135
2023-01-28,1042,137,77,92,39,60,53,0.5620437956204379,0.42391304347826086,116
2023-01-29,1042,136,83,58,43,53,15,0.6102941176470589,0.7413793103448276,126
2023-01-30,1042,127,87,65,37,40,28,0.6850393700787402,0.5692307692307692,124
2023-01-31,1042,109,75,69,45,34,24,0.6880733944954128,0.6521739130434783,120
2023-02-01,1042,108,75,90,32,33,58,0.6944444444444444,0.35555555555555557,107
2023-02-02,1042,137,87,77,39,50,38,0.635036496350365,0.5064935064935064,126
2023-02-03,1042,119,80,97,44,39,53,0.6722689075630253,0.4536082474226804,124
2023-02-04,1042,135,82,59,43,53,16,0.6074074074074074,0.7288135593220338,125
2023-02-05,1042,145,80,100,44,65,56,0.5517241379310345,0.44,124
2023-02-06,1042,106,78,56,41,28,15,0.7358490566037735,0.7321428571428571,119
2023-02-07,1042,136,85,65,35,51,30,0.625,0.5384615384615384,120
2023-02-08,1042,144,92,75,50,52,25,0.6388888888888888,0.6666666666666666,142
2023-02-09,1042,117,85,50,48,32,2,0.7264957264957265,0.96,133
2023-02-10,1042,109,80,93,37,29,56,0.7339449541284404,0.3978494623655914,117
2023-02-11,1042,114,82,62,48,32,14,0.7192982456140351,0.7741935483870968,130
2023-02-12,1042,136,73,96,32,63,64,0.5367647058823529,0.3333333333333333,105
2023-02-13,1042,149,79,67,47,70,20,0.5302013422818792,0.7014925373134329,126
2023-02-14,1042,114,86,82,44,28,38,0.7543859649122807,0.5365853658536586,130
2023-02-15,1042,104,91,95,48,13,47,0.875,0.5052631578947369,139
2023-02-16,1042,104,80,52,42,24,10,0.7692307692307693,0.8076923076923077,122
2023-02-17,1042,144,84,57,34,60,23,0.5833333333333334,0.5964912280701754,118
2023-02-18,1042,104,74,70,46,30,24,0.7115384615384616,0.6571428571428571,120
2023-02-19,1042,137,81,56,34,56,22,0.5912408759124088,0.6071428571428571,115
2023-02-20,1042,105,93,55,48,12,7,0.8857142857142857,0.8727272727272727,141
2023-02-21,1042,146,75,94,51,71,43,0.5136986301369864,0.5425531914893617,126
2023-02-22,1042,101,77,66,44,24,22,0.7623762376237624,0.6666666666666666,121
2023-02-23,1042,121,75,59,42,46,17,0.6198347107438017,0.711864406779661,117
2023-02-24,1042,123,74,91,39,49,52,0.6016260162601627,0.42857142857142855,113
2023-02-25,1042,150,87,99,31,63,68,0.58,0.31313131313131315,118
2023-02-26,1042,117,67,76,39,50,37,0.5726495726495726,0.5131578947368421,106
2023-02-27,1042,103,76,97,44,27,53,0.7378640776699029,0.4536082474226804,120
2023-02-28,1042,108,83,63,41,25,22,0.7685185185185185,0.6507936507936508,124
2023-03-01,1042,101,84,93,31,17,62,0.8316831683168316,0.3333333333333333,115
2023-03-02,1042,128,90,54,51,38,3,0.703125,0.9444444444444444,141
2023-03-03,1042,149,71,92,29,78,63,0.47651006711409394,0.31521739130434784,100
2023-03-04,1042,141,61,84,50,80,34,0.4326241134751773,0.5952380952380952,111
2023-03-05,1042,135,85,51,37,50,14,0.6296296296296297,0.7254901960784313,122
2023-03-06,1042,131,84,99,39,47,60,0.6412213740458015,0.3939393939393939,123
2023-03-07,1042,121,69,67,42,52,25,0.5702479338842975,0.6268656716417911,111
2023-03-08,1042,149,81,56,33,68,23,0.5436241610738255,0.5892857142857143,114
2023-03-09,1042,111,69,83,33,42,50,0.6216216216216216,0.39759036144578314,102
2023-03-10,1042,122,70,94,45,52,49,0.5737704918032787,0.4787234042553192,115
2023-03-11,1042,117,91,74,39,26,35,0.7777777777777778,0.527027027027027,130
2023-03-12,1042,121,89,84,36,32,48,0.7355371900826446,0.42857142857142855,125
2023-03-13,1042,127,88,89,43,39,46,0.6929133858267716,0.48314606741573035,131
2023-03-14,1042,147,76,74,35,71,39,0.5170068027210885,0.47297297297297297,111
2023-03-15,1042,142,63,69,47,79,22,0.44366197183098594,0.6811594202898551,110
2023-03-16,1042,150,88,56,40,62,16,0.5866666666666667,0.7142857142857143,128
2023-03-17,1042,100,78,71,45,22,26,0.78,0.6338028169014085,123
2023-03-18,1042,143,67,97,38,76,59,0.46853146853146854,0.3917525773195876,105
2023-03-19,1042,124,73,82,40,51,42,0.5887096774193549,0.4878048780487805,113
2023-03-20,1042,134,77,65,37,57,28,0.5746268656716418,0.5692307692307692,114
2023-03-21,1042,128,80,77,43,48,34,0.625,0.5584415584415584,123
2023-03-22,1042,106,83,74,42,23,32,0.78301886792452835,0.5675675675675675,125
2023-03-23,1042,130,74,98,39,56,59,0.5692307692307692,0.3979591836734694,113
2023-03-24,1042,130,75,57,44,55,13,0.5769230769230769,0.7719298245614035,119
2023-03-25,1042,146,71,54,48,75,6,0.4863013698630137,0.8888888888888888,119
2023-03-26,1042,143,76,85,47,67,38,0.5314685314685315,0.5529411764705883,123
2023-03-27,1042,101,83,54,38,18,16,0.8217821782178217,0.7037037037037037,121
2023-03-28,1042,141,83,93,46,58,47,0.5886524822695035,0.4946236559139785,129
2023-03-29,1042,118,88,65,51,30,14,0.7457627118644068,0.7846153846153846,139
2023-03-30,1042,100,89,87,41,11,46,0.89,0.47126436781609193,130
2023-03-31,1042,103,63,85,36,40,49,0.6116504854368932,0.4235294117647059,99
2023-04-01,1042,129,85,72,53,44,19,0.6589147286821705,0.7361111111111112,138
2023-04-02,1042,142,90,79,41,52,38,0.6338028169014085,0.5189873417721519,131
2023-04-03,1042,114,79,93,39,35,54,0.6929824561403509,0.41935483870967744,118
2023-04-04,1042,133,77,69,35,56,34,0.5789473684210527,0.5072463768115942,112
2023-04-05,1042,150,93,77,45,57,32,0.62,0.5844155844155844,138
2023-04-06,1042,138,67,65,29,71,36,0.4855072463768116,0.4461538461538462,96
2023-04-07,1042,137,72,65,29,65,36,0.5255474452554745,0.4461538461538462,101
2023-04-08,1042,145,61,98,32,84,66,0.4206896551724138,0.32653061224489793,93
2023-04-09,1042,121,88,88,41,33,47,0.7272727272727273,0.4659090909090909,129
2023-04-10,1042,138,77,92,32,61,60,0.5579710144927537,0.34782608695652173,109
2023-04-11,1042,127,87,52,40,40,12,0.6850393700787402,0.7692307692307693,127
2023-04-12,1042,115,64,91,34,51,57,0.5565217391304348,0.37362637362637363,98
2023-04-13,1042,145,73,73,33,72,40,0.503448275862069,0.4520547945205479,106
2023-04-14,1042,115,88,77,43,27,34,0.7652173913043478,0.5584415584415584,131
2023-04-15,1042,107,76,75,40,31,35,0.7102803738317757,0.5333333333333333,116
2023-04-16,1042,112,79,73,49,33,24,0.7053571428571429,0.6712328767123288,128
2023-04-17,1042,116,91,60,40,25,20,0.7844827586206896,0.6666666666666666,131
2023-04-18,1042,127,64,53,35,63,18,0.5039370078740157,0.660377358490566,99
2023-04-19,1042,147,78,54,44,69,10,0.5306122448979592,0.8148148148148148,122
2023-04-20,1042,103,84,91,46,19,45,0.8155339805825242,0.5054945054945055,130
2023-04-21,1042,132,77,59,45,55,14,0.5833333333333334,0.7627118644067796,122
2023-04-22,1042,115,77,67,42,38,25,0.6695652173913044,0.6268656716417911,119
2023-04-23,1042,148,75,57,46,73,11,0.5067567567567568,0.8070175438596491,121
2023-04-24,1042,141,85,92,45,56,47,0.6028368794326241,0.4891304347826087,130
2023-04-25,1042,141,86,78,39,55,39,0.6099290780141844,0.5,125
2023-04-26,1042,118,73,72,30,45,42,0.6186440677966102,0.4166666666666667,103
2023-04-27,1042,107,89,66,51,18,15,0.8317757009345794,0.7727272727272727,140
2023-04-28,1042,146,64,56,45,82,11,0.4383561643835616,0.8035714285714286,109
2023-04-29,1042,109,73,76,37,36,39,0.6697247706422018,0.4868421052631579,110
2023-04-30,1042,110,93,62,36,17,26,0.8454545454545455,0.5806451612903226,129
2023-05-01,1042,113,80,80,35,33,45,0.7079646017699115,0.4375,115
2023-05-02,1042,105,72,62,34,33,28,0.6857142857142857,0.5483870967741935,106
2023-05-03,1042,108,92,59,45,16,14,0.8518518518518519,0.7627118644067796,137
2023-05-04,1042,147,81,94,46,66,48,0.5510204081632653,0.48936170212765956,127
2023-05-05,1042,141,84,69,32,57,37,0.5957446808510638,0.463768115942029,116
2023-05-06,1042,104,77,60,34,27,26,0.7403846153846154,0.5666666666666667,111
2023-05-07,1042,143,87,64,41,56,23,0.6083916083916084,0.640625,128
2023-05-08,1042,116,76,70,48,40,22,0.6551724137931034,0.6857142857142857,124
2023-05-09,1042,115,80,85,40,35,45,0.6956521739130435,0.47058823529411764,120
2023-05-10,1042,127,72,60,30,55,30,0.5669291338582677,0.5,102
2023-05-11,1042,122,69,58,42,53,16,0.5655737704918032,0.7241379310344828,111
2023-05-12,1042,112,80,99,46,32,53,0.7142857142857143,0.46464646464646464,126
2023-05-13,1042,116,84,64,38,32,26,0.7241379310344828,0.59375,122
2023-05-14,1042,147,87,91,43,60,48,0.5918367346938775,0.4725274725274725,130
2023-05-15,1042,148,80,63,36,68,27,0.5405405405405406,0.5714285714285714,116
2023-05-16,1042,126,95,52,30,31,22,0.753968253968254,0.5769230769230769,125
2023-05-17,1042,105,90,70,46,15,24,0.8571428571428571,0.6571428571428571,136
2023-05-18,1042,124,76,88,46,48,42,0.6129032258064516,0.5227272727272727,122
2023-05-19,1042,114,78,94,30,36,64,0.6842105263157895,0.3191489361702128,108
2023-05-20,1042,115,77,61,36,38,25,0.6695652173913044,0.5901639344262295,113
2023-05-21,1042,113,87,89,37,26,52,0.7699115044247787,0.4157303370786517,124
2023-05-22,1042,127,86,90,36,41,54,0.6771653543307087,0.4,122
2023-05-23,1042,140,72,65,34,68,31,0.5142857142857142,0.5230769230769231,106
2023-05-24,1042,140,78,88,41,62,47,0.5571428571428572,0.4659090909090909,119
2023-05-25,1042,128,65,83,39,63,44,0.5078125,0.46987951807228917,104
2023-05-26,1042,125,86,97,30,39,67,0.688,0.30927835051546393,116
2023-05-27,1042,149,97,79,34,52,45,0.6510067114093959,0.43037974683544306,131
2023-05-28,1042,110,86,84,38,24,46,0.7818181818181819,0.4523809523809524,124
2023-05-29,1042,144,82,70,42,62,28,0.5694444444444444,0.6,124
2023-05-30,1042,145,98,52,47,47,5,0.6758620689655173,0.9038461538461539,145
2023-05-31,1042,113,69,98,35,44,63,0.6106194690265486,0.35714285714285715,104
2023-06-01,1042,127,74,64,50,53,14,0.5826771653543307,0.78125,124
2023-06-02,1042,111,86,68,50,25,18,0.7747747747747747,0.7352941176470589,136
2023-06-03,1042,125,86,78,37,39,41,0.688,0.47435897435897434,123
2023-06-04,1042,143,79,87,32,64,55,0.5524475524475524,0.367816091954023,111
2023-06-05,1042,104,83,52,34,21,18,0.7980769230769231,0.6538461538461539,117
2023-06-06,1042,121,84,50,44,37,6,0.6942148760330579,0.88,128
2023-06-07,1042,104,68,86,40,36,46,0.6538461538461539,0.46511627906976744,108
2023-06-08,1042,141,86,92,40,55,52,0.6099290780141844,0.43478260869565216,126
2023-06-09,1042,108,74,65,57,34,8,0.6851851851851852,0.8769230769230769,131
2023-06-10,1042,149,92,52,52,57,0,0.6174496644295302,1,144
2023-06-11,1042,120,86,61,32,34,29,0.7166666666666667,0.5245901639344263,118
2023-06-12,1042,146,73,50,33,73,17,0.5,0.66,106
2023-06-13,1042,120,89,86,40,31,46,0.7416666666666667,0.46511627906976744,129
2023-06-14,1042,147,77,97,31,70,66,0.5238095238095238,0.31958762886597936,108
2023-06-15,1042,120,65,75,30,55,45,0.5416666666666666,0.4,95
2023-06-16,1042,110,78,58,40,32,18,0.7090909090909091,0.6896551724137931,118
2023-06-17,1042,147,75,97,55,72,42,0.5102040816326531,0.5670103092783505,130
2023-06-18,1042,128,81,74,36,47,38,0.6328125,0.4864864864864865,117
2023-06-19,1042,143,85,92,42,58,50,0.5944055944055944,0.45652173913043476,127
2023-06-20,1042,150,92,81,46,58,35,0.6133333333333333,0.5679012345679012,138
2023-06-21,1042,132,74,84,33,58,51,0.5606060606060606,0.39285714285714285,107
2023-06-22,1042,128,97,71,38,31,33,0.7578125,0.5352112676056338,135
2023-06-23,1042,102,90,54,46,12,8,0.8823529411764706,0.8518518518518519,136
2023-06-24,1042,105,89,65,40,16,25,0.8476190476190476,0.6153846153846154,129
2023-06-25,1042,113,86,91,42,27,49,0.7610619469026548,0.46153846153846156,128
2023-06-26,1042,149,82,73,43,67,30,0.5503355704697986,0.589041095890411,125
2023-06-27,1042,100,90,54,41,10,13,0.9,0.7592592592592593,131
2023-06-28,1042,111,85,54,30,26,24,0.7657657657657657,0.5555555555555556,115
2023-06-29,1042,103,84,52,40,19,12,0.8155339805825242,0.7692307692307693,124
2023-06-30,1042,123,65,69,37,58,32,0.5284552845528455,0.5362318840579711,102
2023-07-01,1042,125,63,86,38,62,48,0.504,0.4418604651162791,101
2023-07-02,1042,116,87,91,31,29,60,0.75,0.34065934065934067,118
2023-07-03,1042,100,73,54,36,27,18,0.73,0.6666666666666666,109
2023-07-04,1042,147,83,90,35,64,55,0.564625850340136,0.3888888888888889,118
2023-07-05,1042,145,79,99,41,66,58,0.5448275862068965,0.41414141414141414,120
2023-07-06,1042,138,80,57,36,58,21,0.5797101449275363,0.631578947368421,116
2023-07-07,1042,115,61,79,34,54,45,0.5304347826086957,0.43037974683544306,95
2023-07-08,1042,128,81,99,47,47,52,0.6328125,0.47474747474747475,128
2023-07-09,1042,133,80,53,43,53,10,0.6015037593984962,0.8113207547169812,123
2023-07-10,1042,133,77,52,37,56,15,0.5789473684210527,0.7115384615384616,114
2023-07-11,1042,117,72,87,43,45,44,0.6153846153846154,0.4942528735632184,115
2023-07-12,1042,106,97,100,35,9,65,0.9150943396226415,0.35,132
2023-07-13,1042,149,83,92,33,66,59,0.5570469798657718,0.358695652173913,116
2023-07-14,1042,110,73,72,41,37,31,0.6636363636363637,0.5694444444444444,114
2023-07-15,1042,148,72,65,41,76,24,0.4864864864864865,0.6307692307692307,113
2023-07-16,1042,150,81,63,44,69,19,0.54,0.6984126984126984,125
2023-07-17,1042,105,82,65,47,23,18,0.780952380952381,0.7230769230769231,129
2023-07-18,1042,125,84,94,40,41,54,0.672,0.425531914893617,124
2023-07-19,1042,121,74,80,38,47,42,0.6115702479338843,0.475,112
2023-07-20,1042,127,101,51,37,26,14,0.7952755905511811,0.7254901960784313,138
2023-07-21,1042,137,90,100,47,47,53,0.656934306569343,0.47,137
2023-07-22,1042,148,89,82,36,59,46,0.6013513513513513,0.43902439024390244,125
2023-07-23,1042,137,81,71,42,56,29,0.5912408759124088,0.5915492957746479,123
2023-07-24,1042,115,80,78,46,35,32,0.6956521739130435,0.5897435897435898,126
2023-07-25,1042,119,88,88,42,31,46,0.7394957983193278,0.4772727272727273,130
2023-07-26,1042,139,77,78,42,62,36,0.5539568345323741,0.5384615384615384,119
2023-07-27,1042,114,95,56,40,19,16,0.8333333333333334,0.7142857142857143,135
2023-07-28,1042,121,91,96,44,30,52,0.7520661157024794,0.4583333333333333,135
2023-07-29,1042,118,73,51,29,45,22,0.6186440677966102,0.5686274509803921,102
2023-07-30,1042,124,82,71,40,42,31,0.6612903225806451,0.5633802816901409,122
2023-07-31,1042,136,96,67,39,40,28,0.7058823529411765,0.582089552238806,135
2023-08-01,1042,127,93,57,44,34,13,0.7322834645669292,0.7719298245614035,137
2023-08-02,1042,149,43,100,35,106,65,0.28859060402684567,0.35,78
2023-08-03,1042,132,91,60,55,41,5,0.6893939393939394,0.9166666666666666,146
2023-08-04,1042,148,74,58,43,74,15,0.5,0.7413793103448276,117
2023-08-05,1042,146,73,67,31,73,36,0.5,0.4626865671641791,104
2023-08-06,1042,119,80,73,41,39,32,0.6722689075630253,0.5616438356164384,121
2023-08-07,1042,104,74,91,43,30,48,0.7115384615384616,0.4725274725274725,117
2023-08-08,1042,148,75,82,41,73,41,0.5067567567567568,0.5,116
2023-08-09,1042,148,73,81,39,75,42,0.49324324324324326,0.48148148148148145,112
2023-08-10,1042,143,85,78,34,58,44,0.5944055944055944,0.4358974358974359,119
2023-08-11,1042,135,81,63,40,54,23,0.6,0.6349206349206349,121
2023-08-12,1042,121,72,84,39,49,45,0.5950413223140496,0.4642857142857143,111
2023-08-13,1042,147,63,90,49,84,41,0.42857142857142855,0.5444444444444444,112
2023-08-14,1042,115,77,61,40,38,21,0.6695652173913044,0.6557377049180327,117
2023-08-15,1042,129,92,78,35,37,43,0.7131782945736435,0.44871794871794873,127
2023-08-16,1042,107,78,54,41,29,13,0.7289719626168224,0.7592592592592593,119
2023-08-17,1042,124,75,54,38,49,16,0.6048387096774194,0.7037037037037037,113
2023-08-18,1042,104,76,53,42,28,11,0.7307692307692307,0.7924528301886793,118
2023-08-19,1042,137,94,50,44,43,6,0.6861313868613139,0.88,138
2023-08-20,1042,102,75,98,44,27,54,0.7352941176470589,0.4489795918367347,119
2023-08-21,1042,125,93,99,45,32,54,0.744,0.45454545454545453,138
2023-08-22,1042,119,92,96,35,27,61,0.773109243697479,0.3645833333333333,127
2023-08-23,1042,140,91,76,43,49,33,0.65,0.5657894736842105,134
2023-08-24,1042,128,87,82,31,41,51,0.6796875,0.3780487804878049,118
2023-08-25,1042,124,79,94,39,45,55,0.6370967741935484,0.4148936170212766,118
2023-08-26,1042,127,87,98,48,40,50,0.6850393700787402,0.4897959183673469,135
2023-08-27,1042,141,99,79,36,42,43,0.7021276595744681,0.45569620253164556,135
2023-08-28,1042,135,73,70,46,62,24,0.5407407407407407,0.6571428571428571,119
2023-08-29,1042,115,87,96,57,28,39,0.7565217391304347,0.59375,144
2023-08-30,1042,121,80,66,36,41,30,0.6611570247933884,0.5454545454545454,116
2023-08-31,1042,104,80,55,40,24,15,0.7692307692307693,0.7272727272727273,120
2023-09-01,1042,136,54,67,47,82,20,0.39705882352941174,0.7014925373134329,101
2023-09-02,1042,108,76,91,32,32,59,0.7037037037037037,0.3516483516483517,108
2023-09-03,1042,125,72,72,52,53,20,0.576,0.7222222222222222,124
2023-09-04,1042,126,67,92,37,59,55,0.5317460317460317,0.40217391304347827,104
2023-09-05,1042,122,75,59,35,47,24,0.6147540983606558,0.5932203389830508,110
2023-09-06,1042,136,81,74,42,55,32,0.5955882352941176,0.5675675675675675,123
2023-09-07,1042,118,63,90,33,55,57,0.5338983050847458,0.36666666666666664,96
2023-09-08,1042,140,82,50,42,58,8,0.5857142857142857,0.84,124
2023-09-09,1042,118,89,59,42,29,17,0.7542372881355932,0.711864406779661,131
2023-09-10,1042,121,89,52,49,32,3,0.7355371900826446,0.9423076923076923,138
2023-09-11,1042,122,84,61,42,38,19,0.6885245901639344,0.6885245901639344,126
2023-09-12,1042,116,90,64,50,26,14,0.7758620689655172,0.78125,140
2023-09-13,1042,109,78,94,39,31,55,0.7155963302752294,0.4148936170212766,117
2023-09-14,1042,150,67,78,39,83,39,0.44666666666666666,0.5,106
2023-09-15,1042,115,86,61,46,29,15,0.7478260869565218,0.7540983606557377,132
2023-09-16,1042,113,81,54,39,32,15,0.7168141592920354,0.7222222222222222,120
2023-09-17,1042,100,79,89,39,21,50,0.79,0.43820224719101125,118
2023-09-18,1042,140,66,50,44,74,6,0.4714285714285714,0.88,110
2023-09-19,1042,120,82,56,47,38,9,0.6833333333333333,0.8392857142857143,129
2023-09-20,1042,129,72,92,39,57,53,0.5581395348837209,0.42391304347826086,111
2023-09-21,1042,109,78,66,47,31,19,0.7155963302752294,0.7121212121212122,125
2023-09-22,1042,115,91,89,39,24,50,0.7913043478260869,0.43820224719101125,130
2023-09-23,1042,132,100,64,40,32,24,0.7575757575757576,0.625,140
2023-09-24,1042,137,83,56,50,54,6,0.6058394160583942,0.8928571428571429,133
2023-09-25,1042,148,72,62,40,76,22,0.4864864864864865,0.6451612903225806,112
2023-09-26,1042,107,86,53,35,21,18,0.8037383177570093,0.660377358490566,121
2023-09-27,1042,123,78,65,38,45,27,0.6341463414634146,0.5846153846153846,116
2023-09-28,1042,109,81,91,44,28,47,0.7431192660550459,0.4835164835164835,125
2023-09-29,1042,133,101,59,33,32,26,0.7593984962406015,0.559322033898305,134
2023-09-30,1042,144,108,56,39,36,17,0.75,0.6964285714285714,147
2023-10-01,1042,144,77,51,36,67,15,0.5347222222222222,0.7058823529411765,113
2023-10-02,1042,145,86,80,44,59,36,0.593103448275862,0.55,130
2023-10-03,1042,148,73,91,40,75,51,0.49324324324324326,0.43956043956043955,113
2023-10-04,1042,139,56,89,42,83,47,0.4028776978417266,0.47191011235955055,98
2023-10-05,1042,135,70,83,49,65,34,0.5185185185185185,0.5903614457831325,119
2023-10-06,1042,110,90,74,42,20,32,0.8181818181818182,0.5675675675675675,132
2023-10-07,1042,138,86,86,41,52,45,0.6231884057971014,0.47674418604651164,127
2023-10-08,1042,147,91,95,37,56,58,0.6190476190476191,0.3894736842105263,128
2023-10-09,1042,138,94,84,50,44,34,0.6811594202898551,0.5952380952380952,144
2023-10-10,1042,128,89,70,44,39,26,0.6953125,0.6285714285714286,133
2023-10-11,1042,146,97,72,40,49,32,0.6643835616438356,0.5555555555555556,137
2023-10-12,1042,110,77,64,43,33,21,0.7,0.671875,120
2023-10-13,1042,122,88,63,39,34,24,0.7213114754098361,0.6190476190476191,127
2023-10-14,1042,102,85,90,49,17,41,0.8333333333333334,0.5444444444444444,134
2023-10-15,1042,124,85,90,46,39,44,0.6854838709677419,0.5111111111111111,131
2023-10-16,1042,122,77,62,39,45,23,0.6311475409836066,0.6290322580645161,116
2023-10-17,1042,118,86,90,45,32,45,0.7288135593220338,0.5,131
2023-10-18,1042,111,85,76,36,26,40,0.7657657657657657,0.47368421052631576,121
2023-10-19,1042,132,79,95,40,53,55,0.5984848484848485,0.42105263157894735,119
2023-10-20,1042,118,87,53,34,31,19,0.7372881355932204,0.6415094339622641,121
2023-10-21,1042,127,85,63,49,42,14,0.6692913385826772,0.7777777777777778,134
2023-10-22,1042,122,79,67,35,43,32,0.6475409836065574,0.5223880597014925,114
2023-10-23,1042,131,84,66,40,47,26,0.6412213740458015,0.6060606060606061,124
2023-10-24,1042,148,62,74,49,86,25,0.4189189189189189,0.6621621621621622,111
2023-10-25,1042,134,86,97,44,48,53,0.6417910447761194,0.4536082474226804,130
2023-10-26,1042,135,70,95,42,65,53,0.5185185185185185,0.4421052631578947,112
2023-10-27,1042,133,73,60,40,60,20,0.5488721804511278,0.6666666666666666,113
2023-10-28,1042,105,84,68,38,21,30,0.8,0.5588235294117647,122
2023-10-29,1042,112,90,85,31,22,54,0.8035714285714286,0.36470588235294116,121
2023-10-30,1042,117,69,83,42,48,41,0.5897435897435898,0.5060240963855421,111
2023-10-31,1042,108,77,70,42,31,28,0.7129629629629629,0.6,119
2023-11-01,1042,107,97,92,42,10,50,0.9065420560747663,0.45652173913043476,139
2023-11-02,1042,102,57,84,45,45,39,0.5588235294117647,0.5357142857142857,102
2023-11-03,1042,141,75,98,39,66,59,0.5319148936170213,0.3979591836734694,114
2023-11-04,1042,138,88,66,56,50,10,0.6376811594202898,0.8484848484848485,144
2023-11-05,1042,144,86,76,42,58,34,0.5972222222222222,0.5526315789473685,128
2023-11-06,1042,131,91,65,42,40,23,0.6946564885496184,0.6461538461538462,133
2023-11-07,1042,122,81,54,40,41,14,0.6639344262295082,0.7407407407407407,121
2023-11-08,1042,100,69,81,36,31,45,0.69,0.4444444444444444,105
2023-11-09,1042,122,75,50,27,47,23,0.6147540983606558,0.54,102
2023-11-10,1042,130,74,98,45,56,53,0.5692307692307692,0.45918367346938777,119
2023-11-11,1042,100,75,72,41,25,31,0.75,0.5694444444444444,116
2023-11-12,1042,103,84,67,45,19,22,0.8155339805825242,0.6716417910447762,129
2023-11-13,1042,115,73,90,43,42,47,0.6347826086956522,0.4777777777777778,116
2023-11-14,1042,126,87,97,47,39,50,0.6904761904761905,0.4845360824742268,134
2023-11-15,1042,112,91,94,31,21,63,0.8125,0.32978723404255317,122
2023-11-16,1042,142,71,60,37,71,23,0.5,0.6166666666666667,108
2023-11-17,1042,143,86,96,39,57,57,0.6013986013986014,0.40625,125
2023-11-18,1042,130,74,69,35,56,34,0.5692307692307692,0.5072463768115942,109
2023-11-19,1042,129,72,97,34,57,63,0.5581395348837209,0.35051546391752575,106
2023-11-20,1042,144,97,97,46,47,51,0.6736111111111112,0.4742268041237113,143
2023-11-21,1042,131,67,89,44,64,45,0.5114503816793893,0.4943820224719101,111
2023-11-22,1042,115,87,96,41,28,55,0.7565217391304347,0.4270833333333333,128
2023-11-23,1042,112,90,93,29,22,64,0.8035714285714286,0.3118279569892473,119
2023-11-24,1042,143,86,78,32,57,46,0.6013986013986014,0.41025641025641024,118
2023-11-25,1042,130,77,51,43,53,8,0.5923076923076923,0.8431372549019608,120
2023-11-26,1042,137,80,79,49,57,30,0.583941605839416,0.620253164556962,129
2023-11-27,1042,127,71,75,55,56,20,0.5590551181102362,0.7333333333333333,126
2023-11-28,1042,135,83,90,36,52,54,0.6148148148148148,0.4,119
2023-11-29,1042,126,91,72,26,35,46,0.7222222222222222,0.3611111111111111,117
2023-11-30,1042,111,77,84,39,34,45,0.6936936936936937,0.4642857142857143,116
2023-12-01,1042,106,77,96,30,29,66,0.7264150943396226,0.3125,107
2023-12-02,1042,103,82,50,50,21,0,0.7961165048543689,1,132
2023-12-03,1042,110,84,94,49,26,45,0.7636363636363637,0.5212765957446809,133
2023-12-04,1042,149,72,80,41,77,39,0.48322147651006714,0.5125,113
2023-12-05,1042,149,82,78,37,67,41,0.5503355704697986,0.47435897435897434,119
2023-12-06,1042,131,92,68,34,39,34,0.7022900763358778,0.5,126
2023-12-07,1042,135,65,66,38,70,28,0.48148148148148145,0.5757575757575758,103
2023-12-08,1042,131,78,62,45,53,17,0.5954198473282443,0.7258064516129032,123
2023-12-09,1042,149,67,93,51,82,42,0.44966442953020136,0.5483870967741935,118
2023-12-10,1042,143,79,91,44,64,47,0.5524475524475524,0.4835164835164835,123
2023-12-11,1042,130,98,56,33,32,23,0.7538461538461538,0.5892857142857143,131
2023-12-12,1042,139,71,61,42,68,19,0.5107913669064749,0.6885245901639344,113
2023-12-13,1042,126,61,80,25,65,55,0.48412698412698413,0.3125,86
2023-12-14,1042,109,90,97,51,19,46,0.8256880733944955,0.5257731958762887,141
2023-12-15,1042,131,83,64,36,48,28,0.6335877862595419,0.5625,119
2023-12-16,1042,120,77,72,44,43,28,0.6416666666666667,0.6111111111111112,121
2023-12-17,1042,124,95,75,38,29,37,0.7661290322580645,0.5066666666666667,133
2023-12-18,1042,135,69,96,40,66,56,0.5111111111111111,0.4166666666666667,109
2023-12-19,1042,111,72,53,35,39,18,0.6486486486486487,0.660377358490566,107
2023-12-20,1042,146,75,90,40,71,50,0.5136986301369864,0.4444444444444444,115
2023-12-21,1042,149,86,67,40,63,27,0.5771812080536913,0.5970149253731343,126
2023-12-22,1042,127,85,77,38,42,39,0.6692913385826772,0.4935064935064935,123
2023-12-23,1042,130,87,91,48,43,43,0.6692307692307692,0.5274725274725275,135
2023-12-24,1042,134,85,82,38,49,44,0.6343283582089553,0.4634146341463415,123
2023-12-25,1042,123,89,83,45,34,38,0.7235772357723578,0.54216867469879515,134
2023-12-26,1042,120,63,93,36,57,57,0.525,0.3870967741935484,99
2023-12-27,1042,115,81,51,39,34,12,0.7043478260869566,0.7647058823529411,120
2023-12-28,1042,116,78,52,26,38,26,0.6724137931034483,0.5,104
2023-12-29,1042,147,82,99,48,65,51,0.5578231292517006,0.48484848484848486,130
2023-12-30,1042,124,81,89,37,43,52,0.6532258064516129,0.4157303370786517,118
2023-12-31,1042,125,80,88,44,45,44,0.64,0.5,124
2023-01-01,1043,108,95,96,38,13,58,0.8796296296296297,0.3958333333333333,133
2023-01-02,1043,127,74,85,44,53,41,0.5826771653543307,0.5176470588235295,118
2023-01-03,1043,131,89,95,36,42,59,0.6793893129770993,0.37894736842105264,125
2023-01-04,1043,121,94,90,33,27,57,0.7768595041322314,0.36666666666666664,127
2023-01-05,1043,123,91,83,44,32,39,0.7398373983739838,0.5301204819277109,135
2023-01-06,1043,143,79,58,47,64,11,0.5524475524475524,0.8103448275862069,126
2023-01-07,1043,143,53,93,46,90,47,0.3706293706293706,0.4946236559139785,99
2023-01-08,1043,128,85,62,37,43,25,0.6640625,0.5967741935483871,122
2023-01-09,1043,111,77,66,41,34,25,0.6936936936936937,0.6212121212121212,118
2023-01-10,1043,119,86,90,41,33,49,0.7226890756302521,0.45555555555555555,127
2023-01-11,1043,149,76,51,47,73,4,0.5100671140939598,0.9215686274509803,123
2023-01-12,1043,141,73,68,37,68,31,0.5177304964539007,0.5441176470588235,110
2023-01-13,1043,143,66,57,36,77,21,0.46153846153846156,0.631578947368421,102
2023-01-14,1043,135,81,93,36,54,57,0.6,0.3870967741935484,117
2023-01-15,1043,133,65,94,45,68,49,0.48872180451127817,0.4787234042553192,110
2023-01-16,1043,149,72,80,42,77,38,0.48322147651006714,0.525,114
2023-01-17,1043,109,84,51,37,25,14,0.7706422018348624,0.7254901960784313,121
2023-01-18,1043,110,86,84,45,24,39,0.7818181818181819,0.5357142857142857,131
2023-01-19,1043,135,93,95,43,42,52,0.6888888888888889,0.45263157894736844,136
2023-01-20,1043,113,73,99,38,40,61,0.6460176991150443,0.3838383838383838,111
2023-01-21,1043,141,87,74,43,54,31,0.6170212765957447,0.581081081081081,130
2023-01-22,1043,147,82,68,44,65,24,0.5578231292517006,0.6470588235294118,126
2023-01-23,1043,135,71,90,43,64,47,0.5259259259259259,0.4777777777777778,114
2023-01-24,1043,107,81,75,50,26,25,0.7570093457943925,0.6666666666666666,131
2023-01-25,1043,138,75,68,57,63,11,0.5434782608695652,0.8382352941176471,132
2023-01-26,1043,115,84,70,45,31,25,0.7304347826086957,0.6428571428571429,129
2023-01-27,1043,136,75,52,41,61,11,0.5514705882352942,0.7884615384615384,116
2023-01-28,1043,111,81,60,39,30,21,0.7297297297297297,0.65,120
2023-01-29,1043,112,90,92,38,22,54,0.8035714285714286,0.41304347826086957,128
2023-01-30,1043,131,75,97,38,56,59,0.5725190839694656,0.3917525773195876,113
2023-01-31,1043,123,79,63,38,44,25,0.6422764227642277,0.6031746031746031,117
2023-02-01,1043,103,84,71,41,19,30,0.8155339805825242,0.5774647887323944,125
2023-02-02,1043,110,89,67,38,21,29,0.8090909090909091,0.5671641791044776,127
2023-02-03,1043,138,81,71,37,57,34,0.5869565217391305,0.5211267605633803,118
2023-02-04,1043,110,95,67,53,15,14,0.8636363636363636,0.7910447761194029,148
2023-02-05,1043,119,93,58,37,26,21,0.7815126050420168,0.6379310344827587,130
2023-02-06,1043,112,71,70,39,41,31,0.6339285714285714,0.5571428571428572,110
2023-02-07,1043,137,90,76,44,47,32,0.656934306569343,0.5789473684210527,134
2023-02-08,1043,117,79,90,36,38,54,0.6752136752136753,0.4,115
2023-02-09,1043,147,83,90,37,64,53,0.564625850340136,0.4111111111111111,120
2023-02-10,1043,142,77,64,34,65,30,0.5422535211267606,0.53125,111
2023-02-11,1043,101,92,64,35,9,29,0.9108910891089109,0.546875,127
2023-02-12,1043,130,95,59,39,35,20,0.7307692307692307,0.6610169491525424,134
2023-02-13,1043,105,88,59,47,17,12,0.8380952380952381,0.7966101694915254,135
2023-02-14,1043,106,80,97,34,26,63,0.7547169811320755,0.35051546391752575,114
2023-02-15,1043,115,68,88,34,47,54,0.591304347826087,0.38636363636363635,102
2023-02-16,1043,112,69,94,24,43,70,0.6160714285714286,0.2553191489361702,93
2023-02-17,1043,111,85,53,53,26,0,0.7657657657657657,1,138
2023-02-18,1043,146,69,84,47,77,37,0.4726027397260274,0.5595238095238095,116
2023-02-19,1043,116,69,84,45,47,39,0.5948275862068966,0.5357142857142857,114
2023-02-20,1043,115,70,84,39,45,45,0.6086956521739131,0.4642857142857143,109
2023-02-21,1043,105,73,66,33,32,33,0.6952380952380952,0.5,106
2023-02-22,1043,139,89,82,28,50,54,0.6402877697841727,0.34146341463414637,117
2023-02-23,1043,141,83,64,43,58,21,0.5886524822695035,0.671875,126
2023-02-24,1043,145,86,77,44,59,33,0.593103448275862,0.5714285714285714,130
2023-02-25,1043,106,85,93,38,21,55,0.8018867924528302,0.40860215053763443,123
2023-02-26,1043,104,81,71,45,23,26,0.7788461538461539,0.6338028169014085,126
2023-02-27,1043,150,96,99,31,54,68,0.64,0.31313131313131315,127
2023-02-28,1043,142,75,85,53,67,32,0.528169014084507,0.6235294117647059,128
2023-03-01,1043,134,75,87,38,59,49,0.5597014925373134,0.4367816091954023,113
2023-03-02,1043,109,93,73,41,16,32,0.8532110091743119,0.5616438356164384,134
2023-03-03,1043,150,69,50,38,81,12,0.46,0.76,107
2023-03-04,1043,115,55,85,42,60,43,0.4782608695652174,0.49411764705882355,97
2023-03-05,1043,139,99,50,41,40,9,0.7122302158273381,0.82,140
2023-03-06,1043,108,83,68,36,25,32,0.7685185185185185,0.5294117647058824,119
2023-03-07,1043,118,87,66,50,31,16,0.7372881355932204,0.7575757575757576,137
2023-03-08,1043,141,76,94,44,65,50,0.5390070921985816,0.46808510638297873,120
2023-03-09,1043,104,88,57,34,16,23,0.8461538461538461,0.5964912280701754,122
2023-03-10,1043,117,92,52,36,25,16,0.7863247863247863,0.6923076923076923,128
2023-03-11,1043,128,68,72,39,60,33,0.53125,0.5416666666666666,107
2023-03-12,1043,131,59,80,40,72,40,0.45038167938931295,0.5,99
2023-03-13,1043,150,89,94,43,61,51,0.5933333333333334,0.4574468085106383,132
2023-03-14,1043,135,80,51,42,55,9,0.5925925925925926,0.8235294117647058,122
2023-03-15,1043,136,100,54,40,36,14,0.7352941176470589,0.7407407407407407,140
2023-03-16,1043,101,69,73,39,32,34,0.6831683168316832,0.5342465753424658,108
2023-03-17,1043,121,57,99,27,64,72,0.47107438016528924,0.2727272727272727,84
2023-03-18,1043,137,95,92,36,42,56,0.6934306569343066,0.391304347826087,131
2023-03-19,1043,100,69,65,37,31,28,0.69,0.5692307692307692,106
2023-03-20,1043,103,85,83,40,18,43,0.8252427184466019,0.4819277108433735,125
2023-03-21,1043,146,86,83,37,60,46,0.589041095890411,0.4457831325301205,123
2023-03-22,1043,117,70,61,39,47,22,0.5982905982905983,0.639344262295082,109
2023-03-23,1043,149,76,67,49,73,18,0.5100671140939598,0.7313432835820896,125
2023-03-24,1043,145,70,55,36,75,19,0.4827586206896552,0.6545454545454545,106
2023-03-25,1043,131,75,66,44,56,22,0.5725190839694656,0.6666666666666666,119
2023-03-26,1043,131,92,79,58,39,21,0.7022900763358778,0.7341772151898734,150
2023-03-27,1043,103,78,80,45,25,35,0.7572815533980582,0.5625,123
2023-03-28,1043,115,84,77,37,31,40,0.7304347826086957,0.4805194805194805,121
2023-03-29,1043,104,70,97,41,34,56,0.6730769230769231,0.422680412371134,111
2023-03-30,1043,114,81,52,38,33,14,0.7105263157894737,0.7307692307692307,119
2023-03-31,1043,103,82,64,45,21,19,0.7961165048543689,0.703125,127
2023-04-01,1043,107,105,70,45,2,25,0.9813084112149533,0.6428571428571429,150
2023-04-02,1043,102,97,51,33,5,18,0.9509803921568627,0.6470588235294118,130
2023-04-03,1043,148,82,60,38,66,22,0.5540540540540541,0.6333333333333333,120
2023-04-04,1043,141,86,56,40,55,16,0.6099290780141844,0.7142857142857143,126
2023-04-05,1043,132,91,94,40,41,54,0.6893939393939394,0.425531914893617,131
2023-04-06,1043,139,65,76,45,74,31,0.4676258992805755,0.5921052631578947,110
2023-04-07,1043,134,74,57,46,60,11,0.5522388059701493,0.8070175438596491,120
2023-04-08,1043,115,90,54,46,25,8,0.782608695652174,0.8518518518518519,136
2023-04-09,1043,113,79,57,41,34,16,0.6991150442477876,0.7192982456140351,120
2023-04-10,1043,128,83,92,35,45,57,0.6484375,0.3804347826086957,118
2023-04-11,1043,150,96,59,31,54,28,0.64,0.5254237288135594,127
2023-04-12,1043,130,92,57,47,38,10,0.7076923076923077,0.8245614035087719,139
2023-04-13,1043,115,78,75,37,37,38,0.6782608695652174,0.49333333333333335,115
2023-04-14,1043,108,64,70,44,44,26,0.5925925925925926,0.6285714285714286,108
2023-04-15,1043,119,72,94,46,47,48,0.6050420168067226,0.48936170212765956,118
2023-04-16,1043,148,86,77,40,62,37,0.581081081081081,0.5194805194805194,126
2023-04-17,1043,150,73,65,39,77,26,0.4866666666666667,0.6,112
2023-04-18,1043,113,65,64,25,48,39,0.5752212389380531,0.390625,90
2023-04-19,1043,141,81,80,32,60,48,0.574468085106383,0.4,113
2023-04-20,1043,109,69,76,47,40,29,0.6330275229357798,0.618421052631579,116
2023-04-21,1043,124,75,94,36,49,58,0.6048387096774194,0.3829787234042553,111
2023-04-22,1043,115,81,79,44,34,35,0.7043478260869566,0.5569620253164557,125
2023-04-23,1043,141,75,98,40,66,58,0.5319148936170213,0.40816326530612246,115
2023-04-24,1043,115,87,77,41,28,36,0.7565217391304347,0.5324675324675324,128
2023-04-25,1043,137,92,60,48,45,12,0.6715328467153284,0.8,140
2023-04-26,1043,136,91,99,35,45,64,0.6691176470588235,0.35353535353535354,126
2023-04-27,1043,136,83,58,38,53,20,0.6102941176470589,0.6551724137931034,121
2023-04-28,1043,104,59,64,41,45,23,0.5673076923076923,0.640625,100
2023-04-29,1043,120,88,51,51,32,0,0.7333333333333333,1,139
2023-04-30,1043,136,90,68,46,46,22,0.6617647058823529,0.6764705882352942,136
2023-05-01,1043,108,76,86,44,32,42,0.7037037037037037,0.5116279069767442,120
2023-05-02,1043,113,85,91,47,28,44,0.7522123893805309,0.5164835164835165,132
2023-05-03,1043,123,75,74,39,48,35,0.6097560975609756,0.527027027027027,114
2023-05-04,1043,108,83,92,41,25,51,0.7685185185185185,0.44565217391304346,124
2023-05-05,1043,129,86,67,24,43,43,0.6666666666666666,0.3582089552238806,110
2023-05-06,1043,137,77,81,35,60,46,0.5620437956204379,0.43209876543209874,112
2023-05-07,1043,148,73,84,44,75,40,0.49324324324324326,0.5238095238095238,117
2023-05-08,1043,150,70,53,35,80,18,0.4666666666666667,0.660377358490566,105
2023-05-09,1043,137,94,53,40,43,13,0.6861313868613139,0.7547169811320755,134
2023-05-10,1043,137,79,61,39,58,22,0.5766423357664233,0.639344262295082,118
2023-05-11,1043,115,69,79,27,46,52,0.6,0.34177215189873417,96
2023-05-12,1043,144,86,84,40,58,44,0.5972222222222222,0.47619047619047616,126
2023-05-13,1043,146,86,69,44,60,25,0.589041095890411,0.6376811594202898,130
2023-05-14,1043,121,74,99,45,47,54,0.6115702479338843,0.45454545454545453,119
2023-05-15,1043,112,61,56,48,51,8,0.5446428571428571,0.8571428571428571,109
2023-05-16,1043,127,71,76,35,56,41,0.5590551181102362,0.4605263157894737,106
2023-05-17,1043,140,79,73,43,61,30,0.5642857142857143,0.589041095890411,122
2023-05-18,1043,129,77,62,35,52,27,0.5968992248062015,0.5645161290322581,112
2023-05-19,1043,140,76,69,45,64,24,0.5428571428571428,0.6521739130434783,121
2023-05-20,1043,106,72,69,43,34,26,0.6792452830188679,0.6231884057971014,115
2023-05-21,1043,129,80,64,49,49,15,0.6201550387596899,0.765625,129
2023-05-22,1043,138,71,89,43,67,46,0.5144927536231884,0.48314606741573035,114
2023-05-23,1043,125,91,62,38,34,24,0.728,0.6129032258064516,129
2023-05-24,1043,142,87,95,32,55,63,0.6126760563380281,0.3368421052631579,119
2023-05-25,1043,117,63,63,38,54,25,0.5384615384615384,0.6031746031746031,101
2023-05-26,1043,132,85,98,44,47,54,0.6439393939393939,0.4489795918367347,129
2023-05-27,1043,148,79,77,52,69,25,0.5337837837837838,0.6753246753246753,131
2023-05-28,1043,149,81,70,42,68,28,0.5436241610738255,0.6,123
2023-05-29,1043,143,86,68,34,57,34,0.6013986013986014,0.5,120
2023-05-30,1043,128,66,51,46,62,5,0.515625,0.9019607843137255,112
2023-05-31,1043,148,78,66,39,70,27,0.527027027027027,0.5909090909090909,117
2023-06-01,1043,109,83,72,36,26,36,0.7614678899082569,0.5,119
2023-06-02,1043,115,72,76,29,43,47,0.6260869565217392,0.3815789473684211,101
2023-06-03,1043,119,67,77,45,52,32,0.5630252100840336,0.5844155844155844,112
2023-06-04,1043,139,98,93,34,41,59,0.7050359712230215,0.3655913978494624,132
2023-06-05,1043,116,63,81,42,53,39,0.5431034482758621,0.5185185185185185,105
2023-06-06,1043,147,78,53,46,69,7,0.5306122448979592,0.8679245283018868,124
2023-06-07,1043,147,79,93,30,68,63,0.5374149659863946,0.3225806451612903,109
2023-06-08,1043,150,93,57,37,57,20,0.62,0.6491228070175439,130
2023-06-09,1043,132,79,71,36,53,35,0.5984848484848485,0.5070422535211268,115
2023-06-10,1043,106,91,67,34,15,33,0.8584905660377359,0.5074626865671642,125
2023-06-11,1043,126,76,75,29,50,46,0.6031746031746031,0.38666666666666666,105
2023-06-12,1043,124,81,91,34,43,57,0.6532258064516129,0.37362637362637363,115
2023-06-13,1043,141,77,65,40,64,25,0.5460992907801419,0.6153846153846154,117
2023-06-14,1043,109,73,69,37,36,32,0.6697247706422018,0.5362318840579711,110
2023-06-15,1043,146,68,60,40,78,20,0.4657534246575342,0.6666666666666666,108
2023-06-16,1043,146,80,73,54,66,19,0.547945205479452,0.7397260273972602,134
2023-06-17,1043,141,49,75,46,92,29,0.3475177304964539,0.6133333333333333,95
2023-06-18,1043,115,82,85,46,33,39,0.7130434782608696,0.5411764705882353,128
2023-06-19,1043,136,82,55,37,54,18,0.6029411764705882,0.6727272727272727,119
2023-06-20,1043,137,76,87,39,61,48,0.5547445255474452,0.4482758620689655,115
2023-06-21,1043,149,77,93,40,72,53,0.5167785234899329,0.43010752688172044,117
2023-06-22,1043,147,84,65,40,63,25,0.5714285714285714,0.6153846153846154,124
2023-06-23,1043,149,52,86,36,97,50,0.348993288590604,0.4186046511627907,88
2023-06-24,1043,107,74,50,41,33,9,0.6915887850467289,0.82,115
2023-06-25,1043,124,89,71,34,35,37,0.717741935483871,0.4788732394366197,123
2023-06-26,1043,100,67,54,35,33,19,0.67,0.6481481481481481,102
2023-06-27,1043,142,91,92,33,51,59,0.6408450704225352,0.358695652173913,124
2023-06-28,1043,107,66,55,43,41,12,0.616822429906542,0.7818181818181819,109
2023-06-29,1043,128,95,50,40,33,10,0.7421875,0.8,135
2023-06-30,1043,113,80,65,22,33,43,0.7079646017699115,0.3384615384615385,102
2023-07-01,1043,131,69,83,29,62,54,0.5267175572519084,0.3493975903614458,98
2023-07-02,1043,107,88,52,46,19,6,0.822429906542056,0.8846153846153846,134
2023-07-03,1043,111,79,77,28,32,49,0.7117117117117117,0.36363636363636365,107
2023-07-04,1043,118,89,80,34,29,46,0.7542372881355932,0.425,123
2023-07-05,1043,132,63,73,43,69,30,0.4772727272727273,0.589041095890411,106
2023-07-06,1043,142,85,77,38,57,39,0.5985915492957746,0.4935064935064935,123
2023-07-07,1043,148,73,91,49,75,42,0.49324324324324326,0.5384615384615384,122
2023-07-08,1043,144,79,54,45,65,9,0.5486111111111112,0.8333333333333334,124
2023-07-09,1043,134,71,90,28,63,62,0.5298507462686567,0.3111111111111111,99
2023-07-10,1043,125,91,77,31,34,46,0.728,0.4025974025974026,122
2023-07-11,1043,145,83,92,47,62,45,0.5724137931034483,0.5108695652173914,130
2023-07-12,1043,104,75,85,38,29,47,0.7211538461538461,0.4470588235294118,113
2023-07-13,1043,124,78,50,32,46,18,0.6290322580645161,0.64,110
2023-07-14,1043,145,87,50,33,58,17,0.6,0.66,120
2023-07-15,1043,111,78,84,41,33,43,0.7027027027027027,0.4880952380952381,119
2023-07-16,1043,133,87,76,40,46,36,0.6541353383458647,0.5263157894736842,127
2023-07-17,1043,135,94,57,36,41,21,0.6962962962962963,0.631578947368421,130
2023-07-18,1043,149,87,100,47,62,53,0.5838926174496645,0.47,134
2023-07-19,1043,103,75,91,46,28,45,0.7281553398058253,0.5054945054945055,121
2023-07-20,1043,134,74,90,40,60,50,0.5522388059701493,0.4444444444444444,114
2023-07-21,1043,116,93,70,40,23,30,0.8017241379310345,0.5714285714285714,133
2023-07-22,1043,127,83,71,48,44,23,0.6535433070866141,0.676056338028169,131
2023-07-23,1043,150,67,55,41,83,14,0.44666666666666666,0.7454545454545455,108
2023-07-24,1043,135,94,94,50,41,44,0.6962962962962963,0.5319148936170213,144
2023-07-25,1043,148,85,75,41,63,34,0.5743243243243243,0.5466666666666666,126
2023-07-26,1043,133,74,93,50,59,43,0.556390977443609,0.5376344086021505,124
2023-07-27,1043,109,72,90,31,37,59,0.6605504587155964,0.34444444444444444,103
2023-07-28,1043,116,83,87,39,33,48,0.7155172413793104,0.4482758620689655,122
2023-07-29,1043,146,75,75,39,71,36,0.5136986301369864,0.52,114
2023-07-30,1043,105,64,95,55,41,40,0.6095238095238096,0.5789473684210527,119
2023-07-31,1043,126,75,97,44,51,53,0.5952380952380952,0.4536082474226804,119
2023-08-01,1043,135,70,50,32,65,18,0.5185185185185185,0.64,102
2023-08-02,1043,106,93,52,38,13,14,0.8773584905660378,0.7307692307692307,131
2023-08-03,1043,110,81,90,43,29,47,0.7363636363636363,0.4777777777777778,124
2023-08-04,1043,113,78,84,41,35,43,0.6902654867256637,0.4880952380952381,119
2023-08-05,1043,109,90,69,37,19,32,0.8256880733944955,0.5362318840579711,127
2023-08-06,1043,128,86,81,46,42,35,0.671875,0.5679012345679012,132
2023-08-07,1043,138,76,84,35,62,49,0.5507246376811594,0.4166666666666667,111
2023-08-08,1043,139,87,60,43,52,17,0.6258992805755396,0.7166666666666667,130
2023-08-09,1043,116,78,69,44,38,25,0.6724137931034483,0.6376811594202898,122
2023-08-10,1043,142,73,62,35,69,27,0.5140845070422535,0.5645161290322581,108
2023-08-11,1043,134,72,93,35,62,58,0.5373134328358209,0.3763440860215054,107
2023-08-12,1043,126,80,61,29,46,32,0.6349206349206349,0.47540983606557374,109
2023-08-13,1043,104,85,74,49,19,25,0.8173076923076923,0.6621621621621622,134
2023-08-14,1043,114,96,80,35,18,45,0.8421052631578947,0.4375,131
2023-08-15,1043,115,79,91,36,36,55,0.6869565217391305,0.3956043956043956,115
2023-08-16,1043,139,83,54,42,56,12,0.5971223021582733,0.7777777777777778,125
2023-08-17,1043,124,73,91,29,51,62,0.5887096774193549,0.31868131868131866,102
2023-08-18,1043,130,101,56,42,29,14,0.7769230769230769,0.75,143
2023-08-19,1043,121,69,56,39,52,17,0.5702479338842975,0.6964285714285714,108
2023-08-20,1043,102,88,52,34,14,18,0.8627450980392157,0.6538461538461539,122
2023-08-21,1043,144,68,93,44,76,49,0.4722222222222222,0.4731182795698925,112
2023-08-22,1043,148,73,90,36,75,54,0.49324324324324326,0.4,109
2023-08-23,1043,148,68,51,33,80,18,0.4594594594594595,0.6470588235294118,101
2023-08-24,1043,139,88,85,39,51,46,0.6330935251798561,0.4588235294117647,127
2023-08-25,1043,148,81,55,37,67,18,0.5472972972972973,0.6727272727272727,118
2023-08-26,1043,144,90,96,45,54,51,0.625,0.46875,135
2023-08-27,1043,102,94,94,36,8,58,0.9215686274509803,0.3829787234042553,130
2023-08-28,1043,112,94,59,42,18,17,0.8392857142857143,0.711864406779661,136
2023-08-29,1043,140,75,97,39,65,58,0.5357142857142857,0.4020618556701031,114
2023-08-30,1043,101,97,84,43,4,41,0.9603960396039604,0.5119047619047619,140
2023-08-31,1043,127,72,70,37,55,33,0.5669291338582677,0.5285714285714286,109
2023-09-01,1043,127,77,81,32,50,49,0.6062992125984252,0.3950617283950617,109
2023-09-02,1043,149,80,55,36,69,19,0.5369127516778524,0.6545454545454545,116
2023-09-03,1043,125,71,92,44,54,48,0.568,0.4782608695652174,115
2023-09-04,1043,110,84,72,36,26,36,0.7636363636363637,0.5,120
2023-09-05,1043,114,79,60,43,35,17,0.6929824561403509,0.7166666666666667,122
2023-09-06,1043,133,74,92,32,59,60,0.556390977443609,0.34782608695652173,106
2023-09-07,1043,134,80,91,34,54,57,0.5970149253731343,0.37362637362637363,114
2023-09-08,1043,105,97,53,40,8,13,0.9238095238095239,0.7547169811320755,137
2023-09-09,1043,109,64,89,36,45,53,0.5871559633027523,0.4044943820224719,100
2023-09-10,1043,144,100,60,40,44,20,0.6944444444444444,0.6666666666666666,140
2023-09-11,1043,101,74,62,43,27,19,0.7326732673267327,0.6935483870967742,117
2023-09-12,1043,116,69,96,40,47,56,0.5948275862068966,0.4166666666666667,109
2023-09-13,1043,127,88,62,38,39,24,0.6929133858267716,0.6129032258064516,126
2023-09-14,1043,111,87,50,30,24,20,0.7837837837837838,0.6,117
2023-09-15,1043,117,78,93,46,39,47,0.6666666666666666,0.4946236559139785,124
2023-09-16,1043,137,86,62,30,51,32,0.6277372262773723,0.4838709677419355,116
2023-09-17,1043,119,72,72,28,47,44,0.6050420168067226,0.3888888888888889,100
2023-09-18,1043,123,93,84,36,30,48,0.7560975609756098,0.42857142857142855,129
2023-09-19,1043,148,57,72,48,91,24,0.38513513513513514,0.6666666666666666,105
2023-09-20,1043,121,86,92,45,35,47,0.7107438016528925,0.4891304347826087,131
2023-09-21,1043,117,76,60,39,41,21,0.6495726495726496,0.65,115
2023-09-22,1043,110,83,59,36,27,23,0.7545454545454545,0.6101694915254238,119
2023-09-23,1043,147,87,64,35,60,29,0.5918367346938775,0.546875,122
2023-09-24,1043,126,83,67,35,43,32,0.6587301587301587,0.5223880597014925,118
2023-09-25,1043,112,82,53,31,30,22,0.7321428571428571,0.5849056603773585,113
2023-09-26,1043,109,84,71,44,25,27,0.7706422018348624,0.6197183098591549,128
2023-09-27,1043,123,72,97,41,51,56,0.5853658536585366,0.422680412371134,113
2023-09-28,1043,135,68,50,36,67,14,0.5037037037037037,0.72,104
2023-09-29,1043,105,91,61,44,14,17,0.8666666666666667,0.7213114754098361,135
2023-09-30,1043,142,82,61,51,60,10,0.5774647887323944,0.8360655737704918,133
2023-10-01,1043,106,82,93,33,24,60,0.7735849056603774,0.3548387096774194,115
2023-10-02,1043,102,65,83,43,37,40,0.6372549019607843,0.5180722891566265,108
2023-10-03,1043,150,81,95,41,69,54,0.54,0.43157894736842106,122
2023-10-04,1043,124,78,63,43,46,20,0.6290322580645161,0.6825396825396826,121
2023-10-05,1043,122,76,51,45,46,6,0.6229508196721312,0.8823529411764706,121
2023-10-06,1043,135,88,77,46,47,31,0.6518518518518519,0.5974025974025974,134
2023-10-07,1043,130,77,95,27,53,68,0.5923076923076923,0.28421052631578947,104
2023-10-08,1043,103,68,52,38,35,14,0.6601941747572816,0.7307692307692307,106
2023-10-09,1043,144,97,59,48,47,11,0.6736111111111112,0.8135593220338984,145
2023-10-10,1043,121,85,58,40,36,18,0.7024793388429752,0.6896551724137931,125
2023-10-11,1043,110,76,88,46,34,42,0.6909090909090909,0.5227272727272727,122
2023-10-12,1043,148,79,90,31,69,59,0.5337837837837838,0.34444444444444444,110
2023-10-13,1043,108,77,76,31,31,45,0.7129629629629629,0.40789473684210525,108
2023-10-14,1043,101,77,100,42,24,58,0.7623762376237624,0.42,119
2023-10-15,1043,116,73,67,35,43,32,0.6293103448275862,0.5223880597014925,108
2023-10-16,1043,149,82,79,37,67,42,0.5503355704697986,0.46835443037974683,119
2023-10-17,1043,149,86,51,45,63,6,0.5771812080536913,0.8823529411764706,131
2023-10-18,1043,101,79,57,43,22,14,0.7821782178217822,0.7543859649122807,122
2023-10-19,1043,149,74,72,33,75,39,0.49664429530201343,0.4583333333333333,107
2023-10-20,1043,147,82,88,29,65,59,0.5578231292517006,0.32954545454545453,111
2023-10-21,1043,150,67,55,36,83,19,0.44666666666666666,0.6545454545454545,103
2023-10-22,1043,132,87,70,43,45,27,0.6590909090909091,0.6142857142857143,130
2023-10-23,1043,112,78,99,44,34,55,0.6964285714285714,0.4444444444444444,122
2023-10-24,1043,149,78,50,46,71,4,0.5234899328859061,0.92,124
2023-10-25,1043,143,85,88,50,58,38,0.5944055944055944,0.5681818181818182,135
2023-10-26,1043,119,93,56,48,26,8,0.7815126050420168,0.8571428571428571,141
2023-10-27,1043,134,70,86,40,64,46,0.5223880597014925,0.46511627906976744,110
2023-10-28,1043,137,77,83,38,60,45,0.5620437956204379,0.4578313253012048,115
2023-10-29,1043,145,76,59,45,69,14,0.5241379310344828,0.7627118644067796,121
2023-10-30,1043,120,80,97,42,40,55,0.6666666666666666,0.4329896907216495,122
2023-10-31,1043,148,90,83,46,58,37,0.6081081081081081,0.5542168674698795,136
2023-11-01,1043,109,108,52,39,1,13,0.9908256880733946,0.75,147
2023-11-02,1043,116,53,77,42,63,35,0.45689655172413796,0.5454545454545454,95
2023-11-03,1043,118,63,80,35,55,45,0.5338983050847458,0.4375,98
2023-11-04,1043,127,89,73,40,38,33,0.7007874015748031,0.547945205479452,129
2023-11-05,1043,108,73,94,41,35,53,0.6759259259259259,0.43617021276595747,114
2023-11-06,1043,105,91,68,40,14,28,0.8666666666666667,0.5882352941176471,131
2023-11-07,1043,144,74,84,32,70,52,0.5138888888888888,0.38095238095238093,106
2023-11-08,1043,103,86,98,52,17,46,0.8349514563106796,0.5306122448979592,138
2023-11-09,1043,150,92,88,40,58,48,0.6133333333333333,0.45454545454545453,132
2023-11-10,1043,107,80,100,45,27,55,0.7476635514018691,0.45,125
2023-11-11,1043,113,81,60,35,32,25,0.7168141592920354,0.5833333333333334,116
2023-11-12,1043,124,81,76,42,43,34,0.6532258064516129,0.5526315789473685,123
2023-11-13,1043,124,84,50,39,40,11,0.6774193548387096,0.78,123
2023-11-14,1043,133,82,61,45,51,16,0.6165413533834586,0.7377049180327869,127
2023-11-15,1043,117,77,95,46,40,49,0.6581196581196581,0.4842105263157895,123
2023-11-16,1043,121,92,66,49,29,17,0.7603305785123967,0.7424242424242424,141
2023-11-17,1043,138,77,52,31,61,21,0.5579710144927537,0.5961538461538461,108
2023-11-18,1043,141,77,98,49,64,49,0.5460992907801419,0.5,126
2023-11-19,1043,116,83,58,36,33,22,0.7155172413793104,0.6206896551724138,119
2023-11-20,1043,131,81,54,29,50,25,0.6183206106870229,0.5370370370370371,110
2023-11-21,1043,139,81,81,46,58,35,0.5827338129496403,0.5679012345679012,127
2023-11-22,1043,130,71,93,50,59,43,0.5461538461538461,0.5376344086021505,121
2023-11-23,1043,118,82,85,28,36,57,0.6949152542372882,0.32941176470588235,110
2023-11-24,1043,136,71,85,41,65,44,0.5220588235294118,0.4823529411764706,112
2023-11-25,1043,129,67,99,43,62,56,0.5193798449612403,0.43434343434343436,110
2023-11-26,1043,127,74,72,36,53,36,0.5826771653543307,0.5,110
2023-11-27,1043,105,93,97,40,12,57,0.8857142857142857,0.41237113402061853,133
2023-11-28,1043,117,83,75,33,34,42,0.7094017094017094,0.44,116
2023-11-29,1043,134,77,76,41,57,35,0.5746268656716418,0.5394736842105263,118
2023-11-30,1043,123,88,99,32,35,67,0.7154471544715447,0.32323232323232326,120
2023-12-01,1043,125,73,57,39,52,18,0.584,0.6842105263157895,112
2023-12-02,1043,145,72,83,33,73,50,0.496551724137931,0.39759036144578314,105
2023-12-03,1043,105,80,52,37,25,15,0.7619047619047619,0.7115384615384616,117
2023-12-04,1043,125,80,94,41,45,53,0.64,0.43617021276595747,121
2023-12-05,1043,131,72,67,55,59,12,0.549618320610687,0.8208955223880597,127
2023-12-06,1043,139,82,88,40,57,48,0.5899280575539568,0.45454545454545453,122
2023-12-07,1043,122,74,61,47,48,14,0.6065573770491803,0.7704918032786885,121
2023-12-08,1043,114,103,76,38,11,38,0.9035087719298246,0.5,141
2023-12-09,1043,115,93,72,37,22,35,0.808695652173913,0.5138888888888888,130
2023-12-10,1043,142,80,93,28,62,65,0.5633802816901409,0.3010752688172043,108
2023-12-11,1043,125,64,54,53,61,1,0.512,0.9814814814814815,117
2023-12-12,1043,142,74,79,32,68,47,0.5211267605633803,0.4050632911392405,106
2023-12-13,1043,140,77,75,43,63,32,0.55,0.5733333333333334,120
2023-12-14,1043,128,73,97,48,55,49,0.5703125,0.4948453608247423,121
2023-12-15,1043,112,88,96,41,24,55,0.7857142857142857,0.4270833333333333,129
2023-12-16,1043,123,86,87,34,37,53,0.6991869918699187,0.39080459770114945,120
2023-12-17,1043,109,77,95,46,32,49,0.7064220183486238,0.4842105263157895,123
2023-12-18,1043,124,78,59,52,46,7,0.6290322580645161,0.8813559322033898,130
2023-12-19,1043,117,77,57,39,40,18,0.6581196581196581,0.6842105263157895,116
2023-12-20,1043,150,100,75,44,50,31,0.6666666666666666,0.5866666666666667,144
2023-12-21,1043,145,73,65,45,72,20,0.503448275862069,0.6923076923076923,118
2023-12-22,1043,141,81,57,49,60,8,0.574468085106383,0.8596491228070176,130
2023-12-23,1043,146,72,90,44,74,46,0.4931506849315068,0.4888888888888889,116
2023-12-24,1043,123,91,99,42,32,57,0.7398373983739838,0.42424242424242425,133
2023-12-25,1043,118,76,87,56,42,31,0.6440677966101694,0.6436781609195402,132
2023-12-26,1043,113,82,71,54,31,17,0.7256637168141593,0.7605633802816901,136
2023-12-27,1043,122,76,63,30,46,33,0.6229508196721312,0.47619047619047616,106
2023-12-28,1043,136,79,61,44,57,17,0.5808823529411765,0.7213114754098361,123
2023-12-29,1043,148,90,54,37,58,17,0.6081081081081081,0.6851851851851852,127
2023-12-30,1043,146,81,89,52,65,37,0.5547945205479452,0.5842696629213483,133
2023-12-31,1043,109,70,88,47,39,41,0.6422018348623854,0.5340909090909091,117
2023-01-01,1044,100,81,75,42,19,33,0.81,0.56,123
2023-01-02,1044,129,71,56,46,58,10,0.5503875968992248,0.8214285714285714,117
2023-01-03,1044,133,80,68,35,53,33,0.6015037593984962,0.5147058823529411,115
2023-01-04,1044,110,84,60,46,26,14,0.7636363636363637,0.7666666666666667,130
2023-01-05,1044,116,72,76,44,44,32,0.6206896551724138,0.5789473684210527,116
2023-01-06,1044,103,84,99,41,19,58,0.8155339805825242,0.41414141414141414,125
2023-01-07,1044,100,84,52,40,16,12,0.84,0.7692307692307693,124
2023-01-08,1044,135,77,84,39,58,45,0.5703703703703704,0.4642857142857143,116
2023-01-09,1044,150,80,66,44,70,22,0.5333333333333333,0.6666666666666666,124
2023-01-10,1044,122,78,91,36,44,55,0.639344262295082,0.3956043956043956,114
2023-01-11,1044,135,82,70,38,53,32,0.6074074074074074,0.5428571428571428,120
2023-01-12,1044,135,86,93,41,49,52,0.6370370370370371,0.44086021505376344,127
2023-01-13,1044,101,82,76,33,19,43,0.8118811881188119,0.4342105263157895,115
2023-01-14,1044,135,72,61,33,63,28,0.5333333333333333,0.5409836065573771,105
2023-01-15,1044,106,87,53,39,19,14,0.8207547169811321,0.7358490566037735,126
2023-01-16,1044,123,81,58,36,42,22,0.6585365853658537,0.6206896551724138,117
2023-01-17,1044,127,82,73,36,45,37,0.6456692913385826,0.4931506849315068,118
2023-01-18,1044,109,80,78,39,29,39,0.7339449541284404,0.5,119
2023-01-19,1044,150,86,66,39,64,27,0.5733333333333334,0.5909090909090909,125
2023-01-20,1044,132,74,96,41,58,55,0.5606060606060606,0.4270833333333333,115
2023-01-21,1044,136,79,83,31,57,52,0.5808823529411765,0.37349397590361444,110
2023-01-22,1044,122,94,57,48,28,9,0.7704918032786885,0.8421052631578947,142
2023-01-23,1044,132,88,63,38,44,25,0.6666666666666666,0.6031746031746031,126
2023-01-24,1044,121,74,75,39,47,36,0.6115702479338843,0.52,113
2023-01-25,1044,112,73,51,30,39,21,0.6517857142857143,0.5882352941176471,103
2023-01-26,1044,100,65,99,48,35,51,0.65,0.48484848484848486,113
2023-01-27,1044,147,72,68,27,75,41,0.4897959183673469,0.39705882352941174,99
2023-01-28,1044,137,94,60,46,43,14,0.6861313868613139,0.7666666666666667,140
2023-01-29,1044,130,81,76,31,49,45,0.6230769230769231,0.40789473684210525,112
2023-01-30,1044,105,86,51,37,19,14,0.819047619047619,0.7254901960784313,123
2023-01-31,1044,135,78,63,49,57,14,0.5777777777777777,0.7777777777777778,127
2023-02-01,1044,142,85,88,32,57,56,0.5985915492957746,0.36363636363636365,117
2023-02-02,1044,146,71,84,46,75,38,0.4863013698630137,0.5476190476190477,117
2023-02-03,1044,142,80,58,43,62,15,0.5633802816901409,0.7413793103448276,123
2023-02-04,1044,117,74,63,41,43,22,0.6324786324786325,0.6507936507936508,115
2023-02-05,1044,108,90,60,39,18,21,0.8333333333333334,0.65,129
2023-02-06,1044,147,83,96,49,64,47,0.564625850340136,0.5104166666666666,132
2023-02-07,1044,143,80,98,41,63,57,0.5594405594405595,0.41836734693877553,121
2023-02-08,1044,120,76,61,43,44,18,0.6333333333333333,0.7049180327868853,119
2023-02-09,1044,104,81,83,48,23,35,0.7788461538461539,0.5783132530120482,129
2023-02-10,1044,136,76,59,29,60,30,0.5588235294117647,0.4915254237288136,105
2023-02-11,1044,105,104,63,37,1,26,0.9904761904761905,0.5873015873015873,141
2023-02-12,1044,128,70,58,46,58,12,0.546875,0.7931034482758621,116
2023-02-13,1044,131,62,59,34,69,25,0.4732824427480916,0.576271186440678,96
2023-02-14,1044,116,77,89,42,39,47,0.6637931034482759,0.47191011235955055,119
2023-02-15,1044,134,88,97,45,46,52,0.6567164179104478,0.4639175257731959,133
2023-02-16,1044,149,64,74,41,85,33,0.42953020134228187,0.5540540540540541,105
2023-02-17,1044,132,88,93,54,44,39,0.6666666666666666,0.5806451612903226,142
2023-02-18,1044,131,78,80,41,53,39,0.5954198473282443,0.5125,119
2023-02-19,1044,115,83,87,37,32,50,0.7217391304347827,0.42528735632183906,120
2023-02-20,1044,145,88,78,48,57,30,0.6068965517241379,0.6153846153846154,136
2023-02-21,1044,114,69,99,43,45,56,0.6052631578947368,0.43434343434343436,112
2023-02-22,1044,118,88,93,37,30,56,0.7457627118644068,0.3978494623655914,125
2023-02-23,1044,108,83,73,40,25,33,0.7685185185185185,0.547945205479452,123
2023-02-24,1044,121,84,68,27,37,41,0.6942148760330579,0.39705882352941174,111
2023-02-25,1044,101,69,71,43,32,28,0.6831683168316832,0.6056338028169014,112
2023-02-26,1044,133,83,63,36,50,27,0.6240601503759399,0.5714285714285714,119
2023-02-27,1044,150,81,75,53,69,22,0.54,0.7066666666666667,134
2023-02-28,1044,129,83,68,35,46,33,0.6434108527131783,0.5147058823529411,118
2023-03-01,1044,106,69,65,40,37,25,0.6509433962264151,0.6153846153846154,109
2023-03-02,1044,113,92,74,31,21,43,0.8141592920353983,0.4189189189189189,123
2023-03-03,1044,114,76,71,39,38,32,0.6666666666666666,0.5492957746478874,115
2023-03-04,1044,127,88,93,39,39,54,0.6929133858267716,0.41935483870967744,127
2023-03-05,1044,126,80,64,34,46,30,0.6349206349206349,0.53125,114
2023-03-06,1044,127,86,65,47,41,18,0.6771653543307087,0.7230769230769231,133
2023-03-07,1044,121,75,100,44,46,56,0.6198347107438017,0.44,119
2023-03-08,1044,127,83,78,36,44,42,0.6535433070866141,0.46153846153846156,119
2023-03-09,1044,130,73,74,50,57,24,0.5615384615384615,0.6756756756756757,123
2023-03-10,1044,124,85,71,38,39,33,0.6854838709677419,0.5352112676056338,123
2023-03-11,1044,119,75,65,50,44,15,0.6302521008403361,0.7692307692307693,125
2023-03-12,1044,136,72,81,40,64,41,0.5294117647058824,0.49382716049382713,112
2023-03-13,1044,134,77,64,35,57,29,0.5746268656716418,0.546875,112
2023-03-14,1044,124,89,91,36,35,55,0.717741935483871,0.3956043956043956,125
2023-03-15,1044,102,82,76,33,20,43,0.803921568627451,0.4342105263157895,115
2023-03-16,1044,131,74,63,39,57,24,0.5648854961832062,0.6190476190476191,113
2023-03-17,1044,121,82,94,35,39,59,0.6776859504132231,0.3723404255319149,117
2023-03-18,1044,136,84,73,35,52,38,0.6176470588235294,0.4794520547945205,119
2023-03-19,1044,138,84,59,53,54,6,0.6086956521739131,0.8983050847457628,137
2023-03-20,1044,132,81,99,40,51,59,0.6136363636363636,0.40404040404040403,121
2023-03-21,1044,138,87,83,46,51,37,0.6304347826086957,0.5542168674698795,133
2023-03-22,1044,139,91,87,39,48,48,0.6546762589928058,0.4482758620689655,130
2023-03-23,1044,107,59,58,45,48,13,0.5514018691588785,0.7758620689655172,104
2023-03-24,1044,106,58,53,38,48,15,0.5471698113207547,0.71698113207547165,96
2023-03-25,1044,141,78,85,40,63,45,0.5531914893617021,0.47058823529411764,118
2023-03-26,1044,136,86,58,46,50,12,0.6323529411764706,0.7931034482758621,132
2023-03-27,1044,147,90,89,35,57,54,0.6122448979591837,0.39325842696629215,125
2023-03-28,1044,119,78,64,35,41,29,0.6554621848739496,0.546875,113
2023-03-29,1044,112,78,90,45,34,45,0.6964285714285714,0.5,123
2023-03-30,1044,117,93,64,40,24,24,0.7948717948717948,0.625,133
2023-03-31,1044,146,77,86,44,69,42,0.5273972602739726,0.5116279069767442,121
2023-04-01,1044,105,70,60,34,35,26,0.6666666666666666,0.5666666666666667,104
2023-04-02,1044,139,71,54,39,68,15,0.5107913669064749,0.7222222222222222,110
2023-04-03,1044,115,77,99,40,38,59,0.6695652173913044,0.40404040404040403,117
2023-04-04,1044,111,69,72,46,42,26,0.6216216216216216,0.6388888888888888,115
2023-04-05,1044,129,77,82,33,52,49,0.5968992248062015,0.4024390243902439,110
2023-04-06,1044,100,91,63,34,9,29,0.91,0.5396825396825397,125
2023-04-07,1044,134,76,78,40,58,38,0.5671641791044776,0.5128205128205128,116
2023-04-08,1044,139,102,82,30,37,52,0.7338129496402878,0.36585365853658536,132
2023-04-09,1044,114,92,88,34,22,54,0.8070175438596491,0.38636363636363635,126
2023-04-10,1044,104,78,69,40,26,29,0.75,0.5797101449275363,118
2023-04-11,1044,129,66,50,34,63,16,0.5116279069767442,0.68,100
2023-04-12,1044,112,57,78,41,55,37,0.5089285714285714,0.5256410256410257,98
2023-04-13,1044,122,82,63,38,40,25,0.6721311475409836,0.6031746031746031,120
2023-04-14,1044,106,69,84,49,37,35,0.6509433962264151,0.5833333333333334,118
2023-04-15,1044,118,90,53,39,28,14,0.7627118644067796,0.7358490566037735,129
2023-04-16,1044,106,95,80,42,11,38,0.8962264150943396,0.525,137
2023-04-17,1044,137,92,75,38,45,37,0.6715328467153284,0.5066666666666667,130
2023-04-18,1044,104,91,85,38,13,47,0.875,0.4470588235294118,129
2023-04-19,1044,107,72,50,36,35,14,0.6728971962616822,0.72,108
2023-04-20,1044,120,102,84,34,18,50,0.85,0.40476190476190477,136
2023-04-21,1044,138,79,54,37,59,17,0.572463768115942,0.6851851851851852,116
2023-04-22,1044,134,84,71,41,50,30,0.6268656716417911,0.5774647887323944,125
2023-04-23,1044,107,95,93,55,12,38,0.8878504672897196,0.5913978494623656,150
2023-04-24,1044,104,73,98,38,31,60,0.7019230769230769,0.3877551020408163,111
2023-04-25,1044,104,81,94,40,23,54,0.7788461538461539,0.425531914893617,121
2023-04-26,1044,149,89,62,49,60,13,0.5973154362416108,0.7903225806451613,138
2023-04-27,1044,101,85,100,42,16,58,0.8415841584158416,0.42,127
2023-04-28,1044,139,73,64,47,66,17,0.5251798561151079,0.734375,120
2023-04-29,1044,129,84,81,35,45,46,0.6511627906976745,0.43209876543209874,119
2023-04-30,1044,117,72,57,34,45,23,0.6153846153846154,0.5964912280701754,106
2023-05-01,1044,142,71,69,43,71,26,0.5,0.6231884057971014,114
2023-05-02,1044,136,82,78,36,54,42,0.6029411764705882,0.46153846153846156,118
2023-05-03,1044,126,67,85,44,59,41,0.5317460317460317,0.5176470588235295,111
2023-05-04,1044,116,90,56,41,26,15,0.7758620689655172,0.7321428571428571,131
2023-05-05,1044,100,85,79,33,15,46,0.85,0.4177215189873418,118
2023-05-06,1044,121,92,61,36,29,25,0.7603305785123967,0.5901639344262295,128
2023-05-07,1044,125,88,86,41,37,45,0.704,0.47674418604651164,129
2023-05-08,1044,104,79,65,47,25,18,0.7596153846153846,0.7230769230769231,126
2023-05-09,1044,133,81,94,33,52,61,0.6090225563909775,0.35106382978723405,114
2023-05-10,1044,121,81,97,42,40,55,0.6694214876033058,0.4329896907216495,123
2023-05-11,1044,115,67,69,38,48,31,0.5826086956521739,0.5507246376811594,105
2023-05-12,1044,111,88,54,45,23,9,0.7927927927927928,0.8333333333333334,133
2023-05-13,1044,136,73,90,51,63,39,0.5367647058823529,0.5666666666666667,124
2023-05-14,1044,129,83,79,42,46,37,0.6434108527131783,0.5316455696202531,125
2023-05-15,1044,124,77,78,35,47,43,0.6209677419354839,0.44871794871794873,112
2023-05-16,1044,137,91,75,47,46,28,0.6642335766423357,0.6266666666666667,138
2023-05-17,1044,118,89,95,55,29,40,0.7542372881355932,0.5789473684210527,144
2023-05-18,1044,103,77,51,33,26,18,0.7475728155339806,0.6470588235294118,110
2023-05-19,1044,147,85,74,44,62,30,0.5782312925170068,0.5945945945945946,129
2023-05-20,1044,108,87,81,40,21,41,0.8055555555555556,0.49382716049382713,127
2023-05-21,1044,123,73,60,32,50,28,0.5934959349593496,0.5333333333333333,105
2023-05-22,1044,104,70,76,40,34,36,0.6730769230769231,0.5263157894736842,110
2023-05-23,1044,135,70,55,47,65,8,0.5185185185185185,0.8545454545454545,117
2023-05-24,1044,116,82,88,31,34,57,0.7068965517241379,0.3522727272727273,113
2023-05-25,1044,146,77,53,40,69,13,0.5273972602739726,0.7547169811320755,117
2023-05-26,1044,121,88,72,40,33,32,0.7272727272727273,0.5555555555555556,128
2023-05-27,1044,125,65,79,49,60,30,0.52,0.620253164556962,114
2023-05-28,1044,102,73,82,39,29,43,0.7156862745098039,0.47560975609756095,112
2023-05-29,1044,112,70,55,42,42,13,0.625,0.7636363636363637,112
2023-05-30,1044,147,81,78,38,66,40,0.5510204081632653,0.48717948717948717,119
2023-05-31,1044,134,74,68,36,60,32,0.5522388059701493,0.5294117647058824,110
2023-06-01,1044,136,91,63,38,45,25,0.6691176470588235,0.6031746031746031,129
2023-06-02,1044,101,85,61,42,16,19,0.8415841584158416,0.6885245901639344,127
2023-06-03,1044,121,87,82,40,34,42,0.71900826446281,0.4878048780487805,127
2023-06-04,1044,119,75,83,44,44,39,0.6302521008403361,0.5301204819277109,119
2023-06-05,1044,100,72,58,49,28,9,0.72,0.8448275862068966,121
2023-06-06,1044,121,80,95,43,41,52,0.6611570247933884,0.45263157894736844,123
2023-06-07,1044,121,82,80,38,39,42,0.6776859504132231,0.475,120
2023-06-08,1044,135,86,63,46,49,17,0.6370370370370371,0.7301587301587301,132
2023-06-09,1044,148,61,85,47,87,38,0.41216216216216217,0.5529411764705883,108
2023-06-10,1044,142,92,62,40,50,22,0.647887323943662,0.6451612903225806,132
2023-06-11,1044,115,64,79,41,51,38,0.5565217391304348,0.5189873417721519,105
2023-06-12,1044,116,77,57,44,39,13,0.6637931034482759,0.7719298245614035,121
2023-06-13,1044,132,78,69,34,54,35,0.5909090909090909,0.4927536231884058,112
2023-06-14,1044,120,74,86,45,46,41,0.6166666666666667,0.5232558139534884,119
2023-06-15,1044,150,81,65,30,69,35,0.54,0.46153846153846156,111
2023-06-16,1044,109,85,82,37,24,45,0.7798165137614679,0.45121951219512196,122
2023-06-17,1044,108,77,99,39,31,60,0.7129629629629629,0.3939393939393939,116
2023-06-18,1044,137,76,51,32,61,19,0.5547445255474452,0.6274509803921569,108
2023-06-19,1044,119,87,69,40,32,29,0.7310924369747899,0.5797101449275363,127
2023-06-20,1044,125,86,83,35,39,48,0.688,0.42168674698795183,121
2023-06-21,1044,123,82,89,37,41,52,0.6666666666666666,0.4157303370786517,119
2023-06-22,1044,138,96,77,20,42,57,0.6956521739130435,0.2597402597402597,116
2023-06-23,1044,112,82,65,42,30,23,0.7321428571428571,0.6461538461538462,124
2023-06-24,1044,142,81,52,40,61,12,0.5704225352112676,0.7692307692307693,121
2023-06-25,1044,109,70,76,45,39,31,0.6422018348623854,0.5921052631578947,115
2023-06-26,1044,143,79,81,53,64,28,0.5524475524475524,0.654320987654321,132
2023-06-27,1044,135,89,86,29,46,57,0.6592592592592592,0.3372093023255814,118
2023-06-28,1044,131,72,97,45,59,52,0.549618320610687,0.4639175257731959,117
2023-06-29,1044,145,84,86,52,61,34,0.5793103448275863,0.6046511627906976,136
2023-06-30,1044,143,89,84,40,54,44,0.6223776223776224,0.47619047619047616,129
2023-07-01,1044,117,75,83,45,42,38,0.6410256410256411,0.54216867469879515,120
2023-07-02,1044,124,98,85,32,26,53,0.7903225806451613,0.3764705882352941,130
2023-07-03,1044,115,82,78,28,33,50,0.7130434782608696,0.358974358974359,110
2023-07-04,1044,101,81,92,47,20,45,0.801980198019802,0.5108695652173914,128
2023-07-05,1044,132,60,79,31,72,48,0.45454545454545453,0.3924050632911392,91
2023-07-06,1044,125,85,79,42,40,37,0.68,0.5316455696202531,127
2023-07-07,1044,128,69,52,32,59,20,0.5390625,0.6153846153846154,101
2023-07-08,1044,102,79,83,39,23,44,0.7745098039215687,0.46987951807228917,118
2023-07-09,1044,114,56,64,39,58,25,0.49122807017543857,0.609375,95
2023-07-10,1044,125,70,69,45,55,24,0.56,0.6521739130434783,115
2023-07-11,1044,103,84,79,39,19,40,0.8155339805825242,0.4936708860759494,123
2023-07-12,1044,141,81,100,40,60,60,0.574468085106383,0.4,121
2023-07-13,1044,105,86,94,44,19,50,0.819047619047619,0.46808510638297873,130
2023-07-14,1044,134,80,57,43,54,14,0.5970149253731343,0.7543859649122807,123
2023-07-15,1044,129,74,87,29,55,58,0.5736434108527132,0.3333333333333333,103
2023-07-16,1044,106,71,68,41,35,27,0.6698113207547169,0.6029411764705882,112
2023-07-17,1044,102,70,97,34,32,63,0.6862745098039216,0.35051546391752575,104
2023-07-18,1044,120,64,91,38,56,53,0.5333333333333333,0.4175824175824176,102
2023-07-19,1044,146,66,83,47,80,36,0.4520547945205479,0.5662650602409639,113
2023-07-20,1044,116,84,75,39,32,36,0.7241379310344828,0.52,123
2023-07-21,1044,139,85,64,29,54,35,0.6115107913669064,0.453125,114
2023-07-22,1044,106,70,76,24,36,52,0.660377358490566,0.3157894736842105,94
2023-07-23,1044,140,86,89,39,54,50,0.6142857142857143,0.43820224719101125,125
2023-07-24,1044,122,79,56,42,43,14,0.6475409836065574,0.75,121
2023-07-25,1044,147,75,74,33,72,41,0.5102040816326531,0.44594594594594594,108
2023-07-26,1044,104,85,55,30,19,25,0.8173076923076923,0.5454545454545454,115
2023-07-27,1044,139,80,70,36,59,34,0.5755395683453237,0.5142857142857142,116
2023-07-28,1044,129,82,71,34,47,37,0.6356589147286822,0.4788732394366197,116
2023-07-29,1044,122,92,74,43,30,31,0.7540983606557377,0.581081081081081,135
2023-07-30,1044,120,77,61,32,43,29,0.6416666666666667,0.5245901639344263,109
2023-07-31,1044,139,87,76,49,52,27,0.6258992805755396,0.6447368421052632,136
2023-08-01,1044,129,81,74,48,48,26,0.627906976744186,0.6486486486486487,129
2023-08-02,1044,148,74,94,53,74,41,0.5,0.5638297872340425,127
2023-08-03,1044,128,60,51,41,68,10,0.46875,0.803921568627451,101
2023-08-04,1044,109,89,68,39,20,29,0.8165137614678899,0.5735294117647058,128
2023-08-05,1044,103,67,86,42,36,44,0.6504854368932039,0.4883720930232558,109
2023-08-06,1044,108,81,74,48,27,26,0.75,0.6486486486486487,129
2023-08-07,1044,106,86,100,45,20,55,0.8113207547169812,0.45,131
2023-08-08,1044,102,88,59,36,14,23,0.8627450980392157,0.6101694915254238,124
2023-08-09,1044,107,98,85,40,9,45,0.9158878504672897,0.47058823529411764,138
2023-08-10,1044,105,89,100,35,16,65,0.8476190476190476,0.35,124
2023-08-11,1044,144,83,66,46,61,20,0.5763888888888888,0.696969696969697,129
2023-08-12,1044,103,80,89,41,23,48,0.7766990291262136,0.4606741573033708,121
2023-08-13,1044,129,87,82,31,42,51,0.6744186046511628,0.3780487804878049,118
2023-08-14,1044,118,81,67,31,37,36,0.6864406779661016,0.4626865671641791,112
2023-08-15,1044,145,55,78,32,90,46,0.3793103448275862,0.41025641025641024,87
2023-08-16,1044,110,92,88,39,18,49,0.8363636363636363,0.4431818181818182,131
2023-08-17,1044,122,73,76,34,49,42,0.5983606557377049,0.4473684210526316,107
2023-08-18,1044,147,87,88,48,60,40,0.5918367346938775,0.5454545454545454,135
2023-08-19,1044,111,86,99,42,25,57,0.7747747747747747,0.42424242424242425,128
2023-08-20,1044,125,77,72,34,48,38,0.616,0.4722222222222222,111
2023-08-21,1044,105,94,89,21,11,68,0.8952380952380953,0.23595505617977527,115
2023-08-22,1044,121,77,96,30,44,66,0.6363636363636364,0.3125,107
2023-08-23,1044,110,86,51,51,24,0,0.7818181818181819,1,137
2023-08-24,1044,127,87,93,37,40,56,0.6850393700787402,0.3978494623655914,124
2023-08-25,1044,117,85,50,39,32,11,0.7264957264957265,0.78,124
2023-08-26,1044,145,86,80,37,59,43,0.593103448275862,0.4625,123
2023-08-27,1044,115,89,64,51,26,13,0.7739130434782608,0.796875,140
2023-08-28,1044,149,101,67,36,48,31,0.6778523489932886,0.5373134328358209,137
2023-08-29,1044,139,87,82,26,52,56,0.6258992805755396,0.3170731707317073,113
2023-08-30,1044,104,89,54,40,15,14,0.8557692307692307,0.7407407407407407,129
2023-08-31,1044,125,73,96,46,52,50,0.584,0.4791666666666667,119
2023-09-01,1044,135,87,72,47,48,25,0.6444444444444445,0.6527777777777778,134
2023-09-02,1044,103,84,66,45,19,21,0.8155339805825242,0.6818181818181818,129
2023-09-03,1044,132,84,72,37,48,35,0.6363636363636364,0.5138888888888888,121
2023-09-04,1044,117,87,65,38,30,27,0.7435897435897436,0.5846153846153846,125
2023-09-05,1044,133,93,91,37,40,54,0.6992481203007519,0.4065934065934066,130
2023-09-06,1044,104,92,64,38,12,26,0.8846153846153846,0.59375,130
2023-09-07,1044,101,81,80,29,20,51,0.801980198019802,0.3625,110
2023-09-08,1044,103,82,95,39,21,56,0.7961165048543689,0.4105263157894737,121
2023-09-09,1044,108,75,64,28,33,36,0.6944444444444444,0.4375,103
2023-09-10,1044,127,72,100,39,55,61,0.5669291338582677,0.39,111
2023-09-11,1044,132,72,51,49,60,2,0.5454545454545454,0.9607843137254902,121
2023-09-12,1044,120,87,83,42,33,41,0.725,0.5060240963855421,129
2023-09-13,1044,107,71,86,47,36,39,0.6635514018691588,0.5465116279069767,118
2023-09-14,1044,139,83,72,37,56,35,0.5971223021582733,0.5138888888888888,120
2023-09-15,1044,122,80,57,36,42,21,0.6557377049180327,0.631578947368421,116
2023-09-16,1044,121,79,86,40,42,46,0.6528925619834711,0.46511627906976744,119
2023-09-17,1044,101,93,99,44,8,55,0.9207920792079208,0.4444444444444444,137
2023-09-18,1044,145,86,66,48,59,18,0.593103448275862,0.7272727272727273,134
2023-09-19,1044,103,74,82,47,29,35,0.7184466019417476,0.573170731707317,121
2023-09-20,1044,117,66,50,32,51,18,0.5641025641025641,0.64,98
2023-09-21,1044,128,81,98,45,47,53,0.6328125,0.45918367346938777,126
2023-09-22,1044,119,71,77,44,48,33,0.5966386554621849,0.5714285714285714,115
2023-09-23,1044,106,80,85,42,26,43,0.7547169811320755,0.49411764705882355,122
2023-09-24,1044,148,86,74,51,62,23,0.581081081081081,0.6891891891891891,137
2023-09-25,1044,133,77,100,39,56,61,0.5789473684210527,0.39,116
2023-09-26,1044,130,92,76,41,38,35,0.7076923076923077,0.5394736842105263,133
2023-09-27,1044,127,78,76,48,49,28,0.6141732283464567,0.631578947368421,126
2023-09-28,1044,138,88,62,43,50,19,0.6376811594202898,0.6935483870967742,131
2023-09-29,1044,150,76,86,44,74,42,0.5066666666666667,0.5116279069767442,120
2023-09-30,1044,136,89,74,37,47,37,0.6544117647058824,0.5,126
2023-10-01,1044,115,83,74,40,32,34,0.7217391304347827,0.5405405405405406,123
2023-10-02,1044,113,63,53,49,50,4,0.5575221238938053,0.9245283018867925,112
2023-10-03,1044,130,82,70,42,48,28,0.6307692307692307,0.6,124
2023-10-04,1044,105,87,67,46,18,21,0.8285714285714286,0.6865671641791045,133
2023-10-05,1044,107,69,81,36,38,45,0.6448598130841121,0.4444444444444444,105
2023-10-06,1044,110,80,68,44,30,24,0.7272727272727273,0.6470588235294118,124
2023-10-07,1044,126,72,84,31,54,53,0.5714285714285714,0.36904761904761907,103
2023-10-08,1044,122,71,76,27,51,49,0.5819672131147541,0.35526315789473684,98
2023-10-09,1044,134,85,72,33,49,39,0.6343283582089553,0.4583333333333333,118
2023-10-10,1044,128,77,67,42,51,25,0.6015625,0.6268656716417911,119
2023-10-11,1044,107,72,62,39,35,23,0.6728971962616822,0.6290322580645161,111
2023-10-12,1044,124,78,63,34,46,29,0.6290322580645161,0.5396825396825397,112
2023-10-13,1044,123,89,99,41,34,58,0.7235772357723578,0.41414141414141414,130
2023-10-14,1044,106,83,96,28,23,68,0.78301886792452835,0.2916666666666667,111
2023-10-15,1044,123,85,67,63,38,4,0.6910569105691057,0.9402985074626866,148
2023-10-16,1044,115,72,53,40,43,13,0.6260869565217392,0.7547169811320755,112
2023-10-17,1044,122,92,80,42,30,38,0.7540983606557377,0.525,134
2023-10-18,1044,129,79,57,44,50,13,0.6124031007751938,0.7719298245614035,123
2023-10-19,1044,121,75,59,47,46,12,0.6198347107438017,0.7966101694915254,122
2023-10-20,1044,138,74,67,44,64,23,0.5362318840579711,0.6567164179104478,118
2023-10-21,1044,118,87,81,39,31,42,0.7372881355932204,0.48148148148148145,126
2023-10-22,1044,131,80,75,41,51,34,0.6106870229007634,0.5466666666666666,121
2023-10-23,1044,110,77,99,30,33,69,0.7,0.30303030303030304,107
2023-10-24,1044,110,66,67,45,44,22,0.6,0.6716417910447762,111
2023-10-25,1044,127,65,93,42,62,51,0.5118110236220472,0.45161290322580644,107
2023-10-26,1044,125,91,61,38,34,23,0.728,0.6229508196721312,129
2023-10-27,1044,103,77,80,44,26,36,0.7475728155339806,0.55,121
2023-10-28,1044,120,77,86,41,43,45,0.6416666666666667,0.47674418604651164,118
2023-10-29,1044,124,77,82,41,47,41,0.6209677419354839,0.5,118
2023-10-30,1044,124,76,77,39,48,38,0.6129032258064516,0.5064935064935064,115
2023-10-31,1044,132,86,70,42,46,28,0.6515151515151515,0.6,128
2023-11-01,1044,109,85,60,35,24,25,0.7798165137614679,0.5833333333333334,120
2023-11-02,1044,116,69,80,50,47,30,0.5948275862068966,0.625,119
2023-11-03,1044,138,87,74,43,51,31,0.6304347826086957,0.581081081081081,130
2023-11-04,1044,135,83,85,40,52,45,0.6148148148148148,0.47058823529411764,123
2023-11-05,1044,120,77,85,55,43,30,0.6416666666666667,0.6470588235294118,132
2023-11-06,1044,111,90,99,46,21,53,0.8108108108108109,0.46464646464646464,136
2023-11-07,1044,117,85,89,48,32,41,0.7264957264957265,0.5393258426966292,133
2023-11-08,1044,119,86,93,45,33,48,0.7226890756302521,0.4838709677419355,131
2023-11-09,1044,121,59,59,39,62,20,0.48760330578512395,0.6610169491525424,98
2023-11-10,1044,148,85,74,32,63,42,0.5743243243243243,0.43243243243243246,117
2023-11-11,1044,103,98,65,42,5,23,0.9514563106796117,0.6461538461538462,140
2023-11-12,1044,137,100,77,49,37,28,0.7299270072992701,0.6363636363636364,149
2023-11-13,1044,113,71,85,44,42,41,0.6283185840707964,0.5176470588235295,115
2023-11-14,1044,100,75,61,49,25,12,0.75,0.8032786885245902,124
2023-11-15,1044,137,85,95,33,52,62,0.6204379562043796,0.3473684210526316,118
2023-11-16,1044,100,77,62,36,23,26,0.77,0.5806451612903226,113
2023-11-17,1044,124,84,54,29,40,25,0.6774193548387096,0.5370370370370371,113
2023-11-18,1044,132,77,58,38,55,20,0.5833333333333334,0.6551724137931034,115
2023-11-19,1044,106,58,64,42,48,22,0.5471698113207547,0.65625,100
2023-11-20,1044,106,78,99,46,28,53,0.7358490566037735,0.46464646464646464,124
2023-11-21,1044,148,70,66,42,78,24,0.47297297297297297,0.6363636363636364,112
2023-11-22,1044,132,76,88,47,56,41,0.5757575757575758,0.5340909090909091,123
2023-11-23,1044,146,70,53,41,76,12,0.4794520547945205,0.7735849056603774,111
2023-11-24,1044,149,81,51,41,68,10,0.5436241610738255,0.803921568627451,122
2023-11-25,1044,132,84,73,50,48,23,0.6363636363636364,0.684931506849315,134
2023-11-26,1044,143,78,95,51,65,44,0.5454545454545454,0.5368421052631579,129
2023-11-27,1044,122,80,91,36,42,55,0.6557377049180327,0.3956043956043956,116
2023-11-28,1044,115,85,100,31,30,69,0.7391304347826086,0.31,116
2023-11-29,1044,140,91,90,39,49,51,0.65,0.43333333333333335,130
2023-11-30,1044,112,92,84,51,20,33,0.8214285714285714,0.6071428571428571,143
2023-12-01,1044,101,72,58,42,29,16,0.7128712871287128,0.7241379310344828,114
2023-12-02,1044,107,76,96,33,31,63,0.7102803738317757,0.34375,109
2023-12-03,1044,125,77,73,39,48,34,0.616,0.5342465753424658,116
2023-12-04,1044,103,74,54,35,29,19,0.7184466019417476,0.6481481481481481,109
2023-12-05,1044,114,81,100,37,33,63,0.7105263157894737,0.37,118
2023-12-06,1044,133,75,65,35,58,30,0.5639097744360902,0.5384615384615384,110
2023-12-07,1044,138,84,83,43,54,40,0.6086956521739131,0.5180722891566265,127
2023-12-08,1044,108,93,55,45,15,10,0.8611111111111112,0.8181818181818182,138
2023-12-09,1044,123,83,80,37,40,43,0.6747967479674797,0.4625,120
2023-12-10,1044,124,83,92,43,41,49,0.6693548387096774,0.4673913043478261,126
2023-12-11,1044,111,68,99,52,43,47,0.6126126126126126,0.5252525252525253,120
2023-12-12,1044,137,68,90,41,69,49,0.49635036496350365,0.45555555555555555,109
2023-12-13,1044,137,70,64,39,67,25,0.5109489051094891,0.609375,109
2023-12-14,1044,120,85,86,34,35,52,0.7083333333333334,0.3953488372093023,119
2023-12-15,1044,136,78,89,43,58,46,0.5735294117647058,0.48314606741573035,121
2023-12-16,1044,107,87,88,38,20,50,0.8130841121495327,0.4318181818181818,125
2023-12-17,1044,142,67,50,43,75,7,0.47183098591549294,0.86,110
2023-12-18,1044,104,76,86,44,28,42,0.7307692307692307,0.5116279069767442,120
2023-12-19,1044,124,82,91,34,42,57,0.6612903225806451,0.37362637362637363,116
2023-12-20,1044,119,92,74,32,27,42,0.773109243697479,0.43243243243243246,124
2023-12-21,1044,117,78,99,41,39,58,0.6666666666666666,0.41414141414141414,119
2023-12-22,1044,139,74,52,45,65,7,0.5323741007194245,0.8653846153846154,119
2023-12-23,1044,102,68,87,43,34,44,0.6666666666666666,0.4942528735632184,111
2023-12-24,1044,147,81,51,42,66,9,0.5510204081632653,0.8235294117647058,123
2023-12-25,1044,136,78,57,55,58,2,0.5735294117647058,0.9649122807017544,133
2023-12-26,1044,142,72,96,39,70,57,0.5070422535211268,0.40625,111
2023-12-27,1044,131,83,90,36,48,54,0.6335877862595419,0.4,119
2023-12-28,1044,129,82,62,28,47,34,0.6356589147286822,0.45161290322580644,110
2023-12-29,1044,123,89,85,48,34,37,0.7235772357723578,0.5647058823529412,137
2023-12-30,1044,144,74,69,37,70,32,0.5138888888888888,0.5362318840579711,111
2023-12-31,1044,133,67,74,43,66,31,0.5037593984962406,0.581081081081081,110
2023-01-01,1045,112,78,57,33,34,24,0.6964285714285714,0.5789473684210527,111
2023-01-02,1045,141,75,89,37,66,52,0.5319148936170213,0.4157303370786517,112
2023-01-03,1045,100,70,66,43,30,23,0.7,0.6515151515151515,113
2023-01-04,1045,118,67,59,35,51,24,0.5677966101694916,0.5932203389830508,102
2023-01-05,1045,118,80,54,36,38,18,0.6779661016949152,0.6666666666666666,116
2023-01-06,1045,114,73,61,42,41,19,0.6403508771929824,0.6885245901639344,115
2023-01-07,1045,133,85,70,45,48,25,0.6390977443609023,0.6428571428571429,130
2023-01-08,1045,140,81,71,41,59,30,0.5785714285714286,0.5774647887323944,122
2023-01-09,1045,120,90,55,42,30,13,0.75,0.7636363636363637,132
2023-01-10,1045,112,99,94,38,13,56,0.8839285714285714,0.40425531914893614,137
2023-01-11,1045,139,73,51,45,66,6,0.5251798561151079,0.8823529411764706,118
2023-01-12,1045,100,75,65,43,25,22,0.75,0.6615384615384615,118
2023-01-13,1045,134,72,53,29,62,24,0.5373134328358209,0.5471698113207547,101
2023-01-14,1045,136,69,98,26,67,72,0.5073529411764706,0.2653061224489796,95
2023-01-15,1045,115,93,87,35,22,52,0.808695652173913,0.40229885057471265,128
2023-01-16,1045,127,79,60,42,48,18,0.6220472440944882,0.7,121
2023-01-17,1045,121,82,92,36,39,56,0.6776859504132231,0.391304347826087,118
2023-01-18,1045,101,75,90,35,26,55,0.7425742574257426,0.3888888888888889,110
2023-01-19,1045,105,69,74,48,36,26,0.6571428571428571,0.6486486486486487,117
2023-01-20,1045,104,101,72,39,3,33,0.9711538461538461,0.5416666666666666,140
2023-01-21,1045,122,89,57,39,33,18,0.7295081967213115,0.6842105263157895,128
2023-01-22,1045,104,85,97,40,19,57,0.8173076923076923,0.41237113402061853,125
2023-01-23,1045,109,82,72,38,27,34,0.7522935779816514,0.5277777777777778,120
2023-01-24,1045,134,70,78,39,64,39,0.5223880597014925,0.5,109
2023-01-25,1045,121,81,57,32,40,25,0.6694214876033058,0.5614035087719298,113
2023-01-26,1045,147,83,58,44,64,14,0.564625850340136,0.7586206896551724,127
2023-01-27,1045,110,88,87,46,22,41,0.8,0.5287356321839081,134
2023-01-28,1045,122,77,75,49,45,26,0.6311475409836066,0.6533333333333333,126
2023-01-29,1045,114,78,70,34,36,36,0.6842105263157895,0.4857142857142857,112
2023-01-30,1045,141,79,95,40,62,55,0.5602836879432624,0.42105263157894735,119
2023-01-31,1045,123,78,78,52,45,26,0.6341463414634146,0.6666666666666666,130
2023-02-01,1045,128,90,59,38,38,21,0.703125,0.6440677966101694,128
2023-02-02,1045,138,75,60,30,63,30,0.5434782608695652,0.5,105
2023-02-03,1045,116,67,79,35,49,44,0.5775862068965517,0.4430379746835443,102
2023-02-04,1045,146,81,75,40,65,35,0.5547945205479452,0.5333333333333333,121
2023-02-05,1045,113,85,69,33,28,36,0.7522123893805309,0.4782608695652174,118
2023-02-06,1045,115,87,51,36,28,15,0.7565217391304347,0.7058823529411765,123
2023-02-07,1045,116,55,99,43,61,56,0.47413793103448276,0.43434343434343436,98
2023-02-08,1045,135,80,69,36,55,33,0.5925925925925926,0.5217391304347826,116
2023-02-09,1045,136,90,68,49,46,19,0.6617647058823529,0.7205882352941176,139
2023-02-10,1045,145,86,77,43,59,34,0.593103448275862,0.5584415584415584,129
2023-02-11,1045,107,67,95,43,40,52,0.6261682242990654,0.45263157894736844,110
2023-02-12,1045,138,79,56,35,59,21,0.572463768115942,0.625,114
2023-02-13,1045,129,76,88,39,53,49,0.5891472868217055,0.4431818181818182,115
2023-02-14,1045,107,77,92,36,30,56,0.719626168224299,0.391304347826087,113
2023-02-15,1045,135,70,92,34,65,58,0.5185185185185185,0.3695652173913043,104
2023-02-16,1045,144,61,83,44,83,39,0.4236111111111111,0.5301204819277109,105
2023-02-17,1045,126,67,61,38,59,23,0.5317460317460317,0.6229508196721312,105
2023-02-18,1045,147,69,62,44,78,18,0.46938775510204084,0.7096774193548387,113
2023-02-19,1045,119,79,100,44,40,56,0.6638655462184874,0.44,123
2023-02-20,1045,128,93,50,41,35,9,0.7265625,0.82,134
2023-02-21,1045,108,78,52,38,30,14,0.7222222222222222,0.7307692307692307,116
2023-02-22,1045,100,82,86,39,18,47,0.82,0.45348837209302323,121
2023-02-23,1045,105,80,58,46,25,12,0.7619047619047619,0.7931034482758621,126
2023-02-24,1045,145,57,55,39,88,16,0.3931034482758621,0.7090909090909091,96
2023-02-25,1045,135,84,55,48,51,7,0.6222222222222222,0.8727272727272727,132
2023-02-26,1045,143,68,87,37,75,50,0.4755244755244755,0.42528735632183906,105
2023-02-27,1045,117,66,67,42,51,25,0.5641025641025641,0.6268656716417911,108
2023-02-28,1045,135,74,79,54,61,25,0.5481481481481482,0.6835443037974683,128
2023-03-01,1045,108,75,55,36,33,19,0.6944444444444444,0.6545454545454545,111
2023-03-02,1045,127,70,98,46,57,52,0.5511811023622047,0.46938775510204084,116
2023-03-03,1045,150,86,87,45,64,42,0.5733333333333334,0.5172413793103449,131
2023-03-04,1045,118,82,82,42,36,40,0.6949152542372882,0.5121951219512195,124
2023-03-05,1045,132,86,67,37,46,30,0.6515151515151515,0.5522388059701493,123
2023-03-06,1045,141,88,94,40,53,54,0.624113475177305,0.425531914893617,128
2023-03-07,1045,128,104,58,29,24,29,0.8125,0.5,133
2023-03-08,1045,141,64,58,50,77,8,0.45390070921985815,0.8620689655172413,114
2023-03-09,1045,117,71,86,29,46,57,0.6068376068376068,0.3372093023255814,100
2023-03-10,1045,117,73,57,48,44,9,0.6239316239316239,0.8421052631578947,121
2023-03-11,1045,144,84,79,38,60,41,0.5833333333333334,0.4810126582278481,122
2023-03-12,1045,135,78,93,46,57,47,0.5777777777777777,0.4946236559139785,124
2023-03-13,1045,143,85,91,38,58,53,0.5944055944055944,0.4175824175824176,123
2023-03-14,1045,134,77,64,35,57,29,0.5746268656716418,0.546875,112
2023-03-15,1045,128,82,74,37,46,37,0.640625,0.5,119
2023-03-16,1045,107,84,51,37,23,14,0.7850467289719626,0.7254901960784313,121
2023-03-17,1045,118,82,88,41,36,47,0.6949152542372882,0.4659090909090909,123
2023-03-18,1045,143,70,60,41,73,19,0.48951048951048953,0.6833333333333333,111
2023-03-19,1045,110,86,71,37,24,34,0.7818181818181819,0.5211267605633803,123
2023-03-20,1045,146,91,55,40,55,15,0.6232876712328768,0.7272727272727273,131
2023-03-21,1045,130,93,85,48,37,37,0.7153846153846154,0.5647058823529412,141
2023-03-22,1045,104,88,59,53,16,6,0.8461538461538461,0.8983050847457628,141
2023-03-23,1045,116,89,83,36,27,47,0.7672413793103449,0.43373493975903615,125
2023-03-24,1045,136,80,97,34,56,63,0.5882352941176471,0.35051546391752575,114
2023-03-25,1045,103,87,58,32,16,26,0.8446601941747572,0.5517241379310345,119
2023-03-26,1045,102,92,93,33,10,60,0.9019607843137255,0.3548387096774194,125
2023-03-27,1045,147,81,69,34,66,35,0.5510204081632653,0.4927536231884058,115
2023-03-28,1045,134,80,91,37,54,54,0.5970149253731343,0.4065934065934066,117
2023-03-29,1045,127,72,62,37,55,25,0.5669291338582677,0.5967741935483871,109
2023-03-30,1045,141,80,50,30,61,20,0.5673758865248227,0.6,110
2023-03-31,1045,122,90,68,37,32,31,0.7377049180327869,0.5441176470588235,127
2023-04-01,1045,101,91,78,46,10,32,0.900990099009901,0.5897435897435898,137
2023-04-02,1045,141,77,96,32,64,64,0.5460992907801419,0.3333333333333333,109
2023-04-03,1045,107,76,73,46,31,27,0.7102803738317757,0.6301369863013698,122
2023-04-04,1045,127,83,62,40,44,22,0.6535433070866141,0.6451612903225806,123
2023-04-05,1045,116,80,82,26,36,56,0.6896551724137931,0.3170731707317073,106
2023-04-06,1045,103,75,79,47,28,32,0.7281553398058253,0.5949367088607594,122
2023-04-07,1045,115,62,62,47,53,15,0.5391304347826087,0.7580645161290323,109
2023-04-08,1045,112,82,91,45,30,46,0.7321428571428571,0.4945054945054945,127
2023-04-09,1045,135,77,71,40,58,31,0.5703703703703704,0.5633802816901409,117
2023-04-10,1045,129,80,73,43,49,30,0.6201550387596899,0.589041095890411,123
2023-04-11,1045,133,78,96,45,55,51,0.5864661654135338,0.46875,123
2023-04-12,1045,117,91,91,32,26,59,0.7777777777777778,0.3516483516483517,123
2023-04-13,1045,135,83,82,40,52,42,0.6148148148148148,0.4878048780487805,123
2023-04-14,1045,107,85,69,46,22,23,0.794392523364486,0.6666666666666666,131
2023-04-15,1045,133,91,96,46,42,50,0.6842105263157895,0.4791666666666667,137
2023-04-16,1045,111,84,96,41,27,55,0.7567567567567568,0.4270833333333333,125
2023-04-17,1045,146,101,80,35,45,45,0.6917808219178082,0.4375,136
2023-04-18,1045,114,88,61,46,26,15,0.7719298245614035,0.7540983606557377,134
2023-04-19,1045,120,72,100,32,48,68,0.6,0.32,104
2023-04-20,1045,135,77,77,41,58,36,0.5703703703703704,0.5324675324675324,118
2023-04-21,1045,118,65,76,33,53,43,0.5508474576271186,0.4342105263157895,98
2023-04-22,1045,117,62,92,42,55,50,0.5299145299145299,0.45652173913043476,104
2023-04-23,1045,107,80,82,43,27,39,0.7476635514018691,0.524390243902439,123
2023-04-24,1045,146,100,84,50,46,34,0.684931506849315,0.5952380952380952,150
2023-04-25,1045,127,75,83,35,52,48,0.5905511811023622,0.42168674698795183,110
2023-04-26,1045,141,64,80,46,77,34,0.45390070921985815,0.575,110
2023-04-27,1045,149,77,90,39,72,51,0.5167785234899329,0.43333333333333335,116
2023-04-28,1045,127,84,69,45,43,24,0.6614173228346457,0.6521739130434783,129
2023-04-29,1045,105,85,68,33,20,35,0.8095238095238095,0.4852941176470588,118
2023-04-30,1045,137,79,55,34,58,21,0.5766423357664233,0.6181818181818182,113
2023-05-01,1045,107,86,90,46,21,44,0.8037383177570093,0.5111111111111111,132
2023-05-02,1045,112,85,82,38,27,44,0.7589285714285714,0.4634146341463415,123
2023-05-03,1045,124,68,50,28,56,22,0.5483870967741935,0.56,96
2023-05-04,1045,123,89,81,43,34,38,0.7235772357723578,0.5308641975308642,132
2023-05-05,1045,124,77,76,38,47,38,0.6209677419354839,0.5,115
2023-05-06,1045,110,73,57,38,37,19,0.6636363636363637,0.6666666666666666,111
2023-05-07,1045,143,82,83,45,61,38,0.5734265734265734,0.54216867469879515,127
2023-05-08,1045,108,77,73,41,31,32,0.7129629629629629,0.5616438356164384,118
2023-05-09,1045,101,78,99,41,23,58,0.7722772277227723,0.41414141414141414,119
2023-05-10,1045,131,93,75,30,38,45,0.7099236641221374,0.4,123
2023-05-11,1045,117,84,91,42,33,49,0.717948717948718,0.46153846153846156,126
2023-05-12,1045,131,74,70,37,57,33,0.5648854961832062,0.5285714285714286,111
2023-05-13,1045,104,82,73,46,22,27,0.7884615384615384,0.6301369863013698,128
2023-05-14,1045,130,78,78,34,52,44,0.6,0.4358974358974359,112
2023-05-15,1045,124,80,81,39,44,42,0.6451612903225806,0.48148148148148145,119
2023-05-16,1045,144,86,59,49,58,10,0.5972222222222222,0.8305084745762712,135
2023-05-17,1045,102,80,72,43,22,29,0.7843137254901961,0.5972222222222222,123
2023-05-18,1045,112,89,54,43,23,11,0.7946428571428571,0.7962962962962963,132
2023-05-19,1045,117,76,97,49,41,48,0.6495726495726496,0.5051546391752577,125
2023-05-20,1045,137,81,100,39,56,61,0.5912408759124088,0.39,120
2023-05-21,1045,111,97,96,38,14,58,0.8738738738738738,0.3958333333333333,135
2023-05-22,1045,104,81,62,43,23,19,0.7788461538461539,0.6935483870967742,124
2023-05-23,1045,129,74,90,41,55,49,0.5736434108527132,0.45555555555555555,115
2023-05-24,1045,135,83,88,43,52,45,0.6148148148148148,0.48863636363636365,126
2023-05-25,1045,102,73,77,41,29,36,0.7156862745098039,0.5324675324675324,114
2023-05-26,1045,120,84,99,31,36,68,0.7,0.31313131313131315,115
2023-05-27,1045,107,77,82,40,30,42,0.719626168224299,0.4878048780487805,117
2023-05-28,1045,108,83,84,32,25,52,0.7685185185185185,0.38095238095238093,115
2023-05-29,1045,138,72,57,57,66,0,0.5217391304347826,1,129
2023-05-30,1045,132,84,54,40,48,14,0.6363636363636364,0.7407407407407407,124
2023-05-31,1045,103,77,66,40,26,26,0.7475728155339806,0.6060606060606061,117
2023-06-01,1045,119,69,95,45,50,50,0.5798319327731093,0.47368421052631576,114
2023-06-02,1045,125,95,63,34,30,29,0.76,0.5396825396825397,129
2023-06-03,1045,102,93,75,30,9,45,0.9117647058823529,0.4,123
2023-06-04,1045,124,83,87,50,41,37,0.6693548387096774,0.5747126436781609,133
2023-06-05,1045,132,69,89,37,63,52,0.5227272727272727,0.4157303370786517,106
2023-06-06,1045,127,80,50,49,47,1,0.6299212598425197,0.98,129
2023-06-07,1045,135,77,57,46,58,11,0.5703703703703704,0.8070175438596491,123
2023-06-08,1045,122,79,95,42,43,53,0.6475409836065574,0.4421052631578947,121
2023-06-09,1045,136,84,88,40,52,48,0.6176470588235294,0.45454545454545453,124
2023-06-10,1045,100,85,70,51,15,19,0.85,0.7285714285714285,136
2023-06-11,1045,139,99,54,54,40,0,0.7122302158273381,1,153
2023-06-12,1045,118,72,84,42,46,42,0.6101694915254238,0.5,114
2023-06-13,1045,133,79,60,48,54,12,0.5939849624060151,0.8,127
2023-06-14,1045,117,73,91,34,44,57,0.6239316239316239,0.37362637362637363,107
2023-06-15,1045,139,77,67,34,62,33,0.5539568345323741,0.5074626865671642,111
2023-06-16,1045,148,87,74,37,61,37,0.5878378378378378,0.5,124
2023-06-17,1045,116,82,91,47,34,44,0.7068965517241379,0.5164835164835165,129
2023-06-18,1045,130,81,53,32,49,21,0.6230769230769231,0.6037735849056604,113
2023-06-19,1045,102,73,91,43,29,48,0.7156862745098039,0.4725274725274725,116
2023-06-20,1045,148,89,81,43,59,38,0.6013513513513513,0.5308641975308642,132
2023-06-21,1045,126,83,80,31,43,49,0.6587301587301587,0.3875,114
2023-06-22,1045,129,81,81,39,48,42,0.627906976744186,0.48148148148148145,120
2023-06-23,1045,128,81,85,43,47,42,0.6328125,0.5058823529411764,124
2023-06-24,1045,142,77,63,28,65,35,0.5422535211267606,0.4444444444444444,105
2023-06-25,1045,138,101,80,51,37,29,0.7318840579710145,0.6375,152
2023-06-26,1045,116,83,70,39,33,31,0.7155172413793104,0.5571428571428572,122
2023-06-27,1045,145,81,56,36,64,20,0.5586206896551724,0.6428571428571429,117
2023-06-28,1045,100,85,54,39,15,15,0.85,0.7222222222222222,124
2023-06-29,1045,126,77,69,43,49,26,0.6111111111111112,0.6231884057971014,120
2023-06-30,1045,127,91,99,51,36,48,0.7165354330708661,0.5151515151515151,142
2023-07-01,1045,142,84,68,36,58,32,0.5915492957746479,0.5294117647058824,120
2023-07-02,1045,124,85,68,48,39,20,0.6854838709677419,0.7058823529411765,133
2023-07-03,1045,120,76,62,40,44,22,0.6333333333333333,0.6451612903225806,116
2023-07-04,1045,138,83,75,37,55,38,0.6014492753623188,0.49333333333333335,120
2023-07-05,1045,147,74,63,27,73,36,0.5034013605442177,0.42857142857142855,101
2023-07-06,1045,143,78,57,41,65,16,0.5454545454545454,0.7192982456140351,119
2023-07-07,1045,145,76,93,36,69,57,0.5241379310344828,0.3870967741935484,112
2023-07-08,1045,102,98,90,47,4,43,0.9607843137254902,0.5222222222222223,145
2023-07-09,1045,128,81,100,31,47,69,0.6328125,0.31,112
2023-07-10,1045,103,75,86,38,28,48,0.7281553398058253,0.4418604651162791,113
2023-07-11,1045,135,84,58,45,51,13,0.6222222222222222,0.7758620689655172,129
2023-07-12,1045,112,70,51,50,42,1,0.625,0.9803921568627451,120
2023-07-13,1045,122,83,71,48,39,23,0.680327868852459,0.676056338028169,131
2023-07-14,1045,126,69,80,31,57,49,0.5476190476190477,0.3875,100
2023-07-15,1045,104,89,77,27,15,50,0.8557692307692307,0.35064935064935066,116
2023-07-16,1045,114,81,68,32,33,36,0.7105263157894737,0.47058823529411764,113
2023-07-17,1045,133,86,71,41,47,30,0.6466165413533834,0.5774647887323944,127
2023-07-18,1045,139,68,80,38,71,42,0.4892086330935252,0.475,106
2023-07-19,1045,116,90,69,32,26,37,0.7758620689655172,0.463768115942029,122
2023-07-20,1045,106,91,68,43,15,25,0.8584905660377359,0.6323529411764706,134
2023-07-21,1045,109,77,58,37,32,21,0.7064220183486238,0.6379310344827587,114
2023-07-22,1045,126,82,62,42,44,20,0.6507936507936508,0.6774193548387096,124
2023-07-23,1045,106,72,91,50,34,41,0.6792452830188679,0.5494505494505495,122
2023-07-24,1045,123,81,84,38,42,46,0.6585365853658537,0.4523809523809524,119
2023-07-25,1045,143,81,92,43,62,49,0.5664335664335665,0.4673913043478261,124
2023-07-26,1045,131,85,76,50,46,26,0.648854961832061,0.6578947368421053,135
2023-07-27,1045,145,83,70,54,62,16,0.5724137931034483,0.7714285714285715,137
2023-07-28,1045,104,84,100,46,20,54,0.8076923076923077,0.46,130
2023-07-29,1045,118,68,80,50,50,30,0.576271186440678,0.625,118
2023-07-30,1045,103,78,88,47,25,41,0.7572815533980582,0.5340909090909091,125
2023-07-31,1045,123,85,78,37,38,41,0.6910569105691057,0.47435897435897434,122
2023-08-01,1045,106,71,56,38,35,18,0.6698113207547169,0.6785714285714286,109
2023-08-02,1045,130,80,77,45,50,32,0.6153846153846154,0.5844155844155844,125
2023-08-03,1045,127,71,80,35,56,45,0.5590551181102362,0.4375,106
2023-08-04,1045,145,73,98,42,72,56,0.503448275862069,0.42857142857142855,115
2023-08-05,1045,118,78,58,43,40,15,0.6610169491525424,0.7413793103448276,121
2023-08-06,1045,148,83,95,40,65,55,0.5608108108108109,0.42105263157894735,123
2023-08-07,1045,127,83,55,31,44,24,0.6535433070866141,0.5636363636363636,114
2023-08-08,1045,148,74,70,27,74,43,0.5,0.38571428571428573,101
2023-08-09,1045,138,85,56,53,53,3,0.6159420289855072,0.9464285714285714,138
2023-08-10,1045,113,71,71,39,42,32,0.6283185840707964,0.5492957746478874,110
2023-08-11,1045,101,77,97,41,24,56,0.7623762376237624,0.422680412371134,118
2023-08-12,1045,120,74,90,36,46,54,0.6166666666666667,0.4,110
2023-08-13,1045,139,74,78,47,65,31,0.5323741007194245,0.6025641025641025,121
2023-08-14,1045,122,82,83,45,40,38,0.6721311475409836,0.54216867469879515,127
2023-08-15,1045,122,99,53,38,23,15,0.8114754098360656,0.71698113207547165,137
2023-08-16,1045,130,80,59,35,50,24,0.6153846153846154,0.5932203389830508,115
2023-08-17,1045,114,89,87,54,25,33,0.7807017543859649,0.6206896551724138,143
2023-08-18,1045,142,89,63,45,53,18,0.6267605633802817,0.7142857142857143,134
2023-08-19,1045,100,78,95,35,22,60,0.78,0.3684210526315789,113
2023-08-20,1045,125,73,85,41,52,44,0.584,0.4823529411764706,114
2023-08-21,1045,106,84,76,39,22,37,0.7924528301886793,0.5131578947368421,123
2023-08-22,1045,140,77,58,46,63,12,0.55,0.7931034482758621,123
2023-08-23,1045,138,87,91,46,51,45,0.6304347826086957,0.5054945054945055,133
2023-08-24,1045,103,94,84,44,9,40,0.912621359223301,0.5238095238095238,138
2023-08-25,1045,127,70,86,38,57,48,0.5511811023622047,0.4418604651162791,108
2023-08-26,1045,105,97,79,44,8,35,0.9238095238095239,0.5569620253164557,141
2023-08-27,1045,115,75,84,42,40,42,0.6521739130434783,0.5,117
2023-08-28,1045,116,77,73,48,39,25,0.6637931034482759,0.6575342465753424,125
2023-08-29,1045,142,76,64,35,66,29,0.5352112676056338,0.546875,111
2023-08-30,1045,150,79,82,41,71,41,0.5266666666666666,0.5,120
2023-08-31,1045,138,69,62,52,69,10,0.5,0.8387096774193549,121
2023-09-01,1045,141,80,53,43,61,10,0.5673758865248227,0.8113207547169812,123
2023-09-02,1045,128,91,99,32,37,67,0.7109375,0.32323232323232326,123
2023-09-03,1045,137,73,52,42,64,10,0.5328467153284672,0.8076923076923077,115
2023-09-04,1045,108,85,59,36,23,23,0.7870370370370371,0.6101694915254238,121
2023-09-05,1045,112,71,58,33,41,25,0.6339285714285714,0.5689655172413793,104
2023-09-06,1045,146,82,56,39,64,17,0.5616438356164384,0.6964285714285714,121
2023-09-07,1045,102,72,80,33,30,47,0.7058823529411765,0.4125,105
2023-09-08,1045,126,76,98,37,50,61,0.6031746031746031,0.37755102040816324,113
2023-09-09,1045,104,83,89,38,21,51,0.7980769230769231,0.42696629213483145,121
2023-09-10,1045,128,73,60,38,55,22,0.5703125,0.6333333333333333,111
2023-09-11,1045,135,86,80,35,49,45,0.6370370370370371,0.4375,121
2023-09-12,1045,105,85,81,41,20,40,0.8095238095238095,0.5061728395061729,126
2023-09-13,1045,141,82,53,32,59,21,0.5815602836879432,0.6037735849056604,114
2023-09-14,1045,123,65,61,43,58,18,0.5284552845528455,0.7049180327868853,108
2023-09-15,1045,116,86,85,43,30,42,0.7413793103448276,0.5058823529411764,129
2023-09-16,1045,130,85,62,48,45,14,0.6538461538461539,0.7741935483870968,133
2023-09-17,1045,115,85,85,51,30,34,0.7391304347826086,0.6,136
2023-09-18,1045,110,82,98,48,28,50,0.7454545454545455,0.4897959183673469,130
2023-09-19,1045,127,86,93,38,41,55,0.6771653543307087,0.40860215053763443,124
2023-09-20,1045,145,86,54,50,59,4,0.593103448275862,0.9259259259259259,136
2023-09-21,1045,109,82,96,32,27,64,0.7522935779816514,0.3333333333333333,114
2023-09-22,1045,143,82,92,48,61,44,0.5734265734265734,0.5217391304347826,130
2023-09-23,1045,139,70,67,39,69,28,0.5035971223021583,0.582089552238806,109
2023-09-24,1045,139,78,87,45,61,42,0.5611510791366906,0.5172413793103449,123
2023-09-25,1045,129,96,76,39,33,37,0.7441860465116279,0.5131578947368421,135
2023-09-26,1045,130,85,97,41,45,56,0.6538461538461539,0.422680412371134,126
2023-09-27,1045,138,79,69,34,59,35,0.572463768115942,0.4927536231884058,113
2023-09-28,1045,111,85,60,34,26,26,0.7657657657657657,0.5666666666666667,119
2023-09-29,1045,127,94,52,43,33,9,0.7401574803149606,0.8269230769230769,137
2023-09-30,1045,116,86,94,22,30,72,0.7413793103448276,0.23404255319148937,108
2023-10-01,1045,134,89,99,36,45,63,0.664179104477612,0.36363636363636365,125
2023-10-02,1045,112,83,90,44,29,46,0.7410714285714286,0.4888888888888889,127
2023-10-03,1045,109,72,83,38,37,45,0.6605504587155964,0.4578313253012048,110
2023-10-04,1045,136,76,66,47,60,19,0.5588235294117647,0.7121212121212122,123
2023-10-05,1045,110,80,60,49,30,11,0.7272727272727273,0.8166666666666667,129
2023-10-06,1045,118,86,66,51,32,15,0.7288135593220338,0.7727272727272727,137
2023-10-07,1045,132,90,90,43,42,47,0.6818181818181818,0.4777777777777778,133
2023-10-08,1045,128,93,52,42,35,10,0.7265625,0.8076923076923077,135
2023-10-09,1045,109,91,50,44,18,6,0.8348623853211009,0.88,135
2023-10-10,1045,124,87,51,36,37,15,0.7016129032258065,0.7058823529411765,123
2023-10-11,1045,147,76,69,38,71,31,0.5170068027210885,0.5507246376811594,114
2023-10-12,1045,145,72,95,35,73,60,0.496551724137931,0.3684210526315789,107
2023-10-13,1045,138,88,84,40,50,44,0.6376811594202898,0.47619047619047616,128
2023-10-14,1045,125,79,98,41,46,57,0.632,0.41836734693877553,120
2023-10-15,1045,109,90,85,39,19,46,0.8256880733944955,0.4588235294117647,129
2023-10-16,1045,113,86,50,45,27,5,0.7610619469026548,0.9,131
2023-10-17,1045,131,72,86,44,59,42,0.549618320610687,0.5116279069767442,116
2023-10-18,1045,106,79,79,44,27,35,0.7452830188679245,0.5569620253164557,123
2023-10-19,1045,128,102,92,41,26,51,0.796875,0.44565217391304346,143
2023-10-20,1045,143,76,70,27,67,43,0.5314685314685315,0.38571428571428573,103
2023-10-21,1045,105,81,62,46,24,16,0.7714285714285715,0.7419354838709677,127
2023-10-22,1045,142,73,67,36,69,31,0.5140845070422535,0.5373134328358209,109
2023-10-23,1045,112,84,74,36,28,38,0.75,0.4864864864864865,120
2023-10-24,1045,149,80,51,47,69,4,0.5369127516778524,0.9215686274509803,127
2023-10-25,1045,112,87,85,40,25,45,0.7767857142857143,0.47058823529411764,127
2023-10-26,1045,139,85,87,39,54,48,0.6115107913669064,0.4482758620689655,124
2023-10-27,1045,118,67,60,29,51,31,0.5677966101694916,0.48333333333333334,96
2023-10-28,1045,101,72,55,41,29,14,0.7128712871287128,0.7454545454545455,113
2023-10-29,1045,102,97,77,54,5,23,0.9509803921568627,0.7012987012987013,151
2023-10-30,1045,132,72,71,45,60,26,0.5454545454545454,0.6338028169014085,117
2023-10-31,1045,140,74,68,49,66,19,0.5285714285714286,0.7205882352941176,123
2023-11-01,1045,109,93,93,35,16,58,0.8532110091743119,0.3763440860215054,128
2023-11-02,1045,126,73,51,42,53,9,0.5793650793650794,0.8235294117647058,115
2023-11-03,1045,111,80,89,45,31,44,0.7207207207207207,0.5056179775280899,125
2023-11-04,1045,129,69,91,45,60,46,0.5348837209302325,0.4945054945054945,114
2023-11-05,1045,113,77,100,45,36,55,0.6814159292035398,0.45,122
2023-11-06,1045,138,76,54,30,62,24,0.5507246376811594,0.5555555555555556,106
2023-11-07,1045,137,70,76,47,67,29,0.5109489051094891,0.618421052631579,117
2023-11-08,1045,103,102,87,35,1,52,0.9902912621359223,0.40229885057471265,137
2023-11-09,1045,101,82,62,50,19,12,0.8118811881188119,0.8064516129032258,132
2023-11-10,1045,122,85,78,28,37,50,0.6967213114754098,0.358974358974359,113
2023-11-11,1045,146,90,85,39,56,46,0.6164383561643836,0.4588235294117647,129
2023-11-12,1045,101,88,87,46,13,41,0.8712871287128713,0.5287356321839081,134
2023-11-13,1045,134,80,50,50,54,0,0.5970149253731343,1,130
2023-11-14,1045,123,82,83,46,41,37,0.6666666666666666,0.5542168674698795,128
2023-11-15,1045,104,79,86,39,25,47,0.7596153846153846,0.45348837209302323,118
2023-11-16,1045,130,93,75,40,37,35,0.7153846153846154,0.5333333333333333,133
2023-11-17,1045,142,87,54,43,55,11,0.6126760563380281,0.7962962962962963,130
2023-11-18,1045,128,83,50,43,45,7,0.6484375,0.86,126
2023-11-19,1045,128,78,98,43,50,55,0.609375,0.4387755102040816,121
2023-11-20,1045,125,67,52,52,58,0,0.536,1,119
2023-11-21,1045,112,94,86,42,18,44,0.8392857142857143,0.4883720930232558,136
2023-11-22,1045,146,78,51,35,68,16,0.5342465753424658,0.6862745098039216,113
2023-11-23,1045,135,85,53,41,50,12,0.6296296296296297,0.7735849056603774,126
2023-11-24,1045,104,78,92,43,26,49,0.75,0.4673913043478261,121
2023-11-25,1045,105,77,50,33,28,17,0.7333333333333333,0.66,110
2023-11-26,1045,124,66,85,51,58,34,0.532258064516129,0.6,117
2023-11-27,1045,138,75,100,37,63,63,0.5434782608695652,0.37,112
2023-11-28,1045,103,75,68,52,28,16,0.7281553398058253,0.7647058823529411,127
2023-11-29,1045,136,74,95,45,62,50,0.5441176470588235,0.47368421052631576,119
2023-11-30,1045,101,75,78,52,26,26,0.7425742574257426,0.6666666666666666,127
2023-12-01,1045,116,78,55,40,38,15,0.6724137931034483,0.7272727272727273,118
2023-12-02,1045,134,80,96,41,54,55,0.5970149253731343,0.4270833333333333,121
2023-12-03,1045,137,79,92,41,58,51,0.5766423357664233,0.44565217391304346,120
2023-12-04,1045,119,93,50,39,26,11,0.7815126050420168,0.78,132
2023-12-05,1045,139,73,83,38,66,45,0.5251798561151079,0.4578313253012048,111
2023-12-06,1045,130,73,58,37,57,21,0.5615384615384615,0.6379310344827587,110
2023-12-07,1045,149,82,80,42,67,38,0.5503355704697986,0.525,124
2023-12-08,1045,114,85,69,36,29,33,0.7456140350877193,0.5217391304347826,121
2023-12-09,1045,102,83,80,34,19,46,0.8137254901960784,0.425,117
2023-12-10,1045,105,75,66,45,30,21,0.7142857142857143,0.6818181818181818,120
2023-12-11,1045,125,80,51,36,45,15,0.64,0.7058823529411765,116
2023-12-12,1045,117,84,62,44,33,18,0.717948717948718,0.7096774193548387,128
2023-12-13,1045,103,84,80,40,19,40,0.8155339805825242,0.5,124
2023-12-14,1045,130,76,91,41,54,50,0.5846153846153846,0.45054945054945056,117
2023-12-15,1045,111,84,63,35,27,28,0.7567567567567568,0.5555555555555556,119
2023-12-16,1045,130,89,56,35,41,21,0.6846153846153846,0.625,124
2023-12-17,1045,150,87,65,50,63,15,0.58,0.7692307692307693,137
2023-12-18,1045,132,108,100,35,24,65,0.8181818181818182,0.35,143
2023-12-19,1045,101,74,84,37,27,47,0.7326732673267327,0.44047619047619047,111
2023-12-20,1045,138,79,86,48,59,38,0.572463768115942,0.5581395348837209,127
2023-12-21,1045,137,83,81,39,54,42,0.6058394160583942,0.48148148148148145,122
2023-12-22,1045,135,70,76,39,65,37,0.5185185185185185,0.5131578947368421,109
2023-12-23,1045,143,85,67,44,58,23,0.5944055944055944,0.6567164179104478,129
2023-12-24,1045,139,78,55,36,61,19,0.5611510791366906,0.6545454545454545,114
2023-12-25,1045,108,84,81,37,24,44,0.7777777777777778,0.4567901234567901,121
2023-12-26,1045,101,79,56,32,22,24,0.7821782178217822,0.5714285714285714,111
2023-12-27,1045,122,72,71,42,50,29,0.5901639344262295,0.5915492957746479,114
2023-12-28,1045,148,84,100,58,64,42,0.5675675675675675,0.58,142
2023-12-29,1045,117,93,61,35,24,26,0.7948717948717948,0.5737704918032787,128
2023-12-30,1045,147,84,67,38,63,29,0.5714285714285714,0.5671641791044776,122
2023-12-31,1045,107,101,61,48,6,13,0.9439252336448598,0.7868852459016393,149
2023-01-01,1046,123,81,86,39,42,47,0.6585365853658537,0.45348837209302323,120
2023-01-02,1046,125,81,89,56,44,33,0.648,0.6292134831460674,137
2023-01-03,1046,128,90,66,42,38,24,0.703125,0.6363636363636364,132
2023-01-04,1046,112,72,100,35,40,65,0.6428571428571429,0.35,107
2023-01-05,1046,131,86,65,38,45,27,0.6564885496183206,0.5846153846153846,124
2023-01-06,1046,142,93,56,37,49,19,0.6549295774647887,0.6607142857142857,130
2023-01-07,1046,148,102,66,45,46,21,0.6891891891891891,0.6818181818181818,147
2023-01-08,1046,107,84,65,32,23,33,0.7850467289719626,0.49230769230769234,116
2023-01-09,1046,100,85,88,34,15,54,0.85,0.38636363636363635,119
2023-01-10,1046,126,63,75,42,63,33,0.5,0.56,105
2023-01-11,1046,144,71,53,41,73,12,0.4930555555555556,0.7735849056603774,112
2023-01-12,1046,118,75,90,28,43,62,0.635593220338983,0.3111111111111111,103
2023-01-13,1046,133,87,71,38,46,33,0.6541353383458647,0.5352112676056338,125
2023-01-14,1046,135,78,52,32,57,20,0.5777777777777777,0.6153846153846154,110
2023-01-15,1046,134,81,89,39,53,50,0.6044776119402985,0.43820224719101125,120
2023-01-16,1046,107,72,72,46,35,26,0.6728971962616822,0.6388888888888888,118
2023-01-17,1046,124,79,82,41,45,41,0.6370967741935484,0.5,120
2023-01-18,1046,119,84,56,39,35,17,0.7058823529411765,0.6964285714285714,123
2023-01-19,1046,140,71,55,51,69,4,0.5071428571428571,0.9272727272727272,122
2023-01-20,1046,110,85,82,32,25,50,0.7727272727272727,0.3902439024390244,117
2023-01-21,1046,134,60,70,39,74,31,0.44776119402985076,0.5571428571428572,99
2023-01-22,1046,114,73,70,31,41,39,0.6403508771929824,0.44285714285714284,104
2023-01-23,1046,147,87,86,43,60,43,0.5918367346938775,0.5,130
2023-01-24,1046,122,81,82,38,41,44,0.6639344262295082,0.4634146341463415,119
2023-01-25,1046,143,70,80,36,73,44,0.48951048951048953,0.45,106
2023-01-26,1046,117,84,87,30,33,57,0.717948717948718,0.3448275862068966,114
2023-01-27,1046,117,81,76,31,36,45,0.6923076923076923,0.40789473684210525,112
2023-01-28,1046,147,75,66,39,72,27,0.5102040816326531,0.5909090909090909,114
2023-01-29,1046,144,92,70,35,52,35,0.6388888888888888,0.5,127
2023-01-30,1046,117,75,84,32,42,52,0.6410256410256411,0.38095238095238093,107
2023-01-31,1046,110,86,68,29,24,39,0.7818181818181819,0.4264705882352941,115
2023-02-01,1046,146,71,65,42,75,23,0.4863013698630137,0.6461538461538462,113
2023-02-02,1046,132,74,74,41,58,33,0.5606060606060606,0.5540540540540541,115
2023-02-03,1046,119,78,52,32,41,20,0.6554621848739496,0.6153846153846154,110
2023-02-04,1046,109,86,74,41,23,33,0.7889908256880734,0.5540540540540541,127
2023-02-05,1046,106,79,55,38,27,17,0.7452830188679245,0.6909090909090909,117
2023-02-06,1046,129,81,69,42,48,27,0.627906976744186,0.6086956521739131,123
2023-02-07,1046,142,83,56,43,59,13,0.5845070422535211,0.7678571428571429,126
2023-02-08,1046,115,99,60,37,16,23,0.8608695652173913,0.6166666666666667,136
2023-02-09,1046,149,77,86,45,72,41,0.5167785234899329,0.5232558139534884,122
2023-02-10,1046,113,84,89,31,29,58,0.7433628318584071,0.34831460674157305,115
2023-02-11,1046,105,82,53,29,23,24,0.780952380952381,0.5471698113207547,111
2023-02-12,1046,123,80,94,44,43,50,0.6504065040650406,0.46808510638297873,124
2023-02-13,1046,108,86,60,48,22,12,0.7962962962962963,0.8,134
2023-02-14,1046,133,86,99,48,47,51,0.6466165413533834,0.48484848484848486,134
2023-02-15,1046,133,78,54,47,55,7,0.5864661654135338,0.8703703703703703,125
2023-02-16,1046,105,85,90,34,20,56,0.8095238095238095,0.37777777777777777,119
2023-02-17,1046,114,79,59,38,35,21,0.6929824561403509,0.6440677966101694,117
2023-02-18,1046,121,64,68,38,57,30,0.5289256198347108,0.5588235294117647,102
2023-02-19,1046,123,84,72,46,39,26,0.6829268292682927,0.6388888888888888,130
2023-02-20,1046,141,77,85,41,64,44,0.5460992907801419,0.4823529411764706,118
2023-02-21,1046,109,68,81,43,41,38,0.6238532110091743,0.5308641975308642,111
2023-02-22,1046,104,84,82,33,20,49,0.8076923076923077,0.4024390243902439,117
2023-02-23,1046,116,76,65,36,40,29,0.6551724137931034,0.5538461538461539,112
2023-02-24,1046,122,79,95,36,43,59,0.6475409836065574,0.37894736842105264,115
2023-02-25,1046,100,72,99,40,28,59,0.72,0.40404040404040403,112
2023-02-26,1046,118,63,95,37,55,58,0.5338983050847458,0.3894736842105263,100
2023-02-27,1046,148,58,65,40,90,25,0.3918918918918919,0.6153846153846154,98
2023-02-28,1046,142,55,77,43,87,34,0.3873239436619718,0.5584415584415584,98
2023-03-01,1046,147,77,65,51,70,14,0.5238095238095238,0.7846153846153846,128
2023-03-02,1046,140,86,54,36,54,18,0.6142857142857143,0.6666666666666666,122
2023-03-03,1046,138,85,62,40,53,22,0.6159420289855072,0.6451612903225806,125
2023-03-04,1046,146,79,59,37,67,22,0.541095890410959,0.6271186440677966,116
2023-03-05,1046,136,87,87,39,49,48,0.6397058823529411,0.4482758620689655,126
2023-03-06,1046,124,67,81,43,57,38,0.5403225806451613,0.5308641975308642,110
2023-03-07,1046,139,86,59,37,53,22,0.6187050359712231,0.6271186440677966,123
2023-03-08,1046,105,83,50,45,22,5,0.7904761904761904,0.9,128
2023-03-09,1046,132,79,55,38,53,17,0.5984848484848485,0.6909090909090909,117
2023-03-10,1046,123,93,54,40,30,14,0.7560975609756098,0.7407407407407407,133
2023-03-11,1046,104,86,67,54,18,13,0.8269230769230769,0.8059701492537313,140
2023-03-12,1046,138,95,87,35,43,52,0.6884057971014492,0.40229885057471265,130
2023-03-13,1046,120,84,57,37,36,20,0.7,0.6491228070175439,121
2023-03-14,1046,125,92,96,41,33,55,0.736,0.4270833333333333,133
2023-03-15,1046,134,77,73,45,57,28,0.5746268656716418,0.6164383561643836,122
2023-03-16,1046,126,76,80,45,50,35,0.6031746031746031,0.5625,121
2023-03-17,1046,118,65,50,50,53,0,0.5508474576271186,1,115
2023-03-18,1046,125,75,62,43,50,19,0.6,0.6935483870967742,118
2023-03-19,1046,119,91,56,34,28,22,0.7647058823529411,0.6071428571428571,125
2023-03-20,1046,115,67,82,47,48,35,0.5826086956521739,0.573170731707317,114
2023-03-21,1046,112,82,71,40,30,31,0.7321428571428571,0.5633802816901409,122
2023-03-22,1046,135,83,76,36,52,40,0.6148148148148148,0.47368421052631576,119
2023-03-23,1046,138,81,68,45,57,23,0.5869565217391305,0.6617647058823529,126
2023-03-24,1046,108,84,55,32,24,23,0.7777777777777778,0.5818181818181818,116
2023-03-25,1046,110,73,88,47,37,41,0.6636363636363637,0.5340909090909091,120
2023-03-26,1046,148,89,94,37,59,57,0.6013513513513513,0.39361702127659576,126
2023-03-27,1046,147,78,72,38,69,34,0.5306122448979592,0.5277777777777778,116
2023-03-28,1046,113,82,67,40,31,27,0.7256637168141593,0.5970149253731343,122
2023-03-29,1046,102,72,71,41,30,30,0.7058823529411765,0.5774647887323944,113
2023-03-30,1046,142,88,93,33,54,60,0.6197183098591549,0.3548387096774194,121
2023-03-31,1046,147,72,99,29,75,70,0.4897959183673469,0.29292929292929293,101
2023-04-01,1046,114,76,66,38,38,28,0.6666666666666666,0.5757575757575758,114
2023-04-02,1046,135,71,79,36,64,43,0.5259259259259259,0.45569620253164556,107
2023-04-03,1046,132,67,82,41,65,41,0.5075757575757576,0.5,108
2023-04-04,1046,139,74,62,41,65,21,0.5323741007194245,0.6612903225806451,115
2023-04-05,1046,106,71,53,31,35,22,0.6698113207547169,0.5849056603773585,102
2023-04-06,1046,110,90,58,42,20,16,0.8181818181818182,0.7241379310344828,132
2023-04-07,1046,110,85,74,45,25,29,0.7727272727272727,0.6081081081081081,130
2023-04-08,1046,123,81,71,38,42,33,0.6585365853658537,0.5352112676056338,119
2023-04-09,1046,146,102,53,47,44,6,0.6986301369863014,0.8867924528301887,149
2023-04-10,1046,103,76,82,42,27,40,0.7378640776699029,0.5121951219512195,118
2023-04-11,1046,104,94,68,31,10,37,0.9038461538461539,0.45588235294117646,125
2023-04-12,1046,138,76,74,41,62,33,0.5507246376811594,0.5540540540540541,117
2023-04-13,1046,100,86,81,34,14,47,0.86,0.41975308641975306,120
2023-04-14,1046,126,83,82,47,43,35,0.6587301587301587,0.573170731707317,130
2023-04-15,1046,115,75,100,38,40,62,0.6521739130434783,0.38,113
2023-04-16,1046,128,95,97,41,33,56,0.7421875,0.422680412371134,136
2023-04-17,1046,144,89,90,42,55,48,0.6180555555555556,0.4666666666666667,131
2023-04-18,1046,115,66,54,34,49,20,0.5739130434782609,0.6296296296296297,100
2023-04-19,1046,110,90,61,41,20,20,0.8181818181818182,0.6721311475409836,131
2023-04-20,1046,114,81,50,32,33,18,0.7105263157894737,0.64,113
2023-04-21,1046,114,81,59,35,33,24,0.7105263157894737,0.5932203389830508,116
2023-04-22,1046,150,94,68,41,56,27,0.6266666666666667,0.6029411764705882,135
2023-04-23,1046,132,91,92,32,41,60,0.6893939393939394,0.34782608695652173,123
2023-04-24,1046,117,78,58,35,39,23,0.6666666666666666,0.603448275862069,113
2023-04-25,1046,108,90,91,36,18,55,0.8333333333333334,0.3956043956043956,126
2023-04-26,1046,104,80,86,43,24,43,0.7692307692307693,0.5,123
2023-04-27,1046,140,95,60,40,45,20,0.6785714285714286,0.6666666666666666,135
2023-04-28,1046,144,84,96,41,60,55,0.5833333333333334,0.4270833333333333,125
2023-04-29,1046,137,88,93,26,49,67,0.6423357664233577,0.27956989247311825,114
2023-04-30,1046,127,67,100,38,60,62,0.5275590551181102,0.38,105
2023-05-01,1046,130,79,84,33,51,51,0.6076923076923076,0.39285714285714285,112
2023-05-02,1046,118,98,56,44,20,12,0.8305084745762712,0.7857142857142857,142
2023-05-03,1046,146,109,64,42,37,22,0.7465753424657534,0.65625,151
2023-05-04,1046,122,89,50,42,33,8,0.7295081967213115,0.84,131
2023-05-05,1046,125,64,73,28,61,45,0.512,0.3835616438356164,92
2023-05-06,1046,130,70,68,37,60,31,0.5384615384615384,0.5441176470588235,107
2023-05-07,1046,112,92,64,53,20,11,0.8214285714285714,0.828125,145
2023-05-08,1046,134,78,53,41,56,12,0.582089552238806,0.7735849056603774,119
2023-05-09,1046,146,99,61,38,47,23,0.678082191780822,0.6229508196721312,137
2023-05-10,1046,105,79,61,45,26,16,0.7523809523809524,0.7377049180327869,124
2023-05-11,1046,132,81,69,48,51,21,0.6136363636363636,0.6956521739130435,129
2023-05-12,1046,103,89,72,35,14,37,0.8640776699029126,0.4861111111111111,124
2023-05-13,1046,149,60,64,32,89,32,0.40268456375838924,0.5,92
2023-05-14,1046,104,81,97,42,23,55,0.7788461538461539,0.4329896907216495,123
2023-05-15,1046,125,105,100,36,20,64,0.84,0.36,141
2023-05-16,1046,130,89,66,35,41,31,0.6846153846153846,0.5303030303030303,124
2023-05-17,1046,135,77,68,52,58,16,0.5703703703703704,0.7647058823529411,129
2023-05-18,1046,143,74,77,46,69,31,0.5174825174825175,0.5974025974025974,120
2023-05-19,1046,124,78,62,41,46,21,0.6290322580645161,0.6612903225806451,119
2023-05-20,1046,150,71,92,40,79,52,0.47333333333333333,0.43478260869565216,111
2023-05-21,1046,133,103,60,28,30,32,0.7744360902255639,0.4666666666666667,131
2023-05-22,1046,127,72,67,50,55,17,0.5669291338582677,0.746268656716418,122
2023-05-23,1046,106,87,52,36,19,16,0.8207547169811321,0.6923076923076923,123
2023-05-24,1046,145,87,50,39,58,11,0.6,0.78,126
2023-05-25,1046,120,80,76,42,40,34,0.6666666666666666,0.5526315789473685,122
2023-05-26,1046,105,83,90,54,22,36,0.7904761904761904,0.6,137
2023-05-27,1046,140,80,99,33,60,66,0.5714285714285714,0.3333333333333333,113
2023-05-28,1046,145,94,100,33,51,67,0.6482758620689655,0.33,127
2023-05-29,1046,110,72,57,44,38,13,0.6545454545454545,0.7719298245614035,116
2023-05-30,1046,114,77,90,49,37,41,0.6754385964912281,0.5444444444444444,126
2023-05-31,1046,109,95,75,43,14,32,0.8715596330275229,0.5733333333333334,138
2023-06-01,1046,122,95,79,36,27,43,0.7786885245901639,0.45569620253164556,131
2023-06-02,1046,101,91,99,43,10,56,0.900990099009901,0.43434343434343436,134
2023-06-03,1046,145,80,94,29,65,65,0.5517241379310345,0.30851063829787234,109
2023-06-04,1046,150,71,96,45,79,51,0.47333333333333333,0.46875,116
2023-06-05,1046,111,78,53,46,33,7,0.7027027027027027,0.8679245283018868,124
2023-06-06,1046,113,78,96,35,35,61,0.6902654867256637,0.3645833333333333,113
2023-06-07,1046,127,77,68,42,50,26,0.6062992125984252,0.6176470588235294,119
2023-06-08,1046,146,97,81,47,49,34,0.6643835616438356,0.5802469135802469,144
2023-06-09,1046,122,79,85,40,43,45,0.6475409836065574,0.47058823529411764,119
2023-06-10,1046,124,83,66,37,41,29,0.6693548387096774,0.5606060606060606,120
2023-06-11,1046,113,91,50,43,22,7,0.8053097345132744,0.86,134
2023-06-12,1046,109,81,52,42,28,10,0.7431192660550459,0.8076923076923077,123
2023-06-13,1046,143,80,79,43,63,36,0.5594405594405595,0.5443037974683544,123
2023-06-14,1046,128,61,87,45,67,42,0.4765625,0.5172413793103449,106
2023-06-15,1046,110,102,71,43,8,28,0.9272727272727272,0.6056338028169014,145
2023-06-16,1046,123,68,70,42,55,28,0.5528455284552846,0.6,110
2023-06-17,1046,132,76,95,36,56,59,0.5757575757575758,0.37894736842105264,112
2023-06-18,1046,100,88,58,36,12,22,0.88,0.6206896551724138,124
2023-06-19,1046,143,89,73,39,54,34,0.6223776223776224,0.5342465753424658,128
2023-06-20,1046,117,74,80,32,43,48,0.6324786324786325,0.4,106
2023-06-21,1046,133,75,53,37,58,16,0.5639097744360902,0.6981132075471698,112
2023-06-22,1046,103,63,95,48,40,47,0.6116504854368932,0.5052631578947369,111
2023-06-23,1046,134,79,58,41,55,17,0.5895522388059702,0.7068965517241379,120
2023-06-24,1046,148,77,57,34,71,23,0.5202702702702703,0.5964912280701754,111
2023-06-25,1046,122,75,93,35,47,58,0.6147540983606558,0.3763440860215054,110
2023-06-26,1046,126,70,94,37,56,57,0.5555555555555556,0.39361702127659576,107
2023-06-27,1046,124,78,74,53,46,21,0.6290322580645161,0.7162162162162162,131
2023-06-28,1046,129,77,93,43,52,50,0.5968992248062015,0.46236559139784944,120
2023-06-29,1046,148,73,68,35,75,33,0.49324324324324326,0.5147058823529411,108
2023-06-30,1046,139,81,56,34,58,22,0.5827338129496403,0.6071428571428571,115
2023-07-01,1046,108,77,56,39,31,17,0.7129629629629629,0.6964285714285714,116
2023-07-02,1046,122,83,63,40,39,23,0.680327868852459,0.6349206349206349,123
2023-07-03,1046,141,82,90,39,59,51,0.5815602836879432,0.43333333333333335,121
2023-07-04,1046,150,70,98,32,80,66,0.4666666666666667,0.32653061224489793,102
2023-07-05,1046,134,63,59,37,71,22,0.4701492537313433,0.6271186440677966,100
2023-07-06,1046,135,85,63,53,50,10,0.6296296296296297,0.8412698412698413,138
2023-07-07,1046,127,89,99,42,38,57,0.7007874015748031,0.42424242424242425,131
2023-07-08,1046,101,91,68,42,10,26,0.900990099009901,0.6176470588235294,133
2023-07-09,1046,127,59,100,41,68,59,0.4645669291338583,0.41,100
2023-07-10,1046,143,66,76,32,77,44,0.46153846153846156,0.42105263157894735,98
2023-07-11,1046,102,75,75,34,27,41,0.7352941176470589,0.4533333333333333,109
2023-07-12,1046,145,77,66,41,68,25,0.5310344827586206,0.6212121212121212,118
2023-07-13,1046,137,74,53,40,63,13,0.5401459854014599,0.7547169811320755,114
2023-07-14,1046,135,95,62,44,40,18,0.7037037037037037,0.7096774193548387,139
2023-07-15,1046,114,79,74,36,35,38,0.6929824561403509,0.4864864864864865,115
2023-07-16,1046,133,70,74,34,63,40,0.5263157894736842,0.4594594594594595,104
2023-07-17,1046,135,76,50,49,59,1,0.562962962962963,0.98,125
2023-07-18,1046,114,68,55,49,46,6,0.5964912280701754,0.8909090909090909,117
2023-07-19,1046,130,75,67,30,55,37,0.5769230769230769,0.44776119402985076,105
2023-07-20,1046,101,78,68,37,23,31,0.7722772277227723,0.5441176470588235,115
2023-07-21,1046,142,70,97,48,72,49,0.49295774647887325,0.4948453608247423,118
2023-07-22,1046,110,77,90,40,33,50,0.7,0.4444444444444444,117
2023-07-23,1046,129,85,69,43,44,26,0.6589147286821705,0.6231884057971014,128
2023-07-24,1046,131,104,57,43,27,14,0.7938931297709924,0.7543859649122807,147
2023-07-25,1046,116,85,50,39,31,11,0.7327586206896551,0.78,124
2023-07-26,1046,148,82,56,47,66,9,0.5540540540540541,0.8392857142857143,129
2023-07-27,1046,150,77,89,33,73,56,0.5133333333333333,0.3707865168539326,110
2023-07-28,1046,129,84,57,30,45,27,0.6511627906976745,0.5263157894736842,114
2023-07-29,1046,146,81,50,50,65,0,0.5547945205479452,1,131
2023-07-30,1046,130,88,70,28,42,42,0.676923076923077,0.4,116
2023-07-31,1046,106,71,83,47,35,36,0.6698113207547169,0.5662650602409639,118
2023-08-01,1046,109,75,61,42,34,19,0.6880733944954128,0.6885245901639344,117
2023-08-02,1046,101,65,72,41,36,31,0.6435643564356436,0.5694444444444444,106
2023-08-03,1046,149,78,87,45,71,42,0.5234899328859061,0.5172413793103449,123
2023-08-04,1046,145,94,69,34,51,35,0.6482758620689655,0.4927536231884058,128
2023-08-05,1046,130,67,74,42,63,32,0.5153846153846153,0.5675675675675675,109
2023-08-06,1046,122,72,98,33,50,65,0.5901639344262295,0.336734693877551,105
2023-08-07,1046,125,86,84,35,39,49,0.688,0.4166666666666667,121
2023-08-08,1046,109,94,82,42,15,40,0.8623853211009175,0.5121951219512195,136
2023-08-09,1046,112,81,71,55,31,16,0.7232142857142857,0.7746478873239436,136
2023-08-10,1046,142,84,100,45,58,55,0.5915492957746479,0.45,129
2023-08-11,1046,113,78,87,48,35,39,0.6902654867256637,0.5517241379310345,126
2023-08-12,1046,111,84,79,48,27,31,0.7567567567567568,0.6075949367088608,132
2023-08-13,1046,128,72,60,39,56,21,0.5625,0.65,111
2023-08-14,1046,136,90,83,37,46,46,0.6617647058823529,0.4457831325301205,127
2023-08-15,1046,138,82,72,36,56,36,0.5942028985507246,0.5,118
2023-08-16,1046,144,86,94,39,58,55,0.5972222222222222,0.4148936170212766,125
2023-08-17,1046,146,82,64,49,64,15,0.5616438356164384,0.765625,131
2023-08-18,1046,124,80,78,53,44,25,0.6451612903225806,0.6794871794871795,133
2023-08-19,1046,143,80,85,48,63,37,0.5594405594405595,0.5647058823529412,128
2023-08-20,1046,136,71,59,36,65,23,0.5220588235294118,0.6101694915254238,107
2023-08-21,1046,100,100,92,44,0,48,1,0.4782608695652174,144
2023-08-22,1046,142,72,59,41,70,18,0.5070422535211268,0.6949152542372882,113
2023-08-23,1046,144,82,68,37,62,31,0.5694444444444444,0.5441176470588235,119
2023-08-24,1046,136,84,72,50,52,22,0.6176470588235294,0.6944444444444444,134
2023-08-25,1046,129,69,50,36,60,14,0.5348837209302325,0.72,105
2023-08-26,1046,112,84,78,36,28,42,0.75,0.46153846153846156,120
2023-08-27,1046,141,97,100,47,44,53,0.6879432624113475,0.47,144
2023-08-28,1046,108,77,73,36,31,37,0.7129629629629629,0.4931506849315068,113
2023-08-29,1046,123,87,95,41,36,54,0.7073170731707317,0.43157894736842106,128
2023-08-30,1046,106,72,69,45,34,24,0.6792452830188679,0.6521739130434783,117
2023-08-31,1046,121,64,96,33,57,63,0.5289256198347108,0.34375,97
2023-09-01,1046,120,77,76,35,43,41,0.6416666666666667,0.4605263157894737,112
2023-09-02,1046,146,81,77,36,65,41,0.5547945205479452,0.4675324675324675,117
2023-09-03,1046,130,75,84,36,55,48,0.5769230769230769,0.42857142857142855,111
2023-09-04,1046,123,81,95,41,42,54,0.6585365853658537,0.43157894736842106,122
2023-09-05,1046,104,81,58,36,23,22,0.7788461538461539,0.6206896551724138,117
2023-09-06,1046,132,72,69,40,60,29,0.5454545454545454,0.5797101449275363,112
2023-09-07,1046,123,77,56,38,46,18,0.6260162601626016,0.6785714285714286,115
2023-09-08,1046,117,88,88,43,29,45,0.7521367521367521,0.48863636363636365,131
2023-09-09,1046,126,87,69,49,39,20,0.6904761904761905,0.7101449275362319,136
2023-09-10,1046,126,80,62,35,46,27,0.6349206349206349,0.5645161290322581,115
2023-09-11,1046,103,80,62,33,23,29,0.7766990291262136,0.532258064516129,113
2023-09-12,1046,129,95,65,35,34,30,0.7364341085271318,0.5384615384615384,130
2023-09-13,1046,140,89,56,47,51,9,0.6357142857142857,0.8392857142857143,136
2023-09-14,1046,148,94,56,46,54,10,0.6351351351351351,0.8214285714285714,140
2023-09-15,1046,138,70,57,49,68,8,0.5072463768115942,0.8596491228070176,119
2023-09-16,1046,144,71,50,40,73,10,0.4930555555555556,0.8,111
2023-09-17,1046,131,78,66,37,53,29,0.5954198473282443,0.5606060606060606,115
2023-09-18,1046,106,86,67,35,20,32,0.8113207547169812,0.5223880597014925,121
2023-09-19,1046,124,102,61,33,22,28,0.8225806451612904,0.5409836065573771,135
2023-09-20,1046,115,83,51,35,32,16,0.7217391304347827,0.6862745098039216,118
2023-09-21,1046,113,91,84,35,22,49,0.8053097345132744,0.4166666666666667,126
2023-09-22,1046,110,87,51,43,23,8,0.7909090909090909,0.8431372549019608,130
2023-09-23,1046,126,64,81,40,62,41,0.5079365079365079,0.49382716049382713,104
2023-09-24,1046,120,80,54,39,40,15,0.6666666666666666,0.7222222222222222,119
2023-09-25,1046,110,92,82,34,18,48,0.8363636363636363,0.4146341463414634,126
2023-09-26,1046,125,92,67,46,33,21,0.736,0.6865671641791045,138
2023-09-27,1046,131,78,89,40,53,49,0.5954198473282443,0.449438202247191,118
2023-09-28,1046,147,79,83,46,68,37,0.5374149659863946,0.5542168674698795,125
2023-09-29,1046,101,69,85,43,32,42,0.6831683168316832,0.5058823529411764,112
2023-09-30,1046,125,84,56,43,41,13,0.672,0.7678571428571429,127
2023-10-01,1046,116,83,92,45,33,47,0.7155172413793104,0.4891304347826087,128
2023-10-02,1046,144,86,75,38,58,37,0.5972222222222222,0.5066666666666667,124
2023-10-03,1046,123,92,50,39,31,11,0.7479674796747967,0.78,131
2023-10-04,1046,139,73,58,37,66,21,0.5251798561151079,0.6379310344827587,110
2023-10-05,1046,126,83,85,41,43,44,0.6587301587301587,0.4823529411764706,124
2023-10-06,1046,105,70,69,48,35,21,0.6666666666666666,0.6956521739130435,118
2023-10-07,1046,131,75,66,33,56,33,0.5725190839694656,0.5,108
2023-10-08,1046,121,79,99,49,42,50,0.6528925619834711,0.494949494949495,128
2023-10-09,1046,138,76,93,50,62,43,0.5507246376811594,0.5376344086021505,126
2023-10-10,1046,114,92,55,48,22,7,0.8070175438596491,0.8727272727272727,140
2023-10-11,1046,134,70,80,38,64,42,0.5223880597014925,0.475,108
2023-10-12,1046,123,88,70,45,35,25,0.7154471544715447,0.6428571428571429,133
2023-10-13,1046,140,78,56,46,62,10,0.5571428571428572,0.8214285714285714,124
2023-10-14,1046,129,90,95,47,39,48,0.6976744186046512,0.49473684210526314,137
2023-10-15,1046,108,76,56,51,32,5,0.7037037037037037,0.9107142857142857,127
2023-10-16,1046,103,76,76,38,27,38,0.7378640776699029,0.5,114
2023-10-17,1046,109,74,55,35,35,20,0.6788990825688074,0.6363636363636364,109
2023-10-18,1046,132,87,66,46,45,20,0.6590909090909091,0.696969696969697,133
2023-10-19,1046,146,76,83,53,70,30,0.5205479452054794,0.6385542168674698,129
2023-10-20,1046,104,76,72,30,28,42,0.7307692307692307,0.4166666666666667,106
2023-10-21,1046,128,85,64,40,43,24,0.6640625,0.625,125
2023-10-22,1046,149,79,98,58,70,40,0.5302013422818792,0.5918367346938775,137
2023-10-23,1046,123,76,62,48,47,14,0.6178861788617886,0.7741935483870968,124
2023-10-24,1046,132,83,74,31,49,43,0.6287878787878788,0.4189189189189189,114
2023-10-25,1046,100,82,79,32,18,47,0.82,0.4050632911392405,114
2023-10-26,1046,108,76,70,45,32,25,0.7037037037037037,0.6428571428571429,121
2023-10-27,1046,112,78,90,44,34,46,0.6964285714285714,0.4888888888888889,122
2023-10-28,1046,145,72,76,45,73,31,0.496551724137931,0.5921052631578947,117
2023-10-29,1046,120,79,87,34,41,53,0.6583333333333333,0.39080459770114945,113
2023-10-30,1046,146,93,70,45,53,25,0.636986301369863,0.6428571428571429,138
2023-10-31,1046,132,78,100,51,54,49,0.5909090909090909,0.51,129
2023-11-01,1046,119,90,85,45,29,40,0.7563025210084033,0.5294117647058824,135
2023-11-02,1046,102,84,81,47,18,34,0.8235294117647058,0.5802469135802469,131
2023-11-03,1046,150,89,64,38,61,26,0.5933333333333334,0.59375,127
2023-11-04,1046,150,79,92,43,71,49,0.5266666666666666,0.4673913043478261,122
2023-11-05,1046,101,93,56,45,8,11,0.9207920792079208,0.8035714285714286,138
2023-11-06,1046,141,87,99,43,54,56,0.6170212765957447,0.43434343434343436,130
2023-11-07,1046,147,73,63,46,74,17,0.4965986394557823,0.7301587301587301,119
2023-11-08,1046,115,84,86,39,31,47,0.7304347826086957,0.45348837209302323,123
2023-11-09,1046,138,84,63,35,54,28,0.6086956521739131,0.5555555555555556,119
2023-11-10,1046,129,78,97,37,51,60,0.6046511627906976,0.38144329896907214,115
2023-11-11,1046,128,78,63,35,50,28,0.609375,0.5555555555555556,113
2023-11-12,1046,134,82,88,36,52,52,0.6119402985074627,0.4090909090909091,118
2023-11-13,1046,106,84,94,35,22,59,0.7924528301886793,0.3723404255319149,119
2023-11-14,1046,150,93,89,38,57,51,0.62,0.42696629213483145,131
2023-11-15,1046,126,91,99,31,35,68,0.7222222222222222,0.31313131313131315,122
2023-11-16,1046,138,80,65,46,58,19,0.5797101449275363,0.7076923076923077,126
2023-11-17,1046,129,69,75,30,60,45,0.5348837209302325,0.4,99
2023-11-18,1046,138,79,56,33,59,23,0.572463768115942,0.5892857142857143,112
2023-11-19,1046,102,73,54,30,29,24,0.7156862745098039,0.5555555555555556,103
2023-11-20,1046,116,75,53,39,41,14,0.646551724137931,0.7358490566037735,114
2023-11-21,1046,134,81,76,36,53,40,0.6044776119402985,0.47368421052631576,117
2023-11-22,1046,131,87,54,46,44,8,0.6641221374045801,0.8518518518518519,133
2023-11-23,1046,138,96,76,39,42,37,0.6956521739130435,0.5131578947368421,135
2023-11-24,1046,121,79,85,39,42,46,0.6528925619834711,0.4588235294117647,118
2023-11-25,1046,137,66,51,41,71,10,0.48175182481751827,0.803921568627451,107
2023-11-26,1046,138,87,54,44,51,10,0.6304347826086957,0.8148148148148148,131
2023-11-27,1046,133,77,59,35,56,24,0.5789473684210527,0.5932203389830508,112
2023-11-28,1046,132,71,67,36,61,31,0.5378787878787878,0.5373134328358209,107
2023-11-29,1046,109,78,98,47,31,51,0.7155963302752294,0.47959183673469385,125
2023-11-30,1046,147,87,78,36,60,42,0.5918367346938775,0.46153846153846156,123
2023-12-01,1046,104,104,81,34,0,47,1,0.41975308641975306,138
2023-12-02,1046,106,75,78,45,31,33,0.7075471698113207,0.5769230769230769,120
2023-12-03,1046,150,76,90,39,74,51,0.5066666666666667,0.43333333333333335,115
2023-12-04,1046,141,98,62,49,43,13,0.6950354609929078,0.7903225806451613,147
2023-12-05,1046,120,79,90,38,41,52,0.6583333333333333,0.4222222222222222,117
2023-12-06,1046,137,89,56,37,48,19,0.6496350364963503,0.6607142857142857,126
2023-12-07,1046,112,83,91,40,29,51,0.7410714285714286,0.43956043956043955,123
2023-12-08,1046,149,74,83,30,75,53,0.49664429530201343,0.3614457831325301,104
2023-12-09,1046,145,86,84,44,59,40,0.593103448275862,0.5238095238095238,130
2023-12-10,1046,136,74,51,37,62,14,0.5441176470588235,0.7254901960784313,111
2023-12-11,1046,109,79,59,41,30,18,0.7247706422018348,0.6949152542372882,120
2023-12-12,1046,133,83,59,42,50,17,0.6240601503759399,0.711864406779661,125
2023-12-13,1046,145,70,94,42,75,52,0.4827586206896552,0.44680851063829785,112
2023-12-14,1046,148,79,98,46,69,52,0.5337837837837838,0.46938775510204084,125
2023-12-15,1046,111,82,54,41,29,13,0.7387387387387387,0.7592592592592593,123
2023-12-16,1046,145,89,63,48,56,15,0.6137931034482759,0.7619047619047619,137
2023-12-17,1046,125,96,55,37,29,18,0.768,0.6727272727272727,133
2023-12-18,1046,136,79,52,45,57,7,0.5808823529411765,0.8653846153846154,124
2023-12-19,1046,125,84,94,48,41,46,0.672,0.5106382978723404,132
2023-12-20,1046,102,61,90,39,41,51,0.5980392156862745,0.43333333333333335,100
2023-12-21,1046,112,67,66,38,45,28,0.5982142857142857,0.5757575757575758,105
2023-12-22,1046,120,93,67,52,27,15,0.775,0.7761194029850746,145
2023-12-23,1046,143,81,75,35,62,40,0.5664335664335665,0.4666666666666667,116
2023-12-24,1046,128,68,67,46,60,21,0.53125,0.6865671641791045,114
2023-12-25,1046,149,64,72,41,85,31,0.42953020134228187,0.5694444444444444,105
2023-12-26,1046,135,74,85,40,61,45,0.5481481481481482,0.47058823529411764,114
2023-12-27,1046,124,70,87,41,54,46,0.5645161290322581,0.47126436781609193,111
2023-12-28,1046,124,79,65,32,45,33,0.6370967741935484,0.49230769230769234,111
2023-12-29,1046,104,84,87,37,20,50,0.8076923076923077,0.42528735632183906,121
2023-12-30,1046,148,78,72,39,70,33,0.527027027027027,0.5416666666666666,117
2023-12-31,1046,112,78,70,46,34,24,0.6964285714285714,0.6571428571428571,124
2023-01-01,1047,112,78,84,42,34,42,0.6964285714285714,0.5,120
2023-01-02,1047,132,85,59,49,47,10,0.6439393939393939,0.8305084745762712,134
2023-01-03,1047,126,82,54,39,44,15,0.6507936507936508,0.7222222222222222,121
2023-01-04,1047,101,78,84,37,23,47,0.7722772277227723,0.44047619047619047,115
2023-01-05,1047,105,84,50,50,21,0,0.8,1,134
2023-01-06,1047,150,79,95,37,71,58,0.5266666666666666,0.3894736842105263,116
2023-01-07,1047,112,92,63,31,20,32,0.8214285714285714,0.49206349206349204,123
2023-01-08,1047,118,62,86,36,56,50,0.5254237288135594,0.4186046511627907,98
2023-01-09,1047,142,84,87,42,58,45,0.5915492957746479,0.4827586206896552,126
2023-01-10,1047,132,82,55,34,50,21,0.6212121212121212,0.6181818181818182,116
2023-01-11,1047,117,83,70,44,34,26,0.7094017094017094,0.6285714285714286,127
2023-01-12,1047,146,78,56,41,68,15,0.5342465753424658,0.7321428571428571,119
2023-01-13,1047,135,82,89,36,53,53,0.6074074074074074,0.4044943820224719,118
2023-01-14,1047,100,79,55,42,21,13,0.79,0.7636363636363637,121
2023-01-15,1047,115,90,74,40,25,34,0.782608695652174,0.5405405405405406,130
2023-01-16,1047,148,76,84,36,72,48,0.5135135135135135,0.42857142857142855,112
2023-01-17,1047,150,93,90,46,57,44,0.62,0.5111111111111111,139
2023-01-18,1047,149,76,99,48,73,51,0.5100671140939598,0.48484848484848486,124
2023-01-19,1047,148,74,93,41,74,52,0.5,0.44086021505376344,115
2023-01-20,1047,129,81,57,49,48,8,0.627906976744186,0.8596491228070176,130
2023-01-21,1047,147,93,68,40,54,28,0.6326530612244898,0.5882352941176471,133
2023-01-22,1047,109,98,79,51,11,28,0.8990825688073395,0.6455696202531646,149
2023-01-23,1047,132,84,100,45,48,55,0.6363636363636364,0.45,129
2023-01-24,1047,122,72,57,38,50,19,0.5901639344262295,0.6666666666666666,110
2023-01-25,1047,144,85,94,49,59,45,0.5902777777777778,0.5212765957446809,134
2023-01-26,1047,101,71,60,37,30,23,0.7029702970297029,0.6166666666666667,108
2023-01-27,1047,124,82,72,28,42,44,0.6612903225806451,0.3888888888888889,110
2023-01-28,1047,142,79,60,40,63,20,0.5563380281690141,0.6666666666666666,119
2023-01-29,1047,138,85,77,36,53,41,0.6159420289855072,0.4675324675324675,121
2023-01-30,1047,146,83,77,34,63,43,0.5684931506849316,0.44155844155844154,117
2023-01-31,1047,106,70,77,39,36,38,0.660377358490566,0.5064935064935064,109
2023-02-01,1047,125,81,88,42,44,46,0.648,0.4772727272727273,123
2023-02-02,1047,106,96,98,33,10,65,0.9056603773584906,0.336734693877551,129
2023-02-03,1047,137,84,81,49,53,32,0.6131386861313869,0.6049382716049383,133
2023-02-04,1047,121,91,68,40,30,28,0.7520661157024794,0.5882352941176471,131
2023-02-05,1047,134,88,77,47,46,30,0.6567164179104478,0.6103896103896104,135
2023-02-06,1047,129,79,57,38,50,19,0.6124031007751938,0.6666666666666666,117
2023-02-07,1047,142,81,62,45,61,17,0.5704225352112676,0.7258064516129032,126
2023-02-08,1047,101,91,75,30,10,45,0.900990099009901,0.4,121
2023-02-09,1047,113,85,91,46,28,45,0.7522123893805309,0.5054945054945055,131
2023-02-10,1047,146,86,97,40,60,57,0.589041095890411,0.41237113402061853,126
2023-02-11,1047,106,85,62,34,21,28,0.8018867924528302,0.5483870967741935,119
2023-02-12,1047,132,82,86,35,50,51,0.6212121212121212,0.4069767441860465,117
2023-02-13,1047,111,92,92,26,19,66,0.8288288288288288,0.2826086956521739,118
2023-02-14,1047,101,72,56,51,29,5,0.7128712871287128,0.9107142857142857,123
2023-02-15,1047,119,89,73,41,30,32,0.7478991596638656,0.5616438356164384,130
2023-02-16,1047,127,88,100,49,39,51,0.6929133858267716,0.49,137
2023-02-17,1047,119,72,68,35,47,33,0.6050420168067226,0.5147058823529411,107
2023-02-18,1047,136,82,80,44,54,36,0.6029411764705882,0.55,126
2023-02-19,1047,100,65,52,41,35,11,0.65,0.7884615384615384,106
2023-02-20,1047,129,69,61,37,60,24,0.5348837209302325,0.6065573770491803,106
2023-02-21,1047,106,91,92,51,15,41,0.8584905660377359,0.5543478260869565,142
2023-02-22,1047,100,65,68,42,35,26,0.65,0.6176470588235294,107
2023-02-23,1047,132,77,89,48,55,41,0.5833333333333334,0.5393258426966292,125
2023-02-24,1047,139,83,52,48,56,4,0.5971223021582733,0.9230769230769231,131
2023-02-25,1047,140,81,100,46,59,54,0.5785714285714286,0.46,127
2023-02-26,1047,140,81,56,33,59,23,0.5785714285714286,0.5892857142857143,114
2023-02-27,1047,138,73,59,39,65,20,0.5289855072463768,0.6610169491525424,112
2023-02-28,1047,102,87,94,47,15,47,0.8529411764705882,0.5,134
2023-03-01,1047,149,68,87,52,81,35,0.4563758389261745,0.5977011494252874,120
2023-03-02,1047,126,79,65,24,47,41,0.626984126984127,0.36923076923076925,103
2023-03-03,1047,136,77,93,39,59,54,0.5661764705882353,0.41935483870967744,116
2023-03-04,1047,147,77,84,43,70,41,0.5238095238095238,0.5119047619047619,120
2023-03-05,1047,103,91,58,39,12,19,0.883495145631068,0.6724137931034483,130
2023-03-06,1047,107,84,84,45,23,39,0.7850467289719626,0.5357142857142857,129
2023-03-07,1047,142,67,79,39,75,40,0.47183098591549294,0.4936708860759494,106
2023-03-08,1047,112,61,97,36,51,61,0.5446428571428571,0.3711340206185567,97
2023-03-09,1047,115,78,65,49,37,16,0.6782608695652174,0.7538461538461538,127
2023-03-10,1047,114,78,85,41,36,44,0.6842105263157895,0.4823529411764706,119
2023-03-11,1047,134,74,53,53,60,0,0.5522388059701493,1,127
2023-03-12,1047,123,68,78,43,55,35,0.5528455284552846,0.5512820512820513,111
2023-03-13,1047,133,76,72,26,57,46,0.5714285714285714,0.3611111111111111,102
2023-03-14,1047,148,66,64,49,82,15,0.44594594594594594,0.765625,115
2023-03-15,1047,111,79,79,41,32,38,0.7117117117117117,0.5189873417721519,120
2023-03-16,1047,150,85,76,38,65,38,0.5666666666666667,0.5,123
2023-03-17,1047,102,77,68,37,25,31,0.7549019607843137,0.5441176470588235,114
2023-03-18,1047,115,73,72,41,42,31,0.6347826086956522,0.5694444444444444,114
2023-03-19,1047,121,84,96,29,37,67,0.6942148760330579,0.3020833333333333,113
2023-03-20,1047,109,78,58,38,31,20,0.7155963302752294,0.6551724137931034,116
2023-03-21,1047,130,72,82,40,58,42,0.5538461538461539,0.4878048780487805,112
2023-03-22,1047,102,80,63,44,22,19,0.7843137254901961,0.6984126984126984,124
2023-03-23,1047,120,83,91,46,37,45,0.6916666666666667,0.5054945054945055,129
2023-03-24,1047,102,77,78,43,25,35,0.7549019607843137,0.5512820512820513,120
2023-03-25,1047,101,80,93,54,21,39,0.7920792079207921,0.5806451612903226,134
2023-03-26,1047,134,77,93,37,57,56,0.5746268656716418,0.3978494623655914,114
2023-03-27,1047,129,76,92,40,53,52,0.5891472868217055,0.43478260869565216,116
2023-03-28,1047,118,86,72,45,32,27,0.7288135593220338,0.625,131
2023-03-29,1047,142,88,94,36,54,58,0.6197183098591549,0.3829787234042553,124
2023-03-30,1047,148,94,59,24,54,35,0.6351351351351351,0.4067796610169492,118
2023-03-31,1047,105,91,79,45,14,34,0.8666666666666667,0.569620253164557,136
2023-04-01,1047,100,83,60,37,17,23,0.83,0.6166666666666667,120
2023-04-02,1047,112,76,90,38,36,52,0.6785714285714286,0.4222222222222222,114
2023-04-03,1047,114,74,76,38,40,38,0.6491228070175439,0.5,112
2023-04-04,1047,107,89,57,39,18,18,0.8317757009345794,0.6842105263157895,128
2023-04-05,1047,102,99,72,35,3,37,0.9705882352941176,0.4861111111111111,134
2023-04-06,1047,107,83,79,46,24,33,0.7757009345794392,0.5822784810126582,129
2023-04-07,1047,142,74,91,51,68,40,0.5211267605633803,0.5604395604395604,125
2023-04-08,1047,121,76,82,32,45,50,0.628099173553719,0.3902439024390244,108
2023-04-09,1047,121,73,94,46,48,48,0.6033057851239669,0.48936170212765956,119
2023-04-10,1047,121,79,55,37,42,18,0.6528925619834711,0.6727272727272727,116
2023-04-11,1047,100,79,97,51,21,46,0.79,0.5257731958762887,130
2023-04-12,1047,116,67,85,34,49,51,0.5775862068965517,0.4,101
2023-04-13,1047,103,71,98,33,32,65,0.6893203883495146,0.336734693877551,104
2023-04-14,1047,112,85,78,35,27,43,0.7589285714285714,0.44871794871794873,120
2023-04-15,1047,118,79,95,34,39,61,0.6694915254237288,0.35789473684210527,113
2023-04-16,1047,102,83,86,35,19,51,0.8137254901960784,0.4069767441860465,118
2023-04-17,1047,104,76,88,38,28,50,0.7307692307692307,0.4318181818181818,114
2023-04-18,1047,128,88,82,35,40,47,0.6875,0.4268292682926829,123
2023-04-19,1047,114,67,63,46,47,17,0.5877192982456141,0.7301587301587301,113
2023-04-20,1047,109,73,90,56,36,34,0.6697247706422018,0.6222222222222222,129
2023-04-21,1047,138,87,86,33,51,53,0.6304347826086957,0.38372093023255816,120
2023-04-22,1047,149,85,52,39,64,13,0.5704697986577181,0.75,124
2023-04-23,1047,100,77,56,34,23,22,0.77,0.6071428571428571,111
2023-04-24,1047,103,68,50,39,35,11,0.6601941747572816,0.78,107
2023-04-25,1047,143,56,59,33,87,26,0.3916083916083916,0.559322033898305,89
2023-04-26,1047,142,84,72,35,58,37,0.5915492957746479,0.4861111111111111,119
2023-04-27,1047,109,85,82,29,24,53,0.7798165137614679,0.35365853658536583,114
2023-04-28,1047,101,91,58,55,10,3,0.900990099009901,0.9482758620689655,146
2023-04-29,1047,133,72,70,39,61,31,0.5413533834586466,0.5571428571428572,111
2023-04-30,1047,112,78,82,44,34,38,0.6964285714285714,0.5365853658536586,122
2023-05-01,1047,127,82,75,38,45,37,0.6456692913385826,0.5066666666666667,120
2023-05-02,1047,109,83,87,33,26,54,0.7614678899082569,0.3793103448275862,116
2023-05-03,1047,116,74,87,32,42,55,0.6379310344827587,0.367816091954023,106
2023-05-04,1047,109,78,69,34,31,35,0.7155963302752294,0.4927536231884058,112
2023-05-05,1047,119,85,78,52,34,26,0.7142857142857143,0.6666666666666666,137
2023-05-06,1047,119,68,66,40,51,26,0.5714285714285714,0.6060606060606061,108
2023-05-07,1047,142,63,86,45,79,41,0.44366197183098594,0.5232558139534884,108
2023-05-08,1047,142,82,68,47,60,21,0.5774647887323944,0.6911764705882353,129
2023-05-09,1047,126,83,78,38,43,40,0.6587301587301587,0.48717948717948717,121
2023-05-10,1047,134,70,86,35,64,51,0.5223880597014925,0.4069767441860465,105
2023-05-11,1047,132,82,94,35,50,59,0.6212121212121212,0.3723404255319149,117
2023-05-12,1047,140,81,96,43,59,53,0.5785714285714286,0.4479166666666667,124
2023-05-13,1047,101,83,73,44,18,29,0.8217821782178217,0.6027397260273972,127
2023-05-14,1047,125,77,60,52,48,8,0.616,0.8666666666666667,129
2023-05-15,1047,132,74,74,38,58,36,0.5606060606060606,0.5135135135135135,112
2023-05-16,1047,147,79,84,38,68,46,0.5374149659863946,0.4523809523809524,117
2023-05-17,1047,116,107,94,43,9,51,0.9224137931034483,0.4574468085106383,150
2023-05-18,1047,117,82,77,35,35,42,0.7008547008547008,0.45454545454545453,117
2023-05-19,1047,107,92,60,29,15,31,0.8598130841121495,0.48333333333333334,121
2023-05-20,1047,123,88,92,53,35,39,0.7154471544715447,0.5760869565217391,141
2023-05-21,1047,108,60,85,40,48,45,0.5555555555555556,0.47058823529411764,100
2023-05-22,1047,116,77,60,36,39,24,0.6637931034482759,0.6,113
2023-05-23,1047,102,90,84,31,12,53,0.8823529411764706,0.36904761904761907,121
2023-05-24,1047,139,91,54,35,48,19,0.6546762589928058,0.6481481481481481,126
2023-05-25,1047,149,74,75,40,75,35,0.49664429530201343,0.5333333333333333,114
2023-05-26,1047,102,90,86,43,12,43,0.8823529411764706,0.5,133
2023-05-27,1047,129,87,79,33,42,46,0.6744186046511628,0.4177215189873418,120
2023-05-28,1047,127,76,68,34,51,34,0.5984251968503937,0.5,110
2023-05-29,1047,124,77,82,35,47,47,0.6209677419354839,0.4268292682926829,112
2023-05-30,1047,126,85,73,45,41,28,0.6746031746031746,0.6164383561643836,130
2023-05-31,1047,110,70,87,40,40,47,0.6363636363636364,0.45977011494252873,110
2023-06-01,1047,123,92,60,43,31,17,0.7479674796747967,0.7166666666666667,135
2023-06-02,1047,123,82,83,44,41,39,0.6666666666666666,0.5301204819277109,126
2023-06-03,1047,100,86,95,44,14,51,0.86,0.4631578947368421,130
2023-06-04,1047,144,71,94,41,73,53,0.4930555555555556,0.43617021276595747,112
2023-06-05,1047,137,73,92,39,64,53,0.5328467153284672,0.42391304347826086,112
2023-06-06,1047,147,100,82,44,47,38,0.6802721088435374,0.5365853658536586,144
2023-06-07,1047,118,68,66,42,50,24,0.576271186440678,0.6363636363636364,110
2023-06-08,1047,114,78,65,47,36,18,0.6842105263157895,0.7230769230769231,125
2023-06-09,1047,123,74,55,36,49,19,0.6016260162601627,0.6545454545454545,110
2023-06-10,1047,143,81,84,43,62,41,0.5664335664335665,0.5119047619047619,124
2023-06-11,1047,147,71,100,40,76,60,0.48299319727891155,0.4,111
2023-06-12,1047,119,89,79,50,30,29,0.7478991596638656,0.6329113924050633,139
2023-06-13,1047,145,70,95,41,75,54,0.4827586206896552,0.43157894736842106,111
2023-06-14,1047,127,63,62,46,64,16,0.49606299212598426,0.7419354838709677,109
2023-06-15,1047,142,74,51,31,68,20,0.5211267605633803,0.6078431372549019,105
2023-06-16,1047,138,78,79,32,60,47,0.5652173913043478,0.4050632911392405,110
2023-06-17,1047,130,79,82,41,51,41,0.6076923076923076,0.5,120
2023-06-18,1047,133,76,67,43,57,24,0.5714285714285714,0.6417910447761194,119
2023-06-19,1047,132,73,82,48,59,34,0.553030303030303,0.5853658536585366,121
2023-06-20,1047,109,75,98,50,34,48,0.6880733944954128,0.5102040816326531,125
2023-06-21,1047,115,79,91,46,36,45,0.6869565217391305,0.5054945054945055,125
2023-06-22,1047,144,99,67,46,45,21,0.6875,0.6865671641791045,145
2023-06-23,1047,129,78,78,37,51,41,0.6046511627906976,0.47435897435897434,115
2023-06-24,1047,107,62,64,38,45,26,0.5794392523364486,0.59375,100
2023-06-25,1047,118,76,53,46,42,7,0.6440677966101694,0.8679245283018868,122
2023-06-26,1047,102,76,85,46,26,39,0.7450980392156863,0.5411764705882353,122
2023-06-27,1047,129,75,88,44,54,44,0.5813953488372093,0.5,119
2023-06-28,1047,117,83,63,36,34,27,0.7094017094017094,0.5714285714285714,119
2023-06-29,1047,123,78,70,49,45,21,0.6341463414634146,0.7,127
2023-06-30,1047,112,85,79,42,27,37,0.7589285714285714,0.5316455696202531,127
2023-07-01,1047,106,93,62,29,13,33,0.8773584905660378,0.46774193548387094,122
2023-07-02,1047,137,90,97,42,47,55,0.656934306569343,0.4329896907216495,132
2023-07-03,1047,131,82,59,41,49,18,0.6259541984732825,0.6949152542372882,123
2023-07-04,1047,114,93,79,55,21,24,0.8157894736842105,0.6962025316455697,148
2023-07-05,1047,102,80,82,44,22,38,0.7843137254901961,0.5365853658536586,124
2023-07-06,1047,129,86,79,32,43,47,0.6666666666666666,0.4050632911392405,118
2023-07-07,1047,120,73,54,29,47,25,0.6083333333333333,0.5370370370370371,102
2023-07-08,1047,112,69,50,41,43,9,0.6160714285714286,0.82,110
2023-07-09,1047,117,81,84,43,36,41,0.6923076923076923,0.5119047619047619,124
2023-07-10,1047,110,80,50,45,30,5,0.7272727272727273,0.9,125
2023-07-11,1047,118,89,60,42,29,18,0.7542372881355932,0.7,131
2023-07-12,1047,113,91,56,54,22,2,0.8053097345132744,0.9642857142857143,145
2023-07-13,1047,146,83,92,45,63,47,0.5684931506849316,0.4891304347826087,128
2023-07-14,1047,138,72,75,34,66,41,0.5217391304347826,0.4533333333333333,106
2023-07-15,1047,114,70,55,37,44,18,0.6140350877192983,0.6727272727272727,107
2023-07-16,1047,137,68,94,39,69,55,0.49635036496350365,0.4148936170212766,107
2023-07-17,1047,134,70,74,36,64,38,0.5223880597014925,0.4864864864864865,106
2023-07-18,1047,126,96,64,39,30,25,0.7619047619047619,0.609375,135
2023-07-19,1047,114,87,50,28,27,22,0.7631578947368421,0.56,115
2023-07-20,1047,148,89,95,49,59,46,0.6013513513513513,0.5157894736842106,138
2023-07-21,1047,108,94,55,47,14,8,0.8703703703703703,0.8545454545454545,141
2023-07-22,1047,127,89,79,39,38,40,0.7007874015748031,0.4936708860759494,128
2023-07-23,1047,121,78,94,42,43,52,0.6446280991735537,0.44680851063829785,120
2023-07-24,1047,118,76,84,42,42,42,0.6440677966101694,0.5,118
2023-07-25,1047,108,66,87,35,42,52,0.6111111111111112,0.40229885057471265,101
2023-07-26,1047,119,77,52,42,42,10,0.6470588235294118,0.8076923076923077,119
2023-07-27,1047,127,85,74,42,42,32,0.6692913385826772,0.5675675675675675,127
2023-07-28,1047,120,60,59,30,60,29,0.5,0.5084745762711864,90
2023-07-29,1047,135,77,79,34,58,45,0.5703703703703704,0.43037974683544306,111
2023-07-30,1047,136,76,53,40,60,13,0.5588235294117647,0.7547169811320755,116
2023-07-31,1047,144,75,96,37,69,59,0.5208333333333334,0.3854166666666667,112
2023-08-01,1047,142,73,77,39,69,38,0.5140845070422535,0.5064935064935064,112
2023-08-02,1047,116,103,93,36,13,57,0.8879310344827587,0.3870967741935484,139
2023-08-03,1047,100,79,95,38,21,57,0.79,0.4,117
2023-08-04,1047,132,92,68,56,40,12,0.696969696969697,0.8235294117647058,148
2023-08-05,1047,133,75,82,28,58,54,0.5639097744360902,0.34146341463414637,103
2023-08-06,1047,117,77,96,37,40,59,0.6581196581196581,0.3854166666666667,114
2023-08-07,1047,118,73,86,39,45,47,0.6186440677966102,0.45348837209302323,112
2023-08-08,1047,110,93,88,38,17,50,0.8454545454545455,0.4318181818181818,131
2023-08-09,1047,114,95,77,40,19,37,0.8333333333333334,0.5194805194805194,135
2023-08-10,1047,145,83,84,55,62,29,0.5724137931034483,0.6547619047619048,138
2023-08-11,1047,120,82,98,41,38,57,0.6833333333333333,0.41836734693877553,123
2023-08-12,1047,135,81,70,57,54,13,0.6,0.8142857142857143,138
2023-08-13,1047,105,72,87,39,33,48,0.6857142857142857,0.4482758620689655,111
2023-08-14,1047,147,75,72,34,72,38,0.5102040816326531,0.4722222222222222,109
2023-08-15,1047,129,85,96,40,44,56,0.6589147286821705,0.4166666666666667,125
2023-08-16,1047,144,74,96,30,70,66,0.5138888888888888,0.3125,104
2023-08-17,1047,121,72,89,40,49,49,0.5950413223140496,0.449438202247191,112
2023-08-18,1047,113,76,51,45,37,6,0.672566371681416,0.8823529411764706,121
2023-08-19,1047,115,77,92,35,38,57,0.6695652173913044,0.3804347826086957,112
2023-08-20,1047,107,83,79,47,24,32,0.7757009345794392,0.5949367088607594,130
2023-08-21,1047,114,101,75,41,13,34,0.8859649122807017,0.5466666666666666,142
2023-08-22,1047,140,89,70,40,51,30,0.6357142857142857,0.5714285714285714,129
2023-08-23,1047,139,78,88,43,61,45,0.5611510791366906,0.48863636363636365,121
2023-08-24,1047,150,104,65,37,46,28,0.6933333333333334,0.5692307692307692,141
2023-08-25,1047,129,58,78,44,71,34,0.4496124031007752,0.5641025641025641,102
2023-08-26,1047,146,82,51,48,64,3,0.5616438356164384,0.9411764705882353,130
2023-08-27,1047,127,85,76,38,42,38,0.6692913385826772,0.5,123
2023-08-28,1047,148,83,98,38,65,60,0.5608108108108109,0.3877551020408163,121
2023-08-29,1047,137,87,97,42,50,55,0.635036496350365,0.4329896907216495,129
2023-08-30,1047,106,71,65,48,35,17,0.6698113207547169,0.7384615384615385,119
2023-08-31,1047,137,90,92,37,47,55,0.656934306569343,0.40217391304347827,127
2023-09-01,1047,120,78,60,42,42,18,0.65,0.7,120
2023-09-02,1047,138,95,79,41,43,38,0.6884057971014492,0.5189873417721519,136
2023-09-03,1047,116,80,94,37,36,57,0.6896551724137931,0.39361702127659576,117
2023-09-04,1047,141,75,50,44,66,6,0.5319148936170213,0.88,119
2023-09-05,1047,110,74,52,38,36,14,0.6727272727272727,0.7307692307692307,112
2023-09-06,1047,105,68,83,36,37,47,0.6476190476190476,0.43373493975903615,104
2023-09-07,1047,113,72,70,30,41,40,0.6371681415929203,0.42857142857142855,102
2023-09-08,1047,113,72,50,48,41,2,0.6371681415929203,0.96,120
2023-09-09,1047,109,96,58,47,13,11,0.8807339449541285,0.8103448275862069,143
2023-09-10,1047,113,89,95,44,24,51,0.7876106194690266,0.4631578947368421,133
2023-09-11,1047,139,78,73,34,61,39,0.5611510791366906,0.4657534246575342,112
2023-09-12,1047,146,87,65,35,59,30,0.5958904109589042,0.5384615384615384,122
2023-09-13,1047,133,81,55,44,52,11,0.6090225563909775,0.8,125
2023-09-14,1047,144,71,78,50,73,28,0.4930555555555556,0.6410256410256411,121
2023-09-15,1047,119,76,76,44,43,32,0.6386554621848739,0.5789473684210527,120
2023-09-16,1047,113,93,90,49,20,41,0.8230088495575221,0.5444444444444444,142
2023-09-17,1047,145,86,60,36,59,24,0.593103448275862,0.6,122
2023-09-18,1047,129,81,72,47,48,25,0.627906976744186,0.6527777777777778,128
2023-09-19,1047,111,90,80,39,21,41,0.8108108108108109,0.4875,129
2023-09-20,1047,138,75,59,37,63,22,0.5434782608695652,0.6271186440677966,112
2023-09-21,1047,133,78,83,39,55,44,0.5864661654135338,0.46987951807228917,117
2023-09-22,1047,126,88,54,43,38,11,0.6984126984126984,0.7962962962962963,131
2023-09-23,1047,104,82,74,43,22,31,0.7884615384615384,0.581081081081081,125
2023-09-24,1047,129,68,69,41,61,28,0.5271317829457365,0.5942028985507246,109
2023-09-25,1047,114,84,74,53,30,21,0.7368421052631579,0.7162162162162162,137
2023-09-26,1047,113,75,51,49,38,2,0.6637168141592921,0.9607843137254902,124
2023-09-27,1047,147,94,60,39,53,21,0.6394557823129252,0.65,133
2023-09-28,1047,107,95,81,35,12,46,0.8878504672897196,0.43209876543209874,130
2023-09-29,1047,122,101,84,46,21,38,0.8278688524590164,0.5476190476190477,147
2023-09-30,1047,105,72,52,47,33,5,0.6857142857142857,0.9038461538461539,119
2023-10-01,1047,126,72,74,38,54,36,0.5714285714285714,0.5135135135135135,110
2023-10-02,1047,145,102,90,35,43,55,0.7034482758620689,0.3888888888888889,137
2023-10-03,1047,135,77,79,39,58,40,0.5703703703703704,0.4936708860759494,116
2023-10-04,1047,140,79,85,36,61,49,0.5642857142857143,0.4235294117647059,115
2023-10-05,1047,127,96,55,40,31,15,0.7559055118110236,0.7272727272727273,136
2023-10-06,1047,101,76,87,47,25,40,0.7524752475247525,0.5402298850574713,123
2023-10-07,1047,142,93,97,39,49,58,0.6549295774647887,0.4020618556701031,132
2023-10-08,1047,137,72,53,45,65,8,0.5255474452554745,0.8490566037735849,117
2023-10-09,1047,122,85,97,43,37,54,0.6967213114754098,0.44329896907216493,128
2023-10-10,1047,119,75,65,38,44,27,0.6302521008403361,0.5846153846153846,113
2023-10-11,1047,111,84,94,36,27,58,0.7567567567567568,0.3829787234042553,120
2023-10-12,1047,119,80,60,39,39,21,0.6722689075630253,0.65,119
2023-10-13,1047,145,88,81,34,57,47,0.6068965517241379,0.41975308641975306,122
2023-10-14,1047,113,93,50,31,20,19,0.8230088495575221,0.62,124
2023-10-15,1047,109,70,95,42,39,53,0.6422018348623854,0.4421052631578947,112
2023-10-16,1047,129,105,77,37,24,40,0.813953488372093,0.4805194805194805,142
2023-10-17,1047,129,77,75,38,52,37,0.5968992248062015,0.5066666666666667,115
2023-10-18,1047,128,80,85,43,48,42,0.625,0.5058823529411764,123
2023-10-19,1047,101,88,50,50,13,0,0.8712871287128713,1,138
2023-10-20,1047,120,66,84,40,54,44,0.55,0.47619047619047616,106
2023-10-21,1047,129,96,57,55,33,2,0.7441860465116279,0.9649122807017544,151
2023-10-22,1047,120,76,56,39,44,17,0.6333333333333333,0.6964285714285714,115
2023-10-23,1047,108,81,67,34,27,33,0.75,0.5074626865671642,115
2023-10-24,1047,135,89,72,44,46,28,0.6592592592592592,0.6111111111111112,133
2023-10-25,1047,118,75,99,46,43,53,0.635593220338983,0.46464646464646464,121
2023-10-26,1047,118,87,97,46,31,51,0.7372881355932204,0.4742268041237113,133
2023-10-27,1047,129,66,70,35,63,35,0.5116279069767442,0.5,101
2023-10-28,1047,122,82,81,40,40,41,0.6721311475409836,0.49382716049382713,122
2023-10-29,1047,124,78,50,47,46,3,0.6290322580645161,0.94,125
2023-10-30,1047,145,84,50,29,61,21,0.5793103448275863,0.58,113
2023-10-31,1047,105,70,55,28,35,27,0.6666666666666666,0.509090909090909,98
2023-11-01,1047,119,71,75,35,48,40,0.5966386554621849,0.4666666666666667,106
2023-11-02,1047,111,72,85,40,39,45,0.6486486486486487,0.47058823529411764,112
2023-11-03,1047,113,101,77,31,12,46,0.8938053097345132,0.4025974025974026,132
2023-11-04,1047,143,71,93,38,72,55,0.4965034965034965,0.40860215053763443,109
2023-11-05,1047,137,69,50,46,68,4,0.5036496350364964,0.92,115
2023-11-06,1047,129,66,96,41,63,55,0.5116279069767442,0.4270833333333333,107
2023-11-07,1047,113,89,97,35,24,62,0.7876106194690266,0.36082474226804123,124
2023-11-08,1047,141,76,61,36,65,25,0.5390070921985816,0.5901639344262295,112
2023-11-09,1047,119,68,78,30,51,48,0.5714285714285714,0.38461538461538464,98
2023-11-10,1047,113,99,84,57,14,27,0.8761061946902655,0.6785714285714286,156
2023-11-11,1047,107,86,100,36,21,64,0.8037383177570093,0.36,122
2023-11-12,1047,106,74,96,47,32,49,0.6981132075471698,0.4895833333333333,121
2023-11-13,1047,138,71,60,34,67,26,0.5144927536231884,0.5666666666666667,105
2023-11-14,1047,124,75,61,30,49,31,0.6048387096774194,0.4918032786885246,105
2023-11-15,1047,142,66,73,38,76,35,0.4647887323943662,0.5205479452054794,104
2023-11-16,1047,143,86,86,36,57,50,0.6013986013986014,0.4186046511627907,122
2023-11-17,1047,135,76,80,37,59,43,0.562962962962963,0.4625,113
2023-11-18,1047,135,79,76,35,56,41,0.5851851851851851,0.4605263157894737,114
2023-11-19,1047,147,87,59,47,60,12,0.5918367346938775,0.7966101694915254,134
2023-11-20,1047,135,72,72,43,63,29,0.5333333333333333,0.5972222222222222,115
2023-11-21,1047,116,73,64,44,43,20,0.6293103448275862,0.6875,117
2023-11-22,1047,111,85,88,43,26,45,0.7657657657657657,0.48863636363636365,128
2023-11-23,1047,116,97,69,32,19,37,0.8362068965517241,0.463768115942029,129
2023-11-24,1047,117,90,98,34,27,64,0.7692307692307693,0.3469387755102041,124
2023-11-25,1047,140,77,62,44,63,18,0.55,0.7096774193548387,121
2023-11-26,1047,137,78,57,42,59,15,0.5693430656934306,0.7368421052631579,120
2023-11-27,1047,144,65,85,47,79,38,0.4513888888888889,0.5529411764705883,112
2023-11-28,1047,101,76,81,53,25,28,0.7524752475247525,0.654320987654321,129
2023-11-29,1047,126,79,73,31,47,42,0.626984126984127,0.4246575342465753,110
2023-11-30,1047,139,77,71,28,62,43,0.5539568345323741,0.39436619718309857,105
2023-12-01,1047,132,72,56,33,60,23,0.5454545454545454,0.5892857142857143,105
2023-12-02,1047,127,85,57,32,42,25,0.6692913385826772,0.5614035087719298,117
2023-12-03,1047,142,92,53,50,50,3,0.647887323943662,0.9433962264150944,142
2023-12-04,1047,120,87,85,46,33,39,0.725,0.5411764705882353,133
2023-12-05,1047,137,94,72,35,43,37,0.6861313868613139,0.4861111111111111,129
2023-12-06,1047,141,96,91,33,45,58,0.6808510638297872,0.3626373626373626,129
2023-12-07,1047,125,67,75,39,58,36,0.536,0.52,106
2023-12-08,1047,107,85,68,49,22,19,0.794392523364486,0.7205882352941176,134
2023-12-09,1047,144,80,50,43,64,7,0.5555555555555556,0.86,123
2023-12-10,1047,125,75,98,49,50,49,0.6,0.5,124
2023-12-11,1047,145,73,83,37,72,46,0.503448275862069,0.4457831325301205,110
2023-12-12,1047,125,86,96,40,39,56,0.688,0.4166666666666667,126
2023-12-13,1047,140,93,74,36,47,38,0.6642857142857143,0.4864864864864865,129
2023-12-14,1047,101,80,68,46,21,22,0.7920792079207921,0.6764705882352942,126
2023-12-15,1047,146,80,62,47,66,15,0.547945205479452,0.7580645161290323,127
2023-12-16,1047,112,91,95,40,21,55,0.8125,0.42105263157894735,131
2023-12-17,1047,130,80,86,35,50,51,0.6153846153846154,0.4069767441860465,115
2023-12-18,1047,128,83,99,42,45,57,0.6484375,0.42424242424242425,125
2023-12-19,1047,143,85,98,34,58,64,0.5944055944055944,0.3469387755102041,119
2023-12-20,1047,108,71,94,36,37,58,0.6574074074074074,0.3829787234042553,107
2023-12-21,1047,115,77,69,47,38,22,0.6695652173913044,0.6811594202898551,124
2023-12-22,1047,135,69,70,47,66,23,0.5111111111111111,0.6714285714285714,116
2023-12-23,1047,143,66,95,31,77,64,0.46153846153846156,0.3263157894736842,97
2023-12-24,1047,129,85,52,38,44,14,0.6589147286821705,0.7307692307692307,123
2023-12-25,1047,130,82,61,30,48,31,0.6307692307692307,0.4918032786885246,112
2023-12-26,1047,127,71,75,36,56,39,0.5590551181102362,0.48,107
2023-12-27,1047,142,82,71,40,60,31,0.5774647887323944,0.5633802816901409,122
2023-12-28,1047,138,96,81,38,42,43,0.6956521739130435,0.4691358024691358,134
2023-12-29,1047,124,68,70,39,56,31,0.5483870967741935,0.5571428571428572,107
2023-12-30,1047,144,83,85,40,61,45,0.5763888888888888,0.47058823529411764,123
2023-12-31,1047,106,69,97,44,37,53,0.6509433962264151,0.4536082474226804,113
2023-01-01,1048,105,82,67,42,23,25,0.780952380952381,0.6268656716417911,124
2023-01-02,1048,114,83,57,37,31,20,0.7280701754385965,0.6491228070175439,120
2023-01-03,1048,140,87,84,31,53,53,0.6214285714285714,0.36904761904761907,118
2023-01-04,1048,119,79,56,43,40,13,0.6638655462184874,0.7678571428571429,122
2023-01-05,1048,139,81,96,31,58,65,0.5827338129496403,0.3229166666666667,112
2023-01-06,1048,130,78,81,32,52,49,0.6,0.3950617283950617,110
2023-01-07,1048,127,80,60,56,47,4,0.6299212598425197,0.9333333333333333,136
2023-01-08,1048,109,95,72,33,14,39,0.8715596330275229,0.4583333333333333,128
2023-01-09,1048,149,73,55,35,76,20,0.4899328859060403,0.6363636363636364,108
2023-01-10,1048,145,81,60,36,64,24,0.5586206896551724,0.6,117
2023-01-11,1048,120,94,98,40,26,58,0.7833333333333333,0.40816326530612246,134
2023-01-12,1048,137,91,52,34,46,18,0.6642335766423357,0.6538461538461539,125
2023-01-13,1048,144,76,83,44,68,39,0.5277777777777778,0.5301204819277109,120
2023-01-14,1048,148,66,53,34,82,19,0.44594594594594594,0.6415094339622641,100
2023-01-15,1048,142,74,53,38,68,15,0.5211267605633803,0.71698113207547165,112
2023-01-16,1048,124,84,89,39,40,50,0.6774193548387096,0.43820224719101125,123
2023-01-17,1048,102,90,97,54,12,43,0.8823529411764706,0.5567010309278351,144
2023-01-18,1048,117,86,54,37,31,17,0.7350427350427351,0.6851851851851852,123
2023-01-19,1048,127,85,99,36,42,63,0.6692913385826772,0.36363636363636365,121
2023-01-20,1048,131,87,61,38,44,23,0.6641221374045801,0.6229508196721312,125
2023-01-21,1048,122,66,59,41,56,18,0.5409836065573771,0.6949152542372882,107
2023-01-22,1048,111,85,76,41,26,35,0.7657657657657657,0.5394736842105263,126
2023-01-23,1048,114,93,94,30,21,64,0.8157894736842105,0.3191489361702128,123
2023-01-24,1048,128,74,53,42,54,11,0.578125,0.7924528301886793,116
2023-01-25,1048,125,81,61,38,44,23,0.648,0.6229508196721312,119
2023-01-26,1048,113,86,56,41,27,15,0.7610619469026548,0.7321428571428571,127
2023-01-27,1048,124,71,79,32,53,47,0.5725806451612904,0.4050632911392405,103
2023-01-28,1048,122,67,82,33,55,49,0.5491803278688525,0.4024390243902439,100
2023-01-29,1048,105,72,63,41,33,22,0.6857142857142857,0.6507936507936508,113
2023-01-30,1048,121,83,60,34,38,26,0.6859504132231405,0.5666666666666667,117
2023-01-31,1048,117,77,74,40,40,34,0.6581196581196581,0.5405405405405406,117
2023-02-01,1048,102,64,96,22,38,74,0.6274509803921569,0.22916666666666666,86
2023-02-02,1048,132,80,71,35,52,36,0.6060606060606061,0.49295774647887325,115
2023-02-03,1048,148,91,57,51,57,6,0.6148648648648649,0.8947368421052632,142
2023-02-04,1048,102,64,64,53,38,11,0.6274509803921569,0.828125,117
2023-02-05,1048,127,83,62,41,44,21,0.6535433070866141,0.6612903225806451,124
2023-02-06,1048,146,78,77,42,68,35,0.5342465753424658,0.5454545454545454,120
2023-02-07,1048,105,94,90,46,11,44,0.8952380952380953,0.5111111111111111,140
2023-02-08,1048,130,70,74,49,60,25,0.5384615384615384,0.6621621621621622,119
2023-02-09,1048,124,87,66,41,37,25,0.7016129032258065,0.6212121212121212,128
2023-02-10,1048,137,77,97,48,60,49,0.5620437956204379,0.4948453608247423,125
2023-02-11,1048,147,75,64,34,72,30,0.5102040816326531,0.53125,109
2023-02-12,1048,146,81,98,40,65,58,0.5547945205479452,0.40816326530612246,121
2023-02-13,1048,140,79,59,42,61,17,0.5642857142857143,0.711864406779661,121
2023-02-14,1048,121,80,65,35,41,30,0.6611570247933884,0.5384615384615384,115
2023-02-15,1048,134,59,61,40,75,21,0.44029850746268656,0.6557377049180327,99
2023-02-16,1048,118,82,75,45,36,30,0.6949152542372882,0.6,127
2023-02-17,1048,111,86,55,42,25,13,0.7747747747747747,0.7636363636363637,128
2023-02-18,1048,131,82,88,54,49,34,0.6259541984732825,0.6136363636363636,136
2023-02-19,1048,126,83,53,26,43,27,0.6587301587301587,0.49056603773584906,109
2023-02-20,1048,104,62,94,45,42,49,0.5961538461538461,0.4787234042553192,107
2023-02-21,1048,149,88,66,41,61,25,0.5906040268456376,0.6212121212121212,129
2023-02-22,1048,146,77,52,28,69,24,0.5273972602739726,0.5384615384615384,105
2023-02-23,1048,140,81,92,34,59,58,0.5785714285714286,0.3695652173913043,115
2023-02-24,1048,116,68,91,47,48,44,0.5862068965517241,0.5164835164835165,115
2023-02-25,1048,106,80,78,28,26,50,0.7547169811320755,0.358974358974359,108
2023-02-26,1048,108,82,73,37,26,36,0.7592592592592593,0.5068493150684932,119
2023-02-27,1048,106,90,78,38,16,40,0.8490566037735849,0.48717948717948717,128
2023-02-28,1048,101,71,73,47,30,26,0.7029702970297029,0.6438356164383562,118
2023-03-01,1048,147,83,55,43,64,12,0.564625850340136,0.7818181818181819,126
2023-03-02,1048,115,79,94,33,36,61,0.6869565217391305,0.35106382978723405,112
2023-03-03,1048,148,88,94,42,60,52,0.5945945945945946,0.44680851063829785,130
2023-03-04,1048,141,96,92,37,45,55,0.6808510638297872,0.40217391304347827,133
2023-03-05,1048,118,83,86,46,35,40,0.7033898305084746,0.5348837209302325,129
2023-03-06,1048,133,83,54,31,50,23,0.6240601503759399,0.5740740740740741,114
2023-03-07,1048,101,100,65,32,1,33,0.9900990099009901,0.49230769230769234,132
2023-03-08,1048,138,69,80,40,69,40,0.5,0.5,109
2023-03-09,1048,111,85,87,49,26,38,0.7657657657657657,0.5632183908045977,134
2023-03-10,1048,102,76,59,48,26,11,0.7450980392156863,0.8135593220338984,124
2023-03-11,1048,113,80,50,38,33,12,0.7079646017699115,0.76,118
2023-03-12,1048,110,71,82,39,39,43,0.6454545454545455,0.47560975609756095,110
2023-03-13,1048,133,73,90,37,60,53,0.5488721804511278,0.4111111111111111,110
2023-03-14,1048,112,90,100,45,22,55,0.8035714285714286,0.45,135
2023-03-15,1048,135,84,50,50,51,0,0.6222222222222222,1,134
2023-03-16,1048,116,75,78,41,41,37,0.646551724137931,0.5256410256410257,116
2023-03-17,1048,143,68,80,35,75,45,0.4755244755244755,0.4375,103
2023-03-18,1048,103,78,60,43,25,17,0.7572815533980582,0.7166666666666667,121
2023-03-19,1048,133,62,50,36,71,14,0.46616541353383456,0.72,98
2023-03-20,1048,141,89,54,37,52,17,0.6312056737588653,0.6851851851851852,126
2023-03-21,1048,139,61,84,32,78,52,0.43884892086330934,0.38095238095238093,93
2023-03-22,1048,134,86,57,42,48,15,0.6417910447761194,0.7368421052631579,128
2023-03-23,1048,132,73,88,52,59,36,0.553030303030303,0.5909090909090909,125
2023-03-24,1048,140,80,50,45,60,5,0.5714285714285714,0.9,125
2023-03-25,1048,105,69,80,51,36,29,0.6571428571428571,0.6375,120
2023-03-26,1048,113,99,53,42,14,11,0.8761061946902655,0.7924528301886793,141
2023-03-27,1048,147,85,79,45,62,34,0.5782312925170068,0.569620253164557,130
2023-03-28,1048,123,87,78,47,36,31,0.7073170731707317,0.6025641025641025,134
2023-03-29,1048,129,78,69,50,51,19,0.6046511627906976,0.7246376811594203,128
2023-03-30,1048,124,93,62,32,31,30,0.75,0.5161290322580645,125
2023-03-31,1048,144,66,58,41,78,17,0.4583333333333333,0.7068965517241379,107
2023-04-01,1048,121,77,96,42,44,54,0.6363636363636364,0.4375,119
2023-04-02,1048,108,87,85,42,21,43,0.8055555555555556,0.49411764705882355,129
2023-04-03,1048,120,64,52,45,56,7,0.5333333333333333,0.8653846153846154,109
2023-04-04,1048,107,81,73,39,26,34,0.7570093457943925,0.5342465753424658,120
2023-04-05,1048,114,93,88,32,21,56,0.8157894736842105,0.36363636363636365,125
2023-04-06,1048,107,106,55,38,1,17,0.9906542056074766,0.6909090909090909,144
2023-04-07,1048,103,81,50,47,22,3,0.7864077669902912,0.94,128
2023-04-08,1048,137,97,61,36,40,25,0.708029197080292,0.5901639344262295,133
2023-04-09,1048,109,93,61,31,16,30,0.8532110091743119,0.5081967213114754,124
2023-04-10,1048,145,78,83,45,67,38,0.5379310344827586,0.54216867469879515,123
2023-04-11,1048,103,91,55,40,12,15,0.883495145631068,0.7272727272727273,131
2023-04-12,1048,143,77,91,39,66,52,0.5384615384615384,0.42857142857142855,116
2023-04-13,1048,141,99,87,48,42,39,0.7021276595744681,0.5517241379310345,147
2023-04-14,1048,109,78,89,34,31,55,0.7155963302752294,0.38202247191011235,112
2023-04-15,1048,150,74,73,42,76,31,0.49333333333333335,0.5753424657534246,116
2023-04-16,1048,145,73,72,41,72,31,0.503448275862069,0.5694444444444444,114
2023-04-17,1048,109,88,100,40,21,60,0.8073394495412844,0.4,128
2023-04-18,1048,148,74,99,48,74,51,0.5,0.48484848484848486,122
2023-04-19,1048,135,79,100,44,56,56,0.5851851851851851,0.44,123
2023-04-20,1048,131,90,57,51,41,6,0.6870229007633588,0.8947368421052632,141
2023-04-21,1048,102,65,69,44,37,25,0.6372549019607843,0.6376811594202898,109
2023-04-22,1048,136,76,93,46,60,47,0.5588235294117647,0.4946236559139785,122
2023-04-23,1048,139,74,96,44,65,52,0.5323741007194245,0.4583333333333333,118
2023-04-24,1048,135,87,92,43,48,49,0.6444444444444445,0.4673913043478261,130
2023-04-25,1048,125,77,82,40,48,42,0.616,0.4878048780487805,117
2023-04-26,1048,115,84,61,26,31,35,0.7304347826086957,0.4262295081967213,110
2023-04-27,1048,102,76,73,42,26,31,0.7450980392156863,0.5753424657534246,118
2023-04-28,1048,105,84,97,37,21,60,0.8,0.38144329896907214,121
2023-04-29,1048,124,72,55,43,52,12,0.5806451612903226,0.7818181818181819,115
2023-04-30,1048,117,82,57,42,35,15,0.7008547008547008,0.7368421052631579,124
2023-05-01,1048,144,74,52,30,70,22,0.5138888888888888,0.5769230769230769,104
2023-05-02,1048,126,73,95,44,53,51,0.5793650793650794,0.4631578947368421,117
2023-05-03,1048,105,84,90,40,21,50,0.8,0.4444444444444444,124
2023-05-04,1048,140,84,71,45,56,26,0.6,0.6338028169014085,129
2023-05-05,1048,122,69,87,48,53,39,0.5655737704918032,0.5517241379310345,117
2023-05-06,1048,100,92,66,40,8,26,0.92,0.6060606060606061,132
2023-05-07,1048,107,76,80,33,31,47,0.7102803738317757,0.4125,109
2023-05-08,1048,142,91,54,44,51,10,0.6408450704225352,0.8148148148148148,135
2023-05-09,1048,107,93,84,39,14,45,0.8691588785046729,0.4642857142857143,132
2023-05-10,1048,111,69,62,32,42,30,0.6216216216216216,0.5161290322580645,101
2023-05-11,1048,122,87,85,43,35,42,0.7131147540983607,0.5058823529411764,130
2023-05-12,1048,100,68,99,34,32,65,0.68,0.3434343434343434,102
2023-05-13,1048,112,79,87,34,33,53,0.7053571428571429,0.39080459770114945,113
2023-05-14,1048,144,68,81,40,76,41,0.4722222222222222,0.49382716049382713,108
2023-05-15,1048,135,90,77,40,45,37,0.6666666666666666,0.5194805194805194,130
2023-05-16,1048,123,80,79,41,43,38,0.6504065040650406,0.5189873417721519,121
2023-05-17,1048,131,78,80,41,53,39,0.5954198473282443,0.5125,119
2023-05-18,1048,124,87,57,36,37,21,0.7016129032258065,0.631578947368421,123
2023-05-19,1048,136,79,50,30,57,20,0.5808823529411765,0.6,109
2023-05-20,1048,140,73,79,44,67,35,0.5214285714285715,0.5569620253164557,117
2023-05-21,1048,107,73,95,42,34,53,0.6822429906542056,0.4421052631578947,115
2023-05-22,1048,123,82,92,48,41,44,0.6666666666666666,0.5217391304347826,130
2023-05-23,1048,126,75,91,34,51,57,0.5952380952380952,0.37362637362637363,109
2023-05-24,1048,112,76,96,39,36,57,0.6785714285714286,0.40625,115
2023-05-25,1048,113,77,82,34,36,48,0.6814159292035398,0.4146341463414634,111
2023-05-26,1048,118,85,90,44,33,46,0.7203389830508474,0.4888888888888889,129
2023-05-27,1048,134,102,65,34,32,31,0.7611940298507462,0.5230769230769231,136
2023-05-28,1048,107,88,67,42,19,25,0.822429906542056,0.6268656716417911,130
2023-05-29,1048,112,64,84,39,48,45,0.5714285714285714,0.4642857142857143,103
2023-05-30,1048,118,98,89,40,20,49,0.8305084745762712,0.449438202247191,138
2023-05-31,1048,118,69,70,28,49,42,0.5847457627118644,0.4,97
2023-06-01,1048,104,72,100,46,32,54,0.6923076923076923,0.46,118
2023-06-02,1048,143,75,57,49,68,8,0.5244755244755245,0.8596491228070176,124
2023-06-03,1048,132,97,85,47,35,38,0.7348484848484849,0.5529411764705883,144
2023-06-04,1048,112,72,74,36,40,38,0.6428571428571429,0.4864864864864865,108
2023-06-05,1048,129,82,100,40,47,60,0.6356589147286822,0.4,122
2023-06-06,1048,112,79,68,49,33,19,0.7053571428571429,0.7205882352941176,128
2023-06-07,1048,140,91,89,43,49,46,0.65,0.48314606741573035,134
2023-06-08,1048,115,72,66,27,43,39,0.6260869565217392,0.4090909090909091,99
2023-06-09,1048,129,86,62,44,43,18,0.6666666666666666,0.7096774193548387,130
2023-06-10,1048,116,80,79,39,36,40,0.6896551724137931,0.4936708860759494,119
2023-06-11,1048,137,68,80,35,69,45,0.49635036496350365,0.4375,103
2023-06-12,1048,115,86,82,41,29,41,0.7478260869565218,0.5,127
2023-06-13,1048,100,94,90,45,6,45,0.94,0.5,139
2023-06-14,1048,146,68,94,35,78,59,0.4657534246575342,0.3723404255319149,103
2023-06-15,1048,104,71,70,43,33,27,0.6826923076923077,0.6142857142857143,114
2023-06-16,1048,112,70,72,33,42,39,0.625,0.4583333333333333,103
2023-06-17,1048,114,79,56,38,35,18,0.6929824561403509,0.6785714285714286,117
2023-06-18,1048,149,89,74,48,60,26,0.5973154362416108,0.6486486486486487,137
2023-06-19,1048,140,75,77,52,65,25,0.5357142857142857,0.6753246753246753,127
2023-06-20,1048,110,85,97,35,25,62,0.7727272727272727,0.36082474226804123,120
2023-06-21,1048,142,79,92,34,63,58,0.5563380281690141,0.3695652173913043,113
2023-06-22,1048,139,85,50,36,54,14,0.6115107913669064,0.72,121
2023-06-23,1048,118,82,88,33,36,55,0.6949152542372882,0.375,115
2023-06-24,1048,118,96,90,40,22,50,0.8135593220338984,0.4444444444444444,136
2023-06-25,1048,148,84,56,39,64,17,0.5675675675675675,0.6964285714285714,123
2023-06-26,1048,142,93,81,42,49,39,0.6549295774647887,0.5185185185185185,135
2023-06-27,1048,147,78,98,33,69,65,0.5306122448979592,0.336734693877551,111
2023-06-28,1048,142,87,55,43,55,12,0.6126760563380281,0.7818181818181819,130
2023-06-29,1048,146,84,80,52,62,28,0.5753424657534246,0.65,136
2023-06-30,1048,110,73,82,36,37,46,0.6636363636363637,0.43902439024390244,109
2023-07-01,1048,121,64,51,39,57,12,0.5289256198347108,0.7647058823529411,103
2023-07-02,1048,109,85,82,49,24,33,0.7798165137614679,0.5975609756097561,134
2023-07-03,1048,105,60,88,42,45,46,0.5714285714285714,0.4772727272727273,102
2023-07-04,1048,137,88,50,39,49,11,0.6423357664233577,0.78,127
2023-07-05,1048,121,80,100,32,41,68,0.6611570247933884,0.32,112
2023-07-06,1048,136,71,77,59,65,18,0.5220588235294118,0.7662337662337663,130
2023-07-07,1048,124,71,64,34,53,30,0.5725806451612904,0.53125,105
2023-07-08,1048,119,75,50,33,44,17,0.6302521008403361,0.66,108
2023-07-09,1048,144,75,94,39,69,55,0.5208333333333334,0.4148936170212766,114
2023-07-10,1048,128,84,80,39,44,41,0.65625,0.4875,123
2023-07-11,1048,147,66,82,42,81,40,0.4489795918367347,0.5121951219512195,108
2023-07-12,1048,146,79,96,32,67,64,0.541095890410959,0.3333333333333333,111
2023-07-13,1048,120,86,65,39,34,26,0.7166666666666667,0.6,125
2023-07-14,1048,111,68,57,40,43,17,0.6126126126126126,0.7017543859649122,108
2023-07-15,1048,114,87,73,31,27,42,0.7631578947368421,0.4246575342465753,118
2023-07-16,1048,101,66,60,36,35,24,0.6534653465346535,0.6,102
2023-07-17,1048,135,98,93,35,37,58,0.725925925925926,0.3763440860215054,133
2023-07-18,1048,121,95,71,41,26,30,0.7851239669421488,0.5774647887323944,136
2023-07-19,1048,119,72,82,37,47,45,0.6050420168067226,0.45121951219512196,109
2023-07-20,1048,125,90,59,39,35,20,0.72,0.6610169491525424,129
2023-07-21,1048,122,73,92,50,49,42,0.5983606557377049,0.5434782608695652,123
2023-07-22,1048,149,76,80,42,73,38,0.5100671140939598,0.525,118
2023-07-23,1048,109,78,64,49,31,15,0.7155963302752294,0.765625,127
2023-07-24,1048,141,77,86,45,64,41,0.5460992907801419,0.5232558139534884,122
2023-07-25,1048,123,87,81,45,36,36,0.7073170731707317,0.5555555555555556,132
2023-07-26,1048,146,77,79,45,69,34,0.5273972602739726,0.569620253164557,122
2023-07-27,1048,116,78,68,39,38,29,0.6724137931034483,0.5735294117647058,117
2023-07-28,1048,148,65,79,39,83,40,0.4391891891891892,0.4936708860759494,104
2023-07-29,1048,106,79,63,48,27,15,0.7452830188679245,0.7619047619047619,127
2023-07-30,1048,146,90,98,52,56,46,0.6164383561643836,0.5306122448979592,142
2023-07-31,1048,105,95,58,34,10,24,0.9047619047619048,0.5862068965517241,129
2023-08-01,1048,144,87,67,37,57,30,0.6041666666666666,0.5522388059701493,124
2023-08-02,1048,116,82,63,42,34,21,0.7068965517241379,0.6666666666666666,124
2023-08-03,1048,119,63,64,45,56,19,0.5294117647058824,0.703125,108
2023-08-04,1048,128,83,68,36,45,32,0.6484375,0.5294117647058824,119
2023-08-05,1048,147,81,52,50,66,2,0.5510204081632653,0.9615384615384616,131
2023-08-06,1048,130,91,62,39,39,23,0.7,0.6290322580645161,130
2023-08-07,1048,113,68,65,37,45,28,0.6017699115044248,0.5692307692307692,105
2023-08-08,1048,110,84,93,35,26,58,0.7636363636363637,0.3763440860215054,119
2023-08-09,1048,140,82,54,38,58,16,0.5857142857142857,0.7037037037037037,120
2023-08-10,1048,135,66,76,31,69,45,0.4888888888888889,0.40789473684210525,97
2023-08-11,1048,137,73,91,37,64,54,0.5328467153284672,0.4065934065934066,110
2023-08-12,1048,119,68,66,36,51,30,0.5714285714285714,0.5454545454545454,104
2023-08-13,1048,132,83,85,41,49,44,0.6287878787878788,0.4823529411764706,124
2023-08-14,1048,123,80,84,45,43,39,0.6504065040650406,0.5357142857142857,125
2023-08-15,1048,100,84,74,37,16,37,0.84,0.5,121
2023-08-16,1048,142,72,82,44,70,38,0.5070422535211268,0.5365853658536586,116
2023-08-17,1048,144,83,53,51,61,2,0.5763888888888888,0.9622641509433962,134
2023-08-18,1048,142,75,59,41,67,18,0.528169014084507,0.6949152542372882,116
2023-08-19,1048,126,80,93,38,46,55,0.6349206349206349,0.40860215053763443,118
2023-08-20,1048,113,89,59,43,24,16,0.7876106194690266,0.7288135593220338,132
2023-08-21,1048,136,83,81,34,53,47,0.6102941176470589,0.41975308641975306,117
2023-08-22,1048,116,70,75,45,46,30,0.603448275862069,0.6,115
2023-08-23,1048,113,71,53,29,42,24,0.6283185840707964,0.5471698113207547,100
2023-08-24,1048,132,70,90,36,62,54,0.5303030303030303,0.4,106
2023-08-25,1048,119,94,59,37,25,22,0.7899159663865546,0.6271186440677966,131
2023-08-26,1048,128,77,61,48,51,13,0.6015625,0.7868852459016393,125
2023-08-27,1048,146,98,52,42,48,10,0.6712328767123288,0.8076923076923077,140
2023-08-28,1048,147,75,62,31,72,31,0.5102040816326531,0.5,106
2023-08-29,1048,111,90,57,33,21,24,0.8108108108108109,0.5789473684210527,123
2023-08-30,1048,127,93,86,33,34,53,0.7322834645669292,0.38372093023255816,126
2023-08-31,1048,146,70,88,46,76,42,0.4794520547945205,0.5227272727272727,116
2023-09-01,1048,145,65,99,43,80,56,0.4482758620689655,0.43434343434343436,108
2023-09-02,1048,127,86,76,36,41,40,0.6771653543307087,0.47368421052631576,122
2023-09-03,1048,109,99,65,33,10,32,0.908256880733945,0.5076923076923077,132
2023-09-04,1048,122,92,74,43,30,31,0.7540983606557377,0.581081081081081,135
2023-09-05,1048,129,87,58,41,42,17,0.6744186046511628,0.7068965517241379,128
2023-09-06,1048,143,70,94,36,73,58,0.48951048951048953,0.3829787234042553,106
2023-09-07,1048,125,90,61,38,35,23,0.72,0.6229508196721312,128
2023-09-08,1048,129,75,99,47,54,52,0.5813953488372093,0.47474747474747475,122
2023-09-09,1048,126,85,99,52,41,47,0.6746031746031746,0.5252525252525253,137
2023-09-10,1048,109,61,86,46,48,40,0.5596330275229358,0.5348837209302325,107
2023-09-11,1048,142,83,57,26,59,31,0.5845070422535211,0.45614035087719296,109
2023-09-12,1048,134,82,74,47,52,27,0.6119402985074627,0.6351351351351351,129
2023-09-13,1048,109,84,52,46,25,6,0.7706422018348624,0.8846153846153846,130
2023-09-14,1048,120,77,65,40,43,25,0.6416666666666667,0.6153846153846154,117
2023-09-15,1048,130,86,75,40,44,35,0.6615384615384615,0.5333333333333333,126
2023-09-16,1048,131,68,91,39,63,52,0.5190839694656488,0.42857142857142855,107
2023-09-17,1048,132,85,98,37,47,61,0.6439393939393939,0.37755102040816324,122
2023-09-18,1048,122,81,72,37,41,35,0.6639344262295082,0.5138888888888888,118
2023-09-19,1048,111,84,96,36,27,60,0.7567567567567568,0.375,120
2023-09-20,1048,134,92,68,49,42,19,0.6865671641791045,0.7205882352941176,141
2023-09-21,1048,135,81,93,49,54,44,0.6,0.5268817204301075,130
2023-09-22,1048,140,95,90,47,45,43,0.6785714285714286,0.5222222222222223,142
2023-09-23,1048,148,90,57,38,58,19,0.6081081081081081,0.6666666666666666,128
2023-09-24,1048,146,85,93,35,61,58,0.5821917808219178,0.3763440860215054,120
2023-09-25,1048,119,95,79,48,24,31,0.7983193277310925,0.6075949367088608,143
2023-09-26,1048,126,70,84,39,56,45,0.5555555555555556,0.4642857142857143,109
2023-09-27,1048,102,79,55,37,23,18,0.7745098039215687,0.6727272727272727,116
2023-09-28,1048,125,65,93,33,60,60,0.52,0.3548387096774194,98
2023-09-29,1048,100,85,89,36,15,53,0.85,0.4044943820224719,121
2023-09-30,1048,119,88,96,40,31,56,0.7394957983193278,0.4166666666666667,128
2023-10-01,1048,131,89,70,37,42,33,0.6793893129770993,0.5285714285714286,126
2023-10-02,1048,100,86,98,41,14,57,0.86,0.41836734693877553,127
2023-10-03,1048,129,85,58,34,44,24,0.6589147286821705,0.5862068965517241,119
2023-10-04,1048,100,83,88,36,17,52,0.83,0.4090909090909091,119
2023-10-05,1048,136,74,70,33,62,37,0.5441176470588235,0.4714285714285714,107
2023-10-06,1048,140,97,66,49,43,17,0.6928571428571428,0.7424242424242424,146
2023-10-07,1048,103,93,98,36,10,62,0.9029126213592233,0.3673469387755102,129
2023-10-08,1048,140,98,99,50,42,49,0.7,0.5050505050505051,148
2023-10-09,1048,116,82,75,36,34,39,0.7068965517241379,0.48,118
2023-10-10,1048,116,79,75,33,37,42,0.6810344827586207,0.44,112
2023-10-11,1048,102,73,76,47,29,29,0.7156862745098039,0.618421052631579,120
2023-10-12,1048,104,74,96,48,30,48,0.7115384615384616,0.5,122
2023-10-13,1048,115,83,86,37,32,49,0.7217391304347827,0.43023255813953487,120
2023-10-14,1048,140,79,58,51,61,7,0.5642857142857143,0.8793103448275862,130
2023-10-15,1048,103,78,55,33,25,22,0.7572815533980582,0.6,111
2023-10-16,1048,115,86,100,41,29,59,0.7478260869565218,0.41,127
2023-10-17,1048,143,75,92,42,68,50,0.5244755244755245,0.45652173913043476,117
2023-10-18,1048,110,73,89,26,37,63,0.6636363636363637,0.29213483146067415,99
2023-10-19,1048,141,93,54,33,48,21,0.6595744680851063,0.6111111111111112,126
2023-10-20,1048,136,81,71,41,55,30,0.5955882352941176,0.5774647887323944,122
2023-10-21,1048,108,78,72,33,30,39,0.7222222222222222,0.4583333333333333,111
2023-10-22,1048,136,79,84,45,57,39,0.5808823529411765,0.5357142857142857,124
2023-10-23,1048,132,78,100,44,54,56,0.5909090909090909,0.44,122
2023-10-24,1048,126,85,53,43,41,10,0.6746031746031746,0.8113207547169812,128
2023-10-25,1048,130,87,96,32,43,64,0.6692307692307692,0.3333333333333333,119
2023-10-26,1048,112,77,75,36,35,39,0.6875,0.48,113
2023-10-27,1048,111,79,95,36,32,59,0.7117117117117117,0.37894736842105264,115
2023-10-28,1048,124,76,83,25,48,58,0.6129032258064516,0.30120481927710846,101
2023-10-29,1048,133,89,70,40,44,30,0.6691729323308271,0.5714285714285714,129
2023-10-30,1048,131,80,71,40,51,31,0.6106870229007634,0.5633802816901409,120
2023-10-31,1048,107,94,78,48,13,30,0.8785046728971962,0.6153846153846154,142
2023-11-01,1048,150,83,97,34,67,63,0.5533333333333333,0.35051546391752575,117
2023-11-02,1048,103,74,91,41,29,50,0.7184466019417476,0.45054945054945056,115
2023-11-03,1048,107,64,52,41,43,11,0.5981308411214953,0.7884615384615384,105
2023-11-04,1048,141,73,71,39,68,32,0.5177304964539007,0.5492957746478874,112
2023-11-05,1048,117,66,95,54,51,41,0.5641025641025641,0.5684210526315789,120
2023-11-06,1048,132,78,95,36,54,59,0.5909090909090909,0.37894736842105264,114
2023-11-07,1048,113,69,62,41,44,21,0.6106194690265486,0.6612903225806451,110
2023-11-08,1048,146,85,97,38,61,59,0.5821917808219178,0.3917525773195876,123
2023-11-09,1048,145,84,92,31,61,61,0.5793103448275863,0.33695652173913043,115
2023-11-10,1048,131,88,97,27,43,70,0.6717557251908397,0.27835051546391754,115
2023-11-11,1048,130,78,82,34,52,48,0.6,0.4146341463414634,112
2023-11-12,1048,134,81,64,51,53,13,0.6044776119402985,0.796875,132
2023-11-13,1048,133,82,57,42,51,15,0.6165413533834586,0.7368421052631579,124
2023-11-14,1048,134,87,77,34,47,43,0.6492537313432836,0.44155844155844154,121
2023-11-15,1048,134,74,87,38,60,49,0.5522388059701493,0.4367816091954023,112
2023-11-16,1048,105,77,80,38,28,42,0.7333333333333333,0.475,115
2023-11-17,1048,136,62,76,41,74,35,0.45588235294117646,0.5394736842105263,103
2023-11-18,1048,103,77,85,51,26,34,0.7475728155339806,0.6,128
2023-11-19,1048,116,78,61,36,38,25,0.6724137931034483,0.5901639344262295,114
2023-11-20,1048,104,75,72,46,29,26,0.7211538461538461,0.6388888888888888,121
2023-11-21,1048,142,73,77,36,69,41,0.5140845070422535,0.4675324675324675,109
2023-11-22,1048,138,88,90,47,50,43,0.6376811594202898,0.5222222222222223,135
2023-11-23,1048,140,80,71,51,60,20,0.5714285714285714,0.7183098591549296,131
2023-11-24,1048,149,69,86,35,80,51,0.46308724832214765,0.4069767441860465,104
2023-11-25,1048,134,71,58,36,63,22,0.5298507462686567,0.6206896551724138,107
2023-11-26,1048,126,67,82,42,59,40,0.5317460317460317,0.5121951219512195,109
2023-11-27,1048,117,68,80,39,49,41,0.5811965811965812,0.4875,107
2023-11-28,1048,124,94,80,49,30,31,0.7580645161290323,0.6125,143
2023-11-29,1048,122,101,65,46,21,19,0.8278688524590164,0.7076923076923077,147
2023-11-30,1048,101,92,89,41,9,48,0.9108910891089109,0.4606741573033708,133
2023-12-01,1048,112,76,69,40,36,29,0.6785714285714286,0.5797101449275363,116
2023-12-02,1048,112,84,80,33,28,47,0.75,0.4125,117
2023-12-03,1048,108,89,64,38,19,26,0.8240740740740741,0.59375,127
2023-12-04,1048,112,75,93,42,37,51,0.6696428571428571,0.45161290322580644,117
2023-12-05,1048,117,76,72,35,41,37,0.6495726495726496,0.4861111111111111,111
2023-12-06,1048,112,70,98,38,42,60,0.625,0.3877551020408163,108
2023-12-07,1048,128,68,98,46,60,52,0.53125,0.46938775510204084,114
2023-12-08,1048,137,74,96,38,63,58,0.5401459854014599,0.3958333333333333,112
2023-12-09,1048,120,79,85,38,41,47,0.6583333333333333,0.4470588235294118,117
2023-12-10,1048,140,85,73,44,55,29,0.6071428571428571,0.6027397260273972,129
2023-12-11,1048,149,77,89,44,72,45,0.5167785234899329,0.4943820224719101,121
2023-12-12,1048,130,67,53,39,63,14,0.5153846153846153,0.7358490566037735,106
2023-12-13,1048,110,72,70,34,38,36,0.6545454545454545,0.4857142857142857,106
2023-12-14,1048,146,95,57,35,51,22,0.6506849315068494,0.6140350877192983,130
2023-12-15,1048,138,79,78,40,59,38,0.572463768115942,0.5128205128205128,119
2023-12-16,1048,125,86,80,51,39,29,0.688,0.6375,137
2023-12-17,1048,105,79,80,39,26,41,0.7523809523809524,0.4875,118
2023-12-18,1048,109,82,66,37,27,29,0.7522935779816514,0.5606060606060606,119
2023-12-19,1048,131,88,81,29,43,52,0.6717557251908397,0.35802469135802467,117
2023-12-20,1048,107,78,88,46,29,42,0.7289719626168224,0.5227272727272727,124
2023-12-21,1048,130,90,55,42,40,13,0.6923076923076923,0.7636363636363637,132
2023-12-22,1048,108,67,50,37,41,13,0.6203703703703703,0.74,104
2023-12-23,1048,113,89,99,40,24,59,0.7876106194690266,0.40404040404040403,129
2023-12-24,1048,131,88,99,37,43,62,0.6717557251908397,0.37373737373737376,125
2023-12-25,1048,132,66,77,38,66,39,0.5,0.4935064935064935,104
2023-12-26,1048,102,68,79,33,34,46,0.6666666666666666,0.4177215189873418,101
2023-12-27,1048,104,87,84,49,17,35,0.8365384615384616,0.5833333333333334,136
2023-12-28,1048,128,76,99,47,52,52,0.59375,0.47474747474747475,123
2023-12-29,1048,128,74,62,39,54,23,0.578125,0.6290322580645161,113
2023-12-30,1048,146,92,62,40,54,22,0.6301369863013698,0.6451612903225806,132
2023-12-31,1048,150,86,96,34,64,62,0.5733333333333334,0.3541666666666667,120
