Date,Shelter_ID,Capacity_Beds,Occupied_Beds,Capacity_Rooms,Occupied_Rooms,Unoccupied_Beds,Unoccupied_Rooms
2023-01-01,1000,115,78,68,51,37,17
2023-01-02,1000,125,69,63,28,56,35
2023-01-03,1000,120,87,89,29,33,60
2023-01-04,1000,140,85,100,34,55,66
2023-01-05,1000,107,91,98,36,16,62
2023-01-06,1000,103,68,91,35,35,56
2023-01-07,1000,113,78,61,38,35,23
2023-01-08,1000,120,70,92,35,50,57
2023-01-09,1000,102,84,95,35,18,60
2023-01-10,1000,129,72,81,40,57,41
2023-01-11,1000,138,101,78,56,37,22
2023-01-12,1000,116,107,68,41,9,27
2023-01-13,1000,113,76,94,27,37,67
2023-01-14,1000,123,86,99,38,37,61
2023-01-15,1000,111,69,88,37,42,51
2023-01-16,1000,123,96,83,47,27,36
2023-01-17,1000,101,79,98,39,22,59
2023-01-18,1000,125,84,70,40,41,30
2023-01-19,1000,117,80,90,39,37,51
2023-01-20,1000,106,77,89,32,29,57
2023-01-21,1000,123,85,56,38,38,18
2023-01-22,1000,126,64,84,38,62,46
2023-01-23,1000,130,75,95,46,55,49
2023-01-24,1000,143,68,92,43,75,49
2023-01-25,1000,103,76,96,47,27,49
2023-01-26,1000,142,86,59,51,56,8
2023-01-27,1000,104,69,74,41,35,33
2023-01-28,1000,136,80,88,37,56,51
2023-01-29,1000,133,83,56,44,50,12
2023-01-30,1000,132,84,91,39,48,52
2023-01-31,1000,130,102,67,32,28,35
2023-02-01,1000,147,74,79,30,73,49
2023-02-02,1000,146,80,93,40,66,53
2023-02-03,1000,132,86,97,40,46,57
2023-02-04,1000,122,81,57,42,41,15
2023-02-05,1000,143,96,88,36,47,52
2023-02-06,1000,147,91,61,39,56,22
2023-02-07,1000,128,66,58,34,62,24
2023-02-08,1000,120,73,71,34,47,37
2023-02-09,1000,123,77,82,34,46,48
2023-02-10,1000,104,68,57,38,36,19
2023-02-11,1000,118,79,74,38,39,36
2023-02-12,1000,120,91,58,35,29,23
2023-02-13,1000,150,98,76,44,52,32
2023-02-14,1000,102,78,100,33,24,67
2023-02-15,1000,127,66,68,42,61,26
2023-02-16,1000,104,84,81,35,20,46
2023-02-17,1000,135,90,78,37,45,41
2023-02-18,1000,119,89,51,41,30,10
2023-02-19,1000,113,97,50,42,16,8
2023-02-20,1000,140,83,80,35,57,45
2023-02-21,1000,138,85,77,34,53,43
2023-02-22,1000,116,87,70,36,29,34
2023-02-23,1000,106,71,85,39,35,46
2023-02-24,1000,113,84,85,50,29,35
2023-02-25,1000,122,75,50,39,47,11
2023-02-26,1000,146,70,64,38,76,26
2023-02-27,1000,111,81,77,50,30,27
2023-02-28,1000,112,72,64,36,40,28
2023-03-01,1000,119,92,94,43,27,51
2023-03-02,1000,137,66,53,51,71,2
2023-03-03,1000,141,72,99,36,69,63
2023-03-04,1000,149,86,54,42,63,12
2023-03-05,1000,113,82,83,32,31,51
2023-03-06,1000,124,77,96,36,47,60
2023-03-07,1000,144,86,52,43,58,9
2023-03-08,1000,116,75,67,38,41,29
2023-03-09,1000,133,94,69,44,39,25
2023-03-10,1000,132,70,71,36,62,35
2023-03-11,1000,111,68,99,35,43,64
2023-03-12,1000,129,71,66,37,58,29
2023-03-13,1000,129,80,92,42,49,50
2023-03-14,1000,141,72,73,34,69,39
2023-03-15,1000,147,90,87,43,57,44
2023-03-16,1000,112,74,89,31,38,58
2023-03-17,1000,138,78,63,52,60,11
2023-03-18,1000,109,89,96,39,20,57
2023-03-19,1000,113,77,72,33,36,39
2023-03-20,1000,144,77,57,34,67,23
2023-03-21,1000,118,68,64,31,50,33
2023-03-22,1000,143,59,82,37,84,45
2023-03-23,1000,144,81,52,40,63,12
2023-03-24,1000,120,99,55,54,21,1
2023-03-25,1000,139,80,56,37,59,19
2023-03-26,1000,101,89,97,52,12,45
2023-03-27,1000,113,86,77,45,27,32
2023-03-28,1000,126,88,65,26,38,39
2023-03-29,1000,117,72,91,41,45,50
2023-03-30,1000,141,84,53,37,57,16
2023-03-31,1000,150,80,97,38,70,59
2023-04-01,1000,147,82,71,34,65,37
2023-04-02,1000,128,93,72,46,35,26
2023-04-03,1000,126,53,89,40,73,49
2023-04-04,1000,113,75,52,39,38,13
2023-04-05,1000,124,77,87,41,47,46
2023-04-06,1000,118,82,94,34,36,60
2023-04-07,1000,109,76,72,49,33,23
2023-04-08,1000,119,66,64,44,53,20
2023-04-09,1000,137,80,93,47,57,46
2023-04-10,1000,115,93,93,36,22,57
2023-04-11,1000,110,78,59,35,32,24
2023-04-12,1000,105,73,93,50,32,43
2023-04-13,1000,121,85,86,45,36,41
2023-04-14,1000,141,71,50,39,70,11
2023-04-15,1000,104,82,75,48,22,27
2023-04-16,1000,121,80,52,43,41,9
2023-04-17,1000,125,81,95,33,44,62
2023-04-18,1000,109,83,87,31,26,56
2023-04-19,1000,118,76,67,47,42,20
2023-04-20,1000,130,81,95,44,49,51
2023-04-21,1000,125,87,75,39,38,36
2023-04-22,1000,136,88,58,52,48,6
2023-04-23,1000,149,93,68,44,56,24
2023-04-24,1000,115,86,96,39,29,57
2023-04-25,1000,146,93,80,36,53,44
2023-04-26,1000,100,82,98,48,18,50
2023-04-27,1000,115,81,99,49,34,50
2023-04-28,1000,102,72,67,35,30,32
2023-04-29,1000,150,88,65,30,62,35
2023-04-30,1000,140,77,77,27,63,50
2023-05-01,1000,130,112,98,31,18,67
2023-05-02,1000,102,78,54,39,24,15
2023-05-03,1000,119,99,94,42,20,52
2023-05-04,1000,125,72,70,32,53,38
2023-05-05,1000,100,68,76,35,32,41
2023-05-06,1000,142,77,88,28,65,60
2023-05-07,1000,135,77,74,34,58,40
2023-05-08,1000,100,96,70,39,4,31
2023-05-09,1000,132,86,72,34,46,38
2023-05-10,1000,141,90,68,42,51,26
2023-05-11,1000,141,90,93,48,51,45
2023-05-12,1000,132,84,54,39,48,15
2023-05-13,1000,119,87,93,33,32,60
2023-05-14,1000,150,92,83,42,58,41
2023-05-15,1000,145,80,65,41,65,24
2023-05-16,1000,128,80,91,46,48,45
2023-05-17,1000,126,80,88,43,46,45
2023-05-18,1000,134,68,91,35,66,56
2023-05-19,1000,138,83,54,33,55,21
2023-05-20,1000,143,79,77,39,64,38
2023-05-21,1000,126,90,80,44,36,36
2023-05-22,1000,124,76,90,38,48,52
2023-05-23,1000,107,87,73,36,20,37
2023-05-24,1000,137,75,91,38,62,53
2023-05-25,1000,118,75,94,53,43,41
2023-05-26,1000,124,89,72,39,35,33
2023-05-27,1000,132,81,56,37,51,19
2023-05-28,1000,124,92,57,41,32,16
2023-05-29,1000,120,69,75,39,51,36
2023-05-30,1000,125,80,57,46,45,11
2023-05-31,1000,101,85,100,49,16,51
2023-06-01,1000,128,110,62,39,18,23
2023-06-02,1000,122,75,84,37,47,47
2023-06-03,1000,118,92,67,43,26,24
2023-06-04,1000,138,87,66,42,51,24
2023-06-05,1000,129,76,88,36,53,52
2023-06-06,1000,126,90,81,45,36,36
2023-06-07,1000,133,67,59,39,66,20
2023-06-08,1000,124,77,71,34,47,37
2023-06-09,1000,130,75,80,43,55,37
2023-06-10,1000,126,73,54,41,53,13
2023-06-11,1000,122,79,78,38,43,40
2023-06-12,1000,143,91,63,36,52,27
2023-06-13,1000,133,90,71,34,43,37
2023-06-14,1000,150,78,76,46,72,30
2023-06-15,1000,111,64,86,55,47,31
2023-06-16,1000,141,80,74,41,61,33
2023-06-17,1000,100,97,66,38,3,28
2023-06-18,1000,109,83,60,54,26,6
2023-06-19,1000,132,80,59,41,52,18
2023-06-20,1000,147,64,61,34,83,27
2023-06-21,1000,118,70,59,35,48,24
2023-06-22,1000,138,77,68,36,61,32
2023-06-23,1000,134,83,67,40,51,27
2023-06-24,1000,134,90,50,40,44,10
2023-06-25,1000,116,83,100,39,33,61
2023-06-26,1000,101,77,72,39,24,33
2023-06-27,1000,143,95,57,41,48,16
2023-06-28,1000,102,74,65,40,28,25
2023-06-29,1000,142,88,55,38,54,17
2023-06-30,1000,105,70,96,45,35,51
2023-07-01,1000,105,60,85,43,45,42
2023-07-02,1000,112,67,82,40,45,42
2023-07-03,1000,128,79,87,38,49,49
2023-07-04,1000,119,83,52,43,36,9
2023-07-05,1000,110,72,94,48,38,46
2023-07-06,1000,124,84,76,34,40,42
2023-07-07,1000,101,78,54,50,23,4
2023-07-08,1000,121,89,59,45,32,14
2023-07-09,1000,100,61,93,45,39,48
2023-07-10,1000,149,61,77,28,88,49
2023-07-11,1000,146,85,83,52,61,31
2023-07-12,1000,129,79,86,25,50,61
2023-07-13,1000,137,63,78,54,74,24
2023-07-14,1000,123,90,84,45,33,39
2023-07-15,1000,142,80,75,41,62,34
2023-07-16,1000,147,71,75,37,76,38
2023-07-17,1000,140,70,51,28,70,23
2023-07-18,1000,128,81,62,34,47,28
2023-07-19,1000,145,72,61,44,73,17
2023-07-20,1000,136,87,54,40,49,14
2023-07-21,1000,115,74,97,40,41,57
2023-07-22,1000,133,95,100,35,38,65
2023-07-23,1000,121,85,100,35,36,65
2023-07-24,1000,150,88,59,28,62,31
2023-07-25,1000,119,69,75,46,50,29
2023-07-26,1000,102,70,91,38,32,53
2023-07-27,1000,102,84,88,53,18,35
2023-07-28,1000,132,79,64,42,53,22
2023-07-29,1000,120,84,51,27,36,24
2023-07-30,1000,130,68,93,36,62,57
2023-07-31,1000,103,64,74,26,39,48
2023-08-01,1000,138,77,98,38,61,60
2023-08-02,1000,134,86,83,40,48,43
2023-08-03,1000,127,77,88,36,50,52
2023-08-04,1000,124,83,73,34,41,39
2023-08-05,1000,125,62,97,47,63,50
2023-08-06,1000,147,85,50,35,62,15
2023-08-07,1000,126,83,55,39,43,16
2023-08-08,1000,114,97,82,33,17,49
2023-08-09,1000,110,84,90,36,26,54
2023-08-10,1000,128,87,72,48,41,24
2023-08-11,1000,108,89,87,45,19,42
2023-08-12,1000,150,85,61,35,65,26
2023-08-13,1000,120,82,66,30,38,36
2023-08-14,1000,149,90,88,46,59,42
2023-08-15,1000,120,80,95,27,40,68
2023-08-16,1000,103,92,57,49,11,8
2023-08-17,1000,137,93,99,39,44,60
2023-08-18,1000,103,85,92,31,18,61
2023-08-19,1000,147,74,76,41,73,35
2023-08-20,1000,133,76,51,29,57,22
2023-08-21,1000,135,75,57,51,60,6
2023-08-22,1000,106,86,82,47,20,35
2023-08-23,1000,147,73,92,42,74,50
2023-08-24,1000,139,74,53,42,65,11
2023-08-25,1000,143,94,89,48,49,41
2023-08-26,1000,136,71,60,35,65,25
2023-08-27,1000,150,86,83,37,64,46
2023-08-28,1000,116,77,86,41,39,45
2023-08-29,1000,139,78,94,44,61,50
2023-08-30,1000,146,96,79,26,50,53
2023-08-31,1000,149,72,74,43,77,31
2023-09-01,1000,148,85,77,42,63,35
2023-09-02,1000,142,89,67,45,53,22
2023-09-03,1000,109,97,64,39,12,25
2023-09-04,1000,112,81,86,32,31,54
2023-09-05,1000,117,89,58,45,28,13
2023-09-06,1000,104,70,59,37,34,22
2023-09-07,1000,136,75,74,40,61,34
2023-09-08,1000,107,80,60,42,27,18
2023-09-09,1000,122,77,97,30,45,67
2023-09-10,1000,137,87,87,44,50,43
2023-09-11,1000,144,75,98,41,69,57
2023-09-12,1000,100,69,58,35,31,23
2023-09-13,1000,130,67,88,49,63,39
2023-09-14,1000,134,70,98,29,64,69
2023-09-15,1000,122,75,78,48,47,30
2023-09-16,1000,140,81,86,37,59,49
2023-09-17,1000,126,88,95,52,38,43
2023-09-18,1000,127,92,79,39,35,40
2023-09-19,1000,144,84,67,39,60,28
2023-09-20,1000,130,79,74,33,51,41
2023-09-21,1000,110,91,73,26,19,47
2023-09-22,1000,144,97,63,40,47,23
2023-09-23,1000,148,79,77,44,69,33
2023-09-24,1000,100,65,91,46,35,45
2023-09-25,1000,142,81,82,46,61,36
2023-09-26,1000,102,78,80,35,24,45
2023-09-27,1000,121,70,53,46,51,7
2023-09-28,1000,138,63,57,40,75,17
2023-09-29,1000,130,68,75,53,62,22
2023-09-30,1000,148,71,80,46,77,34
2023-10-01,1000,136,79,70,40,57,30
2023-10-02,1000,133,77,89,39,56,50
2023-10-03,1000,126,60,63,38,66,25
2023-10-04,1000,106,77,86,40,29,46
2023-10-05,1000,137,76,63,37,61,26
2023-10-06,1000,110,82,93,38,28,55
2023-10-07,1000,115,69,88,51,46,37
2023-10-08,1000,121,82,84,36,39,48
2023-10-09,1000,144,83,67,44,61,23
2023-10-10,1000,132,75,81,42,57,39
2023-10-11,1000,125,86,93,59,39,34
2023-10-12,1000,139,92,54,37,47,17
2023-10-13,1000,130,88,67,40,42,27
2023-10-14,1000,145,83,93,38,62,55
2023-10-15,1000,118,84,81,33,34,48
2023-10-16,1000,135,64,84,35,71,49
2023-10-17,1000,139,85,57,41,54,16
2023-10-18,1000,101,73,92,46,28,46
2023-10-19,1000,122,76,80,46,46,34
2023-10-20,1000,149,83,61,34,66,27
2023-10-21,1000,121,86,73,31,35,42
2023-10-22,1000,114,78,66,30,36,36
2023-10-23,1000,133,90,71,34,43,37
2023-10-24,1000,145,90,83,36,55,47
2023-10-25,1000,126,69,82,35,57,47
2023-10-26,1000,124,71,51,37,53,14
2023-10-27,1000,131,91,50,37,40,13
2023-10-28,1000,102,76,65,44,26,21
2023-10-29,1000,106,78,52,36,28,16
2023-10-30,1000,137,85,82,44,52,38
2023-10-31,1000,146,80,81,37,66,44
2023-11-01,1000,111,87,58,48,24,10
2023-11-02,1000,141,59,67,42,82,25
2023-11-03,1000,130,72,78,38,58,40
2023-11-04,1000,115,80,52,32,35,20
2023-11-05,1000,135,94,51,36,41,15
2023-11-06,1000,114,84,68,42,30,26
2023-11-07,1000,149,97,66,33,52,33
2023-11-08,1000,149,78,84,37,71,47
2023-11-09,1000,118,77,60,43,41,17
2023-11-10,1000,104,71,81,49,33,32
2023-11-11,1000,129,67,64,25,62,39
2023-11-12,1000,132,75,60,36,57,24
2023-11-13,1000,112,76,61,38,36,23
2023-11-14,1000,115,79,58,29,36,29
2023-11-15,1000,132,74,91,49,58,42
2023-11-16,1000,135,89,100,40,46,60
2023-11-17,1000,110,82,82,45,28,37
2023-11-18,1000,118,76,52,49,42,3
2023-11-19,1000,104,93,99,33,11,66
2023-11-20,1000,114,87,88,34,27,54
2023-11-21,1000,105,79,85,38,26,47
2023-11-22,1000,120,83,85,47,37,38
2023-11-23,1000,145,77,96,36,68,60
2023-11-24,1000,111,87,83,29,24,54
2023-11-25,1000,133,73,65,20,60,45
2023-11-26,1000,147,67,99,34,80,65
2023-11-27,1000,136,72,85,48,64,37
2023-11-28,1000,125,68,96,35,57,61
2023-11-29,1000,140,81,60,51,59,9
2023-11-30,1000,112,75,91,40,37,51
2023-12-01,1000,140,102,54,41,38,13
2023-12-02,1000,117,85,56,44,32,12
2023-12-03,1000,107,74,93,39,33,54
2023-12-04,1000,119,97,56,43,22,13
2023-12-05,1000,100,66,82,36,34,46
2023-12-06,1000,104,79,63,43,25,20
2023-12-07,1000,138,91,94,33,47,61
2023-12-08,1000,114,81,82,47,33,35
2023-12-09,1000,120,77,71,28,43,43
2023-12-10,1000,140,79,91,45,61,46
2023-12-11,1000,124,79,89,45,45,44
2023-12-12,1000,136,95,62,34,41,28
2023-12-13,1000,104,74,51,40,30,11
2023-12-14,1000,137,90,62,40,47,22
2023-12-15,1000,124,79,92,37,45,55
2023-12-16,1000,133,83,53,41,50,12
2023-12-17,1000,115,72,68,57,43,11
2023-12-18,1000,148,70,61,51,78,10
2023-12-19,1000,125,84,52,36,41,16
2023-12-20,1000,115,87,93,52,28,41
2023-12-21,1000,122,75,70,42,47,28
2023-12-22,1000,102,74,91,48,28,43
2023-12-23,1000,120,84,91,46,36,45
2023-12-24,1000,139,85,90,38,54,52
2023-12-25,1000,143,71,91,30,72,61
2023-12-26,1000,130,89,75,55,41,20
2023-12-27,1000,136,93,53,34,43,19
2023-12-28,1000,134,73,88,27,61,61
2023-12-29,1000,101,94,92,36,7,56
2023-12-30,1000,106,103,84,46,3,38
2023-12-31,1000,102,87,54,35,15,19
2023-01-01,1001,143,65,76,37,78,39
2023-01-02,1001,112,71,83,44,41,39
2023-01-03,1001,129,83,81,46,46,35
2023-01-04,1001,139,80,88,34,59,54
2023-01-05,1001,103,73,53,42,30,11
2023-01-06,1001,119,94,98,51,25,47
2023-01-07,1001,148,81,82,39,67,43
2023-01-08,1001,145,76,100,44,69,56
2023-01-09,1001,125,95,90,34,30,56
2023-01-10,1001,145,74,63,40,71,23
2023-01-11,1001,131,77,99,46,54,53
2023-01-12,1001,119,91,60,43,28,17
2023-01-13,1001,130,99,65,40,31,25
2023-01-14,1001,127,73,66,38,54,28
2023-01-15,1001,129,69,63,37,60,26
2023-01-16,1001,107,87,68,47,20,21
2023-01-17,1001,114,97,91,47,17,44
2023-01-18,1001,128,83,51,33,45,18
2023-01-19,1001,125,70,59,44,55,15
2023-01-20,1001,133,84,81,33,49,48
2023-01-21,1001,125,78,71,38,47,33
2023-01-22,1001,106,80,88,35,26,53
2023-01-23,1001,138,76,63,48,62,15
2023-01-24,1001,107,84,74,27,23,47
2023-01-25,1001,116,87,93,41,29,52
2023-01-26,1001,102,86,89,41,16,48
2023-01-27,1001,125,77,62,44,48,18
2023-01-28,1001,126,74,88,37,52,51
2023-01-29,1001,114,76,100,47,38,53
2023-01-30,1001,150,76,83,33,74,50
2023-01-31,1001,149,91,53,45,58,8
2023-02-01,1001,140,75,66,41,65,25
2023-02-02,1001,125,80,64,40,45,24
2023-02-03,1001,127,89,77,32,38,45
2023-02-04,1001,145,85,92,47,60,45
2023-02-05,1001,114,77,87,35,37,52
2023-02-06,1001,119,70,100,45,49,55
2023-02-07,1001,143,69,51,52,74,-1
2023-02-08,1001,103,80,64,48,23,16
2023-02-09,1001,106,71,91,33,35,58
2023-02-10,1001,131,81,92,45,50,47
2023-02-11,1001,149,63,65,41,86,24
2023-02-12,1001,132,84,63,40,48,23
2023-02-13,1001,150,78,95,42,72,53
2023-02-14,1001,114,64,69,43,50,26
2023-02-15,1001,120,90,74,43,30,31
2023-02-16,1001,147,87,56,51,60,5
2023-02-17,1001,139,95,52,36,44,16
2023-02-18,1001,138,84,79,40,54,39
2023-02-19,1001,144,74,51,38,70,13
2023-02-20,1001,130,91,84,52,39,32
2023-02-21,1001,128,93,87,38,35,49
2023-02-22,1001,104,90,62,49,14,13
2023-02-23,1001,130,86,59,40,44,19
2023-02-24,1001,112,80,97,43,32,54
2023-02-25,1001,113,73,67,48,40,19
2023-02-26,1001,110,85,81,38,25,43
2023-02-27,1001,119,72,88,44,47,44
2023-02-28,1001,106,86,74,32,20,42
2023-03-01,1001,124,77,81,52,47,29
2023-03-02,1001,101,90,55,42,11,13
2023-03-03,1001,102,77,85,40,25,45
2023-03-04,1001,141,86,69,39,55,30
2023-03-05,1001,143,81,90,52,62,38
2023-03-06,1001,137,80,65,34,57,31
2023-03-07,1001,119,99,99,40,20,59
2023-03-08,1001,141,77,94,44,64,50
2023-03-09,1001,113,82,55,33,31,22
2023-03-10,1001,122,70,97,45,52,52
2023-03-11,1001,108,72,52,44,36,8
2023-03-12,1001,120,84,62,34,36,28
2023-03-13,1001,150,87,98,32,63,66
2023-03-14,1001,143,87,56,49,56,7
2023-03-15,1001,138,82,82,43,56,39
2023-03-16,1001,139,72,87,40,67,47
2023-03-17,1001,142,75,68,41,67,27
2023-03-18,1001,107,63,57,43,44,14
2023-03-19,1001,121,83,78,28,38,50
2023-03-20,1001,132,80,62,42,52,20
2023-03-21,1001,115,83,65,33,32,32
2023-03-22,1001,120,100,80,51,20,29
2023-03-23,1001,129,76,82,39,53,43
2023-03-24,1001,125,84,57,41,41,16
2023-03-25,1001,147,72,94,42,75,52
2023-03-26,1001,106,84,54,42,22,12
2023-03-27,1001,143,81,88,37,62,51
2023-03-28,1001,106,91,50,39,15,11
2023-03-29,1001,105,83,60,31,22,29
2023-03-30,1001,117,93,77,46,24,31
2023-03-31,1001,117,64,55,30,53,25
2023-04-01,1001,123,99,87,29,24,58
2023-04-02,1001,137,96,53,41,41,12
2023-04-03,1001,103,75,81,46,28,35
2023-04-04,1001,131,78,76,42,53,34
2023-04-05,1001,124,74,53,37,50,16
2023-04-06,1001,150,89,70,48,61,22
2023-04-07,1001,124,99,70,38,25,32
2023-04-08,1001,143,73,77,47,70,30
2023-04-09,1001,126,80,82,46,46,36
2023-04-10,1001,106,82,54,44,24,10
2023-04-11,1001,123,83,62,39,40,23
2023-04-12,1001,130,92,58,35,38,23
2023-04-13,1001,111,76,83,50,35,33
2023-04-14,1001,136,64,64,41,72,23
2023-04-15,1001,135,88,94,31,47,63
2023-04-16,1001,135,81,84,43,54,41
2023-04-17,1001,138,71,94,43,67,51
2023-04-18,1001,117,81,73,32,36,41
2023-04-19,1001,106,95,76,45,11,31
2023-04-20,1001,126,86,73,42,40,31
2023-04-21,1001,118,86,97,51,32,46
2023-04-22,1001,116,81,96,40,35,56
2023-04-23,1001,150,80,98,34,70,64
2023-04-24,1001,109,91,70,38,18,32
2023-04-25,1001,150,91,89,50,59,39
2023-04-26,1001,134,87,71,33,47,38
2023-04-27,1001,110,82,63,41,28,22
2023-04-28,1001,134,92,65,36,42,29
2023-04-29,1001,112,77,80,38,35,42
2023-04-30,1001,130,70,51,35,60,16
2023-05-01,1001,102,71,67,43,31,24
2023-05-02,1001,127,82,81,31,45,50
2023-05-03,1001,120,98,82,42,22,40
2023-05-04,1001,101,88,70,36,13,34
2023-05-05,1001,144,80,64,40,64,24
2023-05-06,1001,109,90,86,36,19,50
2023-05-07,1001,114,84,88,34,30,54
2023-05-08,1001,126,75,50,38,51,12
2023-05-09,1001,116,87,94,34,29,60
2023-05-10,1001,140,83,74,31,57,43
2023-05-11,1001,112,72,96,39,40,57
2023-05-12,1001,148,82,74,38,66,36
2023-05-13,1001,150,81,94,39,69,55
2023-05-14,1001,141,71,99,43,70,56
2023-05-15,1001,104,80,89,36,24,53
2023-05-16,1001,147,78,94,45,69,49
2023-05-17,1001,139,68,84,46,71,38
2023-05-18,1001,107,80,64,48,27,16
2023-05-19,1001,147,83,61,38,64,23
2023-05-20,1001,118,60,58,45,58,13
2023-05-21,1001,132,76,83,30,56,53
2023-05-22,1001,132,77,53,36,55,17
2023-05-23,1001,138,85,61,45,53,16
2023-05-24,1001,120,73,51,41,47,10
2023-05-25,1001,139,71,68,54,68,14
2023-05-26,1001,137,78,84,47,59,37
2023-05-27,1001,138,72,89,41,66,48
2023-05-28,1001,133,92,66,43,41,23
2023-05-29,1001,112,79,96,38,33,58
2023-05-30,1001,137,93,95,39,44,56
2023-05-31,1001,111,90,69,38,21,31
2023-06-01,1001,103,90,52,49,13,3
2023-06-02,1001,132,85,86,34,47,52
2023-06-03,1001,127,83,85,40,44,45
2023-06-04,1001,101,93,51,46,8,5
2023-06-05,1001,101,85,71,38,16,33
2023-06-06,1001,149,74,52,33,75,19
2023-06-07,1001,116,89,55,34,27,21
2023-06-08,1001,100,72,52,47,28,5
2023-06-09,1001,115,87,89,41,28,48
2023-06-10,1001,133,89,61,53,44,8
2023-06-11,1001,136,84,88,41,52,47
2023-06-12,1001,113,87,89,35,26,54
2023-06-13,1001,109,78,76,31,31,45
2023-06-14,1001,101,71,92,37,30,55
2023-06-15,1001,112,81,92,42,31,50
2023-06-16,1001,141,78,56,46,63,10
2023-06-17,1001,136,74,68,47,62,21
2023-06-18,1001,108,82,78,44,26,34
2023-06-19,1001,131,74,70,38,57,32
2023-06-20,1001,114,95,87,46,19,41
2023-06-21,1001,100,69,88,45,31,43
2023-06-22,1001,109,72,73,35,37,38
2023-06-23,1001,137,82,86,50,55,36
2023-06-24,1001,120,80,83,38,40,45
2023-06-25,1001,145,88,52,37,57,15
2023-06-26,1001,121,78,91,36,43,55
2023-06-27,1001,106,70,74,35,36,39
2023-06-28,1001,119,78,86,42,41,44
2023-06-29,1001,138,72,74,45,66,29
2023-06-30,1001,113,80,52,38,33,14
2023-07-01,1001,118,88,53,54,30,-1
2023-07-02,1001,146,87,92,40,59,52
2023-07-03,1001,131,81,100,43,50,57
2023-07-04,1001,137,72,97,42,65,55
2023-07-05,1001,120,74,90,45,46,45
2023-07-06,1001,148,75,55,36,73,19
2023-07-07,1001,106,85,58,40,21,18
2023-07-08,1001,138,72,83,36,66,47
2023-07-09,1001,120,87,62,41,33,21
2023-07-10,1001,104,74,82,45,30,37
2023-07-11,1001,136,89,51,36,47,15
2023-07-12,1001,109,90,80,42,19,38
2023-07-13,1001,102,89,67,41,13,26
2023-07-14,1001,145,76,76,38,69,38
2023-07-15,1001,141,88,76,37,53,39
2023-07-16,1001,120,72,76,32,48,44
2023-07-17,1001,122,87,53,33,35,20
2023-07-18,1001,113,70,82,38,43,44
2023-07-19,1001,140,71,87,39,69,48
2023-07-20,1001,110,75,93,40,35,53
2023-07-21,1001,110,81,56,39,29,17
2023-07-22,1001,123,77,92,41,46,51
2023-07-23,1001,123,84,82,48,39,34
2023-07-24,1001,118,87,58,32,31,26
2023-07-25,1001,149,88,94,44,61,50
2023-07-26,1001,110,89,66,31,21,35
2023-07-27,1001,136,81,97,51,55,46
2023-07-28,1001,107,83,73,51,24,22
2023-07-29,1001,149,93,91,42,56,49
2023-07-30,1001,132,74,96,35,58,61
2023-07-31,1001,133,82,66,40,51,26
2023-08-01,1001,149,81,57,36,68,21
2023-08-02,1001,147,69,83,40,78,43
2023-08-03,1001,128,74,76,55,54,21
2023-08-04,1001,108,60,58,44,48,14
2023-08-05,1001,134,92,80,41,42,39
2023-08-06,1001,104,71,94,45,33,49
2023-08-07,1001,112,84,98,36,28,62
2023-08-08,1001,140,72,87,44,68,43
2023-08-09,1001,107,62,88,36,45,52
2023-08-10,1001,101,76,73,39,25,34
2023-08-11,1001,146,89,81,45,57,36
2023-08-12,1001,108,82,78,32,26,46
2023-08-13,1001,144,70,78,47,74,31
2023-08-14,1001,123,80,95,36,43,59
2023-08-15,1001,104,94,89,41,10,48
2023-08-16,1001,142,79,53,42,63,11
2023-08-17,1001,128,79,62,42,49,20
2023-08-18,1001,116,81,67,33,35,34
2023-08-19,1001,126,74,88,40,52,48
2023-08-20,1001,145,78,71,34,67,37
2023-08-21,1001,108,83,90,54,25,36
2023-08-22,1001,129,62,58,41,67,17
2023-08-23,1001,130,65,88,34,65,54
2023-08-24,1001,132,84,65,39,48,26
2023-08-25,1001,126,73,60,51,53,9
2023-08-26,1001,117,85,61,42,32,19
2023-08-27,1001,125,68,57,38,57,19
2023-08-28,1001,127,81,55,46,46,9
2023-08-29,1001,114,80,67,48,34,19
2023-08-30,1001,133,96,65,41,37,24
2023-08-31,1001,128,88,65,45,40,20
2023-09-01,1001,122,59,86,39,63,47
2023-09-02,1001,107,78,82,33,29,49
2023-09-03,1001,113,80,79,38,33,41
2023-09-04,1001,123,73,63,36,50,27
2023-09-05,1001,105,71,63,48,34,15
2023-09-06,1001,147,84,69,39,63,30
2023-09-07,1001,130,79,59,41,51,18
2023-09-08,1001,106,79,78,49,27,29
2023-09-09,1001,105,83,83,33,22,50
2023-09-10,1001,110,88,63,50,22,13
2023-09-11,1001,130,76,87,37,54,50
2023-09-12,1001,135,76,95,34,59,61
2023-09-13,1001,120,79,74,46,41,28
2023-09-14,1001,142,82,81,23,60,58
2023-09-15,1001,113,73,83,47,40,36
2023-09-16,1001,110,83,69,37,27,32
2023-09-17,1001,122,70,97,33,52,64
2023-09-18,1001,140,85,65,42,55,23
2023-09-19,1001,143,70,60,35,73,25
2023-09-20,1001,144,73,91,39,71,52
2023-09-21,1001,119,88,80,43,31,37
2023-09-22,1001,115,76,59,42,39,17
2023-09-23,1001,144,72,89,36,72,53
2023-09-24,1001,138,93,91,44,45,47
2023-09-25,1001,100,87,74,42,13,32
2023-09-26,1001,107,77,51,42,30,9
2023-09-27,1001,119,96,79,39,23,40
2023-09-28,1001,123,73,77,39,50,38
2023-09-29,1001,103,89,82,37,14,45
2023-09-30,1001,125,81,87,27,44,60
2023-10-01,1001,129,87,100,38,42,62
2023-10-02,1001,127,77,100,41,50,59
2023-10-03,1001,109,79,96,38,30,58
2023-10-04,1001,139,71,88,47,68,41
2023-10-05,1001,138,81,95,37,57,58
2023-10-06,1001,113,88,52,46,25,6
2023-10-07,1001,140,79,95,38,61,57
2023-10-08,1001,115,72,69,30,43,39
2023-10-09,1001,114,78,50,33,36,17
2023-10-10,1001,132,85,72,35,47,37
2023-10-11,1001,145,94,95,43,51,52
2023-10-12,1001,106,77,81,32,29,49
2023-10-13,1001,129,102,94,52,27,42
2023-10-14,1001,110,74,89,34,36,55
2023-10-15,1001,119,83,50,53,36,-3
2023-10-16,1001,115,81,76,40,34,36
2023-10-17,1001,150,87,91,41,63,50
2023-10-18,1001,127,75,85,40,52,45
2023-10-19,1001,148,74,80,49,74,31
2023-10-20,1001,142,78,100,40,64,60
2023-10-21,1001,149,83,71,42,66,29
2023-10-22,1001,122,84,65,40,38,25
2023-10-23,1001,148,66,82,50,82,32
2023-10-24,1001,121,59,69,45,62,24
2023-10-25,1001,147,77,50,34,70,16
2023-10-26,1001,105,86,60,46,19,14
2023-10-27,1001,147,73,81,40,74,41
2023-10-28,1001,119,88,86,63,31,23
2023-10-29,1001,133,87,97,54,46,43
2023-10-30,1001,128,87,78,35,41,43
2023-10-31,1001,113,80,63,40,33,23
2023-11-01,1001,124,89,66,47,35,19
2023-11-02,1001,107,79,93,34,28,59
2023-11-03,1001,118,84,64,34,34,30
2023-11-04,1001,126,74,59,33,52,26
2023-11-05,1001,142,77,86,41,65,45
2023-11-06,1001,135,81,60,35,54,25
2023-11-07,1001,108,93,99,25,15,74
2023-11-08,1001,113,76,66,30,37,36
2023-11-09,1001,127,83,72,40,44,32
2023-11-10,1001,149,67,84,35,82,49
2023-11-11,1001,138,67,79,40,71,39
2023-11-12,1001,134,83,100,38,51,62
2023-11-13,1001,128,79,88,42,49,46
2023-11-14,1001,125,70,70,46,55,24
2023-11-15,1001,105,71,56,40,34,16
2023-11-16,1001,125,68,96,41,57,55
2023-11-17,1001,129,83,90,30,46,60
2023-11-18,1001,132,71,52,35,61,17
2023-11-19,1001,147,59,98,47,88,51
2023-11-20,1001,110,81,83,37,29,46
2023-11-21,1001,126,88,66,39,38,27
2023-11-22,1001,117,85,77,42,32,35
2023-11-23,1001,135,82,72,31,53,41
2023-11-24,1001,129,60,93,49,69,44
2023-11-25,1001,137,70,61,34,67,27
2023-11-26,1001,109,99,78,35,10,43
2023-11-27,1001,130,78,75,40,52,35
2023-11-28,1001,121,87,60,33,34,27
2023-11-29,1001,135,93,56,41,42,15
2023-11-30,1001,144,80,84,44,64,40
2023-12-01,1001,106,72,89,41,34,48
2023-12-02,1001,136,86,60,37,50,23
2023-12-03,1001,107,79,79,34,28,45
2023-12-04,1001,121,83,50,56,38,-6
2023-12-05,1001,121,86,61,40,35,21
2023-12-06,1001,145,74,89,43,71,46
2023-12-07,1001,146,94,94,39,52,55
2023-12-08,1001,147,75,99,39,72,60
2023-12-09,1001,102,79,92,40,23,52
2023-12-10,1001,104,68,81,37,36,44
2023-12-11,1001,147,79,88,36,68,52
2023-12-12,1001,139,79,78,43,60,35
2023-12-13,1001,145,98,80,34,47,46
2023-12-14,1001,117,74,99,48,43,51
2023-12-15,1001,146,75,88,41,71,47
2023-12-16,1001,147,81,54,49,66,5
2023-12-17,1001,111,88,88,49,23,39
2023-12-18,1001,137,94,87,40,43,47
2023-12-19,1001,148,81,90,38,67,52
2023-12-20,1001,147,85,78,41,62,37
2023-12-21,1001,118,79,57,31,39,26
2023-12-22,1001,139,63,66,40,76,26
2023-12-23,1001,117,81,62,37,36,25
2023-12-24,1001,108,64,88,52,44,36
2023-12-25,1001,134,80,67,37,54,30
2023-12-26,1001,145,77,100,32,68,68
2023-12-27,1001,114,86,61,36,28,25
2023-12-28,1001,131,81,77,28,50,49
2023-12-29,1001,102,79,98,48,23,50
2023-12-30,1001,122,82,62,45,40,17
2023-12-31,1001,123,75,87,45,48,42
2023-01-01,1002,100,104,91,38,-4,53
2023-01-02,1002,149,90,86,44,59,42
2023-01-03,1002,129,88,89,41,41,48
2023-01-04,1002,149,92,55,34,57,21
2023-01-05,1002,148,72,86,50,76,36
2023-01-06,1002,106,84,89,38,22,51
2023-01-07,1002,128,87,68,37,41,31
2023-01-08,1002,129,85,82,39,44,43
2023-01-09,1002,127,75,52,43,52,9
2023-01-10,1002,110,68,81,29,42,52
2023-01-11,1002,119,84,58,38,35,20
2023-01-12,1002,104,82,52,50,22,2
2023-01-13,1002,113,81,65,37,32,28
2023-01-14,1002,123,92,68,41,31,27
2023-01-15,1002,119,82,92,36,37,56
2023-01-16,1002,116,86,73,30,30,43
2023-01-17,1002,126,77,52,31,49,21
2023-01-18,1002,142,85,60,39,57,21
2023-01-19,1002,148,79,91,38,69,53
2023-01-20,1002,118,77,82,44,41,38
2023-01-21,1002,150,72,73,44,78,29
2023-01-22,1002,101,85,54,40,16,14
2023-01-23,1002,117,78,95,43,39,52
2023-01-24,1002,112,64,57,45,48,12
2023-01-25,1002,150,91,73,40,59,33
2023-01-26,1002,109,88,77,32,21,45
2023-01-27,1002,125,74,63,40,51,23
2023-01-28,1002,125,83,65,49,42,16
2023-01-29,1002,112,68,69,30,44,39
2023-01-30,1002,142,86,100,31,56,69
2023-01-31,1002,135,68,74,39,67,35
2023-02-01,1002,119,67,64,50,52,14
2023-02-02,1002,111,71,98,45,40,53
2023-02-03,1002,106,80,77,42,26,35
2023-02-04,1002,114,97,98,50,17,48
2023-02-05,1002,136,90,54,32,46,22
2023-02-06,1002,116,71,74,38,45,36
2023-02-07,1002,102,81,77,40,21,37
2023-02-08,1002,139,85,83,44,54,39
2023-02-09,1002,120,83,96,27,37,69
2023-02-10,1002,135,87,91,37,48,54
2023-02-11,1002,121,69,77,37,52,40
2023-02-12,1002,112,73,73,35,39,38
2023-02-13,1002,119,71,99,35,48,64
2023-02-14,1002,145,86,63,32,59,31
2023-02-15,1002,116,74,83,36,42,47
2023-02-16,1002,119,91,97,43,28,54
2023-02-17,1002,126,89,52,35,37,17
2023-02-18,1002,115,65,87,32,50,55
2023-02-19,1002,150,72,99,43,78,56
2023-02-20,1002,107,83,88,40,24,48
2023-02-21,1002,126,90,66,33,36,33
2023-02-22,1002,149,74,99,36,75,63
2023-02-23,1002,104,72,86,35,32,51
2023-02-24,1002,134,80,96,39,54,57
2023-02-25,1002,146,77,70,39,69,31
2023-02-26,1002,136,68,95,45,68,50
2023-02-27,1002,104,86,96,49,18,47
2023-02-28,1002,115,77,97,37,38,60
2023-03-01,1002,115,89,83,40,26,43
2023-03-02,1002,110,76,94,37,34,57
2023-03-03,1002,145,86,54,35,59,19
2023-03-04,1002,118,82,86,40,36,46
2023-03-05,1002,113,75,67,32,38,35
2023-03-06,1002,118,71,57,43,47,14
2023-03-07,1002,106,73,63,44,33,19
2023-03-08,1002,144,89,93,39,55,54
2023-03-09,1002,148,77,66,40,71,26
2023-03-10,1002,149,94,57,45,55,12
2023-03-11,1002,100,82,68,47,18,21
2023-03-12,1002,138,89,82,34,49,48
2023-03-13,1002,116,82,52,41,34,11
2023-03-14,1002,111,65,71,50,46,21
2023-03-15,1002,125,85,84,42,40,42
2023-03-16,1002,130,75,52,36,55,16
2023-03-17,1002,117,72,56,34,45,22
2023-03-18,1002,148,95,95,19,53,76
2023-03-19,1002,102,74,82,39,28,43
2023-03-20,1002,111,85,77,31,26,46
2023-03-21,1002,136,70,98,36,66,62
2023-03-22,1002,114,75,97,40,39,57
2023-03-23,1002,139,82,77,37,57,40
2023-03-24,1002,105,73,82,37,32,45
2023-03-25,1002,146,67,69,33,79,36
2023-03-26,1002,122,80,51,36,42,15
2023-03-27,1002,117,82,62,51,35,11
2023-03-28,1002,105,98,76,42,7,34
2023-03-29,1002,148,83,56,35,65,21
2023-03-30,1002,107,74,91,36,33,55
2023-03-31,1002,111,80,67,38,31,29
2023-04-01,1002,149,71,61,56,78,5
2023-04-02,1002,150,77,56,41,73,15
2023-04-03,1002,131,92,80,44,39,36
2023-04-04,1002,128,64,55,34,64,21
2023-04-05,1002,139,78,51,44,61,7
2023-04-06,1002,127,80,88,38,47,50
2023-04-07,1002,127,74,82,50,53,32
2023-04-08,1002,104,76,80,46,28,34
2023-04-09,1002,129,82,69,32,47,37
2023-04-10,1002,101,77,83,31,24,52
2023-04-11,1002,125,73,86,29,52,57
2023-04-12,1002,142,75,88,42,67,46
2023-04-13,1002,111,72,88,38,39,50
2023-04-14,1002,145,86,71,48,59,23
2023-04-15,1002,132,80,55,37,52,18
2023-04-16,1002,114,81,60,35,33,25
2023-04-17,1002,103,81,59,37,22,22
2023-04-18,1002,147,80,74,50,67,24
2023-04-19,1002,134,78,94,58,56,36
2023-04-20,1002,125,79,59,45,46,14
2023-04-21,1002,123,66,75,34,57,41
2023-04-22,1002,147,70,75,51,77,24
2023-04-23,1002,122,94,55,27,28,28
2023-04-24,1002,106,68,58,39,38,19
2023-04-25,1002,101,80,69,41,21,28
2023-04-26,1002,125,83,94,43,42,51
2023-04-27,1002,131,82,90,54,49,36
2023-04-28,1002,112,88,86,52,24,34
2023-04-29,1002,104,90,95,47,14,48
2023-04-30,1002,140,89,55,49,51,6
2023-05-01,1002,110,83,73,35,27,38
2023-05-02,1002,123,83,83,43,40,40
2023-05-03,1002,129,75,55,49,54,6
2023-05-04,1002,104,74,51,37,30,14
2023-05-05,1002,143,91,57,36,52,21
2023-05-06,1002,145,85,68,34,60,34
2023-05-07,1002,126,67,90,47,59,43
2023-05-08,1002,138,80,84,36,58,48
2023-05-09,1002,145,83,95,57,62,38
2023-05-10,1002,106,86,51,41,20,10
2023-05-11,1002,133,78,69,38,55,31
2023-05-12,1002,139,83,83,42,56,41
2023-05-13,1002,124,71,59,41,53,18
2023-05-14,1002,132,93,62,41,39,21
2023-05-15,1002,144,83,95,40,61,55
2023-05-16,1002,110,94,94,45,16,49
2023-05-17,1002,130,76,93,40,54,53
2023-05-18,1002,125,83,75,41,42,34
2023-05-19,1002,126,89,83,46,37,37
2023-05-20,1002,111,73,54,39,38,15
2023-05-21,1002,134,79,62,38,55,24
2023-05-22,1002,120,76,83,41,44,42
2023-05-23,1002,123,95,86,41,28,45
2023-05-24,1002,134,86,57,42,48,15
2023-05-25,1002,101,71,74,43,30,31
2023-05-26,1002,148,75,55,35,73,20
2023-05-27,1002,147,92,67,42,55,25
2023-05-28,1002,142,78,53,44,64,9
2023-05-29,1002,144,85,96,34,59,62
2023-05-30,1002,102,76,81,46,26,35
2023-05-31,1002,116,80,93,32,36,61
2023-06-01,1002,101,80,78,40,21,38
2023-06-02,1002,132,80,80,39,52,41
2023-06-03,1002,123,73,76,47,50,29
2023-06-04,1002,101,78,100,39,23,61
2023-06-05,1002,112,74,99,34,38,65
2023-06-06,1002,149,76,97,38,73,59
2023-06-07,1002,126,88,70,43,38,27
2023-06-08,1002,118,72,70,41,46,29
2023-06-09,1002,121,75,54,40,46,14
2023-06-10,1002,130,79,68,44,51,24
2023-06-11,1002,109,88,78,44,21,34
2023-06-12,1002,103,86,72,36,17,36
2023-06-13,1002,105,93,71,40,12,31
2023-06-14,1002,148,75,95,33,73,62
2023-06-15,1002,115,80,69,46,35,23
2023-06-16,1002,119,83,52,51,36,1
2023-06-17,1002,141,85,86,37,56,49
2023-06-18,1002,149,96,91,37,53,54
2023-06-19,1002,115,95,74,35,20,39
2023-06-20,1002,119,90,72,37,29,35
2023-06-21,1002,126,95,59,34,31,25
2023-06-22,1002,141,69,60,44,72,16
2023-06-23,1002,117,70,84,43,47,41
2023-06-24,1002,114,77,56,43,37,13
2023-06-25,1002,142,78,89,35,64,54
2023-06-26,1002,147,78,76,47,69,29
2023-06-27,1002,104,73,85,39,31,46
2023-06-28,1002,108,91,60,41,17,19
2023-06-29,1002,108,81,58,48,27,10
2023-06-30,1002,132,63,61,40,69,21
2023-07-01,1002,126,76,51,36,50,15
2023-07-02,1002,133,83,52,27,50,25
2023-07-03,1002,119,80,99,41,39,58
2023-07-04,1002,109,94,76,39,15,37
2023-07-05,1002,139,77,100,53,62,47
2023-07-06,1002,147,74,50,38,73,12
2023-07-07,1002,125,104,70,47,21,23
2023-07-08,1002,144,87,91,37,57,54
2023-07-09,1002,145,81,97,39,64,58
2023-07-10,1002,107,79,83,33,28,50
2023-07-11,1002,134,81,83,38,53,45
2023-07-12,1002,140,84,85,41,56,44
2023-07-13,1002,118,97,62,42,21,20
2023-07-14,1002,138,99,85,51,39,34
2023-07-15,1002,120,81,86,46,39,40
2023-07-16,1002,132,76,52,38,56,14
2023-07-17,1002,123,91,75,42,32,33
2023-07-18,1002,146,74,60,37,72,23
2023-07-19,1002,142,91,56,42,51,14
2023-07-20,1002,141,70,87,37,71,50
2023-07-21,1002,115,68,58,44,47,14
2023-07-22,1002,131,91,60,38,40,22
2023-07-23,1002,127,83,63,32,44,31
2023-07-24,1002,139,83,75,44,56,31
2023-07-25,1002,110,68,62,48,42,14
2023-07-26,1002,113,76,67,35,37,32
2023-07-27,1002,116,71,92,52,45,40
2023-07-28,1002,104,74,70,44,30,26
2023-07-29,1002,145,90,78,42,55,36
2023-07-30,1002,130,65,70,35,65,35
2023-07-31,1002,105,69,93,52,36,41
2023-08-01,1002,116,70,82,51,46,31
2023-08-02,1002,111,84,100,36,27,64
2023-08-03,1002,147,75,68,38,72,30
2023-08-04,1002,122,79,100,53,43,47
2023-08-05,1002,148,88,91,46,60,45
2023-08-06,1002,123,71,79,41,52,38
2023-08-07,1002,106,84,51,44,22,7
2023-08-08,1002,138,71,51,50,67,1
2023-08-09,1002,119,66,88,34,53,54
2023-08-10,1002,139,74,53,36,65,17
2023-08-11,1002,121,66,82,42,55,40
2023-08-12,1002,143,100,78,39,43,39
2023-08-13,1002,133,81,78,33,52,45
2023-08-14,1002,114,72,78,45,42,33
2023-08-15,1002,120,57,66,54,63,12
2023-08-16,1002,118,89,73,49,29,24
2023-08-17,1002,110,82,96,53,28,43
2023-08-18,1002,120,77,72,42,43,30
2023-08-19,1002,106,88,62,44,18,18
2023-08-20,1002,109,69,92,37,40,55
2023-08-21,1002,146,83,74,34,63,40
2023-08-22,1002,148,89,79,37,59,42
2023-08-23,1002,103,76,54,30,27,24
2023-08-24,1002,104,68,96,35,36,61
2023-08-25,1002,109,68,87,47,41,40
2023-08-26,1002,125,76,84,44,49,40
2023-08-27,1002,121,59,64,38,62,26
2023-08-28,1002,148,86,87,53,62,34
2023-08-29,1002,131,93,91,43,38,48
2023-08-30,1002,122,79,80,45,43,35
2023-08-31,1002,107,71,64,44,36,20
2023-09-01,1002,118,76,98,49,42,49
2023-09-02,1002,130,83,65,35,47,30
2023-09-03,1002,143,70,99,31,73,68
2023-09-04,1002,108,86,73,34,22,39
2023-09-05,1002,141,69,73,45,72,28
2023-09-06,1002,125,82,87,42,43,45
2023-09-07,1002,122,85,82,38,37,44
2023-09-08,1002,128,68,50,36,60,14
2023-09-09,1002,143,73,53,50,70,3
2023-09-10,1002,140,88,76,35,52,41
2023-09-11,1002,137,67,74,39,70,35
2023-09-12,1002,116,82,60,42,34,18
2023-09-13,1002,138,76,64,38,62,26
2023-09-14,1002,122,80,91,40,42,51
2023-09-15,1002,147,69,87,35,78,52
2023-09-16,1002,115,78,91,34,37,57
2023-09-17,1002,114,65,86,20,49,66
2023-09-18,1002,141,74,83,37,67,46
2023-09-19,1002,119,83,93,52,36,41
2023-09-20,1002,124,81,86,41,43,45
2023-09-21,1002,110,96,96,35,14,61
2023-09-22,1002,136,75,84,40,61,44
2023-09-23,1002,128,88,54,54,40,0
2023-09-24,1002,105,95,76,49,10,27
2023-09-25,1002,135,82,88,42,53,46
2023-09-26,1002,145,67,96,47,78,49
2023-09-27,1002,117,68,84,38,49,46
2023-09-28,1002,149,88,74,49,61,25
2023-09-29,1002,100,73,61,30,27,31
2023-09-30,1002,133,66,60,33,67,27
2023-10-01,1002,113,69,55,45,44,10
2023-10-02,1002,144,92,72,39,52,33
2023-10-03,1002,100,93,63,36,7,27
2023-10-04,1002,118,82,86,35,36,51
2023-10-05,1002,116,74,62,40,42,22
2023-10-06,1002,127,76,87,33,51,54
2023-10-07,1002,149,74,96,41,75,55
2023-10-08,1002,123,90,79,41,33,38
2023-10-09,1002,112,86,83,32,26,51
2023-10-10,1002,114,76,69,39,38,30
2023-10-11,1002,107,90,82,32,17,50
2023-10-12,1002,112,87,58,40,25,18
2023-10-13,1002,117,77,62,41,40,21
2023-10-14,1002,113,70,70,41,43,29
2023-10-15,1002,142,96,100,41,46,59
2023-10-16,1002,114,61,67,42,53,25
2023-10-17,1002,131,98,60,46,33,14
2023-10-18,1002,107,71,68,43,36,25
2023-10-19,1002,135,82,52,32,53,20
2023-10-20,1002,129,92,71,38,37,33
2023-10-21,1002,149,93,94,36,56,58
2023-10-22,1002,140,89,86,43,51,43
2023-10-23,1002,135,83,65,35,52,30
2023-10-24,1002,148,72,63,48,76,15
2023-10-25,1002,136,65,71,38,71,33
2023-10-26,1002,145,86,75,40,59,35
2023-10-27,1002,119,70,58,37,49,21
2023-10-28,1002,135,70,53,48,65,5
2023-10-29,1002,109,91,69,38,18,31
2023-10-30,1002,103,63,73,33,40,40
2023-10-31,1002,144,89,61,47,55,14
2023-11-01,1002,144,86,93,36,58,57
2023-11-02,1002,106,74,63,38,32,25
2023-11-03,1002,132,88,79,42,44,37
2023-11-04,1002,147,77,92,47,70,45
2023-11-05,1002,117,74,94,35,43,59
2023-11-06,1002,100,72,79,41,28,38
2023-11-07,1002,145,72,89,37,73,52
2023-11-08,1002,120,79,55,40,41,15
2023-11-09,1002,144,103,98,43,41,55
2023-11-10,1002,124,65,61,38,59,23
2023-11-11,1002,124,73,64,41,51,23
2023-11-12,1002,103,81,92,43,22,49
2023-11-13,1002,122,67,68,24,55,44
2023-11-14,1002,123,94,87,42,29,45
2023-11-15,1002,100,79,76,49,21,27
2023-11-16,1002,115,82,77,42,33,35
2023-11-17,1002,137,73,71,27,64,44
2023-11-18,1002,100,70,74,43,30,31
2023-11-19,1002,113,68,82,50,45,32
2023-11-20,1002,149,77,94,37,72,57
2023-11-21,1002,150,83,64,35,67,29
2023-11-22,1002,128,94,92,30,34,62
2023-11-23,1002,120,83,99,51,37,48
2023-11-24,1002,106,75,95,46,31,49
2023-11-25,1002,110,86,62,44,24,18
2023-11-26,1002,131,86,51,34,45,17
2023-11-27,1002,124,83,71,30,41,41
2023-11-28,1002,124,65,92,41,59,51
2023-11-29,1002,115,77,97,42,38,55
2023-11-30,1002,101,73,82,49,28,33
2023-12-01,1002,107,66,72,42,41,30
2023-12-02,1002,123,89,60,37,34,23
2023-12-03,1002,140,70,98,45,70,53
2023-12-04,1002,105,86,91,35,19,56
2023-12-05,1002,115,78,77,39,37,38
2023-12-06,1002,129,81,85,45,48,40
2023-12-07,1002,133,74,90,37,59,53
2023-12-08,1002,137,84,62,47,53,15
2023-12-09,1002,120,83,99,39,37,60
2023-12-10,1002,104,86,54,34,18,20
2023-12-11,1002,128,68,93,48,60,45
2023-12-12,1002,126,110,94,41,16,53
2023-12-13,1002,110,68,76,38,42,38
2023-12-14,1002,140,86,56,51,54,5
2023-12-15,1002,131,91,56,37,40,19
2023-12-16,1002,135,98,90,41,37,49
2023-12-17,1002,144,82,81,36,62,45
2023-12-18,1002,123,110,93,37,13,56
2023-12-19,1002,144,98,84,40,46,44
2023-12-20,1002,113,73,87,41,40,46
2023-12-21,1002,136,70,63,45,66,18
2023-12-22,1002,120,78,54,34,42,20
2023-12-23,1002,111,74,83,34,37,49
2023-12-24,1002,119,85,68,50,34,18
2023-12-25,1002,119,86,97,31,33,66
2023-12-26,1002,122,70,93,44,52,49
2023-12-27,1002,106,70,56,48,36,8
2023-12-28,1002,130,84,57,44,46,13
2023-12-29,1002,112,75,57,27,37,30
2023-12-30,1002,128,66,93,41,62,52
2023-12-31,1002,125,73,66,38,52,28
2023-01-01,1003,108,74,82,54,34,28
2023-01-02,1003,119,82,69,48,37,21
2023-01-03,1003,137,74,91,38,63,53
2023-01-04,1003,118,64,76,41,54,35
2023-01-05,1003,109,78,72,22,31,50
2023-01-06,1003,122,78,80,44,44,36
2023-01-07,1003,120,75,97,47,45,50
2023-01-08,1003,136,74,89,37,62,52
2023-01-09,1003,132,78,93,36,54,57
2023-01-10,1003,146,72,87,33,74,54
2023-01-11,1003,141,73,80,40,68,40
2023-01-12,1003,145,78,56,33,67,23
2023-01-13,1003,128,90,94,30,38,64
2023-01-14,1003,110,97,91,42,13,49
2023-01-15,1003,102,81,69,48,21,21
2023-01-16,1003,134,72,63,44,62,19
2023-01-17,1003,122,84,56,57,38,-1
2023-01-18,1003,104,92,58,39,12,19
2023-01-19,1003,126,84,100,48,42,52
2023-01-20,1003,143,75,92,47,68,45
2023-01-21,1003,101,68,56,39,33,17
2023-01-22,1003,142,86,77,34,56,43
2023-01-23,1003,144,81,51,30,63,21
2023-01-24,1003,103,90,50,42,13,8
2023-01-25,1003,117,91,78,43,26,35
2023-01-26,1003,121,81,50,38,40,12
2023-01-27,1003,106,93,99,41,13,58
2023-01-28,1003,128,82,59,41,46,18
2023-01-29,1003,116,74,96,50,42,46
2023-01-30,1003,129,75,74,48,54,26
2023-01-31,1003,137,79,68,41,58,27
2023-02-01,1003,139,75,59,34,64,25
2023-02-02,1003,137,92,82,40,45,42
2023-02-03,1003,109,88,61,51,21,10
2023-02-04,1003,109,73,75,35,36,40
2023-02-05,1003,146,86,68,40,60,28
2023-02-06,1003,112,81,92,38,31,54
2023-02-07,1003,126,87,56,44,39,12
2023-02-08,1003,142,77,57,34,65,23
2023-02-09,1003,125,63,59,39,62,20
2023-02-10,1003,104,81,72,45,23,27
2023-02-11,1003,132,86,68,48,46,20
2023-02-12,1003,135,86,57,44,49,13
2023-02-13,1003,134,85,56,52,49,4
2023-02-14,1003,140,95,64,33,45,31
2023-02-15,1003,147,79,70,27,68,43
2023-02-16,1003,120,87,67,40,33,27
2023-02-17,1003,119,92,84,36,27,48
2023-02-18,1003,135,83,55,32,52,23
2023-02-19,1003,135,74,83,43,61,40
2023-02-20,1003,137,87,92,38,50,54
2023-02-21,1003,125,82,83,37,43,46
2023-02-22,1003,132,87,57,45,45,12
2023-02-23,1003,119,79,79,39,40,40
2023-02-24,1003,149,79,63,34,70,29
2023-02-25,1003,108,74,59,36,34,23
2023-02-26,1003,100,81,52,44,19,8
2023-02-27,1003,121,77,86,42,44,44
2023-02-28,1003,131,74,98,47,57,51
2023-03-01,1003,142,78,76,40,64,36
2023-03-02,1003,141,66,77,33,75,44
2023-03-03,1003,117,97,91,33,20,58
2023-03-04,1003,145,103,60,49,42,11
2023-03-05,1003,105,74,83,39,31,44
2023-03-06,1003,113,68,69,39,45,30
2023-03-07,1003,101,72,66,33,29,33
2023-03-08,1003,145,77,77,40,68,37
2023-03-09,1003,120,100,75,39,20,36
2023-03-10,1003,119,80,87,46,39,41
2023-03-11,1003,140,95,80,42,45,38
2023-03-12,1003,129,77,82,42,52,40
2023-03-13,1003,109,78,68,43,31,25
2023-03-14,1003,137,76,53,50,61,3
2023-03-15,1003,112,87,80,35,25,45
2023-03-16,1003,118,70,64,39,48,25
2023-03-17,1003,134,73,92,36,61,56
2023-03-18,1003,140,73,61,34,67,27
2023-03-19,1003,128,78,94,37,50,57
2023-03-20,1003,122,81,74,43,41,31
2023-03-21,1003,123,69,68,46,54,22
2023-03-22,1003,140,86,69,34,54,35
2023-03-23,1003,149,75,50,42,74,8
2023-03-24,1003,119,78,79,54,41,25
2023-03-25,1003,102,75,89,49,27,40
2023-03-26,1003,102,70,93,42,32,51
2023-03-27,1003,123,76,89,36,47,53
2023-03-28,1003,120,79,69,30,41,39
2023-03-29,1003,111,87,52,54,24,-2
2023-03-30,1003,101,74,61,45,27,16
2023-03-31,1003,125,80,72,33,45,39
2023-04-01,1003,141,86,79,48,55,31
2023-04-02,1003,105,83,90,38,22,52
2023-04-03,1003,121,97,86,39,24,47
2023-04-04,1003,137,71,60,49,66,11
2023-04-05,1003,136,67,95,42,69,53
2023-04-06,1003,128,81,92,40,47,52
2023-04-07,1003,142,81,87,32,61,55
2023-04-08,1003,134,99,92,40,35,52
2023-04-09,1003,119,75,50,37,44,13
2023-04-10,1003,119,91,78,42,28,36
2023-04-11,1003,133,76,88,39,57,49
2023-04-12,1003,119,83,81,43,36,38
2023-04-13,1003,109,80,50,36,29,14
2023-04-14,1003,123,87,71,34,36,37
2023-04-15,1003,100,74,77,36,26,41
2023-04-16,1003,147,91,75,38,56,37
2023-04-17,1003,146,66,51,33,80,18
2023-04-18,1003,111,84,88,36,27,52
2023-04-19,1003,100,80,88,34,20,54
2023-04-20,1003,138,75,67,30,63,37
2023-04-21,1003,107,94,87,47,13,40
2023-04-22,1003,117,84,51,42,33,9
2023-04-23,1003,126,71,93,44,55,49
2023-04-24,1003,132,83,80,43,49,37
2023-04-25,1003,123,81,85,33,42,52
2023-04-26,1003,120,81,95,32,39,63
2023-04-27,1003,132,88,96,35,44,61
2023-04-28,1003,108,81,54,44,27,10
2023-04-29,1003,114,98,86,47,16,39
2023-04-30,1003,115,72,72,39,43,33
2023-05-01,1003,145,74,51,35,71,16
2023-05-02,1003,115,79,94,37,36,57
2023-05-03,1003,134,81,66,35,53,31
2023-05-04,1003,106,87,71,41,19,30
2023-05-05,1003,146,77,86,53,69,33
2023-05-06,1003,107,81,100,38,26,62
2023-05-07,1003,132,80,83,32,52,51
2023-05-08,1003,115,74,94,36,41,58
2023-05-09,1003,141,85,96,48,56,48
2023-05-10,1003,114,81,67,38,33,29
2023-05-11,1003,134,95,82,33,39,49
2023-05-12,1003,126,79,83,46,47,37
2023-05-13,1003,140,82,100,42,58,58
2023-05-14,1003,120,74,71,50,46,21
2023-05-15,1003,101,81,50,38,20,12
2023-05-16,1003,143,69,98,50,74,48
2023-05-17,1003,125,65,89,31,60,58
2023-05-18,1003,118,75,86,36,43,50
2023-05-19,1003,143,68,88,37,75,51
2023-05-20,1003,146,79,57,45,67,12
2023-05-21,1003,100,79,81,41,21,40
2023-05-22,1003,107,88,69,47,19,22
2023-05-23,1003,128,86,95,42,42,53
2023-05-24,1003,126,63,61,35,63,26
2023-05-25,1003,123,73,71,48,50,23
2023-05-26,1003,118,85,75,34,33,41
2023-05-27,1003,123,68,60,50,55,10
2023-05-28,1003,139,88,65,46,51,19
2023-05-29,1003,118,80,60,32,38,28
2023-05-30,1003,128,67,71,42,61,29
2023-05-31,1003,105,79,84,34,26,50
2023-06-01,1003,116,87,97,35,29,62
2023-06-02,1003,132,86,93,36,46,57
2023-06-03,1003,145,78,59,42,67,17
2023-06-04,1003,111,100,52,49,11,3
2023-06-05,1003,114,82,97,52,32,45
2023-06-06,1003,138,71,71,37,67,34
2023-06-07,1003,150,71,99,43,79,56
2023-06-08,1003,103,75,65,33,28,32
2023-06-09,1003,126,87,78,52,39,26
2023-06-10,1003,128,76,53,31,52,22
2023-06-11,1003,148,65,72,29,83,43
2023-06-12,1003,133,85,97,44,48,53
2023-06-13,1003,124,86,60,29,38,31
2023-06-14,1003,104,83,64,35,21,29
2023-06-15,1003,150,86,82,49,64,33
2023-06-16,1003,144,94,92,34,50,58
2023-06-17,1003,140,72,80,48,68,32
2023-06-18,1003,115,72,52,32,43,20
2023-06-19,1003,142,73,92,36,69,56
2023-06-20,1003,104,87,100,54,17,46
2023-06-21,1003,110,65,55,49,45,6
2023-06-22,1003,115,85,97,35,30,62
2023-06-23,1003,132,71,83,32,61,51
2023-06-24,1003,146,67,87,48,79,39
2023-06-25,1003,135,69,61,50,66,11
2023-06-26,1003,106,99,51,37,7,14
2023-06-27,1003,146,77,80,45,69,35
2023-06-28,1003,107,70,68,51,37,17
2023-06-29,1003,107,79,57,44,28,13
2023-06-30,1003,134,65,80,24,69,56
2023-07-01,1003,131,82,94,39,49,55
2023-07-02,1003,140,76,53,41,64,12
2023-07-03,1003,139,91,82,28,48,54
2023-07-04,1003,136,83,58,43,53,15
2023-07-05,1003,132,81,62,45,51,17
2023-07-06,1003,102,73,84,35,29,49
2023-07-07,1003,124,88,70,33,36,37
2023-07-08,1003,142,79,96,36,63,60
2023-07-09,1003,110,87,71,46,23,25
2023-07-10,1003,124,86,61,50,38,11
2023-07-11,1003,114,75,63,36,39,27
2023-07-12,1003,108,81,83,43,27,40
2023-07-13,1003,113,86,57,36,27,21
2023-07-14,1003,141,74,79,46,67,33
2023-07-15,1003,144,77,83,45,67,38
2023-07-16,1003,109,83,100,42,26,58
2023-07-17,1003,131,82,66,41,49,25
2023-07-18,1003,114,88,81,30,26,51
2023-07-19,1003,107,79,55,35,28,20
2023-07-20,1003,112,81,94,45,31,49
2023-07-21,1003,137,84,80,35,53,45
2023-07-22,1003,112,76,83,36,36,47
2023-07-23,1003,101,78,80,40,23,40
2023-07-24,1003,133,85,77,29,48,48
2023-07-25,1003,100,58,63,47,42,16
2023-07-26,1003,145,67,67,40,78,27
2023-07-27,1003,142,82,81,38,60,43
2023-07-28,1003,112,88,72,30,24,42
2023-07-29,1003,144,79,65,36,65,29
2023-07-30,1003,140,67,80,41,73,39
2023-07-31,1003,107,71,82,40,36,42
2023-08-01,1003,132,78,80,43,54,37
2023-08-02,1003,144,96,55,46,48,9
2023-08-03,1003,127,86,63,36,41,27
2023-08-04,1003,108,71,92,45,37,47
2023-08-05,1003,118,62,91,38,56,53
2023-08-06,1003,126,93,96,40,33,56
2023-08-07,1003,103,85,58,37,18,21
2023-08-08,1003,109,88,58,33,21,25
2023-08-09,1003,131,76,77,31,55,46
2023-08-10,1003,114,73,50,31,41,19
2023-08-11,1003,121,80,50,31,41,19
2023-08-12,1003,143,81,98,52,62,46
2023-08-13,1003,131,89,63,35,42,28
2023-08-14,1003,132,66,70,52,66,18
2023-08-15,1003,117,92,63,44,25,19
2023-08-16,1003,132,73,94,42,59,52
2023-08-17,1003,132,86,51,43,46,8
2023-08-18,1003,113,89,87,44,24,43
2023-08-19,1003,145,74,62,36,71,26
2023-08-20,1003,137,79,73,38,58,35
2023-08-21,1003,137,84,95,48,53,47
2023-08-22,1003,101,82,98,47,19,51
2023-08-23,1003,107,88,91,24,19,67
2023-08-24,1003,132,86,62,37,46,25
2023-08-25,1003,104,93,86,40,11,46
2023-08-26,1003,113,87,89,41,26,48
2023-08-27,1003,113,86,58,40,27,18
2023-08-28,1003,114,75,73,52,39,21
2023-08-29,1003,111,69,52,48,42,4
2023-08-30,1003,128,93,54,44,35,10
2023-08-31,1003,126,67,89,38,59,51
2023-09-01,1003,121,79,52,41,42,11
2023-09-02,1003,113,87,83,34,26,49
2023-09-03,1003,138,90,68,44,48,24
2023-09-04,1003,114,86,66,35,28,31
2023-09-05,1003,132,83,67,50,49,17
2023-09-06,1003,112,81,57,43,31,14
2023-09-07,1003,102,75,66,44,27,22
2023-09-08,1003,149,75,64,44,74,20
2023-09-09,1003,131,87,66,40,44,26
2023-09-10,1003,127,76,100,34,51,66
2023-09-11,1003,131,59,86,47,72,39
2023-09-12,1003,122,74,62,36,48,26
2023-09-13,1003,130,88,76,37,42,39
2023-09-14,1003,113,83,69,40,30,29
2023-09-15,1003,110,99,58,41,11,17
2023-09-16,1003,142,79,65,37,63,28
2023-09-17,1003,123,70,54,37,53,17
2023-09-18,1003,135,78,66,38,57,28
2023-09-19,1003,114,80,95,39,34,56
2023-09-20,1003,117,64,97,36,53,61
2023-09-21,1003,133,79,82,36,54,46
2023-09-22,1003,122,83,97,50,39,47
2023-09-23,1003,133,78,92,38,55,54
2023-09-24,1003,146,73,88,37,73,51
2023-09-25,1003,100,88,89,32,12,57
2023-09-26,1003,125,77,59,41,48,18
2023-09-27,1003,145,67,100,39,78,61
2023-09-28,1003,147,78,51,38,69,13
2023-09-29,1003,110,78,80,49,32,31
2023-09-30,1003,135,73,66,45,62,21
2023-10-01,1003,148,82,59,41,66,18
2023-10-02,1003,116,92,87,44,24,43
2023-10-03,1003,106,83,78,42,23,36
2023-10-04,1003,133,73,92,38,60,54
2023-10-05,1003,121,91,94,37,30,57
2023-10-06,1003,130,68,59,39,62,20
2023-10-07,1003,101,85,100,37,16,63
2023-10-08,1003,130,70,79,51,60,28
2023-10-09,1003,143,59,77,32,84,45
2023-10-10,1003,138,93,75,28,45,47
2023-10-11,1003,119,81,94,38,38,56
2023-10-12,1003,121,86,71,40,35,31
2023-10-13,1003,118,75,63,38,43,25
2023-10-14,1003,102,76,62,28,26,34
2023-10-15,1003,109,68,58,43,41,15
2023-10-16,1003,126,79,91,29,47,62
2023-10-17,1003,147,90,81,41,57,40
2023-10-18,1003,105,86,56,43,19,13
2023-10-19,1003,112,86,57,37,26,20
2023-10-20,1003,122,82,50,35,40,15
2023-10-21,1003,107,78,90,48,29,42
2023-10-22,1003,114,95,51,39,19,12
2023-10-23,1003,138,80,99,36,58,63
2023-10-24,1003,104,74,54,46,30,8
2023-10-25,1003,133,97,80,41,36,39
2023-10-26,1003,130,77,93,44,53,49
2023-10-27,1003,104,72,64,39,32,25
2023-10-28,1003,142,85,71,46,57,25
2023-10-29,1003,103,85,50,31,18,19
2023-10-30,1003,144,80,60,35,64,25
2023-10-31,1003,132,78,68,49,54,19
2023-11-01,1003,137,83,81,48,54,33
2023-11-02,1003,101,94,91,56,7,35
2023-11-03,1003,128,75,70,39,53,31
2023-11-04,1003,111,89,78,48,22,30
2023-11-05,1003,148,82,63,42,66,21
2023-11-06,1003,104,89,78,46,15,32
2023-11-07,1003,103,62,57,35,41,22
2023-11-08,1003,116,88,77,41,28,36
2023-11-09,1003,114,82,59,34,32,25
2023-11-10,1003,102,74,86,40,28,46
2023-11-11,1003,131,76,77,32,55,45
2023-11-12,1003,138,81,82,42,57,40
2023-11-13,1003,150,65,62,48,85,14
2023-11-14,1003,140,79,63,39,61,24
2023-11-15,1003,110,75,50,38,35,12
2023-11-16,1003,103,86,50,43,17,7
2023-11-17,1003,101,85,64,53,16,11
2023-11-18,1003,107,67,99,37,40,62
2023-11-19,1003,118,107,76,50,11,26
2023-11-20,1003,120,79,53,45,41,8
2023-11-21,1003,112,97,100,39,15,61
2023-11-22,1003,136,71,50,35,65,15
2023-11-23,1003,115,82,55,35,33,20
2023-11-24,1003,102,81,52,45,21,7
2023-11-25,1003,142,71,52,37,71,15
2023-11-26,1003,127,83,94,51,44,43
2023-11-27,1003,143,91,93,44,52,49
2023-11-28,1003,100,74,69,37,26,32
2023-11-29,1003,130,86,63,43,44,20
2023-11-30,1003,121,62,67,47,59,20
2023-12-01,1003,144,88,83,42,56,41
2023-12-02,1003,133,77,79,45,56,34
2023-12-03,1003,105,73,70,35,32,35
2023-12-04,1003,100,90,81,37,10,44
2023-12-05,1003,137,76,83,33,61,50
2023-12-06,1003,145,85,85,42,60,43
2023-12-07,1003,102,83,77,43,19,34
2023-12-08,1003,122,73,69,32,49,37
2023-12-09,1003,102,74,69,40,28,29
2023-12-10,1003,132,81,74,37,51,37
2023-12-11,1003,124,74,68,31,50,37
2023-12-12,1003,113,78,61,42,35,19
2023-12-13,1003,108,69,99,43,39,56
2023-12-14,1003,113,86,82,43,27,39
2023-12-15,1003,148,81,59,42,67,17
2023-12-16,1003,114,93,83,42,21,41
2023-12-17,1003,130,83,77,31,47,46
2023-12-18,1003,130,78,87,39,52,48
2023-12-19,1003,124,80,85,48,44,37
2023-12-20,1003,149,68,63,35,81,28
2023-12-21,1003,123,78,58,36,45,22
2023-12-22,1003,131,75,64,32,56,32
2023-12-23,1003,147,85,83,45,62,38
2023-12-24,1003,128,83,70,51,45,19
2023-12-25,1003,101,72,91,28,29,63
2023-12-26,1003,125,73,86,47,52,39
2023-12-27,1003,128,85,77,41,43,36
2023-12-28,1003,121,88,63,43,33,20
2023-12-29,1003,107,72,52,48,35,4
2023-12-30,1003,114,97,58,38,17,20
2023-12-31,1003,149,77,54,42,72,12
2023-01-01,1004,143,88,88,36,55,52
2023-01-02,1004,147,81,75,42,66,33
2023-01-03,1004,114,84,87,42,30,45
2023-01-04,1004,104,85,90,54,19,36
2023-01-05,1004,119,72,98,44,47,54
2023-01-06,1004,135,94,97,50,41,47
2023-01-07,1004,113,92,79,46,21,33
2023-01-08,1004,102,75,67,47,27,20
2023-01-09,1004,107,69,97,34,38,63
2023-01-10,1004,123,74,72,42,49,30
2023-01-11,1004,141,112,76,42,29,34
2023-01-12,1004,147,83,59,41,64,18
2023-01-13,1004,135,85,72,36,50,36
2023-01-14,1004,110,88,100,52,22,48
2023-01-15,1004,109,85,89,35,24,54
2023-01-16,1004,136,100,74,37,36,37
2023-01-17,1004,142,78,50,35,64,15
2023-01-18,1004,102,70,57,39,32,18
2023-01-19,1004,106,77,57,38,29,19
2023-01-20,1004,144,84,66,40,60,26
2023-01-21,1004,135,66,68,41,69,27
2023-01-22,1004,117,81,87,60,36,27
2023-01-23,1004,104,81,98,39,23,59
2023-01-24,1004,132,79,91,47,53,44
2023-01-25,1004,134,84,93,41,50,52
2023-01-26,1004,114,90,100,44,24,56
2023-01-27,1004,139,80,59,43,59,16
2023-01-28,1004,144,68,51,40,76,11
2023-01-29,1004,119,88,71,46,31,25
2023-01-30,1004,127,78,90,41,49,49
2023-01-31,1004,126,77,87,47,49,40
2023-02-01,1004,101,88,56,40,13,16
2023-02-02,1004,145,75,71,36,70,35
2023-02-03,1004,138,83,91,35,55,56
2023-02-04,1004,111,70,55,47,41,8
2023-02-05,1004,150,71,69,41,79,28
2023-02-06,1004,144,85,78,35,59,43
2023-02-07,1004,113,67,56,38,46,18
2023-02-08,1004,127,92,58,45,35,13
2023-02-09,1004,141,89,64,46,52,18
2023-02-10,1004,131,75,73,50,56,23
2023-02-11,1004,112,94,99,33,18,66
2023-02-12,1004,128,86,95,39,42,56
2023-02-13,1004,141,81,86,31,60,55
2023-02-14,1004,118,79,83,35,39,48
2023-02-15,1004,147,73,68,37,74,31
2023-02-16,1004,132,83,70,37,49,33
2023-02-17,1004,122,76,54,49,46,5
2023-02-18,1004,124,74,92,34,50,58
2023-02-19,1004,116,85,90,45,31,45
2023-02-20,1004,111,66,51,55,45,-4
2023-02-21,1004,136,72,99,40,64,59
2023-02-22,1004,116,88,72,53,28,19
2023-02-23,1004,132,77,60,38,55,22
2023-02-24,1004,116,77,63,38,39,25
2023-02-25,1004,104,82,68,35,22,33
2023-02-26,1004,109,83,66,34,26,32
2023-02-27,1004,112,76,52,45,36,7
2023-02-28,1004,142,82,83,46,60,37
2023-03-01,1004,119,84,95,33,35,62
2023-03-02,1004,139,67,73,42,72,31
2023-03-03,1004,121,99,85,47,22,38
2023-03-04,1004,148,71,70,42,77,28
2023-03-05,1004,126,89,98,44,37,54
2023-03-06,1004,111,84,97,37,27,60
2023-03-07,1004,114,93,100,50,21,50
2023-03-08,1004,116,84,95,41,32,54
2023-03-09,1004,133,81,75,49,52,26
2023-03-10,1004,137,80,96,34,57,62
2023-03-11,1004,148,75,70,44,73,26
2023-03-12,1004,130,100,97,46,30,51
2023-03-13,1004,103,75,67,30,28,37
2023-03-14,1004,100,89,75,42,11,33
2023-03-15,1004,106,98,83,42,8,41
2023-03-16,1004,100,68,71,40,32,31
2023-03-17,1004,130,87,68,48,43,20
2023-03-18,1004,146,74,59,39,72,20
2023-03-19,1004,101,83,69,42,18,27
2023-03-20,1004,148,88,78,48,60,30
2023-03-21,1004,138,103,76,35,35,41
2023-03-22,1004,107,78,63,42,29,21
2023-03-23,1004,129,68,53,31,61,22
2023-03-24,1004,124,79,85,38,45,47
2023-03-25,1004,133,80,51,44,53,7
2023-03-26,1004,105,83,54,41,22,13
2023-03-27,1004,144,80,87,56,64,31
2023-03-28,1004,144,76,82,43,68,39
2023-03-29,1004,139,62,58,33,77,25
2023-03-30,1004,103,75,71,31,28,40
2023-03-31,1004,126,82,59,43,44,16
2023-04-01,1004,110,73,50,44,37,6
2023-04-02,1004,102,74,84,35,28,49
2023-04-03,1004,108,65,96,43,43,53
2023-04-04,1004,130,70,62,34,60,28
2023-04-05,1004,135,82,62,40,53,22
2023-04-06,1004,100,69,59,34,31,25
2023-04-07,1004,110,72,78,38,38,40
2023-04-08,1004,107,79,52,44,28,8
2023-04-09,1004,129,88,84,41,41,43
2023-04-10,1004,133,74,67,38,59,29
2023-04-11,1004,118,75,53,37,43,16
2023-04-12,1004,117,66,53,27,51,26
2023-04-13,1004,109,92,68,39,17,29
2023-04-14,1004,129,71,57,50,58,7
2023-04-15,1004,120,74,55,41,46,14
2023-04-16,1004,109,84,90,55,25,35
2023-04-17,1004,110,87,62,40,23,22
2023-04-18,1004,125,83,80,39,42,41
2023-04-19,1004,112,83,73,34,29,39
2023-04-20,1004,101,73,93,35,28,58
2023-04-21,1004,103,68,58,45,35,13
2023-04-22,1004,102,82,96,42,20,54
2023-04-23,1004,129,77,74,37,52,37
2023-04-24,1004,127,85,95,45,42,50
2023-04-25,1004,107,81,79,34,26,45
2023-04-26,1004,128,60,70,36,68,34
2023-04-27,1004,126,76,55,42,50,13
2023-04-28,1004,142,65,50,35,77,15
2023-04-29,1004,135,64,66,54,71,12
2023-04-30,1004,138,71,94,36,67,58
2023-05-01,1004,124,100,60,52,24,8
2023-05-02,1004,145,86,89,38,59,51
2023-05-03,1004,113,87,67,42,26,25
2023-05-04,1004,102,70,82,36,32,46
2023-05-05,1004,147,78,86,26,69,60
2023-05-06,1004,118,87,61,45,31,16
2023-05-07,1004,141,100,100,26,41,74
2023-05-08,1004,114,90,95,37,24,58
2023-05-09,1004,143,76,84,36,67,48
2023-05-10,1004,105,76,60,46,29,14
2023-05-11,1004,129,81,66,50,48,16
2023-05-12,1004,127,81,79,40,46,39
2023-05-13,1004,124,94,68,48,30,20
2023-05-14,1004,148,79,87,48,69,39
2023-05-15,1004,108,80,85,36,28,49
2023-05-16,1004,119,82,92,43,37,49
2023-05-17,1004,121,60,62,46,61,16
2023-05-18,1004,145,76,99,32,69,67
2023-05-19,1004,107,86,100,50,21,50
2023-05-20,1004,150,70,77,34,80,43
2023-05-21,1004,137,69,97,37,68,60
2023-05-22,1004,109,86,93,44,23,49
2023-05-23,1004,104,88,82,34,16,48
2023-05-24,1004,134,80,96,29,54,67
2023-05-25,1004,106,71,51,38,35,13
2023-05-26,1004,147,96,85,37,51,48
2023-05-27,1004,101,72,69,47,29,22
2023-05-28,1004,116,89,80,42,27,38
2023-05-29,1004,119,81,57,33,38,24
2023-05-30,1004,132,67,75,33,65,42
2023-05-31,1004,111,86,100,49,25,51
2023-06-01,1004,123,80,98,41,43,57
2023-06-02,1004,145,84,87,42,61,45
2023-06-03,1004,110,81,84,45,29,39
2023-06-04,1004,123,82,77,45,41,32
2023-06-05,1004,142,74,93,42,68,51
2023-06-06,1004,138,81,73,42,57,31
2023-06-07,1004,110,89,100,48,21,52
2023-06-08,1004,143,72,51,34,71,17
2023-06-09,1004,106,63,87,44,43,43
2023-06-10,1004,126,79,64,37,47,27
2023-06-11,1004,105,82,68,45,23,23
2023-06-12,1004,118,82,96,49,36,47
2023-06-13,1004,119,74,61,39,45,22
2023-06-14,1004,124,82,78,41,42,37
2023-06-15,1004,120,78,79,34,42,45
2023-06-16,1004,131,78,77,42,53,35
2023-06-17,1004,116,80,90,46,36,44
2023-06-18,1004,117,82,62,47,35,15
2023-06-19,1004,100,85,77,40,15,37
2023-06-20,1004,133,94,90,44,39,46
2023-06-21,1004,102,60,65,34,42,31
2023-06-22,1004,110,89,58,45,21,13
2023-06-23,1004,100,75,64,33,25,31
2023-06-24,1004,140,89,79,30,51,49
2023-06-25,1004,100,69,69,40,31,29
2023-06-26,1004,101,75,71,43,26,28
2023-06-27,1004,137,94,85,37,43,48
2023-06-28,1004,117,101,60,34,16,26
2023-06-29,1004,116,68,86,43,48,43
2023-06-30,1004,118,83,67,36,35,31
2023-07-01,1004,101,85,50,52,16,-2
2023-07-02,1004,141,68,98,43,73,55
2023-07-03,1004,114,76,87,41,38,46
2023-07-04,1004,110,88,88,48,22,40
2023-07-05,1004,100,82,81,44,18,37
2023-07-06,1004,136,90,90,37,46,53
2023-07-07,1004,117,75,74,30,42,44
2023-07-08,1004,138,96,78,36,42,42
2023-07-09,1004,126,75,63,47,51,16
2023-07-10,1004,102,77,100,32,25,68
2023-07-11,1004,111,76,67,43,35,24
2023-07-12,1004,149,73,83,45,76,38
2023-07-13,1004,115,73,82,50,42,32
2023-07-14,1004,120,83,56,34,37,22
2023-07-15,1004,116,94,84,52,22,32
2023-07-16,1004,133,88,60,42,45,18
2023-07-17,1004,141,70,61,38,71,23
2023-07-18,1004,116,85,53,45,31,8
2023-07-19,1004,148,79,54,39,69,15
2023-07-20,1004,105,97,97,48,8,49
2023-07-21,1004,123,81,62,40,42,22
2023-07-22,1004,146,73,91,47,73,44
2023-07-23,1004,103,74,65,32,29,33
2023-07-24,1004,124,82,63,42,42,21
2023-07-25,1004,126,68,72,39,58,33
2023-07-26,1004,131,77,74,46,54,28
2023-07-27,1004,148,87,64,50,61,14
2023-07-28,1004,148,62,55,44,86,11
2023-07-29,1004,129,94,87,35,35,52
2023-07-30,1004,110,81,71,41,29,30
2023-07-31,1004,119,76,57,36,43,21
2023-08-01,1004,110,88,63,49,22,14
2023-08-02,1004,128,59,57,44,69,13
2023-08-03,1004,110,74,52,45,36,7
2023-08-04,1004,129,80,75,34,49,41
2023-08-05,1004,134,73,72,50,61,22
2023-08-06,1004,143,80,96,56,63,40
2023-08-07,1004,143,82,69,39,61,30
2023-08-08,1004,131,71,75,37,60,38
2023-08-09,1004,112,75,75,33,37,42
2023-08-10,1004,122,78,74,30,44,44
2023-08-11,1004,104,68,52,28,36,24
2023-08-12,1004,111,94,72,41,17,31
2023-08-13,1004,124,80,85,34,44,51
2023-08-14,1004,113,81,52,33,32,19
2023-08-15,1004,124,85,94,40,39,54
2023-08-16,1004,103,70,79,45,33,34
2023-08-17,1004,129,79,73,41,50,32
2023-08-18,1004,118,75,85,47,43,38
2023-08-19,1004,124,86,64,40,38,24
2023-08-20,1004,112,88,67,38,24,29
2023-08-21,1004,115,81,83,43,34,40
2023-08-22,1004,100,72,78,30,28,48
2023-08-23,1004,120,65,94,38,55,56
2023-08-24,1004,117,85,79,44,32,35
2023-08-25,1004,127,74,76,37,53,39
2023-08-26,1004,141,73,65,37,68,28
2023-08-27,1004,150,88,92,44,62,48
2023-08-28,1004,123,103,53,47,20,6
2023-08-29,1004,106,74,58,43,32,15
2023-08-30,1004,137,102,89,35,35,54
2023-08-31,1004,148,80,58,53,68,5
2023-09-01,1004,136,78,100,42,58,58
2023-09-02,1004,100,76,79,49,24,30
2023-09-03,1004,142,82,59,58,60,1
2023-09-04,1004,135,79,100,38,56,62
2023-09-05,1004,129,98,95,39,31,56
2023-09-06,1004,148,88,81,41,60,40
2023-09-07,1004,138,76,92,53,62,39
2023-09-08,1004,143,75,90,44,68,46
2023-09-09,1004,127,76,92,38,51,54
2023-09-10,1004,139,77,76,43,62,33
2023-09-11,1004,143,84,73,37,59,36
2023-09-12,1004,148,83,55,37,65,18
2023-09-13,1004,142,73,76,39,69,37
2023-09-14,1004,105,93,87,47,12,40
2023-09-15,1004,134,88,98,41,46,57
2023-09-16,1004,109,78,60,39,31,21
2023-09-17,1004,131,87,92,42,44,50
2023-09-18,1004,131,64,51,33,67,18
2023-09-19,1004,110,86,67,30,24,37
2023-09-20,1004,141,90,99,50,51,49
2023-09-21,1004,142,75,52,33,67,19
2023-09-22,1004,107,83,86,39,24,47
2023-09-23,1004,124,80,69,41,44,28
2023-09-24,1004,107,76,69,37,31,32
2023-09-25,1004,139,75,63,42,64,21
2023-09-26,1004,140,77,55,38,63,17
2023-09-27,1004,135,80,51,39,55,12
2023-09-28,1004,132,90,59,29,42,30
2023-09-29,1004,132,80,63,45,52,18
2023-09-30,1004,121,83,61,47,38,14
2023-10-01,1004,127,85,97,37,42,60
2023-10-02,1004,135,81,87,32,54,55
2023-10-03,1004,116,96,98,35,20,63
2023-10-04,1004,112,84,79,38,28,41
2023-10-05,1004,100,87,90,37,13,53
2023-10-06,1004,140,71,91,40,69,51
2023-10-07,1004,117,68,52,30,49,22
2023-10-08,1004,110,83,93,43,27,50
2023-10-09,1004,125,86,77,38,39,39
2023-10-10,1004,120,94,85,40,26,45
2023-10-11,1004,114,99,64,36,15,28
2023-10-12,1004,116,100,56,41,16,15
2023-10-13,1004,122,77,77,31,45,46
2023-10-14,1004,126,76,90,36,50,54
2023-10-15,1004,129,67,55,32,62,23
2023-10-16,1004,142,91,68,37,51,31
2023-10-17,1004,104,84,70,47,20,23
2023-10-18,1004,125,91,87,43,34,44
2023-10-19,1004,135,84,65,38,51,27
2023-10-20,1004,125,76,70,26,49,44
2023-10-21,1004,140,77,96,42,63,54
2023-10-22,1004,101,85,67,30,16,37
2023-10-23,1004,133,84,56,44,49,12
2023-10-24,1004,103,79,84,41,24,43
2023-10-25,1004,150,57,94,44,93,50
2023-10-26,1004,113,73,93,47,40,46
2023-10-27,1004,110,87,78,41,23,37
2023-10-28,1004,116,67,76,39,49,37
2023-10-29,1004,118,78,65,45,40,20
2023-10-30,1004,127,83,71,38,44,33
2023-10-31,1004,148,80,99,40,68,59
2023-11-01,1004,145,88,84,39,57,45
2023-11-02,1004,110,88,81,46,22,35
2023-11-03,1004,146,59,85,38,87,47
2023-11-04,1004,117,68,75,35,49,40
2023-11-05,1004,104,81,89,49,23,40
2023-11-06,1004,109,81,97,38,28,59
2023-11-07,1004,136,68,79,47,68,32
2023-11-08,1004,106,83,81,36,23,45
2023-11-09,1004,137,81,98,48,56,50
2023-11-10,1004,134,75,56,33,59,23
2023-11-11,1004,130,77,85,41,53,44
2023-11-12,1004,117,75,85,44,42,41
2023-11-13,1004,136,81,76,38,55,38
2023-11-14,1004,106,81,87,43,25,44
2023-11-15,1004,112,87,53,43,25,10
2023-11-16,1004,135,78,67,32,57,35
2023-11-17,1004,133,80,87,39,53,48
2023-11-18,1004,132,68,72,39,64,33
2023-11-19,1004,135,91,64,49,44,15
2023-11-20,1004,109,73,84,50,36,34
2023-11-21,1004,126,91,91,41,35,50
2023-11-22,1004,134,68,82,45,66,37
2023-11-23,1004,149,78,67,37,71,30
2023-11-24,1004,149,63,83,47,86,36
2023-11-25,1004,143,86,97,52,57,45
2023-11-26,1004,145,78,65,24,67,41
2023-11-27,1004,134,96,73,37,38,36
2023-11-28,1004,124,82,100,47,42,53
2023-11-29,1004,150,81,87,38,69,49
2023-11-30,1004,131,68,97,48,63,49
2023-12-01,1004,109,82,60,55,27,5
2023-12-02,1004,124,88,58,40,36,18
2023-12-03,1004,115,67,68,34,48,34
2023-12-04,1004,141,85,85,41,56,44
2023-12-05,1004,144,99,79,30,45,49
2023-12-06,1004,132,71,66,48,61,18
2023-12-07,1004,144,65,63,38,79,25
2023-12-08,1004,133,72,95,33,61,62
2023-12-09,1004,113,76,79,30,37,49
2023-12-10,1004,149,64,86,48,85,38
2023-12-11,1004,121,79,88,51,42,37
2023-12-12,1004,115,84,82,37,31,45
2023-12-13,1004,109,98,84,34,11,50
2023-12-14,1004,144,69,55,43,75,12
2023-12-15,1004,145,91,92,37,54,55
2023-12-16,1004,107,70,66,42,37,24
2023-12-17,1004,113,84,97,43,29,54
2023-12-18,1004,110,73,65,35,37,30
2023-12-19,1004,139,72,96,33,67,63
2023-12-20,1004,129,63,61,45,66,16
2023-12-21,1004,126,86,82,45,40,37
2023-12-22,1004,139,74,92,36,65,56
2023-12-23,1004,145,82,65,33,63,32
2023-12-24,1004,117,74,97,45,43,52
2023-12-25,1004,145,98,93,37,47,56
2023-12-26,1004,145,64,99,40,81,59
2023-12-27,1004,108,83,89,31,25,58
2023-12-28,1004,126,68,90,35,58,55
2023-12-29,1004,115,65,91,38,50,53
2023-12-30,1004,102,78,87,54,24,33
2023-12-31,1004,108,74,83,47,34,36
2023-01-01,1005,139,80,88,44,59,44
2023-01-02,1005,103,75,95,38,28,57
2023-01-03,1005,143,69,75,35,74,40
2023-01-04,1005,112,78,73,44,34,29
2023-01-05,1005,109,69,61,38,40,23
2023-01-06,1005,141,82,94,36,59,58
2023-01-07,1005,150,74,78,40,76,38
2023-01-08,1005,124,85,90,35,39,55
2023-01-09,1005,150,76,76,37,74,39
2023-01-10,1005,101,84,99,42,17,57
2023-01-11,1005,111,89,52,41,22,11
2023-01-12,1005,117,84,53,32,33,21
2023-01-13,1005,138,78,95,36,60,59
2023-01-14,1005,118,65,81,35,53,46
2023-01-15,1005,123,82,94,32,41,62
2023-01-16,1005,105,90,71,39,15,32
2023-01-17,1005,144,72,82,34,72,48
2023-01-18,1005,133,85,100,51,48,49
2023-01-19,1005,146,74,87,30,72,57
2023-01-20,1005,120,79,78,48,41,30
2023-01-21,1005,128,85,80,47,43,33
2023-01-22,1005,121,95,73,49,26,24
2023-01-23,1005,140,82,97,44,58,53
2023-01-24,1005,147,75,85,36,72,49
2023-01-25,1005,137,88,67,38,49,29
2023-01-26,1005,100,89,65,37,11,28
2023-01-27,1005,135,102,54,48,33,6
2023-01-28,1005,102,77,95,32,25,63
2023-01-29,1005,144,88,89,43,56,46
2023-01-30,1005,138,83,93,40,55,53
2023-01-31,1005,114,94,53,42,20,11
2023-02-01,1005,124,100,76,45,24,31
2023-02-02,1005,144,85,90,47,59,43
2023-02-03,1005,118,76,69,37,42,32
2023-02-04,1005,108,81,75,43,27,32
2023-02-05,1005,133,80,96,50,53,46
2023-02-06,1005,115,87,58,37,28,21
2023-02-07,1005,120,76,75,41,44,34
2023-02-08,1005,117,82,89,36,35,53
2023-02-09,1005,119,102,96,47,17,49
2023-02-10,1005,147,87,63,42,60,21
2023-02-11,1005,119,79,97,47,40,50
2023-02-12,1005,120,94,66,46,26,20
2023-02-13,1005,128,75,77,52,53,25
2023-02-14,1005,141,70,72,36,71,36
2023-02-15,1005,121,78,77,47,43,30
2023-02-16,1005,146,72,96,36,74,60
2023-02-17,1005,124,88,72,42,36,30
2023-02-18,1005,122,78,68,36,44,32
2023-02-19,1005,140,92,77,36,48,41
2023-02-20,1005,112,81,92,40,31,52
2023-02-21,1005,104,70,94,46,34,48
2023-02-22,1005,114,64,53,38,50,15
2023-02-23,1005,105,87,93,40,18,53
2023-02-24,1005,136,84,50,51,52,-1
2023-02-25,1005,119,73,80,35,46,45
2023-02-26,1005,141,83,61,35,58,26
2023-02-27,1005,143,72,66,34,71,32
2023-02-28,1005,119,92,55,40,27,15
2023-03-01,1005,118,96,91,31,22,60
2023-03-02,1005,110,73,55,40,37,15
2023-03-03,1005,145,72,81,44,73,37
2023-03-04,1005,114,95,58,46,19,12
2023-03-05,1005,115,67,90,41,48,49
2023-03-06,1005,124,72,80,52,52,28
2023-03-07,1005,126,84,90,36,42,54
2023-03-08,1005,106,76,92,48,30,44
2023-03-09,1005,143,91,97,26,52,71
2023-03-10,1005,135,74,55,34,61,21
2023-03-11,1005,128,80,90,42,48,48
2023-03-12,1005,134,69,96,28,65,68
2023-03-13,1005,111,88,63,43,23,20
2023-03-14,1005,108,65,62,34,43,28
2023-03-15,1005,149,78,84,43,71,41
2023-03-16,1005,135,90,52,36,45,16
2023-03-17,1005,109,82,78,34,27,44
2023-03-18,1005,123,72,81,43,51,38
2023-03-19,1005,111,81,86,37,30,49
2023-03-20,1005,117,80,67,39,37,28
2023-03-21,1005,104,97,65,34,7,31
2023-03-22,1005,138,92,92,33,46,59
2023-03-23,1005,100,83,51,38,17,13
2023-03-24,1005,133,71,61,43,62,18
2023-03-25,1005,108,90,83,45,18,38
2023-03-26,1005,128,72,89,37,56,52
2023-03-27,1005,143,90,89,35,53,54
2023-03-28,1005,113,82,77,36,31,41
2023-03-29,1005,128,79,73,43,49,30
2023-03-30,1005,139,101,91,34,38,57
2023-03-31,1005,150,75,92,45,75,47
2023-04-01,1005,108,81,69,33,27,36
2023-04-02,1005,141,67,98,48,74,50
2023-04-03,1005,119,92,78,42,27,36
2023-04-04,1005,105,86,97,44,19,53
2023-04-05,1005,113,74,81,41,39,40
2023-04-06,1005,100,84,70,49,16,21
2023-04-07,1005,136,75,83,38,61,45
2023-04-08,1005,146,91,54,28,55,26
2023-04-09,1005,140,76,66,45,64,21
2023-04-10,1005,143,84,71,44,59,27
2023-04-11,1005,113,81,52,29,32,23
2023-04-12,1005,144,79,52,38,65,14
2023-04-13,1005,111,80,71,37,31,34
2023-04-14,1005,143,93,71,44,50,27
2023-04-15,1005,145,90,83,42,55,41
2023-04-16,1005,128,71,75,37,57,38
2023-04-17,1005,148,92,51,47,56,4
2023-04-18,1005,146,68,84,31,78,53
2023-04-19,1005,129,68,56,36,61,20
2023-04-20,1005,130,86,70,37,44,33
2023-04-21,1005,100,75,78,51,25,27
2023-04-22,1005,107,81,79,42,26,37
2023-04-23,1005,111,74,53,41,37,12
2023-04-24,1005,133,73,84,27,60,57
2023-04-25,1005,129,84,59,37,45,22
2023-04-26,1005,100,78,64,41,22,23
2023-04-27,1005,147,72,69,41,75,28
2023-04-28,1005,138,88,90,42,50,48
2023-04-29,1005,134,88,70,42,46,28
2023-04-30,1005,140,69,62,48,71,14
2023-05-01,1005,143,87,90,37,56,53
2023-05-02,1005,143,99,60,43,44,17
2023-05-03,1005,144,72,54,46,72,8
2023-05-04,1005,143,81,80,34,62,46
2023-05-05,1005,101,84,55,53,17,2
2023-05-06,1005,112,86,77,44,26,33
2023-05-07,1005,112,80,71,42,32,29
2023-05-08,1005,116,66,94,39,50,55
2023-05-09,1005,139,82,95,31,57,64
2023-05-10,1005,146,91,81,40,55,41
2023-05-11,1005,118,89,91,39,29,52
2023-05-12,1005,125,76,72,39,49,33
2023-05-13,1005,106,77,51,42,29,9
2023-05-14,1005,103,80,80,36,23,44
2023-05-15,1005,103,78,70,38,25,32
2023-05-16,1005,118,74,51,42,44,9
2023-05-17,1005,131,84,88,26,47,62
2023-05-18,1005,133,83,93,33,50,60
2023-05-19,1005,103,70,69,43,33,26
2023-05-20,1005,139,74,95,38,65,57
2023-05-21,1005,111,88,72,35,23,37
2023-05-22,1005,123,87,86,31,36,55
2023-05-23,1005,100,71,90,36,29,54
2023-05-24,1005,109,98,55,44,11,11
2023-05-25,1005,138,62,67,45,76,22
2023-05-26,1005,148,90,55,45,58,10
2023-05-27,1005,142,80,97,31,62,66
2023-05-28,1005,104,82,85,41,22,44
2023-05-29,1005,112,89,71,31,23,40
2023-05-30,1005,105,71,91,38,34,53
2023-05-31,1005,103,53,50,39,50,11
2023-06-01,1005,116,77,77,39,39,38
2023-06-02,1005,145,88,98,35,57,63
2023-06-03,1005,144,88,96,47,56,49
2023-06-04,1005,111,71,74,44,40,30
2023-06-05,1005,142,87,91,38,55,53
2023-06-06,1005,140,73,99,41,67,58
2023-06-07,1005,108,99,81,33,9,48
2023-06-08,1005,137,71,79,27,66,52
2023-06-09,1005,148,75,98,44,73,54
2023-06-10,1005,148,82,79,36,66,43
2023-06-11,1005,120,88,64,39,32,25
2023-06-12,1005,145,70,89,46,75,43
2023-06-13,1005,109,78,75,47,31,28
2023-06-14,1005,108,82,59,54,26,5
2023-06-15,1005,131,77,94,44,54,50
2023-06-16,1005,141,88,87,34,53,53
2023-06-17,1005,111,78,51,48,33,3
2023-06-18,1005,127,89,67,47,38,20
2023-06-19,1005,144,80,90,42,64,48
2023-06-20,1005,131,84,93,45,47,48
2023-06-21,1005,149,85,71,27,64,44
2023-06-22,1005,141,79,70,41,62,29
2023-06-23,1005,123,71,50,38,52,12
2023-06-24,1005,143,69,99,39,74,60
2023-06-25,1005,142,76,68,37,66,31
2023-06-26,1005,115,79,60,49,36,11
2023-06-27,1005,122,83,86,44,39,42
2023-06-28,1005,148,70,65,39,78,26
2023-06-29,1005,149,92,97,40,57,57
2023-06-30,1005,139,89,64,43,50,21
2023-07-01,1005,127,64,74,40,63,34
2023-07-02,1005,143,82,80,40,61,40
2023-07-03,1005,122,72,78,42,50,36
2023-07-04,1005,136,91,92,38,45,54
2023-07-05,1005,120,80,91,44,40,47
2023-07-06,1005,101,91,80,48,10,32
2023-07-07,1005,141,81,87,46,60,41
2023-07-08,1005,132,77,67,36,55,31
2023-07-09,1005,143,93,77,44,50,33
2023-07-10,1005,139,93,94,41,46,53
2023-07-11,1005,130,75,61,37,55,24
2023-07-12,1005,125,93,71,33,32,38
2023-07-13,1005,141,76,93,27,65,66
2023-07-14,1005,117,90,54,39,27,15
2023-07-15,1005,149,81,78,35,68,43
2023-07-16,1005,146,92,81,40,54,41
2023-07-17,1005,102,91,87,47,11,40
2023-07-18,1005,120,94,86,46,26,40
2023-07-19,1005,127,78,75,37,49,38
2023-07-20,1005,136,86,66,44,50,22
2023-07-21,1005,122,87,66,41,35,25
2023-07-22,1005,126,89,50,36,37,14
2023-07-23,1005,112,76,86,38,36,48
2023-07-24,1005,114,84,86,51,30,35
2023-07-25,1005,104,74,85,41,30,44
2023-07-26,1005,105,82,74,40,23,34
2023-07-27,1005,133,59,76,41,74,35
2023-07-28,1005,127,81,95,40,46,55
2023-07-29,1005,143,76,70,40,67,30
2023-07-30,1005,106,88,80,31,18,49
2023-07-31,1005,104,78,71,44,26,27
2023-08-01,1005,124,96,69,28,28,41
2023-08-02,1005,113,93,50,40,20,10
2023-08-03,1005,115,73,53,37,42,16
2023-08-04,1005,135,71,56,40,64,16
2023-08-05,1005,146,78,80,47,68,33
2023-08-06,1005,121,76,89,41,45,48
2023-08-07,1005,134,86,61,30,48,31
2023-08-08,1005,149,91,60,32,58,28
2023-08-09,1005,117,84,77,37,33,40
2023-08-10,1005,107,60,84,46,47,38
2023-08-11,1005,128,86,63,40,42,23
2023-08-12,1005,109,79,66,32,30,34
2023-08-13,1005,132,57,53,31,75,22
2023-08-14,1005,145,90,79,39,55,40
2023-08-15,1005,134,99,54,52,35,2
2023-08-16,1005,127,69,72,44,58,28
2023-08-17,1005,123,73,74,45,50,29
2023-08-18,1005,106,76,80,38,30,42
2023-08-19,1005,111,81,68,40,30,28
2023-08-20,1005,124,90,81,34,34,47
2023-08-21,1005,129,72,94,44,57,50
2023-08-22,1005,117,79,96,51,38,45
2023-08-23,1005,110,78,81,48,32,33
2023-08-24,1005,138,73,89,46,65,43
2023-08-25,1005,130,97,82,41,33,41
2023-08-26,1005,148,96,58,42,52,16
2023-08-27,1005,126,79,85,51,47,34
2023-08-28,1005,121,81,63,50,40,13
2023-08-29,1005,124,96,84,35,28,49
2023-08-30,1005,133,76,94,43,57,51
2023-08-31,1005,120,71,74,44,49,30
2023-09-01,1005,108,90,66,43,18,23
2023-09-02,1005,141,75,85,44,66,41
2023-09-03,1005,117,85,77,38,32,39
2023-09-04,1005,124,65,91,39,59,52
2023-09-05,1005,144,81,82,49,63,33
2023-09-06,1005,125,83,89,39,42,50
2023-09-07,1005,124,84,78,36,40,42
2023-09-08,1005,120,90,92,42,30,50
2023-09-09,1005,117,76,88,40,41,48
2023-09-10,1005,129,89,65,45,40,20
2023-09-11,1005,117,91,85,34,26,51
2023-09-12,1005,115,92,69,45,23,24
2023-09-13,1005,100,70,78,45,30,33
2023-09-14,1005,144,80,90,29,64,61
2023-09-15,1005,106,88,86,41,18,45
2023-09-16,1005,118,90,90,46,28,44
2023-09-17,1005,116,67,66,33,49,33
2023-09-18,1005,143,90,98,44,53,54
2023-09-19,1005,105,75,96,39,30,57
2023-09-20,1005,101,88,66,42,13,24
2023-09-21,1005,116,78,63,32,38,31
2023-09-22,1005,136,76,78,43,60,35
2023-09-23,1005,149,80,70,44,69,26
2023-09-24,1005,126,79,83,29,47,54
2023-09-25,1005,110,90,99,41,20,58
2023-09-26,1005,102,78,56,32,24,24
2023-09-27,1005,137,75,99,38,62,61
2023-09-28,1005,143,64,60,46,79,14
2023-09-29,1005,109,94,68,40,15,28
2023-09-30,1005,120,74,52,36,46,16
2023-10-01,1005,105,73,88,38,32,50
2023-10-02,1005,114,74,97,36,40,61
2023-10-03,1005,107,75,67,42,32,25
2023-10-04,1005,104,82,60,33,22,27
2023-10-05,1005,139,79,77,40,60,37
2023-10-06,1005,133,76,94,38,57,56
2023-10-07,1005,128,84,77,37,44,40
2023-10-08,1005,135,77,58,39,58,19
2023-10-09,1005,123,81,79,33,42,46
2023-10-10,1005,119,82,77,41,37,36
2023-10-11,1005,135,89,90,43,46,47
2023-10-12,1005,105,91,61,38,14,23
2023-10-13,1005,127,69,95,43,58,52
2023-10-14,1005,124,96,80,43,28,37
2023-10-15,1005,133,78,78,41,55,37
2023-10-16,1005,114,79,91,38,35,53
2023-10-17,1005,111,78,95,35,33,60
2023-10-18,1005,147,80,81,38,67,43
2023-10-19,1005,100,65,100,38,35,62
2023-10-20,1005,130,73,64,38,57,26
2023-10-21,1005,121,82,99,48,39,51
2023-10-22,1005,134,74,71,38,60,33
2023-10-23,1005,129,74,50,52,55,-2
2023-10-24,1005,122,73,87,34,49,53
2023-10-25,1005,120,73,61,38,47,23
2023-10-26,1005,150,74,73,45,76,28
2023-10-27,1005,135,73,66,50,62,16
2023-10-28,1005,134,70,96,29,64,67
2023-10-29,1005,120,70,50,42,50,8
2023-10-30,1005,150,69,73,40,81,33
2023-10-31,1005,107,73,58,43,34,15
2023-11-01,1005,120,79,75,38,41,37
2023-11-02,1005,119,84,76,39,35,37
2023-11-03,1005,105,82,56,33,23,23
2023-11-04,1005,103,68,93,46,35,47
2023-11-05,1005,141,76,52,32,65,20
2023-11-06,1005,113,75,97,47,38,50
2023-11-07,1005,108,92,68,51,16,17
2023-11-08,1005,123,74,68,47,49,21
2023-11-09,1005,130,86,79,33,44,46
2023-11-10,1005,113,86,68,57,27,11
2023-11-11,1005,146,69,75,47,77,28
2023-11-12,1005,140,94,61,30,46,31
2023-11-13,1005,128,98,97,40,30,57
2023-11-14,1005,149,102,100,41,47,59
2023-11-15,1005,134,85,81,45,49,36
2023-11-16,1005,120,74,51,43,46,8
2023-11-17,1005,139,84,75,44,55,31
2023-11-18,1005,138,78,77,49,60,28
2023-11-19,1005,149,61,51,36,88,15
2023-11-20,1005,146,84,97,51,62,46
2023-11-21,1005,114,80,68,35,34,33
2023-11-22,1005,100,81,72,42,19,30
2023-11-23,1005,106,84,74,40,22,34
2023-11-24,1005,108,88,86,29,20,57
2023-11-25,1005,124,84,68,54,40,14
2023-11-26,1005,100,76,99,43,24,56
2023-11-27,1005,109,94,62,44,15,18
2023-11-28,1005,150,68,94,35,82,59
2023-11-29,1005,132,85,100,41,47,59
2023-11-30,1005,110,90,93,30,20,63
2023-12-01,1005,104,78,83,38,26,45
2023-12-02,1005,148,80,56,45,68,11
2023-12-03,1005,116,75,52,41,41,11
2023-12-04,1005,102,70,85,37,32,48
2023-12-05,1005,122,87,75,45,35,30
2023-12-06,1005,144,94,54,45,50,9
2023-12-07,1005,102,86,100,34,16,66
2023-12-08,1005,130,68,99,45,62,54
2023-12-09,1005,107,83,80,49,24,31
2023-12-10,1005,122,68,50,45,54,5
2023-12-11,1005,123,74,74,35,49,39
2023-12-12,1005,148,90,51,50,58,1
2023-12-13,1005,133,88,65,35,45,30
2023-12-14,1005,115,87,64,42,28,22
2023-12-15,1005,104,72,85,41,32,44
2023-12-16,1005,116,102,58,50,14,8
2023-12-17,1005,146,80,99,39,66,60
2023-12-18,1005,147,87,80,43,60,37
2023-12-19,1005,133,66,87,39,67,48
2023-12-20,1005,133,85,68,46,48,22
2023-12-21,1005,108,75,73,40,33,33
2023-12-22,1005,129,77,94,42,52,52
2023-12-23,1005,135,87,79,34,48,45
2023-12-24,1005,131,77,70,36,54,34
2023-12-25,1005,107,97,100,44,10,56
2023-12-26,1005,113,75,70,52,38,18
2023-12-27,1005,144,77,89,40,67,49
2023-12-28,1005,139,79,60,43,60,17
2023-12-29,1005,147,83,98,38,64,60
2023-12-30,1005,117,74,88,32,43,56
2023-12-31,1005,131,67,55,40,64,15
2023-01-01,1006,126,91,89,33,35,56
2023-01-02,1006,104,93,82,35,11,47
2023-01-03,1006,135,72,57,59,63,-2
2023-01-04,1006,118,81,56,37,37,19
2023-01-05,1006,141,76,67,48,65,19
2023-01-06,1006,144,68,65,40,76,25
2023-01-07,1006,143,84,57,47,59,10
2023-01-08,1006,108,86,71,36,22,35
2023-01-09,1006,149,102,59,53,47,6
2023-01-10,1006,140,80,87,44,60,43
2023-01-11,1006,147,96,68,42,51,26
2023-01-12,1006,122,87,79,32,35,47
2023-01-13,1006,140,73,60,34,67,26
2023-01-14,1006,126,76,75,37,50,38
2023-01-15,1006,117,83,54,27,34,27
2023-01-16,1006,136,83,66,29,53,37
2023-01-17,1006,107,81,69,42,26,27
2023-01-18,1006,120,81,52,34,39,18
2023-01-19,1006,116,82,73,42,34,31
2023-01-20,1006,138,107,76,50,31,26
2023-01-21,1006,125,70,67,29,55,38
2023-01-22,1006,122,69,64,37,53,27
2023-01-23,1006,103,105,76,41,-2,35
2023-01-24,1006,103,70,74,38,33,36
2023-01-25,1006,100,89,100,29,11,71
2023-01-26,1006,125,70,68,45,55,23
2023-01-27,1006,129,88,98,49,41,49
2023-01-28,1006,112,66,75,46,46,29
2023-01-29,1006,141,75,57,36,66,21
2023-01-30,1006,107,85,83,31,22,52
2023-01-31,1006,107,81,76,42,26,34
2023-02-01,1006,104,88,75,44,16,31
2023-02-02,1006,136,76,71,43,60,28
2023-02-03,1006,107,73,90,42,34,48
2023-02-04,1006,110,81,76,31,29,45
2023-02-05,1006,138,63,53,34,75,19
2023-02-06,1006,106,81,56,42,25,14
2023-02-07,1006,132,89,94,34,43,60
2023-02-08,1006,147,80,58,38,67,20
2023-02-09,1006,112,75,60,49,37,11
2023-02-10,1006,145,100,53,33,45,20
2023-02-11,1006,112,68,83,42,44,41
2023-02-12,1006,146,71,83,45,75,38
2023-02-13,1006,130,87,50,45,43,5
2023-02-14,1006,108,90,72,38,18,34
2023-02-15,1006,148,84,69,44,64,25
2023-02-16,1006,109,72,76,34,37,42
2023-02-17,1006,142,75,67,44,67,23
2023-02-18,1006,147,83,72,38,64,34
2023-02-19,1006,148,79,98,38,69,60
2023-02-20,1006,142,83,62,37,59,25
2023-02-21,1006,123,76,72,41,47,31
2023-02-22,1006,121,74,93,38,47,55
2023-02-23,1006,142,96,97,42,46,55
2023-02-24,1006,137,90,93,51,47,42
2023-02-25,1006,118,62,56,39,56,17
2023-02-26,1006,100,68,69,42,32,27
2023-02-27,1006,131,73,57,31,58,26
2023-02-28,1006,122,77,54,42,45,12
2023-03-01,1006,102,81,80,43,21,37
2023-03-02,1006,130,80,61,40,50,21
2023-03-03,1006,135,77,94,41,58,53
2023-03-04,1006,140,104,80,30,36,50
2023-03-05,1006,129,89,87,53,40,34
2023-03-06,1006,127,97,89,41,30,48
2023-03-07,1006,127,85,88,42,42,46
2023-03-08,1006,107,76,60,39,31,21
2023-03-09,1006,150,74,64,34,76,30
2023-03-10,1006,104,84,96,34,20,62
2023-03-11,1006,112,70,66,40,42,26
2023-03-12,1006,106,80,52,41,26,11
2023-03-13,1006,106,84,58,32,22,26
2023-03-14,1006,122,75,88,34,47,54
2023-03-15,1006,139,87,84,43,52,41
2023-03-16,1006,144,87,77,28,57,49
2023-03-17,1006,150,65,96,42,85,54
2023-03-18,1006,111,74,52,29,37,23
2023-03-19,1006,117,69,54,41,48,13
2023-03-20,1006,129,91,57,38,38,19
2023-03-21,1006,143,68,71,30,75,41
2023-03-22,1006,132,87,76,38,45,38
2023-03-23,1006,118,84,90,45,34,45
2023-03-24,1006,133,77,85,55,56,30
2023-03-25,1006,110,84,66,45,26,21
2023-03-26,1006,144,73,99,38,71,61
2023-03-27,1006,150,72,79,39,78,40
2023-03-28,1006,117,79,81,32,38,49
2023-03-29,1006,126,75,62,52,51,10
2023-03-30,1006,101,84,63,48,17,15
2023-03-31,1006,117,88,50,47,29,3
2023-04-01,1006,132,78,93,43,54,50
2023-04-02,1006,134,79,67,47,55,20
2023-04-03,1006,122,93,78,45,29,33
2023-04-04,1006,119,83,59,39,36,20
2023-04-05,1006,101,74,86,37,27,49
2023-04-06,1006,120,90,92,36,30,56
2023-04-07,1006,143,81,86,42,62,44
2023-04-08,1006,114,70,93,38,44,55
2023-04-09,1006,147,82,67,39,65,28
2023-04-10,1006,105,74,60,41,31,19
2023-04-11,1006,149,75,85,33,74,52
2023-04-12,1006,106,84,56,42,22,14
2023-04-13,1006,143,69,74,48,74,26
2023-04-14,1006,128,71,73,39,57,34
2023-04-15,1006,110,66,56,44,44,12
2023-04-16,1006,141,68,54,56,73,-2
2023-04-17,1006,141,59,91,37,82,54
2023-04-18,1006,110,99,89,32,11,57
2023-04-19,1006,120,72,79,44,48,35
2023-04-20,1006,138,83,54,40,55,14
2023-04-21,1006,115,92,76,46,23,30
2023-04-22,1006,103,81,68,36,22,32
2023-04-23,1006,107,71,63,50,36,13
2023-04-24,1006,149,87,55,31,62,24
2023-04-25,1006,138,81,96,42,57,54
2023-04-26,1006,107,60,88,40,47,48
2023-04-27,1006,136,74,78,37,62,41
2023-04-28,1006,147,71,78,48,76,30
2023-04-29,1006,108,70,52,39,38,13
2023-04-30,1006,101,75,79,33,26,46
2023-05-01,1006,120,84,100,48,36,52
2023-05-02,1006,106,71,54,30,35,24
2023-05-03,1006,133,82,78,39,51,39
2023-05-04,1006,122,86,60,47,36,13
2023-05-05,1006,103,85,78,34,18,44
2023-05-06,1006,140,90,56,43,50,13
2023-05-07,1006,144,73,89,44,71,45
2023-05-08,1006,137,89,95,44,48,51
2023-05-09,1006,138,78,81,42,60,39
2023-05-10,1006,109,88,88,32,21,56
2023-05-11,1006,131,85,97,39,46,58
2023-05-12,1006,146,87,89,49,59,40
2023-05-13,1006,103,86,93,32,17,61
2023-05-14,1006,116,83,64,33,33,31
2023-05-15,1006,136,94,68,35,42,33
2023-05-16,1006,138,80,74,36,58,38
2023-05-17,1006,121,71,82,43,50,39
2023-05-18,1006,137,82,51,34,55,17
2023-05-19,1006,138,79,71,38,59,33
2023-05-20,1006,141,73,82,43,68,39
2023-05-21,1006,146,79,58,38,67,20
2023-05-22,1006,122,82,50,41,40,9
2023-05-23,1006,128,71,91,42,57,49
2023-05-24,1006,129,71,81,40,58,41
2023-05-25,1006,110,69,66,27,41,39
2023-05-26,1006,128,92,80,38,36,42
2023-05-27,1006,106,81,70,32,25,38
2023-05-28,1006,127,73,59,27,54,32
2023-05-29,1006,132,85,74,35,47,39
2023-05-30,1006,141,84,86,43,57,43
2023-05-31,1006,150,88,76,38,62,38
2023-06-01,1006,100,68,55,39,32,16
2023-06-02,1006,135,76,80,44,59,36
2023-06-03,1006,133,91,61,48,42,13
2023-06-04,1006,125,77,57,49,48,8
2023-06-05,1006,137,77,82,36,60,46
2023-06-06,1006,111,76,67,43,35,24
2023-06-07,1006,101,88,96,42,13,54
2023-06-08,1006,113,81,52,40,32,12
2023-06-09,1006,108,73,98,32,35,66
2023-06-10,1006,117,83,88,43,34,45
2023-06-11,1006,146,105,82,54,41,28
2023-06-12,1006,113,75,68,33,38,35
2023-06-13,1006,126,76,80,43,50,37
2023-06-14,1006,138,75,94,55,63,39
2023-06-15,1006,113,85,99,41,28,58
2023-06-16,1006,125,72,98,48,53,50
2023-06-17,1006,102,77,54,43,25,11
2023-06-18,1006,106,86,54,49,20,5
2023-06-19,1006,150,83,69,34,67,35
2023-06-20,1006,149,83,84,35,66,49
2023-06-21,1006,112,77,54,42,35,12
2023-06-22,1006,138,86,63,41,52,22
2023-06-23,1006,113,73,68,47,40,21
2023-06-24,1006,148,90,69,47,58,22
2023-06-25,1006,135,85,92,51,50,41
2023-06-26,1006,123,68,70,44,55,26
2023-06-27,1006,122,73,53,47,49,6
2023-06-28,1006,144,90,50,36,54,14
2023-06-29,1006,136,92,80,48,44,32
2023-06-30,1006,100,89,66,48,11,18
2023-07-01,1006,133,69,70,34,64,36
2023-07-02,1006,110,94,53,31,16,22
2023-07-03,1006,127,68,87,39,59,48
2023-07-04,1006,108,87,54,41,21,13
2023-07-05,1006,101,73,59,30,28,29
2023-07-06,1006,140,80,75,36,60,39
2023-07-07,1006,148,77,78,45,71,33
2023-07-08,1006,148,73,67,42,75,25
2023-07-09,1006,133,87,94,36,46,58
2023-07-10,1006,114,88,58,36,26,22
2023-07-11,1006,143,91,97,40,52,57
2023-07-12,1006,101,65,86,38,36,48
2023-07-13,1006,101,78,82,41,23,41
2023-07-14,1006,104,89,65,40,15,25
2023-07-15,1006,101,100,72,45,1,27
2023-07-16,1006,119,80,87,30,39,57
2023-07-17,1006,108,67,59,40,41,19
2023-07-18,1006,133,75,76,45,58,31
2023-07-19,1006,150,84,53,42,66,11
2023-07-20,1006,118,84,66,39,34,27
2023-07-21,1006,109,80,70,41,29,29
2023-07-22,1006,133,82,97,48,51,49
2023-07-23,1006,103,72,98,42,31,56
2023-07-24,1006,103,79,61,50,24,11
2023-07-25,1006,103,82,70,37,21,33
2023-07-26,1006,109,77,72,36,32,36
2023-07-27,1006,137,94,64,38,43,26
2023-07-28,1006,127,73,87,41,54,46
2023-07-29,1006,147,62,81,46,85,35
2023-07-30,1006,148,85,57,37,63,20
2023-07-31,1006,147,86,97,55,61,42
2023-08-01,1006,100,71,90,36,29,54
2023-08-02,1006,118,66,93,44,52,49
2023-08-03,1006,125,86,75,42,39,33
2023-08-04,1006,100,78,94,42,22,52
2023-08-05,1006,138,95,89,45,43,44
2023-08-06,1006,136,87,56,34,49,22
2023-08-07,1006,118,75,82,57,43,25
2023-08-08,1006,110,71,69,46,39,23
2023-08-09,1006,143,73,68,41,70,27
2023-08-10,1006,141,76,53,50,65,3
2023-08-11,1006,121,85,90,39,36,51
2023-08-12,1006,113,78,55,39,35,16
2023-08-13,1006,106,93,88,33,13,55
2023-08-14,1006,107,77,51,40,30,11
2023-08-15,1006,100,69,56,34,31,22
2023-08-16,1006,134,66,94,34,68,60
2023-08-17,1006,105,109,73,28,-4,45
2023-08-18,1006,109,72,87,48,37,39
2023-08-19,1006,118,77,88,44,41,44
2023-08-20,1006,113,78,60,53,35,7
2023-08-21,1006,136,80,58,34,56,24
2023-08-22,1006,103,89,80,36,14,44
2023-08-23,1006,128,91,92,41,37,51
2023-08-24,1006,134,83,69,43,51,26
2023-08-25,1006,149,76,83,45,73,38
2023-08-26,1006,133,76,72,33,57,39
2023-08-27,1006,129,95,94,37,34,57
2023-08-28,1006,119,70,93,46,49,47
2023-08-29,1006,109,96,98,29,13,69
2023-08-30,1006,110,85,98,36,25,62
2023-08-31,1006,143,75,97,45,68,52
2023-09-01,1006,146,74,75,43,72,32
2023-09-02,1006,141,72,92,40,69,52
2023-09-03,1006,139,72,57,41,67,16
2023-09-04,1006,149,68,73,43,81,30
2023-09-05,1006,100,74,70,53,26,17
2023-09-06,1006,136,73,63,37,63,26
2023-09-07,1006,117,84,75,34,33,41
2023-09-08,1006,101,89,69,44,12,25
2023-09-09,1006,115,87,87,41,28,46
2023-09-10,1006,122,70,56,48,52,8
2023-09-11,1006,147,86,61,33,61,28
2023-09-12,1006,106,84,59,38,22,21
2023-09-13,1006,124,87,52,38,37,14
2023-09-14,1006,115,83,58,41,32,17
2023-09-15,1006,102,98,69,39,4,30
2023-09-16,1006,142,93,54,39,49,15
2023-09-17,1006,133,74,62,40,59,22
2023-09-18,1006,106,77,56,42,29,14
2023-09-19,1006,109,79,100,44,30,56
2023-09-20,1006,142,84,69,51,58,18
2023-09-21,1006,135,72,50,37,63,13
2023-09-22,1006,115,78,91,40,37,51
2023-09-23,1006,142,83,62,38,59,24
2023-09-24,1006,123,61,67,46,62,21
2023-09-25,1006,107,77,66,37,30,29
2023-09-26,1006,103,73,56,38,30,18
2023-09-27,1006,116,85,87,37,31,50
2023-09-28,1006,100,68,81,28,32,53
2023-09-29,1006,140,83,57,37,57,20
2023-09-30,1006,121,86,94,37,35,57
2023-10-01,1006,117,67,55,39,50,16
2023-10-02,1006,122,86,89,39,36,50
2023-10-03,1006,114,70,87,52,44,35
2023-10-04,1006,146,91,91,43,55,48
2023-10-05,1006,114,78,63,35,36,28
2023-10-06,1006,114,82,69,41,32,28
2023-10-07,1006,125,70,67,46,55,21
2023-10-08,1006,146,80,98,39,66,59
2023-10-09,1006,114,69,67,45,45,22
2023-10-10,1006,113,75,53,36,38,17
2023-10-11,1006,139,72,76,34,67,42
2023-10-12,1006,136,82,92,34,54,58
2023-10-13,1006,119,67,73,32,52,41
2023-10-14,1006,115,75,71,36,40,35
2023-10-15,1006,115,77,59,26,38,33
2023-10-16,1006,103,66,69,41,37,28
2023-10-17,1006,109,90,53,39,19,14
2023-10-18,1006,117,78,56,36,39,20
2023-10-19,1006,143,81,58,36,62,22
2023-10-20,1006,105,83,85,34,22,51
2023-10-21,1006,137,76,62,36,61,26
2023-10-22,1006,118,83,94,41,35,53
2023-10-23,1006,128,82,93,36,46,57
2023-10-24,1006,104,79,93,37,25,56
2023-10-25,1006,143,81,62,31,62,31
2023-10-26,1006,100,76,96,44,24,52
2023-10-27,1006,119,78,79,37,41,42
2023-10-28,1006,129,68,68,40,61,28
2023-10-29,1006,132,90,80,47,42,33
2023-10-30,1006,122,74,95,43,48,52
2023-10-31,1006,101,82,71,41,19,30
2023-11-01,1006,107,75,98,44,32,54
2023-11-02,1006,139,68,77,46,71,31
2023-11-03,1006,144,81,82,47,63,35
2023-11-04,1006,119,80,82,52,39,30
2023-11-05,1006,119,107,71,26,12,45
2023-11-06,1006,123,97,82,39,26,43
2023-11-07,1006,112,84,55,45,28,10
2023-11-08,1006,138,73,83,45,65,38
2023-11-09,1006,146,79,65,39,67,26
2023-11-10,1006,127,91,82,33,36,49
2023-11-11,1006,110,80,79,30,30,49
2023-11-12,1006,122,63,72,56,59,16
2023-11-13,1006,113,65,67,41,48,26
2023-11-14,1006,107,81,51,40,26,11
2023-11-15,1006,127,82,58,45,45,13
2023-11-16,1006,144,74,100,39,70,61
2023-11-17,1006,131,82,67,43,49,24
2023-11-18,1006,114,81,84,47,33,37
2023-11-19,1006,100,67,58,40,33,18
2023-11-20,1006,110,78,54,46,32,8
2023-11-21,1006,124,84,100,36,40,64
2023-11-22,1006,129,99,69,44,30,25
2023-11-23,1006,130,93,51,45,37,6
2023-11-24,1006,136,79,90,39,57,51
2023-11-25,1006,129,83,81,34,46,47
2023-11-26,1006,134,75,60,41,59,19
2023-11-27,1006,102,69,68,43,33,25
2023-11-28,1006,122,83,78,51,39,27
2023-11-29,1006,127,70,95,43,57,52
2023-11-30,1006,125,69,63,34,56,29
2023-12-01,1006,128,96,77,38,32,39
2023-12-02,1006,126,81,97,39,45,58
2023-12-03,1006,112,73,65,36,39,29
2023-12-04,1006,115,84,100,49,31,51
2023-12-05,1006,129,80,70,41,49,29
2023-12-06,1006,135,79,78,36,56,42
2023-12-07,1006,149,75,78,47,74,31
2023-12-08,1006,115,79,50,42,36,8
2023-12-09,1006,122,68,51,29,54,22
2023-12-10,1006,107,77,89,41,30,48
2023-12-11,1006,138,89,67,30,49,37
2023-12-12,1006,107,81,60,32,26,28
2023-12-13,1006,102,87,57,45,15,12
2023-12-14,1006,104,71,70,53,33,17
2023-12-15,1006,101,67,61,45,34,16
2023-12-16,1006,144,80,70,41,64,29
2023-12-17,1006,112,92,98,41,20,57
2023-12-18,1006,147,78,84,51,69,33
2023-12-19,1006,115,81,77,38,34,39
2023-12-20,1006,111,77,54,36,34,18
2023-12-21,1006,124,72,96,37,52,59
2023-12-22,1006,115,80,53,35,35,18
2023-12-23,1006,132,90,86,30,42,56
2023-12-24,1006,106,81,50,34,25,16
2023-12-25,1006,137,89,97,40,48,57
2023-12-26,1006,103,86,64,41,17,23
2023-12-27,1006,121,83,54,42,38,12
2023-12-28,1006,144,92,79,39,52,40
2023-12-29,1006,105,86,72,52,19,20
2023-12-30,1006,128,79,94,45,49,49
2023-12-31,1006,145,72,89,41,73,48
2023-01-01,1007,101,79,69,37,22,32
2023-01-02,1007,115,81,56,46,34,10
2023-01-03,1007,148,75,92,43,73,49
2023-01-04,1007,148,93,91,44,55,47
2023-01-05,1007,100,91,97,28,9,69
2023-01-06,1007,119,82,84,29,37,55
2023-01-07,1007,107,78,66,40,29,26
2023-01-08,1007,116,82,71,38,34,33
2023-01-09,1007,143,81,90,27,62,63
2023-01-10,1007,124,73,67,38,51,29
2023-01-11,1007,103,71,80,38,32,42
2023-01-12,1007,142,79,85,40,63,45
2023-01-13,1007,136,61,61,40,75,21
2023-01-14,1007,118,83,70,36,35,34
2023-01-15,1007,150,73,83,45,77,38
2023-01-16,1007,150,70,83,29,80,54
2023-01-17,1007,117,81,50,40,36,10
2023-01-18,1007,125,86,93,42,39,51
2023-01-19,1007,133,75,87,42,58,45
2023-01-20,1007,126,97,56,38,29,18
2023-01-21,1007,135,82,80,35,53,45
2023-01-22,1007,135,69,70,42,66,28
2023-01-23,1007,135,70,68,35,65,33
2023-01-24,1007,146,87,95,41,59,54
2023-01-25,1007,115,84,99,45,31,54
2023-01-26,1007,122,78,83,34,44,49
2023-01-27,1007,147,82,96,42,65,54
2023-01-28,1007,136,72,62,30,64,32
2023-01-29,1007,137,79,61,42,58,19
2023-01-30,1007,106,69,79,34,37,45
2023-01-31,1007,116,72,85,44,44,41
2023-02-01,1007,143,72,69,23,71,46
2023-02-02,1007,106,70,95,43,36,52
2023-02-03,1007,143,67,94,38,76,56
2023-02-04,1007,113,66,83,37,47,46
2023-02-05,1007,131,97,58,34,34,24
2023-02-06,1007,145,82,79,41,63,38
2023-02-07,1007,143,78,64,34,65,30
2023-02-08,1007,108,83,75,39,25,36
2023-02-09,1007,117,88,97,48,29,49
2023-02-10,1007,145,74,74,36,71,38
2023-02-11,1007,134,82,82,33,52,49
2023-02-12,1007,131,66,72,50,65,22
2023-02-13,1007,134,86,92,39,48,53
2023-02-14,1007,109,80,52,36,29,16
2023-02-15,1007,147,73,63,37,74,26
2023-02-16,1007,148,72,61,35,76,26
2023-02-17,1007,128,89,85,22,39,63
2023-02-18,1007,102,93,73,46,9,27
2023-02-19,1007,125,75,72,55,50,17
2023-02-20,1007,108,83,71,23,25,48
2023-02-21,1007,111,68,90,37,43,53
2023-02-22,1007,135,73,83,40,62,43
2023-02-23,1007,121,73,90,49,48,41
2023-02-24,1007,117,70,64,45,47,19
2023-02-25,1007,141,70,51,45,71,6
2023-02-26,1007,124,75,97,50,49,47
2023-02-27,1007,105,86,57,49,19,8
2023-02-28,1007,113,82,64,44,31,20
2023-03-01,1007,104,93,75,40,11,35
2023-03-02,1007,122,84,85,35,38,50
2023-03-03,1007,146,96,72,44,50,28
2023-03-04,1007,122,82,86,37,40,49
2023-03-05,1007,140,81,98,49,59,49
2023-03-06,1007,140,82,92,44,58,48
2023-03-07,1007,107,81,91,48,26,43
2023-03-08,1007,112,82,84,45,30,39
2023-03-09,1007,104,99,96,40,5,56
2023-03-10,1007,125,84,80,47,41,33
2023-03-11,1007,133,75,61,40,58,21
2023-03-12,1007,127,67,84,36,60,48
2023-03-13,1007,121,69,53,35,52,18
2023-03-14,1007,140,73,65,35,67,30
2023-03-15,1007,105,86,62,31,19,31
2023-03-16,1007,123,55,58,40,68,18
2023-03-17,1007,139,89,87,41,50,46
2023-03-18,1007,108,92,91,42,16,49
2023-03-19,1007,133,96,74,32,37,42
2023-03-20,1007,125,73,81,35,52,46
2023-03-21,1007,115,84,50,49,31,1
2023-03-22,1007,117,72,83,44,45,39
2023-03-23,1007,140,71,98,31,69,67
2023-03-24,1007,102,73,52,38,29,14
2023-03-25,1007,106,72,58,43,34,15
2023-03-26,1007,112,87,90,33,25,57
2023-03-27,1007,134,105,91,48,29,43
2023-03-28,1007,128,86,89,35,42,54
2023-03-29,1007,144,73,56,54,71,2
2023-03-30,1007,111,73,86,44,38,42
2023-03-31,1007,103,66,67,42,37,25
2023-04-01,1007,122,74,74,38,48,36
2023-04-02,1007,122,76,60,34,46,26
2023-04-03,1007,142,75,52,30,67,22
2023-04-04,1007,107,72,51,29,35,22
2023-04-05,1007,150,73,56,42,77,14
2023-04-06,1007,123,85,71,43,38,28
2023-04-07,1007,126,87,86,28,39,58
2023-04-08,1007,111,85,84,31,26,53
2023-04-09,1007,114,75,86,35,39,51
2023-04-10,1007,109,83,62,43,26,19
2023-04-11,1007,105,75,91,40,30,51
2023-04-12,1007,138,70,58,33,68,25
2023-04-13,1007,132,76,58,35,56,23
2023-04-14,1007,122,76,72,41,46,31
2023-04-15,1007,113,87,89,30,26,59
2023-04-16,1007,121,77,75,40,44,35
2023-04-17,1007,127,65,53,35,62,18
2023-04-18,1007,125,82,88,46,43,42
2023-04-19,1007,144,84,86,45,60,41
2023-04-20,1007,129,86,66,34,43,32
2023-04-21,1007,121,72,86,34,49,52
2023-04-22,1007,103,73,53,47,30,6
2023-04-23,1007,140,75,73,30,65,43
2023-04-24,1007,122,82,92,39,40,53
2023-04-25,1007,120,82,53,43,38,10
2023-04-26,1007,140,88,59,47,52,12
2023-04-27,1007,129,77,54,41,52,13
2023-04-28,1007,125,76,73,35,49,38
2023-04-29,1007,135,78,55,50,57,5
2023-04-30,1007,122,75,86,30,47,56
2023-05-01,1007,111,84,99,42,27,57
2023-05-02,1007,115,87,77,44,28,33
2023-05-03,1007,101,67,80,55,34,25
2023-05-04,1007,137,73,55,44,64,11
2023-05-05,1007,120,81,53,33,39,20
2023-05-06,1007,140,81,89,44,59,45
2023-05-07,1007,137,74,55,53,63,2
2023-05-08,1007,122,70,71,30,52,41
2023-05-09,1007,107,89,52,32,18,20
2023-05-10,1007,125,74,100,42,51,58
2023-05-11,1007,101,79,60,47,22,13
2023-05-12,1007,103,74,88,46,29,42
2023-05-13,1007,116,79,97,42,37,55
2023-05-14,1007,108,73,80,36,35,44
2023-05-15,1007,141,84,68,39,57,29
2023-05-16,1007,147,75,52,45,72,7
2023-05-17,1007,111,87,57,34,24,23
2023-05-18,1007,118,93,80,41,25,39
2023-05-19,1007,147,65,76,37,82,39
2023-05-20,1007,107,85,99,31,22,68
2023-05-21,1007,145,79,89,43,66,46
2023-05-22,1007,116,82,83,32,34,51
2023-05-23,1007,112,91,52,33,21,19
2023-05-24,1007,111,82,78,30,29,48
2023-05-25,1007,108,71,51,35,37,16
2023-05-26,1007,106,83,92,44,23,48
2023-05-27,1007,107,71,53,35,36,18
2023-05-28,1007,142,78,76,46,64,30
2023-05-29,1007,146,72,84,38,74,46
2023-05-30,1007,101,83,65,42,18,23
2023-05-31,1007,124,69,86,40,55,46
2023-06-01,1007,125,73,96,47,52,49
2023-06-02,1007,124,84,94,60,40,34
2023-06-03,1007,106,94,59,29,12,30
2023-06-04,1007,121,96,91,40,25,51
2023-06-05,1007,101,76,81,44,25,37
2023-06-06,1007,112,81,66,26,31,40
2023-06-07,1007,142,82,74,48,60,26
2023-06-08,1007,127,78,71,46,49,25
2023-06-09,1007,145,80,75,44,65,31
2023-06-10,1007,101,83,84,59,18,25
2023-06-11,1007,149,89,81,37,60,44
2023-06-12,1007,139,95,67,47,44,20
2023-06-13,1007,147,78,65,38,69,27
2023-06-14,1007,108,79,55,45,29,10
2023-06-15,1007,134,84,64,37,50,27
2023-06-16,1007,134,66,84,39,68,45
2023-06-17,1007,118,97,61,40,21,21
2023-06-18,1007,145,85,55,33,60,22
2023-06-19,1007,120,74,55,43,46,12
2023-06-20,1007,134,62,93,38,72,55
2023-06-21,1007,136,82,92,35,54,57
2023-06-22,1007,102,86,74,38,16,36
2023-06-23,1007,129,87,54,42,42,12
2023-06-24,1007,140,78,77,41,62,36
2023-06-25,1007,132,84,74,39,48,35
2023-06-26,1007,121,80,83,34,41,49
2023-06-27,1007,136,70,52,42,66,10
2023-06-28,1007,141,81,72,38,60,34
2023-06-29,1007,116,86,57,34,30,23
2023-06-30,1007,141,70,51,44,71,7
2023-07-01,1007,103,75,63,46,28,17
2023-07-02,1007,128,75,92,49,53,43
2023-07-03,1007,142,90,96,51,52,45
2023-07-04,1007,105,81,52,61,24,-9
2023-07-05,1007,145,76,100,42,69,58
2023-07-06,1007,103,79,50,43,24,7
2023-07-07,1007,139,72,57,49,67,8
2023-07-08,1007,104,77,53,39,27,14
2023-07-09,1007,140,86,90,35,54,55
2023-07-10,1007,120,88,76,36,32,40
2023-07-11,1007,110,75,71,39,35,32
2023-07-12,1007,147,74,78,33,73,45
2023-07-13,1007,121,65,70,28,56,42
2023-07-14,1007,124,83,93,44,41,49
2023-07-15,1007,141,79,53,29,62,24
2023-07-16,1007,104,76,85,39,28,46
2023-07-17,1007,145,83,55,41,62,14
2023-07-18,1007,143,78,63,36,65,27
2023-07-19,1007,121,72,50,38,49,12
2023-07-20,1007,146,91,54,47,55,7
2023-07-21,1007,141,83,78,36,58,42
2023-07-22,1007,107,71,55,33,36,22
2023-07-23,1007,141,83,86,36,58,50
2023-07-24,1007,104,78,63,34,26,29
2023-07-25,1007,147,72,70,45,75,25
2023-07-26,1007,141,65,81,50,76,31
2023-07-27,1007,122,85,97,39,37,58
2023-07-28,1007,111,84,72,43,27,29
2023-07-29,1007,131,85,71,35,46,36
2023-07-30,1007,128,82,53,34,46,19
2023-07-31,1007,149,77,90,42,72,48
2023-08-01,1007,143,95,98,48,48,50
2023-08-02,1007,119,82,85,37,37,48
2023-08-03,1007,117,92,63,33,25,30
2023-08-04,1007,127,82,75,39,45,36
2023-08-05,1007,105,82,56,37,23,19
2023-08-06,1007,130,85,68,35,45,33
2023-08-07,1007,105,89,71,38,16,33
2023-08-08,1007,107,90,75,40,17,35
2023-08-09,1007,118,69,55,25,49,30
2023-08-10,1007,131,75,74,44,56,30
2023-08-11,1007,126,89,50,47,37,3
2023-08-12,1007,131,85,82,32,46,50
2023-08-13,1007,130,83,92,33,47,59
2023-08-14,1007,120,91,99,41,29,58
2023-08-15,1007,134,81,74,34,53,40
2023-08-16,1007,109,81,76,41,28,35
2023-08-17,1007,117,87,93,36,30,57
2023-08-18,1007,126,85,69,41,41,28
2023-08-19,1007,130,72,71,41,58,30
2023-08-20,1007,105,79,54,34,26,20
2023-08-21,1007,116,80,53,37,36,16
2023-08-22,1007,126,67,94,46,59,48
2023-08-23,1007,139,86,82,43,53,39
2023-08-24,1007,100,90,56,54,10,2
2023-08-25,1007,111,97,93,49,14,44
2023-08-26,1007,137,85,98,33,52,65
2023-08-27,1007,131,77,99,46,54,53
2023-08-28,1007,142,84,96,35,58,61
2023-08-29,1007,127,89,98,33,38,65
2023-08-30,1007,113,85,72,36,28,36
2023-08-31,1007,110,79,69,29,31,40
2023-09-01,1007,101,88,69,36,13,33
2023-09-02,1007,131,96,50,43,35,7
2023-09-03,1007,139,74,69,36,65,33
2023-09-04,1007,105,89,63,44,16,19
2023-09-05,1007,144,72,86,35,72,51
2023-09-06,1007,103,92,71,29,11,42
2023-09-07,1007,137,88,90,40,49,50
2023-09-08,1007,126,76,68,39,50,29
2023-09-09,1007,144,86,92,39,58,53
2023-09-10,1007,116,81,79,25,35,54
2023-09-11,1007,136,75,52,40,61,12
2023-09-12,1007,139,79,95,32,60,63
2023-09-13,1007,144,86,89,42,58,47
2023-09-14,1007,105,88,87,54,17,33
2023-09-15,1007,126,83,86,42,43,44
2023-09-16,1007,111,76,50,50,35,0
2023-09-17,1007,139,72,54,47,67,7
2023-09-18,1007,138,81,68,33,57,35
2023-09-19,1007,101,85,57,53,16,4
2023-09-20,1007,146,85,65,37,61,28
2023-09-21,1007,117,84,82,46,33,36
2023-09-22,1007,101,79,58,53,22,5
2023-09-23,1007,141,82,89,42,59,47
2023-09-24,1007,123,80,73,35,43,38
2023-09-25,1007,142,66,71,41,76,30
2023-09-26,1007,100,90,60,46,10,14
2023-09-27,1007,123,84,53,39,39,14
2023-09-28,1007,128,79,65,41,49,24
2023-09-29,1007,102,69,73,36,33,37
2023-09-30,1007,113,79,98,30,34,68
2023-10-01,1007,118,81,88,39,37,49
2023-10-02,1007,147,83,93,41,64,52
2023-10-03,1007,101,87,57,38,14,19
2023-10-04,1007,121,80,70,40,41,30
2023-10-05,1007,113,73,100,40,40,60
2023-10-06,1007,124,62,88,35,62,53
2023-10-07,1007,100,85,86,48,15,38
2023-10-08,1007,115,82,78,41,33,37
2023-10-09,1007,105,74,77,38,31,39
2023-10-10,1007,139,76,92,34,63,58
2023-10-11,1007,122,73,87,39,49,48
2023-10-12,1007,108,62,81,32,46,49
2023-10-13,1007,119,77,89,40,42,49
2023-10-14,1007,138,68,88,37,70,51
2023-10-15,1007,111,82,59,30,29,29
2023-10-16,1007,122,78,62,38,44,24
2023-10-17,1007,111,91,96,40,20,56
2023-10-18,1007,144,80,91,28,64,63
2023-10-19,1007,125,89,98,41,36,57
2023-10-20,1007,142,77,53,48,65,5
2023-10-21,1007,104,87,60,53,17,7
2023-10-22,1007,150,100,65,41,50,24
2023-10-23,1007,120,75,66,39,45,27
2023-10-24,1007,140,81,74,30,59,44
2023-10-25,1007,132,84,64,38,48,26
2023-10-26,1007,122,93,70,41,29,29
2023-10-27,1007,137,82,86,51,55,35
2023-10-28,1007,114,78,56,41,36,15
2023-10-29,1007,133,81,81,45,52,36
2023-10-30,1007,134,65,57,54,69,3
2023-10-31,1007,148,84,61,45,64,16
2023-11-01,1007,116,68,59,40,48,19
2023-11-02,1007,147,80,75,41,67,34
2023-11-03,1007,104,78,95,36,26,59
2023-11-04,1007,121,71,95,57,50,38
2023-11-05,1007,108,69,77,28,39,49
2023-11-06,1007,139,89,78,31,50,47
2023-11-07,1007,147,66,99,50,81,49
2023-11-08,1007,119,94,98,56,25,42
2023-11-09,1007,139,66,78,48,73,30
2023-11-10,1007,111,75,97,40,36,57
2023-11-11,1007,128,73,63,37,55,26
2023-11-12,1007,115,93,68,40,22,28
2023-11-13,1007,129,93,75,37,36,38
2023-11-14,1007,130,84,97,44,46,53
2023-11-15,1007,143,92,72,37,51,35
2023-11-16,1007,108,89,67,44,19,23
2023-11-17,1007,101,75,85,43,26,42
2023-11-18,1007,130,82,85,34,48,51
2023-11-19,1007,135,87,94,42,48,52
2023-11-20,1007,109,64,83,37,45,46
2023-11-21,1007,124,88,69,50,36,19
2023-11-22,1007,145,82,91,47,63,44
2023-11-23,1007,150,79,89,45,71,44
2023-11-24,1007,116,87,55,41,29,14
2023-11-25,1007,115,82,64,49,33,15
2023-11-26,1007,148,90,99,31,58,68
2023-11-27,1007,121,81,58,32,40,26
2023-11-28,1007,147,80,65,43,67,22
2023-11-29,1007,131,78,93,45,53,48
2023-11-30,1007,133,71,51,32,62,19
2023-12-01,1007,106,84,94,33,22,61
2023-12-02,1007,140,68,88,36,72,52
2023-12-03,1007,145,77,92,39,68,53
2023-12-04,1007,131,86,58,39,45,19
2023-12-05,1007,137,75,62,44,62,18
2023-12-06,1007,149,71,71,48,78,23
2023-12-07,1007,118,83,86,42,35,44
2023-12-08,1007,117,89,79,37,28,42
2023-12-09,1007,150,88,79,51,62,28
2023-12-10,1007,104,64,92,40,40,52
2023-12-11,1007,132,76,55,25,56,30
2023-12-12,1007,100,85,54,43,15,11
2023-12-13,1007,127,88,61,32,39,29
2023-12-14,1007,147,71,89,41,76,48
2023-12-15,1007,100,93,82,39,7,43
2023-12-16,1007,136,87,61,29,49,32
2023-12-17,1007,150,69,60,30,81,30
2023-12-18,1007,110,72,66,29,38,37
2023-12-19,1007,145,73,51,37,72,14
2023-12-20,1007,102,86,50,38,16,12
2023-12-21,1007,136,96,71,27,40,44
2023-12-22,1007,111,76,51,43,35,8
2023-12-23,1007,101,84,97,32,17,65
2023-12-24,1007,118,74,70,45,44,25
2023-12-25,1007,127,83,58,40,44,18
2023-12-26,1007,117,86,56,42,31,14
2023-12-27,1007,102,82,78,43,20,35
2023-12-28,1007,138,69,61,50,69,11
2023-12-29,1007,133,94,50,32,39,18
2023-12-30,1007,119,74,90,45,45,45
2023-12-31,1007,100,71,70,47,29,23
2023-01-01,1008,104,80,87,43,24,44
2023-01-02,1008,119,66,99,45,53,54
2023-01-03,1008,137,81,57,36,56,21
2023-01-04,1008,111,77,80,35,34,45
2023-01-05,1008,135,86,51,44,49,7
2023-01-06,1008,143,76,60,40,67,20
2023-01-07,1008,133,83,51,56,50,-5
2023-01-08,1008,112,74,92,34,38,58
2023-01-09,1008,142,77,95,42,65,53
2023-01-10,1008,146,60,64,38,86,26
2023-01-11,1008,107,64,92,46,43,46
2023-01-12,1008,147,83,66,37,64,29
2023-01-13,1008,133,90,52,26,43,26
2023-01-14,1008,127,69,88,57,58,31
2023-01-15,1008,149,65,53,37,84,16
2023-01-16,1008,147,65,73,43,82,30
2023-01-17,1008,126,78,72,44,48,28
2023-01-18,1008,104,69,94,40,35,54
2023-01-19,1008,124,85,53,35,39,18
2023-01-20,1008,143,96,55,49,47,6
2023-01-21,1008,112,66,57,41,46,16
2023-01-22,1008,114,73,75,29,41,46
2023-01-23,1008,104,80,99,51,24,48
2023-01-24,1008,147,75,64,42,72,22
2023-01-25,1008,138,83,95,33,55,62
2023-01-26,1008,144,72,62,42,72,20
2023-01-27,1008,115,93,92,45,22,47
2023-01-28,1008,124,97,78,32,27,46
2023-01-29,1008,149,88,81,37,61,44
2023-01-30,1008,144,84,96,44,60,52
2023-01-31,1008,148,70,67,46,78,21
2023-02-01,1008,103,95,82,48,8,34
2023-02-02,1008,135,84,86,38,51,48
2023-02-03,1008,102,86,68,43,16,25
2023-02-04,1008,141,82,60,43,59,17
2023-02-05,1008,150,58,76,38,92,38
2023-02-06,1008,136,86,65,42,50,23
2023-02-07,1008,146,94,92,32,52,60
2023-02-08,1008,116,73,61,36,43,25
2023-02-09,1008,116,86,80,38,30,42
2023-02-10,1008,135,95,93,42,40,51
2023-02-11,1008,134,67,64,30,67,34
2023-02-12,1008,146,89,50,46,57,4
2023-02-13,1008,142,85,56,42,57,14
2023-02-14,1008,131,69,99,39,62,60
2023-02-15,1008,122,88,62,34,34,28
2023-02-16,1008,123,90,76,38,33,38
2023-02-17,1008,139,82,63,29,57,34
2023-02-18,1008,104,67,68,41,37,27
2023-02-19,1008,133,77,92,40,56,52
2023-02-20,1008,139,78,96,39,61,57
2023-02-21,1008,131,65,78,51,66,27
2023-02-22,1008,141,66,64,45,75,19
2023-02-23,1008,149,87,81,47,62,34
2023-02-24,1008,102,67,74,47,35,27
2023-02-25,1008,126,80,66,44,46,22
2023-02-26,1008,140,60,82,45,80,37
2023-02-27,1008,107,88,57,35,19,22
2023-02-28,1008,104,77,96,33,27,63
2023-03-01,1008,120,84,80,39,36,41
2023-03-02,1008,106,72,52,38,34,14
2023-03-03,1008,120,88,51,49,32,2
2023-03-04,1008,149,83,98,36,66,62
2023-03-05,1008,148,74,88,40,74,48
2023-03-06,1008,110,93,85,40,17,45
2023-03-07,1008,108,70,100,40,38,60
2023-03-08,1008,140,100,67,40,40,27
2023-03-09,1008,111,88,56,43,23,13
2023-03-10,1008,124,75,62,34,49,28
2023-03-11,1008,105,78,99,51,27,48
2023-03-12,1008,128,79,97,41,49,56
2023-03-13,1008,132,91,65,38,41,27
2023-03-14,1008,137,86,90,33,51,57
2023-03-15,1008,121,80,85,47,41,38
2023-03-16,1008,119,86,72,39,33,33
2023-03-17,1008,131,85,70,33,46,37
2023-03-18,1008,105,78,95,38,27,57
2023-03-19,1008,148,77,91,33,71,58
2023-03-20,1008,123,66,81,37,57,44
2023-03-21,1008,125,80,79,47,45,32
2023-03-22,1008,101,79,76,47,22,29
2023-03-23,1008,112,85,95,43,27,52
2023-03-24,1008,103,74,62,45,29,17
2023-03-25,1008,113,79,73,47,34,26
2023-03-26,1008,123,84,74,41,39,33
2023-03-27,1008,134,61,89,31,73,58
2023-03-28,1008,128,98,53,38,30,15
2023-03-29,1008,149,83,92,42,66,50
2023-03-30,1008,103,93,70,43,10,27
2023-03-31,1008,135,87,77,38,48,39
2023-04-01,1008,103,66,63,39,37,24
2023-04-02,1008,129,91,52,41,38,11
2023-04-03,1008,107,78,95,37,29,58
2023-04-04,1008,129,87,56,30,42,26
2023-04-05,1008,149,80,67,32,69,35
2023-04-06,1008,110,68,97,46,42,51
2023-04-07,1008,109,85,89,41,24,48
2023-04-08,1008,132,74,60,51,58,9
2023-04-09,1008,123,71,65,29,52,36
2023-04-10,1008,112,68,58,41,44,17
2023-04-11,1008,144,97,54,44,47,10
2023-04-12,1008,107,74,88,34,33,54
2023-04-13,1008,136,74,99,33,62,66
2023-04-14,1008,143,81,61,36,62,25
2023-04-15,1008,148,69,93,39,79,54
2023-04-16,1008,107,99,84,40,8,44
2023-04-17,1008,109,85,54,46,24,8
2023-04-18,1008,128,81,93,42,47,51
2023-04-19,1008,125,88,58,48,37,10
2023-04-20,1008,146,92,72,39,54,33
2023-04-21,1008,103,73,94,41,30,53
2023-04-22,1008,110,86,85,39,24,46
2023-04-23,1008,148,69,100,42,79,58
2023-04-24,1008,123,66,66,37,57,29
2023-04-25,1008,101,76,52,46,25,6
2023-04-26,1008,144,86,70,33,58,37
2023-04-27,1008,138,92,93,27,46,66
2023-04-28,1008,139,66,52,44,73,8
2023-04-29,1008,126,70,63,42,56,21
2023-04-30,1008,146,78,82,35,68,47
2023-05-01,1008,142,77,100,39,65,61
2023-05-02,1008,134,95,66,38,39,28
2023-05-03,1008,149,80,55,39,69,16
2023-05-04,1008,121,53,71,41,68,30
2023-05-05,1008,141,80,75,31,61,44
2023-05-06,1008,122,61,96,44,61,52
2023-05-07,1008,131,90,82,45,41,37
2023-05-08,1008,129,86,93,37,43,56
2023-05-09,1008,144,75,95,40,69,55
2023-05-10,1008,142,82,74,44,60,30
2023-05-11,1008,112,70,95,39,42,56
2023-05-12,1008,129,80,76,45,49,31
2023-05-13,1008,146,66,55,38,80,17
2023-05-14,1008,144,70,57,40,74,17
2023-05-15,1008,136,71,86,38,65,48
2023-05-16,1008,107,82,79,25,25,54
2023-05-17,1008,100,101,51,33,-1,18
2023-05-18,1008,123,86,92,52,37,40
2023-05-19,1008,133,79,99,40,54,59
2023-05-20,1008,136,78,68,50,58,18
2023-05-21,1008,145,94,56,47,51,9
2023-05-22,1008,139,72,78,31,67,47
2023-05-23,1008,112,74,59,48,38,11
2023-05-24,1008,113,74,55,38,39,17
2023-05-25,1008,110,76,89,36,34,53
2023-05-26,1008,148,79,81,31,69,50
2023-05-27,1008,135,88,80,38,47,42
2023-05-28,1008,112,79,72,54,33,18
2023-05-29,1008,114,66,90,38,48,52
2023-05-30,1008,123,86,95,51,37,44
2023-05-31,1008,101,66,81,38,35,43
2023-06-01,1008,112,61,65,33,51,32
2023-06-02,1008,101,86,59,43,15,16
2023-06-03,1008,115,89,53,37,26,16
2023-06-04,1008,118,93,93,41,25,52
2023-06-05,1008,147,95,76,40,52,36
2023-06-06,1008,121,76,77,42,45,35
2023-06-07,1008,134,82,70,40,52,30
2023-06-08,1008,111,78,89,39,33,50
2023-06-09,1008,137,70,68,42,67,26
2023-06-10,1008,143,82,66,33,61,33
2023-06-11,1008,119,82,63,44,37,19
2023-06-12,1008,113,66,77,39,47,38
2023-06-13,1008,139,73,100,42,66,58
2023-06-14,1008,130,87,89,32,43,57
2023-06-15,1008,124,85,91,32,39,59
2023-06-16,1008,109,85,93,35,24,58
2023-06-17,1008,121,74,90,45,47,45
2023-06-18,1008,118,80,81,36,38,45
2023-06-19,1008,142,81,98,47,61,51
2023-06-20,1008,117,94,60,45,23,15
2023-06-21,1008,117,72,89,36,45,53
2023-06-22,1008,147,64,64,47,83,17
2023-06-23,1008,132,68,52,38,64,14
2023-06-24,1008,127,76,70,40,51,30
2023-06-25,1008,107,75,65,43,32,22
2023-06-26,1008,125,94,91,42,31,49
2023-06-27,1008,138,88,51,31,50,20
2023-06-28,1008,137,88,73,39,49,34
2023-06-29,1008,109,79,93,28,30,65
2023-06-30,1008,137,80,56,43,57,13
2023-07-01,1008,122,81,94,43,41,51
2023-07-02,1008,118,72,94,42,46,52
2023-07-03,1008,121,94,82,38,27,44
2023-07-04,1008,125,87,88,34,38,54
2023-07-05,1008,150,89,95,39,61,56
2023-07-06,1008,119,90,81,40,29,41
2023-07-07,1008,106,81,90,49,25,41
2023-07-08,1008,150,85,54,48,65,6
2023-07-09,1008,130,87,79,43,43,36
2023-07-10,1008,131,74,62,48,57,14
2023-07-11,1008,108,101,63,42,7,21
2023-07-12,1008,145,74,53,45,71,8
2023-07-13,1008,115,83,53,42,32,11
2023-07-14,1008,113,77,93,49,36,44
2023-07-15,1008,140,82,75,48,58,27
2023-07-16,1008,149,91,97,46,58,51
2023-07-17,1008,135,88,68,35,47,33
2023-07-18,1008,108,93,100,44,15,56
2023-07-19,1008,126,83,87,44,43,43
2023-07-20,1008,141,91,80,43,50,37
2023-07-21,1008,145,96,97,40,49,57
2023-07-22,1008,145,77,97,44,68,53
2023-07-23,1008,107,83,51,41,24,10
2023-07-24,1008,150,80,91,43,70,48
2023-07-25,1008,110,83,69,38,27,31
2023-07-26,1008,124,85,91,40,39,51
2023-07-27,1008,118,74,72,44,44,28
2023-07-28,1008,100,90,89,45,10,44
2023-07-29,1008,108,91,68,36,17,32
2023-07-30,1008,102,88,59,35,14,24
2023-07-31,1008,136,77,74,33,59,41
2023-08-01,1008,118,82,82,30,36,52
2023-08-02,1008,136,73,87,38,63,49
2023-08-03,1008,114,88,61,36,26,25
2023-08-04,1008,136,82,94,34,54,60
2023-08-05,1008,149,81,53,35,68,18
2023-08-06,1008,122,77,55,62,45,-7
2023-08-07,1008,139,70,98,41,69,57
2023-08-08,1008,119,94,56,48,25,8
2023-08-09,1008,142,80,82,48,62,34
2023-08-10,1008,125,76,55,41,49,14
2023-08-11,1008,119,72,89,37,47,52
2023-08-12,1008,131,84,99,27,47,72
2023-08-13,1008,127,79,67,43,48,24
2023-08-14,1008,144,70,81,39,74,42
2023-08-15,1008,101,83,82,34,18,48
2023-08-16,1008,133,105,66,54,28,12
2023-08-17,1008,117,86,59,41,31,18
2023-08-18,1008,150,81,56,50,69,6
2023-08-19,1008,132,73,70,46,59,24
2023-08-20,1008,149,84,69,30,65,39
2023-08-21,1008,121,55,75,42,66,33
2023-08-22,1008,123,84,61,42,39,19
2023-08-23,1008,112,94,78,30,18,48
2023-08-24,1008,148,85,62,37,63,25
2023-08-25,1008,127,89,88,45,38,43
2023-08-26,1008,119,95,57,42,24,15
2023-08-27,1008,112,70,83,45,42,38
2023-08-28,1008,137,75,52,39,62,13
2023-08-29,1008,143,81,85,34,62,51
2023-08-30,1008,104,81,75,40,23,35
2023-08-31,1008,138,81,56,42,57,14
2023-09-01,1008,131,63,61,43,68,18
2023-09-02,1008,148,74,94,48,74,46
2023-09-03,1008,135,92,62,43,43,19
2023-09-04,1008,131,96,65,44,35,21
2023-09-05,1008,110,88,98,43,22,55
2023-09-06,1008,124,58,63,38,66,25
2023-09-07,1008,143,73,65,54,70,11
2023-09-08,1008,149,74,54,28,75,26
2023-09-09,1008,127,80,83,42,47,41
2023-09-10,1008,121,84,87,37,37,50
2023-09-11,1008,139,92,59,37,47,22
2023-09-12,1008,100,96,81,41,4,40
2023-09-13,1008,124,78,92,43,46,49
2023-09-14,1008,106,75,86,34,31,52
2023-09-15,1008,103,92,80,35,11,45
2023-09-16,1008,142,81,81,28,61,53
2023-09-17,1008,103,66,55,37,37,18
2023-09-18,1008,135,82,65,46,53,19
2023-09-19,1008,128,84,65,34,44,31
2023-09-20,1008,150,77,61,36,73,25
2023-09-21,1008,113,84,80,33,29,47
2023-09-22,1008,105,75,85,53,30,32
2023-09-23,1008,115,77,70,35,38,35
2023-09-24,1008,129,73,95,46,56,49
2023-09-25,1008,104,70,51,40,34,11
2023-09-26,1008,114,100,86,32,14,54
2023-09-27,1008,106,65,67,47,41,20
2023-09-28,1008,125,74,79,33,51,46
2023-09-29,1008,124,58,53,40,66,13
2023-09-30,1008,112,83,53,38,29,15
2023-10-01,1008,135,65,53,37,70,16
2023-10-02,1008,112,84,86,46,28,40
2023-10-03,1008,144,88,68,31,56,37
2023-10-04,1008,140,64,94,34,76,60
2023-10-05,1008,149,78,74,42,71,32
2023-10-06,1008,107,88,74,44,19,30
2023-10-07,1008,123,78,62,34,45,28
2023-10-08,1008,118,76,99,32,42,67
2023-10-09,1008,130,77,88,56,53,32
2023-10-10,1008,121,80,71,39,41,32
2023-10-11,1008,139,88,56,40,51,16
2023-10-12,1008,104,90,88,37,14,51
2023-10-13,1008,113,82,60,44,31,16
2023-10-14,1008,114,63,58,48,51,10
2023-10-15,1008,147,81,85,39,66,46
2023-10-16,1008,150,75,79,35,75,44
2023-10-17,1008,116,70,80,36,46,44
2023-10-18,1008,134,67,65,34,67,31
2023-10-19,1008,115,76,58,34,39,24
2023-10-20,1008,108,76,91,45,32,46
2023-10-21,1008,121,70,95,45,51,50
2023-10-22,1008,121,75,85,48,46,37
2023-10-23,1008,112,81,67,36,31,31
2023-10-24,1008,150,69,60,37,81,23
2023-10-25,1008,107,98,66,38,9,28
2023-10-26,1008,128,92,88,53,36,35
2023-10-27,1008,111,85,68,46,26,22
2023-10-28,1008,106,93,95,40,13,55
2023-10-29,1008,111,85,70,47,26,23
2023-10-30,1008,121,80,53,47,41,6
2023-10-31,1008,106,89,69,49,17,20
2023-11-01,1008,104,74,69,40,30,29
2023-11-02,1008,138,89,66,46,49,20
2023-11-03,1008,113,74,64,51,39,13
2023-11-04,1008,136,94,97,43,42,54
2023-11-05,1008,113,68,56,42,45,14
2023-11-06,1008,122,78,61,37,44,24
2023-11-07,1008,147,75,64,42,72,22
2023-11-08,1008,116,81,51,33,35,18
2023-11-09,1008,117,70,50,38,47,12
2023-11-10,1008,101,80,68,44,21,24
2023-11-11,1008,142,84,53,45,58,8
2023-11-12,1008,123,70,65,33,53,32
2023-11-13,1008,100,69,53,42,31,11
2023-11-14,1008,105,84,57,34,21,23
2023-11-15,1008,109,86,62,43,23,19
2023-11-16,1008,104,69,81,38,35,43
2023-11-17,1008,118,70,65,35,48,30
2023-11-18,1008,116,88,50,45,28,5
2023-11-19,1008,138,99,55,36,39,19
2023-11-20,1008,109,80,83,44,29,39
2023-11-21,1008,145,62,51,42,83,9
2023-11-22,1008,129,97,90,40,32,50
2023-11-23,1008,112,79,74,44,33,30
2023-11-24,1008,144,88,93,56,56,37
2023-11-25,1008,100,90,69,41,10,28
2023-11-26,1008,134,84,57,38,50,19
2023-11-27,1008,109,62,69,46,47,23
2023-11-28,1008,137,85,79,51,52,28
2023-11-29,1008,120,68,60,30,52,30
2023-11-30,1008,140,76,93,44,64,49
2023-12-01,1008,121,60,55,46,61,9
2023-12-02,1008,129,82,90,37,47,53
2023-12-03,1008,108,67,68,36,41,32
2023-12-04,1008,138,70,56,48,68,8
2023-12-05,1008,131,88,54,40,43,14
2023-12-06,1008,117,83,52,31,34,21
2023-12-07,1008,113,94,51,46,19,5
2023-12-08,1008,137,80,51,37,57,14
2023-12-09,1008,106,77,72,45,29,27
2023-12-10,1008,121,89,54,41,32,13
2023-12-11,1008,118,84,63,47,34,16
2023-12-12,1008,130,85,86,26,45,60
2023-12-13,1008,101,75,64,43,26,21
2023-12-14,1008,143,79,89,35,64,54
2023-12-15,1008,115,68,95,29,47,66
2023-12-16,1008,109,84,76,30,25,46
2023-12-17,1008,106,88,52,43,18,9
2023-12-18,1008,143,87,55,43,56,12
2023-12-19,1008,149,87,96,32,62,64
2023-12-20,1008,104,75,85,51,29,34
2023-12-21,1008,119,84,92,45,35,47
2023-12-22,1008,145,90,55,32,55,23
2023-12-23,1008,119,77,78,46,42,32
2023-12-24,1008,132,78,56,39,54,17
2023-12-25,1008,112,79,94,47,33,47
2023-12-26,1008,130,88,51,34,42,17
2023-12-27,1008,142,70,75,44,72,31
2023-12-28,1008,141,71,66,52,70,14
2023-12-29,1008,117,87,71,39,30,32
2023-12-30,1008,118,81,98,44,37,54
2023-12-31,1008,138,67,92,43,71,49
2023-01-01,1009,110,64,78,41,46,37
2023-01-02,1009,150,75,90,39,75,51
2023-01-03,1009,107,70,89,36,37,53
2023-01-04,1009,131,85,52,45,46,7
2023-01-05,1009,138,57,100,50,81,50
2023-01-06,1009,133,71,94,30,62,64
2023-01-07,1009,114,91,78,41,23,37
2023-01-08,1009,145,87,58,39,58,19
2023-01-09,1009,102,76,53,44,26,9
2023-01-10,1009,140,86,67,51,54,16
2023-01-11,1009,116,60,53,39,56,14
2023-01-12,1009,148,77,85,39,71,46
2023-01-13,1009,140,88,74,36,52,38
2023-01-14,1009,107,71,96,50,36,46
2023-01-15,1009,123,88,91,46,35,45
2023-01-16,1009,146,94,64,47,52,17
2023-01-17,1009,130,91,83,46,39,37
2023-01-18,1009,145,84,70,44,61,26
2023-01-19,1009,146,80,87,42,66,45
2023-01-20,1009,146,83,92,34,63,58
2023-01-21,1009,108,91,70,41,17,29
2023-01-22,1009,111,108,100,46,3,54
2023-01-23,1009,125,75,58,38,50,20
2023-01-24,1009,141,97,91,40,44,51
2023-01-25,1009,101,82,78,38,19,40
2023-01-26,1009,128,73,92,43,55,49
2023-01-27,1009,111,71,70,31,40,39
2023-01-28,1009,140,86,94,27,54,67
2023-01-29,1009,139,57,74,37,82,37
2023-01-30,1009,134,78,94,43,56,51
2023-01-31,1009,101,83,92,35,18,57
2023-02-01,1009,130,69,60,28,61,32
2023-02-02,1009,119,76,100,35,43,65
2023-02-03,1009,135,86,93,42,49,51
2023-02-04,1009,143,69,54,48,74,6
2023-02-05,1009,134,81,70,34,53,36
2023-02-06,1009,105,86,83,40,19,43
2023-02-07,1009,138,76,75,32,62,43
2023-02-08,1009,111,93,53,31,18,22
2023-02-09,1009,130,76,98,33,54,65
2023-02-10,1009,131,78,75,49,53,26
2023-02-11,1009,143,73,97,35,70,62
2023-02-12,1009,148,68,100,48,80,52
2023-02-13,1009,149,93,94,40,56,54
2023-02-14,1009,133,83,57,37,50,20
2023-02-15,1009,143,89,97,41,54,56
2023-02-16,1009,114,80,51,40,34,11
2023-02-17,1009,127,73,56,46,54,10
2023-02-18,1009,137,83,52,40,54,12
2023-02-19,1009,106,88,89,33,18,56
2023-02-20,1009,150,85,74,41,65,33
2023-02-21,1009,144,87,64,42,57,22
2023-02-22,1009,116,85,56,40,31,16
2023-02-23,1009,150,67,53,33,83,20
2023-02-24,1009,100,83,71,35,17,36
2023-02-25,1009,127,86,66,51,41,15
2023-02-26,1009,101,76,82,54,25,28
2023-02-27,1009,111,79,92,41,32,51
2023-02-28,1009,141,69,79,58,72,21
2023-03-01,1009,113,83,97,52,30,45
2023-03-02,1009,147,84,95,42,63,53
2023-03-03,1009,124,79,98,37,45,61
2023-03-04,1009,137,65,53,41,72,12
2023-03-05,1009,137,68,52,38,69,14
2023-03-06,1009,105,88,79,35,17,44
2023-03-07,1009,109,71,72,34,38,38
2023-03-08,1009,142,77,57,45,65,12
2023-03-09,1009,137,90,61,38,47,23
2023-03-10,1009,111,82,78,42,29,36
2023-03-11,1009,115,103,60,60,12,0
2023-03-12,1009,120,81,62,45,39,17
2023-03-13,1009,149,84,53,33,65,20
2023-03-14,1009,139,84,76,45,55,31
2023-03-15,1009,104,60,93,38,44,55
2023-03-16,1009,123,70,60,43,53,17
2023-03-17,1009,144,69,65,42,75,23
2023-03-18,1009,126,78,75,35,48,40
2023-03-19,1009,109,80,75,37,29,38
2023-03-20,1009,121,81,81,53,40,28
2023-03-21,1009,120,71,76,40,49,36
2023-03-22,1009,121,83,70,42,38,28
2023-03-23,1009,128,80,59,39,48,20
2023-03-24,1009,150,81,100,35,69,65
2023-03-25,1009,106,81,94,47,25,47
2023-03-26,1009,130,80,100,44,50,56
2023-03-27,1009,120,81,53,40,39,13
2023-03-28,1009,101,60,82,35,41,47
2023-03-29,1009,114,71,66,38,43,28
2023-03-30,1009,141,86,66,37,55,29
2023-03-31,1009,105,88,81,38,17,43
2023-04-01,1009,111,74,99,40,37,59
2023-04-02,1009,100,83,76,50,17,26
2023-04-03,1009,138,88,87,39,50,48
2023-04-04,1009,130,90,67,49,40,18
2023-04-05,1009,137,95,64,37,42,27
2023-04-06,1009,100,80,61,35,20,26
2023-04-07,1009,101,79,87,34,22,53
2023-04-08,1009,114,76,78,46,38,32
2023-04-09,1009,113,94,76,52,19,24
2023-04-10,1009,109,91,76,42,18,34
2023-04-11,1009,149,82,86,39,67,47
2023-04-12,1009,114,77,62,40,37,22
2023-04-13,1009,112,78,78,53,34,25
2023-04-14,1009,144,80,94,51,64,43
2023-04-15,1009,129,75,89,61,54,28
2023-04-16,1009,116,89,56,40,27,16
2023-04-17,1009,143,92,64,37,51,27
2023-04-18,1009,114,74,73,45,40,28
2023-04-19,1009,119,88,72,45,31,27
2023-04-20,1009,143,67,67,35,76,32
2023-04-21,1009,127,105,62,47,22,15
2023-04-22,1009,138,84,57,47,54,10
2023-04-23,1009,106,74,75,41,32,34
2023-04-24,1009,146,84,98,39,62,59
2023-04-25,1009,102,77,90,44,25,46
2023-04-26,1009,130,95,90,30,35,60
2023-04-27,1009,124,85,85,30,39,55
2023-04-28,1009,137,77,92,35,60,57
2023-04-29,1009,120,77,71,40,43,31
2023-04-30,1009,105,76,68,54,29,14
2023-05-01,1009,120,72,91,30,48,61
2023-05-02,1009,107,66,52,56,41,-4
2023-05-03,1009,115,85,70,40,30,30
2023-05-04,1009,142,82,53,38,60,15
2023-05-05,1009,117,76,59,39,41,20
2023-05-06,1009,137,78,50,39,59,11
2023-05-07,1009,141,86,78,36,55,42
2023-05-08,1009,131,94,58,40,37,18
2023-05-09,1009,115,92,83,27,23,56
2023-05-10,1009,109,70,64,51,39,13
2023-05-11,1009,105,68,83,41,37,42
2023-05-12,1009,113,81,60,40,32,20
2023-05-13,1009,146,67,80,27,79,53
2023-05-14,1009,145,75,97,31,70,66
2023-05-15,1009,149,63,77,43,86,34
2023-05-16,1009,148,64,81,32,84,49
2023-05-17,1009,136,77,75,46,59,29
2023-05-18,1009,145,78,57,43,67,14
2023-05-19,1009,136,84,68,34,52,34
2023-05-20,1009,128,78,66,48,50,18
2023-05-21,1009,108,73,92,44,35,48
2023-05-22,1009,112,81,88,30,31,58
2023-05-23,1009,141,79,64,44,62,20
2023-05-24,1009,112,84,50,42,28,8
2023-05-25,1009,127,63,95,35,64,60
2023-05-26,1009,128,86,94,38,42,56
2023-05-27,1009,116,79,72,39,37,33
2023-05-28,1009,148,91,70,45,57,25
2023-05-29,1009,135,82,54,35,53,19
2023-05-30,1009,126,73,84,41,53,43
2023-05-31,1009,146,79,98,37,67,61
2023-06-01,1009,108,85,57,47,23,10
2023-06-02,1009,113,82,99,40,31,59
2023-06-03,1009,121,83,77,38,38,39
2023-06-04,1009,132,75,85,36,57,49
2023-06-05,1009,115,100,86,38,15,48
2023-06-06,1009,134,73,94,30,61,64
2023-06-07,1009,138,96,95,38,42,57
2023-06-08,1009,110,70,51,39,40,12
2023-06-09,1009,116,78,55,42,38,13
2023-06-10,1009,128,87,71,38,41,33
2023-06-11,1009,137,85,78,37,52,41
2023-06-12,1009,115,75,86,30,40,56
2023-06-13,1009,124,69,92,40,55,52
2023-06-14,1009,126,79,99,37,47,62
2023-06-15,1009,109,70,58,44,39,14
2023-06-16,1009,114,86,55,41,28,14
2023-06-17,1009,105,79,88,43,26,45
2023-06-18,1009,126,66,97,43,60,54
2023-06-19,1009,125,72,53,40,53,13
2023-06-20,1009,129,91,63,38,38,25
2023-06-21,1009,114,77,52,29,37,23
2023-06-22,1009,114,80,51,45,34,6
2023-06-23,1009,142,97,70,37,45,33
2023-06-24,1009,117,89,71,39,28,32
2023-06-25,1009,133,81,88,37,52,51
2023-06-26,1009,122,81,54,37,41,17
2023-06-27,1009,107,80,66,47,27,19
2023-06-28,1009,101,71,82,36,30,46
2023-06-29,1009,150,76,56,25,74,31
2023-06-30,1009,125,73,58,40,52,18
2023-07-01,1009,147,66,55,43,81,12
2023-07-02,1009,116,89,72,47,27,25
2023-07-03,1009,127,93,91,31,34,60
2023-07-04,1009,120,66,85,45,54,40
2023-07-05,1009,113,94,77,44,19,33
2023-07-06,1009,111,80,76,42,31,34
2023-07-07,1009,139,76,87,37,63,50
2023-07-08,1009,131,88,76,41,43,35
2023-07-09,1009,146,78,63,28,68,35
2023-07-10,1009,144,78,100,44,66,56
2023-07-11,1009,105,80,61,42,25,19
2023-07-12,1009,132,76,88,50,56,38
2023-07-13,1009,148,77,76,36,71,40
2023-07-14,1009,136,81,94,38,55,56
2023-07-15,1009,149,75,97,42,74,55
2023-07-16,1009,132,60,100,45,72,55
2023-07-17,1009,130,83,61,37,47,24
2023-07-18,1009,103,86,62,50,17,12
2023-07-19,1009,111,73,94,32,38,62
2023-07-20,1009,140,69,75,45,71,30
2023-07-21,1009,142,82,98,35,60,63
2023-07-22,1009,105,78,70,49,27,21
2023-07-23,1009,149,68,99,32,81,67
2023-07-24,1009,115,85,95,47,30,48
2023-07-25,1009,140,89,55,37,51,18
2023-07-26,1009,142,87,100,37,55,63
2023-07-27,1009,146,78,81,40,68,41
2023-07-28,1009,139,71,54,41,68,13
2023-07-29,1009,103,86,99,35,17,64
2023-07-30,1009,125,86,57,48,39,9
2023-07-31,1009,131,82,99,39,49,60
2023-08-01,1009,112,99,92,48,13,44
2023-08-02,1009,102,77,81,41,25,40
2023-08-03,1009,148,77,55,48,71,7
2023-08-04,1009,144,75,82,35,69,47
2023-08-05,1009,114,99,68,49,15,19
2023-08-06,1009,108,69,56,38,39,18
2023-08-07,1009,118,66,60,36,52,24
2023-08-08,1009,127,70,54,34,57,20
2023-08-09,1009,130,93,76,43,37,33
2023-08-10,1009,127,75,86,40,52,46
2023-08-11,1009,117,69,86,44,48,42
2023-08-12,1009,140,79,84,39,61,45
2023-08-13,1009,111,79,96,34,32,62
2023-08-14,1009,114,93,90,42,21,48
2023-08-15,1009,135,81,78,43,54,35
2023-08-16,1009,113,99,91,33,14,58
2023-08-17,1009,110,74,51,39,36,12
2023-08-18,1009,147,91,70,44,56,26
2023-08-19,1009,102,73,62,39,29,23
2023-08-20,1009,132,92,99,39,40,60
2023-08-21,1009,146,82,92,41,64,51
2023-08-22,1009,148,77,64,37,71,27
2023-08-23,1009,110,81,81,32,29,49
2023-08-24,1009,108,80,51,37,28,14
2023-08-25,1009,104,74,62,45,30,17
2023-08-26,1009,110,72,92,29,38,63
2023-08-27,1009,137,95,84,40,42,44
2023-08-28,1009,150,68,51,38,82,13
2023-08-29,1009,146,80,71,45,66,26
2023-08-30,1009,127,67,69,38,60,31
2023-08-31,1009,123,75,80,47,48,33
2023-09-01,1009,107,80,65,39,27,26
2023-09-02,1009,141,65,89,44,76,45
2023-09-03,1009,122,90,86,42,32,44
2023-09-04,1009,121,68,71,53,53,18
2023-09-05,1009,135,67,76,44,68,32
2023-09-06,1009,148,78,82,52,70,30
2023-09-07,1009,141,88,71,37,53,34
2023-09-08,1009,117,70,74,46,47,28
2023-09-09,1009,141,81,88,53,60,35
2023-09-10,1009,135,74,51,36,61,15
2023-09-11,1009,113,85,72,44,28,28
2023-09-12,1009,111,79,74,43,32,31
2023-09-13,1009,149,85,80,44,64,36
2023-09-14,1009,102,86,55,33,16,22
2023-09-15,1009,139,71,64,34,68,30
2023-09-16,1009,126,68,87,33,58,54
2023-09-17,1009,130,79,51,45,51,6
2023-09-18,1009,100,76,57,40,24,17
2023-09-19,1009,116,81,77,46,35,31
2023-09-20,1009,107,83,66,51,24,15
2023-09-21,1009,103,79,73,43,24,30
2023-09-22,1009,147,69,62,39,78,23
2023-09-23,1009,129,104,70,35,25,35
2023-09-24,1009,150,81,55,39,69,16
2023-09-25,1009,123,82,83,51,41,32
2023-09-26,1009,138,86,55,35,52,20
2023-09-27,1009,126,78,81,33,48,48
2023-09-28,1009,122,70,90,35,52,55
2023-09-29,1009,100,73,60,30,27,30
2023-09-30,1009,143,85,89,38,58,51
2023-10-01,1009,115,91,100,38,24,62
2023-10-02,1009,108,85,85,36,23,49
2023-10-03,1009,105,80,94,48,25,46
2023-10-04,1009,124,81,62,37,43,25
2023-10-05,1009,130,88,83,46,42,37
2023-10-06,1009,121,103,56,39,18,17
2023-10-07,1009,113,88,83,33,25,50
2023-10-08,1009,138,90,99,49,48,50
2023-10-09,1009,126,78,99,41,48,58
2023-10-10,1009,111,86,58,46,25,12
2023-10-11,1009,109,73,73,42,36,31
2023-10-12,1009,113,80,98,40,33,58
2023-10-13,1009,113,91,55,42,22,13
2023-10-14,1009,132,87,70,36,45,34
2023-10-15,1009,150,86,93,46,64,47
2023-10-16,1009,104,58,70,38,46,32
2023-10-17,1009,140,70,83,44,70,39
2023-10-18,1009,115,84,51,47,31,4
2023-10-19,1009,140,81,80,38,59,42
2023-10-20,1009,150,72,95,44,78,51
2023-10-21,1009,141,71,99,55,70,44
2023-10-22,1009,117,67,82,35,50,47
2023-10-23,1009,135,91,55,32,44,23
2023-10-24,1009,103,81,73,40,22,33
2023-10-25,1009,112,82,80,47,30,33
2023-10-26,1009,143,72,67,46,71,21
2023-10-27,1009,117,92,94,48,25,46
2023-10-28,1009,146,65,67,47,81,20
2023-10-29,1009,100,84,93,50,16,43
2023-10-30,1009,126,78,82,41,48,41
2023-10-31,1009,131,81,70,43,50,27
2023-11-01,1009,108,84,96,53,24,43
2023-11-02,1009,117,85,96,35,32,61
2023-11-03,1009,105,74,76,39,31,37
2023-11-04,1009,141,64,65,51,77,14
2023-11-05,1009,142,77,91,41,65,50
2023-11-06,1009,141,79,93,40,62,53
2023-11-07,1009,115,69,78,41,46,37
2023-11-08,1009,104,73,63,37,31,26
2023-11-09,1009,143,92,62,49,51,13
2023-11-10,1009,121,79,81,38,42,43
2023-11-11,1009,124,77,100,34,47,66
2023-11-12,1009,101,95,51,34,6,17
2023-11-13,1009,130,87,58,31,43,27
2023-11-14,1009,139,93,74,47,46,27
2023-11-15,1009,146,84,86,40,62,46
2023-11-16,1009,130,71,91,31,59,60
2023-11-17,1009,136,78,84,37,58,47
2023-11-18,1009,100,76,61,37,24,24
2023-11-19,1009,122,90,59,27,32,32
2023-11-20,1009,138,79,89,44,59,45
2023-11-21,1009,149,80,86,38,69,48
2023-11-22,1009,135,80,54,36,55,18
2023-11-23,1009,138,64,80,40,74,40
2023-11-24,1009,103,88,61,52,15,9
2023-11-25,1009,101,89,76,32,12,44
2023-11-26,1009,138,77,64,38,61,26
2023-11-27,1009,142,71,87,33,71,54
2023-11-28,1009,133,70,77,34,63,43
2023-11-29,1009,147,76,70,35,71,35
2023-11-30,1009,140,93,96,36,47,60
2023-12-01,1009,110,96,52,38,14,14
2023-12-02,1009,147,91,77,46,56,31
2023-12-03,1009,110,77,68,24,33,44
2023-12-04,1009,112,87,64,37,25,27
2023-12-05,1009,115,69,75,45,46,30
2023-12-06,1009,123,84,94,35,39,59
2023-12-07,1009,114,93,52,38,21,14
2023-12-08,1009,150,76,51,37,74,14
2023-12-09,1009,134,81,63,30,53,33
2023-12-10,1009,115,94,61,47,21,14
2023-12-11,1009,129,82,53,38,47,15
2023-12-12,1009,103,84,87,33,19,54
2023-12-13,1009,105,64,60,28,41,32
2023-12-14,1009,106,92,96,44,14,52
2023-12-15,1009,107,95,77,34,12,43
2023-12-16,1009,134,92,62,43,42,19
2023-12-17,1009,102,90,75,40,12,35
2023-12-18,1009,144,84,94,45,60,49
2023-12-19,1009,131,89,100,46,42,54
2023-12-20,1009,100,91,64,35,9,29
2023-12-21,1009,135,78,79,31,57,48
2023-12-22,1009,117,91,99,36,26,63
2023-12-23,1009,147,73,93,45,74,48
2023-12-24,1009,144,77,85,46,67,39
2023-12-25,1009,123,91,91,26,32,65
2023-12-26,1009,144,90,94,46,54,48
2023-12-27,1009,111,82,52,48,29,4
2023-12-28,1009,115,93,58,38,22,20
2023-12-29,1009,149,82,90,49,67,41
2023-12-30,1009,149,81,69,39,68,30
2023-12-31,1009,147,79,97,35,68,62
2023-01-01,1010,135,85,76,38,50,38
2023-01-02,1010,135,71,93,36,64,57
2023-01-03,1010,106,85,59,34,21,25
2023-01-04,1010,124,80,91,38,44,53
2023-01-05,1010,117,79,93,47,38,46
2023-01-06,1010,114,84,85,46,30,39
2023-01-07,1010,125,86,81,40,39,41
2023-01-08,1010,102,91,70,44,11,26
2023-01-09,1010,103,75,65,27,28,38
2023-01-10,1010,102,75,65,47,27,18
2023-01-11,1010,104,74,90,44,30,46
2023-01-12,1010,107,70,88,45,37,43
2023-01-13,1010,116,75,56,26,41,30
2023-01-14,1010,121,71,62,44,50,18
2023-01-15,1010,146,68,99,34,78,65
2023-01-16,1010,134,79,74,44,55,30
2023-01-17,1010,142,81,55,37,61,18
2023-01-18,1010,123,76,87,41,47,46
2023-01-19,1010,101,73,97,40,28,57
2023-01-20,1010,149,91,83,34,58,49
2023-01-21,1010,126,77,51,28,49,23
2023-01-22,1010,118,77,65,38,41,27
2023-01-23,1010,115,70,92,36,45,56
2023-01-24,1010,130,87,94,31,43,63
2023-01-25,1010,144,84,89,29,60,60
2023-01-26,1010,120,83,77,40,37,37
2023-01-27,1010,136,77,71,39,59,32
2023-01-28,1010,145,70,82,33,75,49
2023-01-29,1010,134,92,86,37,42,49
2023-01-30,1010,139,73,87,45,66,42
2023-01-31,1010,150,81,50,49,69,1
2023-02-01,1010,143,85,69,49,58,20
2023-02-02,1010,137,95,100,34,42,66
2023-02-03,1010,128,89,65,38,39,27
2023-02-04,1010,139,83,100,29,56,71
2023-02-05,1010,142,86,70,36,56,34
2023-02-06,1010,108,79,94,45,29,49
2023-02-07,1010,150,94,61,44,56,17
2023-02-08,1010,139,87,94,50,52,44
2023-02-09,1010,111,71,51,34,40,17
2023-02-10,1010,150,69,69,40,81,29
2023-02-11,1010,121,85,65,33,36,32
2023-02-12,1010,143,88,97,35,55,62
2023-02-13,1010,116,84,70,46,32,24
2023-02-14,1010,121,88,99,42,33,57
2023-02-15,1010,139,81,71,37,58,34
2023-02-16,1010,128,70,91,47,58,44
2023-02-17,1010,111,75,93,40,36,53
2023-02-18,1010,106,84,68,35,22,33
2023-02-19,1010,105,90,57,42,15,15
2023-02-20,1010,130,76,66,28,54,38
2023-02-21,1010,107,74,94,52,33,42
2023-02-22,1010,113,69,83,40,44,43
2023-02-23,1010,141,83,87,42,58,45
2023-02-24,1010,116,80,70,32,36,38
2023-02-25,1010,121,94,61,40,27,21
2023-02-26,1010,132,71,59,43,61,16
2023-02-27,1010,105,62,98,41,43,57
2023-02-28,1010,105,90,98,46,15,52
2023-03-01,1010,104,84,55,33,20,22
2023-03-02,1010,140,90,58,40,50,18
2023-03-03,1010,150,64,85,46,86,39
2023-03-04,1010,141,75,73,35,66,38
2023-03-05,1010,123,82,57,44,41,13
2023-03-06,1010,111,78,74,37,33,37
2023-03-07,1010,106,60,57,38,46,19
2023-03-08,1010,110,85,74,35,25,39
2023-03-09,1010,130,70,59,50,60,9
2023-03-10,1010,125,82,62,40,43,22
2023-03-11,1010,139,70,98,38,69,60
2023-03-12,1010,106,78,76,41,28,35
2023-03-13,1010,108,79,70,38,29,32
2023-03-14,1010,122,80,52,34,42,18
2023-03-15,1010,116,82,63,32,34,31
2023-03-16,1010,124,84,100,43,40,57
2023-03-17,1010,106,77,95,33,29,62
2023-03-18,1010,131,87,71,37,44,34
2023-03-19,1010,113,66,94,40,47,54
2023-03-20,1010,129,83,94,47,46,47
2023-03-21,1010,116,79,89,35,37,54
2023-03-22,1010,128,92,79,36,36,43
2023-03-23,1010,133,75,73,39,58,34
2023-03-24,1010,137,77,91,40,60,51
2023-03-25,1010,139,90,53,46,49,7
2023-03-26,1010,139,89,87,39,50,48
2023-03-27,1010,147,76,75,44,71,31
2023-03-28,1010,114,83,64,37,31,27
2023-03-29,1010,126,91,83,43,35,40
2023-03-30,1010,108,76,87,44,32,43
2023-03-31,1010,119,68,66,34,51,32
2023-04-01,1010,108,82,93,49,26,44
2023-04-02,1010,137,88,94,43,49,51
2023-04-03,1010,113,65,56,49,48,7
2023-04-04,1010,110,79,75,37,31,38
2023-04-05,1010,121,71,55,33,50,22
2023-04-06,1010,115,72,76,37,43,39
2023-04-07,1010,117,75,63,29,42,34
2023-04-08,1010,134,85,58,42,49,16
2023-04-09,1010,145,75,85,25,70,60
2023-04-10,1010,100,82,66,32,18,34
2023-04-11,1010,120,85,90,36,35,54
2023-04-12,1010,128,85,93,51,43,42
2023-04-13,1010,146,81,57,29,65,28
2023-04-14,1010,113,85,58,51,28,7
2023-04-15,1010,115,90,94,33,25,61
2023-04-16,1010,121,90,96,37,31,59
2023-04-17,1010,100,76,91,40,24,51
2023-04-18,1010,119,74,68,37,45,31
2023-04-19,1010,138,82,56,38,56,18
2023-04-20,1010,143,81,94,35,62,59
2023-04-21,1010,143,79,51,32,64,19
2023-04-22,1010,123,90,70,37,33,33
2023-04-23,1010,119,96,99,32,23,67
2023-04-24,1010,141,79,66,40,62,26
2023-04-25,1010,112,70,50,51,42,-1
2023-04-26,1010,112,61,87,33,51,54
2023-04-27,1010,114,99,51,44,15,7
2023-04-28,1010,110,71,58,40,39,18
2023-04-29,1010,138,73,68,36,65,32
2023-04-30,1010,145,76,61,47,69,14
2023-05-01,1010,118,77,71,34,41,37
2023-05-02,1010,144,80,90,41,64,49
2023-05-03,1010,145,85,53,31,60,22
2023-05-04,1010,102,66,52,49,36,3
2023-05-05,1010,148,74,53,29,74,24
2023-05-06,1010,119,93,53,32,26,21
2023-05-07,1010,149,100,52,30,49,22
2023-05-08,1010,150,94,67,42,56,25
2023-05-09,1010,106,82,86,32,24,54
2023-05-10,1010,127,93,93,35,34,58
2023-05-11,1010,107,85,89,37,22,52
2023-05-12,1010,141,74,96,39,67,57
2023-05-13,1010,105,71,88,31,34,57
2023-05-14,1010,139,89,98,34,50,64
2023-05-15,1010,118,82,70,43,36,27
2023-05-16,1010,103,55,100,37,48,63
2023-05-17,1010,112,80,61,40,32,21
2023-05-18,1010,106,75,73,45,31,28
2023-05-19,1010,109,77,92,33,32,59
2023-05-20,1010,112,81,97,44,31,53
2023-05-21,1010,118,74,95,29,44,66
2023-05-22,1010,103,81,61,35,22,26
2023-05-23,1010,148,80,62,34,68,28
2023-05-24,1010,119,87,63,41,32,22
2023-05-25,1010,143,89,66,44,54,22
2023-05-26,1010,135,91,50,39,44,11
2023-05-27,1010,129,83,72,33,46,39
2023-05-28,1010,147,74,94,36,73,58
2023-05-29,1010,102,84,90,39,18,51
2023-05-30,1010,123,76,90,46,47,44
2023-05-31,1010,137,84,79,39,53,40
2023-06-01,1010,101,63,69,38,38,31
2023-06-02,1010,116,74,62,31,42,31
2023-06-03,1010,105,76,72,42,29,30
2023-06-04,1010,150,81,51,35,69,16
2023-06-05,1010,106,80,65,46,26,19
2023-06-06,1010,146,90,91,46,56,45
2023-06-07,1010,103,91,73,34,12,39
2023-06-08,1010,101,88,59,42,13,17
2023-06-09,1010,116,83,54,35,33,19
2023-06-10,1010,135,87,72,42,48,30
2023-06-11,1010,124,101,93,39,23,54
2023-06-12,1010,144,98,96,52,46,44
2023-06-13,1010,106,87,87,32,19,55
2023-06-14,1010,150,80,90,47,70,43
2023-06-15,1010,107,81,97,40,26,57
2023-06-16,1010,109,77,92,41,32,51
2023-06-17,1010,121,61,79,38,60,41
2023-06-18,1010,142,86,98,44,56,54
2023-06-19,1010,119,68,54,40,51,14
2023-06-20,1010,133,83,82,36,50,46
2023-06-21,1010,120,67,63,38,53,25
2023-06-22,1010,135,84,79,35,51,44
2023-06-23,1010,148,83,97,39,65,58
2023-06-24,1010,142,98,62,29,44,33
2023-06-25,1010,137,76,89,50,61,39
2023-06-26,1010,118,81,90,42,37,48
2023-06-27,1010,141,82,65,41,59,24
2023-06-28,1010,137,76,75,39,61,36
2023-06-29,1010,121,77,100,36,44,64
2023-06-30,1010,123,76,87,44,47,43
2023-07-01,1010,103,86,84,49,17,35
2023-07-02,1010,135,64,57,45,71,12
2023-07-03,1010,138,73,60,47,65,13
2023-07-04,1010,141,51,67,46,90,21
2023-07-05,1010,111,93,53,30,18,23
2023-07-06,1010,129,65,100,29,64,71
2023-07-07,1010,106,78,51,45,28,6
2023-07-08,1010,105,82,76,45,23,31
2023-07-09,1010,116,73,95,50,43,45
2023-07-10,1010,113,89,61,41,24,20
2023-07-11,1010,104,101,97,43,3,54
2023-07-12,1010,117,74,87,39,43,48
2023-07-13,1010,124,75,94,30,49,64
2023-07-14,1010,123,65,82,33,58,49
2023-07-15,1010,136,84,81,42,52,39
2023-07-16,1010,115,86,90,31,29,59
2023-07-17,1010,100,81,58,49,19,9
2023-07-18,1010,141,83,62,48,58,14
2023-07-19,1010,131,70,80,40,61,40
2023-07-20,1010,150,86,85,40,64,45
2023-07-21,1010,131,97,94,39,34,55
2023-07-22,1010,134,71,67,41,63,26
2023-07-23,1010,128,100,69,35,28,34
2023-07-24,1010,140,76,73,34,64,39
2023-07-25,1010,100,68,57,34,32,23
2023-07-26,1010,134,86,62,44,48,18
2023-07-27,1010,143,75,95,41,68,54
2023-07-28,1010,115,72,80,35,43,45
2023-07-29,1010,102,63,54,34,39,20
2023-07-30,1010,122,81,79,54,41,25
2023-07-31,1010,121,79,82,37,42,45
2023-08-01,1010,146,80,100,51,66,49
2023-08-02,1010,143,79,63,42,64,21
2023-08-03,1010,119,77,92,43,42,49
2023-08-04,1010,140,78,93,27,62,66
2023-08-05,1010,116,87,60,34,29,26
2023-08-06,1010,129,86,67,39,43,28
2023-08-07,1010,134,66,98,41,68,57
2023-08-08,1010,119,57,81,39,62,42
2023-08-09,1010,146,94,60,41,52,19
2023-08-10,1010,100,76,71,41,24,30
2023-08-11,1010,105,65,95,42,40,53
2023-08-12,1010,145,81,68,40,64,28
2023-08-13,1010,134,86,69,40,48,29
2023-08-14,1010,121,84,59,40,37,19
2023-08-15,1010,130,67,82,53,63,29
2023-08-16,1010,136,91,99,52,45,47
2023-08-17,1010,120,88,75,32,32,43
2023-08-18,1010,146,79,100,45,67,55
2023-08-19,1010,116,83,88,35,33,53
2023-08-20,1010,138,81,75,46,57,29
2023-08-21,1010,135,67,69,34,68,35
2023-08-22,1010,146,100,80,47,46,33
2023-08-23,1010,123,89,87,37,34,50
2023-08-24,1010,111,75,88,35,36,53
2023-08-25,1010,141,71,70,47,70,23
2023-08-26,1010,134,85,63,49,49,14
2023-08-27,1010,119,75,51,46,44,5
2023-08-28,1010,136,80,87,48,56,39
2023-08-29,1010,116,80,63,43,36,20
2023-08-30,1010,130,93,68,43,37,25
2023-08-31,1010,100,78,98,33,22,65
2023-09-01,1010,132,80,79,47,52,32
2023-09-02,1010,149,98,99,50,51,49
2023-09-03,1010,123,77,76,48,46,28
2023-09-04,1010,114,74,73,48,40,25
2023-09-05,1010,100,89,51,39,11,12
2023-09-06,1010,119,84,92,46,35,46
2023-09-07,1010,142,81,89,24,61,65
2023-09-08,1010,124,78,70,35,46,35
2023-09-09,1010,142,94,65,46,48,19
2023-09-10,1010,119,87,85,48,32,37
2023-09-11,1010,130,94,61,35,36,26
2023-09-12,1010,141,94,72,31,47,41
2023-09-13,1010,113,77,81,33,36,48
2023-09-14,1010,131,81,96,43,50,53
2023-09-15,1010,133,84,92,35,49,57
2023-09-16,1010,147,79,81,49,68,32
2023-09-17,1010,104,81,66,46,23,20
2023-09-18,1010,101,84,63,43,17,20
2023-09-19,1010,140,70,50,40,70,10
2023-09-20,1010,136,70,84,46,66,38
2023-09-21,1010,146,86,57,44,60,13
2023-09-22,1010,133,83,75,37,50,38
2023-09-23,1010,125,70,65,35,55,30
2023-09-24,1010,125,79,63,42,46,21
2023-09-25,1010,102,98,85,55,4,30
2023-09-26,1010,149,83,78,39,66,39
2023-09-27,1010,108,89,72,39,19,33
2023-09-28,1010,102,75,84,37,27,47
2023-09-29,1010,103,84,69,30,19,39
2023-09-30,1010,136,83,64,39,53,25
2023-10-01,1010,112,88,91,36,24,55
2023-10-02,1010,148,84,97,35,64,62
2023-10-03,1010,121,84,83,40,37,43
2023-10-04,1010,124,77,95,37,47,58
2023-10-05,1010,142,84,77,42,58,35
2023-10-06,1010,144,55,65,38,89,27
2023-10-07,1010,146,74,77,36,72,41
2023-10-08,1010,130,74,61,35,56,26
2023-10-09,1010,119,82,83,48,37,35
2023-10-10,1010,137,77,97,34,60,63
2023-10-11,1010,122,100,62,32,22,30
2023-10-12,1010,102,82,77,38,20,39
2023-10-13,1010,120,78,75,32,42,43
2023-10-14,1010,120,71,56,49,49,7
2023-10-15,1010,128,70,96,33,58,63
2023-10-16,1010,132,86,82,50,46,32
2023-10-17,1010,145,76,69,35,69,34
2023-10-18,1010,132,76,67,42,56,25
2023-10-19,1010,111,86,61,40,25,21
2023-10-20,1010,147,65,56,41,82,15
2023-10-21,1010,145,79,82,43,66,39
2023-10-22,1010,133,76,95,40,57,55
2023-10-23,1010,122,97,66,44,25,22
2023-10-24,1010,107,56,88,36,51,52
2023-10-25,1010,129,89,74,49,40,25
2023-10-26,1010,118,75,81,36,43,45
2023-10-27,1010,124,79,64,34,45,30
2023-10-28,1010,110,82,90,39,28,51
2023-10-29,1010,140,74,57,37,66,20
2023-10-30,1010,148,76,65,43,72,22
2023-10-31,1010,133,88,60,52,45,8
2023-11-01,1010,148,71,59,43,77,16
2023-11-02,1010,114,74,87,42,40,45
2023-11-03,1010,145,91,67,45,54,22
2023-11-04,1010,121,85,86,32,36,54
2023-11-05,1010,141,85,87,37,56,50
2023-11-06,1010,127,75,98,41,52,57
2023-11-07,1010,127,76,91,46,51,45
2023-11-08,1010,133,66,99,41,67,58
2023-11-09,1010,146,75,61,48,71,13
2023-11-10,1010,118,90,85,37,28,48
2023-11-11,1010,132,62,60,35,70,25
2023-11-12,1010,101,78,75,46,23,29
2023-11-13,1010,140,81,67,36,59,31
2023-11-14,1010,102,88,51,47,14,4
2023-11-15,1010,128,84,52,30,44,22
2023-11-16,1010,109,76,66,47,33,19
2023-11-17,1010,116,92,85,44,24,41
2023-11-18,1010,109,65,63,46,44,17
2023-11-19,1010,131,80,61,43,51,18
2023-11-20,1010,121,70,61,31,51,30
2023-11-21,1010,100,75,91,25,25,66
2023-11-22,1010,110,91,69,43,19,26
2023-11-23,1010,125,81,97,50,44,47
2023-11-24,1010,133,85,69,45,48,24
2023-11-25,1010,121,84,54,44,37,10
2023-11-26,1010,136,75,57,31,61,26
2023-11-27,1010,109,83,70,39,26,31
2023-11-28,1010,109,73,74,40,36,34
2023-11-29,1010,149,71,83,44,78,39
2023-11-30,1010,128,103,99,33,25,66
2023-12-01,1010,134,71,97,42,63,55
2023-12-02,1010,110,66,99,40,44,59
2023-12-03,1010,101,85,71,29,16,42
2023-12-04,1010,132,72,93,42,60,51
2023-12-05,1010,130,89,61,38,41,23
2023-12-06,1010,128,81,75,47,47,28
2023-12-07,1010,145,76,67,43,69,24
2023-12-08,1010,119,66,52,41,53,11
2023-12-09,1010,140,87,56,62,53,-6
2023-12-10,1010,126,78,53,43,48,10
2023-12-11,1010,114,73,70,42,41,28
2023-12-12,1010,129,72,60,28,57,32
2023-12-13,1010,131,73,81,36,58,45
2023-12-14,1010,121,85,75,33,36,42
2023-12-15,1010,135,82,92,60,53,32
2023-12-16,1010,121,79,63,44,42,19
2023-12-17,1010,134,81,71,34,53,37
2023-12-18,1010,102,65,62,35,37,27
2023-12-19,1010,132,79,82,41,53,41
2023-12-20,1010,109,83,69,51,26,18
2023-12-21,1010,148,84,90,18,64,72
2023-12-22,1010,141,73,76,41,68,35
2023-12-23,1010,147,80,55,35,67,20
2023-12-24,1010,135,70,75,35,65,40
2023-12-25,1010,134,86,59,34,48,25
2023-12-26,1010,110,78,92,34,32,58
2023-12-27,1010,126,76,57,36,50,21
2023-12-28,1010,149,79,82,44,70,38
2023-12-29,1010,123,69,77,45,54,32
2023-12-30,1010,111,90,60,36,21,24
2023-12-31,1010,117,90,69,41,27,28
2023-01-01,1011,149,80,77,39,69,38
2023-01-02,1011,143,86,64,44,57,20
2023-01-03,1011,135,80,74,41,55,33
2023-01-04,1011,109,77,83,38,32,45
2023-01-05,1011,107,75,51,37,32,14
2023-01-06,1011,150,75,76,38,75,38
2023-01-07,1011,113,78,99,41,35,58
2023-01-08,1011,106,94,97,36,12,61
2023-01-09,1011,109,81,95,30,28,65
2023-01-10,1011,112,78,78,43,34,35
2023-01-11,1011,135,64,80,33,71,47
2023-01-12,1011,116,91,79,41,25,38
2023-01-13,1011,143,96,100,30,47,70
2023-01-14,1011,142,89,99,34,53,65
2023-01-15,1011,144,71,51,42,73,9
2023-01-16,1011,104,81,83,34,23,49
2023-01-17,1011,118,76,59,31,42,28
2023-01-18,1011,107,67,90,41,40,49
2023-01-19,1011,103,100,90,40,3,50
2023-01-20,1011,102,76,93,44,26,49
2023-01-21,1011,148,74,100,43,74,57
2023-01-22,1011,117,80,93,43,37,50
2023-01-23,1011,125,84,79,46,41,33
2023-01-24,1011,131,72,60,55,59,5
2023-01-25,1011,121,83,85,50,38,35
2023-01-26,1011,113,86,54,30,27,24
2023-01-27,1011,110,88,86,46,22,40
2023-01-28,1011,146,85,98,33,61,65
2023-01-29,1011,130,75,96,46,55,50
2023-01-30,1011,136,76,93,45,60,48
2023-01-31,1011,144,68,66,35,76,31
2023-02-01,1011,130,67,64,41,63,23
2023-02-02,1011,111,86,91,39,25,52
2023-02-03,1011,124,89,91,41,35,50
2023-02-04,1011,107,78,63,37,29,26
2023-02-05,1011,129,82,70,44,47,26
2023-02-06,1011,145,73,95,49,72,46
2023-02-07,1011,102,67,90,32,35,58
2023-02-08,1011,121,71,98,44,50,54
2023-02-09,1011,125,91,96,43,34,53
2023-02-10,1011,137,88,95,35,49,60
2023-02-11,1011,122,69,61,38,53,23
2023-02-12,1011,137,86,58,32,51,26
2023-02-13,1011,120,90,65,39,30,26
2023-02-14,1011,100,90,97,43,10,54
2023-02-15,1011,146,89,76,40,57,36
2023-02-16,1011,105,81,84,43,24,41
2023-02-17,1011,111,77,53,37,34,16
2023-02-18,1011,108,73,97,41,35,56
2023-02-19,1011,132,72,95,33,60,62
2023-02-20,1011,131,108,92,57,23,35
2023-02-21,1011,112,70,53,33,42,20
2023-02-22,1011,134,69,57,28,65,29
2023-02-23,1011,148,73,77,33,75,44
2023-02-24,1011,105,84,71,38,21,33
2023-02-25,1011,102,68,54,40,34,14
2023-02-26,1011,106,76,97,42,30,55
2023-02-27,1011,131,85,75,42,46,33
2023-02-28,1011,143,87,51,35,56,16
2023-03-01,1011,109,72,86,32,37,54
2023-03-02,1011,136,78,89,39,58,50
2023-03-03,1011,116,81,57,34,35,23
2023-03-04,1011,146,87,91,43,59,48
2023-03-05,1011,150,101,92,42,49,50
2023-03-06,1011,150,64,75,36,86,39
2023-03-07,1011,127,79,90,37,48,53
2023-03-08,1011,114,88,76,35,26,41
2023-03-09,1011,117,71,70,38,46,32
2023-03-10,1011,100,77,78,37,23,41
2023-03-11,1011,121,72,81,26,49,55
2023-03-12,1011,147,73,74,42,74,32
2023-03-13,1011,122,85,74,58,37,16
2023-03-14,1011,104,91,74,40,13,34
2023-03-15,1011,148,89,82,46,59,36
2023-03-16,1011,131,79,83,39,52,44
2023-03-17,1011,150,73,58,34,77,24
2023-03-18,1011,108,86,69,27,22,42
2023-03-19,1011,106,88,74,43,18,31
2023-03-20,1011,110,63,87,43,47,44
2023-03-21,1011,120,84,85,34,36,51
2023-03-22,1011,141,92,61,33,49,28
2023-03-23,1011,122,77,97,38,45,59
2023-03-24,1011,139,82,56,42,57,14
2023-03-25,1011,119,77,97,34,42,63
2023-03-26,1011,120,89,69,43,31,26
2023-03-27,1011,150,84,53,38,66,15
2023-03-28,1011,103,90,76,34,13,42
2023-03-29,1011,147,77,60,28,70,32
2023-03-30,1011,148,81,73,35,67,38
2023-03-31,1011,107,80,100,50,27,50
2023-04-01,1011,116,78,83,44,38,39
2023-04-02,1011,125,91,89,35,34,54
2023-04-03,1011,149,67,69,39,82,30
2023-04-04,1011,122,94,68,48,28,20
2023-04-05,1011,117,77,93,33,40,60
2023-04-06,1011,102,68,50,45,34,5
2023-04-07,1011,142,73,65,45,69,20
2023-04-08,1011,116,70,63,38,46,25
2023-04-09,1011,127,84,93,57,43,36
2023-04-10,1011,117,79,50,38,38,12
2023-04-11,1011,146,66,88,47,80,41
2023-04-12,1011,114,97,88,35,17,53
2023-04-13,1011,135,84,77,33,51,44
2023-04-14,1011,109,93,58,43,16,15
2023-04-15,1011,110,82,90,46,28,44
2023-04-16,1011,109,80,58,38,29,20
2023-04-17,1011,106,76,67,32,30,35
2023-04-18,1011,137,83,51,38,54,13
2023-04-19,1011,129,84,56,43,45,13
2023-04-20,1011,148,72,83,47,76,36
2023-04-21,1011,119,84,53,34,35,19
2023-04-22,1011,100,81,51,24,19,27
2023-04-23,1011,139,72,66,36,67,30
2023-04-24,1011,120,93,88,35,27,53
2023-04-25,1011,111,78,69,46,33,23
2023-04-26,1011,139,79,80,37,60,43
2023-04-27,1011,122,86,79,34,36,45
2023-04-28,1011,119,90,71,42,29,29
2023-04-29,1011,102,87,87,34,15,53
2023-04-30,1011,104,84,97,33,20,64
2023-05-01,1011,127,97,67,49,30,18
2023-05-02,1011,147,92,91,36,55,55
2023-05-03,1011,122,87,58,43,35,15
2023-05-04,1011,132,80,94,33,52,61
2023-05-05,1011,107,73,99,37,34,62
2023-05-06,1011,143,89,66,48,54,18
2023-05-07,1011,147,84,90,42,63,48
2023-05-08,1011,140,76,68,28,64,40
2023-05-09,1011,125,85,96,43,40,53
2023-05-10,1011,130,72,95,43,58,52
2023-05-11,1011,133,78,59,40,55,19
2023-05-12,1011,130,82,52,53,48,-1
2023-05-13,1011,119,68,96,44,51,52
2023-05-14,1011,140,77,66,33,63,33
2023-05-15,1011,117,71,56,45,46,11
2023-05-16,1011,100,87,50,39,13,11
2023-05-17,1011,138,70,67,38,68,29
2023-05-18,1011,140,84,66,41,56,25
2023-05-19,1011,125,79,90,37,46,53
2023-05-20,1011,101,69,60,39,32,21
2023-05-21,1011,100,82,90,50,18,40
2023-05-22,1011,114,81,51,36,33,15
2023-05-23,1011,150,92,81,52,58,29
2023-05-24,1011,115,80,75,26,35,49
2023-05-25,1011,129,93,99,38,36,61
2023-05-26,1011,120,90,100,39,30,61
2023-05-27,1011,130,78,78,41,52,37
2023-05-28,1011,101,87,68,32,14,36
2023-05-29,1011,116,74,71,29,42,42
2023-05-30,1011,149,76,81,35,73,46
2023-05-31,1011,141,73,75,49,68,26
2023-06-01,1011,123,65,79,47,58,32
2023-06-02,1011,112,77,73,37,35,36
2023-06-03,1011,108,67,79,43,41,36
2023-06-04,1011,133,71,50,30,62,20
2023-06-05,1011,135,60,96,50,75,46
2023-06-06,1011,137,79,79,48,58,31
2023-06-07,1011,101,79,62,40,22,22
2023-06-08,1011,119,75,50,44,44,6
2023-06-09,1011,113,86,86,42,27,44
2023-06-10,1011,107,90,58,40,17,18
2023-06-11,1011,118,86,95,38,32,57
2023-06-12,1011,114,83,94,31,31,63
2023-06-13,1011,145,81,73,40,64,33
2023-06-14,1011,124,82,54,39,42,15
2023-06-15,1011,111,69,76,47,42,29
2023-06-16,1011,124,79,98,58,45,40
2023-06-17,1011,104,79,95,42,25,53
2023-06-18,1011,145,93,57,37,52,20
2023-06-19,1011,150,86,67,53,64,14
2023-06-20,1011,114,93,57,28,21,29
2023-06-21,1011,108,91,61,38,17,23
2023-06-22,1011,145,68,93,50,77,43
2023-06-23,1011,146,77,89,51,69,38
2023-06-24,1011,147,82,98,40,65,58
2023-06-25,1011,107,76,74,39,31,35
2023-06-26,1011,137,79,76,26,58,50
2023-06-27,1011,112,72,72,41,40,31
2023-06-28,1011,132,88,89,38,44,51
2023-06-29,1011,149,79,90,40,70,50
2023-06-30,1011,136,88,95,47,48,48
2023-07-01,1011,135,77,83,34,58,49
2023-07-02,1011,105,79,74,32,26,42
2023-07-03,1011,130,89,75,19,41,56
2023-07-04,1011,142,65,69,34,77,35
2023-07-05,1011,112,91,68,39,21,29
2023-07-06,1011,106,85,89,32,21,57
2023-07-07,1011,102,77,74,38,25,36
2023-07-08,1011,106,73,77,54,33,23
2023-07-09,1011,107,95,97,44,12,53
2023-07-10,1011,146,92,95,36,54,59
2023-07-11,1011,149,76,61,45,73,16
2023-07-12,1011,106,91,72,35,15,37
2023-07-13,1011,132,87,96,32,45,64
2023-07-14,1011,137,80,99,40,57,59
2023-07-15,1011,102,71,95,39,31,56
2023-07-16,1011,112,105,84,43,7,41
2023-07-17,1011,112,68,51,43,44,8
2023-07-18,1011,127,79,64,48,48,16
2023-07-19,1011,115,77,50,34,38,16
2023-07-20,1011,137,91,89,45,46,44
2023-07-21,1011,134,83,79,37,51,42
2023-07-22,1011,137,72,52,35,65,17
2023-07-23,1011,131,85,78,43,46,35
2023-07-24,1011,131,90,75,33,41,42
2023-07-25,1011,137,82,74,46,55,28
2023-07-26,1011,122,73,99,41,49,58
2023-07-27,1011,137,90,54,37,47,17
2023-07-28,1011,138,67,92,36,71,56
2023-07-29,1011,120,80,100,41,40,59
2023-07-30,1011,140,90,100,41,50,59
2023-07-31,1011,107,104,74,29,3,45
2023-08-01,1011,103,78,67,53,25,14
2023-08-02,1011,137,97,65,42,40,23
2023-08-03,1011,100,93,50,35,7,15
2023-08-04,1011,147,70,62,31,77,31
2023-08-05,1011,147,74,94,31,73,63
2023-08-06,1011,148,65,99,43,83,56
2023-08-07,1011,135,90,87,42,45,45
2023-08-08,1011,131,79,86,35,52,51
2023-08-09,1011,150,89,77,42,61,35
2023-08-10,1011,113,82,63,37,31,26
2023-08-11,1011,142,90,90,32,52,58
2023-08-12,1011,128,75,58,49,53,9
2023-08-13,1011,102,65,71,47,37,24
2023-08-14,1011,115,77,50,36,38,14
2023-08-15,1011,112,79,74,46,33,28
2023-08-16,1011,101,84,91,38,17,53
2023-08-17,1011,115,59,72,39,56,33
2023-08-18,1011,125,92,84,46,33,38
2023-08-19,1011,130,90,69,40,40,29
2023-08-20,1011,107,87,93,33,20,60
2023-08-21,1011,118,81,66,32,37,34
2023-08-22,1011,144,89,56,46,55,10
2023-08-23,1011,118,75,69,28,43,41
2023-08-24,1011,129,83,82,46,46,36
2023-08-25,1011,131,87,80,39,44,41
2023-08-26,1011,107,70,91,44,37,47
2023-08-27,1011,133,92,63,45,41,18
2023-08-28,1011,122,67,82,39,55,43
2023-08-29,1011,100,78,56,33,22,23
2023-08-30,1011,107,75,58,45,32,13
2023-08-31,1011,127,90,99,43,37,56
2023-09-01,1011,150,75,93,41,75,52
2023-09-02,1011,134,72,69,42,62,27
2023-09-03,1011,103,74,86,41,29,45
2023-09-04,1011,114,81,57,35,33,22
2023-09-05,1011,130,54,57,52,76,5
2023-09-06,1011,127,75,84,37,52,47
2023-09-07,1011,143,71,84,33,72,51
2023-09-08,1011,133,82,75,45,51,30
2023-09-09,1011,112,80,54,41,32,13
2023-09-10,1011,103,88,88,35,15,53
2023-09-11,1011,145,84,92,40,61,52
2023-09-12,1011,101,79,60,43,22,17
2023-09-13,1011,104,73,75,46,31,29
2023-09-14,1011,139,83,56,36,56,20
2023-09-15,1011,114,84,72,34,30,38
2023-09-16,1011,109,86,83,45,23,38
2023-09-17,1011,125,73,97,39,52,58
2023-09-18,1011,146,72,75,40,74,35
2023-09-19,1011,142,83,67,27,59,40
2023-09-20,1011,132,93,57,45,39,12
2023-09-21,1011,101,92,98,36,9,62
2023-09-22,1011,112,75,100,33,37,67
2023-09-23,1011,120,72,57,32,48,25
2023-09-24,1011,141,71,60,50,70,10
2023-09-25,1011,127,73,93,35,54,58
2023-09-26,1011,114,87,69,33,27,36
2023-09-27,1011,149,99,85,33,50,52
2023-09-28,1011,149,86,52,42,63,10
2023-09-29,1011,117,83,75,35,34,40
2023-09-30,1011,131,73,62,43,58,19
2023-10-01,1011,136,84,79,44,52,35
2023-10-02,1011,120,82,74,53,38,21
2023-10-03,1011,108,85,57,39,23,18
2023-10-04,1011,101,77,73,39,24,34
2023-10-05,1011,108,76,52,34,32,18
2023-10-06,1011,130,82,79,42,48,37
2023-10-07,1011,116,78,87,36,38,51
2023-10-08,1011,139,77,54,29,62,25
2023-10-09,1011,132,90,65,48,42,17
2023-10-10,1011,125,94,84,33,31,51
2023-10-11,1011,104,95,85,25,9,60
2023-10-12,1011,119,94,50,42,25,8
2023-10-13,1011,107,80,60,44,27,16
2023-10-14,1011,131,93,78,38,38,40
2023-10-15,1011,128,87,81,48,41,33
2023-10-16,1011,140,72,74,42,68,32
2023-10-17,1011,147,83,72,41,64,31
2023-10-18,1011,109,60,88,36,49,52
2023-10-19,1011,138,82,100,40,56,60
2023-10-20,1011,120,71,93,40,49,53
2023-10-21,1011,140,75,58,40,65,18
2023-10-22,1011,148,68,57,44,80,13
2023-10-23,1011,127,97,68,32,30,36
2023-10-24,1011,144,82,76,33,62,43
2023-10-25,1011,112,72,81,30,40,51
2023-10-26,1011,135,93,62,38,42,24
2023-10-27,1011,147,71,84,40,76,44
2023-10-28,1011,144,94,92,48,50,44
2023-10-29,1011,108,96,76,31,12,45
2023-10-30,1011,119,70,62,28,49,34
2023-10-31,1011,134,85,83,44,49,39
2023-11-01,1011,122,89,85,48,33,37
2023-11-02,1011,132,82,51,45,50,6
2023-11-03,1011,125,83,83,32,42,51
2023-11-04,1011,129,79,88,40,50,48
2023-11-05,1011,124,79,66,51,45,15
2023-11-06,1011,127,77,97,31,50,66
2023-11-07,1011,122,99,61,40,23,21
2023-11-08,1011,137,90,81,45,47,36
2023-11-09,1011,149,67,64,46,82,18
2023-11-10,1011,124,84,89,37,40,52
2023-11-11,1011,138,82,75,43,56,32
2023-11-12,1011,101,74,100,50,27,50
2023-11-13,1011,108,73,75,33,35,42
2023-11-14,1011,129,81,67,46,48,21
2023-11-15,1011,120,95,77,42,25,35
2023-11-16,1011,103,70,50,49,33,1
2023-11-17,1011,126,77,92,39,49,53
2023-11-18,1011,127,91,66,40,36,26
2023-11-19,1011,135,85,99,41,50,58
2023-11-20,1011,114,87,53,40,27,13
2023-11-21,1011,112,77,62,41,35,21
2023-11-22,1011,123,75,76,41,48,35
2023-11-23,1011,144,70,71,42,74,29
2023-11-24,1011,108,89,53,35,19,18
2023-11-25,1011,148,83,78,41,65,37
2023-11-26,1011,131,79,74,38,52,36
2023-11-27,1011,115,82,57,35,33,22
2023-11-28,1011,148,92,59,44,56,15
2023-11-29,1011,148,77,57,41,71,16
2023-11-30,1011,103,78,55,40,25,15
2023-12-01,1011,135,72,50,40,63,10
2023-12-02,1011,147,80,62,47,67,15
2023-12-03,1011,127,83,90,37,44,53
2023-12-04,1011,148,88,81,53,60,28
2023-12-05,1011,134,81,96,36,53,60
2023-12-06,1011,108,77,65,44,31,21
2023-12-07,1011,101,80,53,36,21,17
2023-12-08,1011,117,78,81,51,39,30
2023-12-09,1011,115,74,75,39,41,36
2023-12-10,1011,102,84,81,46,18,35
2023-12-11,1011,139,92,90,38,47,52
2023-12-12,1011,125,70,83,47,55,36
2023-12-13,1011,137,96,76,30,41,46
2023-12-14,1011,145,81,90,25,64,65
2023-12-15,1011,147,74,96,44,73,52
2023-12-16,1011,110,77,77,26,33,51
2023-12-17,1011,102,92,96,36,10,60
2023-12-18,1011,148,83,83,40,65,43
2023-12-19,1011,103,81,91,49,22,42
2023-12-20,1011,143,69,94,39,74,55
2023-12-21,1011,130,76,76,51,54,25
2023-12-22,1011,141,86,81,32,55,49
2023-12-23,1011,150,79,62,49,71,13
2023-12-24,1011,129,88,79,38,41,41
2023-12-25,1011,104,68,71,44,36,27
2023-12-26,1011,140,94,61,46,46,15
2023-12-27,1011,103,90,74,48,13,26
2023-12-28,1011,128,77,99,41,51,58
2023-12-29,1011,109,84,61,56,25,5
2023-12-30,1011,149,83,52,39,66,13
2023-12-31,1011,144,72,69,37,72,32
2023-01-01,1012,140,89,52,44,51,8
2023-01-02,1012,106,79,76,40,27,36
2023-01-03,1012,117,74,92,44,43,48
2023-01-04,1012,106,92,52,39,14,13
2023-01-05,1012,130,84,79,40,46,39
2023-01-06,1012,106,93,78,42,13,36
2023-01-07,1012,106,82,91,36,24,55
2023-01-08,1012,123,64,80,36,59,44
2023-01-09,1012,108,69,87,34,39,53
2023-01-10,1012,109,92,67,39,17,28
2023-01-11,1012,117,90,60,42,27,18
2023-01-12,1012,137,73,82,38,64,44
2023-01-13,1012,113,73,95,32,40,63
2023-01-14,1012,134,77,98,35,57,63
2023-01-15,1012,114,79,66,54,35,12
2023-01-16,1012,124,76,51,36,48,15
2023-01-17,1012,149,90,50,47,59,3
2023-01-18,1012,146,75,86,44,71,42
2023-01-19,1012,149,70,78,45,79,33
2023-01-20,1012,144,82,54,32,62,22
2023-01-21,1012,126,81,63,35,45,28
2023-01-22,1012,107,79,62,46,28,16
2023-01-23,1012,145,105,78,45,40,33
2023-01-24,1012,127,71,97,33,56,64
2023-01-25,1012,133,84,100,46,49,54
2023-01-26,1012,103,77,95,30,26,65
2023-01-27,1012,105,95,67,27,10,40
2023-01-28,1012,118,67,87,49,51,38
2023-01-29,1012,130,81,88,44,49,44
2023-01-30,1012,121,76,51,40,45,11
2023-01-31,1012,131,72,89,33,59,56
2023-02-01,1012,116,83,99,31,33,68
2023-02-02,1012,106,107,98,46,-1,52
2023-02-03,1012,136,93,55,44,43,11
2023-02-04,1012,133,81,83,32,52,51
2023-02-05,1012,104,67,67,36,37,31
2023-02-06,1012,102,74,83,41,28,42
2023-02-07,1012,138,81,84,33,57,51
2023-02-08,1012,133,85,84,31,48,53
2023-02-09,1012,146,74,97,55,72,42
2023-02-10,1012,118,81,67,40,37,27
2023-02-11,1012,145,88,80,37,57,43
2023-02-12,1012,142,76,74,39,66,35
2023-02-13,1012,144,85,59,34,59,25
2023-02-14,1012,118,66,77,36,52,41
2023-02-15,1012,104,80,92,43,24,49
2023-02-16,1012,144,88,51,37,56,14
2023-02-17,1012,139,76,66,22,63,44
2023-02-18,1012,147,79,93,44,68,49
2023-02-19,1012,136,79,56,35,57,21
2023-02-20,1012,136,79,62,45,57,17
2023-02-21,1012,102,80,95,39,22,56
2023-02-22,1012,113,61,77,50,52,27
2023-02-23,1012,120,68,61,41,52,20
2023-02-24,1012,142,80,97,35,62,62
2023-02-25,1012,121,84,95,43,37,52
2023-02-26,1012,105,72,64,43,33,21
2023-02-27,1012,132,80,78,31,52,47
2023-02-28,1012,137,67,59,29,70,30
2023-03-01,1012,101,90,77,31,11,46
2023-03-02,1012,133,83,52,39,50,13
2023-03-03,1012,103,84,52,39,19,13
2023-03-04,1012,122,80,62,39,42,23
2023-03-05,1012,125,82,88,39,43,49
2023-03-06,1012,110,89,90,34,21,56
2023-03-07,1012,102,86,55,47,16,8
2023-03-08,1012,129,83,59,44,46,15
2023-03-09,1012,117,89,92,40,28,52
2023-03-10,1012,101,92,54,44,9,10
2023-03-11,1012,123,83,72,34,40,38
2023-03-12,1012,138,79,55,47,59,8
2023-03-13,1012,139,74,85,33,65,52
2023-03-14,1012,128,83,94,39,45,55
2023-03-15,1012,103,83,60,41,20,19
2023-03-16,1012,134,60,58,52,74,6
2023-03-17,1012,147,80,83,34,67,49
2023-03-18,1012,136,74,53,26,62,27
2023-03-19,1012,140,80,57,41,60,16
2023-03-20,1012,125,70,86,40,55,46
2023-03-21,1012,130,105,87,34,25,53
2023-03-22,1012,114,75,85,37,39,48
2023-03-23,1012,136,101,85,42,35,43
2023-03-24,1012,138,84,83,42,54,41
2023-03-25,1012,130,89,64,29,41,35
2023-03-26,1012,128,71,83,37,57,46
2023-03-27,1012,135,76,59,43,59,16
2023-03-28,1012,137,65,75,43,72,32
2023-03-29,1012,133,77,69,40,56,29
2023-03-30,1012,133,78,52,36,55,16
2023-03-31,1012,103,79,74,36,24,38
2023-04-01,1012,102,82,54,48,20,6
2023-04-02,1012,103,90,97,49,13,48
2023-04-03,1012,126,68,80,41,58,39
2023-04-04,1012,142,87,65,53,55,12
2023-04-05,1012,131,85,90,41,46,49
2023-04-06,1012,122,64,63,36,58,27
2023-04-07,1012,134,79,78,33,55,45
2023-04-08,1012,105,61,86,37,44,49
2023-04-09,1012,114,82,56,39,32,17
2023-04-10,1012,144,79,59,31,65,28
2023-04-11,1012,122,76,88,40,46,48
2023-04-12,1012,130,86,55,37,44,18
2023-04-13,1012,106,77,99,42,29,57
2023-04-14,1012,104,98,57,36,6,21
2023-04-15,1012,108,71,90,41,37,49
2023-04-16,1012,147,97,58,23,50,35
2023-04-17,1012,105,101,95,34,4,61
2023-04-18,1012,124,58,70,43,66,27
2023-04-19,1012,117,86,51,36,31,15
2023-04-20,1012,107,86,53,38,21,15
2023-04-21,1012,102,92,74,40,10,34
2023-04-22,1012,128,65,78,50,63,28
2023-04-23,1012,131,65,75,38,66,37
2023-04-24,1012,109,70,64,46,39,18
2023-04-25,1012,113,80,50,37,33,13
2023-04-26,1012,122,74,89,31,48,58
2023-04-27,1012,132,69,72,57,63,15
2023-04-28,1012,137,94,96,41,43,55
2023-04-29,1012,126,85,83,44,41,39
2023-04-30,1012,148,94,56,48,54,8
2023-05-01,1012,126,74,73,40,52,33
2023-05-02,1012,127,72,71,32,55,39
2023-05-03,1012,100,79,72,39,21,33
2023-05-04,1012,140,97,57,30,43,27
2023-05-05,1012,127,86,100,40,41,60
2023-05-06,1012,111,65,52,42,46,10
2023-05-07,1012,132,96,100,38,36,62
2023-05-08,1012,149,68,83,37,81,46
2023-05-09,1012,129,71,53,41,58,12
2023-05-10,1012,102,85,69,32,17,37
2023-05-11,1012,116,73,60,38,43,22
2023-05-12,1012,107,86,86,32,21,54
2023-05-13,1012,105,74,84,36,31,48
2023-05-14,1012,125,85,55,38,40,17
2023-05-15,1012,136,82,71,45,54,26
2023-05-16,1012,136,94,78,45,42,33
2023-05-17,1012,106,86,74,32,20,42
2023-05-18,1012,119,73,90,33,46,57
2023-05-19,1012,136,84,68,44,52,24
2023-05-20,1012,104,74,92,46,30,46
2023-05-21,1012,117,77,64,40,40,24
2023-05-22,1012,119,92,65,44,27,21
2023-05-23,1012,143,84,85,44,59,41
2023-05-24,1012,101,72,99,29,29,70
2023-05-25,1012,141,88,87,34,53,53
2023-05-26,1012,148,63,51,30,85,21
2023-05-27,1012,106,72,60,32,34,28
2023-05-28,1012,149,72,92,45,77,47
2023-05-29,1012,116,106,77,37,10,40
2023-05-30,1012,145,69,67,46,76,21
2023-05-31,1012,103,84,66,57,19,9
2023-06-01,1012,130,78,66,38,52,28
2023-06-02,1012,101,80,97,49,21,48
2023-06-03,1012,112,80,60,27,32,33
2023-06-04,1012,126,72,73,34,54,39
2023-06-05,1012,135,88,74,55,47,19
2023-06-06,1012,123,74,88,38,49,50
2023-06-07,1012,103,69,56,31,34,25
2023-06-08,1012,132,75,86,38,57,48
2023-06-09,1012,109,77,60,41,32,19
2023-06-10,1012,100,85,92,51,15,41
2023-06-11,1012,140,86,94,51,54,43
2023-06-12,1012,126,76,75,44,50,31
2023-06-13,1012,101,64,52,30,37,22
2023-06-14,1012,101,79,92,39,22,53
2023-06-15,1012,146,81,86,44,65,42
2023-06-16,1012,133,67,79,45,66,34
2023-06-17,1012,124,83,79,38,41,41
2023-06-18,1012,124,68,89,36,56,53
2023-06-19,1012,101,82,76,48,19,28
2023-06-20,1012,136,83,81,40,53,41
2023-06-21,1012,125,82,82,32,43,50
2023-06-22,1012,105,98,99,43,7,56
2023-06-23,1012,107,83,86,36,24,50
2023-06-24,1012,122,80,60,41,42,19
2023-06-25,1012,111,79,58,30,32,28
2023-06-26,1012,129,93,65,32,36,33
2023-06-27,1012,134,79,58,39,55,19
2023-06-28,1012,103,86,62,32,17,30
2023-06-29,1012,116,60,84,47,56,37
2023-06-30,1012,107,78,56,35,29,21
2023-07-01,1012,117,88,60,41,29,19
2023-07-02,1012,132,75,95,54,57,41
2023-07-03,1012,122,64,94,42,58,52
2023-07-04,1012,120,84,55,38,36,17
2023-07-05,1012,138,93,97,47,45,50
2023-07-06,1012,110,76,93,41,34,52
2023-07-07,1012,117,92,61,33,25,28
2023-07-08,1012,134,91,84,33,43,51
2023-07-09,1012,146,78,73,34,68,39
2023-07-10,1012,131,85,59,34,46,25
2023-07-11,1012,128,86,55,43,42,12
2023-07-12,1012,148,82,75,49,66,26
2023-07-13,1012,142,88,50,38,54,12
2023-07-14,1012,130,77,71,36,53,35
2023-07-15,1012,131,74,66,47,57,19
2023-07-16,1012,105,79,89,35,26,54
2023-07-17,1012,112,87,51,40,25,11
2023-07-18,1012,120,76,57,49,44,8
2023-07-19,1012,144,96,56,36,48,20
2023-07-20,1012,117,87,56,52,30,4
2023-07-21,1012,147,77,86,40,70,46
2023-07-22,1012,119,80,78,22,39,56
2023-07-23,1012,119,86,85,38,33,47
2023-07-24,1012,104,75,93,38,29,55
2023-07-25,1012,113,81,100,52,32,48
2023-07-26,1012,105,86,98,27,19,71
2023-07-27,1012,111,66,73,41,45,32
2023-07-28,1012,123,76,100,51,47,49
2023-07-29,1012,121,82,90,38,39,52
2023-07-30,1012,123,86,51,46,37,5
2023-07-31,1012,128,95,74,48,33,26
2023-08-01,1012,100,77,90,40,23,50
2023-08-02,1012,136,98,84,35,38,49
2023-08-03,1012,123,81,81,45,42,36
2023-08-04,1012,134,77,95,39,57,56
2023-08-05,1012,135,89,81,43,46,38
2023-08-06,1012,102,85,88,42,17,46
2023-08-07,1012,138,77,93,35,61,58
2023-08-08,1012,115,76,88,44,39,44
2023-08-09,1012,137,78,91,42,59,49
2023-08-10,1012,149,72,57,38,77,19
2023-08-11,1012,150,64,57,27,86,30
2023-08-12,1012,122,84,80,41,38,39
2023-08-13,1012,147,83,77,37,64,40
2023-08-14,1012,145,91,96,42,54,54
2023-08-15,1012,105,68,75,44,37,31
2023-08-16,1012,150,70,56,38,80,18
2023-08-17,1012,113,68,73,46,45,27
2023-08-18,1012,118,90,95,46,28,49
2023-08-19,1012,150,71,51,42,79,9
2023-08-20,1012,122,80,65,42,42,23
2023-08-21,1012,137,67,78,42,70,36
2023-08-22,1012,150,89,89,51,61,38
2023-08-23,1012,107,88,98,46,19,52
2023-08-24,1012,130,80,68,32,50,36
2023-08-25,1012,100,101,51,37,-1,14
2023-08-26,1012,146,76,58,45,70,13
2023-08-27,1012,101,78,68,38,23,30
2023-08-28,1012,126,75,60,28,51,32
2023-08-29,1012,125,74,57,36,51,21
2023-08-30,1012,126,69,58,42,57,16
2023-08-31,1012,150,85,52,40,65,12
2023-09-01,1012,126,74,86,38,52,48
2023-09-02,1012,100,73,69,40,27,29
2023-09-03,1012,107,86,92,44,21,48
2023-09-04,1012,113,85,67,38,28,29
2023-09-05,1012,129,78,93,44,51,49
2023-09-06,1012,107,61,91,29,46,62
2023-09-07,1012,122,88,53,33,34,20
2023-09-08,1012,108,81,54,50,27,4
2023-09-09,1012,106,101,82,45,5,37
2023-09-10,1012,142,81,54,46,61,8
2023-09-11,1012,109,66,83,42,43,41
2023-09-12,1012,105,87,66,47,18,19
2023-09-13,1012,106,84,73,47,22,26
2023-09-14,1012,120,92,56,36,28,20
2023-09-15,1012,138,83,91,37,55,54
2023-09-16,1012,101,74,59,44,27,15
2023-09-17,1012,110,73,95,43,37,52
2023-09-18,1012,102,68,83,41,34,42
2023-09-19,1012,147,89,89,34,58,55
2023-09-20,1012,147,91,66,43,56,23
2023-09-21,1012,108,72,68,35,36,33
2023-09-22,1012,129,97,53,37,32,16
2023-09-23,1012,106,74,58,47,32,11
2023-09-24,1012,106,87,61,32,19,29
2023-09-25,1012,126,67,95,39,59,56
2023-09-26,1012,128,85,72,41,43,31
2023-09-27,1012,147,82,91,55,65,36
2023-09-28,1012,143,78,95,44,65,51
2023-09-29,1012,129,64,92,33,65,59
2023-09-30,1012,102,80,99,34,22,65
2023-10-01,1012,148,84,65,29,64,36
2023-10-02,1012,111,85,97,39,26,58
2023-10-03,1012,133,85,78,43,48,35
2023-10-04,1012,143,75,75,33,68,42
2023-10-05,1012,122,75,59,48,47,11
2023-10-06,1012,134,73,75,27,61,48
2023-10-07,1012,106,78,71,38,28,33
2023-10-08,1012,145,68,56,51,77,5
2023-10-09,1012,118,62,52,41,56,11
2023-10-10,1012,114,78,53,44,36,9
2023-10-11,1012,103,86,87,37,17,50
2023-10-12,1012,104,80,62,50,24,12
2023-10-13,1012,111,82,50,42,29,8
2023-10-14,1012,121,83,86,42,38,44
2023-10-15,1012,132,78,64,40,54,24
2023-10-16,1012,121,74,92,41,47,51
2023-10-17,1012,117,72,75,45,45,30
2023-10-18,1012,123,70,95,44,53,51
2023-10-19,1012,120,82,87,33,38,54
2023-10-20,1012,144,86,95,35,58,60
2023-10-21,1012,103,83,90,26,20,64
2023-10-22,1012,107,73,87,36,34,51
2023-10-23,1012,140,82,64,41,58,23
2023-10-24,1012,122,73,67,40,49,27
2023-10-25,1012,135,95,77,40,40,37
2023-10-26,1012,126,80,85,42,46,43
2023-10-27,1012,150,80,86,37,70,49
2023-10-28,1012,126,71,81,48,55,33
2023-10-29,1012,139,87,58,37,52,21
2023-10-30,1012,130,85,58,38,45,20
2023-10-31,1012,150,70,65,37,80,28
2023-11-01,1012,130,79,67,40,51,27
2023-11-02,1012,103,64,82,36,39,46
2023-11-03,1012,135,79,65,44,56,21
2023-11-04,1012,124,81,67,47,43,20
2023-11-05,1012,121,68,52,44,53,8
2023-11-06,1012,109,89,62,31,20,31
2023-11-07,1012,130,73,91,44,57,47
2023-11-08,1012,124,93,60,29,31,31
2023-11-09,1012,121,63,95,44,58,51
2023-11-10,1012,115,77,60,28,38,32
2023-11-11,1012,112,79,100,47,33,53
2023-11-12,1012,120,86,96,30,34,66
2023-11-13,1012,102,86,58,39,16,19
2023-11-14,1012,114,91,58,40,23,18
2023-11-15,1012,135,74,73,38,61,35
2023-11-16,1012,124,83,96,31,41,65
2023-11-17,1012,127,71,79,48,56,31
2023-11-18,1012,108,70,78,35,38,43
2023-11-19,1012,137,75,54,39,62,15
2023-11-20,1012,131,69,92,37,62,55
2023-11-21,1012,125,81,80,53,44,27
2023-11-22,1012,130,60,55,40,70,15
2023-11-23,1012,136,89,79,41,47,38
2023-11-24,1012,146,97,66,47,49,19
2023-11-25,1012,141,73,63,44,68,19
2023-11-26,1012,122,82,77,46,40,31
2023-11-27,1012,134,94,53,40,40,13
2023-11-28,1012,104,93,99,40,11,59
2023-11-29,1012,111,87,90,35,24,55
2023-11-30,1012,128,84,99,50,44,49
2023-12-01,1012,142,73,77,37,69,40
2023-12-02,1012,130,77,74,48,53,26
2023-12-03,1012,114,80,82,45,34,37
2023-12-04,1012,101,90,75,52,11,23
2023-12-05,1012,141,75,51,41,66,10
2023-12-06,1012,108,89,81,37,19,44
2023-12-07,1012,145,99,90,41,46,49
2023-12-08,1012,106,83,98,42,23,56
2023-12-09,1012,100,93,67,34,7,33
2023-12-10,1012,150,83,59,33,67,26
2023-12-11,1012,110,75,89,47,35,42
2023-12-12,1012,116,80,85,40,36,45
2023-12-13,1012,115,69,90,43,46,47
2023-12-14,1012,113,98,52,32,15,20
2023-12-15,1012,121,64,97,35,57,62
2023-12-16,1012,113,76,77,37,37,40
2023-12-17,1012,131,89,89,42,42,47
2023-12-18,1012,136,91,76,41,45,35
2023-12-19,1012,121,82,89,39,39,50
2023-12-20,1012,103,92,81,41,11,40
2023-12-21,1012,140,78,71,33,62,38
2023-12-22,1012,100,82,99,41,18,58
2023-12-23,1012,145,87,83,43,58,40
2023-12-24,1012,150,83,89,43,67,46
2023-12-25,1012,124,81,89,35,43,54
2023-12-26,1012,137,74,96,36,63,60
2023-12-27,1012,146,84,94,51,62,43
2023-12-28,1012,109,75,67,38,34,29
2023-12-29,1012,103,77,73,39,26,34
2023-12-30,1012,130,74,68,42,56,26
2023-12-31,1012,146,80,67,30,66,37
2023-01-01,1013,117,87,73,43,30,30
2023-01-02,1013,130,85,74,31,45,43
2023-01-03,1013,106,78,64,26,28,38
2023-01-04,1013,125,103,80,33,22,47
2023-01-05,1013,137,81,89,35,56,54
2023-01-06,1013,108,77,72,42,31,30
2023-01-07,1013,104,80,88,38,24,50
2023-01-08,1013,101,99,98,46,2,52
2023-01-09,1013,132,83,70,34,49,36
2023-01-10,1013,117,74,71,40,43,31
2023-01-11,1013,129,84,86,29,45,57
2023-01-12,1013,108,75,100,32,33,68
2023-01-13,1013,113,73,65,40,40,25
2023-01-14,1013,112,76,94,42,36,52
2023-01-15,1013,133,81,60,41,52,19
2023-01-16,1013,110,87,68,41,23,27
2023-01-17,1013,109,81,60,46,28,14
2023-01-18,1013,125,104,70,51,21,19
2023-01-19,1013,138,93,90,57,45,33
2023-01-20,1013,122,85,98,35,37,63
2023-01-21,1013,128,79,54,36,49,18
2023-01-22,1013,105,77,57,47,28,10
2023-01-23,1013,144,79,59,37,65,22
2023-01-24,1013,143,83,90,44,60,46
2023-01-25,1013,121,85,62,42,36,20
2023-01-26,1013,124,70,78,33,54,45
2023-01-27,1013,118,74,61,46,44,15
2023-01-28,1013,134,76,56,32,58,24
2023-01-29,1013,111,74,78,43,37,35
2023-01-30,1013,113,83,58,43,30,15
2023-01-31,1013,126,81,78,37,45,41
2023-02-01,1013,142,82,64,37,60,27
2023-02-02,1013,101,88,52,41,13,11
2023-02-03,1013,107,78,89,46,29,43
2023-02-04,1013,111,76,81,42,35,39
2023-02-05,1013,106,73,76,55,33,21
2023-02-06,1013,101,88,67,38,13,29
2023-02-07,1013,146,83,82,37,63,45
2023-02-08,1013,131,98,78,40,33,38
2023-02-09,1013,112,81,51,40,31,11
2023-02-10,1013,128,98,88,45,30,43
2023-02-11,1013,104,78,95,47,26,48
2023-02-12,1013,150,90,69,37,60,32
2023-02-13,1013,106,64,51,53,42,-2
2023-02-14,1013,103,78,83,39,25,44
2023-02-15,1013,126,78,81,45,48,36
2023-02-16,1013,136,79,59,34,57,25
2023-02-17,1013,122,69,64,48,53,16
2023-02-18,1013,141,76,92,49,65,43
2023-02-19,1013,105,87,60,37,18,23
2023-02-20,1013,130,95,86,42,35,44
2023-02-21,1013,130,86,76,42,44,34
2023-02-22,1013,125,86,64,38,39,26
2023-02-23,1013,145,83,74,36,62,38
2023-02-24,1013,139,67,80,34,72,46
2023-02-25,1013,115,82,77,33,33,44
2023-02-26,1013,126,90,71,37,36,34
2023-02-27,1013,127,80,79,39,47,40
2023-02-28,1013,114,71,90,46,43,44
2023-03-01,1013,120,68,93,42,52,51
2023-03-02,1013,117,89,53,31,28,22
2023-03-03,1013,102,96,86,36,6,50
2023-03-04,1013,142,75,67,42,67,25
2023-03-05,1013,112,93,66,33,19,33
2023-03-06,1013,150,80,55,43,70,12
2023-03-07,1013,140,61,58,30,79,28
2023-03-08,1013,101,78,53,33,23,20
2023-03-09,1013,117,76,84,42,41,42
2023-03-10,1013,147,69,68,31,78,37
2023-03-11,1013,140,75,53,54,65,-1
2023-03-12,1013,138,74,64,35,64,29
2023-03-13,1013,137,66,91,44,71,47
2023-03-14,1013,104,84,70,32,20,38
2023-03-15,1013,133,86,64,42,47,22
2023-03-16,1013,119,79,100,46,40,54
2023-03-17,1013,148,75,67,50,73,17
2023-03-18,1013,119,83,69,33,36,36
2023-03-19,1013,147,74,51,36,73,15
2023-03-20,1013,125,68,96,46,57,50
2023-03-21,1013,133,85,55,41,48,14
2023-03-22,1013,117,81,60,39,36,21
2023-03-23,1013,117,76,87,41,41,46
2023-03-24,1013,109,90,56,34,19,22
2023-03-25,1013,140,76,76,38,64,38
2023-03-26,1013,100,82,57,43,18,14
2023-03-27,1013,126,83,86,35,43,51
2023-03-28,1013,135,75,89,47,60,42
2023-03-29,1013,107,64,90,39,43,51
2023-03-30,1013,125,72,92,28,53,64
2023-03-31,1013,117,89,86,37,28,49
2023-04-01,1013,141,76,100,36,65,64
2023-04-02,1013,118,88,50,41,30,9
2023-04-03,1013,113,67,66,44,46,22
2023-04-04,1013,121,67,57,35,54,22
2023-04-05,1013,132,76,81,29,56,52
2023-04-06,1013,116,77,58,41,39,17
2023-04-07,1013,127,64,82,48,63,34
2023-04-08,1013,114,74,78,50,40,28
2023-04-09,1013,105,66,72,37,39,35
2023-04-10,1013,112,73,83,34,39,49
2023-04-11,1013,125,51,92,45,74,47
2023-04-12,1013,121,89,93,64,32,29
2023-04-13,1013,124,88,50,53,36,-3
2023-04-14,1013,135,70,99,41,65,58
2023-04-15,1013,127,83,89,34,44,55
2023-04-16,1013,130,75,82,28,55,54
2023-04-17,1013,114,77,55,36,37,19
2023-04-18,1013,112,80,63,33,32,30
2023-04-19,1013,145,84,84,44,61,40
2023-04-20,1013,146,85,51,53,61,-2
2023-04-21,1013,128,79,51,51,49,0
2023-04-22,1013,134,93,58,45,41,13
2023-04-23,1013,145,81,69,46,64,23
2023-04-24,1013,145,85,65,46,60,19
2023-04-25,1013,142,90,63,54,52,9
2023-04-26,1013,103,75,93,47,28,46
2023-04-27,1013,125,99,96,39,26,57
2023-04-28,1013,142,75,77,40,67,37
2023-04-29,1013,138,75,73,45,63,28
2023-04-30,1013,120,79,50,43,41,7
2023-05-01,1013,150,71,65,44,79,21
2023-05-02,1013,120,63,52,46,57,6
2023-05-03,1013,148,78,94,40,70,54
2023-05-04,1013,110,74,86,31,36,55
2023-05-05,1013,134,84,89,36,50,53
2023-05-06,1013,118,68,53,46,50,7
2023-05-07,1013,133,93,98,41,40,57
2023-05-08,1013,136,83,99,43,53,56
2023-05-09,1013,146,75,76,37,71,39
2023-05-10,1013,117,65,70,33,52,37
2023-05-11,1013,120,83,51,33,37,18
2023-05-12,1013,130,80,86,41,50,45
2023-05-13,1013,126,85,100,49,41,51
2023-05-14,1013,101,62,95,37,39,58
2023-05-15,1013,149,82,85,45,67,40
2023-05-16,1013,116,103,68,39,13,29
2023-05-17,1013,101,76,90,46,25,44
2023-05-18,1013,142,78,62,51,64,11
2023-05-19,1013,136,80,85,42,56,43
2023-05-20,1013,149,72,53,45,77,8
2023-05-21,1013,136,71,62,35,65,27
2023-05-22,1013,121,56,68,37,65,31
2023-05-23,1013,125,90,63,39,35,24
2023-05-24,1013,140,65,91,39,75,52
2023-05-25,1013,109,69,94,43,40,51
2023-05-26,1013,129,82,59,47,47,12
2023-05-27,1013,134,82,79,37,52,42
2023-05-28,1013,149,98,92,42,51,50
2023-05-29,1013,107,84,90,42,23,48
2023-05-30,1013,108,82,79,47,26,32
2023-05-31,1013,125,77,58,36,48,22
2023-06-01,1013,133,84,69,27,49,42
2023-06-02,1013,102,77,75,29,25,46
2023-06-03,1013,143,93,100,45,50,55
2023-06-04,1013,145,81,55,46,64,9
2023-06-05,1013,136,81,99,53,55,46
2023-06-06,1013,114,91,70,43,23,27
2023-06-07,1013,144,83,79,34,61,45
2023-06-08,1013,138,92,83,34,46,49
2023-06-09,1013,134,64,69,37,70,32
2023-06-10,1013,108,80,91,27,28,64
2023-06-11,1013,138,66,82,43,72,39
2023-06-12,1013,114,98,63,39,16,24
2023-06-13,1013,129,75,63,31,54,32
2023-06-14,1013,108,87,67,52,21,15
2023-06-15,1013,121,82,73,39,39,34
2023-06-16,1013,147,71,76,44,76,32
2023-06-17,1013,127,82,100,36,45,64
2023-06-18,1013,135,79,71,42,56,29
2023-06-19,1013,139,80,72,35,59,37
2023-06-20,1013,108,76,58,50,32,8
2023-06-21,1013,109,71,92,43,38,49
2023-06-22,1013,111,99,79,55,12,24
2023-06-23,1013,107,81,76,36,26,40
2023-06-24,1013,120,89,80,47,31,33
2023-06-25,1013,116,73,80,40,43,40
2023-06-26,1013,133,79,61,46,54,15
2023-06-27,1013,146,80,76,25,66,51
2023-06-28,1013,139,50,78,34,89,44
2023-06-29,1013,141,77,88,40,64,48
2023-06-30,1013,106,76,89,37,30,52
2023-07-01,1013,124,78,94,52,46,42
2023-07-02,1013,149,79,86,49,70,37
2023-07-03,1013,146,76,53,44,70,9
2023-07-04,1013,116,81,61,37,35,24
2023-07-05,1013,141,66,81,49,75,32
2023-07-06,1013,134,86,87,43,48,44
2023-07-07,1013,128,85,78,41,43,37
2023-07-08,1013,105,83,95,41,22,54
2023-07-09,1013,120,80,81,41,40,40
2023-07-10,1013,105,86,96,34,19,62
2023-07-11,1013,138,63,89,37,75,52
2023-07-12,1013,144,79,63,42,65,21
2023-07-13,1013,122,87,70,39,35,31
2023-07-14,1013,131,76,87,48,55,39
2023-07-15,1013,104,77,94,42,27,52
2023-07-16,1013,115,76,67,44,39,23
2023-07-17,1013,133,69,70,40,64,30
2023-07-18,1013,149,68,77,40,81,37
2023-07-19,1013,112,89,83,47,23,36
2023-07-20,1013,135,86,61,39,49,22
2023-07-21,1013,106,87,88,49,19,39
2023-07-22,1013,107,66,68,41,41,27
2023-07-23,1013,150,73,55,44,77,11
2023-07-24,1013,112,74,72,36,38,36
2023-07-25,1013,137,78,54,58,59,-4
2023-07-26,1013,136,75,97,46,61,51
2023-07-27,1013,117,80,77,32,37,45
2023-07-28,1013,138,71,52,41,67,11
2023-07-29,1013,144,73,77,36,71,41
2023-07-30,1013,133,68,83,43,65,40
2023-07-31,1013,130,73,82,38,57,44
2023-08-01,1013,106,86,51,32,20,19
2023-08-02,1013,136,76,88,41,60,47
2023-08-03,1013,117,64,63,40,53,23
2023-08-04,1013,137,65,61,43,72,18
2023-08-05,1013,114,83,67,38,31,29
2023-08-06,1013,143,72,64,42,71,22
2023-08-07,1013,126,90,89,50,36,39
2023-08-08,1013,134,74,69,35,60,34
2023-08-09,1013,132,81,82,45,51,37
2023-08-10,1013,126,78,71,37,48,34
2023-08-11,1013,139,72,64,44,67,20
2023-08-12,1013,118,71,95,34,47,61
2023-08-13,1013,104,103,64,34,1,30
2023-08-14,1013,115,67,76,40,48,36
2023-08-15,1013,107,78,68,31,29,37
2023-08-16,1013,125,67,75,43,58,32
2023-08-17,1013,141,99,74,41,42,33
2023-08-18,1013,134,81,92,39,53,53
2023-08-19,1013,104,82,50,44,22,6
2023-08-20,1013,148,77,55,45,71,10
2023-08-21,1013,106,73,61,65,33,-4
2023-08-22,1013,117,88,85,31,29,54
2023-08-23,1013,107,79,87,36,28,51
2023-08-24,1013,107,89,73,34,18,39
2023-08-25,1013,140,70,63,35,70,28
2023-08-26,1013,124,75,66,58,49,8
2023-08-27,1013,125,73,93,34,52,59
2023-08-28,1013,144,85,58,37,59,21
2023-08-29,1013,142,88,82,35,54,47
2023-08-30,1013,129,83,72,39,46,33
2023-08-31,1013,106,81,77,36,25,41
2023-09-01,1013,120,85,64,37,35,27
2023-09-02,1013,135,85,99,52,50,47
2023-09-03,1013,129,87,90,34,42,56
2023-09-04,1013,132,74,90,38,58,52
2023-09-05,1013,117,88,57,35,29,22
2023-09-06,1013,101,75,94,48,26,46
2023-09-07,1013,127,80,58,47,47,11
2023-09-08,1013,142,96,56,41,46,15
2023-09-09,1013,122,86,76,40,36,36
2023-09-10,1013,144,75,63,43,69,20
2023-09-11,1013,120,88,88,47,32,41
2023-09-12,1013,133,75,70,38,58,32
2023-09-13,1013,127,62,78,46,65,32
2023-09-14,1013,103,79,54,35,24,19
2023-09-15,1013,106,85,62,36,21,26
2023-09-16,1013,108,86,63,42,22,21
2023-09-17,1013,127,97,71,35,30,36
2023-09-18,1013,135,67,74,36,68,38
2023-09-19,1013,129,73,77,35,56,42
2023-09-20,1013,110,95,53,41,15,12
2023-09-21,1013,133,73,95,42,60,53
2023-09-22,1013,129,77,100,37,52,63
2023-09-23,1013,129,72,52,49,57,3
2023-09-24,1013,125,86,54,36,39,18
2023-09-25,1013,103,92,74,31,11,43
2023-09-26,1013,124,90,83,43,34,40
2023-09-27,1013,134,80,68,45,54,23
2023-09-28,1013,110,87,77,34,23,43
2023-09-29,1013,137,80,53,47,57,6
2023-09-30,1013,143,87,95,44,56,51
2023-10-01,1013,101,89,70,34,12,36
2023-10-02,1013,150,87,62,48,63,14
2023-10-03,1013,147,71,62,45,76,17
2023-10-04,1013,144,67,83,38,77,45
2023-10-05,1013,130,78,77,39,52,38
2023-10-06,1013,137,70,50,43,67,7
2023-10-07,1013,113,82,76,43,31,33
2023-10-08,1013,106,76,71,44,30,27
2023-10-09,1013,114,72,76,48,42,28
2023-10-10,1013,117,82,63,46,35,17
2023-10-11,1013,106,81,57,55,25,2
2023-10-12,1013,146,101,93,36,45,57
2023-10-13,1013,140,76,66,43,64,23
2023-10-14,1013,135,75,94,36,60,58
2023-10-15,1013,115,85,90,46,30,44
2023-10-16,1013,139,64,82,36,75,46
2023-10-17,1013,119,72,84,36,47,48
2023-10-18,1013,104,55,78,33,49,45
2023-10-19,1013,134,82,68,40,52,28
2023-10-20,1013,141,66,63,35,75,28
2023-10-21,1013,100,90,63,35,10,28
2023-10-22,1013,125,82,77,42,43,35
2023-10-23,1013,123,85,70,30,38,40
2023-10-24,1013,106,77,63,31,29,32
2023-10-25,1013,108,76,55,34,32,21
2023-10-26,1013,132,90,63,44,42,19
2023-10-27,1013,104,83,71,59,21,12
2023-10-28,1013,116,88,51,43,28,8
2023-10-29,1013,117,82,94,32,35,62
2023-10-30,1013,104,74,64,41,30,23
2023-10-31,1013,113,77,76,43,36,33
2023-11-01,1013,128,100,97,42,28,55
2023-11-02,1013,145,79,59,52,66,7
2023-11-03,1013,149,82,56,35,67,21
2023-11-04,1013,111,70,70,39,41,31
2023-11-05,1013,110,73,75,40,37,35
2023-11-06,1013,136,113,87,41,23,46
2023-11-07,1013,108,92,75,32,16,43
2023-11-08,1013,124,56,63,39,68,24
2023-11-09,1013,150,77,51,48,73,3
2023-11-10,1013,129,67,72,37,62,35
2023-11-11,1013,138,83,60,41,55,19
2023-11-12,1013,149,81,57,41,68,16
2023-11-13,1013,118,86,76,40,32,36
2023-11-14,1013,145,107,92,56,38,36
2023-11-15,1013,147,81,97,36,66,61
2023-11-16,1013,118,74,96,46,44,50
2023-11-17,1013,105,86,93,44,19,49
2023-11-18,1013,150,92,87,46,58,41
2023-11-19,1013,114,87,94,37,27,57
2023-11-20,1013,109,74,59,41,35,18
2023-11-21,1013,104,81,100,48,23,52
2023-11-22,1013,141,68,95,41,73,54
2023-11-23,1013,137,79,56,33,58,23
2023-11-24,1013,107,93,70,43,14,27
2023-11-25,1013,146,78,92,21,68,71
2023-11-26,1013,144,75,78,33,69,45
2023-11-27,1013,105,92,71,50,13,21
2023-11-28,1013,102,86,84,37,16,47
2023-11-29,1013,147,79,50,27,68,23
2023-11-30,1013,139,92,71,44,47,27
2023-12-01,1013,128,74,93,42,54,51
2023-12-02,1013,149,83,96,46,66,50
2023-12-03,1013,134,70,97,39,64,58
2023-12-04,1013,145,69,57,34,76,23
2023-12-05,1013,105,63,76,34,42,42
2023-12-06,1013,121,79,69,50,42,19
2023-12-07,1013,127,83,83,53,44,30
2023-12-08,1013,131,77,59,47,54,12
2023-12-09,1013,117,97,83,34,20,49
2023-12-10,1013,138,84,80,49,54,31
2023-12-11,1013,143,91,97,45,52,52
2023-12-12,1013,129,71,66,39,58,27
2023-12-13,1013,122,86,85,45,36,40
2023-12-14,1013,147,76,82,36,71,46
2023-12-15,1013,137,86,59,45,51,14
2023-12-16,1013,149,99,75,47,50,28
2023-12-17,1013,112,85,67,41,27,26
2023-12-18,1013,126,70,82,33,56,49
2023-12-19,1013,126,63,93,32,63,61
2023-12-20,1013,145,76,70,32,69,38
2023-12-21,1013,119,73,90,42,46,48
2023-12-22,1013,141,95,89,30,46,59
2023-12-23,1013,138,80,56,40,58,16
2023-12-24,1013,135,71,92,44,64,48
2023-12-25,1013,128,92,56,37,36,19
2023-12-26,1013,138,88,75,41,50,34
2023-12-27,1013,132,81,90,46,51,44
2023-12-28,1013,144,69,50,24,75,26
2023-12-29,1013,126,85,63,45,41,18
2023-12-30,1013,117,78,98,41,39,57
2023-12-31,1013,120,88,74,41,32,33
2023-01-01,1014,135,90,91,34,45,57
2023-01-02,1014,119,93,89,41,26,48
2023-01-03,1014,125,59,78,28,66,50
2023-01-04,1014,110,88,52,55,22,-3
2023-01-05,1014,145,79,78,37,66,41
2023-01-06,1014,110,66,97,32,44,65
2023-01-07,1014,125,73,70,45,52,25
2023-01-08,1014,145,77,99,49,68,50
2023-01-09,1014,131,73,92,42,58,50
2023-01-10,1014,117,87,96,31,30,65
2023-01-11,1014,117,86,74,36,31,38
2023-01-12,1014,124,84,67,34,40,33
2023-01-13,1014,105,88,71,46,17,25
2023-01-14,1014,130,86,74,39,44,35
2023-01-15,1014,143,83,71,41,60,30
2023-01-16,1014,150,71,66,42,79,24
2023-01-17,1014,116,88,97,46,28,51
2023-01-18,1014,110,76,88,45,34,43
2023-01-19,1014,139,96,66,38,43,28
2023-01-20,1014,110,82,50,39,28,11
2023-01-21,1014,146,74,83,35,72,48
2023-01-22,1014,103,78,86,38,25,48
2023-01-23,1014,126,65,83,42,61,41
2023-01-24,1014,149,81,61,40,68,21
2023-01-25,1014,141,74,61,45,67,16
2023-01-26,1014,105,84,54,35,21,19
2023-01-27,1014,111,76,62,45,35,17
2023-01-28,1014,117,81,63,37,36,26
2023-01-29,1014,102,80,88,31,22,57
2023-01-30,1014,138,113,80,50,25,30
2023-01-31,1014,145,66,81,43,79,38
2023-02-01,1014,135,93,74,37,42,37
2023-02-02,1014,125,71,60,39,54,21
2023-02-03,1014,128,67,83,38,61,45
2023-02-04,1014,127,91,84,40,36,44
2023-02-05,1014,127,96,59,34,31,25
2023-02-06,1014,119,75,91,37,44,54
2023-02-07,1014,128,68,62,48,60,14
2023-02-08,1014,102,95,76,49,7,27
2023-02-09,1014,110,79,57,39,31,18
2023-02-10,1014,138,88,98,35,50,63
2023-02-11,1014,128,85,100,37,43,63
2023-02-12,1014,106,90,89,42,16,47
2023-02-13,1014,126,99,65,34,27,31
2023-02-14,1014,127,95,50,30,32,20
2023-02-15,1014,141,84,99,35,57,64
2023-02-16,1014,138,77,95,45,61,50
2023-02-17,1014,111,78,62,33,33,29
2023-02-18,1014,129,74,97,42,55,55
2023-02-19,1014,114,71,86,34,43,52
2023-02-20,1014,133,89,73,31,44,42
2023-02-21,1014,110,76,61,57,34,4
2023-02-22,1014,100,75,89,39,25,50
2023-02-23,1014,127,84,84,36,43,48
2023-02-24,1014,113,86,98,36,27,62
2023-02-25,1014,142,77,100,31,65,69
2023-02-26,1014,129,79,83,40,50,43
2023-02-27,1014,147,85,80,49,62,31
2023-02-28,1014,146,71,72,32,75,40
2023-03-01,1014,119,76,94,32,43,62
2023-03-02,1014,109,90,100,45,19,55
2023-03-03,1014,134,81,75,34,53,41
2023-03-04,1014,128,78,90,30,50,60
2023-03-05,1014,121,77,90,36,44,54
2023-03-06,1014,120,76,95,44,44,51
2023-03-07,1014,107,84,54,33,23,21
2023-03-08,1014,148,79,77,50,69,27
2023-03-09,1014,107,76,93,31,31,62
2023-03-10,1014,108,90,97,37,18,60
2023-03-11,1014,117,83,54,31,34,23
2023-03-12,1014,131,74,62,47,57,15
2023-03-13,1014,143,83,89,34,60,55
2023-03-14,1014,136,81,56,42,55,14
2023-03-15,1014,101,76,61,46,25,15
2023-03-16,1014,114,76,62,32,38,30
2023-03-17,1014,134,85,61,28,49,33
2023-03-18,1014,109,73,94,40,36,54
2023-03-19,1014,127,86,62,46,41,16
2023-03-20,1014,140,83,63,50,57,13
2023-03-21,1014,120,82,95,28,38,67
2023-03-22,1014,143,96,84,31,47,53
2023-03-23,1014,123,76,68,39,47,29
2023-03-24,1014,115,68,92,36,47,56
2023-03-25,1014,133,65,88,43,68,45
2023-03-26,1014,145,65,75,50,80,25
2023-03-27,1014,124,89,72,29,35,43
2023-03-28,1014,125,66,67,35,59,32
2023-03-29,1014,145,93,53,46,52,7
2023-03-30,1014,105,85,74,42,20,32
2023-03-31,1014,140,86,77,47,54,30
2023-04-01,1014,123,61,91,43,62,48
2023-04-02,1014,123,93,81,41,30,40
2023-04-03,1014,125,64,50,35,61,15
2023-04-04,1014,128,77,71,35,51,36
2023-04-05,1014,150,83,87,53,67,34
2023-04-06,1014,105,89,90,39,16,51
2023-04-07,1014,134,63,68,40,71,28
2023-04-08,1014,146,83,86,53,63,33
2023-04-09,1014,121,77,72,35,44,37
2023-04-10,1014,103,71,50,39,32,11
2023-04-11,1014,108,77,68,41,31,27
2023-04-12,1014,120,81,99,42,39,57
2023-04-13,1014,147,72,98,47,75,51
2023-04-14,1014,150,74,51,36,76,15
2023-04-15,1014,121,80,84,37,41,47
2023-04-16,1014,126,63,97,30,63,67
2023-04-17,1014,149,74,50,46,75,4
2023-04-18,1014,106,85,68,54,21,14
2023-04-19,1014,124,91,65,38,33,27
2023-04-20,1014,127,75,83,24,52,59
2023-04-21,1014,114,83,67,42,31,25
2023-04-22,1014,132,80,95,40,52,55
2023-04-23,1014,107,74,98,32,33,66
2023-04-24,1014,119,69,99,43,50,56
2023-04-25,1014,108,69,62,36,39,26
2023-04-26,1014,127,93,92,41,34,51
2023-04-27,1014,138,77,83,44,61,39
2023-04-28,1014,104,98,67,32,6,35
2023-04-29,1014,149,66,93,44,83,49
2023-04-30,1014,113,88,75,44,25,31
2023-05-01,1014,147,74,81,39,73,42
2023-05-02,1014,141,88,96,38,53,58
2023-05-03,1014,110,71,88,42,39,46
2023-05-04,1014,129,81,69,37,48,32
2023-05-05,1014,140,85,97,47,55,50
2023-05-06,1014,143,71,82,37,72,45
2023-05-07,1014,107,72,55,32,35,23
2023-05-08,1014,106,76,84,33,30,51
2023-05-09,1014,136,91,77,49,45,28
2023-05-10,1014,120,86,56,37,34,19
2023-05-11,1014,124,89,79,43,35,36
2023-05-12,1014,122,75,51,41,47,10
2023-05-13,1014,111,84,52,40,27,12
2023-05-14,1014,149,83,55,48,66,7
2023-05-15,1014,102,78,71,32,24,39
2023-05-16,1014,140,80,68,52,60,16
2023-05-17,1014,146,78,89,44,68,45
2023-05-18,1014,140,93,98,38,47,60
2023-05-19,1014,107,86,75,32,21,43
2023-05-20,1014,109,82,83,41,27,42
2023-05-21,1014,128,81,58,44,47,14
2023-05-22,1014,106,95,61,39,11,22
2023-05-23,1014,143,87,98,41,56,57
2023-05-24,1014,104,77,99,31,27,68
2023-05-25,1014,130,78,84,50,52,34
2023-05-26,1014,148,82,53,26,66,27
2023-05-27,1014,100,71,95,45,29,50
2023-05-28,1014,131,73,53,37,58,16
2023-05-29,1014,120,94,56,30,26,26
2023-05-30,1014,113,73,77,44,40,33
2023-05-31,1014,135,73,75,45,62,30
2023-06-01,1014,146,78,63,46,68,17
2023-06-02,1014,149,66,68,43,83,25
2023-06-03,1014,143,87,75,39,56,36
2023-06-04,1014,136,77,97,47,59,50
2023-06-05,1014,124,76,53,47,48,6
2023-06-06,1014,110,68,94,37,42,57
2023-06-07,1014,101,67,79,52,34,27
2023-06-08,1014,124,71,78,41,53,37
2023-06-09,1014,146,83,55,32,63,23
2023-06-10,1014,138,75,54,36,63,18
2023-06-11,1014,135,80,70,46,55,24
2023-06-12,1014,147,81,55,47,66,8
2023-06-13,1014,134,81,85,46,53,39
2023-06-14,1014,124,86,91,53,38,38
2023-06-15,1014,112,91,94,30,21,64
2023-06-16,1014,109,87,64,42,22,22
2023-06-17,1014,120,75,95,48,45,47
2023-06-18,1014,137,67,64,40,70,24
2023-06-19,1014,130,88,74,37,42,37
2023-06-20,1014,145,80,63,39,65,24
2023-06-21,1014,136,82,62,39,54,23
2023-06-22,1014,135,82,57,35,53,22
2023-06-23,1014,106,88,85,41,18,44
2023-06-24,1014,145,81,70,40,64,30
2023-06-25,1014,129,78,85,34,51,51
2023-06-26,1014,100,77,81,38,23,43
2023-06-27,1014,144,83,82,38,61,44
2023-06-28,1014,130,85,65,40,45,25
2023-06-29,1014,107,87,99,63,20,36
2023-06-30,1014,137,76,98,36,61,62
2023-07-01,1014,142,85,79,44,57,35
2023-07-02,1014,133,86,71,40,47,31
2023-07-03,1014,126,64,61,33,62,28
2023-07-04,1014,103,74,88,39,29,49
2023-07-05,1014,119,89,65,38,30,27
2023-07-06,1014,104,87,78,40,17,38
2023-07-07,1014,106,79,80,47,27,33
2023-07-08,1014,118,69,90,53,49,37
2023-07-09,1014,118,79,81,33,39,48
2023-07-10,1014,125,80,55,44,45,11
2023-07-11,1014,130,88,73,38,42,35
2023-07-12,1014,106,63,53,37,43,16
2023-07-13,1014,101,90,72,37,11,35
2023-07-14,1014,114,71,67,25,43,42
2023-07-15,1014,133,83,61,44,50,17
2023-07-16,1014,146,84,75,47,62,28
2023-07-17,1014,118,95,81,42,23,39
2023-07-18,1014,128,77,84,41,51,43
2023-07-19,1014,145,74,58,47,71,11
2023-07-20,1014,102,87,62,41,15,21
2023-07-21,1014,110,82,57,27,28,30
2023-07-22,1014,146,92,63,54,54,9
2023-07-23,1014,101,83,74,47,18,27
2023-07-24,1014,101,67,80,38,34,42
2023-07-25,1014,150,74,82,32,76,50
2023-07-26,1014,120,76,56,40,44,16
2023-07-27,1014,128,73,58,30,55,28
2023-07-28,1014,116,77,57,44,39,13
2023-07-29,1014,145,85,75,37,60,38
2023-07-30,1014,102,72,71,41,30,30
2023-07-31,1014,140,85,70,37,55,33
2023-08-01,1014,133,72,89,38,61,51
2023-08-02,1014,127,89,95,30,38,65
2023-08-03,1014,112,86,74,39,26,35
2023-08-04,1014,103,79,98,35,24,63
2023-08-05,1014,128,87,82,45,41,37
2023-08-06,1014,144,60,94,37,84,57
2023-08-07,1014,116,98,73,45,18,28
2023-08-08,1014,129,86,73,30,43,43
2023-08-09,1014,106,69,76,38,37,38
2023-08-10,1014,129,67,64,31,62,33
2023-08-11,1014,101,85,71,38,16,33
2023-08-12,1014,110,87,97,40,23,57
2023-08-13,1014,150,74,96,46,76,50
2023-08-14,1014,115,78,62,34,37,28
2023-08-15,1014,120,80,59,44,40,15
2023-08-16,1014,135,74,77,40,61,37
2023-08-17,1014,132,71,94,49,61,45
2023-08-18,1014,123,78,92,46,45,46
2023-08-19,1014,137,87,72,49,50,23
2023-08-20,1014,105,81,91,39,24,52
2023-08-21,1014,106,85,71,39,21,32
2023-08-22,1014,110,73,99,45,37,54
2023-08-23,1014,106,89,89,44,17,45
2023-08-24,1014,129,89,90,37,40,53
2023-08-25,1014,103,81,74,45,22,29
2023-08-26,1014,130,86,70,34,44,36
2023-08-27,1014,133,94,79,41,39,38
2023-08-28,1014,116,78,79,51,38,28
2023-08-29,1014,149,86,74,35,63,39
2023-08-30,1014,113,90,68,39,23,29
2023-08-31,1014,112,87,80,41,25,39
2023-09-01,1014,144,70,94,35,74,59
2023-09-02,1014,144,66,73,37,78,36
2023-09-03,1014,145,78,67,40,67,27
2023-09-04,1014,103,85,57,45,18,12
2023-09-05,1014,124,73,58,38,51,20
2023-09-06,1014,115,83,88,47,32,41
2023-09-07,1014,117,80,61,37,37,24
2023-09-08,1014,139,83,98,47,56,51
2023-09-09,1014,141,84,51,45,57,6
2023-09-10,1014,100,84,62,38,16,24
2023-09-11,1014,137,86,95,45,51,50
2023-09-12,1014,133,91,64,38,42,26
2023-09-13,1014,137,88,72,55,49,17
2023-09-14,1014,101,91,75,41,10,34
2023-09-15,1014,121,89,75,40,32,35
2023-09-16,1014,139,76,78,46,63,32
2023-09-17,1014,123,74,97,35,49,62
2023-09-18,1014,138,85,67,25,53,42
2023-09-19,1014,146,80,85,41,66,44
2023-09-20,1014,113,66,75,46,47,29
2023-09-21,1014,103,88,52,36,15,16
2023-09-22,1014,112,89,94,28,23,66
2023-09-23,1014,134,74,50,37,60,13
2023-09-24,1014,134,93,61,41,41,20
2023-09-25,1014,131,75,93,35,56,58
2023-09-26,1014,148,65,93,37,83,56
2023-09-27,1014,130,78,70,32,52,38
2023-09-28,1014,114,86,60,46,28,14
2023-09-29,1014,102,75,75,52,27,23
2023-09-30,1014,125,81,78,35,44,43
2023-10-01,1014,105,77,60,42,28,18
2023-10-02,1014,101,87,90,40,14,50
2023-10-03,1014,125,92,76,43,33,33
2023-10-04,1014,130,67,80,34,63,46
2023-10-05,1014,145,75,74,44,70,30
2023-10-06,1014,117,91,73,44,26,29
2023-10-07,1014,139,74,80,50,65,30
2023-10-08,1014,138,78,94,28,60,66
2023-10-09,1014,119,78,84,36,41,48
2023-10-10,1014,103,80,62,38,23,24
2023-10-11,1014,128,72,57,47,56,10
2023-10-12,1014,116,84,74,41,32,33
2023-10-13,1014,132,86,64,40,46,24
2023-10-14,1014,138,77,60,37,61,23
2023-10-15,1014,128,86,68,38,42,30
2023-10-16,1014,113,69,73,39,44,34
2023-10-17,1014,147,64,73,42,83,31
2023-10-18,1014,127,75,54,35,52,19
2023-10-19,1014,119,88,93,37,31,56
2023-10-20,1014,133,77,67,37,56,30
2023-10-21,1014,114,97,76,54,17,22
2023-10-22,1014,124,81,79,39,43,40
2023-10-23,1014,131,76,80,52,55,28
2023-10-24,1014,119,86,51,30,33,21
2023-10-25,1014,115,76,96,40,39,56
2023-10-26,1014,124,72,82,34,52,48
2023-10-27,1014,116,84,50,44,32,6
2023-10-28,1014,101,82,67,44,19,23
2023-10-29,1014,130,70,77,43,60,34
2023-10-30,1014,125,91,67,35,34,32
2023-10-31,1014,123,99,52,39,24,13
2023-11-01,1014,102,86,90,39,16,51
2023-11-02,1014,140,88,70,32,52,38
2023-11-03,1014,137,73,95,38,64,57
2023-11-04,1014,139,81,76,40,58,36
2023-11-05,1014,128,71,93,42,57,51
2023-11-06,1014,147,85,59,34,62,25
2023-11-07,1014,150,81,96,40,69,56
2023-11-08,1014,130,83,57,36,47,21
2023-11-09,1014,120,75,78,27,45,51
2023-11-10,1014,114,79,63,41,35,22
2023-11-11,1014,127,75,78,47,52,31
2023-11-12,1014,120,71,85,42,49,43
2023-11-13,1014,100,72,88,34,28,54
2023-11-14,1014,114,92,82,42,22,40
2023-11-15,1014,140,97,76,33,43,43
2023-11-16,1014,133,95,57,42,38,15
2023-11-17,1014,101,77,92,37,24,55
2023-11-18,1014,144,88,93,47,56,46
2023-11-19,1014,132,81,88,40,51,48
2023-11-20,1014,120,62,60,34,58,26
2023-11-21,1014,149,76,58,38,73,20
2023-11-22,1014,102,67,90,35,35,55
2023-11-23,1014,141,86,87,39,55,48
2023-11-24,1014,140,71,70,31,69,39
2023-11-25,1014,102,88,61,41,14,20
2023-11-26,1014,122,78,59,51,44,8
2023-11-27,1014,131,72,82,33,59,49
2023-11-28,1014,102,76,50,45,26,5
2023-11-29,1014,102,68,81,36,34,45
2023-11-30,1014,145,84,100,28,61,72
2023-12-01,1014,125,64,96,35,61,61
2023-12-02,1014,124,63,85,38,61,47
2023-12-03,1014,108,89,72,31,19,41
2023-12-04,1014,127,93,73,42,34,31
2023-12-05,1014,113,75,74,47,38,27
2023-12-06,1014,114,80,53,40,34,13
2023-12-07,1014,141,88,61,30,53,31
2023-12-08,1014,105,71,92,42,34,50
2023-12-09,1014,124,81,76,46,43,30
2023-12-10,1014,109,80,82,39,29,43
2023-12-11,1014,142,80,97,31,62,66
2023-12-12,1014,115,58,62,30,57,32
2023-12-13,1014,133,68,79,44,65,35
2023-12-14,1014,147,84,94,32,63,62
2023-12-15,1014,110,78,96,39,32,57
2023-12-16,1014,142,78,71,26,64,45
2023-12-17,1014,150,101,62,36,49,26
2023-12-18,1014,105,74,90,39,31,51
2023-12-19,1014,142,77,74,38,65,36
2023-12-20,1014,110,85,75,37,25,38
2023-12-21,1014,122,67,76,45,55,31
2023-12-22,1014,122,71,54,33,51,21
2023-12-23,1014,106,81,72,39,25,33
2023-12-24,1014,131,87,85,32,44,53
2023-12-25,1014,115,75,55,33,40,22
2023-12-26,1014,113,69,70,45,44,25
2023-12-27,1014,130,82,56,39,48,17
2023-12-28,1014,138,89,90,53,49,37
2023-12-29,1014,148,76,80,50,72,30
2023-12-30,1014,135,78,52,38,57,14
2023-12-31,1014,109,86,76,38,23,38
2023-01-01,1015,129,82,88,35,47,53
2023-01-02,1015,139,82,85,40,57,45
2023-01-03,1015,138,93,79,36,45,43
2023-01-04,1015,140,66,87,50,74,37
2023-01-05,1015,121,85,78,45,36,33
2023-01-06,1015,143,111,74,42,32,32
2023-01-07,1015,127,84,73,34,43,39
2023-01-08,1015,126,91,65,42,35,23
2023-01-09,1015,109,85,75,35,24,40
2023-01-10,1015,130,83,93,48,47,45
2023-01-11,1015,113,82,62,23,31,39
2023-01-12,1015,132,94,73,37,38,36
2023-01-13,1015,137,84,93,43,53,50
2023-01-14,1015,124,82,72,41,42,31
2023-01-15,1015,150,72,78,34,78,44
2023-01-16,1015,102,72,100,43,30,57
2023-01-17,1015,131,77,50,45,54,5
2023-01-18,1015,138,77,53,41,61,12
2023-01-19,1015,102,88,84,36,14,48
2023-01-20,1015,127,76,62,30,51,32
2023-01-21,1015,104,67,76,39,37,37
2023-01-22,1015,144,76,81,42,68,39
2023-01-23,1015,145,81,64,46,64,18
2023-01-24,1015,136,80,74,34,56,40
2023-01-25,1015,113,95,59,46,18,13
2023-01-26,1015,138,77,72,52,61,20
2023-01-27,1015,104,90,72,51,14,21
2023-01-28,1015,137,83,67,35,54,32
2023-01-29,1015,131,84,76,36,47,40
2023-01-30,1015,100,67,83,47,33,36
2023-01-31,1015,112,74,50,41,38,9
2023-02-01,1015,125,84,98,41,41,57
2023-02-02,1015,117,64,54,25,53,29
2023-02-03,1015,100,85,83,43,15,40
2023-02-04,1015,109,82,69,36,27,33
2023-02-05,1015,103,74,86,39,29,47
2023-02-06,1015,103,80,80,35,23,45
2023-02-07,1015,110,90,88,46,20,42
2023-02-08,1015,102,69,87,45,33,42
2023-02-09,1015,134,91,93,41,43,52
2023-02-10,1015,133,78,59,45,55,14
2023-02-11,1015,133,79,70,43,54,27
2023-02-12,1015,120,59,88,53,61,35
2023-02-13,1015,141,80,69,44,61,25
2023-02-14,1015,114,88,84,34,26,50
2023-02-15,1015,135,86,81,38,49,43
2023-02-16,1015,130,77,86,35,53,51
2023-02-17,1015,147,94,70,46,53,24
2023-02-18,1015,134,91,93,37,43,56
2023-02-19,1015,135,94,54,24,41,30
2023-02-20,1015,136,81,62,36,55,26
2023-02-21,1015,126,93,58,44,33,14
2023-02-22,1015,103,87,80,41,16,39
2023-02-23,1015,117,70,83,47,47,36
2023-02-24,1015,141,81,86,39,60,47
2023-02-25,1015,111,89,69,39,22,30
2023-02-26,1015,114,72,79,47,42,32
2023-02-27,1015,129,85,51,43,44,8
2023-02-28,1015,101,100,70,37,1,33
2023-03-01,1015,104,77,84,41,27,43
2023-03-02,1015,135,87,98,35,48,63
2023-03-03,1015,105,90,61,29,15,32
2023-03-04,1015,144,89,65,40,55,25
2023-03-05,1015,150,78,62,54,72,8
2023-03-06,1015,149,84,89,41,65,48
2023-03-07,1015,142,85,62,41,57,21
2023-03-08,1015,127,67,61,38,60,23
2023-03-09,1015,132,91,55,37,41,18
2023-03-10,1015,110,73,81,47,37,34
2023-03-11,1015,100,91,96,42,9,54
2023-03-12,1015,103,85,79,32,18,47
2023-03-13,1015,113,75,78,28,38,50
2023-03-14,1015,119,85,96,46,34,50
2023-03-15,1015,110,82,69,35,28,34
2023-03-16,1015,112,71,94,53,41,41
2023-03-17,1015,110,78,53,44,32,9
2023-03-18,1015,140,75,91,40,65,51
2023-03-19,1015,119,88,64,36,31,28
2023-03-20,1015,122,73,57,33,49,24
2023-03-21,1015,122,83,52,42,39,10
2023-03-22,1015,128,62,94,40,66,54
2023-03-23,1015,107,99,67,46,8,21
2023-03-24,1015,102,83,61,43,19,18
2023-03-25,1015,102,98,71,35,4,36
2023-03-26,1015,106,73,52,40,33,12
2023-03-27,1015,138,69,99,45,69,54
2023-03-28,1015,110,74,64,27,36,37
2023-03-29,1015,117,85,97,37,32,60
2023-03-30,1015,115,108,58,38,7,20
2023-03-31,1015,110,64,62,30,46,32
2023-04-01,1015,147,89,82,50,58,32
2023-04-02,1015,144,88,90,37,56,53
2023-04-03,1015,103,81,62,47,22,15
2023-04-04,1015,109,71,75,32,38,43
2023-04-05,1015,115,94,98,46,21,52
2023-04-06,1015,135,73,87,31,62,56
2023-04-07,1015,137,83,56,46,54,10
2023-04-08,1015,117,74,89,33,43,56
2023-04-09,1015,146,83,86,42,63,44
2023-04-10,1015,102,79,100,49,23,51
2023-04-11,1015,121,69,53,36,52,17
2023-04-12,1015,105,54,72,47,51,25
2023-04-13,1015,102,67,64,40,35,24
2023-04-14,1015,100,94,73,39,6,34
2023-04-15,1015,125,85,97,37,40,60
2023-04-16,1015,108,83,92,46,25,46
2023-04-17,1015,110,89,63,37,21,26
2023-04-18,1015,106,101,83,33,5,50
2023-04-19,1015,133,96,84,45,37,39
2023-04-20,1015,106,72,68,51,34,17
2023-04-21,1015,103,77,68,25,26,43
2023-04-22,1015,118,86,80,33,32,47
2023-04-23,1015,128,83,79,39,45,40
2023-04-24,1015,128,77,83,49,51,34
2023-04-25,1015,109,82,58,29,27,29
2023-04-26,1015,113,79,86,41,34,45
2023-04-27,1015,125,88,83,46,37,37
2023-04-28,1015,136,91,89,39,45,50
2023-04-29,1015,112,93,66,35,19,31
2023-04-30,1015,114,66,93,37,48,56
2023-05-01,1015,132,81,52,37,51,15
2023-05-02,1015,103,85,94,41,18,53
2023-05-03,1015,136,86,76,45,50,31
2023-05-04,1015,121,88,56,32,33,24
2023-05-05,1015,125,92,76,35,33,41
2023-05-06,1015,123,82,82,42,41,40
2023-05-07,1015,125,72,54,47,53,7
2023-05-08,1015,104,80,82,35,24,47
2023-05-09,1015,113,79,63,40,34,23
2023-05-10,1015,102,71,72,46,31,26
2023-05-11,1015,142,84,74,34,58,40
2023-05-12,1015,123,91,100,41,32,59
2023-05-13,1015,119,74,96,48,45,48
2023-05-14,1015,120,68,54,38,52,16
2023-05-15,1015,130,61,50,42,69,8
2023-05-16,1015,112,85,76,33,27,43
2023-05-17,1015,114,70,81,48,44,33
2023-05-18,1015,106,75,64,32,31,32
2023-05-19,1015,150,87,92,46,63,46
2023-05-20,1015,142,88,88,36,54,52
2023-05-21,1015,112,74,86,49,38,37
2023-05-22,1015,112,95,70,46,17,24
2023-05-23,1015,113,74,70,41,39,29
2023-05-24,1015,135,85,96,43,50,53
2023-05-25,1015,109,78,66,48,31,18
2023-05-26,1015,100,86,53,36,14,17
2023-05-27,1015,100,87,55,40,13,15
2023-05-28,1015,109,93,84,34,16,50
2023-05-29,1015,123,70,67,45,53,22
2023-05-30,1015,103,85,51,54,18,-3
2023-05-31,1015,114,83,99,46,31,53
2023-06-01,1015,143,84,97,51,59,46
2023-06-02,1015,117,86,83,39,31,44
2023-06-03,1015,118,83,100,39,35,61
2023-06-04,1015,112,90,85,35,22,50
2023-06-05,1015,130,94,83,39,36,44
2023-06-06,1015,120,67,87,48,53,39
2023-06-07,1015,136,78,94,39,58,55
2023-06-08,1015,123,80,54,41,43,13
2023-06-09,1015,137,72,61,49,65,12
2023-06-10,1015,126,88,79,33,38,46
2023-06-11,1015,128,88,67,41,40,26
2023-06-12,1015,147,75,62,38,72,24
2023-06-13,1015,138,73,58,36,65,22
2023-06-14,1015,115,76,87,37,39,50
2023-06-15,1015,124,87,64,45,37,19
2023-06-16,1015,128,84,59,40,44,19
2023-06-17,1015,139,80,85,27,59,58
2023-06-18,1015,108,70,56,34,38,22
2023-06-19,1015,139,72,55,41,67,14
2023-06-20,1015,104,74,86,40,30,46
2023-06-21,1015,119,61,81,39,58,42
2023-06-22,1015,120,73,59,46,47,13
2023-06-23,1015,140,84,75,42,56,33
2023-06-24,1015,116,87,66,41,29,25
2023-06-25,1015,143,68,93,54,75,39
2023-06-26,1015,147,83,72,41,64,31
2023-06-27,1015,132,102,53,42,30,11
2023-06-28,1015,139,99,73,24,40,49
2023-06-29,1015,101,70,55,35,31,20
2023-06-30,1015,108,80,80,36,28,44
2023-07-01,1015,106,94,80,38,12,42
2023-07-02,1015,104,84,98,34,20,64
2023-07-03,1015,143,74,63,30,69,33
2023-07-04,1015,101,90,93,44,11,49
2023-07-05,1015,119,91,85,38,28,47
2023-07-06,1015,106,72,98,53,34,45
2023-07-07,1015,109,80,86,30,29,56
2023-07-08,1015,129,85,97,36,44,61
2023-07-09,1015,117,72,93,43,45,50
2023-07-10,1015,124,76,57,35,48,22
2023-07-11,1015,104,86,94,39,18,55
2023-07-12,1015,114,81,91,36,33,55
2023-07-13,1015,108,67,90,46,41,44
2023-07-14,1015,136,77,73,31,59,42
2023-07-15,1015,114,75,81,43,39,38
2023-07-16,1015,102,86,55,42,16,13
2023-07-17,1015,100,75,59,42,25,17
2023-07-18,1015,123,83,78,45,40,33
2023-07-19,1015,146,85,75,40,61,35
2023-07-20,1015,124,101,50,34,23,16
2023-07-21,1015,149,83,60,39,66,21
2023-07-22,1015,126,78,75,41,48,34
2023-07-23,1015,106,67,54,33,39,21
2023-07-24,1015,106,92,75,46,14,29
2023-07-25,1015,122,72,94,42,50,52
2023-07-26,1015,145,89,93,30,56,63
2023-07-27,1015,103,77,53,35,26,18
2023-07-28,1015,117,93,52,39,24,13
2023-07-29,1015,141,76,54,46,65,8
2023-07-30,1015,104,73,84,46,31,38
2023-07-31,1015,146,71,58,41,75,17
2023-08-01,1015,110,90,94,44,20,50
2023-08-02,1015,146,83,65,42,63,23
2023-08-03,1015,138,86,53,37,52,16
2023-08-04,1015,115,100,56,43,15,13
2023-08-05,1015,131,90,62,51,41,11
2023-08-06,1015,141,92,66,36,49,30
2023-08-07,1015,122,74,86,37,48,49
2023-08-08,1015,130,88,57,39,42,18
2023-08-09,1015,119,87,95,48,32,47
2023-08-10,1015,112,83,54,31,29,23
2023-08-11,1015,119,75,89,42,44,47
2023-08-12,1015,101,72,58,44,29,14
2023-08-13,1015,136,67,51,50,69,1
2023-08-14,1015,136,91,72,42,45,30
2023-08-15,1015,110,77,74,42,33,32
2023-08-16,1015,126,78,74,39,48,35
2023-08-17,1015,142,75,59,35,67,24
2023-08-18,1015,115,79,83,51,36,32
2023-08-19,1015,135,95,87,44,40,43
2023-08-20,1015,105,67,83,45,38,38
2023-08-21,1015,116,94,91,42,22,49
2023-08-22,1015,132,51,91,48,81,43
2023-08-23,1015,121,80,86,28,41,58
2023-08-24,1015,149,73,54,47,76,7
2023-08-25,1015,149,64,97,34,85,63
2023-08-26,1015,146,70,88,44,76,44
2023-08-27,1015,101,81,70,39,20,31
2023-08-28,1015,113,81,94,32,32,62
2023-08-29,1015,120,86,65,34,34,31
2023-08-30,1015,129,82,57,37,47,20
2023-08-31,1015,122,75,81,38,47,43
2023-09-01,1015,134,70,62,46,64,16
2023-09-02,1015,121,73,68,43,48,25
2023-09-03,1015,147,66,63,34,81,29
2023-09-04,1015,121,70,61,35,51,26
2023-09-05,1015,118,81,91,53,37,38
2023-09-06,1015,126,75,79,40,51,39
2023-09-07,1015,134,73,60,38,61,22
2023-09-08,1015,106,93,90,38,13,52
2023-09-09,1015,113,92,72,41,21,31
2023-09-10,1015,111,74,85,31,37,54
2023-09-11,1015,109,93,64,37,16,27
2023-09-12,1015,147,74,59,32,73,27
2023-09-13,1015,108,76,73,37,32,36
2023-09-14,1015,142,80,95,48,62,47
2023-09-15,1015,113,94,50,31,19,19
2023-09-16,1015,130,83,76,39,47,37
2023-09-17,1015,129,93,90,41,36,49
2023-09-18,1015,119,78,96,45,41,51
2023-09-19,1015,144,84,80,43,60,37
2023-09-20,1015,110,95,80,42,15,38
2023-09-21,1015,137,68,51,44,69,7
2023-09-22,1015,109,87,68,39,22,29
2023-09-23,1015,143,82,83,30,61,53
2023-09-24,1015,146,86,60,37,60,23
2023-09-25,1015,141,65,75,41,76,34
2023-09-26,1015,114,90,83,45,24,38
2023-09-27,1015,102,66,56,41,36,15
2023-09-28,1015,113,73,72,36,40,36
2023-09-29,1015,119,79,65,37,40,28
2023-09-30,1015,134,88,52,56,46,-4
2023-10-01,1015,131,87,59,37,44,22
2023-10-02,1015,116,81,76,44,35,32
2023-10-03,1015,130,78,77,41,52,36
2023-10-04,1015,126,77,77,35,49,42
2023-10-05,1015,127,79,86,46,48,40
2023-10-06,1015,135,82,91,39,53,52
2023-10-07,1015,116,72,86,47,44,39
2023-10-08,1015,126,73,63,38,53,25
2023-10-09,1015,110,99,69,32,11,37
2023-10-10,1015,125,85,80,47,40,33
2023-10-11,1015,118,92,56,35,26,21
2023-10-12,1015,108,72,75,41,36,34
2023-10-13,1015,136,102,97,31,34,66
2023-10-14,1015,124,78,90,40,46,50
2023-10-15,1015,136,94,97,43,42,54
2023-10-16,1015,127,78,84,52,49,32
2023-10-17,1015,118,73,98,37,45,61
2023-10-18,1015,105,92,96,47,13,49
2023-10-19,1015,133,79,61,45,54,16
2023-10-20,1015,104,71,76,29,33,47
2023-10-21,1015,147,86,57,43,61,14
2023-10-22,1015,130,81,65,38,49,27
2023-10-23,1015,139,86,91,31,53,60
2023-10-24,1015,108,86,74,37,22,37
2023-10-25,1015,112,78,99,34,34,65
2023-10-26,1015,128,64,78,34,64,44
2023-10-27,1015,141,80,82,41,61,41
2023-10-28,1015,119,62,52,32,57,20
2023-10-29,1015,114,63,84,41,51,43
2023-10-30,1015,134,82,72,42,52,30
2023-10-31,1015,139,87,76,38,52,38
2023-11-01,1015,131,96,72,42,35,30
2023-11-02,1015,150,86,68,42,64,26
2023-11-03,1015,147,73,58,39,74,19
2023-11-04,1015,109,67,76,35,42,41
2023-11-05,1015,101,89,88,44,12,44
2023-11-06,1015,122,82,51,35,40,16
2023-11-07,1015,144,88,93,46,56,47
2023-11-08,1015,118,84,84,41,34,43
2023-11-09,1015,133,67,58,28,66,30
2023-11-10,1015,105,87,91,38,18,53
2023-11-11,1015,109,77,89,35,32,54
2023-11-12,1015,139,82,53,40,57,13
2023-11-13,1015,114,89,85,44,25,41
2023-11-14,1015,141,72,59,26,69,33
2023-11-15,1015,147,70,96,33,77,63
2023-11-16,1015,127,96,85,59,31,26
2023-11-17,1015,112,65,98,30,47,68
2023-11-18,1015,118,79,73,44,39,29
2023-11-19,1015,142,84,85,42,58,43
2023-11-20,1015,125,96,88,50,29,38
2023-11-21,1015,132,77,99,42,55,57
2023-11-22,1015,142,102,90,57,40,33
2023-11-23,1015,149,76,70,49,73,21
2023-11-24,1015,122,81,65,50,41,15
2023-11-25,1015,146,70,62,41,76,21
2023-11-26,1015,113,69,54,49,44,5
2023-11-27,1015,117,73,99,48,44,51
2023-11-28,1015,138,99,83,38,39,45
2023-11-29,1015,114,74,77,55,40,22
2023-11-30,1015,123,77,91,41,46,50
2023-12-01,1015,135,87,91,52,48,39
2023-12-02,1015,126,82,66,24,44,42
2023-12-03,1015,140,78,71,36,62,35
2023-12-04,1015,125,93,65,40,32,25
2023-12-05,1015,123,78,64,40,45,24
2023-12-06,1015,126,75,52,32,51,20
2023-12-07,1015,107,78,95,42,29,53
2023-12-08,1015,127,70,96,38,57,58
2023-12-09,1015,132,81,62,33,51,29
2023-12-10,1015,122,92,61,40,30,21
2023-12-11,1015,109,78,94,44,31,50
2023-12-12,1015,103,78,64,43,25,21
2023-12-13,1015,145,81,89,37,64,52
2023-12-14,1015,131,87,81,58,44,23
2023-12-15,1015,150,100,85,38,50,47
2023-12-16,1015,100,66,59,42,34,17
2023-12-17,1015,102,70,73,37,32,36
2023-12-18,1015,131,72,63,46,59,17
2023-12-19,1015,103,74,78,38,29,40
2023-12-20,1015,137,85,90,40,52,50
2023-12-21,1015,146,79,82,46,67,36
2023-12-22,1015,145,83,66,30,62,36
2023-12-23,1015,118,68,78,35,50,43
2023-12-24,1015,129,69,97,46,60,51
2023-12-25,1015,107,90,72,37,17,35
2023-12-26,1015,110,65,58,48,45,10
2023-12-27,1015,104,83,62,50,21,12
2023-12-28,1015,145,67,50,49,78,1
2023-12-29,1015,102,79,70,28,23,42
2023-12-30,1015,119,85,91,44,34,47
2023-12-31,1015,118,80,56,33,38,23
2023-01-01,1016,147,80,86,49,67,37
2023-01-02,1016,150,80,98,40,70,58
2023-01-03,1016,129,92,52,39,37,13
2023-01-04,1016,136,79,95,40,57,55
2023-01-05,1016,107,86,91,51,21,40
2023-01-06,1016,146,90,78,38,56,40
2023-01-07,1016,144,99,58,42,45,16
2023-01-08,1016,149,62,88,33,87,55
2023-01-09,1016,124,77,97,41,47,56
2023-01-10,1016,128,76,71,47,52,24
2023-01-11,1016,103,85,82,44,18,38
2023-01-12,1016,131,63,89,52,68,37
2023-01-13,1016,123,88,59,40,35,19
2023-01-14,1016,103,103,69,40,0,29
2023-01-15,1016,112,80,77,36,32,41
2023-01-16,1016,132,80,53,42,52,11
2023-01-17,1016,139,66,74,40,73,34
2023-01-18,1016,144,87,81,41,57,40
2023-01-19,1016,121,82,71,45,39,26
2023-01-20,1016,121,69,79,34,52,45
2023-01-21,1016,150,88,69,47,62,22
2023-01-22,1016,117,55,50,30,62,20
2023-01-23,1016,124,108,84,42,16,42
2023-01-24,1016,118,89,57,48,29,9
2023-01-25,1016,122,83,61,38,39,23
2023-01-26,1016,113,65,76,45,48,31
2023-01-27,1016,127,82,92,37,45,55
2023-01-28,1016,108,83,68,38,25,30
2023-01-29,1016,123,75,64,37,48,27
2023-01-30,1016,122,90,63,36,32,27
2023-01-31,1016,133,80,98,32,53,66
2023-02-01,1016,132,79,60,27,53,33
2023-02-02,1016,120,74,99,38,46,61
2023-02-03,1016,149,91,100,39,58,61
2023-02-04,1016,101,78,80,32,23,48
2023-02-05,1016,104,69,50,37,35,13
2023-02-06,1016,141,83,54,37,58,17
2023-02-07,1016,115,77,99,47,38,52
2023-02-08,1016,106,81,94,50,25,44
2023-02-09,1016,148,72,96,48,76,48
2023-02-10,1016,134,93,63,39,41,24
2023-02-11,1016,112,72,50,36,40,14
2023-02-12,1016,145,65,54,37,80,17
2023-02-13,1016,120,69,77,41,51,36
2023-02-14,1016,135,88,67,38,47,29
2023-02-15,1016,127,79,91,25,48,66
2023-02-16,1016,108,82,98,42,26,56
2023-02-17,1016,147,87,73,40,60,33
2023-02-18,1016,119,95,66,41,24,25
2023-02-19,1016,109,78,99,34,31,65
2023-02-20,1016,127,90,89,35,37,54
2023-02-21,1016,107,78,53,43,29,10
2023-02-22,1016,119,87,83,49,32,34
2023-02-23,1016,121,76,76,50,45,26
2023-02-24,1016,117,75,74,41,42,33
2023-02-25,1016,142,67,70,40,75,30
2023-02-26,1016,145,68,77,28,77,49
2023-02-27,1016,130,72,70,32,58,38
2023-02-28,1016,133,72,67,43,61,24
2023-03-01,1016,101,65,54,41,36,13
2023-03-02,1016,105,93,81,44,12,37
2023-03-03,1016,141,88,84,39,53,45
2023-03-04,1016,104,78,60,36,26,24
2023-03-05,1016,128,67,64,40,61,24
2023-03-06,1016,104,73,54,36,31,18
2023-03-07,1016,109,91,66,47,18,19
2023-03-08,1016,120,86,99,42,34,57
2023-03-09,1016,130,83,71,48,47,23
2023-03-10,1016,120,80,68,43,40,25
2023-03-11,1016,109,77,64,45,32,19
2023-03-12,1016,119,78,68,52,41,16
2023-03-13,1016,133,93,84,43,40,41
2023-03-14,1016,138,79,62,41,59,21
2023-03-15,1016,102,80,78,35,22,43
2023-03-16,1016,116,73,83,40,43,43
2023-03-17,1016,141,77,100,39,64,61
2023-03-18,1016,115,83,70,38,32,32
2023-03-19,1016,108,70,58,29,38,29
2023-03-20,1016,120,75,71,41,45,30
2023-03-21,1016,147,69,74,38,78,36
2023-03-22,1016,138,74,90,46,64,44
2023-03-23,1016,118,97,84,31,21,53
2023-03-24,1016,140,79,52,42,61,10
2023-03-25,1016,105,72,86,41,33,45
2023-03-26,1016,127,64,66,43,63,23
2023-03-27,1016,125,79,90,40,46,50
2023-03-28,1016,124,99,72,34,25,38
2023-03-29,1016,109,84,54,45,25,9
2023-03-30,1016,114,74,76,40,40,36
2023-03-31,1016,138,91,78,41,47,37
2023-04-01,1016,100,71,77,39,29,38
2023-04-02,1016,147,98,92,39,49,53
2023-04-03,1016,141,82,56,43,59,13
2023-04-04,1016,120,80,65,41,40,24
2023-04-05,1016,119,63,66,54,56,12
2023-04-06,1016,136,72,55,46,64,9
2023-04-07,1016,100,80,69,34,20,35
2023-04-08,1016,140,84,84,44,56,40
2023-04-09,1016,115,68,52,43,47,9
2023-04-10,1016,113,78,86,53,35,33
2023-04-11,1016,103,90,93,36,13,57
2023-04-12,1016,109,80,86,36,29,50
2023-04-13,1016,105,68,69,51,37,18
2023-04-14,1016,149,108,95,36,41,59
2023-04-15,1016,126,81,99,38,45,61
2023-04-16,1016,137,76,75,33,61,42
2023-04-17,1016,105,69,82,35,36,47
2023-04-18,1016,134,88,86,37,46,49
2023-04-19,1016,118,88,83,33,30,50
2023-04-20,1016,112,81,76,51,31,25
2023-04-21,1016,117,90,60,46,27,14
2023-04-22,1016,145,90,53,39,55,14
2023-04-23,1016,111,86,74,47,25,27
2023-04-24,1016,109,80,62,35,29,27
2023-04-25,1016,113,78,83,28,35,55
2023-04-26,1016,127,79,50,42,48,8
2023-04-27,1016,111,82,68,34,29,34
2023-04-28,1016,134,92,68,36,42,32
2023-04-29,1016,103,90,68,40,13,28
2023-04-30,1016,124,70,56,37,54,19
2023-05-01,1016,145,81,83,54,64,29
2023-05-02,1016,127,72,52,44,55,8
2023-05-03,1016,149,76,99,35,73,64
2023-05-04,1016,105,92,92,48,13,44
2023-05-05,1016,143,91,72,34,52,38
2023-05-06,1016,149,72,53,39,77,14
2023-05-07,1016,143,73,80,29,70,51
2023-05-08,1016,146,90,50,36,56,14
2023-05-09,1016,108,98,77,35,10,42
2023-05-10,1016,105,83,76,37,22,39
2023-05-11,1016,125,69,97,36,56,61
2023-05-12,1016,122,76,79,41,46,38
2023-05-13,1016,121,69,93,42,52,51
2023-05-14,1016,149,86,80,38,63,42
2023-05-15,1016,145,71,88,37,74,51
2023-05-16,1016,123,92,78,40,31,38
2023-05-17,1016,102,72,75,36,30,39
2023-05-18,1016,115,79,57,30,36,27
2023-05-19,1016,103,80,83,44,23,39
2023-05-20,1016,114,80,74,43,34,31
2023-05-21,1016,137,76,60,50,61,10
2023-05-22,1016,123,91,87,41,32,46
2023-05-23,1016,118,78,92,52,40,40
2023-05-24,1016,146,70,85,39,76,46
2023-05-25,1016,140,82,61,37,58,24
2023-05-26,1016,146,92,56,32,54,24
2023-05-27,1016,101,72,58,36,29,22
2023-05-28,1016,116,92,74,42,24,32
2023-05-29,1016,127,80,69,47,47,22
2023-05-30,1016,131,73,64,41,58,23
2023-05-31,1016,144,69,60,34,75,26
2023-06-01,1016,129,87,89,39,42,50
2023-06-02,1016,126,82,94,46,44,48
2023-06-03,1016,120,93,54,33,27,21
2023-06-04,1016,103,83,52,44,20,8
2023-06-05,1016,138,85,54,30,53,24
2023-06-06,1016,135,83,96,32,52,64
2023-06-07,1016,147,85,50,33,62,17
2023-06-08,1016,124,80,98,47,44,51
2023-06-09,1016,136,70,87,46,66,41
2023-06-10,1016,136,76,100,34,60,66
2023-06-11,1016,107,73,79,31,34,48
2023-06-12,1016,120,71,74,36,49,38
2023-06-13,1016,114,70,68,42,44,26
2023-06-14,1016,120,74,93,36,46,57
2023-06-15,1016,118,76,86,34,42,52
2023-06-16,1016,117,72,78,43,45,35
2023-06-17,1016,115,76,68,46,39,22
2023-06-18,1016,130,79,77,42,51,35
2023-06-19,1016,113,77,68,46,36,22
2023-06-20,1016,104,91,61,24,13,37
2023-06-21,1016,136,80,67,54,56,13
2023-06-22,1016,104,98,97,44,6,53
2023-06-23,1016,103,83,72,27,20,45
2023-06-24,1016,108,87,53,46,21,7
2023-06-25,1016,139,73,84,47,66,37
2023-06-26,1016,149,68,62,37,81,25
2023-06-27,1016,104,70,51,36,34,15
2023-06-28,1016,108,71,75,42,37,33
2023-06-29,1016,137,70,53,43,67,10
2023-06-30,1016,113,81,85,36,32,49
2023-07-01,1016,146,80,88,34,66,54
2023-07-02,1016,124,84,80,30,40,50
2023-07-03,1016,149,66,68,47,83,21
2023-07-04,1016,110,87,77,41,23,36
2023-07-05,1016,125,70,84,35,55,49
2023-07-06,1016,148,81,81,36,67,45
2023-07-07,1016,138,78,86,36,60,50
2023-07-08,1016,148,81,73,44,67,29
2023-07-09,1016,109,72,74,39,37,35
2023-07-10,1016,137,93,83,43,44,40
2023-07-11,1016,127,78,50,32,49,18
2023-07-12,1016,106,79,86,41,27,45
2023-07-13,1016,119,77,63,39,42,24
2023-07-14,1016,131,79,91,37,52,54
2023-07-15,1016,117,87,74,33,30,41
2023-07-16,1016,128,80,69,34,48,35
2023-07-17,1016,120,87,80,34,33,46
2023-07-18,1016,123,72,76,34,51,42
2023-07-19,1016,131,76,82,54,55,28
2023-07-20,1016,129,81,78,48,48,30
2023-07-21,1016,102,72,89,44,30,45
2023-07-22,1016,142,67,95,34,75,61
2023-07-23,1016,137,66,55,45,71,10
2023-07-24,1016,138,76,92,38,62,54
2023-07-25,1016,147,91,73,40,56,33
2023-07-26,1016,124,78,78,38,46,40
2023-07-27,1016,120,73,57,37,47,20
2023-07-28,1016,138,64,94,31,74,63
2023-07-29,1016,103,74,96,41,29,55
2023-07-30,1016,131,90,81,42,41,39
2023-07-31,1016,134,77,71,38,57,33
2023-08-01,1016,115,66,96,40,49,56
2023-08-02,1016,118,100,77,36,18,41
2023-08-03,1016,138,67,58,45,71,13
2023-08-04,1016,103,71,55,33,32,22
2023-08-05,1016,121,71,63,37,50,26
2023-08-06,1016,113,78,83,36,35,47
2023-08-07,1016,100,90,82,40,10,42
2023-08-08,1016,109,65,69,48,44,21
2023-08-09,1016,132,74,74,44,58,30
2023-08-10,1016,126,84,90,48,42,42
2023-08-11,1016,107,74,70,37,33,33
2023-08-12,1016,102,76,88,42,26,46
2023-08-13,1016,127,87,53,33,40,20
2023-08-14,1016,129,71,91,40,58,51
2023-08-15,1016,121,63,56,43,58,13
2023-08-16,1016,100,77,51,44,23,7
2023-08-17,1016,143,85,74,52,58,22
2023-08-18,1016,113,90,86,50,23,36
2023-08-19,1016,104,89,89,35,15,54
2023-08-20,1016,125,101,90,44,24,46
2023-08-21,1016,147,68,62,37,79,25
2023-08-22,1016,110,81,59,49,29,10
2023-08-23,1016,118,79,59,46,39,13
2023-08-24,1016,147,77,66,43,70,23
2023-08-25,1016,116,71,100,36,45,64
2023-08-26,1016,143,95,56,43,48,13
2023-08-27,1016,115,88,58,59,27,-1
2023-08-28,1016,148,59,99,34,89,65
2023-08-29,1016,113,76,99,35,37,64
2023-08-30,1016,100,74,72,37,26,35
2023-08-31,1016,107,68,92,31,39,61
2023-09-01,1016,125,65,60,34,60,26
2023-09-02,1016,144,85,80,36,59,44
2023-09-03,1016,105,78,96,38,27,58
2023-09-04,1016,129,69,58,39,60,19
2023-09-05,1016,102,88,68,37,14,31
2023-09-06,1016,141,92,73,49,49,24
2023-09-07,1016,149,90,78,42,59,36
2023-09-08,1016,134,64,97,39,70,58
2023-09-09,1016,127,81,55,47,46,8
2023-09-10,1016,122,80,87,40,42,47
2023-09-11,1016,124,92,86,40,32,46
2023-09-12,1016,131,74,74,39,57,35
2023-09-13,1016,118,70,78,32,48,46
2023-09-14,1016,146,81,75,30,65,45
2023-09-15,1016,136,58,99,44,78,55
2023-09-16,1016,139,80,50,34,59,16
2023-09-17,1016,102,76,69,46,26,23
2023-09-18,1016,110,80,83,41,30,42
2023-09-19,1016,142,101,59,41,41,18
2023-09-20,1016,120,70,56,35,50,21
2023-09-21,1016,115,82,75,40,33,35
2023-09-22,1016,146,96,56,39,50,17
2023-09-23,1016,111,85,56,37,26,19
2023-09-24,1016,112,85,61,42,27,19
2023-09-25,1016,138,64,52,36,74,16
2023-09-26,1016,142,69,88,39,73,49
2023-09-27,1016,118,83,87,29,35,58
2023-09-28,1016,150,77,66,38,73,28
2023-09-29,1016,122,86,90,43,36,47
2023-09-30,1016,123,81,63,43,42,20
2023-10-01,1016,110,87,64,35,23,29
2023-10-02,1016,119,76,81,40,43,41
2023-10-03,1016,136,85,67,44,51,23
2023-10-04,1016,131,94,84,31,37,53
2023-10-05,1016,114,76,69,32,38,37
2023-10-06,1016,124,86,88,38,38,50
2023-10-07,1016,119,74,71,55,45,16
2023-10-08,1016,116,77,70,44,39,26
2023-10-09,1016,125,94,55,40,31,15
2023-10-10,1016,132,79,98,45,53,53
2023-10-11,1016,118,65,78,37,53,41
2023-10-12,1016,124,67,54,32,57,22
2023-10-13,1016,103,84,53,29,19,24
2023-10-14,1016,120,93,97,34,27,63
2023-10-15,1016,147,70,74,33,77,41
2023-10-16,1016,118,77,80,39,41,41
2023-10-17,1016,138,67,64,46,71,18
2023-10-18,1016,122,90,78,47,32,31
2023-10-19,1016,145,99,66,47,46,19
2023-10-20,1016,113,88,54,42,25,12
2023-10-21,1016,147,64,82,35,83,47
2023-10-22,1016,127,81,98,34,46,64
2023-10-23,1016,147,73,79,35,74,44
2023-10-24,1016,147,73,73,36,74,37
2023-10-25,1016,107,81,95,34,26,61
2023-10-26,1016,145,74,86,37,71,49
2023-10-27,1016,130,90,57,45,40,12
2023-10-28,1016,134,74,58,40,60,18
2023-10-29,1016,149,85,69,40,64,29
2023-10-30,1016,138,71,86,38,67,48
2023-10-31,1016,127,90,54,43,37,11
2023-11-01,1016,118,77,65,36,41,29
2023-11-02,1016,123,65,79,45,58,34
2023-11-03,1016,131,56,70,43,75,27
2023-11-04,1016,150,80,89,43,70,46
2023-11-05,1016,145,94,99,39,51,60
2023-11-06,1016,105,92,87,46,13,41
2023-11-07,1016,116,77,75,47,39,28
2023-11-08,1016,127,75,91,42,52,49
2023-11-09,1016,144,79,79,37,65,42
2023-11-10,1016,117,64,78,29,53,49
2023-11-11,1016,107,95,83,49,12,34
2023-11-12,1016,106,81,86,29,25,57
2023-11-13,1016,132,71,58,42,61,16
2023-11-14,1016,128,75,62,32,53,30
2023-11-15,1016,125,81,67,27,44,40
2023-11-16,1016,106,73,57,41,33,16
2023-11-17,1016,144,74,100,44,70,56
2023-11-18,1016,127,103,54,33,24,21
2023-11-19,1016,136,73,86,31,63,55
2023-11-20,1016,125,88,98,46,37,52
2023-11-21,1016,137,82,72,34,55,38
2023-11-22,1016,130,81,67,34,49,33
2023-11-23,1016,147,67,72,27,80,45
2023-11-24,1016,124,70,100,50,54,50
2023-11-25,1016,139,83,69,48,56,21
2023-11-26,1016,105,89,86,41,16,45
2023-11-27,1016,134,78,57,45,56,12
2023-11-28,1016,128,82,90,34,46,56
2023-11-29,1016,145,77,54,42,68,12
2023-11-30,1016,133,73,96,47,60,49
2023-12-01,1016,124,86,99,38,38,61
2023-12-02,1016,112,82,77,49,30,28
2023-12-03,1016,118,76,95,40,42,55
2023-12-04,1016,132,103,98,42,29,56
2023-12-05,1016,131,89,65,39,42,26
2023-12-06,1016,101,84,62,40,17,22
2023-12-07,1016,100,87,76,33,13,43
2023-12-08,1016,110,112,63,44,-2,19
2023-12-09,1016,106,89,65,44,17,21
2023-12-10,1016,100,78,57,37,22,20
2023-12-11,1016,133,84,65,36,49,29
2023-12-12,1016,145,68,73,38,77,35
2023-12-13,1016,102,71,66,45,31,21
2023-12-14,1016,114,74,75,51,40,24
2023-12-15,1016,126,92,97,37,34,60
2023-12-16,1016,121,89,83,39,32,44
2023-12-17,1016,103,68,87,40,35,47
2023-12-18,1016,128,68,53,37,60,16
2023-12-19,1016,137,69,59,47,68,12
2023-12-20,1016,104,92,77,42,12,35
2023-12-21,1016,103,64,73,32,39,41
2023-12-22,1016,112,70,53,37,42,16
2023-12-23,1016,113,73,83,43,40,40
2023-12-24,1016,133,80,82,34,53,48
2023-12-25,1016,139,83,83,46,56,37
2023-12-26,1016,122,89,89,41,33,48
2023-12-27,1016,132,62,98,43,70,55
2023-12-28,1016,106,74,93,41,32,52
2023-12-29,1016,112,76,71,30,36,41
2023-12-30,1016,149,90,94,37,59,57
2023-12-31,1016,116,77,94,47,39,47
2023-01-01,1017,141,79,68,51,62,17
2023-01-02,1017,111,98,53,42,13,11
2023-01-03,1017,114,76,83,33,38,50
2023-01-04,1017,120,95,71,35,25,36
2023-01-05,1017,111,56,96,41,55,55
2023-01-06,1017,110,98,85,42,12,43
2023-01-07,1017,117,78,85,42,39,43
2023-01-08,1017,127,74,86,37,53,49
2023-01-09,1017,127,85,53,51,42,2
2023-01-10,1017,132,77,90,40,55,50
2023-01-11,1017,129,95,56,44,34,12
2023-01-12,1017,102,79,65,50,23,15
2023-01-13,1017,118,83,80,39,35,41
2023-01-14,1017,140,72,99,32,68,67
2023-01-15,1017,148,87,79,34,61,45
2023-01-16,1017,115,72,79,36,43,43
2023-01-17,1017,104,90,58,46,14,12
2023-01-18,1017,150,80,91,42,70,49
2023-01-19,1017,110,87,50,44,23,6
2023-01-20,1017,119,76,53,43,43,10
2023-01-21,1017,123,76,72,33,47,39
2023-01-22,1017,142,88,79,35,54,44
2023-01-23,1017,106,73,60,37,33,23
2023-01-24,1017,138,82,88,37,56,51
2023-01-25,1017,107,83,84,30,24,54
2023-01-26,1017,116,74,70,43,42,27
2023-01-27,1017,100,78,73,29,22,44
2023-01-28,1017,127,87,66,38,40,28
2023-01-29,1017,112,61,50,39,51,11
2023-01-30,1017,120,82,84,42,38,42
2023-01-31,1017,105,82,57,50,23,7
2023-02-01,1017,137,75,92,37,62,55
2023-02-02,1017,147,70,69,49,77,20
2023-02-03,1017,129,70,65,38,59,27
2023-02-04,1017,115,79,61,42,36,19
2023-02-05,1017,143,83,91,41,60,50
2023-02-06,1017,103,79,84,45,24,39
2023-02-07,1017,118,83,73,42,35,31
2023-02-08,1017,110,90,91,52,20,39
2023-02-09,1017,143,84,96,38,59,58
2023-02-10,1017,126,74,56,48,52,8
2023-02-11,1017,108,87,98,40,21,58
2023-02-12,1017,106,68,66,58,38,8
2023-02-13,1017,138,86,88,39,52,49
2023-02-14,1017,100,72,91,46,28,45
2023-02-15,1017,108,76,73,28,32,45
2023-02-16,1017,136,83,73,46,53,27
2023-02-17,1017,112,77,74,37,35,37
2023-02-18,1017,132,82,84,48,50,36
2023-02-19,1017,101,89,81,36,12,45
2023-02-20,1017,106,82,84,36,24,48
2023-02-21,1017,105,78,92,29,27,63
2023-02-22,1017,126,76,71,38,50,33
2023-02-23,1017,128,87,70,40,41,30
2023-02-24,1017,139,77,97,48,62,49
2023-02-25,1017,122,90,100,43,32,57
2023-02-26,1017,103,79,77,39,24,38
2023-02-27,1017,130,71,72,35,59,37
2023-02-28,1017,129,89,63,50,40,13
2023-03-01,1017,123,81,53,40,42,13
2023-03-02,1017,118,87,70,32,31,38
2023-03-03,1017,119,84,56,36,35,20
2023-03-04,1017,113,73,98,45,40,53
2023-03-05,1017,145,70,50,33,75,17
2023-03-06,1017,134,74,75,48,60,27
2023-03-07,1017,110,85,60,38,25,22
2023-03-08,1017,111,87,95,36,24,59
2023-03-09,1017,110,69,91,32,41,59
2023-03-10,1017,142,92,82,44,50,38
2023-03-11,1017,118,84,87,38,34,49
2023-03-12,1017,145,66,52,52,79,0
2023-03-13,1017,145,79,96,38,66,58
2023-03-14,1017,144,89,74,34,55,40
2023-03-15,1017,133,91,92,42,42,50
2023-03-16,1017,104,67,78,31,37,47
2023-03-17,1017,123,72,95,51,51,44
2023-03-18,1017,148,85,74,28,63,46
2023-03-19,1017,130,74,53,43,56,10
2023-03-20,1017,120,82,67,38,38,29
2023-03-21,1017,132,78,56,41,54,15
2023-03-22,1017,110,72,75,37,38,38
2023-03-23,1017,150,95,51,41,55,10
2023-03-24,1017,137,93,73,45,44,28
2023-03-25,1017,114,85,50,43,29,7
2023-03-26,1017,122,95,81,40,27,41
2023-03-27,1017,143,88,52,45,55,7
2023-03-28,1017,137,71,92,44,66,48
2023-03-29,1017,101,87,89,35,14,54
2023-03-30,1017,121,74,88,33,47,55
2023-03-31,1017,115,71,80,31,44,49
2023-04-01,1017,126,101,67,36,25,31
2023-04-02,1017,122,87,69,31,35,38
2023-04-03,1017,113,84,67,40,29,27
2023-04-04,1017,110,76,88,42,34,46
2023-04-05,1017,150,90,75,41,60,34
2023-04-06,1017,100,72,96,25,28,71
2023-04-07,1017,115,83,60,41,32,19
2023-04-08,1017,114,94,92,40,20,52
2023-04-09,1017,145,65,85,42,80,43
2023-04-10,1017,116,79,69,31,37,38
2023-04-11,1017,117,87,50,43,30,7
2023-04-12,1017,101,91,66,39,10,27
2023-04-13,1017,116,93,55,43,23,12
2023-04-14,1017,147,72,62,39,75,23
2023-04-15,1017,149,89,62,47,60,15
2023-04-16,1017,127,80,68,33,47,35
2023-04-17,1017,134,77,79,42,57,37
2023-04-18,1017,135,88,89,40,47,49
2023-04-19,1017,130,89,56,43,41,13
2023-04-20,1017,117,71,82,42,46,40
2023-04-21,1017,111,74,93,40,37,53
2023-04-22,1017,120,77,98,37,43,61
2023-04-23,1017,136,82,65,35,54,30
2023-04-24,1017,128,83,62,39,45,23
2023-04-25,1017,109,74,100,36,35,64
2023-04-26,1017,122,76,75,49,46,26
2023-04-27,1017,130,87,70,44,43,26
2023-04-28,1017,133,76,75,40,57,35
2023-04-29,1017,111,77,91,27,34,64
2023-04-30,1017,146,86,87,39,60,48
2023-05-01,1017,114,84,86,42,30,44
2023-05-02,1017,106,91,83,48,15,35
2023-05-03,1017,111,61,91,35,50,56
2023-05-04,1017,114,87,64,47,27,17
2023-05-05,1017,110,78,81,40,32,41
2023-05-06,1017,102,78,54,31,24,23
2023-05-07,1017,102,79,63,35,23,28
2023-05-08,1017,148,87,55,43,61,12
2023-05-09,1017,112,89,75,36,23,39
2023-05-10,1017,125,77,77,51,48,26
2023-05-11,1017,143,100,93,36,43,57
2023-05-12,1017,140,82,56,38,58,18
2023-05-13,1017,107,80,62,31,27,31
2023-05-14,1017,145,73,93,54,72,39
2023-05-15,1017,115,84,98,41,31,57
2023-05-16,1017,125,74,95,36,51,59
2023-05-17,1017,136,93,81,43,43,38
2023-05-18,1017,102,74,89,44,28,45
2023-05-19,1017,128,100,64,34,28,30
2023-05-20,1017,112,82,79,38,30,41
2023-05-21,1017,102,84,83,38,18,45
2023-05-22,1017,119,61,95,52,58,43
2023-05-23,1017,130,84,86,44,46,42
2023-05-24,1017,106,82,93,40,24,53
2023-05-25,1017,105,75,73,34,30,39
2023-05-26,1017,127,79,84,50,48,34
2023-05-27,1017,118,81,75,47,37,28
2023-05-28,1017,133,78,91,41,55,50
2023-05-29,1017,131,83,72,41,48,31
2023-05-30,1017,144,87,67,34,57,33
2023-05-31,1017,134,72,74,47,62,27
2023-06-01,1017,133,92,89,47,41,42
2023-06-02,1017,127,77,64,46,50,18
2023-06-03,1017,134,77,72,34,57,38
2023-06-04,1017,147,66,55,36,81,19
2023-06-05,1017,105,92,90,44,13,46
2023-06-06,1017,143,79,79,43,64,36
2023-06-07,1017,138,91,68,54,47,14
2023-06-08,1017,119,76,81,42,43,39
2023-06-09,1017,103,73,90,38,30,52
2023-06-10,1017,143,74,83,40,69,43
2023-06-11,1017,148,59,74,53,89,21
2023-06-12,1017,135,84,77,42,51,35
2023-06-13,1017,116,91,65,32,25,33
2023-06-14,1017,101,75,64,49,26,15
2023-06-15,1017,117,73,75,47,44,28
2023-06-16,1017,129,70,75,33,59,42
2023-06-17,1017,129,82,87,39,47,48
2023-06-18,1017,136,77,73,46,59,27
2023-06-19,1017,133,67,84,42,66,42
2023-06-20,1017,148,87,65,40,61,25
2023-06-21,1017,135,84,90,32,51,58
2023-06-22,1017,134,85,84,49,49,35
2023-06-23,1017,106,80,92,43,26,49
2023-06-24,1017,144,81,80,44,63,36
2023-06-25,1017,138,86,100,57,52,43
2023-06-26,1017,118,66,82,49,52,33
2023-06-27,1017,143,72,72,46,71,26
2023-06-28,1017,111,85,63,34,26,29
2023-06-29,1017,125,83,63,51,42,12
2023-06-30,1017,111,92,55,36,19,19
2023-07-01,1017,134,65,87,40,69,47
2023-07-02,1017,102,69,89,45,33,44
2023-07-03,1017,114,77,55,38,37,17
2023-07-04,1017,146,71,89,46,75,43
2023-07-05,1017,147,73,75,36,74,39
2023-07-06,1017,140,62,83,34,78,49
2023-07-07,1017,116,65,71,39,51,32
2023-07-08,1017,137,76,96,48,61,48
2023-07-09,1017,136,71,90,30,65,60
2023-07-10,1017,132,73,64,43,59,21
2023-07-11,1017,119,94,94,42,25,52
2023-07-12,1017,109,77,50,46,32,4
2023-07-13,1017,115,74,66,41,41,25
2023-07-14,1017,104,70,97,38,34,59
2023-07-15,1017,103,74,61,41,29,20
2023-07-16,1017,140,80,63,31,60,32
2023-07-17,1017,141,93,53,33,48,20
2023-07-18,1017,113,80,69,39,33,30
2023-07-19,1017,133,73,79,39,60,40
2023-07-20,1017,132,82,55,37,50,18
2023-07-21,1017,100,74,68,36,26,32
2023-07-22,1017,114,83,72,37,31,35
2023-07-23,1017,130,79,92,44,51,48
2023-07-24,1017,122,94,91,34,28,57
2023-07-25,1017,145,76,58,43,69,15
2023-07-26,1017,129,76,69,33,53,36
2023-07-27,1017,124,74,84,37,50,47
2023-07-28,1017,106,77,87,41,29,46
2023-07-29,1017,106,81,58,36,25,22
2023-07-30,1017,121,86,99,36,35,63
2023-07-31,1017,132,78,79,40,54,39
2023-08-01,1017,113,81,86,41,32,45
2023-08-02,1017,137,78,93,46,59,47
2023-08-03,1017,108,75,86,46,33,40
2023-08-04,1017,141,86,84,35,55,49
2023-08-05,1017,137,81,89,38,56,51
2023-08-06,1017,116,90,91,38,26,53
2023-08-07,1017,143,71,83,50,72,33
2023-08-08,1017,112,84,84,50,28,34
2023-08-09,1017,136,68,63,37,68,26
2023-08-10,1017,131,75,64,37,56,27
2023-08-11,1017,123,79,84,32,44,52
2023-08-12,1017,102,92,57,36,10,21
2023-08-13,1017,113,85,57,40,28,17
2023-08-14,1017,145,88,74,37,57,37
2023-08-15,1017,133,83,86,37,50,49
2023-08-16,1017,119,88,99,45,31,54
2023-08-17,1017,143,83,73,52,60,21
2023-08-18,1017,140,75,66,53,65,13
2023-08-19,1017,122,76,99,41,46,58
2023-08-20,1017,105,70,53,31,35,22
2023-08-21,1017,134,86,85,43,48,42
2023-08-22,1017,135,62,94,31,73,63
2023-08-23,1017,110,70,88,46,40,42
2023-08-24,1017,144,94,61,47,50,14
2023-08-25,1017,114,109,70,41,5,29
2023-08-26,1017,115,71,79,42,44,37
2023-08-27,1017,140,77,54,46,63,8
2023-08-28,1017,150,90,72,40,60,32
2023-08-29,1017,124,75,57,34,49,23
2023-08-30,1017,105,87,68,46,18,22
2023-08-31,1017,144,95,79,50,49,29
2023-09-01,1017,140,81,87,37,59,50
2023-09-02,1017,132,79,58,47,53,11
2023-09-03,1017,130,76,55,37,54,18
2023-09-04,1017,126,83,58,30,43,28
2023-09-05,1017,133,93,61,45,40,16
2023-09-06,1017,113,91,60,30,22,30
2023-09-07,1017,106,73,91,43,33,48
2023-09-08,1017,123,75,70,41,48,29
2023-09-09,1017,144,78,65,38,66,27
2023-09-10,1017,114,73,89,56,41,33
2023-09-11,1017,135,76,51,40,59,11
2023-09-12,1017,117,81,97,38,36,59
2023-09-13,1017,123,109,76,37,14,39
2023-09-14,1017,130,73,70,39,57,31
2023-09-15,1017,121,83,61,40,38,21
2023-09-16,1017,140,95,66,28,45,38
2023-09-17,1017,125,74,94,41,51,53
2023-09-18,1017,103,70,53,42,33,11
2023-09-19,1017,104,87,59,38,17,21
2023-09-20,1017,146,67,60,43,79,17
2023-09-21,1017,101,84,79,35,17,44
2023-09-22,1017,111,86,71,37,25,34
2023-09-23,1017,101,71,87,35,30,52
2023-09-24,1017,131,75,58,32,56,26
2023-09-25,1017,120,78,81,35,42,46
2023-09-26,1017,134,59,93,32,75,61
2023-09-27,1017,146,83,62,42,63,20
2023-09-28,1017,112,72,100,43,40,57
2023-09-29,1017,120,90,73,36,30,37
2023-09-30,1017,140,66,66,41,74,25
2023-10-01,1017,140,75,77,31,65,46
2023-10-02,1017,119,67,94,46,52,48
2023-10-03,1017,124,67,92,41,57,51
2023-10-04,1017,121,77,83,48,44,35
2023-10-05,1017,120,66,78,36,54,42
2023-10-06,1017,100,96,100,32,4,68
2023-10-07,1017,137,75,71,44,62,27
2023-10-08,1017,103,84,82,35,19,47
2023-10-09,1017,125,80,62,44,45,18
2023-10-10,1017,112,83,82,39,29,43
2023-10-11,1017,135,84,97,34,51,63
2023-10-12,1017,138,84,77,36,54,41
2023-10-13,1017,118,86,86,43,32,43
2023-10-14,1017,128,73,87,49,55,38
2023-10-15,1017,135,70,81,37,65,44
2023-10-16,1017,107,90,78,44,17,34
2023-10-17,1017,106,84,65,48,22,17
2023-10-18,1017,136,72,76,37,64,39
2023-10-19,1017,149,81,56,46,68,10
2023-10-20,1017,117,76,72,58,41,14
2023-10-21,1017,124,76,62,41,48,21
2023-10-22,1017,146,74,51,38,72,13
2023-10-23,1017,118,84,93,37,34,56
2023-10-24,1017,133,82,75,34,51,41
2023-10-25,1017,114,81,76,45,33,31
2023-10-26,1017,102,55,67,28,47,39
2023-10-27,1017,142,82,67,31,60,36
2023-10-28,1017,142,86,55,44,56,11
2023-10-29,1017,119,90,79,36,29,43
2023-10-30,1017,124,80,60,44,44,16
2023-10-31,1017,139,66,51,48,73,3
2023-11-01,1017,102,76,80,32,26,48
2023-11-02,1017,106,78,51,49,28,2
2023-11-03,1017,149,89,74,28,60,46
2023-11-04,1017,130,76,96,36,54,60
2023-11-05,1017,123,76,85,45,47,40
2023-11-06,1017,146,71,50,54,75,-4
2023-11-07,1017,112,96,50,49,16,1
2023-11-08,1017,117,71,96,31,46,65
2023-11-09,1017,127,70,61,31,57,30
2023-11-10,1017,144,96,59,24,48,35
2023-11-11,1017,110,93,85,41,17,44
2023-11-12,1017,148,83,87,35,65,52
2023-11-13,1017,112,88,88,35,24,53
2023-11-14,1017,124,86,58,43,38,15
2023-11-15,1017,144,94,97,57,50,40
2023-11-16,1017,136,81,60,49,55,11
2023-11-17,1017,149,75,90,26,74,64
2023-11-18,1017,101,84,53,33,17,20
2023-11-19,1017,135,82,91,35,53,56
2023-11-20,1017,119,91,84,43,28,41
2023-11-21,1017,104,83,95,46,21,49
2023-11-22,1017,111,75,81,53,36,28
2023-11-23,1017,124,67,57,40,57,17
2023-11-24,1017,147,87,97,42,60,55
2023-11-25,1017,131,71,56,49,60,7
2023-11-26,1017,139,93,71,37,46,34
2023-11-27,1017,108,77,87,44,31,43
2023-11-28,1017,139,87,92,35,52,57
2023-11-29,1017,137,75,68,41,62,27
2023-11-30,1017,100,75,95,33,25,62
2023-12-01,1017,140,93,71,38,47,33
2023-12-02,1017,145,81,54,34,64,20
2023-12-03,1017,102,69,71,40,33,31
2023-12-04,1017,106,73,95,66,33,29
2023-12-05,1017,129,90,88,46,39,42
2023-12-06,1017,138,78,68,39,60,29
2023-12-07,1017,105,87,86,47,18,39
2023-12-08,1017,148,62,98,35,86,63
2023-12-09,1017,122,74,71,41,48,30
2023-12-10,1017,100,90,98,43,10,55
2023-12-11,1017,143,76,66,50,67,16
2023-12-12,1017,133,78,80,42,55,38
2023-12-13,1017,100,80,74,40,20,34
2023-12-14,1017,110,100,89,45,10,44
2023-12-15,1017,107,66,61,28,41,33
2023-12-16,1017,119,77,54,44,42,10
2023-12-17,1017,133,83,65,47,50,18
2023-12-18,1017,140,80,87,48,60,39
2023-12-19,1017,146,76,68,48,70,20
2023-12-20,1017,130,73,90,31,57,59
2023-12-21,1017,140,70,78,41,70,37
2023-12-22,1017,113,91,77,37,22,40
2023-12-23,1017,114,81,70,52,33,18
2023-12-24,1017,121,90,61,44,31,17
2023-12-25,1017,129,92,88,34,37,54
2023-12-26,1017,103,64,62,31,39,31
2023-12-27,1017,129,79,66,35,50,31
2023-12-28,1017,107,71,88,40,36,48
2023-12-29,1017,124,85,100,39,39,61
2023-12-30,1017,135,91,52,54,44,-2
2023-12-31,1017,118,86,91,44,32,47
2023-01-01,1018,100,66,96,37,34,59
2023-01-02,1018,109,79,61,33,30,28
2023-01-03,1018,146,90,54,36,56,18
2023-01-04,1018,130,84,81,33,46,48
2023-01-05,1018,104,83,75,40,21,35
2023-01-06,1018,139,72,74,34,67,40
2023-01-07,1018,109,80,65,33,29,32
2023-01-08,1018,147,76,70,37,71,33
2023-01-09,1018,135,80,55,44,55,11
2023-01-10,1018,134,80,59,34,54,25
2023-01-11,1018,101,82,75,50,19,25
2023-01-12,1018,129,82,73,49,47,24
2023-01-13,1018,117,92,81,48,25,33
2023-01-14,1018,130,92,71,48,38,23
2023-01-15,1018,135,96,85,53,39,32
2023-01-16,1018,124,83,77,49,41,28
2023-01-17,1018,148,90,88,43,58,45
2023-01-18,1018,100,77,67,44,23,23
2023-01-19,1018,142,80,83,34,62,49
2023-01-20,1018,109,89,86,37,20,49
2023-01-21,1018,125,84,93,34,41,59
2023-01-22,1018,106,91,51,47,15,4
2023-01-23,1018,144,80,63,45,64,18
2023-01-24,1018,130,77,77,42,53,35
2023-01-25,1018,126,82,72,42,44,30
2023-01-26,1018,141,82,98,37,59,61
2023-01-27,1018,101,66,80,41,35,39
2023-01-28,1018,106,104,87,43,2,44
2023-01-29,1018,120,65,62,37,55,25
2023-01-30,1018,105,60,60,33,45,27
2023-01-31,1018,139,71,71,32,68,39
2023-02-01,1018,137,74,57,50,63,7
2023-02-02,1018,134,49,61,32,85,29
2023-02-03,1018,102,81,69,45,21,24
2023-02-04,1018,114,88,75,27,26,48
2023-02-05,1018,111,94,69,35,17,34
2023-02-06,1018,147,75,60,28,72,32
2023-02-07,1018,109,90,94,50,19,44
2023-02-08,1018,128,96,89,39,32,50
2023-02-09,1018,119,74,64,42,45,22
2023-02-10,1018,139,88,57,35,51,22
2023-02-11,1018,148,78,96,43,70,53
2023-02-12,1018,103,77,100,37,26,63
2023-02-13,1018,139,81,61,40,58,21
2023-02-14,1018,137,83,54,43,54,11
2023-02-15,1018,122,76,95,31,46,64
2023-02-16,1018,127,79,62,35,48,27
2023-02-17,1018,149,85,68,35,64,33
2023-02-18,1018,101,72,91,46,29,45
2023-02-19,1018,105,82,77,57,23,20
2023-02-20,1018,114,86,96,34,28,62
2023-02-21,1018,148,74,51,40,74,11
2023-02-22,1018,148,86,71,37,62,34
2023-02-23,1018,118,83,91,45,35,46
2023-02-24,1018,150,74,67,33,76,34
2023-02-25,1018,100,86,67,47,14,20
2023-02-26,1018,150,101,76,33,49,43
2023-02-27,1018,125,68,69,42,57,27
2023-02-28,1018,107,85,98,32,22,66
2023-03-01,1018,141,94,93,45,47,48
2023-03-02,1018,117,92,85,40,25,45
2023-03-03,1018,142,80,58,39,62,19
2023-03-04,1018,119,83,100,38,36,62
2023-03-05,1018,137,85,94,40,52,54
2023-03-06,1018,114,81,74,33,33,41
2023-03-07,1018,109,76,76,39,33,37
2023-03-08,1018,140,82,84,38,58,46
2023-03-09,1018,134,85,96,38,49,58
2023-03-10,1018,120,69,60,42,51,18
2023-03-11,1018,102,68,95,41,34,54
2023-03-12,1018,139,63,91,41,76,50
2023-03-13,1018,122,91,59,53,31,6
2023-03-14,1018,119,71,64,50,48,14
2023-03-15,1018,147,100,52,43,47,9
2023-03-16,1018,133,87,73,33,46,40
2023-03-17,1018,132,83,52,48,49,4
2023-03-18,1018,126,74,89,40,52,49
2023-03-19,1018,106,69,66,35,37,31
2023-03-20,1018,127,89,88,35,38,53
2023-03-21,1018,127,76,65,35,51,30
2023-03-22,1018,127,72,95,37,55,58
2023-03-23,1018,145,91,69,49,54,20
2023-03-24,1018,116,75,75,36,41,39
2023-03-25,1018,113,79,54,37,34,17
2023-03-26,1018,140,90,99,38,50,61
2023-03-27,1018,143,80,73,42,63,31
2023-03-28,1018,128,84,86,40,44,46
2023-03-29,1018,104,93,77,32,11,45
2023-03-30,1018,124,77,93,41,47,52
2023-03-31,1018,143,70,98,45,73,53
2023-04-01,1018,112,86,92,32,26,60
2023-04-02,1018,116,97,63,35,19,28
2023-04-03,1018,126,71,51,40,55,11
2023-04-04,1018,112,94,96,30,18,66
2023-04-05,1018,145,91,52,49,54,3
2023-04-06,1018,109,90,89,44,19,45
2023-04-07,1018,124,64,66,36,60,30
2023-04-08,1018,131,84,97,42,47,55
2023-04-09,1018,120,92,68,54,28,14
2023-04-10,1018,118,77,97,45,41,52
2023-04-11,1018,150,80,54,33,70,21
2023-04-12,1018,138,83,84,46,55,38
2023-04-13,1018,121,72,90,35,49,55
2023-04-14,1018,112,77,85,43,35,42
2023-04-15,1018,135,82,81,37,53,44
2023-04-16,1018,139,79,51,36,60,15
2023-04-17,1018,139,91,87,41,48,46
2023-04-18,1018,109,72,72,39,37,33
2023-04-19,1018,147,74,95,34,73,61
2023-04-20,1018,103,87,60,44,16,16
2023-04-21,1018,121,71,63,36,50,27
2023-04-22,1018,101,85,52,40,16,12
2023-04-23,1018,107,77,69,42,30,27
2023-04-24,1018,141,77,73,42,64,31
2023-04-25,1018,100,74,57,46,26,11
2023-04-26,1018,100,77,70,41,23,29
2023-04-27,1018,104,74,60,45,30,15
2023-04-28,1018,110,81,96,42,29,54
2023-04-29,1018,117,71,91,39,46,52
2023-04-30,1018,106,76,85,48,30,37
2023-05-01,1018,135,82,69,41,53,28
2023-05-02,1018,124,90,88,40,34,48
2023-05-03,1018,120,85,94,43,35,51
2023-05-04,1018,115,82,50,44,33,6
2023-05-05,1018,148,76,95,46,72,49
2023-05-06,1018,117,75,50,41,42,9
2023-05-07,1018,144,83,52,49,61,3
2023-05-08,1018,133,89,100,40,44,60
2023-05-09,1018,120,74,68,30,46,38
2023-05-10,1018,109,71,55,29,38,26
2023-05-11,1018,108,76,95,45,32,50
2023-05-12,1018,132,70,66,33,62,33
2023-05-13,1018,118,75,96,40,43,56
2023-05-14,1018,108,94,61,33,14,28
2023-05-15,1018,146,73,100,30,73,70
2023-05-16,1018,148,82,58,44,66,14
2023-05-17,1018,137,85,69,41,52,28
2023-05-18,1018,119,87,81,42,32,39
2023-05-19,1018,109,82,92,39,27,53
2023-05-20,1018,142,80,82,38,62,44
2023-05-21,1018,132,63,71,42,69,29
2023-05-22,1018,149,84,90,45,65,45
2023-05-23,1018,128,89,87,45,39,42
2023-05-24,1018,109,65,66,36,44,30
2023-05-25,1018,134,107,93,48,27,45
2023-05-26,1018,119,89,90,32,30,58
2023-05-27,1018,114,60,83,42,54,41
2023-05-28,1018,133,71,70,47,62,23
2023-05-29,1018,124,83,74,52,41,22
2023-05-30,1018,131,81,89,35,50,54
2023-05-31,1018,145,83,81,48,62,33
2023-06-01,1018,133,81,95,40,52,55
2023-06-02,1018,113,79,64,41,34,23
2023-06-03,1018,150,69,75,35,81,40
2023-06-04,1018,112,77,93,43,35,50
2023-06-05,1018,135,83,73,37,52,36
2023-06-06,1018,119,81,79,28,38,51
2023-06-07,1018,150,67,85,33,83,52
2023-06-08,1018,104,76,74,45,28,29
2023-06-09,1018,144,87,86,47,57,39
2023-06-10,1018,148,79,85,37,69,48
2023-06-11,1018,121,85,100,31,36,69
2023-06-12,1018,106,88,94,38,18,56
2023-06-13,1018,138,69,88,39,69,49
2023-06-14,1018,135,79,82,28,56,54
2023-06-15,1018,133,87,52,36,46,16
2023-06-16,1018,116,88,100,48,28,52
2023-06-17,1018,118,71,74,29,47,45
2023-06-18,1018,107,86,91,40,21,51
2023-06-19,1018,149,84,58,40,65,18
2023-06-20,1018,104,73,77,36,31,41
2023-06-21,1018,145,96,63,46,49,17
2023-06-22,1018,134,71,93,42,63,51
2023-06-23,1018,105,78,89,32,27,57
2023-06-24,1018,106,81,99,49,25,50
2023-06-25,1018,130,68,60,55,62,5
2023-06-26,1018,137,79,63,43,58,20
2023-06-27,1018,141,74,58,43,67,15
2023-06-28,1018,129,69,85,46,60,39
2023-06-29,1018,115,72,91,54,43,37
2023-06-30,1018,130,80,98,53,50,45
2023-07-01,1018,114,81,86,36,33,50
2023-07-02,1018,131,83,74,41,48,33
2023-07-03,1018,125,91,81,34,34,47
2023-07-04,1018,135,72,60,41,63,19
2023-07-05,1018,125,76,80,41,49,39
2023-07-06,1018,122,77,76,38,45,38
2023-07-07,1018,146,76,90,47,70,43
2023-07-08,1018,100,66,78,38,34,40
2023-07-09,1018,122,82,83,40,40,43
2023-07-10,1018,126,74,88,45,52,43
2023-07-11,1018,142,76,75,41,66,34
2023-07-12,1018,146,86,79,43,60,36
2023-07-13,1018,147,86,90,43,61,47
2023-07-14,1018,128,88,84,36,40,48
2023-07-15,1018,137,84,97,50,53,47
2023-07-16,1018,135,73,89,27,62,62
2023-07-17,1018,115,53,99,38,62,61
2023-07-18,1018,116,68,81,51,48,30
2023-07-19,1018,150,59,53,45,91,8
2023-07-20,1018,142,79,87,41,63,46
2023-07-21,1018,138,100,77,28,38,49
2023-07-22,1018,128,84,57,28,44,29
2023-07-23,1018,128,69,82,37,59,45
2023-07-24,1018,134,80,55,54,54,1
2023-07-25,1018,106,63,92,28,43,64
2023-07-26,1018,127,73,80,47,54,33
2023-07-27,1018,142,92,54,31,50,23
2023-07-28,1018,132,68,69,52,64,17
2023-07-29,1018,104,70,53,43,34,10
2023-07-30,1018,147,79,99,37,68,62
2023-07-31,1018,107,77,56,46,30,10
2023-08-01,1018,107,75,88,46,32,42
2023-08-02,1018,118,77,88,38,41,50
2023-08-03,1018,109,69,57,53,40,4
2023-08-04,1018,141,78,56,31,63,25
2023-08-05,1018,141,76,73,38,65,35
2023-08-06,1018,131,83,81,45,48,36
2023-08-07,1018,104,82,96,37,22,59
2023-08-08,1018,109,90,93,46,19,47
2023-08-09,1018,104,88,90,45,16,45
2023-08-10,1018,143,89,86,35,54,51
2023-08-11,1018,119,87,52,33,32,19
2023-08-12,1018,107,85,99,38,22,61
2023-08-13,1018,105,76,54,41,29,13
2023-08-14,1018,144,94,73,36,50,37
2023-08-15,1018,136,76,84,37,60,47
2023-08-16,1018,109,83,85,33,26,52
2023-08-17,1018,136,94,59,38,42,21
2023-08-18,1018,139,77,68,37,62,31
2023-08-19,1018,131,86,85,37,45,48
2023-08-20,1018,146,82,74,36,64,38
2023-08-21,1018,128,92,57,45,36,12
2023-08-22,1018,127,61,89,39,66,50
2023-08-23,1018,108,104,86,50,4,36
2023-08-24,1018,112,91,59,42,21,17
2023-08-25,1018,116,70,60,47,46,13
2023-08-26,1018,129,92,53,36,37,17
2023-08-27,1018,130,77,55,37,53,18
2023-08-28,1018,147,76,90,47,71,43
2023-08-29,1018,131,90,65,33,41,32
2023-08-30,1018,106,93,65,54,13,11
2023-08-31,1018,112,88,54,41,24,13
2023-09-01,1018,119,77,91,41,42,50
2023-09-02,1018,120,75,66,44,45,22
2023-09-03,1018,122,76,92,44,46,48
2023-09-04,1018,127,70,92,45,57,47
2023-09-05,1018,112,69,55,46,43,9
2023-09-06,1018,122,66,60,36,56,24
2023-09-07,1018,105,81,52,33,24,19
2023-09-08,1018,136,70,91,46,66,45
2023-09-09,1018,122,74,71,41,48,30
2023-09-10,1018,124,80,87,30,44,57
2023-09-11,1018,137,70,56,48,67,8
2023-09-12,1018,133,87,90,38,46,52
2023-09-13,1018,127,77,81,41,50,40
2023-09-14,1018,124,69,68,31,55,37
2023-09-15,1018,137,81,60,34,56,26
2023-09-16,1018,100,74,96,45,26,51
2023-09-17,1018,133,81,73,32,52,41
2023-09-18,1018,124,84,87,32,40,55
2023-09-19,1018,148,72,67,32,76,35
2023-09-20,1018,103,73,51,43,30,8
2023-09-21,1018,128,78,54,22,50,32
2023-09-22,1018,120,79,64,36,41,28
2023-09-23,1018,137,94,60,39,43,21
2023-09-24,1018,116,78,71,38,38,33
2023-09-25,1018,101,90,82,34,11,48
2023-09-26,1018,137,79,73,42,58,31
2023-09-27,1018,131,78,66,36,53,30
2023-09-28,1018,139,84,74,30,55,44
2023-09-29,1018,129,70,52,37,59,15
2023-09-30,1018,141,91,64,45,50,19
2023-10-01,1018,149,65,57,40,84,17
2023-10-02,1018,121,70,63,35,51,28
2023-10-03,1018,130,74,77,36,56,41
2023-10-04,1018,122,80,81,52,42,29
2023-10-05,1018,126,88,68,36,38,32
2023-10-06,1018,117,91,66,38,26,28
2023-10-07,1018,128,74,56,38,54,18
2023-10-08,1018,143,73,60,39,70,21
2023-10-09,1018,123,68,62,36,55,26
2023-10-10,1018,119,83,71,45,36,26
2023-10-11,1018,113,79,97,43,34,54
2023-10-12,1018,115,91,97,38,24,59
2023-10-13,1018,148,96,51,47,52,4
2023-10-14,1018,126,75,77,24,51,53
2023-10-15,1018,131,59,56,43,72,13
2023-10-16,1018,110,78,77,39,32,38
2023-10-17,1018,113,86,77,38,27,39
2023-10-18,1018,149,72,67,41,77,26
2023-10-19,1018,104,86,55,38,18,17
2023-10-20,1018,149,79,56,34,70,22
2023-10-21,1018,136,85,68,39,51,29
2023-10-22,1018,148,72,77,42,76,35
2023-10-23,1018,125,85,93,35,40,58
2023-10-24,1018,106,84,83,45,22,38
2023-10-25,1018,113,87,58,42,26,16
2023-10-26,1018,115,72,75,38,43,37
2023-10-27,1018,109,94,74,40,15,34
2023-10-28,1018,103,75,87,43,28,44
2023-10-29,1018,148,86,60,35,62,25
2023-10-30,1018,113,70,73,35,43,38
2023-10-31,1018,123,89,68,33,34,35
2023-11-01,1018,140,89,96,40,51,56
2023-11-02,1018,114,69,92,34,45,58
2023-11-03,1018,130,63,74,39,67,35
2023-11-04,1018,120,82,95,47,38,48
2023-11-05,1018,148,93,53,40,55,13
2023-11-06,1018,132,70,95,40,62,55
2023-11-07,1018,133,65,69,40,68,29
2023-11-08,1018,106,60,65,39,46,26
2023-11-09,1018,144,81,87,51,63,36
2023-11-10,1018,111,69,61,39,42,22
2023-11-11,1018,142,93,58,32,49,26
2023-11-12,1018,115,93,91,48,22,43
2023-11-13,1018,147,79,99,36,68,63
2023-11-14,1018,103,86,97,35,17,62
2023-11-15,1018,140,91,70,31,49,39
2023-11-16,1018,114,65,55,42,49,13
2023-11-17,1018,104,80,84,31,24,53
2023-11-18,1018,121,86,95,34,35,61
2023-11-19,1018,119,72,83,36,47,47
2023-11-20,1018,110,80,98,35,30,63
2023-11-21,1018,104,97,60,35,7,25
2023-11-22,1018,139,86,69,38,53,31
2023-11-23,1018,109,74,60,40,35,20
2023-11-24,1018,143,66,98,33,77,65
2023-11-25,1018,144,94,69,37,50,32
2023-11-26,1018,109,73,89,40,36,49
2023-11-27,1018,110,69,84,52,41,32
2023-11-28,1018,129,101,93,42,28,51
2023-11-29,1018,118,75,61,41,43,20
2023-11-30,1018,140,80,76,41,60,35
2023-12-01,1018,117,87,78,46,30,32
2023-12-02,1018,132,108,96,43,24,53
2023-12-03,1018,100,87,90,44,13,46
2023-12-04,1018,116,75,95,37,41,58
2023-12-05,1018,144,76,59,21,68,38
2023-12-06,1018,121,103,57,37,18,20
2023-12-07,1018,113,80,85,35,33,50
2023-12-08,1018,112,77,80,45,35,35
2023-12-09,1018,140,87,89,45,53,44
2023-12-10,1018,101,83,63,42,18,21
2023-12-11,1018,108,71,64,34,37,30
2023-12-12,1018,130,72,83,28,58,55
2023-12-13,1018,125,83,93,40,42,53
2023-12-14,1018,123,62,61,30,61,31
2023-12-15,1018,103,79,77,31,24,46
2023-12-16,1018,147,93,85,36,54,49
2023-12-17,1018,150,86,93,37,64,56
2023-12-18,1018,131,88,90,42,43,48
2023-12-19,1018,122,78,82,43,44,39
2023-12-20,1018,104,63,60,34,41,26
2023-12-21,1018,121,81,63,34,40,29
2023-12-22,1018,134,87,93,35,47,58
2023-12-23,1018,104,77,63,38,27,25
2023-12-24,1018,120,84,89,38,36,51
2023-12-25,1018,110,59,67,31,51,36
2023-12-26,1018,125,77,96,44,48,52
2023-12-27,1018,142,69,51,41,73,10
2023-12-28,1018,119,75,63,36,44,27
2023-12-29,1018,112,61,96,39,51,57
2023-12-30,1018,131,78,59,44,53,15
2023-12-31,1018,140,75,62,47,65,15
2023-01-01,1019,142,73,51,45,69,6
2023-01-02,1019,147,84,93,38,63,55
2023-01-03,1019,132,67,89,35,65,54
2023-01-04,1019,110,93,77,40,17,37
2023-01-05,1019,104,85,91,37,19,54
2023-01-06,1019,127,81,96,36,46,60
2023-01-07,1019,125,92,98,38,33,60
2023-01-08,1019,139,78,53,38,61,15
2023-01-09,1019,116,75,89,43,41,46
2023-01-10,1019,113,67,72,34,46,38
2023-01-11,1019,125,58,72,42,67,30
2023-01-12,1019,130,93,100,34,37,66
2023-01-13,1019,102,91,64,30,11,34
2023-01-14,1019,118,95,80,50,23,30
2023-01-15,1019,116,83,83,31,33,52
2023-01-16,1019,112,80,93,61,32,32
2023-01-17,1019,104,80,60,48,24,12
2023-01-18,1019,127,83,60,38,44,22
2023-01-19,1019,142,77,50,46,65,4
2023-01-20,1019,103,93,100,41,10,59
2023-01-21,1019,130,69,90,30,61,60
2023-01-22,1019,128,89,90,37,39,53
2023-01-23,1019,118,83,73,38,35,35
2023-01-24,1019,132,81,91,29,51,62
2023-01-25,1019,119,73,96,45,46,51
2023-01-26,1019,143,72,87,41,71,46
2023-01-27,1019,140,76,86,31,64,55
2023-01-28,1019,146,68,79,39,78,40
2023-01-29,1019,137,76,85,27,61,58
2023-01-30,1019,122,70,83,40,52,43
2023-01-31,1019,107,73,78,37,34,41
2023-02-01,1019,103,91,93,47,12,46
2023-02-02,1019,113,98,94,40,15,54
2023-02-03,1019,145,74,72,34,71,38
2023-02-04,1019,139,78,64,36,61,28
2023-02-05,1019,131,73,75,28,58,47
2023-02-06,1019,129,71,76,48,58,28
2023-02-07,1019,145,76,69,42,69,27
2023-02-08,1019,109,82,61,41,27,20
2023-02-09,1019,136,81,66,46,55,20
2023-02-10,1019,148,64,59,36,84,23
2023-02-11,1019,103,70,59,35,33,24
2023-02-12,1019,112,75,72,40,37,32
2023-02-13,1019,130,72,67,50,58,17
2023-02-14,1019,148,72,79,36,76,43
2023-02-15,1019,113,82,96,33,31,63
2023-02-16,1019,112,86,52,43,26,9
2023-02-17,1019,106,98,90,44,8,46
2023-02-18,1019,103,89,96,28,14,68
2023-02-19,1019,110,63,86,44,47,42
2023-02-20,1019,100,90,59,39,10,20
2023-02-21,1019,122,85,74,37,37,37
2023-02-22,1019,111,74,71,39,37,32
2023-02-23,1019,106,82,72,39,24,33
2023-02-24,1019,119,61,61,32,58,29
2023-02-25,1019,147,76,93,35,71,58
2023-02-26,1019,123,83,60,44,40,16
2023-02-27,1019,144,73,73,54,71,19
2023-02-28,1019,112,78,86,33,34,53
2023-03-01,1019,100,81,61,34,19,27
2023-03-02,1019,127,86,83,26,41,57
2023-03-03,1019,141,100,85,51,41,34
2023-03-04,1019,128,83,80,42,45,38
2023-03-05,1019,123,102,86,35,21,51
2023-03-06,1019,145,60,84,38,85,46
2023-03-07,1019,102,83,85,37,19,48
2023-03-08,1019,111,81,61,44,30,17
2023-03-09,1019,142,85,67,51,57,16
2023-03-10,1019,103,77,61,52,26,9
2023-03-11,1019,131,84,52,40,47,12
2023-03-12,1019,122,76,79,41,46,38
2023-03-13,1019,134,94,89,44,40,45
2023-03-14,1019,130,77,59,37,53,22
2023-03-15,1019,120,92,94,35,28,59
2023-03-16,1019,131,89,68,47,42,21
2023-03-17,1019,108,70,71,32,38,39
2023-03-18,1019,147,86,76,44,61,32
2023-03-19,1019,143,86,83,40,57,43
2023-03-20,1019,148,69,83,34,79,49
2023-03-21,1019,118,90,96,42,28,54
2023-03-22,1019,128,71,69,45,57,24
2023-03-23,1019,142,81,96,42,61,54
2023-03-24,1019,103,69,56,37,34,19
2023-03-25,1019,145,100,79,30,45,49
2023-03-26,1019,134,86,51,37,48,14
2023-03-27,1019,145,87,50,46,58,4
2023-03-28,1019,108,71,64,36,37,28
2023-03-29,1019,123,73,99,31,50,68
2023-03-30,1019,146,82,96,43,64,53
2023-03-31,1019,121,79,74,31,42,43
2023-04-01,1019,131,72,61,36,59,25
2023-04-02,1019,135,76,57,37,59,20
2023-04-03,1019,103,95,61,36,8,25
2023-04-04,1019,103,86,85,45,17,40
2023-04-05,1019,135,80,66,41,55,25
2023-04-06,1019,125,88,81,46,37,35
2023-04-07,1019,109,90,79,35,19,44
2023-04-08,1019,103,86,93,44,17,49
2023-04-09,1019,129,75,66,37,54,29
2023-04-10,1019,115,80,88,48,35,40
2023-04-11,1019,109,68,98,33,41,65
2023-04-12,1019,107,72,70,31,35,39
2023-04-13,1019,100,72,72,37,28,35
2023-04-14,1019,110,79,63,38,31,25
2023-04-15,1019,113,74,59,32,39,27
2023-04-16,1019,102,91,77,39,11,38
2023-04-17,1019,128,78,81,47,50,34
2023-04-18,1019,115,84,86,40,31,46
2023-04-19,1019,144,92,64,44,52,20
2023-04-20,1019,100,91,73,38,9,35
2023-04-21,1019,100,84,65,50,16,15
2023-04-22,1019,108,76,51,39,32,12
2023-04-23,1019,100,72,55,33,28,22
2023-04-24,1019,122,71,90,36,51,54
2023-04-25,1019,138,86,59,35,52,24
2023-04-26,1019,108,63,62,39,45,23
2023-04-27,1019,143,87,59,39,56,20
2023-04-28,1019,138,65,87,45,73,42
2023-04-29,1019,121,82,73,37,39,36
2023-04-30,1019,140,88,56,41,52,15
2023-05-01,1019,140,79,93,50,61,43
2023-05-02,1019,109,98,73,39,11,34
2023-05-03,1019,112,76,79,62,36,17
2023-05-04,1019,104,79,58,47,25,11
2023-05-05,1019,121,94,56,38,27,18
2023-05-06,1019,122,71,81,37,51,44
2023-05-07,1019,121,80,61,31,41,30
2023-05-08,1019,107,74,94,35,33,59
2023-05-09,1019,149,74,85,42,75,43
2023-05-10,1019,140,88,64,37,52,27
2023-05-11,1019,139,102,71,45,37,26
2023-05-12,1019,118,83,76,38,35,38
2023-05-13,1019,140,89,84,45,51,39
2023-05-14,1019,137,67,69,39,70,30
2023-05-15,1019,122,67,61,50,55,11
2023-05-16,1019,144,79,55,32,65,23
2023-05-17,1019,141,88,76,28,53,48
2023-05-18,1019,107,88,66,24,19,42
2023-05-19,1019,142,87,70,40,55,30
2023-05-20,1019,119,84,54,43,35,11
2023-05-21,1019,137,85,52,34,52,18
2023-05-22,1019,113,79,56,38,34,18
2023-05-23,1019,111,84,50,45,27,5
2023-05-24,1019,133,82,61,53,51,8
2023-05-25,1019,105,81,60,44,24,16
2023-05-26,1019,100,72,66,32,28,34
2023-05-27,1019,141,77,51,45,64,6
2023-05-28,1019,111,66,73,29,45,44
2023-05-29,1019,123,76,76,42,47,34
2023-05-30,1019,119,97,60,51,22,9
2023-05-31,1019,112,84,85,34,28,51
2023-06-01,1019,149,83,77,58,66,19
2023-06-02,1019,107,83,82,50,24,32
2023-06-03,1019,128,87,90,32,41,58
2023-06-04,1019,140,62,66,33,78,33
2023-06-05,1019,106,80,80,41,26,39
2023-06-06,1019,107,88,70,40,19,30
2023-06-07,1019,100,93,90,45,7,45
2023-06-08,1019,147,78,91,49,69,42
2023-06-09,1019,107,84,80,38,23,42
2023-06-10,1019,113,73,81,47,40,34
2023-06-11,1019,137,64,84,36,73,48
2023-06-12,1019,149,88,64,27,61,37
2023-06-13,1019,123,66,77,36,57,41
2023-06-14,1019,146,72,98,42,74,56
2023-06-15,1019,129,62,87,39,67,48
2023-06-16,1019,150,72,54,41,78,13
2023-06-17,1019,135,69,51,33,66,18
2023-06-18,1019,138,83,72,46,55,26
2023-06-19,1019,135,71,54,50,64,4
2023-06-20,1019,119,80,69,40,39,29
2023-06-21,1019,112,89,99,44,23,55
2023-06-22,1019,144,84,91,38,60,53
2023-06-23,1019,137,82,95,38,55,57
2023-06-24,1019,122,93,71,32,29,39
2023-06-25,1019,129,88,72,36,41,36
2023-06-26,1019,134,82,98,41,52,57
2023-06-27,1019,145,78,94,50,67,44
2023-06-28,1019,131,78,76,37,53,39
2023-06-29,1019,104,87,56,42,17,14
2023-06-30,1019,139,89,98,44,50,54
2023-07-01,1019,111,102,65,41,9,24
2023-07-02,1019,135,77,77,45,58,32
2023-07-03,1019,128,77,99,45,51,54
2023-07-04,1019,145,72,63,27,73,36
2023-07-05,1019,137,86,64,42,51,22
2023-07-06,1019,116,85,68,32,31,36
2023-07-07,1019,108,76,84,45,32,39
2023-07-08,1019,119,71,78,41,48,37
2023-07-09,1019,137,89,54,46,48,8
2023-07-10,1019,112,79,96,47,33,49
2023-07-11,1019,144,74,54,45,70,9
2023-07-12,1019,136,68,83,40,68,43
2023-07-13,1019,148,90,96,39,58,57
2023-07-14,1019,133,73,87,32,60,55
2023-07-15,1019,149,70,86,30,79,56
2023-07-16,1019,104,89,97,48,15,49
2023-07-17,1019,115,78,78,31,37,47
2023-07-18,1019,149,81,60,45,68,15
2023-07-19,1019,111,74,50,47,37,3
2023-07-20,1019,135,85,87,42,50,45
2023-07-21,1019,145,87,71,44,58,27
2023-07-22,1019,136,84,86,40,52,46
2023-07-23,1019,144,72,77,43,72,34
2023-07-24,1019,109,65,84,48,44,36
2023-07-25,1019,148,86,86,37,62,49
2023-07-26,1019,137,95,90,34,42,56
2023-07-27,1019,109,76,68,42,33,26
2023-07-28,1019,132,56,73,39,76,34
2023-07-29,1019,115,74,65,45,41,20
2023-07-30,1019,118,80,80,36,38,44
2023-07-31,1019,109,88,77,43,21,34
2023-08-01,1019,131,97,57,39,34,18
2023-08-02,1019,129,73,100,41,56,59
2023-08-03,1019,111,78,92,36,33,56
2023-08-04,1019,112,97,96,41,15,55
2023-08-05,1019,138,71,62,42,67,20
2023-08-06,1019,148,82,100,37,66,63
2023-08-07,1019,134,70,82,39,64,43
2023-08-08,1019,108,93,52,51,15,1
2023-08-09,1019,142,88,75,36,54,39
2023-08-10,1019,129,72,60,39,57,21
2023-08-11,1019,105,86,81,46,19,35
2023-08-12,1019,110,98,93,35,12,58
2023-08-13,1019,133,81,74,46,52,28
2023-08-14,1019,106,92,95,35,14,60
2023-08-15,1019,129,82,70,47,47,23
2023-08-16,1019,104,91,79,34,13,45
2023-08-17,1019,136,91,90,50,45,40
2023-08-18,1019,138,80,99,55,58,44
2023-08-19,1019,124,87,73,36,37,37
2023-08-20,1019,133,83,88,47,50,41
2023-08-21,1019,123,71,59,40,52,19
2023-08-22,1019,127,81,88,38,46,50
2023-08-23,1019,124,78,63,57,46,6
2023-08-24,1019,137,78,77,48,59,29
2023-08-25,1019,130,82,91,30,48,61
2023-08-26,1019,107,92,100,38,15,62
2023-08-27,1019,129,97,50,40,32,10
2023-08-28,1019,108,73,89,37,35,52
2023-08-29,1019,103,74,56,41,29,15
2023-08-30,1019,134,76,70,43,58,27
2023-08-31,1019,121,86,90,32,35,58
2023-09-01,1019,123,68,64,43,55,21
2023-09-02,1019,102,76,97,46,26,51
2023-09-03,1019,143,86,100,41,57,59
2023-09-04,1019,148,67,82,40,81,42
2023-09-05,1019,136,68,75,39,68,36
2023-09-06,1019,144,82,54,36,62,18
2023-09-07,1019,150,78,53,40,72,13
2023-09-08,1019,124,79,83,28,45,55
2023-09-09,1019,114,72,78,42,42,36
2023-09-10,1019,125,83,74,40,42,34
2023-09-11,1019,103,85,63,39,18,24
2023-09-12,1019,129,90,79,44,39,35
2023-09-13,1019,111,88,62,40,23,22
2023-09-14,1019,109,85,73,31,24,42
2023-09-15,1019,102,83,97,38,19,59
2023-09-16,1019,113,88,56,43,25,13
2023-09-17,1019,111,87,61,33,24,28
2023-09-18,1019,146,71,97,45,75,52
2023-09-19,1019,115,85,88,51,30,37
2023-09-20,1019,140,81,71,42,59,29
2023-09-21,1019,122,88,82,45,34,37
2023-09-22,1019,104,78,90,35,26,55
2023-09-23,1019,147,95,82,29,52,53
2023-09-24,1019,137,79,72,45,58,27
2023-09-25,1019,116,72,68,34,44,34
2023-09-26,1019,143,93,61,39,50,22
2023-09-27,1019,107,76,88,46,31,42
2023-09-28,1019,129,73,74,36,56,38
2023-09-29,1019,115,84,93,31,31,62
2023-09-30,1019,124,85,59,38,39,21
2023-10-01,1019,144,79,95,38,65,57
2023-10-02,1019,108,62,63,35,46,28
2023-10-03,1019,141,75,97,40,66,57
2023-10-04,1019,139,83,71,44,56,27
2023-10-05,1019,122,70,53,30,52,23
2023-10-06,1019,129,76,78,51,53,27
2023-10-07,1019,130,95,88,43,35,45
2023-10-08,1019,112,71,77,42,41,35
2023-10-09,1019,148,94,56,30,54,26
2023-10-10,1019,104,73,98,30,31,68
2023-10-11,1019,129,87,74,32,42,42
2023-10-12,1019,101,92,57,43,9,14
2023-10-13,1019,106,82,82,47,24,35
2023-10-14,1019,144,94,74,43,50,31
2023-10-15,1019,110,73,96,31,37,65
2023-10-16,1019,125,87,53,42,38,11
2023-10-17,1019,119,83,75,36,36,39
2023-10-18,1019,149,86,67,40,63,27
2023-10-19,1019,125,74,74,56,51,18
2023-10-20,1019,114,75,91,38,39,53
2023-10-21,1019,107,75,61,39,32,22
2023-10-22,1019,127,63,72,42,64,30
2023-10-23,1019,105,76,95,31,29,64
2023-10-24,1019,127,80,64,44,47,20
2023-10-25,1019,145,75,66,39,70,27
2023-10-26,1019,118,89,77,56,29,21
2023-10-27,1019,106,72,52,31,34,21
2023-10-28,1019,139,72,62,52,67,10
2023-10-29,1019,133,72,64,48,61,16
2023-10-30,1019,104,81,85,45,23,40
2023-10-31,1019,118,78,91,44,40,47
2023-11-01,1019,113,79,91,38,34,53
2023-11-02,1019,109,71,66,36,38,30
2023-11-03,1019,125,89,94,43,36,51
2023-11-04,1019,108,79,53,38,29,15
2023-11-05,1019,130,103,65,35,27,30
2023-11-06,1019,150,96,84,33,54,51
2023-11-07,1019,136,68,62,52,68,10
2023-11-08,1019,105,68,73,40,37,33
2023-11-09,1019,148,72,62,46,76,16
2023-11-10,1019,112,85,92,48,27,44
2023-11-11,1019,148,71,52,38,77,14
2023-11-12,1019,122,80,70,39,42,31
2023-11-13,1019,122,82,83,42,40,41
2023-11-14,1019,149,78,62,42,71,20
2023-11-15,1019,106,86,83,39,20,44
2023-11-16,1019,149,93,99,49,56,50
2023-11-17,1019,128,82,88,30,46,58
2023-11-18,1019,120,86,99,37,34,62
2023-11-19,1019,140,79,71,44,61,27
2023-11-20,1019,117,74,71,32,43,39
2023-11-21,1019,102,84,89,36,18,53
2023-11-22,1019,125,81,66,38,44,28
2023-11-23,1019,121,79,64,41,42,23
2023-11-24,1019,147,70,89,37,77,52
2023-11-25,1019,124,84,83,45,40,38
2023-11-26,1019,126,92,94,32,34,62
2023-11-27,1019,105,90,69,39,15,30
2023-11-28,1019,144,61,85,50,83,35
2023-11-29,1019,141,86,79,45,55,34
2023-11-30,1019,130,73,51,34,57,17
2023-12-01,1019,103,95,69,42,8,27
2023-12-02,1019,104,79,71,47,25,24
2023-12-03,1019,124,77,69,38,47,31
2023-12-04,1019,138,90,57,46,48,11
2023-12-05,1019,130,74,94,31,56,63
2023-12-06,1019,149,77,58,29,72,29
2023-12-07,1019,131,78,95,41,53,54
2023-12-08,1019,144,86,67,47,58,20
2023-12-09,1019,115,76,93,43,39,50
2023-12-10,1019,139,87,73,47,52,26
2023-12-11,1019,103,90,85,37,13,48
2023-12-12,1019,145,61,83,35,84,48
2023-12-13,1019,140,100,76,50,40,26
2023-12-14,1019,131,81,77,37,50,40
2023-12-15,1019,117,75,79,48,42,31
2023-12-16,1019,127,79,84,29,48,55
2023-12-17,1019,144,91,68,36,53,32
2023-12-18,1019,109,70,94,43,39,51
2023-12-19,1019,135,76,94,39,59,55
2023-12-20,1019,117,85,86,32,32,54
2023-12-21,1019,135,83,50,33,52,17
2023-12-22,1019,111,70,55,44,41,11
2023-12-23,1019,123,77,88,28,46,60
2023-12-24,1019,140,79,80,40,61,40
2023-12-25,1019,123,100,66,38,23,28
2023-12-26,1019,138,79,91,25,59,66
2023-12-27,1019,130,88,68,49,42,19
2023-12-28,1019,139,74,61,40,65,21
2023-12-29,1019,132,83,67,35,49,32
2023-12-30,1019,103,84,93,29,19,64
2023-12-31,1019,103,87,72,46,16,26
2023-01-01,1020,132,62,71,41,70,30
2023-01-02,1020,121,85,96,43,36,53
2023-01-03,1020,100,80,98,42,20,56
2023-01-04,1020,105,90,93,48,15,45
2023-01-05,1020,121,91,74,44,30,30
2023-01-06,1020,131,74,83,42,57,41
2023-01-07,1020,103,82,63,34,21,29
2023-01-08,1020,136,79,78,40,57,38
2023-01-09,1020,110,91,59,41,19,18
2023-01-10,1020,111,83,61,46,28,15
2023-01-11,1020,133,100,57,27,33,30
2023-01-12,1020,143,75,58,26,68,32
2023-01-13,1020,111,80,68,45,31,23
2023-01-14,1020,113,72,66,39,41,27
2023-01-15,1020,110,86,94,34,24,60
2023-01-16,1020,119,71,95,36,48,59
2023-01-17,1020,140,92,57,45,48,12
2023-01-18,1020,120,65,57,39,55,18
2023-01-19,1020,119,82,77,40,37,37
2023-01-20,1020,150,89,95,52,61,43
2023-01-21,1020,104,90,54,53,14,1
2023-01-22,1020,149,83,82,43,66,39
2023-01-23,1020,129,82,82,31,47,51
2023-01-24,1020,138,92,96,41,46,55
2023-01-25,1020,143,89,59,50,54,9
2023-01-26,1020,111,73,86,44,38,42
2023-01-27,1020,120,85,81,43,35,38
2023-01-28,1020,122,72,62,51,50,11
2023-01-29,1020,114,80,77,44,34,33
2023-01-30,1020,122,79,59,34,43,25
2023-01-31,1020,115,76,98,28,39,70
2023-02-01,1020,138,82,59,43,56,16
2023-02-02,1020,122,73,63,40,49,23
2023-02-03,1020,115,67,71,32,48,39
2023-02-04,1020,114,83,83,41,31,42
2023-02-05,1020,122,76,62,46,46,16
2023-02-06,1020,102,78,83,34,24,49
2023-02-07,1020,145,77,54,35,68,19
2023-02-08,1020,119,75,78,43,44,35
2023-02-09,1020,135,85,62,41,50,21
2023-02-10,1020,137,86,51,29,51,22
2023-02-11,1020,123,74,75,39,49,36
2023-02-12,1020,143,80,71,37,63,34
2023-02-13,1020,149,75,94,35,74,59
2023-02-14,1020,139,86,75,41,53,34
2023-02-15,1020,116,72,64,41,44,23
2023-02-16,1020,107,74,94,42,33,52
2023-02-17,1020,148,72,99,49,76,50
2023-02-18,1020,133,72,77,45,61,32
2023-02-19,1020,116,68,97,30,48,67
2023-02-20,1020,135,91,78,33,44,45
2023-02-21,1020,141,73,87,38,68,49
2023-02-22,1020,125,104,83,49,21,34
2023-02-23,1020,108,85,58,39,23,19
2023-02-24,1020,109,75,71,46,34,25
2023-02-25,1020,119,90,61,38,29,23
2023-02-26,1020,114,78,61,42,36,19
2023-02-27,1020,113,87,96,32,26,64
2023-02-28,1020,144,66,76,42,78,34
2023-03-01,1020,124,74,92,38,50,54
2023-03-02,1020,143,78,82,39,65,43
2023-03-03,1020,149,88,68,34,61,34
2023-03-04,1020,105,70,76,38,35,38
2023-03-05,1020,131,57,98,26,74,72
2023-03-06,1020,105,86,84,39,19,45
2023-03-07,1020,105,82,62,43,23,19
2023-03-08,1020,136,78,64,34,58,30
2023-03-09,1020,139,94,63,45,45,18
2023-03-10,1020,139,89,61,32,50,29
2023-03-11,1020,107,70,98,31,37,67
2023-03-12,1020,102,83,71,36,19,35
2023-03-13,1020,140,65,78,36,75,42
2023-03-14,1020,132,76,95,40,56,55
2023-03-15,1020,144,70,75,43,74,32
2023-03-16,1020,133,78,76,35,55,41
2023-03-17,1020,120,78,93,44,42,49
2023-03-18,1020,142,100,77,42,42,35
2023-03-19,1020,101,70,57,44,31,13
2023-03-20,1020,120,63,66,37,57,29
2023-03-21,1020,102,87,61,43,15,18
2023-03-22,1020,113,73,59,42,40,17
2023-03-23,1020,125,92,93,39,33,54
2023-03-24,1020,107,84,56,39,23,17
2023-03-25,1020,104,72,97,33,32,64
2023-03-26,1020,123,73,76,40,50,36
2023-03-27,1020,114,90,63,28,24,35
2023-03-28,1020,130,90,90,43,40,47
2023-03-29,1020,148,74,87,36,74,51
2023-03-30,1020,130,70,88,35,60,53
2023-03-31,1020,101,78,98,35,23,63
2023-04-01,1020,146,75,81,39,71,42
2023-04-02,1020,115,72,67,32,43,35
2023-04-03,1020,109,75,71,38,34,33
2023-04-04,1020,113,93,80,30,20,50
2023-04-05,1020,103,68,90,39,35,51
2023-04-06,1020,121,89,83,40,32,43
2023-04-07,1020,123,66,99,50,57,49
2023-04-08,1020,126,72,93,38,54,55
2023-04-09,1020,144,75,56,45,69,11
2023-04-10,1020,146,73,58,49,73,9
2023-04-11,1020,111,74,91,53,37,38
2023-04-12,1020,142,84,80,50,58,30
2023-04-13,1020,115,81,100,44,34,56
2023-04-14,1020,150,80,64,53,70,11
2023-04-15,1020,130,74,86,38,56,48
2023-04-16,1020,136,93,59,42,43,17
2023-04-17,1020,131,90,90,29,41,61
2023-04-18,1020,135,89,81,43,46,38
2023-04-19,1020,113,78,80,45,35,35
2023-04-20,1020,115,93,90,32,22,58
2023-04-21,1020,102,73,96,48,29,48
2023-04-22,1020,102,66,50,47,36,3
2023-04-23,1020,100,84,87,37,16,50
2023-04-24,1020,148,96,90,48,52,42
2023-04-25,1020,132,78,72,41,54,31
2023-04-26,1020,127,70,97,40,57,57
2023-04-27,1020,125,73,77,46,52,31
2023-04-28,1020,124,72,75,46,52,29
2023-04-29,1020,140,87,86,39,53,47
2023-04-30,1020,107,73,61,44,34,17
2023-05-01,1020,117,78,65,37,39,28
2023-05-02,1020,105,89,84,43,16,41
2023-05-03,1020,129,87,51,39,42,12
2023-05-04,1020,135,71,60,41,64,19
2023-05-05,1020,104,88,50,34,16,16
2023-05-06,1020,106,69,74,42,37,32
2023-05-07,1020,123,102,57,47,21,10
2023-05-08,1020,129,80,89,38,49,51
2023-05-09,1020,148,72,67,32,76,35
2023-05-10,1020,114,71,95,36,43,59
2023-05-11,1020,129,91,99,36,38,63
2023-05-12,1020,139,77,66,36,62,30
2023-05-13,1020,123,75,61,44,48,17
2023-05-14,1020,127,80,50,46,47,4
2023-05-15,1020,112,68,50,41,44,9
2023-05-16,1020,121,87,84,36,34,48
2023-05-17,1020,139,78,65,40,61,25
2023-05-18,1020,104,79,94,29,25,65
2023-05-19,1020,102,80,85,38,22,47
2023-05-20,1020,102,69,82,35,33,47
2023-05-21,1020,105,90,81,43,15,38
2023-05-22,1020,109,70,59,39,39,20
2023-05-23,1020,132,78,70,42,54,28
2023-05-24,1020,116,94,100,47,22,53
2023-05-25,1020,141,77,73,39,64,34
2023-05-26,1020,123,98,73,34,25,39
2023-05-27,1020,133,72,80,39,61,41
2023-05-28,1020,112,75,50,50,37,0
2023-05-29,1020,126,77,69,45,49,24
2023-05-30,1020,123,75,82,35,48,47
2023-05-31,1020,118,80,75,47,38,28
2023-06-01,1020,134,72,62,44,62,18
2023-06-02,1020,136,75,96,41,61,55
2023-06-03,1020,147,80,84,40,67,44
2023-06-04,1020,130,94,73,38,36,35
2023-06-05,1020,142,99,74,43,43,31
2023-06-06,1020,139,84,66,37,55,29
2023-06-07,1020,120,71,85,37,49,48
2023-06-08,1020,135,81,68,36,54,32
2023-06-09,1020,102,86,58,39,16,19
2023-06-10,1020,109,75,75,44,34,31
2023-06-11,1020,128,78,99,38,50,61
2023-06-12,1020,102,70,51,48,32,3
2023-06-13,1020,125,75,60,40,50,20
2023-06-14,1020,119,86,93,46,33,47
2023-06-15,1020,139,80,77,34,59,43
2023-06-16,1020,124,81,76,42,43,34
2023-06-17,1020,128,81,64,34,47,30
2023-06-18,1020,113,68,91,39,45,52
2023-06-19,1020,141,74,99,49,67,50
2023-06-20,1020,130,66,98,40,64,58
2023-06-21,1020,138,75,92,37,63,55
2023-06-22,1020,102,67,79,40,35,39
2023-06-23,1020,111,81,74,46,30,28
2023-06-24,1020,102,65,83,37,37,46
2023-06-25,1020,117,80,81,44,37,37
2023-06-26,1020,132,67,86,44,65,42
2023-06-27,1020,109,79,98,50,30,48
2023-06-28,1020,105,84,78,37,21,41
2023-06-29,1020,115,78,56,28,37,28
2023-06-30,1020,111,76,71,35,35,36
2023-07-01,1020,131,74,65,50,57,15
2023-07-02,1020,115,71,70,32,44,38
2023-07-03,1020,131,80,89,45,51,44
2023-07-04,1020,132,77,91,48,55,43
2023-07-05,1020,149,91,72,37,58,35
2023-07-06,1020,105,87,69,34,18,35
2023-07-07,1020,112,76,97,34,36,63
2023-07-08,1020,105,79,79,25,26,54
2023-07-09,1020,142,84,81,35,58,46
2023-07-10,1020,131,89,69,43,42,26
2023-07-11,1020,108,77,99,42,31,57
2023-07-12,1020,133,97,95,38,36,57
2023-07-13,1020,133,98,82,34,35,48
2023-07-14,1020,141,84,73,41,57,32
2023-07-15,1020,101,66,93,44,35,49
2023-07-16,1020,150,62,60,46,88,14
2023-07-17,1020,143,74,87,44,69,43
2023-07-18,1020,121,82,98,40,39,58
2023-07-19,1020,105,80,72,44,25,28
2023-07-20,1020,134,84,53,55,50,-2
2023-07-21,1020,123,84,76,43,39,33
2023-07-22,1020,136,88,94,47,48,47
2023-07-23,1020,125,75,73,42,50,31
2023-07-24,1020,116,100,68,45,16,23
2023-07-25,1020,139,94,74,41,45,33
2023-07-26,1020,128,81,60,42,47,18
2023-07-27,1020,101,72,86,35,29,51
2023-07-28,1020,122,73,76,37,49,39
2023-07-29,1020,120,68,63,48,52,15
2023-07-30,1020,126,63,56,47,63,9
2023-07-31,1020,126,76,61,51,50,10
2023-08-01,1020,116,89,91,37,27,54
2023-08-02,1020,111,93,64,31,18,33
2023-08-03,1020,106,64,88,43,42,45
2023-08-04,1020,136,69,96,41,67,55
2023-08-05,1020,144,78,93,38,66,55
2023-08-06,1020,149,96,50,48,53,2
2023-08-07,1020,122,79,98,30,43,68
2023-08-08,1020,103,81,69,43,22,26
2023-08-09,1020,102,90,63,37,12,26
2023-08-10,1020,111,83,82,45,28,37
2023-08-11,1020,130,85,60,47,45,13
2023-08-12,1020,139,94,51,46,45,5
2023-08-13,1020,107,82,58,52,25,6
2023-08-14,1020,120,90,95,39,30,56
2023-08-15,1020,124,87,76,35,37,41
2023-08-16,1020,141,70,100,45,71,55
2023-08-17,1020,147,104,88,33,43,55
2023-08-18,1020,112,91,53,36,21,17
2023-08-19,1020,107,78,70,44,29,26
2023-08-20,1020,118,74,57,30,44,27
2023-08-21,1020,115,78,86,36,37,50
2023-08-22,1020,137,91,72,25,46,47
2023-08-23,1020,139,79,62,43,60,19
2023-08-24,1020,121,82,70,38,39,32
2023-08-25,1020,106,84,89,39,22,50
2023-08-26,1020,130,79,86,40,51,46
2023-08-27,1020,135,84,82,41,51,41
2023-08-28,1020,115,79,53,40,36,13
2023-08-29,1020,128,85,70,46,43,24
2023-08-30,1020,106,85,87,44,21,43
2023-08-31,1020,118,86,53,42,32,11
2023-09-01,1020,144,67,95,34,77,61
2023-09-02,1020,124,80,60,31,44,29
2023-09-03,1020,106,72,88,39,34,49
2023-09-04,1020,109,95,89,41,14,48
2023-09-05,1020,137,64,95,45,73,50
2023-09-06,1020,147,77,88,37,70,51
2023-09-07,1020,141,78,85,48,63,37
2023-09-08,1020,111,78,76,43,33,33
2023-09-09,1020,102,76,64,47,26,17
2023-09-10,1020,135,84,65,46,51,19
2023-09-11,1020,138,90,74,31,48,43
2023-09-12,1020,150,87,91,53,63,38
2023-09-13,1020,125,79,96,45,46,51
2023-09-14,1020,134,66,63,45,68,18
2023-09-15,1020,100,73,76,44,27,32
2023-09-16,1020,134,68,88,43,66,45
2023-09-17,1020,127,84,65,47,43,18
2023-09-18,1020,106,94,56,36,12,20
2023-09-19,1020,143,87,90,37,56,53
2023-09-20,1020,150,65,84,34,85,50
2023-09-21,1020,141,90,92,46,51,46
2023-09-22,1020,145,92,100,32,53,68
2023-09-23,1020,137,81,70,42,56,28
2023-09-24,1020,119,102,83,39,17,44
2023-09-25,1020,140,89,97,37,51,60
2023-09-26,1020,101,74,84,36,27,48
2023-09-27,1020,150,86,76,44,64,32
2023-09-28,1020,122,79,75,38,43,37
2023-09-29,1020,109,106,88,43,3,45
2023-09-30,1020,102,89,62,41,13,21
2023-10-01,1020,133,77,54,35,56,19
2023-10-02,1020,150,76,88,42,74,46
2023-10-03,1020,122,86,92,34,36,58
2023-10-04,1020,117,69,70,40,48,30
2023-10-05,1020,139,82,57,43,57,14
2023-10-06,1020,132,80,76,35,52,41
2023-10-07,1020,102,78,75,43,24,32
2023-10-08,1020,147,77,83,40,70,43
2023-10-09,1020,111,75,86,35,36,51
2023-10-10,1020,107,75,59,51,32,8
2023-10-11,1020,143,84,86,29,59,57
2023-10-12,1020,137,90,93,33,47,60
2023-10-13,1020,101,81,83,40,20,43
2023-10-14,1020,113,79,69,42,34,27
2023-10-15,1020,136,76,79,37,60,42
2023-10-16,1020,139,94,96,43,45,53
2023-10-17,1020,142,90,79,50,52,29
2023-10-18,1020,140,82,87,49,58,38
2023-10-19,1020,113,81,69,45,32,24
2023-10-20,1020,127,74,76,40,53,36
2023-10-21,1020,123,65,88,47,58,41
2023-10-22,1020,136,72,70,31,64,39
2023-10-23,1020,134,73,76,36,61,40
2023-10-24,1020,107,77,73,32,30,41
2023-10-25,1020,127,95,73,35,32,38
2023-10-26,1020,120,68,85,32,52,53
2023-10-27,1020,147,69,95,33,78,62
2023-10-28,1020,130,77,71,52,53,19
2023-10-29,1020,123,103,60,40,20,20
2023-10-30,1020,123,87,63,25,36,38
2023-10-31,1020,116,82,99,40,34,59
2023-11-01,1020,134,82,78,43,52,35
2023-11-02,1020,133,97,89,40,36,49
2023-11-03,1020,112,73,94,47,39,47
2023-11-04,1020,120,86,59,48,34,11
2023-11-05,1020,102,85,61,38,17,23
2023-11-06,1020,109,56,55,44,53,11
2023-11-07,1020,116,86,84,36,30,48
2023-11-08,1020,108,69,75,33,39,42
2023-11-09,1020,122,87,75,36,35,39
2023-11-10,1020,103,80,69,40,23,29
2023-11-11,1020,141,77,89,33,64,56
2023-11-12,1020,117,88,71,34,29,37
2023-11-13,1020,108,77,78,25,31,53
2023-11-14,1020,149,79,88,45,70,43
2023-11-15,1020,141,69,51,45,72,6
2023-11-16,1020,127,69,70,51,58,19
2023-11-17,1020,123,104,84,34,19,50
2023-11-18,1020,112,91,98,42,21,56
2023-11-19,1020,128,89,90,37,39,53
2023-11-20,1020,127,83,53,36,44,17
2023-11-21,1020,144,89,72,35,55,37
2023-11-22,1020,105,78,58,45,27,13
2023-11-23,1020,144,81,77,38,63,39
2023-11-24,1020,108,73,90,43,35,47
2023-11-25,1020,141,76,69,48,65,21
2023-11-26,1020,112,89,57,39,23,18
2023-11-27,1020,100,75,75,38,25,37
2023-11-28,1020,113,102,92,36,11,56
2023-11-29,1020,100,83,99,53,17,46
2023-11-30,1020,101,75,66,43,26,23
2023-12-01,1020,123,79,82,40,44,42
2023-12-02,1020,140,68,97,49,72,48
2023-12-03,1020,147,76,84,40,71,44
2023-12-04,1020,136,66,88,36,70,52
2023-12-05,1020,127,66,63,37,61,26
2023-12-06,1020,116,83,99,50,33,49
2023-12-07,1020,117,73,72,29,44,43
2023-12-08,1020,138,77,56,30,61,26
2023-12-09,1020,128,68,93,28,60,65
2023-12-10,1020,116,72,72,38,44,34
2023-12-11,1020,121,80,52,40,41,12
2023-12-12,1020,123,74,51,38,49,13
2023-12-13,1020,123,82,52,34,41,18
2023-12-14,1020,138,85,98,33,53,65
2023-12-15,1020,147,78,95,35,69,60
2023-12-16,1020,149,81,50,46,68,4
2023-12-17,1020,108,83,61,37,25,24
2023-12-18,1020,106,78,65,35,28,30
2023-12-19,1020,149,76,81,39,73,42
2023-12-20,1020,117,76,55,44,41,11
2023-12-21,1020,150,65,68,27,85,41
2023-12-22,1020,127,86,52,52,41,0
2023-12-23,1020,137,86,88,39,51,49
2023-12-24,1020,139,70,51,39,69,12
2023-12-25,1020,107,74,85,39,33,46
2023-12-26,1020,144,71,80,43,73,37
2023-12-27,1020,121,88,80,40,33,40
2023-12-28,1020,107,64,97,56,43,41
2023-12-29,1020,129,81,69,34,48,35
2023-12-30,1020,124,73,98,39,51,59
2023-12-31,1020,134,70,76,43,64,33
2023-01-01,1021,149,61,58,41,88,17
2023-01-02,1021,117,87,82,50,30,32
2023-01-03,1021,119,78,59,40,41,19
2023-01-04,1021,120,88,65,49,32,16
2023-01-05,1021,102,79,63,40,23,23
2023-01-06,1021,117,83,98,23,34,75
2023-01-07,1021,115,71,81,48,44,33
2023-01-08,1021,137,78,93,42,59,51
2023-01-09,1021,131,74,88,41,57,47
2023-01-10,1021,106,74,95,43,32,52
2023-01-11,1021,124,81,53,34,43,19
2023-01-12,1021,133,71,67,35,62,32
2023-01-13,1021,137,79,100,44,58,56
2023-01-14,1021,149,72,79,39,77,40
2023-01-15,1021,130,85,96,42,45,54
2023-01-16,1021,142,68,64,37,74,27
2023-01-17,1021,137,94,68,33,43,35
2023-01-18,1021,130,85,68,41,45,27
2023-01-19,1021,149,92,95,47,57,48
2023-01-20,1021,118,92,58,43,26,15
2023-01-21,1021,136,66,92,46,70,46
2023-01-22,1021,101,81,85,38,20,47
2023-01-23,1021,138,88,88,50,50,38
2023-01-24,1021,123,78,72,55,45,17
2023-01-25,1021,149,78,94,39,71,55
2023-01-26,1021,148,93,59,31,55,28
2023-01-27,1021,112,90,57,31,22,26
2023-01-28,1021,145,73,70,35,72,35
2023-01-29,1021,136,82,92,35,54,57
2023-01-30,1021,104,81,51,35,23,16
2023-01-31,1021,142,94,82,35,48,47
2023-02-01,1021,133,71,78,47,62,31
2023-02-02,1021,146,86,82,39,60,43
2023-02-03,1021,140,79,57,42,61,15
2023-02-04,1021,108,94,51,44,14,7
2023-02-05,1021,145,98,70,37,47,33
2023-02-06,1021,103,88,50,29,15,21
2023-02-07,1021,142,80,90,54,62,36
2023-02-08,1021,150,62,89,44,88,45
2023-02-09,1021,119,89,71,32,30,39
2023-02-10,1021,124,85,74,44,39,30
2023-02-11,1021,129,76,91,45,53,46
2023-02-12,1021,108,83,91,56,25,35
2023-02-13,1021,148,72,78,32,76,46
2023-02-14,1021,116,82,87,40,34,47
2023-02-15,1021,114,89,76,39,25,37
2023-02-16,1021,104,79,56,43,25,13
2023-02-17,1021,113,95,52,43,18,9
2023-02-18,1021,131,71,64,33,60,31
2023-02-19,1021,144,90,91,52,54,39
2023-02-20,1021,150,74,53,49,76,4
2023-02-21,1021,134,88,68,45,46,23
2023-02-22,1021,139,78,73,37,61,36
2023-02-23,1021,130,63,87,50,67,37
2023-02-24,1021,121,77,69,44,44,25
2023-02-25,1021,146,67,64,40,79,24
2023-02-26,1021,120,78,70,49,42,21
2023-02-27,1021,138,82,65,46,56,19
2023-02-28,1021,145,77,90,32,68,58
2023-03-01,1021,102,84,81,30,18,51
2023-03-02,1021,141,80,75,53,61,22
2023-03-03,1021,143,75,91,40,68,51
2023-03-04,1021,125,77,75,38,48,37
2023-03-05,1021,106,77,90,32,29,58
2023-03-06,1021,134,83,85,41,51,44
2023-03-07,1021,131,90,74,34,41,40
2023-03-08,1021,129,83,92,44,46,48
2023-03-09,1021,105,70,50,41,35,9
2023-03-10,1021,127,92,61,42,35,19
2023-03-11,1021,131,71,53,32,60,21
2023-03-12,1021,148,84,95,39,64,56
2023-03-13,1021,100,77,96,32,23,64
2023-03-14,1021,117,74,50,37,43,13
2023-03-15,1021,140,78,98,44,62,54
2023-03-16,1021,109,73,98,47,36,51
2023-03-17,1021,109,93,91,41,16,50
2023-03-18,1021,139,87,60,41,52,19
2023-03-19,1021,106,77,90,45,29,45
2023-03-20,1021,107,64,63,42,43,21
2023-03-21,1021,150,75,86,41,75,45
2023-03-22,1021,147,91,52,38,56,14
2023-03-23,1021,143,92,53,41,51,12
2023-03-24,1021,101,80,50,38,21,12
2023-03-25,1021,104,75,52,38,29,14
2023-03-26,1021,116,77,52,42,39,10
2023-03-27,1021,123,91,59,43,32,16
2023-03-28,1021,109,63,88,32,46,56
2023-03-29,1021,107,73,72,47,34,25
2023-03-30,1021,102,88,63,44,14,19
2023-03-31,1021,120,84,82,45,36,37
2023-04-01,1021,142,83,73,32,59,41
2023-04-02,1021,102,69,53,42,33,11
2023-04-03,1021,150,73,83,48,77,35
2023-04-04,1021,139,75,84,47,64,37
2023-04-05,1021,118,81,99,37,37,62
2023-04-06,1021,106,65,91,41,41,50
2023-04-07,1021,122,86,71,37,36,34
2023-04-08,1021,140,75,61,30,65,31
2023-04-09,1021,123,83,97,38,40,59
2023-04-10,1021,139,85,64,32,54,32
2023-04-11,1021,114,77,71,35,37,36
2023-04-12,1021,149,85,96,44,64,52
2023-04-13,1021,104,70,71,42,34,29
2023-04-14,1021,148,74,58,46,74,12
2023-04-15,1021,100,92,80,43,8,37
2023-04-16,1021,119,97,70,40,22,30
2023-04-17,1021,149,58,88,32,91,56
2023-04-18,1021,126,91,100,51,35,49
2023-04-19,1021,130,67,90,47,63,43
2023-04-20,1021,126,68,95,34,58,61
2023-04-21,1021,119,64,92,47,55,45
2023-04-22,1021,125,76,91,31,49,60
2023-04-23,1021,138,82,83,47,56,36
2023-04-24,1021,101,100,54,35,1,19
2023-04-25,1021,147,71,97,34,76,63
2023-04-26,1021,118,82,99,44,36,55
2023-04-27,1021,104,62,95,37,42,58
2023-04-28,1021,127,71,75,33,56,42
2023-04-29,1021,145,76,76,45,69,31
2023-04-30,1021,129,93,98,46,36,52
2023-05-01,1021,136,91,69,42,45,27
2023-05-02,1021,114,87,81,48,27,33
2023-05-03,1021,138,76,61,30,62,31
2023-05-04,1021,139,87,63,37,52,26
2023-05-05,1021,132,83,84,35,49,49
2023-05-06,1021,117,78,80,33,39,47
2023-05-07,1021,106,76,97,36,30,61
2023-05-08,1021,127,98,74,43,29,31
2023-05-09,1021,108,67,74,42,41,32
2023-05-10,1021,139,66,62,31,73,31
2023-05-11,1021,137,85,94,27,52,67
2023-05-12,1021,128,77,58,36,51,22
2023-05-13,1021,102,80,88,43,22,45
2023-05-14,1021,107,84,68,47,23,21
2023-05-15,1021,140,88,77,42,52,35
2023-05-16,1021,111,93,98,44,18,54
2023-05-17,1021,123,95,97,30,28,67
2023-05-18,1021,116,60,52,38,56,14
2023-05-19,1021,112,59,55,35,53,20
2023-05-20,1021,102,85,62,43,17,19
2023-05-21,1021,101,69,98,36,32,62
2023-05-22,1021,127,81,58,37,46,21
2023-05-23,1021,106,77,70,34,29,36
2023-05-24,1021,130,67,96,45,63,51
2023-05-25,1021,116,81,57,39,35,18
2023-05-26,1021,134,76,56,40,58,16
2023-05-27,1021,106,52,92,35,54,57
2023-05-28,1021,129,89,75,40,40,35
2023-05-29,1021,145,93,78,42,52,36
2023-05-30,1021,123,71,100,40,52,60
2023-05-31,1021,111,71,76,39,40,37
2023-06-01,1021,132,81,72,52,51,20
2023-06-02,1021,106,66,88,48,40,40
2023-06-03,1021,125,78,100,26,47,74
2023-06-04,1021,109,83,75,43,26,32
2023-06-05,1021,147,85,65,42,62,23
2023-06-06,1021,130,83,83,36,47,47
2023-06-07,1021,130,92,99,47,38,52
2023-06-08,1021,138,64,62,42,74,20
2023-06-09,1021,121,91,51,33,30,18
2023-06-10,1021,148,88,99,30,60,69
2023-06-11,1021,106,87,75,42,19,33
2023-06-12,1021,142,85,75,48,57,27
2023-06-13,1021,120,83,65,38,37,27
2023-06-14,1021,144,88,85,43,56,42
2023-06-15,1021,135,82,52,39,53,13
2023-06-16,1021,122,69,83,33,53,50
2023-06-17,1021,134,79,84,51,55,33
2023-06-18,1021,109,108,65,51,1,14
2023-06-19,1021,138,78,74,29,60,45
2023-06-20,1021,131,79,75,41,52,34
2023-06-21,1021,100,79,94,36,21,58
2023-06-22,1021,125,82,53,26,43,27
2023-06-23,1021,102,89,89,44,13,45
2023-06-24,1021,122,82,52,38,40,14
2023-06-25,1021,103,80,65,33,23,32
2023-06-26,1021,101,64,50,45,37,5
2023-06-27,1021,110,66,80,37,44,43
2023-06-28,1021,136,70,75,39,66,36
2023-06-29,1021,119,92,82,37,27,45
2023-06-30,1021,132,60,68,41,72,27
2023-07-01,1021,106,86,50,34,20,16
2023-07-02,1021,119,77,75,44,42,31
2023-07-03,1021,125,101,71,36,24,35
2023-07-04,1021,109,84,82,29,25,53
2023-07-05,1021,128,76,79,45,52,34
2023-07-06,1021,122,61,54,38,61,16
2023-07-07,1021,134,83,77,53,51,24
2023-07-08,1021,102,61,63,26,41,37
2023-07-09,1021,128,100,89,42,28,47
2023-07-10,1021,141,88,99,37,53,62
2023-07-11,1021,142,72,70,38,70,32
2023-07-12,1021,123,78,52,35,45,17
2023-07-13,1021,116,78,86,42,38,44
2023-07-14,1021,122,60,77,39,62,38
2023-07-15,1021,118,74,59,35,44,24
2023-07-16,1021,138,71,74,40,67,34
2023-07-17,1021,144,76,55,43,68,12
2023-07-18,1021,117,63,86,35,54,51
2023-07-19,1021,127,69,98,51,58,47
2023-07-20,1021,116,78,87,46,38,41
2023-07-21,1021,110,84,80,66,26,14
2023-07-22,1021,103,82,88,41,21,47
2023-07-23,1021,121,90,72,35,31,37
2023-07-24,1021,131,83,69,49,48,20
2023-07-25,1021,131,95,78,23,36,55
2023-07-26,1021,138,81,66,35,57,31
2023-07-27,1021,124,77,65,22,47,43
2023-07-28,1021,143,86,83,47,57,36
2023-07-29,1021,103,92,74,38,11,36
2023-07-30,1021,133,71,77,32,62,45
2023-07-31,1021,147,77,73,51,70,22
2023-08-01,1021,107,88,59,53,19,6
2023-08-02,1021,105,89,97,37,16,60
2023-08-03,1021,106,82,93,50,24,43
2023-08-04,1021,109,77,86,40,32,46
2023-08-05,1021,120,84,80,49,36,31
2023-08-06,1021,105,86,56,36,19,20
2023-08-07,1021,127,78,93,41,49,52
2023-08-08,1021,110,78,76,36,32,40
2023-08-09,1021,105,86,53,40,19,13
2023-08-10,1021,135,74,65,37,61,28
2023-08-11,1021,139,74,56,37,65,19
2023-08-12,1021,123,66,87,46,57,41
2023-08-13,1021,124,76,50,40,48,10
2023-08-14,1021,107,89,56,42,18,14
2023-08-15,1021,115,71,71,39,44,32
2023-08-16,1021,101,85,90,42,16,48
2023-08-17,1021,135,95,97,42,40,55
2023-08-18,1021,110,91,81,40,19,41
2023-08-19,1021,139,73,63,45,66,18
2023-08-20,1021,126,94,95,31,32,64
2023-08-21,1021,124,91,80,42,33,38
2023-08-22,1021,124,74,66,35,50,31
2023-08-23,1021,108,93,86,40,15,46
2023-08-24,1021,101,74,99,36,27,63
2023-08-25,1021,145,74,52,36,71,16
2023-08-26,1021,104,83,91,43,21,48
2023-08-27,1021,112,92,66,35,20,31
2023-08-28,1021,149,71,90,39,78,51
2023-08-29,1021,100,82,52,41,18,11
2023-08-30,1021,142,94,75,39,48,36
2023-08-31,1021,121,77,76,36,44,40
2023-09-01,1021,149,81,93,35,68,58
2023-09-02,1021,132,73,62,44,59,18
2023-09-03,1021,143,71,78,48,72,30
2023-09-04,1021,101,77,86,37,24,49
2023-09-05,1021,147,87,83,39,60,44
2023-09-06,1021,111,70,55,44,41,11
2023-09-07,1021,124,83,59,34,41,25
2023-09-08,1021,137,85,72,36,52,36
2023-09-09,1021,134,84,62,34,50,28
2023-09-10,1021,119,66,59,38,53,21
2023-09-11,1021,109,65,55,44,44,11
2023-09-12,1021,120,68,67,39,52,28
2023-09-13,1021,105,88,67,47,17,20
2023-09-14,1021,105,81,63,44,24,19
2023-09-15,1021,123,85,73,33,38,40
2023-09-16,1021,145,77,73,44,68,29
2023-09-17,1021,140,69,84,33,71,51
2023-09-18,1021,128,82,88,47,46,41
2023-09-19,1021,106,82,86,40,24,46
2023-09-20,1021,136,76,56,30,60,26
2023-09-21,1021,120,87,81,48,33,33
2023-09-22,1021,135,87,94,36,48,58
2023-09-23,1021,129,71,82,30,58,52
2023-09-24,1021,114,79,65,33,35,32
2023-09-25,1021,103,73,99,43,30,56
2023-09-26,1021,124,78,59,45,46,14
2023-09-27,1021,128,79,52,46,49,6
2023-09-28,1021,113,67,83,43,46,40
2023-09-29,1021,104,100,80,42,4,38
2023-09-30,1021,125,90,90,43,35,47
2023-10-01,1021,123,69,63,31,54,32
2023-10-02,1021,111,85,57,34,26,23
2023-10-03,1021,108,83,54,35,25,19
2023-10-04,1021,134,83,89,37,51,52
2023-10-05,1021,108,78,84,38,30,46
2023-10-06,1021,106,77,73,45,29,28
2023-10-07,1021,122,76,96,52,46,44
2023-10-08,1021,135,79,59,31,56,28
2023-10-09,1021,148,79,98,44,69,54
2023-10-10,1021,145,70,95,33,75,62
2023-10-11,1021,101,74,60,36,27,24
2023-10-12,1021,124,79,65,40,45,25
2023-10-13,1021,143,71,90,35,72,55
2023-10-14,1021,135,84,92,30,51,62
2023-10-15,1021,149,76,77,51,73,26
2023-10-16,1021,107,82,73,48,25,25
2023-10-17,1021,118,81,62,37,37,25
2023-10-18,1021,141,74,53,38,67,15
2023-10-19,1021,127,67,99,46,60,53
2023-10-20,1021,108,75,80,47,33,33
2023-10-21,1021,102,72,84,37,30,47
2023-10-22,1021,127,93,78,32,34,46
2023-10-23,1021,110,82,72,45,28,27
2023-10-24,1021,139,96,94,42,43,52
2023-10-25,1021,122,77,62,45,45,17
2023-10-26,1021,148,82,91,58,66,33
2023-10-27,1021,102,81,84,36,21,48
2023-10-28,1021,101,83,79,36,18,43
2023-10-29,1021,134,80,97,39,54,58
2023-10-30,1021,112,82,76,39,30,37
2023-10-31,1021,125,78,57,33,47,24
2023-11-01,1021,146,85,77,47,61,30
2023-11-02,1021,105,76,90,41,29,49
2023-11-03,1021,138,90,71,40,48,31
2023-11-04,1021,102,63,92,34,39,58
2023-11-05,1021,130,64,50,26,66,24
2023-11-06,1021,132,87,79,43,45,36
2023-11-07,1021,125,83,72,53,42,19
2023-11-08,1021,100,72,61,34,28,27
2023-11-09,1021,120,101,77,36,19,41
2023-11-10,1021,142,81,63,42,61,21
2023-11-11,1021,126,81,54,39,45,15
2023-11-12,1021,106,91,77,50,15,27
2023-11-13,1021,102,87,64,36,15,28
2023-11-14,1021,112,82,73,33,30,40
2023-11-15,1021,138,89,92,46,49,46
2023-11-16,1021,125,85,82,45,40,37
2023-11-17,1021,131,79,97,34,52,63
2023-11-18,1021,120,75,64,41,45,23
2023-11-19,1021,124,89,57,47,35,10
2023-11-20,1021,127,72,57,35,55,22
2023-11-21,1021,135,81,77,46,54,31
2023-11-22,1021,110,92,99,38,18,61
2023-11-23,1021,130,74,91,40,56,51
2023-11-24,1021,113,79,54,31,34,23
2023-11-25,1021,144,79,72,36,65,36
2023-11-26,1021,117,88,56,38,29,18
2023-11-27,1021,139,63,67,31,76,36
2023-11-28,1021,129,76,79,41,53,38
2023-11-29,1021,146,66,73,30,80,43
2023-11-30,1021,123,77,62,44,46,18
2023-12-01,1021,114,85,68,49,29,19
2023-12-02,1021,110,92,80,41,18,39
2023-12-03,1021,144,60,55,42,84,13
2023-12-04,1021,100,80,82,38,20,44
2023-12-05,1021,140,82,80,32,58,48
2023-12-06,1021,103,70,96,50,33,46
2023-12-07,1021,136,77,62,44,59,18
2023-12-08,1021,111,81,70,38,30,32
2023-12-09,1021,137,78,59,26,59,33
2023-12-10,1021,109,82,71,43,27,28
2023-12-11,1021,101,85,98,32,16,66
2023-12-12,1021,136,90,54,34,46,20
2023-12-13,1021,144,90,66,48,54,18
2023-12-14,1021,105,83,82,49,22,33
2023-12-15,1021,145,75,71,21,70,50
2023-12-16,1021,123,74,91,41,49,50
2023-12-17,1021,110,80,85,41,30,44
2023-12-18,1021,128,79,70,50,49,20
2023-12-19,1021,131,93,76,37,38,39
2023-12-20,1021,113,73,61,51,40,10
2023-12-21,1021,111,87,54,43,24,11
2023-12-22,1021,102,60,94,38,42,56
2023-12-23,1021,110,74,50,43,36,7
2023-12-24,1021,145,84,65,44,61,21
2023-12-25,1021,141,92,87,38,49,49
2023-12-26,1021,146,69,76,35,77,41
2023-12-27,1021,106,83,87,42,23,45
2023-12-28,1021,120,76,53,42,44,11
2023-12-29,1021,110,72,59,30,38,29
2023-12-30,1021,141,73,58,49,68,9
2023-12-31,1021,112,86,54,53,26,1
2023-01-01,1022,103,61,66,33,42,33
2023-01-02,1022,102,74,68,47,28,21
2023-01-03,1022,101,79,55,32,22,23
2023-01-04,1022,112,89,77,35,23,42
2023-01-05,1022,111,80,91,26,31,65
2023-01-06,1022,108,88,96,49,20,47
2023-01-07,1022,120,74,63,37,46,26
2023-01-08,1022,132,72,85,38,60,47
2023-01-09,1022,100,73,92,37,27,55
2023-01-10,1022,125,62,84,46,63,38
2023-01-11,1022,127,73,89,43,54,46
2023-01-12,1022,145,71,79,54,74,25
2023-01-13,1022,132,74,75,42,58,33
2023-01-14,1022,100,56,56,45,44,11
2023-01-15,1022,124,110,98,40,14,58
2023-01-16,1022,150,82,94,45,68,49
2023-01-17,1022,134,94,68,50,40,18
2023-01-18,1022,148,82,88,46,66,42
2023-01-19,1022,123,72,97,42,51,55
2023-01-20,1022,121,84,91,34,37,57
2023-01-21,1022,137,72,65,27,65,38
2023-01-22,1022,138,76,92,40,62,52
2023-01-23,1022,137,86,77,50,51,27
2023-01-24,1022,144,82,57,56,62,1
2023-01-25,1022,139,78,88,52,61,36
2023-01-26,1022,104,88,91,41,16,50
2023-01-27,1022,112,79,93,42,33,51
2023-01-28,1022,121,73,80,49,48,31
2023-01-29,1022,112,70,99,39,42,60
2023-01-30,1022,104,81,80,45,23,35
2023-01-31,1022,133,81,68,42,52,26
2023-02-01,1022,136,84,89,39,52,50
2023-02-02,1022,126,80,87,40,46,47
2023-02-03,1022,119,85,86,33,34,53
2023-02-04,1022,122,82,58,43,40,15
2023-02-05,1022,116,76,87,29,40,58
2023-02-06,1022,108,80,99,43,28,56
2023-02-07,1022,131,93,75,46,38,29
2023-02-08,1022,107,82,72,38,25,34
2023-02-09,1022,120,84,58,38,36,20
2023-02-10,1022,108,89,88,39,19,49
2023-02-11,1022,126,63,52,40,63,12
2023-02-12,1022,139,91,89,48,48,41
2023-02-13,1022,139,81,87,35,58,52
2023-02-14,1022,127,82,58,42,45,16
2023-02-15,1022,106,83,67,36,23,31
2023-02-16,1022,103,77,70,34,26,36
2023-02-17,1022,114,77,60,24,37,36
2023-02-18,1022,114,83,83,47,31,36
2023-02-19,1022,116,91,72,43,25,29
2023-02-20,1022,142,84,53,53,58,0
2023-02-21,1022,127,60,100,39,67,61
2023-02-22,1022,120,71,89,39,49,50
2023-02-23,1022,131,93,99,37,38,62
2023-02-24,1022,121,81,94,38,40,56
2023-02-25,1022,105,83,70,45,22,25
2023-02-26,1022,136,87,98,44,49,54
2023-02-27,1022,117,61,83,40,56,43
2023-02-28,1022,140,81,83,37,59,46
2023-03-01,1022,135,92,95,37,43,58
2023-03-02,1022,104,86,58,41,18,17
2023-03-03,1022,148,91,82,40,57,42
2023-03-04,1022,106,80,86,30,26,56
2023-03-05,1022,135,83,62,50,52,12
2023-03-06,1022,146,91,64,47,55,17
2023-03-07,1022,114,96,97,44,18,53
2023-03-08,1022,138,95,67,40,43,27
2023-03-09,1022,150,71,83,43,79,40
2023-03-10,1022,124,84,61,43,40,18
2023-03-11,1022,132,60,98,36,72,62
2023-03-12,1022,129,76,97,41,53,56
2023-03-13,1022,139,64,67,36,75,31
2023-03-14,1022,126,70,98,49,56,49
2023-03-15,1022,103,69,82,45,34,37
2023-03-16,1022,102,91,70,51,11,19
2023-03-17,1022,103,72,98,31,31,67
2023-03-18,1022,114,98,70,43,16,27
2023-03-19,1022,140,90,79,31,50,48
2023-03-20,1022,149,95,83,36,54,47
2023-03-21,1022,126,78,76,33,48,43
2023-03-22,1022,106,85,86,34,21,52
2023-03-23,1022,142,83,57,35,59,22
2023-03-24,1022,122,81,99,34,41,65
2023-03-25,1022,113,85,57,30,28,27
2023-03-26,1022,134,78,74,48,56,26
2023-03-27,1022,131,81,74,41,50,33
2023-03-28,1022,107,91,98,35,16,63
2023-03-29,1022,130,85,60,55,45,5
2023-03-30,1022,117,71,60,18,46,42
2023-03-31,1022,104,70,82,40,34,42
2023-04-01,1022,118,85,92,35,33,57
2023-04-02,1022,147,83,58,36,64,22
2023-04-03,1022,120,82,95,43,38,52
2023-04-04,1022,114,90,64,45,24,19
2023-04-05,1022,117,77,59,39,40,20
2023-04-06,1022,148,86,100,46,62,54
2023-04-07,1022,101,82,81,31,19,50
2023-04-08,1022,104,81,63,39,23,24
2023-04-09,1022,150,98,95,47,52,48
2023-04-10,1022,134,87,92,40,47,52
2023-04-11,1022,107,78,93,31,29,62
2023-04-12,1022,112,74,64,40,38,24
2023-04-13,1022,106,93,62,23,13,39
2023-04-14,1022,103,78,89,37,25,52
2023-04-15,1022,144,68,63,37,76,26
2023-04-16,1022,134,88,57,35,46,22
2023-04-17,1022,103,86,60,38,17,22
2023-04-18,1022,115,81,70,46,34,24
2023-04-19,1022,148,75,53,40,73,13
2023-04-20,1022,131,73,70,44,58,26
2023-04-21,1022,106,85,99,41,21,58
2023-04-22,1022,126,88,81,46,38,35
2023-04-23,1022,111,87,100,40,24,60
2023-04-24,1022,102,83,78,41,19,37
2023-04-25,1022,150,86,57,48,64,9
2023-04-26,1022,120,74,70,40,46,30
2023-04-27,1022,116,94,87,40,22,47
2023-04-28,1022,121,67,71,31,54,40
2023-04-29,1022,116,95,89,30,21,59
2023-04-30,1022,128,89,99,33,39,66
2023-05-01,1022,123,78,76,43,45,33
2023-05-02,1022,140,76,89,31,64,58
2023-05-03,1022,149,75,100,41,74,59
2023-05-04,1022,150,74,73,46,76,27
2023-05-05,1022,128,93,69,33,35,36
2023-05-06,1022,125,72,86,49,53,37
2023-05-07,1022,117,83,80,30,34,50
2023-05-08,1022,143,93,81,31,50,50
2023-05-09,1022,137,95,98,41,42,57
2023-05-10,1022,104,81,58,31,23,27
2023-05-11,1022,110,104,97,30,6,67
2023-05-12,1022,101,75,50,42,26,8
2023-05-13,1022,139,80,62,35,59,27
2023-05-14,1022,122,80,82,41,42,41
2023-05-15,1022,144,89,60,54,55,6
2023-05-16,1022,114,77,54,42,37,12
2023-05-17,1022,102,83,77,44,19,33
2023-05-18,1022,146,87,60,26,59,34
2023-05-19,1022,125,80,90,42,45,48
2023-05-20,1022,131,98,66,45,33,21
2023-05-21,1022,126,77,56,48,49,8
2023-05-22,1022,126,85,79,54,41,25
2023-05-23,1022,121,85,51,42,36,9
2023-05-24,1022,125,83,55,39,42,16
2023-05-25,1022,133,76,86,44,57,42
2023-05-26,1022,135,97,58,37,38,21
2023-05-27,1022,129,76,54,48,53,6
2023-05-28,1022,113,91,95,52,22,43
2023-05-29,1022,128,85,86,39,43,47
2023-05-30,1022,147,83,52,33,64,19
2023-05-31,1022,118,70,98,34,48,64
2023-06-01,1022,144,89,83,44,55,39
2023-06-02,1022,150,92,97,39,58,58
2023-06-03,1022,145,81,53,36,64,17
2023-06-04,1022,146,84,54,32,62,22
2023-06-05,1022,116,79,70,32,37,38
2023-06-06,1022,122,78,85,47,44,38
2023-06-07,1022,136,77,59,40,59,19
2023-06-08,1022,117,81,81,50,36,31
2023-06-09,1022,116,91,100,41,25,59
2023-06-10,1022,136,89,82,40,47,42
2023-06-11,1022,117,68,66,37,49,29
2023-06-12,1022,116,82,68,44,34,24
2023-06-13,1022,102,76,53,28,26,25
2023-06-14,1022,148,89,100,37,59,63
2023-06-15,1022,129,77,67,41,52,26
2023-06-16,1022,124,78,53,42,46,11
2023-06-17,1022,109,94,66,51,15,15
2023-06-18,1022,113,96,95,43,17,52
2023-06-19,1022,148,89,84,36,59,48
2023-06-20,1022,109,91,100,38,18,62
2023-06-21,1022,141,66,60,45,75,15
2023-06-22,1022,123,74,89,34,49,55
2023-06-23,1022,141,77,99,37,64,62
2023-06-24,1022,140,65,90,45,75,45
2023-06-25,1022,146,70,69,33,76,36
2023-06-26,1022,103,86,59,47,17,12
2023-06-27,1022,106,71,72,34,35,38
2023-06-28,1022,131,91,56,36,40,20
2023-06-29,1022,141,70,70,42,71,28
2023-06-30,1022,144,86,86,47,58,39
2023-07-01,1022,104,54,52,35,50,17
2023-07-02,1022,135,81,53,33,54,20
2023-07-03,1022,144,71,76,35,73,41
2023-07-04,1022,147,66,58,38,81,20
2023-07-05,1022,113,68,53,32,45,21
2023-07-06,1022,106,96,58,50,10,8
2023-07-07,1022,150,81,96,35,69,61
2023-07-08,1022,130,83,86,33,47,53
2023-07-09,1022,133,81,100,42,52,58
2023-07-10,1022,144,96,85,36,48,49
2023-07-11,1022,146,84,68,41,62,27
2023-07-12,1022,104,96,84,32,8,52
2023-07-13,1022,145,83,99,38,62,61
2023-07-14,1022,132,80,94,40,52,54
2023-07-15,1022,135,104,99,42,31,57
2023-07-16,1022,109,92,72,42,17,30
2023-07-17,1022,114,78,71,38,36,33
2023-07-18,1022,139,77,56,36,62,20
2023-07-19,1022,150,81,62,36,69,26
2023-07-20,1022,116,72,96,39,44,57
2023-07-21,1022,102,71,56,36,31,20
2023-07-22,1022,117,76,86,45,41,41
2023-07-23,1022,128,84,96,39,44,57
2023-07-24,1022,143,71,90,48,72,42
2023-07-25,1022,110,79,82,45,31,37
2023-07-26,1022,116,83,75,43,33,32
2023-07-27,1022,106,87,61,45,19,16
2023-07-28,1022,135,89,69,38,46,31
2023-07-29,1022,136,69,100,26,67,74
2023-07-30,1022,145,75,72,52,70,20
2023-07-31,1022,116,89,61,35,27,26
2023-08-01,1022,140,76,78,39,64,39
2023-08-02,1022,109,83,62,43,26,19
2023-08-03,1022,150,83,67,34,67,33
2023-08-04,1022,110,84,61,37,26,24
2023-08-05,1022,149,86,80,31,63,49
2023-08-06,1022,107,78,70,31,29,39
2023-08-07,1022,115,66,64,35,49,29
2023-08-08,1022,145,91,81,43,54,38
2023-08-09,1022,135,80,74,55,55,19
2023-08-10,1022,102,98,74,51,4,23
2023-08-11,1022,141,78,74,34,63,40
2023-08-12,1022,144,69,92,39,75,53
2023-08-13,1022,120,82,94,29,38,65
2023-08-14,1022,133,78,63,42,55,21
2023-08-15,1022,113,97,74,40,16,34
2023-08-16,1022,143,59,62,35,84,27
2023-08-17,1022,115,79,69,38,36,31
2023-08-18,1022,132,76,95,38,56,57
2023-08-19,1022,134,93,69,32,41,37
2023-08-20,1022,111,76,52,51,35,1
2023-08-21,1022,139,83,89,48,56,41
2023-08-22,1022,128,81,99,30,47,69
2023-08-23,1022,125,85,73,32,40,41
2023-08-24,1022,112,96,86,35,16,51
2023-08-25,1022,119,63,53,34,56,19
2023-08-26,1022,121,81,92,48,40,44
2023-08-27,1022,140,79,90,34,61,56
2023-08-28,1022,127,73,93,34,54,59
2023-08-29,1022,103,84,74,33,19,41
2023-08-30,1022,129,93,94,37,36,57
2023-08-31,1022,104,94,70,44,10,26
2023-09-01,1022,144,78,77,39,66,38
2023-09-02,1022,110,85,98,37,25,61
2023-09-03,1022,139,62,77,42,77,35
2023-09-04,1022,127,78,97,25,49,72
2023-09-05,1022,145,72,74,42,73,32
2023-09-06,1022,139,89,76,50,50,26
2023-09-07,1022,130,75,89,37,55,52
2023-09-08,1022,108,75,71,31,33,40
2023-09-09,1022,115,80,90,31,35,59
2023-09-10,1022,124,93,96,43,31,53
2023-09-11,1022,124,74,97,41,50,56
2023-09-12,1022,112,73,72,43,39,29
2023-09-13,1022,110,69,61,60,41,1
2023-09-14,1022,113,80,62,46,33,16
2023-09-15,1022,135,73,51,42,62,9
2023-09-16,1022,141,98,83,41,43,42
2023-09-17,1022,128,69,77,32,59,45
2023-09-18,1022,106,76,65,42,30,23
2023-09-19,1022,129,65,72,35,64,37
2023-09-20,1022,119,77,62,37,42,25
2023-09-21,1022,122,88,62,34,34,28
2023-09-22,1022,146,94,79,35,52,44
2023-09-23,1022,113,73,59,45,40,14
2023-09-24,1022,118,68,91,32,50,59
2023-09-25,1022,127,79,75,39,48,36
2023-09-26,1022,130,78,63,34,52,29
2023-09-27,1022,100,84,84,48,16,36
2023-09-28,1022,105,69,66,52,36,14
2023-09-29,1022,100,78,79,43,22,36
2023-09-30,1022,127,77,91,44,50,47
2023-10-01,1022,100,83,86,51,17,35
2023-10-02,1022,144,80,91,51,64,40
2023-10-03,1022,149,71,70,40,78,30
2023-10-04,1022,137,55,76,40,82,36
2023-10-05,1022,108,83,89,35,25,54
2023-10-06,1022,126,83,73,39,43,34
2023-10-07,1022,140,81,76,47,59,29
2023-10-08,1022,107,63,72,33,44,39
2023-10-09,1022,107,88,51,51,19,0
2023-10-10,1022,136,74,71,35,62,36
2023-10-11,1022,135,80,52,39,55,13
2023-10-12,1022,102,75,62,49,27,13
2023-10-13,1022,146,78,99,41,68,58
2023-10-14,1022,134,69,82,41,65,41
2023-10-15,1022,108,77,70,40,31,30
2023-10-16,1022,108,78,86,36,30,50
2023-10-17,1022,132,65,60,34,67,26
2023-10-18,1022,109,91,51,41,18,10
2023-10-19,1022,106,79,83,49,27,34
2023-10-20,1022,141,68,50,47,73,3
2023-10-21,1022,117,76,94,45,41,49
2023-10-22,1022,136,75,54,49,61,5
2023-10-23,1022,132,91,88,28,41,60
2023-10-24,1022,143,85,79,35,58,44
2023-10-25,1022,110,89,97,32,21,65
2023-10-26,1022,140,77,53,41,63,12
2023-10-27,1022,148,84,95,39,64,56
2023-10-28,1022,141,86,96,46,55,50
2023-10-29,1022,130,79,90,43,51,47
2023-10-30,1022,144,66,62,30,78,32
2023-10-31,1022,121,74,58,36,47,22
2023-11-01,1022,135,69,68,50,66,18
2023-11-02,1022,140,79,74,45,61,29
2023-11-03,1022,106,85,63,52,21,11
2023-11-04,1022,140,77,85,28,63,57
2023-11-05,1022,132,76,65,44,56,21
2023-11-06,1022,104,75,99,38,29,61
2023-11-07,1022,113,69,72,39,44,33
2023-11-08,1022,118,77,95,44,41,51
2023-11-09,1022,125,73,73,36,52,37
2023-11-10,1022,101,80,85,32,21,53
2023-11-11,1022,106,71,71,39,35,32
2023-11-12,1022,117,86,89,38,31,51
2023-11-13,1022,126,85,76,50,41,26
2023-11-14,1022,109,83,73,36,26,37
2023-11-15,1022,133,90,50,36,43,14
2023-11-16,1022,148,83,58,52,65,6
2023-11-17,1022,131,79,75,47,52,28
2023-11-18,1022,109,78,53,38,31,15
2023-11-19,1022,122,73,90,42,49,48
2023-11-20,1022,140,65,95,38,75,57
2023-11-21,1022,113,87,73,41,26,32
2023-11-22,1022,110,83,70,40,27,30
2023-11-23,1022,104,86,59,27,18,32
2023-11-24,1022,128,74,67,47,54,20
2023-11-25,1022,123,92,92,42,31,50
2023-11-26,1022,117,65,91,47,52,44
2023-11-27,1022,118,94,76,43,24,33
2023-11-28,1022,124,69,60,34,55,26
2023-11-29,1022,126,68,71,33,58,38
2023-11-30,1022,102,77,90,39,25,51
2023-12-01,1022,113,94,84,40,19,44
2023-12-02,1022,112,69,96,40,43,56
2023-12-03,1022,144,66,52,45,78,7
2023-12-04,1022,103,84,59,43,19,16
2023-12-05,1022,140,72,80,36,68,44
2023-12-06,1022,119,81,51,31,38,20
2023-12-07,1022,116,82,93,38,34,55
2023-12-08,1022,128,83,94,48,45,46
2023-12-09,1022,109,74,55,42,35,13
2023-12-10,1022,144,78,96,37,66,59
2023-12-11,1022,146,71,80,49,75,31
2023-12-12,1022,142,89,79,39,53,40
2023-12-13,1022,133,91,83,35,42,48
2023-12-14,1022,130,80,55,34,50,21
2023-12-15,1022,137,77,94,32,60,62
2023-12-16,1022,148,84,63,28,64,35
2023-12-17,1022,118,74,54,43,44,11
2023-12-18,1022,116,85,99,37,31,62
2023-12-19,1022,122,66,52,44,56,8
2023-12-20,1022,142,75,90,40,67,50
2023-12-21,1022,136,81,56,45,55,11
2023-12-22,1022,119,72,53,36,47,17
2023-12-23,1022,142,80,61,43,62,18
2023-12-24,1022,150,82,68,46,68,22
2023-12-25,1022,103,83,56,49,20,7
2023-12-26,1022,145,82,67,40,63,27
2023-12-27,1022,137,81,60,57,56,3
2023-12-28,1022,134,67,93,35,67,58
2023-12-29,1022,129,75,52,41,54,11
2023-12-30,1022,128,78,100,46,50,54
2023-12-31,1022,148,60,75,39,88,36
2023-01-01,1023,114,94,76,45,20,31
2023-01-02,1023,142,64,99,35,78,64
2023-01-03,1023,128,73,57,44,55,13
2023-01-04,1023,107,84,65,55,23,10
2023-01-05,1023,124,85,81,49,39,32
2023-01-06,1023,128,76,89,36,52,53
2023-01-07,1023,138,82,52,52,56,0
2023-01-08,1023,122,87,71,39,35,32
2023-01-09,1023,114,76,54,26,38,28
2023-01-10,1023,139,70,56,34,69,22
2023-01-11,1023,138,90,99,43,48,56
2023-01-12,1023,116,86,79,41,30,38
2023-01-13,1023,102,73,83,42,29,41
2023-01-14,1023,119,79,94,36,40,58
2023-01-15,1023,146,77,78,38,69,40
2023-01-16,1023,132,73,79,36,59,43
2023-01-17,1023,120,86,79,43,34,36
2023-01-18,1023,109,79,63,40,30,23
2023-01-19,1023,146,85,63,42,61,21
2023-01-20,1023,133,84,97,56,49,41
2023-01-21,1023,133,81,83,35,52,48
2023-01-22,1023,149,90,68,43,59,25
2023-01-23,1023,132,74,73,35,58,38
2023-01-24,1023,150,77,76,40,73,36
2023-01-25,1023,107,87,99,41,20,58
2023-01-26,1023,130,76,51,54,54,-3
2023-01-27,1023,120,85,98,38,35,60
2023-01-28,1023,131,66,85,46,65,39
2023-01-29,1023,108,73,67,38,35,29
2023-01-30,1023,122,74,53,47,48,6
2023-01-31,1023,115,77,71,38,38,33
2023-02-01,1023,132,68,73,44,64,29
2023-02-02,1023,104,85,81,24,19,57
2023-02-03,1023,119,71,52,39,48,13
2023-02-04,1023,131,72,66,39,59,27
2023-02-05,1023,115,84,93,35,31,58
2023-02-06,1023,123,76,93,31,47,62
2023-02-07,1023,141,93,53,45,48,8
2023-02-08,1023,105,74,68,37,31,31
2023-02-09,1023,138,71,68,41,67,27
2023-02-10,1023,119,80,68,51,39,17
2023-02-11,1023,132,78,67,45,54,22
2023-02-12,1023,146,100,64,46,46,18
2023-02-13,1023,137,73,70,34,64,36
2023-02-14,1023,119,84,78,40,35,38
2023-02-15,1023,119,80,62,43,39,19
2023-02-16,1023,150,84,98,42,66,56
2023-02-17,1023,109,70,55,45,39,10
2023-02-18,1023,141,71,100,51,70,49
2023-02-19,1023,129,85,81,36,44,45
2023-02-20,1023,149,91,65,40,58,25
2023-02-21,1023,105,93,75,50,12,25
2023-02-22,1023,110,86,74,43,24,31
2023-02-23,1023,138,67,97,41,71,56
2023-02-24,1023,137,79,77,35,58,42
2023-02-25,1023,141,88,83,39,53,44
2023-02-26,1023,116,77,67,45,39,22
2023-02-27,1023,122,63,65,37,59,28
2023-02-28,1023,118,79,98,40,39,58
2023-03-01,1023,148,82,58,40,66,18
2023-03-02,1023,141,76,89,39,65,50
2023-03-03,1023,135,70,85,40,65,45
2023-03-04,1023,109,83,58,43,26,15
2023-03-05,1023,128,103,85,35,25,50
2023-03-06,1023,113,86,79,42,27,37
2023-03-07,1023,139,81,65,44,58,21
2023-03-08,1023,117,75,79,29,42,50
2023-03-09,1023,148,82,100,32,66,68
2023-03-10,1023,142,63,98,31,79,67
2023-03-11,1023,142,69,97,33,73,64
2023-03-12,1023,116,82,76,53,34,23
2023-03-13,1023,108,67,98,23,41,75
2023-03-14,1023,120,86,93,33,34,60
2023-03-15,1023,133,86,69,46,47,23
2023-03-16,1023,139,76,74,39,63,35
2023-03-17,1023,147,83,80,36,64,44
2023-03-18,1023,111,94,77,34,17,43
2023-03-19,1023,124,84,53,33,40,20
2023-03-20,1023,144,90,96,39,54,57
2023-03-21,1023,130,80,50,33,50,17
2023-03-22,1023,115,84,60,40,31,20
2023-03-23,1023,111,86,56,36,25,20
2023-03-24,1023,100,96,57,35,4,22
2023-03-25,1023,142,92,89,32,50,57
2023-03-26,1023,143,82,51,51,61,0
2023-03-27,1023,112,78,62,33,34,29
2023-03-28,1023,127,77,82,31,50,51
2023-03-29,1023,130,98,88,39,32,49
2023-03-30,1023,141,86,67,43,55,24
2023-03-31,1023,100,80,87,41,20,46
2023-04-01,1023,150,83,65,49,67,16
2023-04-02,1023,138,102,77,32,36,45
2023-04-03,1023,112,93,80,47,19,33
2023-04-04,1023,146,81,95,46,65,49
2023-04-05,1023,118,92,94,40,26,54
2023-04-06,1023,144,74,83,38,70,45
2023-04-07,1023,134,75,85,35,59,50
2023-04-08,1023,111,94,91,38,17,53
2023-04-09,1023,118,80,60,45,38,15
2023-04-10,1023,117,75,86,46,42,40
2023-04-11,1023,129,81,77,32,48,45
2023-04-12,1023,129,79,51,46,50,5
2023-04-13,1023,126,82,77,40,44,37
2023-04-14,1023,137,92,51,49,45,2
2023-04-15,1023,144,83,67,55,61,12
2023-04-16,1023,137,80,87,49,57,38
2023-04-17,1023,133,77,78,35,56,43
2023-04-18,1023,101,77,51,35,24,16
2023-04-19,1023,141,79,76,46,62,30
2023-04-20,1023,138,77,77,41,61,36
2023-04-21,1023,138,73,72,41,65,31
2023-04-22,1023,134,77,61,45,57,16
2023-04-23,1023,146,90,71,41,56,30
2023-04-24,1023,118,61,53,47,57,6
2023-04-25,1023,126,81,98,38,45,60
2023-04-26,1023,135,94,82,41,41,41
2023-04-27,1023,107,88,71,38,19,33
2023-04-28,1023,140,64,89,49,76,40
2023-04-29,1023,119,89,67,36,30,31
2023-04-30,1023,137,83,98,33,54,65
2023-05-01,1023,108,106,78,27,2,51
2023-05-02,1023,130,86,100,49,44,51
2023-05-03,1023,120,86,59,31,34,28
2023-05-04,1023,133,93,73,56,40,17
2023-05-05,1023,101,63,73,35,38,38
2023-05-06,1023,137,79,95,42,58,53
2023-05-07,1023,106,75,69,38,31,31
2023-05-08,1023,136,79,56,37,57,19
2023-05-09,1023,103,93,59,33,10,26
2023-05-10,1023,126,66,58,47,60,11
2023-05-11,1023,106,81,50,38,25,12
2023-05-12,1023,122,74,70,34,48,36
2023-05-13,1023,102,87,87,37,15,50
2023-05-14,1023,111,99,76,36,12,40
2023-05-15,1023,134,76,63,29,58,34
2023-05-16,1023,112,83,94,39,29,55
2023-05-17,1023,123,66,98,52,57,46
2023-05-18,1023,148,89,64,47,59,17
2023-05-19,1023,125,75,81,43,50,38
2023-05-20,1023,132,74,87,35,58,52
2023-05-21,1023,113,81,72,32,32,40
2023-05-22,1023,143,67,88,33,76,55
2023-05-23,1023,126,80,65,32,46,33
2023-05-24,1023,145,62,70,44,83,26
2023-05-25,1023,117,78,96,36,39,60
2023-05-26,1023,121,81,98,40,40,58
2023-05-27,1023,132,86,88,51,46,37
2023-05-28,1023,126,69,96,38,57,58
2023-05-29,1023,126,74,100,42,52,58
2023-05-30,1023,114,76,79,43,38,36
2023-05-31,1023,124,87,62,48,37,14
2023-06-01,1023,103,77,63,43,26,20
2023-06-02,1023,109,72,85,28,37,57
2023-06-03,1023,142,91,50,36,51,14
2023-06-04,1023,145,63,71,43,82,28
2023-06-05,1023,107,88,76,45,19,31
2023-06-06,1023,102,61,80,44,41,36
2023-06-07,1023,125,94,65,50,31,15
2023-06-08,1023,129,101,87,42,28,45
2023-06-09,1023,113,100,52,37,13,15
2023-06-10,1023,114,92,52,42,22,10
2023-06-11,1023,107,82,50,37,25,13
2023-06-12,1023,150,79,89,52,71,37
2023-06-13,1023,128,79,72,34,49,38
2023-06-14,1023,120,74,56,42,46,14
2023-06-15,1023,106,83,57,33,23,24
2023-06-16,1023,126,80,60,37,46,23
2023-06-17,1023,120,70,64,40,50,24
2023-06-18,1023,113,80,71,41,33,30
2023-06-19,1023,109,65,52,40,44,12
2023-06-20,1023,119,88,91,44,31,47
2023-06-21,1023,146,71,94,50,75,44
2023-06-22,1023,115,79,54,33,36,21
2023-06-23,1023,132,87,76,36,45,40
2023-06-24,1023,109,75,69,35,34,34
2023-06-25,1023,148,83,58,37,65,21
2023-06-26,1023,115,74,67,32,41,35
2023-06-27,1023,138,84,91,39,54,52
2023-06-28,1023,121,74,92,42,47,50
2023-06-29,1023,141,80,96,30,61,66
2023-06-30,1023,106,88,71,32,18,39
2023-07-01,1023,125,70,57,31,55,26
2023-07-02,1023,111,86,85,30,25,55
2023-07-03,1023,105,95,88,44,10,44
2023-07-04,1023,131,88,82,37,43,45
2023-07-05,1023,109,87,80,32,22,48
2023-07-06,1023,142,82,51,42,60,9
2023-07-07,1023,129,89,92,38,40,54
2023-07-08,1023,117,82,56,45,35,11
2023-07-09,1023,134,85,66,44,49,22
2023-07-10,1023,125,79,88,43,46,45
2023-07-11,1023,100,74,99,50,26,49
2023-07-12,1023,137,71,92,45,66,47
2023-07-13,1023,118,100,77,51,18,26
2023-07-14,1023,115,80,90,32,35,58
2023-07-15,1023,105,89,100,43,16,57
2023-07-16,1023,111,90,82,43,21,39
2023-07-17,1023,126,75,52,32,51,20
2023-07-18,1023,127,90,92,38,37,54
2023-07-19,1023,122,82,85,44,40,41
2023-07-20,1023,114,63,64,55,51,9
2023-07-21,1023,100,87,62,42,13,20
2023-07-22,1023,108,67,70,42,41,28
2023-07-23,1023,121,71,59,34,50,25
2023-07-24,1023,123,86,77,41,37,36
2023-07-25,1023,106,56,51,47,50,4
2023-07-26,1023,133,84,97,38,49,59
2023-07-27,1023,104,84,54,44,20,10
2023-07-28,1023,146,76,71,37,70,34
2023-07-29,1023,111,78,90,45,33,45
2023-07-30,1023,131,82,67,43,49,24
2023-07-31,1023,146,88,60,42,58,18
2023-08-01,1023,113,79,67,42,34,25
2023-08-02,1023,150,93,89,44,57,45
2023-08-03,1023,118,72,52,54,46,-2
2023-08-04,1023,131,89,91,31,42,60
2023-08-05,1023,124,87,80,64,37,16
2023-08-06,1023,124,73,56,42,51,14
2023-08-07,1023,137,85,57,40,52,17
2023-08-08,1023,141,74,77,41,67,36
2023-08-09,1023,105,81,85,30,24,55
2023-08-10,1023,110,85,65,35,25,30
2023-08-11,1023,120,82,78,45,38,33
2023-08-12,1023,113,81,61,35,32,26
2023-08-13,1023,111,95,59,38,16,21
2023-08-14,1023,118,82,53,41,36,12
2023-08-15,1023,120,73,57,39,47,18
2023-08-16,1023,105,86,71,39,19,32
2023-08-17,1023,120,77,88,30,43,58
2023-08-18,1023,138,89,71,41,49,30
2023-08-19,1023,111,77,61,42,34,19
2023-08-20,1023,122,91,73,49,31,24
2023-08-21,1023,144,91,97,38,53,59
2023-08-22,1023,148,82,99,35,66,64
2023-08-23,1023,101,100,98,50,1,48
2023-08-24,1023,126,90,91,36,36,55
2023-08-25,1023,106,69,63,41,37,22
2023-08-26,1023,127,83,100,32,44,68
2023-08-27,1023,130,83,86,46,47,40
2023-08-28,1023,147,64,58,34,83,24
2023-08-29,1023,139,85,100,53,54,47
2023-08-30,1023,136,93,78,37,43,41
2023-08-31,1023,139,71,52,49,68,3
2023-09-01,1023,105,77,51,35,28,16
2023-09-02,1023,111,72,77,38,39,39
2023-09-03,1023,142,83,98,34,59,64
2023-09-04,1023,113,64,55,40,49,15
2023-09-05,1023,102,76,90,30,26,60
2023-09-06,1023,132,72,62,35,60,27
2023-09-07,1023,135,74,77,48,61,29
2023-09-08,1023,111,86,96,45,25,51
2023-09-09,1023,116,87,83,30,29,53
2023-09-10,1023,133,93,99,33,40,66
2023-09-11,1023,149,84,61,40,65,21
2023-09-12,1023,144,82,56,33,62,23
2023-09-13,1023,109,93,94,45,16,49
2023-09-14,1023,106,76,68,33,30,35
2023-09-15,1023,134,68,72,28,66,44
2023-09-16,1023,144,82,77,40,62,37
2023-09-17,1023,113,78,91,38,35,53
2023-09-18,1023,143,89,90,49,54,41
2023-09-19,1023,135,80,52,40,55,12
2023-09-20,1023,131,80,89,38,51,51
2023-09-21,1023,134,80,99,48,54,51
2023-09-22,1023,130,81,51,41,49,10
2023-09-23,1023,144,84,67,39,60,28
2023-09-24,1023,106,96,52,40,10,12
2023-09-25,1023,122,83,87,46,39,41
2023-09-26,1023,110,87,84,19,23,65
2023-09-27,1023,110,75,82,31,35,51
2023-09-28,1023,104,80,56,48,24,8
2023-09-29,1023,121,79,66,36,42,30
2023-09-30,1023,118,91,54,44,27,10
2023-10-01,1023,148,64,50,33,84,17
2023-10-02,1023,149,86,93,42,63,51
2023-10-03,1023,122,78,65,43,44,22
2023-10-04,1023,130,78,93,43,52,50
2023-10-05,1023,131,73,66,37,58,29
2023-10-06,1023,121,98,60,37,23,23
2023-10-07,1023,148,71,64,40,77,24
2023-10-08,1023,138,80,93,35,58,58
2023-10-09,1023,137,85,85,40,52,45
2023-10-10,1023,125,77,63,36,48,27
2023-10-11,1023,116,70,56,31,46,25
2023-10-12,1023,106,88,93,46,18,47
2023-10-13,1023,149,81,71,31,68,40
2023-10-14,1023,134,70,86,38,64,48
2023-10-15,1023,120,77,58,54,43,4
2023-10-16,1023,143,96,50,39,47,11
2023-10-17,1023,102,80,63,44,22,19
2023-10-18,1023,114,83,72,43,31,29
2023-10-19,1023,132,91,74,41,41,33
2023-10-20,1023,149,76,78,33,73,45
2023-10-21,1023,110,67,61,34,43,27
2023-10-22,1023,116,95,83,34,21,49
2023-10-23,1023,100,78,95,33,22,62
2023-10-24,1023,122,87,72,43,35,29
2023-10-25,1023,132,84,62,44,48,18
2023-10-26,1023,135,67,87,43,68,44
2023-10-27,1023,116,88,78,38,28,40
2023-10-28,1023,106,88,80,41,18,39
2023-10-29,1023,130,85,85,36,45,49
2023-10-30,1023,107,93,89,40,14,49
2023-10-31,1023,113,73,53,44,40,9
2023-11-01,1023,139,59,64,42,80,22
2023-11-02,1023,148,75,73,50,73,23
2023-11-03,1023,145,74,72,41,71,31
2023-11-04,1023,134,74,92,40,60,52
2023-11-05,1023,147,86,55,48,61,7
2023-11-06,1023,131,89,58,43,42,15
2023-11-07,1023,135,71,94,45,64,49
2023-11-08,1023,141,86,66,38,55,28
2023-11-09,1023,106,99,83,45,7,38
2023-11-10,1023,104,73,69,41,31,28
2023-11-11,1023,138,88,69,42,50,27
2023-11-12,1023,147,64,63,37,83,26
2023-11-13,1023,137,83,62,40,54,22
2023-11-14,1023,129,81,52,40,48,12
2023-11-15,1023,108,60,80,40,48,40
2023-11-16,1023,141,80,78,48,61,30
2023-11-17,1023,143,101,77,34,42,43
2023-11-18,1023,119,72,88,39,47,49
2023-11-19,1023,114,86,79,43,28,36
2023-11-20,1023,115,92,69,47,23,22
2023-11-21,1023,115,83,53,47,32,6
2023-11-22,1023,125,65,74,40,60,34
2023-11-23,1023,111,88,69,41,23,28
2023-11-24,1023,123,77,100,50,46,50
2023-11-25,1023,137,90,78,23,47,55
2023-11-26,1023,139,73,82,31,66,51
2023-11-27,1023,124,87,76,37,37,39
2023-11-28,1023,124,63,53,39,61,14
2023-11-29,1023,137,77,99,36,60,63
2023-11-30,1023,109,64,87,48,45,39
2023-12-01,1023,128,83,97,46,45,51
2023-12-02,1023,130,73,67,41,57,26
2023-12-03,1023,113,79,100,40,34,60
2023-12-04,1023,116,73,80,40,43,40
2023-12-05,1023,105,91,69,38,14,31
2023-12-06,1023,141,79,86,42,62,44
2023-12-07,1023,136,92,87,43,44,44
2023-12-08,1023,101,75,96,33,26,63
2023-12-09,1023,133,86,88,40,47,48
2023-12-10,1023,120,72,78,42,48,36
2023-12-11,1023,114,87,54,38,27,16
2023-12-12,1023,142,65,91,44,77,47
2023-12-13,1023,143,67,60,36,76,24
2023-12-14,1023,145,78,78,44,67,34
2023-12-15,1023,127,81,56,52,46,4
2023-12-16,1023,133,97,50,47,36,3
2023-12-17,1023,116,75,61,55,41,6
2023-12-18,1023,112,76,70,53,36,17
2023-12-19,1023,125,78,71,37,47,34
2023-12-20,1023,149,71,68,20,78,48
2023-12-21,1023,128,76,93,33,52,60
2023-12-22,1023,116,88,88,38,28,50
2023-12-23,1023,101,98,53,40,3,13
2023-12-24,1023,128,85,74,39,43,35
2023-12-25,1023,114,86,80,31,28,49
2023-12-26,1023,104,99,73,43,5,30
2023-12-27,1023,115,80,93,35,35,58
2023-12-28,1023,108,86,91,35,22,56
2023-12-29,1023,139,92,82,46,47,36
2023-12-30,1023,139,92,99,35,47,64
2023-12-31,1023,114,79,63,38,35,25
2023-01-01,1024,131,74,87,41,57,46
2023-01-02,1024,134,89,59,39,45,20
2023-01-03,1024,119,99,97,40,20,57
2023-01-04,1024,120,74,78,47,46,31
2023-01-05,1024,106,74,59,36,32,23
2023-01-06,1024,126,56,54,37,70,17
2023-01-07,1024,127,82,100,39,45,61
2023-01-08,1024,137,93,59,57,44,2
2023-01-09,1024,147,86,85,37,61,48
2023-01-10,1024,112,77,91,42,35,49
2023-01-11,1024,116,76,77,38,40,39
2023-01-12,1024,147,88,63,45,59,18
2023-01-13,1024,150,75,97,38,75,59
2023-01-14,1024,147,90,72,43,57,29
2023-01-15,1024,147,73,90,50,74,40
2023-01-16,1024,105,71,99,47,34,52
2023-01-17,1024,118,72,54,39,46,15
2023-01-18,1024,124,76,70,50,48,20
2023-01-19,1024,122,75,64,55,47,9
2023-01-20,1024,137,90,83,40,47,43
2023-01-21,1024,127,70,87,24,57,63
2023-01-22,1024,132,74,100,45,58,55
2023-01-23,1024,106,81,74,44,25,30
2023-01-24,1024,145,79,83,42,66,41
2023-01-25,1024,122,59,86,44,63,42
2023-01-26,1024,147,77,63,32,70,31
2023-01-27,1024,139,71,71,32,68,39
2023-01-28,1024,123,87,94,32,36,62
2023-01-29,1024,119,77,95,40,42,55
2023-01-30,1024,104,72,85,32,32,53
2023-01-31,1024,115,100,66,37,15,29
2023-02-01,1024,114,70,96,45,44,51
2023-02-02,1024,115,78,63,60,37,3
2023-02-03,1024,111,105,94,42,6,52
2023-02-04,1024,105,79,78,38,26,40
2023-02-05,1024,117,66,52,30,51,22
2023-02-06,1024,132,102,92,40,30,52
2023-02-07,1024,134,90,77,44,44,33
2023-02-08,1024,141,85,60,36,56,24
2023-02-09,1024,109,60,86,40,49,46
2023-02-10,1024,135,81,100,34,54,66
2023-02-11,1024,146,76,52,35,70,17
2023-02-12,1024,121,72,53,31,49,22
2023-02-13,1024,108,66,54,40,42,14
2023-02-14,1024,119,77,50,39,42,11
2023-02-15,1024,123,98,81,54,25,27
2023-02-16,1024,137,103,77,56,34,21
2023-02-17,1024,119,83,61,38,36,23
2023-02-18,1024,110,81,86,40,29,46
2023-02-19,1024,142,82,54,45,60,9
2023-02-20,1024,135,86,62,36,49,26
2023-02-21,1024,126,74,100,47,52,53
2023-02-22,1024,113,84,90,34,29,56
2023-02-23,1024,142,56,72,30,86,42
2023-02-24,1024,119,87,98,42,32,56
2023-02-25,1024,135,79,65,43,56,22
2023-02-26,1024,142,65,97,30,77,67
2023-02-27,1024,139,76,80,43,63,37
2023-02-28,1024,141,82,67,46,59,21
2023-03-01,1024,109,77,96,41,32,55
2023-03-02,1024,134,86,65,31,48,34
2023-03-03,1024,105,83,75,38,22,37
2023-03-04,1024,116,70,57,38,46,19
2023-03-05,1024,129,70,94,51,59,43
2023-03-06,1024,131,94,89,37,37,52
2023-03-07,1024,128,84,81,43,44,38
2023-03-08,1024,105,85,70,38,20,32
2023-03-09,1024,124,84,55,34,40,21
2023-03-10,1024,106,69,80,30,37,50
2023-03-11,1024,125,89,83,33,36,50
2023-03-12,1024,126,91,52,36,35,16
2023-03-13,1024,109,69,60,41,40,19
2023-03-14,1024,147,83,81,37,64,44
2023-03-15,1024,113,78,63,34,35,29
2023-03-16,1024,134,88,55,39,46,16
2023-03-17,1024,129,88,69,32,41,37
2023-03-18,1024,100,80,59,27,20,32
2023-03-19,1024,101,89,74,40,12,34
2023-03-20,1024,135,77,58,39,58,19
2023-03-21,1024,127,82,56,42,45,14
2023-03-22,1024,149,77,62,35,72,27
2023-03-23,1024,132,88,77,43,44,34
2023-03-24,1024,149,66,70,38,83,32
2023-03-25,1024,147,83,88,41,64,47
2023-03-26,1024,128,72,94,34,56,60
2023-03-27,1024,100,82,87,45,18,42
2023-03-28,1024,143,68,93,43,75,50
2023-03-29,1024,136,86,65,44,50,21
2023-03-30,1024,114,71,62,51,43,11
2023-03-31,1024,147,96,65,42,51,23
2023-04-01,1024,145,70,52,43,75,9
2023-04-02,1024,139,92,66,39,47,27
2023-04-03,1024,115,90,58,32,25,26
2023-04-04,1024,150,83,61,46,67,15
2023-04-05,1024,139,77,100,34,62,66
2023-04-06,1024,120,82,72,25,38,47
2023-04-07,1024,117,88,53,43,29,10
2023-04-08,1024,107,77,71,38,30,33
2023-04-09,1024,107,64,73,36,43,37
2023-04-10,1024,119,101,62,40,18,22
2023-04-11,1024,126,59,86,43,67,43
2023-04-12,1024,106,73,92,28,33,64
2023-04-13,1024,140,77,75,30,63,45
2023-04-14,1024,135,91,80,48,44,32
2023-04-15,1024,148,83,68,35,65,33
2023-04-16,1024,123,72,89,39,51,50
2023-04-17,1024,122,74,91,41,48,50
2023-04-18,1024,119,81,91,39,38,52
2023-04-19,1024,133,75,85,38,58,47
2023-04-20,1024,104,75,94,36,29,58
2023-04-21,1024,110,91,100,34,19,66
2023-04-22,1024,140,79,62,37,61,25
2023-04-23,1024,117,92,74,44,25,30
2023-04-24,1024,134,76,100,36,58,64
2023-04-25,1024,116,96,56,38,20,18
2023-04-26,1024,133,91,83,33,42,50
2023-04-27,1024,113,80,55,41,33,14
2023-04-28,1024,147,72,80,32,75,48
2023-04-29,1024,117,72,100,38,45,62
2023-04-30,1024,115,78,53,49,37,4
2023-05-01,1024,123,85,66,36,38,30
2023-05-02,1024,138,72,55,44,66,11
2023-05-03,1024,148,72,59,44,76,15
2023-05-04,1024,120,79,97,41,41,56
2023-05-05,1024,113,78,83,27,35,56
2023-05-06,1024,112,80,91,44,32,47
2023-05-07,1024,112,88,96,44,24,52
2023-05-08,1024,104,85,86,46,19,40
2023-05-09,1024,116,72,85,39,44,46
2023-05-10,1024,125,87,86,41,38,45
2023-05-11,1024,111,75,77,41,36,36
2023-05-12,1024,150,65,87,35,85,52
2023-05-13,1024,102,81,92,49,21,43
2023-05-14,1024,119,83,84,40,36,44
2023-05-15,1024,137,72,70,47,65,23
2023-05-16,1024,141,78,69,44,63,25
2023-05-17,1024,107,73,63,47,34,16
2023-05-18,1024,106,82,66,43,24,23
2023-05-19,1024,130,79,100,43,51,57
2023-05-20,1024,136,81,84,32,55,52
2023-05-21,1024,106,78,86,35,28,51
2023-05-22,1024,134,90,70,29,44,41
2023-05-23,1024,149,92,96,41,57,55
2023-05-24,1024,139,80,88,38,59,50
2023-05-25,1024,103,85,77,32,18,45
2023-05-26,1024,120,69,50,28,51,22
2023-05-27,1024,106,86,97,36,20,61
2023-05-28,1024,128,71,56,47,57,9
2023-05-29,1024,103,73,100,45,30,55
2023-05-30,1024,148,77,88,39,71,49
2023-05-31,1024,130,100,51,41,30,10
2023-06-01,1024,123,75,83,39,48,44
2023-06-02,1024,132,89,53,45,43,8
2023-06-03,1024,121,84,61,49,37,12
2023-06-04,1024,104,90,56,36,14,20
2023-06-05,1024,121,79,69,28,42,41
2023-06-06,1024,116,91,82,39,25,43
2023-06-07,1024,134,91,53,39,43,14
2023-06-08,1024,108,103,55,32,5,23
2023-06-09,1024,138,91,59,38,47,21
2023-06-10,1024,105,80,63,37,25,26
2023-06-11,1024,115,70,57,41,45,16
2023-06-12,1024,108,82,90,48,26,42
2023-06-13,1024,110,94,70,32,16,38
2023-06-14,1024,127,74,58,39,53,19
2023-06-15,1024,136,76,58,35,60,23
2023-06-16,1024,129,89,52,43,40,9
2023-06-17,1024,102,83,55,30,19,25
2023-06-18,1024,116,75,83,42,41,41
2023-06-19,1024,124,71,85,38,53,47
2023-06-20,1024,128,76,51,41,52,10
2023-06-21,1024,130,68,98,32,62,66
2023-06-22,1024,100,60,70,39,40,31
2023-06-23,1024,145,75,90,34,70,56
2023-06-24,1024,145,68,64,39,77,25
2023-06-25,1024,115,84,86,50,31,36
2023-06-26,1024,131,80,89,35,51,54
2023-06-27,1024,139,83,78,35,56,43
2023-06-28,1024,117,73,59,29,44,30
2023-06-29,1024,139,92,78,35,47,43
2023-06-30,1024,100,86,85,42,14,43
2023-07-01,1024,141,72,72,41,69,31
2023-07-02,1024,117,72,61,42,45,19
2023-07-03,1024,137,66,72,44,71,28
2023-07-04,1024,147,86,85,32,61,53
2023-07-05,1024,123,90,98,38,33,60
2023-07-06,1024,130,92,81,28,38,53
2023-07-07,1024,141,74,67,53,67,14
2023-07-08,1024,105,77,65,36,28,29
2023-07-09,1024,143,78,74,35,65,39
2023-07-10,1024,100,78,69,36,22,33
2023-07-11,1024,147,81,83,24,66,59
2023-07-12,1024,109,65,52,35,44,17
2023-07-13,1024,111,72,57,35,39,22
2023-07-14,1024,149,71,63,32,78,31
2023-07-15,1024,125,77,88,46,48,42
2023-07-16,1024,105,73,92,35,32,57
2023-07-17,1024,142,84,79,44,58,35
2023-07-18,1024,107,78,66,40,29,26
2023-07-19,1024,108,63,100,33,45,67
2023-07-20,1024,133,71,87,44,62,43
2023-07-21,1024,121,86,59,42,35,17
2023-07-22,1024,134,90,77,41,44,36
2023-07-23,1024,106,80,56,40,26,16
2023-07-24,1024,107,69,92,39,38,53
2023-07-25,1024,108,78,85,44,30,41
2023-07-26,1024,123,76,62,31,47,31
2023-07-27,1024,100,81,98,38,19,60
2023-07-28,1024,127,54,81,38,73,43
2023-07-29,1024,144,86,58,34,58,24
2023-07-30,1024,137,64,69,49,73,20
2023-07-31,1024,147,77,60,35,70,25
2023-08-01,1024,100,103,56,52,-3,4
2023-08-02,1024,116,88,66,37,28,29
2023-08-03,1024,141,80,50,40,61,10
2023-08-04,1024,123,93,95,33,30,62
2023-08-05,1024,145,75,89,59,70,30
2023-08-06,1024,150,75,94,45,75,49
2023-08-07,1024,124,88,100,39,36,61
2023-08-08,1024,149,101,98,33,48,65
2023-08-09,1024,108,64,93,47,44,46
2023-08-10,1024,100,65,94,51,35,43
2023-08-11,1024,111,79,82,40,32,42
2023-08-12,1024,136,76,70,32,60,38
2023-08-13,1024,133,82,83,41,51,42
2023-08-14,1024,128,80,75,43,48,32
2023-08-15,1024,138,90,56,36,48,20
2023-08-16,1024,119,88,99,39,31,60
2023-08-17,1024,140,76,71,40,64,31
2023-08-18,1024,113,86,53,44,27,9
2023-08-19,1024,128,78,75,26,50,49
2023-08-20,1024,124,77,97,33,47,64
2023-08-21,1024,111,75,99,41,36,58
2023-08-22,1024,147,78,91,31,69,60
2023-08-23,1024,143,79,67,41,64,26
2023-08-24,1024,141,77,69,56,64,13
2023-08-25,1024,109,79,77,37,30,40
2023-08-26,1024,120,71,51,46,49,5
2023-08-27,1024,101,76,86,39,25,47
2023-08-28,1024,105,82,71,40,23,31
2023-08-29,1024,134,75,71,39,59,32
2023-08-30,1024,108,89,96,38,19,58
2023-08-31,1024,147,83,59,44,64,15
2023-09-01,1024,143,94,91,33,49,58
2023-09-02,1024,118,68,88,33,50,55
2023-09-03,1024,109,77,88,46,32,42
2023-09-04,1024,117,72,53,39,45,14
2023-09-05,1024,143,100,69,29,43,40
2023-09-06,1024,129,75,93,54,54,39
2023-09-07,1024,135,89,62,31,46,31
2023-09-08,1024,133,102,85,47,31,38
2023-09-09,1024,125,94,98,51,31,47
2023-09-10,1024,148,86,77,42,62,35
2023-09-11,1024,137,65,74,46,72,28
2023-09-12,1024,118,87,83,36,31,47
2023-09-13,1024,111,94,52,37,17,15
2023-09-14,1024,102,68,60,39,34,21
2023-09-15,1024,128,73,90,49,55,41
2023-09-16,1024,112,86,67,50,26,17
2023-09-17,1024,139,88,91,45,51,46
2023-09-18,1024,137,69,61,43,68,18
2023-09-19,1024,109,98,99,38,11,61
2023-09-20,1024,133,78,88,34,55,54
2023-09-21,1024,144,82,89,36,62,53
2023-09-22,1024,101,70,70,48,31,22
2023-09-23,1024,127,68,88,49,59,39
2023-09-24,1024,150,83,59,39,67,20
2023-09-25,1024,112,91,88,38,21,50
2023-09-26,1024,150,83,59,29,67,30
2023-09-27,1024,142,90,95,40,52,55
2023-09-28,1024,150,91,66,45,59,21
2023-09-29,1024,146,83,54,42,63,12
2023-09-30,1024,135,80,66,37,55,29
2023-10-01,1024,110,72,80,27,38,53
2023-10-02,1024,135,81,71,37,54,34
2023-10-03,1024,140,53,55,44,87,11
2023-10-04,1024,142,71,50,43,71,7
2023-10-05,1024,115,73,81,43,42,38
2023-10-06,1024,138,81,69,43,57,26
2023-10-07,1024,117,68,84,48,49,36
2023-10-08,1024,133,73,90,29,60,61
2023-10-09,1024,121,82,70,47,39,23
2023-10-10,1024,145,80,60,40,65,20
2023-10-11,1024,120,67,72,26,53,46
2023-10-12,1024,127,73,58,44,54,14
2023-10-13,1024,123,84,53,32,39,21
2023-10-14,1024,129,74,98,34,55,64
2023-10-15,1024,102,97,86,36,5,50
2023-10-16,1024,142,76,53,44,66,9
2023-10-17,1024,146,79,86,43,67,43
2023-10-18,1024,137,89,94,29,48,65
2023-10-19,1024,110,73,61,37,37,24
2023-10-20,1024,136,88,59,44,48,15
2023-10-21,1024,141,74,51,34,67,17
2023-10-22,1024,133,62,89,34,71,55
2023-10-23,1024,115,83,78,41,32,37
2023-10-24,1024,110,94,87,46,16,41
2023-10-25,1024,114,70,57,53,44,4
2023-10-26,1024,126,89,54,47,37,7
2023-10-27,1024,147,84,81,45,63,36
2023-10-28,1024,149,95,71,31,54,40
2023-10-29,1024,135,80,75,37,55,38
2023-10-30,1024,131,69,73,37,62,36
2023-10-31,1024,148,65,81,39,83,42
2023-11-01,1024,110,93,67,44,17,23
2023-11-02,1024,139,76,94,36,63,58
2023-11-03,1024,150,95,64,51,55,13
2023-11-04,1024,148,72,90,40,76,50
2023-11-05,1024,147,82,68,35,65,33
2023-11-06,1024,118,80,86,41,38,45
2023-11-07,1024,147,77,64,27,70,37
2023-11-08,1024,139,83,75,32,56,43
2023-11-09,1024,103,85,97,29,18,68
2023-11-10,1024,141,67,59,53,74,6
2023-11-11,1024,120,79,86,47,41,39
2023-11-12,1024,124,83,81,43,41,38
2023-11-13,1024,143,84,91,44,59,47
2023-11-14,1024,116,84,97,31,32,66
2023-11-15,1024,128,90,66,43,38,23
2023-11-16,1024,142,83,92,49,59,43
2023-11-17,1024,150,74,53,35,76,18
2023-11-18,1024,148,78,52,36,70,16
2023-11-19,1024,111,70,90,36,41,54
2023-11-20,1024,117,77,95,32,40,63
2023-11-21,1024,145,65,61,45,80,16
2023-11-22,1024,148,76,99,44,72,55
2023-11-23,1024,142,76,53,51,66,2
2023-11-24,1024,145,73,83,39,72,44
2023-11-25,1024,111,75,84,37,36,47
2023-11-26,1024,131,76,89,31,55,58
2023-11-27,1024,102,72,86,31,30,55
2023-11-28,1024,142,86,82,48,56,34
2023-11-29,1024,135,83,62,43,52,19
2023-11-30,1024,109,72,95,49,37,46
2023-12-01,1024,149,97,67,32,52,35
2023-12-02,1024,118,85,62,34,33,28
2023-12-03,1024,132,84,91,39,48,52
2023-12-04,1024,109,84,71,49,25,22
2023-12-05,1024,135,78,73,47,57,26
2023-12-06,1024,141,90,81,37,51,44
2023-12-07,1024,106,81,63,32,25,31
2023-12-08,1024,120,81,69,43,39,26
2023-12-09,1024,122,82,80,36,40,44
2023-12-10,1024,136,83,70,43,53,27
2023-12-11,1024,108,78,87,41,30,46
2023-12-12,1024,107,91,100,44,16,56
2023-12-13,1024,132,72,52,30,60,22
2023-12-14,1024,120,67,84,40,53,44
2023-12-15,1024,138,84,68,33,54,35
2023-12-16,1024,122,76,59,53,46,6
2023-12-17,1024,117,74,82,43,43,39
2023-12-18,1024,124,86,97,36,38,61
2023-12-19,1024,137,92,100,43,45,57
2023-12-20,1024,124,67,75,48,57,27
2023-12-21,1024,117,85,59,33,32,26
2023-12-22,1024,137,91,53,33,46,20
2023-12-23,1024,107,96,65,36,11,29
2023-12-24,1024,128,75,92,32,53,60
2023-12-25,1024,144,79,58,45,65,13
2023-12-26,1024,113,73,54,34,40,20
2023-12-27,1024,112,73,61,41,39,20
2023-12-28,1024,139,77,87,41,62,46
2023-12-29,1024,121,107,95,46,14,49
2023-12-30,1024,118,86,81,33,32,48
2023-12-31,1024,150,87,96,41,63,55
2023-01-01,1025,101,84,64,35,17,29
2023-01-02,1025,112,84,55,36,28,19
2023-01-03,1025,135,75,81,47,60,34
2023-01-04,1025,145,98,98,36,47,62
2023-01-05,1025,109,82,65,42,27,23
2023-01-06,1025,107,85,53,36,22,17
2023-01-07,1025,123,82,74,40,41,34
2023-01-08,1025,122,75,61,40,47,21
2023-01-09,1025,117,83,87,46,34,41
2023-01-10,1025,129,78,94,39,51,55
2023-01-11,1025,113,77,53,31,36,22
2023-01-12,1025,131,59,56,35,72,21
2023-01-13,1025,116,86,97,38,30,59
2023-01-14,1025,144,88,58,29,56,29
2023-01-15,1025,134,84,53,40,50,13
2023-01-16,1025,140,85,94,36,55,58
2023-01-17,1025,128,75,97,36,53,61
2023-01-18,1025,132,102,69,36,30,33
2023-01-19,1025,145,87,66,40,58,26
2023-01-20,1025,128,90,79,46,38,33
2023-01-21,1025,150,74,62,45,76,17
2023-01-22,1025,116,73,93,39,43,54
2023-01-23,1025,122,90,52,36,32,16
2023-01-24,1025,149,71,92,34,78,58
2023-01-25,1025,128,79,74,26,49,48
2023-01-26,1025,150,94,91,38,56,53
2023-01-27,1025,107,87,51,42,20,9
2023-01-28,1025,138,76,61,37,62,24
2023-01-29,1025,131,72,53,35,59,18
2023-01-30,1025,137,74,80,36,63,44
2023-01-31,1025,106,87,64,36,19,28
2023-02-01,1025,141,62,65,36,79,29
2023-02-02,1025,149,79,65,41,70,24
2023-02-03,1025,138,94,94,39,44,55
2023-02-04,1025,105,82,76,30,23,46
2023-02-05,1025,136,72,74,32,64,42
2023-02-06,1025,130,81,61,41,49,20
2023-02-07,1025,102,87,81,41,15,40
2023-02-08,1025,112,81,99,45,31,54
2023-02-09,1025,140,75,61,29,65,32
2023-02-10,1025,142,92,68,47,50,21
2023-02-11,1025,135,64,91,36,71,55
2023-02-12,1025,113,80,58,44,33,14
2023-02-13,1025,122,95,55,31,27,24
2023-02-14,1025,131,77,52,38,54,14
2023-02-15,1025,145,97,83,40,48,43
2023-02-16,1025,121,92,89,41,29,48
2023-02-17,1025,138,88,71,35,50,36
2023-02-18,1025,115,73,97,34,42,63
2023-02-19,1025,130,73,66,37,57,29
2023-02-20,1025,131,87,96,44,44,52
2023-02-21,1025,147,67,60,38,80,22
2023-02-22,1025,143,72,78,34,71,44
2023-02-23,1025,104,79,74,34,25,40
2023-02-24,1025,114,78,88,38,36,50
2023-02-25,1025,137,71,83,41,66,42
2023-02-26,1025,117,79,79,42,38,37
2023-02-27,1025,114,83,59,44,31,15
2023-02-28,1025,120,82,70,30,38,40
2023-03-01,1025,143,78,88,44,65,44
2023-03-02,1025,134,74,80,41,60,39
2023-03-03,1025,134,77,65,50,57,15
2023-03-04,1025,129,79,66,35,50,31
2023-03-05,1025,107,68,91,46,39,45
2023-03-06,1025,106,76,100,35,30,65
2023-03-07,1025,115,77,64,47,38,17
2023-03-08,1025,143,84,97,47,59,50
2023-03-09,1025,120,90,73,35,30,38
2023-03-10,1025,143,79,98,53,64,45
2023-03-11,1025,145,66,62,38,79,24
2023-03-12,1025,101,82,71,31,19,40
2023-03-13,1025,128,86,57,36,42,21
2023-03-14,1025,142,86,69,38,56,31
2023-03-15,1025,114,111,92,55,3,37
2023-03-16,1025,107,77,94,31,30,63
2023-03-17,1025,125,86,95,40,39,55
2023-03-18,1025,146,84,53,48,62,5
2023-03-19,1025,111,85,50,38,26,12
2023-03-20,1025,120,77,51,43,43,8
2023-03-21,1025,144,67,94,48,77,46
2023-03-22,1025,124,76,77,29,48,48
2023-03-23,1025,129,103,74,44,26,30
2023-03-24,1025,120,99,90,41,21,49
2023-03-25,1025,122,87,95,46,35,49
2023-03-26,1025,115,75,84,32,40,52
2023-03-27,1025,121,72,75,38,49,37
2023-03-28,1025,149,72,85,39,77,46
2023-03-29,1025,137,72,81,45,65,36
2023-03-30,1025,128,75,73,36,53,37
2023-03-31,1025,128,87,56,36,41,20
2023-04-01,1025,139,72,56,40,67,16
2023-04-02,1025,130,89,58,51,41,7
2023-04-03,1025,123,70,55,34,53,21
2023-04-04,1025,144,72,56,35,72,21
2023-04-05,1025,130,73,83,57,57,26
2023-04-06,1025,110,82,91,39,28,52
2023-04-07,1025,115,69,87,26,46,61
2023-04-08,1025,124,71,99,47,53,52
2023-04-09,1025,144,76,82,44,68,38
2023-04-10,1025,148,99,69,38,49,31
2023-04-11,1025,140,69,57,47,71,10
2023-04-12,1025,103,93,68,39,10,29
2023-04-13,1025,118,79,75,56,39,19
2023-04-14,1025,132,75,70,37,57,33
2023-04-15,1025,115,85,97,33,30,64
2023-04-16,1025,147,68,59,35,79,24
2023-04-17,1025,107,56,52,34,51,18
2023-04-18,1025,111,71,66,38,40,28
2023-04-19,1025,136,91,66,37,45,29
2023-04-20,1025,133,77,66,42,56,24
2023-04-21,1025,131,78,57,50,53,7
2023-04-22,1025,110,83,77,35,27,42
2023-04-23,1025,120,79,59,49,41,10
2023-04-24,1025,142,85,67,45,57,22
2023-04-25,1025,138,75,85,38,63,47
2023-04-26,1025,109,83,53,42,26,11
2023-04-27,1025,119,86,80,56,33,24
2023-04-28,1025,146,85,62,47,61,15
2023-04-29,1025,114,68,67,41,46,26
2023-04-30,1025,124,71,98,42,53,56
2023-05-01,1025,137,79,74,48,58,26
2023-05-02,1025,140,84,75,37,56,38
2023-05-03,1025,124,71,61,54,53,7
2023-05-04,1025,102,76,88,30,26,58
2023-05-05,1025,109,71,77,44,38,33
2023-05-06,1025,114,71,93,49,43,44
2023-05-07,1025,117,90,89,36,27,53
2023-05-08,1025,147,73,67,33,74,34
2023-05-09,1025,119,83,62,40,36,22
2023-05-10,1025,108,72,81,41,36,40
2023-05-11,1025,126,70,83,32,56,51
2023-05-12,1025,124,72,55,37,52,18
2023-05-13,1025,110,83,99,42,27,57
2023-05-14,1025,121,80,97,34,41,63
2023-05-15,1025,116,82,61,40,34,21
2023-05-16,1025,137,66,87,35,71,52
2023-05-17,1025,122,79,78,44,43,34
2023-05-18,1025,118,94,66,41,24,25
2023-05-19,1025,124,81,72,42,43,30
2023-05-20,1025,109,67,82,43,42,39
2023-05-21,1025,142,78,65,24,64,41
2023-05-22,1025,146,80,83,37,66,46
2023-05-23,1025,149,80,56,27,69,29
2023-05-24,1025,115,77,74,46,38,28
2023-05-25,1025,130,78,57,38,52,19
2023-05-26,1025,102,73,79,39,29,40
2023-05-27,1025,134,73,97,44,61,53
2023-05-28,1025,119,83,88,47,36,41
2023-05-29,1025,108,72,50,50,36,0
2023-05-30,1025,147,74,51,30,73,21
2023-05-31,1025,138,83,53,43,55,10
2023-06-01,1025,127,76,68,37,51,31
2023-06-02,1025,134,84,78,38,50,40
2023-06-03,1025,149,76,90,33,73,57
2023-06-04,1025,150,86,75,36,64,39
2023-06-05,1025,105,70,80,41,35,39
2023-06-06,1025,141,76,100,32,65,68
2023-06-07,1025,116,88,61,37,28,24
2023-06-08,1025,132,69,74,34,63,40
2023-06-09,1025,145,69,68,45,76,23
2023-06-10,1025,121,105,91,42,16,49
2023-06-11,1025,114,81,75,40,33,35
2023-06-12,1025,147,72,75,33,75,42
2023-06-13,1025,137,82,90,39,55,51
2023-06-14,1025,130,80,82,38,50,44
2023-06-15,1025,128,89,53,52,39,1
2023-06-16,1025,132,78,86,39,54,47
2023-06-17,1025,120,85,74,35,35,39
2023-06-18,1025,145,68,69,41,77,28
2023-06-19,1025,134,74,52,40,60,12
2023-06-20,1025,124,72,62,37,52,25
2023-06-21,1025,123,99,73,45,24,28
2023-06-22,1025,114,69,72,46,45,26
2023-06-23,1025,126,76,60,36,50,24
2023-06-24,1025,133,77,92,43,56,49
2023-06-25,1025,116,82,82,26,34,56
2023-06-26,1025,132,74,88,44,58,44
2023-06-27,1025,138,66,65,37,72,28
2023-06-28,1025,117,89,78,41,28,37
2023-06-29,1025,148,88,59,46,60,13
2023-06-30,1025,150,75,85,52,75,33
2023-07-01,1025,122,84,51,41,38,10
2023-07-02,1025,145,80,72,37,65,35
2023-07-03,1025,129,92,68,44,37,24
2023-07-04,1025,120,90,53,42,30,11
2023-07-05,1025,105,67,85,32,38,53
2023-07-06,1025,100,72,84,40,28,44
2023-07-07,1025,105,84,71,42,21,29
2023-07-08,1025,118,93,53,48,25,5
2023-07-09,1025,126,78,88,51,48,37
2023-07-10,1025,131,82,89,33,49,56
2023-07-11,1025,146,79,53,41,67,12
2023-07-12,1025,103,84,56,33,19,23
2023-07-13,1025,101,79,52,49,22,3
2023-07-14,1025,131,82,82,40,49,42
2023-07-15,1025,145,75,68,39,70,29
2023-07-16,1025,104,65,92,46,39,46
2023-07-17,1025,144,64,66,40,80,26
2023-07-18,1025,143,96,70,48,47,22
2023-07-19,1025,117,82,91,46,35,45
2023-07-20,1025,141,72,56,42,69,14
2023-07-21,1025,106,93,89,33,13,56
2023-07-22,1025,108,68,87,36,40,51
2023-07-23,1025,144,78,52,38,66,14
2023-07-24,1025,139,79,77,42,60,35
2023-07-25,1025,119,76,54,30,43,24
2023-07-26,1025,104,86,72,52,18,20
2023-07-27,1025,127,105,50,38,22,12
2023-07-28,1025,140,74,62,50,66,12
2023-07-29,1025,114,87,52,38,27,14
2023-07-30,1025,140,58,60,44,82,16
2023-07-31,1025,124,93,89,38,31,51
2023-08-01,1025,119,90,59,34,29,25
2023-08-02,1025,144,84,80,42,60,38
2023-08-03,1025,129,83,64,34,46,30
2023-08-04,1025,136,84,53,40,52,13
2023-08-05,1025,113,87,76,31,26,45
2023-08-06,1025,124,69,100,37,55,63
2023-08-07,1025,130,78,56,37,52,19
2023-08-08,1025,124,90,52,35,34,17
2023-08-09,1025,147,78,83,45,69,38
2023-08-10,1025,139,74,57,28,65,29
2023-08-11,1025,143,69,60,38,74,22
2023-08-12,1025,114,92,60,46,22,14
2023-08-13,1025,109,76,69,37,33,32
2023-08-14,1025,100,91,63,44,9,19
2023-08-15,1025,119,69,69,43,50,26
2023-08-16,1025,139,76,76,44,63,32
2023-08-17,1025,123,68,80,43,55,37
2023-08-18,1025,132,79,59,39,53,20
2023-08-19,1025,116,73,57,48,43,9
2023-08-20,1025,140,87,54,43,53,11
2023-08-21,1025,128,94,88,45,34,43
2023-08-22,1025,133,90,93,49,43,44
2023-08-23,1025,103,90,73,43,13,30
2023-08-24,1025,119,80,67,38,39,29
2023-08-25,1025,125,90,74,50,35,24
2023-08-26,1025,113,70,87,38,43,49
2023-08-27,1025,107,72,81,37,35,44
2023-08-28,1025,107,81,59,40,26,19
2023-08-29,1025,137,66,72,38,71,34
2023-08-30,1025,139,66,62,45,73,17
2023-08-31,1025,129,80,83,45,49,38
2023-09-01,1025,146,73,55,40,73,15
2023-09-02,1025,122,86,57,32,36,25
2023-09-03,1025,124,73,57,45,51,12
2023-09-04,1025,135,98,92,29,37,63
2023-09-05,1025,121,103,69,37,18,32
2023-09-06,1025,149,88,64,27,61,37
2023-09-07,1025,117,88,58,36,29,22
2023-09-08,1025,149,95,87,39,54,48
2023-09-09,1025,106,80,87,38,26,49
2023-09-10,1025,106,84,86,35,22,51
2023-09-11,1025,132,87,75,35,45,40
2023-09-12,1025,109,76,86,46,33,40
2023-09-13,1025,108,88,71,25,20,46
2023-09-14,1025,138,79,59,41,59,18
2023-09-15,1025,145,89,52,35,56,17
2023-09-16,1025,122,80,98,36,42,62
2023-09-17,1025,121,79,54,37,42,17
2023-09-18,1025,112,64,58,31,48,27
2023-09-19,1025,102,82,59,38,20,21
2023-09-20,1025,132,95,73,37,37,36
2023-09-21,1025,120,76,78,50,44,28
2023-09-22,1025,116,80,95,39,36,56
2023-09-23,1025,111,84,96,32,27,64
2023-09-24,1025,103,98,50,34,5,16
2023-09-25,1025,100,73,78,42,27,36
2023-09-26,1025,123,82,71,39,41,32
2023-09-27,1025,106,89,62,47,17,15
2023-09-28,1025,133,91,96,49,42,47
2023-09-29,1025,148,88,68,35,60,33
2023-09-30,1025,139,80,56,39,59,17
2023-10-01,1025,100,72,82,36,28,46
2023-10-02,1025,105,75,54,40,30,14
2023-10-03,1025,130,89,82,46,41,36
2023-10-04,1025,118,89,57,53,29,4
2023-10-05,1025,144,81,80,36,63,44
2023-10-06,1025,125,94,100,33,31,67
2023-10-07,1025,133,99,99,34,34,65
2023-10-08,1025,101,67,100,51,34,49
2023-10-09,1025,103,75,93,38,28,55
2023-10-10,1025,107,76,94,40,31,54
2023-10-11,1025,140,84,51,40,56,11
2023-10-12,1025,129,81,78,40,48,38
2023-10-13,1025,138,81,65,33,57,32
2023-10-14,1025,129,78,56,25,51,31
2023-10-15,1025,117,70,64,38,47,26
2023-10-16,1025,148,53,84,44,95,40
2023-10-17,1025,101,75,74,45,26,29
2023-10-18,1025,147,81,90,37,66,53
2023-10-19,1025,102,78,86,31,24,55
2023-10-20,1025,144,88,97,38,56,59
2023-10-21,1025,146,86,76,39,60,37
2023-10-22,1025,150,78,54,38,72,16
2023-10-23,1025,130,72,87,48,58,39
2023-10-24,1025,146,77,97,33,69,64
2023-10-25,1025,110,85,78,37,25,41
2023-10-26,1025,149,77,50,49,72,1
2023-10-27,1025,105,91,95,38,14,57
2023-10-28,1025,120,94,58,49,26,9
2023-10-29,1025,111,79,85,31,32,54
2023-10-30,1025,122,82,51,45,40,6
2023-10-31,1025,130,82,75,25,48,50
2023-11-01,1025,147,66,97,39,81,58
2023-11-02,1025,141,74,54,38,67,16
2023-11-03,1025,143,68,82,40,75,42
2023-11-04,1025,130,76,79,33,54,46
2023-11-05,1025,146,69,61,45,77,16
2023-11-06,1025,144,92,83,48,52,35
2023-11-07,1025,138,74,76,30,64,46
2023-11-08,1025,108,79,69,40,29,29
2023-11-09,1025,109,70,55,50,39,5
2023-11-10,1025,143,81,71,44,62,27
2023-11-11,1025,103,85,65,44,18,21
2023-11-12,1025,144,79,55,43,65,12
2023-11-13,1025,113,90,82,54,23,28
2023-11-14,1025,111,79,92,39,32,53
2023-11-15,1025,123,67,90,39,56,51
2023-11-16,1025,140,85,62,39,55,23
2023-11-17,1025,144,76,74,42,68,32
2023-11-18,1025,120,86,52,39,34,13
2023-11-19,1025,148,80,79,37,68,42
2023-11-20,1025,142,90,51,51,52,0
2023-11-21,1025,118,80,95,35,38,60
2023-11-22,1025,102,76,74,38,26,36
2023-11-23,1025,100,66,89,37,34,52
2023-11-24,1025,129,75,92,54,54,38
2023-11-25,1025,129,88,87,40,41,47
2023-11-26,1025,107,98,92,35,9,57
2023-11-27,1025,100,71,66,34,29,32
2023-11-28,1025,130,81,98,55,49,43
2023-11-29,1025,131,91,91,32,40,59
2023-11-30,1025,107,82,94,36,25,58
2023-12-01,1025,134,69,93,47,65,46
2023-12-02,1025,104,84,52,41,20,11
2023-12-03,1025,133,99,84,39,34,45
2023-12-04,1025,123,75,94,40,48,54
2023-12-05,1025,103,79,61,49,24,12
2023-12-06,1025,139,65,73,36,74,37
2023-12-07,1025,132,67,53,33,65,20
2023-12-08,1025,100,87,75,41,13,34
2023-12-09,1025,114,91,65,45,23,20
2023-12-10,1025,118,78,72,39,40,33
2023-12-11,1025,149,81,96,43,68,53
2023-12-12,1025,108,71,72,38,37,34
2023-12-13,1025,120,89,77,41,31,36
2023-12-14,1025,109,68,55,41,41,14
2023-12-15,1025,103,100,69,32,3,37
2023-12-16,1025,137,78,82,39,59,43
2023-12-17,1025,132,73,92,38,59,54
2023-12-18,1025,146,91,84,51,55,33
2023-12-19,1025,105,87,78,32,18,46
2023-12-20,1025,103,82,55,40,21,15
2023-12-21,1025,122,92,58,36,30,22
2023-12-22,1025,149,77,61,46,72,15
2023-12-23,1025,108,94,72,34,14,38
2023-12-24,1025,128,74,61,45,54,16
2023-12-25,1025,116,78,54,40,38,14
2023-12-26,1025,115,82,56,42,33,14
2023-12-27,1025,120,93,77,48,27,29
2023-12-28,1025,144,81,95,49,63,46
2023-12-29,1025,149,74,94,45,75,49
2023-12-30,1025,109,89,75,57,20,18
2023-12-31,1025,140,80,80,41,60,39
2023-01-01,1026,147,90,67,51,57,16
2023-01-02,1026,121,74,59,45,47,14
2023-01-03,1026,117,88,56,44,29,12
2023-01-04,1026,150,82,56,31,68,25
2023-01-05,1026,111,87,82,42,24,40
2023-01-06,1026,117,97,53,34,20,19
2023-01-07,1026,122,96,92,33,26,59
2023-01-08,1026,103,78,54,38,25,16
2023-01-09,1026,148,72,88,43,76,45
2023-01-10,1026,101,71,53,50,30,3
2023-01-11,1026,135,73,90,35,62,55
2023-01-12,1026,116,74,78,46,42,32
2023-01-13,1026,122,73,70,35,49,35
2023-01-14,1026,140,73,59,57,67,2
2023-01-15,1026,121,61,87,42,60,45
2023-01-16,1026,121,90,82,36,31,46
2023-01-17,1026,129,70,69,46,59,23
2023-01-18,1026,139,63,96,37,76,59
2023-01-19,1026,130,90,91,32,40,59
2023-01-20,1026,107,67,68,36,40,32
2023-01-21,1026,149,76,81,41,73,40
2023-01-22,1026,129,69,68,44,60,24
2023-01-23,1026,120,77,92,40,43,52
2023-01-24,1026,146,88,63,49,58,14
2023-01-25,1026,142,85,53,44,57,9
2023-01-26,1026,105,73,57,45,32,12
2023-01-27,1026,148,80,76,42,68,34
2023-01-28,1026,150,75,85,30,75,55
2023-01-29,1026,128,72,75,40,56,35
2023-01-30,1026,150,78,54,26,72,28
2023-01-31,1026,113,71,83,35,42,48
2023-02-01,1026,134,94,53,25,40,28
2023-02-02,1026,106,92,64,48,14,16
2023-02-03,1026,121,78,59,40,43,19
2023-02-04,1026,131,76,69,34,55,35
2023-02-05,1026,118,70,97,37,48,60
2023-02-06,1026,133,77,57,42,56,15
2023-02-07,1026,111,78,65,55,33,10
2023-02-08,1026,100,82,84,46,18,38
2023-02-09,1026,113,70,99,36,43,63
2023-02-10,1026,125,86,75,39,39,36
2023-02-11,1026,130,84,91,37,46,54
2023-02-12,1026,115,70,54,50,45,4
2023-02-13,1026,101,72,85,40,29,45
2023-02-14,1026,109,66,65,39,43,26
2023-02-15,1026,133,73,100,26,60,74
2023-02-16,1026,139,94,78,44,45,34
2023-02-17,1026,123,88,82,36,35,46
2023-02-18,1026,117,86,81,31,31,50
2023-02-19,1026,106,72,52,32,34,20
2023-02-20,1026,139,69,73,35,70,38
2023-02-21,1026,111,77,56,42,34,14
2023-02-22,1026,150,77,95,36,73,59
2023-02-23,1026,146,86,99,43,60,56
2023-02-24,1026,150,75,82,42,75,40
2023-02-25,1026,119,81,84,43,38,41
2023-02-26,1026,100,92,75,37,8,38
2023-02-27,1026,132,90,100,43,42,57
2023-02-28,1026,107,71,90,52,36,38
2023-03-01,1026,138,79,81,41,59,40
2023-03-02,1026,143,83,78,36,60,42
2023-03-03,1026,137,62,73,53,75,20
2023-03-04,1026,103,69,67,36,34,31
2023-03-05,1026,150,83,87,38,67,49
2023-03-06,1026,116,74,83,30,42,53
2023-03-07,1026,102,81,74,31,21,43
2023-03-08,1026,107,91,100,48,16,52
2023-03-09,1026,127,82,96,43,45,53
2023-03-10,1026,133,73,52,25,60,27
2023-03-11,1026,100,68,70,42,32,28
2023-03-12,1026,147,80,66,41,67,25
2023-03-13,1026,142,78,89,49,64,40
2023-03-14,1026,109,82,64,44,27,20
2023-03-15,1026,146,94,60,37,52,23
2023-03-16,1026,142,89,55,40,53,15
2023-03-17,1026,121,76,64,51,45,13
2023-03-18,1026,111,99,71,45,12,26
2023-03-19,1026,141,89,52,41,52,11
2023-03-20,1026,135,65,81,38,70,43
2023-03-21,1026,127,92,87,29,35,58
2023-03-22,1026,116,92,67,52,24,15
2023-03-23,1026,115,57,96,37,58,59
2023-03-24,1026,126,85,86,25,41,61
2023-03-25,1026,100,83,58,48,17,10
2023-03-26,1026,101,75,59,46,26,13
2023-03-27,1026,124,86,70,37,38,33
2023-03-28,1026,112,80,77,53,32,24
2023-03-29,1026,144,76,65,42,68,23
2023-03-30,1026,110,78,83,37,32,46
2023-03-31,1026,117,92,98,46,25,52
2023-04-01,1026,146,68,54,52,78,2
2023-04-02,1026,119,83,53,39,36,14
2023-04-03,1026,119,70,83,45,49,38
2023-04-04,1026,123,80,88,45,43,43
2023-04-05,1026,103,87,67,39,16,28
2023-04-06,1026,109,102,58,43,7,15
2023-04-07,1026,129,69,100,31,60,69
2023-04-08,1026,121,86,63,48,35,15
2023-04-09,1026,104,83,79,48,21,31
2023-04-10,1026,123,84,69,35,39,34
2023-04-11,1026,114,79,67,31,35,36
2023-04-12,1026,147,84,99,37,63,62
2023-04-13,1026,146,64,87,49,82,38
2023-04-14,1026,150,82,87,41,68,46
2023-04-15,1026,150,76,91,33,74,58
2023-04-16,1026,141,83,53,46,58,7
2023-04-17,1026,130,69,74,37,61,37
2023-04-18,1026,130,77,63,43,53,20
2023-04-19,1026,112,82,65,40,30,25
2023-04-20,1026,146,92,70,41,54,29
2023-04-21,1026,134,79,53,37,55,16
2023-04-22,1026,103,80,79,39,23,40
2023-04-23,1026,116,71,100,41,45,59
2023-04-24,1026,129,75,61,37,54,24
2023-04-25,1026,134,78,50,38,56,12
2023-04-26,1026,131,97,97,31,34,66
2023-04-27,1026,141,100,96,37,41,59
2023-04-28,1026,135,90,88,45,45,43
2023-04-29,1026,114,66,78,40,48,38
2023-04-30,1026,145,80,64,34,65,30
2023-05-01,1026,142,73,93,48,69,45
2023-05-02,1026,105,74,72,41,31,31
2023-05-03,1026,134,75,76,31,59,45
2023-05-04,1026,116,91,61,29,25,32
2023-05-05,1026,108,68,93,46,40,47
2023-05-06,1026,126,84,68,31,42,37
2023-05-07,1026,115,86,62,39,29,23
2023-05-08,1026,129,87,69,41,42,28
2023-05-09,1026,101,82,62,42,19,20
2023-05-10,1026,103,92,98,42,11,56
2023-05-11,1026,124,85,68,43,39,25
2023-05-12,1026,150,83,83,57,67,26
2023-05-13,1026,125,94,94,41,31,53
2023-05-14,1026,122,68,93,26,54,67
2023-05-15,1026,105,79,68,40,26,28
2023-05-16,1026,146,75,85,43,71,42
2023-05-17,1026,144,76,88,41,68,47
2023-05-18,1026,146,81,88,49,65,39
2023-05-19,1026,130,89,64,35,41,29
2023-05-20,1026,142,89,96,39,53,57
2023-05-21,1026,147,85,78,37,62,41
2023-05-22,1026,131,77,90,43,54,47
2023-05-23,1026,119,71,84,34,48,50
2023-05-24,1026,118,81,54,40,37,14
2023-05-25,1026,111,81,96,40,30,56
2023-05-26,1026,101,62,76,36,39,40
2023-05-27,1026,117,73,70,26,44,44
2023-05-28,1026,147,88,96,32,59,64
2023-05-29,1026,117,92,68,36,25,32
2023-05-30,1026,136,77,91,41,59,50
2023-05-31,1026,148,82,65,40,66,25
2023-06-01,1026,142,68,53,33,74,20
2023-06-02,1026,148,87,98,34,61,64
2023-06-03,1026,142,82,90,37,60,53
2023-06-04,1026,128,85,79,39,43,40
2023-06-05,1026,126,82,63,43,44,20
2023-06-06,1026,124,79,87,41,45,46
2023-06-07,1026,150,73,98,46,77,52
2023-06-08,1026,137,81,52,38,56,14
2023-06-09,1026,102,74,74,32,28,42
2023-06-10,1026,139,81,60,35,58,25
2023-06-11,1026,127,81,79,34,46,45
2023-06-12,1026,133,75,74,31,58,43
2023-06-13,1026,107,78,76,30,29,46
2023-06-14,1026,135,83,62,39,52,23
2023-06-15,1026,142,91,93,39,51,54
2023-06-16,1026,101,82,81,47,19,34
2023-06-17,1026,117,85,53,36,32,17
2023-06-18,1026,107,83,80,37,24,43
2023-06-19,1026,115,91,64,32,24,32
2023-06-20,1026,116,70,90,25,46,65
2023-06-21,1026,132,81,90,46,51,44
2023-06-22,1026,115,84,82,46,31,36
2023-06-23,1026,116,70,99,39,46,60
2023-06-24,1026,100,67,60,41,33,19
2023-06-25,1026,126,87,95,41,39,54
2023-06-26,1026,107,56,77,45,51,32
2023-06-27,1026,124,85,66,42,39,24
2023-06-28,1026,107,71,65,43,36,22
2023-06-29,1026,132,70,75,52,62,23
2023-06-30,1026,146,74,71,44,72,27
2023-07-01,1026,100,77,96,40,23,56
2023-07-02,1026,107,70,100,39,37,61
2023-07-03,1026,105,93,62,46,12,16
2023-07-04,1026,113,81,69,38,32,31
2023-07-05,1026,108,83,52,37,25,15
2023-07-06,1026,124,75,84,36,49,48
2023-07-07,1026,105,89,89,49,16,40
2023-07-08,1026,106,86,88,44,20,44
2023-07-09,1026,137,98,73,42,39,31
2023-07-10,1026,128,77,52,36,51,16
2023-07-11,1026,111,78,87,48,33,39
2023-07-12,1026,145,71,57,38,74,19
2023-07-13,1026,128,93,79,47,35,32
2023-07-14,1026,115,78,91,36,37,55
2023-07-15,1026,143,87,59,41,56,18
2023-07-16,1026,138,71,72,40,67,32
2023-07-17,1026,105,77,78,41,28,37
2023-07-18,1026,142,76,71,38,66,33
2023-07-19,1026,138,66,94,41,72,53
2023-07-20,1026,111,98,99,45,13,54
2023-07-21,1026,100,75,60,40,25,20
2023-07-22,1026,117,61,98,44,56,54
2023-07-23,1026,145,78,95,34,67,61
2023-07-24,1026,136,74,69,44,62,25
2023-07-25,1026,128,95,78,45,33,33
2023-07-26,1026,128,93,69,45,35,24
2023-07-27,1026,120,66,85,33,54,52
2023-07-28,1026,139,81,63,46,58,17
2023-07-29,1026,113,50,70,44,63,26
2023-07-30,1026,119,89,55,29,30,26
2023-07-31,1026,136,83,88,37,53,51
2023-08-01,1026,133,74,88,39,59,49
2023-08-02,1026,137,74,77,32,63,45
2023-08-03,1026,123,68,96,28,55,68
2023-08-04,1026,129,76,63,44,53,19
2023-08-05,1026,143,76,65,62,67,3
2023-08-06,1026,107,76,75,44,31,31
2023-08-07,1026,110,68,90,39,42,51
2023-08-08,1026,132,90,50,33,42,17
2023-08-09,1026,104,69,68,34,35,34
2023-08-10,1026,137,72,65,43,65,22
2023-08-11,1026,122,59,63,37,63,26
2023-08-12,1026,106,72,58,36,34,22
2023-08-13,1026,132,63,51,45,69,6
2023-08-14,1026,108,74,80,30,34,50
2023-08-15,1026,144,71,96,36,73,60
2023-08-16,1026,124,63,88,36,61,52
2023-08-17,1026,140,79,71,34,61,37
2023-08-18,1026,120,77,55,43,43,12
2023-08-19,1026,150,82,82,40,68,42
2023-08-20,1026,118,69,75,42,49,33
2023-08-21,1026,122,70,67,50,52,17
2023-08-22,1026,119,75,99,45,44,54
2023-08-23,1026,106,74,72,29,32,43
2023-08-24,1026,117,96,66,52,21,14
2023-08-25,1026,116,73,71,50,43,21
2023-08-26,1026,142,72,95,31,70,64
2023-08-27,1026,102,68,69,41,34,28
2023-08-28,1026,150,79,85,39,71,46
2023-08-29,1026,108,95,95,42,13,53
2023-08-30,1026,134,88,90,41,46,49
2023-08-31,1026,113,74,100,44,39,56
2023-09-01,1026,108,78,62,24,30,38
2023-09-02,1026,111,74,99,37,37,62
2023-09-03,1026,143,73,88,41,70,47
2023-09-04,1026,146,67,93,30,79,63
2023-09-05,1026,116,99,60,43,17,17
2023-09-06,1026,129,81,62,33,48,29
2023-09-07,1026,150,82,93,44,68,49
2023-09-08,1026,140,83,77,40,57,37
2023-09-09,1026,145,73,71,39,72,32
2023-09-10,1026,134,80,94,32,54,62
2023-09-11,1026,129,60,64,30,69,34
2023-09-12,1026,118,90,66,33,28,33
2023-09-13,1026,106,86,70,36,20,34
2023-09-14,1026,110,69,73,41,41,32
2023-09-15,1026,120,84,73,40,36,33
2023-09-16,1026,119,74,78,39,45,39
2023-09-17,1026,130,82,70,39,48,31
2023-09-18,1026,107,64,68,35,43,33
2023-09-19,1026,106,83,88,43,23,45
2023-09-20,1026,102,62,50,44,40,6
2023-09-21,1026,125,74,83,38,51,45
2023-09-22,1026,110,80,75,45,30,30
2023-09-23,1026,149,79,99,33,70,66
2023-09-24,1026,148,77,51,54,71,-3
2023-09-25,1026,125,67,62,46,58,16
2023-09-26,1026,111,80,56,46,31,10
2023-09-27,1026,149,66,98,34,83,64
2023-09-28,1026,112,72,81,35,40,46
2023-09-29,1026,148,83,96,33,65,63
2023-09-30,1026,135,72,87,35,63,52
2023-10-01,1026,119,100,99,32,19,67
2023-10-02,1026,133,80,72,35,53,37
2023-10-03,1026,138,101,61,43,37,18
2023-10-04,1026,142,75,67,46,67,21
2023-10-05,1026,114,80,50,37,34,13
2023-10-06,1026,139,79,54,33,60,21
2023-10-07,1026,141,66,97,31,75,66
2023-10-08,1026,150,81,74,30,69,44
2023-10-09,1026,120,85,50,50,35,0
2023-10-10,1026,133,71,87,42,62,45
2023-10-11,1026,105,80,96,39,25,57
2023-10-12,1026,101,80,94,45,21,49
2023-10-13,1026,145,82,55,47,63,8
2023-10-14,1026,144,80,70,40,64,30
2023-10-15,1026,138,70,70,55,68,15
2023-10-16,1026,116,81,50,34,35,16
2023-10-17,1026,116,83,73,34,33,39
2023-10-18,1026,115,80,94,43,35,51
2023-10-19,1026,113,85,98,54,28,44
2023-10-20,1026,105,74,80,39,31,41
2023-10-21,1026,128,61,99,34,67,65
2023-10-22,1026,148,79,96,32,69,64
2023-10-23,1026,139,80,50,44,59,6
2023-10-24,1026,149,86,73,41,63,32
2023-10-25,1026,112,89,77,37,23,40
2023-10-26,1026,126,78,77,45,48,32
2023-10-27,1026,116,91,60,54,25,6
2023-10-28,1026,115,90,76,43,25,33
2023-10-29,1026,108,78,59,34,30,25
2023-10-30,1026,138,77,78,41,61,37
2023-10-31,1026,122,90,66,41,32,25
2023-11-01,1026,110,74,51,37,36,14
2023-11-02,1026,111,80,95,34,31,61
2023-11-03,1026,148,86,69,36,62,33
2023-11-04,1026,140,67,79,47,73,32
2023-11-05,1026,131,60,59,40,71,19
2023-11-06,1026,110,89,79,36,21,43
2023-11-07,1026,129,81,90,47,48,43
2023-11-08,1026,122,65,100,38,57,62
2023-11-09,1026,136,71,74,45,65,29
2023-11-10,1026,124,77,55,47,47,8
2023-11-11,1026,110,80,76,34,30,42
2023-11-12,1026,110,62,55,32,48,23
2023-11-13,1026,108,76,74,37,32,37
2023-11-14,1026,123,85,86,41,38,45
2023-11-15,1026,110,67,59,37,43,22
2023-11-16,1026,129,89,89,41,40,48
2023-11-17,1026,109,70,67,43,39,24
2023-11-18,1026,114,79,52,39,35,13
2023-11-19,1026,146,64,91,37,82,54
2023-11-20,1026,135,80,60,37,55,23
2023-11-21,1026,118,72,53,38,46,15
2023-11-22,1026,148,79,68,36,69,32
2023-11-23,1026,111,80,85,52,31,33
2023-11-24,1026,124,82,55,41,42,14
2023-11-25,1026,137,76,73,41,61,32
2023-11-26,1026,135,78,50,44,57,6
2023-11-27,1026,103,69,91,44,34,47
2023-11-28,1026,138,81,72,44,57,28
2023-11-29,1026,119,75,62,33,44,29
2023-11-30,1026,146,80,79,39,66,40
2023-12-01,1026,134,75,96,41,59,55
2023-12-02,1026,128,88,100,37,40,63
2023-12-03,1026,141,74,63,43,67,20
2023-12-04,1026,148,79,88,36,69,52
2023-12-05,1026,129,89,95,34,40,61
2023-12-06,1026,107,88,83,44,19,39
2023-12-07,1026,113,70,96,37,43,59
2023-12-08,1026,129,71,64,27,58,37
2023-12-09,1026,117,76,80,36,41,44
2023-12-10,1026,127,83,82,44,44,38
2023-12-11,1026,115,79,59,30,36,29
2023-12-12,1026,103,79,90,40,24,50
2023-12-13,1026,148,76,91,48,72,43
2023-12-14,1026,110,80,89,40,30,49
2023-12-15,1026,105,81,63,55,24,8
2023-12-16,1026,104,70,96,39,34,57
2023-12-17,1026,115,78,68,38,37,30
2023-12-18,1026,131,97,65,36,34,29
2023-12-19,1026,128,70,97,50,58,47
2023-12-20,1026,135,76,81,31,59,50
2023-12-21,1026,114,93,53,33,21,20
2023-12-22,1026,133,68,65,47,65,18
2023-12-23,1026,103,84,87,37,19,50
2023-12-24,1026,147,89,87,36,58,51
2023-12-25,1026,113,84,99,35,29,64
2023-12-26,1026,148,71,54,34,77,20
2023-12-27,1026,107,97,54,36,10,18
2023-12-28,1026,108,83,80,37,25,43
2023-12-29,1026,124,90,100,34,34,66
2023-12-30,1026,102,92,89,47,10,42
2023-12-31,1026,106,103,83,46,3,37
2023-01-01,1027,115,101,59,36,14,23
2023-01-02,1027,120,97,77,35,23,42
2023-01-03,1027,149,67,96,45,82,51
2023-01-04,1027,112,86,59,36,26,23
2023-01-05,1027,120,79,83,38,41,45
2023-01-06,1027,141,74,85,43,67,42
2023-01-07,1027,111,86,72,38,25,34
2023-01-08,1027,149,81,66,45,68,21
2023-01-09,1027,145,81,58,42,64,16
2023-01-10,1027,119,89,61,43,30,18
2023-01-11,1027,146,62,64,35,84,29
2023-01-12,1027,138,94,60,36,44,24
2023-01-13,1027,128,62,75,42,66,33
2023-01-14,1027,109,80,97,49,29,48
2023-01-15,1027,108,72,90,42,36,48
2023-01-16,1027,134,63,71,54,71,17
2023-01-17,1027,118,82,69,30,36,39
2023-01-18,1027,113,74,71,35,39,36
2023-01-19,1027,108,69,68,42,39,26
2023-01-20,1027,144,92,75,46,52,29
2023-01-21,1027,111,78,77,51,33,26
2023-01-22,1027,124,82,92,37,42,55
2023-01-23,1027,125,74,71,53,51,18
2023-01-24,1027,134,82,77,30,52,47
2023-01-25,1027,129,64,51,48,65,3
2023-01-26,1027,138,92,53,46,46,7
2023-01-27,1027,109,82,84,40,27,44
2023-01-28,1027,126,66,79,35,60,44
2023-01-29,1027,143,94,65,43,49,22
2023-01-30,1027,146,71,63,42,75,21
2023-01-31,1027,130,78,97,36,52,61
2023-02-01,1027,128,81,69,38,47,31
2023-02-02,1027,137,95,63,42,42,21
2023-02-03,1027,149,69,83,47,80,36
2023-02-04,1027,107,81,64,34,26,30
2023-02-05,1027,135,80,73,35,55,38
2023-02-06,1027,105,67,99,36,38,63
2023-02-07,1027,130,87,51,33,43,18
2023-02-08,1027,108,70,67,39,38,28
2023-02-09,1027,146,94,85,54,52,31
2023-02-10,1027,105,75,66,33,30,33
2023-02-11,1027,133,80,99,35,53,64
2023-02-12,1027,145,66,86,38,79,48
2023-02-13,1027,147,93,96,41,54,55
2023-02-14,1027,101,72,79,48,29,31
2023-02-15,1027,142,64,89,34,78,55
2023-02-16,1027,103,68,75,35,35,40
2023-02-17,1027,137,91,86,36,46,50
2023-02-18,1027,137,73,74,40,64,34
2023-02-19,1027,110,77,84,41,33,43
2023-02-20,1027,105,63,72,47,42,25
2023-02-21,1027,147,90,76,33,57,43
2023-02-22,1027,141,88,77,41,53,36
2023-02-23,1027,118,74,69,46,44,23
2023-02-24,1027,106,67,74,38,39,36
2023-02-25,1027,135,81,72,34,54,38
2023-02-26,1027,106,83,83,45,23,38
2023-02-27,1027,119,95,89,46,24,43
2023-02-28,1027,140,79,91,45,61,46
2023-03-01,1027,147,87,86,41,60,45
2023-03-02,1027,149,77,85,26,72,59
2023-03-03,1027,134,82,89,41,52,48
2023-03-04,1027,113,70,56,38,43,18
2023-03-05,1027,146,89,100,49,57,51
2023-03-06,1027,120,106,88,33,14,55
2023-03-07,1027,126,89,85,36,37,49
2023-03-08,1027,122,88,61,49,34,12
2023-03-09,1027,139,68,96,51,71,45
2023-03-10,1027,114,92,93,31,22,62
2023-03-11,1027,147,96,95,47,51,48
2023-03-12,1027,127,73,90,38,54,52
2023-03-13,1027,112,82,95,38,30,57
2023-03-14,1027,102,75,66,40,27,26
2023-03-15,1027,133,87,77,42,46,35
2023-03-16,1027,110,75,59,55,35,4
2023-03-17,1027,121,76,81,40,45,41
2023-03-18,1027,113,70,87,38,43,49
2023-03-19,1027,122,82,54,51,40,3
2023-03-20,1027,105,92,60,37,13,23
2023-03-21,1027,148,86,98,31,62,67
2023-03-22,1027,137,90,59,45,47,14
2023-03-23,1027,105,81,61,33,24,28
2023-03-24,1027,108,82,72,53,26,19
2023-03-25,1027,102,76,50,51,26,-1
2023-03-26,1027,116,75,83,44,41,39
2023-03-27,1027,120,86,86,43,34,43
2023-03-28,1027,110,97,52,36,13,16
2023-03-29,1027,131,88,51,52,43,-1
2023-03-30,1027,106,77,50,43,29,7
2023-03-31,1027,137,71,71,40,66,31
2023-04-01,1027,107,95,92,43,12,49
2023-04-02,1027,142,69,67,48,73,19
2023-04-03,1027,107,89,100,47,18,53
2023-04-04,1027,113,69,85,35,44,50
2023-04-05,1027,122,89,81,45,33,36
2023-04-06,1027,127,71,74,45,56,29
2023-04-07,1027,112,88,62,33,24,29
2023-04-08,1027,102,61,87,42,41,45
2023-04-09,1027,117,86,69,35,31,34
2023-04-10,1027,105,84,52,37,21,15
2023-04-11,1027,145,59,65,50,86,15
2023-04-12,1027,127,73,55,42,54,13
2023-04-13,1027,110,68,60,36,42,24
2023-04-14,1027,141,79,94,50,62,44
2023-04-15,1027,101,88,72,34,13,38
2023-04-16,1027,142,91,51,46,51,5
2023-04-17,1027,150,82,79,38,68,41
2023-04-18,1027,144,88,80,40,56,40
2023-04-19,1027,140,70,65,50,70,15
2023-04-20,1027,127,81,62,37,46,25
2023-04-21,1027,132,86,79,41,46,38
2023-04-22,1027,127,81,90,43,46,47
2023-04-23,1027,146,64,95,47,82,48
2023-04-24,1027,134,96,71,43,38,28
2023-04-25,1027,117,71,95,49,46,46
2023-04-26,1027,120,104,97,47,16,50
2023-04-27,1027,130,80,95,38,50,57
2023-04-28,1027,104,81,86,48,23,38
2023-04-29,1027,102,61,80,43,41,37
2023-04-30,1027,116,70,60,49,46,11
2023-05-01,1027,103,79,77,39,24,38
2023-05-02,1027,102,60,98,48,42,50
2023-05-03,1027,121,79,75,42,42,33
2023-05-04,1027,145,75,96,38,70,58
2023-05-05,1027,111,92,90,50,19,40
2023-05-06,1027,120,82,90,52,38,38
2023-05-07,1027,110,66,59,39,44,20
2023-05-08,1027,148,64,67,44,84,23
2023-05-09,1027,149,69,78,29,80,49
2023-05-10,1027,136,71,94,36,65,58
2023-05-11,1027,129,95,62,41,34,21
2023-05-12,1027,132,89,94,32,43,62
2023-05-13,1027,150,90,94,27,60,67
2023-05-14,1027,123,70,61,38,53,23
2023-05-15,1027,114,82,55,49,32,6
2023-05-16,1027,108,88,92,30,20,62
2023-05-17,1027,142,68,79,34,74,45
2023-05-18,1027,126,100,85,55,26,30
2023-05-19,1027,115,68,90,41,47,49
2023-05-20,1027,146,67,87,37,79,50
2023-05-21,1027,107,94,79,34,13,45
2023-05-22,1027,144,101,75,31,43,44
2023-05-23,1027,129,83,99,50,46,49
2023-05-24,1027,117,79,64,47,38,17
2023-05-25,1027,133,79,85,36,54,49
2023-05-26,1027,119,71,56,38,48,18
2023-05-27,1027,131,72,91,42,59,49
2023-05-28,1027,125,95,88,43,30,45
2023-05-29,1027,105,91,71,40,14,31
2023-05-30,1027,108,93,51,27,15,24
2023-05-31,1027,112,78,85,53,34,32
2023-06-01,1027,142,66,95,47,76,48
2023-06-02,1027,141,74,94,33,67,61
2023-06-03,1027,118,70,85,46,48,39
2023-06-04,1027,113,78,86,43,35,43
2023-06-05,1027,118,94,93,48,24,45
2023-06-06,1027,134,104,94,33,30,61
2023-06-07,1027,134,85,92,41,49,51
2023-06-08,1027,128,69,88,49,59,39
2023-06-09,1027,108,90,98,51,18,47
2023-06-10,1027,145,72,70,32,73,38
2023-06-11,1027,149,95,80,44,54,36
2023-06-12,1027,118,70,77,39,48,38
2023-06-13,1027,105,70,73,34,35,39
2023-06-14,1027,109,78,59,40,31,19
2023-06-15,1027,105,73,53,43,32,10
2023-06-16,1027,139,77,71,42,62,29
2023-06-17,1027,147,82,80,46,65,34
2023-06-18,1027,123,98,69,35,25,34
2023-06-19,1027,122,90,67,23,32,44
2023-06-20,1027,118,94,57,32,24,25
2023-06-21,1027,124,86,61,50,38,11
2023-06-22,1027,105,70,55,38,35,17
2023-06-23,1027,103,73,100,38,30,62
2023-06-24,1027,124,87,55,41,37,14
2023-06-25,1027,110,76,87,53,34,34
2023-06-26,1027,124,91,88,31,33,57
2023-06-27,1027,101,94,53,49,7,4
2023-06-28,1027,137,94,69,35,43,34
2023-06-29,1027,125,74,69,39,51,30
2023-06-30,1027,140,75,81,29,65,52
2023-07-01,1027,139,76,50,36,63,14
2023-07-02,1027,109,84,89,43,25,46
2023-07-03,1027,138,73,64,40,65,24
2023-07-04,1027,134,97,78,39,37,39
2023-07-05,1027,149,66,73,31,83,42
2023-07-06,1027,108,87,50,40,21,10
2023-07-07,1027,105,100,76,34,5,42
2023-07-08,1027,106,74,67,39,32,28
2023-07-09,1027,108,86,69,42,22,27
2023-07-10,1027,132,100,75,32,32,43
2023-07-11,1027,121,84,85,41,37,44
2023-07-12,1027,115,87,68,42,28,26
2023-07-13,1027,129,70,97,32,59,65
2023-07-14,1027,123,77,96,55,46,41
2023-07-15,1027,126,78,94,42,48,52
2023-07-16,1027,119,80,85,37,39,48
2023-07-17,1027,104,67,85,32,37,53
2023-07-18,1027,101,81,64,39,20,25
2023-07-19,1027,102,80,85,28,22,57
2023-07-20,1027,130,76,75,34,54,41
2023-07-21,1027,107,73,87,43,34,44
2023-07-22,1027,140,105,83,40,35,43
2023-07-23,1027,107,77,71,34,30,37
2023-07-24,1027,142,79,96,48,63,48
2023-07-25,1027,122,78,88,50,44,38
2023-07-26,1027,138,73,76,39,65,37
2023-07-27,1027,130,84,64,32,46,32
2023-07-28,1027,106,85,83,42,21,41
2023-07-29,1027,137,84,85,36,53,49
2023-07-30,1027,144,91,97,41,53,56
2023-07-31,1027,139,75,57,39,64,18
2023-08-01,1027,105,65,61,48,40,13
2023-08-02,1027,121,88,87,35,33,52
2023-08-03,1027,146,79,68,38,67,30
2023-08-04,1027,131,71,87,38,60,49
2023-08-05,1027,145,81,74,45,64,29
2023-08-06,1027,108,84,76,50,24,26
2023-08-07,1027,132,77,80,41,55,39
2023-08-08,1027,123,90,50,36,33,14
2023-08-09,1027,114,94,69,52,20,17
2023-08-10,1027,136,71,51,40,65,11
2023-08-11,1027,126,70,89,45,56,44
2023-08-12,1027,138,78,63,38,60,25
2023-08-13,1027,103,86,79,39,17,40
2023-08-14,1027,133,87,93,50,46,43
2023-08-15,1027,119,77,94,37,42,57
2023-08-16,1027,144,100,50,40,44,10
2023-08-17,1027,110,72,78,39,38,39
2023-08-18,1027,121,78,89,45,43,44
2023-08-19,1027,145,67,76,34,78,42
2023-08-20,1027,118,90,68,38,28,30
2023-08-21,1027,138,79,75,45,59,30
2023-08-22,1027,134,96,58,51,38,7
2023-08-23,1027,135,84,62,38,51,24
2023-08-24,1027,135,79,54,31,56,23
2023-08-25,1027,142,85,52,31,57,21
2023-08-26,1027,146,81,86,44,65,42
2023-08-27,1027,150,73,56,37,77,19
2023-08-28,1027,150,72,56,33,78,23
2023-08-29,1027,101,66,98,34,35,64
2023-08-30,1027,130,76,51,37,54,14
2023-08-31,1027,114,68,77,35,46,42
2023-09-01,1027,133,84,60,48,49,12
2023-09-02,1027,102,89,58,38,13,20
2023-09-03,1027,125,77,77,43,48,34
2023-09-04,1027,139,67,74,39,72,35
2023-09-05,1027,125,94,73,48,31,25
2023-09-06,1027,136,90,86,53,46,33
2023-09-07,1027,110,81,62,27,29,35
2023-09-08,1027,136,74,53,42,62,11
2023-09-09,1027,122,66,95,48,56,47
2023-09-10,1027,104,88,78,38,16,40
2023-09-11,1027,106,69,67,35,37,32
2023-09-12,1027,101,72,74,41,29,33
2023-09-13,1027,108,77,100,39,31,61
2023-09-14,1027,140,69,81,40,71,41
2023-09-15,1027,114,84,97,34,30,63
2023-09-16,1027,150,70,89,45,80,44
2023-09-17,1027,125,78,57,40,47,17
2023-09-18,1027,127,81,69,52,46,17
2023-09-19,1027,131,86,72,48,45,24
2023-09-20,1027,127,86,86,34,41,52
2023-09-21,1027,125,74,78,36,51,42
2023-09-22,1027,140,86,90,51,54,39
2023-09-23,1027,110,69,100,38,41,62
2023-09-24,1027,148,65,84,43,83,41
2023-09-25,1027,147,72,97,41,75,56
2023-09-26,1027,147,79,75,38,68,37
2023-09-27,1027,132,106,72,45,26,27
2023-09-28,1027,115,88,95,35,27,60
2023-09-29,1027,147,79,57,38,68,19
2023-09-30,1027,106,88,56,47,18,9
2023-10-01,1027,123,91,81,42,32,39
2023-10-02,1027,139,65,76,37,74,39
2023-10-03,1027,102,68,55,42,34,13
2023-10-04,1027,150,82,83,39,68,44
2023-10-05,1027,106,90,95,41,16,54
2023-10-06,1027,145,70,71,32,75,39
2023-10-07,1027,150,82,99,43,68,56
2023-10-08,1027,140,86,55,39,54,16
2023-10-09,1027,135,73,52,51,62,1
2023-10-10,1027,148,86,91,39,62,52
2023-10-11,1027,139,60,95,36,79,59
2023-10-12,1027,147,72,80,43,75,37
2023-10-13,1027,108,76,76,42,32,34
2023-10-14,1027,124,77,96,39,47,57
2023-10-15,1027,119,77,97,42,42,55
2023-10-16,1027,131,74,60,43,57,17
2023-10-17,1027,117,83,70,39,34,31
2023-10-18,1027,116,79,91,30,37,61
2023-10-19,1027,140,92,90,39,48,51
2023-10-20,1027,101,80,67,32,21,35
2023-10-21,1027,131,77,74,31,54,43
2023-10-22,1027,130,73,60,40,57,20
2023-10-23,1027,110,69,99,42,41,57
2023-10-24,1027,128,76,73,36,52,37
2023-10-25,1027,131,74,58,43,57,15
2023-10-26,1027,138,72,56,36,66,20
2023-10-27,1027,140,83,65,35,57,30
2023-10-28,1027,136,74,100,42,62,58
2023-10-29,1027,126,80,61,36,46,25
2023-10-30,1027,141,75,65,33,66,32
2023-10-31,1027,144,78,65,49,66,16
2023-11-01,1027,143,86,69,38,57,31
2023-11-02,1027,149,78,76,38,71,38
2023-11-03,1027,122,83,58,43,39,15
2023-11-04,1027,131,61,100,36,70,64
2023-11-05,1027,119,94,98,41,25,57
2023-11-06,1027,107,79,51,37,28,14
2023-11-07,1027,147,86,95,31,61,64
2023-11-08,1027,106,100,77,43,6,34
2023-11-09,1027,107,76,55,30,31,25
2023-11-10,1027,149,68,64,31,81,33
2023-11-11,1027,144,84,67,41,60,26
2023-11-12,1027,122,102,74,42,20,32
2023-11-13,1027,113,83,65,45,30,20
2023-11-14,1027,120,91,55,43,29,12
2023-11-15,1027,150,72,73,36,78,37
2023-11-16,1027,139,79,90,48,60,42
2023-11-17,1027,137,81,60,47,56,13
2023-11-18,1027,104,93,98,47,11,51
2023-11-19,1027,143,82,88,45,61,43
2023-11-20,1027,128,73,65,43,55,22
2023-11-21,1027,101,72,93,35,29,58
2023-11-22,1027,124,93,99,39,31,60
2023-11-23,1027,150,71,52,56,79,-4
2023-11-24,1027,104,71,74,44,33,30
2023-11-25,1027,114,78,75,32,36,43
2023-11-26,1027,148,77,70,50,71,20
2023-11-27,1027,126,67,92,38,59,54
2023-11-28,1027,118,77,81,42,41,39
2023-11-29,1027,143,73,50,29,70,21
2023-11-30,1027,116,79,83,39,37,44
2023-12-01,1027,117,81,53,48,36,5
2023-12-02,1027,111,92,92,31,19,61
2023-12-03,1027,138,83,73,38,55,35
2023-12-04,1027,145,82,61,44,63,17
2023-12-05,1027,127,88,98,43,39,55
2023-12-06,1027,115,61,87,45,54,42
2023-12-07,1027,130,88,71,41,42,30
2023-12-08,1027,129,80,67,34,49,33
2023-12-09,1027,107,77,90,45,30,45
2023-12-10,1027,114,82,76,31,32,45
2023-12-11,1027,121,77,85,44,44,41
2023-12-12,1027,137,83,55,34,54,21
2023-12-13,1027,105,69,58,41,36,17
2023-12-14,1027,112,67,99,26,45,73
2023-12-15,1027,133,83,70,38,50,32
2023-12-16,1027,142,68,79,34,74,45
2023-12-17,1027,123,74,76,36,49,40
2023-12-18,1027,115,91,83,48,24,35
2023-12-19,1027,127,75,82,37,52,45
2023-12-20,1027,139,72,90,40,67,50
2023-12-21,1027,146,71,50,37,75,13
2023-12-22,1027,115,70,86,53,45,33
2023-12-23,1027,105,67,62,44,38,18
2023-12-24,1027,106,102,71,36,4,35
2023-12-25,1027,106,74,61,40,32,21
2023-12-26,1027,117,67,60,32,50,28
2023-12-27,1027,111,66,59,40,45,19
2023-12-28,1027,119,95,68,42,24,26
2023-12-29,1027,149,72,65,50,77,15
2023-12-30,1027,110,78,73,31,32,42
2023-12-31,1027,146,72,94,38,74,56
2023-01-01,1028,137,72,93,45,65,48
2023-01-02,1028,133,74,63,27,59,36
2023-01-03,1028,105,79,65,41,26,24
2023-01-04,1028,118,71,68,28,47,40
2023-01-05,1028,119,83,74,39,36,35
2023-01-06,1028,146,65,71,35,81,36
2023-01-07,1028,108,79,53,41,29,12
2023-01-08,1028,138,69,86,33,69,53
2023-01-09,1028,122,74,87,43,48,44
2023-01-10,1028,115,78,84,44,37,40
2023-01-11,1028,113,70,74,39,43,35
2023-01-12,1028,144,66,64,32,78,32
2023-01-13,1028,110,71,81,50,39,31
2023-01-14,1028,135,68,51,34,67,17
2023-01-15,1028,142,86,59,31,56,28
2023-01-16,1028,112,69,92,36,43,56
2023-01-17,1028,129,89,60,32,40,28
2023-01-18,1028,135,80,81,44,55,37
2023-01-19,1028,132,83,93,49,49,44
2023-01-20,1028,147,87,73,42,60,31
2023-01-21,1028,134,97,59,32,37,27
2023-01-22,1028,118,86,69,55,32,14
2023-01-23,1028,130,74,80,42,56,38
2023-01-24,1028,126,83,57,31,43,26
2023-01-25,1028,137,71,54,45,66,9
2023-01-26,1028,100,71,90,48,29,42
2023-01-27,1028,115,76,99,49,39,50
2023-01-28,1028,112,77,72,41,35,31
2023-01-29,1028,133,77,74,40,56,34
2023-01-30,1028,134,83,76,39,51,37
2023-01-31,1028,125,72,90,35,53,55
2023-02-01,1028,140,72,72,43,68,29
2023-02-02,1028,127,95,55,47,32,8
2023-02-03,1028,108,75,62,42,33,20
2023-02-04,1028,124,82,69,33,42,36
2023-02-05,1028,139,92,58,42,47,16
2023-02-06,1028,138,94,58,45,44,13
2023-02-07,1028,145,84,93,52,61,41
2023-02-08,1028,133,85,91,49,48,42
2023-02-09,1028,137,76,73,39,61,34
2023-02-10,1028,112,83,73,39,29,34
2023-02-11,1028,108,89,99,46,19,53
2023-02-12,1028,110,79,71,49,31,22
2023-02-13,1028,121,82,88,41,39,47
2023-02-14,1028,131,74,94,52,57,42
2023-02-15,1028,124,89,66,43,35,23
2023-02-16,1028,134,83,60,37,51,23
2023-02-17,1028,145,74,53,36,71,17
2023-02-18,1028,128,93,58,33,35,25
2023-02-19,1028,126,87,77,35,39,42
2023-02-20,1028,110,73,71,37,37,34
2023-02-21,1028,127,81,50,40,46,10
2023-02-22,1028,128,76,58,34,52,24
2023-02-23,1028,118,83,68,47,35,21
2023-02-24,1028,129,76,50,31,53,19
2023-02-25,1028,121,76,84,45,45,39
2023-02-26,1028,126,69,54,36,57,18
2023-02-27,1028,133,79,83,48,54,35
2023-02-28,1028,124,76,56,44,48,12
2023-03-01,1028,146,79,58,33,67,25
2023-03-02,1028,105,74,87,38,31,49
2023-03-03,1028,137,111,79,50,26,29
2023-03-04,1028,129,81,96,27,48,69
2023-03-05,1028,117,79,95,44,38,51
2023-03-06,1028,148,81,96,35,67,61
2023-03-07,1028,108,73,95,40,35,55
2023-03-08,1028,131,81,63,48,50,15
2023-03-09,1028,112,80,67,34,32,33
2023-03-10,1028,134,78,99,58,56,41
2023-03-11,1028,133,72,59,35,61,24
2023-03-12,1028,145,81,69,49,64,20
2023-03-13,1028,118,73,60,46,45,14
2023-03-14,1028,105,65,78,47,40,31
2023-03-15,1028,107,68,88,45,39,43
2023-03-16,1028,141,84,64,45,57,19
2023-03-17,1028,131,80,98,37,51,61
2023-03-18,1028,128,72,63,36,56,27
2023-03-19,1028,115,89,58,42,26,16
2023-03-20,1028,114,97,92,37,17,55
2023-03-21,1028,107,78,100,41,29,59
2023-03-22,1028,145,65,93,34,80,59
2023-03-23,1028,134,78,88,40,56,48
2023-03-24,1028,142,77,97,35,65,62
2023-03-25,1028,101,68,92,34,33,58
2023-03-26,1028,130,73,74,41,57,33
2023-03-27,1028,114,63,69,41,51,28
2023-03-28,1028,112,78,75,44,34,31
2023-03-29,1028,142,73,53,39,69,14
2023-03-30,1028,110,83,76,43,27,33
2023-03-31,1028,116,79,70,45,37,25
2023-04-01,1028,144,75,51,39,69,12
2023-04-02,1028,126,71,72,54,55,18
2023-04-03,1028,136,71,80,32,65,48
2023-04-04,1028,127,78,83,46,49,37
2023-04-05,1028,138,91,53,40,47,13
2023-04-06,1028,139,66,61,26,73,35
2023-04-07,1028,123,82,90,32,41,58
2023-04-08,1028,148,78,57,48,70,9
2023-04-09,1028,144,71,89,40,73,49
2023-04-10,1028,136,88,61,34,48,27
2023-04-11,1028,101,83,56,29,18,27
2023-04-12,1028,132,81,88,41,51,47
2023-04-13,1028,140,84,76,38,56,38
2023-04-14,1028,120,96,89,36,24,53
2023-04-15,1028,124,75,88,43,49,45
2023-04-16,1028,113,73,53,39,40,14
2023-04-17,1028,100,61,54,33,39,21
2023-04-18,1028,147,83,63,39,64,24
2023-04-19,1028,135,79,90,37,56,53
2023-04-20,1028,107,83,64,34,24,30
2023-04-21,1028,150,66,51,48,84,3
2023-04-22,1028,128,82,83,49,46,34
2023-04-23,1028,120,96,81,42,24,39
2023-04-24,1028,145,88,51,37,57,14
2023-04-25,1028,132,88,68,48,44,20
2023-04-26,1028,112,66,89,39,46,50
2023-04-27,1028,110,80,53,55,30,-2
2023-04-28,1028,108,71,84,43,37,41
2023-04-29,1028,122,83,81,36,39,45
2023-04-30,1028,100,67,73,46,33,27
2023-05-01,1028,150,85,94,48,65,46
2023-05-02,1028,125,95,87,48,30,39
2023-05-03,1028,124,78,71,37,46,34
2023-05-04,1028,144,78,72,47,66,25
2023-05-05,1028,102,72,56,43,30,13
2023-05-06,1028,127,80,50,30,47,20
2023-05-07,1028,139,82,74,38,57,36
2023-05-08,1028,106,75,76,32,31,44
2023-05-09,1028,107,91,61,28,16,33
2023-05-10,1028,109,78,70,33,31,37
2023-05-11,1028,123,91,53,42,32,11
2023-05-12,1028,114,77,94,36,37,58
2023-05-13,1028,133,82,58,39,51,19
2023-05-14,1028,148,91,91,40,57,51
2023-05-15,1028,131,81,69,46,50,23
2023-05-16,1028,121,93,72,36,28,36
2023-05-17,1028,115,80,55,38,35,17
2023-05-18,1028,104,79,77,41,25,36
2023-05-19,1028,119,103,63,45,16,18
2023-05-20,1028,149,71,52,41,78,11
2023-05-21,1028,107,90,68,50,17,18
2023-05-22,1028,113,90,82,45,23,37
2023-05-23,1028,127,89,85,39,38,46
2023-05-24,1028,143,63,50,48,80,2
2023-05-25,1028,122,85,82,35,37,47
2023-05-26,1028,112,82,66,39,30,27
2023-05-27,1028,137,71,52,30,66,22
2023-05-28,1028,149,83,61,49,66,12
2023-05-29,1028,105,71,94,32,34,62
2023-05-30,1028,100,100,70,42,0,28
2023-05-31,1028,109,77,58,40,32,18
2023-06-01,1028,119,81,63,53,38,10
2023-06-02,1028,119,82,98,49,37,49
2023-06-03,1028,131,84,89,31,47,58
2023-06-04,1028,123,72,78,43,51,35
2023-06-05,1028,100,80,83,43,20,40
2023-06-06,1028,137,68,56,47,69,9
2023-06-07,1028,113,85,99,34,28,65
2023-06-08,1028,141,82,94,45,59,49
2023-06-09,1028,129,91,80,28,38,52
2023-06-10,1028,135,71,99,45,64,54
2023-06-11,1028,128,86,52,31,42,21
2023-06-12,1028,122,66,85,42,56,43
2023-06-13,1028,134,84,96,38,50,58
2023-06-14,1028,115,84,53,46,31,7
2023-06-15,1028,139,92,99,38,47,61
2023-06-16,1028,116,76,99,45,40,54
2023-06-17,1028,119,82,97,30,37,67
2023-06-18,1028,112,81,53,31,31,22
2023-06-19,1028,141,72,53,39,69,14
2023-06-20,1028,113,69,84,50,44,34
2023-06-21,1028,138,90,86,41,48,45
2023-06-22,1028,130,68,75,40,62,35
2023-06-23,1028,102,92,60,43,10,17
2023-06-24,1028,141,81,68,38,60,30
2023-06-25,1028,126,92,69,50,34,19
2023-06-26,1028,138,68,70,37,70,33
2023-06-27,1028,126,68,55,41,58,14
2023-06-28,1028,102,76,84,47,26,37
2023-06-29,1028,104,97,57,26,7,31
2023-06-30,1028,103,72,60,39,31,21
2023-07-01,1028,128,85,95,35,43,60
2023-07-02,1028,138,88,78,35,50,43
2023-07-03,1028,103,83,90,36,20,54
2023-07-04,1028,113,80,68,40,33,28
2023-07-05,1028,101,86,57,33,15,24
2023-07-06,1028,125,82,81,36,43,45
2023-07-07,1028,116,90,84,35,26,49
2023-07-08,1028,124,100,82,42,24,40
2023-07-09,1028,133,83,80,36,50,44
2023-07-10,1028,134,72,92,43,62,49
2023-07-11,1028,126,79,85,45,47,40
2023-07-12,1028,119,83,93,38,36,55
2023-07-13,1028,137,97,74,35,40,39
2023-07-14,1028,146,68,93,32,78,61
2023-07-15,1028,115,93,89,44,22,45
2023-07-16,1028,114,87,56,35,27,21
2023-07-17,1028,137,97,95,48,40,47
2023-07-18,1028,105,80,89,44,25,45
2023-07-19,1028,142,92,58,34,50,24
2023-07-20,1028,140,79,58,35,61,23
2023-07-21,1028,132,83,51,43,49,8
2023-07-22,1028,119,72,83,43,47,40
2023-07-23,1028,107,83,57,46,24,11
2023-07-24,1028,110,79,86,36,31,50
2023-07-25,1028,128,73,61,45,55,16
2023-07-26,1028,103,75,75,36,28,39
2023-07-27,1028,121,67,51,37,54,14
2023-07-28,1028,114,77,55,39,37,16
2023-07-29,1028,112,88,64,33,24,31
2023-07-30,1028,126,82,53,43,44,10
2023-07-31,1028,132,76,96,41,56,55
2023-08-01,1028,150,68,78,43,82,35
2023-08-02,1028,141,74,100,49,67,51
2023-08-03,1028,115,79,50,46,36,4
2023-08-04,1028,134,71,78,43,63,35
2023-08-05,1028,113,95,71,32,18,39
2023-08-06,1028,142,82,80,49,60,31
2023-08-07,1028,115,72,62,38,43,24
2023-08-08,1028,119,82,50,43,37,7
2023-08-09,1028,112,78,61,36,34,25
2023-08-10,1028,138,69,84,44,69,40
2023-08-11,1028,107,94,96,38,13,58
2023-08-12,1028,145,88,59,38,57,21
2023-08-13,1028,122,78,98,45,44,53
2023-08-14,1028,105,70,82,38,35,44
2023-08-15,1028,126,72,81,41,54,40
2023-08-16,1028,127,70,69,38,57,31
2023-08-17,1028,148,88,72,42,60,30
2023-08-18,1028,108,80,81,37,28,44
2023-08-19,1028,146,77,95,37,69,58
2023-08-20,1028,134,85,56,37,49,19
2023-08-21,1028,122,89,53,41,33,12
2023-08-22,1028,123,70,96,50,53,46
2023-08-23,1028,107,87,88,29,20,59
2023-08-24,1028,104,85,90,39,19,51
2023-08-25,1028,122,82,79,29,40,50
2023-08-26,1028,137,97,90,31,40,59
2023-08-27,1028,117,70,79,40,47,39
2023-08-28,1028,144,92,70,48,52,22
2023-08-29,1028,100,84,55,30,16,25
2023-08-30,1028,137,85,59,42,52,17
2023-08-31,1028,149,76,97,50,73,47
2023-09-01,1028,102,59,82,30,43,52
2023-09-02,1028,113,72,89,44,41,45
2023-09-03,1028,139,75,67,29,64,38
2023-09-04,1028,141,84,61,30,57,31
2023-09-05,1028,136,79,65,42,57,23
2023-09-06,1028,131,90,57,41,41,16
2023-09-07,1028,128,73,53,38,55,15
2023-09-08,1028,109,85,82,36,24,46
2023-09-09,1028,115,69,51,36,46,15
2023-09-10,1028,133,86,93,49,47,44
2023-09-11,1028,136,84,91,40,52,51
2023-09-12,1028,147,83,86,36,64,50
2023-09-13,1028,148,89,74,42,59,32
2023-09-14,1028,108,77,80,43,31,37
2023-09-15,1028,104,79,80,52,25,28
2023-09-16,1028,100,73,87,37,27,50
2023-09-17,1028,105,81,65,36,24,29
2023-09-18,1028,102,88,50,30,14,20
2023-09-19,1028,106,82,54,44,24,10
2023-09-20,1028,139,86,80,38,53,42
2023-09-21,1028,133,92,86,44,41,42
2023-09-22,1028,142,80,90,39,62,51
2023-09-23,1028,112,79,78,36,33,42
2023-09-24,1028,145,83,100,30,62,70
2023-09-25,1028,115,69,82,43,46,39
2023-09-26,1028,112,60,93,40,52,53
2023-09-27,1028,128,89,68,38,39,30
2023-09-28,1028,125,94,53,41,31,12
2023-09-29,1028,124,82,98,44,42,54
2023-09-30,1028,132,62,71,36,70,35
2023-10-01,1028,110,86,67,55,24,12
2023-10-02,1028,127,80,85,31,47,54
2023-10-03,1028,146,81,67,39,65,28
2023-10-04,1028,103,94,65,37,9,28
2023-10-05,1028,138,78,52,42,60,10
2023-10-06,1028,101,78,91,39,23,52
2023-10-07,1028,144,85,78,33,59,45
2023-10-08,1028,102,94,93,41,8,52
2023-10-09,1028,106,86,63,33,20,30
2023-10-10,1028,109,82,70,36,27,34
2023-10-11,1028,114,96,86,45,18,41
2023-10-12,1028,128,81,95,40,47,55
2023-10-13,1028,110,76,60,51,34,9
2023-10-14,1028,142,66,91,41,76,50
2023-10-15,1028,137,81,78,34,56,44
2023-10-16,1028,125,76,97,42,49,55
2023-10-17,1028,140,73,85,54,67,31
2023-10-18,1028,141,75,91,39,66,52
2023-10-19,1028,142,76,82,38,66,44
2023-10-20,1028,122,84,62,31,38,31
2023-10-21,1028,124,69,90,50,55,40
2023-10-22,1028,121,81,84,34,40,50
2023-10-23,1028,110,91,92,34,19,58
2023-10-24,1028,100,88,77,50,12,27
2023-10-25,1028,128,85,93,43,43,50
2023-10-26,1028,110,80,70,41,30,29
2023-10-27,1028,136,77,58,35,59,23
2023-10-28,1028,138,94,97,37,44,60
2023-10-29,1028,130,58,96,48,72,48
2023-10-30,1028,125,84,67,38,41,29
2023-10-31,1028,100,86,69,31,14,38
2023-11-01,1028,115,68,80,31,47,49
2023-11-02,1028,104,101,59,40,3,19
2023-11-03,1028,101,65,90,36,36,54
2023-11-04,1028,110,92,82,46,18,36
2023-11-05,1028,122,84,87,41,38,46
2023-11-06,1028,141,58,89,41,83,48
2023-11-07,1028,127,74,51,36,53,15
2023-11-08,1028,126,80,84,46,46,38
2023-11-09,1028,125,67,75,47,58,28
2023-11-10,1028,132,69,67,28,63,39
2023-11-11,1028,138,61,50,53,77,-3
2023-11-12,1028,146,73,97,48,73,49
2023-11-13,1028,141,77,50,32,64,18
2023-11-14,1028,145,85,97,29,60,68
2023-11-15,1028,122,75,87,48,47,39
2023-11-16,1028,102,69,56,33,33,23
2023-11-17,1028,105,81,96,40,24,56
2023-11-18,1028,103,66,89,40,37,49
2023-11-19,1028,109,87,86,42,22,44
2023-11-20,1028,103,73,72,31,30,41
2023-11-21,1028,101,62,97,48,39,49
2023-11-22,1028,138,106,75,40,32,35
2023-11-23,1028,124,76,79,26,48,53
2023-11-24,1028,130,74,62,44,56,18
2023-11-25,1028,140,76,54,33,64,21
2023-11-26,1028,141,93,73,42,48,31
2023-11-27,1028,146,83,74,39,63,35
2023-11-28,1028,149,79,91,44,70,47
2023-11-29,1028,117,83,86,36,34,50
2023-11-30,1028,103,78,95,53,25,42
2023-12-01,1028,129,72,59,44,57,15
2023-12-02,1028,101,77,79,42,24,37
2023-12-03,1028,126,74,99,43,52,56
2023-12-04,1028,114,96,71,51,18,20
2023-12-05,1028,122,80,74,43,42,31
2023-12-06,1028,135,86,87,39,49,48
2023-12-07,1028,117,90,66,46,27,20
2023-12-08,1028,102,73,56,43,29,13
2023-12-09,1028,104,81,61,37,23,24
2023-12-10,1028,109,82,50,35,27,15
2023-12-11,1028,136,84,89,54,52,35
2023-12-12,1028,131,81,97,42,50,55
2023-12-13,1028,106,64,65,42,42,23
2023-12-14,1028,128,86,79,34,42,45
2023-12-15,1028,119,80,58,38,39,20
2023-12-16,1028,111,71,78,33,40,45
2023-12-17,1028,128,77,60,37,51,23
2023-12-18,1028,147,84,70,38,63,32
2023-12-19,1028,127,83,66,38,44,28
2023-12-20,1028,132,72,87,33,60,54
2023-12-21,1028,119,70,94,42,49,52
2023-12-22,1028,148,87,87,33,61,54
2023-12-23,1028,128,81,97,38,47,59
2023-12-24,1028,149,66,54,32,83,22
2023-12-25,1028,149,68,66,20,81,46
2023-12-26,1028,146,75,89,41,71,48
2023-12-27,1028,108,81,71,50,27,21
2023-12-28,1028,112,71,75,32,41,43
2023-12-29,1028,118,77,99,40,41,59
2023-12-30,1028,115,86,57,38,29,19
2023-12-31,1028,115,76,86,45,39,41
2023-01-01,1029,105,84,86,42,21,44
2023-01-02,1029,133,83,97,44,50,53
2023-01-03,1029,146,77,88,39,69,49
2023-01-04,1029,144,91,76,43,53,33
2023-01-05,1029,108,87,54,37,21,17
2023-01-06,1029,111,93,82,32,18,50
2023-01-07,1029,142,81,87,38,61,49
2023-01-08,1029,100,76,89,36,24,53
2023-01-09,1029,114,71,95,35,43,60
2023-01-10,1029,120,94,82,34,26,48
2023-01-11,1029,115,95,68,36,20,32
2023-01-12,1029,131,89,61,48,42,13
2023-01-13,1029,141,103,68,43,38,25
2023-01-14,1029,134,69,93,48,65,45
2023-01-15,1029,109,93,93,42,16,51
2023-01-16,1029,128,92,79,39,36,40
2023-01-17,1029,128,88,66,43,40,23
2023-01-18,1029,114,85,67,40,29,27
2023-01-19,1029,103,79,98,39,24,59
2023-01-20,1029,148,76,95,38,72,57
2023-01-21,1029,135,85,100,34,50,66
2023-01-22,1029,149,80,93,32,69,61
2023-01-23,1029,139,71,83,29,68,54
2023-01-24,1029,104,73,61,38,31,23
2023-01-25,1029,141,84,90,50,57,40
2023-01-26,1029,123,86,76,36,37,40
2023-01-27,1029,116,75,79,43,41,36
2023-01-28,1029,112,90,88,42,22,46
2023-01-29,1029,145,79,82,30,66,52
2023-01-30,1029,125,86,91,50,39,41
2023-01-31,1029,131,86,88,42,45,46
2023-02-01,1029,141,80,94,41,61,53
2023-02-02,1029,135,83,74,45,52,29
2023-02-03,1029,113,78,85,41,35,44
2023-02-04,1029,116,71,98,38,45,60
2023-02-05,1029,124,96,64,38,28,26
2023-02-06,1029,102,100,97,42,2,55
2023-02-07,1029,138,74,98,33,64,65
2023-02-08,1029,127,76,73,50,51,23
2023-02-09,1029,133,90,76,40,43,36
2023-02-10,1029,123,79,60,36,44,24
2023-02-11,1029,143,74,75,49,69,26
2023-02-12,1029,149,91,95,20,58,75
2023-02-13,1029,145,88,70,38,57,32
2023-02-14,1029,146,96,100,50,50,50
2023-02-15,1029,104,78,56,44,26,12
2023-02-16,1029,114,78,98,24,36,74
2023-02-17,1029,120,79,55,28,41,27
2023-02-18,1029,101,85,65,44,16,21
2023-02-19,1029,149,79,89,33,70,56
2023-02-20,1029,113,72,97,38,41,59
2023-02-21,1029,133,63,78,35,70,43
2023-02-22,1029,149,89,67,37,60,30
2023-02-23,1029,113,79,98,44,34,54
2023-02-24,1029,123,85,56,41,38,15
2023-02-25,1029,139,67,59,47,72,12
2023-02-26,1029,113,79,94,35,34,59
2023-02-27,1029,140,94,90,32,46,58
2023-02-28,1029,117,73,74,46,44,28
2023-03-01,1029,149,80,51,29,69,22
2023-03-02,1029,126,72,54,36,54,18
2023-03-03,1029,142,80,55,48,62,7
2023-03-04,1029,143,72,58,31,71,27
2023-03-05,1029,131,61,58,32,70,26
2023-03-06,1029,150,81,61,41,69,20
2023-03-07,1029,139,90,58,37,49,21
2023-03-08,1029,123,84,77,47,39,30
2023-03-09,1029,107,73,72,51,34,21
2023-03-10,1029,140,71,55,39,69,16
2023-03-11,1029,129,82,81,51,47,30
2023-03-12,1029,122,74,68,30,48,38
2023-03-13,1029,120,87,69,38,33,31
2023-03-14,1029,120,71,52,37,49,15
2023-03-15,1029,116,79,54,41,37,13
2023-03-16,1029,130,79,59,46,51,13
2023-03-17,1029,124,64,69,33,60,36
2023-03-18,1029,129,71,89,39,58,50
2023-03-19,1029,142,74,64,40,68,24
2023-03-20,1029,123,83,64,51,40,13
2023-03-21,1029,120,83,85,43,37,42
2023-03-22,1029,145,88,89,31,57,58
2023-03-23,1029,100,101,98,34,-1,64
2023-03-24,1029,101,65,81,44,36,37
2023-03-25,1029,125,73,55,34,52,21
2023-03-26,1029,136,87,65,40,49,25
2023-03-27,1029,128,63,52,31,65,21
2023-03-28,1029,104,85,62,46,19,16
2023-03-29,1029,106,73,92,45,33,47
2023-03-30,1029,113,71,61,53,42,8
2023-03-31,1029,131,96,81,44,35,37
2023-04-01,1029,112,81,70,33,31,37
2023-04-02,1029,120,87,83,41,33,42
2023-04-03,1029,130,71,90,40,59,50
2023-04-04,1029,121,87,77,34,34,43
2023-04-05,1029,108,87,73,45,21,28
2023-04-06,1029,124,72,82,43,52,39
2023-04-07,1029,114,84,95,49,30,46
2023-04-08,1029,117,69,60,44,48,16
2023-04-09,1029,104,65,55,41,39,14
2023-04-10,1029,129,79,79,35,50,44
2023-04-11,1029,134,82,92,34,52,58
2023-04-12,1029,119,80,64,48,39,16
2023-04-13,1029,134,93,91,38,41,53
2023-04-14,1029,143,81,98,42,62,56
2023-04-15,1029,102,79,93,28,23,65
2023-04-16,1029,150,73,63,41,77,22
2023-04-17,1029,121,70,96,44,51,52
2023-04-18,1029,114,77,74,42,37,32
2023-04-19,1029,108,71,88,39,37,49
2023-04-20,1029,113,83,88,42,30,46
2023-04-21,1029,150,84,53,43,66,10
2023-04-22,1029,148,66,59,30,82,29
2023-04-23,1029,120,100,62,51,20,11
2023-04-24,1029,118,81,87,36,37,51
2023-04-25,1029,119,79,80,52,40,28
2023-04-26,1029,120,80,83,44,40,39
2023-04-27,1029,102,80,84,48,22,36
2023-04-28,1029,126,76,57,33,50,24
2023-04-29,1029,131,84,78,28,47,50
2023-04-30,1029,139,85,72,35,54,37
2023-05-01,1029,147,70,93,41,77,52
2023-05-02,1029,117,72,70,37,45,33
2023-05-03,1029,109,79,71,30,30,41
2023-05-04,1029,105,78,59,37,27,22
2023-05-05,1029,150,83,76,33,67,43
2023-05-06,1029,125,83,60,41,42,19
2023-05-07,1029,106,78,64,46,28,18
2023-05-08,1029,137,92,51,43,45,8
2023-05-09,1029,147,87,75,46,60,29
2023-05-10,1029,104,86,54,36,18,18
2023-05-11,1029,135,81,61,35,54,26
2023-05-12,1029,134,78,76,39,56,37
2023-05-13,1029,148,92,95,47,56,48
2023-05-14,1029,113,81,98,40,32,58
2023-05-15,1029,150,84,81,40,66,41
2023-05-16,1029,114,85,59,43,29,16
2023-05-17,1029,147,73,69,42,74,27
2023-05-18,1029,150,84,51,45,66,6
2023-05-19,1029,107,83,60,32,24,28
2023-05-20,1029,112,83,59,40,29,19
2023-05-21,1029,105,91,71,32,14,39
2023-05-22,1029,149,98,70,38,51,32
2023-05-23,1029,106,65,75,27,41,48
2023-05-24,1029,104,96,59,35,8,24
2023-05-25,1029,139,77,100,46,62,54
2023-05-26,1029,142,95,73,43,47,30
2023-05-27,1029,147,80,74,45,67,29
2023-05-28,1029,134,84,81,33,50,48
2023-05-29,1029,123,84,88,49,39,39
2023-05-30,1029,136,75,55,36,61,19
2023-05-31,1029,129,86,80,36,43,44
2023-06-01,1029,129,66,87,40,63,47
2023-06-02,1029,127,85,63,31,42,32
2023-06-03,1029,145,73,81,43,72,38
2023-06-04,1029,126,85,82,45,41,37
2023-06-05,1029,118,76,55,28,42,27
2023-06-06,1029,113,88,90,38,25,52
2023-06-07,1029,147,91,52,38,56,14
2023-06-08,1029,141,80,92,49,61,43
2023-06-09,1029,104,87,90,34,17,56
2023-06-10,1029,139,83,70,36,56,34
2023-06-11,1029,148,87,93,47,61,46
2023-06-12,1029,144,65,52,39,79,13
2023-06-13,1029,113,72,84,47,41,37
2023-06-14,1029,114,67,86,34,47,52
2023-06-15,1029,143,78,83,36,65,47
2023-06-16,1029,139,74,70,28,65,42
2023-06-17,1029,116,69,91,45,47,46
2023-06-18,1029,122,73,51,41,49,10
2023-06-19,1029,109,85,71,42,24,29
2023-06-20,1029,113,77,85,32,36,53
2023-06-21,1029,115,84,95,40,31,55
2023-06-22,1029,113,73,56,44,40,12
2023-06-23,1029,103,101,93,36,2,57
2023-06-24,1029,139,80,54,40,59,14
2023-06-25,1029,118,77,52,40,41,12
2023-06-26,1029,124,87,64,36,37,28
2023-06-27,1029,136,82,65,41,54,24
2023-06-28,1029,116,82,63,45,34,18
2023-06-29,1029,146,85,64,37,61,27
2023-06-30,1029,147,94,56,40,53,16
2023-07-01,1029,120,77,56,32,43,24
2023-07-02,1029,144,79,100,43,65,57
2023-07-03,1029,108,93,72,44,15,28
2023-07-04,1029,129,71,98,47,58,51
2023-07-05,1029,147,90,60,43,57,17
2023-07-06,1029,123,76,94,43,47,51
2023-07-07,1029,149,80,60,47,69,13
2023-07-08,1029,112,85,61,45,27,16
2023-07-09,1029,148,78,79,40,70,39
2023-07-10,1029,104,78,61,41,26,20
2023-07-11,1029,128,73,94,34,55,60
2023-07-12,1029,122,96,58,38,26,20
2023-07-13,1029,124,70,89,39,54,50
2023-07-14,1029,149,66,54,44,83,10
2023-07-15,1029,146,79,82,43,67,39
2023-07-16,1029,146,83,82,44,63,38
2023-07-17,1029,117,87,54,51,30,3
2023-07-18,1029,139,81,51,42,58,9
2023-07-19,1029,144,88,81,41,56,40
2023-07-20,1029,132,72,60,36,60,24
2023-07-21,1029,150,67,86,37,83,49
2023-07-22,1029,102,65,78,48,37,30
2023-07-23,1029,111,64,63,45,47,18
2023-07-24,1029,137,85,63,43,52,20
2023-07-25,1029,138,71,55,40,67,15
2023-07-26,1029,112,89,83,44,23,39
2023-07-27,1029,133,70,88,38,63,50
2023-07-28,1029,125,73,65,38,52,27
2023-07-29,1029,140,91,55,49,49,6
2023-07-30,1029,125,74,61,39,51,22
2023-07-31,1029,114,99,82,42,15,40
2023-08-01,1029,142,80,83,45,62,38
2023-08-02,1029,146,79,94,36,67,58
2023-08-03,1029,110,97,72,41,13,31
2023-08-04,1029,106,78,89,40,28,49
2023-08-05,1029,113,76,94,42,37,52
2023-08-06,1029,125,71,62,39,54,23
2023-08-07,1029,104,77,59,37,27,22
2023-08-08,1029,109,76,90,41,33,49
2023-08-09,1029,131,99,97,44,32,53
2023-08-10,1029,106,72,66,36,34,30
2023-08-11,1029,138,87,61,26,51,35
2023-08-12,1029,149,70,50,47,79,3
2023-08-13,1029,107,75,87,40,32,47
2023-08-14,1029,150,87,92,44,63,48
2023-08-15,1029,105,101,94,47,4,47
2023-08-16,1029,144,78,74,47,66,27
2023-08-17,1029,124,84,52,32,40,20
2023-08-18,1029,107,93,94,50,14,44
2023-08-19,1029,144,92,93,38,52,55
2023-08-20,1029,105,72,62,41,33,21
2023-08-21,1029,149,75,58,39,74,19
2023-08-22,1029,128,85,79,40,43,39
2023-08-23,1029,128,81,97,38,47,59
2023-08-24,1029,139,81,99,45,58,54
2023-08-25,1029,139,89,75,45,50,30
2023-08-26,1029,141,80,85,39,61,46
2023-08-27,1029,147,70,99,34,77,65
2023-08-28,1029,139,76,66,35,63,31
2023-08-29,1029,132,84,68,48,48,20
2023-08-30,1029,104,86,86,41,18,45
2023-08-31,1029,132,91,93,40,41,53
2023-09-01,1029,150,88,78,47,62,31
2023-09-02,1029,120,88,99,34,32,65
2023-09-03,1029,117,77,81,48,40,33
2023-09-04,1029,130,88,73,37,42,36
2023-09-05,1029,133,74,73,40,59,33
2023-09-06,1029,132,94,89,43,38,46
2023-09-07,1029,101,90,57,32,11,25
2023-09-08,1029,130,77,67,50,53,17
2023-09-09,1029,149,76,89,53,73,36
2023-09-10,1029,106,80,74,33,26,41
2023-09-11,1029,130,83,92,37,47,55
2023-09-12,1029,134,86,66,36,48,30
2023-09-13,1029,110,75,64,35,35,29
2023-09-14,1029,108,87,85,47,21,38
2023-09-15,1029,138,90,95,30,48,65
2023-09-16,1029,113,71,60,40,42,20
2023-09-17,1029,125,80,57,32,45,25
2023-09-18,1029,150,76,95,55,74,40
2023-09-19,1029,119,72,60,39,47,21
2023-09-20,1029,126,86,77,29,40,48
2023-09-21,1029,116,69,64,36,47,28
2023-09-22,1029,138,80,62,35,58,27
2023-09-23,1029,142,83,71,27,59,44
2023-09-24,1029,117,70,88,42,47,46
2023-09-25,1029,144,82,66,42,62,24
2023-09-26,1029,149,97,52,37,52,15
2023-09-27,1029,104,71,80,43,33,37
2023-09-28,1029,106,72,99,37,34,62
2023-09-29,1029,102,78,72,32,24,40
2023-09-30,1029,132,84,77,50,48,27
2023-10-01,1029,110,70,90,42,40,48
2023-10-02,1029,134,77,83,47,57,36
2023-10-03,1029,106,96,89,42,10,47
2023-10-04,1029,119,87,60,44,32,16
2023-10-05,1029,137,69,53,37,68,16
2023-10-06,1029,125,96,51,52,29,-1
2023-10-07,1029,142,68,75,38,74,37
2023-10-08,1029,126,80,83,28,46,55
2023-10-09,1029,124,78,50,34,46,16
2023-10-10,1029,114,92,98,39,22,59
2023-10-11,1029,139,97,53,24,42,29
2023-10-12,1029,144,86,60,43,58,17
2023-10-13,1029,139,80,98,39,59,59
2023-10-14,1029,133,76,73,42,57,31
2023-10-15,1029,131,72,94,44,59,50
2023-10-16,1029,134,64,68,33,70,35
2023-10-17,1029,140,78,60,44,62,16
2023-10-18,1029,120,85,91,42,35,49
2023-10-19,1029,139,83,65,41,56,24
2023-10-20,1029,126,74,57,31,52,26
2023-10-21,1029,121,75,74,43,46,31
2023-10-22,1029,123,63,97,43,60,54
2023-10-23,1029,145,74,90,47,71,43
2023-10-24,1029,146,73,94,30,73,64
2023-10-25,1029,148,81,58,37,67,21
2023-10-26,1029,144,89,59,36,55,23
2023-10-27,1029,127,97,70,46,30,24
2023-10-28,1029,144,68,51,43,76,8
2023-10-29,1029,147,86,56,34,61,22
2023-10-30,1029,102,90,99,45,12,54
2023-10-31,1029,144,73,57,49,71,8
2023-11-01,1029,129,87,53,54,42,-1
2023-11-02,1029,110,80,53,47,30,6
2023-11-03,1029,132,91,93,37,41,56
2023-11-04,1029,105,72,91,44,33,47
2023-11-05,1029,136,81,68,39,55,29
2023-11-06,1029,141,81,69,41,60,28
2023-11-07,1029,126,82,75,35,44,40
2023-11-08,1029,116,85,70,37,31,33
2023-11-09,1029,133,77,64,44,56,20
2023-11-10,1029,117,82,69,38,35,31
2023-11-11,1029,134,75,91,40,59,51
2023-11-12,1029,132,97,91,34,35,57
2023-11-13,1029,100,89,68,46,11,22
2023-11-14,1029,128,83,99,46,45,53
2023-11-15,1029,110,69,94,35,41,59
2023-11-16,1029,113,75,94,48,38,46
2023-11-17,1029,144,81,77,43,63,34
2023-11-18,1029,100,75,81,39,25,42
2023-11-19,1029,122,99,63,35,23,28
2023-11-20,1029,126,90,81,41,36,40
2023-11-21,1029,118,93,84,48,25,36
2023-11-22,1029,111,92,53,34,19,19
2023-11-23,1029,116,80,83,33,36,50
2023-11-24,1029,115,68,59,55,47,4
2023-11-25,1029,107,76,64,29,31,35
2023-11-26,1029,105,70,67,41,35,26
2023-11-27,1029,123,79,66,36,44,30
2023-11-28,1029,100,82,53,40,18,13
2023-11-29,1029,122,76,66,32,46,34
2023-11-30,1029,115,90,70,39,25,31
2023-12-01,1029,129,83,52,37,46,15
2023-12-02,1029,136,85,60,44,51,16
2023-12-03,1029,136,75,98,45,61,53
2023-12-04,1029,108,88,82,48,20,34
2023-12-05,1029,130,84,96,42,46,54
2023-12-06,1029,108,83,50,40,25,10
2023-12-07,1029,117,62,78,45,55,33
2023-12-08,1029,137,71,88,34,66,54
2023-12-09,1029,128,101,98,40,27,58
2023-12-10,1029,125,84,65,36,41,29
2023-12-11,1029,132,83,58,52,49,6
2023-12-12,1029,102,76,63,32,26,31
2023-12-13,1029,124,76,93,39,48,54
2023-12-14,1029,109,75,55,37,34,18
2023-12-15,1029,117,85,53,47,32,6
2023-12-16,1029,140,98,95,36,42,59
2023-12-17,1029,129,83,61,38,46,23
2023-12-18,1029,149,83,52,36,66,16
2023-12-19,1029,107,72,93,37,35,56
2023-12-20,1029,106,75,99,37,31,62
2023-12-21,1029,142,68,86,36,74,50
2023-12-22,1029,100,86,92,36,14,56
2023-12-23,1029,117,78,73,41,39,32
2023-12-24,1029,134,83,58,40,51,18
2023-12-25,1029,112,85,91,28,27,63
2023-12-26,1029,124,89,89,44,35,45
2023-12-27,1029,108,92,76,37,16,39
2023-12-28,1029,147,96,50,35,51,15
2023-12-29,1029,110,86,72,38,24,34
2023-12-30,1029,103,82,52,31,21,21
2023-12-31,1029,128,80,91,40,48,51
2023-01-01,1030,107,78,98,48,29,50
2023-01-02,1030,121,75,69,48,46,21
2023-01-03,1030,126,76,95,45,50,50
2023-01-04,1030,129,72,96,50,57,46
2023-01-05,1030,133,86,74,37,47,37
2023-01-06,1030,148,59,71,44,89,27
2023-01-07,1030,113,93,76,40,20,36
2023-01-08,1030,131,80,73,32,51,41
2023-01-09,1030,131,73,93,31,58,62
2023-01-10,1030,130,75,83,45,55,38
2023-01-11,1030,124,83,80,32,41,48
2023-01-12,1030,104,90,73,45,14,28
2023-01-13,1030,143,74,51,39,69,12
2023-01-14,1030,132,85,87,34,47,53
2023-01-15,1030,112,75,97,45,37,52
2023-01-16,1030,109,64,93,37,45,56
2023-01-17,1030,105,95,98,41,10,57
2023-01-18,1030,101,84,91,37,17,54
2023-01-19,1030,106,91,61,44,15,17
2023-01-20,1030,117,78,79,42,39,37
2023-01-21,1030,140,74,86,47,66,39
2023-01-22,1030,149,82,62,33,67,29
2023-01-23,1030,133,84,72,50,49,22
2023-01-24,1030,135,59,93,45,76,48
2023-01-25,1030,133,90,61,38,43,23
2023-01-26,1030,128,76,82,32,52,50
2023-01-27,1030,101,74,64,48,27,16
2023-01-28,1030,108,82,60,45,26,15
2023-01-29,1030,128,71,57,36,57,21
2023-01-30,1030,101,79,73,35,22,38
2023-01-31,1030,146,72,50,41,74,9
2023-02-01,1030,123,78,61,33,45,28
2023-02-02,1030,110,81,61,36,29,25
2023-02-03,1030,106,73,50,36,33,14
2023-02-04,1030,122,76,53,39,46,14
2023-02-05,1030,103,83,60,39,20,21
2023-02-06,1030,128,86,60,40,42,20
2023-02-07,1030,109,81,57,40,28,17
2023-02-08,1030,104,72,60,41,32,19
2023-02-09,1030,129,80,57,43,49,14
2023-02-10,1030,116,92,82,34,24,48
2023-02-11,1030,101,96,71,50,5,21
2023-02-12,1030,127,102,84,39,25,45
2023-02-13,1030,127,86,53,36,41,17
2023-02-14,1030,122,77,50,39,45,11
2023-02-15,1030,148,74,82,41,74,41
2023-02-16,1030,101,90,94,40,11,54
2023-02-17,1030,127,81,64,54,46,10
2023-02-18,1030,131,92,74,40,39,34
2023-02-19,1030,105,76,85,35,29,50
2023-02-20,1030,137,86,96,36,51,60
2023-02-21,1030,138,72,62,59,66,3
2023-02-22,1030,118,79,54,50,39,4
2023-02-23,1030,113,76,91,43,37,48
2023-02-24,1030,131,76,95,47,55,48
2023-02-25,1030,105,76,55,42,29,13
2023-02-26,1030,107,87,75,42,20,33
2023-02-27,1030,109,68,72,42,41,30
2023-02-28,1030,106,67,51,32,39,19
2023-03-01,1030,101,65,74,42,36,32
2023-03-02,1030,147,67,85,44,80,41
2023-03-03,1030,104,76,51,35,28,16
2023-03-04,1030,122,74,55,29,48,26
2023-03-05,1030,103,78,69,44,25,25
2023-03-06,1030,112,82,52,54,30,-2
2023-03-07,1030,137,75,67,41,62,26
2023-03-08,1030,123,84,84,42,39,42
2023-03-09,1030,125,82,54,35,43,19
2023-03-10,1030,112,87,86,30,25,56
2023-03-11,1030,100,90,52,43,10,9
2023-03-12,1030,142,74,87,36,68,51
2023-03-13,1030,148,88,82,46,60,36
2023-03-14,1030,132,90,52,38,42,14
2023-03-15,1030,117,75,57,44,42,13
2023-03-16,1030,123,80,85,46,43,39
2023-03-17,1030,144,102,92,43,42,49
2023-03-18,1030,116,76,52,37,40,15
2023-03-19,1030,103,79,77,29,24,48
2023-03-20,1030,147,66,62,35,81,27
2023-03-21,1030,115,90,54,48,25,6
2023-03-22,1030,112,64,74,38,48,36
2023-03-23,1030,109,81,52,43,28,9
2023-03-24,1030,123,88,67,38,35,29
2023-03-25,1030,150,81,68,41,69,27
2023-03-26,1030,125,103,94,34,22,60
2023-03-27,1030,131,82,58,44,49,14
2023-03-28,1030,146,92,99,27,54,72
2023-03-29,1030,137,91,64,28,46,36
2023-03-30,1030,141,88,94,39,53,55
2023-03-31,1030,135,95,83,51,40,32
2023-04-01,1030,113,75,73,38,38,35
2023-04-02,1030,122,91,98,51,31,47
2023-04-03,1030,150,80,69,48,70,21
2023-04-04,1030,133,93,78,46,40,32
2023-04-05,1030,141,86,72,37,55,35
2023-04-06,1030,115,80,68,38,35,30
2023-04-07,1030,124,75,98,36,49,62
2023-04-08,1030,111,70,63,28,41,35
2023-04-09,1030,114,87,68,54,27,14
2023-04-10,1030,119,85,55,40,34,15
2023-04-11,1030,112,77,99,39,35,60
2023-04-12,1030,124,81,96,31,43,65
2023-04-13,1030,130,74,72,38,56,34
2023-04-14,1030,112,81,77,34,31,43
2023-04-15,1030,124,77,98,31,47,67
2023-04-16,1030,103,71,73,53,32,20
2023-04-17,1030,119,76,76,36,43,40
2023-04-18,1030,112,82,51,35,30,16
2023-04-19,1030,114,78,71,31,36,40
2023-04-20,1030,138,84,90,33,54,57
2023-04-21,1030,103,100,74,38,3,36
2023-04-22,1030,143,66,78,35,77,43
2023-04-23,1030,129,72,71,45,57,26
2023-04-24,1030,116,87,72,44,29,28
2023-04-25,1030,119,79,71,49,40,22
2023-04-26,1030,136,77,82,37,59,45
2023-04-27,1030,139,82,82,37,57,45
2023-04-28,1030,140,86,89,55,54,34
2023-04-29,1030,123,82,63,46,41,17
2023-04-30,1030,142,87,50,39,55,11
2023-05-01,1030,130,88,93,40,42,53
2023-05-02,1030,103,73,55,43,30,12
2023-05-03,1030,109,61,57,39,48,18
2023-05-04,1030,150,75,100,39,75,61
2023-05-05,1030,124,69,67,29,55,38
2023-05-06,1030,112,79,64,41,33,23
2023-05-07,1030,137,88,69,37,49,32
2023-05-08,1030,127,77,61,30,50,31
2023-05-09,1030,132,72,90,37,60,53
2023-05-10,1030,144,76,73,38,68,35
2023-05-11,1030,132,69,72,44,63,28
2023-05-12,1030,100,93,96,44,7,52
2023-05-13,1030,119,89,65,45,30,20
2023-05-14,1030,111,70,91,42,41,49
2023-05-15,1030,111,103,89,35,8,54
2023-05-16,1030,139,75,80,39,64,41
2023-05-17,1030,142,70,98,34,72,64
2023-05-18,1030,123,77,68,49,46,19
2023-05-19,1030,115,79,64,33,36,31
2023-05-20,1030,142,69,74,43,73,31
2023-05-21,1030,117,70,60,38,47,22
2023-05-22,1030,114,92,56,39,22,17
2023-05-23,1030,146,85,57,42,61,15
2023-05-24,1030,138,76,62,43,62,19
2023-05-25,1030,104,91,54,36,13,18
2023-05-26,1030,132,70,80,45,62,35
2023-05-27,1030,138,87,90,42,51,48
2023-05-28,1030,112,83,78,27,29,51
2023-05-29,1030,131,87,62,38,44,24
2023-05-30,1030,103,85,55,56,18,-1
2023-05-31,1030,140,98,64,36,42,28
2023-06-01,1030,110,73,59,48,37,11
2023-06-02,1030,142,52,79,45,90,34
2023-06-03,1030,125,85,84,34,40,50
2023-06-04,1030,142,71,91,43,71,48
2023-06-05,1030,111,73,61,31,38,30
2023-06-06,1030,143,88,72,42,55,30
2023-06-07,1030,148,75,81,46,73,35
2023-06-08,1030,114,80,67,33,34,34
2023-06-09,1030,115,82,92,35,33,57
2023-06-10,1030,128,79,56,44,49,12
2023-06-11,1030,117,76,89,33,41,56
2023-06-12,1030,144,73,79,44,71,35
2023-06-13,1030,122,81,50,42,41,8
2023-06-14,1030,139,85,50,32,54,18
2023-06-15,1030,116,69,97,39,47,58
2023-06-16,1030,150,84,89,42,66,47
2023-06-17,1030,109,66,99,31,43,68
2023-06-18,1030,104,65,76,36,39,40
2023-06-19,1030,120,89,94,42,31,52
2023-06-20,1030,145,74,99,43,71,56
2023-06-21,1030,133,84,75,46,49,29
2023-06-22,1030,114,76,73,36,38,37
2023-06-23,1030,127,76,86,39,51,47
2023-06-24,1030,111,77,99,37,34,62
2023-06-25,1030,119,71,57,38,48,19
2023-06-26,1030,129,92,96,35,37,61
2023-06-27,1030,137,71,71,36,66,35
2023-06-28,1030,138,79,56,33,59,23
2023-06-29,1030,148,79,85,34,69,51
2023-06-30,1030,142,78,90,52,64,38
2023-07-01,1030,121,89,70,39,32,31
2023-07-02,1030,139,102,60,48,37,12
2023-07-03,1030,128,70,58,46,58,12
2023-07-04,1030,149,77,72,44,72,28
2023-07-05,1030,113,82,52,42,31,10
2023-07-06,1030,125,82,68,42,43,26
2023-07-07,1030,118,74,57,45,44,12
2023-07-08,1030,111,85,100,45,26,55
2023-07-09,1030,113,98,57,38,15,19
2023-07-10,1030,140,88,50,31,52,19
2023-07-11,1030,101,89,58,47,12,11
2023-07-12,1030,124,88,55,38,36,17
2023-07-13,1030,148,93,70,31,55,39
2023-07-14,1030,145,73,88,42,72,46
2023-07-15,1030,118,96,80,43,22,37
2023-07-16,1030,130,63,63,37,67,26
2023-07-17,1030,145,69,81,41,76,40
2023-07-18,1030,140,82,60,28,58,32
2023-07-19,1030,147,90,80,40,57,40
2023-07-20,1030,142,106,91,47,36,44
2023-07-21,1030,100,76,75,43,24,32
2023-07-22,1030,150,84,95,36,66,59
2023-07-23,1030,143,88,67,39,55,28
2023-07-24,1030,103,84,79,45,19,34
2023-07-25,1030,134,70,58,34,64,24
2023-07-26,1030,130,81,59,44,49,15
2023-07-27,1030,129,101,99,42,28,57
2023-07-28,1030,120,74,79,39,46,40
2023-07-29,1030,118,74,50,43,44,7
2023-07-30,1030,127,66,67,43,61,24
2023-07-31,1030,125,66,64,34,59,30
2023-08-01,1030,118,69,89,34,49,55
2023-08-02,1030,141,82,84,32,59,52
2023-08-03,1030,146,63,96,36,83,60
2023-08-04,1030,137,75,83,47,62,36
2023-08-05,1030,115,78,85,53,37,32
2023-08-06,1030,107,83,80,35,24,45
2023-08-07,1030,135,84,75,38,51,37
2023-08-08,1030,115,73,54,32,42,22
2023-08-09,1030,148,83,57,43,65,14
2023-08-10,1030,115,75,93,40,40,53
2023-08-11,1030,125,76,54,47,49,7
2023-08-12,1030,113,83,78,32,30,46
2023-08-13,1030,113,84,85,42,29,43
2023-08-14,1030,122,76,87,44,46,43
2023-08-15,1030,109,76,75,35,33,40
2023-08-16,1030,145,83,76,35,62,41
2023-08-17,1030,123,76,50,23,47,27
2023-08-18,1030,149,67,52,41,82,11
2023-08-19,1030,128,85,93,34,43,59
2023-08-20,1030,101,79,65,37,22,28
2023-08-21,1030,111,90,79,27,21,52
2023-08-22,1030,111,88,70,27,23,43
2023-08-23,1030,125,91,53,39,34,14
2023-08-24,1030,144,85,64,36,59,28
2023-08-25,1030,145,86,68,33,59,35
2023-08-26,1030,144,72,96,38,72,58
2023-08-27,1030,149,89,84,42,60,42
2023-08-28,1030,123,64,66,38,59,28
2023-08-29,1030,130,73,79,31,57,48
2023-08-30,1030,143,72,63,41,71,22
2023-08-31,1030,113,87,93,43,26,50
2023-09-01,1030,134,74,51,36,60,15
2023-09-02,1030,141,74,52,44,67,8
2023-09-03,1030,119,67,52,45,52,7
2023-09-04,1030,131,74,62,36,57,26
2023-09-05,1030,106,84,50,47,22,3
2023-09-06,1030,125,76,77,52,49,25
2023-09-07,1030,113,90,61,41,23,20
2023-09-08,1030,103,66,71,35,37,36
2023-09-09,1030,107,72,64,27,35,37
2023-09-10,1030,142,82,84,42,60,42
2023-09-11,1030,126,83,57,52,43,5
2023-09-12,1030,148,80,71,33,68,38
2023-09-13,1030,113,68,96,37,45,59
2023-09-14,1030,148,86,58,47,62,11
2023-09-15,1030,123,57,81,37,66,44
2023-09-16,1030,147,79,77,30,68,47
2023-09-17,1030,128,98,77,43,30,34
2023-09-18,1030,106,65,64,43,41,21
2023-09-19,1030,148,87,57,43,61,14
2023-09-20,1030,147,81,58,35,66,23
2023-09-21,1030,144,81,65,41,63,24
2023-09-22,1030,119,93,52,36,26,16
2023-09-23,1030,126,88,51,33,38,18
2023-09-24,1030,118,76,57,33,42,24
2023-09-25,1030,118,70,58,42,48,16
2023-09-26,1030,107,78,81,36,29,45
2023-09-27,1030,103,92,50,37,11,13
2023-09-28,1030,106,78,77,41,28,36
2023-09-29,1030,115,77,71,40,38,31
2023-09-30,1030,138,77,53,40,61,13
2023-10-01,1030,141,79,55,46,62,9
2023-10-02,1030,127,96,91,37,31,54
2023-10-03,1030,125,94,53,45,31,8
2023-10-04,1030,111,71,94,43,40,51
2023-10-05,1030,140,74,96,39,66,57
2023-10-06,1030,134,81,73,33,53,40
2023-10-07,1030,143,93,93,44,50,49
2023-10-08,1030,127,94,51,36,33,15
2023-10-09,1030,145,71,100,45,74,55
2023-10-10,1030,117,79,81,37,38,44
2023-10-11,1030,132,71,62,45,61,17
2023-10-12,1030,103,86,99,46,17,53
2023-10-13,1030,137,70,59,36,67,23
2023-10-14,1030,121,87,95,41,34,54
2023-10-15,1030,141,66,86,44,75,42
2023-10-16,1030,102,83,97,37,19,60
2023-10-17,1030,121,81,88,45,40,43
2023-10-18,1030,135,85,74,49,50,25
2023-10-19,1030,143,93,51,42,50,9
2023-10-20,1030,148,78,69,42,70,27
2023-10-21,1030,114,75,95,37,39,58
2023-10-22,1030,148,64,84,36,84,48
2023-10-23,1030,111,79,83,42,32,41
2023-10-24,1030,143,92,96,52,51,44
2023-10-25,1030,148,83,67,56,65,11
2023-10-26,1030,130,83,92,48,47,44
2023-10-27,1030,129,66,68,40,63,28
2023-10-28,1030,120,68,73,35,52,38
2023-10-29,1030,120,79,98,44,41,54
2023-10-30,1030,110,64,94,43,46,51
2023-10-31,1030,105,83,74,46,22,28
2023-11-01,1030,124,76,84,46,48,38
2023-11-02,1030,129,68,90,34,61,56
2023-11-03,1030,119,76,94,29,43,65
2023-11-04,1030,109,79,65,38,30,27
2023-11-05,1030,119,95,99,30,24,69
2023-11-06,1030,124,90,91,44,34,47
2023-11-07,1030,123,81,89,36,42,53
2023-11-08,1030,123,74,81,35,49,46
2023-11-09,1030,134,82,64,55,52,9
2023-11-10,1030,147,97,96,40,50,56
2023-11-11,1030,120,63,74,43,57,31
2023-11-12,1030,129,63,86,42,66,44
2023-11-13,1030,134,83,55,38,51,17
2023-11-14,1030,139,92,65,33,47,32
2023-11-15,1030,119,69,94,42,50,52
2023-11-16,1030,141,81,91,40,60,51
2023-11-17,1030,137,80,99,52,57,47
2023-11-18,1030,117,69,75,32,48,43
2023-11-19,1030,142,93,74,38,49,36
2023-11-20,1030,124,87,52,45,37,7
2023-11-21,1030,105,76,73,46,29,27
2023-11-22,1030,136,72,71,40,64,31
2023-11-23,1030,138,82,52,32,56,20
2023-11-24,1030,109,77,80,43,32,37
2023-11-25,1030,135,87,59,46,48,13
2023-11-26,1030,121,67,52,41,54,11
2023-11-27,1030,143,84,69,37,59,32
2023-11-28,1030,108,75,61,54,33,7
2023-11-29,1030,108,83,64,41,25,23
2023-11-30,1030,128,78,60,31,50,29
2023-12-01,1030,108,69,86,37,39,49
2023-12-02,1030,116,68,60,36,48,24
2023-12-03,1030,141,68,96,38,73,58
2023-12-04,1030,115,91,86,32,24,54
2023-12-05,1030,149,82,97,52,67,45
2023-12-06,1030,120,72,58,38,48,20
2023-12-07,1030,117,89,78,28,28,50
2023-12-08,1030,113,77,71,46,36,25
2023-12-09,1030,108,71,76,41,37,35
2023-12-10,1030,120,92,90,34,28,56
2023-12-11,1030,101,78,66,42,23,24
2023-12-12,1030,147,89,61,37,58,24
2023-12-13,1030,115,84,82,40,31,42
2023-12-14,1030,125,76,55,41,49,14
2023-12-15,1030,127,63,52,45,64,7
2023-12-16,1030,134,76,70,45,58,25
2023-12-17,1030,131,83,86,42,48,44
2023-12-18,1030,126,85,56,41,41,15
2023-12-19,1030,146,86,50,48,60,2
2023-12-20,1030,102,69,88,39,33,49
2023-12-21,1030,143,69,56,40,74,16
2023-12-22,1030,102,73,66,31,29,35
2023-12-23,1030,148,82,91,34,66,57
2023-12-24,1030,142,74,74,35,68,39
2023-12-25,1030,110,82,98,36,28,62
2023-12-26,1030,148,82,95,45,66,50
2023-12-27,1030,136,75,82,36,61,46
2023-12-28,1030,119,78,90,36,41,54
2023-12-29,1030,135,84,77,50,51,27
2023-12-30,1030,150,74,100,36,76,64
2023-12-31,1030,137,74,71,42,63,29
2023-01-01,1031,127,80,89,37,47,52
2023-01-02,1031,121,87,50,46,34,4
2023-01-03,1031,123,83,56,55,40,1
2023-01-04,1031,113,89,99,41,24,58
2023-01-05,1031,145,85,54,36,60,18
2023-01-06,1031,103,77,66,44,26,22
2023-01-07,1031,114,83,62,38,31,24
2023-01-08,1031,140,77,66,38,63,28
2023-01-09,1031,129,77,87,37,52,50
2023-01-10,1031,100,81,51,34,19,17
2023-01-11,1031,148,89,89,47,59,42
2023-01-12,1031,147,94,81,36,53,45
2023-01-13,1031,124,78,73,38,46,35
2023-01-14,1031,142,84,63,34,58,29
2023-01-15,1031,123,80,65,49,43,16
2023-01-16,1031,136,81,56,42,55,14
2023-01-17,1031,116,76,56,38,40,18
2023-01-18,1031,103,91,73,38,12,35
2023-01-19,1031,144,66,52,49,78,3
2023-01-20,1031,106,85,52,31,21,21
2023-01-21,1031,130,80,54,53,50,1
2023-01-22,1031,148,81,61,41,67,20
2023-01-23,1031,147,89,98,43,58,55
2023-01-24,1031,131,86,60,44,45,16
2023-01-25,1031,142,74,95,34,68,61
2023-01-26,1031,103,85,70,50,18,20
2023-01-27,1031,117,70,62,34,47,28
2023-01-28,1031,139,93,91,30,46,61
2023-01-29,1031,114,75,67,29,39,38
2023-01-30,1031,111,73,71,44,38,27
2023-01-31,1031,113,89,59,29,24,30
2023-02-01,1031,138,82,67,37,56,30
2023-02-02,1031,115,90,96,40,25,56
2023-02-03,1031,138,85,62,49,53,13
2023-02-04,1031,135,81,50,44,54,6
2023-02-05,1031,117,93,50,44,24,6
2023-02-06,1031,149,75,96,39,74,57
2023-02-07,1031,104,90,77,40,14,37
2023-02-08,1031,133,77,89,30,56,59
2023-02-09,1031,102,71,66,41,31,25
2023-02-10,1031,148,83,69,41,65,28
2023-02-11,1031,138,92,83,45,46,38
2023-02-12,1031,114,72,55,46,42,9
2023-02-13,1031,119,88,96,39,31,57
2023-02-14,1031,105,64,72,27,41,45
2023-02-15,1031,124,76,92,36,48,56
2023-02-16,1031,108,77,61,36,31,25
2023-02-17,1031,137,88,68,40,49,28
2023-02-18,1031,118,76,55,53,42,2
2023-02-19,1031,137,73,86,23,64,63
2023-02-20,1031,112,71,74,37,41,37
2023-02-21,1031,134,78,67,38,56,29
2023-02-22,1031,149,79,56,43,70,13
2023-02-23,1031,134,92,96,45,42,51
2023-02-24,1031,126,86,84,42,40,42
2023-02-25,1031,122,75,78,41,47,37
2023-02-26,1031,106,73,94,29,33,65
2023-02-27,1031,111,69,55,47,42,8
2023-02-28,1031,113,77,61,28,36,33
2023-03-01,1031,139,92,89,40,47,49
2023-03-02,1031,114,75,71,40,39,31
2023-03-03,1031,106,86,50,43,20,7
2023-03-04,1031,109,66,96,39,43,57
2023-03-05,1031,144,90,84,39,54,45
2023-03-06,1031,134,85,83,47,49,36
2023-03-07,1031,141,87,83,33,54,50
2023-03-08,1031,128,93,52,41,35,11
2023-03-09,1031,144,73,68,33,71,35
2023-03-10,1031,140,90,85,31,50,54
2023-03-11,1031,104,72,95,49,32,46
2023-03-12,1031,124,72,58,43,52,15
2023-03-13,1031,137,90,85,39,47,46
2023-03-14,1031,149,91,72,46,58,26
2023-03-15,1031,144,86,98,50,58,48
2023-03-16,1031,111,82,100,30,29,70
2023-03-17,1031,126,96,80,41,30,39
2023-03-18,1031,135,86,67,38,49,29
2023-03-19,1031,147,74,86,40,73,46
2023-03-20,1031,125,90,88,38,35,50
2023-03-21,1031,141,81,66,31,60,35
2023-03-22,1031,140,76,83,36,64,47
2023-03-23,1031,116,82,90,35,34,55
2023-03-24,1031,128,88,70,41,40,29
2023-03-25,1031,102,65,85,38,37,47
2023-03-26,1031,103,72,52,44,31,8
2023-03-27,1031,108,75,93,52,33,41
2023-03-28,1031,136,69,52,44,67,8
2023-03-29,1031,119,81,93,31,38,62
2023-03-30,1031,108,78,89,44,30,45
2023-03-31,1031,110,83,89,46,27,43
2023-04-01,1031,127,74,54,39,53,15
2023-04-02,1031,101,79,66,42,22,24
2023-04-03,1031,115,71,55,42,44,13
2023-04-04,1031,115,73,70,47,42,23
2023-04-05,1031,112,78,74,36,34,38
2023-04-06,1031,150,71,84,48,79,36
2023-04-07,1031,110,91,74,36,19,38
2023-04-08,1031,126,81,100,33,45,67
2023-04-09,1031,110,84,57,46,26,11
2023-04-10,1031,132,85,71,41,47,30
2023-04-11,1031,146,63,95,42,83,53
2023-04-12,1031,116,82,53,31,34,22
2023-04-13,1031,147,77,61,38,70,23
2023-04-14,1031,107,86,55,45,21,10
2023-04-15,1031,145,83,67,44,62,23
2023-04-16,1031,117,77,87,45,40,42
2023-04-17,1031,125,75,85,37,50,48
2023-04-18,1031,102,73,75,47,29,28
2023-04-19,1031,150,75,88,39,75,49
2023-04-20,1031,145,66,64,39,79,25
2023-04-21,1031,123,92,68,35,31,33
2023-04-22,1031,144,77,79,49,67,30
2023-04-23,1031,128,63,63,39,65,24
2023-04-24,1031,107,78,93,35,29,58
2023-04-25,1031,108,74,84,46,34,38
2023-04-26,1031,138,86,95,26,52,69
2023-04-27,1031,145,74,57,35,71,22
2023-04-28,1031,102,92,93,43,10,50
2023-04-29,1031,102,84,80,45,18,35
2023-04-30,1031,103,85,98,31,18,67
2023-05-01,1031,117,72,56,24,45,32
2023-05-02,1031,139,96,63,37,43,26
2023-05-03,1031,150,80,96,38,70,58
2023-05-04,1031,101,72,92,30,29,62
2023-05-05,1031,125,93,78,30,32,48
2023-05-06,1031,128,88,88,40,40,48
2023-05-07,1031,111,77,94,46,34,48
2023-05-08,1031,118,82,62,43,36,19
2023-05-09,1031,131,70,78,45,61,33
2023-05-10,1031,142,87,87,40,55,47
2023-05-11,1031,145,75,100,36,70,64
2023-05-12,1031,127,93,84,48,34,36
2023-05-13,1031,106,85,87,41,21,46
2023-05-14,1031,142,77,94,38,65,56
2023-05-15,1031,109,84,57,39,25,18
2023-05-16,1031,145,79,72,36,66,36
2023-05-17,1031,105,71,92,34,34,58
2023-05-18,1031,110,99,81,33,11,48
2023-05-19,1031,108,94,68,31,14,37
2023-05-20,1031,136,85,69,37,51,32
2023-05-21,1031,136,102,94,33,34,61
2023-05-22,1031,131,80,73,45,51,28
2023-05-23,1031,122,90,52,40,32,12
2023-05-24,1031,140,78,61,37,62,24
2023-05-25,1031,124,90,97,47,34,50
2023-05-26,1031,137,86,94,49,51,45
2023-05-27,1031,117,92,98,39,25,59
2023-05-28,1031,119,91,74,52,28,22
2023-05-29,1031,135,69,57,46,66,11
2023-05-30,1031,126,83,98,38,43,60
2023-05-31,1031,142,93,51,46,49,5
2023-06-01,1031,135,69,89,49,66,40
2023-06-02,1031,132,87,67,39,45,28
2023-06-03,1031,111,79,95,39,32,56
2023-06-04,1031,141,67,65,50,74,15
2023-06-05,1031,110,75,77,47,35,30
2023-06-06,1031,123,67,96,38,56,58
2023-06-07,1031,137,81,51,44,56,7
2023-06-08,1031,114,73,63,41,41,22
2023-06-09,1031,106,66,77,27,40,50
2023-06-10,1031,113,78,55,38,35,17
2023-06-11,1031,103,66,81,47,37,34
2023-06-12,1031,143,80,62,47,63,15
2023-06-13,1031,103,76,98,52,27,46
2023-06-14,1031,118,73,76,35,45,41
2023-06-15,1031,120,74,80,57,46,23
2023-06-16,1031,148,87,67,36,61,31
2023-06-17,1031,128,58,53,43,70,10
2023-06-18,1031,125,76,90,26,49,64
2023-06-19,1031,110,94,70,36,16,34
2023-06-20,1031,122,77,84,50,45,34
2023-06-21,1031,150,79,97,41,71,56
2023-06-22,1031,149,71,91,35,78,56
2023-06-23,1031,136,97,97,48,39,49
2023-06-24,1031,148,58,88,33,90,55
2023-06-25,1031,146,80,98,38,66,60
2023-06-26,1031,106,91,75,36,15,39
2023-06-27,1031,139,83,57,45,56,12
2023-06-28,1031,124,92,88,41,32,47
2023-06-29,1031,114,88,98,40,26,58
2023-06-30,1031,108,99,82,43,9,39
2023-07-01,1031,137,91,83,45,46,38
2023-07-02,1031,121,63,92,42,58,50
2023-07-03,1031,135,76,78,30,59,48
2023-07-04,1031,124,99,95,42,25,53
2023-07-05,1031,122,80,80,43,42,37
2023-07-06,1031,127,84,97,49,43,48
2023-07-07,1031,142,86,89,48,56,41
2023-07-08,1031,117,82,61,35,35,26
2023-07-09,1031,102,86,100,34,16,66
2023-07-10,1031,141,92,58,42,49,16
2023-07-11,1031,103,75,94,51,28,43
2023-07-12,1031,125,100,90,38,25,52
2023-07-13,1031,110,85,85,33,25,52
2023-07-14,1031,107,65,64,35,42,29
2023-07-15,1031,131,68,71,45,63,26
2023-07-16,1031,145,79,79,35,66,44
2023-07-17,1031,105,72,63,32,33,31
2023-07-18,1031,118,77,69,45,41,24
2023-07-19,1031,130,95,92,37,35,55
2023-07-20,1031,122,76,89,35,46,54
2023-07-21,1031,109,79,92,32,30,60
2023-07-22,1031,116,83,64,42,33,22
2023-07-23,1031,111,78,57,45,33,12
2023-07-24,1031,114,80,99,36,34,63
2023-07-25,1031,113,88,60,44,25,16
2023-07-26,1031,107,81,78,28,26,50
2023-07-27,1031,111,76,84,43,35,41
2023-07-28,1031,117,73,69,32,44,37
2023-07-29,1031,141,76,52,37,65,15
2023-07-30,1031,149,85,76,38,64,38
2023-07-31,1031,124,64,68,39,60,29
2023-08-01,1031,143,97,96,29,46,67
2023-08-02,1031,135,90,97,40,45,57
2023-08-03,1031,116,77,61,32,39,29
2023-08-04,1031,130,75,99,38,55,61
2023-08-05,1031,142,79,90,31,63,59
2023-08-06,1031,126,83,55,32,43,23
2023-08-07,1031,107,82,80,44,25,36
2023-08-08,1031,144,78,75,42,66,33
2023-08-09,1031,116,78,80,43,38,37
2023-08-10,1031,149,87,70,32,62,38
2023-08-11,1031,110,80,83,33,30,50
2023-08-12,1031,131,93,60,42,38,18
2023-08-13,1031,137,61,52,32,76,20
2023-08-14,1031,137,68,65,44,69,21
2023-08-15,1031,120,87,63,46,33,17
2023-08-16,1031,122,87,79,45,35,34
2023-08-17,1031,127,75,51,41,52,10
2023-08-18,1031,110,82,73,31,28,42
2023-08-19,1031,118,80,59,42,38,17
2023-08-20,1031,133,84,97,34,49,63
2023-08-21,1031,110,97,79,30,13,49
2023-08-22,1031,150,96,72,41,54,31
2023-08-23,1031,118,61,79,34,57,45
2023-08-24,1031,105,78,50,41,27,9
2023-08-25,1031,128,90,71,36,38,35
2023-08-26,1031,115,84,84,40,31,44
2023-08-27,1031,108,75,84,40,33,44
2023-08-28,1031,106,82,61,39,24,22
2023-08-29,1031,111,68,85,39,43,46
2023-08-30,1031,139,63,76,41,76,35
2023-08-31,1031,112,65,89,37,47,52
2023-09-01,1031,129,83,77,39,46,38
2023-09-02,1031,138,90,92,48,48,44
2023-09-03,1031,139,87,57,42,52,15
2023-09-04,1031,124,73,91,44,51,47
2023-09-05,1031,145,86,89,37,59,52
2023-09-06,1031,143,83,77,37,60,40
2023-09-07,1031,150,82,55,42,68,13
2023-09-08,1031,136,88,71,45,48,26
2023-09-09,1031,147,76,55,37,71,18
2023-09-10,1031,143,79,62,41,64,21
2023-09-11,1031,143,82,99,45,61,54
2023-09-12,1031,135,76,73,37,59,36
2023-09-13,1031,134,77,94,40,57,54
2023-09-14,1031,115,92,100,50,23,50
2023-09-15,1031,122,83,61,39,39,22
2023-09-16,1031,127,75,77,40,52,37
2023-09-17,1031,138,94,83,35,44,48
2023-09-18,1031,148,95,50,35,53,15
2023-09-19,1031,124,100,71,43,24,28
2023-09-20,1031,120,81,93,28,39,65
2023-09-21,1031,146,81,63,33,65,30
2023-09-22,1031,114,102,53,46,12,7
2023-09-23,1031,139,71,59,43,68,16
2023-09-24,1031,131,72,99,36,59,63
2023-09-25,1031,140,97,51,34,43,17
2023-09-26,1031,130,99,92,32,31,60
2023-09-27,1031,134,90,58,41,44,17
2023-09-28,1031,128,78,85,36,50,49
2023-09-29,1031,146,82,85,39,64,46
2023-09-30,1031,117,75,67,37,42,30
2023-10-01,1031,101,103,84,35,-2,49
2023-10-02,1031,118,91,73,38,27,35
2023-10-03,1031,130,70,73,28,60,45
2023-10-04,1031,137,74,65,42,63,23
2023-10-05,1031,103,73,53,46,30,7
2023-10-06,1031,119,75,95,39,44,56
2023-10-07,1031,126,55,51,35,71,16
2023-10-08,1031,128,89,56,44,39,12
2023-10-09,1031,145,77,98,41,68,57
2023-10-10,1031,106,91,52,44,15,8
2023-10-11,1031,131,72,94,39,59,55
2023-10-12,1031,117,83,95,50,34,45
2023-10-13,1031,127,80,54,45,47,9
2023-10-14,1031,116,78,57,38,38,19
2023-10-15,1031,119,89,71,35,30,36
2023-10-16,1031,146,76,94,37,70,57
2023-10-17,1031,146,84,92,39,62,53
2023-10-18,1031,110,86,69,39,24,30
2023-10-19,1031,141,74,86,37,67,49
2023-10-20,1031,100,97,62,34,3,28
2023-10-21,1031,108,72,81,47,36,34
2023-10-22,1031,105,80,95,32,25,63
2023-10-23,1031,129,75,62,50,54,12
2023-10-24,1031,133,85,50,34,48,16
2023-10-25,1031,108,85,81,38,23,43
2023-10-26,1031,122,83,87,28,39,59
2023-10-27,1031,129,84,81,45,45,36
2023-10-28,1031,104,84,71,46,20,25
2023-10-29,1031,102,82,50,40,20,10
2023-10-30,1031,145,77,70,45,68,25
2023-10-31,1031,138,82,63,33,56,30
2023-11-01,1031,130,82,60,39,48,21
2023-11-02,1031,117,79,88,32,38,56
2023-11-03,1031,136,76,97,48,60,49
2023-11-04,1031,144,81,99,51,63,48
2023-11-05,1031,121,63,70,39,58,31
2023-11-06,1031,127,79,92,40,48,52
2023-11-07,1031,105,96,97,32,9,65
2023-11-08,1031,102,77,59,30,25,29
2023-11-09,1031,116,74,91,44,42,47
2023-11-10,1031,101,75,79,45,26,34
2023-11-11,1031,118,70,78,45,48,33
2023-11-12,1031,119,85,56,50,34,6
2023-11-13,1031,147,83,96,37,64,59
2023-11-14,1031,111,98,51,35,13,16
2023-11-15,1031,112,84,67,40,28,27
2023-11-16,1031,136,87,50,43,49,7
2023-11-17,1031,113,85,97,32,28,65
2023-11-18,1031,149,71,90,52,78,38
2023-11-19,1031,100,93,55,53,7,2
2023-11-20,1031,106,81,65,40,25,25
2023-11-21,1031,130,91,68,44,39,24
2023-11-22,1031,117,77,65,49,40,16
2023-11-23,1031,142,82,65,31,60,34
2023-11-24,1031,106,87,57,33,19,24
2023-11-25,1031,133,79,54,36,54,18
2023-11-26,1031,119,86,81,44,33,37
2023-11-27,1031,110,80,59,47,30,12
2023-11-28,1031,122,84,90,39,38,51
2023-11-29,1031,128,85,92,41,43,51
2023-11-30,1031,144,79,79,34,65,45
2023-12-01,1031,128,93,93,48,35,45
2023-12-02,1031,134,77,80,40,57,40
2023-12-03,1031,104,68,98,36,36,62
2023-12-04,1031,123,75,96,45,48,51
2023-12-05,1031,121,87,83,36,34,47
2023-12-06,1031,103,79,69,34,24,35
2023-12-07,1031,111,80,62,48,31,14
2023-12-08,1031,145,86,87,43,59,44
2023-12-09,1031,140,90,60,38,50,22
2023-12-10,1031,112,73,70,42,39,28
2023-12-11,1031,104,75,58,45,29,13
2023-12-12,1031,145,85,87,50,60,37
2023-12-13,1031,138,82,84,55,56,29
2023-12-14,1031,137,95,68,40,42,28
2023-12-15,1031,120,74,96,57,46,39
2023-12-16,1031,146,90,88,37,56,51
2023-12-17,1031,125,90,88,45,35,43
2023-12-18,1031,120,80,68,42,40,26
2023-12-19,1031,139,107,69,40,32,29
2023-12-20,1031,136,87,54,30,49,24
2023-12-21,1031,150,82,85,34,68,51
2023-12-22,1031,120,84,83,43,36,40
2023-12-23,1031,105,63,88,40,42,48
2023-12-24,1031,149,84,84,43,65,41
2023-12-25,1031,109,72,64,39,37,25
2023-12-26,1031,103,79,96,43,24,53
2023-12-27,1031,147,80,99,22,67,77
2023-12-28,1031,117,61,83,42,56,41
2023-12-29,1031,103,62,76,40,41,36
2023-12-30,1031,130,69,77,40,61,37
2023-12-31,1031,147,78,66,39,69,27
2023-01-01,1032,142,76,50,35,66,15
2023-01-02,1032,102,93,85,30,9,55
2023-01-03,1032,106,102,61,45,4,16
2023-01-04,1032,115,69,81,47,46,34
2023-01-05,1032,147,94,52,43,53,9
2023-01-06,1032,150,88,54,39,62,15
2023-01-07,1032,115,76,88,34,39,54
2023-01-08,1032,123,91,59,49,32,10
2023-01-09,1032,147,85,52,37,62,15
2023-01-10,1032,143,81,52,47,62,5
2023-01-11,1032,120,73,50,36,47,14
2023-01-12,1032,112,81,97,43,31,54
2023-01-13,1032,127,68,53,34,59,19
2023-01-14,1032,127,82,88,37,45,51
2023-01-15,1032,132,71,53,41,61,12
2023-01-16,1032,112,76,97,45,36,52
2023-01-17,1032,129,85,85,32,44,53
2023-01-18,1032,121,66,93,57,55,36
2023-01-19,1032,107,84,61,41,23,20
2023-01-20,1032,130,74,63,34,56,29
2023-01-21,1032,101,91,92,33,10,59
2023-01-22,1032,114,78,77,39,36,38
2023-01-23,1032,113,84,51,46,29,5
2023-01-24,1032,146,50,95,41,96,54
2023-01-25,1032,108,90,63,40,18,23
2023-01-26,1032,115,79,59,35,36,24
2023-01-27,1032,110,95,82,39,15,43
2023-01-28,1032,139,91,88,35,48,53
2023-01-29,1032,128,68,78,54,60,24
2023-01-30,1032,115,95,57,32,20,25
2023-01-31,1032,147,84,82,38,63,44
2023-02-01,1032,117,73,100,47,44,53
2023-02-02,1032,115,77,55,43,38,12
2023-02-03,1032,144,83,68,39,61,29
2023-02-04,1032,130,94,85,31,36,54
2023-02-05,1032,139,81,58,47,58,11
2023-02-06,1032,137,75,51,52,62,-1
2023-02-07,1032,107,85,79,34,22,45
2023-02-08,1032,128,73,91,37,55,54
2023-02-09,1032,102,79,97,48,23,49
2023-02-10,1032,118,80,77,50,38,27
2023-02-11,1032,101,95,68,38,6,30
2023-02-12,1032,118,78,68,45,40,23
2023-02-13,1032,128,86,58,42,42,16
2023-02-14,1032,101,78,81,54,23,27
2023-02-15,1032,133,86,89,45,47,44
2023-02-16,1032,116,77,54,32,39,22
2023-02-17,1032,127,88,79,38,39,41
2023-02-18,1032,131,76,70,41,55,29
2023-02-19,1032,104,67,73,40,37,33
2023-02-20,1032,127,92,56,41,35,15
2023-02-21,1032,101,79,83,37,22,46
2023-02-22,1032,132,67,84,29,65,55
2023-02-23,1032,103,90,73,27,13,46
2023-02-24,1032,134,100,93,40,34,53
2023-02-25,1032,149,79,91,46,70,45
2023-02-26,1032,136,84,67,33,52,34
2023-02-27,1032,146,77,75,40,69,35
2023-02-28,1032,100,68,91,51,32,40
2023-03-01,1032,100,79,58,35,21,23
2023-03-02,1032,149,88,60,42,61,18
2023-03-03,1032,135,68,61,38,67,23
2023-03-04,1032,120,76,79,40,44,39
2023-03-05,1032,140,68,50,40,72,10
2023-03-06,1032,132,83,81,43,49,38
2023-03-07,1032,101,78,71,47,23,24
2023-03-08,1032,140,74,93,32,66,61
2023-03-09,1032,130,76,59,47,54,12
2023-03-10,1032,146,88,59,38,58,21
2023-03-11,1032,132,88,87,35,44,52
2023-03-12,1032,144,72,94,41,72,53
2023-03-13,1032,114,92,58,37,22,21
2023-03-14,1032,113,82,69,35,31,34
2023-03-15,1032,138,95,81,36,43,45
2023-03-16,1032,105,63,55,33,42,22
2023-03-17,1032,115,96,66,26,19,40
2023-03-18,1032,121,75,75,30,46,45
2023-03-19,1032,132,81,75,43,51,32
2023-03-20,1032,142,89,99,43,53,56
2023-03-21,1032,142,74,56,40,68,16
2023-03-22,1032,145,77,71,28,68,43
2023-03-23,1032,132,72,82,50,60,32
2023-03-24,1032,129,94,98,48,35,50
2023-03-25,1032,110,94,65,33,16,32
2023-03-26,1032,114,85,56,40,29,16
2023-03-27,1032,116,76,64,36,40,28
2023-03-28,1032,105,82,62,40,23,22
2023-03-29,1032,101,96,89,45,5,44
2023-03-30,1032,133,90,79,36,43,43
2023-03-31,1032,140,86,52,44,54,8
2023-04-01,1032,106,81,99,37,25,62
2023-04-02,1032,134,67,55,62,67,-7
2023-04-03,1032,124,76,85,45,48,40
2023-04-04,1032,111,85,82,42,26,40
2023-04-05,1032,129,82,68,46,47,22
2023-04-06,1032,143,83,75,30,60,45
2023-04-07,1032,118,76,59,48,42,11
2023-04-08,1032,132,97,79,32,35,47
2023-04-09,1032,137,71,51,45,66,6
2023-04-10,1032,148,88,60,38,60,22
2023-04-11,1032,134,92,68,36,42,32
2023-04-12,1032,142,83,54,39,59,15
2023-04-13,1032,148,89,98,37,59,61
2023-04-14,1032,109,94,59,42,15,17
2023-04-15,1032,103,90,66,35,13,31
2023-04-16,1032,134,74,62,36,60,26
2023-04-17,1032,128,83,60,49,45,11
2023-04-18,1032,111,81,65,50,30,15
2023-04-19,1032,111,90,78,26,21,52
2023-04-20,1032,116,62,95,33,54,62
2023-04-21,1032,144,73,57,26,71,31
2023-04-22,1032,117,79,82,38,38,44
2023-04-23,1032,145,75,90,37,70,53
2023-04-24,1032,141,81,55,34,60,21
2023-04-25,1032,149,93,65,45,56,20
2023-04-26,1032,101,85,59,46,16,13
2023-04-27,1032,145,86,87,42,59,45
2023-04-28,1032,131,70,63,41,61,22
2023-04-29,1032,109,80,82,33,29,49
2023-04-30,1032,122,102,72,32,20,40
2023-05-01,1032,127,98,66,46,29,20
2023-05-02,1032,107,82,82,36,25,46
2023-05-03,1032,111,81,96,46,30,50
2023-05-04,1032,137,69,97,31,68,66
2023-05-05,1032,119,72,88,39,47,49
2023-05-06,1032,121,77,70,49,44,21
2023-05-07,1032,124,73,56,40,51,16
2023-05-08,1032,138,95,100,41,43,59
2023-05-09,1032,115,75,98,32,40,66
2023-05-10,1032,111,68,55,44,43,11
2023-05-11,1032,125,71,69,42,54,27
2023-05-12,1032,148,96,62,43,52,19
2023-05-13,1032,135,76,63,40,59,23
2023-05-14,1032,117,82,56,41,35,15
2023-05-15,1032,118,72,89,41,46,48
2023-05-16,1032,150,81,60,54,69,6
2023-05-17,1032,121,69,96,42,52,54
2023-05-18,1032,140,78,81,44,62,37
2023-05-19,1032,141,90,88,49,51,39
2023-05-20,1032,105,77,73,34,28,39
2023-05-21,1032,144,85,62,37,59,25
2023-05-22,1032,105,71,89,37,34,52
2023-05-23,1032,147,75,51,49,72,2
2023-05-24,1032,147,66,88,46,81,42
2023-05-25,1032,110,69,80,42,41,38
2023-05-26,1032,129,69,69,34,60,35
2023-05-27,1032,128,81,61,50,47,11
2023-05-28,1032,149,72,65,35,77,30
2023-05-29,1032,104,76,51,45,28,6
2023-05-30,1032,143,92,61,32,51,29
2023-05-31,1032,113,94,96,35,19,61
2023-06-01,1032,135,93,75,38,42,37
2023-06-02,1032,147,79,82,42,68,40
2023-06-03,1032,117,75,72,49,42,23
2023-06-04,1032,132,82,55,48,50,7
2023-06-05,1032,121,87,89,50,34,39
2023-06-06,1032,138,91,62,40,47,22
2023-06-07,1032,105,95,74,33,10,41
2023-06-08,1032,136,64,68,48,72,20
2023-06-09,1032,113,93,74,33,20,41
2023-06-10,1032,140,79,58,45,61,13
2023-06-11,1032,132,78,74,39,54,35
2023-06-12,1032,137,100,78,30,37,48
2023-06-13,1032,128,74,55,43,54,12
2023-06-14,1032,100,74,92,32,26,60
2023-06-15,1032,115,90,63,40,25,23
2023-06-16,1032,114,76,88,40,38,48
2023-06-17,1032,134,81,55,33,53,22
2023-06-18,1032,121,76,54,41,45,13
2023-06-19,1032,109,103,89,37,6,52
2023-06-20,1032,112,67,83,44,45,39
2023-06-21,1032,134,74,72,38,60,34
2023-06-22,1032,136,74,84,37,62,47
2023-06-23,1032,131,93,99,44,38,55
2023-06-24,1032,111,84,81,34,27,47
2023-06-25,1032,114,63,61,39,51,22
2023-06-26,1032,133,75,60,45,58,15
2023-06-27,1032,131,81,93,40,50,53
2023-06-28,1032,102,84,100,44,18,56
2023-06-29,1032,129,73,67,32,56,35
2023-06-30,1032,129,78,66,49,51,17
2023-07-01,1032,144,80,55,44,64,11
2023-07-02,1032,136,66,68,39,70,29
2023-07-03,1032,131,98,84,35,33,49
2023-07-04,1032,116,73,100,42,43,58
2023-07-05,1032,130,88,75,33,42,42
2023-07-06,1032,134,77,93,36,57,57
2023-07-07,1032,110,83,64,39,27,25
2023-07-08,1032,122,80,88,37,42,51
2023-07-09,1032,103,85,75,39,18,36
2023-07-10,1032,137,75,53,47,62,6
2023-07-11,1032,142,73,71,38,69,33
2023-07-12,1032,100,79,82,43,21,39
2023-07-13,1032,124,102,98,35,22,63
2023-07-14,1032,150,83,98,41,67,57
2023-07-15,1032,139,91,53,48,48,5
2023-07-16,1032,105,79,54,53,26,1
2023-07-17,1032,140,79,92,39,61,53
2023-07-18,1032,140,83,60,51,57,9
2023-07-19,1032,142,75,60,29,67,31
2023-07-20,1032,112,85,53,33,27,20
2023-07-21,1032,109,83,64,33,26,31
2023-07-22,1032,120,92,92,41,28,51
2023-07-23,1032,122,95,61,41,27,20
2023-07-24,1032,117,89,68,42,28,26
2023-07-25,1032,113,79,79,29,34,50
2023-07-26,1032,109,81,53,46,28,7
2023-07-27,1032,145,70,86,44,75,42
2023-07-28,1032,105,89,94,36,16,58
2023-07-29,1032,101,75,92,51,26,41
2023-07-30,1032,117,84,55,40,33,15
2023-07-31,1032,128,84,98,29,44,69
2023-08-01,1032,129,87,83,37,42,46
2023-08-02,1032,127,85,68,35,42,33
2023-08-03,1032,127,94,67,43,33,24
2023-08-04,1032,148,93,64,43,55,21
2023-08-05,1032,110,76,86,43,34,43
2023-08-06,1032,135,83,83,37,52,46
2023-08-07,1032,147,89,77,45,58,32
2023-08-08,1032,138,79,78,39,59,39
2023-08-09,1032,105,89,87,33,16,54
2023-08-10,1032,122,61,53,45,61,8
2023-08-11,1032,104,79,72,43,25,29
2023-08-12,1032,150,79,84,40,71,44
2023-08-13,1032,110,84,74,37,26,37
2023-08-14,1032,146,87,64,36,59,28
2023-08-15,1032,145,69,55,38,76,17
2023-08-16,1032,142,87,95,38,55,57
2023-08-17,1032,104,80,81,36,24,45
2023-08-18,1032,111,94,67,33,17,34
2023-08-19,1032,117,86,56,41,31,15
2023-08-20,1032,128,82,70,39,46,31
2023-08-21,1032,105,84,80,31,21,49
2023-08-22,1032,144,72,74,36,72,38
2023-08-23,1032,117,79,85,31,38,54
2023-08-24,1032,145,95,63,40,50,23
2023-08-25,1032,140,83,100,40,57,60
2023-08-26,1032,144,108,54,40,36,14
2023-08-27,1032,149,71,70,40,78,30
2023-08-28,1032,145,75,51,39,70,12
2023-08-29,1032,142,79,65,44,63,21
2023-08-30,1032,124,86,63,60,38,3
2023-08-31,1032,124,75,60,36,49,24
2023-09-01,1032,111,69,66,36,42,30
2023-09-02,1032,102,74,98,41,28,57
2023-09-03,1032,136,77,83,57,59,26
2023-09-04,1032,111,73,63,40,38,23
2023-09-05,1032,139,72,62,32,67,30
2023-09-06,1032,126,90,64,47,36,17
2023-09-07,1032,140,83,82,37,57,45
2023-09-08,1032,115,83,81,32,32,49
2023-09-09,1032,139,104,56,49,35,7
2023-09-10,1032,130,91,55,46,39,9
2023-09-11,1032,114,77,50,41,37,9
2023-09-12,1032,147,84,83,39,63,44
2023-09-13,1032,117,78,95,44,39,51
2023-09-14,1032,127,87,90,31,40,59
2023-09-15,1032,131,80,67,39,51,28
2023-09-16,1032,139,83,86,37,56,49
2023-09-17,1032,136,84,86,35,52,51
2023-09-18,1032,105,71,92,34,34,58
2023-09-19,1032,107,66,62,30,41,32
2023-09-20,1032,138,94,91,52,44,39
2023-09-21,1032,149,70,50,36,79,14
2023-09-22,1032,118,74,72,32,44,40
2023-09-23,1032,132,74,81,38,58,43
2023-09-24,1032,115,81,72,36,34,36
2023-09-25,1032,124,66,87,31,58,56
2023-09-26,1032,121,83,78,32,38,46
2023-09-27,1032,137,76,68,37,61,31
2023-09-28,1032,146,83,68,42,63,26
2023-09-29,1032,104,83,83,39,21,44
2023-09-30,1032,135,77,85,39,58,46
2023-10-01,1032,117,93,93,42,24,51
2023-10-02,1032,138,82,53,35,56,18
2023-10-03,1032,144,78,52,41,66,11
2023-10-04,1032,115,85,56,51,30,5
2023-10-05,1032,128,84,59,41,44,18
2023-10-06,1032,130,80,70,44,50,26
2023-10-07,1032,136,79,69,38,57,31
2023-10-08,1032,100,84,94,41,16,53
2023-10-09,1032,147,88,84,27,59,57
2023-10-10,1032,123,86,72,40,37,32
2023-10-11,1032,119,72,94,32,47,62
2023-10-12,1032,138,69,62,41,69,21
2023-10-13,1032,137,78,61,38,59,23
2023-10-14,1032,115,74,55,30,41,25
2023-10-15,1032,121,84,57,38,37,19
2023-10-16,1032,101,78,69,44,23,25
2023-10-17,1032,122,80,75,36,42,39
2023-10-18,1032,103,58,80,39,45,41
2023-10-19,1032,142,77,65,48,65,17
2023-10-20,1032,144,78,87,39,66,48
2023-10-21,1032,129,94,55,47,35,8
2023-10-22,1032,108,82,58,48,26,10
2023-10-23,1032,104,94,64,33,10,31
2023-10-24,1032,120,93,77,29,27,48
2023-10-25,1032,101,75,82,37,26,45
2023-10-26,1032,147,80,70,44,67,26
2023-10-27,1032,115,88,86,33,27,53
2023-10-28,1032,139,94,69,33,45,36
2023-10-29,1032,121,95,94,46,26,48
2023-10-30,1032,105,82,88,39,23,49
2023-10-31,1032,123,78,82,25,45,57
2023-11-01,1032,132,98,84,40,34,44
2023-11-02,1032,116,75,69,35,41,34
2023-11-03,1032,150,90,60,40,60,20
2023-11-04,1032,106,91,52,48,15,4
2023-11-05,1032,130,87,79,41,43,38
2023-11-06,1032,123,62,78,44,61,34
2023-11-07,1032,132,78,66,44,54,22
2023-11-08,1032,143,67,50,43,76,7
2023-11-09,1032,129,101,82,41,28,41
2023-11-10,1032,130,82,100,38,48,62
2023-11-11,1032,120,100,88,39,20,49
2023-11-12,1032,131,96,55,48,35,7
2023-11-13,1032,114,84,51,40,30,11
2023-11-14,1032,101,81,61,35,20,26
2023-11-15,1032,118,77,86,30,41,56
2023-11-16,1032,104,73,64,37,31,27
2023-11-17,1032,143,87,89,40,56,49
2023-11-18,1032,130,90,96,31,40,65
2023-11-19,1032,127,86,100,34,41,66
2023-11-20,1032,134,73,91,47,61,44
2023-11-21,1032,150,82,52,38,68,14
2023-11-22,1032,133,88,100,44,45,56
2023-11-23,1032,129,93,64,35,36,29
2023-11-24,1032,108,79,67,44,29,23
2023-11-25,1032,150,73,55,37,77,18
2023-11-26,1032,150,80,54,34,70,20
2023-11-27,1032,108,75,64,47,33,17
2023-11-28,1032,113,87,89,20,26,69
2023-11-29,1032,108,104,57,46,4,11
2023-11-30,1032,108,79,100,40,29,60
2023-12-01,1032,144,69,65,42,75,23
2023-12-02,1032,125,82,65,41,43,24
2023-12-03,1032,126,85,72,47,41,25
2023-12-04,1032,136,89,84,42,47,42
2023-12-05,1032,127,81,91,42,46,49
2023-12-06,1032,150,79,75,37,71,38
2023-12-07,1032,103,73,80,48,30,32
2023-12-08,1032,103,96,99,32,7,67
2023-12-09,1032,121,95,79,36,26,43
2023-12-10,1032,106,90,59,38,16,21
2023-12-11,1032,112,75,52,40,37,12
2023-12-12,1032,121,81,87,28,40,59
2023-12-13,1032,109,82,69,32,27,37
2023-12-14,1032,105,67,96,31,38,65
2023-12-15,1032,107,100,60,33,7,27
2023-12-16,1032,136,92,64,39,44,25
2023-12-17,1032,123,85,69,51,38,18
2023-12-18,1032,137,79,60,50,58,10
2023-12-19,1032,128,86,95,46,42,49
2023-12-20,1032,150,86,69,55,64,14
2023-12-21,1032,137,88,82,45,49,37
2023-12-22,1032,102,85,53,38,17,15
2023-12-23,1032,116,73,100,41,43,59
2023-12-24,1032,144,84,60,45,60,15
2023-12-25,1032,123,80,89,36,43,53
2023-12-26,1032,125,73,66,38,52,28
2023-12-27,1032,143,56,74,46,87,28
2023-12-28,1032,106,74,92,37,32,55
2023-12-29,1032,125,101,88,43,24,45
2023-12-30,1032,144,75,85,38,69,47
2023-12-31,1032,145,78,80,40,67,40
2023-01-01,1033,145,78,85,48,67,37
2023-01-02,1033,140,69,99,32,71,67
2023-01-03,1033,138,66,73,43,72,30
2023-01-04,1033,145,69,51,31,76,20
2023-01-05,1033,131,94,80,38,37,42
2023-01-06,1033,139,69,57,36,70,21
2023-01-07,1033,106,64,69,34,42,35
2023-01-08,1033,124,79,69,40,45,29
2023-01-09,1033,137,66,90,48,71,42
2023-01-10,1033,126,80,78,41,46,37
2023-01-11,1033,131,78,63,46,53,17
2023-01-12,1033,125,73,79,47,52,32
2023-01-13,1033,102,83,89,31,19,58
2023-01-14,1033,150,74,60,47,76,13
2023-01-15,1033,150,97,57,28,53,29
2023-01-16,1033,113,87,68,33,26,35
2023-01-17,1033,126,80,75,38,46,37
2023-01-18,1033,125,66,51,47,59,4
2023-01-19,1033,142,82,73,46,60,27
2023-01-20,1033,131,82,54,45,49,9
2023-01-21,1033,140,77,75,26,63,49
2023-01-22,1033,145,83,99,36,62,63
2023-01-23,1033,103,83,50,38,20,12
2023-01-24,1033,124,80,78,46,44,32
2023-01-25,1033,109,76,87,40,33,47
2023-01-26,1033,112,90,50,39,22,11
2023-01-27,1033,147,71,77,47,76,30
2023-01-28,1033,146,88,82,35,58,47
2023-01-29,1033,104,89,73,42,15,31
2023-01-30,1033,148,72,71,56,76,15
2023-01-31,1033,104,72,82,50,32,32
2023-02-01,1033,111,83,98,34,28,64
2023-02-02,1033,150,78,52,47,72,5
2023-02-03,1033,137,64,50,37,73,13
2023-02-04,1033,143,88,87,45,55,42
2023-02-05,1033,129,89,81,42,40,39
2023-02-06,1033,143,77,80,45,66,35
2023-02-07,1033,130,81,83,35,49,48
2023-02-08,1033,150,77,95,37,73,58
2023-02-09,1033,149,72,52,44,77,8
2023-02-10,1033,138,71,90,44,67,46
2023-02-11,1033,149,83,54,42,66,12
2023-02-12,1033,140,72,73,42,68,31
2023-02-13,1033,113,82,69,29,31,40
2023-02-14,1033,143,77,52,41,66,11
2023-02-15,1033,103,72,64,39,31,25
2023-02-16,1033,102,77,64,41,25,23
2023-02-17,1033,111,77,60,44,34,16
2023-02-18,1033,136,81,72,34,55,38
2023-02-19,1033,137,88,90,56,49,34
2023-02-20,1033,112,75,80,40,37,40
2023-02-21,1033,119,78,53,34,41,19
2023-02-22,1033,129,76,51,50,53,1
2023-02-23,1033,115,74,79,34,41,45
2023-02-24,1033,142,77,69,39,65,30
2023-02-25,1033,148,70,84,38,78,46
2023-02-26,1033,135,84,85,36,51,49
2023-02-27,1033,119,83,59,33,36,26
2023-02-28,1033,135,78,80,42,57,38
2023-03-01,1033,130,70,71,38,60,33
2023-03-02,1033,147,88,73,34,59,39
2023-03-03,1033,128,90,56,41,38,15
2023-03-04,1033,125,93,76,49,32,27
2023-03-05,1033,102,84,66,39,18,27
2023-03-06,1033,105,77,52,41,28,11
2023-03-07,1033,131,88,93,38,43,55
2023-03-08,1033,108,86,78,34,22,44
2023-03-09,1033,112,79,73,52,33,21
2023-03-10,1033,132,71,80,44,61,36
2023-03-11,1033,136,88,52,40,48,12
2023-03-12,1033,147,78,50,39,69,11
2023-03-13,1033,137,85,59,31,52,28
2023-03-14,1033,122,72,99,45,50,54
2023-03-15,1033,141,79,80,39,62,41
2023-03-16,1033,144,79,75,42,65,33
2023-03-17,1033,131,76,95,34,55,61
2023-03-18,1033,132,72,66,41,60,25
2023-03-19,1033,132,75,97,45,57,52
2023-03-20,1033,136,76,86,42,60,44
2023-03-21,1033,137,90,89,47,47,42
2023-03-22,1033,106,76,71,39,30,32
2023-03-23,1033,106,84,68,30,22,38
2023-03-24,1033,118,88,78,39,30,39
2023-03-25,1033,107,72,53,26,35,27
2023-03-26,1033,118,66,81,35,52,46
2023-03-27,1033,101,81,51,45,20,6
2023-03-28,1033,114,83,59,37,31,22
2023-03-29,1033,109,90,80,41,19,39
2023-03-30,1033,122,94,52,32,28,20
2023-03-31,1033,126,69,52,44,57,8
2023-04-01,1033,149,76,85,49,73,36
2023-04-02,1033,103,66,64,40,37,24
2023-04-03,1033,139,94,81,39,45,42
2023-04-04,1033,110,81,93,45,29,48
2023-04-05,1033,147,80,93,38,67,55
2023-04-06,1033,107,80,83,39,27,44
2023-04-07,1033,132,75,67,42,57,25
2023-04-08,1033,120,84,83,26,36,57
2023-04-09,1033,101,90,62,38,11,24
2023-04-10,1033,129,88,87,38,41,49
2023-04-11,1033,115,82,96,29,33,67
2023-04-12,1033,129,68,74,41,61,33
2023-04-13,1033,103,66,82,34,37,48
2023-04-14,1033,140,81,56,47,59,9
2023-04-15,1033,129,82,98,45,47,53
2023-04-16,1033,105,65,83,46,40,37
2023-04-17,1033,126,65,66,35,61,31
2023-04-18,1033,129,70,89,32,59,57
2023-04-19,1033,110,60,94,50,50,44
2023-04-20,1033,110,81,65,41,29,24
2023-04-21,1033,150,77,50,45,73,5
2023-04-22,1033,111,81,59,28,30,31
2023-04-23,1033,104,95,57,34,9,23
2023-04-24,1033,102,64,54,35,38,19
2023-04-25,1033,129,92,69,47,37,22
2023-04-26,1033,138,81,90,37,57,53
2023-04-27,1033,121,70,67,35,51,32
2023-04-28,1033,119,93,70,39,26,31
2023-04-29,1033,136,75,73,55,61,18
2023-04-30,1033,110,92,67,45,18,22
2023-05-01,1033,133,78,61,42,55,19
2023-05-02,1033,149,94,61,38,55,23
2023-05-03,1033,121,81,73,48,40,25
2023-05-04,1033,132,86,67,37,46,30
2023-05-05,1033,118,64,61,48,54,13
2023-05-06,1033,142,95,62,50,47,12
2023-05-07,1033,115,55,77,28,60,49
2023-05-08,1033,100,81,82,37,19,45
2023-05-09,1033,114,75,89,48,39,41
2023-05-10,1033,124,75,54,26,49,28
2023-05-11,1033,107,84,95,41,23,54
2023-05-12,1033,142,68,85,30,74,55
2023-05-13,1033,119,76,64,43,43,21
2023-05-14,1033,136,82,78,40,54,38
2023-05-15,1033,112,88,55,45,24,10
2023-05-16,1033,133,72,52,49,61,3
2023-05-17,1033,109,89,98,36,20,62
2023-05-18,1033,150,64,82,33,86,49
2023-05-19,1033,121,88,81,37,33,44
2023-05-20,1033,133,81,89,44,52,45
2023-05-21,1033,147,80,77,40,67,37
2023-05-22,1033,123,96,71,45,27,26
2023-05-23,1033,119,79,80,45,40,35
2023-05-24,1033,114,66,52,42,48,10
2023-05-25,1033,146,80,53,47,66,6
2023-05-26,1033,138,85,94,34,53,60
2023-05-27,1033,143,80,84,50,63,34
2023-05-28,1033,129,72,60,32,57,28
2023-05-29,1033,127,74,99,37,53,62
2023-05-30,1033,125,96,60,49,29,11
2023-05-31,1033,134,81,70,42,53,28
2023-06-01,1033,148,75,86,53,73,33
2023-06-02,1033,123,71,97,27,52,70
2023-06-03,1033,105,72,52,42,33,10
2023-06-04,1033,118,88,92,45,30,47
2023-06-05,1033,145,82,73,32,63,41
2023-06-06,1033,102,87,100,39,15,61
2023-06-07,1033,102,95,57,41,7,16
2023-06-08,1033,136,75,94,37,61,57
2023-06-09,1033,112,96,84,33,16,51
2023-06-10,1033,130,84,71,47,46,24
2023-06-11,1033,109,76,54,39,33,15
2023-06-12,1033,137,77,72,38,60,34
2023-06-13,1033,142,80,100,46,62,54
2023-06-14,1033,139,90,74,51,49,23
2023-06-15,1033,116,78,97,31,38,66
2023-06-16,1033,117,87,80,43,30,37
2023-06-17,1033,148,79,93,35,69,58
2023-06-18,1033,120,83,65,44,37,21
2023-06-19,1033,115,82,65,32,33,33
2023-06-20,1033,105,60,72,34,45,38
2023-06-21,1033,141,85,98,41,56,57
2023-06-22,1033,140,87,56,44,53,12
2023-06-23,1033,125,90,53,33,35,20
2023-06-24,1033,108,79,82,44,29,38
2023-06-25,1033,116,86,61,38,30,23
2023-06-26,1033,141,99,75,25,42,50
2023-06-27,1033,141,74,69,39,67,30
2023-06-28,1033,117,80,98,39,37,59
2023-06-29,1033,142,87,86,42,55,44
2023-06-30,1033,127,86,52,39,41,13
2023-07-01,1033,144,60,93,41,84,52
2023-07-02,1033,110,71,84,47,39,37
2023-07-03,1033,100,81,61,46,19,15
2023-07-04,1033,103,84,79,35,19,44
2023-07-05,1033,111,68,69,49,43,20
2023-07-06,1033,126,66,51,38,60,13
2023-07-07,1033,129,75,64,39,54,25
2023-07-08,1033,118,96,70,37,22,33
2023-07-09,1033,116,80,88,41,36,47
2023-07-10,1033,119,81,52,42,38,10
2023-07-11,1033,132,77,50,33,55,17
2023-07-12,1033,138,73,96,37,65,59
2023-07-13,1033,125,78,89,41,47,48
2023-07-14,1033,121,67,94,40,54,54
2023-07-15,1033,109,91,70,42,18,28
2023-07-16,1033,138,76,52,40,62,12
2023-07-17,1033,134,72,97,39,62,58
2023-07-18,1033,126,60,90,56,66,34
2023-07-19,1033,133,71,60,39,62,21
2023-07-20,1033,146,84,88,35,62,53
2023-07-21,1033,147,77,71,33,70,38
2023-07-22,1033,138,69,72,31,69,41
2023-07-23,1033,125,86,67,34,39,33
2023-07-24,1033,127,92,78,36,35,42
2023-07-25,1033,115,69,78,41,46,37
2023-07-26,1033,120,77,91,31,43,60
2023-07-27,1033,128,85,80,41,43,39
2023-07-28,1033,107,106,80,44,1,36
2023-07-29,1033,129,79,59,42,50,17
2023-07-30,1033,143,80,70,50,63,20
2023-07-31,1033,131,86,95,35,45,60
2023-08-01,1033,104,78,59,40,26,19
2023-08-02,1033,119,70,91,45,49,46
2023-08-03,1033,132,87,52,38,45,14
2023-08-04,1033,143,77,76,34,66,42
2023-08-05,1033,131,81,80,44,50,36
2023-08-06,1033,122,84,89,34,38,55
2023-08-07,1033,101,88,91,57,13,34
2023-08-08,1033,114,75,62,47,39,15
2023-08-09,1033,120,83,94,34,37,60
2023-08-10,1033,113,72,89,38,41,51
2023-08-11,1033,147,58,77,29,89,48
2023-08-12,1033,118,84,67,42,34,25
2023-08-13,1033,121,87,54,43,34,11
2023-08-14,1033,141,90,50,39,51,11
2023-08-15,1033,136,87,81,43,49,38
2023-08-16,1033,145,67,57,39,78,18
2023-08-17,1033,114,94,85,31,20,54
2023-08-18,1033,135,66,63,36,69,27
2023-08-19,1033,123,80,69,38,43,31
2023-08-20,1033,119,81,97,40,38,57
2023-08-21,1033,150,88,78,36,62,42
2023-08-22,1033,120,90,94,43,30,51
2023-08-23,1033,134,74,91,33,60,58
2023-08-24,1033,115,79,54,38,36,16
2023-08-25,1033,122,74,80,36,48,44
2023-08-26,1033,102,86,95,32,16,63
2023-08-27,1033,125,82,69,39,43,30
2023-08-28,1033,148,86,81,40,62,41
2023-08-29,1033,110,92,82,38,18,44
2023-08-30,1033,129,70,94,47,59,47
2023-08-31,1033,137,66,61,49,71,12
2023-09-01,1033,128,89,95,40,39,55
2023-09-02,1033,132,76,55,39,56,16
2023-09-03,1033,108,83,83,39,25,44
2023-09-04,1033,104,76,86,33,28,53
2023-09-05,1033,145,88,78,37,57,41
2023-09-06,1033,136,81,72,51,55,21
2023-09-07,1033,116,88,66,36,28,30
2023-09-08,1033,141,77,97,41,64,56
2023-09-09,1033,107,85,77,27,22,50
2023-09-10,1033,114,75,85,40,39,45
2023-09-11,1033,131,69,82,39,62,43
2023-09-12,1033,146,101,100,51,45,49
2023-09-13,1033,101,74,94,32,27,62
2023-09-14,1033,120,74,70,43,46,27
2023-09-15,1033,117,93,65,33,24,32
2023-09-16,1033,109,82,93,27,27,66
2023-09-17,1033,105,73,83,39,32,44
2023-09-18,1033,119,67,96,35,52,61
2023-09-19,1033,122,68,66,43,54,23
2023-09-20,1033,148,71,96,36,77,60
2023-09-21,1033,132,75,60,47,57,13
2023-09-22,1033,150,97,85,40,53,45
2023-09-23,1033,135,78,67,37,57,30
2023-09-24,1033,137,69,52,48,68,4
2023-09-25,1033,146,74,95,41,72,54
2023-09-26,1033,136,68,96,35,68,61
2023-09-27,1033,149,92,55,48,57,7
2023-09-28,1033,139,61,90,53,78,37
2023-09-29,1033,146,85,57,43,61,14
2023-09-30,1033,106,71,51,41,35,10
2023-10-01,1033,120,84,56,40,36,16
2023-10-02,1033,148,88,96,46,60,50
2023-10-03,1033,117,81,69,37,36,32
2023-10-04,1033,126,65,75,45,61,30
2023-10-05,1033,122,92,72,43,30,29
2023-10-06,1033,134,104,75,36,30,39
2023-10-07,1033,128,92,53,28,36,25
2023-10-08,1033,125,85,85,49,40,36
2023-10-09,1033,129,78,93,35,51,58
2023-10-10,1033,109,64,64,43,45,21
2023-10-11,1033,109,81,100,40,28,60
2023-10-12,1033,146,92,56,45,54,11
2023-10-13,1033,139,81,69,35,58,34
2023-10-14,1033,110,78,90,36,32,54
2023-10-15,1033,119,85,100,34,34,66
2023-10-16,1033,137,74,88,43,63,45
2023-10-17,1033,107,73,67,37,34,30
2023-10-18,1033,122,81,50,42,41,8
2023-10-19,1033,133,75,75,42,58,33
2023-10-20,1033,128,81,73,40,47,33
2023-10-21,1033,127,74,81,26,53,55
2023-10-22,1033,144,74,52,44,70,8
2023-10-23,1033,140,70,75,43,70,32
2023-10-24,1033,126,91,69,35,35,34
2023-10-25,1033,114,76,67,48,38,19
2023-10-26,1033,127,89,70,40,38,30
2023-10-27,1033,112,68,57,35,44,22
2023-10-28,1033,147,70,59,51,77,8
2023-10-29,1033,145,89,51,37,56,14
2023-10-30,1033,131,82,72,43,49,29
2023-10-31,1033,139,73,100,52,66,48
2023-11-01,1033,131,78,53,55,53,-2
2023-11-02,1033,124,80,94,41,44,53
2023-11-03,1033,126,81,68,43,45,25
2023-11-04,1033,102,77,63,37,25,26
2023-11-05,1033,122,83,84,36,39,48
2023-11-06,1033,125,84,86,41,41,45
2023-11-07,1033,101,81,68,32,20,36
2023-11-08,1033,137,73,69,44,64,25
2023-11-09,1033,139,80,67,45,59,22
2023-11-10,1033,134,81,73,39,53,34
2023-11-11,1033,138,101,78,49,37,29
2023-11-12,1033,114,99,100,52,15,48
2023-11-13,1033,120,79,85,37,41,48
2023-11-14,1033,125,86,89,30,39,59
2023-11-15,1033,109,70,61,33,39,28
2023-11-16,1033,131,86,75,39,45,36
2023-11-17,1033,150,77,81,33,73,48
2023-11-18,1033,101,82,73,39,19,34
2023-11-19,1033,116,85,70,43,31,27
2023-11-20,1033,114,88,76,51,26,25
2023-11-21,1033,143,79,54,49,64,5
2023-11-22,1033,145,90,81,40,55,41
2023-11-23,1033,109,76,58,42,33,16
2023-11-24,1033,125,79,67,32,46,35
2023-11-25,1033,129,90,64,52,39,12
2023-11-26,1033,132,80,72,28,52,44
2023-11-27,1033,107,86,55,47,21,8
2023-11-28,1033,111,78,68,43,33,25
2023-11-29,1033,114,74,78,42,40,36
2023-11-30,1033,138,70,85,39,68,46
2023-12-01,1033,104,84,67,43,20,24
2023-12-02,1033,133,68,62,47,65,15
2023-12-03,1033,112,89,85,41,23,44
2023-12-04,1033,131,92,56,32,39,24
2023-12-05,1033,138,90,51,39,48,12
2023-12-06,1033,109,78,80,34,31,46
2023-12-07,1033,147,70,99,42,77,57
2023-12-08,1033,126,87,50,46,39,4
2023-12-09,1033,107,74,80,36,33,44
2023-12-10,1033,100,79,57,51,21,6
2023-12-11,1033,128,82,78,38,46,40
2023-12-12,1033,126,96,70,38,30,32
2023-12-13,1033,104,73,79,47,31,32
2023-12-14,1033,143,87,93,52,56,41
2023-12-15,1033,102,78,76,38,24,38
2023-12-16,1033,116,98,98,47,18,51
2023-12-17,1033,137,79,50,38,58,12
2023-12-18,1033,106,79,91,38,27,53
2023-12-19,1033,140,72,58,48,68,10
2023-12-20,1033,133,84,85,40,49,45
2023-12-21,1033,104,97,50,37,7,13
2023-12-22,1033,103,96,56,42,7,14
2023-12-23,1033,127,83,80,35,44,45
2023-12-24,1033,127,87,91,42,40,49
2023-12-25,1033,150,70,64,39,80,25
2023-12-26,1033,123,83,56,45,40,11
2023-12-27,1033,106,94,98,33,12,65
2023-12-28,1033,104,81,94,38,23,56
2023-12-29,1033,130,69,94,43,61,51
2023-12-30,1033,131,81,99,41,50,58
2023-12-31,1033,118,84,68,37,34,31
2023-01-01,1034,136,94,82,29,42,53
2023-01-02,1034,149,82,74,34,67,40
2023-01-03,1034,130,71,100,36,59,64
2023-01-04,1034,131,71,57,50,60,7
2023-01-05,1034,107,86,57,49,21,8
2023-01-06,1034,105,79,71,49,26,22
2023-01-07,1034,135,74,73,46,61,27
2023-01-08,1034,137,77,60,41,60,19
2023-01-09,1034,127,93,76,34,34,42
2023-01-10,1034,146,94,89,38,52,51
2023-01-11,1034,117,80,76,40,37,36
2023-01-12,1034,123,74,60,43,49,17
2023-01-13,1034,135,92,52,41,43,11
2023-01-14,1034,130,87,56,39,43,17
2023-01-15,1034,146,80,87,49,66,38
2023-01-16,1034,141,79,61,47,62,14
2023-01-17,1034,102,72,61,32,30,29
2023-01-18,1034,145,73,68,52,72,16
2023-01-19,1034,124,76,98,38,48,60
2023-01-20,1034,126,97,74,40,29,34
2023-01-21,1034,132,92,97,43,40,54
2023-01-22,1034,117,92,87,44,25,43
2023-01-23,1034,125,74,98,35,51,63
2023-01-24,1034,119,75,52,48,44,4
2023-01-25,1034,108,80,96,39,28,57
2023-01-26,1034,147,85,79,36,62,43
2023-01-27,1034,125,94,52,39,31,13
2023-01-28,1034,150,77,53,30,73,23
2023-01-29,1034,104,65,77,47,39,30
2023-01-30,1034,121,85,90,35,36,55
2023-01-31,1034,131,77,80,41,54,39
2023-02-01,1034,111,71,62,30,40,32
2023-02-02,1034,133,75,59,45,58,14
2023-02-03,1034,145,81,70,39,64,31
2023-02-04,1034,123,69,96,44,54,52
2023-02-05,1034,105,88,69,38,17,31
2023-02-06,1034,121,76,73,41,45,32
2023-02-07,1034,128,78,81,43,50,38
2023-02-08,1034,114,74,59,40,40,19
2023-02-09,1034,116,79,55,47,37,8
2023-02-10,1034,105,75,88,42,30,46
2023-02-11,1034,145,80,88,39,65,49
2023-02-12,1034,115,72,98,38,43,60
2023-02-13,1034,147,82,74,42,65,32
2023-02-14,1034,138,75,99,44,63,55
2023-02-15,1034,138,86,98,47,52,51
2023-02-16,1034,108,78,63,36,30,27
2023-02-17,1034,130,66,99,38,64,61
2023-02-18,1034,137,64,84,37,73,47
2023-02-19,1034,137,87,77,39,50,38
2023-02-20,1034,144,83,53,41,61,12
2023-02-21,1034,116,70,98,42,46,56
2023-02-22,1034,116,77,74,52,39,22
2023-02-23,1034,104,84,82,33,20,49
2023-02-24,1034,143,73,90,44,70,46
2023-02-25,1034,134,72,58,45,62,13
2023-02-26,1034,102,76,99,42,26,57
2023-02-27,1034,123,75,78,25,48,53
2023-02-28,1034,111,69,95,32,42,63
2023-03-01,1034,108,85,92,44,23,48
2023-03-02,1034,138,82,55,37,56,18
2023-03-03,1034,102,81,99,44,21,55
2023-03-04,1034,129,74,58,48,55,10
2023-03-05,1034,149,81,97,38,68,59
2023-03-06,1034,134,66,98,37,68,61
2023-03-07,1034,144,95,89,47,49,42
2023-03-08,1034,134,75,76,44,59,32
2023-03-09,1034,125,89,90,36,36,54
2023-03-10,1034,110,84,97,49,26,48
2023-03-11,1034,143,68,65,54,75,11
2023-03-12,1034,150,80,65,36,70,29
2023-03-13,1034,140,77,51,45,63,6
2023-03-14,1034,135,70,97,40,65,57
2023-03-15,1034,138,73,85,36,65,49
2023-03-16,1034,126,96,57,42,30,15
2023-03-17,1034,150,84,53,35,66,18
2023-03-18,1034,123,74,80,41,49,39
2023-03-19,1034,147,78,99,37,69,62
2023-03-20,1034,117,81,85,48,36,37
2023-03-21,1034,138,89,84,42,49,42
2023-03-22,1034,147,61,100,49,86,51
2023-03-23,1034,135,71,56,37,64,19
2023-03-24,1034,126,71,94,40,55,54
2023-03-25,1034,124,93,96,29,31,67
2023-03-26,1034,124,91,54,45,33,9
2023-03-27,1034,109,67,80,39,42,41
2023-03-28,1034,142,79,95,43,63,52
2023-03-29,1034,118,78,100,39,40,61
2023-03-30,1034,136,76,92,36,60,56
2023-03-31,1034,126,78,54,38,48,16
2023-04-01,1034,146,85,59,35,61,24
2023-04-02,1034,140,81,91,40,59,51
2023-04-03,1034,111,74,98,42,37,56
2023-04-04,1034,150,111,97,43,39,54
2023-04-05,1034,130,85,57,35,45,22
2023-04-06,1034,127,69,65,35,58,30
2023-04-07,1034,128,87,80,50,41,30
2023-04-08,1034,122,61,99,32,61,67
2023-04-09,1034,130,75,52,33,55,19
2023-04-10,1034,114,75,58,52,39,6
2023-04-11,1034,115,81,83,40,34,43
2023-04-12,1034,118,70,74,34,48,40
2023-04-13,1034,130,88,52,34,42,18
2023-04-14,1034,118,73,74,35,45,39
2023-04-15,1034,122,91,61,45,31,16
2023-04-16,1034,129,81,87,40,48,47
2023-04-17,1034,100,65,74,46,35,28
2023-04-18,1034,143,77,91,36,66,55
2023-04-19,1034,138,70,52,37,68,15
2023-04-20,1034,119,72,67,46,47,21
2023-04-21,1034,121,88,94,32,33,62
2023-04-22,1034,130,83,98,54,47,44
2023-04-23,1034,131,84,57,28,47,29
2023-04-24,1034,121,79,84,43,42,41
2023-04-25,1034,118,83,97,29,35,68
2023-04-26,1034,103,76,76,45,27,31
2023-04-27,1034,137,79,62,50,58,12
2023-04-28,1034,119,101,54,52,18,2
2023-04-29,1034,148,74,65,40,74,25
2023-04-30,1034,122,87,58,53,35,5
2023-05-01,1034,134,85,91,53,49,38
2023-05-02,1034,136,83,52,31,53,21
2023-05-03,1034,107,79,77,34,28,43
2023-05-04,1034,105,86,84,33,19,51
2023-05-05,1034,126,82,60,36,44,24
2023-05-06,1034,122,78,84,43,44,41
2023-05-07,1034,100,69,67,35,31,32
2023-05-08,1034,148,70,83,34,78,49
2023-05-09,1034,147,91,99,46,56,53
2023-05-10,1034,140,73,50,39,67,11
2023-05-11,1034,146,92,74,38,54,36
2023-05-12,1034,126,86,51,31,40,20
2023-05-13,1034,120,70,76,46,50,30
2023-05-14,1034,126,97,77,43,29,34
2023-05-15,1034,143,81,71,50,62,21
2023-05-16,1034,128,82,54,46,46,8
2023-05-17,1034,114,64,70,36,50,34
2023-05-18,1034,148,79,86,43,69,43
2023-05-19,1034,110,73,54,34,37,20
2023-05-20,1034,138,87,81,44,51,37
2023-05-21,1034,141,79,92,43,62,49
2023-05-22,1034,116,78,53,35,38,18
2023-05-23,1034,125,74,64,41,51,23
2023-05-24,1034,141,81,63,44,60,19
2023-05-25,1034,138,82,53,43,56,10
2023-05-26,1034,108,75,60,38,33,22
2023-05-27,1034,148,92,50,62,56,-12
2023-05-28,1034,120,93,57,41,27,16
2023-05-29,1034,112,73,99,36,39,63
2023-05-30,1034,116,68,89,31,48,58
2023-05-31,1034,112,99,68,31,13,37
2023-06-01,1034,140,88,89,31,52,58
2023-06-02,1034,101,89,63,43,12,20
2023-06-03,1034,107,77,84,44,30,40
2023-06-04,1034,125,69,68,39,56,29
2023-06-05,1034,105,80,61,49,25,12
2023-06-06,1034,109,74,96,49,35,47
2023-06-07,1034,139,57,63,44,82,19
2023-06-08,1034,148,70,89,32,78,57
2023-06-09,1034,120,90,100,34,30,66
2023-06-10,1034,115,76,59,52,39,7
2023-06-11,1034,110,91,81,39,19,42
2023-06-12,1034,115,76,84,46,39,38
2023-06-13,1034,148,93,92,29,55,63
2023-06-14,1034,121,96,78,44,25,34
2023-06-15,1034,103,55,66,40,48,26
2023-06-16,1034,141,77,55,39,64,16
2023-06-17,1034,122,86,94,42,36,52
2023-06-18,1034,110,82,59,45,28,14
2023-06-19,1034,112,83,75,41,29,34
2023-06-20,1034,131,89,64,41,42,23
2023-06-21,1034,120,72,86,48,48,38
2023-06-22,1034,116,84,67,46,32,21
2023-06-23,1034,136,77,87,37,59,50
2023-06-24,1034,143,75,64,42,68,22
2023-06-25,1034,143,91,52,36,52,16
2023-06-26,1034,123,73,93,32,50,61
2023-06-27,1034,145,81,64,48,64,16
2023-06-28,1034,148,76,93,51,72,42
2023-06-29,1034,144,93,86,35,51,51
2023-06-30,1034,100,78,82,36,22,46
2023-07-01,1034,147,73,62,35,74,27
2023-07-02,1034,100,78,91,44,22,47
2023-07-03,1034,147,62,61,44,85,17
2023-07-04,1034,124,83,88,37,41,51
2023-07-05,1034,139,81,95,50,58,45
2023-07-06,1034,126,74,75,35,52,40
2023-07-07,1034,147,78,92,40,69,52
2023-07-08,1034,142,78,81,37,64,44
2023-07-09,1034,109,86,77,27,23,50
2023-07-10,1034,138,90,60,31,48,29
2023-07-11,1034,138,79,94,36,59,58
2023-07-12,1034,137,87,74,37,50,37
2023-07-13,1034,142,88,63,33,54,30
2023-07-14,1034,146,90,51,42,56,9
2023-07-15,1034,138,86,63,46,52,17
2023-07-16,1034,111,91,52,35,20,17
2023-07-17,1034,121,73,71,36,48,35
2023-07-18,1034,102,71,87,44,31,43
2023-07-19,1034,121,77,66,49,44,17
2023-07-20,1034,125,87,66,44,38,22
2023-07-21,1034,150,84,97,35,66,62
2023-07-22,1034,123,92,68,43,31,25
2023-07-23,1034,111,83,94,42,28,52
2023-07-24,1034,113,67,93,40,46,53
2023-07-25,1034,126,65,93,33,61,60
2023-07-26,1034,129,81,98,34,48,64
2023-07-27,1034,103,63,72,40,40,32
2023-07-28,1034,102,87,94,44,15,50
2023-07-29,1034,108,78,98,34,30,64
2023-07-30,1034,113,70,98,38,43,60
2023-07-31,1034,106,75,91,47,31,44
2023-08-01,1034,108,69,51,55,39,-4
2023-08-02,1034,150,85,75,34,65,41
2023-08-03,1034,145,74,99,50,71,49
2023-08-04,1034,136,76,55,43,60,12
2023-08-05,1034,123,81,76,26,42,50
2023-08-06,1034,144,76,77,34,68,43
2023-08-07,1034,103,77,85,40,26,45
2023-08-08,1034,128,91,53,47,37,6
2023-08-09,1034,127,64,83,37,63,46
2023-08-10,1034,124,74,86,56,50,30
2023-08-11,1034,131,80,65,37,51,28
2023-08-12,1034,144,80,97,41,64,56
2023-08-13,1034,139,90,54,47,49,7
2023-08-14,1034,149,73,90,41,76,49
2023-08-15,1034,125,88,86,42,37,44
2023-08-16,1034,146,85,56,26,61,30
2023-08-17,1034,133,105,97,41,28,56
2023-08-18,1034,120,74,92,45,46,47
2023-08-19,1034,125,65,84,40,60,44
2023-08-20,1034,116,77,91,34,39,57
2023-08-21,1034,116,82,50,35,34,15
2023-08-22,1034,104,89,89,44,15,45
2023-08-23,1034,138,75,97,36,63,61
2023-08-24,1034,112,80,64,38,32,26
2023-08-25,1034,104,76,58,51,28,7
2023-08-26,1034,139,94,79,30,45,49
2023-08-27,1034,144,94,91,38,50,53
2023-08-28,1034,118,71,93,33,47,60
2023-08-29,1034,114,74,65,24,40,41
2023-08-30,1034,117,97,82,42,20,40
2023-08-31,1034,137,85,62,45,52,17
2023-09-01,1034,112,83,88,54,29,34
2023-09-02,1034,148,79,52,46,69,6
2023-09-03,1034,110,81,59,34,29,25
2023-09-04,1034,101,79,56,45,22,11
2023-09-05,1034,150,89,55,40,61,15
2023-09-06,1034,150,90,69,35,60,34
2023-09-07,1034,110,97,90,31,13,59
2023-09-08,1034,101,82,78,40,19,38
2023-09-09,1034,119,84,56,50,35,6
2023-09-10,1034,106,78,93,41,28,52
2023-09-11,1034,148,78,86,41,70,45
2023-09-12,1034,120,74,80,40,46,40
2023-09-13,1034,142,77,62,38,65,24
2023-09-14,1034,143,86,93,55,57,38
2023-09-15,1034,130,87,92,53,43,39
2023-09-16,1034,111,87,76,39,24,37
2023-09-17,1034,120,75,51,46,45,5
2023-09-18,1034,121,64,90,46,57,44
2023-09-19,1034,110,77,81,52,33,29
2023-09-20,1034,111,80,97,44,31,53
2023-09-21,1034,131,85,57,49,46,8
2023-09-22,1034,101,81,57,39,20,18
2023-09-23,1034,102,62,68,31,40,37
2023-09-24,1034,134,87,60,35,47,25
2023-09-25,1034,143,97,52,39,46,13
2023-09-26,1034,139,71,57,32,68,25
2023-09-27,1034,141,69,86,45,72,41
2023-09-28,1034,113,76,67,42,37,25
2023-09-29,1034,132,80,54,33,52,21
2023-09-30,1034,131,94,99,41,37,58
2023-10-01,1034,144,72,75,43,72,32
2023-10-02,1034,143,89,74,42,54,32
2023-10-03,1034,139,84,61,53,55,8
2023-10-04,1034,139,88,86,36,51,50
2023-10-05,1034,146,64,84,35,82,49
2023-10-06,1034,124,79,92,35,45,57
2023-10-07,1034,127,74,71,51,53,20
2023-10-08,1034,116,92,75,21,24,54
2023-10-09,1034,116,85,55,26,31,29
2023-10-10,1034,109,96,88,39,13,49
2023-10-11,1034,107,74,74,40,33,34
2023-10-12,1034,131,81,74,30,50,44
2023-10-13,1034,100,97,50,44,3,6
2023-10-14,1034,138,76,68,42,62,26
2023-10-15,1034,126,93,60,38,33,22
2023-10-16,1034,125,70,74,29,55,45
2023-10-17,1034,109,83,98,34,26,64
2023-10-18,1034,149,50,89,47,99,42
2023-10-19,1034,133,89,100,47,44,53
2023-10-20,1034,100,78,73,33,22,40
2023-10-21,1034,129,82,74,48,47,26
2023-10-22,1034,133,76,71,32,57,39
2023-10-23,1034,137,72,70,34,65,36
2023-10-24,1034,144,78,93,36,66,57
2023-10-25,1034,136,94,77,52,42,25
2023-10-26,1034,112,79,82,40,33,42
2023-10-27,1034,114,65,82,45,49,37
2023-10-28,1034,114,76,53,38,38,15
2023-10-29,1034,132,72,62,47,60,15
2023-10-30,1034,145,75,74,45,70,29
2023-10-31,1034,139,71,83,40,68,43
2023-11-01,1034,111,76,87,42,35,45
2023-11-02,1034,110,72,99,51,38,48
2023-11-03,1034,109,82,52,48,27,4
2023-11-04,1034,121,66,67,41,55,26
2023-11-05,1034,131,66,54,48,65,6
2023-11-06,1034,116,65,88,51,51,37
2023-11-07,1034,136,87,70,36,49,34
2023-11-08,1034,127,77,63,41,50,22
2023-11-09,1034,106,83,97,33,23,64
2023-11-10,1034,115,93,91,52,22,39
2023-11-11,1034,137,89,73,49,48,24
2023-11-12,1034,148,85,83,42,63,41
2023-11-13,1034,123,87,79,35,36,44
2023-11-14,1034,122,73,58,46,49,12
2023-11-15,1034,115,79,96,39,36,57
2023-11-16,1034,108,93,59,39,15,20
2023-11-17,1034,133,98,61,36,35,25
2023-11-18,1034,146,93,61,41,53,20
2023-11-19,1034,116,88,99,42,28,57
2023-11-20,1034,124,80,77,38,44,39
2023-11-21,1034,111,89,55,44,22,11
2023-11-22,1034,123,79,99,33,44,66
2023-11-23,1034,104,93,73,52,11,21
2023-11-24,1034,121,103,57,48,18,9
2023-11-25,1034,141,79,66,56,62,10
2023-11-26,1034,127,80,69,45,47,24
2023-11-27,1034,101,84,78,50,17,28
2023-11-28,1034,128,88,56,46,40,10
2023-11-29,1034,114,87,70,34,27,36
2023-11-30,1034,128,98,84,43,30,41
2023-12-01,1034,127,81,79,35,46,44
2023-12-02,1034,137,70,98,27,67,71
2023-12-03,1034,135,95,63,38,40,25
2023-12-04,1034,149,63,70,35,86,35
2023-12-05,1034,102,87,93,42,15,51
2023-12-06,1034,101,79,71,38,22,33
2023-12-07,1034,144,79,96,52,65,44
2023-12-08,1034,140,83,64,36,57,28
2023-12-09,1034,137,54,65,40,83,25
2023-12-10,1034,136,70,94,43,66,51
2023-12-11,1034,144,83,66,33,61,33
2023-12-12,1034,121,67,85,42,54,43
2023-12-13,1034,117,66,67,41,51,26
2023-12-14,1034,110,76,70,36,34,34
2023-12-15,1034,106,82,94,53,24,41
2023-12-16,1034,141,64,81,22,77,59
2023-12-17,1034,141,62,76,40,79,36
2023-12-18,1034,101,58,65,44,43,21
2023-12-19,1034,107,87,85,37,20,48
2023-12-20,1034,110,88,68,47,22,21
2023-12-21,1034,120,73,62,30,47,32
2023-12-22,1034,130,87,98,41,43,57
2023-12-23,1034,115,95,90,45,20,45
2023-12-24,1034,112,84,75,39,28,36
2023-12-25,1034,106,93,95,40,13,55
2023-12-26,1034,115,84,59,34,31,25
2023-12-27,1034,109,68,51,38,41,13
2023-12-28,1034,123,75,60,37,48,23
2023-12-29,1034,104,83,96,33,21,63
2023-12-30,1034,135,87,58,38,48,20
2023-12-31,1034,104,91,95,51,13,44
2023-01-01,1035,150,87,99,42,63,57
2023-01-02,1035,105,69,54,49,36,5
2023-01-03,1035,120,77,92,45,43,47
2023-01-04,1035,134,67,99,49,67,50
2023-01-05,1035,138,86,81,45,52,36
2023-01-06,1035,111,78,67,36,33,31
2023-01-07,1035,135,75,72,31,60,41
2023-01-08,1035,149,71,77,37,78,40
2023-01-09,1035,101,85,99,36,16,63
2023-01-10,1035,140,84,64,46,56,18
2023-01-11,1035,107,81,65,29,26,36
2023-01-12,1035,120,69,78,30,51,48
2023-01-13,1035,108,70,51,38,38,13
2023-01-14,1035,134,95,57,39,39,18
2023-01-15,1035,126,78,72,34,48,38
2023-01-16,1035,101,81,56,36,20,20
2023-01-17,1035,129,103,73,45,26,28
2023-01-18,1035,131,100,94,42,31,52
2023-01-19,1035,130,89,88,30,41,58
2023-01-20,1035,101,78,88,33,23,55
2023-01-21,1035,107,85,77,46,22,31
2023-01-22,1035,147,66,100,35,81,65
2023-01-23,1035,134,75,68,33,59,35
2023-01-24,1035,146,65,61,31,81,30
2023-01-25,1035,125,82,74,40,43,34
2023-01-26,1035,115,62,99,48,53,51
2023-01-27,1035,123,82,58,31,41,27
2023-01-28,1035,137,83,73,33,54,40
2023-01-29,1035,120,90,95,40,30,55
2023-01-30,1035,135,80,61,36,55,25
2023-01-31,1035,107,81,94,42,26,52
2023-02-01,1035,127,78,59,51,49,8
2023-02-02,1035,132,78,65,53,54,12
2023-02-03,1035,103,83,67,39,20,28
2023-02-04,1035,110,70,72,30,40,42
2023-02-05,1035,150,87,55,49,63,6
2023-02-06,1035,112,95,71,42,17,29
2023-02-07,1035,135,88,73,49,47,24
2023-02-08,1035,143,85,72,48,58,24
2023-02-09,1035,120,80,67,39,40,28
2023-02-10,1035,121,80,58,42,41,16
2023-02-11,1035,109,83,94,38,26,56
2023-02-12,1035,112,91,63,42,21,21
2023-02-13,1035,149,79,55,40,70,15
2023-02-14,1035,143,69,93,41,74,52
2023-02-15,1035,132,82,71,31,50,40
2023-02-16,1035,139,81,98,50,58,48
2023-02-17,1035,119,85,58,46,34,12
2023-02-18,1035,104,82,88,43,22,45
2023-02-19,1035,118,95,78,41,23,37
2023-02-20,1035,108,74,91,35,34,56
2023-02-21,1035,120,76,90,37,44,53
2023-02-22,1035,116,80,81,43,36,38
2023-02-23,1035,146,106,80,40,40,40
2023-02-24,1035,104,75,69,35,29,34
2023-02-25,1035,136,69,56,54,67,2
2023-02-26,1035,142,87,58,39,55,19
2023-02-27,1035,126,81,100,41,45,59
2023-02-28,1035,106,88,89,27,18,62
2023-03-01,1035,137,87,98,43,50,55
2023-03-02,1035,149,94,84,30,55,54
2023-03-03,1035,114,81,89,49,33,40
2023-03-04,1035,139,87,73,35,52,38
2023-03-05,1035,120,75,61,41,45,20
2023-03-06,1035,143,88,76,50,55,26
2023-03-07,1035,113,60,68,48,53,20
2023-03-08,1035,115,83,72,48,32,24
2023-03-09,1035,136,95,90,32,41,58
2023-03-10,1035,140,91,88,38,49,50
2023-03-11,1035,133,81,83,29,52,54
2023-03-12,1035,104,82,64,43,22,21
2023-03-13,1035,119,79,72,50,40,22
2023-03-14,1035,131,86,73,48,45,25
2023-03-15,1035,117,81,50,47,36,3
2023-03-16,1035,121,74,70,41,47,29
2023-03-17,1035,111,89,95,41,22,54
2023-03-18,1035,115,62,96,46,53,50
2023-03-19,1035,131,91,92,46,40,46
2023-03-20,1035,141,78,94,34,63,60
2023-03-21,1035,114,77,50,28,37,22
2023-03-22,1035,142,91,62,32,51,30
2023-03-23,1035,131,72,56,31,59,25
2023-03-24,1035,139,87,90,47,52,43
2023-03-25,1035,115,84,62,41,31,21
2023-03-26,1035,109,76,98,38,33,60
2023-03-27,1035,143,62,73,35,81,38
2023-03-28,1035,105,75,63,39,30,24
2023-03-29,1035,137,88,67,48,49,19
2023-03-30,1035,135,77,88,48,58,40
2023-03-31,1035,131,71,76,53,60,23
2023-04-01,1035,104,91,97,41,13,56
2023-04-02,1035,108,68,58,51,40,7
2023-04-03,1035,108,79,53,41,29,12
2023-04-04,1035,115,77,62,26,38,36
2023-04-05,1035,101,72,79,41,29,38
2023-04-06,1035,120,85,89,32,35,57
2023-04-07,1035,125,74,94,35,51,59
2023-04-08,1035,144,89,57,45,55,12
2023-04-09,1035,129,87,88,38,42,50
2023-04-10,1035,144,85,59,34,59,25
2023-04-11,1035,112,84,74,35,28,39
2023-04-12,1035,147,69,67,35,78,32
2023-04-13,1035,147,77,77,33,70,44
2023-04-14,1035,104,65,62,30,39,32
2023-04-15,1035,128,63,88,43,65,45
2023-04-16,1035,124,93,91,45,31,46
2023-04-17,1035,142,95,77,41,47,36
2023-04-18,1035,146,61,96,39,85,57
2023-04-19,1035,120,91,68,37,29,31
2023-04-20,1035,104,84,61,35,20,26
2023-04-21,1035,120,67,68,47,53,21
2023-04-22,1035,137,91,73,40,46,33
2023-04-23,1035,129,84,95,35,45,60
2023-04-24,1035,129,80,72,46,49,26
2023-04-25,1035,141,77,54,38,64,16
2023-04-26,1035,112,83,72,38,29,34
2023-04-27,1035,148,79,51,42,69,9
2023-04-28,1035,150,105,81,42,45,39
2023-04-29,1035,103,79,100,37,24,63
2023-04-30,1035,135,83,54,48,52,6
2023-05-01,1035,109,89,90,44,20,46
2023-05-02,1035,122,85,58,39,37,19
2023-05-03,1035,143,75,71,37,68,34
2023-05-04,1035,112,55,64,43,57,21
2023-05-05,1035,124,73,92,35,51,57
2023-05-06,1035,111,85,90,54,26,36
2023-05-07,1035,124,89,92,37,35,55
2023-05-08,1035,118,73,90,39,45,51
2023-05-09,1035,147,70,84,34,77,50
2023-05-10,1035,124,89,78,32,35,46
2023-05-11,1035,148,86,87,44,62,43
2023-05-12,1035,149,70,84,32,79,52
2023-05-13,1035,122,84,74,34,38,40
2023-05-14,1035,145,71,75,39,74,36
2023-05-15,1035,124,78,70,24,46,46
2023-05-16,1035,140,76,78,40,64,38
2023-05-17,1035,131,83,64,43,48,21
2023-05-18,1035,121,88,60,28,33,32
2023-05-19,1035,120,70,76,38,50,38
2023-05-20,1035,140,68,93,39,72,54
2023-05-21,1035,115,78,58,38,37,20
2023-05-22,1035,113,91,69,43,22,26
2023-05-23,1035,141,103,57,40,38,17
2023-05-24,1035,109,88,93,35,21,58
2023-05-25,1035,134,74,92,41,60,51
2023-05-26,1035,141,74,96,38,67,58
2023-05-27,1035,130,99,72,52,31,20
2023-05-28,1035,124,86,71,50,38,21
2023-05-29,1035,115,91,57,28,24,29
2023-05-30,1035,132,71,76,43,61,33
2023-05-31,1035,120,77,56,34,43,22
2023-06-01,1035,149,78,60,50,71,10
2023-06-02,1035,110,75,53,35,35,18
2023-06-03,1035,118,81,86,34,37,52
2023-06-04,1035,127,73,90,40,54,50
2023-06-05,1035,122,92,66,52,30,14
2023-06-06,1035,141,74,77,43,67,34
2023-06-07,1035,111,96,91,42,15,49
2023-06-08,1035,144,70,92,37,74,55
2023-06-09,1035,107,83,67,38,24,29
2023-06-10,1035,104,84,95,39,20,56
2023-06-11,1035,107,77,56,46,30,10
2023-06-12,1035,134,71,93,46,63,47
2023-06-13,1035,129,77,54,44,52,10
2023-06-14,1035,130,80,89,35,50,54
2023-06-15,1035,114,69,66,39,45,27
2023-06-16,1035,102,92,81,31,10,50
2023-06-17,1035,137,60,84,50,77,34
2023-06-18,1035,128,74,100,44,54,56
2023-06-19,1035,143,71,70,40,72,30
2023-06-20,1035,107,84,95,38,23,57
2023-06-21,1035,119,71,62,39,48,23
2023-06-22,1035,131,75,77,42,56,35
2023-06-23,1035,121,80,75,59,41,16
2023-06-24,1035,109,91,87,38,18,49
2023-06-25,1035,129,83,83,33,46,50
2023-06-26,1035,148,91,57,29,57,28
2023-06-27,1035,100,88,73,38,12,35
2023-06-28,1035,140,77,66,39,63,27
2023-06-29,1035,108,80,65,46,28,19
2023-06-30,1035,108,74,91,44,34,47
2023-07-01,1035,120,107,58,26,13,32
2023-07-02,1035,144,87,56,37,57,19
2023-07-03,1035,146,92,66,39,54,27
2023-07-04,1035,110,97,94,40,13,54
2023-07-05,1035,131,76,69,45,55,24
2023-07-06,1035,128,84,68,34,44,34
2023-07-07,1035,119,92,70,45,27,25
2023-07-08,1035,130,84,53,41,46,12
2023-07-09,1035,100,97,64,42,3,22
2023-07-10,1035,106,92,82,40,14,42
2023-07-11,1035,110,69,85,34,41,51
2023-07-12,1035,135,77,58,50,58,8
2023-07-13,1035,116,87,67,37,29,30
2023-07-14,1035,133,78,79,41,55,38
2023-07-15,1035,104,80,61,40,24,21
2023-07-16,1035,141,71,57,45,70,12
2023-07-17,1035,139,71,51,39,68,12
2023-07-18,1035,101,94,72,43,7,29
2023-07-19,1035,131,73,72,28,58,44
2023-07-20,1035,116,61,56,36,55,20
2023-07-21,1035,107,74,73,26,33,47
2023-07-22,1035,137,85,88,45,52,43
2023-07-23,1035,125,89,59,29,36,30
2023-07-24,1035,137,74,75,33,63,42
2023-07-25,1035,138,76,65,47,62,18
2023-07-26,1035,131,83,100,46,48,54
2023-07-27,1035,137,89,62,37,48,25
2023-07-28,1035,142,78,61,49,64,12
2023-07-29,1035,130,78,58,47,52,11
2023-07-30,1035,131,104,71,50,27,21
2023-07-31,1035,119,96,80,41,23,39
2023-08-01,1035,124,82,63,41,42,22
2023-08-02,1035,135,84,83,43,51,40
2023-08-03,1035,105,79,84,44,26,40
2023-08-04,1035,108,107,98,52,1,46
2023-08-05,1035,109,86,86,53,23,33
2023-08-06,1035,113,80,95,48,33,47
2023-08-07,1035,105,70,83,38,35,45
2023-08-08,1035,125,77,83,34,48,49
2023-08-09,1035,141,78,60,36,63,24
2023-08-10,1035,121,75,97,38,46,59
2023-08-11,1035,142,81,59,42,61,17
2023-08-12,1035,133,72,89,43,61,46
2023-08-13,1035,141,96,85,39,45,46
2023-08-14,1035,143,75,65,32,68,33
2023-08-15,1035,137,80,90,27,57,63
2023-08-16,1035,101,67,77,40,34,37
2023-08-17,1035,119,92,80,42,27,38
2023-08-18,1035,130,81,97,38,49,59
2023-08-19,1035,141,76,56,43,65,13
2023-08-20,1035,114,69,70,28,45,42
2023-08-21,1035,150,91,69,32,59,37
2023-08-22,1035,127,73,56,56,54,0
2023-08-23,1035,102,83,78,33,19,45
2023-08-24,1035,116,89,58,32,27,26
2023-08-25,1035,140,73,50,40,67,10
2023-08-26,1035,144,81,89,42,63,47
2023-08-27,1035,127,75,90,37,52,53
2023-08-28,1035,106,91,98,35,15,63
2023-08-29,1035,150,89,55,38,61,17
2023-08-30,1035,113,84,64,42,29,22
2023-08-31,1035,102,78,87,41,24,46
2023-09-01,1035,105,75,78,32,30,46
2023-09-02,1035,139,82,68,40,57,28
2023-09-03,1035,122,79,51,46,43,5
2023-09-04,1035,116,76,79,34,40,45
2023-09-05,1035,139,74,54,36,65,18
2023-09-06,1035,133,86,96,39,47,57
2023-09-07,1035,113,93,75,30,20,45
2023-09-08,1035,124,77,97,43,47,54
2023-09-09,1035,117,77,82,38,40,44
2023-09-10,1035,101,89,57,42,12,15
2023-09-11,1035,150,100,71,45,50,26
2023-09-12,1035,117,63,87,46,54,41
2023-09-13,1035,113,81,74,36,32,38
2023-09-14,1035,102,92,85,35,10,50
2023-09-15,1035,120,98,61,53,22,8
2023-09-16,1035,123,81,63,35,42,28
2023-09-17,1035,148,89,68,40,59,28
2023-09-18,1035,138,74,51,36,64,15
2023-09-19,1035,106,67,73,32,39,41
2023-09-20,1035,132,82,85,44,50,41
2023-09-21,1035,145,87,80,33,58,47
2023-09-22,1035,110,62,73,42,48,31
2023-09-23,1035,128,88,96,44,40,52
2023-09-24,1035,138,66,89,51,72,38
2023-09-25,1035,131,82,94,37,49,57
2023-09-26,1035,112,79,64,31,33,33
2023-09-27,1035,146,57,67,36,89,31
2023-09-28,1035,141,76,66,47,65,19
2023-09-29,1035,103,74,78,46,29,32
2023-09-30,1035,120,80,56,47,40,9
2023-10-01,1035,100,73,94,43,27,51
2023-10-02,1035,125,95,80,38,30,42
2023-10-03,1035,113,72,98,53,41,45
2023-10-04,1035,132,77,52,41,55,11
2023-10-05,1035,133,82,51,32,51,19
2023-10-06,1035,133,103,98,37,30,61
2023-10-07,1035,128,76,98,45,52,53
2023-10-08,1035,107,66,79,33,41,46
2023-10-09,1035,136,82,100,48,54,52
2023-10-10,1035,129,90,73,42,39,31
2023-10-11,1035,107,84,82,30,23,52
2023-10-12,1035,125,72,50,45,53,5
2023-10-13,1035,105,87,60,33,18,27
2023-10-14,1035,137,87,93,38,50,55
2023-10-15,1035,133,77,70,44,56,26
2023-10-16,1035,131,89,54,35,42,19
2023-10-17,1035,123,96,54,37,27,17
2023-10-18,1035,144,78,78,39,66,39
2023-10-19,1035,136,69,54,60,67,-6
2023-10-20,1035,111,81,93,47,30,46
2023-10-21,1035,105,89,99,44,16,55
2023-10-22,1035,116,101,85,34,15,51
2023-10-23,1035,135,61,96,26,74,70
2023-10-24,1035,140,67,61,31,73,30
2023-10-25,1035,137,83,78,40,54,38
2023-10-26,1035,108,82,67,37,26,30
2023-10-27,1035,135,70,91,43,65,48
2023-10-28,1035,116,99,50,37,17,13
2023-10-29,1035,136,86,65,47,50,18
2023-10-30,1035,129,86,64,38,43,26
2023-10-31,1035,145,82,61,35,63,26
2023-11-01,1035,102,73,85,39,29,46
2023-11-02,1035,104,70,68,33,34,35
2023-11-03,1035,131,92,51,48,39,3
2023-11-04,1035,145,87,52,40,58,12
2023-11-05,1035,147,84,77,37,63,40
2023-11-06,1035,118,94,84,30,24,54
2023-11-07,1035,120,69,67,35,51,32
2023-11-08,1035,107,80,94,46,27,48
2023-11-09,1035,143,81,52,41,62,11
2023-11-10,1035,128,75,97,34,53,63
2023-11-11,1035,135,70,74,39,65,35
2023-11-12,1035,108,92,61,42,16,19
2023-11-13,1035,133,78,55,37,55,18
2023-11-14,1035,145,83,97,46,62,51
2023-11-15,1035,145,92,58,37,53,21
2023-11-16,1035,145,89,89,45,56,44
2023-11-17,1035,133,81,85,30,52,55
2023-11-18,1035,100,81,95,41,19,54
2023-11-19,1035,150,77,63,34,73,29
2023-11-20,1035,121,91,82,39,30,43
2023-11-21,1035,144,82,89,44,62,45
2023-11-22,1035,127,79,70,36,48,34
2023-11-23,1035,146,75,50,46,71,4
2023-11-24,1035,130,80,99,48,50,51
2023-11-25,1035,146,98,99,47,48,52
2023-11-26,1035,109,74,61,36,35,25
2023-11-27,1035,112,66,72,43,46,29
2023-11-28,1035,146,87,77,37,59,40
2023-11-29,1035,128,70,87,32,58,55
2023-11-30,1035,150,78,50,34,72,16
2023-12-01,1035,111,76,97,45,35,52
2023-12-02,1035,148,64,62,39,84,23
2023-12-03,1035,106,75,89,35,31,54
2023-12-04,1035,138,70,60,43,68,17
2023-12-05,1035,115,83,85,44,32,41
2023-12-06,1035,147,83,75,40,64,35
2023-12-07,1035,102,88,91,29,14,62
2023-12-08,1035,150,73,62,41,77,21
2023-12-09,1035,132,89,82,40,43,42
2023-12-10,1035,110,79,80,37,31,43
2023-12-11,1035,107,76,86,32,31,54
2023-12-12,1035,111,90,64,40,21,24
2023-12-13,1035,141,88,56,29,53,27
2023-12-14,1035,121,88,84,44,33,40
2023-12-15,1035,126,85,72,34,41,38
2023-12-16,1035,111,66,61,35,45,26
2023-12-17,1035,131,68,95,46,63,49
2023-12-18,1035,120,84,87,37,36,50
2023-12-19,1035,123,92,87,34,31,53
2023-12-20,1035,138,86,70,34,52,36
2023-12-21,1035,110,85,55,40,25,15
2023-12-22,1035,137,81,73,42,56,31
2023-12-23,1035,132,90,73,44,42,29
2023-12-24,1035,121,88,73,46,33,27
2023-12-25,1035,111,92,50,43,19,7
2023-12-26,1035,144,79,58,48,65,10
2023-12-27,1035,125,85,97,37,40,60
2023-12-28,1035,101,73,76,40,28,36
2023-12-29,1035,116,77,85,38,39,47
2023-12-30,1035,109,84,71,36,25,35
2023-12-31,1035,108,92,51,41,16,10
2023-01-01,1036,131,71,65,42,60,23
2023-01-02,1036,101,72,92,32,29,60
2023-01-03,1036,108,75,60,40,33,20
2023-01-04,1036,114,76,56,37,38,19
2023-01-05,1036,126,84,73,40,42,33
2023-01-06,1036,144,80,58,42,64,16
2023-01-07,1036,120,79,77,34,41,43
2023-01-08,1036,101,81,86,43,20,43
2023-01-09,1036,122,76,82,46,46,36
2023-01-10,1036,107,84,52,30,23,22
2023-01-11,1036,101,75,69,39,26,30
2023-01-12,1036,122,70,92,42,52,50
2023-01-13,1036,140,84,96,33,56,63
2023-01-14,1036,132,69,92,55,63,37
2023-01-15,1036,136,88,55,35,48,20
2023-01-16,1036,137,81,62,31,56,31
2023-01-17,1036,102,76,52,36,26,16
2023-01-18,1036,105,74,84,44,31,40
2023-01-19,1036,146,91,63,52,55,11
2023-01-20,1036,122,69,68,37,53,31
2023-01-21,1036,120,77,99,52,43,47
2023-01-22,1036,124,72,59,36,52,23
2023-01-23,1036,116,67,94,28,49,66
2023-01-24,1036,127,84,70,40,43,30
2023-01-25,1036,139,87,75,41,52,34
2023-01-26,1036,112,72,73,36,40,37
2023-01-27,1036,140,89,100,28,51,72
2023-01-28,1036,111,76,67,56,35,11
2023-01-29,1036,133,75,89,32,58,57
2023-01-30,1036,136,66,74,30,70,44
2023-01-31,1036,121,70,88,38,51,50
2023-02-01,1036,148,71,81,27,77,54
2023-02-02,1036,146,88,95,34,58,61
2023-02-03,1036,141,80,95,44,61,51
2023-02-04,1036,141,80,100,38,61,62
2023-02-05,1036,141,87,75,40,54,35
2023-02-06,1036,108,87,93,35,21,58
2023-02-07,1036,104,81,94,35,23,59
2023-02-08,1036,128,70,57,39,58,18
2023-02-09,1036,108,76,68,35,32,33
2023-02-10,1036,150,58,55,45,92,10
2023-02-11,1036,140,99,66,47,41,19
2023-02-12,1036,103,77,98,34,26,64
2023-02-13,1036,145,82,88,47,63,41
2023-02-14,1036,113,57,63,27,56,36
2023-02-15,1036,109,70,92,40,39,52
2023-02-16,1036,128,78,87,34,50,53
2023-02-17,1036,102,85,57,46,17,11
2023-02-18,1036,142,85,65,40,57,25
2023-02-19,1036,139,86,59,39,53,20
2023-02-20,1036,134,77,51,48,57,3
2023-02-21,1036,100,82,88,43,18,45
2023-02-22,1036,116,71,69,37,45,32
2023-02-23,1036,121,83,84,38,38,46
2023-02-24,1036,147,78,53,33,69,20
2023-02-25,1036,119,81,86,47,38,39
2023-02-26,1036,109,87,66,39,22,27
2023-02-27,1036,142,73,88,36,69,52
2023-02-28,1036,139,75,66,46,64,20
2023-03-01,1036,130,71,99,50,59,49
2023-03-02,1036,124,68,99,33,56,66
2023-03-03,1036,142,78,91,34,64,57
2023-03-04,1036,121,65,72,47,56,25
2023-03-05,1036,112,72,54,37,40,17
2023-03-06,1036,114,77,69,36,37,33
2023-03-07,1036,125,82,90,39,43,51
2023-03-08,1036,124,106,57,35,18,22
2023-03-09,1036,104,86,99,43,18,56
2023-03-10,1036,112,73,66,40,39,26
2023-03-11,1036,113,83,84,31,30,53
2023-03-12,1036,144,83,99,42,61,57
2023-03-13,1036,146,88,94,45,58,49
2023-03-14,1036,123,87,62,36,36,26
2023-03-15,1036,132,81,81,51,51,30
2023-03-16,1036,121,79,64,32,42,32
2023-03-17,1036,130,80,61,42,50,19
2023-03-18,1036,133,90,73,42,43,31
2023-03-19,1036,120,81,69,42,39,27
2023-03-20,1036,132,79,79,34,53,45
2023-03-21,1036,141,70,64,40,71,24
2023-03-22,1036,100,77,87,43,23,44
2023-03-23,1036,138,66,55,32,72,23
2023-03-24,1036,104,76,75,40,28,35
2023-03-25,1036,102,84,86,28,18,58
2023-03-26,1036,123,99,81,45,24,36
2023-03-27,1036,144,88,60,32,56,28
2023-03-28,1036,124,77,74,38,47,36
2023-03-29,1036,105,62,93,44,43,49
2023-03-30,1036,135,88,97,41,47,56
2023-03-31,1036,110,101,88,34,9,54
2023-04-01,1036,109,74,76,37,35,39
2023-04-02,1036,148,99,90,32,49,58
2023-04-03,1036,113,89,81,37,24,44
2023-04-04,1036,134,74,50,35,60,15
2023-04-05,1036,120,86,92,35,34,57
2023-04-06,1036,142,83,73,31,59,42
2023-04-07,1036,115,70,66,51,45,15
2023-04-08,1036,111,72,59,43,39,16
2023-04-09,1036,107,76,94,41,31,53
2023-04-10,1036,110,78,52,35,32,17
2023-04-11,1036,109,76,94,51,33,43
2023-04-12,1036,143,82,87,52,61,35
2023-04-13,1036,110,70,55,45,40,10
2023-04-14,1036,150,80,96,51,70,45
2023-04-15,1036,124,76,66,39,48,27
2023-04-16,1036,101,71,63,38,30,25
2023-04-17,1036,108,80,58,36,28,22
2023-04-18,1036,132,93,99,42,39,57
2023-04-19,1036,140,84,74,39,56,35
2023-04-20,1036,144,95,71,43,49,28
2023-04-21,1036,115,94,61,40,21,21
2023-04-22,1036,100,70,75,40,30,35
2023-04-23,1036,113,73,87,31,40,56
2023-04-24,1036,129,77,84,35,52,49
2023-04-25,1036,111,88,72,40,23,32
2023-04-26,1036,147,75,68,40,72,28
2023-04-27,1036,120,78,69,51,42,18
2023-04-28,1036,112,94,57,42,18,15
2023-04-29,1036,108,88,94,45,20,49
2023-04-30,1036,135,72,54,40,63,14
2023-05-01,1036,138,78,90,40,60,50
2023-05-02,1036,139,80,55,32,59,23
2023-05-03,1036,102,91,58,29,11,29
2023-05-04,1036,116,87,81,45,29,36
2023-05-05,1036,147,86,57,41,61,16
2023-05-06,1036,114,98,60,43,16,17
2023-05-07,1036,136,82,63,34,54,29
2023-05-08,1036,104,93,58,43,11,15
2023-05-09,1036,120,80,58,41,40,17
2023-05-10,1036,124,80,69,30,44,39
2023-05-11,1036,149,79,87,43,70,44
2023-05-12,1036,109,76,59,41,33,18
2023-05-13,1036,149,93,89,32,56,57
2023-05-14,1036,129,69,98,42,60,56
2023-05-15,1036,136,84,78,45,52,33
2023-05-16,1036,106,77,77,48,29,29
2023-05-17,1036,139,82,97,47,57,50
2023-05-18,1036,106,80,72,39,26,33
2023-05-19,1036,123,79,52,46,44,6
2023-05-20,1036,119,87,80,48,32,32
2023-05-21,1036,111,95,68,35,16,33
2023-05-22,1036,114,78,62,29,36,33
2023-05-23,1036,126,75,71,44,51,27
2023-05-24,1036,141,77,58,36,64,22
2023-05-25,1036,107,73,79,37,34,42
2023-05-26,1036,100,65,81,37,35,44
2023-05-27,1036,139,78,57,29,61,28
2023-05-28,1036,106,82,75,32,24,43
2023-05-29,1036,102,64,68,40,38,28
2023-05-30,1036,103,80,100,38,23,62
2023-05-31,1036,123,100,87,49,23,38
2023-06-01,1036,140,72,83,45,68,38
2023-06-02,1036,110,94,75,31,16,44
2023-06-03,1036,144,68,59,44,76,15
2023-06-04,1036,119,89,57,31,30,26
2023-06-05,1036,130,75,74,39,55,35
2023-06-06,1036,142,96,75,54,46,21
2023-06-07,1036,103,85,66,52,18,14
2023-06-08,1036,117,61,85,34,56,51
2023-06-09,1036,122,68,69,39,54,30
2023-06-10,1036,106,83,62,38,23,24
2023-06-11,1036,137,76,79,43,61,36
2023-06-12,1036,141,79,83,36,62,47
2023-06-13,1036,121,84,92,37,37,55
2023-06-14,1036,126,85,72,33,41,39
2023-06-15,1036,116,74,62,36,42,26
2023-06-16,1036,138,102,82,41,36,41
2023-06-17,1036,127,92,81,35,35,46
2023-06-18,1036,139,81,87,46,58,41
2023-06-19,1036,147,85,81,41,62,40
2023-06-20,1036,124,88,82,25,36,57
2023-06-21,1036,123,80,88,31,43,57
2023-06-22,1036,133,79,50,40,54,10
2023-06-23,1036,113,76,55,33,37,22
2023-06-24,1036,115,72,81,35,43,46
2023-06-25,1036,148,78,57,41,70,16
2023-06-26,1036,103,80,62,47,23,15
2023-06-27,1036,143,79,78,34,64,44
2023-06-28,1036,138,77,90,36,61,54
2023-06-29,1036,106,86,73,37,20,36
2023-06-30,1036,121,84,61,43,37,18
2023-07-01,1036,105,88,90,52,17,38
2023-07-02,1036,135,70,75,31,65,44
2023-07-03,1036,122,89,72,33,33,39
2023-07-04,1036,138,82,57,46,56,11
2023-07-05,1036,127,82,68,35,45,33
2023-07-06,1036,101,79,53,39,22,14
2023-07-07,1036,128,83,85,37,45,48
2023-07-08,1036,104,67,56,46,37,10
2023-07-09,1036,121,72,85,28,49,57
2023-07-10,1036,145,85,85,35,60,50
2023-07-11,1036,120,74,68,45,46,23
2023-07-12,1036,129,72,51,36,57,15
2023-07-13,1036,100,59,57,42,41,15
2023-07-14,1036,116,80,55,48,36,7
2023-07-15,1036,109,83,88,38,26,50
2023-07-16,1036,116,89,56,43,27,13
2023-07-17,1036,133,82,72,31,51,41
2023-07-18,1036,109,94,79,44,15,35
2023-07-19,1036,110,76,66,56,34,10
2023-07-20,1036,119,89,89,40,30,49
2023-07-21,1036,106,86,52,47,20,5
2023-07-22,1036,107,74,91,48,33,43
2023-07-23,1036,102,70,57,46,32,11
2023-07-24,1036,122,101,96,27,21,69
2023-07-25,1036,127,86,98,50,41,48
2023-07-26,1036,106,92,64,45,14,19
2023-07-27,1036,148,79,59,39,69,20
2023-07-28,1036,136,89,57,46,47,11
2023-07-29,1036,127,81,54,50,46,4
2023-07-30,1036,138,92,87,40,46,47
2023-07-31,1036,148,76,62,43,72,19
2023-08-01,1036,109,89,86,37,20,49
2023-08-02,1036,129,77,75,34,52,41
2023-08-03,1036,121,69,83,44,52,39
2023-08-04,1036,142,78,81,42,64,39
2023-08-05,1036,121,81,76,30,40,46
2023-08-06,1036,101,80,52,44,21,8
2023-08-07,1036,109,66,79,49,43,30
2023-08-08,1036,143,72,71,35,71,36
2023-08-09,1036,122,70,81,48,52,33
2023-08-10,1036,119,80,50,38,39,12
2023-08-11,1036,140,85,95,51,55,44
2023-08-12,1036,120,60,75,42,60,33
2023-08-13,1036,144,81,88,26,63,62
2023-08-14,1036,102,79,60,43,23,17
2023-08-15,1036,116,93,89,34,23,55
2023-08-16,1036,131,72,93,29,59,64
2023-08-17,1036,132,80,77,35,52,42
2023-08-18,1036,108,93,92,34,15,58
2023-08-19,1036,125,60,60,52,65,8
2023-08-20,1036,117,83,93,55,34,38
2023-08-21,1036,126,85,99,38,41,61
2023-08-22,1036,140,87,67,43,53,24
2023-08-23,1036,114,68,50,42,46,8
2023-08-24,1036,142,74,57,43,68,14
2023-08-25,1036,132,77,74,37,55,37
2023-08-26,1036,135,66,85,41,69,44
2023-08-27,1036,122,80,91,41,42,50
2023-08-28,1036,129,75,93,48,54,45
2023-08-29,1036,129,72,89,34,57,55
2023-08-30,1036,126,76,74,32,50,42
2023-08-31,1036,124,90,66,49,34,17
2023-09-01,1036,136,90,61,38,46,23
2023-09-02,1036,132,85,72,48,47,24
2023-09-03,1036,115,75,84,42,40,42
2023-09-04,1036,119,87,60,47,32,13
2023-09-05,1036,131,86,74,50,45,24
2023-09-06,1036,135,74,68,52,61,16
2023-09-07,1036,113,77,52,51,36,1
2023-09-08,1036,116,83,96,43,33,53
2023-09-09,1036,121,78,83,48,43,35
2023-09-10,1036,111,77,50,52,34,-2
2023-09-11,1036,131,82,72,37,49,35
2023-09-12,1036,134,85,80,32,49,48
2023-09-13,1036,102,72,94,38,30,56
2023-09-14,1036,144,78,84,40,66,44
2023-09-15,1036,116,78,69,51,38,18
2023-09-16,1036,128,65,51,39,63,12
2023-09-17,1036,101,96,92,37,5,55
2023-09-18,1036,134,74,86,34,60,52
2023-09-19,1036,124,76,65,38,48,27
2023-09-20,1036,125,84,85,44,41,41
2023-09-21,1036,129,87,77,37,42,40
2023-09-22,1036,128,96,87,43,32,44
2023-09-23,1036,129,72,65,47,57,18
2023-09-24,1036,105,73,86,43,32,43
2023-09-25,1036,124,70,81,39,54,42
2023-09-26,1036,103,74,86,48,29,38
2023-09-27,1036,120,89,99,47,31,52
2023-09-28,1036,125,93,73,46,32,27
2023-09-29,1036,106,76,65,59,30,6
2023-09-30,1036,108,69,100,33,39,67
2023-10-01,1036,144,105,88,31,39,57
2023-10-02,1036,138,86,55,32,52,23
2023-10-03,1036,150,100,92,40,50,52
2023-10-04,1036,145,81,97,35,64,62
2023-10-05,1036,131,81,52,47,50,5
2023-10-06,1036,136,97,87,41,39,46
2023-10-07,1036,138,78,86,35,60,51
2023-10-08,1036,130,69,68,52,61,16
2023-10-09,1036,112,53,65,45,59,20
2023-10-10,1036,111,78,69,32,33,37
2023-10-11,1036,127,66,78,31,61,47
2023-10-12,1036,125,84,88,39,41,49
2023-10-13,1036,101,79,56,48,22,8
2023-10-14,1036,127,79,97,45,48,52
2023-10-15,1036,121,81,62,46,40,16
2023-10-16,1036,141,93,68,38,48,30
2023-10-17,1036,135,74,91,35,61,56
2023-10-18,1036,118,94,75,47,24,28
2023-10-19,1036,119,72,68,36,47,32
2023-10-20,1036,143,73,73,51,70,22
2023-10-21,1036,147,66,64,37,81,27
2023-10-22,1036,109,79,72,30,30,42
2023-10-23,1036,109,83,77,32,26,45
2023-10-24,1036,110,78,91,32,32,59
2023-10-25,1036,131,84,97,49,47,48
2023-10-26,1036,125,85,90,52,40,38
2023-10-27,1036,148,85,60,39,63,21
2023-10-28,1036,139,78,67,44,61,23
2023-10-29,1036,109,72,76,34,37,42
2023-10-30,1036,122,84,82,40,38,42
2023-10-31,1036,104,81,67,38,23,29
2023-11-01,1036,137,83,90,47,54,43
2023-11-02,1036,139,74,53,50,65,3
2023-11-03,1036,111,92,68,35,19,33
2023-11-04,1036,105,76,54,58,29,-4
2023-11-05,1036,101,92,61,45,9,16
2023-11-06,1036,150,88,53,46,62,7
2023-11-07,1036,134,83,72,43,51,29
2023-11-08,1036,134,88,61,32,46,29
2023-11-09,1036,107,87,52,39,20,13
2023-11-10,1036,110,77,62,32,33,30
2023-11-11,1036,149,71,56,40,78,16
2023-11-12,1036,120,98,75,39,22,36
2023-11-13,1036,128,75,56,37,53,19
2023-11-14,1036,138,65,60,30,73,30
2023-11-15,1036,142,80,81,33,62,48
2023-11-16,1036,147,87,52,38,60,14
2023-11-17,1036,104,77,90,31,27,59
2023-11-18,1036,143,73,80,39,70,41
2023-11-19,1036,130,81,92,39,49,53
2023-11-20,1036,107,78,92,53,29,39
2023-11-21,1036,136,96,59,38,40,21
2023-11-22,1036,102,76,69,42,26,27
2023-11-23,1036,122,68,64,42,54,22
2023-11-24,1036,137,86,100,42,51,58
2023-11-25,1036,108,91,52,38,17,14
2023-11-26,1036,124,78,93,35,46,58
2023-11-27,1036,116,100,52,44,16,8
2023-11-28,1036,117,91,54,26,26,28
2023-11-29,1036,117,85,72,39,32,33
2023-11-30,1036,134,71,61,52,63,9
2023-12-01,1036,118,79,52,46,39,6
2023-12-02,1036,119,73,82,46,46,36
2023-12-03,1036,100,70,77,45,30,32
2023-12-04,1036,144,66,67,31,78,36
2023-12-05,1036,128,87,71,34,41,37
2023-12-06,1036,137,78,66,46,59,20
2023-12-07,1036,115,75,83,36,40,47
2023-12-08,1036,129,79,83,50,50,33
2023-12-09,1036,112,83,50,34,29,16
2023-12-10,1036,113,102,95,44,11,51
2023-12-11,1036,112,80,73,41,32,32
2023-12-12,1036,116,81,96,44,35,52
2023-12-13,1036,107,72,56,54,35,2
2023-12-14,1036,122,84,72,47,38,25
2023-12-15,1036,116,79,53,44,37,9
2023-12-16,1036,107,81,66,31,26,35
2023-12-17,1036,138,71,67,40,67,27
2023-12-18,1036,139,81,83,31,58,52
2023-12-19,1036,146,65,89,35,81,54
2023-12-20,1036,136,76,95,41,60,54
2023-12-21,1036,133,97,77,36,36,41
2023-12-22,1036,117,76,99,38,41,61
2023-12-23,1036,126,94,94,43,32,51
2023-12-24,1036,121,80,98,38,41,60
2023-12-25,1036,135,91,99,33,44,66
2023-12-26,1036,103,72,81,43,31,38
2023-12-27,1036,114,80,76,49,34,27
2023-12-28,1036,116,79,80,28,37,52
2023-12-29,1036,140,84,57,35,56,22
2023-12-30,1036,104,80,77,42,24,35
2023-12-31,1036,125,70,55,49,55,6
2023-01-01,1037,132,81,84,43,51,41
2023-01-02,1037,134,70,92,37,64,55
2023-01-03,1037,137,83,98,38,54,60
2023-01-04,1037,103,80,50,42,23,8
2023-01-05,1037,145,88,51,38,57,13
2023-01-06,1037,126,67,65,48,59,17
2023-01-07,1037,131,81,90,36,50,54
2023-01-08,1037,127,67,92,41,60,51
2023-01-09,1037,125,90,56,39,35,17
2023-01-10,1037,122,78,81,31,44,50
2023-01-11,1037,129,87,61,44,42,17
2023-01-12,1037,101,67,57,47,34,10
2023-01-13,1037,100,82,50,34,18,16
2023-01-14,1037,114,92,51,50,22,1
2023-01-15,1037,101,69,95,39,32,56
2023-01-16,1037,104,70,90,37,34,53
2023-01-17,1037,107,75,94,46,32,48
2023-01-18,1037,113,53,52,39,60,13
2023-01-19,1037,146,68,95,49,78,46
2023-01-20,1037,132,70,89,35,62,54
2023-01-21,1037,130,91,85,37,39,48
2023-01-22,1037,100,69,71,45,31,26
2023-01-23,1037,114,84,88,28,30,60
2023-01-24,1037,142,85,67,29,57,38
2023-01-25,1037,126,84,99,37,42,62
2023-01-26,1037,148,66,60,41,82,19
2023-01-27,1037,132,73,85,29,59,56
2023-01-28,1037,106,75,84,39,31,45
2023-01-29,1037,110,81,56,40,29,16
2023-01-30,1037,129,59,55,34,70,21
2023-01-31,1037,116,78,100,44,38,56
2023-02-01,1037,140,100,99,51,40,48
2023-02-02,1037,139,89,96,44,50,52
2023-02-03,1037,110,89,81,33,21,48
2023-02-04,1037,122,87,55,43,35,12
2023-02-05,1037,147,82,83,37,65,46
2023-02-06,1037,147,72,72,43,75,29
2023-02-07,1037,144,89,100,48,55,52
2023-02-08,1037,143,94,86,45,49,41
2023-02-09,1037,133,100,67,41,33,26
2023-02-10,1037,105,68,67,44,37,23
2023-02-11,1037,110,78,62,35,32,27
2023-02-12,1037,131,67,77,38,64,39
2023-02-13,1037,139,92,79,54,47,25
2023-02-14,1037,144,72,61,39,72,22
2023-02-15,1037,146,77,99,36,69,63
2023-02-16,1037,103,65,97,33,38,64
2023-02-17,1037,115,83,71,41,32,30
2023-02-18,1037,131,87,75,47,44,28
2023-02-19,1037,120,84,86,34,36,52
2023-02-20,1037,142,75,53,40,67,13
2023-02-21,1037,116,91,50,49,25,1
2023-02-22,1037,102,68,50,32,34,18
2023-02-23,1037,110,78,57,36,32,21
2023-02-24,1037,131,95,97,37,36,60
2023-02-25,1037,138,84,55,41,54,14
2023-02-26,1037,122,71,67,45,51,22
2023-02-27,1037,130,90,52,37,40,15
2023-02-28,1037,134,70,78,26,64,52
2023-03-01,1037,142,82,58,40,60,18
2023-03-02,1037,128,67,92,44,61,48
2023-03-03,1037,113,85,83,40,28,43
2023-03-04,1037,103,79,75,32,24,43
2023-03-05,1037,150,101,98,31,49,67
2023-03-06,1037,107,60,80,50,47,30
2023-03-07,1037,126,85,61,44,41,17
2023-03-08,1037,102,87,84,40,15,44
2023-03-09,1037,137,69,78,42,68,36
2023-03-10,1037,137,90,67,33,47,34
2023-03-11,1037,135,83,51,48,52,3
2023-03-12,1037,100,78,70,33,22,37
2023-03-13,1037,139,80,84,48,59,36
2023-03-14,1037,129,75,100,33,54,67
2023-03-15,1037,121,67,54,47,54,7
2023-03-16,1037,122,87,54,51,35,3
2023-03-17,1037,124,65,50,42,59,8
2023-03-18,1037,120,72,87,44,48,43
2023-03-19,1037,109,72,96,45,37,51
2023-03-20,1037,109,77,87,44,32,43
2023-03-21,1037,115,63,94,39,52,55
2023-03-22,1037,104,84,59,34,20,25
2023-03-23,1037,141,93,70,43,48,27
2023-03-24,1037,139,57,78,38,82,40
2023-03-25,1037,118,92,70,49,26,21
2023-03-26,1037,134,82,100,42,52,58
2023-03-27,1037,102,82,71,36,20,35
2023-03-28,1037,114,85,69,49,29,20
2023-03-29,1037,142,78,62,35,64,27
2023-03-30,1037,129,75,73,41,54,32
2023-03-31,1037,143,69,72,48,74,24
2023-04-01,1037,109,74,69,40,35,29
2023-04-02,1037,136,84,80,33,52,47
2023-04-03,1037,113,88,58,36,25,22
2023-04-04,1037,146,59,60,44,87,16
2023-04-05,1037,106,98,58,50,8,8
2023-04-06,1037,145,77,98,49,68,49
2023-04-07,1037,142,78,79,44,64,35
2023-04-08,1037,145,90,99,40,55,59
2023-04-09,1037,130,73,55,55,57,0
2023-04-10,1037,139,69,73,44,70,29
2023-04-11,1037,132,85,60,34,47,26
2023-04-12,1037,144,80,61,37,64,24
2023-04-13,1037,104,72,65,31,32,34
2023-04-14,1037,119,67,90,39,52,51
2023-04-15,1037,131,85,61,50,46,11
2023-04-16,1037,115,81,50,34,34,16
2023-04-17,1037,142,90,73,45,52,28
2023-04-18,1037,135,75,86,43,60,43
2023-04-19,1037,105,96,72,34,9,38
2023-04-20,1037,115,88,78,44,27,34
2023-04-21,1037,127,83,69,45,44,24
2023-04-22,1037,135,82,51,31,53,20
2023-04-23,1037,143,68,92,52,75,40
2023-04-24,1037,102,80,58,40,22,18
2023-04-25,1037,104,91,50,43,13,7
2023-04-26,1037,147,80,86,44,67,42
2023-04-27,1037,112,87,57,43,25,14
2023-04-28,1037,126,85,92,50,41,42
2023-04-29,1037,145,79,94,35,66,59
2023-04-30,1037,127,80,67,48,47,19
2023-05-01,1037,137,76,94,45,61,49
2023-05-02,1037,118,84,92,30,34,62
2023-05-03,1037,128,65,67,28,63,39
2023-05-04,1037,132,86,100,40,46,60
2023-05-05,1037,140,74,95,38,66,57
2023-05-06,1037,143,87,91,30,56,61
2023-05-07,1037,107,87,94,37,20,57
2023-05-08,1037,133,84,65,34,49,31
2023-05-09,1037,101,97,50,37,4,13
2023-05-10,1037,148,89,51,37,59,14
2023-05-11,1037,101,81,84,38,20,46
2023-05-12,1037,134,70,98,38,64,60
2023-05-13,1037,115,76,82,37,39,45
2023-05-14,1037,109,90,74,48,19,26
2023-05-15,1037,125,90,65,41,35,24
2023-05-16,1037,123,79,93,43,44,50
2023-05-17,1037,119,63,92,48,56,44
2023-05-18,1037,115,88,89,38,27,51
2023-05-19,1037,146,92,60,54,54,6
2023-05-20,1037,100,70,74,34,30,40
2023-05-21,1037,128,62,65,44,66,21
2023-05-22,1037,122,84,60,44,38,16
2023-05-23,1037,114,83,78,46,31,32
2023-05-24,1037,129,80,59,41,49,18
2023-05-25,1037,123,72,65,36,51,29
2023-05-26,1037,110,77,62,39,33,23
2023-05-27,1037,102,72,91,34,30,57
2023-05-28,1037,115,64,67,33,51,34
2023-05-29,1037,148,93,92,32,55,60
2023-05-30,1037,131,69,87,41,62,46
2023-05-31,1037,142,65,71,42,77,29
2023-06-01,1037,110,81,69,36,29,33
2023-06-02,1037,150,84,93,31,66,62
2023-06-03,1037,135,80,71,44,55,27
2023-06-04,1037,110,82,82,35,28,47
2023-06-05,1037,114,70,72,34,44,38
2023-06-06,1037,111,80,51,31,31,20
2023-06-07,1037,150,62,91,31,88,60
2023-06-08,1037,150,93,83,42,57,41
2023-06-09,1037,133,80,52,29,53,23
2023-06-10,1037,115,70,73,38,45,35
2023-06-11,1037,132,85,91,40,47,51
2023-06-12,1037,121,72,78,48,49,30
2023-06-13,1037,122,90,68,37,32,31
2023-06-14,1037,122,69,90,39,53,51
2023-06-15,1037,124,85,72,39,39,33
2023-06-16,1037,129,76,51,37,53,14
2023-06-17,1037,100,97,87,46,3,41
2023-06-18,1037,125,78,91,41,47,50
2023-06-19,1037,115,83,85,48,32,37
2023-06-20,1037,133,78,93,43,55,50
2023-06-21,1037,110,79,83,39,31,44
2023-06-22,1037,115,69,83,39,46,44
2023-06-23,1037,100,93,51,40,7,11
2023-06-24,1037,144,70,70,37,74,33
2023-06-25,1037,141,88,76,50,53,26
2023-06-26,1037,140,81,86,41,59,45
2023-06-27,1037,128,79,67,36,49,31
2023-06-28,1037,112,79,99,37,33,62
2023-06-29,1037,150,80,54,43,70,11
2023-06-30,1037,131,74,89,41,57,48
2023-07-01,1037,137,86,99,40,51,59
2023-07-02,1037,131,82,73,38,49,35
2023-07-03,1037,127,77,80,43,50,37
2023-07-04,1037,123,79,80,54,44,26
2023-07-05,1037,122,71,53,37,51,16
2023-07-06,1037,131,60,98,27,71,71
2023-07-07,1037,127,81,83,53,46,30
2023-07-08,1037,119,76,50,51,43,-1
2023-07-09,1037,124,95,55,41,29,14
2023-07-10,1037,137,73,54,37,64,17
2023-07-11,1037,140,74,71,47,66,24
2023-07-12,1037,140,92,53,37,48,16
2023-07-13,1037,120,85,96,41,35,55
2023-07-14,1037,123,76,60,42,47,18
2023-07-15,1037,117,78,64,33,39,31
2023-07-16,1037,116,92,79,42,24,37
2023-07-17,1037,133,83,77,49,50,28
2023-07-18,1037,149,72,50,41,77,9
2023-07-19,1037,117,72,86,43,45,43
2023-07-20,1037,130,96,96,32,34,64
2023-07-21,1037,146,79,86,28,67,58
2023-07-22,1037,110,79,50,56,31,-6
2023-07-23,1037,116,80,93,47,36,46
2023-07-24,1037,122,91,97,47,31,50
2023-07-25,1037,145,93,75,36,52,39
2023-07-26,1037,139,93,84,44,46,40
2023-07-27,1037,116,80,63,34,36,29
2023-07-28,1037,147,80,59,44,67,15
2023-07-29,1037,142,82,93,42,60,51
2023-07-30,1037,106,91,94,40,15,54
2023-07-31,1037,138,95,79,30,43,49
2023-08-01,1037,114,63,75,41,51,34
2023-08-02,1037,133,75,87,37,58,50
2023-08-03,1037,128,64,84,40,64,44
2023-08-04,1037,103,93,54,40,10,14
2023-08-05,1037,140,78,100,41,62,59
2023-08-06,1037,146,74,97,41,72,56
2023-08-07,1037,122,99,94,41,23,53
2023-08-08,1037,117,82,94,44,35,50
2023-08-09,1037,135,98,76,39,37,37
2023-08-10,1037,123,69,87,38,54,49
2023-08-11,1037,116,82,81,38,34,43
2023-08-12,1037,150,88,91,37,62,54
2023-08-13,1037,112,80,91,48,32,43
2023-08-14,1037,111,92,65,27,19,38
2023-08-15,1037,111,62,86,43,49,43
2023-08-16,1037,108,69,76,28,39,48
2023-08-17,1037,138,98,55,39,40,16
2023-08-18,1037,125,62,96,50,63,46
2023-08-19,1037,127,82,69,33,45,36
2023-08-20,1037,147,74,72,41,73,31
2023-08-21,1037,111,78,70,44,33,26
2023-08-22,1037,146,74,95,60,72,35
2023-08-23,1037,139,96,59,33,43,26
2023-08-24,1037,129,81,74,46,48,28
2023-08-25,1037,121,74,71,42,47,29
2023-08-26,1037,112,73,91,40,39,51
2023-08-27,1037,143,78,80,45,65,35
2023-08-28,1037,107,66,75,36,41,39
2023-08-29,1037,128,62,87,40,66,47
2023-08-30,1037,150,75,52,45,75,7
2023-08-31,1037,147,70,53,48,77,5
2023-09-01,1037,109,73,58,36,36,22
2023-09-02,1037,115,64,90,30,51,60
2023-09-03,1037,132,87,84,38,45,46
2023-09-04,1037,140,69,58,37,71,21
2023-09-05,1037,148,76,82,32,72,50
2023-09-06,1037,130,92,74,49,38,25
2023-09-07,1037,106,76,99,50,30,49
2023-09-08,1037,150,65,96,56,85,40
2023-09-09,1037,108,89,87,33,19,54
2023-09-10,1037,101,81,65,35,20,30
2023-09-11,1037,120,68,91,36,52,55
2023-09-12,1037,138,90,76,30,48,46
2023-09-13,1037,119,70,80,35,49,45
2023-09-14,1037,106,83,55,28,23,27
2023-09-15,1037,130,73,84,39,57,45
2023-09-16,1037,100,79,55,39,21,16
2023-09-17,1037,108,66,95,45,42,50
2023-09-18,1037,109,82,85,46,27,39
2023-09-19,1037,147,84,87,39,63,48
2023-09-20,1037,123,80,86,48,43,38
2023-09-21,1037,137,82,90,39,55,51
2023-09-22,1037,121,92,61,45,29,16
2023-09-23,1037,103,65,79,42,38,37
2023-09-24,1037,135,80,56,44,55,12
2023-09-25,1037,116,98,61,42,18,19
2023-09-26,1037,120,55,58,46,65,12
2023-09-27,1037,112,64,57,54,48,3
2023-09-28,1037,127,78,84,39,49,45
2023-09-29,1037,139,74,61,32,65,29
2023-09-30,1037,115,75,86,34,40,52
2023-10-01,1037,114,66,85,43,48,42
2023-10-02,1037,130,75,79,40,55,39
2023-10-03,1037,104,82,55,45,22,10
2023-10-04,1037,130,77,95,48,53,47
2023-10-05,1037,114,81,94,43,33,51
2023-10-06,1037,109,74,65,46,35,19
2023-10-07,1037,144,86,51,40,58,11
2023-10-08,1037,136,81,59,24,55,35
2023-10-09,1037,121,76,71,37,45,34
2023-10-10,1037,142,82,62,37,60,25
2023-10-11,1037,108,76,52,50,32,2
2023-10-12,1037,146,89,77,41,57,36
2023-10-13,1037,112,81,67,44,31,23
2023-10-14,1037,137,89,70,37,48,33
2023-10-15,1037,120,92,55,53,28,2
2023-10-16,1037,146,74,80,43,72,37
2023-10-17,1037,130,81,58,35,49,23
2023-10-18,1037,147,87,77,41,60,36
2023-10-19,1037,124,79,68,31,45,37
2023-10-20,1037,139,76,60,43,63,17
2023-10-21,1037,105,85,77,28,20,49
2023-10-22,1037,147,96,53,48,51,5
2023-10-23,1037,132,90,98,42,42,56
2023-10-24,1037,147,74,73,42,73,31
2023-10-25,1037,116,88,82,44,28,38
2023-10-26,1037,124,84,76,40,40,36
2023-10-27,1037,112,77,74,29,35,45
2023-10-28,1037,147,85,64,50,62,14
2023-10-29,1037,149,81,87,41,68,46
2023-10-30,1037,127,75,59,36,52,23
2023-10-31,1037,127,85,90,42,42,48
2023-11-01,1037,136,95,65,37,41,28
2023-11-02,1037,119,72,85,44,47,41
2023-11-03,1037,138,87,76,56,51,20
2023-11-04,1037,101,75,51,40,26,11
2023-11-05,1037,144,73,72,37,71,35
2023-11-06,1037,148,101,91,39,47,52
2023-11-07,1037,124,80,61,40,44,21
2023-11-08,1037,132,70,71,29,62,42
2023-11-09,1037,131,82,92,35,49,57
2023-11-10,1037,109,81,57,41,28,16
2023-11-11,1037,127,75,92,36,52,56
2023-11-12,1037,133,85,52,44,48,8
2023-11-13,1037,133,90,59,34,43,25
2023-11-14,1037,118,80,80,30,38,50
2023-11-15,1037,149,95,95,33,54,62
2023-11-16,1037,148,92,87,44,56,43
2023-11-17,1037,139,86,65,51,53,14
2023-11-18,1037,144,85,87,37,59,50
2023-11-19,1037,149,64,96,47,85,49
2023-11-20,1037,101,92,51,46,9,5
2023-11-21,1037,111,66,100,43,45,57
2023-11-22,1037,120,77,61,38,43,23
2023-11-23,1037,102,67,61,33,35,28
2023-11-24,1037,146,77,68,34,69,34
2023-11-25,1037,137,81,79,37,56,42
2023-11-26,1037,100,74,71,37,26,34
2023-11-27,1037,101,65,71,36,36,35
2023-11-28,1037,136,74,87,47,62,40
2023-11-29,1037,144,66,51,44,78,7
2023-11-30,1037,131,71,90,38,60,52
2023-12-01,1037,150,80,87,40,70,47
2023-12-02,1037,109,82,72,42,27,30
2023-12-03,1037,132,72,93,35,60,58
2023-12-04,1037,146,95,69,51,51,18
2023-12-05,1037,126,72,74,39,54,35
2023-12-06,1037,107,71,63,40,36,23
2023-12-07,1037,144,84,71,29,60,42
2023-12-08,1037,143,73,61,40,70,21
2023-12-09,1037,147,84,90,56,63,34
2023-12-10,1037,108,71,76,42,37,34
2023-12-11,1037,146,69,79,31,77,48
2023-12-12,1037,145,79,58,29,66,29
2023-12-13,1037,115,77,94,30,38,64
2023-12-14,1037,115,69,50,37,46,13
2023-12-15,1037,143,86,63,45,57,18
2023-12-16,1037,127,87,55,45,40,10
2023-12-17,1037,119,74,67,22,45,45
2023-12-18,1037,107,72,74,35,35,39
2023-12-19,1037,138,74,82,33,64,49
2023-12-20,1037,150,82,73,39,68,34
2023-12-21,1037,118,87,89,34,31,55
2023-12-22,1037,130,85,60,43,45,17
2023-12-23,1037,143,95,78,33,48,45
2023-12-24,1037,123,85,97,38,38,59
2023-12-25,1037,122,79,74,48,43,26
2023-12-26,1037,103,83,93,44,20,49
2023-12-27,1037,111,85,85,39,26,46
2023-12-28,1037,142,68,79,41,74,38
2023-12-29,1037,124,58,87,49,66,38
2023-12-30,1037,130,88,66,49,42,17
2023-12-31,1037,106,87,100,50,19,50
2023-01-01,1038,133,68,93,41,65,52
2023-01-02,1038,135,72,68,35,63,33
2023-01-03,1038,141,91,85,34,50,51
2023-01-04,1038,147,66,54,64,81,-10
2023-01-05,1038,105,70,67,43,35,24
2023-01-06,1038,108,78,59,41,30,18
2023-01-07,1038,109,96,56,33,13,23
2023-01-08,1038,124,71,55,31,53,24
2023-01-09,1038,144,85,97,40,59,57
2023-01-10,1038,130,84,52,42,46,10
2023-01-11,1038,103,92,87,46,11,41
2023-01-12,1038,144,63,51,52,81,-1
2023-01-13,1038,137,75,64,37,62,27
2023-01-14,1038,109,65,55,44,44,11
2023-01-15,1038,147,96,58,44,51,14
2023-01-16,1038,124,98,78,32,26,46
2023-01-17,1038,100,85,76,36,15,40
2023-01-18,1038,145,86,63,42,59,21
2023-01-19,1038,126,77,91,39,49,52
2023-01-20,1038,120,79,67,44,41,23
2023-01-21,1038,129,90,79,41,39,38
2023-01-22,1038,138,80,89,40,58,49
2023-01-23,1038,102,81,92,44,21,48
2023-01-24,1038,119,68,71,43,51,28
2023-01-25,1038,117,79,59,37,38,22
2023-01-26,1038,150,83,83,55,67,28
2023-01-27,1038,149,90,55,38,59,17
2023-01-28,1038,147,94,60,37,53,23
2023-01-29,1038,113,79,91,26,34,65
2023-01-30,1038,104,78,92,45,26,47
2023-01-31,1038,121,92,52,54,29,-2
2023-02-01,1038,146,78,93,40,68,53
2023-02-02,1038,127,92,89,42,35,47
2023-02-03,1038,148,84,63,39,64,24
2023-02-04,1038,102,74,84,45,28,39
2023-02-05,1038,150,79,50,46,71,4
2023-02-06,1038,135,82,87,48,53,39
2023-02-07,1038,127,75,61,37,52,24
2023-02-08,1038,147,82,97,33,65,64
2023-02-09,1038,127,73,84,46,54,38
2023-02-10,1038,130,87,82,37,43,45
2023-02-11,1038,113,92,55,39,21,16
2023-02-12,1038,120,82,85,31,38,54
2023-02-13,1038,144,80,80,33,64,47
2023-02-14,1038,104,69,71,46,35,25
2023-02-15,1038,148,103,86,39,45,47
2023-02-16,1038,127,67,50,35,60,15
2023-02-17,1038,131,61,82,38,70,44
2023-02-18,1038,124,73,79,29,51,50
2023-02-19,1038,126,82,70,47,44,23
2023-02-20,1038,130,88,55,35,42,20
2023-02-21,1038,128,87,69,39,41,30
2023-02-22,1038,130,95,73,29,35,44
2023-02-23,1038,128,91,91,38,37,53
2023-02-24,1038,139,84,65,36,55,29
2023-02-25,1038,147,85,87,34,62,53
2023-02-26,1038,129,90,65,36,39,29
2023-02-27,1038,133,75,73,43,58,30
2023-02-28,1038,108,80,93,37,28,56
2023-03-01,1038,111,76,63,37,35,26
2023-03-02,1038,147,80,66,41,67,25
2023-03-03,1038,110,81,88,42,29,46
2023-03-04,1038,129,82,85,40,47,45
2023-03-05,1038,141,94,96,37,47,59
2023-03-06,1038,112,82,78,44,30,34
2023-03-07,1038,138,79,72,44,59,28
2023-03-08,1038,134,71,59,33,63,26
2023-03-09,1038,127,79,72,43,48,29
2023-03-10,1038,149,97,57,41,52,16
2023-03-11,1038,119,92,100,58,27,42
2023-03-12,1038,141,72,86,30,69,56
2023-03-13,1038,137,68,94,37,69,57
2023-03-14,1038,131,81,50,57,50,-7
2023-03-15,1038,115,70,92,45,45,47
2023-03-16,1038,133,79,88,36,54,52
2023-03-17,1038,107,85,79,41,22,38
2023-03-18,1038,141,70,98,37,71,61
2023-03-19,1038,126,93,66,44,33,22
2023-03-20,1038,116,77,54,35,39,19
2023-03-21,1038,129,75,78,53,54,25
2023-03-22,1038,146,81,90,48,65,42
2023-03-23,1038,128,89,86,41,39,45
2023-03-24,1038,129,81,85,48,48,37
2023-03-25,1038,117,91,64,32,26,32
2023-03-26,1038,102,70,56,43,32,13
2023-03-27,1038,102,78,79,40,24,39
2023-03-28,1038,148,90,87,43,58,44
2023-03-29,1038,126,81,80,35,45,45
2023-03-30,1038,115,87,74,37,28,37
2023-03-31,1038,100,83,83,37,17,46
2023-04-01,1038,136,81,81,38,55,43
2023-04-02,1038,147,88,70,43,59,27
2023-04-03,1038,134,93,74,41,41,33
2023-04-04,1038,133,85,84,33,48,51
2023-04-05,1038,107,80,99,31,27,68
2023-04-06,1038,118,78,75,34,40,41
2023-04-07,1038,123,77,58,38,46,20
2023-04-08,1038,130,88,63,38,42,25
2023-04-09,1038,126,98,63,54,28,9
2023-04-10,1038,110,86,73,39,24,34
2023-04-11,1038,131,72,87,41,59,46
2023-04-12,1038,132,80,82,34,52,48
2023-04-13,1038,137,65,71,41,72,30
2023-04-14,1038,148,83,66,47,65,19
2023-04-15,1038,106,90,99,42,16,57
2023-04-16,1038,143,76,76,34,67,42
2023-04-17,1038,111,86,72,25,25,47
2023-04-18,1038,129,79,74,53,50,21
2023-04-19,1038,133,80,87,40,53,47
2023-04-20,1038,107,92,65,42,15,23
2023-04-21,1038,103,95,72,39,8,33
2023-04-22,1038,116,72,54,42,44,12
2023-04-23,1038,143,72,65,35,71,30
2023-04-24,1038,119,76,89,44,43,45
2023-04-25,1038,138,85,52,33,53,19
2023-04-26,1038,120,72,90,42,48,48
2023-04-27,1038,150,72,55,51,78,4
2023-04-28,1038,109,84,76,44,25,32
2023-04-29,1038,142,96,70,28,46,42
2023-04-30,1038,142,74,87,41,68,46
2023-05-01,1038,144,72,74,41,72,33
2023-05-02,1038,114,96,63,31,18,32
2023-05-03,1038,142,73,94,43,69,51
2023-05-04,1038,137,78,53,46,59,7
2023-05-05,1038,110,92,53,34,18,19
2023-05-06,1038,103,82,60,42,21,18
2023-05-07,1038,126,82,81,41,44,40
2023-05-08,1038,121,89,55,38,32,17
2023-05-09,1038,123,76,56,43,47,13
2023-05-10,1038,115,90,72,48,25,24
2023-05-11,1038,140,87,60,40,53,20
2023-05-12,1038,111,68,89,43,43,46
2023-05-13,1038,134,85,93,45,49,48
2023-05-14,1038,126,71,74,43,55,31
2023-05-15,1038,104,83,93,35,21,58
2023-05-16,1038,147,64,93,36,83,57
2023-05-17,1038,115,83,77,36,32,41
2023-05-18,1038,132,75,56,44,57,12
2023-05-19,1038,121,82,57,40,39,17
2023-05-20,1038,144,79,72,28,65,44
2023-05-21,1038,139,84,57,34,55,23
2023-05-22,1038,144,100,60,33,44,27
2023-05-23,1038,104,69,76,42,35,34
2023-05-24,1038,143,63,56,36,80,20
2023-05-25,1038,116,84,62,47,32,15
2023-05-26,1038,104,59,94,32,45,62
2023-05-27,1038,111,77,99,42,34,57
2023-05-28,1038,107,71,63,37,36,26
2023-05-29,1038,150,55,90,53,95,37
2023-05-30,1038,100,85,82,43,15,39
2023-05-31,1038,107,81,81,39,26,42
2023-06-01,1038,124,71,81,37,53,44
2023-06-02,1038,143,81,86,47,62,39
2023-06-03,1038,101,75,75,43,26,32
2023-06-04,1038,127,77,74,42,50,32
2023-06-05,1038,120,97,93,38,23,55
2023-06-06,1038,122,94,53,49,28,4
2023-06-07,1038,120,90,72,36,30,36
2023-06-08,1038,107,69,89,40,38,49
2023-06-09,1038,148,80,57,44,68,13
2023-06-10,1038,134,90,100,38,44,62
2023-06-11,1038,119,72,68,42,47,26
2023-06-12,1038,146,78,52,47,68,5
2023-06-13,1038,148,80,55,34,68,21
2023-06-14,1038,129,81,64,49,48,15
2023-06-15,1038,113,75,73,42,38,31
2023-06-16,1038,135,86,76,47,49,29
2023-06-17,1038,110,89,68,39,21,29
2023-06-18,1038,119,91,96,31,28,65
2023-06-19,1038,110,80,61,42,30,19
2023-06-20,1038,117,101,51,53,16,-2
2023-06-21,1038,109,84,60,45,25,15
2023-06-22,1038,112,98,89,51,14,38
2023-06-23,1038,133,81,67,30,52,37
2023-06-24,1038,150,78,59,42,72,17
2023-06-25,1038,131,73,82,48,58,34
2023-06-26,1038,142,82,53,28,60,25
2023-06-27,1038,114,85,71,46,29,25
2023-06-28,1038,142,89,83,45,53,38
2023-06-29,1038,114,68,85,39,46,46
2023-06-30,1038,122,93,87,30,29,57
2023-07-01,1038,140,86,62,40,54,22
2023-07-02,1038,134,75,70,36,59,34
2023-07-03,1038,136,83,74,47,53,27
2023-07-04,1038,145,90,62,46,55,16
2023-07-05,1038,126,93,78,47,33,31
2023-07-06,1038,104,81,69,41,23,28
2023-07-07,1038,105,83,80,38,22,42
2023-07-08,1038,120,62,72,38,58,34
2023-07-09,1038,138,77,87,27,61,60
2023-07-10,1038,129,67,100,32,62,68
2023-07-11,1038,111,68,56,33,43,23
2023-07-12,1038,102,75,93,41,27,52
2023-07-13,1038,130,72,86,24,58,62
2023-07-14,1038,101,68,75,42,33,33
2023-07-15,1038,122,84,96,43,38,53
2023-07-16,1038,124,69,92,29,55,63
2023-07-17,1038,146,79,62,43,67,19
2023-07-18,1038,127,74,76,45,53,31
2023-07-19,1038,128,71,65,31,57,34
2023-07-20,1038,150,98,70,44,52,26
2023-07-21,1038,111,79,90,31,32,59
2023-07-22,1038,146,74,99,45,72,54
2023-07-23,1038,117,82,74,35,35,39
2023-07-24,1038,146,84,56,38,62,18
2023-07-25,1038,148,96,95,43,52,52
2023-07-26,1038,107,77,51,47,30,4
2023-07-27,1038,144,77,56,42,67,14
2023-07-28,1038,129,71,73,34,58,39
2023-07-29,1038,149,97,69,40,52,29
2023-07-30,1038,130,95,66,28,35,38
2023-07-31,1038,147,80,84,38,67,46
2023-08-01,1038,119,70,52,35,49,17
2023-08-02,1038,146,88,98,47,58,51
2023-08-03,1038,111,68,70,35,43,35
2023-08-04,1038,104,74,77,41,30,36
2023-08-05,1038,101,92,96,49,9,47
2023-08-06,1038,127,73,85,43,54,42
2023-08-07,1038,126,87,90,43,39,47
2023-08-08,1038,127,86,90,35,41,55
2023-08-09,1038,134,96,55,37,38,18
2023-08-10,1038,119,74,98,38,45,60
2023-08-11,1038,127,78,67,43,49,24
2023-08-12,1038,148,83,61,32,65,29
2023-08-13,1038,124,74,55,46,50,9
2023-08-14,1038,133,86,57,36,47,21
2023-08-15,1038,111,100,62,40,11,22
2023-08-16,1038,145,77,85,34,68,51
2023-08-17,1038,114,88,58,43,26,15
2023-08-18,1038,107,88,98,26,19,72
2023-08-19,1038,148,83,59,34,65,25
2023-08-20,1038,117,84,77,37,33,40
2023-08-21,1038,136,78,62,42,58,20
2023-08-22,1038,114,78,78,41,36,37
2023-08-23,1038,116,83,76,47,33,29
2023-08-24,1038,128,76,62,30,52,32
2023-08-25,1038,115,76,74,36,39,38
2023-08-26,1038,126,94,81,33,32,48
2023-08-27,1038,123,78,100,36,45,64
2023-08-28,1038,141,82,85,32,59,53
2023-08-29,1038,145,66,90,40,79,50
2023-08-30,1038,133,92,54,43,41,11
2023-08-31,1038,109,77,63,35,32,28
2023-09-01,1038,148,84,63,51,64,12
2023-09-02,1038,121,81,57,48,40,9
2023-09-03,1038,141,80,96,41,61,55
2023-09-04,1038,144,85,57,34,59,23
2023-09-05,1038,113,72,95,39,41,56
2023-09-06,1038,102,93,59,41,9,18
2023-09-07,1038,116,85,62,43,31,19
2023-09-08,1038,102,87,51,46,15,5
2023-09-09,1038,138,83,51,32,55,19
2023-09-10,1038,107,75,94,42,32,52
2023-09-11,1038,106,80,90,52,26,38
2023-09-12,1038,133,69,99,32,64,67
2023-09-13,1038,106,77,79,47,29,32
2023-09-14,1038,133,87,62,43,46,19
2023-09-15,1038,150,88,92,48,62,44
2023-09-16,1038,148,80,75,39,68,36
2023-09-17,1038,131,82,88,28,49,60
2023-09-18,1038,104,69,85,42,35,43
2023-09-19,1038,111,76,67,40,35,27
2023-09-20,1038,110,79,84,42,31,42
2023-09-21,1038,140,82,73,31,58,42
2023-09-22,1038,131,76,84,35,55,49
2023-09-23,1038,141,93,57,46,48,11
2023-09-24,1038,148,79,73,32,69,41
2023-09-25,1038,117,72,93,38,45,55
2023-09-26,1038,123,88,66,43,35,23
2023-09-27,1038,108,69,64,46,39,18
2023-09-28,1038,128,80,89,41,48,48
2023-09-29,1038,136,71,88,41,65,47
2023-09-30,1038,129,82,97,46,47,51
2023-10-01,1038,133,89,86,32,44,54
2023-10-02,1038,119,82,69,33,37,36
2023-10-03,1038,132,93,66,49,39,17
2023-10-04,1038,112,66,97,33,46,64
2023-10-05,1038,132,90,89,33,42,56
2023-10-06,1038,146,76,80,33,70,47
2023-10-07,1038,146,63,71,29,83,42
2023-10-08,1038,107,74,87,34,33,53
2023-10-09,1038,143,73,74,40,70,34
2023-10-10,1038,118,93,74,40,25,34
2023-10-11,1038,133,78,84,31,55,53
2023-10-12,1038,129,84,63,42,45,21
2023-10-13,1038,103,98,53,37,5,16
2023-10-14,1038,124,73,89,44,51,45
2023-10-15,1038,125,75,99,38,50,61
2023-10-16,1038,104,66,79,39,38,40
2023-10-17,1038,149,73,97,54,76,43
2023-10-18,1038,134,78,51,41,56,10
2023-10-19,1038,140,75,98,33,65,65
2023-10-20,1038,104,75,59,43,29,16
2023-10-21,1038,116,79,82,38,37,44
2023-10-22,1038,119,78,84,34,41,50
2023-10-23,1038,130,80,88,33,50,55
2023-10-24,1038,103,66,61,39,37,22
2023-10-25,1038,128,77,92,43,51,49
2023-10-26,1038,138,83,50,37,55,13
2023-10-27,1038,100,68,66,38,32,28
2023-10-28,1038,150,58,62,44,92,18
2023-10-29,1038,129,84,71,43,45,28
2023-10-30,1038,133,79,99,37,54,62
2023-10-31,1038,129,90,78,40,39,38
2023-11-01,1038,132,85,93,34,47,59
2023-11-02,1038,150,76,82,33,74,49
2023-11-03,1038,122,87,59,42,35,17
2023-11-04,1038,139,90,83,48,49,35
2023-11-05,1038,105,79,80,51,26,29
2023-11-06,1038,115,81,97,48,34,49
2023-11-07,1038,122,74,96,55,48,41
2023-11-08,1038,120,75,80,30,45,50
2023-11-09,1038,111,90,71,42,21,29
2023-11-10,1038,101,77,99,37,24,62
2023-11-11,1038,148,80,79,53,68,26
2023-11-12,1038,112,93,91,35,19,56
2023-11-13,1038,145,78,94,47,67,47
2023-11-14,1038,108,86,63,39,22,24
2023-11-15,1038,110,85,83,35,25,48
2023-11-16,1038,142,71,83,34,71,49
2023-11-17,1038,114,85,69,36,29,33
2023-11-18,1038,149,79,73,36,70,37
2023-11-19,1038,126,90,93,30,36,63
2023-11-20,1038,147,70,62,48,77,14
2023-11-21,1038,123,85,88,30,38,58
2023-11-22,1038,148,77,54,32,71,22
2023-11-23,1038,122,114,66,48,8,18
2023-11-24,1038,113,85,59,30,28,29
2023-11-25,1038,141,85,89,36,56,53
2023-11-26,1038,102,84,66,46,18,20
2023-11-27,1038,125,98,90,38,27,52
2023-11-28,1038,144,71,54,37,73,17
2023-11-29,1038,143,77,59,43,66,16
2023-11-30,1038,108,72,84,42,36,42
2023-12-01,1038,136,76,70,38,60,32
2023-12-02,1038,101,76,81,25,25,56
2023-12-03,1038,119,89,81,42,30,39
2023-12-04,1038,126,91,99,42,35,57
2023-12-05,1038,148,75,69,42,73,27
2023-12-06,1038,148,69,91,51,79,40
2023-12-07,1038,110,58,61,47,52,14
2023-12-08,1038,126,80,94,43,46,51
2023-12-09,1038,103,94,58,31,9,27
2023-12-10,1038,120,82,72,34,38,38
2023-12-11,1038,102,92,93,40,10,53
2023-12-12,1038,115,65,97,37,50,60
2023-12-13,1038,114,70,99,36,44,63
2023-12-14,1038,101,59,76,54,42,22
2023-12-15,1038,115,88,91,50,27,41
2023-12-16,1038,141,77,57,34,64,23
2023-12-17,1038,143,82,78,36,61,42
2023-12-18,1038,101,93,75,34,8,41
2023-12-19,1038,115,86,65,41,29,24
2023-12-20,1038,149,96,58,38,53,20
2023-12-21,1038,101,77,63,36,24,27
2023-12-22,1038,144,64,54,44,80,10
2023-12-23,1038,139,78,72,45,61,27
2023-12-24,1038,137,86,60,41,51,19
2023-12-25,1038,138,78,77,35,60,42
2023-12-26,1038,129,73,90,49,56,41
2023-12-27,1038,118,76,99,45,42,54
2023-12-28,1038,144,94,71,46,50,25
2023-12-29,1038,141,77,69,43,64,26
2023-12-30,1038,142,92,82,40,50,42
2023-12-31,1038,143,79,51,44,64,7
2023-01-01,1039,110,83,83,48,27,35
2023-01-02,1039,126,94,97,40,32,57
2023-01-03,1039,117,86,74,31,31,43
2023-01-04,1039,127,86,58,42,41,16
2023-01-05,1039,144,100,63,55,44,8
2023-01-06,1039,140,93,74,32,47,42
2023-01-07,1039,114,95,53,51,19,2
2023-01-08,1039,139,72,55,20,67,35
2023-01-09,1039,105,84,89,37,21,52
2023-01-10,1039,110,75,53,35,35,18
2023-01-11,1039,117,88,56,38,29,18
2023-01-12,1039,106,82,80,37,24,43
2023-01-13,1039,147,61,61,32,86,29
2023-01-14,1039,104,70,71,37,34,34
2023-01-15,1039,126,87,68,53,39,15
2023-01-16,1039,137,92,63,45,45,18
2023-01-17,1039,120,71,88,35,49,53
2023-01-18,1039,132,92,86,41,40,45
2023-01-19,1039,124,83,87,31,41,56
2023-01-20,1039,145,99,57,46,46,11
2023-01-21,1039,148,70,50,42,78,8
2023-01-22,1039,147,90,77,49,57,28
2023-01-23,1039,120,69,57,35,51,22
2023-01-24,1039,129,93,97,41,36,56
2023-01-25,1039,107,85,65,38,22,27
2023-01-26,1039,124,82,90,50,42,40
2023-01-27,1039,138,76,79,36,62,43
2023-01-28,1039,125,78,87,34,47,53
2023-01-29,1039,129,63,66,38,66,28
2023-01-30,1039,140,81,55,42,59,13
2023-01-31,1039,142,78,62,35,64,27
2023-02-01,1039,143,72,64,37,71,27
2023-02-02,1039,146,68,84,33,78,51
2023-02-03,1039,137,64,89,37,73,52
2023-02-04,1039,110,81,60,37,29,23
2023-02-05,1039,140,73,50,35,67,15
2023-02-06,1039,120,78,86,35,42,51
2023-02-07,1039,139,100,90,38,39,52
2023-02-08,1039,127,67,79,43,60,36
2023-02-09,1039,130,81,97,40,49,57
2023-02-10,1039,119,79,71,36,40,35
2023-02-11,1039,134,89,87,31,45,56
2023-02-12,1039,111,82,66,46,29,20
2023-02-13,1039,141,103,98,35,38,63
2023-02-14,1039,150,95,77,39,55,38
2023-02-15,1039,148,82,76,36,66,40
2023-02-16,1039,126,70,69,45,56,24
2023-02-17,1039,106,83,65,38,23,27
2023-02-18,1039,126,73,55,51,53,4
2023-02-19,1039,137,79,74,35,58,39
2023-02-20,1039,124,73,57,38,51,19
2023-02-21,1039,106,81,53,38,25,15
2023-02-22,1039,150,77,77,44,73,33
2023-02-23,1039,127,85,79,37,42,42
2023-02-24,1039,134,79,51,39,55,12
2023-02-25,1039,144,92,67,27,52,40
2023-02-26,1039,121,77,79,35,44,44
2023-02-27,1039,128,77,81,43,51,38
2023-02-28,1039,116,68,61,40,48,21
2023-03-01,1039,144,75,52,31,69,21
2023-03-02,1039,101,71,85,45,30,40
2023-03-03,1039,144,74,53,39,70,14
2023-03-04,1039,113,73,62,41,40,21
2023-03-05,1039,134,71,58,37,63,21
2023-03-06,1039,123,76,77,27,47,50
2023-03-07,1039,139,71,53,54,68,-1
2023-03-08,1039,138,74,82,45,64,37
2023-03-09,1039,126,69,80,35,57,45
2023-03-10,1039,112,98,51,45,14,6
2023-03-11,1039,102,69,92,39,33,53
2023-03-12,1039,126,87,63,48,39,15
2023-03-13,1039,120,83,61,40,37,21
2023-03-14,1039,121,75,86,28,46,58
2023-03-15,1039,148,88,99,50,60,49
2023-03-16,1039,118,75,55,44,43,11
2023-03-17,1039,111,95,77,44,16,33
2023-03-18,1039,124,83,64,41,41,23
2023-03-19,1039,106,81,81,42,25,39
2023-03-20,1039,119,95,67,47,24,20
2023-03-21,1039,144,80,82,46,64,36
2023-03-22,1039,133,71,80,39,62,41
2023-03-23,1039,140,73,79,45,67,34
2023-03-24,1039,102,83,65,52,19,13
2023-03-25,1039,114,83,53,33,31,20
2023-03-26,1039,105,72,84,47,33,37
2023-03-27,1039,114,76,56,37,38,19
2023-03-28,1039,111,76,79,40,35,39
2023-03-29,1039,111,78,68,43,33,25
2023-03-30,1039,136,71,66,42,65,24
2023-03-31,1039,147,90,69,45,57,24
2023-04-01,1039,120,88,88,36,32,52
2023-04-02,1039,145,87,98,49,58,49
2023-04-03,1039,137,70,58,38,67,20
2023-04-04,1039,129,87,54,43,42,11
2023-04-05,1039,117,76,92,42,41,50
2023-04-06,1039,112,86,97,48,26,49
2023-04-07,1039,142,98,62,49,44,13
2023-04-08,1039,119,76,92,37,43,55
2023-04-09,1039,129,84,95,30,45,65
2023-04-10,1039,106,82,99,46,24,53
2023-04-11,1039,113,79,81,34,34,47
2023-04-12,1039,140,78,51,35,62,16
2023-04-13,1039,137,78,88,53,59,35
2023-04-14,1039,103,95,57,41,8,16
2023-04-15,1039,142,83,59,39,59,20
2023-04-16,1039,124,82,93,38,42,55
2023-04-17,1039,112,81,68,47,31,21
2023-04-18,1039,139,90,64,30,49,34
2023-04-19,1039,111,88,52,41,23,11
2023-04-20,1039,144,70,76,32,74,44
2023-04-21,1039,121,88,81,39,33,42
2023-04-22,1039,124,103,60,35,21,25
2023-04-23,1039,144,80,80,42,64,38
2023-04-24,1039,143,79,94,35,64,59
2023-04-25,1039,124,69,99,41,55,58
2023-04-26,1039,146,83,74,40,63,34
2023-04-27,1039,119,83,58,42,36,16
2023-04-28,1039,135,76,85,44,59,41
2023-04-29,1039,129,90,63,46,39,17
2023-04-30,1039,108,83,92,46,25,46
2023-05-01,1039,116,90,88,36,26,52
2023-05-02,1039,120,77,86,32,43,54
2023-05-03,1039,137,87,90,35,50,55
2023-05-04,1039,108,71,93,45,37,48
2023-05-05,1039,119,91,86,39,28,47
2023-05-06,1039,120,69,83,43,51,40
2023-05-07,1039,143,92,80,34,51,46
2023-05-08,1039,143,72,62,46,71,16
2023-05-09,1039,118,84,69,35,34,34
2023-05-10,1039,106,90,58,39,16,19
2023-05-11,1039,129,88,88,39,41,49
2023-05-12,1039,134,74,67,42,60,25
2023-05-13,1039,108,84,96,38,24,58
2023-05-14,1039,104,89,53,45,15,8
2023-05-15,1039,140,92,92,42,48,50
2023-05-16,1039,148,81,99,36,67,63
2023-05-17,1039,113,78,70,45,35,25
2023-05-18,1039,135,67,87,32,68,55
2023-05-19,1039,118,77,71,42,41,29
2023-05-20,1039,125,94,65,37,31,28
2023-05-21,1039,134,85,60,40,49,20
2023-05-22,1039,125,77,78,30,48,48
2023-05-23,1039,119,58,79,36,61,43
2023-05-24,1039,124,70,94,37,54,57
2023-05-25,1039,114,88,67,45,26,22
2023-05-26,1039,128,87,91,41,41,50
2023-05-27,1039,120,74,95,33,46,62
2023-05-28,1039,102,85,100,46,17,54
2023-05-29,1039,118,87,64,31,31,33
2023-05-30,1039,109,82,55,37,27,18
2023-05-31,1039,124,83,95,44,41,51
2023-06-01,1039,139,92,91,34,47,57
2023-06-02,1039,126,75,54,49,51,5
2023-06-03,1039,142,80,97,43,62,54
2023-06-04,1039,115,68,62,39,47,23
2023-06-05,1039,103,79,69,38,24,31
2023-06-06,1039,103,88,60,41,15,19
2023-06-07,1039,129,105,88,39,24,49
2023-06-08,1039,112,85,53,51,27,2
2023-06-09,1039,102,72,54,51,30,3
2023-06-10,1039,116,87,83,33,29,50
2023-06-11,1039,106,76,94,41,30,53
2023-06-12,1039,103,92,88,40,11,48
2023-06-13,1039,119,73,64,44,46,20
2023-06-14,1039,148,81,60,36,67,24
2023-06-15,1039,121,85,65,36,36,29
2023-06-16,1039,113,71,86,44,42,42
2023-06-17,1039,125,66,80,44,59,36
2023-06-18,1039,129,79,50,40,50,10
2023-06-19,1039,141,78,79,32,63,47
2023-06-20,1039,101,77,94,40,24,54
2023-06-21,1039,118,91,53,35,27,18
2023-06-22,1039,144,82,51,37,62,14
2023-06-23,1039,118,79,80,40,39,40
2023-06-24,1039,126,69,93,45,57,48
2023-06-25,1039,107,98,69,57,9,12
2023-06-26,1039,119,80,93,40,39,53
2023-06-27,1039,150,77,58,45,73,13
2023-06-28,1039,135,82,90,40,53,50
2023-06-29,1039,136,84,97,50,52,47
2023-06-30,1039,103,75,68,39,28,29
2023-07-01,1039,121,93,83,38,28,45
2023-07-02,1039,100,104,59,39,-4,20
2023-07-03,1039,148,83,89,39,65,50
2023-07-04,1039,103,77,50,29,26,21
2023-07-05,1039,106,72,97,50,34,47
2023-07-06,1039,140,97,100,48,43,52
2023-07-07,1039,101,72,60,50,29,10
2023-07-08,1039,144,85,55,36,59,19
2023-07-09,1039,117,86,66,28,31,38
2023-07-10,1039,110,79,93,44,31,49
2023-07-11,1039,111,79,71,21,32,50
2023-07-12,1039,105,83,90,51,22,39
2023-07-13,1039,102,77,90,40,25,50
2023-07-14,1039,142,67,76,42,75,34
2023-07-15,1039,119,80,70,44,39,26
2023-07-16,1039,132,81,88,50,51,38
2023-07-17,1039,130,69,94,47,61,47
2023-07-18,1039,146,95,67,35,51,32
2023-07-19,1039,111,70,76,39,41,37
2023-07-20,1039,129,80,52,45,49,7
2023-07-21,1039,131,86,73,36,45,37
2023-07-22,1039,114,82,97,43,32,54
2023-07-23,1039,124,73,67,58,51,9
2023-07-24,1039,133,82,100,43,51,57
2023-07-25,1039,111,77,84,39,34,45
2023-07-26,1039,136,74,73,29,62,44
2023-07-27,1039,130,80,81,44,50,37
2023-07-28,1039,126,81,89,40,45,49
2023-07-29,1039,141,105,71,39,36,32
2023-07-30,1039,107,92,67,48,15,19
2023-07-31,1039,111,82,54,39,29,15
2023-08-01,1039,140,93,53,42,47,11
2023-08-02,1039,124,83,93,48,41,45
2023-08-03,1039,123,80,68,34,43,34
2023-08-04,1039,101,88,60,47,13,13
2023-08-05,1039,128,74,51,32,54,19
2023-08-06,1039,126,77,55,37,49,18
2023-08-07,1039,125,90,64,43,35,21
2023-08-08,1039,116,65,90,32,51,58
2023-08-09,1039,119,92,100,41,27,59
2023-08-10,1039,124,81,78,44,43,34
2023-08-11,1039,118,84,53,38,34,15
2023-08-12,1039,133,77,87,35,56,52
2023-08-13,1039,138,87,68,28,51,40
2023-08-14,1039,143,89,73,37,54,36
2023-08-15,1039,120,74,75,58,46,17
2023-08-16,1039,132,82,87,39,50,48
2023-08-17,1039,123,80,53,35,43,18
2023-08-18,1039,127,87,79,37,40,42
2023-08-19,1039,149,67,52,41,82,11
2023-08-20,1039,127,93,62,31,34,31
2023-08-21,1039,144,72,80,46,72,34
2023-08-22,1039,116,78,100,44,38,56
2023-08-23,1039,110,74,66,42,36,24
2023-08-24,1039,124,78,92,30,46,62
2023-08-25,1039,120,84,74,41,36,33
2023-08-26,1039,137,79,88,36,58,52
2023-08-27,1039,112,76,70,44,36,26
2023-08-28,1039,108,66,51,39,42,12
2023-08-29,1039,129,80,68,25,49,43
2023-08-30,1039,137,79,79,34,58,45
2023-08-31,1039,135,69,89,32,66,57
2023-09-01,1039,136,92,79,29,44,50
2023-09-02,1039,104,83,55,44,21,11
2023-09-03,1039,110,83,66,39,27,27
2023-09-04,1039,117,70,98,33,47,65
2023-09-05,1039,146,82,68,45,64,23
2023-09-06,1039,126,94,55,44,32,11
2023-09-07,1039,106,76,96,37,30,59
2023-09-08,1039,101,78,99,31,23,68
2023-09-09,1039,142,81,63,39,61,24
2023-09-10,1039,149,94,58,42,55,16
2023-09-11,1039,138,75,87,36,63,51
2023-09-12,1039,128,95,65,44,33,21
2023-09-13,1039,106,73,85,43,33,42
2023-09-14,1039,108,79,81,43,29,38
2023-09-15,1039,107,61,74,41,46,33
2023-09-16,1039,148,94,77,48,54,29
2023-09-17,1039,122,77,59,34,45,25
2023-09-18,1039,146,76,89,38,70,51
2023-09-19,1039,130,74,57,34,56,23
2023-09-20,1039,134,98,77,45,36,32
2023-09-21,1039,103,74,72,30,29,42
2023-09-22,1039,104,89,65,54,15,11
2023-09-23,1039,111,87,84,41,24,43
2023-09-24,1039,125,87,92,39,38,53
2023-09-25,1039,116,91,75,43,25,32
2023-09-26,1039,150,91,67,48,59,19
2023-09-27,1039,129,69,50,48,60,2
2023-09-28,1039,140,84,86,49,56,37
2023-09-29,1039,145,79,81,33,66,48
2023-09-30,1039,125,70,88,40,55,48
2023-10-01,1039,136,72,88,46,64,42
2023-10-02,1039,141,79,65,53,62,12
2023-10-03,1039,137,69,71,28,68,43
2023-10-04,1039,117,90,90,39,27,51
2023-10-05,1039,134,80,58,43,54,15
2023-10-06,1039,135,76,77,39,59,38
2023-10-07,1039,114,82,87,33,32,54
2023-10-08,1039,141,92,69,44,49,25
2023-10-09,1039,120,62,91,44,58,47
2023-10-10,1039,136,73,79,42,63,37
2023-10-11,1039,145,74,77,45,71,32
2023-10-12,1039,133,64,69,39,69,30
2023-10-13,1039,108,78,87,50,30,37
2023-10-14,1039,150,85,52,37,65,15
2023-10-15,1039,145,75,80,44,70,36
2023-10-16,1039,119,94,93,37,25,56
2023-10-17,1039,108,93,70,54,15,16
2023-10-18,1039,126,73,68,28,53,40
2023-10-19,1039,145,79,73,46,66,27
2023-10-20,1039,147,73,92,37,74,55
2023-10-21,1039,135,78,78,31,57,47
2023-10-22,1039,150,85,67,41,65,26
2023-10-23,1039,137,84,87,45,53,42
2023-10-24,1039,102,81,77,32,21,45
2023-10-25,1039,150,95,81,25,55,56
2023-10-26,1039,117,82,69,44,35,25
2023-10-27,1039,131,92,58,37,39,21
2023-10-28,1039,115,86,91,42,29,49
2023-10-29,1039,128,88,86,42,40,44
2023-10-30,1039,113,63,52,31,50,21
2023-10-31,1039,107,74,63,43,33,20
2023-11-01,1039,106,93,84,38,13,46
2023-11-02,1039,116,74,85,40,42,45
2023-11-03,1039,138,74,75,37,64,38
2023-11-04,1039,145,74,63,45,71,18
2023-11-05,1039,100,78,53,39,22,14
2023-11-06,1039,120,79,81,35,41,46
2023-11-07,1039,143,63,55,40,80,15
2023-11-08,1039,133,72,50,36,61,14
2023-11-09,1039,105,83,63,39,22,24
2023-11-10,1039,126,92,74,41,34,33
2023-11-11,1039,102,81,72,42,21,30
2023-11-12,1039,123,74,64,43,49,21
2023-11-13,1039,140,87,61,31,53,30
2023-11-14,1039,138,78,63,38,60,25
2023-11-15,1039,124,86,62,38,38,24
2023-11-16,1039,142,85,51,39,57,12
2023-11-17,1039,128,83,58,36,45,22
2023-11-18,1039,126,82,71,34,44,37
2023-11-19,1039,118,91,80,41,27,39
2023-11-20,1039,144,88,68,36,56,32
2023-11-21,1039,141,90,75,38,51,37
2023-11-22,1039,136,88,97,48,48,49
2023-11-23,1039,136,73,81,39,63,42
2023-11-24,1039,110,66,86,47,44,39
2023-11-25,1039,146,83,57,29,63,28
2023-11-26,1039,120,84,78,40,36,38
2023-11-27,1039,129,80,97,34,49,63
2023-11-28,1039,116,88,88,31,28,57
2023-11-29,1039,113,77,65,46,36,19
2023-11-30,1039,134,80,70,43,54,27
2023-12-01,1039,130,76,76,43,54,33
2023-12-02,1039,102,85,77,40,17,37
2023-12-03,1039,102,78,65,47,24,18
2023-12-04,1039,140,78,69,32,62,37
2023-12-05,1039,118,86,61,42,32,19
2023-12-06,1039,145,98,60,44,47,16
2023-12-07,1039,132,89,89,27,43,62
2023-12-08,1039,140,83,78,40,57,38
2023-12-09,1039,136,88,62,33,48,29
2023-12-10,1039,117,76,66,42,41,24
2023-12-11,1039,150,87,78,38,63,40
2023-12-12,1039,110,73,62,45,37,17
2023-12-13,1039,104,76,92,45,28,47
2023-12-14,1039,125,75,55,48,50,7
2023-12-15,1039,139,78,78,41,61,37
2023-12-16,1039,117,75,89,42,42,47
2023-12-17,1039,137,82,73,41,55,32
2023-12-18,1039,117,80,54,43,37,11
2023-12-19,1039,125,79,84,40,46,44
2023-12-20,1039,104,72,57,36,32,21
2023-12-21,1039,133,82,91,31,51,60
2023-12-22,1039,108,73,65,37,35,28
2023-12-23,1039,139,71,79,41,68,38
2023-12-24,1039,113,73,81,35,40,46
2023-12-25,1039,144,94,78,37,50,41
2023-12-26,1039,143,80,67,42,63,25
2023-12-27,1039,130,78,53,40,52,13
2023-12-28,1039,121,86,73,31,35,42
2023-12-29,1039,141,73,51,43,68,8
2023-12-30,1039,103,85,93,44,18,49
2023-12-31,1039,140,75,70,39,65,31
2023-01-01,1040,133,71,50,44,62,6
2023-01-02,1040,113,80,53,35,33,18
2023-01-03,1040,150,85,87,33,65,54
2023-01-04,1040,134,70,65,38,64,27
2023-01-05,1040,105,84,53,44,21,9
2023-01-06,1040,101,88,59,27,13,32
2023-01-07,1040,138,73,80,34,65,46
2023-01-08,1040,127,95,79,38,32,41
2023-01-09,1040,130,65,80,35,65,45
2023-01-10,1040,108,74,85,33,34,52
2023-01-11,1040,100,70,80,35,30,45
2023-01-12,1040,106,89,58,45,17,13
2023-01-13,1040,142,79,76,44,63,32
2023-01-14,1040,118,69,74,43,49,31
2023-01-15,1040,137,93,95,42,44,53
2023-01-16,1040,131,69,93,39,62,54
2023-01-17,1040,107,82,56,33,25,23
2023-01-18,1040,119,73,99,55,46,44
2023-01-19,1040,108,75,70,48,33,22
2023-01-20,1040,134,86,65,35,48,30
2023-01-21,1040,108,73,70,45,35,25
2023-01-22,1040,129,89,67,41,40,26
2023-01-23,1040,106,72,97,25,34,72
2023-01-24,1040,128,68,60,44,60,16
2023-01-25,1040,112,97,79,38,15,41
2023-01-26,1040,124,89,95,33,35,62
2023-01-27,1040,128,75,87,33,53,54
2023-01-28,1040,149,85,51,39,64,12
2023-01-29,1040,112,75,61,46,37,15
2023-01-30,1040,112,87,81,38,25,43
2023-01-31,1040,138,83,73,43,55,30
2023-02-01,1040,146,76,98,45,70,53
2023-02-02,1040,103,73,68,45,30,23
2023-02-03,1040,106,72,69,42,34,27
2023-02-04,1040,131,76,77,41,55,36
2023-02-05,1040,106,77,58,42,29,16
2023-02-06,1040,104,89,85,40,15,45
2023-02-07,1040,127,87,79,35,40,44
2023-02-08,1040,104,73,85,51,31,34
2023-02-09,1040,116,82,84,37,34,47
2023-02-10,1040,137,83,63,37,54,26
2023-02-11,1040,125,95,52,41,30,11
2023-02-12,1040,142,74,61,32,68,29
2023-02-13,1040,112,72,67,55,40,12
2023-02-14,1040,123,90,90,43,33,47
2023-02-15,1040,134,78,68,45,56,23
2023-02-16,1040,132,76,80,33,56,47
2023-02-17,1040,102,69,80,49,33,31
2023-02-18,1040,129,73,92,40,56,52
2023-02-19,1040,116,85,69,44,31,25
2023-02-20,1040,117,79,100,43,38,57
2023-02-21,1040,118,71,53,46,47,7
2023-02-22,1040,143,84,54,36,59,18
2023-02-23,1040,133,88,57,50,45,7
2023-02-24,1040,131,73,66,36,58,30
2023-02-25,1040,119,74,61,35,45,26
2023-02-26,1040,148,96,50,53,52,-3
2023-02-27,1040,107,80,84,54,27,30
2023-02-28,1040,104,76,70,52,28,18
2023-03-01,1040,104,93,94,37,11,57
2023-03-02,1040,129,75,65,39,54,26
2023-03-03,1040,147,80,61,43,67,18
2023-03-04,1040,135,81,52,38,54,14
2023-03-05,1040,119,78,66,44,41,22
2023-03-06,1040,146,87,88,27,59,61
2023-03-07,1040,138,87,96,41,51,55
2023-03-08,1040,139,104,57,42,35,15
2023-03-09,1040,118,92,72,51,26,21
2023-03-10,1040,112,79,81,40,33,41
2023-03-11,1040,121,84,74,40,37,34
2023-03-12,1040,144,63,93,38,81,55
2023-03-13,1040,137,82,88,25,55,63
2023-03-14,1040,110,84,73,39,26,34
2023-03-15,1040,148,82,55,31,66,24
2023-03-16,1040,102,71,92,40,31,52
2023-03-17,1040,105,85,74,37,20,37
2023-03-18,1040,112,80,94,40,32,54
2023-03-19,1040,131,56,86,45,75,41
2023-03-20,1040,145,82,54,41,63,13
2023-03-21,1040,109,87,95,37,22,58
2023-03-22,1040,133,81,60,31,52,29
2023-03-23,1040,104,90,63,37,14,26
2023-03-24,1040,138,84,99,35,54,64
2023-03-25,1040,136,86,53,36,50,17
2023-03-26,1040,144,70,70,41,74,29
2023-03-27,1040,125,88,66,44,37,22
2023-03-28,1040,113,96,53,37,17,16
2023-03-29,1040,128,70,85,46,58,39
2023-03-30,1040,137,85,82,38,52,44
2023-03-31,1040,139,80,91,41,59,50
2023-04-01,1040,150,80,59,40,70,19
2023-04-02,1040,138,73,60,41,65,19
2023-04-03,1040,149,82,64,46,67,18
2023-04-04,1040,126,80,97,48,46,49
2023-04-05,1040,112,99,75,43,13,32
2023-04-06,1040,126,91,59,52,35,7
2023-04-07,1040,104,69,66,39,35,27
2023-04-08,1040,111,69,57,53,42,4
2023-04-09,1040,110,92,73,41,18,32
2023-04-10,1040,141,89,97,45,52,52
2023-04-11,1040,133,72,84,33,61,51
2023-04-12,1040,110,81,74,42,29,32
2023-04-13,1040,141,75,56,34,66,22
2023-04-14,1040,141,75,72,28,66,44
2023-04-15,1040,146,88,51,37,58,14
2023-04-16,1040,116,65,98,39,51,59
2023-04-17,1040,130,80,60,44,50,16
2023-04-18,1040,150,90,51,50,60,1
2023-04-19,1040,117,64,78,27,53,51
2023-04-20,1040,131,84,97,45,47,52
2023-04-21,1040,118,97,99,51,21,48
2023-04-22,1040,117,68,87,27,49,60
2023-04-23,1040,113,69,70,26,44,44
2023-04-24,1040,120,78,91,43,42,48
2023-04-25,1040,102,90,97,42,12,55
2023-04-26,1040,125,75,67,39,50,28
2023-04-27,1040,124,86,90,41,38,49
2023-04-28,1040,142,83,99,42,59,57
2023-04-29,1040,103,88,74,44,15,30
2023-04-30,1040,109,76,62,40,33,22
2023-05-01,1040,110,83,94,40,27,54
2023-05-02,1040,145,73,58,43,72,15
2023-05-03,1040,102,87,60,43,15,17
2023-05-04,1040,125,80,76,30,45,46
2023-05-05,1040,140,81,71,37,59,34
2023-05-06,1040,107,77,85,28,30,57
2023-05-07,1040,142,66,75,47,76,28
2023-05-08,1040,107,84,52,41,23,11
2023-05-09,1040,103,82,85,50,21,35
2023-05-10,1040,147,79,72,34,68,38
2023-05-11,1040,143,90,63,37,53,26
2023-05-12,1040,120,79,69,48,41,21
2023-05-13,1040,143,90,85,44,53,41
2023-05-14,1040,115,70,90,32,45,58
2023-05-15,1040,132,94,80,46,38,34
2023-05-16,1040,139,97,60,35,42,25
2023-05-17,1040,143,79,58,42,64,16
2023-05-18,1040,113,85,92,44,28,48
2023-05-19,1040,136,67,71,29,69,42
2023-05-20,1040,111,70,80,36,41,44
2023-05-21,1040,112,78,99,40,34,59
2023-05-22,1040,145,67,64,33,78,31
2023-05-23,1040,130,83,86,49,47,37
2023-05-24,1040,123,76,71,42,47,29
2023-05-25,1040,133,86,100,44,47,56
2023-05-26,1040,112,87,65,44,25,21
2023-05-27,1040,101,72,58,27,29,31
2023-05-28,1040,146,76,59,38,70,21
2023-05-29,1040,137,84,52,39,53,13
2023-05-30,1040,118,80,82,41,38,41
2023-05-31,1040,143,75,56,52,68,4
2023-06-01,1040,131,87,52,40,44,12
2023-06-02,1040,115,75,51,43,40,8
2023-06-03,1040,134,66,76,40,68,36
2023-06-04,1040,150,70,71,45,80,26
2023-06-05,1040,110,79,66,31,31,35
2023-06-06,1040,101,83,72,37,18,35
2023-06-07,1040,118,89,51,49,29,2
2023-06-08,1040,112,81,89,33,31,56
2023-06-09,1040,102,75,96,33,27,63
2023-06-10,1040,106,82,50,32,24,18
2023-06-11,1040,130,76,64,44,54,20
2023-06-12,1040,115,76,90,47,39,43
2023-06-13,1040,109,77,93,28,32,65
2023-06-14,1040,107,79,95,36,28,59
2023-06-15,1040,149,76,68,44,73,24
2023-06-16,1040,111,75,97,38,36,59
2023-06-17,1040,149,76,63,41,73,22
2023-06-18,1040,147,84,56,45,63,11
2023-06-19,1040,142,73,62,41,69,21
2023-06-20,1040,108,75,57,33,33,24
2023-06-21,1040,142,88,88,38,54,50
2023-06-22,1040,148,94,90,34,54,56
2023-06-23,1040,134,87,89,39,47,50
2023-06-24,1040,150,89,77,40,61,37
2023-06-25,1040,126,73,54,45,53,9
2023-06-26,1040,124,69,91,45,55,46
2023-06-27,1040,136,74,92,52,62,40
2023-06-28,1040,133,80,95,47,53,48
2023-06-29,1040,128,67,53,41,61,12
2023-06-30,1040,114,88,100,47,26,53
2023-07-01,1040,133,62,50,47,71,3
2023-07-02,1040,131,92,84,36,39,48
2023-07-03,1040,119,73,57,42,46,15
2023-07-04,1040,117,78,72,41,39,31
2023-07-05,1040,124,66,62,57,58,5
2023-07-06,1040,106,91,56,41,15,15
2023-07-07,1040,104,92,73,37,12,36
2023-07-08,1040,102,87,63,41,15,22
2023-07-09,1040,142,91,71,40,51,31
2023-07-10,1040,114,78,52,36,36,16
2023-07-11,1040,110,84,84,40,26,44
2023-07-12,1040,124,72,60,44,52,16
2023-07-13,1040,135,79,73,47,56,26
2023-07-14,1040,121,87,71,34,34,37
2023-07-15,1040,104,80,89,37,24,52
2023-07-16,1040,102,75,81,44,27,37
2023-07-17,1040,142,73,99,28,69,71
2023-07-18,1040,148,70,100,29,78,71
2023-07-19,1040,136,84,94,38,52,56
2023-07-20,1040,131,84,76,39,47,37
2023-07-21,1040,108,78,52,33,30,19
2023-07-22,1040,124,81,88,35,43,53
2023-07-23,1040,141,90,56,47,51,9
2023-07-24,1040,131,74,56,52,57,4
2023-07-25,1040,105,79,50,43,26,7
2023-07-26,1040,134,84,57,47,50,10
2023-07-27,1040,144,68,55,37,76,18
2023-07-28,1040,144,71,52,45,73,7
2023-07-29,1040,132,84,61,44,48,17
2023-07-30,1040,112,74,79,42,38,37
2023-07-31,1040,115,90,60,52,25,8
2023-08-01,1040,119,71,74,44,48,30
2023-08-02,1040,134,88,67,48,46,19
2023-08-03,1040,122,71,59,45,51,14
2023-08-04,1040,139,82,61,49,57,12
2023-08-05,1040,113,61,54,36,52,18
2023-08-06,1040,100,73,88,42,27,46
2023-08-07,1040,102,83,63,32,19,31
2023-08-08,1040,100,81,94,42,19,52
2023-08-09,1040,102,91,96,37,11,59
2023-08-10,1040,147,79,86,45,68,41
2023-08-11,1040,149,76,75,39,73,36
2023-08-12,1040,135,77,79,30,58,49
2023-08-13,1040,133,92,82,44,41,38
2023-08-14,1040,109,87,59,35,22,24
2023-08-15,1040,128,64,69,36,64,33
2023-08-16,1040,117,104,57,26,13,31
2023-08-17,1040,145,86,54,38,59,16
2023-08-18,1040,101,79,92,49,22,43
2023-08-19,1040,146,87,99,41,59,58
2023-08-20,1040,109,78,67,40,31,27
2023-08-21,1040,123,78,84,34,45,50
2023-08-22,1040,124,92,70,37,32,33
2023-08-23,1040,113,72,61,40,41,21
2023-08-24,1040,126,85,80,32,41,48
2023-08-25,1040,120,94,77,33,26,44
2023-08-26,1040,114,89,79,34,25,45
2023-08-27,1040,141,75,89,57,66,32
2023-08-28,1040,137,98,73,47,39,26
2023-08-29,1040,147,69,63,34,78,29
2023-08-30,1040,124,84,55,28,40,27
2023-08-31,1040,150,90,97,37,60,60
2023-09-01,1040,105,82,62,37,23,25
2023-09-02,1040,128,76,75,47,52,28
2023-09-03,1040,117,100,59,44,17,15
2023-09-04,1040,110,79,94,41,31,53
2023-09-05,1040,100,77,84,37,23,47
2023-09-06,1040,130,73,57,47,57,10
2023-09-07,1040,135,80,58,36,55,22
2023-09-08,1040,145,78,50,46,67,4
2023-09-09,1040,105,82,74,46,23,28
2023-09-10,1040,134,78,67,34,56,33
2023-09-11,1040,115,80,52,31,35,21
2023-09-12,1040,147,76,74,31,71,43
2023-09-13,1040,102,82,75,31,20,44
2023-09-14,1040,141,77,88,41,64,47
2023-09-15,1040,133,96,93,32,37,61
2023-09-16,1040,124,81,93,43,43,50
2023-09-17,1040,102,87,83,43,15,40
2023-09-18,1040,101,83,99,39,18,60
2023-09-19,1040,133,72,87,33,61,54
2023-09-20,1040,141,95,72,44,46,28
2023-09-21,1040,107,81,98,35,26,63
2023-09-22,1040,129,81,82,45,48,37
2023-09-23,1040,149,81,58,43,68,15
2023-09-24,1040,145,90,50,38,55,12
2023-09-25,1040,115,87,94,38,28,56
2023-09-26,1040,102,86,53,40,16,13
2023-09-27,1040,117,73,59,35,44,24
2023-09-28,1040,135,62,76,43,73,33
2023-09-29,1040,111,80,71,43,31,28
2023-09-30,1040,137,80,71,41,57,30
2023-10-01,1040,117,94,79,37,23,42
2023-10-02,1040,130,91,58,31,39,27
2023-10-03,1040,101,79,88,44,22,44
2023-10-04,1040,116,86,75,36,30,39
2023-10-05,1040,139,81,83,53,58,30
2023-10-06,1040,148,81,55,34,67,21
2023-10-07,1040,136,63,87,45,73,42
2023-10-08,1040,111,61,99,38,50,61
2023-10-09,1040,122,77,68,40,45,28
2023-10-10,1040,135,60,89,37,75,52
2023-10-11,1040,127,103,75,44,24,31
2023-10-12,1040,135,81,93,35,54,58
2023-10-13,1040,139,78,56,41,61,15
2023-10-14,1040,102,61,100,41,41,59
2023-10-15,1040,100,86,75,28,14,47
2023-10-16,1040,118,86,56,40,32,16
2023-10-17,1040,100,91,78,41,9,37
2023-10-18,1040,125,84,93,33,41,60
2023-10-19,1040,106,77,59,40,29,19
2023-10-20,1040,103,69,63,40,34,23
2023-10-21,1040,136,77,62,41,59,21
2023-10-22,1040,122,70,71,49,52,22
2023-10-23,1040,139,61,92,43,78,49
2023-10-24,1040,128,74,96,31,54,65
2023-10-25,1040,149,78,86,43,71,43
2023-10-26,1040,122,69,93,46,53,47
2023-10-27,1040,112,69,58,41,43,17
2023-10-28,1040,132,76,70,41,56,29
2023-10-29,1040,148,68,62,33,80,29
2023-10-30,1040,142,87,92,47,55,45
2023-10-31,1040,150,79,72,39,71,33
2023-11-01,1040,125,84,91,36,41,55
2023-11-02,1040,150,87,76,40,63,36
2023-11-03,1040,147,92,83,41,55,42
2023-11-04,1040,128,73,99,33,55,66
2023-11-05,1040,139,77,63,49,62,14
2023-11-06,1040,148,83,61,38,65,23
2023-11-07,1040,120,78,64,41,42,23
2023-11-08,1040,133,80,73,50,53,23
2023-11-09,1040,108,87,84,43,21,41
2023-11-10,1040,123,89,97,45,34,52
2023-11-11,1040,136,75,70,30,61,40
2023-11-12,1040,137,79,98,51,58,47
2023-11-13,1040,110,67,91,41,43,50
2023-11-14,1040,118,91,78,39,27,39
2023-11-15,1040,115,63,67,38,52,29
2023-11-16,1040,148,93,67,39,55,28
2023-11-17,1040,117,75,90,43,42,47
2023-11-18,1040,119,82,82,42,37,40
2023-11-19,1040,123,77,94,34,46,60
2023-11-20,1040,104,71,84,46,33,38
2023-11-21,1040,103,86,85,37,17,48
2023-11-22,1040,146,83,51,34,63,17
2023-11-23,1040,103,81,72,35,22,37
2023-11-24,1040,147,88,74,45,59,29
2023-11-25,1040,129,83,75,47,46,28
2023-11-26,1040,129,80,86,43,49,43
2023-11-27,1040,136,89,54,46,47,8
2023-11-28,1040,146,84,67,36,62,31
2023-11-29,1040,117,59,56,48,58,8
2023-11-30,1040,119,67,61,49,52,12
2023-12-01,1040,141,95,98,29,46,69
2023-12-02,1040,114,89,97,42,25,55
2023-12-03,1040,109,85,51,34,24,17
2023-12-04,1040,117,84,97,37,33,60
2023-12-05,1040,110,64,96,35,46,61
2023-12-06,1040,107,78,61,30,29,31
2023-12-07,1040,122,83,50,30,39,20
2023-12-08,1040,150,82,60,30,68,30
2023-12-09,1040,125,76,100,37,49,63
2023-12-10,1040,146,76,60,39,70,21
2023-12-11,1040,133,84,84,32,49,52
2023-12-12,1040,102,90,80,40,12,40
2023-12-13,1040,102,74,92,44,28,48
2023-12-14,1040,148,78,51,40,70,11
2023-12-15,1040,129,90,59,44,39,15
2023-12-16,1040,109,92,58,36,17,22
2023-12-17,1040,149,70,79,46,79,33
2023-12-18,1040,131,79,86,43,52,43
2023-12-19,1040,150,62,94,37,88,57
2023-12-20,1040,142,95,69,42,47,27
2023-12-21,1040,150,69,50,42,81,8
2023-12-22,1040,131,76,65,28,55,37
2023-12-23,1040,132,81,50,40,51,10
2023-12-24,1040,126,74,94,49,52,45
2023-12-25,1040,139,80,94,45,59,49
2023-12-26,1040,130,107,82,42,23,40
2023-12-27,1040,139,69,73,35,70,38
2023-12-28,1040,119,92,82,36,27,46
2023-12-29,1040,132,72,61,41,60,20
2023-12-30,1040,131,79,85,38,52,47
2023-12-31,1040,130,95,85,44,35,41
2023-01-01,1041,148,80,91,44,68,47
2023-01-02,1041,138,77,57,40,61,17
2023-01-03,1041,101,80,74,28,21,46
2023-01-04,1041,140,82,55,31,58,24
2023-01-05,1041,112,78,77,39,34,38
2023-01-06,1041,122,77,84,34,45,50
2023-01-07,1041,145,70,97,39,75,58
2023-01-08,1041,114,96,55,43,18,12
2023-01-09,1041,116,78,96,44,38,52
2023-01-10,1041,133,79,52,48,54,4
2023-01-11,1041,147,82,54,43,65,11
2023-01-12,1041,150,84,84,48,66,36
2023-01-13,1041,137,79,83,47,58,36
2023-01-14,1041,100,88,85,42,12,43
2023-01-15,1041,111,86,65,52,25,13
2023-01-16,1041,146,87,63,46,59,17
2023-01-17,1041,126,69,66,47,57,19
2023-01-18,1041,111,96,51,39,15,12
2023-01-19,1041,126,92,91,37,34,54
2023-01-20,1041,121,72,92,32,49,60
2023-01-21,1041,125,78,92,36,47,56
2023-01-22,1041,101,82,95,44,19,51
2023-01-23,1041,131,86,59,39,45,20
2023-01-24,1041,124,66,84,49,58,35
2023-01-25,1041,117,85,51,56,32,-5
2023-01-26,1041,107,66,83,52,41,31
2023-01-27,1041,140,78,53,44,62,9
2023-01-28,1041,119,83,60,41,36,19
2023-01-29,1041,149,94,74,37,55,37
2023-01-30,1041,149,87,64,33,62,31
2023-01-31,1041,143,77,76,45,66,31
2023-02-01,1041,128,91,69,39,37,30
2023-02-02,1041,104,93,54,38,11,16
2023-02-03,1041,109,68,83,29,41,54
2023-02-04,1041,134,90,60,37,44,23
2023-02-05,1041,149,102,97,35,47,62
2023-02-06,1041,124,82,99,37,42,62
2023-02-07,1041,147,82,64,38,65,26
2023-02-08,1041,100,88,87,42,12,45
2023-02-09,1041,109,83,94,40,26,54
2023-02-10,1041,144,92,75,43,52,32
2023-02-11,1041,100,81,92,46,19,46
2023-02-12,1041,134,79,57,34,55,23
2023-02-13,1041,132,79,90,33,53,57
2023-02-14,1041,115,63,94,37,52,57
2023-02-15,1041,141,73,68,54,68,14
2023-02-16,1041,113,53,51,39,60,12
2023-02-17,1041,115,79,95,38,36,57
2023-02-18,1041,134,79,87,38,55,49
2023-02-19,1041,101,69,94,31,32,63
2023-02-20,1041,104,73,93,39,31,54
2023-02-21,1041,103,61,72,45,42,27
2023-02-22,1041,145,98,99,39,47,60
2023-02-23,1041,150,72,80,51,78,29
2023-02-24,1041,126,76,90,45,50,45
2023-02-25,1041,147,88,71,29,59,42
2023-02-26,1041,146,82,91,36,64,55
2023-02-27,1041,138,87,55,43,51,12
2023-02-28,1041,105,86,87,50,19,37
2023-03-01,1041,122,72,94,46,50,48
2023-03-02,1041,120,89,84,36,31,48
2023-03-03,1041,120,82,78,37,38,41
2023-03-04,1041,145,71,82,38,74,44
2023-03-05,1041,108,76,64,43,32,21
2023-03-06,1041,148,88,89,48,60,41
2023-03-07,1041,143,77,87,35,66,52
2023-03-08,1041,147,76,90,45,71,45
2023-03-09,1041,116,85,96,44,31,52
2023-03-10,1041,129,76,61,44,53,17
2023-03-11,1041,145,78,79,30,67,49
2023-03-12,1041,148,95,56,49,53,7
2023-03-13,1041,144,94,61,43,50,18
2023-03-14,1041,103,72,79,37,31,42
2023-03-15,1041,107,88,67,40,19,27
2023-03-16,1041,113,77,70,42,36,28
2023-03-17,1041,121,66,61,55,55,6
2023-03-18,1041,126,69,70,47,57,23
2023-03-19,1041,121,73,76,34,48,42
2023-03-20,1041,109,84,56,33,25,23
2023-03-21,1041,148,82,94,40,66,54
2023-03-22,1041,135,68,82,33,67,49
2023-03-23,1041,125,77,67,39,48,28
2023-03-24,1041,145,90,51,35,55,16
2023-03-25,1041,110,70,54,50,40,4
2023-03-26,1041,125,75,74,45,50,29
2023-03-27,1041,114,67,80,35,47,45
2023-03-28,1041,145,69,60,55,76,5
2023-03-29,1041,147,79,70,42,68,28
2023-03-30,1041,132,70,95,31,62,64
2023-03-31,1041,115,80,98,34,35,64
2023-04-01,1041,147,83,57,42,64,15
2023-04-02,1041,145,84,52,50,61,2
2023-04-03,1041,111,82,80,37,29,43
2023-04-04,1041,147,69,97,50,78,47
2023-04-05,1041,104,87,96,46,17,50
2023-04-06,1041,126,83,79,32,43,47
2023-04-07,1041,115,75,84,47,40,37
2023-04-08,1041,113,80,60,45,33,15
2023-04-09,1041,138,77,68,31,61,37
2023-04-10,1041,142,93,58,35,49,23
2023-04-11,1041,124,81,61,49,43,12
2023-04-12,1041,121,77,50,35,44,15
2023-04-13,1041,128,78,98,38,50,60
2023-04-14,1041,108,86,87,53,22,34
2023-04-15,1041,125,75,57,34,50,23
2023-04-16,1041,117,71,67,40,46,27
2023-04-17,1041,131,89,65,54,42,11
2023-04-18,1041,134,82,67,42,52,25
2023-04-19,1041,145,59,57,47,86,10
2023-04-20,1041,103,79,78,44,24,34
2023-04-21,1041,114,79,52,56,35,-4
2023-04-22,1041,103,84,63,51,19,12
2023-04-23,1041,135,75,78,52,60,26
2023-04-24,1041,136,75,80,40,61,40
2023-04-25,1041,127,83,84,45,44,39
2023-04-26,1041,101,83,66,49,18,17
2023-04-27,1041,125,83,60,41,42,19
2023-04-28,1041,107,78,97,48,29,49
2023-04-29,1041,143,97,51,43,46,8
2023-04-30,1041,134,72,88,38,62,50
2023-05-01,1041,146,78,66,49,68,17
2023-05-02,1041,101,90,75,43,11,32
2023-05-03,1041,122,71,93,46,51,47
2023-05-04,1041,130,71,55,40,59,15
2023-05-05,1041,139,69,85,34,70,51
2023-05-06,1041,123,90,55,34,33,21
2023-05-07,1041,127,75,97,46,52,51
2023-05-08,1041,123,85,77,34,38,43
2023-05-09,1041,122,89,65,41,33,24
2023-05-10,1041,102,79,59,42,23,17
2023-05-11,1041,130,81,63,38,49,25
2023-05-12,1041,145,64,94,30,81,64
2023-05-13,1041,120,69,77,48,51,29
2023-05-14,1041,123,78,54,35,45,19
2023-05-15,1041,149,88,62,32,61,30
2023-05-16,1041,144,81,59,44,63,15
2023-05-17,1041,137,77,71,32,60,39
2023-05-18,1041,118,71,70,48,47,22
2023-05-19,1041,139,74,63,43,65,20
2023-05-20,1041,133,103,86,36,30,50
2023-05-21,1041,143,73,77,45,70,32
2023-05-22,1041,126,87,58,41,39,17
2023-05-23,1041,134,87,75,42,47,33
2023-05-24,1041,130,93,56,30,37,26
2023-05-25,1041,126,84,66,41,42,25
2023-05-26,1041,114,78,86,51,36,35
2023-05-27,1041,128,86,64,32,42,32
2023-05-28,1041,102,83,75,38,19,37
2023-05-29,1041,120,75,95,40,45,55
2023-05-30,1041,139,80,75,44,59,31
2023-05-31,1041,142,89,70,55,53,15
2023-06-01,1041,127,71,82,44,56,38
2023-06-02,1041,108,83,67,37,25,30
2023-06-03,1041,146,84,82,48,62,34
2023-06-04,1041,148,72,65,43,76,22
2023-06-05,1041,134,71,62,29,63,33
2023-06-06,1041,140,66,78,42,74,36
2023-06-07,1041,138,75,51,36,63,15
2023-06-08,1041,137,89,90,53,48,37
2023-06-09,1041,102,91,74,35,11,39
2023-06-10,1041,142,88,54,48,54,6
2023-06-11,1041,112,91,99,44,21,55
2023-06-12,1041,147,75,100,42,72,58
2023-06-13,1041,148,102,100,40,46,60
2023-06-14,1041,129,89,81,39,40,42
2023-06-15,1041,116,68,80,44,48,36
2023-06-16,1041,135,65,73,46,70,27
2023-06-17,1041,108,90,81,36,18,45
2023-06-18,1041,136,78,94,49,58,45
2023-06-19,1041,100,74,69,39,26,30
2023-06-20,1041,121,90,78,45,31,33
2023-06-21,1041,125,76,92,52,49,40
2023-06-22,1041,136,93,85,45,43,40
2023-06-23,1041,126,79,100,42,47,58
2023-06-24,1041,103,70,62,41,33,21
2023-06-25,1041,150,84,82,28,66,54
2023-06-26,1041,106,86,74,44,20,30
2023-06-27,1041,101,64,94,53,37,41
2023-06-28,1041,132,84,91,30,48,61
2023-06-29,1041,128,82,95,42,46,53
2023-06-30,1041,107,78,76,50,29,26
2023-07-01,1041,111,80,51,47,31,4
2023-07-02,1041,134,74,53,33,60,20
2023-07-03,1041,110,67,61,42,43,19
2023-07-04,1041,147,92,68,38,55,30
2023-07-05,1041,101,72,94,38,29,56
2023-07-06,1041,150,69,54,42,81,12
2023-07-07,1041,114,83,73,36,31,37
2023-07-08,1041,100,85,84,38,15,46
2023-07-09,1041,119,85,99,28,34,71
2023-07-10,1041,120,77,87,42,43,45
2023-07-11,1041,109,97,93,48,12,45
2023-07-12,1041,133,88,79,40,45,39
2023-07-13,1041,111,66,62,40,45,22
2023-07-14,1041,121,93,98,43,28,55
2023-07-15,1041,101,86,100,52,15,48
2023-07-16,1041,127,76,51,40,51,11
2023-07-17,1041,129,88,80,48,41,32
2023-07-18,1041,145,90,85,47,55,38
2023-07-19,1041,108,92,73,43,16,30
2023-07-20,1041,145,86,96,30,59,66
2023-07-21,1041,109,76,82,39,33,43
2023-07-22,1041,121,78,87,35,43,52
2023-07-23,1041,104,64,74,35,40,39
2023-07-24,1041,139,87,82,33,52,49
2023-07-25,1041,139,76,71,33,63,38
2023-07-26,1041,103,107,56,42,-4,14
2023-07-27,1041,143,73,92,39,70,53
2023-07-28,1041,112,67,59,48,45,11
2023-07-29,1041,143,77,50,33,66,17
2023-07-30,1041,144,95,66,47,49,19
2023-07-31,1041,121,76,73,44,45,29
2023-08-01,1041,149,76,92,42,73,50
2023-08-02,1041,107,77,88,51,30,37
2023-08-03,1041,116,90,71,40,26,31
2023-08-04,1041,141,101,68,36,40,32
2023-08-05,1041,101,85,78,47,16,31
2023-08-06,1041,148,86,74,35,62,39
2023-08-07,1041,117,72,69,58,45,11
2023-08-08,1041,132,97,75,42,35,33
2023-08-09,1041,111,78,72,30,33,42
2023-08-10,1041,146,76,83,32,70,51
2023-08-11,1041,133,78,99,36,55,63
2023-08-12,1041,102,90,53,37,12,16
2023-08-13,1041,131,62,52,39,69,13
2023-08-14,1041,107,72,80,33,35,47
2023-08-15,1041,129,82,81,38,47,43
2023-08-16,1041,132,72,96,37,60,59
2023-08-17,1041,112,82,81,36,30,45
2023-08-18,1041,148,74,93,32,74,61
2023-08-19,1041,136,73,81,50,63,31
2023-08-20,1041,121,77,55,45,44,10
2023-08-21,1041,122,76,74,44,46,30
2023-08-22,1041,133,70,75,37,63,38
2023-08-23,1041,120,96,75,40,24,35
2023-08-24,1041,139,62,77,39,77,38
2023-08-25,1041,108,70,57,38,38,19
2023-08-26,1041,149,81,90,44,68,46
2023-08-27,1041,143,94,72,41,49,31
2023-08-28,1041,106,91,79,32,15,47
2023-08-29,1041,111,78,67,46,33,21
2023-08-30,1041,133,92,85,29,41,56
2023-08-31,1041,111,84,68,39,27,29
2023-09-01,1041,128,78,70,49,50,21
2023-09-02,1041,121,79,64,36,42,28
2023-09-03,1041,121,74,55,46,47,9
2023-09-04,1041,147,90,63,45,57,18
2023-09-05,1041,134,89,71,39,45,32
2023-09-06,1041,126,91,98,35,35,63
2023-09-07,1041,111,68,91,40,43,51
2023-09-08,1041,149,83,73,42,66,31
2023-09-09,1041,147,78,60,28,69,32
2023-09-10,1041,136,82,82,55,54,27
2023-09-11,1041,108,73,59,49,35,10
2023-09-12,1041,117,75,92,39,42,53
2023-09-13,1041,108,75,66,34,33,32
2023-09-14,1041,125,71,81,49,54,32
2023-09-15,1041,117,90,93,40,27,53
2023-09-16,1041,107,72,72,36,35,36
2023-09-17,1041,123,81,72,30,42,42
2023-09-18,1041,125,80,98,46,45,52
2023-09-19,1041,129,74,52,51,55,1
2023-09-20,1041,103,84,76,34,19,42
2023-09-21,1041,103,81,60,42,22,18
2023-09-22,1041,123,84,91,45,39,46
2023-09-23,1041,109,72,75,35,37,40
2023-09-24,1041,122,69,78,34,53,44
2023-09-25,1041,134,77,57,37,57,20
2023-09-26,1041,100,78,68,35,22,33
2023-09-27,1041,107,86,81,31,21,50
2023-09-28,1041,140,91,62,35,49,27
2023-09-29,1041,134,97,67,28,37,39
2023-09-30,1041,140,68,84,31,72,53
2023-10-01,1041,144,83,79,37,61,42
2023-10-02,1041,122,71,98,45,51,53
2023-10-03,1041,138,85,97,34,53,63
2023-10-04,1041,103,63,58,39,40,19
2023-10-05,1041,149,85,50,45,64,5
2023-10-06,1041,143,71,58,29,72,29
2023-10-07,1041,106,84,58,42,22,16
2023-10-08,1041,143,84,59,38,59,21
2023-10-09,1041,115,53,96,41,62,55
2023-10-10,1041,114,83,71,43,31,28
2023-10-11,1041,113,75,86,35,38,51
2023-10-12,1041,112,76,64,49,36,15
2023-10-13,1041,148,64,84,45,84,39
2023-10-14,1041,119,91,87,49,28,38
2023-10-15,1041,143,69,82,39,74,43
2023-10-16,1041,121,77,74,42,44,32
2023-10-17,1041,148,80,98,43,68,55
2023-10-18,1041,131,80,76,38,51,38
2023-10-19,1041,133,75,54,44,58,10
2023-10-20,1041,121,78,68,53,43,15
2023-10-21,1041,127,79,78,42,48,36
2023-10-22,1041,131,88,74,42,43,32
2023-10-23,1041,120,86,83,34,34,49
2023-10-24,1041,115,76,56,47,39,9
2023-10-25,1041,102,70,99,39,32,60
2023-10-26,1041,129,83,72,37,46,35
2023-10-27,1041,115,85,60,34,30,26
2023-10-28,1041,102,74,72,37,28,35
2023-10-29,1041,131,71,76,47,60,29
2023-10-30,1041,133,74,71,41,59,30
2023-10-31,1041,127,81,60,27,46,33
2023-11-01,1041,105,81,72,40,24,32
2023-11-02,1041,115,74,74,36,41,38
2023-11-03,1041,135,64,89,35,71,54
2023-11-04,1041,134,83,87,36,51,51
2023-11-05,1041,113,87,86,32,26,54
2023-11-06,1041,116,85,84,50,31,34
2023-11-07,1041,117,83,81,30,34,51
2023-11-08,1041,111,66,58,42,45,16
2023-11-09,1041,107,85,84,42,22,42
2023-11-10,1041,118,80,55,45,38,10
2023-11-11,1041,120,73,83,40,47,43
2023-11-12,1041,119,76,77,34,43,43
2023-11-13,1041,131,93,71,38,38,33
2023-11-14,1041,112,85,56,36,27,20
2023-11-15,1041,107,74,64,42,33,22
2023-11-16,1041,115,75,75,37,40,38
2023-11-17,1041,137,76,52,36,61,16
2023-11-18,1041,109,78,91,48,31,43
2023-11-19,1041,134,78,52,38,56,14
2023-11-20,1041,107,78,92,43,29,49
2023-11-21,1041,130,97,88,30,33,58
2023-11-22,1041,147,78,58,35,69,23
2023-11-23,1041,111,69,89,27,42,62
2023-11-24,1041,106,76,76,34,30,42
2023-11-25,1041,133,82,93,47,51,46
2023-11-26,1041,121,77,60,46,44,14
2023-11-27,1041,144,71,64,39,73,25
2023-11-28,1041,150,80,71,39,70,32
2023-11-29,1041,132,80,84,40,52,44
2023-11-30,1041,138,76,97,32,62,65
2023-12-01,1041,122,87,87,44,35,43
2023-12-02,1041,122,83,56,43,39,13
2023-12-03,1041,131,74,61,44,57,17
2023-12-04,1041,149,84,85,30,65,55
2023-12-05,1041,126,85,93,40,41,53
2023-12-06,1041,124,95,55,41,29,14
2023-12-07,1041,100,90,76,42,10,34
2023-12-08,1041,111,82,69,41,29,28
2023-12-09,1041,115,66,95,43,49,52
2023-12-10,1041,104,82,87,30,22,57
2023-12-11,1041,134,79,74,43,55,31
2023-12-12,1041,139,79,50,43,60,7
2023-12-13,1041,124,79,66,46,45,20
2023-12-14,1041,128,69,98,44,59,54
2023-12-15,1041,117,72,86,30,45,56
2023-12-16,1041,143,93,61,45,50,16
2023-12-17,1041,140,77,58,41,63,17
2023-12-18,1041,105,84,85,44,21,41
2023-12-19,1041,149,82,95,38,67,57
2023-12-20,1041,113,75,57,45,38,12
2023-12-21,1041,140,80,58,36,60,22
2023-12-22,1041,103,74,84,43,29,41
2023-12-23,1041,135,68,76,50,67,26
2023-12-24,1041,130,87,70,48,43,22
2023-12-25,1041,131,83,58,33,48,25
2023-12-26,1041,130,77,97,39,53,58
2023-12-27,1041,105,96,64,30,9,34
2023-12-28,1041,125,78,81,33,47,48
2023-12-29,1041,140,74,91,41,66,50
2023-12-30,1041,111,83,76,39,28,37
2023-12-31,1041,113,80,66,48,33,18
2023-01-01,1042,110,98,75,32,12,43
2023-01-02,1042,125,78,96,26,47,70
2023-01-03,1042,145,90,53,34,55,19
2023-01-04,1042,123,76,60,34,47,26
2023-01-05,1042,133,76,93,40,57,53
2023-01-06,1042,124,75,100,42,49,58
2023-01-07,1042,106,64,60,40,42,20
2023-01-08,1042,130,80,54,45,50,9
2023-01-09,1042,119,79,51,36,40,15
2023-01-10,1042,113,84,89,38,29,51
2023-01-11,1042,120,69,85,48,51,37
2023-01-12,1042,110,104,68,43,6,25
2023-01-13,1042,117,93,68,47,24,21
2023-01-14,1042,105,89,80,41,16,39
2023-01-15,1042,111,82,84,49,29,35
2023-01-16,1042,114,89,54,32,25,22
2023-01-17,1042,143,85,91,46,58,45
2023-01-18,1042,147,79,92,51,68,41
2023-01-19,1042,113,89,72,40,24,32
2023-01-20,1042,112,95,84,36,17,48
2023-01-21,1042,108,80,58,48,28,10
2023-01-22,1042,102,73,68,42,29,26
2023-01-23,1042,116,84,73,36,32,37
2023-01-24,1042,106,85,53,48,21,5
2023-01-25,1042,127,69,74,33,58,41
2023-01-26,1042,148,80,91,36,68,55
2023-01-27,1042,148,84,100,38,64,62
2023-01-28,1042,147,100,51,45,47,6
2023-01-29,1042,110,85,85,36,25,49
2023-01-30,1042,150,73,50,48,77,2
2023-01-31,1042,131,82,86,42,49,44
2023-02-01,1042,105,75,80,31,30,49
2023-02-02,1042,128,75,55,49,53,6
2023-02-03,1042,100,82,99,47,18,52
2023-02-04,1042,119,71,74,35,48,39
2023-02-05,1042,115,73,72,41,42,31
2023-02-06,1042,120,89,85,36,31,49
2023-02-07,1042,145,99,68,47,46,21
2023-02-08,1042,126,78,98,60,48,38
2023-02-09,1042,141,72,86,49,69,37
2023-02-10,1042,113,59,68,45,54,23
2023-02-11,1042,113,86,79,37,27,42
2023-02-12,1042,132,81,58,52,51,6
2023-02-13,1042,120,79,73,41,41,32
2023-02-14,1042,106,79,77,36,27,41
2023-02-15,1042,111,73,62,38,38,24
2023-02-16,1042,149,72,90,51,77,39
2023-02-17,1042,121,76,76,33,45,43
2023-02-18,1042,100,84,58,38,16,20
2023-02-19,1042,145,66,58,36,79,22
2023-02-20,1042,139,71,87,48,68,39
2023-02-21,1042,101,68,52,32,33,20
2023-02-22,1042,127,91,82,26,36,56
2023-02-23,1042,112,83,75,33,29,42
2023-02-24,1042,140,69,63,41,71,22
2023-02-25,1042,129,62,88,42,67,46
2023-02-26,1042,148,87,100,39,61,61
2023-02-27,1042,125,82,68,33,43,35
2023-02-28,1042,150,82,91,36,68,55
2023-03-01,1042,107,69,61,46,38,15
2023-03-02,1042,133,71,53,45,62,8
2023-03-03,1042,128,77,63,40,51,23
2023-03-04,1042,128,85,84,35,43,49
2023-03-05,1042,148,79,79,40,69,39
2023-03-06,1042,104,79,99,44,25,55
2023-03-07,1042,149,89,60,41,60,19
2023-03-08,1042,133,80,61,44,53,17
2023-03-09,1042,121,75,74,37,46,37
2023-03-10,1042,146,79,98,47,67,51
2023-03-11,1042,144,93,68,42,51,26
2023-03-12,1042,150,83,89,27,67,62
2023-03-13,1042,126,77,69,39,49,30
2023-03-14,1042,131,96,89,52,35,37
2023-03-15,1042,133,71,74,40,62,34
2023-03-16,1042,141,76,86,45,65,41
2023-03-17,1042,102,93,94,43,9,51
2023-03-18,1042,108,66,50,47,42,3
2023-03-19,1042,149,77,86,52,72,34
2023-03-20,1042,128,82,60,37,46,23
2023-03-21,1042,127,88,83,36,39,47
2023-03-22,1042,143,61,78,45,82,33
2023-03-23,1042,125,84,73,41,41,32
2023-03-24,1042,106,64,81,47,42,34
2023-03-25,1042,148,80,61,37,68,24
2023-03-26,1042,131,82,96,43,49,53
2023-03-27,1042,125,69,82,37,56,45
2023-03-28,1042,125,74,69,37,51,32
2023-03-29,1042,116,94,98,47,22,51
2023-03-30,1042,138,91,91,37,47,54
2023-03-31,1042,129,73,60,26,56,34
2023-04-01,1042,127,69,83,32,58,51
2023-04-02,1042,125,85,100,41,40,59
2023-04-03,1042,142,86,98,31,56,67
2023-04-04,1042,101,87,67,47,14,20
2023-04-05,1042,137,92,51,46,45,5
2023-04-06,1042,143,84,68,25,59,43
2023-04-07,1042,144,64,88,53,80,35
2023-04-08,1042,148,65,73,42,83,31
2023-04-09,1042,120,73,69,40,47,29
2023-04-10,1042,122,87,95,46,35,49
2023-04-11,1042,119,99,80,30,20,50
2023-04-12,1042,103,79,58,50,24,8
2023-04-13,1042,101,66,89,44,35,45
2023-04-14,1042,107,71,70,41,36,29
2023-04-15,1042,126,72,58,44,54,14
2023-04-16,1042,119,82,69,45,37,24
2023-04-17,1042,108,85,65,45,23,20
2023-04-18,1042,145,95,93,43,50,50
2023-04-19,1042,141,77,58,30,64,28
2023-04-20,1042,115,86,69,46,29,23
2023-04-21,1042,126,57,72,44,69,28
2023-04-22,1042,131,84,54,51,47,3
2023-04-23,1042,146,79,81,39,67,42
2023-04-24,1042,124,85,72,39,39,33
2023-04-25,1042,128,80,92,48,48,44
2023-04-26,1042,129,89,69,36,40,33
2023-04-27,1042,117,77,77,47,40,30
2023-04-28,1042,113,74,55,39,39,16
2023-04-29,1042,108,79,94,38,29,56
2023-04-30,1042,107,87,97,34,20,63
2023-05-01,1042,144,89,79,54,55,25
2023-05-02,1042,144,87,95,50,57,45
2023-05-03,1042,148,83,83,33,65,50
2023-05-04,1042,115,69,66,47,46,19
2023-05-05,1042,136,71,81,36,65,45
2023-05-06,1042,144,84,59,34,60,25
2023-05-07,1042,109,72,63,47,37,16
2023-05-08,1042,117,70,52,36,47,16
2023-05-09,1042,121,79,77,34,42,43
2023-05-10,1042,132,80,81,49,52,32
2023-05-11,1042,100,80,91,32,20,59
2023-05-12,1042,113,72,50,38,41,12
2023-05-13,1042,131,90,93,32,41,61
2023-05-14,1042,148,76,90,52,72,38
2023-05-15,1042,142,71,83,34,71,49
2023-05-16,1042,123,71,75,42,52,33
2023-05-17,1042,148,79,71,45,69,26
2023-05-18,1042,112,87,93,44,25,49
2023-05-19,1042,103,86,55,40,17,15
2023-05-20,1042,122,84,70,37,38,33
2023-05-21,1042,128,80,53,43,48,10
2023-05-22,1042,113,61,63,35,52,28
2023-05-23,1042,135,73,82,45,62,37
2023-05-24,1042,117,74,89,30,43,59
2023-05-25,1042,102,68,80,59,34,21
2023-05-26,1042,119,97,88,33,22,55
2023-05-27,1042,148,82,60,33,66,27
2023-05-28,1042,105,68,82,40,37,42
2023-05-29,1042,113,84,79,40,29,39
2023-05-30,1042,149,72,87,31,77,56
2023-05-31,1042,127,82,81,42,45,39
2023-06-01,1042,148,70,56,25,78,31
2023-06-02,1042,118,89,89,39,29,50
2023-06-03,1042,147,86,90,41,61,49
2023-06-04,1042,106,69,97,36,37,61
2023-06-05,1042,133,80,55,50,53,5
2023-06-06,1042,148,80,65,42,68,23
2023-06-07,1042,126,84,79,47,42,32
2023-06-08,1042,147,81,98,47,66,51
2023-06-09,1042,113,80,72,39,33,33
2023-06-10,1042,124,82,94,43,42,51
2023-06-11,1042,133,74,90,44,59,46
2023-06-12,1042,122,75,78,53,47,25
2023-06-13,1042,110,66,90,34,44,56
2023-06-14,1042,130,87,96,31,43,65
2023-06-15,1042,129,72,54,42,57,12
2023-06-16,1042,130,78,57,38,52,19
2023-06-17,1042,141,64,64,46,77,18
2023-06-18,1042,132,91,54,38,41,16
2023-06-19,1042,118,82,82,29,36,53
2023-06-20,1042,105,95,67,33,10,34
2023-06-21,1042,118,92,90,47,26,43
2023-06-22,1042,136,82,63,35,54,28
2023-06-23,1042,115,101,83,40,14,43
2023-06-24,1042,144,69,62,46,75,16
2023-06-25,1042,130,91,68,46,39,22
2023-06-26,1042,144,81,81,35,63,46
2023-06-27,1042,130,62,87,36,68,51
2023-06-28,1042,125,75,75,34,50,41
2023-06-29,1042,118,61,70,47,57,23
2023-06-30,1042,122,79,89,41,43,48
2023-07-01,1042,148,86,100,37,62,63
2023-07-02,1042,105,90,58,34,15,24
2023-07-03,1042,124,89,70,39,35,31
2023-07-04,1042,142,90,80,42,52,38
2023-07-05,1042,104,95,55,40,9,15
2023-07-06,1042,103,95,53,42,8,11
2023-07-07,1042,135,63,93,42,72,51
2023-07-08,1042,104,77,74,38,27,36
2023-07-09,1042,108,81,74,48,27,26
2023-07-10,1042,135,74,84,41,61,43
2023-07-11,1042,118,68,82,43,50,39
2023-07-12,1042,100,60,95,39,40,56
2023-07-13,1042,104,84,72,42,20,30
2023-07-14,1042,118,66,64,50,52,14
2023-07-15,1042,150,80,62,27,70,35
2023-07-16,1042,116,79,57,45,37,12
2023-07-17,1042,147,84,79,37,63,42
2023-07-18,1042,117,91,54,41,26,13
2023-07-19,1042,149,79,59,43,70,16
2023-07-20,1042,144,85,66,32,59,34
2023-07-21,1042,102,77,82,51,25,31
2023-07-22,1042,138,71,68,34,67,34
2023-07-23,1042,121,92,100,44,29,56
2023-07-24,1042,105,89,67,39,16,28
2023-07-25,1042,142,77,87,37,65,50
2023-07-26,1042,128,91,96,25,37,71
2023-07-27,1042,122,93,81,47,29,34
2023-07-28,1042,112,78,60,33,34,27
2023-07-29,1042,146,91,80,41,55,39
2023-07-30,1042,143,77,58,53,66,5
2023-07-31,1042,120,71,60,41,49,19
2023-08-01,1042,117,75,68,45,42,23
2023-08-02,1042,124,83,61,49,41,12
2023-08-03,1042,128,92,50,50,36,0
2023-08-04,1042,125,73,64,39,52,25
2023-08-05,1042,114,77,76,41,37,35
2023-08-06,1042,122,75,75,32,47,43
2023-08-07,1042,122,72,51,45,50,6
2023-08-08,1042,133,76,52,37,57,15
2023-08-09,1042,103,75,68,32,28,36
2023-08-10,1042,100,89,96,36,11,60
2023-08-11,1042,144,77,80,29,67,51
2023-08-12,1042,150,75,76,35,75,41
2023-08-13,1042,134,83,82,34,51,48
2023-08-14,1042,148,76,70,40,72,30
2023-08-15,1042,148,66,87,41,82,46
2023-08-16,1042,107,71,66,50,36,16
2023-08-17,1042,102,81,51,38,21,13
2023-08-18,1042,120,84,80,36,36,44
2023-08-19,1042,148,78,97,51,70,46
2023-08-20,1042,104,85,97,48,19,49
2023-08-21,1042,125,86,90,46,39,44
2023-08-22,1042,146,90,99,40,56,59
2023-08-23,1042,104,72,74,42,32,32
2023-08-24,1042,104,69,60,36,35,24
2023-08-25,1042,114,82,59,38,32,21
2023-08-26,1042,103,79,73,39,24,34
2023-08-27,1042,144,81,70,43,63,27
2023-08-28,1042,141,80,99,45,61,54
2023-08-29,1042,137,83,83,36,54,47
2023-08-30,1042,106,79,59,40,27,19
2023-08-31,1042,115,85,67,53,30,14
2023-09-01,1042,135,67,92,38,68,54
2023-09-02,1042,136,80,86,37,56,49
2023-09-03,1042,133,81,87,33,52,54
2023-09-04,1042,149,78,73,36,71,37
2023-09-05,1042,107,92,80,46,15,34
2023-09-06,1042,128,81,52,31,47,21
2023-09-07,1042,102,84,62,37,18,25
2023-09-08,1042,147,83,56,34,64,22
2023-09-09,1042,122,69,59,37,53,22
2023-09-10,1042,108,86,58,45,22,13
2023-09-11,1042,147,76,100,41,71,59
2023-09-12,1042,128,76,74,35,52,39
2023-09-13,1042,100,80,56,42,20,14
2023-09-14,1042,131,75,80,44,56,36
2023-09-15,1042,136,91,76,33,45,43
2023-09-16,1042,124,87,67,41,37,26
2023-09-17,1042,107,76,100,40,31,60
2023-09-18,1042,139,64,57,44,75,13
2023-09-19,1042,118,81,85,46,37,39
2023-09-20,1042,126,74,76,46,52,30
2023-09-21,1042,104,72,80,33,32,47
2023-09-22,1042,117,98,61,40,19,21
2023-09-23,1042,129,75,81,43,54,38
2023-09-24,1042,116,76,96,48,40,48
2023-09-25,1042,131,65,58,34,66,24
2023-09-26,1042,142,79,96,33,63,63
2023-09-27,1042,134,92,94,42,42,52
2023-09-28,1042,106,88,84,36,18,48
2023-09-29,1042,107,84,56,35,23,21
2023-09-30,1042,126,70,97,40,56,57
2023-10-01,1042,100,76,75,41,24,34
2023-10-02,1042,122,88,92,41,34,51
2023-10-03,1042,128,95,88,38,33,50
2023-10-04,1042,124,84,84,36,40,48
2023-10-05,1042,110,73,61,40,37,21
2023-10-06,1042,120,95,100,45,25,55
2023-10-07,1042,137,71,60,40,66,20
2023-10-08,1042,109,75,80,38,34,42
2023-10-09,1042,101,72,50,34,29,16
2023-10-10,1042,103,86,80,30,17,50
2023-10-11,1042,141,72,91,43,69,48
2023-10-12,1042,110,80,56,38,30,18
2023-10-13,1042,134,95,79,40,39,39
2023-10-14,1042,114,79,59,38,35,21
2023-10-15,1042,147,88,92,34,59,58
2023-10-16,1042,143,79,51,42,64,9
2023-10-17,1042,116,94,65,32,22,33
2023-10-18,1042,135,78,86,31,57,55
2023-10-19,1042,148,80,89,41,68,48
2023-10-20,1042,129,96,100,39,33,61
2023-10-21,1042,114,82,80,38,32,42
2023-10-22,1042,141,82,65,35,59,30
2023-10-23,1042,110,74,62,57,36,5
2023-10-24,1042,149,90,86,35,59,51
2023-10-25,1042,125,83,77,32,42,45
2023-10-26,1042,111,101,69,39,10,30
2023-10-27,1042,149,73,78,42,76,36
2023-10-28,1042,109,86,51,40,23,11
2023-10-29,1042,133,93,93,37,40,56
2023-10-30,1042,110,75,80,26,35,54
2023-10-31,1042,114,64,73,42,50,31
2023-11-01,1042,108,67,53,39,41,14
2023-11-02,1042,125,87,83,43,38,40
2023-11-03,1042,103,101,90,38,2,52
2023-11-04,1042,131,93,68,29,38,39
2023-11-05,1042,143,72,85,43,71,42
2023-11-06,1042,138,78,71,29,60,42
2023-11-07,1042,143,71,91,28,72,63
2023-11-08,1042,107,88,94,44,19,50
2023-11-09,1042,143,82,93,38,61,55
2023-11-10,1042,109,80,76,39,29,37
2023-11-11,1042,140,95,62,45,45,17
2023-11-12,1042,130,78,83,40,52,43
2023-11-13,1042,103,88,50,43,15,7
2023-11-14,1042,127,71,93,46,56,47
2023-11-15,1042,126,80,95,53,46,42
2023-11-16,1042,122,89,93,27,33,66
2023-11-17,1042,118,75,70,36,43,34
2023-11-18,1042,107,71,63,31,36,32
2023-11-19,1042,106,75,89,33,31,56
2023-11-20,1042,101,91,89,38,10,51
2023-11-21,1042,112,63,77,38,49,39
2023-11-22,1042,116,88,77,40,28,37
2023-11-23,1042,148,67,94,40,81,54
2023-11-24,1042,108,87,53,37,21,16
2023-11-25,1042,120,85,53,38,35,15
2023-11-26,1042,147,102,61,46,45,15
2023-11-27,1042,146,89,60,43,57,17
2023-11-28,1042,140,92,90,42,48,48
2023-11-29,1042,101,92,76,39,9,37
2023-11-30,1042,150,85,95,40,65,55
2023-12-01,1042,144,78,96,47,66,49
2023-12-02,1042,130,83,84,44,47,40
2023-12-03,1042,140,82,53,44,58,9
2023-12-04,1042,121,95,89,45,26,44
2023-12-05,1042,142,77,67,45,65,22
2023-12-06,1042,101,85,92,34,16,58
2023-12-07,1042,132,82,60,50,50,10
2023-12-08,1042,128,83,65,40,45,25
2023-12-09,1042,100,77,99,50,23,49
2023-12-10,1042,113,88,72,32,25,40
2023-12-11,1042,128,78,88,40,50,48
2023-12-12,1042,117,70,95,42,47,53
2023-12-13,1042,100,86,92,39,14,53
2023-12-14,1042,114,69,77,46,45,31
2023-12-15,1042,142,72,52,40,70,12
2023-12-16,1042,109,87,97,36,22,61
2023-12-17,1042,107,78,98,47,29,51
2023-12-18,1042,129,90,85,44,39,41
2023-12-19,1042,137,71,70,42,66,28
2023-12-20,1042,129,96,65,49,33,16
2023-12-21,1042,111,76,88,44,35,44
2023-12-22,1042,120,89,59,37,31,22
2023-12-23,1042,124,70,93,45,54,48
2023-12-24,1042,123,89,81,35,34,46
2023-12-25,1042,129,86,99,53,43,46
2023-12-26,1042,147,95,71,36,52,35
2023-12-27,1042,129,85,87,35,44,52
2023-12-28,1042,137,79,75,42,58,33
2023-12-29,1042,125,84,77,46,41,31
2023-12-30,1042,101,83,62,29,18,33
2023-12-31,1042,125,75,54,37,50,17
2023-01-01,1043,133,88,56,39,45,17
2023-01-02,1043,130,93,86,42,37,44
2023-01-03,1043,141,84,68,43,57,25
2023-01-04,1043,128,91,89,29,37,60
2023-01-05,1043,137,78,88,34,59,54
2023-01-06,1043,110,82,71,48,28,23
2023-01-07,1043,122,94,63,42,28,21
2023-01-08,1043,107,77,84,35,30,49
2023-01-09,1043,117,101,86,38,16,48
2023-01-10,1043,104,76,78,38,28,40
2023-01-11,1043,128,76,63,44,52,19
2023-01-12,1043,115,65,87,35,50,52
2023-01-13,1043,125,81,56,39,44,17
2023-01-14,1043,105,64,61,44,41,17
2023-01-15,1043,144,78,91,37,66,54
2023-01-16,1043,100,83,54,31,17,23
2023-01-17,1043,111,98,59,42,13,17
2023-01-18,1043,127,72,66,31,55,35
2023-01-19,1043,123,86,82,39,37,43
2023-01-20,1043,118,73,73,40,45,33
2023-01-21,1043,123,88,88,43,35,45
2023-01-22,1043,109,78,88,38,31,50
2023-01-23,1043,141,68,92,37,73,55
2023-01-24,1043,133,72,90,32,61,58
2023-01-25,1043,107,66,82,41,41,41
2023-01-26,1043,122,92,92,41,30,51
2023-01-27,1043,117,87,79,49,30,30
2023-01-28,1043,136,72,80,29,64,51
2023-01-29,1043,106,80,64,44,26,20
2023-01-30,1043,122,80,82,37,42,45
2023-01-31,1043,131,95,93,46,36,47
2023-02-01,1043,123,88,87,42,35,45
2023-02-02,1043,114,73,78,37,41,41
2023-02-03,1043,117,71,57,42,46,15
2023-02-04,1043,131,77,71,32,54,39
2023-02-05,1043,104,73,94,33,31,61
2023-02-06,1043,107,72,92,37,35,55
2023-02-07,1043,105,87,86,44,18,42
2023-02-08,1043,116,82,82,41,34,41
2023-02-09,1043,120,70,99,40,50,59
2023-02-10,1043,116,65,55,36,51,19
2023-02-11,1043,120,93,79,37,27,42
2023-02-12,1043,149,84,80,32,65,48
2023-02-13,1043,126,82,94,32,44,62
2023-02-14,1043,101,81,69,33,20,36
2023-02-15,1043,124,91,78,38,33,40
2023-02-16,1043,129,97,72,45,32,27
2023-02-17,1043,140,94,75,37,46,38
2023-02-18,1043,108,81,58,41,27,17
2023-02-19,1043,105,76,93,45,29,48
2023-02-20,1043,148,89,78,34,59,44
2023-02-21,1043,132,92,70,36,40,34
2023-02-22,1043,108,82,75,29,26,46
2023-02-23,1043,121,83,65,36,38,29
2023-02-24,1043,138,72,50,45,66,5
2023-02-25,1043,146,90,50,40,56,10
2023-02-26,1043,145,86,99,49,59,50
2023-02-27,1043,109,81,60,43,28,17
2023-02-28,1043,125,87,61,42,38,19
2023-03-01,1043,144,74,76,26,70,50
2023-03-02,1043,146,63,65,34,83,31
2023-03-03,1043,135,83,93,25,52,68
2023-03-04,1043,120,87,74,56,33,18
2023-03-05,1043,114,75,88,47,39,41
2023-03-06,1043,127,68,55,47,59,8
2023-03-07,1043,137,68,56,29,69,27
2023-03-08,1043,127,87,92,38,40,54
2023-03-09,1043,142,91,83,46,51,37
2023-03-10,1043,141,72,59,44,69,15
2023-03-11,1043,113,76,72,48,37,24
2023-03-12,1043,119,85,94,30,34,64
2023-03-13,1043,141,77,88,44,64,44
2023-03-14,1043,130,79,88,51,51,37
2023-03-15,1043,114,74,56,39,40,17
2023-03-16,1043,106,81,100,37,25,63
2023-03-17,1043,138,69,75,48,69,27
2023-03-18,1043,122,77,63,42,45,21
2023-03-19,1043,129,74,99,33,55,66
2023-03-20,1043,144,79,66,38,65,28
2023-03-21,1043,108,92,58,29,16,29
2023-03-22,1043,148,81,54,46,67,8
2023-03-23,1043,107,75,51,44,32,7
2023-03-24,1043,144,89,99,51,55,48
2023-03-25,1043,129,73,86,40,56,46
2023-03-26,1043,134,87,62,47,47,15
2023-03-27,1043,120,82,70,51,38,19
2023-03-28,1043,104,80,53,37,24,16
2023-03-29,1043,104,88,89,47,16,42
2023-03-30,1043,145,87,68,44,58,24
2023-03-31,1043,102,75,53,42,27,11
2023-04-01,1043,110,71,96,53,39,43
2023-04-02,1043,121,82,50,34,39,16
2023-04-03,1043,115,61,81,32,54,49
2023-04-04,1043,139,84,79,32,55,47
2023-04-05,1043,139,86,82,46,53,36
2023-04-06,1043,121,91,90,46,30,44
2023-04-07,1043,102,88,90,32,14,58
2023-04-08,1043,142,82,52,44,60,8
2023-04-09,1043,108,70,65,30,38,35
2023-04-10,1043,130,65,58,36,65,22
2023-04-11,1043,137,105,84,42,32,42
2023-04-12,1043,121,81,81,37,40,44
2023-04-13,1043,150,78,61,47,72,14
2023-04-14,1043,102,88,50,41,14,9
2023-04-15,1043,146,74,54,34,72,20
2023-04-16,1043,144,86,67,30,58,37
2023-04-17,1043,101,77,91,51,24,40
2023-04-18,1043,114,97,93,48,17,45
2023-04-19,1043,148,84,64,38,64,26
2023-04-20,1043,123,51,79,37,72,42
2023-04-21,1043,136,77,57,42,59,15
2023-04-22,1043,148,79,77,36,69,41
2023-04-23,1043,118,89,53,37,29,16
2023-04-24,1043,146,77,69,41,69,28
2023-04-25,1043,123,81,56,48,42,8
2023-04-26,1043,113,86,93,54,27,39
2023-04-27,1043,146,78,94,35,68,59
2023-04-28,1043,117,66,97,34,51,63
2023-04-29,1043,103,78,63,42,25,21
2023-04-30,1043,135,72,65,39,63,26
2023-05-01,1043,130,74,88,47,56,41
2023-05-02,1043,102,77,52,37,25,15
2023-05-03,1043,119,59,94,39,60,55
2023-05-04,1043,124,78,93,32,46,61
2023-05-05,1043,107,67,84,42,40,42
2023-05-06,1043,104,70,69,40,34,29
2023-05-07,1043,135,77,65,43,58,22
2023-05-08,1043,134,101,81,43,33,38
2023-05-09,1043,116,72,97,44,44,53
2023-05-10,1043,124,92,82,36,32,46
2023-05-11,1043,131,81,50,39,50,11
2023-05-12,1043,122,83,93,47,39,46
2023-05-13,1043,113,87,75,39,26,36
2023-05-14,1043,109,89,82,41,20,41
2023-05-15,1043,109,80,58,40,29,18
2023-05-16,1043,125,58,75,42,67,33
2023-05-17,1043,143,80,86,40,63,46
2023-05-18,1043,150,85,67,31,65,36
2023-05-19,1043,123,63,92,37,60,55
2023-05-20,1043,109,68,75,44,41,31
2023-05-21,1043,129,83,92,28,46,64
2023-05-22,1043,119,83,83,44,36,39
2023-05-23,1043,123,74,63,34,49,29
2023-05-24,1043,114,89,92,30,25,62
2023-05-25,1043,118,96,59,32,22,27
2023-05-26,1043,118,80,81,33,38,48
2023-05-27,1043,145,72,90,34,73,56
2023-05-28,1043,121,71,55,38,50,17
2023-05-29,1043,101,85,80,32,16,48
2023-05-30,1043,120,67,50,47,53,3
2023-05-31,1043,123,87,83,37,36,46
2023-06-01,1043,123,71,90,36,52,54
2023-06-02,1043,129,72,66,48,57,18
2023-06-03,1043,126,84,65,46,42,19
2023-06-04,1043,124,81,100,41,43,59
2023-06-05,1043,129,90,77,41,39,36
2023-06-06,1043,114,82,78,48,32,30
2023-06-07,1043,102,78,57,50,24,7
2023-06-08,1043,116,82,63,40,34,23
2023-06-09,1043,150,67,99,37,83,62
2023-06-10,1043,134,77,91,29,57,62
2023-06-11,1043,130,65,80,36,65,44
2023-06-12,1043,134,89,83,33,45,50
2023-06-13,1043,105,90,50,49,15,1
2023-06-14,1043,105,83,73,46,22,27
2023-06-15,1043,139,98,96,51,41,45
2023-06-16,1043,127,88,84,42,39,42
2023-06-17,1043,107,66,59,39,41,20
2023-06-18,1043,104,74,63,36,30,27
2023-06-19,1043,140,66,85,33,74,52
2023-06-20,1043,135,88,57,34,47,23
2023-06-21,1043,129,87,72,39,42,33
2023-06-22,1043,100,84,87,41,16,46
2023-06-23,1043,114,84,78,37,30,41
2023-06-24,1043,130,89,71,31,41,40
2023-06-25,1043,122,69,74,66,53,8
2023-06-26,1043,118,93,86,47,25,39
2023-06-27,1043,115,74,73,40,41,33
2023-06-28,1043,120,73,87,42,47,45
2023-06-29,1043,148,77,51,51,71,0
2023-06-30,1043,142,92,96,45,50,51
2023-07-01,1043,114,77,63,44,37,19
2023-07-02,1043,104,92,92,43,12,49
2023-07-03,1043,149,83,66,43,66,23
2023-07-04,1043,110,84,95,37,26,58
2023-07-05,1043,119,85,79,38,34,41
2023-07-06,1043,147,101,92,40,46,52
2023-07-07,1043,126,73,95,42,53,53
2023-07-08,1043,138,76,68,33,62,35
2023-07-09,1043,135,71,99,41,64,58
2023-07-10,1043,111,76,78,38,35,40
2023-07-11,1043,122,72,59,37,50,22
2023-07-12,1043,137,82,92,45,55,47
2023-07-13,1043,117,87,93,41,30,52
2023-07-14,1043,116,79,57,31,37,26
2023-07-15,1043,125,82,95,40,43,55
2023-07-16,1043,118,73,57,41,45,16
2023-07-17,1043,134,95,68,48,39,20
2023-07-18,1043,130,70,53,39,60,14
2023-07-19,1043,111,75,59,44,36,15
2023-07-20,1043,145,77,66,47,68,19
2023-07-21,1043,129,75,89,34,54,55
2023-07-22,1043,102,90,56,36,12,20
2023-07-23,1043,101,88,63,65,13,-2
2023-07-24,1043,149,67,93,43,82,50
2023-07-25,1043,135,80,66,34,55,32
2023-07-26,1043,122,84,64,39,38,25
2023-07-27,1043,137,74,65,41,63,24
2023-07-28,1043,148,111,96,34,37,62
2023-07-29,1043,114,77,50,38,37,12
2023-07-30,1043,149,85,64,37,64,27
2023-07-31,1043,109,75,80,42,34,38
2023-08-01,1043,143,71,59,35,72,24
2023-08-02,1043,101,79,67,36,22,31
2023-08-03,1043,150,74,100,44,76,56
2023-08-04,1043,136,79,100,53,57,47
2023-08-05,1043,101,83,64,22,18,42
2023-08-06,1043,110,90,95,37,20,58
2023-08-07,1043,148,95,90,46,53,44
2023-08-08,1043,100,89,55,46,11,9
2023-08-09,1043,116,77,69,29,39,40
2023-08-10,1043,104,85,92,33,19,59
2023-08-11,1043,118,85,53,39,33,14
2023-08-12,1043,104,71,51,32,33,19
2023-08-13,1043,104,84,96,39,20,57
2023-08-14,1043,127,69,95,40,58,55
2023-08-15,1043,116,81,54,40,35,14
2023-08-16,1043,118,85,98,41,33,57
2023-08-17,1043,133,96,80,39,37,41
2023-08-18,1043,105,89,84,30,16,54
2023-08-19,1043,101,75,81,32,26,49
2023-08-20,1043,140,79,58,37,61,21
2023-08-21,1043,114,86,96,52,28,44
2023-08-22,1043,138,72,93,32,66,61
2023-08-23,1043,102,80,73,49,22,24
2023-08-24,1043,119,75,87,38,44,49
2023-08-25,1043,113,74,98,38,39,60
2023-08-26,1043,121,89,60,43,32,17
2023-08-27,1043,124,80,77,40,44,37
2023-08-28,1043,105,76,51,41,29,10
2023-08-29,1043,144,86,61,51,58,10
2023-08-30,1043,105,81,54,42,24,12
2023-08-31,1043,103,80,58,45,23,13
2023-09-01,1043,130,76,71,42,54,29
2023-09-02,1043,128,92,92,33,36,59
2023-09-03,1043,110,85,76,43,25,33
2023-09-04,1043,132,76,61,51,56,10
2023-09-05,1043,112,75,82,51,37,31
2023-09-06,1043,114,85,57,43,29,14
2023-09-07,1043,133,72,66,34,61,32
2023-09-08,1043,118,84,63,35,34,28
2023-09-09,1043,139,82,100,35,57,65
2023-09-10,1043,127,76,52,41,51,11
2023-09-11,1043,148,77,77,41,71,36
2023-09-12,1043,124,68,58,42,56,16
2023-09-13,1043,144,85,100,58,59,42
2023-09-14,1043,129,78,75,37,51,38
2023-09-15,1043,145,56,89,42,89,47
2023-09-16,1043,115,78,74,41,37,33
2023-09-17,1043,139,68,60,42,71,18
2023-09-18,1043,127,84,75,39,43,36
2023-09-19,1043,126,63,64,39,63,25
2023-09-20,1043,125,76,76,50,49,26
2023-09-21,1043,138,77,72,41,61,31
2023-09-22,1043,123,77,52,46,46,6
2023-09-23,1043,118,81,77,47,37,30
2023-09-24,1043,107,77,54,45,30,9
2023-09-25,1043,148,88,78,33,60,45
2023-09-26,1043,108,92,88,51,16,37
2023-09-27,1043,112,92,53,44,20,9
2023-09-28,1043,150,86,69,42,64,27
2023-09-29,1043,141,63,59,45,78,14
2023-09-30,1043,147,81,71,30,66,41
2023-10-01,1043,142,95,52,47,47,5
2023-10-02,1043,149,65,90,27,84,63
2023-10-03,1043,104,78,53,37,26,16
2023-10-04,1043,131,86,68,39,45,29
2023-10-05,1043,113,93,95,31,20,64
2023-10-06,1043,137,69,66,56,68,10
2023-10-07,1043,147,71,76,50,76,26
2023-10-08,1043,123,87,53,33,36,20
2023-10-09,1043,146,76,60,50,70,10
2023-10-10,1043,102,95,51,47,7,4
2023-10-11,1043,123,80,55,38,43,17
2023-10-12,1043,101,97,55,37,4,18
2023-10-13,1043,121,65,50,42,56,8
2023-10-14,1043,122,69,59,31,53,28
2023-10-15,1043,138,83,73,48,55,25
2023-10-16,1043,129,86,57,31,43,26
2023-10-17,1043,138,77,71,38,61,33
2023-10-18,1043,127,101,85,38,26,47
2023-10-19,1043,128,91,53,40,37,13
2023-10-20,1043,110,84,50,35,26,15
2023-10-21,1043,125,86,92,45,39,47
2023-10-22,1043,100,81,55,37,19,18
2023-10-23,1043,129,104,80,30,25,50
2023-10-24,1043,133,79,70,45,54,25
2023-10-25,1043,128,78,100,31,50,69
2023-10-26,1043,108,81,94,37,27,57
2023-10-27,1043,100,89,64,32,11,32
2023-10-28,1043,105,87,96,30,18,66
2023-10-29,1043,115,72,80,37,43,43
2023-10-30,1043,116,83,96,38,33,58
2023-10-31,1043,100,81,74,43,19,31
2023-11-01,1043,118,71,69,38,47,31
2023-11-02,1043,111,106,74,39,5,35
2023-11-03,1043,141,81,53,42,60,11
2023-11-04,1043,127,78,82,32,49,50
2023-11-05,1043,110,89,95,38,21,57
2023-11-06,1043,138,96,93,39,42,54
2023-11-07,1043,110,81,64,39,29,25
2023-11-08,1043,114,84,68,38,30,30
2023-11-09,1043,134,88,62,40,46,22
2023-11-10,1043,141,77,59,31,64,28
2023-11-11,1043,123,75,75,35,48,40
2023-11-12,1043,110,77,51,58,33,-7
2023-11-13,1043,129,81,53,41,48,12
2023-11-14,1043,120,59,88,40,61,48
2023-11-15,1043,135,91,57,36,44,21
2023-11-16,1043,119,89,85,38,30,47
2023-11-17,1043,115,92,87,45,23,42
2023-11-18,1043,101,81,53,36,20,17
2023-11-19,1043,111,81,80,49,30,31
2023-11-20,1043,141,90,89,46,51,43
2023-11-21,1043,107,92,67,44,15,23
2023-11-22,1043,124,93,50,34,31,16
2023-11-23,1043,106,68,94,38,38,56
2023-11-24,1043,121,89,89,38,32,51
2023-11-25,1043,149,81,55,36,68,19
2023-11-26,1043,121,71,92,43,50,49
2023-11-27,1043,124,81,71,36,43,35
2023-11-28,1043,124,92,59,41,32,18
2023-11-29,1043,150,83,87,32,67,55
2023-11-30,1043,149,75,85,39,74,46
2023-12-01,1043,149,72,92,39,77,53
2023-12-02,1043,114,80,81,43,34,38
2023-12-03,1043,125,80,74,42,45,32
2023-12-04,1043,126,72,78,40,54,38
2023-12-05,1043,109,78,50,33,31,17
2023-12-06,1043,140,83,63,38,57,25
2023-12-07,1043,148,100,65,44,48,21
2023-12-08,1043,107,93,70,27,14,43
2023-12-09,1043,103,94,80,43,9,37
2023-12-10,1043,120,80,57,46,40,11
2023-12-11,1043,111,80,86,35,31,51
2023-12-12,1043,121,62,89,43,59,46
2023-12-13,1043,148,91,75,32,57,43
2023-12-14,1043,150,79,97,41,71,56
2023-12-15,1043,115,67,87,34,48,53
2023-12-16,1043,127,84,67,42,43,25
2023-12-17,1043,149,84,67,37,65,30
2023-12-18,1043,131,85,63,33,46,30
2023-12-19,1043,121,73,69,34,48,35
2023-12-20,1043,114,94,77,41,20,36
2023-12-21,1043,120,103,59,31,17,28
2023-12-22,1043,135,89,68,27,46,41
2023-12-23,1043,118,72,54,47,46,7
2023-12-24,1043,125,83,94,38,42,56
2023-12-25,1043,117,61,76,50,56,26
2023-12-26,1043,129,71,72,47,58,25
2023-12-27,1043,142,70,75,48,72,27
2023-12-28,1043,114,90,65,46,24,19
2023-12-29,1043,119,80,93,37,39,56
2023-12-30,1043,116,74,53,35,42,18
2023-12-31,1043,107,76,97,34,31,63
2023-01-01,1044,147,75,76,45,72,31
2023-01-02,1044,137,79,95,42,58,53
2023-01-03,1044,124,69,80,39,55,41
2023-01-04,1044,103,89,60,39,14,21
2023-01-05,1044,114,83,76,55,31,21
2023-01-06,1044,107,77,91,51,30,40
2023-01-07,1044,145,95,88,44,50,44
2023-01-08,1044,115,78,90,36,37,54
2023-01-09,1044,128,77,57,43,51,14
2023-01-10,1044,104,76,78,32,28,46
2023-01-11,1044,139,79,95,48,60,47
2023-01-12,1044,100,67,53,41,33,12
2023-01-13,1044,149,85,50,31,64,19
2023-01-14,1044,134,87,72,37,47,35
2023-01-15,1044,140,81,62,31,59,31
2023-01-16,1044,101,73,97,43,28,54
2023-01-17,1044,105,94,53,29,11,24
2023-01-18,1044,109,83,81,46,26,35
2023-01-19,1044,144,86,68,36,58,32
2023-01-20,1044,120,92,85,36,28,49
2023-01-21,1044,133,79,69,45,54,24
2023-01-22,1044,117,75,58,48,42,10
2023-01-23,1044,149,83,50,30,66,20
2023-01-24,1044,138,82,55,43,56,12
2023-01-25,1044,112,87,80,37,25,43
2023-01-26,1044,136,63,78,27,73,51
2023-01-27,1044,120,90,84,46,30,38
2023-01-28,1044,145,80,78,51,65,27
2023-01-29,1044,150,73,66,44,77,22
2023-01-30,1044,133,84,80,31,49,49
2023-01-31,1044,145,84,96,45,61,51
2023-02-01,1044,128,76,79,42,52,37
2023-02-02,1044,137,83,52,36,54,16
2023-02-03,1044,122,77,76,31,45,45
2023-02-04,1044,101,112,71,42,-11,29
2023-02-05,1044,112,84,74,42,28,32
2023-02-06,1044,138,85,73,50,53,23
2023-02-07,1044,103,87,81,40,16,41
2023-02-08,1044,127,73,71,54,54,17
2023-02-09,1044,141,69,58,34,72,24
2023-02-10,1044,146,86,92,44,60,48
2023-02-11,1044,124,78,95,45,46,50
2023-02-12,1044,131,69,88,37,62,51
2023-02-13,1044,100,80,70,39,20,31
2023-02-14,1044,127,83,66,42,44,24
2023-02-15,1044,118,77,78,30,41,48
2023-02-16,1044,148,79,75,45,69,30
2023-02-17,1044,121,80,72,41,41,31
2023-02-18,1044,131,89,50,41,42,9
2023-02-19,1044,143,82,72,47,61,25
2023-02-20,1044,131,86,67,48,45,19
2023-02-21,1044,121,85,82,35,36,47
2023-02-22,1044,128,68,96,31,60,65
2023-02-23,1044,140,87,75,63,53,12
2023-02-24,1044,109,90,51,43,19,8
2023-02-25,1044,145,88,54,54,57,0
2023-02-26,1044,144,73,56,44,71,12
2023-02-27,1044,144,57,68,42,87,26
2023-02-28,1044,149,95,78,47,54,31
2023-03-01,1044,114,68,94,48,46,46
2023-03-02,1044,139,91,80,40,48,40
2023-03-03,1044,115,97,80,48,18,32
2023-03-04,1044,117,76,98,28,41,70
2023-03-05,1044,143,93,87,43,50,44
2023-03-06,1044,135,61,79,38,74,41
2023-03-07,1044,148,85,64,39,63,25
2023-03-08,1044,120,99,64,43,21,21
2023-03-09,1044,114,85,64,41,29,23
2023-03-10,1044,120,67,72,35,53,37
2023-03-11,1044,128,77,85,39,51,46
2023-03-12,1044,148,68,53,36,80,17
2023-03-13,1044,141,113,91,44,28,47
2023-03-14,1044,124,82,64,56,42,8
2023-03-15,1044,119,73,98,35,46,63
2023-03-16,1044,117,82,51,34,35,17
2023-03-17,1044,111,79,78,47,32,31
2023-03-18,1044,121,70,56,30,51,26
2023-03-19,1044,148,76,100,34,72,66
2023-03-20,1044,139,91,78,36,48,42
2023-03-21,1044,148,68,61,32,80,29
2023-03-22,1044,146,61,95,38,85,57
2023-03-23,1044,106,96,78,42,10,36
2023-03-24,1044,119,70,80,33,49,47
2023-03-25,1044,121,62,70,37,59,33
2023-03-26,1044,139,84,65,46,55,19
2023-03-27,1044,100,94,52,29,6,23
2023-03-28,1044,144,81,82,48,63,34
2023-03-29,1044,139,79,92,46,60,46
2023-03-30,1044,126,86,92,29,40,63
2023-03-31,1044,139,86,72,39,53,33
2023-04-01,1044,143,63,57,48,80,9
2023-04-02,1044,113,75,71,41,38,30
2023-04-03,1044,134,75,88,47,59,41
2023-04-04,1044,141,71,89,40,70,49
2023-04-05,1044,118,85,96,42,33,54
2023-04-06,1044,140,89,86,46,51,40
2023-04-07,1044,140,84,72,44,56,28
2023-04-08,1044,128,77,86,27,51,59
2023-04-09,1044,138,75,78,50,63,28
2023-04-10,1044,129,94,98,44,35,54
2023-04-11,1044,134,78,62,47,56,15
2023-04-12,1044,150,79,80,37,71,43
2023-04-13,1044,149,104,58,46,45,12
2023-04-14,1044,150,88,94,35,62,59
2023-04-15,1044,117,82,76,27,35,49
2023-04-16,1044,146,76,57,40,70,17
2023-04-17,1044,133,77,99,48,56,51
2023-04-18,1044,100,77,56,43,23,13
2023-04-19,1044,109,76,64,34,33,30
2023-04-20,1044,133,78,57,42,55,15
2023-04-21,1044,117,84,70,39,33,31
2023-04-22,1044,114,89,65,42,25,23
2023-04-23,1044,139,76,74,40,63,34
2023-04-24,1044,131,86,55,55,45,0
2023-04-25,1044,114,94,64,55,20,9
2023-04-26,1044,115,92,59,43,23,16
2023-04-27,1044,124,72,60,44,52,16
2023-04-28,1044,105,85,91,45,20,46
2023-04-29,1044,117,82,79,42,35,37
2023-04-30,1044,122,71,79,55,51,24
2023-05-01,1044,114,84,93,28,30,65
2023-05-02,1044,117,86,57,36,31,21
2023-05-03,1044,126,69,71,32,57,39
2023-05-04,1044,109,69,61,45,40,16
2023-05-05,1044,138,88,94,38,50,56
2023-05-06,1044,102,80,93,43,22,50
2023-05-07,1044,113,81,87,43,32,44
2023-05-08,1044,139,82,77,41,57,36
2023-05-09,1044,101,86,53,47,15,6
2023-05-10,1044,117,91,81,40,26,41
2023-05-11,1044,133,75,92,41,58,51
2023-05-12,1044,100,73,89,27,27,62
2023-05-13,1044,110,85,51,40,25,11
2023-05-14,1044,123,92,63,37,31,26
2023-05-15,1044,137,78,64,31,59,33
2023-05-16,1044,114,71,89,35,43,54
2023-05-17,1044,135,76,61,42,59,19
2023-05-18,1044,144,66,64,33,78,31
2023-05-19,1044,140,82,68,42,58,26
2023-05-20,1044,139,81,95,39,58,56
2023-05-21,1044,139,84,74,29,55,45
2023-05-22,1044,143,76,75,40,67,35
2023-05-23,1044,135,86,71,45,49,26
2023-05-24,1044,109,74,68,34,35,34
2023-05-25,1044,150,85,61,42,65,19
2023-05-26,1044,122,90,69,44,32,25
2023-05-27,1044,104,73,97,34,31,63
2023-05-28,1044,118,99,61,43,19,18
2023-05-29,1044,121,72,81,51,49,30
2023-05-30,1044,111,71,89,43,40,46
2023-05-31,1044,122,94,57,51,28,6
2023-06-01,1044,104,82,55,32,22,23
2023-06-02,1044,114,88,66,39,26,27
2023-06-03,1044,110,90,96,45,20,51
2023-06-04,1044,138,70,96,29,68,67
2023-06-05,1044,119,64,67,31,55,36
2023-06-06,1044,119,71,97,33,48,64
2023-06-07,1044,123,72,95,37,51,58
2023-06-08,1044,125,75,70,34,50,36
2023-06-09,1044,106,91,75,38,15,37
2023-06-10,1044,111,67,79,40,44,39
2023-06-11,1044,126,90,86,49,36,37
2023-06-12,1044,123,86,86,39,37,47
2023-06-13,1044,135,79,57,34,56,23
2023-06-14,1044,103,68,56,38,35,18
2023-06-15,1044,108,69,62,32,39,30
2023-06-16,1044,102,93,96,40,9,56
2023-06-17,1044,130,67,85,42,63,43
2023-06-18,1044,130,75,86,31,55,55
2023-06-19,1044,143,74,76,40,69,36
2023-06-20,1044,121,79,98,32,42,66
2023-06-21,1044,143,73,50,45,70,5
2023-06-22,1044,141,71,58,38,70,20
2023-06-23,1044,114,82,76,26,32,50
2023-06-24,1044,121,93,78,40,28,38
2023-06-25,1044,109,87,65,37,22,28
2023-06-26,1044,143,80,83,42,63,41
2023-06-27,1044,120,89,84,43,31,41
2023-06-28,1044,119,93,85,39,26,46
2023-06-29,1044,124,59,65,50,65,15
2023-06-30,1044,118,88,97,48,30,49
2023-07-01,1044,102,71,98,40,31,58
2023-07-02,1044,130,72,88,33,58,55
2023-07-03,1044,149,83,96,34,66,62
2023-07-04,1044,149,70,61,44,79,17
2023-07-05,1044,133,88,52,42,45,10
2023-07-06,1044,138,81,71,45,57,26
2023-07-07,1044,139,69,68,35,70,33
2023-07-08,1044,110,83,75,46,27,29
2023-07-09,1044,150,82,98,33,68,65
2023-07-10,1044,114,65,86,43,49,43
2023-07-11,1044,150,82,83,44,68,39
2023-07-12,1044,105,91,77,37,14,40
2023-07-13,1044,119,71,96,47,48,49
2023-07-14,1044,142,88,59,34,54,25
2023-07-15,1044,127,79,79,35,48,44
2023-07-16,1044,119,76,74,43,43,31
2023-07-17,1044,138,69,62,42,69,20
2023-07-18,1044,107,88,86,42,19,44
2023-07-19,1044,116,90,64,37,26,27
2023-07-20,1044,129,91,93,40,38,53
2023-07-21,1044,120,77,64,48,43,16
2023-07-22,1044,132,85,95,34,47,61
2023-07-23,1044,136,84,92,42,52,50
2023-07-24,1044,110,77,99,48,33,51
2023-07-25,1044,133,84,59,43,49,16
2023-07-26,1044,122,91,84,39,31,45
2023-07-27,1044,150,80,69,28,70,41
2023-07-28,1044,124,79,59,38,45,21
2023-07-29,1044,148,81,66,30,67,36
2023-07-30,1044,112,96,67,49,16,18
2023-07-31,1044,114,68,54,38,46,16
2023-08-01,1044,105,85,95,41,20,54
2023-08-02,1044,128,69,83,41,59,42
2023-08-03,1044,144,92,53,38,52,15
2023-08-04,1044,140,79,50,38,61,12
2023-08-05,1044,109,96,57,38,13,19
2023-08-06,1044,128,104,82,43,24,39
2023-08-07,1044,100,74,52,38,26,14
2023-08-08,1044,121,97,71,43,24,28
2023-08-09,1044,113,87,82,42,26,40
2023-08-10,1044,124,84,84,33,40,51
2023-08-11,1044,141,81,52,50,60,2
2023-08-12,1044,120,69,56,30,51,26
2023-08-13,1044,110,77,73,37,33,36
2023-08-14,1044,135,64,83,37,71,46
2023-08-15,1044,149,95,94,34,54,60
2023-08-16,1044,101,80,95,45,21,50
2023-08-17,1044,104,93,91,41,11,50
2023-08-18,1044,108,76,68,39,32,29
2023-08-19,1044,138,80,50,47,58,3
2023-08-20,1044,135,59,62,39,76,23
2023-08-21,1044,118,79,58,45,39,13
2023-08-22,1044,147,74,57,46,73,11
2023-08-23,1044,133,66,57,37,67,20
2023-08-24,1044,111,76,77,39,35,38
2023-08-25,1044,149,84,86,33,65,53
2023-08-26,1044,142,78,75,41,64,34
2023-08-27,1044,124,89,69,32,35,37
2023-08-28,1044,144,79,75,38,65,37
2023-08-29,1044,130,73,70,25,57,45
2023-08-30,1044,120,83,100,32,37,68
2023-08-31,1044,147,68,87,30,79,57
2023-09-01,1044,146,89,69,35,57,34
2023-09-02,1044,136,75,77,39,61,38
2023-09-03,1044,113,89,77,51,24,26
2023-09-04,1044,147,75,62,35,72,27
2023-09-05,1044,134,86,64,57,48,7
2023-09-06,1044,140,74,83,43,66,40
2023-09-07,1044,142,79,81,29,63,52
2023-09-08,1044,126,85,88,34,41,54
2023-09-09,1044,107,81,79,46,26,33
2023-09-10,1044,119,87,94,38,32,56
2023-09-11,1044,109,85,91,39,24,52
2023-09-12,1044,128,91,56,37,37,19
2023-09-13,1044,146,72,61,35,74,26
2023-09-14,1044,109,75,96,33,34,63
2023-09-15,1044,104,96,58,36,8,22
2023-09-16,1044,132,81,95,31,51,64
2023-09-17,1044,117,76,65,40,41,25
2023-09-18,1044,142,70,98,46,72,52
2023-09-19,1044,124,85,98,48,39,50
2023-09-20,1044,150,88,62,36,62,26
2023-09-21,1044,148,98,73,45,50,28
2023-09-22,1044,129,104,74,42,25,32
2023-09-23,1044,101,85,84,25,16,59
2023-09-24,1044,138,87,65,33,51,32
2023-09-25,1044,150,67,97,39,83,58
2023-09-26,1044,144,79,85,34,65,51
2023-09-27,1044,124,91,99,42,33,57
2023-09-28,1044,102,81,93,25,21,68
2023-09-29,1044,109,87,69,39,22,30
2023-09-30,1044,142,76,92,53,66,39
2023-10-01,1044,125,76,74,38,49,36
2023-10-02,1044,122,83,75,45,39,30
2023-10-03,1044,145,88,51,46,57,5
2023-10-04,1044,125,97,71,42,28,29
2023-10-05,1044,149,71,96,51,78,45
2023-10-06,1044,133,82,88,35,51,53
2023-10-07,1044,141,83,100,38,58,62
2023-10-08,1044,130,75,80,46,55,34
2023-10-09,1044,108,77,97,39,31,58
2023-10-10,1044,138,93,56,23,45,33
2023-10-11,1044,105,71,94,46,34,48
2023-10-12,1044,141,87,91,29,54,62
2023-10-13,1044,141,78,89,40,63,49
2023-10-14,1044,130,84,61,51,46,10
2023-10-15,1044,125,89,73,31,36,42
2023-10-16,1044,127,81,76,36,46,40
2023-10-17,1044,121,71,96,36,50,60
2023-10-18,1044,144,78,55,35,66,20
2023-10-19,1044,121,71,79,33,50,46
2023-10-20,1044,100,84,91,34,16,57
2023-10-21,1044,104,98,90,44,6,46
2023-10-22,1044,121,96,83,40,25,43
2023-10-23,1044,118,74,73,47,44,26
2023-10-24,1044,129,97,54,46,32,8
2023-10-25,1044,133,71,91,43,62,48
2023-10-26,1044,113,84,53,39,29,14
2023-10-27,1044,113,78,62,39,35,23
2023-10-28,1044,110,60,93,42,50,51
2023-10-29,1044,118,81,97,41,37,56
2023-10-30,1044,118,92,73,45,26,28
2023-10-31,1044,140,86,100,52,54,48
2023-11-01,1044,100,64,85,43,36,42
2023-11-02,1044,148,97,53,41,51,12
2023-11-03,1044,118,102,94,36,16,58
2023-11-04,1044,137,89,99,40,48,59
2023-11-05,1044,119,87,73,33,32,40
2023-11-06,1044,133,81,52,30,52,22
2023-11-07,1044,116,80,61,43,36,18
2023-11-08,1044,129,74,75,37,55,38
2023-11-09,1044,125,74,91,41,51,50
2023-11-10,1044,140,94,62,45,46,17
2023-11-11,1044,127,100,87,34,27,53
2023-11-12,1044,135,88,75,38,47,37
2023-11-13,1044,136,81,81,49,55,32
2023-11-14,1044,117,66,66,37,51,29
2023-11-15,1044,143,88,53,42,55,11
2023-11-16,1044,149,95,81,49,54,32
2023-11-17,1044,110,83,52,34,27,18
2023-11-18,1044,106,95,94,35,11,59
2023-11-19,1044,112,82,75,31,30,44
2023-11-20,1044,109,85,95,44,24,51
2023-11-21,1044,101,86,84,42,15,42
2023-11-22,1044,104,83,53,39,21,14
2023-11-23,1044,141,80,50,38,61,12
2023-11-24,1044,118,65,100,32,53,68
2023-11-25,1044,115,77,86,48,38,38
2023-11-26,1044,115,94,63,32,21,31
2023-11-27,1044,149,83,60,46,66,14
2023-11-28,1044,137,69,86,37,68,49
2023-11-29,1044,106,78,68,39,28,29
2023-11-30,1044,142,69,76,33,73,43
2023-12-01,1044,133,65,96,43,68,53
2023-12-02,1044,122,86,68,40,36,28
2023-12-03,1044,134,79,97,47,55,50
2023-12-04,1044,141,58,83,37,83,46
2023-12-05,1044,133,65,88,28,68,60
2023-12-06,1044,127,69,74,41,58,33
2023-12-07,1044,145,75,69,49,70,20
2023-12-08,1044,124,86,71,39,38,32
2023-12-09,1044,129,90,63,37,39,26
2023-12-10,1044,127,89,71,47,38,24
2023-12-11,1044,133,83,77,42,50,35
2023-12-12,1044,130,88,88,41,42,47
2023-12-13,1044,129,64,87,39,65,48
2023-12-14,1044,144,73,87,45,71,42
2023-12-15,1044,128,93,77,48,35,29
2023-12-16,1044,125,84,87,46,41,41
2023-12-17,1044,143,85,83,52,58,31
2023-12-18,1044,129,75,69,48,54,21
2023-12-19,1044,105,79,90,28,26,62
2023-12-20,1044,148,89,83,54,59,29
2023-12-21,1044,138,88,84,34,50,50
2023-12-22,1044,109,83,61,38,26,23
2023-12-23,1044,121,87,86,38,34,48
2023-12-24,1044,145,94,75,41,51,34
2023-12-25,1044,114,80,54,38,34,16
2023-12-26,1044,147,73,60,41,74,19
2023-12-27,1044,109,73,71,30,36,41
2023-12-28,1044,100,74,95,32,26,63
2023-12-29,1044,136,83,59,46,53,13
2023-12-30,1044,105,91,87,36,14,51
2023-12-31,1044,104,76,54,39,28,15
2023-01-01,1045,127,78,95,47,49,48
2023-01-02,1045,115,75,87,36,40,51
2023-01-03,1045,117,68,77,43,49,34
2023-01-04,1045,144,82,91,40,62,51
2023-01-05,1045,129,101,60,32,28,28
2023-01-06,1045,131,76,93,38,55,55
2023-01-07,1045,125,83,51,44,42,7
2023-01-08,1045,142,75,85,50,67,35
2023-01-09,1045,118,69,75,38,49,37
2023-01-10,1045,100,89,84,38,11,46
2023-01-11,1045,110,70,52,33,40,19
2023-01-12,1045,117,76,90,43,41,47
2023-01-13,1045,126,74,78,41,52,37
2023-01-14,1045,104,81,77,47,23,30
2023-01-15,1045,122,88,73,47,34,26
2023-01-16,1045,130,59,69,51,71,18
2023-01-17,1045,128,79,71,41,49,30
2023-01-18,1045,110,74,68,34,36,34
2023-01-19,1045,104,70,72,33,34,39
2023-01-20,1045,119,74,68,44,45,24
2023-01-21,1045,108,71,69,36,37,33
2023-01-22,1045,129,75,59,47,54,12
2023-01-23,1045,118,80,76,42,38,34
2023-01-24,1045,124,92,84,37,32,47
2023-01-25,1045,125,65,89,45,60,44
2023-01-26,1045,149,88,54,55,61,-1
2023-01-27,1045,109,81,87,34,28,53
2023-01-28,1045,141,86,100,37,55,63
2023-01-29,1045,116,71,74,40,45,34
2023-01-30,1045,131,74,58,47,57,11
2023-01-31,1045,103,71,58,38,32,20
2023-02-01,1045,119,84,59,34,35,25
2023-02-02,1045,127,82,57,42,45,15
2023-02-03,1045,101,67,80,44,34,36
2023-02-04,1045,112,72,81,41,40,40
2023-02-05,1045,102,92,85,38,10,47
2023-02-06,1045,117,89,67,31,28,36
2023-02-07,1045,145,74,75,36,71,39
2023-02-08,1045,147,79,63,44,68,19
2023-02-09,1045,125,80,89,32,45,57
2023-02-10,1045,144,77,71,40,67,31
2023-02-11,1045,130,93,65,46,37,19
2023-02-12,1045,119,70,77,40,49,37
2023-02-13,1045,138,69,83,46,69,37
2023-02-14,1045,139,71,84,36,68,48
2023-02-15,1045,120,85,86,41,35,45
2023-02-16,1045,134,84,81,45,50,36
2023-02-17,1045,111,92,55,41,19,14
2023-02-18,1045,145,78,84,44,67,40
2023-02-19,1045,103,74,84,41,29,43
2023-02-20,1045,132,78,60,47,54,13
2023-02-21,1045,119,82,82,44,37,38
2023-02-22,1045,129,76,98,61,53,37
2023-02-23,1045,119,70,55,38,49,17
2023-02-24,1045,101,83,78,37,18,41
2023-02-25,1045,137,80,77,43,57,34
2023-02-26,1045,132,73,94,48,59,46
2023-02-27,1045,103,83,86,28,20,58
2023-02-28,1045,104,82,88,42,22,46
2023-03-01,1045,141,89,61,32,52,29
2023-03-02,1045,124,83,54,47,41,7
2023-03-03,1045,114,80,85,50,34,35
2023-03-04,1045,147,83,57,38,64,19
2023-03-05,1045,110,86,68,46,24,22
2023-03-06,1045,102,76,70,36,26,34
2023-03-07,1045,115,88,55,31,27,24
2023-03-08,1045,111,71,59,41,40,18
2023-03-09,1045,150,77,99,32,73,67
2023-03-10,1045,148,68,68,39,80,29
2023-03-11,1045,112,85,74,45,27,29
2023-03-12,1045,148,74,71,43,74,28
2023-03-13,1045,132,80,88,33,52,55
2023-03-14,1045,130,99,82,33,31,49
2023-03-15,1045,112,80,90,44,32,46
2023-03-16,1045,135,72,73,34,63,39
2023-03-17,1045,126,83,69,53,43,16
2023-03-18,1045,117,88,62,41,29,21
2023-03-19,1045,145,72,83,54,73,29
2023-03-20,1045,110,78,64,46,32,18
2023-03-21,1045,112,82,90,47,30,43
2023-03-22,1045,114,91,81,31,23,50
2023-03-23,1045,124,88,91,40,36,51
2023-03-24,1045,134,80,94,37,54,57
2023-03-25,1045,128,83,72,43,45,29
2023-03-26,1045,129,78,87,55,51,32
2023-03-27,1045,146,84,96,36,62,60
2023-03-28,1045,105,73,52,38,32,14
2023-03-29,1045,125,60,97,39,65,58
2023-03-30,1045,148,86,100,45,62,55
2023-03-31,1045,132,93,77,38,39,39
2023-04-01,1045,145,80,62,49,65,13
2023-04-02,1045,129,93,54,42,36,12
2023-04-03,1045,131,76,70,41,55,29
2023-04-04,1045,121,71,84,45,50,39
2023-04-05,1045,109,79,73,27,30,46
2023-04-06,1045,139,71,83,36,68,47
2023-04-07,1045,105,88,89,33,17,56
2023-04-08,1045,127,86,62,44,41,18
2023-04-09,1045,132,82,83,51,50,32
2023-04-10,1045,102,93,82,45,9,37
2023-04-11,1045,149,70,67,39,79,28
2023-04-12,1045,137,66,56,45,71,11
2023-04-13,1045,148,89,66,45,59,21
2023-04-14,1045,150,82,85,33,68,52
2023-04-15,1045,111,92,81,41,19,40
2023-04-16,1045,118,68,58,36,50,22
2023-04-17,1045,122,82,81,42,40,39
2023-04-18,1045,103,67,99,38,36,61
2023-04-19,1045,123,79,51,42,44,9
2023-04-20,1045,112,75,90,37,37,53
2023-04-21,1045,140,85,78,45,55,33
2023-04-22,1045,138,64,87,45,74,42
2023-04-23,1045,113,75,98,49,38,49
2023-04-24,1045,133,93,67,37,40,30
2023-04-25,1045,137,88,70,45,49,25
2023-04-26,1045,137,76,69,39,61,30
2023-04-27,1045,124,71,87,46,53,41
2023-04-28,1045,104,81,57,35,23,22
2023-04-29,1045,136,86,62,42,50,20
2023-04-30,1045,144,84,59,32,60,27
2023-05-01,1045,105,75,81,42,30,39
2023-05-02,1045,115,97,59,38,18,21
2023-05-03,1045,141,86,84,42,55,42
2023-05-04,1045,102,79,52,36,23,16
2023-05-05,1045,107,68,81,40,39,41
2023-05-06,1045,144,82,57,31,62,26
2023-05-07,1045,138,77,81,41,61,40
2023-05-08,1045,114,76,91,46,38,45
2023-05-09,1045,103,95,52,35,8,17
2023-05-10,1045,113,91,65,27,22,38
2023-05-11,1045,141,70,58,41,71,17
2023-05-12,1045,135,79,83,39,56,44
2023-05-13,1045,144,86,69,37,58,32
2023-05-14,1045,115,71,76,57,44,19
2023-05-15,1045,133,83,51,39,50,12
2023-05-16,1045,122,94,79,37,28,42
2023-05-17,1045,114,78,53,44,36,9
2023-05-18,1045,131,73,58,42,58,16
2023-05-19,1045,121,77,59,36,44,23
2023-05-20,1045,144,79,53,39,65,14
2023-05-21,1045,107,87,54,38,20,16
2023-05-22,1045,115,91,85,56,24,29
2023-05-23,1045,127,78,85,42,49,43
2023-05-24,1045,119,72,69,47,47,22
2023-05-25,1045,111,69,63,54,42,9
2023-05-26,1045,144,79,76,41,65,35
2023-05-27,1045,110,81,85,46,29,39
2023-05-28,1045,107,78,62,28,29,34
2023-05-29,1045,127,86,87,50,41,37
2023-05-30,1045,112,83,99,40,29,59
2023-05-31,1045,112,86,79,34,26,45
2023-06-01,1045,132,68,69,43,64,26
2023-06-02,1045,136,71,53,35,65,18
2023-06-03,1045,147,75,90,32,72,58
2023-06-04,1045,136,88,90,48,48,42
2023-06-05,1045,102,74,63,26,28,37
2023-06-06,1045,117,83,69,30,34,39
2023-06-07,1045,108,82,66,40,26,26
2023-06-08,1045,141,67,99,34,74,65
2023-06-09,1045,144,69,87,51,75,36
2023-06-10,1045,104,83,73,43,21,30
2023-06-11,1045,142,66,70,39,76,31
2023-06-12,1045,121,79,73,29,42,44
2023-06-13,1045,104,87,54,42,17,12
2023-06-14,1045,145,66,62,45,79,17
2023-06-15,1045,109,74,75,33,35,42
2023-06-16,1045,134,90,51,38,44,13
2023-06-17,1045,132,85,55,36,47,19
2023-06-18,1045,148,71,93,35,77,58
2023-06-19,1045,100,74,84,26,26,58
2023-06-20,1045,133,67,64,35,66,29
2023-06-21,1045,101,72,79,48,29,31
2023-06-22,1045,107,78,79,35,29,44
2023-06-23,1045,115,86,98,37,29,61
2023-06-24,1045,140,87,71,46,53,25
2023-06-25,1045,105,78,64,35,27,29
2023-06-26,1045,147,74,74,35,73,39
2023-06-27,1045,126,62,92,38,64,54
2023-06-28,1045,138,70,95,37,68,58
2023-06-29,1045,124,81,62,43,43,19
2023-06-30,1045,104,78,96,35,26,61
2023-07-01,1045,142,93,90,38,49,52
2023-07-02,1045,121,83,85,40,38,45
2023-07-03,1045,104,80,63,53,24,10
2023-07-04,1045,147,84,76,38,63,38
2023-07-05,1045,111,90,89,46,21,43
2023-07-06,1045,119,82,78,34,37,44
2023-07-07,1045,149,72,79,47,77,32
2023-07-08,1045,143,69,50,40,74,10
2023-07-09,1045,121,86,64,40,35,24
2023-07-10,1045,141,78,97,49,63,48
2023-07-11,1045,119,70,91,50,49,41
2023-07-12,1045,102,86,78,28,16,50
2023-07-13,1045,117,86,82,50,31,32
2023-07-14,1045,116,79,80,44,37,36
2023-07-15,1045,103,104,100,35,-1,65
2023-07-16,1045,105,84,55,43,21,12
2023-07-17,1045,134,64,96,40,70,56
2023-07-18,1045,100,90,82,48,10,34
2023-07-19,1045,133,63,76,38,70,38
2023-07-20,1045,113,80,65,42,33,23
2023-07-21,1045,107,86,95,45,21,50
2023-07-22,1045,117,73,100,37,44,63
2023-07-23,1045,146,91,83,35,55,48
2023-07-24,1045,128,69,60,38,59,22
2023-07-25,1045,143,88,62,45,55,17
2023-07-26,1045,130,82,51,43,48,8
2023-07-27,1045,146,76,75,27,70,48
2023-07-28,1045,140,75,99,41,65,58
2023-07-29,1045,126,93,93,47,33,46
2023-07-30,1045,124,74,60,27,50,33
2023-07-31,1045,136,80,89,35,56,54
2023-08-01,1045,141,85,77,33,56,44
2023-08-02,1045,138,90,70,54,48,16
2023-08-03,1045,139,101,57,49,38,8
2023-08-04,1045,112,72,74,31,40,43
2023-08-05,1045,110,72,68,39,38,29
2023-08-06,1045,131,84,96,50,47,46
2023-08-07,1045,149,68,53,40,81,13
2023-08-08,1045,136,77,99,43,59,56
2023-08-09,1045,117,71,69,35,46,34
2023-08-10,1045,120,96,83,45,24,38
2023-08-11,1045,125,65,59,41,60,18
2023-08-12,1045,145,76,88,46,69,42
2023-08-13,1045,149,78,83,37,71,46
2023-08-14,1045,109,69,60,38,40,22
2023-08-15,1045,141,78,99,40,63,59
2023-08-16,1045,110,80,94,36,30,58
2023-08-17,1045,102,67,92,33,35,59
2023-08-18,1045,137,91,83,39,46,44
2023-08-19,1045,114,78,56,34,36,22
2023-08-20,1045,125,66,53,45,59,8
2023-08-21,1045,111,86,65,36,25,29
2023-08-22,1045,135,99,92,38,36,54
2023-08-23,1045,126,71,57,36,55,21
2023-08-24,1045,129,86,56,46,43,10
2023-08-25,1045,100,71,83,40,29,43
2023-08-26,1045,109,81,86,37,28,49
2023-08-27,1045,128,74,89,58,54,31
2023-08-28,1045,132,85,86,35,47,51
2023-08-29,1045,109,87,81,29,22,52
2023-08-30,1045,150,86,52,46,64,6
2023-08-31,1045,104,90,83,38,14,45
2023-09-01,1045,102,80,56,40,22,16
2023-09-02,1045,123,73,80,38,50,42
2023-09-03,1045,146,80,87,41,66,46
2023-09-04,1045,128,69,59,39,59,20
2023-09-05,1045,117,78,98,43,39,55
2023-09-06,1045,108,84,60,38,24,22
2023-09-07,1045,145,77,81,48,68,33
2023-09-08,1045,129,79,99,37,50,62
2023-09-09,1045,126,98,57,38,28,19
2023-09-10,1045,136,83,76,49,53,27
2023-09-11,1045,108,94,94,42,14,52
2023-09-12,1045,146,84,71,33,62,38
2023-09-13,1045,123,66,71,43,57,28
2023-09-14,1045,112,88,61,41,24,20
2023-09-15,1045,100,89,73,40,11,33
2023-09-16,1045,112,77,57,35,35,22
2023-09-17,1045,137,83,78,48,54,30
2023-09-18,1045,126,83,79,33,43,46
2023-09-19,1045,105,85,58,38,20,20
2023-09-20,1045,112,98,59,50,14,9
2023-09-21,1045,129,83,81,34,46,47
2023-09-22,1045,119,83,53,35,36,18
2023-09-23,1045,144,78,88,51,66,37
2023-09-24,1045,129,79,72,35,50,37
2023-09-25,1045,139,81,99,44,58,55
2023-09-26,1045,140,69,76,43,71,33
2023-09-27,1045,135,77,70,39,58,31
2023-09-28,1045,119,80,71,30,39,41
2023-09-29,1045,100,55,52,46,45,6
2023-09-30,1045,143,74,71,34,69,37
2023-10-01,1045,125,80,66,30,45,36
2023-10-02,1045,123,88,94,40,35,54
2023-10-03,1045,112,78,65,53,34,12
2023-10-04,1045,144,63,67,43,81,24
2023-10-05,1045,115,85,60,53,30,7
2023-10-06,1045,116,83,68,29,33,39
2023-10-07,1045,138,78,62,55,60,7
2023-10-08,1045,143,89,86,34,54,52
2023-10-09,1045,128,92,68,51,36,17
2023-10-10,1045,143,79,69,47,64,22
2023-10-11,1045,147,84,58,35,63,23
2023-10-12,1045,125,79,90,38,46,52
2023-10-13,1045,114,77,62,51,37,11
2023-10-14,1045,100,80,58,35,20,23
2023-10-15,1045,101,79,66,35,22,31
2023-10-16,1045,113,78,76,39,35,37
2023-10-17,1045,121,84,94,41,37,53
2023-10-18,1045,130,68,88,48,62,40
2023-10-19,1045,113,67,80,46,46,34
2023-10-20,1045,133,90,69,49,43,20
2023-10-21,1045,142,91,86,37,51,49
2023-10-22,1045,120,84,85,38,36,47
2023-10-23,1045,131,73,98,40,58,58
2023-10-24,1045,121,80,57,36,41,21
2023-10-25,1045,131,92,89,46,39,43
2023-10-26,1045,113,75,99,31,38,68
2023-10-27,1045,100,81,69,37,19,32
2023-10-28,1045,129,77,52,41,52,11
2023-10-29,1045,107,83,80,39,24,41
2023-10-30,1045,114,86,74,50,28,24
2023-10-31,1045,133,70,65,32,63,33
2023-11-01,1045,109,62,78,35,47,43
2023-11-02,1045,128,84,60,42,44,18
2023-11-03,1045,100,86,92,42,14,50
2023-11-04,1045,102,73,82,36,29,46
2023-11-05,1045,141,89,94,39,52,55
2023-11-06,1045,120,83,80,51,37,29
2023-11-07,1045,125,96,56,41,29,15
2023-11-08,1045,110,85,91,40,25,51
2023-11-09,1045,112,80,80,41,32,39
2023-11-10,1045,136,74,53,39,62,14
2023-11-11,1045,109,72,96,36,37,60
2023-11-12,1045,114,74,89,38,40,51
2023-11-13,1045,101,66,86,41,35,45
2023-11-14,1045,109,83,56,43,26,13
2023-11-15,1045,144,73,98,41,71,57
2023-11-16,1045,102,89,68,50,13,18
2023-11-17,1045,121,93,91,31,28,60
2023-11-18,1045,146,74,72,41,72,31
2023-11-19,1045,106,78,60,27,28,33
2023-11-20,1045,136,67,63,46,69,17
2023-11-21,1045,130,69,72,44,61,28
2023-11-22,1045,126,91,98,30,35,68
2023-11-23,1045,111,67,91,41,44,50
2023-11-24,1045,111,79,61,41,32,20
2023-11-25,1045,146,81,50,38,65,12
2023-11-26,1045,101,76,57,48,25,9
2023-11-27,1045,134,66,98,36,68,62
2023-11-28,1045,139,92,71,29,47,42
2023-11-29,1045,105,79,66,45,26,21
2023-11-30,1045,149,83,57,40,66,17
2023-12-01,1045,110,80,67,33,30,34
2023-12-02,1045,139,74,87,39,65,48
2023-12-03,1045,115,93,91,40,22,51
2023-12-04,1045,129,82,75,47,47,28
2023-12-05,1045,126,87,100,37,39,63
2023-12-06,1045,117,106,82,42,11,40
2023-12-07,1045,123,68,54,37,55,17
2023-12-08,1045,105,85,84,38,20,46
2023-12-09,1045,149,73,69,31,76,38
2023-12-10,1045,147,91,62,34,56,28
2023-12-11,1045,120,76,87,38,44,49
2023-12-12,1045,133,65,61,37,68,24
2023-12-13,1045,115,85,61,44,30,17
2023-12-14,1045,111,96,59,37,15,22
2023-12-15,1045,136,83,88,38,53,50
2023-12-16,1045,133,70,79,38,63,41
2023-12-17,1045,116,96,69,49,20,20
2023-12-18,1045,111,83,71,37,28,34
2023-12-19,1045,146,83,78,39,63,39
2023-12-20,1045,124,82,75,43,42,32
2023-12-21,1045,116,77,100,40,39,60
2023-12-22,1045,144,79,99,45,65,54
2023-12-23,1045,134,79,55,42,55,13
2023-12-24,1045,121,64,66,42,57,24
2023-12-25,1045,125,82,99,33,43,66
2023-12-26,1045,101,77,50,33,24,17
2023-12-27,1045,103,73,77,48,30,29
2023-12-28,1045,140,78,52,34,62,18
2023-12-29,1045,101,87,60,31,14,29
2023-12-30,1045,139,90,50,35,49,15
2023-12-31,1045,149,99,62,51,50,11
2023-01-01,1046,147,76,83,48,71,35
2023-01-02,1046,134,82,77,39,52,38
2023-01-03,1046,124,75,70,40,49,30
2023-01-04,1046,108,77,89,44,31,45
2023-01-05,1046,128,85,74,40,43,34
2023-01-06,1046,122,71,82,32,51,50
2023-01-07,1046,106,88,84,40,18,44
2023-01-08,1046,106,76,78,64,30,14
2023-01-09,1046,150,80,79,40,70,39
2023-01-10,1046,112,85,75,42,27,33
2023-01-11,1046,144,94,80,51,50,29
2023-01-12,1046,101,95,64,38,6,26
2023-01-13,1046,118,85,76,40,33,36
2023-01-14,1046,125,85,56,41,40,15
2023-01-15,1046,123,89,80,43,34,37
2023-01-16,1046,136,86,52,41,50,11
2023-01-17,1046,133,86,66,38,47,28
2023-01-18,1046,139,86,93,42,53,51
2023-01-19,1046,105,81,86,42,24,44
2023-01-20,1046,103,79,76,29,24,47
2023-01-21,1046,104,77,67,42,27,25
2023-01-22,1046,133,82,66,37,51,29
2023-01-23,1046,110,89,77,42,21,35
2023-01-24,1046,109,83,92,41,26,51
2023-01-25,1046,121,79,89,37,42,52
2023-01-26,1046,144,75,55,43,69,12
2023-01-27,1046,142,72,77,40,70,37
2023-01-28,1046,138,88,100,42,50,58
2023-01-29,1046,104,73,77,44,31,33
2023-01-30,1046,143,64,67,47,79,20
2023-01-31,1046,118,82,66,35,36,31
2023-02-01,1046,121,86,88,38,35,50
2023-02-02,1046,105,75,79,43,30,36
2023-02-03,1046,136,89,77,38,47,39
2023-02-04,1046,148,84,63,44,64,19
2023-02-05,1046,114,72,63,39,42,24
2023-02-06,1046,117,69,78,46,48,32
2023-02-07,1046,130,71,99,35,59,64
2023-02-08,1046,133,73,79,40,60,39
2023-02-09,1046,118,78,79,36,40,43
2023-02-10,1046,121,113,59,33,8,26
2023-02-11,1046,132,86,74,45,46,29
2023-02-12,1046,119,82,55,51,37,4
2023-02-13,1046,138,96,57,36,42,21
2023-02-14,1046,114,83,51,34,31,17
2023-02-15,1046,109,78,95,27,31,68
2023-02-16,1046,121,70,85,43,51,42
2023-02-17,1046,146,96,91,39,50,52
2023-02-18,1046,108,78,97,50,30,47
2023-02-19,1046,112,87,99,29,25,70
2023-02-20,1046,116,83,86,33,33,53
2023-02-21,1046,147,92,62,43,55,19
2023-02-22,1046,144,88,89,53,56,36
2023-02-23,1046,101,92,59,39,9,20
2023-02-24,1046,126,84,94,37,42,57
2023-02-25,1046,128,90,58,43,38,15
2023-02-26,1046,120,86,74,34,34,40
2023-02-27,1046,101,81,55,39,20,16
2023-02-28,1046,125,92,100,57,33,43
2023-03-01,1046,105,76,87,46,29,41
2023-03-02,1046,105,88,79,42,17,37
2023-03-03,1046,129,83,65,30,46,35
2023-03-04,1046,126,80,94,37,46,57
2023-03-05,1046,111,86,72,43,25,29
2023-03-06,1046,149,94,84,37,55,47
2023-03-07,1046,131,76,95,35,55,60
2023-03-08,1046,122,84,84,50,38,34
2023-03-09,1046,132,67,67,28,65,39
2023-03-10,1046,111,78,71,46,33,25
2023-03-11,1046,114,64,65,41,50,24
2023-03-12,1046,139,80,50,35,59,15
2023-03-13,1046,119,87,62,39,32,23
2023-03-14,1046,128,67,74,37,61,37
2023-03-15,1046,102,75,90,25,27,65
2023-03-16,1046,138,101,53,49,37,4
2023-03-17,1046,108,64,66,36,44,30
2023-03-18,1046,148,75,88,38,73,50
2023-03-19,1046,132,77,81,38,55,43
2023-03-20,1046,106,81,91,40,25,51
2023-03-21,1046,100,83,91,50,17,41
2023-03-22,1046,109,90,97,29,19,68
2023-03-23,1046,100,84,61,44,16,17
2023-03-24,1046,119,56,61,44,63,17
2023-03-25,1046,145,80,84,44,65,40
2023-03-26,1046,142,71,79,45,71,34
2023-03-27,1046,135,68,84,41,67,43
2023-03-28,1046,129,69,65,37,60,28
2023-03-29,1046,104,73,77,24,31,53
2023-03-30,1046,113,81,67,39,32,28
2023-03-31,1046,113,62,64,50,51,14
2023-04-01,1046,124,78,63,34,46,29
2023-04-02,1046,107,88,69,49,19,20
2023-04-03,1046,122,79,60,40,43,20
2023-04-04,1046,142,71,69,35,71,34
2023-04-05,1046,112,86,86,45,26,41
2023-04-06,1046,111,68,92,38,43,54
2023-04-07,1046,137,80,89,38,57,51
2023-04-08,1046,104,74,84,41,30,43
2023-04-09,1046,125,77,100,38,48,62
2023-04-10,1046,150,72,51,40,78,11
2023-04-11,1046,116,90,61,55,26,6
2023-04-12,1046,115,87,60,25,28,35
2023-04-13,1046,114,77,58,36,37,22
2023-04-14,1046,106,76,77,34,30,43
2023-04-15,1046,141,76,85,41,65,44
2023-04-16,1046,105,70,81,42,35,39
2023-04-17,1046,125,82,84,40,43,44
2023-04-18,1046,120,88,80,33,32,47
2023-04-19,1046,126,67,66,46,59,20
2023-04-20,1046,131,81,98,47,50,51
2023-04-21,1046,126,83,64,36,43,28
2023-04-22,1046,102,70,80,37,32,43
2023-04-23,1046,119,84,70,34,35,36
2023-04-24,1046,122,84,61,37,38,24
2023-04-25,1046,113,70,70,37,43,33
2023-04-26,1046,124,82,70,40,42,30
2023-04-27,1046,141,80,60,49,61,11
2023-04-28,1046,125,69,79,31,56,48
2023-04-29,1046,131,82,74,54,49,20
2023-04-30,1046,150,70,74,44,80,30
2023-05-01,1046,134,69,56,46,65,10
2023-05-02,1046,129,62,75,40,67,35
2023-05-03,1046,128,78,92,40,50,52
2023-05-04,1046,128,84,88,42,44,46
2023-05-05,1046,132,80,85,41,52,44
2023-05-06,1046,148,97,91,39,51,52
2023-05-07,1046,134,81,70,44,53,26
2023-05-08,1046,130,89,53,26,41,27
2023-05-09,1046,134,62,88,47,72,41
2023-05-10,1046,144,89,69,41,55,28
2023-05-11,1046,108,77,72,42,31,30
2023-05-12,1046,125,85,52,40,40,12
2023-05-13,1046,116,72,84,44,44,40
2023-05-14,1046,112,92,52,53,20,-1
2023-05-15,1046,135,100,98,45,35,53
2023-05-16,1046,144,73,52,44,71,8
2023-05-17,1046,102,70,80,43,32,37
2023-05-18,1046,110,101,93,34,9,59
2023-05-19,1046,105,98,82,50,7,32
2023-05-20,1046,120,85,63,45,35,18
2023-05-21,1046,135,69,81,37,66,44
2023-05-22,1046,105,59,80,42,46,38
2023-05-23,1046,102,95,50,41,7,9
2023-05-24,1046,129,76,50,38,53,12
2023-05-25,1046,122,86,70,43,36,27
2023-05-26,1046,105,62,68,36,43,32
2023-05-27,1046,142,82,73,34,60,39
2023-05-28,1046,130,92,76,44,38,32
2023-05-29,1046,121,85,61,38,36,23
2023-05-30,1046,119,92,57,36,27,21
2023-05-31,1046,149,80,77,51,69,26
2023-06-01,1046,123,74,93,43,49,50
2023-06-02,1046,139,75,83,37,64,46
2023-06-03,1046,118,93,51,47,25,4
2023-06-04,1046,145,75,67,30,70,37
2023-06-05,1046,121,80,60,46,41,14
2023-06-06,1046,130,83,66,43,47,23
2023-06-07,1046,112,72,90,38,40,52
2023-06-08,1046,119,84,86,33,35,53
2023-06-09,1046,129,81,76,36,48,40
2023-06-10,1046,108,75,72,45,33,27
2023-06-11,1046,102,65,64,22,37,42
2023-06-12,1046,136,93,74,28,43,46
2023-06-13,1046,104,81,75,39,23,36
2023-06-14,1046,122,86,70,43,36,27
2023-06-15,1046,119,72,72,40,47,32
2023-06-16,1046,146,90,70,45,56,25
2023-06-17,1046,142,86,95,36,56,59
2023-06-18,1046,127,82,67,41,45,26
2023-06-19,1046,142,91,99,34,51,65
2023-06-20,1046,109,90,85,32,19,53
2023-06-21,1046,146,73,88,39,73,49
2023-06-22,1046,101,77,88,39,24,49
2023-06-23,1046,145,72,65,55,73,10
2023-06-24,1046,137,78,53,38,59,15
2023-06-25,1046,148,92,74,45,56,29
2023-06-26,1046,135,88,70,48,47,22
2023-06-27,1046,150,77,85,43,73,42
2023-06-28,1046,138,98,51,36,40,15
2023-06-29,1046,117,68,90,47,49,43
2023-06-30,1046,112,81,69,36,31,33
2023-07-01,1046,142,74,56,30,68,26
2023-07-02,1046,148,80,83,32,68,51
2023-07-03,1046,132,69,83,45,63,38
2023-07-04,1046,120,91,73,42,29,31
2023-07-05,1046,100,94,99,47,6,52
2023-07-06,1046,138,73,86,46,65,40
2023-07-07,1046,138,72,66,30,66,36
2023-07-08,1046,117,76,67,42,41,25
2023-07-09,1046,126,81,83,51,45,32
2023-07-10,1046,149,65,86,42,84,44
2023-07-11,1046,142,80,95,35,62,60
2023-07-12,1046,127,93,52,51,34,1
2023-07-13,1046,150,63,70,36,87,34
2023-07-14,1046,133,77,66,49,56,17
2023-07-15,1046,136,66,52,36,70,16
2023-07-16,1046,138,70,74,42,68,32
2023-07-17,1046,112,86,50,33,26,17
2023-07-18,1046,137,92,93,40,45,53
2023-07-19,1046,137,79,58,34,58,24
2023-07-20,1046,108,77,69,47,31,22
2023-07-21,1046,138,53,56,48,85,8
2023-07-22,1046,124,90,66,49,34,17
2023-07-23,1046,114,89,83,38,25,45
2023-07-24,1046,149,84,59,34,65,25
2023-07-25,1046,119,75,84,42,44,42
2023-07-26,1046,100,76,55,44,24,11
2023-07-27,1046,135,90,67,38,45,29
2023-07-28,1046,136,76,55,38,60,17
2023-07-29,1046,112,76,85,43,36,42
2023-07-30,1046,101,76,72,47,25,25
2023-07-31,1046,132,70,64,31,62,33
2023-08-01,1046,104,75,89,35,29,54
2023-08-02,1046,146,70,98,30,76,68
2023-08-03,1046,106,66,99,44,40,55
2023-08-04,1046,123,70,69,40,53,29
2023-08-05,1046,149,71,60,43,78,17
2023-08-06,1046,148,102,78,43,46,35
2023-08-07,1046,125,89,77,48,36,29
2023-08-08,1046,148,71,82,34,77,48
2023-08-09,1046,144,73,56,30,71,26
2023-08-10,1046,135,91,65,49,44,16
2023-08-11,1046,134,73,92,47,61,45
2023-08-12,1046,125,77,60,42,48,18
2023-08-13,1046,118,85,100,32,33,68
2023-08-14,1046,108,73,72,43,35,29
2023-08-15,1046,114,68,83,51,46,32
2023-08-16,1046,116,79,82,47,37,35
2023-08-17,1046,123,78,78,39,45,39
2023-08-18,1046,134,77,96,41,57,55
2023-08-19,1046,111,101,84,40,10,44
2023-08-20,1046,131,88,76,41,43,35
2023-08-21,1046,134,68,86,38,66,48
2023-08-22,1046,146,73,97,51,73,46
2023-08-23,1046,123,84,62,44,39,18
2023-08-24,1046,126,78,72,49,48,23
2023-08-25,1046,145,76,52,40,69,12
2023-08-26,1046,104,95,51,33,9,18
2023-08-27,1046,131,83,97,47,48,50
2023-08-28,1046,123,83,78,44,40,34
2023-08-29,1046,109,84,57,35,25,22
2023-08-30,1046,105,71,78,39,34,39
2023-08-31,1046,142,91,89,58,51,31
2023-09-01,1046,101,103,100,38,-2,62
2023-09-02,1046,107,72,66,44,35,22
2023-09-03,1046,116,63,65,39,53,26
2023-09-04,1046,100,86,81,40,14,41
2023-09-05,1046,123,79,68,38,44,30
2023-09-06,1046,138,90,61,39,48,22
2023-09-07,1046,137,78,76,39,59,37
2023-09-08,1046,130,87,70,42,43,28
2023-09-09,1046,132,76,77,38,56,39
2023-09-10,1046,105,95,89,38,10,51
2023-09-11,1046,120,97,78,45,23,33
2023-09-12,1046,135,85,99,41,50,58
2023-09-13,1046,111,70,87,30,41,57
2023-09-14,1046,141,85,55,38,56,17
2023-09-15,1046,106,77,77,39,29,38
2023-09-16,1046,117,79,94,28,38,66
2023-09-17,1046,134,74,63,42,60,21
2023-09-18,1046,135,78,64,39,57,25
2023-09-19,1046,109,78,82,36,31,46
2023-09-20,1046,146,81,95,38,65,57
2023-09-21,1046,125,75,80,28,50,52
2023-09-22,1046,103,78,68,38,25,30
2023-09-23,1046,129,82,60,46,47,14
2023-09-24,1046,123,78,96,41,45,55
2023-09-25,1046,122,68,74,31,54,43
2023-09-26,1046,107,87,76,46,20,30
2023-09-27,1046,125,71,86,38,54,48
2023-09-28,1046,124,72,90,36,52,54
2023-09-29,1046,102,87,66,42,15,24
2023-09-30,1046,145,80,63,38,65,25
2023-10-01,1046,140,93,52,33,47,19
2023-10-02,1046,101,77,65,38,24,27
2023-10-03,1046,132,78,95,44,54,51
2023-10-04,1046,108,86,86,48,22,38
2023-10-05,1046,115,97,76,51,18,25
2023-10-06,1046,108,67,95,36,41,59
2023-10-07,1046,113,78,62,33,35,29
2023-10-08,1046,149,87,94,43,62,51
2023-10-09,1046,126,81,56,42,45,14
2023-10-10,1046,103,98,89,38,5,51
2023-10-11,1046,136,74,59,40,62,19
2023-10-12,1046,111,70,56,37,41,19
2023-10-13,1046,111,74,78,43,37,35
2023-10-14,1046,108,75,58,51,33,7
2023-10-15,1046,100,76,99,36,24,63
2023-10-16,1046,102,72,63,40,30,23
2023-10-17,1046,104,83,80,41,21,39
2023-10-18,1046,143,86,91,34,57,57
2023-10-19,1046,130,72,62,31,58,31
2023-10-20,1046,146,67,93,39,79,54
2023-10-21,1046,105,75,68,35,30,33
2023-10-22,1046,147,81,50,40,66,10
2023-10-23,1046,129,96,84,39,33,45
2023-10-24,1046,127,92,88,36,35,52
2023-10-25,1046,122,71,68,44,51,24
2023-10-26,1046,100,67,83,41,33,42
2023-10-27,1046,143,97,71,40,46,31
2023-10-28,1046,107,80,66,44,27,22
2023-10-29,1046,108,71,69,42,37,27
2023-10-30,1046,107,72,60,42,35,18
2023-10-31,1046,129,84,69,36,45,33
2023-11-01,1046,122,81,53,30,41,23
2023-11-02,1046,137,71,68,40,66,28
2023-11-03,1046,112,87,80,44,25,36
2023-11-04,1046,108,88,97,36,20,61
2023-11-05,1046,116,76,87,35,40,52
2023-11-06,1046,143,86,83,45,57,38
2023-11-07,1046,145,72,52,34,73,18
2023-11-08,1046,104,87,84,34,17,50
2023-11-09,1046,102,86,64,44,16,20
2023-11-10,1046,132,96,59,36,36,23
2023-11-11,1046,106,59,65,38,47,27
2023-11-12,1046,119,83,64,36,36,28
2023-11-13,1046,119,73,90,47,46,43
2023-11-14,1046,137,92,91,44,45,47
2023-11-15,1046,132,81,94,34,51,60
2023-11-16,1046,117,88,63,40,29,23
2023-11-17,1046,149,81,94,37,68,57
2023-11-18,1046,114,93,74,31,21,43
2023-11-19,1046,138,83,80,30,55,50
2023-11-20,1046,108,75,77,34,33,43
2023-11-21,1046,134,73,79,43,61,36
2023-11-22,1046,105,91,59,41,14,18
2023-11-23,1046,129,75,81,38,54,43
2023-11-24,1046,120,69,60,36,51,24
2023-11-25,1046,104,74,65,36,30,29
2023-11-26,1046,116,70,72,45,46,27
2023-11-27,1046,147,83,57,39,64,18
2023-11-28,1046,131,87,92,31,44,61
2023-11-29,1046,117,93,83,48,24,35
2023-11-30,1046,107,91,54,42,16,12
2023-12-01,1046,121,75,71,44,46,27
2023-12-02,1046,150,78,90,44,72,46
2023-12-03,1046,148,72,70,43,76,27
2023-12-04,1046,149,92,61,29,57,32
2023-12-05,1046,134,82,93,34,52,59
2023-12-06,1046,106,79,89,54,27,35
2023-12-07,1046,148,79,69,42,69,27
2023-12-08,1046,142,83,84,37,59,47
2023-12-09,1046,111,84,100,35,27,65
2023-12-10,1046,148,65,83,37,83,46
2023-12-11,1046,107,74,71,32,33,39
2023-12-12,1046,144,75,64,46,69,18
2023-12-13,1046,114,64,65,44,50,21
2023-12-14,1046,102,90,58,36,12,22
2023-12-15,1046,116,99,66,37,17,29
2023-12-16,1046,111,71,55,49,40,6
2023-12-17,1046,115,88,93,34,27,59
2023-12-18,1046,142,86,74,37,56,37
2023-12-19,1046,110,82,50,46,28,4
2023-12-20,1046,144,59,77,33,85,44
2023-12-21,1046,134,86,66,36,48,30
2023-12-22,1046,106,76,76,34,30,42
2023-12-23,1046,138,68,87,44,70,43
2023-12-24,1046,113,76,62,45,37,17
2023-12-25,1046,147,81,91,34,66,57
2023-12-26,1046,114,69,76,41,45,35
2023-12-27,1046,111,67,96,46,44,50
2023-12-28,1046,117,81,68,24,36,44
2023-12-29,1046,129,70,53,34,59,19
2023-12-30,1046,137,91,83,37,46,46
2023-12-31,1046,149,67,92,36,82,56
2023-01-01,1047,102,69,64,48,33,16
2023-01-02,1047,108,67,77,41,41,36
2023-01-03,1047,146,66,74,38,80,36
2023-01-04,1047,135,89,77,33,46,44
2023-01-05,1047,147,77,71,45,70,26
2023-01-06,1047,124,77,67,40,47,27
2023-01-07,1047,131,78,96,36,53,60
2023-01-08,1047,114,79,69,41,35,28
2023-01-09,1047,109,68,72,53,41,19
2023-01-10,1047,119,79,68,33,40,35
2023-01-11,1047,146,72,86,33,74,53
2023-01-12,1047,125,113,68,35,12,33
2023-01-13,1047,126,79,73,29,47,44
2023-01-14,1047,109,89,97,45,20,52
2023-01-15,1047,136,74,95,30,62,65
2023-01-16,1047,101,94,61,38,7,23
2023-01-17,1047,130,81,57,40,49,17
2023-01-18,1047,101,89,77,41,12,36
2023-01-19,1047,133,77,83,33,56,50
2023-01-20,1047,148,71,97,50,77,47
2023-01-21,1047,105,94,86,50,11,36
2023-01-22,1047,139,79,62,37,60,25
2023-01-23,1047,146,77,86,41,69,45
2023-01-24,1047,127,89,96,39,38,57
2023-01-25,1047,123,94,79,41,29,38
2023-01-26,1047,144,95,84,30,49,54
2023-01-27,1047,134,73,64,35,61,29
2023-01-28,1047,142,70,85,48,72,37
2023-01-29,1047,148,60,67,30,88,37
2023-01-30,1047,126,72,66,46,54,20
2023-01-31,1047,141,77,51,51,64,0
2023-02-01,1047,136,87,100,43,49,57
2023-02-02,1047,130,63,50,39,67,11
2023-02-03,1047,125,87,52,45,38,7
2023-02-04,1047,113,83,63,44,30,19
2023-02-05,1047,119,82,87,35,37,52
2023-02-06,1047,114,95,63,39,19,24
2023-02-07,1047,145,80,85,56,65,29
2023-02-08,1047,119,90,94,40,29,54
2023-02-09,1047,119,84,55,49,35,6
2023-02-10,1047,105,68,93,33,37,60
2023-02-11,1047,140,85,93,43,55,50
2023-02-12,1047,127,85,79,48,42,31
2023-02-13,1047,136,53,61,35,83,26
2023-02-14,1047,127,80,76,48,47,28
2023-02-15,1047,133,88,61,42,45,19
2023-02-16,1047,111,65,87,38,46,49
2023-02-17,1047,124,77,72,40,47,32
2023-02-18,1047,118,94,66,36,24,30
2023-02-19,1047,147,69,67,47,78,20
2023-02-20,1047,129,87,87,49,42,38
2023-02-21,1047,120,78,55,44,42,11
2023-02-22,1047,144,87,87,41,57,46
2023-02-23,1047,101,79,79,46,22,33
2023-02-24,1047,103,74,54,41,29,13
2023-02-25,1047,127,81,97,32,46,65
2023-02-26,1047,108,74,96,36,34,60
2023-02-27,1047,124,100,91,47,24,44
2023-02-28,1047,114,70,68,46,44,22
2023-03-01,1047,126,80,64,30,46,34
2023-03-02,1047,100,77,99,40,23,59
2023-03-03,1047,127,78,53,32,49,21
2023-03-04,1047,150,77,83,39,73,44
2023-03-05,1047,141,75,64,38,66,26
2023-03-06,1047,103,70,78,44,33,34
2023-03-07,1047,120,83,61,43,37,18
2023-03-08,1047,105,78,97,38,27,59
2023-03-09,1047,136,91,77,47,45,30
2023-03-10,1047,142,77,75,33,65,42
2023-03-11,1047,149,86,70,40,63,30
2023-03-12,1047,139,95,64,37,44,27
2023-03-13,1047,121,75,61,28,46,33
2023-03-14,1047,129,66,85,39,63,46
2023-03-15,1047,107,82,50,44,25,6
2023-03-16,1047,119,71,51,46,48,5
2023-03-17,1047,101,92,92,43,9,49
2023-03-18,1047,131,94,73,44,37,29
2023-03-19,1047,104,69,57,42,35,15
2023-03-20,1047,122,86,51,34,36,17
2023-03-21,1047,127,90,51,36,37,15
2023-03-22,1047,147,94,83,32,53,51
2023-03-23,1047,125,97,81,50,28,31
2023-03-24,1047,112,90,91,37,22,54
2023-03-25,1047,127,94,52,33,33,19
2023-03-26,1047,112,72,68,42,40,26
2023-03-27,1047,103,79,95,41,24,54
2023-03-28,1047,101,81,74,49,20,25
2023-03-29,1047,145,81,75,31,64,44
2023-03-30,1047,139,83,60,30,56,30
2023-03-31,1047,135,83,95,39,52,56
2023-04-01,1047,104,88,64,39,16,25
2023-04-02,1047,112,80,82,40,32,42
2023-04-03,1047,127,74,89,37,53,52
2023-04-04,1047,144,74,56,32,70,24
2023-04-05,1047,116,96,99,41,20,58
2023-04-06,1047,121,70,66,39,51,27
2023-04-07,1047,136,70,86,41,66,45
2023-04-08,1047,135,71,93,40,64,53
2023-04-09,1047,109,63,59,32,46,27
2023-04-10,1047,132,72,69,41,60,28
2023-04-11,1047,116,82,54,32,34,22
2023-04-12,1047,135,66,90,43,69,47
2023-04-13,1047,141,73,85,39,68,46
2023-04-14,1047,103,76,51,44,27,7
2023-04-15,1047,121,77,60,59,44,1
2023-04-16,1047,109,76,98,35,33,63
2023-04-17,1047,100,94,95,46,6,49
2023-04-18,1047,143,79,57,42,64,15
2023-04-19,1047,149,85,85,38,64,47
2023-04-20,1047,143,67,57,49,76,8
2023-04-21,1047,107,98,61,44,9,17
2023-04-22,1047,141,80,63,36,61,27
2023-04-23,1047,148,88,75,38,60,37
2023-04-24,1047,102,82,81,42,20,39
2023-04-25,1047,132,71,50,55,61,-5
2023-04-26,1047,148,86,76,42,62,34
2023-04-27,1047,101,105,69,38,-4,31
2023-04-28,1047,117,77,100,42,40,58
2023-04-29,1047,116,84,75,36,32,39
2023-04-30,1047,107,71,99,46,36,53
2023-05-01,1047,109,73,59,45,36,14
2023-05-02,1047,107,74,52,32,33,20
2023-05-03,1047,103,74,85,38,29,47
2023-05-04,1047,149,90,54,37,59,17
2023-05-05,1047,141,72,74,42,69,32
2023-05-06,1047,113,75,92,32,38,60
2023-05-07,1047,126,73,75,32,53,43
2023-05-08,1047,140,81,53,39,59,14
2023-05-09,1047,132,82,96,46,50,50
2023-05-10,1047,130,94,100,30,36,70
2023-05-11,1047,141,74,51,31,67,20
2023-05-12,1047,124,58,89,49,66,40
2023-05-13,1047,117,83,82,31,34,51
2023-05-14,1047,125,84,51,21,41,30
2023-05-15,1047,104,83,50,44,21,6
2023-05-16,1047,113,92,81,43,21,38
2023-05-17,1047,107,82,90,42,25,48
2023-05-18,1047,108,89,80,40,19,40
2023-05-19,1047,138,85,97,39,53,58
2023-05-20,1047,134,78,76,31,56,45
2023-05-21,1047,133,80,77,42,53,35
2023-05-22,1047,118,82,64,39,36,25
2023-05-23,1047,112,73,98,39,39,59
2023-05-24,1047,141,63,69,40,78,29
2023-05-25,1047,121,83,68,43,38,25
2023-05-26,1047,106,101,92,38,5,54
2023-05-27,1047,136,88,84,48,48,36
2023-05-28,1047,150,76,53,37,74,16
2023-05-29,1047,106,73,64,39,33,25
2023-05-30,1047,104,92,100,42,12,58
2023-05-31,1047,106,74,72,36,32,36
2023-06-01,1047,148,85,53,40,63,13
2023-06-02,1047,121,77,55,39,44,16
2023-06-03,1047,128,73,91,39,55,52
2023-06-04,1047,132,81,87,46,51,41
2023-06-05,1047,122,82,76,50,40,26
2023-06-06,1047,117,82,61,36,35,25
2023-06-07,1047,113,74,69,38,39,31
2023-06-08,1047,150,78,60,32,72,28
2023-06-09,1047,133,76,97,36,57,61
2023-06-10,1047,114,63,65,48,51,17
2023-06-11,1047,131,75,77,41,56,36
2023-06-12,1047,144,86,87,37,58,50
2023-06-13,1047,146,83,62,32,63,30
2023-06-14,1047,140,86,98,48,54,50
2023-06-15,1047,106,81,57,44,25,13
2023-06-16,1047,106,101,55,35,5,20
2023-06-17,1047,109,92,83,48,17,35
2023-06-18,1047,143,89,56,38,54,18
2023-06-19,1047,137,85,58,36,52,22
2023-06-20,1047,143,70,56,43,73,13
2023-06-21,1047,112,66,55,29,46,26
2023-06-22,1047,100,88,99,43,12,56
2023-06-23,1047,103,77,71,40,26,31
2023-06-24,1047,113,84,78,39,29,39
2023-06-25,1047,105,87,92,48,18,44
2023-06-26,1047,113,74,76,38,39,38
2023-06-27,1047,150,88,73,47,62,26
2023-06-28,1047,143,85,87,36,58,51
2023-06-29,1047,136,78,88,45,58,43
2023-06-30,1047,129,69,67,36,60,31
2023-07-01,1047,101,68,96,40,33,56
2023-07-02,1047,131,75,56,46,56,10
2023-07-03,1047,132,96,64,42,36,22
2023-07-04,1047,101,97,71,45,4,26
2023-07-05,1047,101,74,52,38,27,14
2023-07-06,1047,101,84,57,57,17,0
2023-07-07,1047,129,80,55,37,49,18
2023-07-08,1047,111,83,94,36,28,58
2023-07-09,1047,108,100,82,44,8,38
2023-07-10,1047,131,71,82,33,60,49
2023-07-11,1047,118,79,51,37,39,14
2023-07-12,1047,150,72,91,44,78,47
2023-07-13,1047,120,77,100,49,43,51
2023-07-14,1047,114,96,94,51,18,43
2023-07-15,1047,131,99,81,39,32,42
2023-07-16,1047,110,70,96,40,40,56
2023-07-17,1047,120,73,62,40,47,22
2023-07-18,1047,131,79,95,33,52,62
2023-07-19,1047,145,87,67,44,58,23
2023-07-20,1047,127,77,53,42,50,11
2023-07-21,1047,127,77,71,43,50,28
2023-07-22,1047,132,73,95,40,59,55
2023-07-23,1047,133,78,96,40,55,56
2023-07-24,1047,137,92,85,40,45,45
2023-07-25,1047,125,76,96,38,49,58
2023-07-26,1047,109,65,53,40,44,13
2023-07-27,1047,150,84,67,44,66,23
2023-07-28,1047,120,79,92,56,41,36
2023-07-29,1047,107,100,81,35,7,46
2023-07-30,1047,124,98,87,40,26,47
2023-07-31,1047,146,58,100,40,88,60
2023-08-01,1047,100,75,79,36,25,43
2023-08-02,1047,143,80,66,37,63,29
2023-08-03,1047,124,77,72,45,47,27
2023-08-04,1047,100,83,59,46,17,13
2023-08-05,1047,114,81,57,39,33,18
2023-08-06,1047,105,94,91,31,11,60
2023-08-07,1047,121,73,54,35,48,19
2023-08-08,1047,144,78,68,42,66,26
2023-08-09,1047,111,69,87,48,42,39
2023-08-10,1047,105,70,80,48,35,32
2023-08-11,1047,104,73,53,51,31,2
2023-08-12,1047,115,72,82,56,43,26
2023-08-13,1047,134,73,100,33,61,67
2023-08-14,1047,140,79,86,44,61,42
2023-08-15,1047,140,77,60,36,63,24
2023-08-16,1047,141,73,54,35,68,19
2023-08-17,1047,119,83,69,46,36,23
2023-08-18,1047,147,88,51,43,59,8
2023-08-19,1047,143,73,53,41,70,12
2023-08-20,1047,116,64,86,37,52,49
2023-08-21,1047,115,86,97,42,29,55
2023-08-22,1047,112,76,64,41,36,23
2023-08-23,1047,106,92,67,59,14,8
2023-08-24,1047,110,79,71,36,31,35
2023-08-25,1047,104,74,52,36,30,16
2023-08-26,1047,113,75,64,39,38,25
2023-08-27,1047,129,83,54,42,46,12
2023-08-28,1047,147,81,93,34,66,59
2023-08-29,1047,103,85,83,51,18,32
2023-08-30,1047,108,76,64,37,32,27
2023-08-31,1047,127,65,69,45,62,24
2023-09-01,1047,123,91,65,48,32,17
2023-09-02,1047,104,83,87,45,21,42
2023-09-03,1047,123,78,75,37,45,38
2023-09-04,1047,120,88,64,42,32,22
2023-09-05,1047,138,80,88,46,58,42
2023-09-06,1047,123,72,54,35,51,19
2023-09-07,1047,100,100,54,39,0,15
2023-09-08,1047,122,79,88,40,43,48
2023-09-09,1047,116,70,88,37,46,51
2023-09-10,1047,102,87,70,44,15,26
2023-09-11,1047,102,82,74,42,20,32
2023-09-12,1047,121,82,74,36,39,38
2023-09-13,1047,110,77,75,45,33,30
2023-09-14,1047,135,93,61,36,42,25
2023-09-15,1047,129,89,86,44,40,42
2023-09-16,1047,126,96,52,44,30,8
2023-09-17,1047,109,85,50,47,24,3
2023-09-18,1047,122,85,81,35,37,46
2023-09-19,1047,129,84,96,33,45,63
2023-09-20,1047,100,93,85,46,7,39
2023-09-21,1047,113,75,90,46,38,44
2023-09-22,1047,100,73,77,52,27,25
2023-09-23,1047,107,77,53,37,30,16
2023-09-24,1047,101,87,95,42,14,53
2023-09-25,1047,121,93,96,41,28,55
2023-09-26,1047,142,98,85,39,44,46
2023-09-27,1047,131,79,89,45,52,44
2023-09-28,1047,129,85,52,40,44,12
2023-09-29,1047,108,76,64,42,32,22
2023-09-30,1047,100,70,57,36,30,21
2023-10-01,1047,115,78,51,31,37,20
2023-10-02,1047,140,75,64,36,65,28
2023-10-03,1047,108,77,58,38,31,20
2023-10-04,1047,133,90,89,37,43,52
2023-10-05,1047,101,84,85,35,17,50
2023-10-06,1047,141,73,53,33,68,20
2023-10-07,1047,110,70,61,32,40,29
2023-10-08,1047,118,73,78,41,45,37
2023-10-09,1047,110,81,74,47,29,27
2023-10-10,1047,103,79,92,39,24,53
2023-10-11,1047,102,80,94,46,22,48
2023-10-12,1047,120,88,62,42,32,20
2023-10-13,1047,123,71,82,37,52,45
2023-10-14,1047,118,86,79,34,32,45
2023-10-15,1047,126,75,67,41,51,26
2023-10-16,1047,123,77,94,50,46,44
2023-10-17,1047,132,98,91,48,34,43
2023-10-18,1047,122,79,61,46,43,15
2023-10-19,1047,110,80,66,49,30,17
2023-10-20,1047,120,99,82,33,21,49
2023-10-21,1047,135,81,68,47,54,21
2023-10-22,1047,126,72,55,31,54,24
2023-10-23,1047,127,80,53,38,47,15
2023-10-24,1047,127,80,72,45,47,27
2023-10-25,1047,139,102,94,52,37,42
2023-10-26,1047,109,104,74,45,5,29
2023-10-27,1047,140,81,85,44,59,41
2023-10-28,1047,130,86,58,34,44,24
2023-10-29,1047,128,72,51,35,56,16
2023-10-30,1047,137,86,80,38,51,42
2023-10-31,1047,141,77,92,43,64,49
2023-11-01,1047,133,66,79,34,67,45
2023-11-02,1047,148,71,60,38,77,22
2023-11-03,1047,113,83,50,57,30,-7
2023-11-04,1047,122,79,70,37,43,33
2023-11-05,1047,142,78,99,43,64,56
2023-11-06,1047,100,81,99,39,19,60
2023-11-07,1047,129,77,51,37,52,14
2023-11-08,1047,118,77,92,38,41,54
2023-11-09,1047,114,67,69,36,47,33
2023-11-10,1047,111,66,55,45,45,10
2023-11-11,1047,136,94,92,36,42,56
2023-11-12,1047,124,88,81,42,36,39
2023-11-13,1047,121,87,86,40,34,46
2023-11-14,1047,103,87,51,39,16,12
2023-11-15,1047,143,77,95,39,66,56
2023-11-16,1047,149,74,53,48,75,5
2023-11-17,1047,132,96,60,42,36,18
2023-11-18,1047,117,87,69,35,30,34
2023-11-19,1047,115,88,68,49,27,19
2023-11-20,1047,139,79,62,49,60,13
2023-11-21,1047,150,105,50,39,45,11
2023-11-22,1047,119,79,70,44,40,26
2023-11-23,1047,145,73,90,46,72,44
2023-11-24,1047,118,85,97,40,33,57
2023-11-25,1047,110,75,50,45,35,5
2023-11-26,1047,141,88,80,39,53,41
2023-11-27,1047,143,89,67,31,54,36
2023-11-28,1047,134,97,51,33,37,18
2023-11-29,1047,126,86,64,40,40,24
2023-11-30,1047,130,104,58,29,26,29
2023-12-01,1047,142,92,79,39,50,40
2023-12-02,1047,137,86,81,40,51,41
2023-12-03,1047,102,81,57,35,21,22
2023-12-04,1047,147,103,94,33,44,61
2023-12-05,1047,137,70,54,42,67,12
2023-12-06,1047,111,92,61,40,19,21
2023-12-07,1047,150,80,72,35,70,37
2023-12-08,1047,136,83,63,48,53,15
2023-12-09,1047,113,79,84,36,34,48
2023-12-10,1047,143,78,82,35,65,47
2023-12-11,1047,116,69,72,44,47,28
2023-12-12,1047,140,74,53,40,66,13
2023-12-13,1047,106,93,64,38,13,26
2023-12-14,1047,128,97,66,28,31,38
2023-12-15,1047,142,80,65,38,62,27
2023-12-16,1047,143,85,72,40,58,32
2023-12-17,1047,122,80,76,51,42,25
2023-12-18,1047,121,90,63,37,31,26
2023-12-19,1047,109,77,65,44,32,21
2023-12-20,1047,112,81,60,40,31,20
2023-12-21,1047,119,91,53,37,28,16
2023-12-22,1047,129,88,53,36,41,17
2023-12-23,1047,149,68,73,46,81,27
2023-12-24,1047,117,77,85,49,40,36
2023-12-25,1047,118,82,74,34,36,40
2023-12-26,1047,142,79,75,31,63,44
2023-12-27,1047,126,79,72,46,47,26
2023-12-28,1047,126,78,68,35,48,33
2023-12-29,1047,145,95,99,34,50,65
2023-12-30,1047,117,98,68,29,19,39
2023-12-31,1047,115,100,56,49,15,7
2023-01-01,1048,149,78,65,45,71,20
2023-01-02,1048,101,65,92,38,36,54
2023-01-03,1048,147,74,91,41,73,50
2023-01-04,1048,119,76,88,36,43,52
2023-01-05,1048,131,86,88,33,45,55
2023-01-06,1048,118,67,69,52,51,17
2023-01-07,1048,117,99,96,40,18,56
2023-01-08,1048,134,77,93,37,57,56
2023-01-09,1048,107,74,76,44,33,32
2023-01-10,1048,124,91,86,37,33,49
2023-01-11,1048,134,75,54,43,59,11
2023-01-12,1048,132,76,82,33,56,49
2023-01-13,1048,145,76,90,30,69,60
2023-01-14,1048,135,79,66,33,56,33
2023-01-15,1048,127,88,78,40,39,38
2023-01-16,1048,142,88,59,34,54,25
2023-01-17,1048,121,67,89,32,54,57
2023-01-18,1048,128,83,60,42,45,18
2023-01-19,1048,138,77,58,39,61,19
2023-01-20,1048,101,79,86,40,22,46
2023-01-21,1048,123,90,51,44,33,7
2023-01-22,1048,148,79,92,43,69,49
2023-01-23,1048,120,81,59,39,39,20
2023-01-24,1048,147,80,93,27,67,66
2023-01-25,1048,139,86,90,31,53,59
2023-01-26,1048,150,83,65,33,67,32
2023-01-27,1048,126,68,94,28,58,66
2023-01-28,1048,137,70,95,44,67,51
2023-01-29,1048,110,58,62,48,52,14
2023-01-30,1048,135,67,56,38,68,18
2023-01-31,1048,142,79,68,49,63,19
2023-02-01,1048,142,87,50,29,55,21
2023-02-02,1048,100,77,92,37,23,55
2023-02-03,1048,103,78,73,34,25,39
2023-02-04,1048,130,73,91,48,57,43
2023-02-05,1048,128,64,77,34,64,43
2023-02-06,1048,116,77,73,38,39,35
2023-02-07,1048,147,92,57,43,55,14
2023-02-08,1048,146,72,80,36,74,44
2023-02-09,1048,118,78,61,42,40,19
2023-02-10,1048,137,70,55,41,67,14
2023-02-11,1048,145,80,90,40,65,50
2023-02-12,1048,107,72,96,33,35,63
2023-02-13,1048,130,75,67,41,55,26
2023-02-14,1048,119,81,93,45,38,48
2023-02-15,1048,106,76,58,29,30,29
2023-02-16,1048,149,77,84,34,72,50
2023-02-17,1048,114,72,82,40,42,42
2023-02-18,1048,122,75,88,40,47,48
2023-02-19,1048,101,78,77,44,23,33
2023-02-20,1048,134,87,74,39,47,35
2023-02-21,1048,144,79,72,32,65,40
2023-02-22,1048,119,83,88,40,36,48
2023-02-23,1048,107,72,73,32,35,41
2023-02-24,1048,103,73,82,35,30,47
2023-02-25,1048,125,96,76,47,29,29
2023-02-26,1048,132,79,74,50,53,24
2023-02-27,1048,140,81,74,29,59,45
2023-02-28,1048,126,75,73,40,51,33
2023-03-01,1048,107,75,62,39,32,23
2023-03-02,1048,145,78,71,36,67,35
2023-03-03,1048,127,73,82,32,54,50
2023-03-04,1048,127,86,98,44,41,54
2023-03-05,1048,109,70,63,32,39,31
2023-03-06,1048,142,79,65,45,63,20
2023-03-07,1048,139,65,54,38,74,16
2023-03-08,1048,140,90,62,28,50,34
2023-03-09,1048,132,93,95,38,39,57
2023-03-10,1048,130,98,81,40,32,41
2023-03-11,1048,133,66,94,43,67,51
2023-03-12,1048,108,72,92,39,36,53
2023-03-13,1048,116,85,75,30,31,45
2023-03-14,1048,125,78,64,43,47,21
2023-03-15,1048,127,73,53,38,54,15
2023-03-16,1048,134,75,61,36,59,25
2023-03-17,1048,114,88,69,36,26,33
2023-03-18,1048,132,83,92,47,49,45
2023-03-19,1048,135,72,61,40,63,21
2023-03-20,1048,145,72,100,36,73,64
2023-03-21,1048,104,71,59,51,33,8
2023-03-22,1048,118,75,72,43,43,29
2023-03-23,1048,147,79,84,33,68,51
2023-03-24,1048,138,75,93,41,63,52
2023-03-25,1048,134,68,52,44,66,8
2023-03-26,1048,143,82,87,41,61,46
2023-03-27,1048,110,68,91,41,42,50
2023-03-28,1048,136,93,98,43,43,55
2023-03-29,1048,109,88,89,48,21,41
2023-03-30,1048,146,77,64,34,69,30
2023-03-31,1048,131,60,95,43,71,52
2023-04-01,1048,116,84,63,42,32,21
2023-04-02,1048,125,70,50,38,55,12
2023-04-03,1048,146,78,83,51,68,32
2023-04-04,1048,146,78,77,34,68,43
2023-04-05,1048,147,85,67,32,62,35
2023-04-06,1048,148,92,98,32,56,66
2023-04-07,1048,144,75,92,45,69,47
2023-04-08,1048,124,77,88,33,47,55
2023-04-09,1048,141,71,80,37,70,43
2023-04-10,1048,123,83,61,31,40,30
2023-04-11,1048,134,91,63,35,43,28
2023-04-12,1048,134,87,89,44,47,45
2023-04-13,1048,138,72,53,50,66,3
2023-04-14,1048,139,74,86,36,65,50
2023-04-15,1048,135,88,93,39,47,54
2023-04-16,1048,141,82,92,37,59,55
2023-04-17,1048,137,83,82,37,54,45
2023-04-18,1048,146,68,58,53,78,5
2023-04-19,1048,116,86,78,36,30,42
2023-04-20,1048,134,82,56,37,52,19
2023-04-21,1048,100,81,65,32,19,33
2023-04-22,1048,134,81,60,39,53,21
2023-04-23,1048,116,75,52,35,41,17
2023-04-24,1048,127,92,59,41,35,18
2023-04-25,1048,142,79,88,44,63,44
2023-04-26,1048,145,86,55,44,59,11
2023-04-27,1048,115,93,98,51,22,47
2023-04-28,1048,125,72,70,37,53,33
2023-04-29,1048,142,76,56,32,66,24
2023-04-30,1048,149,75,63,37,74,26
2023-05-01,1048,126,70,95,58,56,37
2023-05-02,1048,107,88,85,27,19,58
2023-05-03,1048,132,70,81,33,62,48
2023-05-04,1048,117,76,66,35,41,31
2023-05-05,1048,109,85,70,44,24,26
2023-05-06,1048,118,86,86,46,32,40
2023-05-07,1048,139,88,98,52,51,46
2023-05-08,1048,142,88,74,40,54,34
2023-05-09,1048,109,64,77,43,45,34
2023-05-10,1048,135,85,71,37,50,34
2023-05-11,1048,108,87,53,41,21,12
2023-05-12,1048,133,93,81,35,40,46
2023-05-13,1048,122,97,86,33,25,53
2023-05-14,1048,123,79,80,33,44,47
2023-05-15,1048,111,88,92,30,23,62
2023-05-16,1048,122,78,94,43,44,51
2023-05-17,1048,143,66,92,30,77,62
2023-05-18,1048,147,83,85,52,64,33
2023-05-19,1048,107,69,81,45,38,36
2023-05-20,1048,143,84,90,38,59,52
2023-05-21,1048,119,87,94,45,32,49
2023-05-22,1048,105,82,78,41,23,37
2023-05-23,1048,107,77,53,60,30,-7
2023-05-24,1048,149,77,74,45,72,29
2023-05-25,1048,142,89,68,39,53,29
2023-05-26,1048,127,70,88,43,57,45
2023-05-27,1048,147,69,70,25,78,45
2023-05-28,1048,101,85,81,44,16,37
2023-05-29,1048,107,109,75,47,-2,28
2023-05-30,1048,102,89,67,41,13,26
2023-05-31,1048,139,86,71,42,53,29
2023-06-01,1048,109,83,91,36,26,55
2023-06-02,1048,132,79,52,51,53,1
2023-06-03,1048,143,76,86,51,67,35
2023-06-04,1048,103,77,74,46,26,28
2023-06-05,1048,105,92,83,51,13,32
2023-06-06,1048,119,78,85,32,41,53
2023-06-07,1048,112,77,60,37,35,23
2023-06-08,1048,107,74,95,32,33,63
2023-06-09,1048,145,63,74,41,82,33
2023-06-10,1048,104,87,85,23,17,62
2023-06-11,1048,118,85,59,47,33,12
2023-06-12,1048,111,71,82,43,40,39
2023-06-13,1048,149,65,77,45,84,32
2023-06-14,1048,102,66,59,39,36,20
2023-06-15,1048,130,70,56,32,60,24
2023-06-16,1048,104,78,88,39,26,49
2023-06-17,1048,143,96,97,41,47,56
2023-06-18,1048,139,93,70,48,46,22
2023-06-19,1048,113,73,94,54,40,40
2023-06-20,1048,125,76,86,31,49,55
2023-06-21,1048,135,77,63,47,58,16
2023-06-22,1048,145,68,95,39,77,56
2023-06-23,1048,119,76,93,45,43,48
2023-06-24,1048,117,68,82,48,49,34
2023-06-25,1048,126,87,50,30,39,20
2023-06-26,1048,141,93,73,46,48,27
2023-06-27,1048,149,76,96,41,73,55
2023-06-28,1048,118,83,56,51,35,5
2023-06-29,1048,150,79,73,40,71,33
2023-06-30,1048,134,76,87,43,58,44
2023-07-01,1048,136,71,92,36,65,56
2023-07-02,1048,106,84,60,48,22,12
2023-07-03,1048,128,85,91,37,43,54
2023-07-04,1048,128,74,56,36,54,20
2023-07-05,1048,138,89,96,37,49,59
2023-07-06,1048,127,66,100,38,61,62
2023-07-07,1048,106,86,97,46,20,51
2023-07-08,1048,143,81,69,37,62,32
2023-07-09,1048,134,70,99,42,64,57
2023-07-10,1048,107,96,65,39,11,26
2023-07-11,1048,105,84,89,49,21,40
2023-07-12,1048,131,84,88,40,47,48
2023-07-13,1048,125,72,58,40,53,18
2023-07-14,1048,106,87,70,31,19,39
2023-07-15,1048,116,97,53,38,19,15
2023-07-16,1048,137,74,72,37,63,35
2023-07-17,1048,128,103,79,36,25,43
2023-07-18,1048,127,78,69,35,49,34
2023-07-19,1048,131,98,54,40,33,14
2023-07-20,1048,123,92,62,33,31,29
2023-07-21,1048,110,80,57,38,30,19
2023-07-22,1048,125,73,72,59,52,13
2023-07-23,1048,128,83,64,42,45,22
2023-07-24,1048,141,93,68,45,48,23
2023-07-25,1048,106,74,96,45,32,51
2023-07-26,1048,147,93,80,50,54,30
2023-07-27,1048,148,85,86,30,63,56
2023-07-28,1048,118,80,60,40,38,20
2023-07-29,1048,122,75,50,43,47,7
2023-07-30,1048,123,82,69,37,41,32
2023-07-31,1048,115,99,97,38,16,59
2023-08-01,1048,112,69,57,43,43,14
2023-08-02,1048,148,83,73,40,65,33
2023-08-03,1048,105,77,81,47,28,34
2023-08-04,1048,130,86,92,53,44,39
2023-08-05,1048,106,81,99,31,25,68
2023-08-06,1048,130,81,65,46,49,19
2023-08-07,1048,131,78,100,35,53,65
2023-08-08,1048,124,77,71,32,47,39
2023-08-09,1048,123,82,62,52,41,10
2023-08-10,1048,105,85,67,45,20,22
2023-08-11,1048,103,68,57,41,35,16
2023-08-12,1048,115,94,77,41,21,36
2023-08-13,1048,107,79,82,34,28,48
2023-08-14,1048,123,76,82,40,47,42
2023-08-15,1048,107,82,50,52,25,-2
2023-08-16,1048,145,81,60,35,64,25
2023-08-17,1048,124,74,75,44,50,31
2023-08-18,1048,132,81,55,46,51,9
2023-08-19,1048,120,92,59,45,28,14
2023-08-20,1048,120,74,56,42,46,14
2023-08-21,1048,103,78,66,36,25,30
2023-08-22,1048,116,80,73,32,36,41
2023-08-23,1048,123,86,74,43,37,31
2023-08-24,1048,122,72,63,36,50,27
2023-08-25,1048,121,92,69,36,29,33
2023-08-26,1048,111,72,77,37,39,40
2023-08-27,1048,147,77,100,40,70,60
2023-08-28,1048,110,69,57,35,41,22
2023-08-29,1048,107,90,62,38,17,24
2023-08-30,1048,147,96,96,36,51,60
2023-08-31,1048,139,73,94,32,66,62
2023-09-01,1048,103,65,73,41,38,32
2023-09-02,1048,147,92,66,45,55,21
2023-09-03,1048,136,85,60,54,51,6
2023-09-04,1048,136,67,57,39,69,18
2023-09-05,1048,137,71,90,51,66,39
2023-09-06,1048,124,85,93,56,39,37
2023-09-07,1048,114,101,74,42,13,32
2023-09-08,1048,140,88,85,38,52,47
2023-09-09,1048,135,79,53,35,56,18
2023-09-10,1048,111,61,96,40,50,56
2023-09-11,1048,106,94,100,36,12,64
2023-09-12,1048,123,86,86,29,37,57
2023-09-13,1048,105,73,64,31,32,33
2023-09-14,1048,105,78,82,36,27,46
2023-09-15,1048,112,94,65,54,18,11
2023-09-16,1048,118,79,62,42,39,20
2023-09-17,1048,102,75,66,32,27,34
2023-09-18,1048,117,77,83,46,40,37
2023-09-19,1048,103,93,65,35,10,30
2023-09-20,1048,141,68,93,41,73,52
2023-09-21,1048,146,80,89,41,66,48
2023-09-22,1048,124,79,72,35,45,37
2023-09-23,1048,133,81,93,42,52,51
2023-09-24,1048,139,85,91,40,54,51
2023-09-25,1048,106,78,86,37,28,49
2023-09-26,1048,139,80,56,45,59,11
2023-09-27,1048,100,83,69,41,17,28
2023-09-28,1048,150,76,89,41,74,48
2023-09-29,1048,100,74,84,49,26,35
2023-09-30,1048,130,86,89,38,44,51
2023-10-01,1048,102,84,59,50,18,9
2023-10-02,1048,126,88,70,41,38,29
2023-10-03,1048,100,101,99,44,-1,55
2023-10-04,1048,144,72,79,33,72,46
2023-10-05,1048,115,79,95,33,36,62
2023-10-06,1048,128,82,76,48,46,28
2023-10-07,1048,120,79,95,49,41,46
2023-10-08,1048,141,75,61,46,66,15
2023-10-09,1048,125,68,98,44,57,54
2023-10-10,1048,147,74,85,35,73,50
2023-10-11,1048,148,88,69,41,60,28
2023-10-12,1048,146,60,71,34,86,37
2023-10-13,1048,114,75,96,33,39,63
2023-10-14,1048,130,78,81,44,52,37
2023-10-15,1048,149,83,97,29,66,68
2023-10-16,1048,150,98,75,44,52,31
2023-10-17,1048,102,81,74,30,21,44
2023-10-18,1048,130,76,63,40,54,23
2023-10-19,1048,122,82,72,34,40,38
2023-10-20,1048,142,67,100,38,75,62
2023-10-21,1048,127,73,69,57,54,12
2023-10-22,1048,136,87,70,44,49,26
2023-10-23,1048,142,83,70,47,59,23
2023-10-24,1048,134,83,100,36,51,64
2023-10-25,1048,143,92,82,39,51,43
2023-10-26,1048,125,75,91,27,50,64
2023-10-27,1048,113,85,59,38,28,21
2023-10-28,1048,125,84,59,46,41,13
2023-10-29,1048,102,88,85,37,14,48
2023-10-30,1048,105,85,88,42,20,46
2023-10-31,1048,118,84,79,40,34,39
2023-11-01,1048,117,70,72,42,47,30
2023-11-02,1048,118,83,60,35,35,25
2023-11-03,1048,133,78,67,28,55,39
2023-11-04,1048,101,92,52,39,9,13
2023-11-05,1048,119,67,88,41,52,47
2023-11-06,1048,114,76,99,35,38,64
2023-11-07,1048,124,71,97,33,53,64
2023-11-08,1048,110,71,51,40,39,11
2023-11-09,1048,145,83,68,43,62,25
2023-11-10,1048,132,86,75,41,46,34
2023-11-11,1048,131,72,68,42,59,26
2023-11-12,1048,117,63,87,34,54,53
2023-11-13,1048,142,81,79,36,61,43
2023-11-14,1048,102,72,75,43,30,32
2023-11-15,1048,149,85,84,33,64,51
2023-11-16,1048,128,82,65,36,46,29
2023-11-17,1048,145,75,54,30,70,24
2023-11-18,1048,122,72,94,43,50,51
2023-11-19,1048,127,59,63,41,68,22
2023-11-20,1048,139,83,76,37,56,39
2023-11-21,1048,149,76,83,33,73,50
2023-11-22,1048,117,75,99,39,42,60
2023-11-23,1048,110,94,51,62,16,-11
2023-11-24,1048,116,79,100,38,37,62
2023-11-25,1048,120,106,55,35,14,20
2023-11-26,1048,111,83,68,37,28,31
2023-11-27,1048,110,79,76,42,31,34
2023-11-28,1048,128,83,55,40,45,15
2023-11-29,1048,116,63,95,30,53,65
2023-11-30,1048,137,81,71,40,56,31
2023-12-01,1048,122,88,62,30,34,32
2023-12-02,1048,148,73,98,30,75,68
2023-12-03,1048,109,81,69,54,28,15
2023-12-04,1048,106,77,95,41,29,54
2023-12-05,1048,145,73,50,32,72,18
2023-12-06,1048,149,90,66,33,59,33
2023-12-07,1048,150,71,53,40,79,13
2023-12-08,1048,143,95,54,49,48,5
2023-12-09,1048,112,83,78,49,29,29
2023-12-10,1048,127,92,63,36,35,27
2023-12-11,1048,105,77,57,44,28,13
2023-12-12,1048,135,88,100,41,47,59
2023-12-13,1048,147,82,90,46,65,44
2023-12-14,1048,143,80,53,40,63,13
2023-12-15,1048,134,72,66,45,62,21
2023-12-16,1048,120,79,95,37,41,58
2023-12-17,1048,132,89,61,35,43,26
2023-12-18,1048,146,77,70,48,69,22
2023-12-19,1048,118,71,87,46,47,41
2023-12-20,1048,127,78,84,47,49,37
2023-12-21,1048,134,67,52,38,67,14
2023-12-22,1048,112,78,73,36,34,37
2023-12-23,1048,114,81,68,27,33,41
2023-12-24,1048,145,86,75,55,59,20
2023-12-25,1048,110,89,99,46,21,53
2023-12-26,1048,145,83,90,37,62,53
2023-12-27,1048,133,74,63,47,59,16
2023-12-28,1048,150,71,91,43,79,48
2023-12-29,1048,148,71,92,41,77,51
2023-12-30,1048,103,75,99,30,28,69
2023-12-31,1048,131,89,67,50,42,17
2023-01-01,1049,113,88,85,35,25,50
2023-01-02,1049,112,80,66,42,32,24
2023-01-03,1049,118,76,78,41,42,37
2023-01-04,1049,136,84,72,37,52,35
2023-01-05,1049,124,77,100,41,47,59
2023-01-06,1049,124,87,78,37,37,41
2023-01-07,1049,137,75,92,39,62,53
2023-01-08,1049,141,70,74,48,71,26
2023-01-09,1049,145,64,58,44,81,14
2023-01-10,1049,110,68,51,42,42,9
2023-01-11,1049,126,96,72,46,30,26
2023-01-12,1049,146,92,80,34,54,46
2023-01-13,1049,139,70,59,41,69,18
2023-01-14,1049,150,87,97,37,63,60
2023-01-15,1049,135,67,51,37,68,14
2023-01-16,1049,117,70,64,37,47,27
2023-01-17,1049,100,96,100,43,4,57
2023-01-18,1049,134,105,56,51,29,5
2023-01-19,1049,111,75,89,37,36,52
2023-01-20,1049,127,84,94,34,43,60
2023-01-21,1049,126,77,69,38,49,31
2023-01-22,1049,139,82,91,30,57,61
2023-01-23,1049,134,69,80,44,65,36
2023-01-24,1049,116,73,71,43,43,28
2023-01-25,1049,137,73,77,39,64,38
2023-01-26,1049,123,71,73,41,52,32
2023-01-27,1049,135,78,82,40,57,42
2023-01-28,1049,145,84,90,41,61,49
2023-01-29,1049,149,90,99,48,59,51
2023-01-30,1049,121,92,78,32,29,46
2023-01-31,1049,110,91,89,41,19,48
2023-02-01,1049,144,72,93,37,72,56
2023-02-02,1049,142,80,55,33,62,22
2023-02-03,1049,124,81,88,46,43,42
2023-02-04,1049,137,85,100,35,52,65
2023-02-05,1049,148,72,88,35,76,53
2023-02-06,1049,109,103,65,41,6,24
2023-02-07,1049,115,71,100,47,44,53
2023-02-08,1049,123,78,74,32,45,42
2023-02-09,1049,114,70,86,46,44,40
2023-02-10,1049,129,77,64,42,52,22
2023-02-11,1049,103,81,92,33,22,59
2023-02-12,1049,150,55,58,42,95,16
2023-02-13,1049,125,68,65,40,57,25
2023-02-14,1049,107,77,93,38,30,55
2023-02-15,1049,101,84,90,36,17,54
2023-02-16,1049,143,89,75,39,54,36
2023-02-17,1049,147,70,61,36,77,25
2023-02-18,1049,112,77,87,28,35,59
2023-02-19,1049,113,90,64,28,23,36
2023-02-20,1049,140,77,80,52,63,28
2023-02-21,1049,126,73,63,52,53,11
2023-02-22,1049,143,95,69,45,48,24
2023-02-23,1049,148,75,64,50,73,14
2023-02-24,1049,113,71,65,44,42,21
2023-02-25,1049,128,88,67,39,40,28
2023-02-26,1049,110,69,55,35,41,20
2023-02-27,1049,112,74,74,29,38,45
2023-02-28,1049,147,71,61,33,76,28
2023-03-01,1049,132,75,78,47,57,31
2023-03-02,1049,109,93,50,37,16,13
2023-03-03,1049,119,89,75,37,30,38
2023-03-04,1049,128,77,59,39,51,20
2023-03-05,1049,145,73,70,52,72,18
2023-03-06,1049,126,79,55,34,47,21
2023-03-07,1049,145,65,97,30,80,67
2023-03-08,1049,107,68,71,40,39,31
2023-03-09,1049,121,61,68,47,60,21
2023-03-10,1049,111,80,80,51,31,29
2023-03-11,1049,136,78,98,29,58,69
2023-03-12,1049,147,81,67,41,66,26
2023-03-13,1049,148,83,57,45,65,12
2023-03-14,1049,123,74,85,31,49,54
2023-03-15,1049,118,65,81,30,53,51
2023-03-16,1049,134,83,83,38,51,45
2023-03-17,1049,123,58,72,44,65,28
2023-03-18,1049,130,80,92,48,50,44
2023-03-19,1049,123,87,65,43,36,22
2023-03-20,1049,142,78,98,37,64,61
2023-03-21,1049,131,88,62,36,43,26
2023-03-22,1049,120,92,86,40,28,46
2023-03-23,1049,139,76,78,49,63,29
2023-03-24,1049,115,72,58,31,43,27
2023-03-25,1049,101,94,51,42,7,9
2023-03-26,1049,107,89,76,43,18,33
2023-03-27,1049,135,78,93,38,57,55
2023-03-28,1049,136,83,70,46,53,24
2023-03-29,1049,141,92,92,39,49,53
2023-03-30,1049,133,77,96,62,56,34
2023-03-31,1049,149,81,71,30,68,41
2023-04-01,1049,136,83,68,42,53,26
2023-04-02,1049,134,71,67,43,63,24
2023-04-03,1049,102,86,100,46,16,54
2023-04-04,1049,114,79,70,44,35,26
2023-04-05,1049,124,82,68,45,42,23
2023-04-06,1049,133,81,81,47,52,34
2023-04-07,1049,145,66,69,40,79,29
2023-04-08,1049,124,82,81,34,42,47
2023-04-09,1049,130,90,78,30,40,48
2023-04-10,1049,112,84,65,43,28,22
2023-04-11,1049,102,82,64,49,20,15
2023-04-12,1049,134,82,70,37,52,33
2023-04-13,1049,128,86,99,36,42,63
2023-04-14,1049,127,77,90,48,50,42
2023-04-15,1049,145,81,52,33,64,19
2023-04-16,1049,103,79,71,44,24,27
2023-04-17,1049,109,91,81,33,18,48
2023-04-18,1049,135,104,94,37,31,57
2023-04-19,1049,143,96,80,33,47,47
2023-04-20,1049,129,78,59,41,51,18
2023-04-21,1049,112,83,95,48,29,47
2023-04-22,1049,114,77,74,35,37,39
2023-04-23,1049,150,87,74,42,63,32
2023-04-24,1049,120,78,75,30,42,45
2023-04-25,1049,116,82,80,33,34,47
2023-04-26,1049,148,76,92,45,72,47
2023-04-27,1049,128,106,100,31,22,69
2023-04-28,1049,101,73,65,40,28,25
2023-04-29,1049,100,78,68,52,22,16
2023-04-30,1049,146,99,72,43,47,29
2023-05-01,1049,130,69,55,39,61,16
2023-05-02,1049,124,87,54,35,37,19
2023-05-03,1049,136,86,90,44,50,46
2023-05-04,1049,137,80,56,45,57,11
2023-05-05,1049,125,80,76,35,45,41
2023-05-06,1049,145,63,74,41,82,33
2023-05-07,1049,139,71,95,31,68,64
2023-05-08,1049,102,87,85,40,15,45
2023-05-09,1049,118,88,76,33,30,43
2023-05-10,1049,109,76,56,37,33,19
2023-05-11,1049,114,83,97,35,31,62
2023-05-12,1049,106,63,60,38,43,22
2023-05-13,1049,120,88,94,43,32,51
2023-05-14,1049,136,60,70,53,76,17
2023-05-15,1049,101,86,81,34,15,47
2023-05-16,1049,123,80,69,28,43,41
2023-05-17,1049,121,89,96,37,32,59
2023-05-18,1049,137,86,79,50,51,29
2023-05-19,1049,107,89,53,53,18,0
2023-05-20,1049,105,86,85,44,19,41
2023-05-21,1049,121,71,99,39,50,60
2023-05-22,1049,133,73,98,42,60,56
2023-05-23,1049,106,74,77,41,32,36
2023-05-24,1049,126,71,54,41,55,13
2023-05-25,1049,106,99,64,31,7,33
2023-05-26,1049,100,78,64,34,22,30
2023-05-27,1049,109,72,56,46,37,10
2023-05-28,1049,121,80,90,32,41,58
2023-05-29,1049,149,75,53,47,74,6
2023-05-30,1049,117,93,77,37,24,40
2023-05-31,1049,102,74,63,43,28,20
2023-06-01,1049,143,74,89,40,69,49
2023-06-02,1049,107,79,91,41,28,50
2023-06-03,1049,101,77,60,36,24,24
2023-06-04,1049,131,87,87,35,44,52
2023-06-05,1049,114,75,93,36,39,57
2023-06-06,1049,115,77,53,32,38,21
2023-06-07,1049,138,58,83,34,80,49
2023-06-08,1049,121,66,78,41,55,37
2023-06-09,1049,121,66,58,39,55,19
2023-06-10,1049,130,78,65,36,52,29
2023-06-11,1049,131,87,95,46,44,49
2023-06-12,1049,100,76,69,43,24,26
2023-06-13,1049,125,76,64,32,49,32
2023-06-14,1049,140,77,60,40,63,20
2023-06-15,1049,147,80,66,54,67,12
2023-06-16,1049,145,82,83,43,63,40
2023-06-17,1049,123,87,92,42,36,50
2023-06-18,1049,129,88,87,39,41,48
2023-06-19,1049,114,79,92,46,35,46
2023-06-20,1049,132,87,57,43,45,14
2023-06-21,1049,100,79,89,34,21,55
2023-06-22,1049,140,76,71,46,64,25
2023-06-23,1049,116,82,77,37,34,40
2023-06-24,1049,128,88,71,39,40,32
2023-06-25,1049,130,89,83,39,41,44
2023-06-26,1049,128,68,54,44,60,10
2023-06-27,1049,108,69,52,38,39,14
2023-06-28,1049,107,85,56,29,22,27
2023-06-29,1049,107,76,59,32,31,27
2023-06-30,1049,136,73,69,34,63,35
2023-07-01,1049,141,86,50,34,55,16
2023-07-02,1049,109,80,61,41,29,20
2023-07-03,1049,118,61,94,40,57,54
2023-07-04,1049,132,95,70,48,37,22
2023-07-05,1049,114,68,79,38,46,41
2023-07-06,1049,109,82,83,43,27,40
2023-07-07,1049,139,78,91,37,61,54
2023-07-08,1049,104,84,95,37,20,58
2023-07-09,1049,147,71,100,49,76,51
2023-07-10,1049,116,81,54,30,35,24
2023-07-11,1049,110,71,61,34,39,27
2023-07-12,1049,141,85,77,41,56,36
2023-07-13,1049,144,93,83,43,51,40
2023-07-14,1049,136,87,97,38,49,59
2023-07-15,1049,139,63,99,39,76,60
2023-07-16,1049,131,86,87,34,45,53
2023-07-17,1049,107,79,60,32,28,28
2023-07-18,1049,132,81,80,30,51,50
2023-07-19,1049,120,89,81,46,31,35
2023-07-20,1049,118,101,96,38,17,58
2023-07-21,1049,115,82,82,25,33,57
2023-07-22,1049,136,94,80,38,42,42
2023-07-23,1049,113,86,56,33,27,23
2023-07-24,1049,117,80,59,36,37,23
2023-07-25,1049,145,72,77,34,73,43
2023-07-26,1049,130,73,50,47,57,3
2023-07-27,1049,115,98,68,34,17,34
2023-07-28,1049,148,65,67,36,83,31
2023-07-29,1049,105,72,56,41,33,15
2023-07-30,1049,143,82,99,42,61,57
2023-07-31,1049,100,87,83,46,13,37
2023-08-01,1049,104,93,74,36,11,38
2023-08-02,1049,134,93,72,31,41,41
2023-08-03,1049,101,84,58,42,17,16
2023-08-04,1049,142,78,65,33,64,32
2023-08-05,1049,104,83,94,34,21,60
2023-08-06,1049,110,92,100,41,18,59
2023-08-07,1049,138,71,53,26,67,27
2023-08-08,1049,118,91,82,29,27,53
2023-08-09,1049,107,83,68,47,24,21
2023-08-10,1049,112,84,50,35,28,15
2023-08-11,1049,111,80,71,34,31,37
2023-08-12,1049,118,82,77,37,36,40
2023-08-13,1049,104,90,84,45,14,39
2023-08-14,1049,113,86,55,32,27,23
2023-08-15,1049,125,80,78,51,45,27
2023-08-16,1049,121,74,62,41,47,21
2023-08-17,1049,136,85,72,33,51,39
2023-08-18,1049,114,86,79,32,28,47
2023-08-19,1049,126,75,87,39,51,48
2023-08-20,1049,114,83,74,36,31,38
2023-08-21,1049,147,84,73,53,63,20
2023-08-22,1049,131,74,78,56,57,22
2023-08-23,1049,141,80,62,42,61,20
2023-08-24,1049,138,70,76,49,68,27
2023-08-25,1049,131,78,96,51,53,45
2023-08-26,1049,111,82,95,43,29,52
2023-08-27,1049,108,78,82,35,30,47
2023-08-28,1049,138,73,100,42,65,58
2023-08-29,1049,118,75,80,42,43,38
2023-08-30,1049,149,77,80,33,72,47
2023-08-31,1049,147,73,58,34,74,24
2023-09-01,1049,115,102,98,43,13,55
2023-09-02,1049,127,73,53,47,54,6
2023-09-03,1049,119,92,65,42,27,23
2023-09-04,1049,139,80,77,44,59,33
2023-09-05,1049,127,83,61,33,44,28
2023-09-06,1049,107,80,79,53,27,26
2023-09-07,1049,112,82,77,48,30,29
2023-09-08,1049,127,87,89,54,40,35
2023-09-09,1049,129,88,74,46,41,28
2023-09-10,1049,139,71,70,47,68,23
2023-09-11,1049,134,71,86,43,63,43
2023-09-12,1049,148,76,58,40,72,18
2023-09-13,1049,119,74,87,41,45,46
2023-09-14,1049,122,81,78,29,41,49
2023-09-15,1049,141,71,93,47,70,46
2023-09-16,1049,121,60,69,42,61,27
2023-09-17,1049,125,71,54,53,54,1
2023-09-18,1049,109,89,70,36,20,34
2023-09-19,1049,148,80,61,43,68,18
2023-09-20,1049,129,82,96,46,47,50
2023-09-21,1049,118,68,56,33,50,23
2023-09-22,1049,119,76,84,36,43,48
2023-09-23,1049,144,74,99,39,70,60
2023-09-24,1049,128,72,88,44,56,44
2023-09-25,1049,138,75,64,41,63,23
2023-09-26,1049,117,84,100,52,33,48
2023-09-27,1049,140,105,74,35,35,39
2023-09-28,1049,109,80,81,41,29,40
2023-09-29,1049,107,99,69,35,8,34
2023-09-30,1049,139,84,88,46,55,42
2023-10-01,1049,144,77,82,33,67,49
2023-10-02,1049,126,83,74,40,43,34
2023-10-03,1049,146,76,57,45,70,12
2023-10-04,1049,113,84,98,37,29,61
2023-10-05,1049,141,68,51,32,73,19
2023-10-06,1049,106,79,66,40,27,26
2023-10-07,1049,128,77,58,45,51,13
2023-10-08,1049,103,76,67,43,27,24
2023-10-09,1049,110,71,79,44,39,35
2023-10-10,1049,124,78,84,47,46,37
2023-10-11,1049,107,102,54,40,5,14
2023-10-12,1049,109,77,99,38,32,61
2023-10-13,1049,111,79,69,42,32,27
2023-10-14,1049,142,84,59,44,58,15
2023-10-15,1049,137,83,89,33,54,56
2023-10-16,1049,144,84,62,47,60,15
2023-10-17,1049,122,82,73,39,40,34
2023-10-18,1049,139,99,69,43,40,26
2023-10-19,1049,135,78,88,51,57,37
2023-10-20,1049,119,84,91,46,35,45
2023-10-21,1049,110,78,98,37,32,61
2023-10-22,1049,142,68,79,43,74,36
2023-10-23,1049,124,88,67,45,36,22
2023-10-24,1049,104,81,72,52,23,20
2023-10-25,1049,144,90,50,32,54,18
2023-10-26,1049,140,75,81,42,65,39
2023-10-27,1049,112,76,95,48,36,47
2023-10-28,1049,105,72,90,41,33,49
2023-10-29,1049,133,90,95,58,43,37
2023-10-30,1049,124,73,69,36,51,33
2023-10-31,1049,129,80,76,39,49,37
2023-11-01,1049,109,96,53,46,13,7
2023-11-02,1049,109,86,80,42,23,38
2023-11-03,1049,122,94,77,36,28,41
2023-11-04,1049,110,71,80,40,39,40
2023-11-05,1049,124,85,98,37,39,61
2023-11-06,1049,130,77,50,41,53,9
2023-11-07,1049,128,90,57,34,38,23
2023-11-08,1049,148,86,54,28,62,26
2023-11-09,1049,129,79,81,37,50,44
2023-11-10,1049,136,90,60,37,46,23
2023-11-11,1049,136,83,71,40,53,31
2023-11-12,1049,133,95,73,32,38,41
2023-11-13,1049,122,87,89,37,35,52
2023-11-14,1049,115,59,86,44,56,42
2023-11-15,1049,128,93,53,32,35,21
2023-11-16,1049,111,86,52,40,25,12
2023-11-17,1049,121,91,62,42,30,20
2023-11-18,1049,124,63,62,46,61,16
2023-11-19,1049,100,91,75,48,9,27
2023-11-20,1049,109,80,66,38,29,28
2023-11-21,1049,119,79,57,39,40,18
2023-11-22,1049,128,65,61,42,63,19
2023-11-23,1049,118,75,54,42,43,12
2023-11-24,1049,132,80,81,36,52,45
2023-11-25,1049,138,97,93,45,41,48
2023-11-26,1049,116,69,67,36,47,31
2023-11-27,1049,147,69,74,41,78,33
2023-11-28,1049,140,84,67,30,56,37
2023-11-29,1049,104,86,79,50,18,29
2023-11-30,1049,102,86,53,45,16,8
2023-12-01,1049,135,65,69,53,70,16
2023-12-02,1049,120,77,91,36,43,55
2023-12-03,1049,112,94,81,41,18,40
2023-12-04,1049,108,80,75,44,28,31
2023-12-05,1049,139,98,53,31,41,22
2023-12-06,1049,147,81,91,47,66,44
2023-12-07,1049,147,90,81,35,57,46
2023-12-08,1049,132,66,65,32,66,33
2023-12-09,1049,149,92,100,34,57,66
2023-12-10,1049,147,93,96,37,54,59
2023-12-11,1049,116,74,97,45,42,52
2023-12-12,1049,104,81,56,29,23,27
2023-12-13,1049,146,63,80,39,83,41
2023-12-14,1049,117,89,74,45,28,29
2023-12-15,1049,105,81,51,42,24,9
2023-12-16,1049,137,88,94,31,49,63
2023-12-17,1049,124,80,99,42,44,57
2023-12-18,1049,101,83,69,38,18,31
2023-12-19,1049,136,78,74,41,58,33
2023-12-20,1049,128,85,67,42,43,25
2023-12-21,1049,121,75,53,31,46,22
2023-12-22,1049,133,86,54,42,47,12
2023-12-23,1049,143,85,52,42,58,10
2023-12-24,1049,138,66,76,37,72,39
2023-12-25,1049,124,98,88,36,26,52
2023-12-26,1049,142,74,71,53,68,18
2023-12-27,1049,129,92,83,36,37,47
2023-12-28,1049,103,76,81,34,27,47
2023-12-29,1049,134,80,82,53,54,29
2023-12-30,1049,138,82,97,39,56,58
2023-12-31,1049,100,68,78,45,32,33
2023-01-01,1050,106,63,97,37,43,60
2023-01-02,1050,113,86,70,43,27,27
2023-01-03,1050,105,67,79,30,38,49
2023-01-04,1050,115,68,95,46,47,49
2023-01-05,1050,143,78,60,33,65,27
2023-01-06,1050,110,67,73,44,43,29
2023-01-07,1050,136,85,88,30,51,58
2023-01-08,1050,128,72,91,48,56,43
2023-01-09,1050,123,93,51,35,30,16
2023-01-10,1050,130,73,88,33,57,55
2023-01-11,1050,104,84,97,49,20,48
2023-01-12,1050,110,75,68,35,35,33
2023-01-13,1050,100,96,85,48,4,37
2023-01-14,1050,115,75,96,36,40,60
2023-01-15,1050,130,82,79,41,48,38
2023-01-16,1050,129,92,57,36,37,21
2023-01-17,1050,101,81,76,31,20,45
2023-01-18,1050,127,73,74,40,54,34
2023-01-19,1050,142,91,66,25,51,41
2023-01-20,1050,147,75,79,38,72,41
2023-01-21,1050,150,73,96,35,77,61
2023-01-22,1050,108,90,64,34,18,30
2023-01-23,1050,124,81,64,44,43,20
2023-01-24,1050,103,83,79,35,20,44
2023-01-25,1050,107,88,58,40,19,18
2023-01-26,1050,132,83,80,37,49,43
2023-01-27,1050,131,76,61,35,55,26
2023-01-28,1050,125,79,52,29,46,23
2023-01-29,1050,134,73,62,37,61,25
2023-01-30,1050,147,68,88,38,79,50
2023-01-31,1050,129,73,58,37,56,21
2023-02-01,1050,131,65,99,46,66,53
2023-02-02,1050,100,77,61,42,23,19
2023-02-03,1050,101,78,76,42,23,34
2023-02-04,1050,144,67,61,44,77,17
2023-02-05,1050,112,60,89,32,52,57
2023-02-06,1050,115,87,89,38,28,51
2023-02-07,1050,141,83,91,39,58,52
2023-02-08,1050,133,80,86,36,53,50
2023-02-09,1050,101,80,87,31,21,56
2023-02-10,1050,130,93,66,42,37,24
2023-02-11,1050,149,85,69,53,64,16
2023-02-12,1050,133,88,92,29,45,63
2023-02-13,1050,103,72,84,32,31,52
2023-02-14,1050,136,87,90,39,49,51
2023-02-15,1050,105,79,97,35,26,62
2023-02-16,1050,150,83,86,45,67,41
2023-02-17,1050,113,74,71,47,39,24
2023-02-18,1050,120,82,61,42,38,19
2023-02-19,1050,143,79,83,30,64,53
2023-02-20,1050,145,82,61,31,63,30
2023-02-21,1050,134,90,79,44,44,35
2023-02-22,1050,137,79,97,33,58,64
2023-02-23,1050,150,84,84,29,66,55
2023-02-24,1050,102,61,55,36,41,19
2023-02-25,1050,126,84,59,44,42,15
2023-02-26,1050,133,88,86,40,45,46
2023-02-27,1050,149,81,61,52,68,9
2023-02-28,1050,125,79,88,37,46,51
2023-03-01,1050,116,94,91,36,22,55
2023-03-02,1050,113,75,73,49,38,24
2023-03-03,1050,145,78,63,53,67,10
2023-03-04,1050,121,70,71,40,51,31
2023-03-05,1050,104,78,64,45,26,19
2023-03-06,1050,107,74,61,39,33,22
2023-03-07,1050,141,69,77,41,72,36
2023-03-08,1050,101,86,71,49,15,22
2023-03-09,1050,116,72,53,46,44,7
2023-03-10,1050,120,67,70,34,53,36
2023-03-11,1050,144,76,70,52,68,18
2023-03-12,1050,121,82,96,51,39,45
2023-03-13,1050,109,92,66,43,17,23
2023-03-14,1050,148,67,83,38,81,45
2023-03-15,1050,136,85,67,39,51,28
2023-03-16,1050,110,81,100,45,29,55
2023-03-17,1050,128,78,91,37,50,54
2023-03-18,1050,133,86,63,43,47,20
2023-03-19,1050,104,71,91,34,33,57
2023-03-20,1050,134,89,58,44,45,14
2023-03-21,1050,145,80,58,33,65,25
2023-03-22,1050,127,80,87,36,47,51
2023-03-23,1050,140,71,81,38,69,43
2023-03-24,1050,146,75,84,41,71,43
2023-03-25,1050,136,78,51,31,58,20
2023-03-26,1050,121,82,63,36,39,27
2023-03-27,1050,106,74,71,45,32,26
2023-03-28,1050,141,86,100,34,55,66
2023-03-29,1050,107,87,89,34,20,55
2023-03-30,1050,138,74,86,39,64,47
2023-03-31,1050,114,80,52,45,34,7
2023-04-01,1050,101,102,58,29,-1,29
2023-04-02,1050,120,84,69,38,36,31
2023-04-03,1050,107,67,79,50,40,29
2023-04-04,1050,109,99,84,37,10,47
2023-04-05,1050,113,71,60,32,42,28
2023-04-06,1050,119,93,80,39,26,41
2023-04-07,1050,131,63,56,36,68,20
2023-04-08,1050,103,68,94,29,35,65
2023-04-09,1050,131,92,91,31,39,60
2023-04-10,1050,101,84,81,41,17,40
2023-04-11,1050,146,87,53,24,59,29
2023-04-12,1050,121,79,73,37,42,36
2023-04-13,1050,112,67,79,38,45,41
2023-04-14,1050,107,71,74,44,36,30
2023-04-15,1050,107,86,94,36,21,58
2023-04-16,1050,126,81,81,41,45,40
2023-04-17,1050,103,86,96,39,17,57
2023-04-18,1050,102,81,83,32,21,51
2023-04-19,1050,138,60,95,49,78,46
2023-04-20,1050,133,86,82,51,47,31
2023-04-21,1050,130,77,92,34,53,58
2023-04-22,1050,103,95,68,40,8,28
2023-04-23,1050,102,73,73,50,29,23
2023-04-24,1050,110,71,63,33,39,30
2023-04-25,1050,129,90,57,39,39,18
2023-04-26,1050,114,88,71,36,26,35
2023-04-27,1050,118,89,97,34,29,63
2023-04-28,1050,147,89,78,41,58,37
2023-04-29,1050,126,79,77,32,47,45
2023-04-30,1050,142,82,75,46,60,29
2023-05-01,1050,145,84,99,31,61,68
2023-05-02,1050,117,84,60,45,33,15
2023-05-03,1050,139,83,62,37,56,25
2023-05-04,1050,107,95,85,42,12,43
2023-05-05,1050,140,79,66,41,61,25
2023-05-06,1050,117,76,52,39,41,13
2023-05-07,1050,101,76,82,40,25,42
2023-05-08,1050,146,69,87,55,77,32
2023-05-09,1050,113,64,57,37,49,20
2023-05-10,1050,131,85,71,52,46,19
2023-05-11,1050,141,79,65,40,62,25
2023-05-12,1050,108,87,54,47,21,7
2023-05-13,1050,105,91,61,43,14,18
2023-05-14,1050,144,73,100,25,71,75
2023-05-15,1050,112,82,67,40,30,27
2023-05-16,1050,109,69,99,44,40,55
2023-05-17,1050,108,81,100,43,27,57
2023-05-18,1050,114,92,63,54,22,9
2023-05-19,1050,107,65,82,37,42,45
2023-05-20,1050,144,87,85,42,57,43
2023-05-21,1050,139,83,99,35,56,64
2023-05-22,1050,134,62,72,37,72,35
2023-05-23,1050,127,91,51,42,36,9
2023-05-24,1050,129,78,85,45,51,40
2023-05-25,1050,150,64,65,45,86,20
2023-05-26,1050,121,86,73,44,35,29
2023-05-27,1050,136,80,78,39,56,39
2023-05-28,1050,117,95,78,43,22,35
2023-05-29,1050,104,90,90,32,14,58
2023-05-30,1050,127,68,94,28,59,66
2023-05-31,1050,140,89,93,42,51,51
2023-06-01,1050,120,90,51,31,30,20
2023-06-02,1050,112,72,91,46,40,45
2023-06-03,1050,139,77,63,45,62,18
2023-06-04,1050,109,69,50,38,40,12
2023-06-05,1050,108,69,56,50,39,6
2023-06-06,1050,145,74,51,38,71,13
2023-06-07,1050,135,91,69,35,44,34
2023-06-08,1050,125,64,86,40,61,46
2023-06-09,1050,137,79,83,30,58,53
2023-06-10,1050,116,85,96,33,31,63
2023-06-11,1050,133,80,58,37,53,21
2023-06-12,1050,106,92,73,32,14,41
2023-06-13,1050,122,71,51,46,51,5
2023-06-14,1050,136,83,83,40,53,43
2023-06-15,1050,135,83,79,36,52,43
2023-06-16,1050,150,78,97,41,72,56
2023-06-17,1050,131,81,67,37,50,30
2023-06-18,1050,105,81,86,39,24,47
2023-06-19,1050,107,86,54,35,21,19
2023-06-20,1050,129,83,58,34,46,24
2023-06-21,1050,145,77,83,45,68,38
2023-06-22,1050,110,70,70,37,40,33
2023-06-23,1050,134,81,87,34,53,53
2023-06-24,1050,119,87,52,35,32,17
2023-06-25,1050,148,63,97,41,85,56
2023-06-26,1050,118,67,76,38,51,38
2023-06-27,1050,131,76,50,42,55,8
2023-06-28,1050,117,66,68,48,51,20
2023-06-29,1050,135,82,84,28,53,56
2023-06-30,1050,134,91,70,30,43,40
2023-07-01,1050,138,77,52,44,61,8
2023-07-02,1050,134,73,67,37,61,30
2023-07-03,1050,119,91,98,44,28,54
2023-07-04,1050,124,78,59,35,46,24
2023-07-05,1050,101,81,82,53,20,29
2023-07-06,1050,101,72,56,41,29,15
2023-07-07,1050,109,69,52,40,40,12
2023-07-08,1050,138,86,95,42,52,53
2023-07-09,1050,108,82,76,36,26,40
2023-07-10,1050,134,83,98,46,51,52
2023-07-11,1050,105,84,66,36,21,30
2023-07-12,1050,138,71,76,47,67,29
2023-07-13,1050,132,89,75,41,43,34
2023-07-14,1050,114,68,93,48,46,45
2023-07-15,1050,117,76,62,28,41,34
2023-07-16,1050,129,78,97,37,51,60
2023-07-17,1050,116,81,89,53,35,36
2023-07-18,1050,118,93,99,40,25,59
2023-07-19,1050,139,76,53,47,63,6
2023-07-20,1050,123,69,77,43,54,34
2023-07-21,1050,133,80,80,46,53,34
2023-07-22,1050,149,65,53,50,84,3
2023-07-23,1050,122,80,91,31,42,60
2023-07-24,1050,124,81,93,55,43,38
2023-07-25,1050,148,84,63,38,64,25
2023-07-26,1050,128,76,94,43,52,51
2023-07-27,1050,113,77,100,32,36,68
2023-07-28,1050,117,72,64,35,45,29
2023-07-29,1050,118,81,72,41,37,31
2023-07-30,1050,126,83,56,41,43,15
2023-07-31,1050,117,70,67,44,47,23
2023-08-01,1050,147,68,85,36,79,49
2023-08-02,1050,147,71,96,48,76,48
2023-08-03,1050,115,84,97,35,31,62
2023-08-04,1050,116,71,78,45,45,33
2023-08-05,1050,138,64,88,41,74,47
2023-08-06,1050,136,80,63,47,56,16
2023-08-07,1050,123,77,74,39,46,35
2023-08-08,1050,145,81,75,39,64,36
2023-08-09,1050,112,85,98,30,27,68
2023-08-10,1050,101,82,73,32,19,41
2023-08-11,1050,108,91,85,33,17,52
2023-08-12,1050,149,92,70,54,57,16
2023-08-13,1050,115,86,84,35,29,49
2023-08-14,1050,114,88,54,35,26,19
2023-08-15,1050,123,104,66,36,19,30
2023-08-16,1050,128,73,63,37,55,26
2023-08-17,1050,137,73,59,37,64,22
2023-08-18,1050,127,79,65,43,48,22
2023-08-19,1050,118,79,92,39,39,53
2023-08-20,1050,150,74,85,33,76,52
2023-08-21,1050,103,61,100,43,42,57
2023-08-22,1050,102,87,54,52,15,2
2023-08-23,1050,121,69,85,29,52,56
2023-08-24,1050,102,65,68,28,37,40
2023-08-25,1050,112,85,65,44,27,21
2023-08-26,1050,129,60,94,48,69,46
2023-08-27,1050,145,67,73,37,78,36
2023-08-28,1050,121,69,77,51,52,26
2023-08-29,1050,139,72,64,36,67,28
2023-08-30,1050,122,79,59,34,43,25
2023-08-31,1050,147,88,70,39,59,31
2023-09-01,1050,104,102,58,39,2,19
2023-09-02,1050,126,82,87,37,44,50
2023-09-03,1050,148,86,93,43,62,50
2023-09-04,1050,105,91,81,40,14,41
2023-09-05,1050,131,73,100,39,58,61
2023-09-06,1050,138,60,50,45,78,5
2023-09-07,1050,146,89,55,34,57,21
2023-09-08,1050,121,83,84,39,38,45
2023-09-09,1050,122,89,98,40,33,58
2023-09-10,1050,110,77,82,41,33,41
2023-09-11,1050,104,88,53,37,16,16
2023-09-12,1050,132,81,73,55,51,18
2023-09-13,1050,105,92,93,35,13,58
2023-09-14,1050,133,77,61,44,56,17
2023-09-15,1050,122,80,79,40,42,39
2023-09-16,1050,121,89,75,44,32,31
2023-09-17,1050,112,94,61,46,18,15
2023-09-18,1050,146,66,58,39,80,19
2023-09-19,1050,146,90,58,40,56,18
2023-09-20,1050,121,86,96,42,35,54
2023-09-21,1050,116,70,85,42,46,43
2023-09-22,1050,113,83,80,29,30,51
2023-09-23,1050,108,84,56,40,24,16
2023-09-24,1050,105,77,51,31,28,20
2023-09-25,1050,101,75,100,41,26,59
2023-09-26,1050,116,72,55,42,44,13
2023-09-27,1050,105,78,81,45,27,36
2023-09-28,1050,107,84,62,40,23,22
2023-09-29,1050,150,88,51,43,62,8
2023-09-30,1050,140,80,79,35,60,44
2023-10-01,1050,145,92,86,31,53,55
2023-10-02,1050,110,78,64,35,32,29
2023-10-03,1050,128,89,86,38,39,48
2023-10-04,1050,143,79,70,45,64,25
2023-10-05,1050,133,75,60,46,58,14
2023-10-06,1050,113,86,72,41,27,31
2023-10-07,1050,137,83,75,42,54,33
2023-10-08,1050,143,69,70,28,74,42
2023-10-09,1050,118,96,50,23,22,27
2023-10-10,1050,145,70,100,38,75,62
2023-10-11,1050,129,88,100,41,41,59
2023-10-12,1050,140,78,62,32,62,30
2023-10-13,1050,142,81,61,39,61,22
2023-10-14,1050,141,82,77,29,59,48
2023-10-15,1050,148,82,93,32,66,61
2023-10-16,1050,123,73,83,38,50,45
2023-10-17,1050,122,83,97,44,39,53
2023-10-18,1050,133,81,62,39,52,23
2023-10-19,1050,112,80,60,41,32,19
2023-10-20,1050,109,82,95,35,27,60
2023-10-21,1050,131,88,71,50,43,21
2023-10-22,1050,141,86,65,49,55,16
2023-10-23,1050,131,80,69,38,51,31
2023-10-24,1050,143,76,95,35,67,60
2023-10-25,1050,105,101,80,39,4,41
2023-10-26,1050,125,82,60,21,43,39
2023-10-27,1050,118,88,80,39,30,41
2023-10-28,1050,111,67,93,50,44,43
2023-10-29,1050,145,77,78,40,68,38
2023-10-30,1050,118,88,92,34,30,58
2023-10-31,1050,130,77,95,45,53,50
2023-11-01,1050,124,91,59,41,33,18
2023-11-02,1050,144,83,65,41,61,24
2023-11-03,1050,114,64,94,37,50,57
2023-11-04,1050,127,80,51,32,47,19
2023-11-05,1050,135,74,60,38,61,22
2023-11-06,1050,120,75,55,40,45,15
2023-11-07,1050,105,97,97,33,8,64
2023-11-08,1050,137,79,56,49,58,7
2023-11-09,1050,113,83,64,37,30,27
2023-11-10,1050,113,76,76,58,37,18
2023-11-11,1050,116,84,75,45,32,30
2023-11-12,1050,124,103,93,42,21,51
2023-11-13,1050,147,74,63,43,73,20
2023-11-14,1050,114,80,76,35,34,41
2023-11-15,1050,136,74,98,32,62,66
2023-11-16,1050,146,73,80,41,73,39
2023-11-17,1050,113,89,96,46,24,50
2023-11-18,1050,139,76,73,52,63,21
2023-11-19,1050,118,66,94,25,52,69
2023-11-20,1050,129,84,69,32,45,37
2023-11-21,1050,121,61,71,39,60,32
2023-11-22,1050,111,83,89,36,28,53
2023-11-23,1050,148,83,94,53,65,41
2023-11-24,1050,139,73,66,35,66,31
2023-11-25,1050,142,89,68,43,53,25
2023-11-26,1050,129,71,78,37,58,41
2023-11-27,1050,105,76,69,36,29,33
2023-11-28,1050,142,82,86,35,60,51
2023-11-29,1050,109,87,72,47,22,25
2023-11-30,1050,124,76,59,44,48,15
2023-12-01,1050,150,72,70,39,78,31
2023-12-02,1050,108,77,57,40,31,17
2023-12-03,1050,138,95,64,39,43,25
2023-12-04,1050,139,75,52,41,64,11
2023-12-05,1050,106,69,87,29,37,58
2023-12-06,1050,107,91,92,42,16,50
2023-12-07,1050,131,94,90,37,37,53
2023-12-08,1050,127,68,65,46,59,19
2023-12-09,1050,139,68,53,44,71,9
2023-12-10,1050,122,86,59,51,36,8
2023-12-11,1050,102,64,66,33,38,33
2023-12-12,1050,137,66,57,45,71,12
2023-12-13,1050,133,72,63,46,61,17
2023-12-14,1050,118,88,78,33,30,45
2023-12-15,1050,120,95,52,36,25,16
2023-12-16,1050,125,80,97,37,45,60
2023-12-17,1050,122,66,89,37,56,52
2023-12-18,1050,104,80,65,42,24,23
2023-12-19,1050,144,74,50,47,70,3
2023-12-20,1050,110,67,65,35,43,30
2023-12-21,1050,142,68,52,44,74,8
2023-12-22,1050,103,82,59,41,21,18
2023-12-23,1050,114,69,92,51,45,41
2023-12-24,1050,121,82,89,37,39,52
2023-12-25,1050,111,78,63,36,33,27
2023-12-26,1050,141,76,69,34,65,35
2023-12-27,1050,104,68,65,44,36,21
2023-12-28,1050,111,72,71,38,39,33
2023-12-29,1050,146,85,66,38,61,28
2023-12-30,1050,105,82,69,39,23,30
2023-12-31,1050,124,90,72,43,34,29
2023-01-01,1051,130,87,91,41,43,50
2023-01-02,1051,149,85,97,49,64,48
2023-01-03,1051,118,73,64,30,45,34
2023-01-04,1051,130,81,76,47,49,29
2023-01-05,1051,121,86,86,53,35,33
2023-01-06,1051,111,82,91,37,29,54
2023-01-07,1051,137,81,65,28,56,37
2023-01-08,1051,137,86,86,44,51,42
2023-01-09,1051,144,70,72,38,74,34
2023-01-10,1051,107,78,95,40,29,55
2023-01-11,1051,148,71,58,40,77,18
2023-01-12,1051,130,75,89,42,55,47
2023-01-13,1051,114,78,88,45,36,43
2023-01-14,1051,143,64,71,36,79,35
2023-01-15,1051,107,81,93,41,26,52
2023-01-16,1051,139,82,94,42,57,52
2023-01-17,1051,112,77,75,40,35,35
2023-01-18,1051,146,82,87,36,64,51
2023-01-19,1051,150,98,78,37,52,41
2023-01-20,1051,145,94,70,38,51,32
2023-01-21,1051,109,87,85,39,22,46
2023-01-22,1051,128,69,76,38,59,38
2023-01-23,1051,101,86,61,42,15,19
2023-01-24,1051,133,89,54,34,44,20
2023-01-25,1051,113,84,79,37,29,42
2023-01-26,1051,102,76,93,56,26,37
2023-01-27,1051,149,80,95,35,69,60
2023-01-28,1051,100,67,52,35,33,17
2023-01-29,1051,148,79,100,41,69,59
2023-01-30,1051,126,86,97,44,40,53
2023-01-31,1051,137,70,61,39,67,22
2023-02-01,1051,101,101,72,39,0,33
2023-02-02,1051,133,88,87,33,45,54
2023-02-03,1051,128,81,60,37,47,23
2023-02-04,1051,136,89,66,41,47,25
2023-02-05,1051,119,86,50,46,33,4
2023-02-06,1051,102,76,52,40,26,12
2023-02-07,1051,129,83,73,46,46,27
2023-02-08,1051,131,78,77,39,53,38
2023-02-09,1051,143,88,100,43,55,57
2023-02-10,1051,140,90,69,38,50,31
2023-02-11,1051,127,83,99,52,44,47
2023-02-12,1051,107,102,86,47,5,39
2023-02-13,1051,130,68,94,36,62,58
2023-02-14,1051,110,68,86,38,42,48
2023-02-15,1051,117,74,60,40,43,20
2023-02-16,1051,110,99,57,50,11,7
2023-02-17,1051,125,78,89,58,47,31
2023-02-18,1051,111,87,81,38,24,43
2023-02-19,1051,111,77,65,48,34,17
2023-02-20,1051,144,63,60,47,81,13
2023-02-21,1051,110,65,75,40,45,35
2023-02-22,1051,115,81,64,40,34,24
2023-02-23,1051,150,74,65,39,76,26
2023-02-24,1051,100,70,91,38,30,53
2023-02-25,1051,141,79,71,43,62,28
2023-02-26,1051,137,82,69,35,55,34
2023-02-27,1051,113,83,57,48,30,9
2023-02-28,1051,109,88,61,39,21,22
2023-03-01,1051,102,90,100,47,12,53
2023-03-02,1051,106,73,61,34,33,27
2023-03-03,1051,135,68,76,35,67,41
2023-03-04,1051,129,70,52,58,59,-6
2023-03-05,1051,132,80,86,42,52,44
2023-03-06,1051,100,91,56,46,9,10
2023-03-07,1051,136,84,58,28,52,30
2023-03-08,1051,146,87,50,33,59,17
2023-03-09,1051,109,88,85,35,21,50
2023-03-10,1051,130,74,98,36,56,62
2023-03-11,1051,144,74,88,42,70,46
2023-03-12,1051,119,78,84,40,41,44
2023-03-13,1051,149,87,58,38,62,20
2023-03-14,1051,141,79,63,42,62,21
2023-03-15,1051,108,71,61,34,37,27
2023-03-16,1051,129,52,75,39,77,36
2023-03-17,1051,107,66,89,39,41,50
2023-03-18,1051,124,94,92,47,30,45
2023-03-19,1051,124,76,68,47,48,21
2023-03-20,1051,142,76,67,41,66,26
2023-03-21,1051,139,75,71,35,64,36
2023-03-22,1051,101,80,90,28,21,62
2023-03-23,1051,121,84,54,38,37,16
2023-03-24,1051,114,70,60,37,44,23
2023-03-25,1051,126,75,63,43,51,20
2023-03-26,1051,116,79,91,32,37,59
2023-03-27,1051,132,70,61,44,62,17
2023-03-28,1051,114,85,83,42,29,41
2023-03-29,1051,122,72,71,57,50,14
2023-03-30,1051,132,88,97,34,44,63
2023-03-31,1051,145,72,81,38,73,43
2023-04-01,1051,143,84,68,41,59,27
2023-04-02,1051,140,84,82,48,56,34
2023-04-03,1051,107,62,86,33,45,53
2023-04-04,1051,132,82,76,38,50,38
2023-04-05,1051,127,85,75,37,42,38
2023-04-06,1051,102,78,71,52,24,19
2023-04-07,1051,108,77,79,38,31,41
2023-04-08,1051,135,90,97,50,45,47
2023-04-09,1051,117,81,83,43,36,40
2023-04-10,1051,128,77,94,47,51,47
2023-04-11,1051,146,84,89,42,62,47
2023-04-12,1051,137,76,70,31,61,39
2023-04-13,1051,143,78,83,40,65,43
2023-04-14,1051,118,60,93,45,58,48
2023-04-15,1051,100,83,66,43,17,23
2023-04-16,1051,147,89,69,37,58,32
2023-04-17,1051,102,76,93,33,26,60
2023-04-18,1051,110,86,83,34,24,49
2023-04-19,1051,128,70,58,37,58,21
2023-04-20,1051,138,91,69,41,47,28
2023-04-21,1051,112,72,54,49,40,5
2023-04-22,1051,147,81,83,44,66,39
2023-04-23,1051,137,91,60,42,46,18
2023-04-24,1051,104,77,95,48,27,47
2023-04-25,1051,147,87,86,55,60,31
2023-04-26,1051,117,88,83,40,29,43
2023-04-27,1051,139,80,93,58,59,35
2023-04-28,1051,104,65,93,43,39,50
2023-04-29,1051,121,72,67,32,49,35
2023-04-30,1051,113,89,73,43,24,30
2023-05-01,1051,126,80,65,44,46,21
2023-05-02,1051,100,100,59,32,0,27
2023-05-03,1051,143,74,70,41,69,29
2023-05-04,1051,115,77,90,35,38,55
2023-05-05,1051,131,85,69,47,46,22
2023-05-06,1051,140,80,81,40,60,41
2023-05-07,1051,147,85,70,33,62,37
2023-05-08,1051,116,91,72,44,25,28
2023-05-09,1051,134,85,100,31,49,69
2023-05-10,1051,135,78,86,41,57,45
2023-05-11,1051,113,81,89,34,32,55
2023-05-12,1051,137,79,98,32,58,66
2023-05-13,1051,142,79,65,40,63,25
2023-05-14,1051,120,73,99,44,47,55
2023-05-15,1051,135,90,66,39,45,27
2023-05-16,1051,122,75,82,46,47,36
2023-05-17,1051,127,74,96,30,53,66
2023-05-18,1051,133,72,70,32,61,38
2023-05-19,1051,117,72,85,30,45,55
2023-05-20,1051,145,74,72,37,71,35
2023-05-21,1051,128,71,93,45,57,48
2023-05-22,1051,114,86,74,35,28,39
2023-05-23,1051,103,74,98,40,29,58
2023-05-24,1051,135,87,75,44,48,31
2023-05-25,1051,104,83,80,37,21,43
2023-05-26,1051,138,89,99,38,49,61
2023-05-27,1051,139,68,68,42,71,26
2023-05-28,1051,133,84,55,41,49,14
2023-05-29,1051,128,78,92,53,50,39
2023-05-30,1051,109,76,94,36,33,58
2023-05-31,1051,143,77,60,45,66,15
2023-06-01,1051,122,76,66,36,46,30
2023-06-02,1051,108,95,66,55,13,11
2023-06-03,1051,106,87,94,46,19,48
2023-06-04,1051,110,80,84,33,30,51
2023-06-05,1051,142,83,91,40,59,51
2023-06-06,1051,132,71,53,38,61,15
2023-06-07,1051,109,78,68,39,31,29
2023-06-08,1051,146,69,90,36,77,54
2023-06-09,1051,147,73,87,59,74,28
2023-06-10,1051,136,90,92,30,46,62
2023-06-11,1051,110,83,77,42,27,35
2023-06-12,1051,142,79,55,40,63,15
2023-06-13,1051,126,99,98,34,27,64
2023-06-14,1051,125,78,86,43,47,43
2023-06-15,1051,130,80,71,43,50,28
2023-06-16,1051,108,80,74,58,28,16
2023-06-17,1051,142,93,96,31,49,65
2023-06-18,1051,102,80,93,47,22,46
2023-06-19,1051,147,87,94,39,60,55
2023-06-20,1051,119,73,65,32,46,33
2023-06-21,1051,134,89,87,59,45,28
2023-06-22,1051,116,85,90,38,31,52
2023-06-23,1051,102,78,92,45,24,47
2023-06-24,1051,126,82,55,36,44,19
2023-06-25,1051,113,76,65,39,37,26
2023-06-26,1051,124,78,97,49,46,48
2023-06-27,1051,122,81,82,51,41,31
2023-06-28,1051,136,83,77,36,53,41
2023-06-29,1051,122,80,72,34,42,38
2023-06-30,1051,112,74,75,40,38,35
2023-07-01,1051,146,71,67,40,75,27
2023-07-02,1051,143,74,70,36,69,34
2023-07-03,1051,102,78,83,40,24,43
2023-07-04,1051,118,68,57,37,50,20
2023-07-05,1051,118,81,52,34,37,18
2023-07-06,1051,149,67,64,36,82,28
2023-07-07,1051,150,89,90,35,61,55
2023-07-08,1051,109,71,50,42,38,8
2023-07-09,1051,132,92,89,29,40,60
2023-07-10,1051,108,73,52,38,35,14
2023-07-11,1051,110,88,74,40,22,34
2023-07-12,1051,144,94,86,52,50,34
2023-07-13,1051,147,73,94,41,74,53
2023-07-14,1051,132,67,93,35,65,58
2023-07-15,1051,120,78,93,40,42,53
2023-07-16,1051,122,81,86,50,41,36
2023-07-17,1051,112,107,70,40,5,30
2023-07-18,1051,128,71,81,36,57,45
2023-07-19,1051,108,87,60,42,21,18
2023-07-20,1051,130,81,96,41,49,55
2023-07-21,1051,125,74,60,51,51,9
2023-07-22,1051,116,79,87,40,37,47
2023-07-23,1051,129,70,67,49,59,18
2023-07-24,1051,135,74,55,41,61,14
2023-07-25,1051,116,90,55,37,26,18
2023-07-26,1051,139,89,76,30,50,46
2023-07-27,1051,140,53,52,42,87,10
2023-07-28,1051,105,73,88,45,32,43
2023-07-29,1051,145,51,90,44,94,46
2023-07-30,1051,150,81,76,35,69,41
2023-07-31,1051,105,69,74,44,36,30
2023-08-01,1051,120,90,88,46,30,42
2023-08-02,1051,134,76,95,37,58,58
2023-08-03,1051,102,72,88,40,30,48
2023-08-04,1051,128,81,67,42,47,25
2023-08-05,1051,137,72,90,35,65,55
2023-08-06,1051,120,98,92,41,22,51
2023-08-07,1051,102,87,52,39,15,13
2023-08-08,1051,108,79,56,39,29,17
2023-08-09,1051,129,88,80,46,41,34
2023-08-10,1051,133,79,81,31,54,50
2023-08-11,1051,137,62,61,37,75,24
2023-08-12,1051,135,70,80,34,65,46
2023-08-13,1051,118,71,99,41,47,58
2023-08-14,1051,147,88,86,39,59,47
2023-08-15,1051,129,87,73,47,42,26
2023-08-16,1051,145,66,67,49,79,18
2023-08-17,1051,129,85,91,42,44,49
2023-08-18,1051,132,70,59,62,62,-3
2023-08-19,1051,129,67,72,45,62,27
2023-08-20,1051,132,86,92,49,46,43
2023-08-21,1051,123,92,86,46,31,40
2023-08-22,1051,112,78,81,47,34,34
2023-08-23,1051,142,66,71,46,76,25
2023-08-24,1051,148,80,74,41,68,33
2023-08-25,1051,127,76,64,42,51,22
2023-08-26,1051,111,76,72,43,35,29
2023-08-27,1051,136,77,97,22,59,75
2023-08-28,1051,104,84,64,38,20,26
2023-08-29,1051,121,83,66,40,38,26
2023-08-30,1051,126,81,76,35,45,41
2023-08-31,1051,115,81,68,49,34,19
2023-09-01,1051,139,74,53,45,65,8
2023-09-02,1051,150,84,67,38,66,29
2023-09-03,1051,108,69,85,47,39,38
2023-09-04,1051,118,82,76,38,36,38
2023-09-05,1051,129,82,64,39,47,25
2023-09-06,1051,139,81,53,46,58,7
2023-09-07,1051,134,84,53,35,50,18
2023-09-08,1051,130,81,100,39,49,61
2023-09-09,1051,101,92,88,47,9,41
2023-09-10,1051,137,95,59,41,42,18
2023-09-11,1051,100,64,98,35,36,63
2023-09-12,1051,125,87,63,40,38,23
2023-09-13,1051,129,80,72,49,49,23
2023-09-14,1051,127,90,61,39,37,22
2023-09-15,1051,131,75,90,37,56,53
2023-09-16,1051,113,72,76,44,41,32
2023-09-17,1051,132,79,51,43,53,8
2023-09-18,1051,114,93,59,38,21,21
2023-09-19,1051,129,81,84,46,48,38
2023-09-20,1051,147,86,59,40,61,19
2023-09-21,1051,121,67,69,36,54,33
2023-09-22,1051,128,77,79,40,51,39
2023-09-23,1051,110,89,83,38,21,45
2023-09-24,1051,107,77,81,38,30,43
2023-09-25,1051,132,72,68,46,60,22
2023-09-26,1051,132,79,62,34,53,28
2023-09-27,1051,147,59,79,45,88,34
2023-09-28,1051,108,75,78,32,33,46
2023-09-29,1051,119,74,100,49,45,51
2023-09-30,1051,124,77,67,38,47,29
2023-10-01,1051,137,83,80,42,54,38
2023-10-02,1051,100,87,55,40,13,15
2023-10-03,1051,105,75,90,44,30,46
2023-10-04,1051,150,82,69,21,68,48
2023-10-05,1051,120,99,55,30,21,25
2023-10-06,1051,120,71,67,39,49,28
2023-10-07,1051,129,81,61,40,48,21
2023-10-08,1051,140,91,94,50,49,44
2023-10-09,1051,138,79,99,34,59,65
2023-10-10,1051,149,66,54,51,83,3
2023-10-11,1051,148,86,75,42,62,33
2023-10-12,1051,132,82,52,44,50,8
2023-10-13,1051,132,92,58,31,40,27
2023-10-14,1051,130,69,88,58,61,30
2023-10-15,1051,126,71,90,39,55,51
2023-10-16,1051,131,79,64,35,52,29
2023-10-17,1051,137,91,82,35,46,47
2023-10-18,1051,149,93,56,43,56,13
2023-10-19,1051,101,78,66,47,23,19
2023-10-20,1051,113,86,85,46,27,39
2023-10-21,1051,125,89,56,46,36,10
2023-10-22,1051,132,95,74,47,37,27
2023-10-23,1051,121,82,92,40,39,52
2023-10-24,1051,113,85,50,40,28,10
2023-10-25,1051,115,75,57,44,40,13
2023-10-26,1051,124,83,66,39,41,27
2023-10-27,1051,120,72,98,47,48,51
2023-10-28,1051,126,82,92,41,44,51
2023-10-29,1051,122,85,61,51,37,10
2023-10-30,1051,116,77,64,41,39,23
2023-10-31,1051,141,75,58,34,66,24
2023-11-01,1051,118,72,100,41,46,59
2023-11-02,1051,123,75,62,31,48,31
2023-11-03,1051,143,81,91,31,62,60
2023-11-04,1051,112,65,78,40,47,38
2023-11-05,1051,103,81,51,44,22,7
2023-11-06,1051,119,81,51,46,38,5
2023-11-07,1051,141,76,72,51,65,21
2023-11-08,1051,144,92,81,39,52,42
2023-11-09,1051,115,82,68,50,33,18
2023-11-10,1051,129,92,52,41,37,11
2023-11-11,1051,100,94,85,49,6,36
2023-11-12,1051,126,75,95,47,51,48
2023-11-13,1051,150,84,50,32,66,18
2023-11-14,1051,132,77,88,47,55,41
2023-11-15,1051,144,81,76,36,63,40
2023-11-16,1051,101,87,85,47,14,38
2023-11-17,1051,150,81,95,38,69,57
2023-11-18,1051,149,71,80,42,78,38
2023-11-19,1051,140,85,69,54,55,15
2023-11-20,1051,111,75,79,36,36,43
2023-11-21,1051,142,73,82,45,69,37
2023-11-22,1051,124,83,98,37,41,61
2023-11-23,1051,118,86,82,42,32,40
2023-11-24,1051,109,81,83,52,28,31
2023-11-25,1051,116,100,52,37,16,15
2023-11-26,1051,121,79,67,40,42,27
2023-11-27,1051,130,93,97,40,37,57
2023-11-28,1051,113,86,59,38,27,21
2023-11-29,1051,138,70,70,43,68,27
2023-11-30,1051,117,59,90,41,58,49
2023-12-01,1051,144,81,68,39,63,29
2023-12-02,1051,136,93,54,44,43,10
2023-12-03,1051,136,87,61,38,49,23
2023-12-04,1051,115,71,86,42,44,44
2023-12-05,1051,150,81,70,42,69,28
2023-12-06,1051,131,76,67,32,55,35
2023-12-07,1051,103,86,53,48,17,5
2023-12-08,1051,150,85,71,40,65,31
2023-12-09,1051,110,67,68,38,43,30
2023-12-10,1051,139,89,67,41,50,26
2023-12-11,1051,136,77,68,34,59,34
2023-12-12,1051,149,77,90,46,72,44
2023-12-13,1051,110,75,96,40,35,56
2023-12-14,1051,129,79,84,44,50,40
2023-12-15,1051,127,86,73,42,41,31
2023-12-16,1051,135,78,54,50,57,4
2023-12-17,1051,127,77,96,30,50,66
2023-12-18,1051,107,79,95,44,28,51
2023-12-19,1051,120,75,91,45,45,46
2023-12-20,1051,135,69,81,43,66,38
2023-12-21,1051,133,86,78,40,47,38
2023-12-22,1051,148,81,79,42,67,37
2023-12-23,1051,139,84,71,27,55,44
2023-12-24,1051,107,95,66,32,12,34
2023-12-25,1051,136,76,97,32,60,65
2023-12-26,1051,134,77,58,44,57,14
2023-12-27,1051,114,90,89,50,24,39
2023-12-28,1051,109,89,89,36,20,53
2023-12-29,1051,129,96,61,39,33,22
2023-12-30,1051,118,85,100,42,33,58
2023-12-31,1051,135,64,63,30,71,33
2023-01-01,1052,147,95,58,36,52,22
2023-01-02,1052,121,79,50,48,42,2
2023-01-03,1052,111,89,64,53,22,11
2023-01-04,1052,111,62,71,37,49,34
2023-01-05,1052,129,78,58,37,51,21
2023-01-06,1052,105,61,93,26,44,67
2023-01-07,1052,109,86,64,33,23,31
2023-01-08,1052,126,85,71,47,41,24
2023-01-09,1052,109,89,98,34,20,64
2023-01-10,1052,143,79,92,37,64,55
2023-01-11,1052,135,68,99,37,67,62
2023-01-12,1052,108,78,97,27,30,70
2023-01-13,1052,147,94,77,46,53,31
2023-01-14,1052,117,89,59,32,28,27
2023-01-15,1052,124,81,62,36,43,26
2023-01-16,1052,102,87,63,47,15,16
2023-01-17,1052,109,90,52,49,19,3
2023-01-18,1052,149,94,83,36,55,47
2023-01-19,1052,124,90,58,41,34,17
2023-01-20,1052,147,68,69,36,79,33
2023-01-21,1052,115,66,52,45,49,7
2023-01-22,1052,150,85,72,47,65,25
2023-01-23,1052,119,79,83,33,40,50
2023-01-24,1052,103,68,68,53,35,15
2023-01-25,1052,135,76,88,40,59,48
2023-01-26,1052,100,89,81,50,11,31
2023-01-27,1052,105,62,78,40,43,38
2023-01-28,1052,130,92,94,51,38,43
2023-01-29,1052,116,76,58,43,40,15
2023-01-30,1052,136,72,53,37,64,16
2023-01-31,1052,135,95,99,30,40,69
2023-02-01,1052,122,87,56,32,35,24
2023-02-02,1052,124,73,52,45,51,7
2023-02-03,1052,103,84,71,40,19,31
2023-02-04,1052,141,68,52,34,73,18
2023-02-05,1052,104,78,92,29,26,63
2023-02-06,1052,113,75,81,38,38,43
2023-02-07,1052,129,75,65,39,54,26
2023-02-08,1052,107,77,61,41,30,20
2023-02-09,1052,108,72,100,31,36,69
2023-02-10,1052,146,88,80,36,58,44
2023-02-11,1052,141,103,74,51,38,23
2023-02-12,1052,101,77,55,41,24,14
2023-02-13,1052,105,85,69,32,20,37
2023-02-14,1052,105,87,79,40,18,39
2023-02-15,1052,131,76,85,33,55,52
2023-02-16,1052,144,81,59,40,63,19
2023-02-17,1052,120,66,71,39,54,32
2023-02-18,1052,110,78,57,31,32,26
2023-02-19,1052,123,68,81,46,55,35
2023-02-20,1052,137,73,64,31,64,33
2023-02-21,1052,118,83,78,41,35,37
2023-02-22,1052,107,72,70,37,35,33
2023-02-23,1052,130,81,90,40,49,50
2023-02-24,1052,143,87,65,51,56,14
2023-02-25,1052,137,97,83,43,40,40
2023-02-26,1052,113,70,93,45,43,48
2023-02-27,1052,145,96,78,38,49,40
2023-02-28,1052,114,81,82,44,33,38
2023-03-01,1052,128,83,90,35,45,55
2023-03-02,1052,105,54,51,41,51,10
2023-03-03,1052,128,87,79,46,41,33
2023-03-04,1052,113,85,64,39,28,25
2023-03-05,1052,119,73,50,43,46,7
2023-03-06,1052,125,78,52,40,47,12
2023-03-07,1052,138,80,96,40,58,56
2023-03-08,1052,138,100,75,42,38,33
2023-03-09,1052,123,93,76,41,30,35
2023-03-10,1052,104,74,63,51,30,12
2023-03-11,1052,145,71,57,48,74,9
2023-03-12,1052,146,68,51,41,78,10
2023-03-13,1052,120,84,59,36,36,23
2023-03-14,1052,143,86,54,46,57,8
2023-03-15,1052,127,80,88,50,47,38
2023-03-16,1052,136,80,62,35,56,27
2023-03-17,1052,127,76,50,44,51,6
2023-03-18,1052,139,84,71,32,55,39
2023-03-19,1052,121,64,93,48,57,45
2023-03-20,1052,107,94,75,36,13,39
2023-03-21,1052,122,76,90,45,46,45
2023-03-22,1052,150,89,79,51,61,28
2023-03-23,1052,131,89,70,38,42,32
2023-03-24,1052,137,73,61,57,64,4
2023-03-25,1052,131,82,79,45,49,34
2023-03-26,1052,112,75,74,40,37,34
2023-03-27,1052,107,83,95,46,24,49
2023-03-28,1052,117,71,91,33,46,58
2023-03-29,1052,113,88,91,52,25,39
2023-03-30,1052,144,74,50,38,70,12
2023-03-31,1052,145,78,72,41,67,31
2023-04-01,1052,120,80,93,44,40,49
2023-04-02,1052,121,92,60,42,29,18
2023-04-03,1052,112,89,93,45,23,48
2023-04-04,1052,109,87,50,38,22,12
2023-04-05,1052,105,81,96,47,24,49
2023-04-06,1052,131,89,71,53,42,18
2023-04-07,1052,134,80,57,49,54,8
2023-04-08,1052,122,92,66,44,30,22
2023-04-09,1052,100,68,51,38,32,13
2023-04-10,1052,117,84,52,40,33,12
2023-04-11,1052,142,77,65,44,65,21
2023-04-12,1052,132,79,80,41,53,39
2023-04-13,1052,113,85,68,40,28,28
2023-04-14,1052,119,85,70,38,34,32
2023-04-15,1052,129,87,99,49,42,50
2023-04-16,1052,100,69,60,37,31,23
2023-04-17,1052,111,82,52,35,29,17
2023-04-18,1052,108,85,68,48,23,20
2023-04-19,1052,133,107,55,49,26,6
2023-04-20,1052,123,76,51,48,47,3
2023-04-21,1052,119,77,60,32,42,28
2023-04-22,1052,130,86,73,53,44,20
2023-04-23,1052,117,70,53,43,47,10
2023-04-24,1052,125,67,91,39,58,52
2023-04-25,1052,120,79,60,46,41,14
2023-04-26,1052,138,73,93,40,65,53
2023-04-27,1052,118,75,73,35,43,38
2023-04-28,1052,107,80,53,37,27,16
2023-04-29,1052,122,82,94,41,40,53
2023-04-30,1052,105,86,50,33,19,17
2023-05-01,1052,121,73,93,51,48,42
2023-05-02,1052,110,79,82,42,31,40
2023-05-03,1052,144,91,74,42,53,32
2023-05-04,1052,128,93,87,33,35,54
2023-05-05,1052,145,91,72,38,54,34
2023-05-06,1052,118,86,63,41,32,22
2023-05-07,1052,140,65,62,41,75,21
2023-05-08,1052,125,96,53,33,29,20
2023-05-09,1052,134,83,99,34,51,65
2023-05-10,1052,115,96,77,38,19,39
2023-05-11,1052,126,81,63,48,45,15
2023-05-12,1052,147,86,55,39,61,16
2023-05-13,1052,115,83,86,43,32,43
2023-05-14,1052,103,94,94,43,9,51
2023-05-15,1052,136,67,99,47,69,52
2023-05-16,1052,144,77,96,37,67,59
2023-05-17,1052,135,79,89,33,56,56
2023-05-18,1052,125,98,81,46,27,35
2023-05-19,1052,104,74,90,38,30,52
2023-05-20,1052,145,77,85,46,68,39
2023-05-21,1052,100,80,63,54,20,9
2023-05-22,1052,132,81,52,31,51,21
2023-05-23,1052,120,81,53,40,39,13
2023-05-24,1052,150,73,75,45,77,30
2023-05-25,1052,121,71,71,43,50,28
2023-05-26,1052,109,80,70,48,29,22
2023-05-27,1052,110,64,93,28,46,65
2023-05-28,1052,113,69,53,41,44,12
2023-05-29,1052,134,88,92,35,46,57
2023-05-30,1052,142,65,91,40,77,51
2023-05-31,1052,115,78,67,36,37,31
2023-06-01,1052,103,78,90,40,25,50
2023-06-02,1052,112,75,72,33,37,39
2023-06-03,1052,114,82,86,36,32,50
2023-06-04,1052,113,77,61,44,36,17
2023-06-05,1052,132,105,71,48,27,23
2023-06-06,1052,122,83,95,52,39,43
2023-06-07,1052,114,83,84,33,31,51
2023-06-08,1052,129,76,65,40,53,25
2023-06-09,1052,110,90,55,32,20,23
2023-06-10,1052,144,64,73,29,80,44
2023-06-11,1052,145,87,97,39,58,58
2023-06-12,1052,142,85,94,38,57,56
2023-06-13,1052,109,77,67,33,32,34
2023-06-14,1052,107,78,69,36,29,33
2023-06-15,1052,111,65,99,42,46,57
2023-06-16,1052,127,75,100,36,52,64
2023-06-17,1052,100,74,64,36,26,28
2023-06-18,1052,106,70,78,43,36,35
2023-06-19,1052,150,95,68,31,55,37
2023-06-20,1052,134,77,70,40,57,30
2023-06-21,1052,123,73,67,43,50,24
2023-06-22,1052,111,81,74,37,30,37
2023-06-23,1052,120,82,55,35,38,20
2023-06-24,1052,101,79,84,37,22,47
2023-06-25,1052,106,75,76,35,31,41
2023-06-26,1052,104,75,68,27,29,41
2023-06-27,1052,118,84,72,38,34,34
2023-06-28,1052,114,88,77,34,26,43
2023-06-29,1052,147,86,67,50,61,17
2023-06-30,1052,123,89,80,38,34,42
2023-07-01,1052,142,73,55,40,69,15
2023-07-02,1052,122,83,77,30,39,47
2023-07-03,1052,135,98,66,41,37,25
2023-07-04,1052,139,71,96,42,68,54
2023-07-05,1052,102,76,98,35,26,63
2023-07-06,1052,134,94,94,42,40,52
2023-07-07,1052,138,81,85,37,57,48
2023-07-08,1052,112,106,81,48,6,33
2023-07-09,1052,150,69,54,33,81,21
2023-07-10,1052,133,90,91,46,43,45
2023-07-11,1052,133,82,99,50,51,49
2023-07-12,1052,118,73,78,37,45,41
2023-07-13,1052,133,79,92,44,54,48
2023-07-14,1052,100,72,60,39,28,21
2023-07-15,1052,114,83,97,34,31,63
2023-07-16,1052,146,98,54,39,48,15
2023-07-17,1052,143,86,91,43,57,48
2023-07-18,1052,103,80,73,47,23,26
2023-07-19,1052,124,65,61,47,59,14
2023-07-20,1052,121,101,85,24,20,61
2023-07-21,1052,149,82,50,45,67,5
2023-07-22,1052,136,83,57,56,53,1
2023-07-23,1052,135,73,86,33,62,53
2023-07-24,1052,149,84,79,32,65,47
2023-07-25,1052,106,75,95,47,31,48
2023-07-26,1052,141,85,69,38,56,31
2023-07-27,1052,113,77,86,31,36,55
2023-07-28,1052,110,96,78,50,14,28
2023-07-29,1052,111,60,97,46,51,51
2023-07-30,1052,118,85,94,43,33,51
2023-07-31,1052,115,77,85,44,38,41
2023-08-01,1052,132,82,55,44,50,11
2023-08-02,1052,118,77,63,37,41,26
2023-08-03,1052,145,78,100,32,67,68
2023-08-04,1052,147,71,56,49,76,7
2023-08-05,1052,143,80,83,40,63,43
2023-08-06,1052,132,72,57,39,60,18
2023-08-07,1052,145,82,93,35,63,58
2023-08-08,1052,140,82,50,40,58,10
2023-08-09,1052,120,88,86,41,32,45
2023-08-10,1052,122,72,80,38,50,42
2023-08-11,1052,111,79,99,34,32,65
2023-08-12,1052,121,56,88,47,65,41
2023-08-13,1052,150,83,63,29,67,34
2023-08-14,1052,108,78,74,36,30,38
2023-08-15,1052,135,78,57,36,57,21
2023-08-16,1052,134,92,87,33,42,54
2023-08-17,1052,136,92,60,41,44,19
2023-08-18,1052,125,94,92,44,31,48
2023-08-19,1052,150,77,63,42,73,21
2023-08-20,1052,136,71,96,37,65,59
2023-08-21,1052,135,99,65,40,36,25
2023-08-22,1052,116,75,75,45,41,30
2023-08-23,1052,115,67,95,33,48,62
2023-08-24,1052,120,76,100,41,44,59
2023-08-25,1052,127,94,84,41,33,43
2023-08-26,1052,133,76,76,43,57,33
2023-08-27,1052,106,79,99,40,27,59
2023-08-28,1052,145,94,88,29,51,59
2023-08-29,1052,147,88,95,40,59,55
2023-08-30,1052,135,88,78,47,47,31
2023-08-31,1052,119,80,63,41,39,22
2023-09-01,1052,138,74,61,31,64,30
2023-09-02,1052,126,63,98,37,63,61
2023-09-03,1052,118,89,54,30,29,24
2023-09-04,1052,117,72,87,50,45,37
2023-09-05,1052,103,77,69,37,26,32
2023-09-06,1052,145,86,53,44,59,9
2023-09-07,1052,118,78,63,53,40,10
2023-09-08,1052,120,76,78,31,44,47
2023-09-09,1052,120,79,82,36,41,46
2023-09-10,1052,139,90,72,28,49,44
2023-09-11,1052,139,81,80,34,58,46
2023-09-12,1052,142,90,52,32,52,20
2023-09-13,1052,136,83,91,40,53,51
2023-09-14,1052,149,78,99,44,71,55
2023-09-15,1052,140,92,84,52,48,32
2023-09-16,1052,110,81,68,48,29,20
2023-09-17,1052,143,96,70,43,47,27
2023-09-18,1052,118,80,52,49,38,3
2023-09-19,1052,125,70,60,41,55,19
2023-09-20,1052,106,81,55,36,25,19
2023-09-21,1052,122,83,82,41,39,41
2023-09-22,1052,112,74,57,46,38,11
2023-09-23,1052,124,68,97,50,56,47
2023-09-24,1052,149,70,82,46,79,36
2023-09-25,1052,121,91,88,52,30,36
2023-09-26,1052,148,78,70,35,70,35
2023-09-27,1052,111,90,60,44,21,16
2023-09-28,1052,120,65,74,46,55,28
2023-09-29,1052,148,88,56,36,60,20
2023-09-30,1052,120,93,63,46,27,17
2023-10-01,1052,137,75,86,33,62,53
2023-10-02,1052,128,91,88,37,37,51
2023-10-03,1052,115,85,60,40,30,20
2023-10-04,1052,123,87,75,28,36,47
2023-10-05,1052,128,92,53,54,36,-1
2023-10-06,1052,104,79,78,36,25,42
2023-10-07,1052,141,70,78,31,71,47
2023-10-08,1052,108,79,54,46,29,8
2023-10-09,1052,108,71,95,45,37,50
2023-10-10,1052,139,80,60,39,59,21
2023-10-11,1052,132,87,94,39,45,55
2023-10-12,1052,138,80,96,44,58,52
2023-10-13,1052,143,87,84,36,56,48
2023-10-14,1052,112,80,56,41,32,15
2023-10-15,1052,127,71,71,39,56,32
2023-10-16,1052,149,83,51,46,66,5
2023-10-17,1052,117,80,67,30,37,37
2023-10-18,1052,101,92,54,46,9,8
2023-10-19,1052,117,85,89,43,32,46
2023-10-20,1052,145,84,83,33,61,50
2023-10-21,1052,129,77,54,44,52,10
2023-10-22,1052,148,81,84,40,67,44
2023-10-23,1052,140,98,77,47,42,30
2023-10-24,1052,135,71,57,36,64,21
2023-10-25,1052,141,80,55,44,61,11
2023-10-26,1052,123,81,86,42,42,44
2023-10-27,1052,110,97,59,38,13,21
2023-10-28,1052,146,75,54,31,71,23
2023-10-29,1052,131,77,70,42,54,28
2023-10-30,1052,138,94,98,40,44,58
2023-10-31,1052,128,85,90,34,43,56
2023-11-01,1052,138,83,55,34,55,21
2023-11-02,1052,141,89,60,37,52,23
2023-11-03,1052,104,67,92,46,37,46
2023-11-04,1052,117,78,87,34,39,53
2023-11-05,1052,141,79,61,36,62,25
2023-11-06,1052,134,92,69,38,42,31
2023-11-07,1052,147,90,98,29,57,69
2023-11-08,1052,142,77,54,50,65,4
2023-11-09,1052,119,83,50,44,36,6
2023-11-10,1052,100,89,70,41,11,29
2023-11-11,1052,124,72,54,50,52,4
2023-11-12,1052,137,79,69,46,58,23
2023-11-13,1052,106,78,70,33,28,37
2023-11-14,1052,111,81,93,36,30,57
2023-11-15,1052,132,77,55,48,55,7
2023-11-16,1052,104,73,56,45,31,11
2023-11-17,1052,134,82,85,38,52,47
2023-11-18,1052,130,62,94,46,68,48
2023-11-19,1052,122,75,58,42,47,16
2023-11-20,1052,112,81,55,42,31,13
2023-11-21,1052,138,87,83,40,51,43
2023-11-22,1052,149,82,59,44,67,15
2023-11-23,1052,137,86,62,36,51,26
2023-11-24,1052,100,77,97,42,23,55
2023-11-25,1052,125,84,74,35,41,39
2023-11-26,1052,135,63,68,53,72,15
2023-11-27,1052,138,75,95,42,63,53
2023-11-28,1052,135,76,64,37,59,27
2023-11-29,1052,127,67,89,48,60,41
2023-11-30,1052,143,73,99,37,70,62
2023-12-01,1052,127,77,83,47,50,36
2023-12-02,1052,150,80,66,40,70,26
2023-12-03,1052,125,75,72,35,50,37
2023-12-04,1052,147,79,53,46,68,7
2023-12-05,1052,130,81,96,42,49,54
2023-12-06,1052,138,83,81,37,55,44
2023-12-07,1052,126,89,74,41,37,33
2023-12-08,1052,111,82,88,32,29,56
2023-12-09,1052,135,70,85,49,65,36
2023-12-10,1052,130,82,60,42,48,18
2023-12-11,1052,130,83,65,43,47,22
2023-12-12,1052,110,82,87,39,28,48
2023-12-13,1052,102,83,88,41,19,47
2023-12-14,1052,115,80,89,44,35,45
2023-12-15,1052,113,74,80,35,39,45
2023-12-16,1052,128,69,52,25,59,27
2023-12-17,1052,106,80,62,38,26,24
2023-12-18,1052,111,78,63,45,33,18
2023-12-19,1052,150,84,95,28,66,67
2023-12-20,1052,122,76,99,31,46,68
2023-12-21,1052,119,82,97,44,37,53
2023-12-22,1052,140,62,75,41,78,34
2023-12-23,1052,117,96,89,40,21,49
2023-12-24,1052,125,84,67,41,41,26
2023-12-25,1052,126,73,75,31,53,44
2023-12-26,1052,101,70,78,36,31,42
2023-12-27,1052,107,78,76,29,29,47
2023-12-28,1052,118,76,92,36,42,56
2023-12-29,1052,137,94,87,42,43,45
2023-12-30,1052,133,73,59,40,60,19
2023-12-31,1052,108,91,57,43,17,14
2023-01-01,1053,141,67,73,44,74,29
2023-01-02,1053,120,74,76,31,46,45
2023-01-03,1053,131,76,53,40,55,13
2023-01-04,1053,132,83,88,35,49,53
2023-01-05,1053,113,75,99,48,38,51
2023-01-06,1053,123,79,66,51,44,15
2023-01-07,1053,139,68,72,43,71,29
2023-01-08,1053,115,77,85,43,38,42
2023-01-09,1053,129,78,50,32,51,18
2023-01-10,1053,112,74,73,36,38,37
2023-01-11,1053,138,85,85,32,53,53
2023-01-12,1053,138,75,84,45,63,39
2023-01-13,1053,135,95,98,31,40,67
2023-01-14,1053,100,82,97,40,18,57
2023-01-15,1053,133,78,68,48,55,20
2023-01-16,1053,140,89,53,29,51,24
2023-01-17,1053,121,81,74,37,40,37
2023-01-18,1053,141,62,69,37,79,32
2023-01-19,1053,123,76,81,39,47,42
2023-01-20,1053,141,72,95,32,69,63
2023-01-21,1053,139,82,54,35,57,19
2023-01-22,1053,126,81,95,33,45,62
2023-01-23,1053,103,72,57,42,31,15
2023-01-24,1053,134,75,57,32,59,25
2023-01-25,1053,148,100,57,39,48,18
2023-01-26,1053,100,74,71,49,26,22
2023-01-27,1053,104,80,60,37,24,23
2023-01-28,1053,136,86,94,39,50,55
2023-01-29,1053,115,83,51,41,32,10
2023-01-30,1053,135,86,100,52,49,48
2023-01-31,1053,136,75,54,44,61,10
2023-02-01,1053,116,95,61,52,21,9
2023-02-02,1053,140,76,75,46,64,29
2023-02-03,1053,126,87,58,40,39,18
2023-02-04,1053,123,74,99,40,49,59
2023-02-05,1053,136,81,91,36,55,55
2023-02-06,1053,138,89,55,50,49,5
2023-02-07,1053,132,75,74,43,57,31
2023-02-08,1053,126,80,75,31,46,44
2023-02-09,1053,128,80,97,33,48,64
2023-02-10,1053,142,88,91,46,54,45
2023-02-11,1053,130,89,60,46,41,14
2023-02-12,1053,120,60,92,49,60,43
2023-02-13,1053,100,95,72,50,5,22
2023-02-14,1053,125,77,89,48,48,41
2023-02-15,1053,143,106,67,40,37,27
2023-02-16,1053,129,98,79,36,31,43
2023-02-17,1053,128,82,65,46,46,19
2023-02-18,1053,105,74,63,40,31,23
2023-02-19,1053,123,92,51,33,31,18
2023-02-20,1053,142,72,52,48,70,4
2023-02-21,1053,149,81,94,40,68,54
2023-02-22,1053,131,93,53,45,38,8
2023-02-23,1053,103,89,69,46,14,23
2023-02-24,1053,144,61,70,31,83,39
2023-02-25,1053,144,84,66,43,60,23
2023-02-26,1053,150,84,90,38,66,52
2023-02-27,1053,145,74,75,34,71,41
2023-02-28,1053,105,77,56,36,28,20
2023-03-01,1053,140,65,87,40,75,47
2023-03-02,1053,111,83,54,28,28,26
2023-03-03,1053,144,98,61,45,46,16
2023-03-04,1053,103,80,66,46,23,20
2023-03-05,1053,128,77,52,46,51,6
2023-03-06,1053,136,71,95,37,65,58
2023-03-07,1053,117,80,100,44,37,56
2023-03-08,1053,129,73,91,37,56,54
2023-03-09,1053,134,73,94,41,61,53
2023-03-10,1053,132,88,60,32,44,28
2023-03-11,1053,109,68,99,45,41,54
2023-03-12,1053,110,89,72,36,21,36
2023-03-13,1053,141,105,88,50,36,38
2023-03-14,1053,116,79,97,50,37,47
2023-03-15,1053,120,73,59,41,47,18
2023-03-16,1053,141,77,92,35,64,57
2023-03-17,1053,109,89,80,42,20,38
2023-03-18,1053,140,85,72,44,55,28
2023-03-19,1053,137,74,61,39,63,22
2023-03-20,1053,126,78,82,40,48,42
2023-03-21,1053,109,72,90,36,37,54
2023-03-22,1053,100,96,93,40,4,53
2023-03-23,1053,119,77,97,34,42,63
2023-03-24,1053,124,86,89,40,38,49
2023-03-25,1053,138,71,97,52,67,45
2023-03-26,1053,117,87,58,42,30,16
2023-03-27,1053,109,70,67,44,39,23
2023-03-28,1053,109,75,70,39,34,31
2023-03-29,1053,105,86,69,42,19,27
2023-03-30,1053,122,72,79,26,50,53
2023-03-31,1053,128,71,67,38,57,29
2023-04-01,1053,137,72,71,43,65,28
2023-04-02,1053,140,69,54,43,71,11
2023-04-03,1053,143,81,50,34,62,16
2023-04-04,1053,111,87,82,35,24,47
2023-04-05,1053,129,96,71,33,33,38
2023-04-06,1053,148,70,52,30,78,22
2023-04-07,1053,108,59,75,51,49,24
2023-04-08,1053,134,83,61,37,51,24
2023-04-09,1053,107,80,82,32,27,50
2023-04-10,1053,114,85,68,43,29,25
2023-04-11,1053,138,82,96,36,56,60
2023-04-12,1053,110,105,66,39,5,27
2023-04-13,1053,117,79,58,40,38,18
2023-04-14,1053,129,84,96,33,45,63
2023-04-15,1053,136,83,63,36,53,27
2023-04-16,1053,135,89,54,37,46,17
2023-04-17,1053,109,82,96,28,27,68
2023-04-18,1053,120,76,85,48,44,37
2023-04-19,1053,107,77,55,37,30,18
2023-04-20,1053,144,84,77,40,60,37
2023-04-21,1053,150,62,73,48,88,25
2023-04-22,1053,125,90,56,24,35,32
2023-04-23,1053,100,82,82,49,18,33
2023-04-24,1053,147,82,75,55,65,20
2023-04-25,1053,115,91,76,42,24,34
2023-04-26,1053,103,90,66,42,13,24
2023-04-27,1053,136,68,63,41,68,22
2023-04-28,1053,138,103,56,26,35,30
2023-04-29,1053,129,73,87,55,56,32
2023-04-30,1053,135,87,60,49,48,11
2023-05-01,1053,138,85,98,54,53,44
2023-05-02,1053,122,72,59,39,50,20
2023-05-03,1053,116,84,97,36,32,61
2023-05-04,1053,147,84,67,30,63,37
2023-05-05,1053,133,66,89,41,67,48
2023-05-06,1053,118,85,66,36,33,30
2023-05-07,1053,146,76,98,48,70,50
2023-05-08,1053,124,82,70,49,42,21
2023-05-09,1053,112,80,74,34,32,40
2023-05-10,1053,109,87,66,37,22,29
2023-05-11,1053,107,69,57,40,38,17
2023-05-12,1053,137,79,61,41,58,20
2023-05-13,1053,147,80,76,39,67,37
2023-05-14,1053,108,79,74,38,29,36
2023-05-15,1053,114,101,50,32,13,18
2023-05-16,1053,128,70,88,33,58,55
2023-05-17,1053,104,56,76,26,48,50
2023-05-18,1053,140,78,53,40,62,13
2023-05-19,1053,137,68,56,37,69,19
2023-05-20,1053,130,75,90,26,55,64
2023-05-21,1053,123,74,85,37,49,48
2023-05-22,1053,121,73,50,42,48,8
2023-05-23,1053,113,73,72,38,40,34
2023-05-24,1053,141,87,93,38,54,55
2023-05-25,1053,140,76,94,30,64,64
2023-05-26,1053,103,87,98,36,16,62
2023-05-27,1053,141,68,52,35,73,17
2023-05-28,1053,144,59,90,39,85,51
2023-05-29,1053,124,92,73,32,32,41
2023-05-30,1053,136,81,64,43,55,21
2023-05-31,1053,148,78,61,46,70,15
2023-06-01,1053,135,98,77,42,37,35
2023-06-02,1053,137,99,61,46,38,15
2023-06-03,1053,115,80,66,41,35,25
2023-06-04,1053,143,86,97,39,57,58
2023-06-05,1053,104,96,59,40,8,19
2023-06-06,1053,109,81,88,39,28,49
2023-06-07,1053,129,91,81,30,38,51
2023-06-08,1053,147,87,94,42,60,52
2023-06-09,1053,137,73,64,46,64,18
2023-06-10,1053,131,89,55,36,42,19
2023-06-11,1053,100,65,52,28,35,24
2023-06-12,1053,118,83,81,40,35,41
2023-06-13,1053,139,70,95,35,69,60
2023-06-14,1053,116,84,71,50,32,21
2023-06-15,1053,110,74,98,46,36,52
2023-06-16,1053,124,71,94,46,53,48
2023-06-17,1053,123,99,73,36,24,37
2023-06-18,1053,150,78,76,39,72,37
2023-06-19,1053,103,84,67,37,19,30
2023-06-20,1053,108,81,80,47,27,33
2023-06-21,1053,148,92,71,32,56,39
2023-06-22,1053,116,76,73,31,40,42
2023-06-23,1053,146,90,52,39,56,13
2023-06-24,1053,115,77,100,51,38,49
2023-06-25,1053,144,68,96,41,76,55
2023-06-26,1053,145,70,55,31,75,24
2023-06-27,1053,127,67,96,47,60,49
2023-06-28,1053,104,80,97,39,24,58
2023-06-29,1053,117,78,63,47,39,16
2023-06-30,1053,134,95,50,38,39,12
2023-07-01,1053,101,92,99,38,9,61
2023-07-02,1053,115,81,93,49,34,44
2023-07-03,1053,148,86,60,47,62,13
2023-07-04,1053,100,84,54,42,16,12
2023-07-05,1053,148,100,62,41,48,21
2023-07-06,1053,142,87,60,36,55,24
2023-07-07,1053,132,93,93,52,39,41
2023-07-08,1053,144,74,75,36,70,39
2023-07-09,1053,113,77,89,29,36,60
2023-07-10,1053,141,90,94,45,51,49
2023-07-11,1053,112,69,66,33,43,33
2023-07-12,1053,109,88,53,39,21,14
2023-07-13,1053,102,90,71,49,12,22
2023-07-14,1053,112,84,57,45,28,12
2023-07-15,1053,146,76,69,49,70,20
2023-07-16,1053,147,78,90,46,69,44
2023-07-17,1053,107,87,60,38,20,22
2023-07-18,1053,103,81,55,40,22,15
2023-07-19,1053,122,85,99,38,37,61
2023-07-20,1053,127,73,66,50,54,16
2023-07-21,1053,117,82,62,30,35,32
2023-07-22,1053,132,81,51,42,51,9
2023-07-23,1053,102,99,64,33,3,31
2023-07-24,1053,127,86,61,42,41,19
2023-07-25,1053,121,79,50,32,42,18
2023-07-26,1053,101,74,63,34,27,29
2023-07-27,1053,105,62,69,33,43,36
2023-07-28,1053,136,79,71,35,57,36
2023-07-29,1053,113,76,93,33,37,60
2023-07-30,1053,150,89,64,37,61,27
2023-07-31,1053,117,79,62,44,38,18
2023-08-01,1053,150,68,94,35,82,59
2023-08-02,1053,114,73,67,36,41,31
2023-08-03,1053,127,99,92,40,28,52
2023-08-04,1053,124,94,73,48,30,25
2023-08-05,1053,137,83,68,48,54,20
2023-08-06,1053,134,78,50,32,56,18
2023-08-07,1053,148,79,57,33,69,24
2023-08-08,1053,121,75,85,35,46,50
2023-08-09,1053,118,88,93,46,30,47
2023-08-10,1053,109,84,51,49,25,2
2023-08-11,1053,132,74,87,52,58,35
2023-08-12,1053,108,92,81,41,16,40
2023-08-13,1053,127,71,61,46,56,15
2023-08-14,1053,139,71,78,33,68,45
2023-08-15,1053,121,86,86,39,35,47
2023-08-16,1053,144,89,59,45,55,14
2023-08-17,1053,150,85,100,38,65,62
2023-08-18,1053,110,77,94,39,33,55
2023-08-19,1053,102,79,64,35,23,29
2023-08-20,1053,106,89,99,41,17,58
2023-08-21,1053,130,78,98,43,52,55
2023-08-22,1053,118,84,66,43,34,23
2023-08-23,1053,115,71,89,36,44,53
2023-08-24,1053,136,73,77,38,63,39
2023-08-25,1053,140,85,59,40,55,19
2023-08-26,1053,118,78,74,57,40,17
2023-08-27,1053,133,71,71,35,62,36
2023-08-28,1053,138,85,74,34,53,40
2023-08-29,1053,136,75,97,49,61,48
2023-08-30,1053,118,94,51,46,24,5
2023-08-31,1053,109,75,72,39,34,33
2023-09-01,1053,148,84,92,43,64,49
2023-09-02,1053,114,77,90,47,37,43
2023-09-03,1053,142,72,79,45,70,34
2023-09-04,1053,112,86,62,32,26,30
2023-09-05,1053,128,79,76,35,49,41
2023-09-06,1053,150,72,97,35,78,62
2023-09-07,1053,107,76,76,57,31,19
2023-09-08,1053,129,99,58,45,30,13
2023-09-09,1053,143,86,99,47,57,52
2023-09-10,1053,117,86,98,36,31,62
2023-09-11,1053,110,88,89,36,22,53
2023-09-12,1053,108,74,59,43,34,16
2023-09-13,1053,148,53,92,46,95,46
2023-09-14,1053,104,75,68,48,29,20
2023-09-15,1053,125,75,59,32,50,27
2023-09-16,1053,100,91,69,47,9,22
2023-09-17,1053,128,82,70,39,46,31
2023-09-18,1053,104,105,69,43,-1,26
2023-09-19,1053,137,84,58,41,53,17
2023-09-20,1053,116,85,61,42,31,19
2023-09-21,1053,122,77,82,30,45,52
2023-09-22,1053,145,86,58,40,59,18
2023-09-23,1053,129,83,99,43,46,56
2023-09-24,1053,134,57,70,41,77,29
2023-09-25,1053,112,86,54,40,26,14
2023-09-26,1053,108,77,98,42,31,56
2023-09-27,1053,150,83,91,49,67,42
2023-09-28,1053,107,78,88,44,29,44
2023-09-29,1053,115,70,59,40,45,19
2023-09-30,1053,128,72,94,46,56,48
2023-10-01,1053,136,79,59,42,57,17
2023-10-02,1053,103,101,98,38,2,60
2023-10-03,1053,150,83,62,32,67,30
2023-10-04,1053,112,76,76,31,36,45
2023-10-05,1053,111,78,68,52,33,16
2023-10-06,1053,129,82,83,45,47,38
2023-10-07,1053,134,73,89,44,61,45
2023-10-08,1053,142,86,59,37,56,22
2023-10-09,1053,139,82,64,37,57,27
2023-10-10,1053,110,89,63,38,21,25
2023-10-11,1053,104,77,87,52,27,35
2023-10-12,1053,145,75,89,38,70,51
2023-10-13,1053,133,89,54,40,44,14
2023-10-14,1053,150,81,87,44,69,43
2023-10-15,1053,114,86,97,28,28,69
2023-10-16,1053,118,90,98,45,28,53
2023-10-17,1053,150,71,60,37,79,23
2023-10-18,1053,148,76,85,44,72,41
2023-10-19,1053,112,64,98,43,48,55
2023-10-20,1053,131,81,70,49,50,21
2023-10-21,1053,130,70,86,44,60,42
2023-10-22,1053,107,72,76,32,35,44
2023-10-23,1053,100,75,70,39,25,31
2023-10-24,1053,139,88,76,45,51,31
2023-10-25,1053,103,90,94,32,13,62
2023-10-26,1053,123,88,54,37,35,17
2023-10-27,1053,122,75,58,40,47,18
2023-10-28,1053,143,83,75,36,60,39
2023-10-29,1053,118,82,79,45,36,34
2023-10-30,1053,114,74,80,44,40,36
2023-10-31,1053,115,81,54,42,34,12
2023-11-01,1053,115,83,50,42,32,8
2023-11-02,1053,145,76,81,45,69,36
2023-11-03,1053,117,85,93,45,32,48
2023-11-04,1053,135,81,51,34,54,17
2023-11-05,1053,115,81,64,43,34,21
2023-11-06,1053,108,80,99,28,28,71
2023-11-07,1053,139,82,60,45,57,15
2023-11-08,1053,147,80,88,44,67,44
2023-11-09,1053,106,93,50,45,13,5
2023-11-10,1053,107,78,76,44,29,32
2023-11-11,1053,113,85,77,35,28,42
2023-11-12,1053,133,83,77,54,50,23
2023-11-13,1053,122,78,84,33,44,51
2023-11-14,1053,112,75,95,35,37,60
2023-11-15,1053,115,80,78,32,35,46
2023-11-16,1053,112,74,60,32,38,28
2023-11-17,1053,136,79,89,29,57,60
2023-11-18,1053,129,63,82,28,66,54
2023-11-19,1053,128,69,71,51,59,20
2023-11-20,1053,145,93,84,28,52,56
2023-11-21,1053,104,83,85,53,21,32
2023-11-22,1053,101,82,60,46,19,14
2023-11-23,1053,142,71,81,42,71,39
2023-11-24,1053,103,84,71,40,19,31
2023-11-25,1053,137,83,72,34,54,38
2023-11-26,1053,122,97,77,38,25,39
2023-11-27,1053,146,69,100,32,77,68
2023-11-28,1053,136,78,76,38,58,38
2023-11-29,1053,100,74,82,34,26,48
2023-11-30,1053,120,80,98,34,40,64
2023-12-01,1053,146,95,72,40,51,32
2023-12-02,1053,108,85,88,30,23,58
2023-12-03,1053,118,78,86,29,40,57
2023-12-04,1053,114,108,52,30,6,22
2023-12-05,1053,113,80,71,36,33,35
2023-12-06,1053,145,88,74,29,57,45
2023-12-07,1053,124,77,56,40,47,16
2023-12-08,1053,101,94,64,29,7,35
2023-12-09,1053,111,76,69,39,35,30
2023-12-10,1053,133,89,58,41,44,17
2023-12-11,1053,117,98,66,41,19,25
2023-12-12,1053,145,84,94,39,61,55
2023-12-13,1053,116,88,89,43,28,46
2023-12-14,1053,137,83,75,39,54,36
2023-12-15,1053,106,81,82,45,25,37
2023-12-16,1053,102,79,51,43,23,8
2023-12-17,1053,107,70,81,29,37,52
2023-12-18,1053,115,92,61,44,23,17
2023-12-19,1053,136,89,83,34,47,49
2023-12-20,1053,125,72,63,50,53,13
2023-12-21,1053,111,75,87,28,36,59
2023-12-22,1053,104,99,50,34,5,16
2023-12-23,1053,131,87,88,27,44,61
2023-12-24,1053,109,79,83,34,30,49
2023-12-25,1053,135,84,80,39,51,41
2023-12-26,1053,137,88,52,39,49,13
2023-12-27,1053,124,76,54,45,48,9
2023-12-28,1053,133,82,84,48,51,36
2023-12-29,1053,106,85,98,30,21,68
2023-12-30,1053,149,106,99,52,43,47
2023-12-31,1053,116,74,78,34,42,44
2023-01-01,1054,129,92,91,43,37,48
2023-01-02,1054,115,77,56,40,38,16
2023-01-03,1054,122,72,70,35,50,35
2023-01-04,1054,144,73,77,33,71,44
2023-01-05,1054,140,84,94,40,56,54
2023-01-06,1054,142,92,78,38,50,40
2023-01-07,1054,125,82,68,36,43,32
2023-01-08,1054,147,70,63,46,77,17
2023-01-09,1054,145,86,58,45,59,13
2023-01-10,1054,147,77,85,45,70,40
2023-01-11,1054,140,77,53,33,63,20
2023-01-12,1054,143,74,70,41,69,29
2023-01-13,1054,127,79,68,51,48,17
2023-01-14,1054,108,95,71,36,13,35
2023-01-15,1054,143,74,88,42,69,46
2023-01-16,1054,146,79,95,38,67,57
2023-01-17,1054,125,80,54,32,45,22
2023-01-18,1054,129,84,54,45,45,9
2023-01-19,1054,121,81,98,36,40,62
2023-01-20,1054,138,80,53,47,58,6
2023-01-21,1054,134,85,58,41,49,17
2023-01-22,1054,102,63,66,30,39,36
2023-01-23,1054,102,74,89,41,28,48
2023-01-24,1054,115,100,73,35,15,38
2023-01-25,1054,108,87,83,29,21,54
2023-01-26,1054,105,84,60,43,21,17
2023-01-27,1054,109,84,93,47,25,46
2023-01-28,1054,122,76,82,37,46,45
2023-01-29,1054,137,83,95,37,54,58
2023-01-30,1054,115,93,93,46,22,47
2023-01-31,1054,114,69,68,39,45,29
2023-02-01,1054,130,68,64,36,62,28
2023-02-02,1054,136,71,82,32,65,50
2023-02-03,1054,111,90,54,47,21,7
2023-02-04,1054,134,65,79,39,69,40
2023-02-05,1054,121,69,80,33,52,47
2023-02-06,1054,117,71,63,54,46,9
2023-02-07,1054,124,56,53,48,68,5
2023-02-08,1054,122,85,57,45,37,12
2023-02-09,1054,134,90,72,35,44,37
2023-02-10,1054,135,76,82,29,59,53
2023-02-11,1054,127,74,56,38,53,18
2023-02-12,1054,142,89,97,49,53,48
2023-02-13,1054,109,79,75,39,30,36
2023-02-14,1054,116,83,74,35,33,39
2023-02-15,1054,136,73,62,43,63,19
2023-02-16,1054,144,61,64,33,83,31
2023-02-17,1054,132,63,50,39,69,11
2023-02-18,1054,112,96,95,43,16,52
2023-02-19,1054,147,99,70,35,48,35
2023-02-20,1054,133,82,72,50,51,22
2023-02-21,1054,135,72,73,43,63,30
2023-02-22,1054,113,87,67,43,26,24
2023-02-23,1054,118,74,90,49,44,41
2023-02-24,1054,129,78,60,52,51,8
2023-02-25,1054,134,82,89,45,52,44
2023-02-26,1054,140,66,97,38,74,59
2023-02-27,1054,102,74,65,37,28,28
2023-02-28,1054,102,73,84,45,29,39
2023-03-01,1054,108,82,99,30,26,69
2023-03-02,1054,137,80,99,34,57,65
2023-03-03,1054,114,69,100,33,45,67
2023-03-04,1054,137,65,73,37,72,36
2023-03-05,1054,117,89,89,32,28,57
2023-03-06,1054,120,98,54,35,22,19
2023-03-07,1054,144,72,70,45,72,25
2023-03-08,1054,137,75,88,36,62,52
2023-03-09,1054,117,83,67,42,34,25
2023-03-10,1054,121,75,91,46,46,45
2023-03-11,1054,119,71,85,46,48,39
2023-03-12,1054,143,70,53,52,73,1
2023-03-13,1054,112,76,55,53,36,2
2023-03-14,1054,132,86,72,36,46,36
2023-03-15,1054,145,82,59,36,63,23
2023-03-16,1054,121,75,93,35,46,58
2023-03-17,1054,116,104,68,40,12,28
2023-03-18,1054,124,60,69,38,64,31
2023-03-19,1054,111,80,60,45,31,15
2023-03-20,1054,102,83,62,33,19,29
2023-03-21,1054,113,72,58,31,41,27
2023-03-22,1054,135,85,82,45,50,37
2023-03-23,1054,147,79,62,43,68,19
2023-03-24,1054,121,70,80,33,51,47
2023-03-25,1054,125,61,80,45,64,35
2023-03-26,1054,148,99,53,45,49,8
2023-03-27,1054,105,57,53,43,48,10
2023-03-28,1054,147,81,98,43,66,55
2023-03-29,1054,129,87,68,34,42,34
2023-03-30,1054,110,65,55,45,45,10
2023-03-31,1054,107,82,91,41,25,50
2023-04-01,1054,117,91,53,47,26,6
2023-04-02,1054,147,90,50,46,57,4
2023-04-03,1054,149,91,90,51,58,39
2023-04-04,1054,140,57,77,44,83,33
2023-04-05,1054,130,72,78,32,58,46
2023-04-06,1054,106,67,50,39,39,11
2023-04-07,1054,129,75,85,42,54,43
2023-04-08,1054,140,87,96,35,53,61
2023-04-09,1054,141,89,86,34,52,52
2023-04-10,1054,116,78,88,37,38,51
2023-04-11,1054,111,72,57,35,39,22
2023-04-12,1054,102,78,86,34,24,52
2023-04-13,1054,146,78,68,43,68,25
2023-04-14,1054,150,86,57,45,64,12
2023-04-15,1054,113,79,55,34,34,21
2023-04-16,1054,103,88,68,29,15,39
2023-04-17,1054,124,98,65,36,26,29
2023-04-18,1054,118,70,59,46,48,13
2023-04-19,1054,105,79,92,36,26,56
2023-04-20,1054,106,86,73,42,20,31
2023-04-21,1054,127,88,92,30,39,62
2023-04-22,1054,103,63,69,38,40,31
2023-04-23,1054,150,86,54,31,64,23
2023-04-24,1054,112,83,56,46,29,10
2023-04-25,1054,105,86,75,45,19,30
2023-04-26,1054,115,83,90,39,32,51
2023-04-27,1054,118,85,91,33,33,58
2023-04-28,1054,127,82,76,34,45,42
2023-04-29,1054,106,62,99,28,44,71
2023-04-30,1054,110,94,92,53,16,39
2023-05-01,1054,145,82,57,41,63,16
2023-05-02,1054,117,72,71,44,45,27
2023-05-03,1054,103,88,80,37,15,43
2023-05-04,1054,126,79,54,46,47,8
2023-05-05,1054,127,86,54,37,41,17
2023-05-06,1054,100,76,80,37,24,43
2023-05-07,1054,126,77,99,39,49,60
2023-05-08,1054,149,81,54,45,68,9
2023-05-09,1054,148,83,87,43,65,44
2023-05-10,1054,104,102,86,54,2,32
2023-05-11,1054,145,81,67,36,64,31
2023-05-12,1054,120,82,51,32,38,19
2023-05-13,1054,115,103,70,34,12,36
2023-05-14,1054,100,74,89,44,26,45
2023-05-15,1054,109,84,93,47,25,46
2023-05-16,1054,136,94,84,44,42,40
2023-05-17,1054,122,80,87,34,42,53
2023-05-18,1054,112,80,54,39,32,15
2023-05-19,1054,132,85,69,46,47,23
2023-05-20,1054,139,70,91,48,69,43
2023-05-21,1054,125,76,100,41,49,59
2023-05-22,1054,145,71,61,41,74,20
2023-05-23,1054,111,76,67,43,35,24
2023-05-24,1054,143,85,82,32,58,50
2023-05-25,1054,106,74,91,47,32,44
2023-05-26,1054,130,72,64,52,58,12
2023-05-27,1054,103,80,94,30,23,64
2023-05-28,1054,150,86,58,36,64,22
2023-05-29,1054,118,71,71,43,47,28
2023-05-30,1054,117,95,64,37,22,27
2023-05-31,1054,102,74,81,31,28,50
2023-06-01,1054,136,81,69,35,55,34
2023-06-02,1054,131,62,97,33,69,64
2023-06-03,1054,133,80,68,40,53,28
2023-06-04,1054,104,71,71,39,33,32
2023-06-05,1054,135,81,99,49,54,50
2023-06-06,1054,103,80,92,44,23,48
2023-06-07,1054,126,77,95,38,49,57
2023-06-08,1054,132,64,99,43,68,56
2023-06-09,1054,148,89,81,38,59,43
2023-06-10,1054,131,106,58,45,25,13
2023-06-11,1054,135,96,84,41,39,43
2023-06-12,1054,119,85,93,53,34,40
2023-06-13,1054,136,84,58,37,52,21
2023-06-14,1054,132,94,69,34,38,35
2023-06-15,1054,121,84,79,35,37,44
2023-06-16,1054,145,77,94,47,68,47
2023-06-17,1054,142,87,90,44,55,46
2023-06-18,1054,114,74,61,45,40,16
2023-06-19,1054,125,85,56,40,40,16
2023-06-20,1054,101,85,90,49,16,41
2023-06-21,1054,124,92,99,31,32,68
2023-06-22,1054,133,87,95,47,46,48
2023-06-23,1054,127,85,61,49,42,12
2023-06-24,1054,144,91,69,48,53,21
2023-06-25,1054,147,70,60,41,77,19
2023-06-26,1054,145,85,60,47,60,13
2023-06-27,1054,118,72,64,31,46,33
2023-06-28,1054,132,88,53,35,44,18
2023-06-29,1054,112,79,64,45,33,19
2023-06-30,1054,128,54,83,30,74,53
2023-07-01,1054,102,71,64,43,31,21
2023-07-02,1054,105,69,55,38,36,17
2023-07-03,1054,142,86,88,47,56,41
2023-07-04,1054,109,74,80,37,35,43
2023-07-05,1054,130,98,89,48,32,41
2023-07-06,1054,127,76,78,42,51,36
2023-07-07,1054,116,68,55,32,48,23
2023-07-08,1054,104,82,89,46,22,43
2023-07-09,1054,139,76,77,39,63,38
2023-07-10,1054,105,89,89,44,16,45
2023-07-11,1054,132,85,88,45,47,43
2023-07-12,1054,141,79,69,35,62,34
2023-07-13,1054,109,74,95,47,35,48
2023-07-14,1054,102,74,81,26,28,55
2023-07-15,1054,126,84,92,38,42,54
2023-07-16,1054,143,91,83,40,52,43
2023-07-17,1054,137,88,98,38,49,60
2023-07-18,1054,123,68,71,38,55,33
2023-07-19,1054,133,63,60,46,70,14
2023-07-20,1054,144,83,91,41,61,50
2023-07-21,1054,146,105,51,40,41,11
2023-07-22,1054,125,74,59,40,51,19
2023-07-23,1054,125,76,91,41,49,50
2023-07-24,1054,104,77,99,44,27,55
2023-07-25,1054,150,88,83,40,62,43
2023-07-26,1054,113,88,62,41,25,21
2023-07-27,1054,120,76,81,41,44,40
2023-07-28,1054,132,66,81,39,66,42
2023-07-29,1054,127,69,57,31,58,26
2023-07-30,1054,104,92,61,50,12,11
2023-07-31,1054,115,101,51,35,14,16
2023-08-01,1054,123,72,50,46,51,4
2023-08-02,1054,136,77,63,43,59,20
2023-08-03,1054,108,89,56,34,19,22
2023-08-04,1054,124,77,84,40,47,44
2023-08-05,1054,103,76,61,33,27,28
2023-08-06,1054,109,68,70,46,41,24
2023-08-07,1054,147,80,52,42,67,10
2023-08-08,1054,146,74,87,41,72,46
2023-08-09,1054,122,84,100,42,38,58
2023-08-10,1054,117,79,52,48,38,4
2023-08-11,1054,144,88,84,47,56,37
2023-08-12,1054,134,76,94,43,58,51
2023-08-13,1054,145,75,94,50,70,44
2023-08-14,1054,139,80,88,48,59,40
2023-08-15,1054,120,78,71,43,42,28
2023-08-16,1054,102,76,78,38,26,40
2023-08-17,1054,133,75,80,28,58,52
2023-08-18,1054,135,102,96,44,33,52
2023-08-19,1054,108,86,92,46,22,46
2023-08-20,1054,115,70,50,44,45,6
2023-08-21,1054,144,75,89,41,69,48
2023-08-22,1054,130,84,81,46,46,35
2023-08-23,1054,145,80,65,32,65,33
2023-08-24,1054,131,95,64,43,36,21
2023-08-25,1054,126,86,67,44,40,23
2023-08-26,1054,129,83,87,44,46,43
2023-08-27,1054,136,94,95,43,42,52
2023-08-28,1054,111,102,55,44,9,11
2023-08-29,1054,118,89,75,42,29,33
2023-08-30,1054,111,80,95,41,31,54
2023-08-31,1054,146,94,68,42,52,26
2023-09-01,1054,103,75,81,41,28,40
2023-09-02,1054,149,100,51,39,49,12
2023-09-03,1054,119,64,64,37,55,27
2023-09-04,1054,112,78,99,43,34,56
2023-09-05,1054,138,82,81,51,56,30
2023-09-06,1054,121,67,75,43,54,32
2023-09-07,1054,131,66,51,55,65,-4
2023-09-08,1054,130,83,79,44,47,35
2023-09-09,1054,107,75,78,45,32,33
2023-09-10,1054,109,70,69,49,39,20
2023-09-11,1054,137,67,53,40,70,13
2023-09-12,1054,138,86,76,44,52,32
2023-09-13,1054,128,80,91,40,48,51
2023-09-14,1054,116,78,54,40,38,14
2023-09-15,1054,146,83,91,48,63,43
2023-09-16,1054,108,98,77,41,10,36
2023-09-17,1054,115,71,96,40,44,56
2023-09-18,1054,129,77,90,42,52,48
2023-09-19,1054,144,74,67,31,70,36
2023-09-20,1054,114,84,63,50,30,13
2023-09-21,1054,115,86,72,39,29,33
2023-09-22,1054,116,85,97,51,31,46
2023-09-23,1054,108,79,72,47,29,25
2023-09-24,1054,106,75,55,57,31,-2
2023-09-25,1054,102,84,88,34,18,54
2023-09-26,1054,126,83,99,39,43,60
2023-09-27,1054,140,85,89,44,55,45
2023-09-28,1054,149,74,67,40,75,27
2023-09-29,1054,104,94,96,27,10,69
2023-09-30,1054,130,83,53,26,47,27
2023-10-01,1054,144,75,99,48,69,51
2023-10-02,1054,110,78,66,36,32,30
2023-10-03,1054,120,77,75,46,43,29
2023-10-04,1054,147,68,53,39,79,14
2023-10-05,1054,149,82,82,48,67,34
2023-10-06,1054,111,86,53,47,25,6
2023-10-07,1054,115,73,53,31,42,22
2023-10-08,1054,113,92,59,36,21,23
2023-10-09,1054,114,112,100,43,2,57
2023-10-10,1054,124,75,55,47,49,8
2023-10-11,1054,122,82,76,33,40,43
2023-10-12,1054,133,82,87,37,51,50
2023-10-13,1054,146,75,96,34,71,62
2023-10-14,1054,108,77,60,37,31,23
2023-10-15,1054,123,69,64,42,54,22
2023-10-16,1054,115,78,60,47,37,13
2023-10-17,1054,119,79,80,41,40,39
2023-10-18,1054,134,101,94,32,33,62
2023-10-19,1054,106,88,92,27,18,65
2023-10-20,1054,136,59,87,39,77,48
2023-10-21,1054,119,80,93,44,39,49
2023-10-22,1054,136,74,77,41,62,36
2023-10-23,1054,100,90,50,36,10,14
2023-10-24,1054,147,74,95,45,73,50
2023-10-25,1054,139,80,86,44,59,42
2023-10-26,1054,115,84,81,45,31,36
2023-10-27,1054,107,83,86,34,24,52
2023-10-28,1054,140,93,62,39,47,23
2023-10-29,1054,129,87,82,43,42,39
2023-10-30,1054,124,86,58,33,38,25
2023-10-31,1054,124,84,51,36,40,15
2023-11-01,1054,114,81,92,40,33,52
2023-11-02,1054,138,99,66,39,39,27
2023-11-03,1054,125,62,90,43,63,47
2023-11-04,1054,139,65,65,35,74,30
2023-11-05,1054,106,78,99,25,28,74
2023-11-06,1054,123,91,55,37,32,18
2023-11-07,1054,105,59,50,34,46,16
2023-11-08,1054,111,99,89,34,12,55
2023-11-09,1054,109,59,58,41,50,17
2023-11-10,1054,141,82,97,47,59,50
2023-11-11,1054,126,86,96,46,40,50
2023-11-12,1054,112,88,95,41,24,54
2023-11-13,1054,104,75,89,42,29,47
2023-11-14,1054,123,79,78,47,44,31
2023-11-15,1054,141,88,71,41,53,30
2023-11-16,1054,119,84,58,44,35,14
2023-11-17,1054,130,73,63,33,57,30
2023-11-18,1054,100,79,76,39,21,37
2023-11-19,1054,144,74,94,35,70,59
2023-11-20,1054,118,80,91,40,38,51
2023-11-21,1054,105,102,80,42,3,38
2023-11-22,1054,107,73,54,35,34,19
2023-11-23,1054,138,71,81,50,67,31
2023-11-24,1054,150,86,50,33,64,17
2023-11-25,1054,128,81,55,32,47,23
2023-11-26,1054,128,94,62,39,34,23
2023-11-27,1054,140,81,70,34,59,36
2023-11-28,1054,134,74,83,52,60,31
2023-11-29,1054,124,70,63,43,54,20
2023-11-30,1054,134,87,50,45,47,5
2023-12-01,1054,125,74,82,40,51,42
2023-12-02,1054,139,75,92,42,64,50
2023-12-03,1054,140,71,50,43,69,7
2023-12-04,1054,139,69,92,43,70,49
2023-12-05,1054,110,69,62,35,41,27
2023-12-06,1054,144,81,68,33,63,35
2023-12-07,1054,150,90,63,35,60,28
2023-12-08,1054,107,75,52,38,32,14
2023-12-09,1054,109,87,76,37,22,39
2023-12-10,1054,131,65,74,43,66,31
2023-12-11,1054,140,67,86,37,73,49
2023-12-12,1054,137,77,80,52,60,28
2023-12-13,1054,140,80,93,34,60,59
2023-12-14,1054,128,62,58,38,66,20
2023-12-15,1054,118,78,95,40,40,55
2023-12-16,1054,110,87,55,35,23,20
2023-12-17,1054,135,81,83,40,54,43
2023-12-18,1054,125,78,73,33,47,40
2023-12-19,1054,120,87,84,33,33,51
2023-12-20,1054,107,75,77,31,32,46
2023-12-21,1054,117,88,94,53,29,41
2023-12-22,1054,100,89,88,47,11,41
2023-12-23,1054,119,75,60,43,44,17
2023-12-24,1054,145,66,72,39,79,33
2023-12-25,1054,104,82,62,31,22,31
2023-12-26,1054,149,71,70,27,78,43
2023-12-27,1054,123,69,79,41,54,38
2023-12-28,1054,108,68,90,37,40,53
2023-12-29,1054,120,69,83,28,51,55
2023-12-30,1054,139,65,65,39,74,26
2023-12-31,1054,107,80,84,36,27,48
2023-01-01,1055,117,81,60,42,36,18
2023-01-02,1055,106,90,54,39,16,15
2023-01-03,1055,106,96,51,36,10,15
2023-01-04,1055,143,68,100,37,75,63
2023-01-05,1055,149,65,94,33,84,61
2023-01-06,1055,107,79,58,42,28,16
2023-01-07,1055,125,73,52,43,52,9
2023-01-08,1055,125,63,79,32,62,47
2023-01-09,1055,143,73,81,41,70,40
2023-01-10,1055,104,73,73,49,31,24
2023-01-11,1055,132,79,62,35,53,27
2023-01-12,1055,124,88,95,46,36,49
2023-01-13,1055,133,69,68,31,64,37
2023-01-14,1055,136,78,83,43,58,40
2023-01-15,1055,122,88,63,44,34,19
2023-01-16,1055,145,86,70,38,59,32
2023-01-17,1055,102,92,60,45,10,15
2023-01-18,1055,123,95,98,26,28,72
2023-01-19,1055,131,67,53,42,64,11
2023-01-20,1055,132,71,92,54,61,38
2023-01-21,1055,115,87,92,46,28,46
2023-01-22,1055,108,67,88,36,41,52
2023-01-23,1055,135,84,70,36,51,34
2023-01-24,1055,147,74,58,43,73,15
2023-01-25,1055,139,88,87,31,51,56
2023-01-26,1055,103,61,72,47,42,25
2023-01-27,1055,109,72,83,33,37,50
2023-01-28,1055,122,82,74,41,40,33
2023-01-29,1055,118,76,78,41,42,37
2023-01-30,1055,114,85,83,41,29,42
2023-01-31,1055,133,73,61,37,60,24
2023-02-01,1055,131,64,97,24,67,73
2023-02-02,1055,102,89,88,53,13,35
2023-02-03,1055,102,87,72,26,15,46
2023-02-04,1055,113,83,52,42,30,10
2023-02-05,1055,112,85,94,49,27,45
2023-02-06,1055,139,78,75,36,61,39
2023-02-07,1055,103,78,53,36,25,17
2023-02-08,1055,106,70,97,38,36,59
2023-02-09,1055,112,84,79,27,28,52
2023-02-10,1055,105,80,50,40,25,10
2023-02-11,1055,147,81,74,38,66,36
2023-02-12,1055,141,80,80,53,61,27
2023-02-13,1055,113,93,92,47,20,45
2023-02-14,1055,104,79,67,41,25,26
2023-02-15,1055,136,94,62,46,42,16
2023-02-16,1055,120,73,89,30,47,59
2023-02-17,1055,118,72,65,39,46,26
2023-02-18,1055,106,75,89,43,31,46
2023-02-19,1055,103,79,65,51,24,14
2023-02-20,1055,123,89,82,43,34,39
2023-02-21,1055,121,73,97,44,48,53
2023-02-22,1055,108,76,84,40,32,44
2023-02-23,1055,148,87,75,41,61,34
2023-02-24,1055,150,77,68,33,73,35
2023-02-25,1055,126,77,50,37,49,13
2023-02-26,1055,147,72,63,47,75,16
2023-02-27,1055,144,66,74,49,78,25
2023-02-28,1055,147,82,87,31,65,56
2023-03-01,1055,131,76,82,44,55,38
2023-03-02,1055,150,71,94,43,79,51
2023-03-03,1055,138,89,67,43,49,24
2023-03-04,1055,144,83,76,38,61,38
2023-03-05,1055,101,81,50,30,20,20
2023-03-06,1055,146,83,86,38,63,48
2023-03-07,1055,120,80,56,41,40,15
2023-03-08,1055,148,76,67,40,72,27
2023-03-09,1055,116,81,53,40,35,13
2023-03-10,1055,122,92,62,42,30,20
2023-03-11,1055,100,92,81,54,8,27
2023-03-12,1055,100,75,74,46,25,28
2023-03-13,1055,103,72,53,41,31,12
2023-03-14,1055,135,81,63,31,54,32
2023-03-15,1055,127,68,89,39,59,50
2023-03-16,1055,116,76,72,40,40,32
2023-03-17,1055,129,93,59,48,36,11
2023-03-18,1055,140,67,77,42,73,35
2023-03-19,1055,112,77,69,48,35,21
2023-03-20,1055,136,78,93,33,58,60
2023-03-21,1055,145,79,80,36,66,44
2023-03-22,1055,111,75,95,42,36,53
2023-03-23,1055,144,81,82,37,63,45
2023-03-24,1055,150,83,95,35,67,60
2023-03-25,1055,124,87,53,46,37,7
2023-03-26,1055,121,78,59,33,43,26
2023-03-27,1055,143,70,77,58,73,19
2023-03-28,1055,115,86,50,47,29,3
2023-03-29,1055,140,70,71,35,70,36
2023-03-30,1055,117,86,59,49,31,10
2023-03-31,1055,150,91,91,44,59,47
2023-04-01,1055,133,75,66,38,58,28
2023-04-02,1055,109,83,96,38,26,58
2023-04-03,1055,123,88,65,46,35,19
2023-04-04,1055,128,65,96,33,63,63
2023-04-05,1055,122,83,98,37,39,61
2023-04-06,1055,136,70,66,37,66,29
2023-04-07,1055,135,63,59,38,72,21
2023-04-08,1055,148,75,80,39,73,41
2023-04-09,1055,102,71,54,49,31,5
2023-04-10,1055,150,95,88,39,55,49
2023-04-11,1055,138,68,59,34,70,25
2023-04-12,1055,126,72,64,25,54,39
2023-04-13,1055,128,86,68,37,42,31
2023-04-14,1055,138,85,80,40,53,40
2023-04-15,1055,146,99,78,35,47,43
2023-04-16,1055,140,68,90,43,72,47
2023-04-17,1055,137,82,83,28,55,55
2023-04-18,1055,107,82,73,36,25,37
2023-04-19,1055,137,93,80,45,44,35
2023-04-20,1055,111,79,62,35,32,27
2023-04-21,1055,118,84,56,36,34,20
2023-04-22,1055,143,85,94,33,58,61
2023-04-23,1055,110,86,67,37,24,30
2023-04-24,1055,100,77,98,42,23,56
2023-04-25,1055,126,69,52,46,57,6
2023-04-26,1055,109,68,82,28,41,54
2023-04-27,1055,123,95,73,43,28,30
2023-04-28,1055,121,83,70,40,38,30
2023-04-29,1055,103,74,64,40,29,24
2023-04-30,1055,124,83,97,43,41,54
2023-05-01,1055,149,93,73,41,56,32
2023-05-02,1055,111,72,77,30,39,47
2023-05-03,1055,140,83,88,40,57,48
2023-05-04,1055,115,92,60,50,23,10
2023-05-05,1055,112,83,79,31,29,48
2023-05-06,1055,133,78,88,37,55,51
2023-05-07,1055,105,79,74,27,26,47
2023-05-08,1055,120,83,63,42,37,21
2023-05-09,1055,149,70,96,37,79,59
2023-05-10,1055,128,70,76,35,58,41
2023-05-11,1055,148,88,56,31,60,25
2023-05-12,1055,101,82,54,43,19,11
2023-05-13,1055,132,66,54,35,66,19
2023-05-14,1055,115,81,89,27,34,62
2023-05-15,1055,146,86,96,35,60,61
2023-05-16,1055,128,73,86,42,55,44
2023-05-17,1055,124,84,58,36,40,22
2023-05-18,1055,148,81,77,43,67,34
2023-05-19,1055,126,73,87,40,53,47
2023-05-20,1055,135,88,77,46,47,31
2023-05-21,1055,108,73,83,40,35,43
2023-05-22,1055,100,82,84,38,18,46
2023-05-23,1055,148,80,51,36,68,15
2023-05-24,1055,127,83,51,55,44,-4
2023-05-25,1055,122,63,94,41,59,53
2023-05-26,1055,114,87,87,32,27,55
2023-05-27,1055,143,86,89,38,57,51
2023-05-28,1055,123,77,63,33,46,30
2023-05-29,1055,124,75,81,39,49,42
2023-05-30,1055,130,78,54,29,52,25
2023-05-31,1055,135,87,80,40,48,40
2023-06-01,1055,116,86,58,35,30,23
2023-06-02,1055,109,87,77,36,22,41
2023-06-03,1055,128,91,82,48,37,34
2023-06-04,1055,102,69,86,42,33,44
2023-06-05,1055,117,83,70,42,34,28
2023-06-06,1055,110,83,87,41,27,46
2023-06-07,1055,116,70,98,43,46,55
2023-06-08,1055,129,71,98,42,58,56
2023-06-09,1055,101,77,77,41,24,36
2023-06-10,1055,137,84,89,35,53,54
2023-06-11,1055,110,95,56,27,15,29
2023-06-12,1055,143,71,51,37,72,14
2023-06-13,1055,144,86,59,35,58,24
2023-06-14,1055,115,93,86,43,22,43
2023-06-15,1055,105,81,83,45,24,38
2023-06-16,1055,104,71,69,45,33,24
2023-06-17,1055,122,74,87,40,48,47
2023-06-18,1055,111,81,98,48,30,50
2023-06-19,1055,128,87,81,46,41,35
2023-06-20,1055,147,72,61,43,75,18
2023-06-21,1055,119,78,56,33,41,23
2023-06-22,1055,121,75,71,49,46,22
2023-06-23,1055,115,85,83,36,30,47
2023-06-24,1055,115,91,52,45,24,7
2023-06-25,1055,150,82,79,39,68,40
2023-06-26,1055,107,83,89,47,24,42
2023-06-27,1055,105,88,83,46,17,37
2023-06-28,1055,149,77,52,36,72,16
2023-06-29,1055,115,84,58,34,31,24
2023-06-30,1055,127,90,80,32,37,48
2023-07-01,1055,116,87,83,40,29,43
2023-07-02,1055,129,69,65,31,60,34
2023-07-03,1055,108,76,74,46,32,28
2023-07-04,1055,139,79,61,45,60,16
2023-07-05,1055,113,84,93,49,29,44
2023-07-06,1055,144,78,93,39,66,54
2023-07-07,1055,107,83,79,31,24,48
2023-07-08,1055,101,77,59,36,24,23
2023-07-09,1055,102,76,74,51,26,23
2023-07-10,1055,138,69,93,33,69,60
2023-07-11,1055,134,65,64,43,69,21
2023-07-12,1055,126,79,55,47,47,8
2023-07-13,1055,109,89,88,41,20,47
2023-07-14,1055,127,81,69,38,46,31
2023-07-15,1055,128,77,72,51,51,21
2023-07-16,1055,124,88,64,36,36,28
2023-07-17,1055,127,64,70,36,63,34
2023-07-18,1055,117,77,78,45,40,33
2023-07-19,1055,120,76,100,37,44,63
2023-07-20,1055,145,78,79,35,67,44
2023-07-21,1055,122,76,60,44,46,16
2023-07-22,1055,135,78,88,36,57,52
2023-07-23,1055,142,59,95,44,83,51
2023-07-24,1055,119,69,74,44,50,30
2023-07-25,1055,123,73,83,35,50,48
2023-07-26,1055,119,72,87,39,47,48
2023-07-27,1055,146,91,95,41,55,54
2023-07-28,1055,150,70,54,35,80,19
2023-07-29,1055,110,78,75,41,32,34
2023-07-30,1055,117,67,58,56,50,2
2023-07-31,1055,133,65,82,42,68,40
2023-08-01,1055,147,59,63,45,88,18
2023-08-02,1055,121,77,77,48,44,29
2023-08-03,1055,132,93,82,40,39,42
2023-08-04,1055,138,83,50,44,55,6
2023-08-05,1055,118,80,93,37,38,56
2023-08-06,1055,103,89,53,41,14,12
2023-08-07,1055,129,93,83,40,36,43
2023-08-08,1055,103,70,89,47,33,42
2023-08-09,1055,107,100,88,35,7,53
2023-08-10,1055,144,72,69,25,72,44
2023-08-11,1055,147,86,81,39,61,42
2023-08-12,1055,130,76,88,46,54,42
2023-08-13,1055,127,74,75,47,53,28
2023-08-14,1055,120,84,57,43,36,14
2023-08-15,1055,104,75,90,50,29,40
2023-08-16,1055,133,78,70,43,55,27
2023-08-17,1055,111,83,89,45,28,44
2023-08-18,1055,112,69,95,34,43,61
2023-08-19,1055,103,101,73,33,2,40
2023-08-20,1055,121,86,95,40,35,55
2023-08-21,1055,139,69,79,36,70,43
2023-08-22,1055,128,79,88,49,49,39
2023-08-23,1055,138,87,80,47,51,33
2023-08-24,1055,136,69,52,48,67,4
2023-08-25,1055,106,67,75,36,39,39
2023-08-26,1055,101,61,78,39,40,39
2023-08-27,1055,141,79,89,32,62,57
2023-08-28,1055,106,75,69,44,31,25
2023-08-29,1055,138,82,63,37,56,26
2023-08-30,1055,109,69,92,32,40,60
2023-08-31,1055,136,84,95,40,52,55
2023-09-01,1055,116,83,100,46,33,54
2023-09-02,1055,109,78,69,40,31,29
2023-09-03,1055,113,87,50,35,26,15
2023-09-04,1055,116,68,83,39,48,44
2023-09-05,1055,110,89,63,40,21,23
2023-09-06,1055,140,66,79,45,74,34
2023-09-07,1055,137,72,82,34,65,48
2023-09-08,1055,103,72,99,37,31,62
2023-09-09,1055,122,83,52,34,39,18
2023-09-10,1055,149,65,56,48,84,8
2023-09-11,1055,145,78,67,43,67,24
2023-09-12,1055,147,77,60,48,70,12
2023-09-13,1055,139,81,96,39,58,57
2023-09-14,1055,117,81,65,36,36,29
2023-09-15,1055,124,77,80,40,47,40
2023-09-16,1055,126,67,65,43,59,22
2023-09-17,1055,129,82,61,37,47,24
2023-09-18,1055,149,73,92,44,76,48
2023-09-19,1055,104,72,75,36,32,39
2023-09-20,1055,141,71,79,35,70,44
2023-09-21,1055,149,87,81,30,62,51
2023-09-22,1055,101,79,85,37,22,48
2023-09-23,1055,112,72,58,33,40,25
2023-09-24,1055,146,80,77,37,66,40
2023-09-25,1055,103,101,74,40,2,34
2023-09-26,1055,129,67,53,43,62,10
2023-09-27,1055,141,81,70,40,60,30
2023-09-28,1055,117,93,77,43,24,34
2023-09-29,1055,105,77,53,40,28,13
2023-09-30,1055,123,79,59,53,44,6
2023-10-01,1055,134,82,53,40,52,13
2023-10-02,1055,139,85,95,36,54,59
2023-10-03,1055,116,90,59,30,26,29
2023-10-04,1055,147,85,96,30,62,66
2023-10-05,1055,119,78,56,37,41,19
2023-10-06,1055,131,98,88,35,33,53
2023-10-07,1055,141,81,91,38,60,53
2023-10-08,1055,108,72,88,34,36,54
2023-10-09,1055,111,92,68,29,19,39
2023-10-10,1055,139,87,81,37,52,44
2023-10-11,1055,150,71,59,29,79,30
2023-10-12,1055,141,60,77,38,81,39
2023-10-13,1055,113,97,62,39,16,23
2023-10-14,1055,149,69,89,35,80,54
2023-10-15,1055,113,88,92,42,25,50
2023-10-16,1055,127,72,78,27,55,51
2023-10-17,1055,103,78,81,37,25,44
2023-10-18,1055,110,75,93,50,35,43
2023-10-19,1055,131,85,90,33,46,57
2023-10-20,1055,120,94,73,46,26,27
2023-10-21,1055,148,84,56,56,64,0
2023-10-22,1055,137,78,67,41,59,26
2023-10-23,1055,146,92,96,37,54,59
2023-10-24,1055,108,81,93,35,27,58
2023-10-25,1055,112,69,98,36,43,62
2023-10-26,1055,106,76,69,39,30,30
2023-10-27,1055,117,90,82,45,27,37
2023-10-28,1055,136,84,89,36,52,53
2023-10-29,1055,146,68,70,46,78,24
2023-10-30,1055,143,68,98,41,75,57
2023-10-31,1055,145,79,79,35,66,44
2023-11-01,1055,139,71,89,34,68,55
2023-11-02,1055,119,74,84,39,45,45
2023-11-03,1055,145,77,89,37,68,52
2023-11-04,1055,135,66,70,41,69,29
2023-11-05,1055,150,103,60,39,47,21
2023-11-06,1055,148,85,81,34,63,47
2023-11-07,1055,128,81,91,40,47,51
2023-11-08,1055,112,81,54,28,31,26
2023-11-09,1055,144,69,68,34,75,34
2023-11-10,1055,112,73,75,44,39,31
2023-11-11,1055,136,80,76,32,56,44
2023-11-12,1055,127,76,55,37,51,18
2023-11-13,1055,141,75,94,31,66,63
2023-11-14,1055,145,75,79,37,70,42
2023-11-15,1055,150,77,71,35,73,36
2023-11-16,1055,146,75,99,43,71,56
2023-11-17,1055,116,65,57,33,51,24
2023-11-18,1055,130,69,51,36,61,15
2023-11-19,1055,143,81,97,36,62,61
2023-11-20,1055,121,94,82,45,27,37
2023-11-21,1055,120,80,68,42,40,26
2023-11-22,1055,128,77,89,45,51,44
2023-11-23,1055,100,92,79,37,8,42
2023-11-24,1055,149,65,53,38,84,15
2023-11-25,1055,122,88,58,38,34,20
2023-11-26,1055,148,78,88,44,70,44
2023-11-27,1055,147,82,61,41,65,20
2023-11-28,1055,144,63,65,41,81,24
2023-11-29,1055,144,89,92,38,55,54
2023-11-30,1055,149,87,81,40,62,41
2023-12-01,1055,150,88,65,32,62,33
2023-12-02,1055,111,80,68,31,31,37
2023-12-03,1055,103,88,66,36,15,30
2023-12-04,1055,128,75,55,39,53,16
2023-12-05,1055,125,78,79,46,47,33
2023-12-06,1055,107,78,93,45,29,48
2023-12-07,1055,116,65,86,33,51,53
2023-12-08,1055,113,67,86,36,46,50
2023-12-09,1055,140,103,61,47,37,14
2023-12-10,1055,123,106,77,35,17,42
2023-12-11,1055,131,82,99,41,49,58
2023-12-12,1055,113,89,97,50,24,47
2023-12-13,1055,103,80,77,45,23,32
2023-12-14,1055,127,91,81,45,36,36
2023-12-15,1055,146,91,84,45,55,39
2023-12-16,1055,106,90,63,34,16,29
2023-12-17,1055,116,80,75,30,36,45
2023-12-18,1055,115,77,77,43,38,34
2023-12-19,1055,145,87,55,38,58,17
2023-12-20,1055,147,89,53,38,58,15
2023-12-21,1055,144,85,90,31,59,59
2023-12-22,1055,104,74,78,40,30,38
2023-12-23,1055,130,80,64,44,50,20
2023-12-24,1055,125,72,82,35,53,47
2023-12-25,1055,128,85,58,35,43,23
2023-12-26,1055,132,74,51,37,58,14
2023-12-27,1055,105,92,82,41,13,41
2023-12-28,1055,111,79,75,39,32,36
2023-12-29,1055,108,88,58,42,20,16
2023-12-30,1055,129,81,62,38,48,24
2023-12-31,1055,110,74,75,42,36,33
2023-01-01,1056,117,80,80,43,37,37
2023-01-02,1056,150,100,64,34,50,30
2023-01-03,1056,149,77,52,47,72,5
2023-01-04,1056,115,90,98,48,25,50
2023-01-05,1056,118,93,67,45,25,22
2023-01-06,1056,107,94,89,46,13,43
2023-01-07,1056,114,84,81,40,30,41
2023-01-08,1056,136,92,80,42,44,38
2023-01-09,1056,144,84,86,43,60,43
2023-01-10,1056,120,65,87,40,55,47
2023-01-11,1056,135,69,88,33,66,55
2023-01-12,1056,108,87,98,35,21,63
2023-01-13,1056,118,82,97,41,36,56
2023-01-14,1056,117,81,80,43,36,37
2023-01-15,1056,144,88,83,37,56,46
2023-01-16,1056,149,90,94,33,59,61
2023-01-17,1056,101,83,95,29,18,66
2023-01-18,1056,136,70,56,46,66,10
2023-01-19,1056,138,80,98,32,58,66
2023-01-20,1056,146,68,92,48,78,44
2023-01-21,1056,133,83,94,42,50,52
2023-01-22,1056,142,65,74,46,77,28
2023-01-23,1056,101,79,73,38,22,35
2023-01-24,1056,122,77,67,38,45,29
2023-01-25,1056,145,64,52,37,81,15
2023-01-26,1056,130,91,71,35,39,36
2023-01-27,1056,109,56,71,44,53,27
2023-01-28,1056,110,87,55,43,23,12
2023-01-29,1056,137,75,77,45,62,32
2023-01-30,1056,127,95,92,48,32,44
2023-01-31,1056,136,74,65,48,62,17
2023-02-01,1056,147,73,72,36,74,36
2023-02-02,1056,130,68,100,37,62,63
2023-02-03,1056,144,71,91,43,73,48
2023-02-04,1056,150,83,95,34,67,61
2023-02-05,1056,136,84,70,40,52,30
2023-02-06,1056,130,81,55,47,49,8
2023-02-07,1056,103,64,59,42,39,17
2023-02-08,1056,117,90,74,48,27,26
2023-02-09,1056,139,84,94,45,55,49
2023-02-10,1056,103,87,78,46,16,32
2023-02-11,1056,105,95,62,39,10,23
2023-02-12,1056,129,88,51,38,41,13
2023-02-13,1056,104,72,87,34,32,53
2023-02-14,1056,149,96,74,41,53,33
2023-02-15,1056,140,77,77,29,63,48
2023-02-16,1056,116,68,72,44,48,28
2023-02-17,1056,150,85,100,38,65,62
2023-02-18,1056,127,86,73,37,41,36
2023-02-19,1056,124,73,62,39,51,23
2023-02-20,1056,128,59,96,48,69,48
2023-02-21,1056,108,87,95,47,21,48
2023-02-22,1056,110,70,68,37,40,31
2023-02-23,1056,119,76,75,51,43,24
2023-02-24,1056,128,76,56,54,52,2
2023-02-25,1056,100,77,93,45,23,48
2023-02-26,1056,126,71,58,36,55,22
2023-02-27,1056,105,97,90,48,8,42
2023-02-28,1056,140,87,76,40,53,36
2023-03-01,1056,117,97,59,38,20,21
2023-03-02,1056,141,71,65,49,70,16
2023-03-03,1056,128,79,53,38,49,15
2023-03-04,1056,110,76,77,38,34,39
2023-03-05,1056,133,84,51,45,49,6
2023-03-06,1056,137,71,81,47,66,34
2023-03-07,1056,134,85,61,33,49,28
2023-03-08,1056,148,90,56,50,58,6
2023-03-09,1056,128,69,54,33,59,21
2023-03-10,1056,137,70,59,38,67,21
2023-03-11,1056,140,81,82,41,59,41
2023-03-12,1056,141,72,51,42,69,9
2023-03-13,1056,100,96,84,32,4,52
2023-03-14,1056,125,89,66,36,36,30
2023-03-15,1056,139,75,64,58,64,6
2023-03-16,1056,139,91,98,37,48,61
2023-03-17,1056,149,80,51,39,69,12
2023-03-18,1056,149,83,82,37,66,45
2023-03-19,1056,111,66,86,29,45,57
2023-03-20,1056,140,82,94,29,58,65
2023-03-21,1056,119,80,73,39,39,34
2023-03-22,1056,134,78,97,38,56,59
2023-03-23,1056,106,67,52,49,39,3
2023-03-24,1056,131,74,74,43,57,31
2023-03-25,1056,137,80,76,58,57,18
2023-03-26,1056,112,76,85,33,36,52
2023-03-27,1056,112,76,57,36,36,21
2023-03-28,1056,146,75,79,49,71,30
2023-03-29,1056,105,73,51,35,32,16
2023-03-30,1056,114,79,91,44,35,47
2023-03-31,1056,141,94,65,38,47,27
2023-04-01,1056,101,89,60,38,12,22
2023-04-02,1056,146,80,88,40,66,48
2023-04-03,1056,137,103,60,44,34,16
2023-04-04,1056,144,72,79,41,72,38
2023-04-05,1056,132,92,70,49,40,21
2023-04-06,1056,146,88,89,45,58,44
2023-04-07,1056,123,83,97,27,40,70
2023-04-08,1056,124,72,52,44,52,8
2023-04-09,1056,127,80,52,30,47,22
2023-04-10,1056,119,83,57,48,36,9
2023-04-11,1056,131,68,64,40,63,24
2023-04-12,1056,101,88,91,39,13,52
2023-04-13,1056,149,83,96,35,66,61
2023-04-14,1056,111,76,79,26,35,53
2023-04-15,1056,138,74,55,46,64,9
2023-04-16,1056,127,88,95,42,39,53
2023-04-17,1056,112,81,97,40,31,57
2023-04-18,1056,134,86,69,40,48,29
2023-04-19,1056,106,86,52,37,20,15
2023-04-20,1056,117,78,99,47,39,52
2023-04-21,1056,126,80,72,38,46,34
2023-04-22,1056,105,87,76,50,18,26
2023-04-23,1056,105,81,84,38,24,46
2023-04-24,1056,146,74,92,47,72,45
2023-04-25,1056,102,76,71,37,26,34
2023-04-26,1056,140,88,67,37,52,30
2023-04-27,1056,133,70,88,47,63,41
2023-04-28,1056,137,64,90,43,73,47
2023-04-29,1056,138,100,94,39,38,55
2023-04-30,1056,136,86,95,39,50,56
2023-05-01,1056,135,69,87,36,66,51
2023-05-02,1056,142,67,74,44,75,30
2023-05-03,1056,138,84,96,30,54,66
2023-05-04,1056,122,85,100,39,37,61
2023-05-05,1056,130,76,93,47,54,46
2023-05-06,1056,135,73,92,40,62,52
2023-05-07,1056,135,74,53,35,61,18
2023-05-08,1056,127,80,88,44,47,44
2023-05-09,1056,123,74,79,39,49,40
2023-05-10,1056,123,71,68,40,52,28
2023-05-11,1056,128,71,100,40,57,60
2023-05-12,1056,147,68,82,38,79,44
2023-05-13,1056,140,82,70,47,58,23
2023-05-14,1056,103,97,58,43,6,15
2023-05-15,1056,109,69,89,46,40,43
2023-05-16,1056,141,86,76,41,55,35
2023-05-17,1056,143,78,92,43,65,49
2023-05-18,1056,113,74,78,39,39,39
2023-05-19,1056,135,66,58,43,69,15
2023-05-20,1056,102,72,60,33,30,27
2023-05-21,1056,109,81,72,55,28,17
2023-05-22,1056,100,101,83,46,-1,37
2023-05-23,1056,109,71,78,38,38,40
2023-05-24,1056,124,69,78,40,55,38
2023-05-25,1056,101,80,83,46,21,37
2023-05-26,1056,112,89,89,49,23,40
2023-05-27,1056,146,90,95,29,56,66
2023-05-28,1056,119,76,90,43,43,47
2023-05-29,1056,127,80,71,43,47,28
2023-05-30,1056,124,80,52,31,44,21
2023-05-31,1056,142,78,63,45,64,18
2023-06-01,1056,145,69,84,33,76,51
2023-06-02,1056,140,78,79,33,62,46
2023-06-03,1056,145,72,80,42,73,38
2023-06-04,1056,146,79,70,39,67,31
2023-06-05,1056,119,64,77,35,55,42
2023-06-06,1056,131,79,69,39,52,30
2023-06-07,1056,145,79,62,43,66,19
2023-06-08,1056,138,84,71,40,54,31
2023-06-09,1056,103,81,52,43,22,9
2023-06-10,1056,106,70,97,30,36,67
2023-06-11,1056,128,79,91,37,49,54
2023-06-12,1056,111,75,95,47,36,48
2023-06-13,1056,123,71,83,27,52,56
2023-06-14,1056,109,81,64,34,28,30
2023-06-15,1056,148,73,80,39,75,41
2023-06-16,1056,122,80,75,30,42,45
2023-06-17,1056,112,83,53,44,29,9
2023-06-18,1056,128,69,58,42,59,16
2023-06-19,1056,124,87,89,37,37,52
2023-06-20,1056,107,92,54,39,15,15
2023-06-21,1056,104,85,73,43,19,30
2023-06-22,1056,130,54,78,43,76,35
2023-06-23,1056,114,71,82,36,43,46
2023-06-24,1056,147,63,74,39,84,35
2023-06-25,1056,120,95,54,43,25,11
2023-06-26,1056,150,80,84,45,70,39
2023-06-27,1056,140,74,68,46,66,22
2023-06-28,1056,139,66,87,49,73,38
2023-06-29,1056,138,72,79,36,66,43
2023-06-30,1056,149,83,75,36,66,39
2023-07-01,1056,135,90,50,34,45,16
2023-07-02,1056,145,74,91,37,71,54
2023-07-03,1056,133,79,91,54,54,37
2023-07-04,1056,146,78,68,50,68,18
2023-07-05,1056,100,79,71,53,21,18
2023-07-06,1056,144,79,82,36,65,46
2023-07-07,1056,125,86,55,29,39,26
2023-07-08,1056,113,86,87,53,27,34
2023-07-09,1056,131,69,56,47,62,9
2023-07-10,1056,107,73,94,30,34,64
2023-07-11,1056,133,84,83,51,49,32
2023-07-12,1056,129,92,53,40,37,13
2023-07-13,1056,147,86,84,41,61,43
2023-07-14,1056,100,83,54,42,17,12
2023-07-15,1056,113,71,97,32,42,65
2023-07-16,1056,122,72,52,36,50,16
2023-07-17,1056,120,67,79,32,53,47
2023-07-18,1056,108,86,78,46,22,32
2023-07-19,1056,131,67,53,35,64,18
2023-07-20,1056,140,86,93,44,54,49
2023-07-21,1056,127,88,90,46,39,44
2023-07-22,1056,119,82,70,40,37,30
2023-07-23,1056,101,88,90,43,13,47
2023-07-24,1056,105,84,76,20,21,56
2023-07-25,1056,110,75,50,55,35,-5
2023-07-26,1056,104,74,90,47,30,43
2023-07-27,1056,146,64,98,38,82,60
2023-07-28,1056,124,74,51,41,50,10
2023-07-29,1056,110,88,99,45,22,54
2023-07-30,1056,128,91,90,35,37,55
2023-07-31,1056,149,67,86,41,82,45
2023-08-01,1056,109,83,64,53,26,11
2023-08-02,1056,149,87,60,31,62,29
2023-08-03,1056,113,70,77,28,43,49
2023-08-04,1056,126,72,62,48,54,14
2023-08-05,1056,106,82,88,48,24,40
2023-08-06,1056,132,86,91,29,46,62
2023-08-07,1056,115,81,56,37,34,19
2023-08-08,1056,126,86,57,39,40,18
2023-08-09,1056,123,84,71,42,39,29
2023-08-10,1056,134,83,55,40,51,15
2023-08-11,1056,115,98,92,36,17,56
2023-08-12,1056,146,74,71,44,72,27
2023-08-13,1056,121,85,89,45,36,44
2023-08-14,1056,127,92,72,39,35,33
2023-08-15,1056,130,85,91,35,45,56
2023-08-16,1056,146,91,92,38,55,54
2023-08-17,1056,108,76,74,41,32,33
2023-08-18,1056,131,77,98,29,54,69
2023-08-19,1056,127,76,52,39,51,13
2023-08-20,1056,149,76,63,40,73,23
2023-08-21,1056,141,70,73,48,71,25
2023-08-22,1056,128,86,55,37,42,18
2023-08-23,1056,111,99,64,39,12,25
2023-08-24,1056,120,87,57,31,33,26
2023-08-25,1056,148,93,63,44,55,19
2023-08-26,1056,142,95,52,43,47,9
2023-08-27,1056,102,71,51,53,31,-2
2023-08-28,1056,131,69,94,34,62,60
2023-08-29,1056,143,59,78,59,84,19
2023-08-30,1056,148,83,54,35,65,19
2023-08-31,1056,146,101,73,34,45,39
2023-09-01,1056,127,72,75,46,55,29
2023-09-02,1056,130,71,84,50,59,34
2023-09-03,1056,141,90,82,49,51,33
2023-09-04,1056,128,81,61,46,47,15
2023-09-05,1056,141,82,75,43,59,32
2023-09-06,1056,133,89,90,38,44,52
2023-09-07,1056,146,86,73,32,60,41
2023-09-08,1056,103,60,91,41,43,50
2023-09-09,1056,127,75,60,40,52,20
2023-09-10,1056,128,69,51,58,59,-7
2023-09-11,1056,135,79,58,44,56,14
2023-09-12,1056,135,75,69,37,60,32
2023-09-13,1056,145,90,51,47,55,4
2023-09-14,1056,132,64,86,41,68,45
2023-09-15,1056,147,77,59,41,70,18
2023-09-16,1056,118,83,73,44,35,29
2023-09-17,1056,146,90,70,32,56,38
2023-09-18,1056,104,77,99,42,27,57
2023-09-19,1056,134,78,88,42,56,46
2023-09-20,1056,148,81,70,39,67,31
2023-09-21,1056,128,81,91,27,47,64
2023-09-22,1056,138,85,58,40,53,18
2023-09-23,1056,119,80,91,44,39,47
2023-09-24,1056,115,86,83,43,29,40
2023-09-25,1056,149,77,63,42,72,21
2023-09-26,1056,139,83,100,51,56,49
2023-09-27,1056,116,79,87,51,37,36
2023-09-28,1056,139,97,94,38,42,56
2023-09-29,1056,119,64,81,34,55,47
2023-09-30,1056,135,70,69,35,65,34
2023-10-01,1056,101,78,55,36,23,19
2023-10-02,1056,123,92,83,34,31,49
2023-10-03,1056,150,76,73,40,74,33
2023-10-04,1056,150,60,81,34,90,47
2023-10-05,1056,125,71,91,44,54,47
2023-10-06,1056,146,71,95,47,75,48
2023-10-07,1056,147,92,92,43,55,49
2023-10-08,1056,109,72,97,39,37,58
2023-10-09,1056,126,81,86,39,45,47
2023-10-10,1056,120,89,74,40,31,34
2023-10-11,1056,122,65,89,33,57,56
2023-10-12,1056,116,75,58,45,41,13
2023-10-13,1056,139,86,60,31,53,29
2023-10-14,1056,104,111,69,47,-7,22
2023-10-15,1056,136,79,58,32,57,26
2023-10-16,1056,104,84,62,35,20,27
2023-10-17,1056,114,71,86,38,43,48
2023-10-18,1056,117,96,59,38,21,21
2023-10-19,1056,139,76,58,39,63,19
2023-10-20,1056,124,71,97,41,53,56
2023-10-21,1056,136,77,75,35,59,40
2023-10-22,1056,132,74,98,28,58,70
2023-10-23,1056,120,83,85,40,37,45
2023-10-24,1056,130,65,88,37,65,51
2023-10-25,1056,129,70,58,39,59,19
2023-10-26,1056,125,66,82,38,59,44
2023-10-27,1056,100,91,50,40,9,10
2023-10-28,1056,103,71,81,36,32,45
2023-10-29,1056,127,82,59,40,45,19
2023-10-30,1056,110,83,55,57,27,-2
2023-10-31,1056,106,80,55,45,26,10
2023-11-01,1056,119,66,93,34,53,59
2023-11-02,1056,122,78,62,50,44,12
2023-11-03,1056,113,76,58,39,37,19
2023-11-04,1056,101,69,61,45,32,16
2023-11-05,1056,134,78,60,37,56,23
2023-11-06,1056,112,95,80,43,17,37
2023-11-07,1056,137,82,63,42,55,21
2023-11-08,1056,112,83,76,39,29,37
2023-11-09,1056,139,81,51,43,58,8
2023-11-10,1056,104,75,73,40,29,33
2023-11-11,1056,108,66,83,30,42,53
2023-11-12,1056,102,89,81,41,13,40
2023-11-13,1056,131,87,79,44,44,35
2023-11-14,1056,120,97,82,41,23,41
2023-11-15,1056,148,79,65,45,69,20
2023-11-16,1056,110,95,75,41,15,34
2023-11-17,1056,133,72,68,39,61,29
2023-11-18,1056,119,74,100,36,45,64
2023-11-19,1056,119,76,89,48,43,41
2023-11-20,1056,122,87,74,39,35,35
2023-11-21,1056,142,89,56,41,53,15
2023-11-22,1056,106,80,70,42,26,28
2023-11-23,1056,135,84,61,36,51,25
2023-11-24,1056,110,76,53,36,34,17
2023-11-25,1056,138,78,79,47,60,32
2023-11-26,1056,124,88,78,46,36,32
2023-11-27,1056,145,78,92,36,67,56
2023-11-28,1056,106,82,99,37,24,62
2023-11-29,1056,147,85,94,52,62,42
2023-11-30,1056,120,86,89,39,34,50
2023-12-01,1056,107,92,97,41,15,56
2023-12-02,1056,105,85,89,29,20,60
2023-12-03,1056,145,89,76,48,56,28
2023-12-04,1056,130,79,74,38,51,36
2023-12-05,1056,144,66,96,39,78,57
2023-12-06,1056,103,83,67,38,20,29
2023-12-07,1056,123,76,64,46,47,18
2023-12-08,1056,112,66,80,42,46,38
2023-12-09,1056,132,84,98,45,48,53
2023-12-10,1056,118,83,92,38,35,54
2023-12-11,1056,145,78,62,32,67,30
2023-12-12,1056,103,78,64,41,25,23
2023-12-13,1056,105,83,76,34,22,42
2023-12-14,1056,104,71,65,42,33,23
2023-12-15,1056,137,90,78,31,47,47
2023-12-16,1056,120,75,75,32,45,43
2023-12-17,1056,136,99,55,32,37,23
2023-12-18,1056,150,68,71,36,82,35
2023-12-19,1056,112,85,81,39,27,42
2023-12-20,1056,133,76,53,47,57,6
2023-12-21,1056,141,86,73,30,55,43
2023-12-22,1056,144,78,56,40,66,16
2023-12-23,1056,142,87,82,51,55,31
2023-12-24,1056,126,63,58,35,63,23
2023-12-25,1056,131,85,70,35,46,35
2023-12-26,1056,144,79,85,34,65,51
2023-12-27,1056,138,56,84,45,82,39
2023-12-28,1056,115,86,72,47,29,25
2023-12-29,1056,122,73,81,31,49,50
2023-12-30,1056,114,86,95,52,28,43
2023-12-31,1056,111,92,96,35,19,61
2023-01-01,1057,131,77,67,43,54,24
2023-01-02,1057,109,75,87,41,34,46
2023-01-03,1057,125,89,89,42,36,47
2023-01-04,1057,137,82,66,41,55,25
2023-01-05,1057,127,87,59,41,40,18
2023-01-06,1057,119,74,55,40,45,15
2023-01-07,1057,119,96,55,40,23,15
2023-01-08,1057,103,77,51,35,26,16
2023-01-09,1057,102,84,60,41,18,19
2023-01-10,1057,126,69,99,31,57,68
2023-01-11,1057,113,79,79,38,34,41
2023-01-12,1057,114,85,68,43,29,25
2023-01-13,1057,108,82,85,37,26,48
2023-01-14,1057,140,94,54,49,46,5
2023-01-15,1057,150,82,91,36,68,55
2023-01-16,1057,125,74,55,43,51,12
2023-01-17,1057,148,78,73,36,70,37
2023-01-18,1057,134,76,73,45,58,28
2023-01-19,1057,126,73,69,48,53,21
2023-01-20,1057,107,96,76,51,11,25
2023-01-21,1057,128,82,68,29,46,39
2023-01-22,1057,135,88,63,27,47,36
2023-01-23,1057,139,86,56,50,53,6
2023-01-24,1057,124,87,58,49,37,9
2023-01-25,1057,150,79,88,29,71,59
2023-01-26,1057,122,94,75,41,28,34
2023-01-27,1057,148,70,88,39,78,49
2023-01-28,1057,132,70,61,44,62,17
2023-01-29,1057,103,89,61,46,14,15
2023-01-30,1057,139,89,92,37,50,55
2023-01-31,1057,114,81,58,37,33,21
2023-02-01,1057,134,84,65,39,50,26
2023-02-02,1057,119,84,69,31,35,38
2023-02-03,1057,147,59,66,29,88,37
2023-02-04,1057,114,82,83,46,32,37
2023-02-05,1057,139,98,68,37,41,31
2023-02-06,1057,137,75,61,37,62,24
2023-02-07,1057,140,72,54,48,68,6
2023-02-08,1057,137,88,60,40,49,20
2023-02-09,1057,110,80,64,42,30,22
2023-02-10,1057,121,84,61,42,37,19
2023-02-11,1057,131,87,98,37,44,61
2023-02-12,1057,117,84,84,48,33,36
2023-02-13,1057,105,76,82,38,29,44
2023-02-14,1057,102,72,100,47,30,53
2023-02-15,1057,140,84,56,49,56,7
2023-02-16,1057,140,83,100,34,57,66
2023-02-17,1057,116,66,71,46,50,25
2023-02-18,1057,103,91,57,39,12,18
2023-02-19,1057,137,76,75,39,61,36
2023-02-20,1057,130,87,59,38,43,21
2023-02-21,1057,100,87,87,33,13,54
2023-02-22,1057,130,87,77,35,43,42
2023-02-23,1057,150,68,63,38,82,25
2023-02-24,1057,137,87,74,47,50,27
2023-02-25,1057,113,84,98,45,29,53
2023-02-26,1057,128,80,94,48,48,46
2023-02-27,1057,100,95,97,34,5,63
2023-02-28,1057,115,73,70,37,42,33
2023-03-01,1057,139,92,69,45,47,24
2023-03-02,1057,144,80,79,36,64,43
2023-03-03,1057,104,73,99,48,31,51
2023-03-04,1057,133,77,77,47,56,30
2023-03-05,1057,110,75,51,52,35,-1
2023-03-06,1057,139,77,88,43,62,45
2023-03-07,1057,107,84,77,34,23,43
2023-03-08,1057,117,71,90,33,46,57
2023-03-09,1057,119,72,55,30,47,25
2023-03-10,1057,112,91,56,45,21,11
2023-03-11,1057,148,74,74,36,74,38
2023-03-12,1057,127,84,100,30,43,70
2023-03-13,1057,104,77,98,43,27,55
2023-03-14,1057,119,77,88,32,42,56
2023-03-15,1057,142,93,85,42,49,43
2023-03-16,1057,130,77,76,42,53,34
2023-03-17,1057,118,57,90,35,61,55
2023-03-18,1057,130,77,60,46,53,14
2023-03-19,1057,144,77,56,45,67,11
2023-03-20,1057,133,92,92,36,41,56
2023-03-21,1057,119,83,100,52,36,48
2023-03-22,1057,147,86,62,44,61,18
2023-03-23,1057,128,77,82,50,51,32
2023-03-24,1057,128,80,99,33,48,66
2023-03-25,1057,125,94,52,49,31,3
2023-03-26,1057,131,75,100,33,56,67
2023-03-27,1057,119,69,89,48,50,41
2023-03-28,1057,135,75,83,54,60,29
2023-03-29,1057,131,96,79,38,35,41
2023-03-30,1057,108,85,66,40,23,26
2023-03-31,1057,149,83,85,42,66,43
2023-04-01,1057,134,78,97,39,56,58
2023-04-02,1057,137,93,86,32,44,54
2023-04-03,1057,146,76,80,41,70,39
2023-04-04,1057,137,93,100,43,44,57
2023-04-05,1057,119,74,91,36,45,55
2023-04-06,1057,119,97,52,38,22,14
2023-04-07,1057,133,67,71,33,66,38
2023-04-08,1057,141,73,62,34,68,28
2023-04-09,1057,138,99,82,43,39,39
2023-04-10,1057,149,80,78,40,69,38
2023-04-11,1057,148,91,97,33,57,64
2023-04-12,1057,147,89,61,41,58,20
2023-04-13,1057,142,85,89,31,57,58
2023-04-14,1057,120,67,55,40,53,15
2023-04-15,1057,110,73,92,36,37,56
2023-04-16,1057,105,78,57,44,27,13
2023-04-17,1057,127,80,69,33,47,36
2023-04-18,1057,107,86,50,41,21,9
2023-04-19,1057,112,95,76,41,17,35
2023-04-20,1057,122,66,71,40,56,31
2023-04-21,1057,102,92,66,38,10,28
2023-04-22,1057,124,72,75,39,52,36
2023-04-23,1057,122,80,78,42,42,36
2023-04-24,1057,128,81,82,36,47,46
2023-04-25,1057,128,63,76,29,65,47
2023-04-26,1057,129,87,79,47,42,32
2023-04-27,1057,129,85,94,40,44,54
2023-04-28,1057,139,70,75,44,69,31
2023-04-29,1057,124,73,98,38,51,60
2023-04-30,1057,123,68,80,47,55,33
2023-05-01,1057,131,73,92,49,58,43
2023-05-02,1057,131,88,76,43,43,33
2023-05-03,1057,119,73,62,44,46,18
2023-05-04,1057,103,66,69,42,37,27
2023-05-05,1057,107,73,81,30,34,51
2023-05-06,1057,126,71,57,52,55,5
2023-05-07,1057,116,61,94,34,55,60
2023-05-08,1057,108,82,85,41,26,44
2023-05-09,1057,129,95,56,38,34,18
2023-05-10,1057,101,80,54,41,21,13
2023-05-11,1057,121,79,86,37,42,49
2023-05-12,1057,100,95,65,35,5,30
2023-05-13,1057,137,90,97,44,47,53
2023-05-14,1057,119,89,73,32,30,41
2023-05-15,1057,113,79,75,46,34,29
2023-05-16,1057,135,91,79,36,44,43
2023-05-17,1057,105,80,56,44,25,12
2023-05-18,1057,121,88,64,40,33,24
2023-05-19,1057,133,85,54,47,48,7
2023-05-20,1057,111,71,78,42,40,36
2023-05-21,1057,111,82,54,49,29,5
2023-05-22,1057,144,86,50,46,58,4
2023-05-23,1057,110,76,94,49,34,45
2023-05-24,1057,126,60,96,39,66,57
2023-05-25,1057,121,85,54,40,36,14
2023-05-26,1057,119,81,68,36,38,32
2023-05-27,1057,120,83,88,40,37,48
2023-05-28,1057,124,83,75,46,41,29
2023-05-29,1057,145,90,61,41,55,20
2023-05-30,1057,129,96,53,37,33,16
2023-05-31,1057,141,102,91,35,39,56
2023-06-01,1057,128,83,95,50,45,45
2023-06-02,1057,105,90,54,32,15,22
2023-06-03,1057,103,75,90,44,28,46
2023-06-04,1057,149,68,71,35,81,36
2023-06-05,1057,121,91,69,37,30,32
2023-06-06,1057,124,70,50,40,54,10
2023-06-07,1057,125,71,58,42,54,16
2023-06-08,1057,131,76,69,43,55,26
2023-06-09,1057,117,77,91,31,40,60
2023-06-10,1057,126,90,70,39,36,31
2023-06-11,1057,100,69,89,43,31,46
2023-06-12,1057,150,77,100,39,73,61
2023-06-13,1057,124,91,79,46,33,33
2023-06-14,1057,119,82,78,32,37,46
2023-06-15,1057,102,74,73,39,28,34
2023-06-16,1057,141,79,72,43,62,29
2023-06-17,1057,144,59,90,35,85,55
2023-06-18,1057,126,85,80,46,41,34
2023-06-19,1057,101,78,86,44,23,42
2023-06-20,1057,138,70,75,36,68,39
2023-06-21,1057,111,67,80,37,44,43
2023-06-22,1057,142,91,90,42,51,48
2023-06-23,1057,116,64,67,43,52,24
2023-06-24,1057,115,72,67,47,43,20
2023-06-25,1057,130,87,85,43,43,42
2023-06-26,1057,102,77,70,40,25,30
2023-06-27,1057,106,70,65,47,36,18
2023-06-28,1057,124,72,72,36,52,36
2023-06-29,1057,142,79,75,34,63,41
2023-06-30,1057,126,67,52,43,59,9
2023-07-01,1057,137,69,77,40,68,37
2023-07-02,1057,139,74,59,49,65,10
2023-07-03,1057,127,86,80,32,41,48
2023-07-04,1057,139,77,99,45,62,54
2023-07-05,1057,110,83,91,35,27,56
2023-07-06,1057,143,77,97,38,66,59
2023-07-07,1057,129,69,84,42,60,42
2023-07-08,1057,147,71,98,41,76,57
2023-07-09,1057,123,83,75,47,40,28
2023-07-10,1057,109,69,77,50,40,27
2023-07-11,1057,140,81,64,33,59,31
2023-07-12,1057,118,84,51,35,34,16
2023-07-13,1057,126,84,86,30,42,56
2023-07-14,1057,101,95,63,45,6,18
2023-07-15,1057,149,57,97,42,92,55
2023-07-16,1057,149,99,53,43,50,10
2023-07-17,1057,133,78,55,38,55,17
2023-07-18,1057,133,77,61,44,56,17
2023-07-19,1057,115,65,78,38,50,40
2023-07-20,1057,107,102,59,50,5,9
2023-07-21,1057,117,86,66,42,31,24
2023-07-22,1057,146,72,70,40,74,30
2023-07-23,1057,135,84,71,47,51,24
2023-07-24,1057,137,82,61,41,55,20
2023-07-25,1057,111,68,68,42,43,26
2023-07-26,1057,150,73,100,30,77,70
2023-07-27,1057,118,78,73,42,40,31
2023-07-28,1057,114,58,97,48,56,49
2023-07-29,1057,113,82,74,42,31,32
2023-07-30,1057,140,76,76,40,64,36
2023-07-31,1057,110,90,88,34,20,54
2023-08-01,1057,140,79,100,46,61,54
2023-08-02,1057,136,73,99,45,63,54
2023-08-03,1057,149,77,78,48,72,30
2023-08-04,1057,110,79,52,28,31,24
2023-08-05,1057,104,92,74,45,12,29
2023-08-06,1057,146,90,98,31,56,67
2023-08-07,1057,146,75,75,42,71,33
2023-08-08,1057,142,85,52,28,57,24
2023-08-09,1057,100,93,50,38,7,12
2023-08-10,1057,136,79,74,28,57,46
2023-08-11,1057,109,94,51,37,15,14
2023-08-12,1057,138,86,99,28,52,71
2023-08-13,1057,113,77,84,39,36,45
2023-08-14,1057,120,97,77,40,23,37
2023-08-15,1057,141,76,98,42,65,56
2023-08-16,1057,116,74,73,34,42,39
2023-08-17,1057,103,90,89,41,13,48
2023-08-18,1057,145,86,59,47,59,12
2023-08-19,1057,109,84,69,37,25,32
2023-08-20,1057,122,70,78,43,52,35
2023-08-21,1057,105,74,68,43,31,25
2023-08-22,1057,113,86,85,39,27,46
2023-08-23,1057,104,80,100,28,24,72
2023-08-24,1057,119,63,83,45,56,38
2023-08-25,1057,114,76,65,34,38,31
2023-08-26,1057,105,71,54,36,34,18
2023-08-27,1057,106,90,57,42,16,15
2023-08-28,1057,111,71,61,37,40,24
2023-08-29,1057,112,93,97,33,19,64
2023-08-30,1057,150,71,91,38,79,53
2023-08-31,1057,100,91,58,45,9,13
2023-09-01,1057,109,89,57,38,20,19
2023-09-02,1057,118,73,52,32,45,20
2023-09-03,1057,124,88,92,39,36,53
2023-09-04,1057,144,86,98,39,58,59
2023-09-05,1057,109,68,91,43,41,48
2023-09-06,1057,119,82,100,34,37,66
2023-09-07,1057,147,81,84,38,66,46
2023-09-08,1057,104,74,65,42,30,23
2023-09-09,1057,119,73,64,37,46,27
2023-09-10,1057,121,63,70,49,58,21
2023-09-11,1057,125,77,62,41,48,21
2023-09-12,1057,142,84,75,48,58,27
2023-09-13,1057,123,70,73,41,53,32
2023-09-14,1057,132,83,66,45,49,21
2023-09-15,1057,121,85,89,33,36,56
2023-09-16,1057,123,72,57,42,51,15
2023-09-17,1057,137,69,62,40,68,22
2023-09-18,1057,124,92,58,34,32,24
2023-09-19,1057,125,87,60,35,38,25
2023-09-20,1057,142,85,62,41,57,21
2023-09-21,1057,113,86,75,36,27,39
2023-09-22,1057,147,78,65,45,69,20
2023-09-23,1057,150,81,88,49,69,39
2023-09-24,1057,112,75,89,45,37,44
2023-09-25,1057,141,69,59,38,72,21
2023-09-26,1057,128,84,94,39,44,55
2023-09-27,1057,130,76,63,42,54,21
2023-09-28,1057,103,78,91,34,25,57
2023-09-29,1057,109,75,82,39,34,43
2023-09-30,1057,100,86,69,49,14,20
2023-10-01,1057,146,98,71,33,48,38
2023-10-02,1057,104,81,79,36,23,43
2023-10-03,1057,132,78,69,40,54,29
2023-10-04,1057,110,78,89,46,32,43
2023-10-05,1057,137,67,97,43,70,54
2023-10-06,1057,124,77,72,31,47,41
2023-10-07,1057,117,66,93,28,51,65
2023-10-08,1057,142,78,78,41,64,37
2023-10-09,1057,116,76,83,28,40,55
2023-10-10,1057,133,64,85,32,69,53
2023-10-11,1057,129,67,88,54,62,34
2023-10-12,1057,136,65,63,30,71,33
2023-10-13,1057,127,84,63,45,43,18
2023-10-14,1057,105,82,74,39,23,35
2023-10-15,1057,120,91,72,44,29,28
2023-10-16,1057,123,88,64,49,35,15
2023-10-17,1057,122,77,74,39,45,35
2023-10-18,1057,133,77,100,41,56,59
2023-10-19,1057,122,68,50,32,54,18
2023-10-20,1057,126,73,54,47,53,7
2023-10-21,1057,102,83,53,43,19,10
2023-10-22,1057,105,67,70,46,38,24
2023-10-23,1057,126,85,85,41,41,44
2023-10-24,1057,109,89,91,40,20,51
2023-10-25,1057,140,86,91,29,54,62
2023-10-26,1057,103,79,80,45,24,35
2023-10-27,1057,139,80,58,33,59,25
2023-10-28,1057,105,67,91,39,38,52
2023-10-29,1057,113,79,69,40,34,29
2023-10-30,1057,150,82,50,48,68,2
2023-10-31,1057,116,80,78,33,36,45
2023-11-01,1057,126,84,55,41,42,14
2023-11-02,1057,105,89,76,35,16,41
2023-11-03,1057,121,88,96,48,33,48
2023-11-04,1057,136,81,65,40,55,25
2023-11-05,1057,100,86,98,36,14,62
2023-11-06,1057,125,84,80,30,41,50
2023-11-07,1057,124,95,93,38,29,55
2023-11-08,1057,120,69,87,34,51,53
2023-11-09,1057,135,74,59,49,61,10
2023-11-10,1057,118,69,61,34,49,27
2023-11-11,1057,146,66,84,38,80,46
2023-11-12,1057,113,87,93,40,26,53
2023-11-13,1057,101,92,75,50,9,25
2023-11-14,1057,143,82,78,34,61,44
2023-11-15,1057,138,84,89,44,54,45
2023-11-16,1057,146,90,77,38,56,39
2023-11-17,1057,131,64,62,39,67,23
2023-11-18,1057,110,78,90,43,32,47
2023-11-19,1057,108,84,98,35,24,63
2023-11-20,1057,133,100,93,37,33,56
2023-11-21,1057,120,87,69,32,33,37
2023-11-22,1057,110,78,80,40,32,40
2023-11-23,1057,142,87,89,36,55,53
2023-11-24,1057,116,79,85,41,37,44
2023-11-25,1057,148,78,97,38,70,59
2023-11-26,1057,104,79,99,34,25,65
2023-11-27,1057,105,86,91,45,19,46
2023-11-28,1057,132,82,56,39,50,17
2023-11-29,1057,121,69,68,33,52,35
2023-11-30,1057,100,77,56,48,23,8
2023-12-01,1057,128,73,91,40,55,51
2023-12-02,1057,138,63,60,44,75,16
2023-12-03,1057,123,88,73,52,35,21
2023-12-04,1057,144,82,71,37,62,34
2023-12-05,1057,122,90,90,36,32,54
2023-12-06,1057,123,66,96,59,57,37
2023-12-07,1057,139,95,62,38,44,24
2023-12-08,1057,123,66,62,40,57,22
2023-12-09,1057,111,79,63,44,32,19
2023-12-10,1057,107,81,75,39,26,36
2023-12-11,1057,143,101,98,40,42,58
2023-12-12,1057,108,75,81,46,33,35
2023-12-13,1057,126,71,50,46,55,4
2023-12-14,1057,149,85,87,54,64,33
2023-12-15,1057,109,82,65,27,27,38
2023-12-16,1057,114,93,89,36,21,53
2023-12-17,1057,140,77,81,51,63,30
2023-12-18,1057,119,83,76,39,36,37
2023-12-19,1057,142,77,88,38,65,50
2023-12-20,1057,129,74,68,55,55,13
2023-12-21,1057,106,71,50,36,35,14
2023-12-22,1057,147,91,85,32,56,53
2023-12-23,1057,125,72,88,37,53,51
2023-12-24,1057,137,75,77,44,62,33
2023-12-25,1057,116,70,80,34,46,46
2023-12-26,1057,134,73,96,35,61,61
2023-12-27,1057,138,81,83,48,57,35
2023-12-28,1057,138,85,77,48,53,29
2023-12-29,1057,105,83,73,67,22,6
2023-12-30,1057,122,76,81,47,46,34
2023-12-31,1057,114,84,54,49,30,5
2023-01-01,1058,137,85,57,36,52,21
2023-01-02,1058,141,80,52,37,61,15
2023-01-03,1058,101,82,89,50,19,39
2023-01-04,1058,114,81,90,41,33,49
2023-01-05,1058,119,70,60,47,49,13
2023-01-06,1058,121,93,96,38,28,58
2023-01-07,1058,128,72,69,41,56,28
2023-01-08,1058,115,75,99,46,40,53
2023-01-09,1058,144,82,61,40,62,21
2023-01-10,1058,137,90,73,36,47,37
2023-01-11,1058,133,64,69,43,69,26
2023-01-12,1058,121,101,72,32,20,40
2023-01-13,1058,129,77,66,34,52,32
2023-01-14,1058,147,80,67,45,67,22
2023-01-15,1058,121,82,53,30,39,23
2023-01-16,1058,115,84,72,47,31,25
2023-01-17,1058,135,76,79,50,59,29
2023-01-18,1058,100,75,85,41,25,44
2023-01-19,1058,138,80,82,38,58,44
2023-01-20,1058,142,96,90,38,46,52
2023-01-21,1058,123,83,88,45,40,43
2023-01-22,1058,115,85,75,40,30,35
2023-01-23,1058,118,90,60,39,28,21
2023-01-24,1058,101,85,95,34,16,61
2023-01-25,1058,116,89,94,52,27,42
2023-01-26,1058,131,88,93,35,43,58
2023-01-27,1058,103,92,60,43,11,17
2023-01-28,1058,107,62,65,34,45,31
2023-01-29,1058,124,72,83,47,52,36
2023-01-30,1058,118,83,84,38,35,46
2023-01-31,1058,148,87,98,46,61,52
2023-02-01,1058,145,81,71,34,64,37
2023-02-02,1058,120,83,59,44,37,15
2023-02-03,1058,110,68,66,37,42,29
2023-02-04,1058,142,83,83,40,59,43
2023-02-05,1058,121,93,90,43,28,47
2023-02-06,1058,107,84,59,25,23,34
2023-02-07,1058,140,79,77,47,61,30
2023-02-08,1058,142,72,95,32,70,63
2023-02-09,1058,103,83,97,47,20,50
2023-02-10,1058,140,80,55,40,60,15
2023-02-11,1058,113,90,66,37,23,29
2023-02-12,1058,148,69,93,40,79,53
2023-02-13,1058,150,77,51,44,73,7
2023-02-14,1058,111,89,51,39,22,12
2023-02-15,1058,150,75,58,43,75,15
2023-02-16,1058,117,80,93,41,37,52
2023-02-17,1058,124,84,87,29,40,58
2023-02-18,1058,131,92,52,48,39,4
2023-02-19,1058,145,75,76,42,70,34
2023-02-20,1058,108,79,96,43,29,53
2023-02-21,1058,131,80,68,40,51,28
2023-02-22,1058,113,85,76,47,28,29
2023-02-23,1058,118,75,80,54,43,26
2023-02-24,1058,139,88,52,43,51,9
2023-02-25,1058,102,77,61,35,25,26
2023-02-26,1058,109,75,73,40,34,33
2023-02-27,1058,125,78,100,30,47,70
2023-02-28,1058,142,85,65,48,57,17
2023-03-01,1058,122,80,69,42,42,27
2023-03-02,1058,138,68,89,35,70,54
2023-03-03,1058,120,84,71,42,36,29
2023-03-04,1058,146,62,61,45,84,16
2023-03-05,1058,135,88,88,36,47,52
2023-03-06,1058,108,71,53,38,37,15
2023-03-07,1058,130,85,80,44,45,36
2023-03-08,1058,140,78,82,32,62,50
2023-03-09,1058,125,92,75,32,33,43
2023-03-10,1058,122,68,59,46,54,13
2023-03-11,1058,122,75,87,41,47,46
2023-03-12,1058,133,90,76,41,43,35
2023-03-13,1058,118,86,97,38,32,59
2023-03-14,1058,130,85,99,38,45,61
2023-03-15,1058,101,86,68,44,15,24
2023-03-16,1058,150,89,90,37,61,53
2023-03-17,1058,124,83,74,36,41,38
2023-03-18,1058,131,86,60,44,45,16
2023-03-19,1058,106,75,69,41,31,28
2023-03-20,1058,116,70,68,48,46,20
2023-03-21,1058,126,91,96,45,35,51
2023-03-22,1058,100,72,52,34,28,18
2023-03-23,1058,105,77,60,43,28,17
2023-03-24,1058,130,89,99,41,41,58
2023-03-25,1058,107,98,60,37,9,23
2023-03-26,1058,128,81,75,30,47,45
2023-03-27,1058,117,97,53,44,20,9
2023-03-28,1058,117,74,90,41,43,49
2023-03-29,1058,147,88,78,38,59,40
2023-03-30,1058,147,87,71,39,60,32
2023-03-31,1058,128,78,77,38,50,39
2023-04-01,1058,119,92,100,48,27,52
2023-04-02,1058,123,88,80,47,35,33
2023-04-03,1058,100,76,67,45,24,22
2023-04-04,1058,115,82,100,45,33,55
2023-04-05,1058,136,77,87,42,59,45
2023-04-06,1058,113,69,74,27,44,47
2023-04-07,1058,134,86,100,36,48,64
2023-04-08,1058,117,88,83,35,29,48
2023-04-09,1058,131,86,100,29,45,71
2023-04-10,1058,144,87,95,42,57,53
2023-04-11,1058,122,70,70,39,52,31
2023-04-12,1058,133,75,55,33,58,22
2023-04-13,1058,126,84,81,43,42,38
2023-04-14,1058,118,88,84,34,30,50
2023-04-15,1058,122,81,90,44,41,46
2023-04-16,1058,150,77,64,31,73,33
2023-04-17,1058,150,82,77,34,68,43
2023-04-18,1058,120,77,97,52,43,45
2023-04-19,1058,149,81,81,40,68,41
2023-04-20,1058,105,65,53,52,40,1
2023-04-21,1058,118,76,54,41,42,13
2023-04-22,1058,111,70,91,41,41,50
2023-04-23,1058,102,73,52,37,29,15
2023-04-24,1058,105,90,78,41,15,37
2023-04-25,1058,107,68,53,42,39,11
2023-04-26,1058,103,66,57,30,37,27
2023-04-27,1058,107,76,81,36,31,45
2023-04-28,1058,118,86,51,31,32,20
2023-04-29,1058,105,89,99,38,16,61
2023-04-30,1058,104,82,86,33,22,53
2023-05-01,1058,115,84,82,43,31,39
2023-05-02,1058,118,70,95,35,48,60
2023-05-03,1058,132,78,64,50,54,14
2023-05-04,1058,135,79,92,32,56,60
2023-05-05,1058,120,79,55,52,41,3
2023-05-06,1058,147,92,85,47,55,38
2023-05-07,1058,147,80,92,37,67,55
2023-05-08,1058,107,78,53,46,29,7
2023-05-09,1058,149,83,94,39,66,55
2023-05-10,1058,150,69,77,40,81,37
2023-05-11,1058,137,74,61,37,63,24
2023-05-12,1058,147,77,54,46,70,8
2023-05-13,1058,137,64,60,35,73,25
2023-05-14,1058,121,67,71,39,54,32
2023-05-15,1058,145,89,57,42,56,15
2023-05-16,1058,118,73,52,38,45,14
2023-05-17,1058,102,70,85,41,32,44
2023-05-18,1058,137,82,93,43,55,50
2023-05-19,1058,111,74,53,33,37,20
2023-05-20,1058,105,80,66,35,25,31
2023-05-21,1058,146,87,60,44,59,16
2023-05-22,1058,146,79,72,39,67,33
2023-05-23,1058,148,78,82,39,70,43
2023-05-24,1058,135,96,74,36,39,38
2023-05-25,1058,124,79,65,36,45,29
2023-05-26,1058,112,87,88,43,25,45
2023-05-27,1058,114,67,64,46,47,18
2023-05-28,1058,126,89,67,35,37,32
2023-05-29,1058,119,77,82,37,42,45
2023-05-30,1058,131,87,65,35,44,30
2023-05-31,1058,134,85,93,42,49,51
2023-06-01,1058,122,76,79,45,46,34
2023-06-02,1058,113,64,50,34,49,16
2023-06-03,1058,114,85,71,37,29,34
2023-06-04,1058,116,68,66,42,48,24
2023-06-05,1058,114,81,73,31,33,42
2023-06-06,1058,106,68,77,41,38,36
2023-06-07,1058,131,82,76,46,49,30
2023-06-08,1058,118,70,66,45,48,21
2023-06-09,1058,146,76,87,37,70,50
2023-06-10,1058,125,74,98,28,51,70
2023-06-11,1058,135,88,73,49,47,24
2023-06-12,1058,107,87,64,40,20,24
2023-06-13,1058,130,78,82,44,52,38
2023-06-14,1058,140,72,83,25,68,58
2023-06-15,1058,128,74,87,35,54,52
2023-06-16,1058,128,71,58,41,57,17
2023-06-17,1058,111,72,55,51,39,4
2023-06-18,1058,136,79,51,39,57,12
2023-06-19,1058,129,79,81,46,50,35
2023-06-20,1058,129,81,56,39,48,17
2023-06-21,1058,141,88,62,37,53,25
2023-06-22,1058,138,69,89,39,69,50
2023-06-23,1058,102,84,62,42,18,20
2023-06-24,1058,131,84,54,39,47,15
2023-06-25,1058,114,74,90,41,40,49
2023-06-26,1058,103,83,75,44,20,31
2023-06-27,1058,111,70,80,40,41,40
2023-06-28,1058,115,83,74,35,32,39
2023-06-29,1058,112,87,92,42,25,50
2023-06-30,1058,114,76,100,34,38,66
2023-07-01,1058,104,73,94,36,31,58
2023-07-02,1058,123,85,77,34,38,43
2023-07-03,1058,123,87,55,43,36,12
2023-07-04,1058,110,80,64,40,30,24
2023-07-05,1058,131,70,59,36,61,23
2023-07-06,1058,111,83,96,47,28,49
2023-07-07,1058,117,79,92,40,38,52
2023-07-08,1058,137,86,64,43,51,21
2023-07-09,1058,101,83,91,36,18,55
2023-07-10,1058,106,77,98,42,29,56
2023-07-11,1058,128,91,94,42,37,52
2023-07-12,1058,147,73,97,37,74,60
2023-07-13,1058,130,82,71,44,48,27
2023-07-14,1058,105,94,53,27,11,26
2023-07-15,1058,111,71,61,38,40,23
2023-07-16,1058,124,94,78,44,30,34
2023-07-17,1058,141,84,58,43,57,15
2023-07-18,1058,119,62,98,39,57,59
2023-07-19,1058,113,68,97,38,45,59
2023-07-20,1058,135,88,59,32,47,27
2023-07-21,1058,144,79,68,45,65,23
2023-07-22,1058,105,80,92,40,25,52
2023-07-23,1058,121,61,78,32,60,46
2023-07-24,1058,103,85,54,30,18,24
2023-07-25,1058,113,80,78,37,33,41
2023-07-26,1058,149,75,53,51,74,2
2023-07-27,1058,132,98,78,45,34,33
2023-07-28,1058,122,101,95,40,21,55
2023-07-29,1058,102,84,62,43,18,19
2023-07-30,1058,115,66,69,40,49,29
2023-07-31,1058,109,92,65,39,17,26
2023-08-01,1058,126,79,81,51,47,30
2023-08-02,1058,130,88,54,47,42,7
2023-08-03,1058,132,81,54,43,51,11
2023-08-04,1058,133,86,54,34,47,20
2023-08-05,1058,116,73,95,49,43,46
2023-08-06,1058,113,84,85,54,29,31
2023-08-07,1058,107,85,68,36,22,32
2023-08-08,1058,123,85,82,38,38,44
2023-08-09,1058,135,93,90,28,42,62
2023-08-10,1058,150,86,99,30,64,69
2023-08-11,1058,120,75,99,46,45,53
2023-08-12,1058,117,71,68,49,46,19
2023-08-13,1058,113,86,98,37,27,61
2023-08-14,1058,119,81,70,45,38,25
2023-08-15,1058,141,73,50,50,68,0
2023-08-16,1058,124,103,99,35,21,64
2023-08-17,1058,100,94,75,41,6,34
2023-08-18,1058,109,78,87,35,31,52
2023-08-19,1058,130,86,50,48,44,2
2023-08-20,1058,105,72,61,40,33,21
2023-08-21,1058,150,71,99,34,79,65
2023-08-22,1058,132,81,90,37,51,53
2023-08-23,1058,147,79,54,42,68,12
2023-08-24,1058,130,79,63,46,51,17
2023-08-25,1058,140,75,64,46,65,18
2023-08-26,1058,136,72,59,39,64,20
2023-08-27,1058,108,70,94,32,38,62
2023-08-28,1058,128,68,80,33,60,47
2023-08-29,1058,102,81,82,40,21,42
2023-08-30,1058,108,75,73,46,33,27
2023-08-31,1058,148,98,56,48,50,8
2023-09-01,1058,143,97,94,38,46,56
2023-09-02,1058,136,78,70,45,58,25
2023-09-03,1058,105,81,74,46,24,28
2023-09-04,1058,139,80,66,36,59,30
2023-09-05,1058,136,69,54,32,67,22
2023-09-06,1058,129,77,81,35,52,46
2023-09-07,1058,120,83,85,45,37,40
2023-09-08,1058,139,77,64,37,62,27
2023-09-09,1058,150,86,98,37,64,61
2023-09-10,1058,107,74,85,39,33,46
2023-09-11,1058,144,75,95,31,69,64
2023-09-12,1058,121,77,79,38,44,41
2023-09-13,1058,127,90,89,28,37,61
2023-09-14,1058,125,74,64,31,51,33
2023-09-15,1058,105,73,61,53,32,8
2023-09-16,1058,126,77,89,37,49,52
2023-09-17,1058,137,70,95,38,67,57
2023-09-18,1058,105,97,98,39,8,59
2023-09-19,1058,121,89,67,39,32,28
2023-09-20,1058,104,69,70,29,35,41
2023-09-21,1058,128,75,59,45,53,14
2023-09-22,1058,117,93,100,31,24,69
2023-09-23,1058,104,92,66,43,12,23
2023-09-24,1058,135,81,91,39,54,52
2023-09-25,1058,119,87,72,39,32,33
2023-09-26,1058,146,94,65,49,52,16
2023-09-27,1058,148,72,81,50,76,31
2023-09-28,1058,132,94,89,52,38,37
2023-09-29,1058,147,95,69,40,52,29
2023-09-30,1058,122,83,55,44,39,11
2023-10-01,1058,109,78,59,37,31,22
2023-10-02,1058,102,88,70,33,14,37
2023-10-03,1058,121,76,71,35,45,36
2023-10-04,1058,120,79,82,32,41,50
2023-10-05,1058,127,80,55,38,47,17
2023-10-06,1058,107,85,100,30,22,70
2023-10-07,1058,107,76,70,31,31,39
2023-10-08,1058,125,86,65,49,39,16
2023-10-09,1058,129,75,89,44,54,45
2023-10-10,1058,142,75,83,37,67,46
2023-10-11,1058,110,96,53,39,14,14
2023-10-12,1058,119,67,54,46,52,8
2023-10-13,1058,126,85,66,38,41,28
2023-10-14,1058,132,91,81,40,41,41
2023-10-15,1058,138,68,99,35,70,64
2023-10-16,1058,107,73,81,37,34,44
2023-10-17,1058,101,68,87,51,33,36
2023-10-18,1058,138,66,70,34,72,36
2023-10-19,1058,125,86,54,42,39,12
2023-10-20,1058,126,76,81,51,50,30
2023-10-21,1058,104,101,79,48,3,31
2023-10-22,1058,129,75,71,40,54,31
2023-10-23,1058,104,75,72,36,29,36
2023-10-24,1058,146,76,52,30,70,22
2023-10-25,1058,120,70,99,42,50,57
2023-10-26,1058,115,77,96,41,38,55
2023-10-27,1058,135,87,81,37,48,44
2023-10-28,1058,112,85,84,39,27,45
2023-10-29,1058,119,74,83,24,45,59
2023-10-30,1058,124,74,58,40,50,18
2023-10-31,1058,130,93,86,37,37,49
2023-11-01,1058,136,82,66,39,54,27
2023-11-02,1058,149,86,58,44,63,14
2023-11-03,1058,107,73,60,30,34,30
2023-11-04,1058,137,72,55,57,65,-2
2023-11-05,1058,107,69,51,42,38,9
2023-11-06,1058,131,89,94,37,42,57
2023-11-07,1058,106,78,65,46,28,19
2023-11-08,1058,103,69,84,53,34,31
2023-11-09,1058,125,96,59,45,29,14
2023-11-10,1058,149,78,67,42,71,25
2023-11-11,1058,101,80,76,40,21,36
2023-11-12,1058,128,78,90,33,50,57
2023-11-13,1058,122,70,73,36,52,37
2023-11-14,1058,132,72,66,52,60,14
2023-11-15,1058,129,86,61,41,43,20
2023-11-16,1058,122,65,68,47,57,21
2023-11-17,1058,118,74,69,33,44,36
2023-11-18,1058,129,95,93,31,34,62
2023-11-19,1058,130,80,65,29,50,36
2023-11-20,1058,101,66,51,48,35,3
2023-11-21,1058,111,85,82,37,26,45
2023-11-22,1058,130,83,85,37,47,48
2023-11-23,1058,143,100,77,50,43,27
2023-11-24,1058,119,59,68,53,60,15
2023-11-25,1058,142,73,65,31,69,34
2023-11-26,1058,135,86,67,33,49,34
2023-11-27,1058,147,97,65,41,50,24
2023-11-28,1058,116,96,97,32,20,65
2023-11-29,1058,133,67,70,33,66,37
2023-11-30,1058,132,82,60,41,50,19
2023-12-01,1058,131,78,94,33,53,61
2023-12-02,1058,145,81,96,50,64,46
2023-12-03,1058,106,77,61,42,29,19
2023-12-04,1058,109,66,51,45,43,6
2023-12-05,1058,129,79,69,33,50,36
2023-12-06,1058,117,90,81,49,27,32
2023-12-07,1058,107,80,64,35,27,29
2023-12-08,1058,122,79,63,31,43,32
2023-12-09,1058,107,77,97,37,30,60
2023-12-10,1058,100,81,68,39,19,29
2023-12-11,1058,126,90,94,36,36,58
2023-12-12,1058,110,103,82,44,7,38
2023-12-13,1058,102,85,95,44,17,51
2023-12-14,1058,122,103,60,45,19,15
2023-12-15,1058,133,89,54,40,44,14
2023-12-16,1058,122,76,73,38,46,35
2023-12-17,1058,111,84,55,49,27,6
2023-12-18,1058,115,70,75,35,45,40
2023-12-19,1058,125,72,90,44,53,46
2023-12-20,1058,136,86,80,44,50,36
2023-12-21,1058,118,71,96,41,47,55
2023-12-22,1058,127,86,86,44,41,42
2023-12-23,1058,114,69,84,38,45,46
2023-12-24,1058,121,78,91,41,43,50
2023-12-25,1058,125,71,79,31,54,48
2023-12-26,1058,119,75,93,38,44,55
2023-12-27,1058,129,81,88,32,48,56
2023-12-28,1058,124,95,76,41,29,35
2023-12-29,1058,118,78,63,44,40,19
2023-12-30,1058,101,74,85,36,27,49
2023-12-31,1058,143,85,67,42,58,25
2023-01-01,1059,133,95,72,39,38,33
2023-01-02,1059,121,73,76,36,48,40
2023-01-03,1059,143,80,51,39,63,12
2023-01-04,1059,132,88,68,42,44,26
2023-01-05,1059,104,75,90,40,29,50
2023-01-06,1059,121,94,87,34,27,53
2023-01-07,1059,103,82,96,38,21,58
2023-01-08,1059,145,92,98,37,53,61
2023-01-09,1059,123,59,71,41,64,30
2023-01-10,1059,142,73,60,36,69,24
2023-01-11,1059,132,73,67,36,59,31
2023-01-12,1059,117,78,76,41,39,35
2023-01-13,1059,120,89,50,42,31,8
2023-01-14,1059,124,70,71,39,54,32
2023-01-15,1059,120,77,71,60,43,11
2023-01-16,1059,113,76,96,28,37,68
2023-01-17,1059,100,67,56,40,33,16
2023-01-18,1059,145,91,67,37,54,30
2023-01-19,1059,134,81,81,39,53,42
2023-01-20,1059,131,83,50,32,48,18
2023-01-21,1059,142,75,55,35,67,20
2023-01-22,1059,141,79,65,27,62,38
2023-01-23,1059,141,67,75,48,74,27
2023-01-24,1059,121,80,80,43,41,37
2023-01-25,1059,150,80,81,40,70,41
2023-01-26,1059,130,58,54,46,72,8
2023-01-27,1059,124,80,81,42,44,39
2023-01-28,1059,142,61,77,38,81,39
2023-01-29,1059,115,69,97,42,46,55
2023-01-30,1059,100,88,63,47,12,16
2023-01-31,1059,120,92,62,43,28,19
2023-02-01,1059,111,66,95,42,45,53
2023-02-02,1059,148,72,61,45,76,16
2023-02-03,1059,106,82,56,42,24,14
2023-02-04,1059,121,77,88,40,44,48
2023-02-05,1059,150,95,60,37,55,23
2023-02-06,1059,137,83,64,37,54,27
2023-02-07,1059,110,86,56,41,24,15
2023-02-08,1059,120,82,56,37,38,19
2023-02-09,1059,115,69,61,43,46,18
2023-02-10,1059,108,92,91,40,16,51
2023-02-11,1059,100,79,65,40,21,25
2023-02-12,1059,131,84,53,27,47,26
2023-02-13,1059,108,68,91,51,40,40
2023-02-14,1059,115,79,89,37,36,52
2023-02-15,1059,109,74,89,45,35,44
2023-02-16,1059,121,73,59,35,48,24
2023-02-17,1059,125,75,69,42,50,27
2023-02-18,1059,127,62,53,32,65,21
2023-02-19,1059,108,90,74,42,18,32
2023-02-20,1059,136,93,91,40,43,51
2023-02-21,1059,131,75,61,32,56,29
2023-02-22,1059,128,65,55,36,63,19
2023-02-23,1059,129,85,76,36,44,40
2023-02-24,1059,146,97,87,48,49,39
2023-02-25,1059,118,93,66,46,25,20
2023-02-26,1059,147,99,57,40,48,17
2023-02-27,1059,130,87,79,34,43,45
2023-02-28,1059,103,72,73,37,31,36
2023-03-01,1059,128,78,92,43,50,49
2023-03-02,1059,138,81,94,35,57,59
2023-03-03,1059,136,74,100,30,62,70
2023-03-04,1059,119,90,59,29,29,30
2023-03-05,1059,110,86,56,41,24,15
2023-03-06,1059,149,91,61,41,58,20
2023-03-07,1059,127,65,67,39,62,28
2023-03-08,1059,120,76,84,33,44,51
2023-03-09,1059,120,81,51,38,39,13
2023-03-10,1059,147,76,68,38,71,30
2023-03-11,1059,137,85,57,43,52,14
2023-03-12,1059,150,78,50,35,72,15
2023-03-13,1059,111,86,92,37,25,55
2023-03-14,1059,104,71,52,52,33,0
2023-03-15,1059,107,71,94,43,36,51
2023-03-16,1059,101,90,71,52,11,19
2023-03-17,1059,104,79,98,37,25,61
2023-03-18,1059,114,91,87,36,23,51
2023-03-19,1059,150,80,79,43,70,36
2023-03-20,1059,120,78,79,29,42,50
2023-03-21,1059,130,71,100,45,59,55
2023-03-22,1059,100,86,70,40,14,30
2023-03-23,1059,111,77,60,37,34,23
2023-03-24,1059,114,72,75,40,42,35
2023-03-25,1059,120,80,79,42,40,37
2023-03-26,1059,119,95,84,48,24,36
2023-03-27,1059,101,79,84,38,22,46
2023-03-28,1059,113,73,70,48,40,22
2023-03-29,1059,118,85,95,53,33,42
2023-03-30,1059,137,75,99,28,62,71
2023-03-31,1059,140,83,94,41,57,53
2023-04-01,1059,148,76,82,48,72,34
2023-04-02,1059,142,89,99,38,53,61
2023-04-03,1059,117,64,59,40,53,19
2023-04-04,1059,113,68,51,46,45,5
2023-04-05,1059,104,88,77,34,16,43
2023-04-06,1059,125,84,85,42,41,43
2023-04-07,1059,114,72,76,44,42,32
2023-04-08,1059,145,85,88,41,60,47
2023-04-09,1059,138,80,64,34,58,30
2023-04-10,1059,141,79,87,29,62,58
2023-04-11,1059,104,67,64,31,37,33
2023-04-12,1059,143,82,90,54,61,36
2023-04-13,1059,150,85,68,37,65,31
2023-04-14,1059,127,81,67,40,46,27
2023-04-15,1059,105,72,89,34,33,55
2023-04-16,1059,138,93,85,51,45,34
2023-04-17,1059,111,86,90,32,25,58
2023-04-18,1059,150,79,94,46,71,48
2023-04-19,1059,140,88,64,38,52,26
2023-04-20,1059,138,65,58,51,73,7
2023-04-21,1059,150,88,78,39,62,39
2023-04-22,1059,132,61,82,50,71,32
2023-04-23,1059,144,81,61,46,63,15
2023-04-24,1059,106,70,58,40,36,18
2023-04-25,1059,116,88,80,42,28,38
2023-04-26,1059,147,79,87,47,68,40
2023-04-27,1059,147,74,77,41,73,36
2023-04-28,1059,116,71,64,34,45,30
2023-04-29,1059,138,85,85,43,53,42
2023-04-30,1059,144,101,80,30,43,50
2023-05-01,1059,120,77,50,51,43,-1
2023-05-02,1059,106,77,58,32,29,26
2023-05-03,1059,140,82,61,38,58,23
2023-05-04,1059,147,85,57,31,62,26
2023-05-05,1059,146,85,87,47,61,40
2023-05-06,1059,110,86,69,39,24,30
2023-05-07,1059,125,88,82,45,37,37
2023-05-08,1059,109,68,99,35,41,64
2023-05-09,1059,130,68,65,37,62,28
2023-05-10,1059,101,81,64,47,20,17
2023-05-11,1059,146,82,93,44,64,49
2023-05-12,1059,138,71,95,42,67,53
2023-05-13,1059,100,79,82,31,21,51
2023-05-14,1059,144,85,85,38,59,47
2023-05-15,1059,141,93,67,40,48,27
2023-05-16,1059,115,88,66,38,27,28
2023-05-17,1059,147,83,95,40,64,55
2023-05-18,1059,102,92,95,29,10,66
2023-05-19,1059,134,77,58,38,57,20
2023-05-20,1059,129,68,98,40,61,58
2023-05-21,1059,113,68,93,47,45,46
2023-05-22,1059,133,101,64,37,32,27
2023-05-23,1059,108,69,72,40,39,32
2023-05-24,1059,149,77,59,35,72,24
2023-05-25,1059,110,66,75,49,44,26
2023-05-26,1059,119,83,73,35,36,38
2023-05-27,1059,106,90,98,32,16,66
2023-05-28,1059,112,74,83,44,38,39
2023-05-29,1059,135,88,89,46,47,43
2023-05-30,1059,112,93,63,42,19,21
2023-05-31,1059,102,78,93,47,24,46
2023-06-01,1059,105,74,74,22,31,52
2023-06-02,1059,103,75,90,37,28,53
2023-06-03,1059,129,73,92,50,56,42
2023-06-04,1059,147,77,68,43,70,25
2023-06-05,1059,100,76,83,42,24,41
2023-06-06,1059,107,68,99,43,39,56
2023-06-07,1059,101,80,51,39,21,12
2023-06-08,1059,135,83,57,44,52,13
2023-06-09,1059,140,82,95,41,58,54
2023-06-10,1059,112,87,71,38,25,33
2023-06-11,1059,133,81,73,36,52,37
2023-06-12,1059,144,86,50,34,58,16
2023-06-13,1059,118,67,53,31,51,22
2023-06-14,1059,113,88,61,40,25,21
2023-06-15,1059,102,84,89,34,18,55
2023-06-16,1059,101,100,60,44,1,16
2023-06-17,1059,140,89,75,44,51,31
2023-06-18,1059,125,59,64,37,66,27
2023-06-19,1059,101,84,68,32,17,36
2023-06-20,1059,129,81,76,49,48,27
2023-06-21,1059,130,87,64,42,43,22
2023-06-22,1059,149,97,78,28,52,50
2023-06-23,1059,135,82,92,37,53,55
2023-06-24,1059,108,78,64,35,30,29
2023-06-25,1059,117,72,78,52,45,26
2023-06-26,1059,119,85,74,47,34,27
2023-06-27,1059,111,96,83,38,15,45
2023-06-28,1059,108,68,64,38,40,26
2023-06-29,1059,102,91,61,46,11,15
2023-06-30,1059,111,86,85,36,25,49
2023-07-01,1059,111,108,100,37,3,63
2023-07-02,1059,122,78,78,35,44,43
2023-07-03,1059,144,79,50,28,65,22
2023-07-04,1059,136,84,52,44,52,8
2023-07-05,1059,129,80,62,50,49,12
2023-07-06,1059,113,84,92,52,29,40
2023-07-07,1059,140,95,93,40,45,53
2023-07-08,1059,122,67,76,22,55,54
2023-07-09,1059,114,93,100,41,21,59
2023-07-10,1059,113,68,69,37,45,32
2023-07-11,1059,115,69,64,42,46,22
2023-07-12,1059,136,70,54,45,66,9
2023-07-13,1059,130,78,96,34,52,62
2023-07-14,1059,112,86,89,50,26,39
2023-07-15,1059,133,91,64,47,42,17
2023-07-16,1059,147,83,92,36,64,56
2023-07-17,1059,112,97,66,34,15,32
2023-07-18,1059,123,94,81,31,29,50
2023-07-19,1059,136,85,73,37,51,36
2023-07-20,1059,135,82,60,39,53,21
2023-07-21,1059,130,86,60,48,44,12
2023-07-22,1059,142,84,60,38,58,22
2023-07-23,1059,130,75,75,38,55,37
2023-07-24,1059,118,90,53,31,28,22
2023-07-25,1059,145,88,95,38,57,57
2023-07-26,1059,123,81,98,58,42,40
2023-07-27,1059,107,86,79,34,21,45
2023-07-28,1059,125,77,63,48,48,15
2023-07-29,1059,123,90,84,42,33,42
2023-07-30,1059,100,79,81,30,21,51
2023-07-31,1059,126,89,56,49,37,7
2023-08-01,1059,123,70,98,39,53,59
2023-08-02,1059,139,85,96,35,54,61
2023-08-03,1059,122,78,91,37,44,54
2023-08-04,1059,107,83,58,40,24,18
2023-08-05,1059,150,87,51,46,63,5
2023-08-06,1059,121,83,65,40,38,25
2023-08-07,1059,121,76,82,46,45,36
2023-08-08,1059,130,68,85,42,62,43
2023-08-09,1059,123,93,92,44,30,48
2023-08-10,1059,102,82,64,44,20,20
2023-08-11,1059,105,78,80,39,27,41
2023-08-12,1059,119,85,92,36,34,56
2023-08-13,1059,131,98,89,41,33,48
2023-08-14,1059,107,88,100,33,19,67
2023-08-15,1059,136,95,72,50,41,22
2023-08-16,1059,127,86,75,41,41,34
2023-08-17,1059,105,76,65,34,29,31
2023-08-18,1059,128,89,77,48,39,29
2023-08-19,1059,112,78,88,39,34,49
2023-08-20,1059,100,80,51,42,20,9
2023-08-21,1059,147,79,54,49,68,5
2023-08-22,1059,115,79,71,46,36,25
2023-08-23,1059,133,88,72,40,45,32
2023-08-24,1059,110,88,92,38,22,54
2023-08-25,1059,137,86,84,34,51,50
2023-08-26,1059,134,84,89,40,50,49
2023-08-27,1059,133,76,84,44,57,40
2023-08-28,1059,111,61,53,49,50,4
2023-08-29,1059,136,86,79,36,50,43
2023-08-30,1059,143,76,53,42,67,11
2023-08-31,1059,131,87,88,49,44,39
2023-09-01,1059,119,76,84,30,43,54
2023-09-02,1059,120,79,67,35,41,32
2023-09-03,1059,123,80,85,38,43,47
2023-09-04,1059,121,90,83,40,31,43
2023-09-05,1059,121,92,52,42,29,10
2023-09-06,1059,149,79,94,37,70,57
2023-09-07,1059,106,80,92,37,26,55
2023-09-08,1059,144,100,71,43,44,28
2023-09-09,1059,119,75,63,34,44,29
2023-09-10,1059,146,70,92,53,76,39
2023-09-11,1059,135,84,56,49,51,7
2023-09-12,1059,150,78,93,45,72,48
2023-09-13,1059,122,92,91,45,30,46
2023-09-14,1059,113,95,50,46,18,4
2023-09-15,1059,138,74,78,41,64,37
2023-09-16,1059,142,94,71,35,48,36
2023-09-17,1059,111,79,52,40,32,12
2023-09-18,1059,102,81,79,37,21,42
2023-09-19,1059,134,71,92,54,63,38
2023-09-20,1059,123,85,100,34,38,66
2023-09-21,1059,141,74,84,34,67,50
2023-09-22,1059,132,87,53,45,45,8
2023-09-23,1059,143,75,68,46,68,22
2023-09-24,1059,104,80,90,44,24,46
2023-09-25,1059,100,79,68,40,21,28
2023-09-26,1059,134,78,82,30,56,52
2023-09-27,1059,131,84,52,40,47,12
2023-09-28,1059,134,80,87,48,54,39
2023-09-29,1059,117,69,80,45,48,35
2023-09-30,1059,117,79,61,42,38,19
2023-10-01,1059,103,77,98,39,26,59
2023-10-02,1059,111,96,78,51,15,27
2023-10-03,1059,136,78,84,44,58,40
2023-10-04,1059,126,83,90,44,43,46
2023-10-05,1059,134,84,95,37,50,58
2023-10-06,1059,107,86,87,40,21,47
2023-10-07,1059,133,88,53,41,45,12
2023-10-08,1059,105,69,72,44,36,28
2023-10-09,1059,149,62,91,31,87,60
2023-10-10,1059,124,86,51,37,38,14
2023-10-11,1059,135,58,58,42,77,16
2023-10-12,1059,145,90,99,43,55,56
2023-10-13,1059,100,78,58,40,22,18
2023-10-14,1059,122,64,58,49,58,9
2023-10-15,1059,149,81,66,55,68,11
2023-10-16,1059,123,84,95,39,39,56
2023-10-17,1059,114,87,100,43,27,57
2023-10-18,1059,118,80,66,34,38,32
2023-10-19,1059,117,87,98,42,30,56
2023-10-20,1059,127,106,92,42,21,50
2023-10-21,1059,142,75,92,37,67,55
2023-10-22,1059,124,88,85,26,36,59
2023-10-23,1059,104,81,59,37,23,22
2023-10-24,1059,121,88,57,50,33,7
2023-10-25,1059,141,87,61,30,54,31
2023-10-26,1059,117,78,52,43,39,9
2023-10-27,1059,150,71,92,35,79,57
2023-10-28,1059,134,74,50,36,60,14
2023-10-29,1059,138,89,87,41,49,46
2023-10-30,1059,140,89,61,43,51,18
2023-10-31,1059,112,95,90,28,17,62
2023-11-01,1059,116,88,53,38,28,15
2023-11-02,1059,116,68,65,30,48,35
2023-11-03,1059,140,74,53,44,66,9
2023-11-04,1059,121,83,69,50,38,19
2023-11-05,1059,111,85,87,41,26,46
2023-11-06,1059,117,83,66,41,34,25
2023-11-07,1059,148,81,65,44,67,21
2023-11-08,1059,127,79,69,42,48,27
2023-11-09,1059,108,91,80,46,17,34
2023-11-10,1059,100,76,86,34,24,52
2023-11-11,1059,124,92,62,41,32,21
2023-11-12,1059,130,72,85,45,58,40
2023-11-13,1059,116,81,51,38,35,13
2023-11-14,1059,118,81,62,39,37,23
2023-11-15,1059,110,83,73,44,27,29
2023-11-16,1059,130,75,73,53,55,20
2023-11-17,1059,136,92,72,38,44,34
2023-11-18,1059,129,86,69,39,43,30
2023-11-19,1059,100,73,77,49,27,28
2023-11-20,1059,114,78,87,39,36,48
2023-11-21,1059,110,78,100,43,32,57
2023-11-22,1059,123,67,98,34,56,64
2023-11-23,1059,113,67,77,33,46,44
2023-11-24,1059,129,84,56,36,45,20
2023-11-25,1059,135,83,81,47,52,34
2023-11-26,1059,110,75,83,36,35,47
2023-11-27,1059,124,83,99,34,41,65
2023-11-28,1059,108,82,86,49,26,37
2023-11-29,1059,147,91,50,37,56,13
2023-11-30,1059,143,82,61,45,61,16
2023-12-01,1059,121,65,74,46,56,28
2023-12-02,1059,107,89,97,42,18,55
2023-12-03,1059,134,69,99,35,65,64
2023-12-04,1059,133,100,60,39,33,21
2023-12-05,1059,104,74,79,52,30,27
2023-12-06,1059,122,85,61,57,37,4
2023-12-07,1059,100,84,98,31,16,67
2023-12-08,1059,122,77,59,33,45,26
2023-12-09,1059,115,86,100,43,29,57
2023-12-10,1059,147,61,61,54,86,7
2023-12-11,1059,121,68,78,32,53,46
2023-12-12,1059,116,72,91,50,44,41
2023-12-13,1059,114,65,93,35,49,58
2023-12-14,1059,119,79,90,33,40,57
2023-12-15,1059,120,76,60,54,44,6
2023-12-16,1059,141,74,95,33,67,62
2023-12-17,1059,139,72,86,45,67,41
2023-12-18,1059,127,77,73,39,50,34
2023-12-19,1059,129,82,69,47,47,22
2023-12-20,1059,124,84,58,47,40,11
2023-12-21,1059,117,91,86,29,26,57
2023-12-22,1059,148,87,92,46,61,46
2023-12-23,1059,128,75,80,41,53,39
2023-12-24,1059,134,87,65,51,47,14
2023-12-25,1059,132,70,59,37,62,22
2023-12-26,1059,100,67,97,33,33,64
2023-12-27,1059,141,65,82,40,76,42
2023-12-28,1059,148,80,56,38,68,18
2023-12-29,1059,124,82,85,42,42,43
2023-12-30,1059,133,81,93,57,52,36
2023-12-31,1059,149,80,81,50,69,31
2023-01-01,1060,144,70,60,37,74,23
2023-01-02,1060,137,81,78,41,56,37
2023-01-03,1060,137,77,76,42,60,34
2023-01-04,1060,150,78,85,34,72,51
2023-01-05,1060,143,62,96,45,81,51
2023-01-06,1060,106,90,97,50,16,47
2023-01-07,1060,128,82,78,37,46,41
2023-01-08,1060,110,85,69,38,25,31
2023-01-09,1060,126,81,63,37,45,26
2023-01-10,1060,128,102,68,39,26,29
2023-01-11,1060,145,86,62,42,59,20
2023-01-12,1060,141,78,78,51,63,27
2023-01-13,1060,132,87,78,33,45,45
2023-01-14,1060,121,78,65,31,43,34
2023-01-15,1060,149,70,98,41,79,57
2023-01-16,1060,111,82,87,36,29,51
2023-01-17,1060,124,91,87,34,33,53
2023-01-18,1060,137,78,56,43,59,13
2023-01-19,1060,125,98,83,41,27,42
2023-01-20,1060,143,82,72,38,61,34
2023-01-21,1060,130,75,93,32,55,61
2023-01-22,1060,136,98,63,51,38,12
2023-01-23,1060,141,88,89,33,53,56
2023-01-24,1060,131,64,70,34,67,36
2023-01-25,1060,149,70,81,37,79,44
2023-01-26,1060,138,90,93,42,48,51
2023-01-27,1060,109,70,56,45,39,11
2023-01-28,1060,118,77,94,43,41,51
2023-01-29,1060,145,70,86,49,75,37
2023-01-30,1060,143,81,95,47,62,48
2023-01-31,1060,144,79,54,44,65,10
2023-02-01,1060,139,90,59,37,49,22
2023-02-02,1060,109,89,51,40,20,11
2023-02-03,1060,112,74,94,38,38,56
2023-02-04,1060,140,91,59,61,49,-2
2023-02-05,1060,135,93,50,37,42,13
2023-02-06,1060,135,69,58,39,66,19
2023-02-07,1060,135,89,94,41,46,53
2023-02-08,1060,146,84,52,45,62,7
2023-02-09,1060,111,64,58,30,47,28
2023-02-10,1060,131,76,63,46,55,17
2023-02-11,1060,124,86,64,32,38,32
2023-02-12,1060,147,93,72,38,54,34
2023-02-13,1060,127,82,98,29,45,69
2023-02-14,1060,150,67,53,45,83,8
2023-02-15,1060,144,89,100,39,55,61
2023-02-16,1060,102,79,64,34,23,30
2023-02-17,1060,108,82,63,37,26,26
2023-02-18,1060,144,69,60,43,75,17
2023-02-19,1060,115,66,99,37,49,62
2023-02-20,1060,113,69,68,36,44,32
2023-02-21,1060,109,97,96,38,12,58
2023-02-22,1060,127,92,64,40,35,24
2023-02-23,1060,146,78,75,52,68,23
2023-02-24,1060,141,80,58,39,61,19
2023-02-25,1060,137,94,79,43,43,36
2023-02-26,1060,133,85,79,36,48,43
2023-02-27,1060,106,59,93,39,47,54
2023-02-28,1060,135,94,90,34,41,56
2023-03-01,1060,100,77,100,37,23,63
2023-03-02,1060,120,74,97,41,46,56
2023-03-03,1060,137,62,77,46,75,31
2023-03-04,1060,110,63,68,42,47,26
2023-03-05,1060,147,89,86,35,58,51
2023-03-06,1060,115,79,100,46,36,54
2023-03-07,1060,133,85,70,45,48,25
2023-03-08,1060,101,65,100,49,36,51
2023-03-09,1060,104,91,82,39,13,43
2023-03-10,1060,108,82,72,40,26,32
2023-03-11,1060,134,81,56,41,53,15
2023-03-12,1060,147,102,72,38,45,34
2023-03-13,1060,121,77,94,31,44,63
2023-03-14,1060,133,94,78,51,39,27
2023-03-15,1060,129,54,78,47,75,31
2023-03-16,1060,103,67,84,46,36,38
2023-03-17,1060,142,81,52,40,61,12
2023-03-18,1060,145,81,62,48,64,14
2023-03-19,1060,117,85,98,36,32,62
2023-03-20,1060,137,86,54,41,51,13
2023-03-21,1060,141,61,71,35,80,36
2023-03-22,1060,143,88,95,38,55,57
2023-03-23,1060,141,87,81,36,54,45
2023-03-24,1060,138,85,74,34,53,40
2023-03-25,1060,113,66,61,44,47,17
2023-03-26,1060,142,81,87,39,61,48
2023-03-27,1060,112,83,90,40,29,50
2023-03-28,1060,117,91,100,45,26,55
2023-03-29,1060,100,82,89,41,18,48
2023-03-30,1060,125,88,96,35,37,61
2023-03-31,1060,129,62,54,41,67,13
2023-04-01,1060,120,90,58,39,30,19
2023-04-02,1060,131,77,100,40,54,60
2023-04-03,1060,144,83,57,38,61,19
2023-04-04,1060,127,90,87,47,37,40
2023-04-05,1060,108,73,56,38,35,18
2023-04-06,1060,127,78,65,40,49,25
2023-04-07,1060,120,79,74,41,41,33
2023-04-08,1060,101,79,83,47,22,36
2023-04-09,1060,120,75,62,37,45,25
2023-04-10,1060,116,84,71,37,32,34
2023-04-11,1060,142,71,73,38,71,35
2023-04-12,1060,108,96,54,40,12,14
2023-04-13,1060,136,102,94,34,34,60
2023-04-14,1060,100,88,80,36,12,44
2023-04-15,1060,108,79,53,55,29,-2
2023-04-16,1060,143,78,60,33,65,27
2023-04-17,1060,106,81,65,42,25,23
2023-04-18,1060,106,98,91,28,8,63
2023-04-19,1060,106,74,68,40,32,28
2023-04-20,1060,138,85,57,39,53,18
2023-04-21,1060,106,87,61,47,19,14
2023-04-22,1060,150,75,82,28,75,54
2023-04-23,1060,132,95,100,46,37,54
2023-04-24,1060,122,71,93,39,51,54
2023-04-25,1060,115,79,89,37,36,52
2023-04-26,1060,114,83,83,38,31,45
2023-04-27,1060,127,76,76,36,51,40
2023-04-28,1060,142,80,84,30,62,54
2023-04-29,1060,115,70,99,43,45,56
2023-04-30,1060,101,65,56,29,36,27
2023-05-01,1060,101,86,91,40,15,51
2023-05-02,1060,109,89,93,36,20,57
2023-05-03,1060,145,73,59,41,72,18
2023-05-04,1060,120,98,55,41,22,14
2023-05-05,1060,134,66,80,38,68,42
2023-05-06,1060,106,76,76,39,30,37
2023-05-07,1060,122,74,53,25,48,28
2023-05-08,1060,111,62,88,40,49,48
2023-05-09,1060,118,79,86,51,39,35
2023-05-10,1060,149,71,59,42,78,17
2023-05-11,1060,129,76,91,38,53,53
2023-05-12,1060,140,94,85,39,46,46
2023-05-13,1060,148,64,59,26,84,33
2023-05-14,1060,135,77,93,44,58,49
2023-05-15,1060,120,69,100,52,51,48
2023-05-16,1060,149,80,56,55,69,1
2023-05-17,1060,144,71,88,46,73,42
2023-05-18,1060,138,59,71,55,79,16
2023-05-19,1060,117,61,54,36,56,18
2023-05-20,1060,116,80,64,37,36,27
2023-05-21,1060,139,75,79,34,64,45
2023-05-22,1060,101,88,73,39,13,34
2023-05-23,1060,147,88,64,40,59,24
2023-05-24,1060,115,68,51,46,47,5
2023-05-25,1060,109,71,70,38,38,32
2023-05-26,1060,110,89,63,36,21,27
2023-05-27,1060,104,76,61,47,28,14
2023-05-28,1060,107,79,54,43,28,11
2023-05-29,1060,122,82,86,43,40,43
2023-05-30,1060,119,80,52,37,39,15
2023-05-31,1060,120,95,74,35,25,39
2023-06-01,1060,144,87,94,37,57,57
2023-06-02,1060,138,99,92,45,39,47
2023-06-03,1060,118,89,51,37,29,14
2023-06-04,1060,113,80,86,40,33,46
2023-06-05,1060,135,84,73,29,51,44
2023-06-06,1060,110,94,59,42,16,17
2023-06-07,1060,142,85,59,32,57,27
2023-06-08,1060,120,82,64,32,38,32
2023-06-09,1060,102,86,83,42,16,41
2023-06-10,1060,148,90,60,39,58,21
2023-06-11,1060,116,71,93,45,45,48
2023-06-12,1060,113,82,63,37,31,26
2023-06-13,1060,142,69,82,47,73,35
2023-06-14,1060,150,88,60,39,62,21
2023-06-15,1060,146,85,86,48,61,38
2023-06-16,1060,140,76,97,45,64,52
2023-06-17,1060,133,73,69,29,60,40
2023-06-18,1060,112,76,87,47,36,40
2023-06-19,1060,138,67,67,37,71,30
2023-06-20,1060,104,77,53,35,27,18
2023-06-21,1060,100,87,98,35,13,63
2023-06-22,1060,123,82,51,43,41,8
2023-06-23,1060,102,82,79,35,20,44
2023-06-24,1060,136,69,74,46,67,28
2023-06-25,1060,104,83,70,51,21,19
2023-06-26,1060,117,89,73,41,28,32
2023-06-27,1060,108,82,86,49,26,37
2023-06-28,1060,127,75,90,30,52,60
2023-06-29,1060,129,76,92,43,53,49
2023-06-30,1060,116,83,68,42,33,26
2023-07-01,1060,147,85,61,30,62,31
2023-07-02,1060,115,82,82,49,33,33
2023-07-03,1060,115,68,80,42,47,38
2023-07-04,1060,150,71,94,40,79,54
2023-07-05,1060,120,80,61,42,40,19
2023-07-06,1060,132,87,74,47,45,27
2023-07-07,1060,105,81,72,43,24,29
2023-07-08,1060,119,75,79,43,44,36
2023-07-09,1060,139,69,73,29,70,44
2023-07-10,1060,116,72,90,47,44,43
2023-07-11,1060,111,77,55,38,34,17
2023-07-12,1060,102,67,74,39,35,35
2023-07-13,1060,127,79,74,23,48,51
2023-07-14,1060,116,71,56,42,45,14
2023-07-15,1060,100,81,73,41,19,32
2023-07-16,1060,113,79,87,48,34,39
2023-07-17,1060,140,78,77,36,62,41
2023-07-18,1060,143,98,94,36,45,58
2023-07-19,1060,140,78,96,50,62,46
2023-07-20,1060,131,87,93,48,44,45
2023-07-21,1060,144,76,73,40,68,33
2023-07-22,1060,146,63,90,36,83,54
2023-07-23,1060,124,78,61,33,46,28
2023-07-24,1060,108,74,86,41,34,45
2023-07-25,1060,134,83,82,46,51,36
2023-07-26,1060,141,86,65,44,55,21
2023-07-27,1060,146,81,99,43,65,56
2023-07-28,1060,134,88,69,34,46,35
2023-07-29,1060,140,70,98,38,70,60
2023-07-30,1060,126,73,89,37,53,52
2023-07-31,1060,123,73,76,42,50,34
2023-08-01,1060,107,80,60,38,27,22
2023-08-02,1060,137,88,84,40,49,44
2023-08-03,1060,124,80,83,37,44,46
2023-08-04,1060,109,98,92,36,11,56
2023-08-05,1060,121,88,72,49,33,23
2023-08-06,1060,118,88,54,34,30,20
2023-08-07,1060,107,89,97,46,18,51
2023-08-08,1060,134,77,60,35,57,25
2023-08-09,1060,105,78,97,39,27,58
2023-08-10,1060,119,84,56,25,35,31
2023-08-11,1060,109,90,88,39,19,49
2023-08-12,1060,145,74,50,38,71,12
2023-08-13,1060,107,78,76,38,29,38
2023-08-14,1060,146,89,92,31,57,61
2023-08-15,1060,128,90,90,49,38,41
2023-08-16,1060,131,90,79,38,41,41
2023-08-17,1060,134,84,94,41,50,53
2023-08-18,1060,149,80,53,33,69,20
2023-08-19,1060,117,89,100,35,28,65
2023-08-20,1060,112,81,57,39,31,18
2023-08-21,1060,147,85,90,42,62,48
2023-08-22,1060,136,85,83,42,51,41
2023-08-23,1060,105,56,88,35,49,53
2023-08-24,1060,139,67,58,39,72,19
2023-08-25,1060,128,78,75,36,50,39
2023-08-26,1060,106,87,93,40,19,53
2023-08-27,1060,145,89,78,43,56,35
2023-08-28,1060,119,93,86,24,26,62
2023-08-29,1060,117,69,50,48,48,2
2023-08-30,1060,121,95,88,41,26,47
2023-08-31,1060,128,61,54,33,67,21
2023-09-01,1060,100,92,67,54,8,13
2023-09-02,1060,118,84,72,44,34,28
2023-09-03,1060,149,70,94,51,79,43
2023-09-04,1060,140,69,72,42,71,30
2023-09-05,1060,138,78,67,37,60,30
2023-09-06,1060,123,89,55,45,34,10
2023-09-07,1060,107,73,84,40,34,44
2023-09-08,1060,119,67,99,44,52,55
2023-09-09,1060,122,82,68,32,40,36
2023-09-10,1060,133,65,68,39,68,29
2023-09-11,1060,128,75,73,29,53,44
2023-09-12,1060,120,80,57,37,40,20
2023-09-13,1060,105,79,82,32,26,50
2023-09-14,1060,100,72,79,40,28,39
2023-09-15,1060,119,88,81,34,31,47
2023-09-16,1060,102,87,76,49,15,27
2023-09-17,1060,136,83,64,50,53,14
2023-09-18,1060,121,89,81,39,32,42
2023-09-19,1060,142,95,81,36,47,45
2023-09-20,1060,102,88,82,41,14,41
2023-09-21,1060,138,74,95,38,64,57
2023-09-22,1060,143,81,78,37,62,41
2023-09-23,1060,136,72,54,39,64,15
2023-09-24,1060,145,82,75,37,63,38
2023-09-25,1060,143,85,82,39,58,43
2023-09-26,1060,131,77,89,32,54,57
2023-09-27,1060,128,94,93,38,34,55
2023-09-28,1060,139,88,93,29,51,64
2023-09-29,1060,137,77,62,35,60,27
2023-09-30,1060,104,83,94,40,21,54
2023-10-01,1060,111,75,80,36,36,44
2023-10-02,1060,118,64,78,44,54,34
2023-10-03,1060,132,68,85,31,64,54
2023-10-04,1060,123,76,95,34,47,61
2023-10-05,1060,135,99,76,34,36,42
2023-10-06,1060,145,79,99,37,66,62
2023-10-07,1060,126,77,94,47,49,47
2023-10-08,1060,149,73,68,39,76,29
2023-10-09,1060,139,98,93,44,41,49
2023-10-10,1060,101,76,96,28,25,68
2023-10-11,1060,124,65,80,42,59,38
2023-10-12,1060,104,87,98,34,17,64
2023-10-13,1060,142,81,57,38,61,19
2023-10-14,1060,142,78,78,41,64,37
2023-10-15,1060,108,96,88,35,12,53
2023-10-16,1060,104,88,51,43,16,8
2023-10-17,1060,113,66,61,46,47,15
2023-10-18,1060,104,93,91,44,11,47
2023-10-19,1060,149,69,58,40,80,18
2023-10-20,1060,105,92,81,39,13,42
2023-10-21,1060,106,79,54,36,27,18
2023-10-22,1060,136,89,78,41,47,37
2023-10-23,1060,129,85,71,49,44,22
2023-10-24,1060,109,81,63,33,28,30
2023-10-25,1060,150,63,95,43,87,52
2023-10-26,1060,113,73,96,36,40,60
2023-10-27,1060,128,100,70,42,28,28
2023-10-28,1060,141,83,53,37,58,16
2023-10-29,1060,148,78,52,42,70,10
2023-10-30,1060,137,77,96,48,60,48
2023-10-31,1060,122,79,93,42,43,51
2023-11-01,1060,131,70,95,40,61,55
2023-11-02,1060,114,86,94,38,28,56
2023-11-03,1060,133,80,85,39,53,46
2023-11-04,1060,149,73,56,32,76,24
2023-11-05,1060,122,79,66,45,43,21
2023-11-06,1060,128,86,72,44,42,28
2023-11-07,1060,149,87,78,37,62,41
2023-11-08,1060,111,87,89,36,24,53
2023-11-09,1060,140,91,90,51,49,39
2023-11-10,1060,142,81,96,37,61,59
2023-11-11,1060,100,79,80,35,21,45
2023-11-12,1060,121,86,93,35,35,58
2023-11-13,1060,142,81,56,44,61,12
2023-11-14,1060,108,72,73,36,36,37
2023-11-15,1060,129,84,65,44,45,21
2023-11-16,1060,144,87,91,31,57,60
2023-11-17,1060,126,74,56,34,52,22
2023-11-18,1060,104,85,86,40,19,46
2023-11-19,1060,133,89,61,39,44,22
2023-11-20,1060,133,66,70,41,67,29
2023-11-21,1060,132,100,81,37,32,44
2023-11-22,1060,133,79,89,51,54,38
2023-11-23,1060,150,73,56,34,77,22
2023-11-24,1060,109,91,61,40,18,21
2023-11-25,1060,130,72,90,42,58,48
2023-11-26,1060,142,71,87,38,71,49
2023-11-27,1060,134,85,70,40,49,30
2023-11-28,1060,128,64,97,48,64,49
2023-11-29,1060,147,82,62,46,65,16
2023-11-30,1060,101,66,65,35,35,30
2023-12-01,1060,106,85,89,51,21,38
2023-12-02,1060,144,63,63,36,81,27
2023-12-03,1060,113,96,61,30,17,31
2023-12-04,1060,116,75,58,43,41,15
2023-12-05,1060,144,74,80,37,70,43
2023-12-06,1060,109,71,96,52,38,44
2023-12-07,1060,113,85,75,37,28,38
2023-12-08,1060,135,83,60,43,52,17
2023-12-09,1060,147,89,84,43,58,41
2023-12-10,1060,136,79,81,41,57,40
2023-12-11,1060,124,80,74,43,44,31
2023-12-12,1060,113,83,76,40,30,36
2023-12-13,1060,134,85,85,39,49,46
2023-12-14,1060,132,85,54,34,47,20
2023-12-15,1060,137,65,60,54,72,6
2023-12-16,1060,118,68,56,42,50,14
2023-12-17,1060,135,73,79,29,62,50
2023-12-18,1060,127,100,85,44,27,41
2023-12-19,1060,125,90,83,50,35,33
2023-12-20,1060,148,93,85,45,55,40
2023-12-21,1060,103,85,96,36,18,60
2023-12-22,1060,119,83,74,32,36,42
2023-12-23,1060,126,67,56,41,59,15
2023-12-24,1060,140,64,58,43,76,15
2023-12-25,1060,147,71,65,52,76,13
2023-12-26,1060,102,83,97,42,19,55
2023-12-27,1060,113,55,86,23,58,63
2023-12-28,1060,148,78,51,44,70,7
2023-12-29,1060,133,88,83,32,45,51
2023-12-30,1060,106,96,64,45,10,19
2023-12-31,1060,147,75,92,51,72,41
2023-01-01,1061,116,72,97,31,44,66
2023-01-02,1061,149,89,82,41,60,41
2023-01-03,1061,133,79,65,35,54,30
2023-01-04,1061,108,82,72,39,26,33
2023-01-05,1061,133,80,78,36,53,42
2023-01-06,1061,108,103,82,26,5,56
2023-01-07,1061,145,82,80,39,63,41
2023-01-08,1061,129,85,56,35,44,21
2023-01-09,1061,134,80,97,36,54,61
2023-01-10,1061,150,70,51,43,80,8
2023-01-11,1061,136,80,65,33,56,32
2023-01-12,1061,122,75,90,37,47,53
2023-01-13,1061,132,79,100,36,53,64
2023-01-14,1061,118,78,97,45,40,52
2023-01-15,1061,123,69,57,38,54,19
2023-01-16,1061,108,73,86,39,35,47
2023-01-17,1061,121,75,91,34,46,57
2023-01-18,1061,126,76,96,42,50,54
2023-01-19,1061,120,75,63,45,45,18
2023-01-20,1061,128,77,97,40,51,57
2023-01-21,1061,127,69,57,44,58,13
2023-01-22,1061,140,71,61,38,69,23
2023-01-23,1061,112,97,64,46,15,18
2023-01-24,1061,107,71,76,44,36,32
2023-01-25,1061,125,79,72,39,46,33
2023-01-26,1061,141,85,66,38,56,28
2023-01-27,1061,114,67,100,34,47,66
2023-01-28,1061,138,86,58,32,52,26
2023-01-29,1061,107,84,63,31,23,32
2023-01-30,1061,107,77,98,45,30,53
2023-01-31,1061,108,76,71,48,32,23
2023-02-01,1061,138,67,77,35,71,42
2023-02-02,1061,118,76,56,31,42,25
2023-02-03,1061,110,69,85,52,41,33
2023-02-04,1061,126,62,90,41,64,49
2023-02-05,1061,129,85,100,43,44,57
2023-02-06,1061,101,84,99,34,17,65
2023-02-07,1061,113,82,89,36,31,53
2023-02-08,1061,150,83,77,27,67,50
2023-02-09,1061,124,78,87,47,46,40
2023-02-10,1061,143,75,95,34,68,61
2023-02-11,1061,144,87,97,44,57,53
2023-02-12,1061,108,92,80,52,16,28
2023-02-13,1061,146,97,70,37,49,33
2023-02-14,1061,104,77,59,41,27,18
2023-02-15,1061,108,74,59,44,34,15
2023-02-16,1061,117,76,79,31,41,48
2023-02-17,1061,115,80,63,43,35,20
2023-02-18,1061,129,79,52,39,50,13
2023-02-19,1061,150,79,63,45,71,18
2023-02-20,1061,141,62,74,38,79,36
2023-02-21,1061,144,90,91,47,54,44
2023-02-22,1061,140,88,91,42,52,49
2023-02-23,1061,141,75,61,37,66,24
2023-02-24,1061,141,90,70,46,51,24
2023-02-25,1061,142,97,83,45,45,38
2023-02-26,1061,126,79,72,48,47,24
2023-02-27,1061,145,84,79,44,61,35
2023-02-28,1061,106,81,84,42,25,42
2023-03-01,1061,121,68,78,38,53,40
2023-03-02,1061,140,73,100,34,67,66
2023-03-03,1061,107,84,55,37,23,18
2023-03-04,1061,126,74,55,38,52,17
2023-03-05,1061,122,81,52,53,41,-1
2023-03-06,1061,150,80,81,40,70,41
2023-03-07,1061,137,72,86,31,65,55
2023-03-08,1061,142,76,99,51,66,48
2023-03-09,1061,101,66,98,42,35,56
2023-03-10,1061,114,84,88,33,30,55
2023-03-11,1061,144,69,80,49,75,31
2023-03-12,1061,123,74,78,42,49,36
2023-03-13,1061,117,81,55,43,36,12
2023-03-14,1061,138,64,94,40,74,54
2023-03-15,1061,105,87,69,37,18,32
2023-03-16,1061,137,77,71,30,60,41
2023-03-17,1061,105,84,84,34,21,50
2023-03-18,1061,142,79,62,41,63,21
2023-03-19,1061,137,72,60,34,65,26
2023-03-20,1061,103,73,51,37,30,14
2023-03-21,1061,103,79,81,42,24,39
2023-03-22,1061,138,77,60,36,61,24
2023-03-23,1061,110,89,57,38,21,19
2023-03-24,1061,137,79,88,43,58,45
2023-03-25,1061,102,78,98,41,24,57
2023-03-26,1061,137,86,88,45,51,43
2023-03-27,1061,129,74,82,45,55,37
2023-03-28,1061,142,78,66,34,64,32
2023-03-29,1061,107,80,70,51,27,19
2023-03-30,1061,132,93,78,29,39,49
2023-03-31,1061,134,74,62,42,60,20
2023-04-01,1061,101,77,61,56,24,5
2023-04-02,1061,127,75,80,36,52,44
2023-04-03,1061,118,77,76,29,41,47
2023-04-04,1061,101,80,98,44,21,54
2023-04-05,1061,131,81,76,46,50,30
2023-04-06,1061,113,71,89,41,42,48
2023-04-07,1061,114,86,68,48,28,20
2023-04-08,1061,145,70,58,35,75,23
2023-04-09,1061,141,77,89,35,64,54
2023-04-10,1061,116,68,87,51,48,36
2023-04-11,1061,102,87,97,49,15,48
2023-04-12,1061,148,74,90,33,74,57
2023-04-13,1061,131,71,80,46,60,34
2023-04-14,1061,118,76,56,46,42,10
2023-04-15,1061,102,72,98,36,30,62
2023-04-16,1061,134,92,66,33,42,33
2023-04-17,1061,119,66,76,47,53,29
2023-04-18,1061,115,88,95,32,27,63
2023-04-19,1061,147,86,63,35,61,28
2023-04-20,1061,127,52,92,48,75,44
2023-04-21,1061,109,79,56,42,30,14
2023-04-22,1061,121,86,58,36,35,22
2023-04-23,1061,119,62,78,41,57,37
2023-04-24,1061,137,80,50,44,57,6
2023-04-25,1061,111,81,84,43,30,41
2023-04-26,1061,105,88,85,41,17,44
2023-04-27,1061,139,84,80,59,55,21
2023-04-28,1061,116,66,66,42,50,24
2023-04-29,1061,115,84,55,45,31,10
2023-04-30,1061,110,69,83,41,41,42
2023-05-01,1061,141,91,54,25,50,29
2023-05-02,1061,150,70,77,37,80,40
2023-05-03,1061,127,77,58,44,50,14
2023-05-04,1061,142,69,84,47,73,37
2023-05-05,1061,110,85,62,41,25,21
2023-05-06,1061,135,83,53,48,52,5
2023-05-07,1061,103,91,93,37,12,56
2023-05-08,1061,113,68,77,32,45,45
2023-05-09,1061,134,89,94,36,45,58
2023-05-10,1061,146,93,52,39,53,13
2023-05-11,1061,100,76,80,32,24,48
2023-05-12,1061,150,75,63,43,75,20
2023-05-13,1061,135,86,91,40,49,51
2023-05-14,1061,137,79,64,41,58,23
2023-05-15,1061,104,71,100,40,33,60
2023-05-16,1061,127,86,93,25,41,68
2023-05-17,1061,130,84,65,39,46,26
2023-05-18,1061,120,80,77,38,40,39
2023-05-19,1061,130,80,63,35,50,28
2023-05-20,1061,138,63,97,29,75,68
2023-05-21,1061,116,93,53,44,23,9
2023-05-22,1061,107,80,60,35,27,25
2023-05-23,1061,103,67,53,39,36,14
2023-05-24,1061,139,81,53,35,58,18
2023-05-25,1061,127,77,62,27,50,35
2023-05-26,1061,117,87,95,45,30,50
2023-05-27,1061,149,63,51,37,86,14
2023-05-28,1061,143,97,94,39,46,55
2023-05-29,1061,130,79,81,46,51,35
2023-05-30,1061,111,82,61,52,29,9
2023-05-31,1061,140,80,74,41,60,33
2023-06-01,1061,140,73,87,33,67,54
2023-06-02,1061,149,77,56,30,72,26
2023-06-03,1061,122,88,54,49,34,5
2023-06-04,1061,116,76,50,46,40,4
2023-06-05,1061,135,70,94,31,65,63
2023-06-06,1061,101,86,68,37,15,31
2023-06-07,1061,111,82,69,38,29,31
2023-06-08,1061,122,84,53,49,38,4
2023-06-09,1061,102,81,90,39,21,51
2023-06-10,1061,150,71,57,32,79,25
2023-06-11,1061,134,96,78,44,38,34
2023-06-12,1061,125,80,69,49,45,20
2023-06-13,1061,109,75,63,33,34,30
2023-06-14,1061,145,93,79,33,52,46
2023-06-15,1061,138,61,66,39,77,27
2023-06-16,1061,106,73,66,34,33,32
2023-06-17,1061,139,76,79,43,63,36
2023-06-18,1061,148,88,88,18,60,70
2023-06-19,1061,111,82,85,40,29,45
2023-06-20,1061,145,86,95,45,59,50
2023-06-21,1061,138,83,57,43,55,14
2023-06-22,1061,103,76,65,46,27,19
2023-06-23,1061,114,97,75,36,17,39
2023-06-24,1061,124,84,94,52,40,42
2023-06-25,1061,118,88,58,47,30,11
2023-06-26,1061,113,80,74,36,33,38
2023-06-27,1061,113,82,51,48,31,3
2023-06-28,1061,110,85,92,44,25,48
2023-06-29,1061,107,92,58,34,15,24
2023-06-30,1061,112,74,68,36,38,32
2023-07-01,1061,103,72,86,44,31,42
2023-07-02,1061,132,75,92,45,57,47
2023-07-03,1061,105,88,93,38,17,55
2023-07-04,1061,135,71,95,48,64,47
2023-07-05,1061,102,65,72,43,37,29
2023-07-06,1061,121,94,68,35,27,33
2023-07-07,1061,103,79,72,36,24,36
2023-07-08,1061,109,90,78,52,19,26
2023-07-09,1061,114,74,57,38,40,19
2023-07-10,1061,125,80,88,45,45,43
2023-07-11,1061,113,71,81,44,42,37
2023-07-12,1061,130,86,90,39,44,51
2023-07-13,1061,112,74,62,43,38,19
2023-07-14,1061,108,92,71,38,16,33
2023-07-15,1061,122,65,88,36,57,52
2023-07-16,1061,109,90,99,47,19,52
2023-07-17,1061,140,82,82,47,58,35
2023-07-18,1061,133,83,92,48,50,44
2023-07-19,1061,111,86,87,52,25,35
2023-07-20,1061,147,81,87,42,66,45
2023-07-21,1061,139,72,59,28,67,31
2023-07-22,1061,121,84,55,37,37,18
2023-07-23,1061,119,83,89,33,36,56
2023-07-24,1061,140,76,50,36,64,14
2023-07-25,1061,116,83,66,36,33,30
2023-07-26,1061,104,88,59,56,16,3
2023-07-27,1061,105,71,100,31,34,69
2023-07-28,1061,135,69,78,36,66,42
2023-07-29,1061,115,88,94,40,27,54
2023-07-30,1061,145,79,70,47,66,23
2023-07-31,1061,129,103,89,38,26,51
2023-08-01,1061,141,81,83,52,60,31
2023-08-02,1061,140,69,88,33,71,55
2023-08-03,1061,117,91,90,48,26,42
2023-08-04,1061,140,93,90,30,47,60
2023-08-05,1061,116,93,60,37,23,23
2023-08-06,1061,100,80,57,36,20,21
2023-08-07,1061,145,80,78,55,65,23
2023-08-08,1061,114,70,80,40,44,40
2023-08-09,1061,145,94,56,47,51,9
2023-08-10,1061,131,79,92,43,52,49
2023-08-11,1061,130,82,83,35,48,48
2023-08-12,1061,107,68,94,47,39,47
2023-08-13,1061,149,79,58,41,70,17
2023-08-14,1061,113,67,55,31,46,24
2023-08-15,1061,131,81,89,34,50,55
2023-08-16,1061,118,73,57,37,45,20
2023-08-17,1061,124,87,96,42,37,54
2023-08-18,1061,142,53,67,36,89,31
2023-08-19,1061,107,66,97,33,41,64
2023-08-20,1061,121,83,54,45,38,9
2023-08-21,1061,123,60,64,33,63,31
2023-08-22,1061,127,87,81,43,40,38
2023-08-23,1061,140,71,62,40,69,22
2023-08-24,1061,144,76,100,33,68,67
2023-08-25,1061,140,73,95,46,67,49
2023-08-26,1061,118,97,98,48,21,50
2023-08-27,1061,139,72,68,32,67,36
2023-08-28,1061,125,94,71,31,31,40
2023-08-29,1061,124,83,85,36,41,49
2023-08-30,1061,115,87,55,32,28,23
2023-08-31,1061,118,71,53,32,47,21
2023-09-01,1061,134,78,62,44,56,18
2023-09-02,1061,139,70,89,39,69,50
2023-09-03,1061,126,92,63,41,34,22
2023-09-04,1061,109,79,63,40,30,23
2023-09-05,1061,120,74,54,33,46,21
2023-09-06,1061,140,98,79,42,42,37
2023-09-07,1061,130,84,56,50,46,6
2023-09-08,1061,135,81,97,44,54,53
2023-09-09,1061,109,90,60,41,19,19
2023-09-10,1061,140,67,93,45,73,48
2023-09-11,1061,100,80,59,32,20,27
2023-09-12,1061,136,84,94,32,52,62
2023-09-13,1061,130,72,75,48,58,27
2023-09-14,1061,130,69,62,34,61,28
2023-09-15,1061,138,81,81,43,57,38
2023-09-16,1061,147,72,60,39,75,21
2023-09-17,1061,141,60,90,48,81,42
2023-09-18,1061,113,71,78,49,42,29
2023-09-19,1061,137,89,87,39,48,48
2023-09-20,1061,104,78,93,54,26,39
2023-09-21,1061,113,64,86,47,49,39
2023-09-22,1061,138,72,60,47,66,13
2023-09-23,1061,131,58,55,31,73,24
2023-09-24,1061,137,74,79,43,63,36
2023-09-25,1061,105,67,67,40,38,27
2023-09-26,1061,103,66,62,33,37,29
2023-09-27,1061,136,86,51,34,50,17
2023-09-28,1061,141,76,81,43,65,38
2023-09-29,1061,146,82,64,39,64,25
2023-09-30,1061,107,90,50,45,17,5
2023-10-01,1061,136,78,61,58,58,3
2023-10-02,1061,128,87,53,38,41,15
2023-10-03,1061,122,79,63,45,43,18
2023-10-04,1061,121,79,55,30,42,25
2023-10-05,1061,143,69,66,42,74,24
2023-10-06,1061,141,91,64,47,50,17
2023-10-07,1061,124,75,84,51,49,33
2023-10-08,1061,149,78,64,44,71,20
2023-10-09,1061,119,86,85,44,33,41
2023-10-10,1061,124,80,73,47,44,26
2023-10-11,1061,128,86,71,43,42,28
2023-10-12,1061,138,77,92,35,61,57
2023-10-13,1061,142,77,56,44,65,12
2023-10-14,1061,150,67,69,34,83,35
2023-10-15,1061,135,67,52,46,68,6
2023-10-16,1061,103,69,99,22,34,77
2023-10-17,1061,104,78,63,40,26,23
2023-10-18,1061,111,75,79,39,36,40
2023-10-19,1061,120,80,79,44,40,35
2023-10-20,1061,122,88,52,45,34,7
2023-10-21,1061,146,74,83,45,72,38
2023-10-22,1061,123,75,99,41,48,58
2023-10-23,1061,129,98,83,38,31,45
2023-10-24,1061,100,91,68,36,9,32
2023-10-25,1061,121,90,99,44,31,55
2023-10-26,1061,119,87,77,34,32,43
2023-10-27,1061,125,85,53,46,40,7
2023-10-28,1061,104,74,88,36,30,52
2023-10-29,1061,129,92,96,53,37,43
2023-10-30,1061,147,83,94,38,64,56
2023-10-31,1061,125,86,71,48,39,23
2023-11-01,1061,118,92,61,38,26,23
2023-11-02,1061,124,58,69,44,66,25
2023-11-03,1061,126,66,62,41,60,21
2023-11-04,1061,108,76,75,40,32,35
2023-11-05,1061,120,71,61,43,49,18
2023-11-06,1061,112,81,69,40,31,29
2023-11-07,1061,109,80,50,31,29,19
2023-11-08,1061,104,73,94,45,31,49
2023-11-09,1061,148,76,67,48,72,19
2023-11-10,1061,145,74,100,36,71,64
2023-11-11,1061,106,67,100,37,39,63
2023-11-12,1061,140,71,76,44,69,32
2023-11-13,1061,117,79,54,55,38,-1
2023-11-14,1061,136,78,61,45,58,16
2023-11-15,1061,130,83,59,45,47,14
2023-11-16,1061,100,82,92,45,18,47
2023-11-17,1061,100,78,98,26,22,72
2023-11-18,1061,131,80,60,34,51,26
2023-11-19,1061,109,82,85,32,27,53
2023-11-20,1061,127,63,55,30,64,25
2023-11-21,1061,131,71,92,36,60,56
2023-11-22,1061,123,98,87,34,25,53
2023-11-23,1061,102,78,69,45,24,24
2023-11-24,1061,115,84,100,42,31,58
2023-11-25,1061,125,71,80,48,54,32
2023-11-26,1061,125,84,97,45,41,52
2023-11-27,1061,108,65,54,31,43,23
2023-11-28,1061,148,91,71,48,57,23
2023-11-29,1061,140,97,87,30,43,57
2023-11-30,1061,148,76,95,37,72,58
2023-12-01,1061,122,78,80,40,44,40
2023-12-02,1061,112,69,50,57,43,-7
2023-12-03,1061,122,100,96,47,22,49
2023-12-04,1061,149,83,97,39,66,58
2023-12-05,1061,126,83,59,40,43,19
2023-12-06,1061,148,91,88,38,57,50
2023-12-07,1061,122,82,70,47,40,23
2023-12-08,1061,142,93,51,53,49,-2
2023-12-09,1061,114,81,61,33,33,28
2023-12-10,1061,104,95,51,49,9,2
2023-12-11,1061,133,86,92,55,47,37
2023-12-12,1061,126,87,76,56,39,20
2023-12-13,1061,107,77,82,36,30,46
2023-12-14,1061,124,72,90,37,52,53
2023-12-15,1061,105,64,63,45,41,18
2023-12-16,1061,115,88,66,37,27,29
2023-12-17,1061,146,77,100,41,69,59
2023-12-18,1061,134,50,69,32,84,37
2023-12-19,1061,111,74,84,32,37,52
2023-12-20,1061,120,83,88,42,37,46
2023-12-21,1061,136,75,68,46,61,22
2023-12-22,1061,130,75,53,43,55,10
2023-12-23,1061,118,70,76,41,48,35
2023-12-24,1061,136,77,96,44,59,52
2023-12-25,1061,117,78,79,32,39,47
2023-12-26,1061,114,80,90,33,34,57
2023-12-27,1061,147,86,80,33,61,47
2023-12-28,1061,132,77,62,48,55,14
2023-12-29,1061,110,79,95,46,31,49
2023-12-30,1061,117,70,67,35,47,32
2023-12-31,1061,110,87,56,35,23,21
2023-01-01,1062,148,72,75,40,76,35
2023-01-02,1062,130,78,89,45,52,44
2023-01-03,1062,146,91,78,39,55,39
2023-01-04,1062,128,72,75,39,56,36
2023-01-05,1062,121,75,80,35,46,45
2023-01-06,1062,113,83,74,42,30,32
2023-01-07,1062,146,63,82,41,83,41
2023-01-08,1062,120,78,53,39,42,14
2023-01-09,1062,104,83,92,40,21,52
2023-01-10,1062,131,72,63,33,59,30
2023-01-11,1062,132,87,87,36,45,51
2023-01-12,1062,116,77,100,53,39,47
2023-01-13,1062,123,88,92,40,35,52
2023-01-14,1062,123,68,100,37,55,63
2023-01-15,1062,145,81,62,41,64,21
2023-01-16,1062,123,76,87,43,47,44
2023-01-17,1062,111,72,91,34,39,57
2023-01-18,1062,113,66,92,29,47,63
2023-01-19,1062,138,74,96,44,64,52
2023-01-20,1062,143,79,86,42,64,44
2023-01-21,1062,150,76,57,38,74,19
2023-01-22,1062,106,83,93,37,23,56
2023-01-23,1062,114,80,84,44,34,40
2023-01-24,1062,137,71,96,41,66,55
2023-01-25,1062,114,103,63,38,11,25
2023-01-26,1062,138,75,80,45,63,35
2023-01-27,1062,147,71,87,38,76,49
2023-01-28,1062,108,69,72,37,39,35
2023-01-29,1062,108,71,51,45,37,6
2023-01-30,1062,118,66,86,36,52,50
2023-01-31,1062,124,75,75,27,49,48
2023-02-01,1062,104,78,88,48,26,40
2023-02-02,1062,127,97,72,51,30,21
2023-02-03,1062,126,61,78,38,65,40
2023-02-04,1062,123,82,99,37,41,62
2023-02-05,1062,100,77,74,49,23,25
2023-02-06,1062,130,87,91,42,43,49
2023-02-07,1062,140,76,78,36,64,42
2023-02-08,1062,118,98,60,45,20,15
2023-02-09,1062,103,76,67,36,27,31
2023-02-10,1062,148,74,63,31,74,32
2023-02-11,1062,101,70,74,54,31,20
2023-02-12,1062,148,70,61,45,78,16
2023-02-13,1062,125,77,71,33,48,38
2023-02-14,1062,124,75,52,33,49,19
2023-02-15,1062,118,96,57,43,22,14
2023-02-16,1062,127,85,64,31,42,33
2023-02-17,1062,102,75,53,37,27,16
2023-02-18,1062,113,71,94,26,42,68
2023-02-19,1062,101,72,61,39,29,22
2023-02-20,1062,149,67,98,36,82,62
2023-02-21,1062,120,72,68,28,48,40
2023-02-22,1062,122,74,56,39,48,17
2023-02-23,1062,120,73,82,41,47,41
2023-02-24,1062,119,62,65,32,57,33
2023-02-25,1062,134,77,56,33,57,23
2023-02-26,1062,145,74,100,43,71,57
2023-02-27,1062,118,90,93,41,28,52
2023-02-28,1062,116,66,68,38,50,30
2023-03-01,1062,121,99,75,44,22,31
2023-03-02,1062,111,70,93,44,41,49
2023-03-03,1062,118,77,69,41,41,28
2023-03-04,1062,149,86,87,39,63,48
2023-03-05,1062,122,87,100,43,35,57
2023-03-06,1062,133,97,81,32,36,49
2023-03-07,1062,117,68,79,42,49,37
2023-03-08,1062,150,70,62,40,80,22
2023-03-09,1062,140,89,74,34,51,40
2023-03-10,1062,144,67,94,42,77,52
2023-03-11,1062,141,81,88,44,60,44
2023-03-12,1062,103,69,97,41,34,56
2023-03-13,1062,104,82,67,39,22,28
2023-03-14,1062,134,68,79,46,66,33
2023-03-15,1062,106,76,69,36,30,33
2023-03-16,1062,145,87,83,38,58,45
2023-03-17,1062,145,75,81,34,70,47
2023-03-18,1062,135,70,51,24,65,27
2023-03-19,1062,143,84,89,31,59,58
2023-03-20,1062,112,72,59,47,40,12
2023-03-21,1062,133,90,77,39,43,38
2023-03-22,1062,111,89,57,33,22,24
2023-03-23,1062,102,77,94,32,25,62
2023-03-24,1062,107,81,80,39,26,41
2023-03-25,1062,138,69,93,47,69,46
2023-03-26,1062,128,89,98,45,39,53
2023-03-27,1062,130,91,56,41,39,15
2023-03-28,1062,105,83,52,50,22,2
2023-03-29,1062,148,75,55,37,73,18
2023-03-30,1062,113,71,60,31,42,29
2023-03-31,1062,107,62,53,36,45,17
2023-04-01,1062,117,75,86,43,42,43
2023-04-02,1062,106,81,54,43,25,11
2023-04-03,1062,127,88,94,32,39,62
2023-04-04,1062,147,83,88,35,64,53
2023-04-05,1062,149,88,86,30,61,56
2023-04-06,1062,142,78,92,35,64,57
2023-04-07,1062,105,83,61,42,22,19
2023-04-08,1062,119,80,93,46,39,47
2023-04-09,1062,105,73,81,38,32,43
2023-04-10,1062,143,77,73,28,66,45
2023-04-11,1062,145,70,57,42,75,15
2023-04-12,1062,113,77,89,51,36,38
2023-04-13,1062,108,65,88,32,43,56
2023-04-14,1062,126,71,91,50,55,41
2023-04-15,1062,107,87,54,42,20,12
2023-04-16,1062,147,69,84,48,78,36
2023-04-17,1062,142,91,61,49,51,12
2023-04-18,1062,101,81,92,35,20,57
2023-04-19,1062,135,90,69,36,45,33
2023-04-20,1062,120,80,73,36,40,37
2023-04-21,1062,146,82,54,40,64,14
2023-04-22,1062,147,82,72,33,65,39
2023-04-23,1062,118,77,63,32,41,31
2023-04-24,1062,133,78,61,44,55,17
2023-04-25,1062,145,76,87,48,69,39
2023-04-26,1062,115,63,76,41,52,35
2023-04-27,1062,128,87,55,34,41,21
2023-04-28,1062,142,80,96,46,62,50
2023-04-29,1062,121,72,66,45,49,21
2023-04-30,1062,144,92,65,34,52,31
2023-05-01,1062,118,79,88,35,39,53
2023-05-02,1062,100,74,92,34,26,58
2023-05-03,1062,125,81,65,29,44,36
2023-05-04,1062,144,88,84,40,56,44
2023-05-05,1062,133,83,94,50,50,44
2023-05-06,1062,126,87,63,47,39,16
2023-05-07,1062,105,76,53,43,29,10
2023-05-08,1062,124,83,83,46,41,37
2023-05-09,1062,129,88,61,48,41,13
2023-05-10,1062,118,68,51,40,50,11
2023-05-11,1062,146,89,69,37,57,32
2023-05-12,1062,108,86,87,34,22,53
2023-05-13,1062,131,77,84,38,54,46
2023-05-14,1062,108,88,97,45,20,52
2023-05-15,1062,124,73,75,44,51,31
2023-05-16,1062,115,76,90,42,39,48
2023-05-17,1062,129,69,79,52,60,27
2023-05-18,1062,138,79,52,34,59,18
2023-05-19,1062,106,86,100,42,20,58
2023-05-20,1062,120,83,80,49,37,31
2023-05-21,1062,132,78,77,46,54,31
2023-05-22,1062,145,79,73,43,66,30
2023-05-23,1062,138,85,78,35,53,43
2023-05-24,1062,115,79,76,36,36,40
2023-05-25,1062,123,75,95,52,48,43
2023-05-26,1062,142,74,99,41,68,58
2023-05-27,1062,114,78,95,38,36,57
2023-05-28,1062,148,71,87,34,77,53
2023-05-29,1062,140,97,81,45,43,36
2023-05-30,1062,115,77,61,25,38,36
2023-05-31,1062,141,76,60,42,65,18
2023-06-01,1062,146,101,90,46,45,44
2023-06-02,1062,105,67,65,31,38,34
2023-06-03,1062,141,72,75,40,69,35
2023-06-04,1062,110,69,91,37,41,54
2023-06-05,1062,104,90,97,49,14,48
2023-06-06,1062,150,91,85,36,59,49
2023-06-07,1062,130,75,80,44,55,36
2023-06-08,1062,131,81,81,41,50,40
2023-06-09,1062,109,89,51,31,20,20
2023-06-10,1062,129,78,65,35,51,30
2023-06-11,1062,129,101,82,46,28,36
2023-06-12,1062,124,63,91,38,61,53
2023-06-13,1062,139,78,85,39,61,46
2023-06-14,1062,133,70,81,46,63,35
2023-06-15,1062,136,81,80,33,55,47
2023-06-16,1062,131,68,89,39,63,50
2023-06-17,1062,137,88,62,39,49,23
2023-06-18,1062,126,94,81,34,32,47
2023-06-19,1062,109,73,76,36,36,40
2023-06-20,1062,137,79,98,42,58,56
2023-06-21,1062,100,72,83,37,28,46
2023-06-22,1062,117,63,93,35,54,58
2023-06-23,1062,114,75,75,36,39,39
2023-06-24,1062,121,84,89,51,37,38
2023-06-25,1062,125,65,81,40,60,41
2023-06-26,1062,127,74,98,41,53,57
2023-06-27,1062,143,77,57,43,66,14
2023-06-28,1062,113,72,53,44,41,9
2023-06-29,1062,107,85,90,34,22,56
2023-06-30,1062,109,90,77,49,19,28
2023-07-01,1062,150,79,50,33,71,17
2023-07-02,1062,116,72,79,39,44,40
2023-07-03,1062,134,72,89,45,62,44
2023-07-04,1062,103,90,59,43,13,16
2023-07-05,1062,134,88,53,54,46,-1
2023-07-06,1062,110,85,54,31,25,23
2023-07-07,1062,119,79,96,33,40,63
2023-07-08,1062,108,84,94,38,24,56
2023-07-09,1062,124,79,77,39,45,38
2023-07-10,1062,109,78,100,43,31,57
2023-07-11,1062,142,74,68,32,68,36
2023-07-12,1062,121,79,81,28,42,53
2023-07-13,1062,107,79,64,48,28,16
2023-07-14,1062,103,73,100,42,30,58
2023-07-15,1062,119,75,71,46,44,25
2023-07-16,1062,124,87,63,51,37,12
2023-07-17,1062,142,84,72,37,58,35
2023-07-18,1062,147,77,71,43,70,28
2023-07-19,1062,127,93,93,44,34,49
2023-07-20,1062,110,73,93,36,37,57
2023-07-21,1062,148,79,74,43,69,31
2023-07-22,1062,123,100,93,44,23,49
2023-07-23,1062,119,84,82,35,35,47
2023-07-24,1062,129,83,99,47,46,52
2023-07-25,1062,101,70,71,32,31,39
2023-07-26,1062,119,67,95,40,52,55
2023-07-27,1062,105,100,82,42,5,40
2023-07-28,1062,135,84,78,42,51,36
2023-07-29,1062,142,72,73,39,70,34
2023-07-30,1062,101,68,65,46,33,19
2023-07-31,1062,124,68,95,37,56,58
2023-08-01,1062,120,78,71,42,42,29
2023-08-02,1062,113,100,73,39,13,34
2023-08-03,1062,134,90,64,33,44,31
2023-08-04,1062,147,90,75,35,57,40
2023-08-05,1062,126,78,87,48,48,39
2023-08-06,1062,104,87,51,30,17,21
2023-08-07,1062,123,86,89,40,37,49
2023-08-08,1062,122,85,62,46,37,16
2023-08-09,1062,144,83,76,50,61,26
2023-08-10,1062,139,85,84,41,54,43
2023-08-11,1062,150,89,54,40,61,14
2023-08-12,1062,114,90,85,44,24,41
2023-08-13,1062,131,78,60,37,53,23
2023-08-14,1062,141,86,81,30,55,51
2023-08-15,1062,128,74,89,44,54,45
2023-08-16,1062,128,84,91,38,44,53
2023-08-17,1062,123,75,100,39,48,61
2023-08-18,1062,108,64,60,41,44,19
2023-08-19,1062,142,71,65,36,71,29
2023-08-20,1062,123,81,57,48,42,9
2023-08-21,1062,121,90,95,44,31,51
2023-08-22,1062,121,66,97,38,55,59
2023-08-23,1062,106,76,75,49,30,26
2023-08-24,1062,104,87,71,43,17,28
2023-08-25,1062,111,74,78,47,37,31
2023-08-26,1062,117,82,74,49,35,25
2023-08-27,1062,121,67,71,46,54,25
2023-08-28,1062,103,82,58,31,21,27
2023-08-29,1062,116,79,53,47,37,6
2023-08-30,1062,114,81,89,38,33,51
2023-08-31,1062,142,76,52,42,66,10
2023-09-01,1062,105,75,64,45,30,19
2023-09-02,1062,137,86,82,33,51,49
2023-09-03,1062,103,88,99,41,15,58
2023-09-04,1062,135,87,61,36,48,25
2023-09-05,1062,134,68,99,38,66,61
2023-09-06,1062,101,80,54,38,21,16
2023-09-07,1062,134,84,83,35,50,48
2023-09-08,1062,140,77,69,35,63,34
2023-09-09,1062,147,75,57,50,72,7
2023-09-10,1062,136,87,83,36,49,47
2023-09-11,1062,136,74,51,44,62,7
2023-09-12,1062,104,76,71,42,28,29
2023-09-13,1062,112,85,79,45,27,34
2023-09-14,1062,115,85,97,41,30,56
2023-09-15,1062,145,72,68,51,73,17
2023-09-16,1062,120,78,95,38,42,57
2023-09-17,1062,144,81,87,58,63,29
2023-09-18,1062,147,82,94,48,65,46
2023-09-19,1062,111,77,86,34,34,52
2023-09-20,1062,143,82,63,54,61,9
2023-09-21,1062,124,87,72,41,37,31
2023-09-22,1062,121,78,65,32,43,33
2023-09-23,1062,147,87,98,30,60,68
2023-09-24,1062,125,79,65,47,46,18
2023-09-25,1062,118,87,100,28,31,72
2023-09-26,1062,123,86,52,32,37,20
2023-09-27,1062,103,74,82,35,29,47
2023-09-28,1062,124,81,78,40,43,38
2023-09-29,1062,118,75,78,42,43,36
2023-09-30,1062,142,84,57,28,58,29
2023-10-01,1062,149,82,83,38,67,45
2023-10-02,1062,150,82,74,34,68,40
2023-10-03,1062,111,77,77,37,34,40
2023-10-04,1062,122,77,68,48,45,20
2023-10-05,1062,125,75,83,44,50,39
2023-10-06,1062,120,81,93,47,39,46
2023-10-07,1062,146,81,73,47,65,26
2023-10-08,1062,148,97,54,43,51,11
2023-10-09,1062,119,67,74,38,52,36
2023-10-10,1062,143,76,85,30,67,55
2023-10-11,1062,144,91,75,45,53,30
2023-10-12,1062,139,76,61,50,63,11
2023-10-13,1062,133,76,56,44,57,12
2023-10-14,1062,146,67,78,30,79,48
2023-10-15,1062,138,78,60,52,60,8
2023-10-16,1062,148,83,66,47,65,19
2023-10-17,1062,150,77,59,37,73,22
2023-10-18,1062,105,84,94,37,21,57
2023-10-19,1062,101,69,87,46,32,41
2023-10-20,1062,133,72,61,43,61,18
2023-10-21,1062,119,72,59,40,47,19
2023-10-22,1062,106,93,71,44,13,27
2023-10-23,1062,118,72,58,48,46,10
2023-10-24,1062,110,102,85,42,8,43
2023-10-25,1062,106,95,54,36,11,18
2023-10-26,1062,118,88,95,36,30,59
2023-10-27,1062,105,76,72,40,29,32
2023-10-28,1062,114,88,59,31,26,28
2023-10-29,1062,104,81,86,38,23,48
2023-10-30,1062,128,79,81,44,49,37
2023-10-31,1062,140,87,83,43,53,40
2023-11-01,1062,103,98,75,49,5,26
2023-11-02,1062,124,80,81,42,44,39
2023-11-03,1062,109,73,56,30,36,26
2023-11-04,1062,125,92,69,38,33,31
2023-11-05,1062,129,77,84,38,52,46
2023-11-06,1062,132,67,78,40,65,38
2023-11-07,1062,109,89,94,37,20,57
2023-11-08,1062,144,81,76,48,63,28
2023-11-09,1062,122,73,70,27,49,43
2023-11-10,1062,147,79,75,34,68,41
2023-11-11,1062,142,79,72,39,63,33
2023-11-12,1062,146,72,85,44,74,41
2023-11-13,1062,100,85,50,37,15,13
2023-11-14,1062,119,78,86,41,41,45
2023-11-15,1062,108,80,99,25,28,74
2023-11-16,1062,118,81,83,44,37,39
2023-11-17,1062,146,79,83,37,67,46
2023-11-18,1062,143,97,95,38,46,57
2023-11-19,1062,147,83,66,38,64,28
2023-11-20,1062,132,101,91,41,31,50
2023-11-21,1062,146,73,60,34,73,26
2023-11-22,1062,139,86,94,48,53,46
2023-11-23,1062,140,74,94,39,66,55
2023-11-24,1062,145,83,84,35,62,49
2023-11-25,1062,125,84,69,32,41,37
2023-11-26,1062,109,81,97,39,28,58
2023-11-27,1062,107,79,78,46,28,32
2023-11-28,1062,130,92,61,44,38,17
2023-11-29,1062,106,71,55,42,35,13
2023-11-30,1062,141,86,64,31,55,33
2023-12-01,1062,128,63,51,37,65,14
2023-12-02,1062,125,84,86,27,41,59
2023-12-03,1062,148,76,65,43,72,22
2023-12-04,1062,106,76,77,38,30,39
2023-12-05,1062,142,85,65,42,57,23
2023-12-06,1062,118,81,84,39,37,45
2023-12-07,1062,109,66,80,38,43,42
2023-12-08,1062,111,81,96,42,30,54
2023-12-09,1062,136,73,81,31,63,50
2023-12-10,1062,141,69,76,41,72,35
2023-12-11,1062,147,71,70,45,76,25
2023-12-12,1062,144,66,72,40,78,32
2023-12-13,1062,125,103,80,36,22,44
2023-12-14,1062,144,62,98,40,82,58
2023-12-15,1062,129,71,68,38,58,30
2023-12-16,1062,108,85,69,36,23,33
2023-12-17,1062,125,78,90,50,47,40
2023-12-18,1062,112,79,96,48,33,48
2023-12-19,1062,148,82,66,45,66,21
2023-12-20,1062,104,70,97,38,34,59
2023-12-21,1062,120,74,69,39,46,30
2023-12-22,1062,137,77,82,43,60,39
2023-12-23,1062,127,63,57,35,64,22
2023-12-24,1062,113,91,63,47,22,16
2023-12-25,1062,118,95,99,36,23,63
2023-12-26,1062,108,90,98,37,18,61
2023-12-27,1062,122,72,91,39,50,52
2023-12-28,1062,117,87,94,41,30,53
2023-12-29,1062,133,85,84,53,48,31
2023-12-30,1062,109,66,98,49,43,49
2023-12-31,1062,126,85,50,39,41,11
2023-01-01,1063,147,90,80,46,57,34
2023-01-02,1063,107,84,77,42,23,35
2023-01-03,1063,148,66,66,45,82,21
2023-01-04,1063,122,88,61,35,34,26
2023-01-05,1063,109,74,84,39,35,45
2023-01-06,1063,125,85,76,37,40,39
2023-01-07,1063,118,91,60,35,27,25
2023-01-08,1063,108,73,81,24,35,57
2023-01-09,1063,139,75,57,40,64,17
2023-01-10,1063,116,87,83,45,29,38
2023-01-11,1063,141,84,70,39,57,31
2023-01-12,1063,110,67,72,40,43,32
2023-01-13,1063,139,91,51,41,48,10
2023-01-14,1063,149,74,95,34,75,61
2023-01-15,1063,123,80,56,34,43,22
2023-01-16,1063,121,79,64,38,42,26
2023-01-17,1063,115,85,100,55,30,45
2023-01-18,1063,124,80,53,37,44,16
2023-01-19,1063,103,71,81,37,32,44
2023-01-20,1063,144,70,68,49,74,19
2023-01-21,1063,122,74,75,32,48,43
2023-01-22,1063,145,76,81,40,69,41
2023-01-23,1063,143,96,83,47,47,36
2023-01-24,1063,119,82,72,50,37,22
2023-01-25,1063,100,97,71,47,3,24
2023-01-26,1063,148,73,84,55,75,29
2023-01-27,1063,121,89,67,39,32,28
2023-01-28,1063,106,78,83,40,28,43
2023-01-29,1063,135,80,53,42,55,11
2023-01-30,1063,135,85,80,50,50,30
2023-01-31,1063,144,86,89,29,58,60
2023-02-01,1063,146,71,76,44,75,32
2023-02-02,1063,130,74,53,32,56,21
2023-02-03,1063,142,84,55,36,58,19
2023-02-04,1063,132,72,71,44,60,27
2023-02-05,1063,123,88,84,37,35,47
2023-02-06,1063,126,93,58,36,33,22
2023-02-07,1063,125,84,50,34,41,16
2023-02-08,1063,141,80,55,36,61,19
2023-02-09,1063,106,76,71,32,30,39
2023-02-10,1063,134,92,64,36,42,28
2023-02-11,1063,143,93,92,44,50,48
2023-02-12,1063,116,83,53,43,33,10
2023-02-13,1063,143,67,91,45,76,46
2023-02-14,1063,103,80,76,40,23,36
2023-02-15,1063,121,92,57,33,29,24
2023-02-16,1063,101,69,97,41,32,56
2023-02-17,1063,113,76,95,30,37,65
2023-02-18,1063,109,63,66,31,46,35
2023-02-19,1063,139,77,91,42,62,49
2023-02-20,1063,120,79,87,44,41,43
2023-02-21,1063,100,75,95,43,25,52
2023-02-22,1063,119,73,50,40,46,10
2023-02-23,1063,118,110,93,31,8,62
2023-02-24,1063,102,82,87,43,20,44
2023-02-25,1063,104,78,67,45,26,22
2023-02-26,1063,148,73,81,38,75,43
2023-02-27,1063,132,58,64,34,74,30
2023-02-28,1063,132,79,69,36,53,33
2023-03-01,1063,101,83,71,33,18,38
2023-03-02,1063,133,71,72,40,62,32
2023-03-03,1063,114,70,74,38,44,36
2023-03-04,1063,102,81,55,42,21,13
2023-03-05,1063,142,81,82,35,61,47
2023-03-06,1063,131,79,84,48,52,36
2023-03-07,1063,149,89,52,42,60,10
2023-03-08,1063,114,71,51,53,43,-2
2023-03-09,1063,141,92,73,43,49,30
2023-03-10,1063,145,77,73,42,68,31
2023-03-11,1063,143,69,52,47,74,5
2023-03-12,1063,136,66,97,38,70,59
2023-03-13,1063,144,71,52,43,73,9
2023-03-14,1063,116,79,77,30,37,47
2023-03-15,1063,150,81,50,35,69,15
2023-03-16,1063,142,86,55,47,56,8
2023-03-17,1063,116,98,85,47,18,38
2023-03-18,1063,103,84,83,30,19,53
2023-03-19,1063,102,94,84,31,8,53
2023-03-20,1063,123,78,87,38,45,49
2023-03-21,1063,126,86,82,50,40,32
2023-03-22,1063,139,81,54,41,58,13
2023-03-23,1063,125,71,59,56,54,3
2023-03-24,1063,121,97,75,44,24,31
2023-03-25,1063,127,76,50,37,51,13
2023-03-26,1063,118,80,52,31,38,21
2023-03-27,1063,123,96,87,28,27,59
2023-03-28,1063,135,82,89,46,53,43
2023-03-29,1063,126,75,74,39,51,35
2023-03-30,1063,102,78,82,53,24,29
2023-03-31,1063,135,74,82,38,61,44
2023-04-01,1063,107,71,82,51,36,31
2023-04-02,1063,128,81,58,40,47,18
2023-04-03,1063,119,96,86,41,23,45
2023-04-04,1063,123,73,75,39,50,36
2023-04-05,1063,141,81,61,36,60,25
2023-04-06,1063,143,90,86,43,53,43
2023-04-07,1063,138,67,70,37,71,33
2023-04-08,1063,139,79,70,34,60,36
2023-04-09,1063,119,79,58,51,40,7
2023-04-10,1063,125,85,85,50,40,35
2023-04-11,1063,139,85,82,47,54,35
2023-04-12,1063,105,73,51,46,32,5
2023-04-13,1063,103,77,64,47,26,17
2023-04-14,1063,126,89,71,44,37,27
2023-04-15,1063,121,70,65,36,51,29
2023-04-16,1063,131,83,90,28,48,62
2023-04-17,1063,138,83,67,39,55,28
2023-04-18,1063,131,76,66,30,55,36
2023-04-19,1063,126,107,51,43,19,8
2023-04-20,1063,112,95,96,35,17,61
2023-04-21,1063,143,74,72,41,69,31
2023-04-22,1063,141,88,74,51,53,23
2023-04-23,1063,136,90,88,32,46,56
2023-04-24,1063,112,83,89,42,29,47
2023-04-25,1063,108,85,67,45,23,22
2023-04-26,1063,109,84,95,44,25,51
2023-04-27,1063,102,66,55,35,36,20
2023-04-28,1063,128,74,72,38,54,34
2023-04-29,1063,143,92,84,35,51,49
2023-04-30,1063,143,73,62,41,70,21
2023-05-01,1063,133,63,82,38,70,44
2023-05-02,1063,123,66,71,40,57,31
2023-05-03,1063,139,70,84,37,69,47
2023-05-04,1063,140,86,83,31,54,52
2023-05-05,1063,115,77,58,40,38,18
2023-05-06,1063,132,75,62,33,57,29
2023-05-07,1063,105,58,75,33,47,42
2023-05-08,1063,134,83,89,51,51,38
2023-05-09,1063,112,83,96,42,29,54
2023-05-10,1063,117,90,86,40,27,46
2023-05-11,1063,115,86,90,42,29,48
2023-05-12,1063,121,80,82,45,41,37
2023-05-13,1063,117,100,87,38,17,49
2023-05-14,1063,125,101,60,28,24,32
2023-05-15,1063,148,88,81,44,60,37
2023-05-16,1063,143,86,94,39,57,55
2023-05-17,1063,111,84,54,30,27,24
2023-05-18,1063,138,79,81,36,59,45
2023-05-19,1063,120,81,75,33,39,42
2023-05-20,1063,127,96,72,41,31,31
2023-05-21,1063,136,73,69,39,63,30
2023-05-22,1063,139,68,71,45,71,26
2023-05-23,1063,120,100,51,45,20,6
2023-05-24,1063,140,82,83,34,58,49
2023-05-25,1063,101,76,98,37,25,61
2023-05-26,1063,127,82,78,50,45,28
2023-05-27,1063,118,72,99,41,46,58
2023-05-28,1063,106,94,51,32,12,19
2023-05-29,1063,116,82,85,33,34,52
2023-05-30,1063,138,80,80,33,58,47
2023-05-31,1063,118,97,57,49,21,8
2023-06-01,1063,145,81,81,37,64,44
2023-06-02,1063,128,75,59,39,53,20
2023-06-03,1063,104,96,64,32,8,32
2023-06-04,1063,112,70,70,42,42,28
2023-06-05,1063,108,76,98,37,32,61
2023-06-06,1063,127,67,89,33,60,56
2023-06-07,1063,140,76,70,31,64,39
2023-06-08,1063,126,77,60,39,49,21
2023-06-09,1063,120,104,73,48,16,25
2023-06-10,1063,137,82,89,44,55,45
2023-06-11,1063,102,81,87,40,21,47
2023-06-12,1063,148,73,66,40,75,26
2023-06-13,1063,132,90,57,45,42,12
2023-06-14,1063,139,79,95,38,60,57
2023-06-15,1063,122,93,83,36,29,47
2023-06-16,1063,145,81,91,50,64,41
2023-06-17,1063,140,90,85,48,50,37
2023-06-18,1063,133,78,78,50,55,28
2023-06-19,1063,103,91,73,47,12,26
2023-06-20,1063,125,82,83,56,43,27
2023-06-21,1063,138,84,80,41,54,39
2023-06-22,1063,121,64,62,41,57,21
2023-06-23,1063,108,74,100,43,34,57
2023-06-24,1063,142,78,90,46,64,44
2023-06-25,1063,127,77,74,46,50,28
2023-06-26,1063,147,84,64,42,63,22
2023-06-27,1063,108,86,77,36,22,41
2023-06-28,1063,136,87,94,40,49,54
2023-06-29,1063,120,66,70,37,54,33
2023-06-30,1063,101,91,63,35,10,28
2023-07-01,1063,104,80,99,44,24,55
2023-07-02,1063,127,85,84,43,42,41
2023-07-03,1063,135,96,87,50,39,37
2023-07-04,1063,106,90,92,54,16,38
2023-07-05,1063,143,68,57,37,75,20
2023-07-06,1063,108,79,84,37,29,47
2023-07-07,1063,101,67,69,36,34,33
2023-07-08,1063,132,72,96,43,60,53
2023-07-09,1063,109,67,89,38,42,51
2023-07-10,1063,108,69,51,54,39,-3
2023-07-11,1063,129,78,90,37,51,53
2023-07-12,1063,110,79,96,27,31,69
2023-07-13,1063,116,100,95,30,16,65
2023-07-14,1063,133,80,65,42,53,23
2023-07-15,1063,117,82,92,45,35,47
2023-07-16,1063,105,87,93,36,18,57
2023-07-17,1063,130,75,66,47,55,19
2023-07-18,1063,139,78,98,40,61,58
2023-07-19,1063,140,83,54,37,57,17
2023-07-20,1063,130,76,85,54,54,31
2023-07-21,1063,138,77,86,45,61,41
2023-07-22,1063,119,71,100,46,48,54
2023-07-23,1063,103,66,98,34,37,64
2023-07-24,1063,135,81,57,29,54,28
2023-07-25,1063,137,73,77,35,64,42
2023-07-26,1063,129,74,92,49,55,43
2023-07-27,1063,115,79,86,44,36,42
2023-07-28,1063,150,75,68,24,75,44
2023-07-29,1063,127,87,100,54,40,46
2023-07-30,1063,149,65,56,43,84,13
2023-07-31,1063,115,67,57,46,48,11
2023-08-01,1063,110,79,59,43,31,16
2023-08-02,1063,133,90,76,48,43,28
2023-08-03,1063,134,80,87,47,54,40
2023-08-04,1063,124,83,99,35,41,64
2023-08-05,1063,108,73,94,36,35,58
2023-08-06,1063,146,74,52,34,72,18
2023-08-07,1063,114,83,57,35,31,22
2023-08-08,1063,136,72,60,42,64,18
2023-08-09,1063,116,84,66,42,32,24
2023-08-10,1063,141,72,53,37,69,16
2023-08-11,1063,113,87,66,33,26,33
2023-08-12,1063,129,80,89,45,49,44
2023-08-13,1063,142,73,92,50,69,42
2023-08-14,1063,150,83,81,31,67,50
2023-08-15,1063,115,90,86,32,25,54
2023-08-16,1063,109,66,88,41,43,47
2023-08-17,1063,142,75,68,35,67,33
2023-08-18,1063,130,65,61,41,65,20
2023-08-19,1063,109,84,90,44,25,46
2023-08-20,1063,106,69,88,40,37,48
2023-08-21,1063,103,88,67,46,15,21
2023-08-22,1063,142,74,50,33,68,17
2023-08-23,1063,121,57,55,32,64,23
2023-08-24,1063,105,74,60,47,31,13
2023-08-25,1063,118,67,93,38,51,55
2023-08-26,1063,141,80,53,25,61,28
2023-08-27,1063,103,79,82,45,24,37
2023-08-28,1063,116,67,92,39,49,53
2023-08-29,1063,141,87,87,45,54,42
2023-08-30,1063,117,79,87,33,38,54
2023-08-31,1063,125,78,81,48,47,33
2023-09-01,1063,144,80,82,44,64,38
2023-09-02,1063,109,69,95,32,40,63
2023-09-03,1063,101,73,98,31,28,67
2023-09-04,1063,108,83,97,33,25,64
2023-09-05,1063,102,85,97,40,17,57
2023-09-06,1063,128,74,55,40,54,15
2023-09-07,1063,127,73,84,38,54,46
2023-09-08,1063,146,77,76,43,69,33
2023-09-09,1063,149,82,75,38,67,37
2023-09-10,1063,120,78,90,39,42,51
2023-09-11,1063,147,78,53,49,69,4
2023-09-12,1063,149,80,53,29,69,24
2023-09-13,1063,138,78,63,43,60,20
2023-09-14,1063,148,88,83,38,60,45
2023-09-15,1063,126,76,52,43,50,9
2023-09-16,1063,109,82,89,25,27,64
2023-09-17,1063,138,70,77,48,68,29
2023-09-18,1063,114,88,75,42,26,33
2023-09-19,1063,100,70,60,38,30,22
2023-09-20,1063,147,78,77,46,69,31
2023-09-21,1063,146,90,88,37,56,51
2023-09-22,1063,111,66,55,64,45,-9
2023-09-23,1063,149,84,61,31,65,30
2023-09-24,1063,120,79,99,47,41,52
2023-09-25,1063,125,83,66,31,42,35
2023-09-26,1063,126,95,87,36,31,51
2023-09-27,1063,109,55,64,40,54,24
2023-09-28,1063,117,62,93,42,55,51
2023-09-29,1063,148,75,91,31,73,60
2023-09-30,1063,121,86,54,45,35,9
2023-10-01,1063,149,98,64,38,51,26
2023-10-02,1063,148,64,98,34,84,64
2023-10-03,1063,121,75,50,38,46,12
2023-10-04,1063,103,70,56,33,33,23
2023-10-05,1063,115,80,93,44,35,49
2023-10-06,1063,118,97,60,36,21,24
2023-10-07,1063,104,87,79,41,17,38
2023-10-08,1063,144,72,68,41,72,27
2023-10-09,1063,109,68,77,52,41,25
2023-10-10,1063,128,62,77,40,66,37
2023-10-11,1063,125,74,70,46,51,24
2023-10-12,1063,125,87,79,40,38,39
2023-10-13,1063,133,86,74,39,47,35
2023-10-14,1063,100,81,63,47,19,16
2023-10-15,1063,144,74,95,46,70,49
2023-10-16,1063,123,91,60,29,32,31
2023-10-17,1063,120,80,67,27,40,40
2023-10-18,1063,138,83,82,42,55,40
2023-10-19,1063,132,82,95,36,50,59
2023-10-20,1063,120,73,60,44,47,16
2023-10-21,1063,132,88,51,38,44,13
2023-10-22,1063,104,90,97,43,14,54
2023-10-23,1063,129,84,62,46,45,16
2023-10-24,1063,120,80,75,42,40,33
2023-10-25,1063,120,86,64,38,34,26
2023-10-26,1063,107,107,74,47,0,27
2023-10-27,1063,133,112,94,46,21,48
2023-10-28,1063,119,79,95,36,40,59
2023-10-29,1063,130,85,87,39,45,48
2023-10-30,1063,136,81,52,35,55,17
2023-10-31,1063,145,74,56,40,71,16
2023-11-01,1063,122,85,95,37,37,58
2023-11-02,1063,126,87,95,42,39,53
2023-11-03,1063,110,93,94,34,17,60
2023-11-04,1063,129,82,76,51,47,25
2023-11-05,1063,112,90,53,36,22,17
2023-11-06,1063,132,78,73,46,54,27
2023-11-07,1063,104,91,97,49,13,48
2023-11-08,1063,149,77,90,46,72,44
2023-11-09,1063,101,86,80,47,15,33
2023-11-10,1063,114,77,55,22,37,33
2023-11-11,1063,109,84,86,36,25,50
2023-11-12,1063,126,76,57,47,50,10
2023-11-13,1063,143,71,84,28,72,56
2023-11-14,1063,147,74,75,31,73,44
2023-11-15,1063,132,62,64,30,70,34
2023-11-16,1063,118,67,54,44,51,10
2023-11-17,1063,112,80,86,36,32,50
2023-11-18,1063,138,75,93,37,63,56
2023-11-19,1063,144,73,70,40,71,30
2023-11-20,1063,139,82,98,52,57,46
2023-11-21,1063,119,67,76,37,52,39
2023-11-22,1063,116,79,76,36,37,40
2023-11-23,1063,113,84,60,44,29,16
2023-11-24,1063,119,64,57,33,55,24
2023-11-25,1063,111,83,66,42,28,24
2023-11-26,1063,104,87,51,34,17,17
2023-11-27,1063,146,79,60,42,67,18
2023-11-28,1063,127,84,79,35,43,44
2023-11-29,1063,124,95,51,34,29,17
2023-11-30,1063,148,83,57,41,65,16
2023-12-01,1063,142,88,77,34,54,43
2023-12-02,1063,141,85,75,34,56,41
2023-12-03,1063,143,84,92,43,59,49
2023-12-04,1063,137,74,88,53,63,35
2023-12-05,1063,102,81,69,37,21,32
2023-12-06,1063,108,75,79,50,33,29
2023-12-07,1063,145,69,74,36,76,38
2023-12-08,1063,119,92,56,36,27,20
2023-12-09,1063,147,94,91,38,53,53
2023-12-10,1063,123,72,92,38,51,54
2023-12-11,1063,132,88,98,45,44,53
2023-12-12,1063,123,97,87,37,26,50
2023-12-13,1063,101,96,65,34,5,31
2023-12-14,1063,133,76,64,46,57,18
2023-12-15,1063,121,92,81,44,29,37
2023-12-16,1063,119,90,58,47,29,11
2023-12-17,1063,133,82,70,37,51,33
2023-12-18,1063,134,86,88,43,48,45
2023-12-19,1063,114,97,73,39,17,34
2023-12-20,1063,148,91,68,39,57,29
2023-12-21,1063,102,79,68,30,23,38
2023-12-22,1063,117,89,54,28,28,26
2023-12-23,1063,131,81,83,39,50,44
2023-12-24,1063,130,72,68,29,58,39
2023-12-25,1063,150,79,61,37,71,24
2023-12-26,1063,111,83,99,38,28,61
2023-12-27,1063,146,79,81,49,67,32
2023-12-28,1063,140,91,53,36,49,17
2023-12-29,1063,107,96,73,50,11,23
2023-12-30,1063,149,78,50,40,71,10
2023-12-31,1063,133,58,58,38,75,20
2023-01-01,1064,133,60,75,38,73,37
2023-01-02,1064,124,88,65,32,36,33
2023-01-03,1064,121,86,97,43,35,54
2023-01-04,1064,145,89,82,42,56,40
2023-01-05,1064,117,90,82,29,27,53
2023-01-06,1064,118,92,66,34,26,32
2023-01-07,1064,101,76,94,46,25,48
2023-01-08,1064,114,73,78,55,41,23
2023-01-09,1064,142,65,65,48,77,17
2023-01-10,1064,127,76,79,27,51,52
2023-01-11,1064,130,99,100,43,31,57
2023-01-12,1064,100,70,56,36,30,20
2023-01-13,1064,126,87,72,37,39,35
2023-01-14,1064,126,81,58,31,45,27
2023-01-15,1064,110,76,56,41,34,15
2023-01-16,1064,131,100,56,41,31,15
2023-01-17,1064,116,79,85,45,37,40
2023-01-18,1064,124,89,81,38,35,43
2023-01-19,1064,123,82,86,44,41,42
2023-01-20,1064,104,83,86,42,21,44
2023-01-21,1064,148,73,67,55,75,12
2023-01-22,1064,125,71,68,34,54,34
2023-01-23,1064,136,79,89,34,57,55
2023-01-24,1064,119,86,94,47,33,47
2023-01-25,1064,145,69,57,37,76,20
2023-01-26,1064,147,72,70,39,75,31
2023-01-27,1064,135,73,74,49,62,25
2023-01-28,1064,149,72,72,36,77,36
2023-01-29,1064,142,73,91,43,69,48
2023-01-30,1064,127,72,75,35,55,40
2023-01-31,1064,138,90,54,29,48,25
2023-02-01,1064,118,79,90,34,39,56
2023-02-02,1064,134,73,52,44,61,8
2023-02-03,1064,150,69,64,30,81,34
2023-02-04,1064,149,79,59,34,70,25
2023-02-05,1064,106,83,82,41,23,41
2023-02-06,1064,130,67,82,37,63,45
2023-02-07,1064,113,67,92,42,46,50
2023-02-08,1064,150,77,68,54,73,14
2023-02-09,1064,111,88,85,43,23,42
2023-02-10,1064,125,77,93,50,48,43
2023-02-11,1064,109,71,85,37,38,48
2023-02-12,1064,102,79,93,42,23,51
2023-02-13,1064,150,83,60,36,67,24
2023-02-14,1064,127,75,94,37,52,57
2023-02-15,1064,145,78,90,43,67,47
2023-02-16,1064,100,82,84,42,18,42
2023-02-17,1064,150,91,65,46,59,19
2023-02-18,1064,125,76,74,46,49,28
2023-02-19,1064,102,75,50,54,27,-4
2023-02-20,1064,125,83,77,48,42,29
2023-02-21,1064,113,74,75,43,39,32
2023-02-22,1064,107,85,94,42,22,52
2023-02-23,1064,138,85,96,39,53,57
2023-02-24,1064,102,68,98,51,34,47
2023-02-25,1064,134,85,53,45,49,8
2023-02-26,1064,100,62,68,40,38,28
2023-02-27,1064,103,76,53,41,27,12
2023-02-28,1064,149,75,62,43,74,19
2023-03-01,1064,108,76,53,39,32,14
2023-03-02,1064,111,78,77,44,33,33
2023-03-03,1064,108,77,96,26,31,70
2023-03-04,1064,116,92,53,43,24,10
2023-03-05,1064,139,82,84,47,57,37
2023-03-06,1064,146,69,58,39,77,19
2023-03-07,1064,120,61,59,41,59,18
2023-03-08,1064,135,79,57,50,56,7
2023-03-09,1064,109,87,95,38,22,57
2023-03-10,1064,137,75,100,37,62,63
2023-03-11,1064,122,86,82,45,36,37
2023-03-12,1064,112,83,80,34,29,46
2023-03-13,1064,111,85,83,41,26,42
2023-03-14,1064,135,90,89,35,45,54
2023-03-15,1064,145,78,54,39,67,15
2023-03-16,1064,102,75,93,43,27,50
2023-03-17,1064,107,71,75,40,36,35
2023-03-18,1064,149,74,69,39,75,30
2023-03-19,1064,150,74,94,32,76,62
2023-03-20,1064,144,100,62,43,44,19
2023-03-21,1064,104,71,90,34,33,56
2023-03-22,1064,136,80,75,48,56,27
2023-03-23,1064,129,80,82,43,49,39
2023-03-24,1064,149,87,72,35,62,37
2023-03-25,1064,132,67,68,36,65,32
2023-03-26,1064,137,90,87,30,47,57
2023-03-27,1064,122,87,90,31,35,59
2023-03-28,1064,108,74,53,46,34,7
2023-03-29,1064,129,89,86,41,40,45
2023-03-30,1064,112,66,92,46,46,46
2023-03-31,1064,129,74,61,39,55,22
2023-04-01,1064,147,89,67,38,58,29
2023-04-02,1064,119,74,78,50,45,28
2023-04-03,1064,145,90,66,29,55,37
2023-04-04,1064,144,85,97,48,59,49
2023-04-05,1064,127,90,78,38,37,40
2023-04-06,1064,111,78,66,45,33,21
2023-04-07,1064,109,74,85,56,35,29
2023-04-08,1064,145,93,71,42,52,29
2023-04-09,1064,101,91,99,43,10,56
2023-04-10,1064,110,79,82,39,31,43
2023-04-11,1064,107,85,66,46,22,20
2023-04-12,1064,100,74,95,27,26,68
2023-04-13,1064,143,86,66,40,57,26
2023-04-14,1064,104,62,91,34,42,57
2023-04-15,1064,106,94,95,42,12,53
2023-04-16,1064,148,85,86,47,63,39
2023-04-17,1064,148,74,65,37,74,28
2023-04-18,1064,132,68,95,33,64,62
2023-04-19,1064,101,82,51,39,19,12
2023-04-20,1064,120,75,96,43,45,53
2023-04-21,1064,146,94,83,54,52,29
2023-04-22,1064,136,64,99,42,72,57
2023-04-23,1064,141,79,62,31,62,31
2023-04-24,1064,122,77,79,32,45,47
2023-04-25,1064,111,88,60,42,23,18
2023-04-26,1064,115,83,54,34,32,20
2023-04-27,1064,138,83,88,40,55,48
2023-04-28,1064,137,85,85,46,52,39
2023-04-29,1064,121,99,88,42,22,46
2023-04-30,1064,111,80,98,43,31,55
2023-05-01,1064,114,77,99,43,37,56
2023-05-02,1064,138,87,81,45,51,36
2023-05-03,1064,147,63,85,35,84,50
2023-05-04,1064,148,78,99,44,70,55
2023-05-05,1064,105,89,97,37,16,60
2023-05-06,1064,135,77,87,33,58,54
2023-05-07,1064,142,90,60,40,52,20
2023-05-08,1064,150,67,79,34,83,45
2023-05-09,1064,136,88,85,50,48,35
2023-05-10,1064,150,102,56,37,48,19
2023-05-11,1064,143,87,76,42,56,34
2023-05-12,1064,136,80,89,50,56,39
2023-05-13,1064,135,78,85,36,57,49
2023-05-14,1064,105,84,69,42,21,27
2023-05-15,1064,106,74,80,46,32,34
2023-05-16,1064,127,86,63,41,41,22
2023-05-17,1064,135,76,62,29,59,33
2023-05-18,1064,130,85,58,40,45,18
2023-05-19,1064,137,69,73,48,68,25
2023-05-20,1064,133,82,94,45,51,49
2023-05-21,1064,142,92,66,42,50,24
2023-05-22,1064,124,69,91,41,55,50
2023-05-23,1064,134,69,65,39,65,26
2023-05-24,1064,126,86,65,45,40,20
2023-05-25,1064,129,88,86,47,41,39
2023-05-26,1064,112,85,89,38,27,51
2023-05-27,1064,149,91,68,41,58,27
2023-05-28,1064,125,85,61,43,40,18
2023-05-29,1064,144,82,77,43,62,34
2023-05-30,1064,120,78,82,45,42,37
2023-05-31,1064,125,67,57,41,58,16
2023-06-01,1064,128,72,95,41,56,54
2023-06-02,1064,114,77,100,55,37,45
2023-06-03,1064,149,88,87,31,61,56
2023-06-04,1064,142,93,52,52,49,0
2023-06-05,1064,102,76,59,41,26,18
2023-06-06,1064,140,81,58,41,59,17
2023-06-07,1064,111,87,83,39,24,44
2023-06-08,1064,142,84,64,41,58,23
2023-06-09,1064,143,66,84,40,77,44
2023-06-10,1064,114,73,56,38,41,18
2023-06-11,1064,132,84,89,44,48,45
2023-06-12,1064,143,85,59,43,58,16
2023-06-13,1064,141,66,68,40,75,28
2023-06-14,1064,116,76,58,42,40,16
2023-06-15,1064,128,71,80,32,57,48
2023-06-16,1064,109,95,59,37,14,22
2023-06-17,1064,139,83,55,42,56,13
2023-06-18,1064,126,82,99,40,44,59
2023-06-19,1064,121,73,83,40,48,43
2023-06-20,1064,126,72,77,44,54,33
2023-06-21,1064,137,88,87,36,49,51
2023-06-22,1064,123,70,100,45,53,55
2023-06-23,1064,145,91,75,39,54,36
2023-06-24,1064,100,71,56,39,29,17
2023-06-25,1064,117,87,52,35,30,17
2023-06-26,1064,107,63,61,39,44,22
2023-06-27,1064,122,94,75,52,28,23
2023-06-28,1064,102,71,74,41,31,33
2023-06-29,1064,144,71,51,45,73,6
2023-06-30,1064,140,75,76,41,65,35
2023-07-01,1064,108,98,98,38,10,60
2023-07-02,1064,110,101,100,39,9,61
2023-07-03,1064,122,62,60,45,60,15
2023-07-04,1064,143,71,56,51,72,5
2023-07-05,1064,108,90,57,45,18,12
2023-07-06,1064,138,67,69,40,71,29
2023-07-07,1064,129,86,83,41,43,42
2023-07-08,1064,147,90,80,37,57,43
2023-07-09,1064,131,66,60,36,65,24
2023-07-10,1064,131,63,87,52,68,35
2023-07-11,1064,123,81,59,34,42,25
2023-07-12,1064,129,76,58,48,53,10
2023-07-13,1064,119,95,67,40,24,27
2023-07-14,1064,106,80,98,43,26,55
2023-07-15,1064,136,77,67,33,59,34
2023-07-16,1064,121,96,71,28,25,43
2023-07-17,1064,119,63,57,43,56,14
2023-07-18,1064,114,82,54,34,32,20
2023-07-19,1064,101,63,50,29,38,21
2023-07-20,1064,109,79,72,28,30,44
2023-07-21,1064,140,80,100,44,60,56
2023-07-22,1064,122,86,86,41,36,45
2023-07-23,1064,102,68,79,56,34,23
2023-07-24,1064,108,59,64,42,49,22
2023-07-25,1064,141,77,83,41,64,42
2023-07-26,1064,122,84,97,45,38,52
2023-07-27,1064,121,93,95,48,28,47
2023-07-28,1064,135,70,57,47,65,10
2023-07-29,1064,112,82,56,37,30,19
2023-07-30,1064,149,76,92,41,73,51
2023-07-31,1064,113,72,65,32,41,33
2023-08-01,1064,132,73,91,48,59,43
2023-08-02,1064,101,82,76,42,19,34
2023-08-03,1064,108,67,56,34,41,22
2023-08-04,1064,150,78,56,35,72,21
2023-08-05,1064,122,93,84,36,29,48
2023-08-06,1064,135,88,69,30,47,39
2023-08-07,1064,107,79,77,36,28,41
2023-08-08,1064,103,89,79,36,14,43
2023-08-09,1064,132,85,94,29,47,65
2023-08-10,1064,101,71,85,44,30,41
2023-08-11,1064,138,75,60,46,63,14
2023-08-12,1064,126,70,53,31,56,22
2023-08-13,1064,135,72,77,43,63,34
2023-08-14,1064,103,74,83,33,29,50
2023-08-15,1064,135,92,59,38,43,21
2023-08-16,1064,117,84,73,42,33,31
2023-08-17,1064,135,77,65,44,58,21
2023-08-18,1064,123,70,97,42,53,55
2023-08-19,1064,118,80,64,41,38,23
2023-08-20,1064,127,64,88,43,63,45
2023-08-21,1064,149,71,53,48,78,5
2023-08-22,1064,133,82,100,51,51,49
2023-08-23,1064,143,68,98,38,75,60
2023-08-24,1064,143,77,63,51,66,12
2023-08-25,1064,147,96,61,33,51,28
2023-08-26,1064,112,70,67,37,42,30
2023-08-27,1064,140,72,81,39,68,42
2023-08-28,1064,137,78,87,45,59,42
2023-08-29,1064,112,69,53,38,43,15
2023-08-30,1064,143,78,97,54,65,43
2023-08-31,1064,120,76,81,32,44,49
2023-09-01,1064,130,73,68,39,57,29
2023-09-02,1064,123,85,87,42,38,45
2023-09-03,1064,149,82,67,27,67,40
2023-09-04,1064,110,70,80,36,40,44
2023-09-05,1064,148,89,100,39,59,61
2023-09-06,1064,136,68,73,36,68,37
2023-09-07,1064,119,77,86,29,42,57
2023-09-08,1064,115,79,87,44,36,43
2023-09-09,1064,103,66,73,53,37,20
2023-09-10,1064,117,77,93,38,40,55
2023-09-11,1064,102,77,64,48,25,16
2023-09-12,1064,139,75,53,49,64,4
2023-09-13,1064,131,89,92,43,42,49
2023-09-14,1064,104,88,83,51,16,32
2023-09-15,1064,122,106,71,51,16,20
2023-09-16,1064,136,85,75,51,51,24
2023-09-17,1064,119,65,93,43,54,50
2023-09-18,1064,120,82,53,36,38,17
2023-09-19,1064,148,74,61,45,74,16
2023-09-20,1064,133,76,50,30,57,20
2023-09-21,1064,125,70,54,39,55,15
2023-09-22,1064,115,76,77,34,39,43
2023-09-23,1064,100,64,58,33,36,25
2023-09-24,1064,110,72,53,36,38,17
2023-09-25,1064,119,79,94,39,40,55
2023-09-26,1064,148,77,89,35,71,54
2023-09-27,1064,132,85,52,33,47,19
2023-09-28,1064,102,67,70,46,35,24
2023-09-29,1064,111,71,89,39,40,50
2023-09-30,1064,122,78,91,45,44,46
2023-10-01,1064,146,81,54,37,65,17
2023-10-02,1064,113,84,77,53,29,24
2023-10-03,1064,132,82,51,39,50,12
2023-10-04,1064,135,81,72,34,54,38
2023-10-05,1064,107,82,85,39,25,46
2023-10-06,1064,150,88,54,40,62,14
2023-10-07,1064,147,89,95,36,58,59
2023-10-08,1064,150,88,81,41,62,40
2023-10-09,1064,121,75,83,26,46,57
2023-10-10,1064,110,77,94,28,33,66
2023-10-11,1064,122,91,90,47,31,43
2023-10-12,1064,149,78,83,31,71,52
2023-10-13,1064,120,79,87,34,41,53
2023-10-14,1064,110,92,92,42,18,50
2023-10-15,1064,122,70,82,39,52,43
2023-10-16,1064,121,84,55,49,37,6
2023-10-17,1064,100,85,94,38,15,56
2023-10-18,1064,127,81,89,40,46,49
2023-10-19,1064,126,83,54,40,43,14
2023-10-20,1064,103,85,80,39,18,41
2023-10-21,1064,106,91,78,35,15,43
2023-10-22,1064,120,72,94,39,48,55
2023-10-23,1064,122,92,85,31,30,54
2023-10-24,1064,110,85,59,49,25,10
2023-10-25,1064,100,83,74,41,17,33
2023-10-26,1064,128,83,90,33,45,57
2023-10-27,1064,103,90,83,40,13,43
2023-10-28,1064,109,85,97,42,24,55
2023-10-29,1064,134,67,97,42,67,55
2023-10-30,1064,142,95,97,44,47,53
2023-10-31,1064,102,80,56,43,22,13
2023-11-01,1064,146,76,86,39,70,47
2023-11-02,1064,106,86,75,37,20,38
2023-11-03,1064,126,79,79,51,47,28
2023-11-04,1064,107,85,98,40,22,58
2023-11-05,1064,129,92,73,37,37,36
2023-11-06,1064,120,92,98,47,28,51
2023-11-07,1064,149,83,92,48,66,44
2023-11-08,1064,119,84,96,38,35,58
2023-11-09,1064,102,77,99,49,25,50
2023-11-10,1064,141,60,86,28,81,58
2023-11-11,1064,118,86,54,37,32,17
2023-11-12,1064,111,78,80,45,33,35
2023-11-13,1064,122,74,53,39,48,14
2023-11-14,1064,100,71,55,33,29,22
2023-11-15,1064,114,78,57,34,36,23
2023-11-16,1064,122,75,74,36,47,38
2023-11-17,1064,101,74,74,34,27,40
2023-11-18,1064,108,62,81,49,46,32
2023-11-19,1064,110,96,60,42,14,18
2023-11-20,1064,111,77,52,47,34,5
2023-11-21,1064,114,75,96,42,39,54
2023-11-22,1064,141,86,59,32,55,27
2023-11-23,1064,136,75,95,36,61,59
2023-11-24,1064,136,76,78,48,60,30
2023-11-25,1064,123,62,72,50,61,22
2023-11-26,1064,133,73,79,51,60,28
2023-11-27,1064,115,99,63,42,16,21
2023-11-28,1064,123,90,98,35,33,63
2023-11-29,1064,129,91,96,37,38,59
2023-11-30,1064,139,85,97,34,54,63
2023-12-01,1064,126,100,65,46,26,19
2023-12-02,1064,110,68,73,40,42,33
2023-12-03,1064,141,81,91,29,60,62
2023-12-04,1064,107,94,76,51,13,25
2023-12-05,1064,134,72,96,37,62,59
2023-12-06,1064,143,93,85,41,50,44
2023-12-07,1064,136,85,99,31,51,68
2023-12-08,1064,125,96,77,45,29,32
2023-12-09,1064,113,91,59,46,22,13
2023-12-10,1064,100,77,78,35,23,43
2023-12-11,1064,109,80,76,32,29,44
2023-12-12,1064,134,81,79,34,53,45
2023-12-13,1064,121,87,50,37,34,13
2023-12-14,1064,138,83,59,45,55,14
2023-12-15,1064,110,82,94,33,28,61
2023-12-16,1064,104,81,85,39,23,46
2023-12-17,1064,107,75,88,31,32,57
2023-12-18,1064,117,71,89,32,46,57
2023-12-19,1064,136,69,55,29,67,26
2023-12-20,1064,139,80,83,31,59,52
2023-12-21,1064,111,85,60,34,26,26
2023-12-22,1064,114,78,74,34,36,40
2023-12-23,1064,125,82,61,44,43,17
2023-12-24,1064,123,78,67,53,45,14
2023-12-25,1064,125,86,53,35,39,18
2023-12-26,1064,104,88,96,40,16,56
2023-12-27,1064,146,93,53,37,53,16
2023-12-28,1064,109,84,89,46,25,43
2023-12-29,1064,138,70,92,38,68,54
2023-12-30,1064,111,76,88,47,35,41
2023-12-31,1064,116,85,65,32,31,33
2023-01-01,1065,150,74,50,39,76,11
2023-01-02,1065,109,82,100,25,27,75
2023-01-03,1065,139,79,99,52,60,47
2023-01-04,1065,150,69,97,41,81,56
2023-01-05,1065,147,76,87,37,71,50
2023-01-06,1065,146,71,80,36,75,44
2023-01-07,1065,130,70,54,47,60,7
2023-01-08,1065,131,78,72,38,53,34
2023-01-09,1065,127,91,93,34,36,59
2023-01-10,1065,140,65,95,31,75,64
2023-01-11,1065,113,89,65,49,24,16
2023-01-12,1065,125,69,83,42,56,41
2023-01-13,1065,148,60,96,46,88,50
2023-01-14,1065,109,78,69,39,31,30
2023-01-15,1065,124,77,63,33,47,30
2023-01-16,1065,100,71,63,44,29,19
2023-01-17,1065,149,84,98,47,65,51
2023-01-18,1065,107,98,66,43,9,23
2023-01-19,1065,133,76,75,43,57,32
2023-01-20,1065,147,75,97,36,72,61
2023-01-21,1065,120,69,53,51,51,2
2023-01-22,1065,127,89,77,42,38,35
2023-01-23,1065,122,101,51,33,21,18
2023-01-24,1065,146,77,58,49,69,9
2023-01-25,1065,102,69,90,37,33,53
2023-01-26,1065,149,77,60,42,72,18
2023-01-27,1065,124,76,72,32,48,40
2023-01-28,1065,143,75,100,49,68,51
2023-01-29,1065,122,64,95,33,58,62
2023-01-30,1065,127,85,64,42,42,22
2023-01-31,1065,110,84,55,26,26,29
2023-02-01,1065,101,68,94,31,33,63
2023-02-02,1065,115,78,82,30,37,52
2023-02-03,1065,145,74,85,32,71,53
2023-02-04,1065,126,76,78,39,50,39
2023-02-05,1065,105,88,97,34,17,63
2023-02-06,1065,118,86,60,34,32,26
2023-02-07,1065,114,76,82,53,38,29
2023-02-08,1065,102,72,100,38,30,62
2023-02-09,1065,106,89,79,37,17,42
2023-02-10,1065,146,63,64,35,83,29
2023-02-11,1065,147,71,100,43,76,57
2023-02-12,1065,117,78,59,34,39,25
2023-02-13,1065,114,76,62,33,38,29
2023-02-14,1065,113,65,90,39,48,51
2023-02-15,1065,118,94,67,30,24,37
2023-02-16,1065,147,85,56,42,62,14
2023-02-17,1065,140,82,88,36,58,52
2023-02-18,1065,150,82,53,40,68,13
2023-02-19,1065,126,80,63,37,46,26
2023-02-20,1065,103,63,93,39,40,54
2023-02-21,1065,129,65,93,43,64,50
2023-02-22,1065,124,86,56,35,38,21
2023-02-23,1065,123,85,80,50,38,30
2023-02-24,1065,127,66,93,31,61,62
2023-02-25,1065,136,81,67,36,55,31
2023-02-26,1065,132,90,79,34,42,45
2023-02-27,1065,106,80,84,29,26,55
2023-02-28,1065,139,83,89,38,56,51
2023-03-01,1065,134,89,74,49,45,25
2023-03-02,1065,131,90,55,37,41,18
2023-03-03,1065,139,85,56,42,54,14
2023-03-04,1065,133,81,50,48,52,2
2023-03-05,1065,109,72,50,39,37,11
2023-03-06,1065,145,94,75,44,51,31
2023-03-07,1065,111,81,60,32,30,28
2023-03-08,1065,142,69,99,49,73,50
2023-03-09,1065,134,83,73,35,51,38
2023-03-10,1065,116,79,80,35,37,45
2023-03-11,1065,122,86,54,36,36,18
2023-03-12,1065,138,64,84,48,74,36
2023-03-13,1065,114,99,89,47,15,42
2023-03-14,1065,130,79,72,40,51,32
2023-03-15,1065,122,66,60,42,56,18
2023-03-16,1065,100,76,66,34,24,32
2023-03-17,1065,113,86,71,41,27,30
2023-03-18,1065,130,71,96,45,59,51
2023-03-19,1065,131,79,73,46,52,27
2023-03-20,1065,146,84,80,39,62,41
2023-03-21,1065,133,85,98,36,48,62
2023-03-22,1065,150,70,91,51,80,40
2023-03-23,1065,146,84,59,44,62,15
2023-03-24,1065,148,84,88,35,64,53
2023-03-25,1065,125,74,70,33,51,37
2023-03-26,1065,147,62,55,37,85,18
2023-03-27,1065,134,87,79,38,47,41
2023-03-28,1065,110,78,87,46,32,41
2023-03-29,1065,146,92,91,39,54,52
2023-03-30,1065,135,77,100,37,58,63
2023-03-31,1065,116,73,94,55,43,39
2023-04-01,1065,144,74,71,51,70,20
2023-04-02,1065,140,85,91,35,55,56
2023-04-03,1065,148,69,94,44,79,50
2023-04-04,1065,124,63,65,41,61,24
2023-04-05,1065,129,78,83,31,51,52
2023-04-06,1065,142,64,82,35,78,47
2023-04-07,1065,111,86,64,37,25,27
2023-04-08,1065,115,89,84,45,26,39
2023-04-09,1065,105,80,81,35,25,46
2023-04-10,1065,118,84,99,41,34,58
2023-04-11,1065,105,87,65,38,18,27
2023-04-12,1065,121,69,65,44,52,21
2023-04-13,1065,129,61,61,40,68,21
2023-04-14,1065,103,90,99,36,13,63
2023-04-15,1065,127,80,79,37,47,42
2023-04-16,1065,145,75,62,50,70,12
2023-04-17,1065,129,75,76,42,54,34
2023-04-18,1065,100,80,62,42,20,20
2023-04-19,1065,135,104,50,36,31,14
2023-04-20,1065,101,75,76,51,26,25
2023-04-21,1065,100,73,91,48,27,43
2023-04-22,1065,106,88,51,47,18,4
2023-04-23,1065,138,83,70,29,55,41
2023-04-24,1065,123,79,52,32,44,20
2023-04-25,1065,137,83,70,46,54,24
2023-04-26,1065,121,89,95,36,32,59
2023-04-27,1065,125,64,86,47,61,39
2023-04-28,1065,148,80,67,48,68,19
2023-04-29,1065,144,71,86,49,73,37
2023-04-30,1065,127,76,88,41,51,47
2023-05-01,1065,110,88,77,49,22,28
2023-05-02,1065,142,79,78,41,63,37
2023-05-03,1065,129,88,78,36,41,42
2023-05-04,1065,146,84,65,39,62,26
2023-05-05,1065,137,77,88,33,60,55
2023-05-06,1065,146,73,74,38,73,36
2023-05-07,1065,101,76,72,42,25,30
2023-05-08,1065,131,75,52,46,56,6
2023-05-09,1065,127,73,71,41,54,30
2023-05-10,1065,133,89,56,34,44,22
2023-05-11,1065,135,60,82,34,75,48
2023-05-12,1065,123,70,69,39,53,30
2023-05-13,1065,111,77,64,46,34,18
2023-05-14,1065,116,74,77,37,42,40
2023-05-15,1065,126,84,82,28,42,54
2023-05-16,1065,140,74,68,40,66,28
2023-05-17,1065,108,87,85,34,21,51
2023-05-18,1065,139,87,64,48,52,16
2023-05-19,1065,129,98,82,40,31,42
2023-05-20,1065,105,72,87,41,33,46
2023-05-21,1065,106,96,58,31,10,27
2023-05-22,1065,113,83,61,39,30,22
2023-05-23,1065,129,85,52,38,44,14
2023-05-24,1065,146,83,87,42,63,45
2023-05-25,1065,138,84,59,42,54,17
2023-05-26,1065,115,88,99,28,27,71
2023-05-27,1065,127,85,58,46,42,12
2023-05-28,1065,133,78,74,47,55,27
2023-05-29,1065,145,83,69,31,62,38
2023-05-30,1065,102,83,94,43,19,51
2023-05-31,1065,106,81,79,36,25,43
2023-06-01,1065,146,69,55,43,77,12
2023-06-02,1065,142,82,68,41,60,27
2023-06-03,1065,142,72,73,36,70,37
2023-06-04,1065,129,65,83,33,64,50
2023-06-05,1065,103,75,86,34,28,52
2023-06-06,1065,121,64,82,39,57,43
2023-06-07,1065,127,61,73,38,66,35
2023-06-08,1065,147,69,53,33,78,20
2023-06-09,1065,116,91,94,43,25,51
2023-06-10,1065,124,92,68,49,32,19
2023-06-11,1065,150,82,65,29,68,36
2023-06-12,1065,130,81,100,31,49,69
2023-06-13,1065,101,88,93,37,13,56
2023-06-14,1065,122,83,60,50,39,10
2023-06-15,1065,138,80,97,30,58,67
2023-06-16,1065,108,80,66,30,28,36
2023-06-17,1065,140,74,79,52,66,27
2023-06-18,1065,130,86,98,54,44,44
2023-06-19,1065,125,80,94,35,45,59
2023-06-20,1065,150,68,78,35,82,43
2023-06-21,1065,107,101,93,38,6,55
2023-06-22,1065,127,65,72,32,62,40
2023-06-23,1065,141,82,72,40,59,32
2023-06-24,1065,113,91,94,39,22,55
2023-06-25,1065,132,88,52,43,44,9
2023-06-26,1065,133,71,58,40,62,18
2023-06-27,1065,102,66,86,40,36,46
2023-06-28,1065,123,91,59,39,32,20
2023-06-29,1065,141,73,96,44,68,52
2023-06-30,1065,124,81,99,41,43,58
2023-07-01,1065,139,81,82,47,58,35
2023-07-02,1065,117,74,97,32,43,65
2023-07-03,1065,105,87,81,37,18,44
2023-07-04,1065,130,73,79,37,57,42
2023-07-05,1065,132,79,94,32,53,62
2023-07-06,1065,114,73,88,40,41,48
2023-07-07,1065,114,78,54,25,36,29
2023-07-08,1065,105,72,78,37,33,41
2023-07-09,1065,143,84,98,31,59,67
2023-07-10,1065,117,77,80,42,40,38
2023-07-11,1065,113,77,79,39,36,40
2023-07-12,1065,136,79,81,43,57,38
2023-07-13,1065,116,62,69,48,54,21
2023-07-14,1065,137,72,70,50,65,20
2023-07-15,1065,118,93,81,45,25,36
2023-07-16,1065,142,70,57,39,72,18
2023-07-17,1065,136,69,70,34,67,36
2023-07-18,1065,107,76,75,38,31,37
2023-07-19,1065,110,75,94,46,35,48
2023-07-20,1065,106,84,54,33,22,21
2023-07-21,1065,124,87,99,32,37,67
2023-07-22,1065,102,96,70,34,6,36
2023-07-23,1065,121,84,72,30,37,42
2023-07-24,1065,102,77,91,49,25,42
2023-07-25,1065,116,87,99,42,29,57
2023-07-26,1065,138,87,95,44,51,51
2023-07-27,1065,142,89,69,41,53,28
2023-07-28,1065,136,74,63,35,62,28
2023-07-29,1065,115,89,59,41,26,18
2023-07-30,1065,107,96,73,53,11,20
2023-07-31,1065,150,78,68,45,72,23
2023-08-01,1065,120,83,52,50,37,2
2023-08-02,1065,116,88,96,38,28,58
2023-08-03,1065,134,78,71,50,56,21
2023-08-04,1065,109,74,92,45,35,47
2023-08-05,1065,129,87,86,38,42,48
2023-08-06,1065,150,78,94,48,72,46
2023-08-07,1065,126,78,89,45,48,44
2023-08-08,1065,132,74,91,37,58,54
2023-08-09,1065,122,85,73,36,37,37
2023-08-10,1065,118,86,90,45,32,45
2023-08-11,1065,137,93,91,48,44,43
2023-08-12,1065,111,85,56,51,26,5
2023-08-13,1065,139,67,86,52,72,34
2023-08-14,1065,127,79,68,39,48,29
2023-08-15,1065,110,82,68,51,28,17
2023-08-16,1065,122,77,52,40,45,12
2023-08-17,1065,137,67,81,42,70,39
2023-08-18,1065,103,76,51,30,27,21
2023-08-19,1065,132,76,59,31,56,28
2023-08-20,1065,110,67,57,39,43,18
2023-08-21,1065,143,94,59,46,49,13
2023-08-22,1065,149,64,68,38,85,30
2023-08-23,1065,144,86,66,35,58,31
2023-08-24,1065,116,76,54,36,40,18
2023-08-25,1065,113,76,74,34,37,40
2023-08-26,1065,102,87,52,51,15,1
2023-08-27,1065,148,75,93,39,73,54
2023-08-28,1065,137,83,55,43,54,12
2023-08-29,1065,108,62,65,39,46,26
2023-08-30,1065,121,92,75,37,29,38
2023-08-31,1065,129,80,78,48,49,30
2023-09-01,1065,120,87,57,46,33,11
2023-09-02,1065,118,77,52,37,41,15
2023-09-03,1065,134,63,76,53,71,23
2023-09-04,1065,130,80,90,59,50,31
2023-09-05,1065,108,84,69,39,24,30
2023-09-06,1065,139,78,70,36,61,34
2023-09-07,1065,132,93,53,42,39,11
2023-09-08,1065,106,81,66,46,25,20
2023-09-09,1065,147,87,50,33,60,17
2023-09-10,1065,125,60,82,28,65,54
2023-09-11,1065,135,74,68,41,61,27
2023-09-12,1065,105,89,70,42,16,28
2023-09-13,1065,141,64,98,35,77,63
2023-09-14,1065,148,103,69,29,45,40
2023-09-15,1065,111,76,100,45,35,55
2023-09-16,1065,121,70,97,49,51,48
2023-09-17,1065,101,84,67,45,17,22
2023-09-18,1065,115,100,55,47,15,8
2023-09-19,1065,108,71,53,40,37,13
2023-09-20,1065,106,74,98,40,32,58
2023-09-21,1065,121,76,66,45,45,21
2023-09-22,1065,118,81,50,39,37,11
2023-09-23,1065,137,68,95,45,69,50
2023-09-24,1065,139,81,55,38,58,17
2023-09-25,1065,143,86,50,43,57,7
2023-09-26,1065,103,76,97,37,27,60
2023-09-27,1065,100,79,82,44,21,38
2023-09-28,1065,108,79,99,40,29,59
2023-09-29,1065,114,86,75,49,28,26
2023-09-30,1065,110,58,63,54,52,9
2023-10-01,1065,145,90,51,37,55,14
2023-10-02,1065,148,77,52,40,71,12
2023-10-03,1065,111,79,58,45,32,13
2023-10-04,1065,131,87,70,38,44,32
2023-10-05,1065,117,82,94,48,35,46
2023-10-06,1065,103,90,99,41,13,58
2023-10-07,1065,105,65,92,46,40,46
2023-10-08,1065,132,74,98,43,58,55
2023-10-09,1065,149,87,65,38,62,27
2023-10-10,1065,140,108,90,44,32,46
2023-10-11,1065,145,89,56,40,56,16
2023-10-12,1065,129,69,69,31,60,38
2023-10-13,1065,148,72,89,39,76,50
2023-10-14,1065,149,81,74,39,68,35
2023-10-15,1065,100,78,81,44,22,37
2023-10-16,1065,137,71,73,44,66,29
2023-10-17,1065,124,78,56,42,46,14
2023-10-18,1065,135,83,75,42,52,33
2023-10-19,1065,123,89,62,47,34,15
2023-10-20,1065,107,77,82,34,30,48
2023-10-21,1065,140,74,97,39,66,58
2023-10-22,1065,108,81,92,31,27,61
2023-10-23,1065,114,76,75,34,38,41
2023-10-24,1065,107,66,58,31,41,27
2023-10-25,1065,138,81,59,54,57,5
2023-10-26,1065,143,85,64,36,58,28
2023-10-27,1065,150,84,86,43,66,43
2023-10-28,1065,142,70,74,53,72,21
2023-10-29,1065,123,77,87,55,46,32
2023-10-30,1065,104,96,70,34,8,36
2023-10-31,1065,140,84,72,40,56,32
2023-11-01,1065,140,76,94,42,64,52
2023-11-02,1065,100,72,55,40,28,15
2023-11-03,1065,132,83,56,44,49,12
2023-11-04,1065,115,79,70,44,36,26
2023-11-05,1065,138,87,52,38,51,14
2023-11-06,1065,139,72,66,44,67,22
2023-11-07,1065,139,84,87,44,55,43
2023-11-08,1065,145,72,96,29,73,67
2023-11-09,1065,135,88,68,52,47,16
2023-11-10,1065,145,86,59,44,59,15
2023-11-11,1065,145,91,91,44,54,47
2023-11-12,1065,146,83,62,43,63,19
2023-11-13,1065,126,76,51,40,50,11
2023-11-14,1065,117,78,88,54,39,34
2023-11-15,1065,136,94,88,30,42,58
2023-11-16,1065,106,79,89,35,27,54
2023-11-17,1065,107,76,70,45,31,25
2023-11-18,1065,113,82,74,29,31,45
2023-11-19,1065,122,95,83,46,27,37
2023-11-20,1065,125,85,83,38,40,45
2023-11-21,1065,146,75,88,34,71,54
2023-11-22,1065,109,84,81,39,25,42
2023-11-23,1065,124,89,58,48,35,10
2023-11-24,1065,128,77,81,45,51,36
2023-11-25,1065,103,86,95,45,17,50
2023-11-26,1065,149,69,84,41,80,43
2023-11-27,1065,150,82,67,38,68,29
2023-11-28,1065,115,85,94,38,30,56
2023-11-29,1065,143,92,98,36,51,62
2023-11-30,1065,143,70,63,36,73,27
2023-12-01,1065,108,70,98,25,38,73
2023-12-02,1065,109,87,82,44,22,38
2023-12-03,1065,138,80,78,39,58,39
2023-12-04,1065,144,77,53,37,67,16
2023-12-05,1065,103,86,84,40,17,44
2023-12-06,1065,103,81,59,39,22,20
2023-12-07,1065,119,84,57,28,35,29
2023-12-08,1065,105,97,60,37,8,23
2023-12-09,1065,143,79,84,42,64,42
2023-12-10,1065,126,84,73,35,42,38
2023-12-11,1065,127,92,76,39,35,37
2023-12-12,1065,147,91,98,39,56,59
2023-12-13,1065,131,78,71,45,53,26
2023-12-14,1065,128,75,72,43,53,29
2023-12-15,1065,123,73,77,39,50,38
2023-12-16,1065,121,74,96,31,47,65
2023-12-17,1065,118,84,54,39,34,15
2023-12-18,1065,114,79,76,33,35,43
2023-12-19,1065,120,73,94,48,47,46
2023-12-20,1065,141,83,80,43,58,37
2023-12-21,1065,150,90,98,32,60,66
2023-12-22,1065,115,64,60,30,51,30
2023-12-23,1065,119,76,84,29,43,55
2023-12-24,1065,142,68,62,36,74,26
2023-12-25,1065,145,86,88,47,59,41
2023-12-26,1065,108,81,89,37,27,52
2023-12-27,1065,122,88,67,32,34,35
2023-12-28,1065,105,75,85,32,30,53
2023-12-29,1065,131,74,58,47,57,11
2023-12-30,1065,148,100,69,39,48,30
2023-12-31,1065,126,79,97,47,47,50
2023-01-01,1066,117,81,53,36,36,17
2023-01-02,1066,115,72,85,53,43,32
2023-01-03,1066,124,81,76,37,43,39
2023-01-04,1066,137,81,50,38,56,12
2023-01-05,1066,123,66,52,39,57,13
2023-01-06,1066,126,91,99,38,35,61
2023-01-07,1066,103,83,75,33,20,42
2023-01-08,1066,118,72,87,50,46,37
2023-01-09,1066,118,98,84,54,20,30
2023-01-10,1066,112,86,80,44,26,36
2023-01-11,1066,104,66,64,54,38,10
2023-01-12,1066,108,81,53,50,27,3
2023-01-13,1066,122,75,92,37,47,55
2023-01-14,1066,131,69,63,45,62,18
2023-01-15,1066,123,82,60,42,41,18
2023-01-16,1066,139,77,97,52,62,45
2023-01-17,1066,110,61,96,43,49,53
2023-01-18,1066,104,75,88,35,29,53
2023-01-19,1066,137,78,64,50,59,14
2023-01-20,1066,150,70,53,44,80,9
2023-01-21,1066,150,100,82,34,50,48
2023-01-22,1066,115,75,96,38,40,58
2023-01-23,1066,147,76,93,43,71,50
2023-01-24,1066,102,96,81,40,6,41
2023-01-25,1066,102,70,59,34,32,25
2023-01-26,1066,129,101,51,37,28,14
2023-01-27,1066,148,73,51,37,75,14
2023-01-28,1066,140,64,62,33,76,29
2023-01-29,1066,131,76,91,46,55,45
2023-01-30,1066,120,84,84,33,36,51
2023-01-31,1066,140,89,91,44,51,47
2023-02-01,1066,125,65,96,43,60,53
2023-02-02,1066,138,78,67,47,60,20
2023-02-03,1066,133,75,79,51,58,28
2023-02-04,1066,102,87,70,35,15,35
2023-02-05,1066,117,81,75,41,36,34
2023-02-06,1066,131,70,89,34,61,55
2023-02-07,1066,136,81,76,31,55,45
2023-02-08,1066,109,88,84,38,21,46
2023-02-09,1066,127,74,60,38,53,22
2023-02-10,1066,114,76,86,37,38,49
2023-02-11,1066,129,95,57,38,34,19
2023-02-12,1066,135,88,96,38,47,58
2023-02-13,1066,103,72,93,31,31,62
2023-02-14,1066,130,82,73,29,48,44
2023-02-15,1066,114,83,79,38,31,41
2023-02-16,1066,101,59,66,44,42,22
2023-02-17,1066,128,85,73,34,43,39
2023-02-18,1066,121,83,61,47,38,14
2023-02-19,1066,148,77,54,44,71,10
2023-02-20,1066,138,83,92,41,55,51
2023-02-21,1066,127,87,77,43,40,34
2023-02-22,1066,124,76,55,47,48,8
2023-02-23,1066,143,68,65,45,75,20
2023-02-24,1066,147,90,76,33,57,43
2023-02-25,1066,123,87,88,41,36,47
2023-02-26,1066,106,67,57,44,39,13
2023-02-27,1066,121,73,97,33,48,64
2023-02-28,1066,103,76,88,41,27,47
2023-03-01,1066,116,74,81,46,42,35
2023-03-02,1066,148,85,66,34,63,32
2023-03-03,1066,134,75,100,42,59,58
2023-03-04,1066,122,93,100,49,29,51
2023-03-05,1066,111,69,94,28,42,66
2023-03-06,1066,102,86,56,40,16,16
2023-03-07,1066,112,79,83,42,33,41
2023-03-08,1066,123,95,50,43,28,7
2023-03-09,1066,113,82,60,33,31,27
2023-03-10,1066,117,80,91,35,37,56
2023-03-11,1066,104,89,72,29,15,43
2023-03-12,1066,132,98,72,45,34,27
2023-03-13,1066,121,88,52,39,33,13
2023-03-14,1066,108,88,54,46,20,8
2023-03-15,1066,104,89,68,43,15,25
2023-03-16,1066,127,91,74,38,36,36
2023-03-17,1066,150,71,51,39,79,12
2023-03-18,1066,104,80,68,42,24,26
2023-03-19,1066,108,72,99,36,36,63
2023-03-20,1066,112,78,59,32,34,27
2023-03-21,1066,101,71,81,43,30,38
2023-03-22,1066,135,77,63,41,58,22
2023-03-23,1066,109,81,82,34,28,48
2023-03-24,1066,122,91,79,35,31,44
2023-03-25,1066,122,84,91,29,38,62
2023-03-26,1066,123,74,78,37,49,41
2023-03-27,1066,144,75,84,33,69,51
2023-03-28,1066,131,80,60,38,51,22
2023-03-29,1066,136,81,74,39,55,35
2023-03-30,1066,129,86,90,43,43,47
2023-03-31,1066,105,81,83,37,24,46
2023-04-01,1066,150,70,59,35,80,24
2023-04-02,1066,139,95,88,43,44,45
2023-04-03,1066,108,94,99,43,14,56
2023-04-04,1066,124,82,86,31,42,55
2023-04-05,1066,148,72,64,38,76,26
2023-04-06,1066,132,86,82,38,46,44
2023-04-07,1066,102,84,58,42,18,16
2023-04-08,1066,116,75,97,28,41,69
2023-04-09,1066,132,72,100,33,60,67
2023-04-10,1066,112,84,52,33,28,19
2023-04-11,1066,108,74,89,29,34,60
2023-04-12,1066,107,85,86,39,22,47
2023-04-13,1066,122,72,50,41,50,9
2023-04-14,1066,103,70,89,44,33,45
2023-04-15,1066,145,80,100,34,65,66
2023-04-16,1066,132,77,91,41,55,50
2023-04-17,1066,119,94,70,32,25,38
2023-04-18,1066,149,75,83,43,74,40
2023-04-19,1066,109,78,96,35,31,61
2023-04-20,1066,142,103,87,38,39,49
2023-04-21,1066,115,100,84,45,15,39
2023-04-22,1066,134,80,99,33,54,66
2023-04-23,1066,128,86,81,49,42,32
2023-04-24,1066,122,78,90,37,44,53
2023-04-25,1066,150,76,68,43,74,25
2023-04-26,1066,133,90,69,54,43,15
2023-04-27,1066,139,66,59,42,73,17
2023-04-28,1066,114,89,75,50,25,25
2023-04-29,1066,139,76,78,42,63,36
2023-04-30,1066,140,77,53,42,63,11
2023-05-01,1066,117,66,65,40,51,25
2023-05-02,1066,105,81,68,42,24,26
2023-05-03,1066,133,94,89,44,39,45
2023-05-04,1066,149,82,83,36,67,47
2023-05-05,1066,138,88,82,44,50,38
2023-05-06,1066,122,85,58,45,37,13
2023-05-07,1066,145,84,87,35,61,52
2023-05-08,1066,106,88,93,39,18,54
2023-05-09,1066,136,74,59,42,62,17
2023-05-10,1066,129,65,99,37,64,62
2023-05-11,1066,141,98,71,44,43,27
2023-05-12,1066,145,80,95,45,65,50
2023-05-13,1066,117,93,89,33,24,56
2023-05-14,1066,103,87,84,44,16,40
2023-05-15,1066,148,83,88,42,65,46
2023-05-16,1066,105,78,66,39,27,27
2023-05-17,1066,129,81,86,46,48,40
2023-05-18,1066,116,82,97,38,34,59
2023-05-19,1066,122,73,68,47,49,21
2023-05-20,1066,145,94,76,43,51,33
2023-05-21,1066,130,75,74,40,55,34
2023-05-22,1066,129,80,86,43,49,43
2023-05-23,1066,136,85,62,46,51,16
2023-05-24,1066,114,78,76,37,36,39
2023-05-25,1066,110,63,58,46,47,12
2023-05-26,1066,145,82,71,47,63,24
2023-05-27,1066,107,80,89,40,27,49
2023-05-28,1066,106,82,51,32,24,19
2023-05-29,1066,130,75,94,43,55,51
2023-05-30,1066,136,78,94,38,58,56
2023-05-31,1066,111,82,74,53,29,21
2023-06-01,1066,131,66,61,27,65,34
2023-06-02,1066,147,79,73,38,68,35
2023-06-03,1066,115,83,75,36,32,39
2023-06-04,1066,143,84,72,51,59,21
2023-06-05,1066,148,78,95,41,70,54
2023-06-06,1066,137,63,78,33,74,45
2023-06-07,1066,113,71,56,41,42,15
2023-06-08,1066,141,87,83,45,54,38
2023-06-09,1066,130,81,56,43,49,13
2023-06-10,1066,114,76,67,53,38,14
2023-06-11,1066,135,79,70,44,56,26
2023-06-12,1066,144,76,94,36,68,58
2023-06-13,1066,122,93,82,38,29,44
2023-06-14,1066,114,93,57,41,21,16
2023-06-15,1066,104,83,82,42,21,40
2023-06-16,1066,147,72,73,41,75,32
2023-06-17,1066,107,77,65,37,30,28
2023-06-18,1066,144,86,100,38,58,62
2023-06-19,1066,117,68,72,48,49,24
2023-06-20,1066,128,104,95,35,24,60
2023-06-21,1066,114,92,98,47,22,51
2023-06-22,1066,132,62,55,32,70,23
2023-06-23,1066,149,85,50,32,64,18
2023-06-24,1066,145,75,74,35,70,39
2023-06-25,1066,121,77,77,38,44,39
2023-06-26,1066,109,83,59,40,26,19
2023-06-27,1066,110,93,66,48,17,18
2023-06-28,1066,118,93,96,40,25,56
2023-06-29,1066,133,74,69,35,59,34
2023-06-30,1066,112,75,50,40,37,10
2023-07-01,1066,138,85,52,35,53,17
2023-07-02,1066,129,76,56,28,53,28
2023-07-03,1066,117,78,51,47,39,4
2023-07-04,1066,100,57,64,45,43,19
2023-07-05,1066,147,88,78,29,59,49
2023-07-06,1066,103,76,72,35,27,37
2023-07-07,1066,126,65,54,37,61,17
2023-07-08,1066,104,84,87,44,20,43
2023-07-09,1066,115,87,84,40,28,44
2023-07-10,1066,105,78,82,36,27,46
2023-07-11,1066,146,80,92,36,66,56
2023-07-12,1066,119,73,79,42,46,37
2023-07-13,1066,112,82,58,41,30,17
2023-07-14,1066,149,83,52,43,66,9
2023-07-15,1066,100,76,84,39,24,45
2023-07-16,1066,125,85,62,26,40,36
2023-07-17,1066,109,75,59,40,34,19
2023-07-18,1066,144,70,62,32,74,30
2023-07-19,1066,104,113,57,35,-9,22
2023-07-20,1066,139,80,78,38,59,40
2023-07-21,1066,103,73,93,32,30,61
2023-07-22,1066,138,70,91,34,68,57
2023-07-23,1066,136,62,53,48,74,5
2023-07-24,1066,123,80,72,45,43,27
2023-07-25,1066,108,99,87,52,9,35
2023-07-26,1066,114,86,83,39,28,44
2023-07-27,1066,107,84,75,30,23,45
2023-07-28,1066,120,62,55,33,58,22
2023-07-29,1066,107,85,81,45,22,36
2023-07-30,1066,135,57,84,40,78,44
2023-07-31,1066,150,81,56,40,69,16
2023-08-01,1066,145,72,89,38,73,51
2023-08-02,1066,116,65,98,52,51,46
2023-08-03,1066,120,79,71,30,41,41
2023-08-04,1066,141,94,66,39,47,27
2023-08-05,1066,148,78,70,40,70,30
2023-08-06,1066,119,81,59,46,38,13
2023-08-07,1066,116,84,67,38,32,29
2023-08-08,1066,134,101,84,37,33,47
2023-08-09,1066,150,76,75,40,74,35
2023-08-10,1066,104,85,57,52,19,5
2023-08-11,1066,144,74,60,45,70,15
2023-08-12,1066,142,84,58,59,58,-1
2023-08-13,1066,100,81,63,32,19,31
2023-08-14,1066,128,74,58,33,54,25
2023-08-15,1066,145,75,92,48,70,44
2023-08-16,1066,145,84,57,46,61,11
2023-08-17,1066,142,61,71,38,81,33
2023-08-18,1066,145,92,96,46,53,50
2023-08-19,1066,120,78,97,42,42,55
2023-08-20,1066,124,76,69,42,48,27
2023-08-21,1066,128,68,95,39,60,56
2023-08-22,1066,141,83,62,41,58,21
2023-08-23,1066,134,87,92,36,47,56
2023-08-24,1066,108,90,68,38,18,30
2023-08-25,1066,130,78,59,37,52,22
2023-08-26,1066,119,75,88,37,44,51
2023-08-27,1066,147,92,81,33,55,48
2023-08-28,1066,107,60,85,39,47,46
2023-08-29,1066,136,83,94,32,53,62
2023-08-30,1066,126,74,100,30,52,70
2023-08-31,1066,129,77,94,36,52,58
2023-09-01,1066,135,94,88,43,41,45
2023-09-02,1066,114,79,55,44,35,11
2023-09-03,1066,119,82,52,45,37,7
2023-09-04,1066,112,83,74,42,29,32
2023-09-05,1066,103,69,60,34,34,26
2023-09-06,1066,147,84,96,48,63,48
2023-09-07,1066,146,77,62,49,69,13
2023-09-08,1066,132,84,90,39,48,51
2023-09-09,1066,138,81,67,33,57,34
2023-09-10,1066,139,92,58,35,47,23
2023-09-11,1066,142,67,53,30,75,23
2023-09-12,1066,130,94,91,50,36,41
2023-09-13,1066,134,80,64,35,54,29
2023-09-14,1066,145,80,67,43,65,24
2023-09-15,1066,105,81,99,38,24,61
2023-09-16,1066,109,93,96,43,16,53
2023-09-17,1066,131,87,60,47,44,13
2023-09-18,1066,143,57,98,36,86,62
2023-09-19,1066,128,84,75,41,44,34
2023-09-20,1066,148,74,76,35,74,41
2023-09-21,1066,119,52,69,37,67,32
2023-09-22,1066,128,70,80,38,58,42
2023-09-23,1066,113,81,69,46,32,23
2023-09-24,1066,144,89,54,37,55,17
2023-09-25,1066,109,69,87,35,40,52
2023-09-26,1066,131,84,87,41,47,46
2023-09-27,1066,120,66,84,41,54,43
2023-09-28,1066,133,81,83,50,52,33
2023-09-29,1066,141,73,86,36,68,50
2023-09-30,1066,148,80,93,32,68,61
2023-10-01,1066,133,85,50,35,48,15
2023-10-02,1066,133,83,82,31,50,51
2023-10-03,1066,105,67,95,36,38,59
2023-10-04,1066,148,87,77,39,61,38
2023-10-05,1066,143,85,51,40,58,11
2023-10-06,1066,111,82,59,35,29,24
2023-10-07,1066,143,71,88,43,72,45
2023-10-08,1066,122,68,52,44,54,8
2023-10-09,1066,123,94,55,43,29,12
2023-10-10,1066,130,68,61,43,62,18
2023-10-11,1066,145,75,55,40,70,15
2023-10-12,1066,115,72,78,37,43,41
2023-10-13,1066,140,74,86,43,66,43
2023-10-14,1066,129,79,94,32,50,62
2023-10-15,1066,149,78,76,35,71,41
2023-10-16,1066,117,71,93,39,46,54
2023-10-17,1066,105,79,67,36,26,31
2023-10-18,1066,141,70,86,53,71,33
2023-10-19,1066,112,92,67,41,20,26
2023-10-20,1066,103,73,60,47,30,13
2023-10-21,1066,136,69,73,42,67,31
2023-10-22,1066,127,66,61,29,61,32
2023-10-23,1066,150,77,58,41,73,17
2023-10-24,1066,118,88,83,53,30,30
2023-10-25,1066,134,71,54,32,63,22
2023-10-26,1066,128,77,61,39,51,22
2023-10-27,1066,118,79,59,36,39,23
2023-10-28,1066,134,82,63,41,52,22
2023-10-29,1066,149,86,70,37,63,33
2023-10-30,1066,112,63,72,44,49,28
2023-10-31,1066,144,82,58,34,62,24
2023-11-01,1066,116,87,59,36,29,23
2023-11-02,1066,124,87,89,34,37,55
2023-11-03,1066,138,87,100,44,51,56
2023-11-04,1066,116,74,83,45,42,38
2023-11-05,1066,103,58,84,41,45,43
2023-11-06,1066,105,74,52,32,31,20
2023-11-07,1066,125,76,88,26,49,62
2023-11-08,1066,111,71,90,40,40,50
2023-11-09,1066,102,81,62,32,21,30
2023-11-10,1066,102,91,76,44,11,32
2023-11-11,1066,149,73,68,44,76,24
2023-11-12,1066,122,76,98,40,46,58
2023-11-13,1066,105,74,85,30,31,55
2023-11-14,1066,147,72,65,31,75,34
2023-11-15,1066,148,70,55,39,78,16
2023-11-16,1066,124,78,63,47,46,16
2023-11-17,1066,130,75,73,36,55,37
2023-11-18,1066,147,90,75,51,57,24
2023-11-19,1066,121,90,77,38,31,39
2023-11-20,1066,141,70,93,41,71,52
2023-11-21,1066,149,98,60,49,51,11
2023-11-22,1066,145,83,85,38,62,47
2023-11-23,1066,141,99,100,32,42,68
2023-11-24,1066,134,63,63,36,71,27
2023-11-25,1066,100,79,86,39,21,47
2023-11-26,1066,109,79,87,50,30,37
2023-11-27,1066,119,71,55,43,48,12
2023-11-28,1066,127,66,94,42,61,52
2023-11-29,1066,100,95,72,38,5,34
2023-11-30,1066,123,100,96,42,23,54
2023-12-01,1066,141,98,94,35,43,59
2023-12-02,1066,104,87,50,29,17,21
2023-12-03,1066,106,78,99,41,28,58
2023-12-04,1066,113,81,57,51,32,6
2023-12-05,1066,133,79,93,42,54,51
2023-12-06,1066,129,72,69,46,57,23
2023-12-07,1066,127,76,98,37,51,61
2023-12-08,1066,123,75,71,37,48,34
2023-12-09,1066,117,83,91,41,34,50
2023-12-10,1066,143,73,99,37,70,62
2023-12-11,1066,108,86,90,44,22,46
2023-12-12,1066,118,94,81,36,24,45
2023-12-13,1066,103,83,80,38,20,42
2023-12-14,1066,142,79,75,30,63,45
2023-12-15,1066,135,86,95,42,49,53
2023-12-16,1066,137,88,96,40,49,56
2023-12-17,1066,135,71,54,25,64,29
2023-12-18,1066,124,78,79,40,46,39
2023-12-19,1066,130,86,80,36,44,44
2023-12-20,1066,116,84,84,35,32,49
2023-12-21,1066,142,85,90,45,57,45
2023-12-22,1066,127,79,97,32,48,65
2023-12-23,1066,126,76,55,35,50,20
2023-12-24,1066,109,83,60,44,26,16
2023-12-25,1066,134,83,51,28,51,23
2023-12-26,1066,110,89,94,48,21,46
2023-12-27,1066,134,84,72,34,50,38
2023-12-28,1066,140,74,88,41,66,47
2023-12-29,1066,143,80,83,49,63,34
2023-12-30,1066,116,72,60,50,44,10
2023-12-31,1066,130,86,98,41,44,57
2023-01-01,1067,135,84,69,36,51,33
2023-01-02,1067,121,98,62,37,23,25
2023-01-03,1067,118,98,95,41,20,54
2023-01-04,1067,117,97,94,47,20,47
2023-01-05,1067,149,78,92,43,71,49
2023-01-06,1067,136,66,78,52,70,26
2023-01-07,1067,112,71,89,37,41,52
2023-01-08,1067,145,80,85,34,65,51
2023-01-09,1067,110,77,84,37,33,47
2023-01-10,1067,129,84,57,45,45,12
2023-01-11,1067,147,62,68,48,85,20
2023-01-12,1067,137,78,89,35,59,54
2023-01-13,1067,101,94,78,49,7,29
2023-01-14,1067,118,83,60,41,35,19
2023-01-15,1067,145,87,65,43,58,22
2023-01-16,1067,136,70,51,46,66,5
2023-01-17,1067,128,75,85,32,53,53
2023-01-18,1067,140,62,56,41,78,15
2023-01-19,1067,103,80,91,49,23,42
2023-01-20,1067,126,66,91,44,60,47
2023-01-21,1067,120,85,67,35,35,32
2023-01-22,1067,118,72,95,50,46,45
2023-01-23,1067,111,75,55,39,36,16
2023-01-24,1067,140,80,96,43,60,53
2023-01-25,1067,149,85,92,52,64,40
2023-01-26,1067,123,80,74,30,43,44
2023-01-27,1067,101,71,59,37,30,22
2023-01-28,1067,108,67,68,39,41,29
2023-01-29,1067,134,80,52,41,54,11
2023-01-30,1067,131,85,68,40,46,28
2023-01-31,1067,134,81,75,28,53,47
2023-02-01,1067,147,89,50,25,58,25
2023-02-02,1067,146,79,71,28,67,43
2023-02-03,1067,100,78,88,44,22,44
2023-02-04,1067,119,85,91,37,34,54
2023-02-05,1067,127,91,64,45,36,19
2023-02-06,1067,139,79,93,56,60,37
2023-02-07,1067,105,90,93,37,15,56
2023-02-08,1067,112,89,87,38,23,49
2023-02-09,1067,134,74,57,36,60,21
2023-02-10,1067,128,82,69,38,46,31
2023-02-11,1067,131,77,65,46,54,19
2023-02-12,1067,142,79,76,42,63,34
2023-02-13,1067,132,78,92,37,54,55
2023-02-14,1067,140,80,88,42,60,46
2023-02-15,1067,122,88,64,35,34,29
2023-02-16,1067,104,67,50,45,37,5
2023-02-17,1067,111,73,97,49,38,48
2023-02-18,1067,133,99,66,47,34,19
2023-02-19,1067,137,89,68,37,48,31
2023-02-20,1067,118,70,74,34,48,40
2023-02-21,1067,131,87,72,36,44,36
2023-02-22,1067,112,93,61,37,19,24
2023-02-23,1067,139,70,50,42,69,8
2023-02-24,1067,143,85,72,46,58,26
2023-02-25,1067,101,82,58,42,19,16
2023-02-26,1067,143,84,85,27,59,58
2023-02-27,1067,104,83,62,47,21,15
2023-02-28,1067,147,67,71,44,80,27
2023-03-01,1067,106,86,63,34,20,29
2023-03-02,1067,111,65,67,29,46,38
2023-03-03,1067,131,90,81,36,41,45
2023-03-04,1067,124,83,82,52,41,30
2023-03-05,1067,127,73,70,45,54,25
2023-03-06,1067,111,72,97,44,39,53
2023-03-07,1067,131,81,89,39,50,50
2023-03-08,1067,128,80,99,38,48,61
2023-03-09,1067,119,76,93,38,43,55
2023-03-10,1067,148,97,96,46,51,50
2023-03-11,1067,115,82,78,33,33,45
2023-03-12,1067,118,82,86,42,36,44
2023-03-13,1067,118,84,55,45,34,10
2023-03-14,1067,128,92,65,37,36,28
2023-03-15,1067,146,80,75,37,66,38
2023-03-16,1067,131,75,54,40,56,14
2023-03-17,1067,127,66,61,38,61,23
2023-03-18,1067,115,84,60,35,31,25
2023-03-19,1067,142,91,91,32,51,59
2023-03-20,1067,125,88,100,39,37,61
2023-03-21,1067,127,83,67,39,44,28
2023-03-22,1067,146,76,83,48,70,35
2023-03-23,1067,124,80,64,34,44,30
2023-03-24,1067,127,88,83,49,39,34
2023-03-25,1067,142,66,87,37,76,50
2023-03-26,1067,147,80,76,39,67,37
2023-03-27,1067,143,79,50,46,64,4
2023-03-28,1067,117,77,77,37,40,40
2023-03-29,1067,132,75,60,36,57,24
2023-03-30,1067,150,69,57,43,81,14
2023-03-31,1067,100,78,86,42,22,44
2023-04-01,1067,117,92,56,37,25,19
2023-04-02,1067,102,80,58,38,22,20
2023-04-03,1067,115,67,98,43,48,55
2023-04-04,1067,124,85,73,40,39,33
2023-04-05,1067,119,67,84,32,52,52
2023-04-06,1067,131,78,76,42,53,34
2023-04-07,1067,134,73,83,28,61,55
2023-04-08,1067,104,84,78,36,20,42
2023-04-09,1067,126,77,87,46,49,41
2023-04-10,1067,141,74,71,35,67,36
2023-04-11,1067,122,93,52,48,29,4
2023-04-12,1067,141,76,71,34,65,37
2023-04-13,1067,110,76,99,44,34,55
2023-04-14,1067,109,70,63,45,39,18
2023-04-15,1067,131,76,75,43,55,32
2023-04-16,1067,120,74,61,39,46,22
2023-04-17,1067,119,90,53,40,29,13
2023-04-18,1067,108,72,83,56,36,27
2023-04-19,1067,133,78,84,33,55,51
2023-04-20,1067,134,90,67,33,44,34
2023-04-21,1067,125,72,63,41,53,22
2023-04-22,1067,119,86,93,34,33,59
2023-04-23,1067,121,84,55,44,37,11
2023-04-24,1067,124,80,95,42,44,53
2023-04-25,1067,114,86,73,43,28,30
2023-04-26,1067,113,85,99,48,28,51
2023-04-27,1067,148,107,82,33,41,49
2023-04-28,1067,106,79,80,46,27,34
2023-04-29,1067,133,69,50,42,64,8
2023-04-30,1067,138,68,79,39,70,40
2023-05-01,1067,134,78,70,40,56,30
2023-05-02,1067,149,94,98,38,55,60
2023-05-03,1067,126,81,78,52,45,26
2023-05-04,1067,145,83,87,37,62,50
2023-05-05,1067,150,95,93,39,55,54
2023-05-06,1067,104,86,93,41,18,52
2023-05-07,1067,128,90,61,38,38,23
2023-05-08,1067,129,73,50,41,56,9
2023-05-09,1067,117,93,61,41,24,20
2023-05-10,1067,111,77,100,41,34,59
2023-05-11,1067,120,76,59,42,44,17
2023-05-12,1067,122,83,88,51,39,37
2023-05-13,1067,117,67,98,39,50,59
2023-05-14,1067,127,67,89,35,60,54
2023-05-15,1067,115,73,71,47,42,24
2023-05-16,1067,111,90,63,42,21,21
2023-05-17,1067,133,76,89,41,57,48
2023-05-18,1067,104,73,60,28,31,32
2023-05-19,1067,105,78,66,31,27,35
2023-05-20,1067,103,74,63,41,29,22
2023-05-21,1067,104,81,66,29,23,37
2023-05-22,1067,139,88,64,33,51,31
2023-05-23,1067,134,88,100,48,46,52
2023-05-24,1067,128,84,65,39,44,26
2023-05-25,1067,150,93,97,50,57,47
2023-05-26,1067,127,73,57,42,54,15
2023-05-27,1067,113,81,74,33,32,41
2023-05-28,1067,135,86,76,42,49,34
2023-05-29,1067,102,85,64,49,17,15
2023-05-30,1067,106,78,91,33,28,58
2023-05-31,1067,129,62,96,47,67,49
2023-06-01,1067,123,91,92,45,32,47
2023-06-02,1067,113,85,57,44,28,13
2023-06-03,1067,141,93,58,46,48,12
2023-06-04,1067,101,81,93,40,20,53
2023-06-05,1067,146,75,66,43,71,23
2023-06-06,1067,113,78,60,49,35,11
2023-06-07,1067,109,83,79,33,26,46
2023-06-08,1067,100,63,88,46,37,42
2023-06-09,1067,142,79,63,39,63,24
2023-06-10,1067,109,81,76,38,28,38
2023-06-11,1067,139,71,77,38,68,39
2023-06-12,1067,144,82,74,33,62,41
2023-06-13,1067,110,87,82,45,23,37
2023-06-14,1067,104,90,83,43,14,40
2023-06-15,1067,125,77,70,46,48,24
2023-06-16,1067,106,86,86,38,20,48
2023-06-17,1067,136,75,69,41,61,28
2023-06-18,1067,113,66,100,40,47,60
2023-06-19,1067,119,78,69,42,41,27
2023-06-20,1067,133,92,77,58,41,19
2023-06-21,1067,146,73,54,38,73,16
2023-06-22,1067,138,74,71,49,64,22
2023-06-23,1067,101,77,53,36,24,17
2023-06-24,1067,128,81,76,34,47,42
2023-06-25,1067,112,75,63,42,37,21
2023-06-26,1067,119,73,96,35,46,61
2023-06-27,1067,113,85,89,35,28,54
2023-06-28,1067,115,73,68,44,42,24
2023-06-29,1067,132,76,53,43,56,10
2023-06-30,1067,149,76,75,43,73,32
2023-07-01,1067,140,73,54,46,67,8
2023-07-02,1067,136,85,68,39,51,29
2023-07-03,1067,116,65,64,41,51,23
2023-07-04,1067,145,66,57,40,79,17
2023-07-05,1067,108,82,57,38,26,19
2023-07-06,1067,128,71,100,45,57,55
2023-07-07,1067,143,75,62,37,68,25
2023-07-08,1067,105,75,66,37,30,29
2023-07-09,1067,128,77,90,47,51,43
2023-07-10,1067,113,97,61,30,16,31
2023-07-11,1067,146,87,58,53,59,5
2023-07-12,1067,134,71,92,40,63,52
2023-07-13,1067,115,91,51,36,24,15
2023-07-14,1067,101,84,57,37,17,20
2023-07-15,1067,101,72,65,41,29,24
2023-07-16,1067,124,86,62,47,38,15
2023-07-17,1067,108,97,66,40,11,26
2023-07-18,1067,127,84,90,40,43,50
2023-07-19,1067,144,68,66,27,76,39
2023-07-20,1067,106,83,59,35,23,24
2023-07-21,1067,135,79,98,50,56,48
2023-07-22,1067,141,87,87,45,54,42
2023-07-23,1067,120,77,57,43,43,14
2023-07-24,1067,118,84,77,37,34,40
2023-07-25,1067,120,75,52,32,45,20
2023-07-26,1067,115,82,52,38,33,14
2023-07-27,1067,149,82,89,36,67,53
2023-07-28,1067,103,86,73,49,17,24
2023-07-29,1067,144,77,86,33,67,53
2023-07-30,1067,119,82,88,34,37,54
2023-07-31,1067,143,90,65,32,53,33
2023-08-01,1067,124,76,92,37,48,55
2023-08-02,1067,132,86,86,41,46,45
2023-08-03,1067,150,95,51,37,55,14
2023-08-04,1067,136,80,81,53,56,28
2023-08-05,1067,120,82,82,49,38,33
2023-08-06,1067,121,77,96,41,44,55
2023-08-07,1067,145,88,74,37,57,37
2023-08-08,1067,119,77,90,33,42,57
2023-08-09,1067,128,77,80,43,51,37
2023-08-10,1067,118,82,63,32,36,31
2023-08-11,1067,136,82,85,40,54,45
2023-08-12,1067,101,68,80,49,33,31
2023-08-13,1067,140,82,75,40,58,35
2023-08-14,1067,115,73,78,41,42,37
2023-08-15,1067,146,85,84,49,61,35
2023-08-16,1067,109,83,60,51,26,9
2023-08-17,1067,135,77,93,46,58,47
2023-08-18,1067,135,70,64,41,65,23
2023-08-19,1067,132,71,93,43,61,50
2023-08-20,1067,121,86,63,40,35,23
2023-08-21,1067,121,71,60,36,50,24
2023-08-22,1067,105,78,87,37,27,50
2023-08-23,1067,147,84,62,34,63,28
2023-08-24,1067,110,92,87,38,18,49
2023-08-25,1067,109,73,79,41,36,38
2023-08-26,1067,113,86,100,41,27,59
2023-08-27,1067,105,85,92,30,20,62
2023-08-28,1067,141,87,69,36,54,33
2023-08-29,1067,118,70,82,50,48,32
2023-08-30,1067,131,76,74,44,55,30
2023-08-31,1067,119,73,55,36,46,19
2023-09-01,1067,106,68,61,44,38,17
2023-09-02,1067,111,76,87,45,35,42
2023-09-03,1067,113,69,62,37,44,25
2023-09-04,1067,132,82,94,44,50,50
2023-09-05,1067,144,86,83,48,58,35
2023-09-06,1067,123,80,92,33,43,59
2023-09-07,1067,142,71,55,44,71,11
2023-09-08,1067,105,67,75,46,38,29
2023-09-09,1067,135,75,57,39,60,18
2023-09-10,1067,136,71,100,46,65,54
2023-09-11,1067,126,88,64,38,38,26
2023-09-12,1067,120,75,74,43,45,31
2023-09-13,1067,112,72,74,47,40,27
2023-09-14,1067,141,75,86,39,66,47
2023-09-15,1067,127,80,61,29,47,32
2023-09-16,1067,143,74,58,44,69,14
2023-09-17,1067,146,77,74,37,69,37
2023-09-18,1067,146,89,54,44,57,10
2023-09-19,1067,123,74,73,38,49,35
2023-09-20,1067,140,74,92,36,66,56
2023-09-21,1067,121,82,71,61,39,10
2023-09-22,1067,135,75,55,40,60,15
2023-09-23,1067,125,80,78,34,45,44
2023-09-24,1067,126,81,72,36,45,36
2023-09-25,1067,106,75,59,42,31,17
2023-09-26,1067,148,84,97,41,64,56
2023-09-27,1067,103,69,78,33,34,45
2023-09-28,1067,131,70,81,29,61,52
2023-09-29,1067,145,72,74,43,73,31
2023-09-30,1067,127,101,96,32,26,64
2023-10-01,1067,138,96,58,40,42,18
2023-10-02,1067,104,77,83,33,27,50
2023-10-03,1067,133,78,93,38,55,55
2023-10-04,1067,125,90,96,49,35,47
2023-10-05,1067,150,83,93,37,67,56
2023-10-06,1067,139,87,76,46,52,30
2023-10-07,1067,143,84,72,33,59,39
2023-10-08,1067,124,66,52,50,58,2
2023-10-09,1067,130,81,55,40,49,15
2023-10-10,1067,142,82,59,43,60,16
2023-10-11,1067,126,78,77,34,48,43
2023-10-12,1067,103,75,58,43,28,15
2023-10-13,1067,132,66,51,54,66,-3
2023-10-14,1067,140,62,80,35,78,45
2023-10-15,1067,142,85,93,34,57,59
2023-10-16,1067,140,83,58,47,57,11
2023-10-17,1067,117,78,92,23,39,69
2023-10-18,1067,142,73,50,40,69,10
2023-10-19,1067,133,77,62,45,56,17
2023-10-20,1067,106,88,82,32,18,50
2023-10-21,1067,146,75,79,52,71,27
2023-10-22,1067,134,89,94,46,45,48
2023-10-23,1067,135,84,58,47,51,11
2023-10-24,1067,125,74,85,53,51,32
2023-10-25,1067,115,84,88,40,31,48
2023-10-26,1067,109,69,87,36,40,51
2023-10-27,1067,144,80,71,35,64,36
2023-10-28,1067,139,85,70,39,54,31
2023-10-29,1067,125,75,74,28,50,46
2023-10-30,1067,113,77,51,56,36,-5
2023-10-31,1067,129,76,65,40,53,25
2023-11-01,1067,142,74,79,39,68,40
2023-11-02,1067,122,65,51,38,57,13
2023-11-03,1067,126,81,98,48,45,50
2023-11-04,1067,124,76,67,49,48,18
2023-11-05,1067,114,89,63,43,25,20
2023-11-06,1067,145,66,59,45,79,14
2023-11-07,1067,129,79,92,34,50,58
2023-11-08,1067,117,78,56,36,39,20
2023-11-09,1067,122,70,66,43,52,23
2023-11-10,1067,109,91,76,29,18,47
2023-11-11,1067,105,81,59,37,24,22
2023-11-12,1067,100,67,87,34,33,53
2023-11-13,1067,136,77,88,40,59,48
2023-11-14,1067,115,84,84,41,31,43
2023-11-15,1067,107,77,65,45,30,20
2023-11-16,1067,135,83,54,46,52,8
2023-11-17,1067,113,89,51,42,24,9
2023-11-18,1067,124,94,64,34,30,30
2023-11-19,1067,102,95,62,38,7,24
2023-11-20,1067,117,73,73,40,44,33
2023-11-21,1067,129,81,60,50,48,10
2023-11-22,1067,127,78,82,31,49,51
2023-11-23,1067,112,67,76,40,45,36
2023-11-24,1067,116,80,53,51,36,2
2023-11-25,1067,133,85,97,43,48,54
2023-11-26,1067,111,83,96,52,28,44
2023-11-27,1067,146,69,70,30,77,40
2023-11-28,1067,119,70,84,34,49,50
2023-11-29,1067,143,82,62,34,61,28
2023-11-30,1067,134,81,97,30,53,67
2023-12-01,1067,110,70,57,40,40,17
2023-12-02,1067,119,70,59,51,49,8
2023-12-03,1067,111,83,79,41,28,38
2023-12-04,1067,117,84,84,34,33,50
2023-12-05,1067,107,91,86,38,16,48
2023-12-06,1067,106,75,79,34,31,45
2023-12-07,1067,126,79,72,41,47,31
2023-12-08,1067,142,84,96,39,58,57
2023-12-09,1067,121,95,65,35,26,30
2023-12-10,1067,117,78,78,34,39,44
2023-12-11,1067,115,84,98,43,31,55
2023-12-12,1067,120,73,61,43,47,18
2023-12-13,1067,137,67,55,51,70,4
2023-12-14,1067,137,87,77,45,50,32
2023-12-15,1067,113,89,59,30,24,29
2023-12-16,1067,136,74,59,40,62,19
2023-12-17,1067,129,77,58,21,52,37
2023-12-18,1067,137,75,65,40,62,25
2023-12-19,1067,150,88,66,38,62,28
2023-12-20,1067,110,96,97,32,14,65
2023-12-21,1067,147,69,97,39,78,58
2023-12-22,1067,116,88,72,40,28,32
2023-12-23,1067,115,75,74,61,40,13
2023-12-24,1067,128,81,99,35,47,64
2023-12-25,1067,115,90,52,47,25,5
2023-12-26,1067,120,78,97,48,42,49
2023-12-27,1067,138,81,55,37,57,18
2023-12-28,1067,115,85,60,36,30,24
2023-12-29,1067,120,99,53,54,21,-1
2023-12-30,1067,146,92,77,43,54,34
2023-12-31,1067,142,68,97,43,74,54
2023-01-01,1068,139,68,84,44,71,40
2023-01-02,1068,148,73,96,45,75,51
2023-01-03,1068,123,72,51,44,51,7
2023-01-04,1068,105,62,93,43,43,50
2023-01-05,1068,103,82,77,38,21,39
2023-01-06,1068,104,74,90,46,30,44
2023-01-07,1068,102,64,55,36,38,19
2023-01-08,1068,102,89,95,35,13,60
2023-01-09,1068,125,83,61,48,42,13
2023-01-10,1068,128,84,90,39,44,51
2023-01-11,1068,108,79,59,37,29,22
2023-01-12,1068,133,83,60,31,50,29
2023-01-13,1068,122,68,58,44,54,14
2023-01-14,1068,136,77,76,39,59,37
2023-01-15,1068,100,89,91,34,11,57
2023-01-16,1068,128,69,99,50,59,49
2023-01-17,1068,144,67,74,33,77,41
2023-01-18,1068,147,80,66,38,67,28
2023-01-19,1068,127,75,66,35,52,31
2023-01-20,1068,128,79,57,46,49,11
2023-01-21,1068,110,81,94,28,29,66
2023-01-22,1068,131,78,65,43,53,22
2023-01-23,1068,121,80,97,42,41,55
2023-01-24,1068,132,76,63,48,56,15
2023-01-25,1068,120,79,54,41,41,13
2023-01-26,1068,150,81,66,47,69,19
2023-01-27,1068,111,72,56,38,39,18
2023-01-28,1068,140,76,73,34,64,39
2023-01-29,1068,100,79,70,40,21,30
2023-01-30,1068,138,94,81,33,44,48
2023-01-31,1068,147,80,100,32,67,68
2023-02-01,1068,127,73,84,39,54,45
2023-02-02,1068,115,80,67,46,35,21
2023-02-03,1068,140,88,66,42,52,24
2023-02-04,1068,147,70,94,36,77,58
2023-02-05,1068,129,91,83,37,38,46
2023-02-06,1068,125,81,56,37,44,19
2023-02-07,1068,101,80,84,37,21,47
2023-02-08,1068,105,94,63,41,11,22
2023-02-09,1068,137,93,61,39,44,22
2023-02-10,1068,145,70,70,39,75,31
2023-02-11,1068,123,80,52,36,43,16
2023-02-12,1068,127,71,57,39,56,18
2023-02-13,1068,105,87,100,48,18,52
2023-02-14,1068,100,59,53,41,41,12
2023-02-15,1068,106,71,70,47,35,23
2023-02-16,1068,146,73,75,39,73,36
2023-02-17,1068,141,81,59,49,60,10
2023-02-18,1068,129,90,51,40,39,11
2023-02-19,1068,110,66,64,39,44,25
2023-02-20,1068,107,75,89,45,32,44
2023-02-21,1068,141,76,84,48,65,36
2023-02-22,1068,150,86,81,39,64,42
2023-02-23,1068,107,92,58,53,15,5
2023-02-24,1068,127,89,76,47,38,29
2023-02-25,1068,106,66,93,46,40,47
2023-02-26,1068,147,71,76,41,76,35
2023-02-27,1068,147,72,62,40,75,22
2023-02-28,1068,110,72,53,46,38,7
2023-03-01,1068,118,75,87,40,43,47
2023-03-02,1068,131,94,61,37,37,24
2023-03-03,1068,110,79,60,42,31,18
2023-03-04,1068,131,97,93,40,34,53
2023-03-05,1068,107,85,69,44,22,25
2023-03-06,1068,133,91,85,55,42,30
2023-03-07,1068,128,86,80,32,42,48
2023-03-08,1068,134,75,95,33,59,62
2023-03-09,1068,135,79,64,38,56,26
2023-03-10,1068,144,89,58,33,55,25
2023-03-11,1068,144,84,50,46,60,4
2023-03-12,1068,131,95,99,37,36,62
2023-03-13,1068,122,73,63,47,49,16
2023-03-14,1068,147,86,92,44,61,48
2023-03-15,1068,108,74,56,38,34,18
2023-03-16,1068,108,69,72,30,39,42
2023-03-17,1068,130,89,64,39,41,25
2023-03-18,1068,131,82,79,39,49,40
2023-03-19,1068,115,90,94,33,25,61
2023-03-20,1068,132,105,74,43,27,31
2023-03-21,1068,126,76,75,51,50,24
2023-03-22,1068,114,75,79,32,39,47
2023-03-23,1068,145,73,99,49,72,50
2023-03-24,1068,136,75,70,38,61,32
2023-03-25,1068,131,78,87,36,53,51
2023-03-26,1068,145,78,74,36,67,38
2023-03-27,1068,120,93,73,37,27,36
2023-03-28,1068,142,86,87,45,56,42
2023-03-29,1068,119,99,69,37,20,32
2023-03-30,1068,134,87,67,37,47,30
2023-03-31,1068,138,72,95,49,66,46
2023-04-01,1068,121,84,92,31,37,61
2023-04-02,1068,150,93,79,43,57,36
2023-04-03,1068,147,84,50,45,63,5
2023-04-04,1068,112,75,61,34,37,27
2023-04-05,1068,128,71,87,34,57,53
2023-04-06,1068,108,92,61,41,16,20
2023-04-07,1068,111,77,90,32,34,58
2023-04-08,1068,139,67,74,36,72,38
2023-04-09,1068,126,78,59,35,48,24
2023-04-10,1068,120,83,56,41,37,15
2023-04-11,1068,131,70,88,38,61,50
2023-04-12,1068,150,85,64,36,65,28
2023-04-13,1068,120,92,93,32,28,61
2023-04-14,1068,104,94,74,28,10,46
2023-04-15,1068,123,74,54,34,49,20
2023-04-16,1068,116,69,76,43,47,33
2023-04-17,1068,109,83,90,40,26,50
2023-04-18,1068,104,76,58,48,28,10
2023-04-19,1068,100,73,76,34,27,42
2023-04-20,1068,122,76,74,33,46,41
2023-04-21,1068,106,71,60,37,35,23
2023-04-22,1068,142,74,55,43,68,12
2023-04-23,1068,136,82,68,44,54,24
2023-04-24,1068,108,72,71,43,36,28
2023-04-25,1068,130,66,76,39,64,37
2023-04-26,1068,148,81,70,35,67,35
2023-04-27,1068,110,62,96,45,48,51
2023-04-28,1068,130,94,93,54,36,39
2023-04-29,1068,121,70,85,28,51,57
2023-04-30,1068,121,82,50,46,39,4
2023-05-01,1068,129,93,63,41,36,22
2023-05-02,1068,108,79,76,37,29,39
2023-05-03,1068,142,76,71,42,66,29
2023-05-04,1068,110,81,86,33,29,53
2023-05-05,1068,119,70,57,45,49,12
2023-05-06,1068,106,81,62,46,25,16
2023-05-07,1068,143,82,84,42,61,42
2023-05-08,1068,129,89,91,43,40,48
2023-05-09,1068,146,89,68,42,57,26
2023-05-10,1068,130,67,75,37,63,38
2023-05-11,1068,128,69,53,37,59,16
2023-05-12,1068,103,90,61,36,13,25
2023-05-13,1068,143,77,78,40,66,38
2023-05-14,1068,116,82,63,48,34,15
2023-05-15,1068,119,85,96,38,34,58
2023-05-16,1068,106,72,58,34,34,24
2023-05-17,1068,102,90,89,42,12,47
2023-05-18,1068,121,87,57,36,34,21
2023-05-19,1068,141,75,93,42,66,51
2023-05-20,1068,145,91,82,40,54,42
2023-05-21,1068,119,64,91,47,55,44
2023-05-22,1068,110,74,78,38,36,40
2023-05-23,1068,136,76,100,45,60,55
2023-05-24,1068,114,95,55,44,19,11
2023-05-25,1068,128,83,97,53,45,44
2023-05-26,1068,132,94,51,37,38,14
2023-05-27,1068,111,83,70,35,28,35
2023-05-28,1068,115,85,96,40,30,56
2023-05-29,1068,147,76,76,47,71,29
2023-05-30,1068,105,84,84,45,21,39
2023-05-31,1068,135,76,87,28,59,59
2023-06-01,1068,127,75,66,35,52,31
2023-06-02,1068,112,71,63,45,41,18
2023-06-03,1068,116,86,84,36,30,48
2023-06-04,1068,139,87,72,32,52,40
2023-06-05,1068,125,73,70,42,52,28
2023-06-06,1068,107,90,80,52,17,28
2023-06-07,1068,106,82,70,34,24,36
2023-06-08,1068,146,88,98,37,58,61
2023-06-09,1068,110,88,71,40,22,31
2023-06-10,1068,109,65,84,42,44,42
2023-06-11,1068,107,71,77,41,36,36
2023-06-12,1068,138,86,94,38,52,56
2023-06-13,1068,114,91,58,43,23,15
2023-06-14,1068,140,70,90,38,70,52
2023-06-15,1068,130,75,95,41,55,54
2023-06-16,1068,102,90,66,41,12,25
2023-06-17,1068,134,86,78,42,48,36
2023-06-18,1068,114,73,99,36,41,63
2023-06-19,1068,125,77,73,42,48,31
2023-06-20,1068,115,80,60,40,35,20
2023-06-21,1068,122,77,64,33,45,31
2023-06-22,1068,146,81,73,46,65,27
2023-06-23,1068,125,73,66,34,52,32
2023-06-24,1068,147,116,94,44,31,50
2023-06-25,1068,104,112,79,27,-8,52
2023-06-26,1068,144,71,83,42,73,41
2023-06-27,1068,115,79,81,44,36,37
2023-06-28,1068,115,94,78,50,21,28
2023-06-29,1068,113,94,74,36,19,38
2023-06-30,1068,140,77,82,36,63,46
2023-07-01,1068,131,76,64,35,55,29
2023-07-02,1068,135,77,80,48,58,32
2023-07-03,1068,107,72,62,34,35,28
2023-07-04,1068,132,92,97,45,40,52
2023-07-05,1068,115,94,99,30,21,69
2023-07-06,1068,104,68,74,38,36,36
2023-07-07,1068,143,78,95,44,65,51
2023-07-08,1068,149,83,79,44,66,35
2023-07-09,1068,119,105,52,36,14,16
2023-07-10,1068,127,83,72,47,44,25
2023-07-11,1068,148,96,98,34,52,64
2023-07-12,1068,124,78,84,48,46,36
2023-07-13,1068,120,76,55,52,44,3
2023-07-14,1068,138,74,59,37,64,22
2023-07-15,1068,137,83,62,38,54,24
2023-07-16,1068,100,81,95,44,19,51
2023-07-17,1068,109,75,61,43,34,18
2023-07-18,1068,128,87,70,29,41,41
2023-07-19,1068,110,86,99,31,24,68
2023-07-20,1068,112,90,79,36,22,43
2023-07-21,1068,123,85,51,41,38,10
2023-07-22,1068,124,86,70,31,38,39
2023-07-23,1068,117,71,81,35,46,46
2023-07-24,1068,134,84,92,43,50,49
2023-07-25,1068,148,76,90,35,72,55
2023-07-26,1068,110,58,64,32,52,32
2023-07-27,1068,116,75,94,35,41,59
2023-07-28,1068,128,75,100,40,53,60
2023-07-29,1068,135,85,73,45,50,28
2023-07-30,1068,149,79,96,44,70,52
2023-07-31,1068,101,66,96,44,35,52
2023-08-01,1068,138,84,57,39,54,18
2023-08-02,1068,131,73,75,49,58,26
2023-08-03,1068,144,76,86,39,68,47
2023-08-04,1068,116,86,96,37,30,59
2023-08-05,1068,120,76,91,36,44,55
2023-08-06,1068,122,87,77,61,35,16
2023-08-07,1068,137,76,93,48,61,45
2023-08-08,1068,143,90,70,40,53,30
2023-08-09,1068,132,88,98,40,44,58
2023-08-10,1068,114,88,69,37,26,32
2023-08-11,1068,121,90,95,44,31,51
2023-08-12,1068,108,86,82,39,22,43
2023-08-13,1068,125,78,57,47,47,10
2023-08-14,1068,118,79,56,40,39,16
2023-08-15,1068,139,83,77,32,56,45
2023-08-16,1068,123,74,51,46,49,5
2023-08-17,1068,103,81,71,43,22,28
2023-08-18,1068,119,83,94,41,36,53
2023-08-19,1068,100,92,100,40,8,60
2023-08-20,1068,142,88,72,35,54,37
2023-08-21,1068,114,78,91,29,36,62
2023-08-22,1068,124,87,51,46,37,5
2023-08-23,1068,142,70,90,30,72,60
2023-08-24,1068,100,79,81,50,21,31
2023-08-25,1068,106,93,67,43,13,24
2023-08-26,1068,110,86,81,43,24,38
2023-08-27,1068,115,99,75,43,16,32
2023-08-28,1068,128,71,56,44,57,12
2023-08-29,1068,111,71,79,29,40,50
2023-08-30,1068,112,77,69,42,35,27
2023-08-31,1068,103,91,62,35,12,27
2023-09-01,1068,101,77,85,38,24,47
2023-09-02,1068,127,66,64,41,61,23
2023-09-03,1068,125,70,59,43,55,16
2023-09-04,1068,131,90,62,39,41,23
2023-09-05,1068,146,79,62,37,67,25
2023-09-06,1068,112,87,54,40,25,14
2023-09-07,1068,138,70,83,44,68,39
2023-09-08,1068,110,70,71,29,40,42
2023-09-09,1068,104,78,84,37,26,47
2023-09-10,1068,123,73,89,36,50,53
2023-09-11,1068,147,80,67,53,67,14
2023-09-12,1068,105,73,64,36,32,28
2023-09-13,1068,128,81,70,37,47,33
2023-09-14,1068,109,84,100,35,25,65
2023-09-15,1068,145,79,96,39,66,57
2023-09-16,1068,113,76,100,42,37,58
2023-09-17,1068,109,98,83,35,11,48
2023-09-18,1068,112,61,94,28,51,66
2023-09-19,1068,148,78,61,49,70,12
2023-09-20,1068,139,84,88,27,55,61
2023-09-21,1068,132,81,79,33,51,46
2023-09-22,1068,145,84,88,37,61,51
2023-09-23,1068,115,82,94,33,33,61
2023-09-24,1068,125,78,96,37,47,59
2023-09-25,1068,132,75,82,37,57,45
2023-09-26,1068,123,80,88,37,43,51
2023-09-27,1068,103,81,99,46,22,53
2023-09-28,1068,136,82,74,35,54,39
2023-09-29,1068,148,74,67,25,74,42
2023-09-30,1068,146,60,100,38,86,62
2023-10-01,1068,123,88,56,46,35,10
2023-10-02,1068,120,69,72,44,51,28
2023-10-03,1068,135,71,79,41,64,38
2023-10-04,1068,121,85,60,40,36,20
2023-10-05,1068,101,85,64,38,16,26
2023-10-06,1068,120,80,100,52,40,48
2023-10-07,1068,125,68,50,38,57,12
2023-10-08,1068,147,93,92,40,54,52
2023-10-09,1068,115,80,73,34,35,39
2023-10-10,1068,121,80,91,37,41,54
2023-10-11,1068,109,72,68,44,37,24
2023-10-12,1068,143,77,68,45,66,23
2023-10-13,1068,139,85,59,34,54,25
2023-10-14,1068,129,75,99,40,54,59
2023-10-15,1068,112,74,51,33,38,18
2023-10-16,1068,149,69,56,44,80,12
2023-10-17,1068,103,77,50,42,26,8
2023-10-18,1068,110,85,76,42,25,34
2023-10-19,1068,123,89,100,48,34,52
2023-10-20,1068,142,72,53,48,70,5
2023-10-21,1068,129,78,71,35,51,36
2023-10-22,1068,134,76,56,43,58,13
2023-10-23,1068,118,71,56,39,47,17
2023-10-24,1068,131,76,79,51,55,28
2023-10-25,1068,147,86,83,35,61,48
2023-10-26,1068,106,79,98,29,27,69
2023-10-27,1068,140,89,84,48,51,36
2023-10-28,1068,105,86,76,37,19,39
2023-10-29,1068,101,88,77,39,13,38
2023-10-30,1068,143,90,67,41,53,26
2023-10-31,1068,104,70,69,44,34,25
2023-11-01,1068,139,80,87,44,59,43
2023-11-02,1068,127,70,95,33,57,62
2023-11-03,1068,117,70,55,33,47,22
2023-11-04,1068,107,72,76,58,35,18
2023-11-05,1068,109,68,66,40,41,26
2023-11-06,1068,128,66,87,41,62,46
2023-11-07,1068,105,91,51,40,14,11
2023-11-08,1068,106,88,53,43,18,10
2023-11-09,1068,149,77,80,49,72,31
2023-11-10,1068,112,107,70,42,5,28
2023-11-11,1068,123,67,94,33,56,61
2023-11-12,1068,102,82,84,52,20,32
2023-11-13,1068,145,81,84,39,64,45
2023-11-14,1068,134,101,86,44,33,42
2023-11-15,1068,113,79,53,46,34,7
2023-11-16,1068,136,83,75,45,53,30
2023-11-17,1068,117,59,97,33,58,64
2023-11-18,1068,144,74,51,43,70,8
2023-11-19,1068,119,87,56,35,32,21
2023-11-20,1068,148,66,60,48,82,12
2023-11-21,1068,108,79,56,44,29,12
2023-11-22,1068,119,95,54,50,24,4
2023-11-23,1068,149,81,60,33,68,27
2023-11-24,1068,120,79,53,41,41,12
2023-11-25,1068,112,81,81,39,31,42
2023-11-26,1068,124,84,74,31,40,43
2023-11-27,1068,144,77,54,34,67,20
2023-11-28,1068,113,89,73,28,24,45
2023-11-29,1068,149,96,74,35,53,39
2023-11-30,1068,105,75,88,41,30,47
2023-12-01,1068,118,77,89,51,41,38
2023-12-02,1068,138,65,62,55,73,7
2023-12-03,1068,139,64,78,38,75,40
2023-12-04,1068,139,71,84,38,68,46
2023-12-05,1068,130,70,56,39,60,17
2023-12-06,1068,134,85,100,41,49,59
2023-12-07,1068,136,76,61,23,60,38
2023-12-08,1068,104,96,64,36,8,28
2023-12-09,1068,117,70,93,29,47,64
2023-12-10,1068,139,96,85,44,43,41
2023-12-11,1068,105,81,63,41,24,22
2023-12-12,1068,113,71,83,34,42,49
2023-12-13,1068,101,74,53,29,27,24
2023-12-14,1068,127,81,89,31,46,58
2023-12-15,1068,118,78,96,38,40,58
2023-12-16,1068,134,95,65,44,39,21
2023-12-17,1068,109,69,54,35,40,19
2023-12-18,1068,138,72,58,33,66,25
2023-12-19,1068,131,95,88,47,36,41
2023-12-20,1068,100,80,79,28,20,51
2023-12-21,1068,100,79,62,38,21,24
2023-12-22,1068,103,77,63,36,26,27
2023-12-23,1068,116,87,99,33,29,66
2023-12-24,1068,146,78,92,45,68,47
2023-12-25,1068,147,69,78,36,78,42
2023-12-26,1068,145,88,70,43,57,27
2023-12-27,1068,114,74,89,53,40,36
2023-12-28,1068,117,84,61,42,33,19
2023-12-29,1068,106,77,81,57,29,24
2023-12-30,1068,142,76,88,44,66,44
2023-12-31,1068,102,72,57,43,30,14
2023-01-01,1069,110,86,84,41,24,43
2023-01-02,1069,111,78,81,36,33,45
2023-01-03,1069,125,87,80,35,38,45
2023-01-04,1069,128,69,53,53,59,0
2023-01-05,1069,106,88,54,46,18,8
2023-01-06,1069,145,76,67,40,69,27
2023-01-07,1069,111,79,85,51,32,34
2023-01-08,1069,132,95,74,40,37,34
2023-01-09,1069,135,85,82,46,50,36
2023-01-10,1069,105,71,99,30,34,69
2023-01-11,1069,150,85,99,37,65,62
2023-01-12,1069,103,83,73,45,20,28
2023-01-13,1069,100,70,59,39,30,20
2023-01-14,1069,146,85,82,50,61,32
2023-01-15,1069,131,80,63,32,51,31
2023-01-16,1069,106,82,52,27,24,25
2023-01-17,1069,149,76,59,54,73,5
2023-01-18,1069,125,76,60,42,49,18
2023-01-19,1069,114,81,88,38,33,50
2023-01-20,1069,150,78,75,40,72,35
2023-01-21,1069,131,88,59,52,43,7
2023-01-22,1069,135,78,55,37,57,18
2023-01-23,1069,111,101,56,42,10,14
2023-01-24,1069,121,85,98,51,36,47
2023-01-25,1069,123,73,53,38,50,15
2023-01-26,1069,149,81,66,43,68,23
2023-01-27,1069,111,77,57,41,34,16
2023-01-28,1069,120,78,68,31,42,37
2023-01-29,1069,129,66,94,41,63,53
2023-01-30,1069,109,99,69,41,10,28
2023-01-31,1069,138,76,88,37,62,51
2023-02-01,1069,145,80,80,48,65,32
2023-02-02,1069,136,79,55,31,57,24
2023-02-03,1069,100,76,100,28,24,72
2023-02-04,1069,113,87,79,42,26,37
2023-02-05,1069,122,71,91,41,51,50
2023-02-06,1069,148,98,94,45,50,49
2023-02-07,1069,117,67,59,34,50,25
2023-02-08,1069,120,71,87,39,49,48
2023-02-09,1069,119,58,92,40,61,52
2023-02-10,1069,135,77,75,26,58,49
2023-02-11,1069,106,70,65,43,36,22
2023-02-12,1069,131,75,91,35,56,56
2023-02-13,1069,128,73,65,51,55,14
2023-02-14,1069,142,67,96,40,75,56
2023-02-15,1069,109,75,72,50,34,22
2023-02-16,1069,118,95,61,28,23,33
2023-02-17,1069,150,75,86,35,75,51
2023-02-18,1069,130,99,62,55,31,7
2023-02-19,1069,144,98,60,46,46,14
2023-02-20,1069,133,69,99,38,64,61
2023-02-21,1069,118,70,65,46,48,19
2023-02-22,1069,140,82,64,45,58,19
2023-02-23,1069,150,72,85,41,78,44
2023-02-24,1069,115,70,80,45,45,35
2023-02-25,1069,148,62,80,38,86,42
2023-02-26,1069,103,72,65,25,31,40
2023-02-27,1069,133,74,57,37,59,20
2023-02-28,1069,141,84,64,35,57,29
2023-03-01,1069,111,87,53,31,24,22
2023-03-02,1069,134,69,90,34,65,56
2023-03-03,1069,124,90,55,42,34,13
2023-03-04,1069,132,87,62,35,45,27
2023-03-05,1069,135,104,85,40,31,45
2023-03-06,1069,124,89,74,34,35,40
2023-03-07,1069,107,82,50,45,25,5
2023-03-08,1069,136,103,96,45,33,51
2023-03-09,1069,129,87,53,36,42,17
2023-03-10,1069,107,89,99,32,18,67
2023-03-11,1069,110,89,92,49,21,43
2023-03-12,1069,136,91,57,45,45,12
2023-03-13,1069,130,77,98,33,53,65
2023-03-14,1069,115,76,76,52,39,24
2023-03-15,1069,138,74,78,39,64,39
2023-03-16,1069,110,89,76,48,21,28
2023-03-17,1069,107,94,62,47,13,15
2023-03-18,1069,116,76,99,32,40,67
2023-03-19,1069,111,65,100,44,46,56
2023-03-20,1069,111,76,77,42,35,35
2023-03-21,1069,127,62,70,37,65,33
2023-03-22,1069,120,72,86,33,48,53
2023-03-23,1069,148,78,59,39,70,20
2023-03-24,1069,128,85,99,34,43,65
2023-03-25,1069,114,94,96,49,20,47
2023-03-26,1069,108,83,99,25,25,74
2023-03-27,1069,139,73,70,35,66,35
2023-03-28,1069,119,90,57,47,29,10
2023-03-29,1069,129,67,77,34,62,43
2023-03-30,1069,113,70,90,38,43,52
2023-03-31,1069,140,83,97,47,57,50
2023-04-01,1069,121,75,74,38,46,36
2023-04-02,1069,116,76,94,37,40,57
2023-04-03,1069,104,75,57,39,29,18
2023-04-04,1069,149,74,80,52,75,28
2023-04-05,1069,124,93,75,38,31,37
2023-04-06,1069,102,77,95,45,25,50
2023-04-07,1069,138,84,97,35,54,62
2023-04-08,1069,103,64,55,45,39,10
2023-04-09,1069,125,66,95,32,59,63
2023-04-10,1069,133,83,62,37,50,25
2023-04-11,1069,107,72,85,38,35,47
2023-04-12,1069,128,71,92,34,57,58
2023-04-13,1069,131,72,92,27,59,65
2023-04-14,1069,105,80,81,39,25,42
2023-04-15,1069,103,70,81,39,33,42
2023-04-16,1069,143,65,77,29,78,48
2023-04-17,1069,149,85,51,46,64,5
2023-04-18,1069,116,86,50,33,30,17
2023-04-19,1069,138,76,94,41,62,53
2023-04-20,1069,134,61,58,47,73,11
2023-04-21,1069,110,85,100,42,25,58
2023-04-22,1069,129,78,64,35,51,29
2023-04-23,1069,141,81,65,42,60,23
2023-04-24,1069,101,76,100,37,25,63
2023-04-25,1069,133,71,53,43,62,10
2023-04-26,1069,137,72,76,49,65,27
2023-04-27,1069,145,80,60,39,65,21
2023-04-28,1069,112,75,88,41,37,47
2023-04-29,1069,135,85,60,39,50,21
2023-04-30,1069,118,79,83,48,39,35
2023-05-01,1069,130,71,51,45,59,6
2023-05-02,1069,106,78,89,50,28,39
2023-05-03,1069,144,89,55,36,55,19
2023-05-04,1069,125,81,54,41,44,13
2023-05-05,1069,146,84,62,39,62,23
2023-05-06,1069,121,71,55,42,50,13
2023-05-07,1069,110,90,77,48,20,29
2023-05-08,1069,110,68,85,48,42,37
2023-05-09,1069,149,88,75,37,61,38
2023-05-10,1069,119,79,91,40,40,51
2023-05-11,1069,123,75,51,37,48,14
2023-05-12,1069,139,95,89,34,44,55
2023-05-13,1069,119,81,84,36,38,48
2023-05-14,1069,143,86,93,48,57,45
2023-05-15,1069,115,77,93,37,38,56
2023-05-16,1069,129,79,69,47,50,22
2023-05-17,1069,121,68,64,40,53,24
2023-05-18,1069,140,78,84,41,62,43
2023-05-19,1069,132,74,69,38,58,31
2023-05-20,1069,133,72,79,32,61,47
2023-05-21,1069,116,78,64,48,38,16
2023-05-22,1069,109,73,69,42,36,27
2023-05-23,1069,126,78,79,33,48,46
2023-05-24,1069,137,88,89,45,49,44
2023-05-25,1069,107,69,79,30,38,49
2023-05-26,1069,130,89,77,42,41,35
2023-05-27,1069,107,79,68,33,28,35
2023-05-28,1069,123,93,76,46,30,30
2023-05-29,1069,110,76,96,43,34,53
2023-05-30,1069,150,83,64,33,67,31
2023-05-31,1069,124,64,53,49,60,4
2023-06-01,1069,145,76,80,43,69,37
2023-06-02,1069,117,82,78,44,35,34
2023-06-03,1069,114,71,76,44,43,32
2023-06-04,1069,119,75,56,35,44,21
2023-06-05,1069,109,76,68,49,33,19
2023-06-06,1069,115,91,58,38,24,20
2023-06-07,1069,145,93,85,43,52,42
2023-06-08,1069,149,80,64,43,69,21
2023-06-09,1069,123,79,82,52,44,30
2023-06-10,1069,136,71,93,37,65,56
2023-06-11,1069,115,68,60,40,47,20
2023-06-12,1069,121,78,69,40,43,29
2023-06-13,1069,124,80,77,41,44,36
2023-06-14,1069,127,96,67,38,31,29
2023-06-15,1069,125,68,77,30,57,47
2023-06-16,1069,136,83,75,34,53,41
2023-06-17,1069,146,77,72,34,69,38
2023-06-18,1069,117,86,73,30,31,43
2023-06-19,1069,128,73,59,42,55,17
2023-06-20,1069,134,79,85,36,55,49
2023-06-21,1069,135,75,65,35,60,30
2023-06-22,1069,120,78,88,36,42,52
2023-06-23,1069,131,69,93,44,62,49
2023-06-24,1069,137,76,66,39,61,27
2023-06-25,1069,114,62,55,33,52,22
2023-06-26,1069,129,84,85,41,45,44
2023-06-27,1069,125,91,58,36,34,22
2023-06-28,1069,139,101,54,36,38,18
2023-06-29,1069,114,89,53,43,25,10
2023-06-30,1069,131,99,84,40,32,44
2023-07-01,1069,121,76,84,54,45,30
2023-07-02,1069,104,79,80,40,25,40
2023-07-03,1069,126,72,60,40,54,20
2023-07-04,1069,119,90,55,37,29,18
2023-07-05,1069,144,83,83,45,61,38
2023-07-06,1069,102,86,64,38,16,26
2023-07-07,1069,105,74,64,40,31,24
2023-07-08,1069,139,83,72,33,56,39
2023-07-09,1069,115,78,88,32,37,56
2023-07-10,1069,113,81,61,28,32,33
2023-07-11,1069,146,88,57,50,58,7
2023-07-12,1069,134,82,59,40,52,19
2023-07-13,1069,145,84,73,40,61,33
2023-07-14,1069,149,74,65,32,75,33
2023-07-15,1069,128,85,80,38,43,42
2023-07-16,1069,126,83,75,44,43,31
2023-07-17,1069,121,85,65,43,36,22
2023-07-18,1069,140,74,52,34,66,18
2023-07-19,1069,129,79,72,40,50,32
2023-07-20,1069,112,69,60,37,43,23
2023-07-21,1069,118,84,82,48,34,34
2023-07-22,1069,127,77,55,31,50,24
2023-07-23,1069,109,85,84,44,24,40
2023-07-24,1069,137,85,68,36,52,32
2023-07-25,1069,133,102,98,45,31,53
2023-07-26,1069,136,78,94,41,58,53
2023-07-27,1069,106,78,67,45,28,22
2023-07-28,1069,137,90,55,38,47,17
2023-07-29,1069,110,86,85,50,24,35
2023-07-30,1069,144,64,71,46,80,25
2023-07-31,1069,120,80,58,45,40,13
2023-08-01,1069,130,70,99,35,60,64
2023-08-02,1069,137,71,81,36,66,45
2023-08-03,1069,120,62,79,31,58,48
2023-08-04,1069,102,78,66,38,24,28
2023-08-05,1069,132,78,55,37,54,18
2023-08-06,1069,100,101,97,39,-1,58
2023-08-07,1069,105,77,76,38,28,38
2023-08-08,1069,112,88,53,37,24,16
2023-08-09,1069,150,78,84,36,72,48
2023-08-10,1069,131,88,98,34,43,64
2023-08-11,1069,132,73,86,33,59,53
2023-08-12,1069,125,98,63,36,27,27
2023-08-13,1069,101,70,88,30,31,58
2023-08-14,1069,150,77,54,44,73,10
2023-08-15,1069,134,81,62,36,53,26
2023-08-16,1069,116,84,87,38,32,49
2023-08-17,1069,117,80,57,43,37,14
2023-08-18,1069,141,90,77,36,51,41
2023-08-19,1069,123,94,86,34,29,52
2023-08-20,1069,101,90,65,31,11,34
2023-08-21,1069,105,98,95,39,7,56
2023-08-22,1069,118,67,62,33,51,29
2023-08-23,1069,140,73,66,46,67,20
2023-08-24,1069,121,67,68,40,54,28
2023-08-25,1069,109,90,53,31,19,22
2023-08-26,1069,128,80,81,41,48,40
2023-08-27,1069,103,80,98,36,23,62
2023-08-28,1069,132,89,82,30,43,52
2023-08-29,1069,101,83,100,41,18,59
2023-08-30,1069,140,73,56,41,67,15
2023-08-31,1069,128,73,83,31,55,52
2023-09-01,1069,120,88,97,37,32,60
2023-09-02,1069,125,80,72,49,45,23
2023-09-03,1069,100,75,91,35,25,56
2023-09-04,1069,133,74,70,45,59,25
2023-09-05,1069,146,82,63,41,64,22
2023-09-06,1069,125,89,65,38,36,27
2023-09-07,1069,122,90,78,40,32,38
2023-09-08,1069,140,83,60,38,57,22
2023-09-09,1069,112,71,93,39,41,54
2023-09-10,1069,103,76,75,27,27,48
2023-09-11,1069,137,76,60,38,61,22
2023-09-12,1069,111,84,68,37,27,31
2023-09-13,1069,103,79,50,47,24,3
2023-09-14,1069,106,85,77,41,21,36
2023-09-15,1069,112,77,98,36,35,62
2023-09-16,1069,106,68,75,37,38,38
2023-09-17,1069,134,81,76,32,53,44
2023-09-18,1069,138,83,76,30,55,46
2023-09-19,1069,113,96,56,34,17,22
2023-09-20,1069,107,68,62,43,39,19
2023-09-21,1069,124,71,88,45,53,43
2023-09-22,1069,138,80,100,33,58,67
2023-09-23,1069,105,73,66,45,32,21
2023-09-24,1069,141,74,59,29,67,30
2023-09-25,1069,105,84,59,32,21,27
2023-09-26,1069,126,76,91,32,50,59
2023-09-27,1069,109,77,50,39,32,11
2023-09-28,1069,127,79,57,38,48,19
2023-09-29,1069,135,87,53,39,48,14
2023-09-30,1069,106,79,93,34,27,59
2023-10-01,1069,137,61,55,41,76,14
2023-10-02,1069,122,90,67,43,32,24
2023-10-03,1069,100,89,77,41,11,36
2023-10-04,1069,137,75,69,43,62,26
2023-10-05,1069,142,69,100,42,73,58
2023-10-06,1069,146,91,82,27,55,55
2023-10-07,1069,140,85,73,35,55,38
2023-10-08,1069,125,82,51,41,43,10
2023-10-09,1069,124,73,70,42,51,28
2023-10-10,1069,103,71,99,44,32,55
2023-10-11,1069,100,77,90,39,23,51
2023-10-12,1069,139,82,61,31,57,30
2023-10-13,1069,121,99,70,41,22,29
2023-10-14,1069,114,84,57,38,30,19
2023-10-15,1069,128,66,96,38,62,58
2023-10-16,1069,128,70,85,42,58,43
2023-10-17,1069,121,80,67,34,41,33
2023-10-18,1069,114,75,85,47,39,38
2023-10-19,1069,119,58,92,29,61,63
2023-10-20,1069,148,89,96,40,59,56
2023-10-21,1069,108,77,52,35,31,17
2023-10-22,1069,100,96,94,36,4,58
2023-10-23,1069,133,84,66,41,49,25
2023-10-24,1069,141,78,72,28,63,44
2023-10-25,1069,132,75,78,50,57,28
2023-10-26,1069,102,80,93,47,22,46
2023-10-27,1069,110,61,51,40,49,11
2023-10-28,1069,130,79,68,47,51,21
2023-10-29,1069,140,89,84,41,51,43
2023-10-30,1069,112,87,97,36,25,61
2023-10-31,1069,136,77,100,22,59,78
2023-11-01,1069,120,79,79,33,41,46
2023-11-02,1069,115,89,87,25,26,62
2023-11-03,1069,128,70,61,35,58,26
2023-11-04,1069,140,85,90,40,55,50
2023-11-05,1069,137,91,92,48,46,44
2023-11-06,1069,117,69,55,47,48,8
2023-11-07,1069,138,80,57,41,58,16
2023-11-08,1069,141,79,61,50,62,11
2023-11-09,1069,113,79,52,53,34,-1
2023-11-10,1069,120,80,54,45,40,9
2023-11-11,1069,103,81,63,42,22,21
2023-11-12,1069,140,80,55,42,60,13
2023-11-13,1069,150,79,97,41,71,56
2023-11-14,1069,125,91,57,30,34,27
2023-11-15,1069,135,95,94,50,40,44
2023-11-16,1069,134,86,79,45,48,34
2023-11-17,1069,118,75,67,40,43,27
2023-11-18,1069,102,85,97,44,17,53
2023-11-19,1069,108,104,76,33,4,43
2023-11-20,1069,116,87,88,36,29,52
2023-11-21,1069,146,107,57,38,39,19
2023-11-22,1069,118,72,77,51,46,26
2023-11-23,1069,105,81,50,39,24,11
2023-11-24,1069,111,70,83,42,41,41
2023-11-25,1069,119,89,92,38,30,54
2023-11-26,1069,136,80,98,36,56,62
2023-11-27,1069,110,70,82,35,40,47
2023-11-28,1069,111,78,72,36,33,36
2023-11-29,1069,106,85,84,43,21,41
2023-11-30,1069,140,86,86,40,54,46
2023-12-01,1069,147,81,70,37,66,33
2023-12-02,1069,122,72,83,39,50,44
2023-12-03,1069,123,79,100,50,44,50
2023-12-04,1069,114,75,58,43,39,15
2023-12-05,1069,134,70,76,31,64,45
2023-12-06,1069,105,91,73,39,14,34
2023-12-07,1069,136,77,93,35,59,58
2023-12-08,1069,119,88,90,50,31,40
2023-12-09,1069,147,72,90,42,75,48
2023-12-10,1069,135,83,75,33,52,42
2023-12-11,1069,143,81,72,53,62,19
2023-12-12,1069,100,66,82,31,34,51
2023-12-13,1069,133,76,56,48,57,8
2023-12-14,1069,147,73,68,42,74,26
2023-12-15,1069,122,82,87,33,40,54
2023-12-16,1069,130,65,94,49,65,45
2023-12-17,1069,135,87,67,34,48,33
2023-12-18,1069,138,92,80,32,46,48
2023-12-19,1069,137,86,72,42,51,30
2023-12-20,1069,117,82,66,46,35,20
2023-12-21,1069,105,95,99,33,10,66
2023-12-22,1069,113,89,55,35,24,20
2023-12-23,1069,100,84,59,43,16,16
2023-12-24,1069,111,87,76,36,24,40
2023-12-25,1069,123,75,67,63,48,4
2023-12-26,1069,148,75,70,43,73,27
2023-12-27,1069,122,76,100,28,46,72
2023-12-28,1069,104,71,97,37,33,60
2023-12-29,1069,135,76,64,45,59,19
2023-12-30,1069,143,65,78,34,78,44
2023-12-31,1069,119,93,57,32,26,25
2023-01-01,1070,121,91,93,40,30,53
2023-01-02,1070,112,79,76,49,33,27
2023-01-03,1070,119,81,72,40,38,32
2023-01-04,1070,147,88,61,47,59,14
2023-01-05,1070,127,76,62,53,51,9
2023-01-06,1070,130,68,93,48,62,45
2023-01-07,1070,109,106,88,46,3,42
2023-01-08,1070,117,64,95,28,53,67
2023-01-09,1070,134,74,53,58,60,-5
2023-01-10,1070,131,97,59,50,34,9
2023-01-11,1070,139,73,50,40,66,10
2023-01-12,1070,135,69,91,39,66,52
2023-01-13,1070,131,73,76,46,58,30
2023-01-14,1070,130,80,51,39,50,12
2023-01-15,1070,149,86,86,40,63,46
2023-01-16,1070,149,78,79,43,71,36
2023-01-17,1070,114,73,89,50,41,39
2023-01-18,1070,149,87,79,42,62,37
2023-01-19,1070,114,78,83,38,36,45
2023-01-20,1070,144,85,51,31,59,20
2023-01-21,1070,125,76,54,38,49,16
2023-01-22,1070,104,60,74,50,44,24
2023-01-23,1070,136,79,77,44,57,33
2023-01-24,1070,150,67,85,43,83,42
2023-01-25,1070,126,84,66,47,42,19
2023-01-26,1070,127,74,96,37,53,59
2023-01-27,1070,128,78,55,43,50,12
2023-01-28,1070,123,75,59,44,48,15
2023-01-29,1070,118,78,83,47,40,36
2023-01-30,1070,134,83,66,41,51,25
2023-01-31,1070,102,78,96,40,24,56
2023-02-01,1070,101,87,92,41,14,51
2023-02-02,1070,104,78,50,43,26,7
2023-02-03,1070,141,77,87,46,64,41
2023-02-04,1070,102,81,68,48,21,20
2023-02-05,1070,112,102,61,47,10,14
2023-02-06,1070,120,83,77,36,37,41
2023-02-07,1070,134,82,54,34,52,20
2023-02-08,1070,105,104,93,32,1,61
2023-02-09,1070,117,81,65,49,36,16
2023-02-10,1070,112,69,65,48,43,17
2023-02-11,1070,138,79,87,48,59,39
2023-02-12,1070,124,65,88,35,59,53
2023-02-13,1070,116,81,94,33,35,61
2023-02-14,1070,101,90,72,43,11,29
2023-02-15,1070,119,86,65,39,33,26
2023-02-16,1070,100,68,50,46,32,4
2023-02-17,1070,147,75,51,44,72,7
2023-02-18,1070,122,92,86,49,30,37
2023-02-19,1070,131,81,53,39,50,14
2023-02-20,1070,137,79,71,31,58,40
2023-02-21,1070,118,77,96,35,41,61
2023-02-22,1070,137,67,55,43,70,12
2023-02-23,1070,142,69,95,49,73,46
2023-02-24,1070,109,81,66,49,28,17
2023-02-25,1070,139,75,50,49,64,1
2023-02-26,1070,103,80,53,46,23,7
2023-02-27,1070,105,83,66,47,22,19
2023-02-28,1070,112,83,87,39,29,48
2023-03-01,1070,127,84,75,46,43,29
2023-03-02,1070,130,87,85,31,43,54
2023-03-03,1070,100,81,78,37,19,41
2023-03-04,1070,112,75,63,35,37,28
2023-03-05,1070,143,91,82,38,52,44
2023-03-06,1070,130,91,95,39,39,56
2023-03-07,1070,136,92,80,47,44,33
2023-03-08,1070,111,92,66,43,19,23
2023-03-09,1070,124,84,80,40,40,40
2023-03-10,1070,125,94,78,39,31,39
2023-03-11,1070,137,71,70,38,66,32
2023-03-12,1070,116,85,91,35,31,56
2023-03-13,1070,107,72,60,23,35,37
2023-03-14,1070,112,87,97,42,25,55
2023-03-15,1070,106,82,81,40,24,41
2023-03-16,1070,137,91,85,40,46,45
2023-03-17,1070,149,85,69,47,64,22
2023-03-18,1070,112,75,86,44,37,42
2023-03-19,1070,123,76,72,50,47,22
2023-03-20,1070,110,88,78,36,22,42
2023-03-21,1070,128,79,99,43,49,56
2023-03-22,1070,110,80,88,54,30,34
2023-03-23,1070,150,92,67,39,58,28
2023-03-24,1070,101,81,68,42,20,26
2023-03-25,1070,102,85,66,48,17,18
2023-03-26,1070,126,65,92,38,61,54
2023-03-27,1070,140,71,55,34,69,21
2023-03-28,1070,107,76,67,46,31,21
2023-03-29,1070,108,85,85,28,23,57
2023-03-30,1070,121,88,85,37,33,48
2023-03-31,1070,137,97,69,40,40,29
2023-04-01,1070,110,70,58,36,40,22
2023-04-02,1070,142,61,85,25,81,60
2023-04-03,1070,111,78,87,41,33,46
2023-04-04,1070,117,77,50,47,40,3
2023-04-05,1070,101,75,67,49,26,18
2023-04-06,1070,105,78,76,45,27,31
2023-04-07,1070,142,74,88,31,68,57
2023-04-08,1070,133,79,83,36,54,47
2023-04-09,1070,126,78,84,24,48,60
2023-04-10,1070,107,89,54,31,18,23
2023-04-11,1070,119,77,93,43,42,50
2023-04-12,1070,127,95,93,31,32,62
2023-04-13,1070,105,84,95,33,21,62
2023-04-14,1070,133,81,68,26,52,42
2023-04-15,1070,130,86,60,32,44,28
2023-04-16,1070,135,70,97,37,65,60
2023-04-17,1070,110,85,62,46,25,16
2023-04-18,1070,114,81,65,31,33,34
2023-04-19,1070,122,75,100,40,47,60
2023-04-20,1070,135,82,63,55,53,8
2023-04-21,1070,129,77,70,44,52,26
2023-04-22,1070,119,88,68,45,31,23
2023-04-23,1070,125,72,96,40,53,56
2023-04-24,1070,142,82,81,40,60,41
2023-04-25,1070,146,78,88,37,68,51
2023-04-26,1070,100,80,100,57,20,43
2023-04-27,1070,104,82,69,45,22,24
2023-04-28,1070,128,83,72,46,45,26
2023-04-29,1070,115,92,86,49,23,37
2023-04-30,1070,139,57,85,39,82,46
2023-05-01,1070,118,93,52,45,25,7
2023-05-02,1070,110,78,74,43,32,31
2023-05-03,1070,109,77,89,55,32,34
2023-05-04,1070,110,80,54,46,30,8
2023-05-05,1070,107,80,69,52,27,17
2023-05-06,1070,106,81,87,45,25,42
2023-05-07,1070,146,91,66,38,55,28
2023-05-08,1070,131,66,75,38,65,37
2023-05-09,1070,130,81,79,36,49,43
2023-05-10,1070,116,94,96,47,22,49
2023-05-11,1070,133,79,86,47,54,39
2023-05-12,1070,132,71,74,36,61,38
2023-05-13,1070,114,71,88,35,43,53
2023-05-14,1070,101,79,66,44,22,22
2023-05-15,1070,115,71,95,47,44,48
2023-05-16,1070,111,83,96,26,28,70
2023-05-17,1070,142,78,75,35,64,40
2023-05-18,1070,121,68,88,33,53,55
2023-05-19,1070,100,73,75,28,27,47
2023-05-20,1070,144,71,96,31,73,65
2023-05-21,1070,147,92,62,55,55,7
2023-05-22,1070,104,96,73,46,8,27
2023-05-23,1070,147,84,62,46,63,16
2023-05-24,1070,118,86,61,42,32,19
2023-05-25,1070,109,96,64,40,13,24
2023-05-26,1070,147,83,50,42,64,8
2023-05-27,1070,108,78,86,49,30,37
2023-05-28,1070,146,80,78,44,66,34
2023-05-29,1070,123,77,63,42,46,21
2023-05-30,1070,128,68,78,42,60,36
2023-05-31,1070,144,74,64,48,70,16
2023-06-01,1070,100,84,81,40,16,41
2023-06-02,1070,122,89,71,29,33,42
2023-06-03,1070,110,83,68,44,27,24
2023-06-04,1070,122,65,89,38,57,51
2023-06-05,1070,148,71,60,48,77,12
2023-06-06,1070,112,70,70,36,42,34
2023-06-07,1070,118,85,74,32,33,42
2023-06-08,1070,135,81,89,39,54,50
2023-06-09,1070,135,91,70,40,44,30
2023-06-10,1070,124,83,91,41,41,50
2023-06-11,1070,140,82,86,39,58,47
2023-06-12,1070,102,71,80,59,31,21
2023-06-13,1070,112,85,91,51,27,40
2023-06-14,1070,116,77,60,38,39,22
2023-06-15,1070,147,58,90,37,89,53
2023-06-16,1070,102,60,87,45,42,42
2023-06-17,1070,127,99,88,39,28,49
2023-06-18,1070,104,66,64,33,38,31
2023-06-19,1070,138,72,69,49,66,20
2023-06-20,1070,105,79,83,36,26,47
2023-06-21,1070,129,79,53,39,50,14
2023-06-22,1070,141,79,68,38,62,30
2023-06-23,1070,109,99,91,44,10,47
2023-06-24,1070,107,97,86,41,10,45
2023-06-25,1070,119,68,93,36,51,57
2023-06-26,1070,148,81,60,25,67,35
2023-06-27,1070,107,71,77,37,36,40
2023-06-28,1070,126,85,74,40,41,34
2023-06-29,1070,130,70,93,38,60,55
2023-06-30,1070,138,69,96,34,69,62
2023-07-01,1070,113,80,56,47,33,9
2023-07-02,1070,138,86,59,37,52,22
2023-07-03,1070,139,96,88,49,43,39
2023-07-04,1070,111,79,56,35,32,21
2023-07-05,1070,139,80,90,34,59,56
2023-07-06,1070,110,87,89,42,23,47
2023-07-07,1070,103,68,69,35,35,34
2023-07-08,1070,126,74,99,35,52,64
2023-07-09,1070,150,80,50,47,70,3
2023-07-10,1070,122,75,70,41,47,29
2023-07-11,1070,118,83,56,38,35,18
2023-07-12,1070,138,75,75,35,63,40
2023-07-13,1070,130,84,78,39,46,39
2023-07-14,1070,138,70,97,28,68,69
2023-07-15,1070,143,89,66,39,54,27
2023-07-16,1070,148,78,67,44,70,23
2023-07-17,1070,108,89,87,30,19,57
2023-07-18,1070,115,62,63,39,53,24
2023-07-19,1070,112,78,84,29,34,55
2023-07-20,1070,144,81,92,45,63,47
2023-07-21,1070,113,75,88,44,38,44
2023-07-22,1070,103,62,75,41,41,34
2023-07-23,1070,137,91,100,42,46,58
2023-07-24,1070,115,73,69,34,42,35
2023-07-25,1070,126,94,55,36,32,19
2023-07-26,1070,148,72,89,42,76,47
2023-07-27,1070,133,102,80,44,31,36
2023-07-28,1070,110,95,86,42,15,44
2023-07-29,1070,138,86,59,34,52,25
2023-07-30,1070,137,80,93,32,57,61
2023-07-31,1070,147,72,72,49,75,23
2023-08-01,1070,139,84,55,39,55,16
2023-08-02,1070,106,83,53,36,23,17
2023-08-03,1070,117,75,58,47,42,11
2023-08-04,1070,139,66,61,33,73,28
2023-08-05,1070,103,89,87,36,14,51
2023-08-06,1070,133,74,89,35,59,54
2023-08-07,1070,141,72,100,38,69,62
2023-08-08,1070,145,88,75,40,57,35
2023-08-09,1070,118,88,55,43,30,12
2023-08-10,1070,137,75,73,41,62,32
2023-08-11,1070,100,82,79,24,18,55
2023-08-12,1070,117,83,100,50,34,50
2023-08-13,1070,119,88,73,46,31,27
2023-08-14,1070,139,88,83,39,51,44
2023-08-15,1070,134,72,76,35,62,41
2023-08-16,1070,129,86,98,38,43,60
2023-08-17,1070,128,83,60,35,45,25
2023-08-18,1070,123,74,84,34,49,50
2023-08-19,1070,111,99,93,36,12,57
2023-08-20,1070,132,74,77,41,58,36
2023-08-21,1070,141,77,96,34,64,62
2023-08-22,1070,138,71,81,46,67,35
2023-08-23,1070,137,63,61,42,74,19
2023-08-24,1070,139,69,73,40,70,33
2023-08-25,1070,121,66,94,43,55,51
2023-08-26,1070,149,94,65,42,55,23
2023-08-27,1070,144,80,84,37,64,47
2023-08-28,1070,127,89,87,50,38,37
2023-08-29,1070,106,81,61,35,25,26
2023-08-30,1070,139,81,85,35,58,50
2023-08-31,1070,134,79,71,36,55,35
2023-09-01,1070,143,79,65,37,64,28
2023-09-02,1070,113,79,75,40,34,35
2023-09-03,1070,150,79,82,42,71,40
2023-09-04,1070,118,100,69,42,18,27
2023-09-05,1070,150,75,54,40,75,14
2023-09-06,1070,106,75,76,38,31,38
2023-09-07,1070,139,81,59,40,58,19
2023-09-08,1070,130,79,51,39,51,12
2023-09-09,1070,113,81,92,23,32,69
2023-09-10,1070,130,78,85,35,52,50
2023-09-11,1070,109,89,97,51,20,46
2023-09-12,1070,114,76,68,53,38,15
2023-09-13,1070,103,66,61,50,37,11
2023-09-14,1070,147,88,87,47,59,40
2023-09-15,1070,128,97,66,39,31,27
2023-09-16,1070,111,74,79,39,37,40
2023-09-17,1070,101,89,51,41,12,10
2023-09-18,1070,118,76,74,32,42,42
2023-09-19,1070,120,77,95,33,43,62
2023-09-20,1070,150,83,77,45,67,32
2023-09-21,1070,103,65,86,50,38,36
2023-09-22,1070,145,71,82,36,74,46
2023-09-23,1070,132,73,63,37,59,26
2023-09-24,1070,123,82,61,43,41,18
2023-09-25,1070,132,76,93,37,56,56
2023-09-26,1070,148,76,74,52,72,22
2023-09-27,1070,104,79,79,37,25,42
2023-09-28,1070,135,73,71,38,62,33
2023-09-29,1070,114,82,90,41,32,49
2023-09-30,1070,105,72,96,43,33,53
2023-10-01,1070,146,76,94,49,70,45
2023-10-02,1070,106,79,86,30,27,56
2023-10-03,1070,112,80,75,36,32,39
2023-10-04,1070,118,78,84,52,40,32
2023-10-05,1070,150,95,87,41,55,46
2023-10-06,1070,133,72,98,31,61,67
2023-10-07,1070,120,70,82,30,50,52
2023-10-08,1070,133,89,87,38,44,49
2023-10-09,1070,130,85,91,38,45,53
2023-10-10,1070,118,73,74,42,45,32
2023-10-11,1070,129,83,97,37,46,60
2023-10-12,1070,135,78,73,43,57,30
2023-10-13,1070,104,96,90,49,8,41
2023-10-14,1070,107,92,84,39,15,45
2023-10-15,1070,124,88,65,35,36,30
2023-10-16,1070,127,86,66,46,41,20
2023-10-17,1070,134,87,91,46,47,45
2023-10-18,1070,107,74,65,31,33,34
2023-10-19,1070,122,69,58,26,53,32
2023-10-20,1070,145,88,88,39,57,49
2023-10-21,1070,103,77,83,52,26,31
2023-10-22,1070,140,80,55,44,60,11
2023-10-23,1070,106,85,69,41,21,28
2023-10-24,1070,121,90,76,51,31,25
2023-10-25,1070,133,85,95,39,48,56
2023-10-26,1070,142,81,78,41,61,37
2023-10-27,1070,111,88,91,38,23,53
2023-10-28,1070,134,84,92,37,50,55
2023-10-29,1070,112,84,55,38,28,17
2023-10-30,1070,148,89,62,55,59,7
2023-10-31,1070,116,103,67,35,13,32
2023-11-01,1070,147,72,76,32,75,44
2023-11-02,1070,134,86,68,43,48,25
2023-11-03,1070,122,70,53,46,52,7
2023-11-04,1070,120,91,99,36,29,63
2023-11-05,1070,122,73,76,39,49,37
2023-11-06,1070,126,79,82,39,47,43
2023-11-07,1070,108,86,62,31,22,31
2023-11-08,1070,108,77,58,48,31,10
2023-11-09,1070,124,95,77,37,29,40
2023-11-10,1070,139,86,84,31,53,53
2023-11-11,1070,134,82,86,40,52,46
2023-11-12,1070,149,81,97,36,68,61
2023-11-13,1070,125,84,57,44,41,13
2023-11-14,1070,150,90,78,29,60,49
2023-11-15,1070,124,89,100,48,35,52
2023-11-16,1070,145,66,63,38,79,25
2023-11-17,1070,117,73,64,40,44,24
2023-11-18,1070,132,91,91,30,41,61
2023-11-19,1070,100,85,72,40,15,32
2023-11-20,1070,122,67,91,41,55,50
2023-11-21,1070,106,80,95,35,26,60
2023-11-22,1070,132,78,78,30,54,48
2023-11-23,1070,109,73,53,37,36,16
2023-11-24,1070,132,91,63,43,41,20
2023-11-25,1070,132,70,82,32,62,50
2023-11-26,1070,149,92,79,40,57,39
2023-11-27,1070,126,76,61,37,50,24
2023-11-28,1070,106,75,70,56,31,14
2023-11-29,1070,148,72,82,43,76,39
2023-11-30,1070,136,104,52,35,32,17
2023-12-01,1070,135,74,58,32,61,26
2023-12-02,1070,140,84,63,40,56,23
2023-12-03,1070,142,70,95,36,72,59
2023-12-04,1070,130,78,84,38,52,46
2023-12-05,1070,134,100,85,42,34,43
2023-12-06,1070,134,75,57,42,59,15
2023-12-07,1070,137,84,86,37,53,49
2023-12-08,1070,126,87,65,42,39,23
2023-12-09,1070,117,76,97,56,41,41
2023-12-10,1070,130,87,58,39,43,19
2023-12-11,1070,110,79,71,31,31,40
2023-12-12,1070,144,97,57,32,47,25
2023-12-13,1070,115,84,81,46,31,35
2023-12-14,1070,131,64,77,31,67,46
2023-12-15,1070,130,73,64,41,57,23
2023-12-16,1070,115,77,87,33,38,54
2023-12-17,1070,132,84,97,35,48,62
2023-12-18,1070,100,74,54,37,26,17
2023-12-19,1070,106,65,92,34,41,58
2023-12-20,1070,143,75,68,30,68,38
2023-12-21,1070,134,66,78,32,68,46
2023-12-22,1070,142,61,75,34,81,41
2023-12-23,1070,138,66,54,43,72,11
2023-12-24,1070,122,84,82,47,38,35
2023-12-25,1070,115,94,78,42,21,36
2023-12-26,1070,110,58,65,42,52,23
2023-12-27,1070,106,74,98,49,32,49
2023-12-28,1070,141,79,64,35,62,29
2023-12-29,1070,132,87,52,46,45,6
2023-12-30,1070,138,82,53,40,56,13
2023-12-31,1070,123,85,99,44,38,55
2023-01-01,1071,125,73,52,42,52,10
2023-01-02,1071,125,75,66,39,50,27
2023-01-03,1071,111,103,78,43,8,35
2023-01-04,1071,140,84,87,36,56,51
2023-01-05,1071,123,87,54,41,36,13
2023-01-06,1071,140,88,72,43,52,29
2023-01-07,1071,108,79,69,39,29,30
2023-01-08,1071,104,93,65,36,11,29
2023-01-09,1071,111,110,75,43,1,32
2023-01-10,1071,128,93,71,47,35,24
2023-01-11,1071,128,79,67,35,49,32
2023-01-12,1071,129,91,58,36,38,22
2023-01-13,1071,132,73,75,35,59,40
2023-01-14,1071,150,72,56,40,78,16
2023-01-15,1071,119,80,54,37,39,17
2023-01-16,1071,128,67,95,33,61,62
2023-01-17,1071,135,66,64,42,69,22
2023-01-18,1071,128,100,75,40,28,35
2023-01-19,1071,149,75,51,54,74,-3
2023-01-20,1071,100,75,86,47,25,39
2023-01-21,1071,142,107,72,46,35,26
2023-01-22,1071,118,83,58,39,35,19
2023-01-23,1071,120,80,76,38,40,38
2023-01-24,1071,130,80,89,32,50,57
2023-01-25,1071,137,88,69,35,49,34
2023-01-26,1071,132,74,69,46,58,23
2023-01-27,1071,137,89,96,31,48,65
2023-01-28,1071,143,71,68,47,72,21
2023-01-29,1071,116,73,94,28,43,66
2023-01-30,1071,146,83,75,43,63,32
2023-01-31,1071,114,79,96,48,35,48
2023-02-01,1071,116,75,100,43,41,57
2023-02-02,1071,144,65,84,48,79,36
2023-02-03,1071,146,71,79,46,75,33
2023-02-04,1071,127,76,99,39,51,60
2023-02-05,1071,136,71,80,37,65,43
2023-02-06,1071,132,78,71,49,54,22
2023-02-07,1071,139,84,63,40,55,23
2023-02-08,1071,101,92,67,35,9,32
2023-02-09,1071,150,84,60,41,66,19
2023-02-10,1071,105,83,59,45,22,14
2023-02-11,1071,144,74,95,45,70,50
2023-02-12,1071,122,79,76,40,43,36
2023-02-13,1071,106,76,95,45,30,50
2023-02-14,1071,102,84,83,44,18,39
2023-02-15,1071,148,82,64,30,66,34
2023-02-16,1071,148,70,72,39,78,33
2023-02-17,1071,139,74,89,38,65,51
2023-02-18,1071,134,85,53,48,49,5
2023-02-19,1071,111,69,55,40,42,15
2023-02-20,1071,129,86,89,44,43,45
2023-02-21,1071,124,97,56,41,27,15
2023-02-22,1071,137,86,59,43,51,16
2023-02-23,1071,126,79,82,47,47,35
2023-02-24,1071,139,78,81,37,61,44
2023-02-25,1071,149,91,86,37,58,49
2023-02-26,1071,139,76,52,38,63,14
2023-02-27,1071,148,85,80,48,63,32
2023-02-28,1071,134,96,72,48,38,24
2023-03-01,1071,122,62,54,31,60,23
2023-03-02,1071,139,89,52,46,50,6
2023-03-03,1071,132,77,67,31,55,36
2023-03-04,1071,114,86,58,34,28,24
2023-03-05,1071,148,78,87,37,70,50
2023-03-06,1071,106,79,80,37,27,43
2023-03-07,1071,135,94,52,39,41,13
2023-03-08,1071,109,71,72,41,38,31
2023-03-09,1071,105,80,76,30,25,46
2023-03-10,1071,127,91,74,39,36,35
2023-03-11,1071,125,93,70,44,32,26
2023-03-12,1071,115,71,54,47,44,7
2023-03-13,1071,122,96,51,28,26,23
2023-03-14,1071,143,75,53,33,68,20
2023-03-15,1071,128,90,96,42,38,54
2023-03-16,1071,132,78,54,40,54,14
2023-03-17,1071,109,79,55,35,30,20
2023-03-18,1071,115,81,61,43,34,18
2023-03-19,1071,121,80,91,45,41,46
2023-03-20,1071,135,77,61,35,58,26
2023-03-21,1071,147,93,99,44,54,55
2023-03-22,1071,119,87,71,41,32,30
2023-03-23,1071,140,79,66,40,61,26
2023-03-24,1071,105,85,72,48,20,24
2023-03-25,1071,141,93,58,41,48,17
2023-03-26,1071,100,80,75,38,20,37
2023-03-27,1071,121,77,62,47,44,15
2023-03-28,1071,134,98,68,43,36,25
2023-03-29,1071,135,92,70,27,43,43
2023-03-30,1071,141,62,64,48,79,16
2023-03-31,1071,103,83,51,51,20,0
2023-04-01,1071,102,79,67,41,23,26
2023-04-02,1071,132,79,61,45,53,16
2023-04-03,1071,140,78,57,38,62,19
2023-04-04,1071,101,85,88,35,16,53
2023-04-05,1071,135,82,77,47,53,30
2023-04-06,1071,104,92,84,41,12,43
2023-04-07,1071,132,80,95,33,52,62
2023-04-08,1071,107,84,95,40,23,55
2023-04-09,1071,117,87,56,46,30,10
2023-04-10,1071,120,82,78,51,38,27
2023-04-11,1071,118,90,52,46,28,6
2023-04-12,1071,148,84,85,47,64,38
2023-04-13,1071,149,83,89,42,66,47
2023-04-14,1071,112,83,63,42,29,21
2023-04-15,1071,119,80,67,43,39,24
2023-04-16,1071,102,78,72,34,24,38
2023-04-17,1071,150,75,57,47,75,10
2023-04-18,1071,113,71,50,39,42,11
2023-04-19,1071,144,75,100,38,69,62
2023-04-20,1071,144,74,61,42,70,19
2023-04-21,1071,104,80,100,38,24,62
2023-04-22,1071,146,82,69,38,64,31
2023-04-23,1071,117,85,76,36,32,40
2023-04-24,1071,143,83,84,34,60,50
2023-04-25,1071,119,85,70,46,34,24
2023-04-26,1071,128,95,53,39,33,14
2023-04-27,1071,118,96,81,50,22,31
2023-04-28,1071,122,82,98,36,40,62
2023-04-29,1071,146,70,60,38,76,22
2023-04-30,1071,145,82,95,51,63,44
2023-05-01,1071,144,73,82,41,71,41
2023-05-02,1071,105,93,55,43,12,12
2023-05-03,1071,140,92,85,38,48,47
2023-05-04,1071,123,87,58,45,36,13
2023-05-05,1071,144,74,97,45,70,52
2023-05-06,1071,107,102,89,43,5,46
2023-05-07,1071,147,97,67,32,50,35
2023-05-08,1071,150,72,98,36,78,62
2023-05-09,1071,124,84,70,40,40,30
2023-05-10,1071,136,73,62,30,63,32
2023-05-11,1071,102,65,83,44,37,39
2023-05-12,1071,150,84,68,44,66,24
2023-05-13,1071,143,80,79,39,63,40
2023-05-14,1071,119,81,69,40,38,29
2023-05-15,1071,104,73,59,40,31,19
2023-05-16,1071,114,76,70,45,38,25
2023-05-17,1071,110,75,92,47,35,45
2023-05-18,1071,115,75,77,45,40,32
2023-05-19,1071,108,68,91,26,40,65
2023-05-20,1071,137,81,51,40,56,11
2023-05-21,1071,110,97,74,30,13,44
2023-05-22,1071,121,77,91,34,44,57
2023-05-23,1071,120,64,86,45,56,41
2023-05-24,1071,106,85,90,45,21,45
2023-05-25,1071,142,75,94,32,67,62
2023-05-26,1071,105,87,72,48,18,24
2023-05-27,1071,131,77,61,31,54,30
2023-05-28,1071,139,66,68,46,73,22
2023-05-29,1071,116,74,58,40,42,18
2023-05-30,1071,104,85,99,41,19,58
2023-05-31,1071,149,78,55,53,71,2
2023-06-01,1071,110,81,78,47,29,31
2023-06-02,1071,142,70,76,44,72,32
2023-06-03,1071,126,68,74,39,58,35
2023-06-04,1071,118,96,53,36,22,17
2023-06-05,1071,111,73,76,37,38,39
2023-06-06,1071,122,77,57,33,45,24
2023-06-07,1071,104,74,54,39,30,15
2023-06-08,1071,122,94,58,45,28,13
2023-06-09,1071,110,77,58,47,33,11
2023-06-10,1071,101,86,90,43,15,47
2023-06-11,1071,116,81,55,48,35,7
2023-06-12,1071,128,70,98,39,58,59
2023-06-13,1071,118,72,58,47,46,11
2023-06-14,1071,113,78,83,19,35,64
2023-06-15,1071,101,85,76,43,16,33
2023-06-16,1071,113,86,67,37,27,30
2023-06-17,1071,118,77,68,37,41,31
2023-06-18,1071,132,68,71,61,64,10
2023-06-19,1071,122,76,94,47,46,47
2023-06-20,1071,144,84,58,40,60,18
2023-06-21,1071,111,73,92,42,38,50
2023-06-22,1071,129,87,65,37,42,28
2023-06-23,1071,116,95,73,45,21,28
2023-06-24,1071,118,91,74,46,27,28
2023-06-25,1071,113,83,54,52,30,2
2023-06-26,1071,130,75,58,49,55,9
2023-06-27,1071,127,84,60,35,43,25
2023-06-28,1071,119,81,97,44,38,53
2023-06-29,1071,126,75,63,34,51,29
2023-06-30,1071,103,78,64,37,25,27
2023-07-01,1071,109,89,51,43,20,8
2023-07-02,1071,139,90,68,38,49,30
2023-07-03,1071,111,76,65,46,35,19
2023-07-04,1071,140,87,81,49,53,32
2023-07-05,1071,142,72,71,39,70,32
2023-07-06,1071,116,68,90,33,48,57
2023-07-07,1071,116,95,51,32,21,19
2023-07-08,1071,131,90,63,50,41,13
2023-07-09,1071,113,77,89,43,36,46
2023-07-10,1071,146,77,81,49,69,32
2023-07-11,1071,148,79,81,38,69,43
2023-07-12,1071,150,77,77,46,73,31
2023-07-13,1071,132,89,62,41,43,21
2023-07-14,1071,129,75,72,41,54,31
2023-07-15,1071,140,90,87,35,50,52
2023-07-16,1071,104,64,71,33,40,38
2023-07-17,1071,130,93,63,44,37,19
2023-07-18,1071,123,85,57,43,38,14
2023-07-19,1071,139,75,73,45,64,28
2023-07-20,1071,134,81,70,52,53,18
2023-07-21,1071,105,67,67,39,38,28
2023-07-22,1071,137,73,76,37,64,39
2023-07-23,1071,127,81,81,48,46,33
2023-07-24,1071,130,82,60,45,48,15
2023-07-25,1071,148,83,52,35,65,17
2023-07-26,1071,106,88,53,28,18,25
2023-07-27,1071,136,94,65,48,42,17
2023-07-28,1071,137,68,73,51,69,22
2023-07-29,1071,110,81,57,48,29,9
2023-07-30,1071,143,75,62,38,68,24
2023-07-31,1071,121,82,50,39,39,11
2023-08-01,1071,147,72,55,25,75,30
2023-08-02,1071,116,81,50,32,35,18
2023-08-03,1071,123,90,99,34,33,65
2023-08-04,1071,116,77,100,45,39,55
2023-08-05,1071,145,83,82,51,62,31
2023-08-06,1071,119,75,58,45,44,13
2023-08-07,1071,103,86,64,36,17,28
2023-08-08,1071,149,92,89,42,57,47
2023-08-09,1071,133,83,61,45,50,16
2023-08-10,1071,101,76,79,40,25,39
2023-08-11,1071,102,63,84,36,39,48
2023-08-12,1071,119,84,93,36,35,57
2023-08-13,1071,115,64,69,36,51,33
2023-08-14,1071,150,66,83,40,84,43
2023-08-15,1071,144,77,86,48,67,38
2023-08-16,1071,134,67,53,42,67,11
2023-08-17,1071,137,62,66,49,75,17
2023-08-18,1071,146,84,63,36,62,27
2023-08-19,1071,140,69,94,38,71,56
2023-08-20,1071,112,66,94,30,46,64
2023-08-21,1071,128,69,55,47,59,8
2023-08-22,1071,118,67,71,36,51,35
2023-08-23,1071,131,83,80,36,48,44
2023-08-24,1071,150,78,73,50,72,23
2023-08-25,1071,113,73,95,42,40,53
2023-08-26,1071,121,87,54,36,34,18
2023-08-27,1071,148,64,84,49,84,35
2023-08-28,1071,133,81,72,31,52,41
2023-08-29,1071,130,80,50,43,50,7
2023-08-30,1071,104,82,87,43,22,44
2023-08-31,1071,102,91,51,41,11,10
2023-09-01,1071,147,61,51,38,86,13
2023-09-02,1071,136,77,91,41,59,50
2023-09-03,1071,105,87,80,39,18,41
2023-09-04,1071,137,69,93,44,68,49
2023-09-05,1071,131,80,57,36,51,21
2023-09-06,1071,107,72,69,32,35,37
2023-09-07,1071,117,76,61,44,41,17
2023-09-08,1071,126,94,53,29,32,24
2023-09-09,1071,126,81,59,38,45,21
2023-09-10,1071,118,80,50,35,38,15
2023-09-11,1071,101,84,98,54,17,44
2023-09-12,1071,142,91,65,42,51,23
2023-09-13,1071,106,79,79,39,27,40
2023-09-14,1071,129,91,63,37,38,26
2023-09-15,1071,131,84,72,43,47,29
2023-09-16,1071,132,98,77,32,34,45
2023-09-17,1071,147,98,76,45,49,31
2023-09-18,1071,105,71,68,36,34,32
2023-09-19,1071,140,85,60,47,55,13
2023-09-20,1071,134,90,69,28,44,41
2023-09-21,1071,143,71,77,39,72,38
2023-09-22,1071,120,69,83,39,51,44
2023-09-23,1071,131,80,66,39,51,27
2023-09-24,1071,119,105,91,50,14,41
2023-09-25,1071,102,90,51,47,12,4
2023-09-26,1071,132,65,57,40,67,17
2023-09-27,1071,119,104,89,30,15,59
2023-09-28,1071,137,88,54,35,49,19
2023-09-29,1071,118,85,78,37,33,41
2023-09-30,1071,104,74,56,36,30,20
2023-10-01,1071,143,90,53,40,53,13
2023-10-02,1071,117,72,58,47,45,11
2023-10-03,1071,131,68,59,47,63,12
2023-10-04,1071,119,78,90,35,41,55
2023-10-05,1071,114,70,80,41,44,39
2023-10-06,1071,143,84,57,30,59,27
2023-10-07,1071,100,91,54,38,9,16
2023-10-08,1071,132,71,66,30,61,36
2023-10-09,1071,122,59,76,40,63,36
2023-10-10,1071,109,80,61,37,29,24
2023-10-11,1071,117,90,58,57,27,1
2023-10-12,1071,102,75,56,38,27,18
2023-10-13,1071,115,63,94,30,52,64
2023-10-14,1071,101,88,52,27,13,25
2023-10-15,1071,108,81,97,40,27,57
2023-10-16,1071,109,70,50,41,39,9
2023-10-17,1071,140,72,52,51,68,1
2023-10-18,1071,141,79,83,47,62,36
2023-10-19,1071,105,85,96,43,20,53
2023-10-20,1071,133,93,70,33,40,37
2023-10-21,1071,109,72,86,35,37,51
2023-10-22,1071,106,83,60,47,23,13
2023-10-23,1071,124,74,54,45,50,9
2023-10-24,1071,143,90,57,36,53,21
2023-10-25,1071,146,74,50,34,72,16
2023-10-26,1071,115,68,71,51,47,20
2023-10-27,1071,114,87,66,45,27,21
2023-10-28,1071,125,88,65,41,37,24
2023-10-29,1071,112,66,52,44,46,8
2023-10-30,1071,120,79,84,43,41,41
2023-10-31,1071,124,80,97,53,44,44
2023-11-01,1071,118,101,56,31,17,25
2023-11-02,1071,114,67,69,49,47,20
2023-11-03,1071,118,89,81,40,29,41
2023-11-04,1071,126,76,64,41,50,23
2023-11-05,1071,125,71,80,41,54,39
2023-11-06,1071,105,88,85,38,17,47
2023-11-07,1071,146,65,86,32,81,54
2023-11-08,1071,143,78,100,42,65,58
2023-11-09,1071,149,95,86,37,54,49
2023-11-10,1071,117,80,95,43,37,52
2023-11-11,1071,126,57,94,51,69,43
2023-11-12,1071,115,87,78,39,28,39
2023-11-13,1071,116,94,100,40,22,60
2023-11-14,1071,131,74,68,33,57,35
2023-11-15,1071,144,72,100,40,72,60
2023-11-16,1071,131,75,79,40,56,39
2023-11-17,1071,122,66,66,27,56,39
2023-11-18,1071,129,80,74,36,49,38
2023-11-19,1071,125,84,82,39,41,43
2023-11-20,1071,123,74,98,38,49,60
2023-11-21,1071,136,75,100,58,61,42
2023-11-22,1071,107,82,78,43,25,35
2023-11-23,1071,123,61,87,31,62,56
2023-11-24,1071,135,74,72,32,61,40
2023-11-25,1071,149,75,59,45,74,14
2023-11-26,1071,137,85,65,34,52,31
2023-11-27,1071,147,104,76,39,43,37
2023-11-28,1071,120,92,87,38,28,49
2023-11-29,1071,106,77,83,45,29,38
2023-11-30,1071,138,69,75,42,69,33
2023-12-01,1071,112,90,59,47,22,12
2023-12-02,1071,114,85,69,52,29,17
2023-12-03,1071,150,90,78,35,60,43
2023-12-04,1071,103,69,72,43,34,29
2023-12-05,1071,148,71,93,41,77,52
2023-12-06,1071,104,76,90,36,28,54
2023-12-07,1071,127,75,88,39,52,49
2023-12-08,1071,104,71,75,41,33,34
2023-12-09,1071,121,67,98,53,54,45
2023-12-10,1071,136,68,64,43,68,21
2023-12-11,1071,117,85,60,33,32,27
2023-12-12,1071,114,73,69,49,41,20
2023-12-13,1071,140,76,57,34,64,23
2023-12-14,1071,101,90,72,34,11,38
2023-12-15,1071,118,70,97,48,48,49
2023-12-16,1071,130,80,73,46,50,27
2023-12-17,1071,136,99,76,43,37,33
2023-12-18,1071,129,81,60,39,48,21
2023-12-19,1071,108,85,51,44,23,7
2023-12-20,1071,121,85,90,54,36,36
2023-12-21,1071,111,68,61,42,43,19
2023-12-22,1071,108,86,75,45,22,30
2023-12-23,1071,140,84,96,44,56,52
2023-12-24,1071,129,75,55,39,54,16
2023-12-25,1071,142,82,61,51,60,10
2023-12-26,1071,116,87,75,30,29,45
2023-12-27,1071,144,85,66,48,59,18
2023-12-28,1071,113,71,100,38,42,62
2023-12-29,1071,114,76,70,39,38,31
2023-12-30,1071,128,81,84,56,47,28
2023-12-31,1071,110,58,88,50,52,38
2023-01-01,1072,102,76,50,36,26,14
2023-01-02,1072,143,81,52,37,62,15
2023-01-03,1072,133,78,66,43,55,23
2023-01-04,1072,106,87,59,46,19,13
2023-01-05,1072,110,65,60,31,45,29
2023-01-06,1072,149,87,79,36,62,43
2023-01-07,1072,121,69,56,32,52,24
2023-01-08,1072,112,78,92,45,34,47
2023-01-09,1072,114,82,75,40,32,35
2023-01-10,1072,111,86,87,41,25,46
2023-01-11,1072,109,93,60,41,16,19
2023-01-12,1072,143,101,67,41,42,26
2023-01-13,1072,104,83,77,41,21,36
2023-01-14,1072,135,81,65,46,54,19
2023-01-15,1072,131,83,79,36,48,43
2023-01-16,1072,133,70,86,39,63,47
2023-01-17,1072,116,92,95,34,24,61
2023-01-18,1072,121,83,66,38,38,28
2023-01-19,1072,148,81,63,37,67,26
2023-01-20,1072,139,70,58,38,69,20
2023-01-21,1072,124,70,66,38,54,28
2023-01-22,1072,142,75,100,49,67,51
2023-01-23,1072,129,64,88,51,65,37
2023-01-24,1072,129,76,97,41,53,56
2023-01-25,1072,148,70,55,36,78,19
2023-01-26,1072,143,79,70,33,64,37
2023-01-27,1072,139,89,52,39,50,13
2023-01-28,1072,136,89,76,42,47,34
2023-01-29,1072,148,90,98,47,58,51
2023-01-30,1072,144,85,50,49,59,1
2023-01-31,1072,143,77,67,39,66,28
2023-02-01,1072,127,89,96,42,38,54
2023-02-02,1072,125,89,95,40,36,55
2023-02-03,1072,141,101,67,36,40,31
2023-02-04,1072,130,80,66,46,50,20
2023-02-05,1072,117,84,99,37,33,62
2023-02-06,1072,148,72,79,49,76,30
2023-02-07,1072,142,74,83,35,68,48
2023-02-08,1072,103,82,76,38,21,38
2023-02-09,1072,119,73,79,30,46,49
2023-02-10,1072,111,88,73,39,23,34
2023-02-11,1072,105,79,95,43,26,52
2023-02-12,1072,101,74,97,45,27,52
2023-02-13,1072,115,76,54,42,39,12
2023-02-14,1072,117,65,98,42,52,56
2023-02-15,1072,143,78,77,40,65,37
2023-02-16,1072,123,75,52,38,48,14
2023-02-17,1072,124,88,78,42,36,36
2023-02-18,1072,105,81,59,38,24,21
2023-02-19,1072,136,74,54,55,62,-1
2023-02-20,1072,110,84,53,46,26,7
2023-02-21,1072,140,84,72,33,56,39
2023-02-22,1072,123,66,88,45,57,43
2023-02-23,1072,116,89,76,41,27,35
2023-02-24,1072,132,76,75,50,56,25
2023-02-25,1072,138,79,93,40,59,53
2023-02-26,1072,105,87,68,43,18,25
2023-02-27,1072,121,76,63,38,45,25
2023-02-28,1072,139,94,95,31,45,64
2023-03-01,1072,121,70,53,42,51,11
2023-03-02,1072,124,63,86,47,61,39
2023-03-03,1072,108,77,80,43,31,37
2023-03-04,1072,120,89,70,50,31,20
2023-03-05,1072,115,89,58,38,26,20
2023-03-06,1072,139,78,75,37,61,38
2023-03-07,1072,100,72,69,34,28,35
2023-03-08,1072,144,80,57,37,64,20
2023-03-09,1072,103,93,62,30,10,32
2023-03-10,1072,125,86,95,41,39,54
2023-03-11,1072,106,66,55,29,40,26
2023-03-12,1072,133,77,70,41,56,29
2023-03-13,1072,135,68,74,39,67,35
2023-03-14,1072,132,75,96,37,57,59
2023-03-15,1072,125,98,96,35,27,61
2023-03-16,1072,132,85,77,36,47,41
2023-03-17,1072,149,89,89,44,60,45
2023-03-18,1072,120,87,58,52,33,6
2023-03-19,1072,143,89,99,37,54,62
2023-03-20,1072,117,70,95,43,47,52
2023-03-21,1072,148,87,84,40,61,44
2023-03-22,1072,135,86,91,42,49,49
2023-03-23,1072,133,89,81,41,44,40
2023-03-24,1072,113,78,75,40,35,35
2023-03-25,1072,116,86,88,34,30,54
2023-03-26,1072,124,77,58,57,47,1
2023-03-27,1072,143,79,82,40,64,42
2023-03-28,1072,133,74,53,37,59,16
2023-03-29,1072,139,94,57,38,45,19
2023-03-30,1072,136,77,90,38,59,52
2023-03-31,1072,115,83,51,44,32,7
2023-04-01,1072,114,100,79,46,14,33
2023-04-02,1072,121,91,92,48,30,44
2023-04-03,1072,128,79,50,40,49,10
2023-04-04,1072,116,69,67,37,47,30
2023-04-05,1072,131,92,69,41,39,28
2023-04-06,1072,150,68,72,37,82,35
2023-04-07,1072,145,81,94,32,64,62
2023-04-08,1072,130,81,78,49,49,29
2023-04-09,1072,112,84,55,44,28,11
2023-04-10,1072,111,85,72,49,26,23
2023-04-11,1072,107,82,71,35,25,36
2023-04-12,1072,127,88,80,45,39,35
2023-04-13,1072,127,85,74,51,42,23
2023-04-14,1072,137,71,85,37,66,48
2023-04-15,1072,120,77,80,44,43,36
2023-04-16,1072,147,76,77,49,71,28
2023-04-17,1072,145,70,68,35,75,33
2023-04-18,1072,150,86,64,38,64,26
2023-04-19,1072,142,75,79,42,67,37
2023-04-20,1072,109,69,93,40,40,53
2023-04-21,1072,132,73,61,39,59,22
2023-04-22,1072,114,83,85,29,31,56
2023-04-23,1072,109,71,100,33,38,67
2023-04-24,1072,123,84,85,38,39,47
2023-04-25,1072,143,89,53,38,54,15
2023-04-26,1072,149,60,80,43,89,37
2023-04-27,1072,131,83,79,44,48,35
2023-04-28,1072,139,70,98,40,69,58
2023-04-29,1072,138,85,63,50,53,13
2023-04-30,1072,114,65,86,42,49,44
2023-05-01,1072,116,67,87,42,49,45
2023-05-02,1072,139,94,100,41,45,59
2023-05-03,1072,138,93,97,31,45,66
2023-05-04,1072,107,90,90,33,17,57
2023-05-05,1072,136,65,64,46,71,18
2023-05-06,1072,148,80,58,52,68,6
2023-05-07,1072,144,101,95,28,43,67
2023-05-08,1072,119,74,51,44,45,7
2023-05-09,1072,144,90,82,40,54,42
2023-05-10,1072,138,80,83,40,58,43
2023-05-11,1072,112,83,81,33,29,48
2023-05-12,1072,115,57,67,39,58,28
2023-05-13,1072,114,82,81,40,32,41
2023-05-14,1072,113,83,51,36,30,15
2023-05-15,1072,122,75,74,38,47,36
2023-05-16,1072,123,73,63,41,50,22
2023-05-17,1072,114,81,88,40,33,48
2023-05-18,1072,108,79,98,30,29,68
2023-05-19,1072,149,83,70,31,66,39
2023-05-20,1072,149,64,53,41,85,12
2023-05-21,1072,109,68,98,34,41,64
2023-05-22,1072,121,93,53,35,28,18
2023-05-23,1072,116,77,50,43,39,7
2023-05-24,1072,110,78,52,40,32,12
2023-05-25,1072,132,93,93,44,39,49
2023-05-26,1072,134,82,92,45,52,47
2023-05-27,1072,140,74,80,38,66,42
2023-05-28,1072,122,89,79,36,33,43
2023-05-29,1072,144,92,63,37,52,26
2023-05-30,1072,135,67,70,50,68,20
2023-05-31,1072,137,93,70,33,44,37
2023-06-01,1072,141,87,65,29,54,36
2023-06-02,1072,120,83,53,42,37,11
2023-06-03,1072,140,83,58,42,57,16
2023-06-04,1072,139,80,58,49,59,9
2023-06-05,1072,146,87,65,40,59,25
2023-06-06,1072,144,93,55,43,51,12
2023-06-07,1072,108,82,83,41,26,42
2023-06-08,1072,119,91,57,39,28,18
2023-06-09,1072,138,78,97,30,60,67
2023-06-10,1072,109,85,92,45,24,47
2023-06-11,1072,128,85,75,40,43,35
2023-06-12,1072,114,76,94,36,38,58
2023-06-13,1072,128,76,80,39,52,41
2023-06-14,1072,127,88,57,42,39,15
2023-06-15,1072,126,64,76,36,62,40
2023-06-16,1072,121,94,50,42,27,8
2023-06-17,1072,130,95,64,45,35,19
2023-06-18,1072,104,82,84,29,22,55
2023-06-19,1072,148,88,92,37,60,55
2023-06-20,1072,124,81,56,52,43,4
2023-06-21,1072,117,68,61,42,49,19
2023-06-22,1072,100,74,91,43,26,48
2023-06-23,1072,132,88,62,36,44,26
2023-06-24,1072,105,74,73,51,31,22
2023-06-25,1072,124,73,83,30,51,53
2023-06-26,1072,129,91,78,48,38,30
2023-06-27,1072,132,81,53,32,51,21
2023-06-28,1072,111,72,75,41,39,34
2023-06-29,1072,123,82,65,39,41,26
2023-06-30,1072,110,85,88,43,25,45
2023-07-01,1072,120,82,83,44,38,39
2023-07-02,1072,141,75,83,38,66,45
2023-07-03,1072,125,88,85,40,37,45
2023-07-04,1072,115,90,98,42,25,56
2023-07-05,1072,102,77,74,34,25,40
2023-07-06,1072,119,83,87,38,36,49
2023-07-07,1072,138,67,80,43,71,37
2023-07-08,1072,107,73,54,46,34,8
2023-07-09,1072,133,82,61,41,51,20
2023-07-10,1072,111,79,61,48,32,13
2023-07-11,1072,148,60,90,47,88,43
2023-07-12,1072,111,78,79,37,33,42
2023-07-13,1072,127,86,69,40,41,29
2023-07-14,1072,102,89,99,44,13,55
2023-07-15,1072,137,70,71,40,67,31
2023-07-16,1072,107,75,74,29,32,45
2023-07-17,1072,123,76,62,35,47,27
2023-07-18,1072,132,68,90,35,64,55
2023-07-19,1072,110,82,50,39,28,11
2023-07-20,1072,101,80,66,40,21,26
2023-07-21,1072,111,97,63,52,14,11
2023-07-22,1072,119,93,87,32,26,55
2023-07-23,1072,102,71,72,29,31,43
2023-07-24,1072,100,77,76,33,23,43
2023-07-25,1072,138,83,79,44,55,35
2023-07-26,1072,129,92,98,29,37,69
2023-07-27,1072,135,88,56,36,47,20
2023-07-28,1072,100,73,99,35,27,64
2023-07-29,1072,141,88,59,42,53,17
2023-07-30,1072,145,80,71,30,65,41
2023-07-31,1072,127,77,95,35,50,60
2023-08-01,1072,149,72,67,49,77,18
2023-08-02,1072,120,96,100,31,24,69
2023-08-03,1072,132,86,80,41,46,39
2023-08-04,1072,148,86,77,45,62,32
2023-08-05,1072,135,86,50,44,49,6
2023-08-06,1072,111,86,74,45,25,29
2023-08-07,1072,116,94,89,36,22,53
2023-08-08,1072,135,85,63,27,50,36
2023-08-09,1072,115,80,56,38,35,18
2023-08-10,1072,144,89,91,35,55,56
2023-08-11,1072,114,92,99,36,22,63
2023-08-12,1072,116,64,59,50,52,9
2023-08-13,1072,114,75,98,39,39,59
2023-08-14,1072,109,92,96,39,17,57
2023-08-15,1072,135,80,91,42,55,49
2023-08-16,1072,139,88,76,40,51,36
2023-08-17,1072,102,88,69,44,14,25
2023-08-18,1072,133,83,91,36,50,55
2023-08-19,1072,103,71,99,26,32,73
2023-08-20,1072,123,99,89,40,24,49
2023-08-21,1072,137,79,62,31,58,31
2023-08-22,1072,150,86,61,37,64,24
2023-08-23,1072,137,86,81,42,51,39
2023-08-24,1072,113,76,73,51,37,22
2023-08-25,1072,111,62,89,38,49,51
2023-08-26,1072,100,91,99,36,9,63
2023-08-27,1072,142,81,68,38,61,30
2023-08-28,1072,104,94,61,41,10,20
2023-08-29,1072,143,61,93,51,82,42
2023-08-30,1072,142,90,80,35,52,45
2023-08-31,1072,103,85,52,34,18,18
2023-09-01,1072,115,75,60,36,40,24
2023-09-02,1072,139,83,52,53,56,-1
2023-09-03,1072,150,81,76,43,69,33
2023-09-04,1072,117,78,65,37,39,28
2023-09-05,1072,125,80,92,40,45,52
2023-09-06,1072,117,84,74,46,33,28
2023-09-07,1072,125,73,100,37,52,63
2023-09-08,1072,123,84,53,55,39,-2
2023-09-09,1072,101,111,71,39,-10,32
2023-09-10,1072,102,82,78,37,20,41
2023-09-11,1072,105,70,52,45,35,7
2023-09-12,1072,117,84,73,36,33,37
2023-09-13,1072,135,74,78,36,61,42
2023-09-14,1072,103,74,79,49,29,30
2023-09-15,1072,139,70,91,43,69,48
2023-09-16,1072,115,77,79,47,38,32
2023-09-17,1072,104,85,66,34,19,32
2023-09-18,1072,136,78,89,47,58,42
2023-09-19,1072,104,71,66,44,33,22
2023-09-20,1072,106,82,53,38,24,15
2023-09-21,1072,124,95,62,32,29,30
2023-09-22,1072,131,80,62,39,51,23
2023-09-23,1072,104,71,95,36,33,59
2023-09-24,1072,138,80,85,41,58,44
2023-09-25,1072,142,74,52,33,68,19
2023-09-26,1072,125,97,96,30,28,66
2023-09-27,1072,103,67,71,43,36,28
2023-09-28,1072,146,78,69,35,68,34
2023-09-29,1072,117,85,81,48,32,33
2023-09-30,1072,149,78,93,42,71,51
2023-10-01,1072,131,82,80,41,49,39
2023-10-02,1072,118,85,64,25,33,39
2023-10-03,1072,130,74,53,28,56,25
2023-10-04,1072,127,75,84,46,52,38
2023-10-05,1072,103,82,58,34,21,24
2023-10-06,1072,133,68,92,31,65,61
2023-10-07,1072,138,86,50,40,52,10
2023-10-08,1072,141,84,96,40,57,56
2023-10-09,1072,148,91,63,35,57,28
2023-10-10,1072,122,80,65,31,42,34
2023-10-11,1072,104,66,67,41,38,26
2023-10-12,1072,106,77,52,44,29,8
2023-10-13,1072,143,86,83,41,57,42
2023-10-14,1072,105,71,66,36,34,30
2023-10-15,1072,100,84,83,46,16,37
2023-10-16,1072,143,80,86,45,63,41
2023-10-17,1072,103,86,74,45,17,29
2023-10-18,1072,129,71,50,35,58,15
2023-10-19,1072,136,83,88,43,53,45
2023-10-20,1072,130,72,52,38,58,14
2023-10-21,1072,102,79,100,36,23,64
2023-10-22,1072,144,91,68,40,53,28
2023-10-23,1072,111,90,99,43,21,56
2023-10-24,1072,135,83,89,38,52,51
2023-10-25,1072,142,83,77,40,59,37
2023-10-26,1072,141,77,51,38,64,13
2023-10-27,1072,141,69,78,27,72,51
2023-10-28,1072,107,70,84,38,37,46
2023-10-29,1072,147,66,89,33,81,56
2023-10-30,1072,111,95,79,33,16,46
2023-10-31,1072,134,90,53,43,44,10
2023-11-01,1072,133,70,93,42,63,51
2023-11-02,1072,102,72,69,43,30,26
2023-11-03,1072,142,78,56,36,64,20
2023-11-04,1072,150,64,97,52,86,45
2023-11-05,1072,122,79,63,31,43,32
2023-11-06,1072,118,77,73,36,41,37
2023-11-07,1072,129,63,80,34,66,46
2023-11-08,1072,107,75,64,39,32,25
2023-11-09,1072,130,85,72,40,45,32
2023-11-10,1072,141,87,92,29,54,63
2023-11-11,1072,101,58,83,44,43,39
2023-11-12,1072,127,86,69,44,41,25
2023-11-13,1072,132,83,91,50,49,41
2023-11-14,1072,122,78,81,38,44,43
2023-11-15,1072,137,87,100,38,50,62
2023-11-16,1072,107,93,54,46,14,8
2023-11-17,1072,129,86,79,37,43,42
2023-11-18,1072,149,85,64,52,64,12
2023-11-19,1072,116,75,62,27,41,35
2023-11-20,1072,126,93,71,35,33,36
2023-11-21,1072,118,63,82,50,55,32
2023-11-22,1072,139,77,78,46,62,32
2023-11-23,1072,108,91,62,34,17,28
2023-11-24,1072,107,77,66,45,30,21
2023-11-25,1072,141,94,80,38,47,42
2023-11-26,1072,110,63,80,40,47,40
2023-11-27,1072,120,79,65,47,41,18
2023-11-28,1072,122,89,76,33,33,43
2023-11-29,1072,101,80,70,46,21,24
2023-11-30,1072,119,89,89,37,30,52
2023-12-01,1072,147,76,90,35,71,55
2023-12-02,1072,119,88,94,47,31,47
2023-12-03,1072,121,97,55,41,24,14
2023-12-04,1072,134,78,70,36,56,34
2023-12-05,1072,131,94,54,42,37,12
2023-12-06,1072,147,85,98,40,62,58
2023-12-07,1072,114,82,86,35,32,51
2023-12-08,1072,140,80,96,41,60,55
2023-12-09,1072,131,75,73,38,56,35
2023-12-10,1072,112,60,87,36,52,51
2023-12-11,1072,107,82,65,36,25,29
2023-12-12,1072,138,84,92,47,54,45
2023-12-13,1072,127,78,83,38,49,45
2023-12-14,1072,139,97,99,40,42,59
2023-12-15,1072,120,85,91,47,35,44
2023-12-16,1072,134,75,91,34,59,57
2023-12-17,1072,137,80,57,40,57,17
2023-12-18,1072,104,78,58,36,26,22
2023-12-19,1072,149,81,55,40,68,15
2023-12-20,1072,129,82,76,39,47,37
2023-12-21,1072,114,79,64,31,35,33
2023-12-22,1072,125,78,95,42,47,53
2023-12-23,1072,149,64,61,34,85,27
2023-12-24,1072,112,79,65,44,33,21
2023-12-25,1072,117,79,94,52,38,42
2023-12-26,1072,131,78,90,35,53,55
2023-12-27,1072,109,74,86,35,35,51
2023-12-28,1072,108,73,55,29,35,26
2023-12-29,1072,149,93,84,52,56,32
2023-12-30,1072,128,90,73,36,38,37
2023-12-31,1072,105,71,67,30,34,37
2023-01-01,1073,106,86,56,35,20,21
2023-01-02,1073,104,75,99,39,29,60
2023-01-03,1073,107,73,55,45,34,10
2023-01-04,1073,109,85,85,43,24,42
2023-01-05,1073,128,81,67,42,47,25
2023-01-06,1073,118,87,76,39,31,37
2023-01-07,1073,123,79,95,28,44,67
2023-01-08,1073,118,69,52,40,49,12
2023-01-09,1073,146,78,100,41,68,59
2023-01-10,1073,112,84,75,35,28,40
2023-01-11,1073,102,88,75,43,14,32
2023-01-12,1073,129,68,67,35,61,32
2023-01-13,1073,106,82,60,33,24,27
2023-01-14,1073,132,86,72,51,46,21
2023-01-15,1073,101,82,90,36,19,54
2023-01-16,1073,143,97,87,47,46,40
2023-01-17,1073,146,86,64,34,60,30
2023-01-18,1073,123,90,60,46,33,14
2023-01-19,1073,137,80,58,46,57,12
2023-01-20,1073,144,77,72,34,67,38
2023-01-21,1073,124,78,76,28,46,48
2023-01-22,1073,140,77,81,49,63,32
2023-01-23,1073,128,86,51,39,42,12
2023-01-24,1073,103,92,77,51,11,26
2023-01-25,1073,105,83,53,45,22,8
2023-01-26,1073,143,81,88,47,62,41
2023-01-27,1073,117,71,65,42,46,23
2023-01-28,1073,110,99,69,33,11,36
2023-01-29,1073,106,84,97,43,22,54
2023-01-30,1073,125,85,53,30,40,23
2023-01-31,1073,133,90,82,32,43,50
2023-02-01,1073,118,82,86,30,36,56
2023-02-02,1073,132,89,52,38,43,14
2023-02-03,1073,141,94,53,43,47,10
2023-02-04,1073,126,82,88,42,44,46
2023-02-05,1073,135,64,77,41,71,36
2023-02-06,1073,145,92,77,33,53,44
2023-02-07,1073,128,87,91,40,41,51
2023-02-08,1073,140,74,84,39,66,45
2023-02-09,1073,108,84,100,39,24,61
2023-02-10,1073,138,87,100,37,51,63
2023-02-11,1073,138,81,51,49,57,2
2023-02-12,1073,139,93,57,47,46,10
2023-02-13,1073,125,81,87,40,44,47
2023-02-14,1073,116,76,59,42,40,17
2023-02-15,1073,126,85,79,31,41,48
2023-02-16,1073,145,70,68,43,75,25
2023-02-17,1073,139,84,82,41,55,41
2023-02-18,1073,113,84,68,46,29,22
2023-02-19,1073,127,68,59,44,59,15
2023-02-20,1073,116,84,73,40,32,33
2023-02-21,1073,127,67,100,45,60,55
2023-02-22,1073,145,73,89,44,72,45
2023-02-23,1073,144,65,60,25,79,35
2023-02-24,1073,108,65,80,40,43,40
2023-02-25,1073,150,63,95,46,87,49
2023-02-26,1073,103,83,87,46,20,41
2023-02-27,1073,103,91,85,32,12,53
2023-02-28,1073,150,102,88,33,48,55
2023-03-01,1073,101,81,73,40,20,33
2023-03-02,1073,140,80,60,47,60,13
2023-03-03,1073,107,98,67,41,9,26
2023-03-04,1073,102,71,96,43,31,53
2023-03-05,1073,117,79,75,44,38,31
2023-03-06,1073,100,85,52,29,15,23
2023-03-07,1073,134,101,67,50,33,17
2023-03-08,1073,134,76,94,44,58,50
2023-03-09,1073,102,86,80,35,16,45
2023-03-10,1073,123,80,98,51,43,47
2023-03-11,1073,112,72,50,33,40,17
2023-03-12,1073,102,71,66,40,31,26
2023-03-13,1073,106,79,56,33,27,23
2023-03-14,1073,143,74,56,41,69,15
2023-03-15,1073,136,78,53,40,58,13
2023-03-16,1073,104,75,80,50,29,30
2023-03-17,1073,146,81,93,46,65,47
2023-03-18,1073,148,68,99,41,80,58
2023-03-19,1073,102,86,66,52,16,14
2023-03-20,1073,147,80,56,43,67,13
2023-03-21,1073,108,86,97,45,22,52
2023-03-22,1073,150,67,62,39,83,23
2023-03-23,1073,127,64,96,44,63,52
2023-03-24,1073,121,73,82,32,48,50
2023-03-25,1073,103,86,66,43,17,23
2023-03-26,1073,143,74,62,53,69,9
2023-03-27,1073,145,70,81,49,75,32
2023-03-28,1073,145,77,79,49,68,30
2023-03-29,1073,149,92,80,40,57,40
2023-03-30,1073,100,98,84,35,2,49
2023-03-31,1073,131,67,68,52,64,16
2023-04-01,1073,135,61,99,40,74,59
2023-04-02,1073,112,74,77,35,38,42
2023-04-03,1073,102,73,59,34,29,25
2023-04-04,1073,116,84,50,34,32,16
2023-04-05,1073,114,76,60,42,38,18
2023-04-06,1073,105,82,69,42,23,27
2023-04-07,1073,143,77,96,45,66,51
2023-04-08,1073,104,88,57,39,16,18
2023-04-09,1073,100,95,68,35,5,33
2023-04-10,1073,113,75,60,52,38,8
2023-04-11,1073,136,77,82,38,59,44
2023-04-12,1073,142,79,94,39,63,55
2023-04-13,1073,118,74,96,35,44,61
2023-04-14,1073,138,90,87,30,48,57
2023-04-15,1073,130,64,93,38,66,55
2023-04-16,1073,119,81,96,35,38,61
2023-04-17,1073,102,80,73,39,22,34
2023-04-18,1073,106,88,88,37,18,51
2023-04-19,1073,137,80,76,40,57,36
2023-04-20,1073,135,81,88,42,54,46
2023-04-21,1073,137,78,67,40,59,27
2023-04-22,1073,140,86,71,41,54,30
2023-04-23,1073,115,88,99,52,27,47
2023-04-24,1073,121,73,77,43,48,34
2023-04-25,1073,131,79,87,40,52,47
2023-04-26,1073,102,99,85,34,3,51
2023-04-27,1073,142,74,94,35,68,59
2023-04-28,1073,138,82,50,48,56,2
2023-04-29,1073,140,78,96,42,62,54
2023-04-30,1073,122,75,55,41,47,14
2023-05-01,1073,147,80,96,45,67,51
2023-05-02,1073,138,65,90,46,73,44
2023-05-03,1073,121,73,84,37,48,47
2023-05-04,1073,147,84,92,41,63,51
2023-05-05,1073,118,78,96,24,40,72
2023-05-06,1073,139,76,56,44,63,12
2023-05-07,1073,107,87,100,38,20,62
2023-05-08,1073,143,78,74,32,65,42
2023-05-09,1073,145,78,83,53,67,30
2023-05-10,1073,146,67,100,27,79,73
2023-05-11,1073,136,92,52,36,44,16
2023-05-12,1073,130,79,93,40,51,53
2023-05-13,1073,136,68,84,34,68,50
2023-05-14,1073,129,84,78,46,45,32
2023-05-15,1073,139,79,57,36,60,21
2023-05-16,1073,119,88,96,29,31,67
2023-05-17,1073,107,69,63,46,38,17
2023-05-18,1073,118,69,64,47,49,17
2023-05-19,1073,112,80,86,35,32,51
2023-05-20,1073,121,85,93,34,36,59
2023-05-21,1073,131,78,84,36,53,48
2023-05-22,1073,150,98,77,43,52,34
2023-05-23,1073,118,71,94,46,47,48
2023-05-24,1073,145,76,95,50,69,45
2023-05-25,1073,106,77,74,45,29,29
2023-05-26,1073,144,79,99,39,65,60
2023-05-27,1073,115,90,82,30,25,52
2023-05-28,1073,113,85,94,41,28,53
2023-05-29,1073,109,87,70,40,22,30
2023-05-30,1073,107,89,67,37,18,30
2023-05-31,1073,111,54,70,42,57,28
2023-06-01,1073,106,73,73,40,33,33
2023-06-02,1073,114,85,83,37,29,46
2023-06-03,1073,109,86,63,38,23,25
2023-06-04,1073,125,92,84,28,33,56
2023-06-05,1073,101,92,58,37,9,21
2023-06-06,1073,122,90,92,41,32,51
2023-06-07,1073,150,79,71,51,71,20
2023-06-08,1073,113,76,57,38,37,19
2023-06-09,1073,127,82,80,47,45,33
2023-06-10,1073,147,73,70,34,74,36
2023-06-11,1073,147,74,50,41,73,9
2023-06-12,1073,110,93,91,38,17,53
2023-06-13,1073,111,79,64,30,32,34
2023-06-14,1073,144,68,93,44,76,49
2023-06-15,1073,128,67,89,33,61,56
2023-06-16,1073,116,76,68,38,40,30
2023-06-17,1073,128,89,73,36,39,37
2023-06-18,1073,108,88,72,43,20,29
2023-06-19,1073,143,77,72,41,66,31
2023-06-20,1073,120,70,71,41,50,30
2023-06-21,1073,118,84,51,42,34,9
2023-06-22,1073,142,94,81,47,48,34
2023-06-23,1073,150,70,66,47,80,19
2023-06-24,1073,145,90,100,38,55,62
2023-06-25,1073,109,80,56,33,29,23
2023-06-26,1073,131,65,79,43,66,36
2023-06-27,1073,141,87,58,39,54,19
2023-06-28,1073,117,75,72,39,42,33
2023-06-29,1073,150,82,77,37,68,40
2023-06-30,1073,148,77,99,37,71,62
2023-07-01,1073,121,89,85,40,32,45
2023-07-02,1073,139,80,91,55,59,36
2023-07-03,1073,113,75,52,27,38,25
2023-07-04,1073,101,91,70,24,10,46
2023-07-05,1073,103,75,79,44,28,35
2023-07-06,1073,141,79,78,38,62,40
2023-07-07,1073,144,84,100,40,60,60
2023-07-08,1073,141,54,64,43,87,21
2023-07-09,1073,111,81,89,45,30,44
2023-07-10,1073,132,76,94,36,56,58
2023-07-11,1073,118,81,92,47,37,45
2023-07-12,1073,137,89,85,42,48,43
2023-07-13,1073,139,66,50,46,73,4
2023-07-14,1073,141,93,55,45,48,10
2023-07-15,1073,126,70,66,48,56,18
2023-07-16,1073,150,84,53,39,66,14
2023-07-17,1073,144,89,85,43,55,42
2023-07-18,1073,110,65,90,35,45,55
2023-07-19,1073,127,77,79,49,50,30
2023-07-20,1073,119,78,83,45,41,38
2023-07-21,1073,115,90,72,45,25,27
2023-07-22,1073,116,72,82,47,44,35
2023-07-23,1073,120,78,64,43,42,21
2023-07-24,1073,111,77,99,39,34,60
2023-07-25,1073,130,88,60,51,42,9
2023-07-26,1073,137,83,81,46,54,35
2023-07-27,1073,106,79,69,32,27,37
2023-07-28,1073,116,72,91,26,44,65
2023-07-29,1073,127,75,83,35,52,48
2023-07-30,1073,145,82,87,41,63,46
2023-07-31,1073,147,85,52,34,62,18
2023-08-01,1073,145,69,58,57,76,1
2023-08-02,1073,142,81,61,48,61,13
2023-08-03,1073,124,78,82,37,46,45
2023-08-04,1073,104,67,73,37,37,36
2023-08-05,1073,133,91,90,45,42,45
2023-08-06,1073,128,74,89,38,54,51
2023-08-07,1073,111,76,62,37,35,25
2023-08-08,1073,106,90,84,36,16,48
2023-08-09,1073,125,87,98,38,38,60
2023-08-10,1073,134,82,74,51,52,23
2023-08-11,1073,138,83,69,44,55,25
2023-08-12,1073,132,69,52,37,63,15
2023-08-13,1073,147,97,50,34,50,16
2023-08-14,1073,129,79,80,40,50,40
2023-08-15,1073,137,75,53,40,62,13
2023-08-16,1073,126,83,59,42,43,17
2023-08-17,1073,136,84,89,43,52,46
2023-08-18,1073,141,81,66,43,60,23
2023-08-19,1073,116,79,69,39,37,30
2023-08-20,1073,112,69,50,37,43,13
2023-08-21,1073,124,85,99,35,39,64
2023-08-22,1073,134,83,79,32,51,47
2023-08-23,1073,148,89,78,42,59,36
2023-08-24,1073,117,66,67,36,51,31
2023-08-25,1073,146,80,93,38,66,55
2023-08-26,1073,140,86,62,44,54,18
2023-08-27,1073,103,76,85,39,27,46
2023-08-28,1073,122,76,80,44,46,36
2023-08-29,1073,119,78,97,49,41,48
2023-08-30,1073,146,79,52,56,67,-4
2023-08-31,1073,123,81,54,37,42,17
2023-09-01,1073,123,82,85,40,41,45
2023-09-02,1073,122,78,82,57,44,25
2023-09-03,1073,142,77,66,48,65,18
2023-09-04,1073,105,106,99,37,-1,62
2023-09-05,1073,143,105,63,40,38,23
2023-09-06,1073,113,74,78,33,39,45
2023-09-07,1073,145,82,51,46,63,5
2023-09-08,1073,139,85,57,37,54,20
2023-09-09,1073,127,96,78,37,31,41
2023-09-10,1073,146,91,74,48,55,26
2023-09-11,1073,123,75,80,35,48,45
2023-09-12,1073,140,58,90,50,82,40
2023-09-13,1073,148,87,74,37,61,37
2023-09-14,1073,108,74,86,41,34,45
2023-09-15,1073,140,75,88,50,65,38
2023-09-16,1073,130,75,55,45,55,10
2023-09-17,1073,112,72,73,45,40,28
2023-09-18,1073,103,84,56,38,19,18
2023-09-19,1073,106,97,79,43,9,36
2023-09-20,1073,122,91,96,33,31,63
2023-09-21,1073,101,84,73,39,17,34
2023-09-22,1073,123,73,83,41,50,42
2023-09-23,1073,110,92,86,45,18,41
2023-09-24,1073,149,91,70,47,58,23
2023-09-25,1073,116,71,71,39,45,32
2023-09-26,1073,149,75,71,39,74,32
2023-09-27,1073,108,79,50,41,29,9
2023-09-28,1073,100,59,97,34,41,63
2023-09-29,1073,103,70,52,43,33,9
2023-09-30,1073,106,61,90,46,45,44
2023-10-01,1073,107,83,52,27,24,25
2023-10-02,1073,107,77,67,41,30,26
2023-10-03,1073,116,73,67,34,43,33
2023-10-04,1073,101,80,56,39,21,17
2023-10-05,1073,124,89,50,35,35,15
2023-10-06,1073,142,82,95,40,60,55
2023-10-07,1073,109,68,67,39,41,28
2023-10-08,1073,138,68,55,36,70,19
2023-10-09,1073,106,77,82,36,29,46
2023-10-10,1073,142,62,63,37,80,26
2023-10-11,1073,129,73,53,50,56,3
2023-10-12,1073,134,84,51,36,50,15
2023-10-13,1073,141,87,67,49,54,18
2023-10-14,1073,119,93,97,38,26,59
2023-10-15,1073,140,72,66,39,68,27
2023-10-16,1073,109,86,99,36,23,63
2023-10-17,1073,144,87,98,40,57,58
2023-10-18,1073,115,83,71,38,32,33
2023-10-19,1073,109,75,79,39,34,40
2023-10-20,1073,114,75,88,47,39,41
2023-10-21,1073,149,83,70,38,66,32
2023-10-22,1073,125,64,72,38,61,34
2023-10-23,1073,127,73,85,39,54,46
2023-10-24,1073,126,81,88,50,45,38
2023-10-25,1073,147,79,87,40,68,47
2023-10-26,1073,100,86,50,36,14,14
2023-10-27,1073,109,96,68,43,13,25
2023-10-28,1073,134,73,66,48,61,18
2023-10-29,1073,135,90,50,41,45,9
2023-10-30,1073,117,96,79,45,21,34
2023-10-31,1073,135,90,55,41,45,14
2023-11-01,1073,146,74,89,38,72,51
2023-11-02,1073,103,78,56,37,25,19
2023-11-03,1073,122,84,99,25,38,74
2023-11-04,1073,129,71,100,35,58,65
2023-11-05,1073,127,98,85,40,29,45
2023-11-06,1073,138,76,100,46,62,54
2023-11-07,1073,128,74,84,40,54,44
2023-11-08,1073,108,68,62,51,40,11
2023-11-09,1073,148,68,81,43,80,38
2023-11-10,1073,142,80,62,33,62,29
2023-11-11,1073,131,82,91,32,49,59
2023-11-12,1073,107,90,70,39,17,31
2023-11-13,1073,115,90,66,46,25,20
2023-11-14,1073,107,78,51,39,29,12
2023-11-15,1073,132,79,86,39,53,47
2023-11-16,1073,106,72,67,37,34,30
2023-11-17,1073,128,81,67,46,47,21
2023-11-18,1073,135,89,83,33,46,50
2023-11-19,1073,129,83,68,29,46,39
2023-11-20,1073,146,82,84,47,64,37
2023-11-21,1073,111,70,60,47,41,13
2023-11-22,1073,137,71,85,34,66,51
2023-11-23,1073,143,79,73,44,64,29
2023-11-24,1073,144,82,85,37,62,48
2023-11-25,1073,130,90,97,36,40,61
2023-11-26,1073,139,66,81,48,73,33
2023-11-27,1073,111,86,97,40,25,57
2023-11-28,1073,125,91,85,37,34,48
2023-11-29,1073,108,66,100,49,42,51
2023-11-30,1073,128,77,67,39,51,28
2023-12-01,1073,120,84,63,38,36,25
2023-12-02,1073,105,76,61,34,29,27
2023-12-03,1073,101,86,82,39,15,43
2023-12-04,1073,141,81,99,43,60,56
2023-12-05,1073,118,79,85,40,39,45
2023-12-06,1073,124,97,76,43,27,33
2023-12-07,1073,142,79,52,51,63,1
2023-12-08,1073,127,74,70,42,53,28
2023-12-09,1073,145,85,95,50,60,45
2023-12-10,1073,111,75,95,47,36,48
2023-12-11,1073,101,80,79,39,21,40
2023-12-12,1073,148,66,84,37,82,47
2023-12-13,1073,116,89,90,35,27,55
2023-12-14,1073,143,91,98,28,52,70
2023-12-15,1073,148,84,85,33,64,52
2023-12-16,1073,119,81,85,30,38,55
2023-12-17,1073,144,79,98,37,65,61
2023-12-18,1073,142,77,56,49,65,7
2023-12-19,1073,148,64,100,32,84,68
2023-12-20,1073,120,86,91,34,34,57
2023-12-21,1073,115,79,73,46,36,27
2023-12-22,1073,104,84,56,40,20,16
2023-12-23,1073,131,82,60,36,49,24
2023-12-24,1073,114,79,96,30,35,66
2023-12-25,1073,150,84,94,33,66,61
2023-12-26,1073,120,80,69,33,40,36
2023-12-27,1073,122,88,79,38,34,41
2023-12-28,1073,124,85,80,36,39,44
2023-12-29,1073,134,82,94,35,52,59
2023-12-30,1073,119,66,57,33,53,24
2023-12-31,1073,131,83,91,40,48,51
2023-01-01,1074,122,82,78,59,40,19
2023-01-02,1074,143,87,65,29,56,36
2023-01-03,1074,114,89,65,39,25,26
2023-01-04,1074,130,79,93,31,51,62
2023-01-05,1074,122,95,91,48,27,43
2023-01-06,1074,139,70,90,35,69,55
2023-01-07,1074,129,64,55,30,65,25
2023-01-08,1074,123,69,60,40,54,20
2023-01-09,1074,135,82,91,45,53,46
2023-01-10,1074,138,74,62,37,64,25
2023-01-11,1074,133,83,78,42,50,36
2023-01-12,1074,149,87,98,49,62,49
2023-01-13,1074,135,74,50,50,61,0
2023-01-14,1074,131,67,58,44,64,14
2023-01-15,1074,146,79,79,49,67,30
2023-01-16,1074,116,76,80,47,40,33
2023-01-17,1074,111,76,77,42,35,35
2023-01-18,1074,117,71,91,35,46,56
2023-01-19,1074,121,84,83,46,37,37
2023-01-20,1074,129,74,90,46,55,44
2023-01-21,1074,127,96,50,31,31,19
2023-01-22,1074,104,102,61,45,2,16
2023-01-23,1074,144,88,94,49,56,45
2023-01-24,1074,136,74,73,48,62,25
2023-01-25,1074,138,70,77,35,68,42
2023-01-26,1074,127,69,100,37,58,63
2023-01-27,1074,146,78,55,48,68,7
2023-01-28,1074,114,71,89,39,43,50
2023-01-29,1074,103,82,73,43,21,30
2023-01-30,1074,131,75,80,46,56,34
2023-01-31,1074,135,75,71,37,60,34
2023-02-01,1074,137,61,81,43,76,38
2023-02-02,1074,146,92,52,41,54,11
2023-02-03,1074,135,85,83,42,50,41
2023-02-04,1074,146,86,96,26,60,70
2023-02-05,1074,127,97,81,48,30,33
2023-02-06,1074,144,87,53,51,57,2
2023-02-07,1074,117,75,89,50,42,39
2023-02-08,1074,130,74,57,46,56,11
2023-02-09,1074,149,93,82,37,56,45
2023-02-10,1074,121,74,74,38,47,36
2023-02-11,1074,109,91,77,38,18,39
2023-02-12,1074,127,74,64,40,53,24
2023-02-13,1074,147,91,60,43,56,17
2023-02-14,1074,134,64,54,42,70,12
2023-02-15,1074,146,83,55,42,63,13
2023-02-16,1074,139,67,59,37,72,22
2023-02-17,1074,141,74,73,40,67,33
2023-02-18,1074,136,80,63,35,56,28
2023-02-19,1074,110,73,67,37,37,30
2023-02-20,1074,103,85,52,42,18,10
2023-02-21,1074,131,87,61,32,44,29
2023-02-22,1074,146,72,84,53,74,31
2023-02-23,1074,107,77,65,35,30,30
2023-02-24,1074,101,69,96,49,32,47
2023-02-25,1074,105,74,88,36,31,52
2023-02-26,1074,136,85,62,33,51,29
2023-02-27,1074,135,80,70,39,55,31
2023-02-28,1074,150,76,90,43,74,47
2023-03-01,1074,119,78,67,40,41,27
2023-03-02,1074,106,79,86,35,27,51
2023-03-03,1074,101,69,90,47,32,43
2023-03-04,1074,140,80,94,45,60,49
2023-03-05,1074,133,77,68,41,56,27
2023-03-06,1074,124,65,62,39,59,23
2023-03-07,1074,103,75,57,35,28,22
2023-03-08,1074,123,79,51,40,44,11
2023-03-09,1074,117,91,78,36,26,42
2023-03-10,1074,123,83,97,45,40,52
2023-03-11,1074,103,84,95,46,19,49
2023-03-12,1074,111,91,50,36,20,14
2023-03-13,1074,147,72,74,39,75,35
2023-03-14,1074,126,93,63,34,33,29
2023-03-15,1074,107,85,67,35,22,32
2023-03-16,1074,147,81,66,41,66,25
2023-03-17,1074,135,70,53,39,65,14
2023-03-18,1074,125,76,89,38,49,51
2023-03-19,1074,100,84,50,32,16,18
2023-03-20,1074,129,81,87,48,48,39
2023-03-21,1074,142,99,84,29,43,55
2023-03-22,1074,125,67,87,52,58,35
2023-03-23,1074,121,80,51,33,41,18
2023-03-24,1074,101,81,91,38,20,53
2023-03-25,1074,123,67,71,51,56,20
2023-03-26,1074,137,76,94,30,61,64
2023-03-27,1074,126,87,83,37,39,46
2023-03-28,1074,145,79,67,49,66,18
2023-03-29,1074,104,87,51,29,17,22
2023-03-30,1074,106,95,72,61,11,11
2023-03-31,1074,129,72,78,30,57,48
2023-04-01,1074,112,89,69,42,23,27
2023-04-02,1074,125,84,68,38,41,30
2023-04-03,1074,102,72,63,49,30,14
2023-04-04,1074,147,82,98,40,65,58
2023-04-05,1074,127,78,77,31,49,46
2023-04-06,1074,110,85,98,36,25,62
2023-04-07,1074,135,77,76,37,58,39
2023-04-08,1074,108,73,82,33,35,49
2023-04-09,1074,135,81,56,43,54,13
2023-04-10,1074,131,79,62,39,52,23
2023-04-11,1074,135,88,79,40,47,39
2023-04-12,1074,132,79,96,41,53,55
2023-04-13,1074,147,78,86,48,69,38
2023-04-14,1074,144,72,97,42,72,55
2023-04-15,1074,125,69,96,46,56,50
2023-04-16,1074,107,80,51,35,27,16
2023-04-17,1074,146,79,59,40,67,19
2023-04-18,1074,131,91,89,43,40,46
2023-04-19,1074,126,85,90,41,41,49
2023-04-20,1074,133,93,93,46,40,47
2023-04-21,1074,142,81,60,38,61,22
2023-04-22,1074,122,74,75,38,48,37
2023-04-23,1074,112,76,90,37,36,53
2023-04-24,1074,108,83,88,36,25,52
2023-04-25,1074,102,74,50,47,28,3
2023-04-26,1074,116,86,90,29,30,61
2023-04-27,1074,122,87,85,41,35,44
2023-04-28,1074,112,76,69,33,36,36
2023-04-29,1074,100,77,55,36,23,19
2023-04-30,1074,123,82,52,41,41,11
2023-05-01,1074,138,90,51,31,48,20
2023-05-02,1074,107,92,72,42,15,30
2023-05-03,1074,127,79,66,38,48,28
2023-05-04,1074,109,89,67,42,20,25
2023-05-05,1074,106,80,92,37,26,55
2023-05-06,1074,114,85,74,45,29,29
2023-05-07,1074,128,86,82,38,42,44
2023-05-08,1074,125,73,84,46,52,38
2023-05-09,1074,115,79,73,42,36,31
2023-05-10,1074,124,77,81,37,47,44
2023-05-11,1074,143,75,94,41,68,53
2023-05-12,1074,124,91,53,36,33,17
2023-05-13,1074,114,66,95,40,48,55
2023-05-14,1074,146,97,74,45,49,29
2023-05-15,1074,129,81,60,39,48,21
2023-05-16,1074,139,74,83,45,65,38
2023-05-17,1074,147,81,85,45,66,40
2023-05-18,1074,125,85,62,58,40,4
2023-05-19,1074,138,82,73,50,56,23
2023-05-20,1074,120,91,96,32,29,64
2023-05-21,1074,125,95,59,49,30,10
2023-05-22,1074,129,70,51,36,59,15
2023-05-23,1074,141,82,93,39,59,54
2023-05-24,1074,139,106,67,43,33,24
2023-05-25,1074,144,81,81,38,63,43
2023-05-26,1074,121,81,96,38,40,58
2023-05-27,1074,126,74,61,43,52,18
2023-05-28,1074,135,88,99,30,47,69
2023-05-29,1074,117,91,76,42,26,34
2023-05-30,1074,104,78,72,38,26,34
2023-05-31,1074,114,88,98,39,26,59
2023-06-01,1074,106,72,97,32,34,65
2023-06-02,1074,136,72,91,43,64,48
2023-06-03,1074,107,78,65,26,29,39
2023-06-04,1074,132,82,86,27,50,59
2023-06-05,1074,101,90,59,42,11,17
2023-06-06,1074,145,78,88,43,67,45
2023-06-07,1074,147,73,57,40,74,17
2023-06-08,1074,139,98,74,38,41,36
2023-06-09,1074,108,91,89,39,17,50
2023-06-10,1074,102,84,92,42,18,50
2023-06-11,1074,109,64,78,43,45,35
2023-06-12,1074,119,88,50,58,31,-8
2023-06-13,1074,128,81,91,35,47,56
2023-06-14,1074,104,78,63,38,26,25
2023-06-15,1074,137,79,97,45,58,52
2023-06-16,1074,136,84,83,28,52,55
2023-06-17,1074,114,91,88,41,23,47
2023-06-18,1074,111,85,82,46,26,36
2023-06-19,1074,107,88,64,37,19,27
2023-06-20,1074,128,84,65,49,44,16
2023-06-21,1074,135,72,79,42,63,37
2023-06-22,1074,110,71,74,45,39,29
2023-06-23,1074,131,85,94,44,46,50
2023-06-24,1074,117,88,68,37,29,31
2023-06-25,1074,148,90,99,33,58,66
2023-06-26,1074,105,63,84,36,42,48
2023-06-27,1074,134,82,80,44,52,36
2023-06-28,1074,144,87,93,47,57,46
2023-06-29,1074,103,68,61,40,35,21
2023-06-30,1074,145,58,58,40,87,18
2023-07-01,1074,100,82,78,35,18,43
2023-07-02,1074,100,82,65,51,18,14
2023-07-03,1074,131,86,94,29,45,65
2023-07-04,1074,115,84,82,39,31,43
2023-07-05,1074,150,96,91,30,54,61
2023-07-06,1074,135,92,51,42,43,9
2023-07-07,1074,149,82,68,29,67,39
2023-07-08,1074,107,78,79,37,29,42
2023-07-09,1074,133,74,82,38,59,44
2023-07-10,1074,103,75,51,48,28,3
2023-07-11,1074,128,102,55,35,26,20
2023-07-12,1074,110,71,51,40,39,11
2023-07-13,1074,101,87,79,38,14,41
2023-07-14,1074,110,74,70,36,36,34
2023-07-15,1074,125,72,78,32,53,46
2023-07-16,1074,139,81,86,34,58,52
2023-07-17,1074,107,99,78,33,8,45
2023-07-18,1074,144,96,80,36,48,44
2023-07-19,1074,120,69,79,40,51,39
2023-07-20,1074,138,70,78,50,68,28
2023-07-21,1074,102,76,75,39,26,36
2023-07-22,1074,116,85,63,41,31,22
2023-07-23,1074,135,103,80,39,32,41
2023-07-24,1074,141,80,64,36,61,28
2023-07-25,1074,105,83,58,33,22,25
2023-07-26,1074,121,79,76,44,42,32
2023-07-27,1074,135,80,69,38,55,31
2023-07-28,1074,109,86,82,40,23,42
2023-07-29,1074,107,88,75,41,19,34
2023-07-30,1074,101,95,93,40,6,53
2023-07-31,1074,127,73,81,33,54,48
2023-08-01,1074,145,91,77,41,54,36
2023-08-02,1074,127,75,64,40,52,24
2023-08-03,1074,127,58,97,42,69,55
2023-08-04,1074,141,85,73,32,56,41
2023-08-05,1074,132,87,67,30,45,37
2023-08-06,1074,109,90,68,41,19,27
2023-08-07,1074,128,81,79,41,47,38
2023-08-08,1074,122,77,56,28,45,28
2023-08-09,1074,130,85,81,48,45,33
2023-08-10,1074,148,74,78,35,74,43
2023-08-11,1074,133,79,62,48,54,14
2023-08-12,1074,103,87,71,54,16,17
2023-08-13,1074,108,71,77,41,37,36
2023-08-14,1074,107,79,92,46,28,46
2023-08-15,1074,145,69,95,34,76,61
2023-08-16,1074,139,69,71,36,70,35
2023-08-17,1074,141,91,88,44,50,44
2023-08-18,1074,100,58,94,42,42,52
2023-08-19,1074,117,87,59,50,30,9
2023-08-20,1074,115,75,98,37,40,61
2023-08-21,1074,135,80,50,31,55,19
2023-08-22,1074,120,98,97,36,22,61
2023-08-23,1074,108,89,77,42,19,35
2023-08-24,1074,136,85,98,32,51,66
2023-08-25,1074,119,86,67,40,33,27
2023-08-26,1074,110,86,75,38,24,37
2023-08-27,1074,134,77,99,36,57,63
2023-08-28,1074,138,98,50,52,40,-2
2023-08-29,1074,111,74,97,35,37,62
2023-08-30,1074,105,70,81,46,35,35
2023-08-31,1074,107,86,81,40,21,41
2023-09-01,1074,112,95,66,40,17,26
2023-09-02,1074,107,80,76,28,27,48
2023-09-03,1074,131,92,70,37,39,33
2023-09-04,1074,112,86,87,29,26,58
2023-09-05,1074,136,79,56,40,57,16
2023-09-06,1074,150,89,100,36,61,64
2023-09-07,1074,127,95,76,47,32,29
2023-09-08,1074,141,73,84,35,68,49
2023-09-09,1074,106,76,90,32,30,58
2023-09-10,1074,131,82,59,37,49,22
2023-09-11,1074,114,65,79,32,49,47
2023-09-12,1074,144,84,54,44,60,10
2023-09-13,1074,137,90,94,41,47,53
2023-09-14,1074,140,83,79,39,57,40
2023-09-15,1074,113,65,91,42,48,49
2023-09-16,1074,120,77,55,38,43,17
2023-09-17,1074,122,75,67,43,47,24
2023-09-18,1074,100,75,85,34,25,51
2023-09-19,1074,116,70,81,40,46,41
2023-09-20,1074,132,74,78,44,58,34
2023-09-21,1074,147,85,72,41,62,31
2023-09-22,1074,148,64,78,37,84,41
2023-09-23,1074,131,78,65,48,53,17
2023-09-24,1074,117,76,78,40,41,38
2023-09-25,1074,107,83,86,44,24,42
2023-09-26,1074,128,75,83,34,53,49
2023-09-27,1074,107,81,54,43,26,11
2023-09-28,1074,141,79,58,36,62,22
2023-09-29,1074,112,74,81,32,38,49
2023-09-30,1074,100,75,54,29,25,25
2023-10-01,1074,115,68,59,38,47,21
2023-10-02,1074,127,87,98,29,40,69
2023-10-03,1074,103,60,62,45,43,17
2023-10-04,1074,117,75,69,45,42,24
2023-10-05,1074,128,73,85,39,55,46
2023-10-06,1074,134,75,91,42,59,49
2023-10-07,1074,127,78,70,36,49,34
2023-10-08,1074,122,89,65,47,33,18
2023-10-09,1074,134,92,69,27,42,42
2023-10-10,1074,115,72,82,45,43,37
2023-10-11,1074,118,83,54,48,35,6
2023-10-12,1074,148,72,97,37,76,60
2023-10-13,1074,123,80,50,30,43,20
2023-10-14,1074,142,82,72,32,60,40
2023-10-15,1074,104,93,85,39,11,46
2023-10-16,1074,126,86,82,38,40,44
2023-10-17,1074,129,69,91,40,60,51
2023-10-18,1074,142,75,81,41,67,40
2023-10-19,1074,122,85,64,46,37,18
2023-10-20,1074,117,84,74,49,33,25
2023-10-21,1074,112,77,50,48,35,2
2023-10-22,1074,109,75,88,41,34,47
2023-10-23,1074,143,78,94,39,65,55
2023-10-24,1074,116,91,100,37,25,63
2023-10-25,1074,122,85,94,38,37,56
2023-10-26,1074,136,87,74,30,49,44
2023-10-27,1074,121,94,91,38,27,53
2023-10-28,1074,120,72,86,33,48,53
2023-10-29,1074,141,68,84,57,73,27
2023-10-30,1074,135,72,50,32,63,18
2023-10-31,1074,127,71,91,30,56,61
2023-11-01,1074,126,83,59,50,43,9
2023-11-02,1074,116,72,57,47,44,10
2023-11-03,1074,115,64,59,26,51,33
2023-11-04,1074,128,79,62,37,49,25
2023-11-05,1074,125,89,72,45,36,27
2023-11-06,1074,117,74,62,28,43,34
2023-11-07,1074,102,83,56,38,19,18
2023-11-08,1074,134,82,79,36,52,43
2023-11-09,1074,115,72,58,32,43,26
2023-11-10,1074,119,98,68,54,21,14
2023-11-11,1074,133,98,90,39,35,51
2023-11-12,1074,144,73,63,38,71,25
2023-11-13,1074,101,82,94,44,19,50
2023-11-14,1074,142,87,90,46,55,44
2023-11-15,1074,137,83,51,35,54,16
2023-11-16,1074,116,97,94,35,19,59
2023-11-17,1074,102,91,84,40,11,44
2023-11-18,1074,104,70,82,44,34,38
2023-11-19,1074,133,59,60,43,74,17
2023-11-20,1074,148,76,91,41,72,50
2023-11-21,1074,113,95,71,33,18,38
2023-11-22,1074,101,66,81,44,35,37
2023-11-23,1074,115,73,75,46,42,29
2023-11-24,1074,149,62,52,31,87,21
2023-11-25,1074,120,86,59,45,34,14
2023-11-26,1074,126,57,64,38,69,26
2023-11-27,1074,110,78,51,50,32,1
2023-11-28,1074,100,87,74,44,13,30
2023-11-29,1074,119,78,81,40,41,41
2023-11-30,1074,128,77,65,34,51,31
2023-12-01,1074,146,80,55,31,66,24
2023-12-02,1074,104,71,92,42,33,50
2023-12-03,1074,132,63,52,52,69,0
2023-12-04,1074,149,88,87,25,61,62
2023-12-05,1074,146,88,67,37,58,30
2023-12-06,1074,133,76,98,44,57,54
2023-12-07,1074,120,65,77,46,55,31
2023-12-08,1074,117,87,98,53,30,45
2023-12-09,1074,146,75,96,44,71,52
2023-12-10,1074,144,87,70,36,57,34
2023-12-11,1074,149,77,100,38,72,62
2023-12-12,1074,145,78,68,46,67,22
2023-12-13,1074,110,73,92,44,37,48
2023-12-14,1074,141,61,63,32,80,31
2023-12-15,1074,113,67,80,41,46,39
2023-12-16,1074,149,87,89,41,62,48
2023-12-17,1074,121,94,81,45,27,36
2023-12-18,1074,123,86,60,34,37,26
2023-12-19,1074,136,66,71,37,70,34
2023-12-20,1074,143,84,91,39,59,52
2023-12-21,1074,106,67,91,36,39,55
2023-12-22,1074,126,78,94,42,48,52
2023-12-23,1074,119,91,59,52,28,7
2023-12-24,1074,114,54,91,34,60,57
2023-12-25,1074,125,99,61,35,26,26
2023-12-26,1074,130,85,71,43,45,28
2023-12-27,1074,143,68,57,41,75,16
2023-12-28,1074,124,77,93,46,47,47
2023-12-29,1074,132,54,85,58,78,27
2023-12-30,1074,142,61,64,48,81,16
2023-12-31,1074,113,77,56,38,36,18
2023-01-01,1075,119,82,98,47,37,51
2023-01-02,1075,101,96,65,27,5,38
2023-01-03,1075,132,69,92,31,63,61
2023-01-04,1075,106,62,66,38,44,28
2023-01-05,1075,116,92,75,54,24,21
2023-01-06,1075,106,75,95,47,31,48
2023-01-07,1075,126,79,82,29,47,53
2023-01-08,1075,131,72,76,38,59,38
2023-01-09,1075,123,81,86,38,42,48
2023-01-10,1075,129,76,87,35,53,52
2023-01-11,1075,100,72,50,38,28,12
2023-01-12,1075,150,70,60,35,80,25
2023-01-13,1075,105,75,53,28,30,25
2023-01-14,1075,112,88,100,46,24,54
2023-01-15,1075,118,72,57,31,46,26
2023-01-16,1075,122,74,87,49,48,38
2023-01-17,1075,142,67,70,47,75,23
2023-01-18,1075,142,67,59,38,75,21
2023-01-19,1075,135,80,80,55,55,25
2023-01-20,1075,121,66,50,33,55,17
2023-01-21,1075,119,76,96,45,43,51
2023-01-22,1075,115,62,79,36,53,43
2023-01-23,1075,149,82,85,46,67,39
2023-01-24,1075,120,85,79,39,35,40
2023-01-25,1075,130,74,50,39,56,11
2023-01-26,1075,102,73,70,39,29,31
2023-01-27,1075,147,76,73,43,71,30
2023-01-28,1075,147,72,76,37,75,39
2023-01-29,1075,115,74,91,49,41,42
2023-01-30,1075,147,71,74,34,76,40
2023-01-31,1075,114,73,69,46,41,23
2023-02-01,1075,108,72,67,50,36,17
2023-02-02,1075,105,84,94,35,21,59
2023-02-03,1075,118,88,75,45,30,30
2023-02-04,1075,136,89,76,35,47,41
2023-02-05,1075,111,87,53,42,24,11
2023-02-06,1075,110,80,64,36,30,28
2023-02-07,1075,146,82,82,43,64,39
2023-02-08,1075,115,67,68,38,48,30
2023-02-09,1075,104,76,82,33,28,49
2023-02-10,1075,107,87,62,31,20,31
2023-02-11,1075,133,89,68,57,44,11
2023-02-12,1075,118,72,75,38,46,37
2023-02-13,1075,129,92,75,44,37,31
2023-02-14,1075,105,76,75,34,29,41
2023-02-15,1075,125,84,55,40,41,15
2023-02-16,1075,106,78,51,37,28,14
2023-02-17,1075,101,76,82,59,25,23
2023-02-18,1075,122,90,58,48,32,10
2023-02-19,1075,148,71,89,37,77,52
2023-02-20,1075,124,74,92,50,50,42
2023-02-21,1075,133,90,63,37,43,26
2023-02-22,1075,137,65,70,39,72,31
2023-02-23,1075,104,105,67,38,-1,29
2023-02-24,1075,109,97,55,39,12,16
2023-02-25,1075,114,65,81,46,49,35
2023-02-26,1075,106,72,92,37,34,55
2023-02-27,1075,119,86,63,39,33,24
2023-02-28,1075,110,89,55,50,21,5
2023-03-01,1075,110,84,63,37,26,26
2023-03-02,1075,142,65,73,41,77,32
2023-03-03,1075,139,76,82,44,63,38
2023-03-04,1075,107,77,98,34,30,64
2023-03-05,1075,134,78,63,48,56,15
2023-03-06,1075,145,87,62,36,58,26
2023-03-07,1075,107,75,62,31,32,31
2023-03-08,1075,103,88,62,36,15,26
2023-03-09,1075,125,78,52,40,47,12
2023-03-10,1075,125,79,79,46,46,33
2023-03-11,1075,130,78,75,36,52,39
2023-03-12,1075,131,68,77,42,63,35
2023-03-13,1075,117,84,82,45,33,37
2023-03-14,1075,128,86,54,47,42,7
2023-03-15,1075,127,74,86,47,53,39
2023-03-16,1075,106,92,77,36,14,41
2023-03-17,1075,144,85,86,39,59,47
2023-03-18,1075,109,71,94,49,38,45
2023-03-19,1075,135,81,97,33,54,64
2023-03-20,1075,138,85,60,45,53,15
2023-03-21,1075,138,90,65,40,48,25
2023-03-22,1075,119,87,59,43,32,16
2023-03-23,1075,141,82,62,47,59,15
2023-03-24,1075,116,89,100,46,27,54
2023-03-25,1075,118,86,60,29,32,31
2023-03-26,1075,111,76,74,45,35,29
2023-03-27,1075,142,83,90,38,59,52
2023-03-28,1075,134,75,86,42,59,44
2023-03-29,1075,117,80,93,30,37,63
2023-03-30,1075,129,89,59,48,40,11
2023-03-31,1075,105,83,63,40,22,23
2023-04-01,1075,113,95,52,33,18,19
2023-04-02,1075,146,66,98,53,80,45
2023-04-03,1075,103,73,81,47,30,34
2023-04-04,1075,139,83,69,36,56,33
2023-04-05,1075,149,82,55,41,67,14
2023-04-06,1075,123,72,81,38,51,43
2023-04-07,1075,128,92,79,46,36,33
2023-04-08,1075,147,94,66,30,53,36
2023-04-09,1075,122,88,55,36,34,19
2023-04-10,1075,108,67,82,42,41,40
2023-04-11,1075,111,71,79,39,40,40
2023-04-12,1075,136,67,62,53,69,9
2023-04-13,1075,119,92,56,46,27,10
2023-04-14,1075,125,85,96,33,40,63
2023-04-15,1075,109,90,75,28,19,47
2023-04-16,1075,148,78,59,40,70,19
2023-04-17,1075,133,103,89,39,30,50
2023-04-18,1075,149,78,92,36,71,56
2023-04-19,1075,142,72,80,47,70,33
2023-04-20,1075,124,75,59,42,49,17
2023-04-21,1075,108,77,62,47,31,15
2023-04-22,1075,102,94,100,43,8,57
2023-04-23,1075,114,81,97,36,33,61
2023-04-24,1075,107,81,100,34,26,66
2023-04-25,1075,138,81,86,50,57,36
2023-04-26,1075,117,76,86,28,41,58
2023-04-27,1075,127,67,93,50,60,43
2023-04-28,1075,146,99,57,27,47,30
2023-04-29,1075,128,88,74,40,40,34
2023-04-30,1075,140,71,99,38,69,61
2023-05-01,1075,123,89,71,32,34,39
2023-05-02,1075,131,79,87,39,52,48
2023-05-03,1075,150,70,52,40,80,12
2023-05-04,1075,115,81,81,36,34,45
2023-05-05,1075,134,89,58,34,45,24
2023-05-06,1075,106,92,74,43,14,31
2023-05-07,1075,114,63,67,43,51,24
2023-05-08,1075,138,74,61,40,64,21
2023-05-09,1075,122,93,99,41,29,58
2023-05-10,1075,141,67,79,39,74,40
2023-05-11,1075,127,91,50,45,36,5
2023-05-12,1075,109,92,84,37,17,47
2023-05-13,1075,121,110,51,39,11,12
2023-05-14,1075,133,76,89,26,57,63
2023-05-15,1075,134,60,90,40,74,50
2023-05-16,1075,148,82,56,40,66,16
2023-05-17,1075,145,70,55,40,75,15
2023-05-18,1075,136,62,82,39,74,43
2023-05-19,1075,150,62,83,40,88,43
2023-05-20,1075,120,74,90,32,46,58
2023-05-21,1075,102,81,80,37,21,43
2023-05-22,1075,114,63,69,37,51,32
2023-05-23,1075,142,103,61,35,39,26
2023-05-24,1075,132,80,77,30,52,47
2023-05-25,1075,120,89,58,38,31,20
2023-05-26,1075,148,90,57,39,58,18
2023-05-27,1075,112,72,63,44,40,19
2023-05-28,1075,119,77,65,40,42,25
2023-05-29,1075,122,67,92,35,55,57
2023-05-30,1075,109,84,58,32,25,26
2023-05-31,1075,150,85,69,43,65,26
2023-06-01,1075,106,76,91,28,30,63
2023-06-02,1075,143,86,50,38,57,12
2023-06-03,1075,149,108,78,46,41,32
2023-06-04,1075,150,89,78,46,61,32
2023-06-05,1075,131,76,54,39,55,15
2023-06-06,1075,140,88,94,42,52,52
2023-06-07,1075,121,81,71,39,40,32
2023-06-08,1075,143,82,55,37,61,18
2023-06-09,1075,133,85,62,48,48,14
2023-06-10,1075,106,82,60,33,24,27
2023-06-11,1075,120,103,51,24,17,27
2023-06-12,1075,103,81,63,44,22,19
2023-06-13,1075,150,92,92,43,58,49
2023-06-14,1075,146,84,98,53,62,45
2023-06-15,1075,146,87,84,42,59,42
2023-06-16,1075,101,91,79,39,10,40
2023-06-17,1075,124,86,74,37,38,37
2023-06-18,1075,135,72,58,49,63,9
2023-06-19,1075,146,70,98,48,76,50
2023-06-20,1075,142,66,73,33,76,40
2023-06-21,1075,149,86,83,43,63,40
2023-06-22,1075,142,92,84,35,50,49
2023-06-23,1075,143,78,85,48,65,37
2023-06-24,1075,100,90,61,31,10,30
2023-06-25,1075,119,80,90,34,39,56
2023-06-26,1075,122,75,84,48,47,36
2023-06-27,1075,133,86,56,50,47,6
2023-06-28,1075,109,89,99,38,20,61
2023-06-29,1075,126,73,74,36,53,38
2023-06-30,1075,118,69,60,39,49,21
2023-07-01,1075,129,74,97,41,55,56
2023-07-02,1075,100,66,93,54,34,39
2023-07-03,1075,127,77,87,42,50,45
2023-07-04,1075,112,67,82,46,45,36
2023-07-05,1075,112,91,95,33,21,62
2023-07-06,1075,138,77,66,39,61,27
2023-07-07,1075,118,80,58,41,38,17
2023-07-08,1075,109,69,97,42,40,55
2023-07-09,1075,102,77,52,41,25,11
2023-07-10,1075,105,77,51,41,28,10
2023-07-11,1075,148,82,57,35,66,22
2023-07-12,1075,125,87,53,51,38,2
2023-07-13,1075,103,95,63,42,8,21
2023-07-14,1075,114,67,65,40,47,25
2023-07-15,1075,111,88,76,34,23,42
2023-07-16,1075,144,84,78,37,60,41
2023-07-17,1075,149,80,60,45,69,15
2023-07-18,1075,117,80,82,38,37,44
2023-07-19,1075,149,69,66,50,80,16
2023-07-20,1075,124,78,77,38,46,39
2023-07-21,1075,133,68,50,41,65,9
2023-07-22,1075,134,79,72,31,55,41
2023-07-23,1075,130,74,63,52,56,11
2023-07-24,1075,118,68,93,44,50,49
2023-07-25,1075,138,91,57,40,47,17
2023-07-26,1075,147,63,70,36,84,34
2023-07-27,1075,106,77,64,35,29,29
2023-07-28,1075,104,70,53,35,34,18
2023-07-29,1075,117,86,67,45,31,22
2023-07-30,1075,132,79,61,45,53,16
2023-07-31,1075,109,72,83,47,37,36
2023-08-01,1075,142,72,83,39,70,44
2023-08-02,1075,140,74,88,40,66,48
2023-08-03,1075,128,94,73,38,34,35
2023-08-04,1075,101,74,57,37,27,20
2023-08-05,1075,114,97,60,41,17,19
2023-08-06,1075,114,74,93,37,40,56
2023-08-07,1075,141,66,73,46,75,27
2023-08-08,1075,135,81,70,30,54,40
2023-08-09,1075,106,79,52,33,27,19
2023-08-10,1075,106,73,93,37,33,56
2023-08-11,1075,143,75,96,49,68,47
2023-08-12,1075,110,76,93,22,34,71
2023-08-13,1075,143,76,82,30,67,52
2023-08-14,1075,127,78,80,45,49,35
2023-08-15,1075,150,93,91,50,57,41
2023-08-16,1075,108,99,75,43,9,32
2023-08-17,1075,131,99,52,33,32,19
2023-08-18,1075,140,90,82,53,50,29
2023-08-19,1075,114,71,94,43,43,51
2023-08-20,1075,120,65,91,58,55,33
2023-08-21,1075,106,72,54,46,34,8
2023-08-22,1075,101,77,74,48,24,26
2023-08-23,1075,117,74,56,32,43,24
2023-08-24,1075,149,68,54,48,81,6
2023-08-25,1075,116,77,72,31,39,41
2023-08-26,1075,138,71,72,55,67,17
2023-08-27,1075,106,72,71,39,34,32
2023-08-28,1075,126,65,99,40,61,59
2023-08-29,1075,120,64,96,43,56,53
2023-08-30,1075,105,77,84,45,28,39
2023-08-31,1075,124,84,89,44,40,45
2023-09-01,1075,136,78,100,51,58,49
2023-09-02,1075,127,81,85,40,46,45
2023-09-03,1075,127,64,51,25,63,26
2023-09-04,1075,118,98,85,47,20,38
2023-09-05,1075,106,75,52,36,31,16
2023-09-06,1075,131,82,54,38,49,16
2023-09-07,1075,123,74,75,44,49,31
2023-09-08,1075,101,87,54,33,14,21
2023-09-09,1075,132,96,90,37,36,53
2023-09-10,1075,106,76,84,40,30,44
2023-09-11,1075,137,82,91,36,55,55
2023-09-12,1075,146,72,52,41,74,11
2023-09-13,1075,140,85,93,34,55,59
2023-09-14,1075,106,63,76,37,43,39
2023-09-15,1075,117,84,74,39,33,35
2023-09-16,1075,123,91,76,39,32,37
2023-09-17,1075,110,70,51,44,40,7
2023-09-18,1075,124,84,62,29,40,33
2023-09-19,1075,145,82,80,52,63,28
2023-09-20,1075,103,82,61,41,21,20
2023-09-21,1075,109,74,65,39,35,26
2023-09-22,1075,130,69,60,39,61,21
2023-09-23,1075,139,86,83,38,53,45
2023-09-24,1075,118,80,89,45,38,44
2023-09-25,1075,134,79,97,40,55,57
2023-09-26,1075,130,66,54,55,64,-1
2023-09-27,1075,137,82,90,50,55,40
2023-09-28,1075,118,88,92,48,30,44
2023-09-29,1075,112,81,74,40,31,34
2023-09-30,1075,103,112,100,50,-9,50
2023-10-01,1075,103,73,53,41,30,12
2023-10-02,1075,135,91,92,38,44,54
2023-10-03,1075,145,88,53,39,57,14
2023-10-04,1075,110,87,50,49,23,1
2023-10-05,1075,142,86,66,44,56,22
2023-10-06,1075,149,82,61,47,67,14
2023-10-07,1075,116,83,77,49,33,28
2023-10-08,1075,123,79,73,44,44,29
2023-10-09,1075,112,78,91,36,34,55
2023-10-10,1075,121,78,98,39,43,59
2023-10-11,1075,123,70,52,42,53,10
2023-10-12,1075,104,85,51,37,19,14
2023-10-13,1075,144,85,77,47,59,30
2023-10-14,1075,111,81,68,40,30,28
2023-10-15,1075,143,80,61,49,63,12
2023-10-16,1075,101,77,65,44,24,21
2023-10-17,1075,139,94,78,36,45,42
2023-10-18,1075,147,79,90,37,68,53
2023-10-19,1075,103,96,83,35,7,48
2023-10-20,1075,131,92,95,34,39,61
2023-10-21,1075,139,95,80,48,44,32
2023-10-22,1075,114,76,98,43,38,55
2023-10-23,1075,119,93,94,33,26,61
2023-10-24,1075,116,80,91,34,36,57
2023-10-25,1075,136,96,96,30,40,66
2023-10-26,1075,112,64,58,45,48,13
2023-10-27,1075,140,92,52,45,48,7
2023-10-28,1075,103,77,81,33,26,48
2023-10-29,1075,121,88,63,51,33,12
2023-10-30,1075,133,78,89,40,55,49
2023-10-31,1075,117,90,71,41,27,30
2023-11-01,1075,115,73,65,29,42,36
2023-11-02,1075,129,89,93,35,40,58
2023-11-03,1075,108,70,88,38,38,50
2023-11-04,1075,107,82,100,51,25,49
2023-11-05,1075,117,83,61,40,34,21
2023-11-06,1075,104,81,79,41,23,38
2023-11-07,1075,127,78,82,35,49,47
2023-11-08,1075,134,73,98,41,61,57
2023-11-09,1075,149,77,79,34,72,45
2023-11-10,1075,146,94,66,37,52,29
2023-11-11,1075,150,74,77,45,76,32
2023-11-12,1075,113,85,50,35,28,15
2023-11-13,1075,122,102,65,31,20,34
2023-11-14,1075,119,98,65,38,21,27
2023-11-15,1075,126,75,100,38,51,62
2023-11-16,1075,130,72,93,44,58,49
2023-11-17,1075,110,92,52,47,18,5
2023-11-18,1075,131,68,98,35,63,63
2023-11-19,1075,104,74,94,39,30,55
2023-11-20,1075,125,79,74,50,46,24
2023-11-21,1075,144,88,58,38,56,20
2023-11-22,1075,122,82,74,40,40,34
2023-11-23,1075,113,74,86,38,39,48
2023-11-24,1075,103,69,64,37,34,27
2023-11-25,1075,149,72,64,45,77,19
2023-11-26,1075,132,67,54,47,65,7
2023-11-27,1075,124,66,69,52,58,17
2023-11-28,1075,112,73,65,35,39,30
2023-11-29,1075,107,84,69,34,23,35
2023-11-30,1075,130,69,95,42,61,53
2023-12-01,1075,113,79,64,34,34,30
2023-12-02,1075,131,88,50,33,43,17
2023-12-03,1075,108,81,98,47,27,51
2023-12-04,1075,128,65,73,36,63,37
2023-12-05,1075,128,77,83,36,51,47
2023-12-06,1075,126,76,68,40,50,28
2023-12-07,1075,107,80,68,41,27,27
2023-12-08,1075,140,78,96,46,62,50
2023-12-09,1075,132,81,67,35,51,32
2023-12-10,1075,143,84,92,43,59,49
2023-12-11,1075,117,79,97,34,38,63
2023-12-12,1075,124,75,52,44,49,8
2023-12-13,1075,104,79,88,37,25,51
2023-12-14,1075,122,90,56,36,32,20
2023-12-15,1075,128,83,64,47,45,17
2023-12-16,1075,138,91,73,28,47,45
2023-12-17,1075,140,73,66,41,67,25
2023-12-18,1075,132,88,61,38,44,23
2023-12-19,1075,129,78,58,38,51,20
2023-12-20,1075,114,97,62,34,17,28
2023-12-21,1075,107,79,79,46,28,33
2023-12-22,1075,104,81,90,37,23,53
2023-12-23,1075,102,98,79,40,4,39
2023-12-24,1075,126,74,81,34,52,47
2023-12-25,1075,101,82,58,32,19,26
2023-12-26,1075,111,77,64,28,34,36
2023-12-27,1075,150,75,74,38,75,36
2023-12-28,1075,147,88,65,45,59,20
2023-12-29,1075,115,73,81,45,42,36
2023-12-30,1075,107,77,60,44,30,16
2023-12-31,1075,144,87,91,30,57,61
2023-01-01,1076,125,86,99,32,39,67
2023-01-02,1076,124,70,95,43,54,52
2023-01-03,1076,127,76,90,45,51,45
2023-01-04,1076,122,80,81,29,42,52
2023-01-05,1076,103,75,97,44,28,53
2023-01-06,1076,140,73,58,25,67,33
2023-01-07,1076,112,64,100,41,48,59
2023-01-08,1076,146,85,54,27,61,27
2023-01-09,1076,117,75,97,41,42,56
2023-01-10,1076,150,79,54,33,71,21
2023-01-11,1076,102,69,78,34,33,44
2023-01-12,1076,130,90,91,40,40,51
2023-01-13,1076,106,88,88,36,18,52
2023-01-14,1076,105,59,76,41,46,35
2023-01-15,1076,148,83,63,30,65,33
2023-01-16,1076,139,70,68,42,69,26
2023-01-17,1076,140,87,69,35,53,34
2023-01-18,1076,146,79,90,45,67,45
2023-01-19,1076,123,78,54,36,45,18
2023-01-20,1076,138,83,56,50,55,6
2023-01-21,1076,100,68,80,36,32,44
2023-01-22,1076,134,72,74,38,62,36
2023-01-23,1076,109,68,79,42,41,37
2023-01-24,1076,101,65,63,35,36,28
2023-01-25,1076,120,83,65,43,37,22
2023-01-26,1076,118,86,94,44,32,50
2023-01-27,1076,104,98,69,41,6,28
2023-01-28,1076,135,71,61,39,64,22
2023-01-29,1076,120,95,94,43,25,51
2023-01-30,1076,134,75,77,43,59,34
2023-01-31,1076,119,84,91,37,35,54
2023-02-01,1076,101,87,50,36,14,14
2023-02-02,1076,102,76,51,45,26,6
2023-02-03,1076,135,90,66,47,45,19
2023-02-04,1076,103,91,67,35,12,32
2023-02-05,1076,134,94,70,42,40,28
2023-02-06,1076,132,77,50,55,55,-5
2023-02-07,1076,108,77,90,34,31,56
2023-02-08,1076,116,87,51,32,29,19
2023-02-09,1076,140,102,50,36,38,14
2023-02-10,1076,141,79,70,37,62,33
2023-02-11,1076,138,71,59,36,67,23
2023-02-12,1076,113,106,68,40,7,28
2023-02-13,1076,124,79,95,37,45,58
2023-02-14,1076,117,78,82,38,39,44
2023-02-15,1076,122,87,85,33,35,52
2023-02-16,1076,135,75,91,45,60,46
2023-02-17,1076,101,65,71,46,36,25
2023-02-18,1076,130,87,96,45,43,51
2023-02-19,1076,109,79,98,42,30,56
2023-02-20,1076,113,71,52,28,42,24
2023-02-21,1076,117,82,90,34,35,56
2023-02-22,1076,135,82,87,40,53,47
2023-02-23,1076,119,78,91,48,41,43
2023-02-24,1076,144,81,53,37,63,16
2023-02-25,1076,117,69,72,43,48,29
2023-02-26,1076,109,70,50,37,39,13
2023-02-27,1076,142,82,56,28,60,28
2023-02-28,1076,107,75,84,32,32,52
2023-03-01,1076,150,79,70,44,71,26
2023-03-02,1076,115,75,57,46,40,11
2023-03-03,1076,145,84,51,32,61,19
2023-03-04,1076,127,82,69,38,45,31
2023-03-05,1076,150,78,66,33,72,33
2023-03-06,1076,120,87,55,31,33,24
2023-03-07,1076,116,100,94,47,16,47
2023-03-08,1076,126,81,69,41,45,28
2023-03-09,1076,113,86,89,35,27,54
2023-03-10,1076,149,89,64,37,60,27
2023-03-11,1076,119,96,76,41,23,35
2023-03-12,1076,100,79,87,31,21,56
2023-03-13,1076,103,83,87,36,20,51
2023-03-14,1076,125,73,63,35,52,28
2023-03-15,1076,137,81,77,37,56,40
2023-03-16,1076,146,88,61,30,58,31
2023-03-17,1076,118,99,51,35,19,16
2023-03-18,1076,129,63,60,43,66,17
2023-03-19,1076,137,84,99,41,53,58
2023-03-20,1076,115,91,52,51,24,1
2023-03-21,1076,128,95,58,45,33,13
2023-03-22,1076,121,91,80,48,30,32
2023-03-23,1076,104,69,68,42,35,26
2023-03-24,1076,146,93,89,37,53,52
2023-03-25,1076,123,74,100,53,49,47
2023-03-26,1076,150,72,81,36,78,45
2023-03-27,1076,102,74,74,49,28,25
2023-03-28,1076,121,86,95,41,35,54
2023-03-29,1076,117,78,68,37,39,31
2023-03-30,1076,133,81,97,41,52,56
2023-03-31,1076,122,77,77,42,45,35
2023-04-01,1076,131,101,94,45,30,49
2023-04-02,1076,118,79,71,52,39,19
2023-04-03,1076,144,92,50,42,52,8
2023-04-04,1076,146,78,75,48,68,27
2023-04-05,1076,113,88,73,32,25,41
2023-04-06,1076,113,80,94,49,33,45
2023-04-07,1076,118,83,72,42,35,30
2023-04-08,1076,108,78,94,40,30,54
2023-04-09,1076,140,92,94,28,48,66
2023-04-10,1076,132,79,72,40,53,32
2023-04-11,1076,131,79,66,45,52,21
2023-04-12,1076,125,80,53,27,45,26
2023-04-13,1076,131,80,88,32,51,56
2023-04-14,1076,116,96,78,38,20,40
2023-04-15,1076,107,93,54,42,14,12
2023-04-16,1076,110,86,52,41,24,11
2023-04-17,1076,150,80,83,38,70,45
2023-04-18,1076,119,78,81,53,41,28
2023-04-19,1076,142,71,62,36,71,26
2023-04-20,1076,120,83,52,32,37,20
2023-04-21,1076,106,88,93,41,18,52
2023-04-22,1076,104,90,68,44,14,24
2023-04-23,1076,138,85,78,35,53,43
2023-04-24,1076,118,65,69,41,53,28
2023-04-25,1076,139,77,52,36,62,16
2023-04-26,1076,113,89,95,34,24,61
2023-04-27,1076,119,85,81,31,34,50
2023-04-28,1076,141,81,71,40,60,31
2023-04-29,1076,146,80,50,27,66,23
2023-04-30,1076,109,83,84,46,26,38
2023-05-01,1076,124,91,97,34,33,63
2023-05-02,1076,117,76,76,37,41,39
2023-05-03,1076,106,76,50,38,30,12
2023-05-04,1076,109,95,98,39,14,59
2023-05-05,1076,106,81,79,43,25,36
2023-05-06,1076,104,77,97,43,27,54
2023-05-07,1076,100,91,87,34,9,53
2023-05-08,1076,108,88,52,43,20,9
2023-05-09,1076,104,76,99,45,28,54
2023-05-10,1076,140,88,77,50,52,27
2023-05-11,1076,105,85,96,35,20,61
2023-05-12,1076,101,87,94,32,14,62
2023-05-13,1076,110,78,81,38,32,43
2023-05-14,1076,131,63,87,42,68,45
2023-05-15,1076,106,74,84,41,32,43
2023-05-16,1076,109,88,83,49,21,34
2023-05-17,1076,129,74,83,51,55,32
2023-05-18,1076,135,92,86,32,43,54
2023-05-19,1076,141,85,98,47,56,51
2023-05-20,1076,103,69,51,34,34,17
2023-05-21,1076,111,76,52,39,35,13
2023-05-22,1076,114,80,86,43,34,43
2023-05-23,1076,145,93,90,40,52,50
2023-05-24,1076,137,87,76,35,50,41
2023-05-25,1076,130,83,55,32,47,23
2023-05-26,1076,127,69,71,42,58,29
2023-05-27,1076,125,91,95,40,34,55
2023-05-28,1076,137,82,83,41,55,42
2023-05-29,1076,117,88,100,45,29,55
2023-05-30,1076,114,90,88,46,24,42
2023-05-31,1076,140,59,78,43,81,35
2023-06-01,1076,129,82,87,37,47,50
2023-06-02,1076,137,90,52,34,47,18
2023-06-03,1076,120,84,65,41,36,24
2023-06-04,1076,101,77,86,30,24,56
2023-06-05,1076,139,96,82,43,43,39
2023-06-06,1076,126,102,61,35,24,26
2023-06-07,1076,116,79,71,41,37,30
2023-06-08,1076,136,76,96,45,60,51
2023-06-09,1076,105,88,53,36,17,17
2023-06-10,1076,149,77,94,36,72,58
2023-06-11,1076,104,67,84,35,37,49
2023-06-12,1076,147,98,66,39,49,27
2023-06-13,1076,144,85,74,38,59,36
2023-06-14,1076,103,72,57,38,31,19
2023-06-15,1076,115,77,62,35,38,27
2023-06-16,1076,127,78,64,26,49,38
2023-06-17,1076,102,81,64,47,21,17
2023-06-18,1076,105,86,75,51,19,24
2023-06-19,1076,143,76,98,32,67,66
2023-06-20,1076,108,103,59,29,5,30
2023-06-21,1076,117,90,58,43,27,15
2023-06-22,1076,107,77,87,33,30,54
2023-06-23,1076,139,74,83,40,65,43
2023-06-24,1076,148,71,66,39,77,27
2023-06-25,1076,141,74,88,44,67,44
2023-06-26,1076,130,77,69,48,53,21
2023-06-27,1076,139,83,52,40,56,12
2023-06-28,1076,138,85,55,42,53,13
2023-06-29,1076,127,95,96,36,32,60
2023-06-30,1076,143,97,95,46,46,49
2023-07-01,1076,109,77,88,36,32,52
2023-07-02,1076,144,87,67,47,57,20
2023-07-03,1076,123,93,98,42,30,56
2023-07-04,1076,107,87,95,43,20,52
2023-07-05,1076,122,93,64,38,29,26
2023-07-06,1076,115,77,56,38,38,18
2023-07-07,1076,102,69,72,39,33,33
2023-07-08,1076,136,77,100,53,59,47
2023-07-09,1076,138,89,95,33,49,62
2023-07-10,1076,104,76,64,34,28,30
2023-07-11,1076,115,69,91,37,46,54
2023-07-12,1076,130,83,84,51,47,33
2023-07-13,1076,132,79,67,40,53,27
2023-07-14,1076,136,63,81,37,73,44
2023-07-15,1076,146,82,76,33,64,43
2023-07-16,1076,145,90,64,40,55,24
2023-07-17,1076,132,86,66,46,46,20
2023-07-18,1076,141,90,91,51,51,40
2023-07-19,1076,123,104,62,44,19,18
2023-07-20,1076,129,73,100,42,56,58
2023-07-21,1076,143,75,75,26,68,49
2023-07-22,1076,124,81,52,37,43,15
2023-07-23,1076,101,92,75,48,9,27
2023-07-24,1076,139,85,69,39,54,30
2023-07-25,1076,102,79,71,40,23,31
2023-07-26,1076,138,74,56,43,64,13
2023-07-27,1076,108,85,51,36,23,15
2023-07-28,1076,101,81,54,42,20,12
2023-07-29,1076,101,70,92,47,31,45
2023-07-30,1076,143,78,76,43,65,33
2023-07-31,1076,149,67,84,44,82,40
2023-08-01,1076,144,90,63,46,54,17
2023-08-02,1076,106,82,51,42,24,9
2023-08-03,1076,109,89,82,44,20,38
2023-08-04,1076,110,82,74,46,28,28
2023-08-05,1076,139,85,100,36,54,64
2023-08-06,1076,144,88,95,45,56,50
2023-08-07,1076,139,90,92,44,49,48
2023-08-08,1076,107,84,78,32,23,46
2023-08-09,1076,133,81,85,50,52,35
2023-08-10,1076,110,72,75,46,38,29
2023-08-11,1076,111,65,57,39,46,18
2023-08-12,1076,134,85,73,36,49,37
2023-08-13,1076,117,95,93,48,22,45
2023-08-14,1076,141,75,73,40,66,33
2023-08-15,1076,127,100,53,38,27,15
2023-08-16,1076,136,83,60,49,53,11
2023-08-17,1076,143,83,76,43,60,33
2023-08-18,1076,137,85,94,46,52,48
2023-08-19,1076,114,61,56,26,53,30
2023-08-20,1076,117,87,94,36,30,58
2023-08-21,1076,143,85,70,43,58,27
2023-08-22,1076,110,71,85,38,39,47
2023-08-23,1076,146,75,69,43,71,26
2023-08-24,1076,122,85,65,56,37,9
2023-08-25,1076,149,75,97,42,74,55
2023-08-26,1076,150,92,93,41,58,52
2023-08-27,1076,124,79,91,37,45,54
2023-08-28,1076,119,74,83,42,45,41
2023-08-29,1076,150,85,67,41,65,26
2023-08-30,1076,129,73,63,43,56,20
2023-08-31,1076,108,64,71,36,44,35
2023-09-01,1076,114,76,73,45,38,28
2023-09-02,1076,103,68,81,41,35,40
2023-09-03,1076,123,91,95,39,32,56
2023-09-04,1076,104,77,76,53,27,23
2023-09-05,1076,133,85,57,36,48,21
2023-09-06,1076,144,88,69,36,56,33
2023-09-07,1076,145,82,55,38,63,17
2023-09-08,1076,105,85,81,27,20,54
2023-09-09,1076,147,95,72,37,52,35
2023-09-10,1076,101,96,54,41,5,13
2023-09-11,1076,107,90,65,39,17,26
2023-09-12,1076,101,92,79,32,9,47
2023-09-13,1076,112,89,93,50,23,43
2023-09-14,1076,119,66,67,40,53,27
2023-09-15,1076,144,70,98,34,74,64
2023-09-16,1076,145,85,57,41,60,16
2023-09-17,1076,132,85,76,43,47,33
2023-09-18,1076,134,82,60,39,52,21
2023-09-19,1076,101,99,85,35,2,50
2023-09-20,1076,136,80,96,35,56,61
2023-09-21,1076,134,90,82,33,44,49
2023-09-22,1076,103,74,51,30,29,21
2023-09-23,1076,104,77,69,46,27,23
2023-09-24,1076,143,80,98,32,63,66
2023-09-25,1076,107,96,89,31,11,58
2023-09-26,1076,120,79,52,40,41,12
2023-09-27,1076,100,84,54,35,16,19
2023-09-28,1076,103,84,67,46,19,21
2023-09-29,1076,111,74,51,50,37,1
2023-09-30,1076,141,74,87,51,67,36
2023-10-01,1076,109,74,79,45,35,34
2023-10-02,1076,111,74,85,47,37,38
2023-10-03,1076,131,80,100,41,51,59
2023-10-04,1076,143,73,71,40,70,31
2023-10-05,1076,117,87,51,49,30,2
2023-10-06,1076,105,93,72,40,12,32
2023-10-07,1076,134,78,68,44,56,24
2023-10-08,1076,113,71,76,39,42,37
2023-10-09,1076,120,81,67,42,39,25
2023-10-10,1076,141,80,75,42,61,33
2023-10-11,1076,149,71,54,31,78,23
2023-10-12,1076,147,80,78,44,67,34
2023-10-13,1076,114,76,63,46,38,17
2023-10-14,1076,147,106,56,35,41,21
2023-10-15,1076,129,71,74,41,58,33
2023-10-16,1076,130,85,76,31,45,45
2023-10-17,1076,144,85,61,44,59,17
2023-10-18,1076,112,75,87,42,37,45
2023-10-19,1076,107,98,100,33,9,67
2023-10-20,1076,117,71,87,44,46,43
2023-10-21,1076,136,82,100,41,54,59
2023-10-22,1076,116,76,97,49,40,48
2023-10-23,1076,130,78,52,46,52,6
2023-10-24,1076,103,82,94,35,21,59
2023-10-25,1076,104,78,99,31,26,68
2023-10-26,1076,117,85,69,31,32,38
2023-10-27,1076,100,67,96,43,33,53
2023-10-28,1076,106,94,53,35,12,18
2023-10-29,1076,118,86,100,33,32,67
2023-10-30,1076,136,84,62,35,52,27
2023-10-31,1076,125,71,87,41,54,46
2023-11-01,1076,109,84,97,38,25,59
2023-11-02,1076,103,80,90,43,23,47
2023-11-03,1076,112,98,72,45,14,27
2023-11-04,1076,143,82,90,35,61,55
2023-11-05,1076,121,73,78,38,48,40
2023-11-06,1076,112,61,83,49,51,34
2023-11-07,1076,102,73,96,46,29,50
2023-11-08,1076,110,72,93,33,38,60
2023-11-09,1076,132,73,63,44,59,19
2023-11-10,1076,134,77,70,36,57,34
2023-11-11,1076,139,76,68,41,63,27
2023-11-12,1076,148,95,54,31,53,23
2023-11-13,1076,121,79,65,35,42,30
2023-11-14,1076,105,82,92,39,23,53
2023-11-15,1076,121,95,60,41,26,19
2023-11-16,1076,129,90,59,40,39,19
2023-11-17,1076,122,87,75,34,35,41
2023-11-18,1076,124,86,75,57,38,18
2023-11-19,1076,139,68,61,36,71,25
2023-11-20,1076,142,67,84,41,75,43
2023-11-21,1076,102,97,65,47,5,18
2023-11-22,1076,134,88,96,33,46,63
2023-11-23,1076,100,77,59,30,23,29
2023-11-24,1076,118,99,93,36,19,57
2023-11-25,1076,115,77,82,40,38,42
2023-11-26,1076,121,79,80,41,42,39
2023-11-27,1076,115,81,63,36,34,27
2023-11-28,1076,150,74,88,35,76,53
2023-11-29,1076,128,85,64,51,43,13
2023-11-30,1076,107,80,88,35,27,53
2023-12-01,1076,110,89,84,39,21,45
2023-12-02,1076,148,73,94,37,75,57
2023-12-03,1076,117,89,74,43,28,31
2023-12-04,1076,142,76,92,38,66,54
2023-12-05,1076,127,66,50,45,61,5
2023-12-06,1076,123,77,63,32,46,31
2023-12-07,1076,114,78,100,30,36,70
2023-12-08,1076,145,72,59,49,73,10
2023-12-09,1076,148,73,78,55,75,23
2023-12-10,1076,119,97,68,38,22,30
2023-12-11,1076,144,75,67,33,69,34
2023-12-12,1076,124,77,99,40,47,59
2023-12-13,1076,145,88,65,35,57,30
2023-12-14,1076,145,80,85,35,65,50
2023-12-15,1076,131,82,87,47,49,40
2023-12-16,1076,144,76,98,29,68,69
2023-12-17,1076,109,77,90,42,32,48
2023-12-18,1076,137,67,61,39,70,22
2023-12-19,1076,108,88,80,45,20,35
2023-12-20,1076,134,93,96,40,41,56
2023-12-21,1076,115,84,79,48,31,31
2023-12-22,1076,130,74,85,38,56,47
2023-12-23,1076,122,77,51,44,45,7
2023-12-24,1076,115,95,78,35,20,43
2023-12-25,1076,109,97,59,39,12,20
2023-12-26,1076,108,95,88,26,13,62
2023-12-27,1076,134,71,79,45,63,34
2023-12-28,1076,139,90,87,44,49,43
2023-12-29,1076,106,102,88,38,4,50
2023-12-30,1076,108,85,77,45,23,32
2023-12-31,1076,108,89,65,41,19,24
2023-01-01,1077,118,81,78,39,37,39
2023-01-02,1077,118,84,97,33,34,64
2023-01-03,1077,101,73,53,36,28,17
2023-01-04,1077,103,84,78,45,19,33
2023-01-05,1077,148,81,84,44,67,40
2023-01-06,1077,138,90,67,44,48,23
2023-01-07,1077,101,86,77,41,15,36
2023-01-08,1077,108,87,64,52,21,12
2023-01-09,1077,128,77,65,31,51,34
2023-01-10,1077,145,68,76,49,77,27
2023-01-11,1077,135,89,93,41,46,52
2023-01-12,1077,119,52,50,44,67,6
2023-01-13,1077,148,60,56,45,88,11
2023-01-14,1077,138,74,98,48,64,50
2023-01-15,1077,139,79,70,36,60,34
2023-01-16,1077,147,87,75,40,60,35
2023-01-17,1077,131,78,95,33,53,62
2023-01-18,1077,139,84,70,26,55,44
2023-01-19,1077,103,88,74,43,15,31
2023-01-20,1077,128,79,80,46,49,34
2023-01-21,1077,132,72,69,41,60,28
2023-01-22,1077,113,78,60,40,35,20
2023-01-23,1077,146,83,76,40,63,36
2023-01-24,1077,103,81,71,29,22,42
2023-01-25,1077,147,75,71,44,72,27
2023-01-26,1077,106,80,84,40,26,44
2023-01-27,1077,137,70,77,41,67,36
2023-01-28,1077,130,72,92,44,58,48
2023-01-29,1077,131,62,61,52,69,9
2023-01-30,1077,112,72,82,36,40,46
2023-01-31,1077,102,76,70,45,26,25
2023-02-01,1077,117,73,98,38,44,60
2023-02-02,1077,132,93,52,49,39,3
2023-02-03,1077,114,67,75,50,47,25
2023-02-04,1077,103,74,63,32,29,31
2023-02-05,1077,121,87,99,46,34,53
2023-02-06,1077,110,78,68,50,32,18
2023-02-07,1077,115,92,86,38,23,48
2023-02-08,1077,131,94,72,43,37,29
2023-02-09,1077,105,59,61,34,46,27
2023-02-10,1077,122,82,77,49,40,28
2023-02-11,1077,123,83,56,39,40,17
2023-02-12,1077,100,83,51,47,17,4
2023-02-13,1077,145,90,84,35,55,49
2023-02-14,1077,141,75,54,54,66,0
2023-02-15,1077,119,86,61,48,33,13
2023-02-16,1077,128,68,59,44,60,15
2023-02-17,1077,133,79,87,37,54,50
2023-02-18,1077,106,72,92,30,34,62
2023-02-19,1077,107,75,75,41,32,34
2023-02-20,1077,136,94,92,40,42,52
2023-02-21,1077,126,78,97,46,48,51
2023-02-22,1077,148,73,74,39,75,35
2023-02-23,1077,100,91,66,51,9,15
2023-02-24,1077,135,63,98,41,72,57
2023-02-25,1077,119,84,86,27,35,59
2023-02-26,1077,101,76,80,35,25,45
2023-02-27,1077,130,67,89,41,63,48
2023-02-28,1077,145,75,65,40,70,25
2023-03-01,1077,147,84,85,35,63,50
2023-03-02,1077,114,76,85,47,38,38
2023-03-03,1077,126,96,76,36,30,40
2023-03-04,1077,131,72,64,32,59,32
2023-03-05,1077,123,75,79,32,48,47
2023-03-06,1077,115,70,95,40,45,55
2023-03-07,1077,125,91,79,51,34,28
2023-03-08,1077,113,65,57,35,48,22
2023-03-09,1077,134,79,71,37,55,34
2023-03-10,1077,146,80,90,28,66,62
2023-03-11,1077,126,81,73,36,45,37
2023-03-12,1077,103,78,65,33,25,32
2023-03-13,1077,122,86,77,49,36,28
2023-03-14,1077,110,73,95,37,37,58
2023-03-15,1077,114,77,69,43,37,26
2023-03-16,1077,148,85,83,41,63,42
2023-03-17,1077,132,87,78,37,45,41
2023-03-18,1077,105,80,83,50,25,33
2023-03-19,1077,103,74,76,44,29,32
2023-03-20,1077,149,94,62,33,55,29
2023-03-21,1077,112,98,75,33,14,42
2023-03-22,1077,127,80,98,35,47,63
2023-03-23,1077,134,79,94,49,55,45
2023-03-24,1077,126,78,83,45,48,38
2023-03-25,1077,108,75,95,40,33,55
2023-03-26,1077,137,74,61,41,63,20
2023-03-27,1077,145,67,54,29,78,25
2023-03-28,1077,139,82,89,42,57,47
2023-03-29,1077,127,80,61,39,47,22
2023-03-30,1077,100,61,90,34,39,56
2023-03-31,1077,120,85,99,33,35,66
2023-04-01,1077,129,63,87,53,66,34
2023-04-02,1077,137,81,63,45,56,18
2023-04-03,1077,109,65,93,44,44,49
2023-04-04,1077,108,66,71,43,42,28
2023-04-05,1077,109,85,64,41,24,23
2023-04-06,1077,108,87,98,40,21,58
2023-04-07,1077,127,90,81,33,37,48
2023-04-08,1077,149,83,89,35,66,54
2023-04-09,1077,124,86,70,33,38,37
2023-04-10,1077,105,87,63,44,18,19
2023-04-11,1077,106,81,75,37,25,38
2023-04-12,1077,141,107,55,43,34,12
2023-04-13,1077,143,81,87,43,62,44
2023-04-14,1077,103,95,52,40,8,12
2023-04-15,1077,118,72,55,38,46,17
2023-04-16,1077,149,79,65,46,70,19
2023-04-17,1077,134,81,74,53,53,21
2023-04-18,1077,138,66,99,42,72,57
2023-04-19,1077,145,82,77,51,63,26
2023-04-20,1077,143,91,80,35,52,45
2023-04-21,1077,112,83,74,37,29,37
2023-04-22,1077,100,74,99,47,26,52
2023-04-23,1077,118,75,80,53,43,27
2023-04-24,1077,111,78,82,55,33,27
2023-04-25,1077,145,85,59,45,60,14
2023-04-26,1077,134,91,63,45,43,18
2023-04-27,1077,129,80,82,47,49,35
2023-04-28,1077,149,80,51,31,69,20
2023-04-29,1077,121,77,65,38,44,27
2023-04-30,1077,133,72,58,43,61,15
2023-05-01,1077,150,77,53,52,73,1
2023-05-02,1077,101,69,55,50,32,5
2023-05-03,1077,124,84,91,43,40,48
2023-05-04,1077,126,72,74,27,54,47
2023-05-05,1077,115,71,90,44,44,46
2023-05-06,1077,113,85,99,38,28,61
2023-05-07,1077,118,61,66,42,57,24
2023-05-08,1077,147,73,83,47,74,36
2023-05-09,1077,147,84,63,49,63,14
2023-05-10,1077,108,102,60,46,6,14
2023-05-11,1077,148,74,94,36,74,58
2023-05-12,1077,136,73,94,36,63,58
2023-05-13,1077,101,87,79,40,14,39
2023-05-14,1077,139,89,71,41,50,30
2023-05-15,1077,125,75,77,41,50,36
2023-05-16,1077,106,78,64,31,28,33
2023-05-17,1077,118,74,83,39,44,44
2023-05-18,1077,119,78,60,46,41,14
2023-05-19,1077,132,86,56,40,46,16
2023-05-20,1077,137,88,67,34,49,33
2023-05-21,1077,101,78,82,44,23,38
2023-05-22,1077,130,92,59,35,38,24
2023-05-23,1077,102,77,98,41,25,57
2023-05-24,1077,109,85,68,46,24,22
2023-05-25,1077,102,87,66,33,15,33
2023-05-26,1077,150,82,52,27,68,25
2023-05-27,1077,107,98,82,48,9,34
2023-05-28,1077,134,98,78,36,36,42
2023-05-29,1077,149,87,97,33,62,64
2023-05-30,1077,125,85,71,35,40,36
2023-05-31,1077,120,62,100,38,58,62
2023-06-01,1077,118,87,55,46,31,9
2023-06-02,1077,102,71,99,42,31,57
2023-06-03,1077,149,74,63,52,75,11
2023-06-04,1077,148,68,87,38,80,49
2023-06-05,1077,149,83,67,45,66,22
2023-06-06,1077,123,74,56,29,49,27
2023-06-07,1077,138,70,50,29,68,21
2023-06-08,1077,111,79,77,36,32,41
2023-06-09,1077,121,65,53,30,56,23
2023-06-10,1077,110,99,91,40,11,51
2023-06-11,1077,123,76,55,56,47,-1
2023-06-12,1077,104,80,58,32,24,26
2023-06-13,1077,113,81,87,41,32,46
2023-06-14,1077,122,91,99,37,31,62
2023-06-15,1077,132,106,91,32,26,59
2023-06-16,1077,142,71,90,38,71,52
2023-06-17,1077,132,86,69,50,46,19
2023-06-18,1077,133,87,73,35,46,38
2023-06-19,1077,137,88,94,46,49,48
2023-06-20,1077,114,71,51,33,43,18
2023-06-21,1077,131,72,57,37,59,20
2023-06-22,1077,118,71,87,45,47,42
2023-06-23,1077,128,81,83,40,47,43
2023-06-24,1077,118,70,67,29,48,38
2023-06-25,1077,142,78,52,39,64,13
2023-06-26,1077,147,70,76,51,77,25
2023-06-27,1077,125,97,94,49,28,45
2023-06-28,1077,150,81,85,48,69,37
2023-06-29,1077,111,83,98,36,28,62
2023-06-30,1077,112,80,58,36,32,22
2023-07-01,1077,141,73,99,37,68,62
2023-07-02,1077,107,74,50,37,33,13
2023-07-03,1077,129,74,96,42,55,54
2023-07-04,1077,114,80,53,42,34,11
2023-07-05,1077,102,75,88,31,27,57
2023-07-06,1077,124,77,50,38,47,12
2023-07-07,1077,131,83,97,24,48,73
2023-07-08,1077,144,62,57,40,82,17
2023-07-09,1077,119,82,94,35,37,59
2023-07-10,1077,101,87,51,33,14,18
2023-07-11,1077,143,87,95,36,56,59
2023-07-12,1077,133,80,56,39,53,17
2023-07-13,1077,114,88,65,41,26,24
2023-07-14,1077,120,76,80,43,44,37
2023-07-15,1077,117,79,77,48,38,29
2023-07-16,1077,125,88,55,36,37,19
2023-07-17,1077,111,67,75,44,44,31
2023-07-18,1077,137,75,52,40,62,12
2023-07-19,1077,117,80,85,34,37,51
2023-07-20,1077,104,82,71,37,22,34
2023-07-21,1077,133,69,59,43,64,16
2023-07-22,1077,129,95,62,41,34,21
2023-07-23,1077,149,84,53,39,65,14
2023-07-24,1077,150,81,71,36,69,35
2023-07-25,1077,120,91,71,46,29,25
2023-07-26,1077,100,67,75,51,33,24
2023-07-27,1077,123,94,95,39,29,56
2023-07-28,1077,141,64,70,40,77,30
2023-07-29,1077,100,72,66,48,28,18
2023-07-30,1077,115,55,57,31,60,26
2023-07-31,1077,150,92,59,48,58,11
2023-08-01,1077,109,96,55,40,13,15
2023-08-02,1077,130,72,65,38,58,27
2023-08-03,1077,102,80,99,37,22,62
2023-08-04,1077,127,78,94,50,49,44
2023-08-05,1077,114,80,91,31,34,60
2023-08-06,1077,134,72,84,46,62,38
2023-08-07,1077,131,78,98,34,53,64
2023-08-08,1077,129,75,65,35,54,30
2023-08-09,1077,113,77,57,58,36,-1
2023-08-10,1077,112,86,55,36,26,19
2023-08-11,1077,117,74,83,27,43,56
2023-08-12,1077,109,93,89,38,16,51
2023-08-13,1077,111,81,84,47,30,37
2023-08-14,1077,112,73,77,27,39,50
2023-08-15,1077,149,64,59,45,85,14
2023-08-16,1077,114,77,59,54,37,5
2023-08-17,1077,111,98,79,49,13,30
2023-08-18,1077,112,66,74,51,46,23
2023-08-19,1077,146,73,80,38,73,42
2023-08-20,1077,116,93,99,50,23,49
2023-08-21,1077,114,87,98,53,27,45
2023-08-22,1077,122,91,60,47,31,13
2023-08-23,1077,113,83,50,31,30,19
2023-08-24,1077,126,57,85,46,69,39
2023-08-25,1077,101,83,65,31,18,34
2023-08-26,1077,139,82,73,36,57,37
2023-08-27,1077,150,71,100,52,79,48
2023-08-28,1077,136,94,59,50,42,9
2023-08-29,1077,149,82,81,44,67,37
2023-08-30,1077,144,73,70,36,71,34
2023-08-31,1077,114,71,85,34,43,51
2023-09-01,1077,121,103,61,44,18,17
2023-09-02,1077,137,87,69,42,50,27
2023-09-03,1077,129,81,50,35,48,15
2023-09-04,1077,115,109,96,37,6,59
2023-09-05,1077,113,73,76,27,40,49
2023-09-06,1077,138,72,79,35,66,44
2023-09-07,1077,124,83,56,41,41,15
2023-09-08,1077,115,82,53,54,33,-1
2023-09-09,1077,147,85,97,42,62,55
2023-09-10,1077,106,85,55,34,21,21
2023-09-11,1077,104,86,51,38,18,13
2023-09-12,1077,100,79,66,38,21,28
2023-09-13,1077,115,79,85,43,36,42
2023-09-14,1077,123,76,57,53,47,4
2023-09-15,1077,148,77,79,30,71,49
2023-09-16,1077,107,87,52,44,20,8
2023-09-17,1077,148,87,93,32,61,61
2023-09-18,1077,144,72,56,56,72,0
2023-09-19,1077,102,77,58,41,25,17
2023-09-20,1077,142,82,95,42,60,53
2023-09-21,1077,117,68,91,45,49,46
2023-09-22,1077,106,79,95,31,27,64
2023-09-23,1077,150,78,55,28,72,27
2023-09-24,1077,102,70,75,30,32,45
2023-09-25,1077,111,88,59,32,23,27
2023-09-26,1077,112,87,58,33,25,25
2023-09-27,1077,127,95,87,33,32,54
2023-09-28,1077,141,68,72,38,73,34
2023-09-29,1077,132,78,67,42,54,25
2023-09-30,1077,131,83,61,48,48,13
2023-10-01,1077,128,84,93,38,44,55
2023-10-02,1077,134,78,74,40,56,34
2023-10-03,1077,139,93,71,38,46,33
2023-10-04,1077,148,71,82,54,77,28
2023-10-05,1077,133,70,84,40,63,44
2023-10-06,1077,115,58,89,31,57,58
2023-10-07,1077,137,91,72,29,46,43
2023-10-08,1077,140,77,59,46,63,13
2023-10-09,1077,102,85,99,33,17,66
2023-10-10,1077,106,74,69,39,32,30
2023-10-11,1077,125,75,78,38,50,40
2023-10-12,1077,143,74,84,41,69,43
2023-10-13,1077,100,97,56,41,3,15
2023-10-14,1077,136,77,95,34,59,61
2023-10-15,1077,127,99,89,44,28,45
2023-10-16,1077,104,92,84,39,12,45
2023-10-17,1077,137,76,94,44,61,50
2023-10-18,1077,102,77,74,41,25,33
2023-10-19,1077,110,67,69,43,43,26
2023-10-20,1077,109,78,81,47,31,34
2023-10-21,1077,125,80,63,33,45,30
2023-10-22,1077,115,85,76,36,30,40
2023-10-23,1077,141,90,100,49,51,51
2023-10-24,1077,113,80,94,56,33,38
2023-10-25,1077,107,86,52,41,21,11
2023-10-26,1077,135,89,70,30,46,40
2023-10-27,1077,120,85,74,44,35,30
2023-10-28,1077,149,72,75,35,77,40
2023-10-29,1077,141,73,77,40,68,37
2023-10-30,1077,100,89,85,52,11,33
2023-10-31,1077,142,95,93,35,47,58
2023-11-01,1077,137,87,53,39,50,14
2023-11-02,1077,135,106,50,45,29,5
2023-11-03,1077,131,72,78,40,59,38
2023-11-04,1077,102,85,67,39,17,28
2023-11-05,1077,137,77,98,51,60,47
2023-11-06,1077,139,68,75,37,71,38
2023-11-07,1077,150,97,58,44,53,14
2023-11-08,1077,136,85,83,48,51,35
2023-11-09,1077,130,80,88,45,50,43
2023-11-10,1077,143,92,65,47,51,18
2023-11-11,1077,105,82,53,39,23,14
2023-11-12,1077,112,82,55,43,30,12
2023-11-13,1077,106,86,81,31,20,50
2023-11-14,1077,108,93,54,57,15,-3
2023-11-15,1077,128,92,77,41,36,36
2023-11-16,1077,115,81,57,30,34,27
2023-11-17,1077,108,79,55,43,29,12
2023-11-18,1077,128,84,57,44,44,13
2023-11-19,1077,127,66,74,39,61,35
2023-11-20,1077,138,75,91,34,63,57
2023-11-21,1077,103,69,79,42,34,37
2023-11-22,1077,112,77,65,41,35,24
2023-11-23,1077,100,69,58,35,31,23
2023-11-24,1077,145,78,73,42,67,31
2023-11-25,1077,142,71,62,45,71,17
2023-11-26,1077,103,88,84,48,15,36
2023-11-27,1077,123,61,86,48,62,38
2023-11-28,1077,141,95,67,42,46,25
2023-11-29,1077,100,73,100,49,27,51
2023-11-30,1077,129,87,55,30,42,25
2023-12-01,1077,134,101,96,42,33,54
2023-12-02,1077,148,79,99,37,69,62
2023-12-03,1077,150,88,60,44,62,16
2023-12-04,1077,136,88,60,41,48,19
2023-12-05,1077,143,77,69,46,66,23
2023-12-06,1077,122,80,86,49,42,37
2023-12-07,1077,132,78,55,36,54,19
2023-12-08,1077,146,75,76,41,71,35
2023-12-09,1077,144,74,71,48,70,23
2023-12-10,1077,117,78,99,45,39,54
2023-12-11,1077,144,72,93,40,72,53
2023-12-12,1077,137,80,81,35,57,46
2023-12-13,1077,126,77,93,38,49,55
2023-12-14,1077,130,85,96,34,45,62
2023-12-15,1077,112,86,81,43,26,38
2023-12-16,1077,124,79,96,40,45,56
2023-12-17,1077,142,85,80,41,57,39
2023-12-18,1077,138,80,53,49,58,4
2023-12-19,1077,104,91,53,36,13,17
2023-12-20,1077,100,97,63,33,3,30
2023-12-21,1077,118,84,81,39,34,42
2023-12-22,1077,105,70,60,45,35,15
2023-12-23,1077,144,80,95,38,64,57
2023-12-24,1077,119,72,57,45,47,12
2023-12-25,1077,113,82,55,45,31,10
2023-12-26,1077,122,86,86,40,36,46
2023-12-27,1077,120,83,93,35,37,58
2023-12-28,1077,141,71,69,37,70,32
2023-12-29,1077,134,79,98,42,55,56
2023-12-30,1077,136,82,76,36,54,40
2023-12-31,1077,128,83,87,52,45,35
2023-01-01,1078,125,83,64,38,42,26
2023-01-02,1078,100,77,64,43,23,21
2023-01-03,1078,149,90,72,30,59,42
2023-01-04,1078,118,90,64,34,28,30
2023-01-05,1078,128,71,89,38,57,51
2023-01-06,1078,132,88,69,49,44,20
2023-01-07,1078,101,90,77,30,11,47
2023-01-08,1078,111,84,90,35,27,55
2023-01-09,1078,131,90,96,32,41,64
2023-01-10,1078,144,93,82,45,51,37
2023-01-11,1078,128,76,89,40,52,49
2023-01-12,1078,112,81,97,41,31,56
2023-01-13,1078,109,97,89,32,12,57
2023-01-14,1078,140,76,80,34,64,46
2023-01-15,1078,101,100,56,30,1,26
2023-01-16,1078,113,57,51,35,56,16
2023-01-17,1078,128,73,67,39,55,28
2023-01-18,1078,130,76,69,36,54,33
2023-01-19,1078,132,71,81,34,61,47
2023-01-20,1078,116,83,95,44,33,51
2023-01-21,1078,141,84,84,38,57,46
2023-01-22,1078,134,91,92,38,43,54
2023-01-23,1078,144,93,81,40,51,41
2023-01-24,1078,131,62,59,46,69,13
2023-01-25,1078,128,79,58,51,49,7
2023-01-26,1078,134,96,62,22,38,40
2023-01-27,1078,150,83,92,48,67,44
2023-01-28,1078,105,77,50,31,28,19
2023-01-29,1078,109,87,65,30,22,35
2023-01-30,1078,135,84,61,44,51,17
2023-01-31,1078,119,89,93,29,30,64
2023-02-01,1078,145,74,59,40,71,19
2023-02-02,1078,132,74,88,47,58,41
2023-02-03,1078,100,86,85,35,14,50
2023-02-04,1078,108,81,100,41,27,59
2023-02-05,1078,140,71,80,38,69,42
2023-02-06,1078,130,78,83,40,52,43
2023-02-07,1078,133,70,53,35,63,18
2023-02-08,1078,140,82,69,45,58,24
2023-02-09,1078,106,73,65,36,33,29
2023-02-10,1078,148,87,70,46,61,24
2023-02-11,1078,132,74,96,40,58,56
2023-02-12,1078,131,87,95,55,44,40
2023-02-13,1078,114,72,65,37,42,28
2023-02-14,1078,130,77,64,37,53,27
2023-02-15,1078,134,63,78,39,71,39
2023-02-16,1078,108,86,63,39,22,24
2023-02-17,1078,128,91,57,37,37,20
2023-02-18,1078,115,88,52,42,27,10
2023-02-19,1078,102,80,70,31,22,39
2023-02-20,1078,103,83,98,47,20,51
2023-02-21,1078,106,73,97,29,33,68
2023-02-22,1078,137,85,78,46,52,32
2023-02-23,1078,145,89,81,28,56,53
2023-02-24,1078,137,71,54,34,66,20
2023-02-25,1078,113,83,52,41,30,11
2023-02-26,1078,117,71,73,40,46,33
2023-02-27,1078,139,82,95,46,57,49
2023-02-28,1078,128,72,67,41,56,26
2023-03-01,1078,127,66,52,46,61,6
2023-03-02,1078,143,72,70,45,71,25
2023-03-03,1078,107,63,93,49,44,44
2023-03-04,1078,116,84,57,38,32,19
2023-03-05,1078,108,89,77,55,19,22
2023-03-06,1078,124,69,85,45,55,40
2023-03-07,1078,108,85,51,26,23,25
2023-03-08,1078,128,68,57,44,60,13
2023-03-09,1078,121,86,94,43,35,51
2023-03-10,1078,125,92,83,41,33,42
2023-03-11,1078,131,89,52,43,42,9
2023-03-12,1078,147,91,80,49,56,31
2023-03-13,1078,115,90,88,40,25,48
2023-03-14,1078,102,68,73,39,34,34
2023-03-15,1078,123,79,89,30,44,59
2023-03-16,1078,136,81,68,44,55,24
2023-03-17,1078,144,67,51,39,77,12
2023-03-18,1078,147,74,75,42,73,33
2023-03-19,1078,135,69,69,34,66,35
2023-03-20,1078,117,86,55,49,31,6
2023-03-21,1078,108,78,93,45,30,48
2023-03-22,1078,142,80,86,38,62,48
2023-03-23,1078,118,78,97,37,40,60
2023-03-24,1078,117,83,55,33,34,22
2023-03-25,1078,136,81,69,52,55,17
2023-03-26,1078,134,76,54,50,58,4
2023-03-27,1078,108,79,54,37,29,17
2023-03-28,1078,131,79,66,31,52,35
2023-03-29,1078,139,92,77,31,47,46
2023-03-30,1078,104,101,97,36,3,61
2023-03-31,1078,146,75,56,42,71,14
2023-04-01,1078,108,84,57,39,24,18
2023-04-02,1078,105,61,70,35,44,35
2023-04-03,1078,107,90,76,45,17,31
2023-04-04,1078,144,81,97,43,63,54
2023-04-05,1078,142,61,75,47,81,28
2023-04-06,1078,123,83,62,38,40,24
2023-04-07,1078,150,93,87,34,57,53
2023-04-08,1078,126,68,92,45,58,47
2023-04-09,1078,149,73,94,39,76,55
2023-04-10,1078,110,71,69,38,39,31
2023-04-11,1078,138,65,72,48,73,24
2023-04-12,1078,117,80,85,35,37,50
2023-04-13,1078,143,79,69,47,64,22
2023-04-14,1078,149,92,87,39,57,48
2023-04-15,1078,141,61,83,52,80,31
2023-04-16,1078,108,93,61,36,15,25
2023-04-17,1078,140,68,64,44,72,20
2023-04-18,1078,136,76,80,33,60,47
2023-04-19,1078,147,79,88,40,68,48
2023-04-20,1078,112,89,62,34,23,28
2023-04-21,1078,138,82,53,37,56,16
2023-04-22,1078,132,94,70,44,38,26
2023-04-23,1078,116,74,73,37,42,36
2023-04-24,1078,120,87,87,32,33,55
2023-04-25,1078,102,97,73,35,5,38
2023-04-26,1078,101,87,87,40,14,47
2023-04-27,1078,147,72,82,40,75,42
2023-04-28,1078,111,76,70,36,35,34
2023-04-29,1078,126,84,79,48,42,31
2023-04-30,1078,138,68,55,46,70,9
2023-05-01,1078,125,81,84,33,44,51
2023-05-02,1078,102,90,71,37,12,34
2023-05-03,1078,148,79,92,42,69,50
2023-05-04,1078,141,78,78,40,63,38
2023-05-05,1078,139,73,82,46,66,36
2023-05-06,1078,106,74,76,32,32,44
2023-05-07,1078,101,98,67,40,3,27
2023-05-08,1078,102,97,90,44,5,46
2023-05-09,1078,128,87,89,41,41,48
2023-05-10,1078,121,66,96,49,55,47
2023-05-11,1078,143,73,99,38,70,61
2023-05-12,1078,144,86,60,40,58,20
2023-05-13,1078,115,87,96,41,28,55
2023-05-14,1078,140,61,52,45,79,7
2023-05-15,1078,107,81,55,26,26,29
2023-05-16,1078,100,78,92,38,22,54
2023-05-17,1078,138,88,92,29,50,63
2023-05-18,1078,118,81,76,29,37,47
2023-05-19,1078,124,73,64,43,51,21
2023-05-20,1078,105,89,70,39,16,31
2023-05-21,1078,113,73,75,48,40,27
2023-05-22,1078,118,91,54,35,27,19
2023-05-23,1078,107,88,88,46,19,42
2023-05-24,1078,116,77,79,47,39,32
2023-05-25,1078,106,82,86,42,24,44
2023-05-26,1078,102,73,100,47,29,53
2023-05-27,1078,126,85,83,29,41,54
2023-05-28,1078,115,86,62,38,29,24
2023-05-29,1078,120,103,54,37,17,17
2023-05-30,1078,149,78,75,42,71,33
2023-05-31,1078,112,87,97,45,25,52
2023-06-01,1078,136,94,50,40,42,10
2023-06-02,1078,146,80,68,31,66,37
2023-06-03,1078,109,76,93,35,33,58
2023-06-04,1078,135,70,83,50,65,33
2023-06-05,1078,110,80,99,43,30,56
2023-06-06,1078,114,92,80,44,22,36
2023-06-07,1078,132,89,73,45,43,28
2023-06-08,1078,109,82,64,31,27,33
2023-06-09,1078,116,90,94,38,26,56
2023-06-10,1078,145,90,76,32,55,44
2023-06-11,1078,138,74,57,39,64,18
2023-06-12,1078,145,111,56,43,34,13
2023-06-13,1078,103,82,100,40,21,60
2023-06-14,1078,119,68,53,44,51,9
2023-06-15,1078,143,84,81,31,59,50
2023-06-16,1078,102,81,56,34,21,22
2023-06-17,1078,148,75,58,43,73,15
2023-06-18,1078,106,87,57,51,19,6
2023-06-19,1078,123,78,92,41,45,51
2023-06-20,1078,112,95,93,49,17,44
2023-06-21,1078,141,86,93,47,55,46
2023-06-22,1078,114,83,74,47,31,27
2023-06-23,1078,145,80,57,35,65,22
2023-06-24,1078,127,70,86,40,57,46
2023-06-25,1078,142,65,95,41,77,54
2023-06-26,1078,135,92,82,45,43,37
2023-06-27,1078,138,68,71,40,70,31
2023-06-28,1078,114,82,55,39,32,16
2023-06-29,1078,117,76,89,34,41,55
2023-06-30,1078,142,87,53,31,55,22
2023-07-01,1078,116,108,50,43,8,7
2023-07-02,1078,121,76,77,38,45,39
2023-07-03,1078,139,72,73,42,67,31
2023-07-04,1078,133,91,63,38,42,25
2023-07-05,1078,121,88,56,24,33,32
2023-07-06,1078,139,73,74,51,66,23
2023-07-07,1078,132,88,61,40,44,21
2023-07-08,1078,137,82,89,35,55,54
2023-07-09,1078,134,70,56,40,64,16
2023-07-10,1078,120,72,66,37,48,29
2023-07-11,1078,133,76,57,36,57,21
2023-07-12,1078,145,74,81,40,71,41
2023-07-13,1078,132,86,59,41,46,18
2023-07-14,1078,106,81,62,34,25,28
2023-07-15,1078,133,86,81,46,47,35
2023-07-16,1078,144,74,63,39,70,24
2023-07-17,1078,125,82,81,53,43,28
2023-07-18,1078,127,64,77,40,63,37
2023-07-19,1078,112,77,50,42,35,8
2023-07-20,1078,142,76,95,43,66,52
2023-07-21,1078,138,84,98,44,54,54
2023-07-22,1078,140,84,75,47,56,28
2023-07-23,1078,123,75,70,48,48,22
2023-07-24,1078,105,85,56,35,20,21
2023-07-25,1078,138,97,84,38,41,46
2023-07-26,1078,121,80,99,43,41,56
2023-07-27,1078,117,79,82,34,38,48
2023-07-28,1078,132,71,97,40,61,57
2023-07-29,1078,135,72,85,35,63,50
2023-07-30,1078,141,96,51,29,45,22
2023-07-31,1078,113,76,69,45,37,24
2023-08-01,1078,115,78,57,46,37,11
2023-08-02,1078,121,86,66,44,35,22
2023-08-03,1078,101,81,65,42,20,23
2023-08-04,1078,146,84,94,45,62,49
2023-08-05,1078,144,74,56,51,70,5
2023-08-06,1078,133,77,58,41,56,17
2023-08-07,1078,119,85,63,31,34,32
2023-08-08,1078,147,85,93,36,62,57
2023-08-09,1078,113,64,100,36,49,64
2023-08-10,1078,105,99,56,47,6,9
2023-08-11,1078,120,68,82,51,52,31
2023-08-12,1078,125,82,67,40,43,27
2023-08-13,1078,131,95,50,32,36,18
2023-08-14,1078,148,83,84,40,65,44
2023-08-15,1078,150,82,67,38,68,29
2023-08-16,1078,136,73,59,33,63,26
2023-08-17,1078,108,92,68,31,16,37
2023-08-18,1078,105,86,96,36,19,60
2023-08-19,1078,116,91,67,32,25,35
2023-08-20,1078,110,100,90,32,10,58
2023-08-21,1078,115,90,66,36,25,30
2023-08-22,1078,144,79,53,39,65,14
2023-08-23,1078,117,76,69,36,41,33
2023-08-24,1078,101,75,98,44,26,54
2023-08-25,1078,140,88,62,44,52,18
2023-08-26,1078,136,83,70,37,53,33
2023-08-27,1078,115,86,68,43,29,25
2023-08-28,1078,135,83,60,37,52,23
2023-08-29,1078,134,93,79,33,41,46
2023-08-30,1078,107,76,58,37,31,21
2023-08-31,1078,115,83,51,44,32,7
2023-09-01,1078,150,76,80,45,74,35
2023-09-02,1078,134,84,84,33,50,51
2023-09-03,1078,106,73,88,50,33,38
2023-09-04,1078,144,82,97,52,62,45
2023-09-05,1078,109,70,56,51,39,5
2023-09-06,1078,121,75,59,36,46,23
2023-09-07,1078,138,76,72,43,62,29
2023-09-08,1078,118,82,59,33,36,26
2023-09-09,1078,149,83,65,58,66,7
2023-09-10,1078,133,83,88,50,50,38
2023-09-11,1078,128,80,60,29,48,31
2023-09-12,1078,142,88,73,48,54,25
2023-09-13,1078,123,76,97,41,47,56
2023-09-14,1078,102,84,94,38,18,56
2023-09-15,1078,106,85,93,42,21,51
2023-09-16,1078,143,80,66,53,63,13
2023-09-17,1078,103,83,58,47,20,11
2023-09-18,1078,147,88,54,53,59,1
2023-09-19,1078,139,78,71,37,61,34
2023-09-20,1078,115,84,60,37,31,23
2023-09-21,1078,122,82,83,47,40,36
2023-09-22,1078,112,84,79,32,28,47
2023-09-23,1078,127,74,83,45,53,38
2023-09-24,1078,125,77,57,48,48,9
2023-09-25,1078,121,70,96,38,51,58
2023-09-26,1078,118,89,73,35,29,38
2023-09-27,1078,105,69,99,28,36,71
2023-09-28,1078,134,76,50,38,58,12
2023-09-29,1078,139,74,68,45,65,23
2023-09-30,1078,133,80,63,48,53,15
2023-10-01,1078,108,91,50,53,17,-3
2023-10-02,1078,114,87,97,28,27,69
2023-10-03,1078,103,80,100,41,23,59
2023-10-04,1078,135,83,85,52,52,33
2023-10-05,1078,140,92,86,44,48,42
2023-10-06,1078,115,99,94,55,16,39
2023-10-07,1078,146,76,73,31,70,42
2023-10-08,1078,102,71,59,43,31,16
2023-10-09,1078,106,72,68,33,34,35
2023-10-10,1078,108,86,65,36,22,29
2023-10-11,1078,106,82,65,42,24,23
2023-10-12,1078,111,73,50,44,38,6
2023-10-13,1078,139,83,64,37,56,27
2023-10-14,1078,141,94,58,37,47,21
2023-10-15,1078,124,69,78,40,55,38
2023-10-16,1078,137,62,58,44,75,14
2023-10-17,1078,140,64,60,39,76,21
2023-10-18,1078,137,91,89,41,46,48
2023-10-19,1078,109,83,76,39,26,37
2023-10-20,1078,116,95,96,31,21,65
2023-10-21,1078,131,77,51,40,54,11
2023-10-22,1078,104,89,100,42,15,58
2023-10-23,1078,142,67,97,32,75,65
2023-10-24,1078,108,68,84,34,40,50
2023-10-25,1078,132,82,61,40,50,21
2023-10-26,1078,114,87,95,53,27,42
2023-10-27,1078,131,69,55,32,62,23
2023-10-28,1078,146,90,82,51,56,31
2023-10-29,1078,136,66,94,40,70,54
2023-10-30,1078,133,95,75,48,38,27
2023-10-31,1078,122,72,83,38,50,45
2023-11-01,1078,131,81,96,44,50,52
2023-11-02,1078,143,79,89,41,64,48
2023-11-03,1078,107,83,89,25,24,64
2023-11-04,1078,129,77,85,50,52,35
2023-11-05,1078,109,94,65,47,15,18
2023-11-06,1078,116,71,64,46,45,18
2023-11-07,1078,108,71,59,44,37,15
2023-11-08,1078,147,70,95,31,77,64
2023-11-09,1078,132,81,93,37,51,56
2023-11-10,1078,121,70,54,38,51,16
2023-11-11,1078,108,65,51,31,43,20
2023-11-12,1078,144,72,93,41,72,52
2023-11-13,1078,135,79,64,27,56,37
2023-11-14,1078,147,86,75,39,61,36
2023-11-15,1078,132,91,96,29,41,67
2023-11-16,1078,149,83,72,41,66,31
2023-11-17,1078,123,82,91,29,41,62
2023-11-18,1078,116,67,64,48,49,16
2023-11-19,1078,101,86,66,40,15,26
2023-11-20,1078,150,75,57,35,75,22
2023-11-21,1078,109,77,70,44,32,26
2023-11-22,1078,125,81,93,43,44,50
2023-11-23,1078,121,63,59,26,58,33
2023-11-24,1078,133,62,65,38,71,27
2023-11-25,1078,111,73,73,42,38,31
2023-11-26,1078,119,85,51,41,34,10
2023-11-27,1078,150,73,90,26,77,64
2023-11-28,1078,120,84,51,40,36,11
2023-11-29,1078,129,63,54,44,66,10
2023-11-30,1078,130,80,55,39,50,16
2023-12-01,1078,120,82,97,43,38,54
2023-12-02,1078,114,84,50,44,30,6
2023-12-03,1078,108,98,65,35,10,30
2023-12-04,1078,129,72,65,52,57,13
2023-12-05,1078,111,90,94,32,21,62
2023-12-06,1078,128,89,94,42,39,52
2023-12-07,1078,129,70,87,44,59,43
2023-12-08,1078,105,82,56,42,23,14
2023-12-09,1078,109,91,96,35,18,61
2023-12-10,1078,147,72,57,36,75,21
2023-12-11,1078,142,80,64,39,62,25
2023-12-12,1078,147,73,63,41,74,22
2023-12-13,1078,150,78,52,45,72,7
2023-12-14,1078,127,81,64,35,46,29
2023-12-15,1078,134,77,89,49,57,40
2023-12-16,1078,121,74,82,38,47,44
2023-12-17,1078,142,82,56,43,60,13
2023-12-18,1078,147,86,61,51,61,10
2023-12-19,1078,122,84,50,48,38,2
2023-12-20,1078,117,83,99,35,34,64
2023-12-21,1078,121,82,54,34,39,20
2023-12-22,1078,118,85,68,40,33,28
2023-12-23,1078,106,72,59,31,34,28
2023-12-24,1078,147,78,81,28,69,53
2023-12-25,1078,131,85,71,33,46,38
2023-12-26,1078,119,70,79,51,49,28
2023-12-27,1078,129,84,55,44,45,11
2023-12-28,1078,146,85,67,28,61,39
2023-12-29,1078,107,81,100,40,26,60
2023-12-30,1078,138,64,90,38,74,52
2023-12-31,1078,134,72,88,39,62,49
2023-01-01,1079,110,104,80,41,6,39
2023-01-02,1079,102,82,64,44,20,20
2023-01-03,1079,127,88,54,41,39,13
2023-01-04,1079,118,72,96,54,46,42
2023-01-05,1079,100,75,94,50,25,44
2023-01-06,1079,126,79,86,50,47,36
2023-01-07,1079,112,67,54,33,45,21
2023-01-08,1079,137,89,59,45,48,14
2023-01-09,1079,105,72,93,30,33,63
2023-01-10,1079,130,69,74,38,61,36
2023-01-11,1079,135,73,72,30,62,42
2023-01-12,1079,118,87,74,42,31,32
2023-01-13,1079,140,79,51,32,61,19
2023-01-14,1079,111,90,68,30,21,38
2023-01-15,1079,131,73,61,33,58,28
2023-01-16,1079,137,81,94,44,56,50
2023-01-17,1079,131,78,99,49,53,50
2023-01-18,1079,118,91,70,36,27,34
2023-01-19,1079,145,66,70,40,79,30
2023-01-20,1079,131,73,96,37,58,59
2023-01-21,1079,109,78,69,40,31,29
2023-01-22,1079,105,80,76,39,25,37
2023-01-23,1079,135,85,94,44,50,50
2023-01-24,1079,141,86,69,46,55,23
2023-01-25,1079,126,75,65,28,51,37
2023-01-26,1079,112,72,51,34,40,17
2023-01-27,1079,145,62,76,39,83,37
2023-01-28,1079,119,68,81,36,51,45
2023-01-29,1079,124,65,74,40,59,34
2023-01-30,1079,111,75,86,36,36,50
2023-01-31,1079,107,75,53,37,32,16
2023-02-01,1079,150,88,59,38,62,21
2023-02-02,1079,139,86,90,31,53,59
2023-02-03,1079,125,70,77,40,55,37
2023-02-04,1079,110,97,68,41,13,27
2023-02-05,1079,135,90,55,46,45,9
2023-02-06,1079,114,73,56,35,41,21
2023-02-07,1079,149,75,95,54,74,41
2023-02-08,1079,122,83,55,35,39,20
2023-02-09,1079,108,67,59,39,41,20
2023-02-10,1079,114,64,67,38,50,29
2023-02-11,1079,119,77,100,44,42,56
2023-02-12,1079,143,86,87,38,57,49
2023-02-13,1079,108,77,65,38,31,27
2023-02-14,1079,149,83,95,38,66,57
2023-02-15,1079,145,77,51,39,68,12
2023-02-16,1079,150,75,52,33,75,19
2023-02-17,1079,106,66,72,45,40,27
2023-02-18,1079,133,88,71,39,45,32
2023-02-19,1079,121,69,85,37,52,48
2023-02-20,1079,137,88,68,47,49,21
2023-02-21,1079,105,82,78,37,23,41
2023-02-22,1079,125,67,93,42,58,51
2023-02-23,1079,104,96,94,34,8,60
2023-02-24,1079,134,71,59,38,63,21
2023-02-25,1079,143,90,76,40,53,36
2023-02-26,1079,107,99,54,42,8,12
2023-02-27,1079,145,79,100,44,66,56
2023-02-28,1079,121,58,78,32,63,46
2023-03-01,1079,102,67,63,42,35,21
2023-03-02,1079,142,77,98,41,65,57
2023-03-03,1079,134,82,60,29,52,31
2023-03-04,1079,107,66,60,55,41,5
2023-03-05,1079,146,79,77,51,67,26
2023-03-06,1079,113,78,93,42,35,51
2023-03-07,1079,133,90,63,37,43,26
2023-03-08,1079,100,72,77,38,28,39
2023-03-09,1079,143,83,63,39,60,24
2023-03-10,1079,136,73,91,41,63,50
2023-03-11,1079,117,113,96,43,4,53
2023-03-12,1079,107,79,92,47,28,45
2023-03-13,1079,129,78,70,42,51,28
2023-03-14,1079,130,88,99,44,42,55
2023-03-15,1079,135,79,66,40,56,26
2023-03-16,1079,113,77,84,46,36,38
2023-03-17,1079,115,81,75,34,34,41
2023-03-18,1079,103,68,65,44,35,21
2023-03-19,1079,149,78,63,33,71,30
2023-03-20,1079,150,78,64,43,72,21
2023-03-21,1079,145,69,78,48,76,30
2023-03-22,1079,111,90,60,34,21,26
2023-03-23,1079,128,70,52,40,58,12
2023-03-24,1079,130,73,66,42,57,24
2023-03-25,1079,118,74,100,39,44,61
2023-03-26,1079,115,86,58,51,29,7
2023-03-27,1079,100,77,57,40,23,17
2023-03-28,1079,112,90,75,42,22,33
2023-03-29,1079,114,82,99,51,32,48
2023-03-30,1079,104,89,75,35,15,40
2023-03-31,1079,120,84,67,38,36,29
2023-04-01,1079,130,95,89,48,35,41
2023-04-02,1079,150,83,89,46,67,43
2023-04-03,1079,136,93,70,36,43,34
2023-04-04,1079,125,73,59,33,52,26
2023-04-05,1079,140,78,76,59,62,17
2023-04-06,1079,135,75,66,42,60,24
2023-04-07,1079,125,69,51,41,56,10
2023-04-08,1079,100,73,56,38,27,18
2023-04-09,1079,136,67,55,29,69,26
2023-04-10,1079,119,79,59,39,40,20
2023-04-11,1079,144,79,100,45,65,55
2023-04-12,1079,125,84,81,44,41,37
2023-04-13,1079,103,87,71,42,16,29
2023-04-14,1079,146,83,78,45,63,33
2023-04-15,1079,144,69,79,36,75,43
2023-04-16,1079,110,86,70,37,24,33
2023-04-17,1079,120,70,97,42,50,55
2023-04-18,1079,108,81,85,47,27,38
2023-04-19,1079,138,62,58,44,76,14
2023-04-20,1079,131,90,89,42,41,47
2023-04-21,1079,130,76,69,52,54,17
2023-04-22,1079,143,77,68,41,66,27
2023-04-23,1079,140,79,84,34,61,50
2023-04-24,1079,129,74,64,44,55,20
2023-04-25,1079,126,94,72,41,32,31
2023-04-26,1079,109,88,96,40,21,56
2023-04-27,1079,130,86,89,32,44,57
2023-04-28,1079,133,89,89,45,44,44
2023-04-29,1079,120,79,91,39,41,52
2023-04-30,1079,109,96,82,44,13,38
2023-05-01,1079,140,71,54,43,69,11
2023-05-02,1079,113,81,52,36,32,16
2023-05-03,1079,134,81,80,38,53,42
2023-05-04,1079,143,79,73,28,64,45
2023-05-05,1079,102,79,77,40,23,37
2023-05-06,1079,121,68,90,50,53,40
2023-05-07,1079,113,74,64,39,39,25
2023-05-08,1079,133,81,73,41,52,32
2023-05-09,1079,108,92,97,37,16,60
2023-05-10,1079,109,75,92,55,34,37
2023-05-11,1079,142,78,97,45,64,52
2023-05-12,1079,134,72,65,35,62,30
2023-05-13,1079,111,76,76,45,35,31
2023-05-14,1079,132,73,87,54,59,33
2023-05-15,1079,112,89,76,33,23,43
2023-05-16,1079,143,79,97,37,64,60
2023-05-17,1079,132,80,86,57,52,29
2023-05-18,1079,106,71,73,35,35,38
2023-05-19,1079,127,80,70,37,47,33
2023-05-20,1079,117,87,97,34,30,63
2023-05-21,1079,113,88,99,45,25,54
2023-05-22,1079,127,80,100,43,47,57
2023-05-23,1079,100,85,94,37,15,57
2023-05-24,1079,122,73,67,45,49,22
2023-05-25,1079,140,74,50,44,66,6
2023-05-26,1079,136,79,67,40,57,27
2023-05-27,1079,116,84,96,34,32,62
2023-05-28,1079,148,78,53,42,70,11
2023-05-29,1079,129,75,76,31,54,45
2023-05-30,1079,124,67,65,35,57,30
2023-05-31,1079,136,94,98,43,42,55
2023-06-01,1079,138,76,86,41,62,45
2023-06-02,1079,132,73,60,34,59,26
2023-06-03,1079,107,80,77,46,27,31
2023-06-04,1079,106,76,96,43,30,53
2023-06-05,1079,103,89,100,52,14,48
2023-06-06,1079,115,76,80,46,39,34
2023-06-07,1079,141,71,62,43,70,19
2023-06-08,1079,114,79,87,48,35,39
2023-06-09,1079,144,87,61,35,57,26
2023-06-10,1079,107,83,80,35,24,45
2023-06-11,1079,131,86,55,45,45,10
2023-06-12,1079,128,77,65,44,51,21
2023-06-13,1079,135,70,66,29,65,37
2023-06-14,1079,113,91,78,49,22,29
2023-06-15,1079,128,72,99,45,56,54
2023-06-16,1079,107,75,92,44,32,48
2023-06-17,1079,135,85,97,41,50,56
2023-06-18,1079,131,83,65,43,48,22
2023-06-19,1079,143,88,87,36,55,51
2023-06-20,1079,106,75,92,38,31,54
2023-06-21,1079,115,78,86,36,37,50
2023-06-22,1079,130,89,65,34,41,31
2023-06-23,1079,122,84,85,65,38,20
2023-06-24,1079,121,88,84,57,33,27
2023-06-25,1079,141,91,86,37,50,49
2023-06-26,1079,118,87,78,45,31,33
2023-06-27,1079,145,85,64,53,60,11
2023-06-28,1079,108,80,56,37,28,19
2023-06-29,1079,138,82,77,33,56,44
2023-06-30,1079,107,75,99,45,32,54
2023-07-01,1079,111,74,90,36,37,54
2023-07-02,1079,108,96,55,46,12,9
2023-07-03,1079,125,87,86,40,38,46
2023-07-04,1079,148,67,100,29,81,71
2023-07-05,1079,134,71,53,35,63,18
2023-07-06,1079,124,85,78,30,39,48
2023-07-07,1079,129,51,67,46,78,21
2023-07-08,1079,104,60,99,43,44,56
2023-07-09,1079,112,80,66,40,32,26
2023-07-10,1079,107,81,98,31,26,67
2023-07-11,1079,107,86,80,41,21,39
2023-07-12,1079,125,94,82,37,31,45
2023-07-13,1079,147,88,72,35,59,37
2023-07-14,1079,128,93,53,45,35,8
2023-07-15,1079,126,84,53,39,42,14
2023-07-16,1079,115,102,51,40,13,11
2023-07-17,1079,146,79,69,36,67,33
2023-07-18,1079,112,75,100,41,37,59
2023-07-19,1079,117,81,100,38,36,62
2023-07-20,1079,148,84,56,44,64,12
2023-07-21,1079,129,78,73,45,51,28
2023-07-22,1079,150,78,60,46,72,14
2023-07-23,1079,115,78,58,35,37,23
2023-07-24,1079,108,84,61,39,24,22
2023-07-25,1079,127,65,50,40,62,10
2023-07-26,1079,138,68,63,49,70,14
2023-07-27,1079,112,72,62,42,40,20
2023-07-28,1079,144,100,85,42,44,43
2023-07-29,1079,134,77,66,35,57,31
2023-07-30,1079,109,79,74,33,30,41
2023-07-31,1079,142,87,71,34,55,37
2023-08-01,1079,142,67,91,37,75,54
2023-08-02,1079,147,83,80,32,64,48
2023-08-03,1079,134,71,74,41,63,33
2023-08-04,1079,104,90,52,35,14,17
2023-08-05,1079,129,75,68,47,54,21
2023-08-06,1079,122,98,71,48,24,23
2023-08-07,1079,102,78,53,38,24,15
2023-08-08,1079,123,73,54,40,50,14
2023-08-09,1079,134,70,70,35,64,35
2023-08-10,1079,100,102,78,42,-2,36
2023-08-11,1079,120,66,75,33,54,42
2023-08-12,1079,140,83,91,36,57,55
2023-08-13,1079,112,78,99,42,34,57
2023-08-14,1079,144,89,69,32,55,37
2023-08-15,1079,134,79,52,33,55,19
2023-08-16,1079,101,84,77,34,17,43
2023-08-17,1079,143,80,98,30,63,68
2023-08-18,1079,132,89,97,42,43,55
2023-08-19,1079,111,72,92,40,39,52
2023-08-20,1079,112,86,88,46,26,42
2023-08-21,1079,145,67,51,35,78,16
2023-08-22,1079,149,88,59,42,61,17
2023-08-23,1079,103,84,81,35,19,46
2023-08-24,1079,143,74,93,38,69,55
2023-08-25,1079,123,88,96,44,35,52
2023-08-26,1079,124,79,93,40,45,53
2023-08-27,1079,122,71,85,48,51,37
2023-08-28,1079,107,73,86,42,34,44
2023-08-29,1079,141,65,67,34,76,33
2023-08-30,1079,112,97,93,32,15,61
2023-08-31,1079,126,69,80,35,57,45
2023-09-01,1079,136,81,64,43,55,21
2023-09-02,1079,111,67,71,45,44,26
2023-09-03,1079,119,74,87,44,45,43
2023-09-04,1079,145,96,64,43,49,21
2023-09-05,1079,133,65,94,51,68,43
2023-09-06,1079,102,74,61,53,28,8
2023-09-07,1079,135,76,72,35,59,37
2023-09-08,1079,111,78,85,38,33,47
2023-09-09,1079,111,87,65,43,24,22
2023-09-10,1079,113,68,68,42,45,26
2023-09-11,1079,143,79,70,28,64,42
2023-09-12,1079,100,80,88,38,20,50
2023-09-13,1079,137,79,88,49,58,39
2023-09-14,1079,117,76,60,45,41,15
2023-09-15,1079,108,98,96,40,10,56
2023-09-16,1079,120,96,86,44,24,42
2023-09-17,1079,131,65,88,36,66,52
2023-09-18,1079,118,68,79,53,50,26
2023-09-19,1079,107,78,81,40,29,41
2023-09-20,1079,136,85,81,46,51,35
2023-09-21,1079,125,72,61,30,53,31
2023-09-22,1079,144,105,65,40,39,25
2023-09-23,1079,118,79,55,48,39,7
2023-09-24,1079,124,78,67,29,46,38
2023-09-25,1079,125,91,97,46,34,51
2023-09-26,1079,115,80,68,39,35,29
2023-09-27,1079,113,65,52,33,48,19
2023-09-28,1079,111,89,58,55,22,3
2023-09-29,1079,107,75,67,35,32,32
2023-09-30,1079,102,70,80,28,32,52
2023-10-01,1079,141,83,93,38,58,55
2023-10-02,1079,100,82,89,32,18,57
2023-10-03,1079,139,70,86,44,69,42
2023-10-04,1079,143,74,70,42,69,28
2023-10-05,1079,122,94,96,30,28,66
2023-10-06,1079,124,86,77,38,38,39
2023-10-07,1079,108,89,77,41,19,36
2023-10-08,1079,142,79,90,47,63,43
2023-10-09,1079,114,96,99,35,18,64
2023-10-10,1079,119,79,82,43,40,39
2023-10-11,1079,141,72,63,41,69,22
2023-10-12,1079,137,68,84,40,69,44
2023-10-13,1079,101,80,96,39,21,57
2023-10-14,1079,104,65,81,42,39,39
2023-10-15,1079,131,90,95,48,41,47
2023-10-16,1079,147,74,84,42,73,42
2023-10-17,1079,116,77,90,44,39,46
2023-10-18,1079,119,72,53,44,47,9
2023-10-19,1079,128,76,83,34,52,49
2023-10-20,1079,131,63,94,51,68,43
2023-10-21,1079,140,66,100,37,74,63
2023-10-22,1079,101,81,82,42,20,40
2023-10-23,1079,129,76,76,42,53,34
2023-10-24,1079,123,73,65,32,50,33
2023-10-25,1079,106,77,89,47,29,42
2023-10-26,1079,128,67,54,42,61,12
2023-10-27,1079,147,86,94,41,61,53
2023-10-28,1079,146,95,69,46,51,23
2023-10-29,1079,146,86,99,47,60,52
2023-10-30,1079,131,91,96,38,40,58
2023-10-31,1079,101,74,54,42,27,12
2023-11-01,1079,107,89,97,37,18,60
2023-11-02,1079,147,75,86,42,72,44
2023-11-03,1079,133,74,98,44,59,54
2023-11-04,1079,111,95,92,48,16,44
2023-11-05,1079,121,75,61,39,46,22
2023-11-06,1079,114,77,61,46,37,15
2023-11-07,1079,148,91,56,43,57,13
2023-11-08,1079,114,92,89,42,22,47
2023-11-09,1079,146,76,69,43,70,26
2023-11-10,1079,149,78,63,46,71,17
2023-11-11,1079,148,71,87,42,77,45
2023-11-12,1079,143,75,55,33,68,22
2023-11-13,1079,113,73,60,39,40,21
2023-11-14,1079,129,74,98,48,55,50
2023-11-15,1079,133,86,96,38,47,58
2023-11-16,1079,110,71,72,43,39,29
2023-11-17,1079,110,73,86,40,37,46
2023-11-18,1079,112,76,98,42,36,56
2023-11-19,1079,150,90,73,44,60,29
2023-11-20,1079,136,87,59,34,49,25
2023-11-21,1079,103,70,99,37,33,62
2023-11-22,1079,124,59,69,43,65,26
2023-11-23,1079,135,85,69,43,50,26
2023-11-24,1079,108,78,90,56,30,34
2023-11-25,1079,144,64,91,41,80,50
2023-11-26,1079,128,91,100,38,37,62
2023-11-27,1079,134,67,86,25,67,61
2023-11-28,1079,147,76,66,46,71,20
2023-11-29,1079,118,85,74,36,33,38
2023-11-30,1079,116,72,50,32,44,18
2023-12-01,1079,140,83,66,27,57,39
2023-12-02,1079,147,84,79,39,63,40
2023-12-03,1079,111,91,79,46,20,33
2023-12-04,1079,106,72,82,43,34,39
2023-12-05,1079,144,62,51,32,82,19
2023-12-06,1079,128,80,88,31,48,57
2023-12-07,1079,123,98,59,44,25,15
2023-12-08,1079,147,77,70,44,70,26
2023-12-09,1079,136,80,55,38,56,17
2023-12-10,1079,147,85,53,30,62,23
2023-12-11,1079,105,81,62,50,24,12
2023-12-12,1079,138,94,66,56,44,10
2023-12-13,1079,140,74,73,37,66,36
2023-12-14,1079,140,64,52,37,76,15
2023-12-15,1079,103,78,84,31,25,53
2023-12-16,1079,112,79,91,36,33,55
2023-12-17,1079,122,58,96,53,64,43
2023-12-18,1079,110,80,80,42,30,38
2023-12-19,1079,130,84,100,35,46,65
2023-12-20,1079,121,88,57,38,33,19
2023-12-21,1079,100,68,100,48,32,52
2023-12-22,1079,122,75,93,35,47,58
2023-12-23,1079,140,84,55,29,56,26
2023-12-24,1079,107,77,94,41,30,53
2023-12-25,1079,148,79,87,35,69,52
2023-12-26,1079,131,80,64,51,51,13
2023-12-27,1079,123,81,78,45,42,33
2023-12-28,1079,139,85,93,42,54,51
2023-12-29,1079,135,86,75,38,49,37
2023-12-30,1079,126,97,83,34,29,49
2023-12-31,1079,117,70,64,45,47,19
2023-01-01,1080,107,93,99,38,14,61
2023-01-02,1080,118,86,55,42,32,13
2023-01-03,1080,129,89,68,26,40,42
2023-01-04,1080,103,81,58,50,22,8
2023-01-05,1080,116,73,58,40,43,18
2023-01-06,1080,122,76,100,39,46,61
2023-01-07,1080,107,85,66,33,22,33
2023-01-08,1080,145,69,91,41,76,50
2023-01-09,1080,146,88,55,34,58,21
2023-01-10,1080,116,84,74,38,32,36
2023-01-11,1080,113,84,66,47,29,19
2023-01-12,1080,134,71,90,32,63,58
2023-01-13,1080,114,89,89,31,25,58
2023-01-14,1080,132,101,91,37,31,54
2023-01-15,1080,117,82,80,33,35,47
2023-01-16,1080,109,65,99,38,44,61
2023-01-17,1080,121,77,77,43,44,34
2023-01-18,1080,147,101,70,36,46,34
2023-01-19,1080,110,78,72,35,32,37
2023-01-20,1080,135,94,54,39,41,15
2023-01-21,1080,104,81,62,46,23,16
2023-01-22,1080,144,98,73,41,46,32
2023-01-23,1080,135,58,99,33,77,66
2023-01-24,1080,129,76,80,34,53,46
2023-01-25,1080,132,86,86,37,46,49
2023-01-26,1080,126,84,78,37,42,41
2023-01-27,1080,132,96,63,31,36,32
2023-01-28,1080,112,81,64,55,31,9
2023-01-29,1080,103,57,68,47,46,21
2023-01-30,1080,127,81,52,44,46,8
2023-01-31,1080,145,88,56,45,57,11
2023-02-01,1080,127,82,79,48,45,31
2023-02-02,1080,103,80,62,47,23,15
2023-02-03,1080,104,77,82,44,27,38
2023-02-04,1080,121,90,59,38,31,21
2023-02-05,1080,103,60,56,33,43,23
2023-02-06,1080,144,74,65,36,70,29
2023-02-07,1080,100,79,86,47,21,39
2023-02-08,1080,138,98,81,35,40,46
2023-02-09,1080,121,81,98,26,40,72
2023-02-10,1080,134,75,100,28,59,72
2023-02-11,1080,148,79,69,46,69,23
2023-02-12,1080,121,81,56,39,40,17
2023-02-13,1080,111,68,83,39,43,44
2023-02-14,1080,144,89,71,46,55,25
2023-02-15,1080,108,76,52,34,32,18
2023-02-16,1080,108,84,81,44,24,37
2023-02-17,1080,137,82,99,55,55,44
2023-02-18,1080,136,72,64,42,64,22
2023-02-19,1080,140,89,56,36,51,20
2023-02-20,1080,127,68,86,40,59,46
2023-02-21,1080,101,84,100,33,17,67
2023-02-22,1080,143,74,54,35,69,19
2023-02-23,1080,118,95,97,36,23,61
2023-02-24,1080,129,83,89,33,46,56
2023-02-25,1080,150,63,62,45,87,17
2023-02-26,1080,145,80,99,33,65,66
2023-02-27,1080,112,84,61,33,28,28
2023-02-28,1080,107,81,89,44,26,45
2023-03-01,1080,119,70,79,35,49,44
2023-03-02,1080,141,83,70,25,58,45
2023-03-03,1080,100,84,99,46,16,53
2023-03-04,1080,113,69,80,41,44,39
2023-03-05,1080,118,86,95,37,32,58
2023-03-06,1080,114,78,61,38,36,23
2023-03-07,1080,137,80,69,57,57,12
2023-03-08,1080,145,81,62,39,64,23
2023-03-09,1080,118,80,92,39,38,53
2023-03-10,1080,140,75,92,33,65,59
2023-03-11,1080,133,90,77,38,43,39
2023-03-12,1080,106,68,81,33,38,48
2023-03-13,1080,137,85,96,36,52,60
2023-03-14,1080,124,77,83,45,47,38
2023-03-15,1080,116,85,60,42,31,18
2023-03-16,1080,123,73,61,43,50,18
2023-03-17,1080,136,65,97,37,71,60
2023-03-18,1080,101,85,94,38,16,56
2023-03-19,1080,120,78,86,37,42,49
2023-03-20,1080,133,78,58,46,55,12
2023-03-21,1080,106,87,62,40,19,22
2023-03-22,1080,120,84,86,43,36,43
2023-03-23,1080,145,78,67,33,67,34
2023-03-24,1080,137,83,89,42,54,47
2023-03-25,1080,137,82,85,44,55,41
2023-03-26,1080,147,74,83,41,73,42
2023-03-27,1080,149,73,78,37,76,41
2023-03-28,1080,114,64,54,40,50,14
2023-03-29,1080,108,81,88,39,27,49
2023-03-30,1080,126,83,50,43,43,7
2023-03-31,1080,137,70,90,47,67,43
2023-04-01,1080,101,79,67,42,22,25
2023-04-02,1080,120,90,68,39,30,29
2023-04-03,1080,132,87,76,37,45,39
2023-04-04,1080,138,79,62,37,59,25
2023-04-05,1080,119,86,69,42,33,27
2023-04-06,1080,109,84,93,42,25,51
2023-04-07,1080,148,64,86,38,84,48
2023-04-08,1080,107,91,70,41,16,29
2023-04-09,1080,121,83,94,39,38,55
2023-04-10,1080,124,63,50,46,61,4
2023-04-11,1080,137,89,54,44,48,10
2023-04-12,1080,134,73,64,47,61,17
2023-04-13,1080,125,89,60,43,36,17
2023-04-14,1080,150,94,52,31,56,21
2023-04-15,1080,133,89,96,40,44,56
2023-04-16,1080,117,86,69,38,31,31
2023-04-17,1080,100,71,92,36,29,56
2023-04-18,1080,136,91,83,38,45,45
2023-04-19,1080,113,76,52,40,37,12
2023-04-20,1080,118,84,68,40,34,28
2023-04-21,1080,140,73,68,54,67,14
2023-04-22,1080,107,92,55,44,15,11
2023-04-23,1080,102,83,69,46,19,23
2023-04-24,1080,150,74,82,42,76,40
2023-04-25,1080,112,92,67,39,20,28
2023-04-26,1080,118,86,90,34,32,56
2023-04-27,1080,109,71,82,41,38,41
2023-04-28,1080,147,72,77,36,75,41
2023-04-29,1080,103,57,74,33,46,41
2023-04-30,1080,108,73,71,55,35,16
2023-05-01,1080,114,78,96,44,36,52
2023-05-02,1080,134,80,95,43,54,52
2023-05-03,1080,150,86,90,46,64,44
2023-05-04,1080,124,89,99,43,35,56
2023-05-05,1080,120,80,83,40,40,43
2023-05-06,1080,108,70,62,33,38,29
2023-05-07,1080,145,61,100,33,84,67
2023-05-08,1080,149,73,89,38,76,51
2023-05-09,1080,124,81,63,44,43,19
2023-05-10,1080,109,81,58,35,28,23
2023-05-11,1080,112,85,89,45,27,44
2023-05-12,1080,126,77,100,40,49,60
2023-05-13,1080,148,106,76,34,42,42
2023-05-14,1080,140,62,63,34,78,29
2023-05-15,1080,100,73,97,29,27,68
2023-05-16,1080,133,79,56,29,54,27
2023-05-17,1080,138,75,68,36,63,32
2023-05-18,1080,149,81,82,44,68,38
2023-05-19,1080,114,76,94,46,38,48
2023-05-20,1080,148,69,95,37,79,58
2023-05-21,1080,136,93,67,35,43,32
2023-05-22,1080,149,83,91,31,66,60
2023-05-23,1080,101,65,98,35,36,63
2023-05-24,1080,115,78,92,38,37,54
2023-05-25,1080,135,72,78,36,63,42
2023-05-26,1080,138,83,54,40,55,14
2023-05-27,1080,116,82,96,34,34,62
2023-05-28,1080,102,81,54,37,21,17
2023-05-29,1080,100,72,68,50,28,18
2023-05-30,1080,134,77,77,35,57,42
2023-05-31,1080,122,89,73,36,33,37
2023-06-01,1080,109,79,92,40,30,52
2023-06-02,1080,131,82,78,46,49,32
2023-06-03,1080,110,94,83,48,16,35
2023-06-04,1080,105,90,61,48,15,13
2023-06-05,1080,138,72,72,44,66,28
2023-06-06,1080,126,96,88,38,30,50
2023-06-07,1080,102,65,72,31,37,41
2023-06-08,1080,130,70,88,34,60,54
2023-06-09,1080,124,83,97,49,41,48
2023-06-10,1080,148,54,68,44,94,24
2023-06-11,1080,148,71,75,46,77,29
2023-06-12,1080,139,67,60,34,72,26
2023-06-13,1080,129,83,81,47,46,34
2023-06-14,1080,136,74,54,30,62,24
2023-06-15,1080,114,83,93,29,31,64
2023-06-16,1080,126,91,68,47,35,21
2023-06-17,1080,133,94,53,38,39,15
2023-06-18,1080,143,96,53,41,47,12
2023-06-19,1080,122,91,90,40,31,50
2023-06-20,1080,103,69,51,43,34,8
2023-06-21,1080,114,81,75,49,33,26
2023-06-22,1080,117,79,70,31,38,39
2023-06-23,1080,139,76,77,32,63,45
2023-06-24,1080,110,85,71,32,25,39
2023-06-25,1080,129,66,79,65,63,14
2023-06-26,1080,133,81,55,31,52,24
2023-06-27,1080,111,86,59,47,25,12
2023-06-28,1080,138,87,51,46,51,5
2023-06-29,1080,119,74,68,41,45,27
2023-06-30,1080,105,82,95,45,23,50
2023-07-01,1080,150,75,92,41,75,51
2023-07-02,1080,129,83,87,35,46,52
2023-07-03,1080,141,78,54,36,63,18
2023-07-04,1080,107,83,98,42,24,56
2023-07-05,1080,122,88,96,34,34,62
2023-07-06,1080,149,93,60,46,56,14
2023-07-07,1080,136,79,74,30,57,44
2023-07-08,1080,106,72,61,40,34,21
2023-07-09,1080,135,76,67,42,59,25
2023-07-10,1080,125,102,66,38,23,28
2023-07-11,1080,144,70,97,47,74,50
2023-07-12,1080,107,73,90,35,34,55
2023-07-13,1080,107,90,83,46,17,37
2023-07-14,1080,106,87,88,33,19,55
2023-07-15,1080,116,83,54,33,33,21
2023-07-16,1080,101,90,52,41,11,11
2023-07-17,1080,131,75,60,34,56,26
2023-07-18,1080,139,76,68,36,63,32
2023-07-19,1080,118,78,77,41,40,36
2023-07-20,1080,146,59,54,46,87,8
2023-07-21,1080,117,95,65,50,22,15
2023-07-22,1080,128,78,90,39,50,51
2023-07-23,1080,112,79,69,35,33,34
2023-07-24,1080,101,75,72,34,26,38
2023-07-25,1080,141,79,75,40,62,35
2023-07-26,1080,107,86,53,39,21,14
2023-07-27,1080,109,72,80,31,37,49
2023-07-28,1080,127,90,83,44,37,39
2023-07-29,1080,112,89,86,47,23,39
2023-07-30,1080,104,76,96,37,28,59
2023-07-31,1080,111,102,95,40,9,55
2023-08-01,1080,119,83,100,37,36,63
2023-08-02,1080,143,80,64,50,63,14
2023-08-03,1080,106,87,76,34,19,42
2023-08-04,1080,131,77,55,37,54,18
2023-08-05,1080,118,72,64,41,46,23
2023-08-06,1080,130,98,61,39,32,22
2023-08-07,1080,135,80,64,42,55,22
2023-08-08,1080,134,95,77,41,39,36
2023-08-09,1080,124,71,81,38,53,43
2023-08-10,1080,139,108,57,40,31,17
2023-08-11,1080,114,90,71,52,24,19
2023-08-12,1080,135,71,93,40,64,53
2023-08-13,1080,138,86,80,46,52,34
2023-08-14,1080,115,88,100,35,27,65
2023-08-15,1080,129,92,56,43,37,13
2023-08-16,1080,115,63,62,40,52,22
2023-08-17,1080,148,79,89,34,69,55
2023-08-18,1080,137,68,80,42,69,38
2023-08-19,1080,130,83,95,34,47,61
2023-08-20,1080,107,93,50,37,14,13
2023-08-21,1080,125,64,58,34,61,24
2023-08-22,1080,144,65,82,46,79,36
2023-08-23,1080,103,74,56,44,29,12
2023-08-24,1080,147,95,51,39,52,12
2023-08-25,1080,112,75,74,41,37,33
2023-08-26,1080,112,75,60,49,37,11
2023-08-27,1080,138,75,65,50,63,15
2023-08-28,1080,109,79,79,24,30,55
2023-08-29,1080,115,90,77,34,25,43
2023-08-30,1080,101,76,76,31,25,45
2023-08-31,1080,132,72,59,44,60,15
2023-09-01,1080,147,88,61,32,59,29
2023-09-02,1080,138,79,60,41,59,19
2023-09-03,1080,145,84,65,46,61,19
2023-09-04,1080,123,94,83,43,29,40
2023-09-05,1080,135,80,87,37,55,50
2023-09-06,1080,149,86,100,36,63,64
2023-09-07,1080,128,80,89,46,48,43
2023-09-08,1080,108,74,68,42,34,26
2023-09-09,1080,131,80,51,37,51,14
2023-09-10,1080,123,93,64,31,30,33
2023-09-11,1080,144,65,59,51,79,8
2023-09-12,1080,143,74,90,35,69,55
2023-09-13,1080,123,100,69,49,23,20
2023-09-14,1080,112,85,66,41,27,25
2023-09-15,1080,150,80,84,29,70,55
2023-09-16,1080,107,75,99,44,32,55
2023-09-17,1080,141,71,98,48,70,50
2023-09-18,1080,137,83,74,43,54,31
2023-09-19,1080,115,69,58,43,46,15
2023-09-20,1080,119,85,79,46,34,33
2023-09-21,1080,128,86,72,32,42,40
2023-09-22,1080,142,84,70,34,58,36
2023-09-23,1080,133,77,63,48,56,15
2023-09-24,1080,138,94,98,39,44,59
2023-09-25,1080,104,75,76,32,29,44
2023-09-26,1080,141,74,56,35,67,21
2023-09-27,1080,147,70,70,57,77,13
2023-09-28,1080,111,90,99,47,21,52
2023-09-29,1080,130,76,74,36,54,38
2023-09-30,1080,124,90,79,33,34,46
2023-10-01,1080,118,64,75,35,54,40
2023-10-02,1080,134,80,50,46,54,4
2023-10-03,1080,139,86,52,42,53,10
2023-10-04,1080,140,81,71,30,59,41
2023-10-05,1080,140,63,71,37,77,34
2023-10-06,1080,134,83,56,40,51,16
2023-10-07,1080,134,64,61,41,70,20
2023-10-08,1080,102,75,81,42,27,39
2023-10-09,1080,137,60,76,34,77,42
2023-10-10,1080,111,76,52,37,35,15
2023-10-11,1080,140,74,75,47,66,28
2023-10-12,1080,149,76,64,42,73,22
2023-10-13,1080,125,88,59,24,37,35
2023-10-14,1080,141,61,59,37,80,22
2023-10-15,1080,140,73,61,46,67,15
2023-10-16,1080,127,84,86,48,43,38
2023-10-17,1080,137,84,63,39,53,24
2023-10-18,1080,132,84,70,51,48,19
2023-10-19,1080,111,87,59,34,24,25
2023-10-20,1080,122,85,90,36,37,54
2023-10-21,1080,143,95,63,41,48,22
2023-10-22,1080,132,88,59,48,44,11
2023-10-23,1080,136,78,70,38,58,32
2023-10-24,1080,133,79,53,23,54,30
2023-10-25,1080,145,74,87,46,71,41
2023-10-26,1080,142,66,80,42,76,38
2023-10-27,1080,110,69,53,61,41,-8
2023-10-28,1080,105,56,95,40,49,55
2023-10-29,1080,119,91,63,58,28,5
2023-10-30,1080,107,95,73,46,12,27
2023-10-31,1080,131,76,59,33,55,26
2023-11-01,1080,139,82,74,36,57,38
2023-11-02,1080,102,71,94,40,31,54
2023-11-03,1080,122,63,91,39,59,52
2023-11-04,1080,132,67,98,32,65,66
2023-11-05,1080,131,75,69,35,56,34
2023-11-06,1080,147,98,57,39,49,18
2023-11-07,1080,109,78,84,39,31,45
2023-11-08,1080,117,79,96,39,38,57
2023-11-09,1080,116,63,90,44,53,46
2023-11-10,1080,133,85,91,51,48,40
2023-11-11,1080,120,63,88,36,57,52
2023-11-12,1080,118,76,100,31,42,69
2023-11-13,1080,119,85,77,46,34,31
2023-11-14,1080,147,71,56,47,76,9
2023-11-15,1080,125,88,85,51,37,34
2023-11-16,1080,113,79,72,59,34,13
2023-11-17,1080,113,74,56,24,39,32
2023-11-18,1080,128,90,100,34,38,66
2023-11-19,1080,122,73,61,40,49,21
2023-11-20,1080,128,78,58,44,50,14
2023-11-21,1080,132,81,67,40,51,27
2023-11-22,1080,109,76,62,48,33,14
2023-11-23,1080,128,73,63,41,55,22
2023-11-24,1080,125,86,85,40,39,45
2023-11-25,1080,136,93,91,47,43,44
2023-11-26,1080,128,74,90,46,54,44
2023-11-27,1080,115,82,98,38,33,60
2023-11-28,1080,141,89,59,42,52,17
2023-11-29,1080,122,73,55,43,49,12
2023-11-30,1080,112,57,68,39,55,29
2023-12-01,1080,132,85,63,45,47,18
2023-12-02,1080,137,70,50,50,67,0
2023-12-03,1080,114,89,54,42,25,12
2023-12-04,1080,128,85,77,39,43,38
2023-12-05,1080,114,68,55,33,46,22
2023-12-06,1080,137,90,90,37,47,53
2023-12-07,1080,129,91,69,37,38,32
2023-12-08,1080,116,80,58,46,36,12
2023-12-09,1080,116,74,51,37,42,14
2023-12-10,1080,126,72,65,38,54,27
2023-12-11,1080,103,74,73,45,29,28
2023-12-12,1080,118,95,67,36,23,31
2023-12-13,1080,128,99,87,38,29,49
2023-12-14,1080,110,90,68,33,20,35
2023-12-15,1080,114,75,50,25,39,25
2023-12-16,1080,123,81,89,29,42,60
2023-12-17,1080,128,92,92,34,36,58
2023-12-18,1080,127,95,96,37,32,59
2023-12-19,1080,131,76,60,36,55,24
2023-12-20,1080,146,72,89,51,74,38
2023-12-21,1080,107,75,94,41,32,53
2023-12-22,1080,103,58,94,34,45,60
2023-12-23,1080,124,74,95,40,50,55
2023-12-24,1080,131,71,84,39,60,45
2023-12-25,1080,104,89,72,45,15,27
2023-12-26,1080,110,79,96,38,31,58
2023-12-27,1080,116,71,79,36,45,43
2023-12-28,1080,125,77,52,44,48,8
2023-12-29,1080,105,85,96,30,20,66
2023-12-30,1080,127,93,57,47,34,10
2023-12-31,1080,113,69,70,38,44,32
2023-01-01,1081,106,67,55,47,39,8
2023-01-02,1081,145,77,75,51,68,24
2023-01-03,1081,128,87,80,29,41,51
2023-01-04,1081,121,79,88,43,42,45
2023-01-05,1081,147,82,63,37,65,26
2023-01-06,1081,117,104,91,38,13,53
2023-01-07,1081,114,81,71,43,33,28
2023-01-08,1081,109,95,55,35,14,20
2023-01-09,1081,119,79,83,33,40,50
2023-01-10,1081,129,104,90,50,25,40
2023-01-11,1081,122,72,81,48,50,33
2023-01-12,1081,122,93,52,43,29,9
2023-01-13,1081,147,61,64,43,86,21
2023-01-14,1081,124,81,72,30,43,42
2023-01-15,1081,114,82,70,43,32,27
2023-01-16,1081,115,94,65,52,21,13
2023-01-17,1081,118,70,68,43,48,25
2023-01-18,1081,135,88,52,34,47,18
2023-01-19,1081,137,72,74,36,65,38
2023-01-20,1081,118,82,99,47,36,52
2023-01-21,1081,146,88,95,42,58,53
2023-01-22,1081,115,85,60,52,30,8
2023-01-23,1081,107,88,53,34,19,19
2023-01-24,1081,145,86,71,38,59,33
2023-01-25,1081,126,97,87,28,29,59
2023-01-26,1081,121,72,62,48,49,14
2023-01-27,1081,141,75,86,45,66,41
2023-01-28,1081,137,90,67,36,47,31
2023-01-29,1081,100,85,60,35,15,25
2023-01-30,1081,102,91,57,56,11,1
2023-01-31,1081,149,107,64,40,42,24
2023-02-01,1081,117,75,66,37,42,29
2023-02-02,1081,148,90,74,33,58,41
2023-02-03,1081,129,99,75,39,30,36
2023-02-04,1081,110,70,80,45,40,35
2023-02-05,1081,142,65,73,44,77,29
2023-02-06,1081,117,86,84,38,31,46
2023-02-07,1081,112,81,57,38,31,19
2023-02-08,1081,129,93,93,35,36,58
2023-02-09,1081,128,78,85,52,50,33
2023-02-10,1081,144,85,90,38,59,52
2023-02-11,1081,143,88,86,39,55,47
2023-02-12,1081,137,70,97,43,67,54
2023-02-13,1081,131,101,94,48,30,46
2023-02-14,1081,130,82,74,37,48,37
2023-02-15,1081,145,85,52,40,60,12
2023-02-16,1081,145,77,98,37,68,61
2023-02-17,1081,111,76,75,31,35,44
2023-02-18,1081,104,85,97,36,19,61
2023-02-19,1081,100,94,98,44,6,54
2023-02-20,1081,115,76,77,36,39,41
2023-02-21,1081,101,80,81,37,21,44
2023-02-22,1081,125,85,69,32,40,37
2023-02-23,1081,149,81,68,46,68,22
2023-02-24,1081,129,82,59,46,47,13
2023-02-25,1081,145,72,97,38,73,59
2023-02-26,1081,124,79,67,38,45,29
2023-02-27,1081,131,74,90,41,57,49
2023-02-28,1081,100,75,100,35,25,65
2023-03-01,1081,146,77,96,31,69,65
2023-03-02,1081,131,91,55,40,40,15
2023-03-03,1081,103,74,83,44,29,39
2023-03-04,1081,149,91,79,45,58,34
2023-03-05,1081,110,80,66,36,30,30
2023-03-06,1081,129,86,79,46,43,33
2023-03-07,1081,144,66,73,44,78,29
2023-03-08,1081,150,84,87,49,66,38
2023-03-09,1081,132,87,68,30,45,38
2023-03-10,1081,111,84,56,35,27,21
2023-03-11,1081,135,62,94,59,73,35
2023-03-12,1081,130,75,75,37,55,38
2023-03-13,1081,127,73,67,41,54,26
2023-03-14,1081,129,80,50,30,49,20
2023-03-15,1081,106,70,76,39,36,37
2023-03-16,1081,133,88,67,30,45,37
2023-03-17,1081,147,82,63,31,65,32
2023-03-18,1081,135,78,83,50,57,33
2023-03-19,1081,110,83,100,40,27,60
2023-03-20,1081,150,78,64,45,72,19
2023-03-21,1081,123,97,71,24,26,47
2023-03-22,1081,148,86,82,30,62,52
2023-03-23,1081,100,70,94,52,30,42
2023-03-24,1081,111,75,82,40,36,42
2023-03-25,1081,125,78,54,35,47,19
2023-03-26,1081,147,95,79,48,52,31
2023-03-27,1081,138,87,88,28,51,60
2023-03-28,1081,134,66,88,50,68,38
2023-03-29,1081,106,81,85,35,25,50
2023-03-30,1081,123,82,93,51,41,42
2023-03-31,1081,114,81,50,37,33,13
2023-04-01,1081,133,93,60,41,40,19
2023-04-02,1081,150,78,69,33,72,36
2023-04-03,1081,112,80,81,49,32,32
2023-04-04,1081,108,91,67,49,17,18
2023-04-05,1081,113,93,63,43,20,20
2023-04-06,1081,124,82,77,44,42,33
2023-04-07,1081,137,94,56,41,43,15
2023-04-08,1081,105,69,81,45,36,36
2023-04-09,1081,128,80,74,27,48,47
2023-04-10,1081,144,69,71,39,75,32
2023-04-11,1081,102,77,79,39,25,40
2023-04-12,1081,101,83,62,42,18,20
2023-04-13,1081,125,78,64,46,47,18
2023-04-14,1081,114,91,94,46,23,48
2023-04-15,1081,103,75,79,46,28,33
2023-04-16,1081,107,84,84,41,23,43
2023-04-17,1081,102,82,60,47,20,13
2023-04-18,1081,140,98,82,48,42,34
2023-04-19,1081,116,74,54,44,42,10
2023-04-20,1081,113,79,60,41,34,19
2023-04-21,1081,118,80,85,36,38,49
2023-04-22,1081,111,71,70,36,40,34
2023-04-23,1081,130,71,100,37,59,63
2023-04-24,1081,112,90,79,36,22,43
2023-04-25,1081,119,84,99,43,35,56
2023-04-26,1081,140,88,62,61,52,1
2023-04-27,1081,138,81,98,53,57,45
2023-04-28,1081,137,87,93,40,50,53
2023-04-29,1081,126,89,63,35,37,28
2023-04-30,1081,108,91,64,41,17,23
2023-05-01,1081,147,70,59,42,77,17
2023-05-02,1081,114,91,66,41,23,25
2023-05-03,1081,145,94,55,36,51,19
2023-05-04,1081,129,89,58,44,40,14
2023-05-05,1081,100,78,62,47,22,15
2023-05-06,1081,126,78,61,36,48,25
2023-05-07,1081,119,79,93,48,40,45
2023-05-08,1081,101,69,74,36,32,38
2023-05-09,1081,115,79,59,45,36,14
2023-05-10,1081,141,75,73,60,66,13
2023-05-11,1081,122,84,75,41,38,34
2023-05-12,1081,106,94,91,29,12,62
2023-05-13,1081,107,70,82,38,37,44
2023-05-14,1081,113,82,94,47,31,47
2023-05-15,1081,148,82,72,32,66,40
2023-05-16,1081,109,72,60,40,37,20
2023-05-17,1081,122,94,64,30,28,34
2023-05-18,1081,141,83,63,36,58,27
2023-05-19,1081,125,73,95,33,52,62
2023-05-20,1081,143,81,86,33,62,53
2023-05-21,1081,134,74,59,45,60,14
2023-05-22,1081,117,73,66,46,44,20
2023-05-23,1081,116,72,54,36,44,18
2023-05-24,1081,129,74,75,47,55,28
2023-05-25,1081,148,70,78,35,78,43
2023-05-26,1081,143,92,53,43,51,10
2023-05-27,1081,144,81,87,39,63,48
2023-05-28,1081,103,82,94,44,21,50
2023-05-29,1081,133,87,93,37,46,56
2023-05-30,1081,104,73,80,35,31,45
2023-05-31,1081,144,86,86,32,58,54
2023-06-01,1081,106,68,96,37,38,59
2023-06-02,1081,120,89,57,47,31,10
2023-06-03,1081,143,98,89,40,45,49
2023-06-04,1081,145,80,100,45,65,55
2023-06-05,1081,100,69,75,33,31,42
2023-06-06,1081,112,88,78,31,24,47
2023-06-07,1081,134,63,85,36,71,49
2023-06-08,1081,144,77,51,43,67,8
2023-06-09,1081,123,79,81,33,44,48
2023-06-10,1081,138,76,58,39,62,19
2023-06-11,1081,132,84,75,43,48,32
2023-06-12,1081,136,74,87,40,62,47
2023-06-13,1081,130,74,50,34,56,16
2023-06-14,1081,120,83,74,42,37,32
2023-06-15,1081,135,78,54,34,57,20
2023-06-16,1081,113,88,69,46,25,23
2023-06-17,1081,121,84,78,43,37,35
2023-06-18,1081,113,81,85,35,32,50
2023-06-19,1081,118,74,94,46,44,48
2023-06-20,1081,109,70,58,40,39,18
2023-06-21,1081,127,90,98,36,37,62
2023-06-22,1081,148,75,71,53,73,18
2023-06-23,1081,108,63,50,34,45,16
2023-06-24,1081,131,83,71,39,48,32
2023-06-25,1081,102,96,51,45,6,6
2023-06-26,1081,110,64,58,34,46,24
2023-06-27,1081,109,95,94,41,14,53
2023-06-28,1081,135,77,99,42,58,57
2023-06-29,1081,145,91,90,34,54,56
2023-06-30,1081,137,79,93,39,58,54
2023-07-01,1081,118,71,74,48,47,26
2023-07-02,1081,108,90,66,37,18,29
2023-07-03,1081,141,89,99,42,52,57
2023-07-04,1081,147,70,89,44,77,45
2023-07-05,1081,112,80,92,43,32,49
2023-07-06,1081,102,81,86,45,21,41
2023-07-07,1081,106,99,64,47,7,17
2023-07-08,1081,129,63,63,36,66,27
2023-07-09,1081,130,78,66,36,52,30
2023-07-10,1081,117,77,95,34,40,61
2023-07-11,1081,126,76,76,40,50,36
2023-07-12,1081,101,85,89,38,16,51
2023-07-13,1081,122,76,62,38,46,24
2023-07-14,1081,110,68,82,36,42,46
2023-07-15,1081,131,98,90,33,33,57
2023-07-16,1081,131,82,83,37,49,46
2023-07-17,1081,135,81,97,36,54,61
2023-07-18,1081,144,81,62,45,63,17
2023-07-19,1081,106,84,86,32,22,54
2023-07-20,1081,133,79,64,40,54,24
2023-07-21,1081,103,76,85,52,27,33
2023-07-22,1081,118,83,61,40,35,21
2023-07-23,1081,101,84,53,44,17,9
2023-07-24,1081,129,87,74,37,42,37
2023-07-25,1081,121,83,90,44,38,46
2023-07-26,1081,148,70,71,48,78,23
2023-07-27,1081,134,77,95,41,57,54
2023-07-28,1081,120,80,62,48,40,14
2023-07-29,1081,145,78,56,36,67,20
2023-07-30,1081,106,78,86,42,28,44
2023-07-31,1081,139,62,61,47,77,14
2023-08-01,1081,134,77,57,43,57,14
2023-08-02,1081,147,73,93,41,74,52
2023-08-03,1081,126,69,77,41,57,36
2023-08-04,1081,148,81,73,34,67,39
2023-08-05,1081,138,80,67,36,58,31
2023-08-06,1081,148,106,81,42,42,39
2023-08-07,1081,101,77,95,53,24,42
2023-08-08,1081,146,81,92,41,65,51
2023-08-09,1081,119,84,87,45,35,42
2023-08-10,1081,139,82,70,48,57,22
2023-08-11,1081,107,83,94,32,24,62
2023-08-12,1081,111,73,94,51,38,43
2023-08-13,1081,122,80,53,41,42,12
2023-08-14,1081,131,72,94,32,59,62
2023-08-15,1081,126,69,91,41,57,50
2023-08-16,1081,145,107,99,35,38,64
2023-08-17,1081,139,82,70,43,57,27
2023-08-18,1081,108,73,59,39,35,20
2023-08-19,1081,117,73,94,35,44,59
2023-08-20,1081,132,77,64,36,55,28
2023-08-21,1081,114,82,86,43,32,43
2023-08-22,1081,139,70,89,37,69,52
2023-08-23,1081,131,70,55,44,61,11
2023-08-24,1081,126,81,89,37,45,52
2023-08-25,1081,136,89,62,43,47,19
2023-08-26,1081,107,88,93,35,19,58
2023-08-27,1081,109,67,92,46,42,46
2023-08-28,1081,122,96,58,38,26,20
2023-08-29,1081,118,69,93,48,49,45
2023-08-30,1081,101,80,68,42,21,26
2023-08-31,1081,126,88,68,44,38,24
2023-09-01,1081,123,92,100,37,31,63
2023-09-02,1081,112,73,86,41,39,45
2023-09-03,1081,128,67,78,43,61,35
2023-09-04,1081,119,72,57,40,47,17
2023-09-05,1081,135,90,73,44,45,29
2023-09-06,1081,131,75,78,42,56,36
2023-09-07,1081,117,75,97,32,42,65
2023-09-08,1081,112,86,88,37,26,51
2023-09-09,1081,124,109,80,29,15,51
2023-09-10,1081,109,78,100,42,31,58
2023-09-11,1081,128,95,62,36,33,26
2023-09-12,1081,143,83,88,33,60,55
2023-09-13,1081,148,80,74,33,68,41
2023-09-14,1081,149,82,90,49,67,41
2023-09-15,1081,123,86,82,41,37,41
2023-09-16,1081,145,72,71,35,73,36
2023-09-17,1081,118,80,88,53,38,35
2023-09-18,1081,132,75,86,35,57,51
2023-09-19,1081,107,81,76,45,26,31
2023-09-20,1081,105,64,54,55,41,-1
2023-09-21,1081,125,83,65,33,42,32
2023-09-22,1081,149,62,71,39,87,32
2023-09-23,1081,138,66,70,39,72,31
2023-09-24,1081,122,94,90,53,28,37
2023-09-25,1081,129,75,93,41,54,52
2023-09-26,1081,102,90,60,48,12,12
2023-09-27,1081,126,98,53,36,28,17
2023-09-28,1081,120,83,66,41,37,25
2023-09-29,1081,113,78,83,54,35,29
2023-09-30,1081,143,77,76,41,66,35
2023-10-01,1081,109,99,50,36,10,14
2023-10-02,1081,111,78,94,39,33,55
2023-10-03,1081,150,76,90,30,74,60
2023-10-04,1081,123,65,86,34,58,52
2023-10-05,1081,149,80,73,32,69,41
2023-10-06,1081,133,78,61,39,55,22
2023-10-07,1081,103,77,58,39,26,19
2023-10-08,1081,142,73,53,42,69,11
2023-10-09,1081,136,84,89,40,52,49
2023-10-10,1081,100,82,59,38,18,21
2023-10-11,1081,107,83,77,41,24,36
2023-10-12,1081,126,83,50,38,43,12
2023-10-13,1081,139,78,90,27,61,63
2023-10-14,1081,134,88,91,41,46,50
2023-10-15,1081,116,82,59,33,34,26
2023-10-16,1081,114,88,80,41,26,39
2023-10-17,1081,128,82,56,35,46,21
2023-10-18,1081,149,91,57,36,58,21
2023-10-19,1081,121,88,56,45,33,11
2023-10-20,1081,141,93,90,37,48,53
2023-10-21,1081,132,82,85,40,50,45
2023-10-22,1081,100,85,63,37,15,26
2023-10-23,1081,120,76,89,41,44,48
2023-10-24,1081,119,75,84,48,44,36
2023-10-25,1081,137,77,64,44,60,20
2023-10-26,1081,108,87,58,40,21,18
2023-10-27,1081,123,84,77,39,39,38
2023-10-28,1081,103,78,68,44,25,24
2023-10-29,1081,105,68,54,43,37,11
2023-10-30,1081,127,85,72,43,42,29
2023-10-31,1081,110,84,72,47,26,25
2023-11-01,1081,123,79,50,44,44,6
2023-11-02,1081,148,75,71,41,73,30
2023-11-03,1081,146,82,88,34,64,54
2023-11-04,1081,110,77,88,43,33,45
2023-11-05,1081,139,71,54,35,68,19
2023-11-06,1081,142,87,93,39,55,54
2023-11-07,1081,105,78,57,43,27,14
2023-11-08,1081,127,74,71,41,53,30
2023-11-09,1081,135,88,58,23,47,35
2023-11-10,1081,115,76,52,45,39,7
2023-11-11,1081,114,86,94,52,28,42
2023-11-12,1081,134,88,67,36,46,31
2023-11-13,1081,118,86,56,45,32,11
2023-11-14,1081,106,66,78,31,40,47
2023-11-15,1081,143,79,59,33,64,26
2023-11-16,1081,121,75,100,44,46,56
2023-11-17,1081,116,85,91,39,31,52
2023-11-18,1081,137,75,88,28,62,60
2023-11-19,1081,132,68,71,38,64,33
2023-11-20,1081,121,83,57,42,38,15
2023-11-21,1081,143,72,92,43,71,49
2023-11-22,1081,139,102,68,28,37,40
2023-11-23,1081,114,94,74,26,20,48
2023-11-24,1081,114,100,50,29,14,21
2023-11-25,1081,134,85,57,40,49,17
2023-11-26,1081,114,69,68,36,45,32
2023-11-27,1081,124,85,94,42,39,52
2023-11-28,1081,147,73,59,41,74,18
2023-11-29,1081,124,85,67,38,39,29
2023-11-30,1081,116,90,65,47,26,18
2023-12-01,1081,106,86,66,38,20,28
2023-12-02,1081,141,76,94,50,65,44
2023-12-03,1081,124,82,75,40,42,35
2023-12-04,1081,130,83,61,40,47,21
2023-12-05,1081,105,108,89,39,-3,50
2023-12-06,1081,136,69,70,50,67,20
2023-12-07,1081,141,79,99,39,62,60
2023-12-08,1081,113,84,61,47,29,14
2023-12-09,1081,135,64,91,37,71,54
2023-12-10,1081,136,84,87,49,52,38
2023-12-11,1081,141,79,91,49,62,42
2023-12-12,1081,103,79,100,31,24,69
2023-12-13,1081,123,73,92,47,50,45
2023-12-14,1081,141,73,67,42,68,25
2023-12-15,1081,122,82,84,34,40,50
2023-12-16,1081,149,82,70,50,67,20
2023-12-17,1081,143,67,58,39,76,19
2023-12-18,1081,135,85,100,33,50,67
2023-12-19,1081,145,79,68,33,66,35
2023-12-20,1081,138,86,70,46,52,24
2023-12-21,1081,102,78,53,42,24,11
2023-12-22,1081,145,91,95,42,54,53
2023-12-23,1081,125,69,83,42,56,41
2023-12-24,1081,107,77,85,34,30,51
2023-12-25,1081,112,80,75,30,32,45
2023-12-26,1081,128,71,85,38,57,47
2023-12-27,1081,128,82,81,35,46,46
2023-12-28,1081,104,98,75,31,6,44
2023-12-29,1081,138,90,60,42,48,18
2023-12-30,1081,105,84,64,37,21,27
2023-12-31,1081,102,80,74,39,22,35
2023-01-01,1082,142,80,64,45,62,19
2023-01-02,1082,100,94,95,49,6,46
2023-01-03,1082,143,86,68,36,57,32
2023-01-04,1082,116,87,71,44,29,27
2023-01-05,1082,130,79,63,44,51,19
2023-01-06,1082,116,76,85,33,40,52
2023-01-07,1082,137,79,62,39,58,23
2023-01-08,1082,141,73,83,39,68,44
2023-01-09,1082,142,87,80,46,55,34
2023-01-10,1082,124,71,62,39,53,23
2023-01-11,1082,136,79,52,40,57,12
2023-01-12,1082,103,81,98,26,22,72
2023-01-13,1082,145,84,87,37,61,50
2023-01-14,1082,112,73,54,55,39,-1
2023-01-15,1082,125,89,51,38,36,13
2023-01-16,1082,107,77,89,31,30,58
2023-01-17,1082,106,82,50,48,24,2
2023-01-18,1082,122,88,86,47,34,39
2023-01-19,1082,109,77,56,42,32,14
2023-01-20,1082,140,83,97,38,57,59
2023-01-21,1082,123,72,81,29,51,52
2023-01-22,1082,140,80,82,47,60,35
2023-01-23,1082,148,95,96,48,53,48
2023-01-24,1082,115,76,55,32,39,23
2023-01-25,1082,132,80,96,32,52,64
2023-01-26,1082,125,90,64,28,35,36
2023-01-27,1082,123,74,97,51,49,46
2023-01-28,1082,143,71,51,34,72,17
2023-01-29,1082,117,75,51,35,42,16
2023-01-30,1082,137,87,73,50,50,23
2023-01-31,1082,113,87,70,43,26,27
2023-02-01,1082,120,71,59,36,49,23
2023-02-02,1082,103,73,50,38,30,12
2023-02-03,1082,119,79,95,26,40,69
2023-02-04,1082,109,61,70,40,48,30
2023-02-05,1082,106,97,55,45,9,10
2023-02-06,1082,131,96,93,48,35,45
2023-02-07,1082,133,74,72,45,59,27
2023-02-08,1082,105,80,87,31,25,56
2023-02-09,1082,150,67,97,39,83,58
2023-02-10,1082,106,82,89,44,24,45
2023-02-11,1082,138,82,75,48,56,27
2023-02-12,1082,121,73,77,41,48,36
2023-02-13,1082,102,77,91,50,25,41
2023-02-14,1082,138,82,97,38,56,59
2023-02-15,1082,144,83,90,43,61,47
2023-02-16,1082,120,87,84,38,33,46
2023-02-17,1082,131,67,62,35,64,27
2023-02-18,1082,125,91,91,33,34,58
2023-02-19,1082,107,74,54,35,33,19
2023-02-20,1082,105,69,98,51,36,47
2023-02-21,1082,148,66,78,51,82,27
2023-02-22,1082,115,79,51,30,36,21
2023-02-23,1082,110,101,68,39,9,29
2023-02-24,1082,125,83,71,36,42,35
2023-02-25,1082,120,84,76,45,36,31
2023-02-26,1082,114,78,68,36,36,32
2023-02-27,1082,122,77,83,44,45,39
2023-02-28,1082,133,93,70,40,40,30
2023-03-01,1082,123,89,95,35,34,60
2023-03-02,1082,107,67,55,42,40,13
2023-03-03,1082,117,78,80,46,39,34
2023-03-04,1082,112,84,86,36,28,50
2023-03-05,1082,129,87,71,46,42,25
2023-03-06,1082,134,77,82,34,57,48
2023-03-07,1082,136,77,83,49,59,34
2023-03-08,1082,108,71,82,42,37,40
2023-03-09,1082,119,84,71,41,35,30
2023-03-10,1082,145,88,53,47,57,6
2023-03-11,1082,150,84,55,37,66,18
2023-03-12,1082,117,81,56,40,36,16
2023-03-13,1082,131,72,65,46,59,19
2023-03-14,1082,116,91,99,41,25,58
2023-03-15,1082,116,88,67,34,28,33
2023-03-16,1082,137,87,84,39,50,45
2023-03-17,1082,144,70,51,49,74,2
2023-03-18,1082,149,70,64,46,79,18
2023-03-19,1082,135,84,71,39,51,32
2023-03-20,1082,135,72,76,46,63,30
2023-03-21,1082,134,71,82,45,63,37
2023-03-22,1082,131,73,80,29,58,51
2023-03-23,1082,145,84,83,35,61,48
2023-03-24,1082,115,89,90,38,26,52
2023-03-25,1082,101,67,52,37,34,15
2023-03-26,1082,134,56,60,45,78,15
2023-03-27,1082,144,75,70,38,69,32
2023-03-28,1082,147,83,65,44,64,21
2023-03-29,1082,126,80,79,40,46,39
2023-03-30,1082,114,92,94,43,22,51
2023-03-31,1082,130,75,92,36,55,56
2023-04-01,1082,120,78,92,30,42,62
2023-04-02,1082,109,94,64,40,15,24
2023-04-03,1082,124,90,97,38,34,59
2023-04-04,1082,145,82,82,46,63,36
2023-04-05,1082,149,61,95,32,88,63
2023-04-06,1082,125,81,56,49,44,7
2023-04-07,1082,118,73,100,38,45,62
2023-04-08,1082,146,69,73,46,77,27
2023-04-09,1082,123,81,65,40,42,25
2023-04-10,1082,131,72,77,41,59,36
2023-04-11,1082,131,91,84,44,40,40
2023-04-12,1082,100,81,94,37,19,57
2023-04-13,1082,129,80,83,36,49,47
2023-04-14,1082,111,95,52,37,16,15
2023-04-15,1082,110,87,87,38,23,49
2023-04-16,1082,114,83,89,36,31,53
2023-04-17,1082,127,69,94,53,58,41
2023-04-18,1082,145,91,73,44,54,29
2023-04-19,1082,119,92,84,46,27,38
2023-04-20,1082,109,82,75,50,27,25
2023-04-21,1082,117,92,68,38,25,30
2023-04-22,1082,102,85,52,41,17,11
2023-04-23,1082,142,74,65,59,68,6
2023-04-24,1082,138,61,75,46,77,29
2023-04-25,1082,112,81,64,42,31,22
2023-04-26,1082,125,80,66,47,45,19
2023-04-27,1082,129,89,96,35,40,61
2023-04-28,1082,113,83,56,43,30,13
2023-04-29,1082,112,76,91,43,36,48
2023-04-30,1082,140,71,91,47,69,44
2023-05-01,1082,145,89,80,40,56,40
2023-05-02,1082,109,77,89,39,32,50
2023-05-03,1082,139,82,71,33,57,38
2023-05-04,1082,148,83,64,34,65,30
2023-05-05,1082,116,73,77,30,43,47
2023-05-06,1082,119,73,84,46,46,38
2023-05-07,1082,139,73,51,32,66,19
2023-05-08,1082,115,85,81,41,30,40
2023-05-09,1082,123,82,91,49,41,42
2023-05-10,1082,117,87,79,49,30,30
2023-05-11,1082,139,82,77,38,57,39
2023-05-12,1082,108,81,95,30,27,65
2023-05-13,1082,112,76,74,31,36,43
2023-05-14,1082,104,59,91,45,45,46
2023-05-15,1082,129,83,66,43,46,23
2023-05-16,1082,104,55,72,47,49,25
2023-05-17,1082,106,73,94,49,33,45
2023-05-18,1082,141,79,61,45,62,16
2023-05-19,1082,128,80,93,32,48,61
2023-05-20,1082,106,84,84,38,22,46
2023-05-21,1082,113,85,69,34,28,35
2023-05-22,1082,100,93,98,26,7,72
2023-05-23,1082,104,87,53,51,17,2
2023-05-24,1082,147,78,79,47,69,32
2023-05-25,1082,119,85,68,45,34,23
2023-05-26,1082,143,74,61,32,69,29
2023-05-27,1082,145,78,59,41,67,18
2023-05-28,1082,110,72,70,35,38,35
2023-05-29,1082,143,95,97,32,48,65
2023-05-30,1082,116,76,83,45,40,38
2023-05-31,1082,119,90,65,50,29,15
2023-06-01,1082,116,88,100,36,28,64
2023-06-02,1082,113,90,50,51,23,-1
2023-06-03,1082,105,85,60,49,20,11
2023-06-04,1082,123,83,52,46,40,6
2023-06-05,1082,148,83,90,39,65,51
2023-06-06,1082,137,77,85,29,60,56
2023-06-07,1082,135,72,95,43,63,52
2023-06-08,1082,108,91,64,35,17,29
2023-06-09,1082,135,88,85,41,47,44
2023-06-10,1082,118,76,78,40,42,38
2023-06-11,1082,143,77,53,33,66,20
2023-06-12,1082,112,88,52,49,24,3
2023-06-13,1082,130,72,82,51,58,31
2023-06-14,1082,145,78,85,42,67,43
2023-06-15,1082,143,73,59,39,70,20
2023-06-16,1082,126,79,82,38,47,44
2023-06-17,1082,119,80,52,47,39,5
2023-06-18,1082,119,96,78,42,23,36
2023-06-19,1082,102,86,98,38,16,60
2023-06-20,1082,104,76,95,47,28,48
2023-06-21,1082,108,70,93,42,38,51
2023-06-22,1082,149,75,84,40,74,44
2023-06-23,1082,143,72,76,33,71,43
2023-06-24,1082,102,101,83,44,1,39
2023-06-25,1082,105,77,50,46,28,4
2023-06-26,1082,148,74,56,38,74,18
2023-06-27,1082,127,85,97,51,42,46
2023-06-28,1082,126,79,77,40,47,37
2023-06-29,1082,122,59,100,43,63,57
2023-06-30,1082,105,84,63,41,21,22
2023-07-01,1082,100,97,61,45,3,16
2023-07-02,1082,100,63,79,36,37,43
2023-07-03,1082,122,81,97,44,41,53
2023-07-04,1082,134,93,72,39,41,33
2023-07-05,1082,123,100,95,42,23,53
2023-07-06,1082,126,78,52,39,48,13
2023-07-07,1082,102,67,79,36,35,43
2023-07-08,1082,105,67,52,30,38,22
2023-07-09,1082,130,76,71,41,54,30
2023-07-10,1082,142,80,85,33,62,52
2023-07-11,1082,114,99,65,40,15,25
2023-07-12,1082,127,71,65,41,56,24
2023-07-13,1082,142,73,68,36,69,32
2023-07-14,1082,112,93,90,52,19,38
2023-07-15,1082,149,82,99,47,67,52
2023-07-16,1082,100,79,93,52,21,41
2023-07-17,1082,100,78,85,37,22,48
2023-07-18,1082,140,85,60,39,55,21
2023-07-19,1082,107,74,74,34,33,40
2023-07-20,1082,136,84,85,46,52,39
2023-07-21,1082,100,88,52,43,12,9
2023-07-22,1082,144,57,66,40,87,26
2023-07-23,1082,122,73,54,32,49,22
2023-07-24,1082,105,82,59,33,23,26
2023-07-25,1082,140,81,99,30,59,69
2023-07-26,1082,130,94,77,52,36,25
2023-07-27,1082,106,90,55,40,16,15
2023-07-28,1082,132,88,88,34,44,54
2023-07-29,1082,103,67,62,38,36,24
2023-07-30,1082,125,68,56,31,57,25
2023-07-31,1082,118,86,96,34,32,62
2023-08-01,1082,103,75,67,41,28,26
2023-08-02,1082,130,87,62,47,43,15
2023-08-03,1082,148,84,73,43,64,30
2023-08-04,1082,115,66,82,34,49,48
2023-08-05,1082,138,75,95,42,63,53
2023-08-06,1082,148,73,92,41,75,51
2023-08-07,1082,135,67,60,50,68,10
2023-08-08,1082,122,97,64,38,25,26
2023-08-09,1082,131,91,93,36,40,57
2023-08-10,1082,127,77,55,28,50,27
2023-08-11,1082,132,80,70,46,52,24
2023-08-12,1082,133,73,69,51,60,18
2023-08-13,1082,104,99,70,38,5,32
2023-08-14,1082,122,83,98,40,39,58
2023-08-15,1082,117,66,72,41,51,31
2023-08-16,1082,130,85,79,30,45,49
2023-08-17,1082,109,76,90,32,33,58
2023-08-18,1082,146,74,82,44,72,38
2023-08-19,1082,112,81,61,35,31,26
2023-08-20,1082,102,80,53,56,22,-3
2023-08-21,1082,113,88,97,43,25,54
2023-08-22,1082,132,72,54,39,60,15
2023-08-23,1082,129,72,51,42,57,9
2023-08-24,1082,101,80,80,36,21,44
2023-08-25,1082,123,78,87,48,45,39
2023-08-26,1082,121,74,97,42,47,55
2023-08-27,1082,122,93,72,44,29,28
2023-08-28,1082,102,74,89,34,28,55
2023-08-29,1082,115,85,75,41,30,34
2023-08-30,1082,103,74,100,43,29,57
2023-08-31,1082,137,83,99,48,54,51
2023-09-01,1082,142,78,76,40,64,36
2023-09-02,1082,145,97,53,56,48,-3
2023-09-03,1082,147,84,67,34,63,33
2023-09-04,1082,118,76,75,31,42,44
2023-09-05,1082,105,84,89,36,21,53
2023-09-06,1082,100,82,85,45,18,40
2023-09-07,1082,143,83,57,39,60,18
2023-09-08,1082,114,79,64,45,35,19
2023-09-09,1082,126,69,65,40,57,25
2023-09-10,1082,109,93,55,31,16,24
2023-09-11,1082,115,79,95,43,36,52
2023-09-12,1082,114,64,91,40,50,51
2023-09-13,1082,125,93,80,37,32,43
2023-09-14,1082,109,79,90,45,30,45
2023-09-15,1082,144,84,91,46,60,45
2023-09-16,1082,139,67,86,34,72,52
2023-09-17,1082,145,72,61,41,73,20
2023-09-18,1082,115,64,54,40,51,14
2023-09-19,1082,137,89,52,42,48,10
2023-09-20,1082,103,74,100,37,29,63
2023-09-21,1082,150,83,96,47,67,49
2023-09-22,1082,115,77,58,33,38,25
2023-09-23,1082,120,72,96,38,48,58
2023-09-24,1082,108,68,90,34,40,56
2023-09-25,1082,108,85,88,39,23,49
2023-09-26,1082,114,90,80,38,24,42
2023-09-27,1082,131,77,86,44,54,42
2023-09-28,1082,145,74,60,42,71,18
2023-09-29,1082,114,91,57,33,23,24
2023-09-30,1082,120,68,75,34,52,41
2023-10-01,1082,102,92,66,62,10,4
2023-10-02,1082,126,79,90,41,47,49
2023-10-03,1082,107,84,100,57,23,43
2023-10-04,1082,129,88,86,38,41,48
2023-10-05,1082,102,73,60,38,29,22
2023-10-06,1082,127,78,98,35,49,63
2023-10-07,1082,137,76,95,40,61,55
2023-10-08,1082,128,84,67,41,44,26
2023-10-09,1082,127,87,55,59,40,-4
2023-10-10,1082,116,74,75,45,42,30
2023-10-11,1082,142,94,78,31,48,47
2023-10-12,1082,137,85,70,48,52,22
2023-10-13,1082,141,63,86,37,78,49
2023-10-14,1082,129,89,69,34,40,35
2023-10-15,1082,126,81,63,35,45,28
2023-10-16,1082,104,69,55,26,35,29
2023-10-17,1082,124,80,78,39,44,39
2023-10-18,1082,129,75,86,46,54,40
2023-10-19,1082,137,79,81,46,58,35
2023-10-20,1082,126,80,95,42,46,53
2023-10-21,1082,101,72,76,45,29,31
2023-10-22,1082,125,84,67,41,41,26
2023-10-23,1082,110,81,91,42,29,49
2023-10-24,1082,102,87,93,41,15,52
2023-10-25,1082,121,92,81,33,29,48
2023-10-26,1082,128,102,90,45,26,45
2023-10-27,1082,124,89,95,38,35,57
2023-10-28,1082,150,83,67,41,67,26
2023-10-29,1082,126,70,95,43,56,52
2023-10-30,1082,111,79,84,38,32,46
2023-10-31,1082,139,81,85,44,58,41
2023-11-01,1082,129,81,63,40,48,23
2023-11-02,1082,115,82,64,43,33,21
2023-11-03,1082,142,82,82,38,60,44
2023-11-04,1082,144,86,70,38,58,32
2023-11-05,1082,110,79,91,45,31,46
2023-11-06,1082,120,73,66,45,47,21
2023-11-07,1082,118,76,75,41,42,34
2023-11-08,1082,131,64,79,39,67,40
2023-11-09,1082,121,81,50,41,40,9
2023-11-10,1082,139,95,66,35,44,31
2023-11-11,1082,122,87,58,42,35,16
2023-11-12,1082,114,97,96,41,17,55
2023-11-13,1082,121,88,98,32,33,66
2023-11-14,1082,150,94,89,43,56,46
2023-11-15,1082,100,79,83,40,21,43
2023-11-16,1082,126,86,63,36,40,27
2023-11-17,1082,124,63,86,42,61,44
2023-11-18,1082,124,89,57,40,35,17
2023-11-19,1082,148,87,57,32,61,25
2023-11-20,1082,114,100,66,47,14,19
2023-11-21,1082,142,82,87,31,60,56
2023-11-22,1082,149,88,77,42,61,35
2023-11-23,1082,144,72,61,46,72,15
2023-11-24,1082,122,80,72,46,42,26
2023-11-25,1082,115,86,91,37,29,54
2023-11-26,1082,112,78,54,39,34,15
2023-11-27,1082,135,82,99,34,53,65
2023-11-28,1082,132,73,60,42,59,18
2023-11-29,1082,136,95,74,47,41,27
2023-11-30,1082,126,65,56,37,61,19
2023-12-01,1082,116,68,51,42,48,9
2023-12-02,1082,110,67,60,43,43,17
2023-12-03,1082,123,85,94,33,38,61
2023-12-04,1082,149,83,96,47,66,49
2023-12-05,1082,116,66,80,33,50,47
2023-12-06,1082,102,80,68,41,22,27
2023-12-07,1082,101,68,89,46,33,43
2023-12-08,1082,148,54,53,29,94,24
2023-12-09,1082,107,85,73,45,22,28
2023-12-10,1082,146,58,81,41,88,40
2023-12-11,1082,118,83,87,50,35,37
2023-12-12,1082,123,64,93,41,59,52
2023-12-13,1082,134,81,56,28,53,28
2023-12-14,1082,107,82,60,52,25,8
2023-12-15,1082,131,61,60,34,70,26
2023-12-16,1082,143,67,68,40,76,28
2023-12-17,1082,140,78,60,44,62,16
2023-12-18,1082,138,96,51,42,42,9
2023-12-19,1082,103,92,66,41,11,25
2023-12-20,1082,148,75,77,37,73,40
2023-12-21,1082,104,82,52,51,22,1
2023-12-22,1082,118,86,100,34,32,66
2023-12-23,1082,136,96,57,43,40,14
2023-12-24,1082,114,79,64,46,35,18
2023-12-25,1082,117,68,80,32,49,48
2023-12-26,1082,116,85,77,39,31,38
2023-12-27,1082,144,89,63,31,55,32
2023-12-28,1082,135,75,69,41,60,28
2023-12-29,1082,138,76,59,49,62,10
2023-12-30,1082,110,69,68,46,41,22
2023-12-31,1082,132,75,78,39,57,39
2023-01-01,1083,142,82,63,46,60,17
2023-01-02,1083,122,73,66,25,49,41
2023-01-03,1083,101,86,62,42,15,20
2023-01-04,1083,109,72,95,37,37,58
2023-01-05,1083,127,77,100,45,50,55
2023-01-06,1083,112,70,69,42,42,27
2023-01-07,1083,136,83,68,44,53,24
2023-01-08,1083,111,84,72,41,27,31
2023-01-09,1083,104,69,87,43,35,44
2023-01-10,1083,124,66,79,49,58,30
2023-01-11,1083,122,85,74,38,37,36
2023-01-12,1083,112,83,74,38,29,36
2023-01-13,1083,110,74,70,37,36,33
2023-01-14,1083,123,77,97,50,46,47
2023-01-15,1083,111,86,91,35,25,56
2023-01-16,1083,138,71,62,40,67,22
2023-01-17,1083,144,71,65,36,73,29
2023-01-18,1083,133,90,75,28,43,47
2023-01-19,1083,150,68,75,42,82,33
2023-01-20,1083,133,91,80,35,42,45
2023-01-21,1083,100,83,82,32,17,50
2023-01-22,1083,102,97,54,38,5,16
2023-01-23,1083,103,76,62,34,27,28
2023-01-24,1083,102,84,57,37,18,20
2023-01-25,1083,117,67,64,32,50,32
2023-01-26,1083,135,74,100,35,61,65
2023-01-27,1083,104,77,57,41,27,16
2023-01-28,1083,148,76,59,34,72,25
2023-01-29,1083,139,95,77,36,44,41
2023-01-30,1083,117,67,72,46,50,26
2023-01-31,1083,138,106,63,39,32,24
2023-02-01,1083,113,71,86,48,42,38
2023-02-02,1083,134,99,56,38,35,18
2023-02-03,1083,117,97,63,43,20,20
2023-02-04,1083,130,65,93,38,65,55
2023-02-05,1083,102,95,50,38,7,12
2023-02-06,1083,144,94,93,27,50,66
2023-02-07,1083,109,77,75,48,32,27
2023-02-08,1083,113,84,73,27,29,46
2023-02-09,1083,135,87,78,42,48,36
2023-02-10,1083,109,78,98,43,31,55
2023-02-11,1083,108,86,85,51,22,34
2023-02-12,1083,112,80,75,40,32,35
2023-02-13,1083,116,77,57,30,39,27
2023-02-14,1083,132,73,96,41,59,55
2023-02-15,1083,148,89,85,53,59,32
2023-02-16,1083,120,73,92,47,47,45
2023-02-17,1083,142,86,51,47,56,4
2023-02-18,1083,133,79,97,27,54,70
2023-02-19,1083,141,95,97,36,46,61
2023-02-20,1083,113,74,90,49,39,41
2023-02-21,1083,127,84,99,46,43,53
2023-02-22,1083,118,64,60,42,54,18
2023-02-23,1083,120,75,60,45,45,15
2023-02-24,1083,145,66,66,42,79,24
2023-02-25,1083,134,89,71,31,45,40
2023-02-26,1083,110,87,80,34,23,46
2023-02-27,1083,143,69,70,44,74,26
2023-02-28,1083,123,78,53,34,45,19
2023-03-01,1083,120,77,95,28,43,67
2023-03-02,1083,132,76,51,41,56,10
2023-03-03,1083,140,73,50,36,67,14
2023-03-04,1083,129,81,95,43,48,52
2023-03-05,1083,129,82,77,44,47,33
2023-03-06,1083,100,82,96,32,18,64
2023-03-07,1083,110,80,91,45,30,46
2023-03-08,1083,148,75,73,31,73,42
2023-03-09,1083,143,86,82,45,57,37
2023-03-10,1083,100,74,73,28,26,45
2023-03-11,1083,130,79,71,38,51,33
2023-03-12,1083,148,83,75,38,65,37
2023-03-13,1083,145,71,86,42,74,44
2023-03-14,1083,135,83,58,37,52,21
2023-03-15,1083,130,78,54,37,52,17
2023-03-16,1083,103,71,90,36,32,54
2023-03-17,1083,123,90,79,41,33,38
2023-03-18,1083,118,75,62,47,43,15
2023-03-19,1083,142,83,79,44,59,35
2023-03-20,1083,144,68,90,42,76,48
2023-03-21,1083,107,82,61,35,25,26
2023-03-22,1083,126,73,86,35,53,51
2023-03-23,1083,146,88,70,37,58,33
2023-03-24,1083,149,70,60,41,79,19
2023-03-25,1083,143,93,92,53,50,39
2023-03-26,1083,104,82,55,36,22,19
2023-03-27,1083,137,70,50,34,67,16
2023-03-28,1083,100,73,80,32,27,48
2023-03-29,1083,147,71,82,30,76,52
2023-03-30,1083,118,79,93,45,39,48
2023-03-31,1083,149,72,59,38,77,21
2023-04-01,1083,122,81,71,27,41,44
2023-04-02,1083,117,86,57,29,31,28
2023-04-03,1083,100,84,97,35,16,62
2023-04-04,1083,139,77,57,33,62,24
2023-04-05,1083,133,84,78,31,49,47
2023-04-06,1083,119,75,74,33,44,41
2023-04-07,1083,108,69,56,40,39,16
2023-04-08,1083,141,89,57,45,52,12
2023-04-09,1083,141,71,57,45,70,12
2023-04-10,1083,116,88,63,46,28,17
2023-04-11,1083,149,88,97,40,61,57
2023-04-12,1083,115,91,57,38,24,19
2023-04-13,1083,144,62,95,40,82,55
2023-04-14,1083,134,73,92,41,61,51
2023-04-15,1083,106,86,97,36,20,61
2023-04-16,1083,104,84,74,43,20,31
2023-04-17,1083,119,69,88,36,50,52
2023-04-18,1083,142,88,89,41,54,48
2023-04-19,1083,141,74,99,41,67,58
2023-04-20,1083,128,91,56,36,37,20
2023-04-21,1083,100,72,64,42,28,22
2023-04-22,1083,146,75,59,39,71,20
2023-04-23,1083,115,77,95,42,38,53
2023-04-24,1083,129,83,57,41,46,16
2023-04-25,1083,135,87,83,40,48,43
2023-04-26,1083,145,79,75,49,66,26
2023-04-27,1083,128,83,77,32,45,45
2023-04-28,1083,147,70,98,25,77,73
2023-04-29,1083,136,81,99,36,55,63
2023-04-30,1083,132,88,66,41,44,25
2023-05-01,1083,102,79,74,31,23,43
2023-05-02,1083,112,84,70,46,28,24
2023-05-03,1083,135,79,68,45,56,23
2023-05-04,1083,127,69,76,47,58,29
2023-05-05,1083,143,72,96,44,71,52
2023-05-06,1083,136,66,77,48,70,29
2023-05-07,1083,135,68,92,35,67,57
2023-05-08,1083,145,73,85,53,72,32
2023-05-09,1083,108,68,92,24,40,68
2023-05-10,1083,142,73,82,36,69,46
2023-05-11,1083,149,68,54,44,81,10
2023-05-12,1083,133,85,85,39,48,46
2023-05-13,1083,117,87,54,41,30,13
2023-05-14,1083,140,67,69,42,73,27
2023-05-15,1083,143,79,65,45,64,20
2023-05-16,1083,115,88,87,40,27,47
2023-05-17,1083,104,76,88,35,28,53
2023-05-18,1083,129,82,77,42,47,35
2023-05-19,1083,131,76,68,40,55,28
2023-05-20,1083,143,76,97,49,67,48
2023-05-21,1083,144,93,65,36,51,29
2023-05-22,1083,137,81,87,44,56,43
2023-05-23,1083,137,80,87,45,57,42
2023-05-24,1083,131,77,97,41,54,56
2023-05-25,1083,136,91,73,32,45,41
2023-05-26,1083,132,92,86,39,40,47
2023-05-27,1083,112,80,91,42,32,49
2023-05-28,1083,130,76,77,62,54,15
2023-05-29,1083,132,91,73,38,41,35
2023-05-30,1083,117,85,70,35,32,35
2023-05-31,1083,140,82,78,43,58,35
2023-06-01,1083,130,104,100,44,26,56
2023-06-02,1083,105,72,81,40,33,41
2023-06-03,1083,141,75,94,40,66,54
2023-06-04,1083,122,69,72,48,53,24
2023-06-05,1083,102,73,83,47,29,36
2023-06-06,1083,115,79,92,38,36,54
2023-06-07,1083,121,75,93,37,46,56
2023-06-08,1083,105,73,57,40,32,17
2023-06-09,1083,143,76,95,36,67,59
2023-06-10,1083,114,101,86,34,13,52
2023-06-11,1083,112,86,67,39,26,28
2023-06-12,1083,113,72,74,48,41,26
2023-06-13,1083,112,81,73,55,31,18
2023-06-14,1083,107,69,76,51,38,25
2023-06-15,1083,115,77,67,48,38,19
2023-06-16,1083,126,90,83,31,36,52
2023-06-17,1083,104,82,99,40,22,59
2023-06-18,1083,126,89,86,45,37,41
2023-06-19,1083,122,76,59,34,46,25
2023-06-20,1083,124,83,79,49,41,30
2023-06-21,1083,139,87,60,34,52,26
2023-06-22,1083,144,93,70,31,51,39
2023-06-23,1083,110,85,69,37,25,32
2023-06-24,1083,103,79,60,34,24,26
2023-06-25,1083,127,72,88,44,55,44
2023-06-26,1083,146,85,85,36,61,49
2023-06-27,1083,112,92,83,43,20,40
2023-06-28,1083,129,73,85,47,56,38
2023-06-29,1083,115,68,58,42,47,16
2023-06-30,1083,125,73,60,46,52,14
2023-07-01,1083,109,89,94,39,20,55
2023-07-02,1083,119,74,58,42,45,16
2023-07-03,1083,104,81,59,44,23,15
2023-07-04,1083,132,68,52,32,64,20
2023-07-05,1083,121,74,99,33,47,66
2023-07-06,1083,128,87,79,52,41,27
2023-07-07,1083,148,78,60,43,70,17
2023-07-08,1083,147,96,87,41,51,46
2023-07-09,1083,136,70,95,48,66,47
2023-07-10,1083,125,92,94,43,33,51
2023-07-11,1083,123,65,61,33,58,28
2023-07-12,1083,145,87,53,47,58,6
2023-07-13,1083,106,71,62,24,35,38
2023-07-14,1083,104,81,80,51,23,29
2023-07-15,1083,121,74,96,41,47,55
2023-07-16,1083,141,76,54,47,65,7
2023-07-17,1083,109,85,55,43,24,12
2023-07-18,1083,109,86,75,41,23,34
2023-07-19,1083,141,81,84,34,60,50
2023-07-20,1083,126,74,80,37,52,43
2023-07-21,1083,138,76,58,36,62,22
2023-07-22,1083,145,70,70,47,75,23
2023-07-23,1083,124,75,60,50,49,10
2023-07-24,1083,135,75,94,47,60,47
2023-07-25,1083,149,86,56,42,63,14
2023-07-26,1083,140,75,91,33,65,58
2023-07-27,1083,150,74,98,41,76,57
2023-07-28,1083,146,76,69,33,70,36
2023-07-29,1083,137,75,83,40,62,43
2023-07-30,1083,109,71,83,55,38,28
2023-07-31,1083,139,77,80,42,62,38
2023-08-01,1083,135,81,65,36,54,29
2023-08-02,1083,143,79,80,35,64,45
2023-08-03,1083,145,83,80,49,62,31
2023-08-04,1083,110,72,59,35,38,24
2023-08-05,1083,122,83,81,32,39,49
2023-08-06,1083,101,74,73,40,27,33
2023-08-07,1083,121,88,88,37,33,51
2023-08-08,1083,131,84,77,36,47,41
2023-08-09,1083,102,83,64,41,19,23
2023-08-10,1083,134,83,57,40,51,17
2023-08-11,1083,100,82,60,38,18,22
2023-08-12,1083,110,72,59,36,38,23
2023-08-13,1083,143,83,60,45,60,15
2023-08-14,1083,109,70,82,45,39,37
2023-08-15,1083,120,73,100,45,47,55
2023-08-16,1083,129,76,92,42,53,50
2023-08-17,1083,118,66,66,42,52,24
2023-08-18,1083,113,61,86,44,52,42
2023-08-19,1083,104,77,92,31,27,61
2023-08-20,1083,144,71,93,44,73,49
2023-08-21,1083,106,64,82,37,42,45
2023-08-22,1083,101,71,59,49,30,10
2023-08-23,1083,126,85,72,41,41,31
2023-08-24,1083,119,84,74,34,35,40
2023-08-25,1083,105,76,84,39,29,45
2023-08-26,1083,150,65,99,56,85,43
2023-08-27,1083,147,77,54,34,70,20
2023-08-28,1083,135,91,78,38,44,40
2023-08-29,1083,133,63,74,23,70,51
2023-08-30,1083,149,80,86,49,69,37
2023-08-31,1083,113,69,65,44,44,21
2023-09-01,1083,139,60,99,47,79,52
2023-09-02,1083,143,77,97,35,66,62
2023-09-03,1083,125,82,83,37,43,46
2023-09-04,1083,126,82,74,42,44,32
2023-09-05,1083,124,75,77,46,49,31
2023-09-06,1083,140,81,96,38,59,58
2023-09-07,1083,119,61,66,46,58,20
2023-09-08,1083,115,69,78,48,46,30
2023-09-09,1083,104,71,73,41,33,32
2023-09-10,1083,123,79,66,39,44,27
2023-09-11,1083,144,60,52,45,84,7
2023-09-12,1083,106,75,80,34,31,46
2023-09-13,1083,144,79,65,35,65,30
2023-09-14,1083,138,69,69,44,69,25
2023-09-15,1083,102,89,76,35,13,41
2023-09-16,1083,130,69,88,38,61,50
2023-09-17,1083,131,75,68,36,56,32
2023-09-18,1083,139,72,57,38,67,19
2023-09-19,1083,144,81,94,47,63,47
2023-09-20,1083,143,86,60,37,57,23
2023-09-21,1083,103,76,98,42,27,56
2023-09-22,1083,129,78,65,40,51,25
2023-09-23,1083,112,85,78,43,27,35
2023-09-24,1083,124,96,98,43,28,55
2023-09-25,1083,138,89,50,36,49,14
2023-09-26,1083,105,85,83,39,20,44
2023-09-27,1083,100,75,69,46,25,23
2023-09-28,1083,144,66,80,31,78,49
2023-09-29,1083,149,82,90,42,67,48
2023-09-30,1083,134,78,89,43,56,46
2023-10-01,1083,134,93,62,31,41,31
2023-10-02,1083,129,83,97,34,46,63
2023-10-03,1083,144,82,94,36,62,58
2023-10-04,1083,106,81,56,46,25,10
2023-10-05,1083,107,91,58,39,16,19
2023-10-06,1083,103,100,96,38,3,58
2023-10-07,1083,131,73,50,51,58,-1
2023-10-08,1083,126,95,80,41,31,39
2023-10-09,1083,131,81,64,52,50,12
2023-10-10,1083,112,82,84,37,30,47
2023-10-11,1083,105,68,50,51,37,-1
2023-10-12,1083,130,78,90,41,52,49
2023-10-13,1083,148,83,74,32,65,42
2023-10-14,1083,101,79,94,37,22,57
2023-10-15,1083,148,83,84,39,65,45
2023-10-16,1083,148,86,70,45,62,25
2023-10-17,1083,148,86,65,45,62,20
2023-10-18,1083,141,92,58,43,49,15
2023-10-19,1083,109,80,69,35,29,34
2023-10-20,1083,127,93,87,28,34,59
2023-10-21,1083,127,84,54,43,43,11
2023-10-22,1083,145,80,75,44,65,31
2023-10-23,1083,107,85,93,28,22,65
2023-10-24,1083,137,74,72,43,63,29
2023-10-25,1083,111,78,60,44,33,16
2023-10-26,1083,114,61,52,39,53,13
2023-10-27,1083,125,76,97,45,49,52
2023-10-28,1083,100,73,99,46,27,53
2023-10-29,1083,121,86,95,39,35,56
2023-10-30,1083,123,87,56,54,36,2
2023-10-31,1083,103,88,92,43,15,49
2023-11-01,1083,143,92,74,36,51,38
2023-11-02,1083,125,79,51,48,46,3
2023-11-03,1083,100,78,81,44,22,37
2023-11-04,1083,135,94,74,31,41,43
2023-11-05,1083,108,75,83,45,33,38
2023-11-06,1083,128,81,82,31,47,51
2023-11-07,1083,122,72,56,50,50,6
2023-11-08,1083,121,92,86,46,29,40
2023-11-09,1083,114,80,68,34,34,34
2023-11-10,1083,103,72,95,40,31,55
2023-11-11,1083,119,87,79,42,32,37
2023-11-12,1083,143,77,64,50,66,14
2023-11-13,1083,131,84,65,38,47,27
2023-11-14,1083,130,81,63,31,49,32
2023-11-15,1083,102,75,57,39,27,18
2023-11-16,1083,116,68,97,36,48,61
2023-11-17,1083,105,71,78,36,34,42
2023-11-18,1083,146,76,72,45,70,27
2023-11-19,1083,120,82,66,52,38,14
2023-11-20,1083,104,82,88,49,22,39
2023-11-21,1083,140,80,97,39,60,58
2023-11-22,1083,111,95,94,43,16,51
2023-11-23,1083,134,88,90,42,46,48
2023-11-24,1083,123,79,86,36,44,50
2023-11-25,1083,144,83,94,39,61,55
2023-11-26,1083,121,71,80,46,50,34
2023-11-27,1083,115,78,97,44,37,53
2023-11-28,1083,109,68,83,47,41,36
2023-11-29,1083,100,94,90,27,6,63
2023-11-30,1083,119,84,51,34,35,17
2023-12-01,1083,147,67,89,36,80,53
2023-12-02,1083,134,73,99,42,61,57
2023-12-03,1083,146,80,54,38,66,16
2023-12-04,1083,144,79,60,42,65,18
2023-12-05,1083,116,68,64,46,48,18
2023-12-06,1083,121,87,69,45,34,24
2023-12-07,1083,120,78,50,31,42,19
2023-12-08,1083,142,66,72,38,76,34
2023-12-09,1083,100,72,64,43,28,21
2023-12-10,1083,125,72,82,41,53,41
2023-12-11,1083,111,74,75,32,37,43
2023-12-12,1083,109,97,80,31,12,49
2023-12-13,1083,121,80,70,43,41,27
2023-12-14,1083,149,70,100,38,79,62
2023-12-15,1083,148,93,57,46,55,11
2023-12-16,1083,121,79,66,49,42,17
2023-12-17,1083,110,75,50,39,35,11
2023-12-18,1083,101,90,77,32,11,45
2023-12-19,1083,146,66,88,44,80,44
2023-12-20,1083,132,86,61,47,46,14
2023-12-21,1083,150,76,92,30,74,62
2023-12-22,1083,108,86,62,41,22,21
2023-12-23,1083,103,78,82,44,25,38
2023-12-24,1083,126,81,75,40,45,35
2023-12-25,1083,112,83,63,31,29,32
2023-12-26,1083,127,87,57,42,40,15
2023-12-27,1083,149,77,61,50,72,11
2023-12-28,1083,115,82,72,47,33,25
2023-12-29,1083,134,64,70,36,70,34
2023-12-30,1083,100,91,96,39,9,57
2023-12-31,1083,148,96,73,42,52,31
2023-01-01,1084,114,82,95,41,32,54
2023-01-02,1084,116,84,53,36,32,17
2023-01-03,1084,133,93,75,47,40,28
2023-01-04,1084,149,81,91,42,68,49
2023-01-05,1084,105,76,69,41,29,28
2023-01-06,1084,148,77,59,46,71,13
2023-01-07,1084,114,65,52,41,49,11
2023-01-08,1084,138,71,100,40,67,60
2023-01-09,1084,142,84,81,36,58,45
2023-01-10,1084,127,93,57,48,34,9
2023-01-11,1084,107,94,98,38,13,60
2023-01-12,1084,142,90,74,34,52,40
2023-01-13,1084,141,74,68,42,67,26
2023-01-14,1084,121,71,57,49,50,8
2023-01-15,1084,126,78,87,39,48,48
2023-01-16,1084,141,89,56,44,52,12
2023-01-17,1084,102,89,55,34,13,21
2023-01-18,1084,110,74,73,40,36,33
2023-01-19,1084,116,92,83,35,24,48
2023-01-20,1084,122,89,89,32,33,57
2023-01-21,1084,143,64,83,49,79,34
2023-01-22,1084,122,80,71,27,42,44
2023-01-23,1084,107,69,60,41,38,19
2023-01-24,1084,108,70,54,34,38,20
2023-01-25,1084,106,87,83,55,19,28
2023-01-26,1084,148,82,95,37,66,58
2023-01-27,1084,108,93,68,34,15,34
2023-01-28,1084,126,73,84,47,53,37
2023-01-29,1084,102,92,62,35,10,27
2023-01-30,1084,133,78,53,37,55,16
2023-01-31,1084,145,71,89,32,74,57
2023-02-01,1084,113,82,67,32,31,35
2023-02-02,1084,123,71,89,48,52,41
2023-02-03,1084,137,86,76,38,51,38
2023-02-04,1084,149,99,74,31,50,43
2023-02-05,1084,114,89,50,44,25,6
2023-02-06,1084,133,69,96,34,64,62
2023-02-07,1084,123,77,87,48,46,39
2023-02-08,1084,147,79,92,36,68,56
2023-02-09,1084,114,69,71,43,45,28
2023-02-10,1084,146,78,56,38,68,18
2023-02-11,1084,142,70,59,36,72,23
2023-02-12,1084,123,79,83,37,44,46
2023-02-13,1084,103,78,69,42,25,27
2023-02-14,1084,102,69,69,27,33,42
2023-02-15,1084,104,73,98,30,31,68
2023-02-16,1084,123,94,62,49,29,13
2023-02-17,1084,144,85,78,44,59,34
2023-02-18,1084,128,87,62,41,41,21
2023-02-19,1084,114,57,71,53,57,18
2023-02-20,1084,111,74,74,30,37,44
2023-02-21,1084,131,67,65,28,64,37
2023-02-22,1084,110,99,57,39,11,18
2023-02-23,1084,147,75,85,40,72,45
2023-02-24,1084,100,81,52,44,19,8
2023-02-25,1084,110,88,64,40,22,24
2023-02-26,1084,105,73,98,48,32,50
2023-02-27,1084,128,79,72,38,49,34
2023-02-28,1084,133,84,65,41,49,24
2023-03-01,1084,148,74,81,36,74,45
2023-03-02,1084,118,76,79,40,42,39
2023-03-03,1084,106,79,59,39,27,20
2023-03-04,1084,128,88,90,50,40,40
2023-03-05,1084,112,69,100,45,43,55
2023-03-06,1084,135,81,62,42,54,20
2023-03-07,1084,112,85,50,36,27,14
2023-03-08,1084,120,103,86,51,17,35
2023-03-09,1084,132,72,91,32,60,59
2023-03-10,1084,141,67,99,31,74,68
2023-03-11,1084,103,85,67,37,18,30
2023-03-12,1084,114,89,50,29,25,21
2023-03-13,1084,141,75,59,45,66,14
2023-03-14,1084,118,84,100,42,34,58
2023-03-15,1084,133,79,79,43,54,36
2023-03-16,1084,134,79,88,36,55,52
2023-03-17,1084,129,94,88,44,35,44
2023-03-18,1084,144,86,79,29,58,50
2023-03-19,1084,128,85,72,37,43,35
2023-03-20,1084,117,68,85,40,49,45
2023-03-21,1084,128,86,77,39,42,38
2023-03-22,1084,124,72,90,35,52,55
2023-03-23,1084,132,67,76,36,65,40
2023-03-24,1084,134,88,85,51,46,34
2023-03-25,1084,104,82,74,36,22,38
2023-03-26,1084,114,68,59,37,46,22
2023-03-27,1084,110,92,70,35,18,35
2023-03-28,1084,106,79,93,41,27,52
2023-03-29,1084,140,74,93,37,66,56
2023-03-30,1084,116,69,77,50,47,27
2023-03-31,1084,112,72,93,40,40,53
2023-04-01,1084,131,71,90,35,60,55
2023-04-02,1084,127,70,58,35,57,23
2023-04-03,1084,109,83,97,42,26,55
2023-04-04,1084,118,78,56,33,40,23
2023-04-05,1084,118,63,75,43,55,32
2023-04-06,1084,111,69,96,43,42,53
2023-04-07,1084,139,74,54,46,65,8
2023-04-08,1084,140,85,84,28,55,56
2023-04-09,1084,141,84,58,38,57,20
2023-04-10,1084,122,63,90,41,59,49
2023-04-11,1084,106,83,85,40,23,45
2023-04-12,1084,132,60,66,43,72,23
2023-04-13,1084,100,69,60,44,31,16
2023-04-14,1084,117,73,82,46,44,36
2023-04-15,1084,148,81,94,39,67,55
2023-04-16,1084,107,77,93,35,30,58
2023-04-17,1084,128,72,68,34,56,34
2023-04-18,1084,113,93,52,42,20,10
2023-04-19,1084,148,76,57,42,72,15
2023-04-20,1084,105,66,97,46,39,51
2023-04-21,1084,140,103,72,45,37,27
2023-04-22,1084,100,72,58,48,28,10
2023-04-23,1084,139,83,66,48,56,18
2023-04-24,1084,105,82,94,44,23,50
2023-04-25,1084,131,77,75,32,54,43
2023-04-26,1084,150,85,100,35,65,65
2023-04-27,1084,123,75,63,42,48,21
2023-04-28,1084,115,92,82,35,23,47
2023-04-29,1084,126,77,56,40,49,16
2023-04-30,1084,119,88,85,31,31,54
2023-05-01,1084,115,80,61,47,35,14
2023-05-02,1084,133,88,63,44,45,19
2023-05-03,1084,133,83,68,43,50,25
2023-05-04,1084,126,85,100,49,41,51
2023-05-05,1084,114,89,77,36,25,41
2023-05-06,1084,150,79,89,51,71,38
2023-05-07,1084,136,85,96,35,51,61
2023-05-08,1084,138,64,82,49,74,33
2023-05-09,1084,106,82,79,50,24,29
2023-05-10,1084,139,64,60,51,75,9
2023-05-11,1084,108,81,81,35,27,46
2023-05-12,1084,111,82,84,31,29,53
2023-05-13,1084,139,88,68,46,51,22
2023-05-14,1084,149,67,79,39,82,40
2023-05-15,1084,124,81,84,37,43,47
2023-05-16,1084,130,70,72,40,60,32
2023-05-17,1084,144,83,90,27,61,63
2023-05-18,1084,118,78,81,41,40,40
2023-05-19,1084,124,85,95,38,39,57
2023-05-20,1084,120,97,87,42,23,45
2023-05-21,1084,142,68,72,42,74,30
2023-05-22,1084,116,94,71,39,22,32
2023-05-23,1084,142,86,77,40,56,37
2023-05-24,1084,126,86,83,35,40,48
2023-05-25,1084,118,76,54,45,42,9
2023-05-26,1084,107,86,95,41,21,54
2023-05-27,1084,109,81,61,45,28,16
2023-05-28,1084,118,78,52,44,40,8
2023-05-29,1084,133,86,74,49,47,25
2023-05-30,1084,124,87,72,41,37,31
2023-05-31,1084,101,66,69,49,35,20
2023-06-01,1084,129,76,61,41,53,20
2023-06-02,1084,144,74,59,38,70,21
2023-06-03,1084,120,73,66,38,47,28
2023-06-04,1084,109,81,81,41,28,40
2023-06-05,1084,121,77,89,52,44,37
2023-06-06,1084,111,86,58,39,25,19
2023-06-07,1084,135,82,91,40,53,51
2023-06-08,1084,137,78,74,38,59,36
2023-06-09,1084,125,63,59,31,62,28
2023-06-10,1084,100,78,94,36,22,58
2023-06-11,1084,125,73,56,37,52,19
2023-06-12,1084,102,94,58,46,8,12
2023-06-13,1084,136,84,76,39,52,37
2023-06-14,1084,130,79,74,50,51,24
2023-06-15,1084,121,79,70,49,42,21
2023-06-16,1084,147,74,95,39,73,56
2023-06-17,1084,104,79,75,32,25,43
2023-06-18,1084,102,85,86,36,17,50
2023-06-19,1084,109,72,88,41,37,47
2023-06-20,1084,100,70,76,49,30,27
2023-06-21,1084,135,76,83,34,59,49
2023-06-22,1084,110,95,76,39,15,37
2023-06-23,1084,149,66,74,39,83,35
2023-06-24,1084,147,77,58,42,70,16
2023-06-25,1084,105,74,80,44,31,36
2023-06-26,1084,125,76,87,34,49,53
2023-06-27,1084,124,86,83,43,38,40
2023-06-28,1084,149,107,91,42,42,49
2023-06-29,1084,113,83,94,46,30,48
2023-06-30,1084,117,82,77,44,35,33
2023-07-01,1084,141,83,63,40,58,23
2023-07-02,1084,128,93,85,38,35,47
2023-07-03,1084,122,76,65,32,46,33
2023-07-04,1084,141,78,70,35,63,35
2023-07-05,1084,147,83,51,43,64,8
2023-07-06,1084,124,85,78,44,39,34
2023-07-07,1084,116,67,60,36,49,24
2023-07-08,1084,105,100,91,44,5,47
2023-07-09,1084,114,87,96,29,27,67
2023-07-10,1084,112,84,81,50,28,31
2023-07-11,1084,126,76,64,41,50,23
2023-07-12,1084,140,90,94,47,50,47
2023-07-13,1084,143,81,71,53,62,18
2023-07-14,1084,132,78,72,44,54,28
2023-07-15,1084,127,69,63,42,58,21
2023-07-16,1084,104,99,81,40,5,41
2023-07-17,1084,105,73,73,35,32,38
2023-07-18,1084,119,77,89,48,42,41
2023-07-19,1084,149,73,66,32,76,34
2023-07-20,1084,142,88,55,49,54,6
2023-07-21,1084,135,73,83,44,62,39
2023-07-22,1084,130,80,90,28,50,62
2023-07-23,1084,147,87,50,44,60,6
2023-07-24,1084,104,88,77,43,16,34
2023-07-25,1084,102,83,89,35,19,54
2023-07-26,1084,140,65,92,36,75,56
2023-07-27,1084,115,89,71,27,26,44
2023-07-28,1084,142,71,89,42,71,47
2023-07-29,1084,116,82,88,38,34,50
2023-07-30,1084,136,82,52,35,54,17
2023-07-31,1084,146,96,84,39,50,45
2023-08-01,1084,115,91,91,42,24,49
2023-08-02,1084,105,86,74,35,19,39
2023-08-03,1084,119,78,92,33,41,59
2023-08-04,1084,130,79,95,45,51,50
2023-08-05,1084,145,87,91,32,58,59
2023-08-06,1084,102,97,100,44,5,56
2023-08-07,1084,138,78,57,38,60,19
2023-08-08,1084,127,73,87,29,54,58
2023-08-09,1084,114,85,86,39,29,47
2023-08-10,1084,127,108,99,42,19,57
2023-08-11,1084,119,83,98,39,36,59
2023-08-12,1084,114,66,80,41,48,39
2023-08-13,1084,137,89,75,42,48,33
2023-08-14,1084,138,87,61,40,51,21
2023-08-15,1084,133,88,85,38,45,47
2023-08-16,1084,146,83,69,38,63,31
2023-08-17,1084,138,80,85,48,58,37
2023-08-18,1084,110,77,93,40,33,53
2023-08-19,1084,102,71,66,51,31,15
2023-08-20,1084,105,86,86,39,19,47
2023-08-21,1084,118,100,83,49,18,34
2023-08-22,1084,110,84,93,45,26,48
2023-08-23,1084,102,77,50,39,25,11
2023-08-24,1084,135,89,77,41,46,36
2023-08-25,1084,101,80,75,31,21,44
2023-08-26,1084,132,76,78,40,56,38
2023-08-27,1084,134,82,71,31,52,40
2023-08-28,1084,123,88,86,35,35,51
2023-08-29,1084,124,77,68,34,47,34
2023-08-30,1084,102,91,89,37,11,52
2023-08-31,1084,112,71,79,46,41,33
2023-09-01,1084,138,83,94,31,55,63
2023-09-02,1084,142,85,53,34,57,19
2023-09-03,1084,149,87,87,45,62,42
2023-09-04,1084,134,73,84,42,61,42
2023-09-05,1084,131,81,83,35,50,48
2023-09-06,1084,117,87,70,50,30,20
2023-09-07,1084,128,78,90,35,50,55
2023-09-08,1084,143,78,88,29,65,59
2023-09-09,1084,124,76,53,33,48,20
2023-09-10,1084,137,65,59,38,72,21
2023-09-11,1084,135,94,84,48,41,36
2023-09-12,1084,121,82,83,35,39,48
2023-09-13,1084,124,78,58,46,46,12
2023-09-14,1084,122,72,87,38,50,49
2023-09-15,1084,103,85,100,38,18,62
2023-09-16,1084,135,85,85,45,50,40
2023-09-17,1084,143,77,74,39,66,35
2023-09-18,1084,116,82,57,35,34,22
2023-09-19,1084,129,75,65,36,54,29
2023-09-20,1084,130,75,58,34,55,24
2023-09-21,1084,147,81,86,41,66,45
2023-09-22,1084,108,71,65,45,37,20
2023-09-23,1084,115,68,87,42,47,45
2023-09-24,1084,137,78,86,66,59,20
2023-09-25,1084,115,78,95,61,37,34
2023-09-26,1084,121,76,57,43,45,14
2023-09-27,1084,126,77,50,39,49,11
2023-09-28,1084,137,80,74,42,57,32
2023-09-29,1084,108,88,54,36,20,18
2023-09-30,1084,110,84,75,41,26,34
2023-10-01,1084,119,85,100,37,34,63
2023-10-02,1084,143,92,75,32,51,43
2023-10-03,1084,110,70,50,32,40,18
2023-10-04,1084,137,100,54,47,37,7
2023-10-05,1084,138,96,87,44,42,43
2023-10-06,1084,124,76,76,35,48,41
2023-10-07,1084,118,73,74,36,45,38
2023-10-08,1084,142,87,71,42,55,29
2023-10-09,1084,101,71,71,36,30,35
2023-10-10,1084,145,83,96,39,62,57
2023-10-11,1084,108,71,77,37,37,40
2023-10-12,1084,117,83,59,30,34,29
2023-10-13,1084,130,70,99,52,60,47
2023-10-14,1084,120,66,99,35,54,64
2023-10-15,1084,116,85,72,48,31,24
2023-10-16,1084,118,71,83,36,47,47
2023-10-17,1084,143,94,64,40,49,24
2023-10-18,1084,130,79,54,58,51,-4
2023-10-19,1084,113,97,70,29,16,41
2023-10-20,1084,100,85,66,41,15,25
2023-10-21,1084,118,76,70,30,42,40
2023-10-22,1084,109,92,97,31,17,66
2023-10-23,1084,145,81,52,47,64,5
2023-10-24,1084,118,87,96,32,31,64
2023-10-25,1084,110,84,84,41,26,43
2023-10-26,1084,118,79,75,49,39,26
2023-10-27,1084,112,71,78,38,41,40
2023-10-28,1084,103,76,93,49,27,44
2023-10-29,1084,144,78,94,36,66,58
2023-10-30,1084,133,84,98,42,49,56
2023-10-31,1084,142,83,80,37,59,43
2023-11-01,1084,133,89,93,35,44,58
2023-11-02,1084,146,95,70,42,51,28
2023-11-03,1084,147,77,67,48,70,19
2023-11-04,1084,150,71,65,50,79,15
2023-11-05,1084,115,78,75,40,37,35
2023-11-06,1084,146,64,61,42,82,19
2023-11-07,1084,144,75,87,42,69,45
2023-11-08,1084,102,76,51,49,26,2
2023-11-09,1084,135,78,100,35,57,65
2023-11-10,1084,124,72,73,33,52,40
2023-11-11,1084,150,100,91,38,50,53
2023-11-12,1084,138,75,59,40,63,19
2023-11-13,1084,102,81,77,43,21,34
2023-11-14,1084,145,77,95,47,68,48
2023-11-15,1084,144,75,50,41,69,9
2023-11-16,1084,106,83,87,31,23,56
2023-11-17,1084,139,89,92,46,50,46
2023-11-18,1084,107,87,53,54,20,-1
2023-11-19,1084,140,82,58,52,58,6
2023-11-20,1084,113,87,61,43,26,18
2023-11-21,1084,133,81,57,41,52,16
2023-11-22,1084,113,84,62,36,29,26
2023-11-23,1084,100,77,95,44,23,51
2023-11-24,1084,100,96,84,53,4,31
2023-11-25,1084,134,90,86,40,44,46
2023-11-26,1084,112,62,57,49,50,8
2023-11-27,1084,150,81,76,39,69,37
2023-11-28,1084,104,72,63,55,32,8
2023-11-29,1084,113,81,82,45,32,37
2023-11-30,1084,148,82,80,43,66,37
2023-12-01,1084,143,75,73,33,68,40
2023-12-02,1084,139,85,91,47,54,44
2023-12-03,1084,118,63,95,52,55,43
2023-12-04,1084,127,82,70,34,45,36
2023-12-05,1084,114,77,78,39,37,39
2023-12-06,1084,121,76,85,43,45,42
2023-12-07,1084,139,88,54,59,51,-5
2023-12-08,1084,124,75,86,36,49,50
2023-12-09,1084,117,87,74,36,30,38
2023-12-10,1084,118,74,81,54,44,27
2023-12-11,1084,104,99,70,27,5,43
2023-12-12,1084,100,78,53,36,22,17
2023-12-13,1084,150,80,97,47,70,50
2023-12-14,1084,147,74,54,32,73,22
2023-12-15,1084,101,95,87,53,6,34
2023-12-16,1084,136,82,84,35,54,49
2023-12-17,1084,146,64,77,40,82,37
2023-12-18,1084,113,72,95,38,41,57
2023-12-19,1084,141,69,70,40,72,30
2023-12-20,1084,122,84,63,40,38,23
2023-12-21,1084,138,93,62,45,45,17
2023-12-22,1084,117,80,78,35,37,43
2023-12-23,1084,148,77,84,34,71,50
2023-12-24,1084,140,78,53,39,62,14
2023-12-25,1084,114,99,60,30,15,30
2023-12-26,1084,139,101,100,35,38,65
2023-12-27,1084,104,65,54,37,39,17
2023-12-28,1084,112,78,81,54,34,27
2023-12-29,1084,142,76,58,40,66,18
2023-12-30,1084,107,63,50,45,44,5
2023-12-31,1084,139,94,95,33,45,62
2023-01-01,1085,113,76,65,40,37,25
2023-01-02,1085,113,70,65,40,43,25
2023-01-03,1085,138,86,56,46,52,10
2023-01-04,1085,147,87,89,39,60,50
2023-01-05,1085,134,79,71,53,55,18
2023-01-06,1085,104,77,62,48,27,14
2023-01-07,1085,140,71,85,48,69,37
2023-01-08,1085,133,87,95,40,46,55
2023-01-09,1085,120,94,87,37,26,50
2023-01-10,1085,128,82,59,48,46,11
2023-01-11,1085,113,80,73,48,33,25
2023-01-12,1085,101,71,93,48,30,45
2023-01-13,1085,117,92,82,34,25,48
2023-01-14,1085,133,77,61,40,56,21
2023-01-15,1085,141,91,97,44,50,53
2023-01-16,1085,147,66,56,44,81,12
2023-01-17,1085,121,70,85,33,51,52
2023-01-18,1085,143,77,85,43,66,42
2023-01-19,1085,130,67,99,45,63,54
2023-01-20,1085,129,81,92,47,48,45
2023-01-21,1085,124,75,86,49,49,37
2023-01-22,1085,100,80,56,41,20,15
2023-01-23,1085,138,80,77,54,58,23
2023-01-24,1085,148,92,58,42,56,16
2023-01-25,1085,111,98,62,41,13,21
2023-01-26,1085,119,98,88,35,21,53
2023-01-27,1085,105,85,94,52,20,42
2023-01-28,1085,142,76,51,40,66,11
2023-01-29,1085,129,88,86,42,41,44
2023-01-30,1085,104,87,87,40,17,47
2023-01-31,1085,115,69,83,40,46,43
2023-02-01,1085,121,64,94,41,57,53
2023-02-02,1085,117,80,68,43,37,25
2023-02-03,1085,110,80,53,37,30,16
2023-02-04,1085,122,82,85,44,40,41
2023-02-05,1085,142,74,59,43,68,16
2023-02-06,1085,117,91,97,37,26,60
2023-02-07,1085,122,66,58,35,56,23
2023-02-08,1085,102,88,83,42,14,41
2023-02-09,1085,101,66,86,47,35,39
2023-02-10,1085,104,80,59,41,24,18
2023-02-11,1085,146,92,73,44,54,29
2023-02-12,1085,150,77,56,39,73,17
2023-02-13,1085,136,85,85,45,51,40
2023-02-14,1085,150,80,71,39,70,32
2023-02-15,1085,142,89,91,31,53,60
2023-02-16,1085,130,83,81,35,47,46
2023-02-17,1085,139,79,65,37,60,28
2023-02-18,1085,113,86,95,45,27,50
2023-02-19,1085,105,89,87,32,16,55
2023-02-20,1085,139,72,94,41,67,53
2023-02-21,1085,147,71,71,38,76,33
2023-02-22,1085,105,84,94,42,21,52
2023-02-23,1085,109,81,92,36,28,56
2023-02-24,1085,134,95,70,49,39,21
2023-02-25,1085,130,77,97,41,53,56
2023-02-26,1085,113,84,74,27,29,47
2023-02-27,1085,118,84,72,39,34,33
2023-02-28,1085,101,78,75,41,23,34
2023-03-01,1085,113,84,89,35,29,54
2023-03-02,1085,133,82,55,34,51,21
2023-03-03,1085,103,72,65,39,31,26
2023-03-04,1085,147,77,60,45,70,15
2023-03-05,1085,118,80,70,37,38,33
2023-03-06,1085,143,75,89,43,68,46
2023-03-07,1085,132,83,53,47,49,6
2023-03-08,1085,102,80,96,53,22,43
2023-03-09,1085,148,71,51,51,77,0
2023-03-10,1085,119,98,97,41,21,56
2023-03-11,1085,127,87,55,40,40,15
2023-03-12,1085,149,85,74,37,64,37
2023-03-13,1085,116,85,94,29,31,65
2023-03-14,1085,107,88,58,40,19,18
2023-03-15,1085,113,89,52,53,24,-1
2023-03-16,1085,112,92,94,43,20,51
2023-03-17,1085,129,89,51,50,40,1
2023-03-18,1085,129,89,96,32,40,64
2023-03-19,1085,137,75,92,39,62,53
2023-03-20,1085,122,81,72,42,41,30
2023-03-21,1085,101,74,89,34,27,55
2023-03-22,1085,128,81,67,28,47,39
2023-03-23,1085,111,82,68,33,29,35
2023-03-24,1085,111,68,72,49,43,23
2023-03-25,1085,120,98,86,44,22,42
2023-03-26,1085,108,77,84,33,31,51
2023-03-27,1085,139,62,61,52,77,9
2023-03-28,1085,150,92,86,35,58,51
2023-03-29,1085,110,62,83,50,48,33
2023-03-30,1085,102,92,93,40,10,53
2023-03-31,1085,137,77,58,39,60,19
2023-04-01,1085,144,83,65,35,61,30
2023-04-02,1085,147,81,74,45,66,29
2023-04-03,1085,100,90,54,39,10,15
2023-04-04,1085,118,79,50,28,39,22
2023-04-05,1085,137,80,97,36,57,61
2023-04-06,1085,106,80,81,33,26,48
2023-04-07,1085,112,79,99,35,33,64
2023-04-08,1085,145,90,70,36,55,34
2023-04-09,1085,129,83,63,36,46,27
2023-04-10,1085,150,91,60,33,59,27
2023-04-11,1085,103,67,99,34,36,65
2023-04-12,1085,119,86,87,39,33,48
2023-04-13,1085,133,82,67,40,51,27
2023-04-14,1085,145,80,74,45,65,29
2023-04-15,1085,131,88,77,44,43,33
2023-04-16,1085,101,89,50,29,12,21
2023-04-17,1085,146,99,63,34,47,29
2023-04-18,1085,115,98,67,39,17,28
2023-04-19,1085,149,90,71,51,59,20
2023-04-20,1085,107,66,98,40,41,58
2023-04-21,1085,128,91,65,37,37,28
2023-04-22,1085,148,67,89,39,81,50
2023-04-23,1085,101,66,94,29,35,65
2023-04-24,1085,117,70,52,35,47,17
2023-04-25,1085,103,74,50,27,29,23
2023-04-26,1085,126,83,73,39,43,34
2023-04-27,1085,127,95,76,35,32,41
2023-04-28,1085,143,80,65,43,63,22
2023-04-29,1085,136,77,100,41,59,59
2023-04-30,1085,112,89,87,33,23,54
2023-05-01,1085,128,91,78,43,37,35
2023-05-02,1085,105,72,58,39,33,19
2023-05-03,1085,134,90,55,32,44,23
2023-05-04,1085,120,84,77,48,36,29
2023-05-05,1085,114,68,97,34,46,63
2023-05-06,1085,142,87,78,33,55,45
2023-05-07,1085,133,75,63,41,58,22
2023-05-08,1085,127,68,55,42,59,13
2023-05-09,1085,130,88,53,41,42,12
2023-05-10,1085,146,90,59,44,56,15
2023-05-11,1085,140,80,76,50,60,26
2023-05-12,1085,114,87,51,45,27,6
2023-05-13,1085,113,98,59,35,15,24
2023-05-14,1085,101,73,52,42,28,10
2023-05-15,1085,133,81,59,47,52,12
2023-05-16,1085,118,71,84,47,47,37
2023-05-17,1085,134,90,68,38,44,30
2023-05-18,1085,127,77,77,50,50,27
2023-05-19,1085,149,84,80,35,65,45
2023-05-20,1085,142,78,54,42,64,12
2023-05-21,1085,125,94,66,42,31,24
2023-05-22,1085,117,74,59,35,43,24
2023-05-23,1085,136,73,95,36,63,59
2023-05-24,1085,136,75,95,49,61,46
2023-05-25,1085,138,88,74,39,50,35
2023-05-26,1085,143,84,78,39,59,39
2023-05-27,1085,130,91,73,35,39,38
2023-05-28,1085,126,84,57,44,42,13
2023-05-29,1085,141,92,50,38,49,12
2023-05-30,1085,109,64,71,52,45,19
2023-05-31,1085,108,85,68,27,23,41
2023-06-01,1085,116,75,84,43,41,41
2023-06-02,1085,148,85,83,30,63,53
2023-06-03,1085,141,85,52,37,56,15
2023-06-04,1085,146,94,85,36,52,49
2023-06-05,1085,127,70,88,34,57,54
2023-06-06,1085,127,82,62,37,45,25
2023-06-07,1085,149,81,74,36,68,38
2023-06-08,1085,112,87,52,43,25,9
2023-06-09,1085,150,102,59,46,48,13
2023-06-10,1085,108,69,62,27,39,35
2023-06-11,1085,137,75,98,44,62,54
2023-06-12,1085,132,81,78,42,51,36
2023-06-13,1085,117,72,56,44,45,12
2023-06-14,1085,138,94,97,38,44,59
2023-06-15,1085,144,82,64,29,62,35
2023-06-16,1085,148,96,83,34,52,49
2023-06-17,1085,130,85,96,54,45,42
2023-06-18,1085,147,76,84,29,71,55
2023-06-19,1085,121,88,97,44,33,53
2023-06-20,1085,119,75,81,41,44,40
2023-06-21,1085,140,88,75,44,52,31
2023-06-22,1085,103,79,94,41,24,53
2023-06-23,1085,130,65,97,39,65,58
2023-06-24,1085,114,88,98,44,26,54
2023-06-25,1085,122,74,76,30,48,46
2023-06-26,1085,100,81,74,40,19,34
2023-06-27,1085,125,61,96,28,64,68
2023-06-28,1085,117,81,100,30,36,70
2023-06-29,1085,107,89,65,46,18,19
2023-06-30,1085,121,86,70,42,35,28
2023-07-01,1085,129,87,66,28,42,38
2023-07-02,1085,101,89,96,48,12,48
2023-07-03,1085,138,70,80,43,68,37
2023-07-04,1085,112,68,54,57,44,-3
2023-07-05,1085,148,85,83,35,63,48
2023-07-06,1085,104,93,64,40,11,24
2023-07-07,1085,107,65,56,33,42,23
2023-07-08,1085,105,77,61,40,28,21
2023-07-09,1085,101,81,83,45,20,38
2023-07-10,1085,137,73,75,45,64,30
2023-07-11,1085,111,94,86,45,17,41
2023-07-12,1085,143,89,76,44,54,32
2023-07-13,1085,139,71,67,40,68,27
2023-07-14,1085,144,70,75,38,74,37
2023-07-15,1085,103,77,55,47,26,8
2023-07-16,1085,139,63,85,34,76,51
2023-07-17,1085,146,82,53,40,64,13
2023-07-18,1085,149,89,96,38,60,58
2023-07-19,1085,122,91,79,29,31,50
2023-07-20,1085,105,90,72,35,15,37
2023-07-21,1085,121,67,77,43,54,34
2023-07-22,1085,113,95,58,43,18,15
2023-07-23,1085,114,81,88,38,33,50
2023-07-24,1085,112,81,65,38,31,27
2023-07-25,1085,104,69,59,51,35,8
2023-07-26,1085,145,77,65,40,68,25
2023-07-27,1085,109,82,59,40,27,19
2023-07-28,1085,114,82,67,42,32,25
2023-07-29,1085,128,64,67,40,64,27
2023-07-30,1085,100,79,92,45,21,47
2023-07-31,1085,118,74,61,50,44,11
2023-08-01,1085,129,87,83,30,42,53
2023-08-02,1085,128,86,59,32,42,27
2023-08-03,1085,140,109,96,32,31,64
2023-08-04,1085,101,75,78,42,26,36
2023-08-05,1085,105,77,87,42,28,45
2023-08-06,1085,135,76,66,35,59,31
2023-08-07,1085,129,64,84,37,65,47
2023-08-08,1085,102,70,95,35,32,60
2023-08-09,1085,103,87,62,46,16,16
2023-08-10,1085,130,63,99,42,67,57
2023-08-11,1085,105,80,87,38,25,49
2023-08-12,1085,127,100,68,38,27,30
2023-08-13,1085,134,67,82,44,67,38
2023-08-14,1085,144,64,75,32,80,43
2023-08-15,1085,111,100,69,41,11,28
2023-08-16,1085,131,82,81,39,49,42
2023-08-17,1085,126,66,68,32,60,36
2023-08-18,1085,121,96,87,41,25,46
2023-08-19,1085,130,94,79,36,36,43
2023-08-20,1085,111,89,71,43,22,28
2023-08-21,1085,140,82,69,44,58,25
2023-08-22,1085,116,75,78,38,41,40
2023-08-23,1085,124,78,64,45,46,19
2023-08-24,1085,103,89,76,45,14,31
2023-08-25,1085,142,70,64,33,72,31
2023-08-26,1085,110,87,71,37,23,34
2023-08-27,1085,131,89,88,37,42,51
2023-08-28,1085,136,89,95,38,47,57
2023-08-29,1085,106,86,57,44,20,13
2023-08-30,1085,134,88,78,44,46,34
2023-08-31,1085,146,71,50,37,75,13
2023-09-01,1085,145,67,75,41,78,34
2023-09-02,1085,101,81,59,41,20,18
2023-09-03,1085,147,75,100,40,72,60
2023-09-04,1085,104,68,63,32,36,31
2023-09-05,1085,124,76,52,53,48,-1
2023-09-06,1085,121,71,89,48,50,41
2023-09-07,1085,102,89,56,37,13,19
2023-09-08,1085,121,90,85,44,31,41
2023-09-09,1085,124,69,57,35,55,22
2023-09-10,1085,111,79,84,33,32,51
2023-09-11,1085,136,82,92,45,54,47
2023-09-12,1085,135,79,97,39,56,58
2023-09-13,1085,116,77,53,40,39,13
2023-09-14,1085,127,88,75,35,39,40
2023-09-15,1085,125,93,63,33,32,30
2023-09-16,1085,147,76,98,56,71,42
2023-09-17,1085,135,76,65,33,59,32
2023-09-18,1085,103,88,90,35,15,55
2023-09-19,1085,133,76,75,55,57,20
2023-09-20,1085,117,89,62,52,28,10
2023-09-21,1085,108,85,82,30,23,52
2023-09-22,1085,139,91,65,35,48,30
2023-09-23,1085,113,67,65,38,46,27
2023-09-24,1085,144,78,96,35,66,61
2023-09-25,1085,103,82,82,48,21,34
2023-09-26,1085,150,75,62,39,75,23
2023-09-27,1085,124,74,82,38,50,44
2023-09-28,1085,121,87,95,41,34,54
2023-09-29,1085,108,77,52,34,31,18
2023-09-30,1085,100,74,86,47,26,39
2023-10-01,1085,112,94,86,38,18,48
2023-10-02,1085,103,96,64,40,7,24
2023-10-03,1085,120,78,91,35,42,56
2023-10-04,1085,149,76,60,46,73,14
2023-10-05,1085,116,65,95,45,51,50
2023-10-06,1085,150,73,54,32,77,22
2023-10-07,1085,124,90,71,48,34,23
2023-10-08,1085,150,99,58,36,51,22
2023-10-09,1085,143,76,50,40,67,10
2023-10-10,1085,130,80,59,39,50,20
2023-10-11,1085,136,66,64,38,70,26
2023-10-12,1085,142,78,61,43,64,18
2023-10-13,1085,100,88,56,52,12,4
2023-10-14,1085,139,98,74,38,41,36
2023-10-15,1085,106,85,94,48,21,46
2023-10-16,1085,132,93,79,34,39,45
2023-10-17,1085,148,71,52,42,77,10
2023-10-18,1085,104,84,78,40,20,38
2023-10-19,1085,135,91,98,40,44,58
2023-10-20,1085,121,69,94,32,52,62
2023-10-21,1085,121,65,59,36,56,23
2023-10-22,1085,144,84,57,53,60,4
2023-10-23,1085,117,80,69,46,37,23
2023-10-24,1085,108,85,94,38,23,56
2023-10-25,1085,141,83,61,37,58,24
2023-10-26,1085,122,86,63,40,36,23
2023-10-27,1085,100,72,61,35,28,26
2023-10-28,1085,109,71,69,34,38,35
2023-10-29,1085,100,81,52,47,19,5
2023-10-30,1085,106,100,55,44,6,11
2023-10-31,1085,150,73,54,42,77,12
2023-11-01,1085,130,96,96,43,34,53
2023-11-02,1085,149,97,64,45,52,19
2023-11-03,1085,115,71,82,33,44,49
2023-11-04,1085,114,71,62,37,43,25
2023-11-05,1085,128,86,79,40,42,39
2023-11-06,1085,135,81,67,38,54,29
2023-11-07,1085,128,99,92,36,29,56
2023-11-08,1085,133,78,95,44,55,51
2023-11-09,1085,138,66,93,48,72,45
2023-11-10,1085,150,71,70,40,79,30
2023-11-11,1085,108,64,81,38,44,43
2023-11-12,1085,150,84,66,39,66,27
2023-11-13,1085,113,68,79,43,45,36
2023-11-14,1085,132,64,97,55,68,42
2023-11-15,1085,131,88,67,30,43,37
2023-11-16,1085,131,90,73,40,41,33
2023-11-17,1085,128,84,83,34,44,49
2023-11-18,1085,104,104,97,48,0,49
2023-11-19,1085,130,78,66,48,52,18
2023-11-20,1085,132,79,93,39,53,54
2023-11-21,1085,104,77,73,30,27,43
2023-11-22,1085,132,70,98,35,62,63
2023-11-23,1085,136,49,55,46,87,9
2023-11-24,1085,115,89,53,38,26,15
2023-11-25,1085,123,82,70,50,41,20
2023-11-26,1085,105,78,51,34,27,17
2023-11-27,1085,142,77,51,37,65,14
2023-11-28,1085,116,93,100,44,23,56
2023-11-29,1085,144,77,63,41,67,22
2023-11-30,1085,137,75,69,48,62,21
2023-12-01,1085,115,87,96,37,28,59
2023-12-02,1085,104,78,87,41,26,46
2023-12-03,1085,121,82,74,47,39,27
2023-12-04,1085,131,83,74,46,48,28
2023-12-05,1085,147,76,81,40,71,41
2023-12-06,1085,148,70,94,39,78,55
2023-12-07,1085,113,88,84,46,25,38
2023-12-08,1085,126,81,94,43,45,51
2023-12-09,1085,107,86,89,39,21,50
2023-12-10,1085,128,87,94,39,41,55
2023-12-11,1085,131,75,90,41,56,49
2023-12-12,1085,122,92,84,37,30,47
2023-12-13,1085,132,88,72,33,44,39
2023-12-14,1085,141,83,86,30,58,56
2023-12-15,1085,136,72,52,40,64,12
2023-12-16,1085,112,83,65,52,29,13
2023-12-17,1085,101,80,50,43,21,7
2023-12-18,1085,104,76,90,38,28,52
2023-12-19,1085,114,85,99,33,29,66
2023-12-20,1085,118,78,100,47,40,53
2023-12-21,1085,120,80,61,46,40,15
2023-12-22,1085,112,60,98,38,52,60
2023-12-23,1085,149,76,78,34,73,44
2023-12-24,1085,148,72,94,36,76,58
2023-12-25,1085,102,86,67,44,16,23
2023-12-26,1085,138,84,98,48,54,50
2023-12-27,1085,108,78,88,41,30,47
2023-12-28,1085,103,77,73,42,26,31
2023-12-29,1085,147,81,76,45,66,31
2023-12-30,1085,121,75,77,45,46,32
2023-12-31,1085,146,76,81,31,70,50
2023-01-01,1086,103,82,73,35,21,38
2023-01-02,1086,101,103,62,46,-2,16
2023-01-03,1086,132,80,97,53,52,44
2023-01-04,1086,135,84,63,34,51,29
2023-01-05,1086,110,77,95,30,33,65
2023-01-06,1086,106,77,57,28,29,29
2023-01-07,1086,131,87,93,43,44,50
2023-01-08,1086,121,72,91,34,49,57
2023-01-09,1086,149,89,71,37,60,34
2023-01-10,1086,113,94,93,42,19,51
2023-01-11,1086,133,75,73,40,58,33
2023-01-12,1086,134,86,85,43,48,42
2023-01-13,1086,143,77,60,45,66,15
2023-01-14,1086,144,96,52,34,48,18
2023-01-15,1086,121,70,60,32,51,28
2023-01-16,1086,104,69,59,33,35,26
2023-01-17,1086,107,93,74,48,14,26
2023-01-18,1086,123,74,74,36,49,38
2023-01-19,1086,148,81,64,56,67,8
2023-01-20,1086,130,66,72,42,64,30
2023-01-21,1086,106,87,81,41,19,40
2023-01-22,1086,150,73,79,36,77,43
2023-01-23,1086,105,65,58,34,40,24
2023-01-24,1086,120,80,100,40,40,60
2023-01-25,1086,135,90,92,52,45,40
2023-01-26,1086,113,85,57,32,28,25
2023-01-27,1086,127,95,75,39,32,36
2023-01-28,1086,123,79,92,51,44,41
2023-01-29,1086,105,86,76,50,19,26
2023-01-30,1086,103,67,83,46,36,37
2023-01-31,1086,145,89,57,39,56,18
2023-02-01,1086,135,88,72,49,47,23
2023-02-02,1086,107,75,83,37,32,46
2023-02-03,1086,110,82,90,39,28,51
2023-02-04,1086,113,78,77,48,35,29
2023-02-05,1086,102,88,98,46,14,52
2023-02-06,1086,109,87,67,41,22,26
2023-02-07,1086,109,77,88,27,32,61
2023-02-08,1086,115,91,96,36,24,60
2023-02-09,1086,138,65,97,45,73,52
2023-02-10,1086,145,72,92,39,73,53
2023-02-11,1086,114,79,96,47,35,49
2023-02-12,1086,109,90,86,42,19,44
2023-02-13,1086,143,68,100,46,75,54
2023-02-14,1086,146,77,88,38,69,50
2023-02-15,1086,149,87,71,48,62,23
2023-02-16,1086,118,63,99,41,55,58
2023-02-17,1086,104,82,62,35,22,27
2023-02-18,1086,122,81,81,44,41,37
2023-02-19,1086,120,83,66,47,37,19
2023-02-20,1086,114,89,73,38,25,35
2023-02-21,1086,116,94,85,39,22,46
2023-02-22,1086,106,71,88,52,35,36
2023-02-23,1086,122,81,78,34,41,44
2023-02-24,1086,104,70,69,44,34,25
2023-02-25,1086,125,75,70,49,50,21
2023-02-26,1086,119,97,76,33,22,43
2023-02-27,1086,122,80,92,36,42,56
2023-02-28,1086,128,73,69,35,55,34
2023-03-01,1086,124,80,99,33,44,66
2023-03-02,1086,141,94,92,53,47,39
2023-03-03,1086,149,75,69,35,74,34
2023-03-04,1086,129,74,85,26,55,59
2023-03-05,1086,129,80,90,50,49,40
2023-03-06,1086,100,87,53,35,13,18
2023-03-07,1086,117,84,85,33,33,52
2023-03-08,1086,128,74,57,37,54,20
2023-03-09,1086,118,85,77,34,33,43
2023-03-10,1086,149,73,79,33,76,46
2023-03-11,1086,146,74,52,42,72,10
2023-03-12,1086,147,71,88,40,76,48
2023-03-13,1086,117,61,59,39,56,20
2023-03-14,1086,140,98,89,43,42,46
2023-03-15,1086,124,76,86,37,48,49
2023-03-16,1086,124,77,71,34,47,37
2023-03-17,1086,118,97,96,36,21,60
2023-03-18,1086,148,86,66,39,62,27
2023-03-19,1086,120,83,78,43,37,35
2023-03-20,1086,122,90,68,41,32,27
2023-03-21,1086,133,87,55,42,46,13
2023-03-22,1086,140,81,87,30,59,57
2023-03-23,1086,143,79,71,36,64,35
2023-03-24,1086,112,59,77,36,53,41
2023-03-25,1086,102,75,77,43,27,34
2023-03-26,1086,141,84,55,38,57,17
2023-03-27,1086,144,87,54,35,57,19
2023-03-28,1086,119,87,66,36,32,30
2023-03-29,1086,141,78,94,41,63,53
2023-03-30,1086,130,90,78,49,40,29
2023-03-31,1086,106,68,60,51,38,9
2023-04-01,1086,135,62,98,34,73,64
2023-04-02,1086,124,94,99,41,30,58
2023-04-03,1086,105,72,75,34,33,41
2023-04-04,1086,127,93,68,45,34,23
2023-04-05,1086,109,78,52,51,31,1
2023-04-06,1086,145,105,58,38,40,20
2023-04-07,1086,139,77,60,32,62,28
2023-04-08,1086,103,72,65,41,31,24
2023-04-09,1086,123,82,95,37,41,58
2023-04-10,1086,135,81,73,51,54,22
2023-04-11,1086,117,91,99,22,26,77
2023-04-12,1086,132,79,92,37,53,55
2023-04-13,1086,142,81,62,42,61,20
2023-04-14,1086,124,86,94,35,38,59
2023-04-15,1086,133,69,85,34,64,51
2023-04-16,1086,111,89,82,43,22,39
2023-04-17,1086,112,69,77,38,43,39
2023-04-18,1086,137,78,94,38,59,56
2023-04-19,1086,146,88,57,33,58,24
2023-04-20,1086,141,84,99,43,57,56
2023-04-21,1086,129,81,100,35,48,65
2023-04-22,1086,115,71,77,33,44,44
2023-04-23,1086,101,85,83,39,16,44
2023-04-24,1086,125,70,99,46,55,53
2023-04-25,1086,140,65,69,36,75,33
2023-04-26,1086,141,73,98,36,68,62
2023-04-27,1086,102,72,56,43,30,13
2023-04-28,1086,138,79,75,45,59,30
2023-04-29,1086,128,75,83,53,53,30
2023-04-30,1086,114,87,70,39,27,31
2023-05-01,1086,109,84,94,50,25,44
2023-05-02,1086,118,76,84,43,42,41
2023-05-03,1086,109,71,52,40,38,12
2023-05-04,1086,105,73,81,38,32,43
2023-05-05,1086,126,70,51,36,56,15
2023-05-06,1086,148,74,88,41,74,47
2023-05-07,1086,119,80,66,33,39,33
2023-05-08,1086,100,63,73,40,37,33
2023-05-09,1086,101,72,91,49,29,42
2023-05-10,1086,145,68,56,48,77,8
2023-05-11,1086,119,86,55,46,33,9
2023-05-12,1086,131,71,98,33,60,65
2023-05-13,1086,127,70,99,45,57,54
2023-05-14,1086,110,88,82,41,22,41
2023-05-15,1086,101,90,51,39,11,12
2023-05-16,1086,134,72,90,40,62,50
2023-05-17,1086,102,76,52,38,26,14
2023-05-18,1086,130,80,63,41,50,22
2023-05-19,1086,137,78,90,49,59,41
2023-05-20,1086,131,73,77,44,58,33
2023-05-21,1086,150,79,68,30,71,38
2023-05-22,1086,132,70,79,32,62,47
2023-05-23,1086,136,88,63,50,48,13
2023-05-24,1086,127,86,63,54,41,9
2023-05-25,1086,101,89,65,35,12,30
2023-05-26,1086,111,70,75,50,41,25
2023-05-27,1086,106,79,61,31,27,30
2023-05-28,1086,104,69,87,31,35,56
2023-05-29,1086,105,80,73,47,25,26
2023-05-30,1086,146,72,95,29,74,66
2023-05-31,1086,135,84,82,45,51,37
2023-06-01,1086,103,85,79,45,18,34
2023-06-02,1086,128,73,94,40,55,54
2023-06-03,1086,109,80,73,43,29,30
2023-06-04,1086,141,85,91,37,56,54
2023-06-05,1086,145,89,87,24,56,63
2023-06-06,1086,115,83,96,52,32,44
2023-06-07,1086,101,81,66,49,20,17
2023-06-08,1086,105,83,90,40,22,50
2023-06-09,1086,106,71,60,36,35,24
2023-06-10,1086,101,90,100,24,11,76
2023-06-11,1086,146,87,72,39,59,33
2023-06-12,1086,150,66,66,37,84,29
2023-06-13,1086,145,82,80,39,63,41
2023-06-14,1086,142,76,79,46,66,33
2023-06-15,1086,122,75,81,32,47,49
2023-06-16,1086,102,86,60,54,16,6
2023-06-17,1086,101,71,60,22,30,38
2023-06-18,1086,135,89,96,38,46,58
2023-06-19,1086,116,76,78,33,40,45
2023-06-20,1086,135,77,86,31,58,55
2023-06-21,1086,108,104,77,40,4,37
2023-06-22,1086,148,81,94,35,67,59
2023-06-23,1086,127,70,59,36,57,23
2023-06-24,1086,105,93,78,39,12,39
2023-06-25,1086,135,85,91,40,50,51
2023-06-26,1086,132,84,72,41,48,31
2023-06-27,1086,110,96,52,44,14,8
2023-06-28,1086,140,84,59,41,56,18
2023-06-29,1086,141,86,87,37,55,50
2023-06-30,1086,111,88,62,42,23,20
2023-07-01,1086,133,74,63,45,59,18
2023-07-02,1086,127,82,85,44,45,41
2023-07-03,1086,111,62,85,26,49,59
2023-07-04,1086,110,81,56,41,29,15
2023-07-05,1086,118,82,78,39,36,39
2023-07-06,1086,133,85,64,38,48,26
2023-07-07,1086,130,81,73,48,49,25
2023-07-08,1086,115,74,70,38,41,32
2023-07-09,1086,146,88,81,38,58,43
2023-07-10,1086,103,84,91,45,19,46
2023-07-11,1086,127,84,92,32,43,60
2023-07-12,1086,108,83,90,27,25,63
2023-07-13,1086,148,77,80,31,71,49
2023-07-14,1086,100,102,59,38,-2,21
2023-07-15,1086,150,53,66,41,97,25
2023-07-16,1086,110,85,77,42,25,35
2023-07-17,1086,148,95,62,33,53,29
2023-07-18,1086,147,102,91,43,45,48
2023-07-19,1086,149,69,81,40,80,41
2023-07-20,1086,121,68,53,36,53,17
2023-07-21,1086,103,87,75,41,16,34
2023-07-22,1086,105,65,75,47,40,28
2023-07-23,1086,131,88,75,42,43,33
2023-07-24,1086,100,80,66,33,20,33
2023-07-25,1086,141,89,87,36,52,51
2023-07-26,1086,106,65,93,38,41,55
2023-07-27,1086,139,83,81,37,56,44
2023-07-28,1086,133,82,51,33,51,18
2023-07-29,1086,137,68,62,47,69,15
2023-07-30,1086,111,70,55,46,41,9
2023-07-31,1086,123,84,58,38,39,20
2023-08-01,1086,102,82,99,37,20,62
2023-08-02,1086,133,92,98,40,41,58
2023-08-03,1086,131,91,58,39,40,19
2023-08-04,1086,144,60,93,39,84,54
2023-08-05,1086,110,72,63,43,38,20
2023-08-06,1086,135,91,69,36,44,33
2023-08-07,1086,122,78,98,42,44,56
2023-08-08,1086,111,77,93,38,34,55
2023-08-09,1086,150,82,93,38,68,55
2023-08-10,1086,140,83,51,42,57,9
2023-08-11,1086,145,81,81,38,64,43
2023-08-12,1086,143,82,55,40,61,15
2023-08-13,1086,105,91,98,42,14,56
2023-08-14,1086,116,74,60,45,42,15
2023-08-15,1086,148,72,72,44,76,28
2023-08-16,1086,138,83,82,27,55,55
2023-08-17,1086,147,88,54,44,59,10
2023-08-18,1086,100,91,78,43,9,35
2023-08-19,1086,145,86,82,36,59,46
2023-08-20,1086,121,84,84,46,37,38
2023-08-21,1086,141,88,85,36,53,49
2023-08-22,1086,107,80,92,31,27,61
2023-08-23,1086,114,87,72,36,27,36
2023-08-24,1086,145,98,86,43,47,43
2023-08-25,1086,140,87,86,40,53,46
2023-08-26,1086,114,74,51,28,40,23
2023-08-27,1086,112,82,82,38,30,44
2023-08-28,1086,143,100,89,44,43,45
2023-08-29,1086,130,62,65,39,68,26
2023-08-30,1086,105,90,52,35,15,17
2023-08-31,1086,145,77,68,34,68,34
2023-09-01,1086,106,75,68,29,31,39
2023-09-02,1086,136,71,87,38,65,49
2023-09-03,1086,140,86,55,34,54,21
2023-09-04,1086,129,67,76,42,62,34
2023-09-05,1086,135,89,93,40,46,53
2023-09-06,1086,148,74,79,40,74,39
2023-09-07,1086,124,85,62,41,39,21
2023-09-08,1086,112,78,60,32,34,28
2023-09-09,1086,137,70,87,45,67,42
2023-09-10,1086,130,77,100,48,53,52
2023-09-11,1086,132,85,85,52,47,33
2023-09-12,1086,136,74,64,46,62,18
2023-09-13,1086,147,80,56,45,67,11
2023-09-14,1086,141,69,94,33,72,61
2023-09-15,1086,114,79,75,28,35,47
2023-09-16,1086,117,60,86,44,57,42
2023-09-17,1086,112,75,91,48,37,43
2023-09-18,1086,145,89,95,49,56,46
2023-09-19,1086,147,69,91,46,78,45
2023-09-20,1086,144,79,67,33,65,34
2023-09-21,1086,115,81,90,42,34,48
2023-09-22,1086,137,74,53,36,63,17
2023-09-23,1086,105,84,51,55,21,-4
2023-09-24,1086,114,69,81,38,45,43
2023-09-25,1086,105,78,98,39,27,59
2023-09-26,1086,147,86,97,39,61,58
2023-09-27,1086,148,81,89,35,67,54
2023-09-28,1086,116,74,99,46,42,53
2023-09-29,1086,137,68,59,37,69,22
2023-09-30,1086,143,78,62,43,65,19
2023-10-01,1086,139,68,70,45,71,25
2023-10-02,1086,124,78,84,42,46,42
2023-10-03,1086,123,100,56,43,23,13
2023-10-04,1086,146,78,73,45,68,28
2023-10-05,1086,135,67,51,33,68,18
2023-10-06,1086,141,82,50,37,59,13
2023-10-07,1086,148,88,91,38,60,53
2023-10-08,1086,103,84,96,46,19,50
2023-10-09,1086,124,75,77,36,49,41
2023-10-10,1086,131,73,98,43,58,55
2023-10-11,1086,145,75,72,41,70,31
2023-10-12,1086,107,80,99,45,27,54
2023-10-13,1086,100,73,53,36,27,17
2023-10-14,1086,137,70,97,41,67,56
2023-10-15,1086,111,82,65,37,29,28
2023-10-16,1086,140,70,80,58,70,22
2023-10-17,1086,101,67,56,48,34,8
2023-10-18,1086,121,83,64,46,38,18
2023-10-19,1086,100,75,54,46,25,8
2023-10-20,1086,130,75,75,34,55,41
2023-10-21,1086,119,79,81,51,40,30
2023-10-22,1086,110,79,92,32,31,60
2023-10-23,1086,109,65,82,41,44,41
2023-10-24,1086,141,92,90,47,49,43
2023-10-25,1086,126,77,99,36,49,63
2023-10-26,1086,136,92,72,37,44,35
2023-10-27,1086,115,70,80,42,45,38
2023-10-28,1086,105,83,88,30,22,58
2023-10-29,1086,145,76,86,35,69,51
2023-10-30,1086,138,80,80,38,58,42
2023-10-31,1086,131,77,80,24,54,56
2023-11-01,1086,111,77,58,40,34,18
2023-11-02,1086,111,78,92,42,33,50
2023-11-03,1086,120,93,81,44,27,37
2023-11-04,1086,144,80,53,31,64,22
2023-11-05,1086,139,74,87,44,65,43
2023-11-06,1086,107,74,71,27,33,44
2023-11-07,1086,135,80,94,40,55,54
2023-11-08,1086,148,79,82,37,69,45
2023-11-09,1086,140,53,85,42,87,43
2023-11-10,1086,134,80,82,35,54,47
2023-11-11,1086,148,95,98,46,53,52
2023-11-12,1086,123,71,97,42,52,55
2023-11-13,1086,143,81,100,44,62,56
2023-11-14,1086,108,73,94,39,35,55
2023-11-15,1086,128,83,76,48,45,28
2023-11-16,1086,106,104,98,39,2,59
2023-11-17,1086,111,97,99,20,14,79
2023-11-18,1086,137,98,81,40,39,41
2023-11-19,1086,143,93,82,31,50,51
2023-11-20,1086,131,61,100,43,70,57
2023-11-21,1086,104,94,94,37,10,57
2023-11-22,1086,137,80,91,40,57,51
2023-11-23,1086,149,73,56,36,76,20
2023-11-24,1086,134,88,79,32,46,47
2023-11-25,1086,119,60,73,34,59,39
2023-11-26,1086,113,94,92,44,19,48
2023-11-27,1086,127,87,79,45,40,34
2023-11-28,1086,136,66,74,35,70,39
2023-11-29,1086,109,84,96,41,25,55
2023-11-30,1086,132,84,67,33,48,34
2023-12-01,1086,128,76,91,34,52,57
2023-12-02,1086,150,105,71,45,45,26
2023-12-03,1086,115,88,94,40,27,54
2023-12-04,1086,122,98,95,49,24,46
2023-12-05,1086,149,97,55,37,52,18
2023-12-06,1086,110,70,71,41,40,30
2023-12-07,1086,103,84,100,42,19,58
2023-12-08,1086,141,82,77,33,59,44
2023-12-09,1086,113,79,57,20,34,37
2023-12-10,1086,130,85,54,47,45,7
2023-12-11,1086,150,81,83,57,69,26
2023-12-12,1086,110,79,65,35,31,30
2023-12-13,1086,146,93,91,43,53,48
2023-12-14,1086,113,73,72,37,40,35
2023-12-15,1086,145,102,77,45,43,32
2023-12-16,1086,105,83,64,38,22,26
2023-12-17,1086,105,70,63,44,35,19
2023-12-18,1086,141,94,73,40,47,33
2023-12-19,1086,144,78,53,59,66,-6
2023-12-20,1086,119,72,58,38,47,20
2023-12-21,1086,131,82,73,55,49,18
2023-12-22,1086,114,90,56,35,24,21
2023-12-23,1086,128,91,68,29,37,39
2023-12-24,1086,118,75,74,34,43,40
2023-12-25,1086,119,83,85,40,36,45
2023-12-26,1086,143,82,99,45,61,54
2023-12-27,1086,114,84,84,39,30,45
2023-12-28,1086,150,89,95,40,61,55
2023-12-29,1086,113,83,70,27,30,43
2023-12-30,1086,101,81,52,33,20,19
2023-12-31,1086,101,85,98,33,16,65
2023-01-01,1087,141,76,51,39,65,12
2023-01-02,1087,144,67,83,43,77,40
2023-01-03,1087,139,91,63,36,48,27
2023-01-04,1087,119,86,77,31,33,46
2023-01-05,1087,145,68,76,32,77,44
2023-01-06,1087,115,71,76,42,44,34
2023-01-07,1087,100,80,62,38,20,24
2023-01-08,1087,119,69,57,42,50,15
2023-01-09,1087,123,90,58,45,33,13
2023-01-10,1087,110,107,74,46,3,28
2023-01-11,1087,127,83,84,47,44,37
2023-01-12,1087,138,75,97,38,63,59
2023-01-13,1087,102,77,96,54,25,42
2023-01-14,1087,128,85,70,46,43,24
2023-01-15,1087,108,93,73,44,15,29
2023-01-16,1087,150,75,92,41,75,51
2023-01-17,1087,143,86,83,44,57,39
2023-01-18,1087,113,76,97,34,37,63
2023-01-19,1087,123,73,98,37,50,61
2023-01-20,1087,115,79,71,45,36,26
2023-01-21,1087,109,89,75,44,20,31
2023-01-22,1087,109,91,84,34,18,50
2023-01-23,1087,124,74,81,39,50,42
2023-01-24,1087,103,74,78,33,29,45
2023-01-25,1087,139,79,60,39,60,21
2023-01-26,1087,110,67,72,49,43,23
2023-01-27,1087,110,96,71,45,14,26
2023-01-28,1087,124,81,75,45,43,30
2023-01-29,1087,116,71,64,47,45,17
2023-01-30,1087,136,70,59,35,66,24
2023-01-31,1087,131,68,57,40,63,17
2023-02-01,1087,144,85,59,42,59,17
2023-02-02,1087,101,78,78,51,23,27
2023-02-03,1087,100,67,61,40,33,21
2023-02-04,1087,121,94,96,36,27,60
2023-02-05,1087,139,74,95,48,65,47
2023-02-06,1087,115,71,90,49,44,41
2023-02-07,1087,144,78,95,42,66,53
2023-02-08,1087,140,78,95,45,62,50
2023-02-09,1087,130,91,94,40,39,54
2023-02-10,1087,121,87,66,49,34,17
2023-02-11,1087,149,79,68,33,70,35
2023-02-12,1087,143,69,59,50,74,9
2023-02-13,1087,135,70,89,39,65,50
2023-02-14,1087,146,77,59,39,69,20
2023-02-15,1087,118,97,83,27,21,56
2023-02-16,1087,130,77,86,36,53,50
2023-02-17,1087,147,74,66,38,73,28
2023-02-18,1087,137,71,92,45,66,47
2023-02-19,1087,116,80,74,48,36,26
2023-02-20,1087,122,88,90,34,34,56
2023-02-21,1087,103,85,89,40,18,49
2023-02-22,1087,141,77,76,38,64,38
2023-02-23,1087,112,77,58,28,35,30
2023-02-24,1087,121,95,75,43,26,32
2023-02-25,1087,109,80,65,30,29,35
2023-02-26,1087,138,94,98,38,44,60
2023-02-27,1087,139,78,58,40,61,18
2023-02-28,1087,118,81,82,55,37,27
2023-03-01,1087,143,85,75,38,58,37
2023-03-02,1087,150,91,80,39,59,41
2023-03-03,1087,125,87,76,36,38,40
2023-03-04,1087,100,82,83,49,18,34
2023-03-05,1087,128,74,93,52,54,41
2023-03-06,1087,124,77,83,35,47,48
2023-03-07,1087,116,77,78,44,39,34
2023-03-08,1087,125,75,62,30,50,32
2023-03-09,1087,114,62,51,42,52,9
2023-03-10,1087,110,71,65,41,39,24
2023-03-11,1087,133,86,72,34,47,38
2023-03-12,1087,112,72,77,48,40,29
2023-03-13,1087,149,76,71,46,73,25
2023-03-14,1087,127,77,62,40,50,22
2023-03-15,1087,102,77,62,58,25,4
2023-03-16,1087,132,72,76,39,60,37
2023-03-17,1087,139,87,70,46,52,24
2023-03-18,1087,107,77,61,35,30,26
2023-03-19,1087,127,73,93,33,54,60
2023-03-20,1087,118,76,81,45,42,36
2023-03-21,1087,102,70,50,43,32,7
2023-03-22,1087,133,75,99,48,58,51
2023-03-23,1087,143,80,85,43,63,42
2023-03-24,1087,147,74,61,24,73,37
2023-03-25,1087,116,89,88,40,27,48
2023-03-26,1087,109,93,76,42,16,34
2023-03-27,1087,136,91,58,50,45,8
2023-03-28,1087,128,89,75,30,39,45
2023-03-29,1087,135,78,57,29,57,28
2023-03-30,1087,140,78,80,43,62,37
2023-03-31,1087,149,79,56,46,70,10
2023-04-01,1087,116,81,92,40,35,52
2023-04-02,1087,130,77,86,42,53,44
2023-04-03,1087,140,92,92,47,48,45
2023-04-04,1087,121,87,75,21,34,54
2023-04-05,1087,100,81,86,45,19,41
2023-04-06,1087,128,78,65,51,50,14
2023-04-07,1087,108,77,72,36,31,36
2023-04-08,1087,136,74,78,45,62,33
2023-04-09,1087,125,87,94,37,38,57
2023-04-10,1087,105,75,93,36,30,57
2023-04-11,1087,111,83,82,37,28,45
2023-04-12,1087,107,82,74,33,25,41
2023-04-13,1087,143,63,59,38,80,21
2023-04-14,1087,139,78,94,39,61,55
2023-04-15,1087,119,84,92,35,35,57
2023-04-16,1087,106,90,96,42,16,54
2023-04-17,1087,126,68,83,50,58,33
2023-04-18,1087,144,70,78,43,74,35
2023-04-19,1087,122,90,66,43,32,23
2023-04-20,1087,108,85,99,47,23,52
2023-04-21,1087,110,73,61,41,37,20
2023-04-22,1087,145,73,83,39,72,44
2023-04-23,1087,134,93,68,46,41,22
2023-04-24,1087,105,90,50,33,15,17
2023-04-25,1087,103,86,92,29,17,63
2023-04-26,1087,102,54,53,46,48,7
2023-04-27,1087,112,84,75,33,28,42
2023-04-28,1087,117,81,59,36,36,23
2023-04-29,1087,134,79,76,32,55,44
2023-04-30,1087,137,66,74,42,71,32
2023-05-01,1087,131,70,73,34,61,39
2023-05-02,1087,138,78,96,38,60,58
2023-05-03,1087,134,76,85,49,58,36
2023-05-04,1087,115,75,61,37,40,24
2023-05-05,1087,115,80,95,37,35,58
2023-05-06,1087,122,73,67,42,49,25
2023-05-07,1087,142,75,68,35,67,33
2023-05-08,1087,135,77,96,45,58,51
2023-05-09,1087,130,65,72,45,65,27
2023-05-10,1087,133,90,83,41,43,42
2023-05-11,1087,149,74,66,42,75,24
2023-05-12,1087,115,89,96,49,26,47
2023-05-13,1087,116,87,88,36,29,52
2023-05-14,1087,128,76,83,47,52,36
2023-05-15,1087,105,78,76,37,27,39
2023-05-16,1087,133,90,50,45,43,5
2023-05-17,1087,117,70,50,43,47,7
2023-05-18,1087,118,71,84,33,47,51
2023-05-19,1087,121,81,62,36,40,26
2023-05-20,1087,131,62,51,29,69,22
2023-05-21,1087,112,78,58,41,34,17
2023-05-22,1087,119,73,88,33,46,55
2023-05-23,1087,142,80,66,47,62,19
2023-05-24,1087,150,80,59,35,70,24
2023-05-25,1087,107,87,57,40,20,17
2023-05-26,1087,120,89,62,32,31,30
2023-05-27,1087,140,66,99,40,74,59
2023-05-28,1087,110,73,87,39,37,48
2023-05-29,1087,104,81,57,34,23,23
2023-05-30,1087,144,87,62,36,57,26
2023-05-31,1087,150,79,54,49,71,5
2023-06-01,1087,116,89,84,47,27,37
2023-06-02,1087,137,77,95,45,60,50
2023-06-03,1087,129,67,75,49,62,26
2023-06-04,1087,122,77,90,46,45,44
2023-06-05,1087,118,71,71,46,47,25
2023-06-06,1087,124,79,64,37,45,27
2023-06-07,1087,114,71,99,37,43,62
2023-06-08,1087,145,67,78,47,78,31
2023-06-09,1087,111,84,60,36,27,24
2023-06-10,1087,146,75,96,36,71,60
2023-06-11,1087,123,73,77,31,50,46
2023-06-12,1087,113,93,61,40,20,21
2023-06-13,1087,136,64,51,39,72,12
2023-06-14,1087,144,70,96,40,74,56
2023-06-15,1087,123,63,59,45,60,14
2023-06-16,1087,147,71,89,43,76,46
2023-06-17,1087,108,87,71,37,21,34
2023-06-18,1087,106,81,85,41,25,44
2023-06-19,1087,100,94,64,39,6,25
2023-06-20,1087,139,74,93,36,65,57
2023-06-21,1087,145,73,61,34,72,27
2023-06-22,1087,148,73,89,52,75,37
2023-06-23,1087,106,92,95,42,14,53
2023-06-24,1087,147,79,61,45,68,16
2023-06-25,1087,110,70,74,44,40,30
2023-06-26,1087,143,95,56,39,48,17
2023-06-27,1087,102,87,73,38,15,35
2023-06-28,1087,124,57,97,37,67,60
2023-06-29,1087,150,78,57,35,72,22
2023-06-30,1087,124,73,95,38,51,57
2023-07-01,1087,123,88,74,33,35,41
2023-07-02,1087,105,66,89,32,39,57
2023-07-03,1087,130,83,92,40,47,52
2023-07-04,1087,122,82,83,37,40,46
2023-07-05,1087,118,81,89,28,37,61
2023-07-06,1087,133,89,51,36,44,15
2023-07-07,1087,110,87,93,38,23,55
2023-07-08,1087,145,88,94,36,57,58
2023-07-09,1087,118,81,88,42,37,46
2023-07-10,1087,148,77,87,33,71,54
2023-07-11,1087,134,66,70,33,68,37
2023-07-12,1087,142,73,81,39,69,42
2023-07-13,1087,110,73,61,38,37,23
2023-07-14,1087,140,85,73,36,55,37
2023-07-15,1087,104,77,63,40,27,23
2023-07-16,1087,123,71,76,41,52,35
2023-07-17,1087,102,83,66,40,19,26
2023-07-18,1087,128,88,66,36,40,30
2023-07-19,1087,111,91,69,27,20,42
2023-07-20,1087,149,87,80,36,62,44
2023-07-21,1087,148,79,72,42,69,30
2023-07-22,1087,136,83,61,49,53,12
2023-07-23,1087,132,68,64,43,64,21
2023-07-24,1087,135,75,75,49,60,26
2023-07-25,1087,113,63,86,35,50,51
2023-07-26,1087,122,65,61,39,57,22
2023-07-27,1087,117,65,83,50,52,33
2023-07-28,1087,105,72,71,47,33,24
2023-07-29,1087,132,86,54,33,46,21
2023-07-30,1087,138,92,88,38,46,50
2023-07-31,1087,128,86,67,40,42,27
2023-08-01,1087,129,66,65,41,63,24
2023-08-02,1087,143,101,72,47,42,25
2023-08-03,1087,106,93,96,48,13,48
2023-08-04,1087,150,81,96,36,69,60
2023-08-05,1087,116,80,100,36,36,64
2023-08-06,1087,146,78,65,40,68,25
2023-08-07,1087,105,69,51,45,36,6
2023-08-08,1087,144,89,84,42,55,42
2023-08-09,1087,133,89,88,49,44,39
2023-08-10,1087,144,89,87,29,55,58
2023-08-11,1087,141,80,89,38,61,51
2023-08-12,1087,122,80,64,35,42,29
2023-08-13,1087,117,85,75,47,32,28
2023-08-14,1087,150,71,73,45,79,28
2023-08-15,1087,109,85,86,40,24,46
2023-08-16,1087,134,85,56,47,49,9
2023-08-17,1087,117,75,66,42,42,24
2023-08-18,1087,149,72,73,49,77,24
2023-08-19,1087,121,66,79,50,55,29
2023-08-20,1087,113,78,71,41,35,30
2023-08-21,1087,114,80,83,43,34,40
2023-08-22,1087,108,72,97,39,36,58
2023-08-23,1087,117,68,59,39,49,20
2023-08-24,1087,116,70,85,29,46,56
2023-08-25,1087,123,88,92,40,35,52
2023-08-26,1087,128,85,92,37,43,55
2023-08-27,1087,137,102,54,30,35,24
2023-08-28,1087,149,67,94,52,82,42
2023-08-29,1087,109,77,94,41,32,53
2023-08-30,1087,105,94,55,44,11,11
2023-08-31,1087,133,68,68,33,65,35
2023-09-01,1087,140,60,80,47,80,33
2023-09-02,1087,131,73,75,41,58,34
2023-09-03,1087,114,83,94,46,31,48
2023-09-04,1087,126,73,62,39,53,23
2023-09-05,1087,124,65,64,30,59,34
2023-09-06,1087,107,67,63,36,40,27
2023-09-07,1087,109,86,58,44,23,14
2023-09-08,1087,110,78,53,42,32,11
2023-09-09,1087,106,82,96,45,24,51
2023-09-10,1087,141,71,78,36,70,42
2023-09-11,1087,129,88,85,40,41,45
2023-09-12,1087,125,71,59,45,54,14
2023-09-13,1087,125,77,90,43,48,47
2023-09-14,1087,137,86,89,42,51,47
2023-09-15,1087,122,79,64,36,43,28
2023-09-16,1087,132,79,70,43,53,27
2023-09-17,1087,146,69,70,35,77,35
2023-09-18,1087,108,86,88,45,22,43
2023-09-19,1087,100,66,74,44,34,30
2023-09-20,1087,139,84,64,38,55,26
2023-09-21,1087,140,81,82,38,59,44
2023-09-22,1087,121,75,82,47,46,35
2023-09-23,1087,146,88,99,35,58,64
2023-09-24,1087,108,94,51,39,14,12
2023-09-25,1087,131,87,96,47,44,49
2023-09-26,1087,126,70,69,44,56,25
2023-09-27,1087,134,71,100,31,63,69
2023-09-28,1087,107,66,66,35,41,31
2023-09-29,1087,129,80,98,42,49,56
2023-09-30,1087,123,74,55,29,49,26
2023-10-01,1087,111,75,68,45,36,23
2023-10-02,1087,119,67,79,40,52,39
2023-10-03,1087,142,86,100,39,56,61
2023-10-04,1087,130,70,67,43,60,24
2023-10-05,1087,105,74,94,34,31,60
2023-10-06,1087,145,73,93,38,72,55
2023-10-07,1087,141,77,93,39,64,54
2023-10-08,1087,105,77,55,47,28,8
2023-10-09,1087,122,88,64,35,34,29
2023-10-10,1087,113,104,75,41,9,34
2023-10-11,1087,111,76,60,41,35,19
2023-10-12,1087,149,70,86,35,79,51
2023-10-13,1087,132,80,82,41,52,41
2023-10-14,1087,121,86,53,47,35,6
2023-10-15,1087,100,63,99,46,37,53
2023-10-16,1087,125,97,71,33,28,38
2023-10-17,1087,114,70,67,44,44,23
2023-10-18,1087,107,80,57,51,27,6
2023-10-19,1087,133,94,81,39,39,42
2023-10-20,1087,148,89,56,46,59,10
2023-10-21,1087,110,77,94,35,33,59
2023-10-22,1087,133,76,63,37,57,26
2023-10-23,1087,102,70,81,48,32,33
2023-10-24,1087,116,70,64,53,46,11
2023-10-25,1087,132,78,84,35,54,49
2023-10-26,1087,110,82,70,46,28,24
2023-10-27,1087,110,69,65,35,41,30
2023-10-28,1087,139,78,56,42,61,14
2023-10-29,1087,134,94,72,39,40,33
2023-10-30,1087,117,77,66,34,40,32
2023-10-31,1087,135,81,91,37,54,54
2023-11-01,1087,129,81,50,39,48,11
2023-11-02,1087,114,61,91,49,53,42
2023-11-03,1087,112,89,78,39,23,39
2023-11-04,1087,122,78,80,46,44,34
2023-11-05,1087,143,75,59,42,68,17
2023-11-06,1087,107,61,78,34,46,44
2023-11-07,1087,127,77,67,41,50,26
2023-11-08,1087,102,85,84,48,17,36
2023-11-09,1087,144,64,70,42,80,28
2023-11-10,1087,130,79,77,38,51,39
2023-11-11,1087,117,80,85,38,37,47
2023-11-12,1087,141,77,85,39,64,46
2023-11-13,1087,138,78,88,38,60,50
2023-11-14,1087,140,88,64,40,52,24
2023-11-15,1087,125,70,61,32,55,29
2023-11-16,1087,104,88,60,33,16,27
2023-11-17,1087,119,80,97,35,39,62
2023-11-18,1087,145,68,50,46,77,4
2023-11-19,1087,111,86,55,45,25,10
2023-11-20,1087,138,81,73,41,57,32
2023-11-21,1087,102,88,53,39,14,14
2023-11-22,1087,142,81,50,37,61,13
2023-11-23,1087,135,74,55,44,61,11
2023-11-24,1087,119,64,66,31,55,35
2023-11-25,1087,106,76,73,37,30,36
2023-11-26,1087,119,70,80,39,49,41
2023-11-27,1087,106,83,81,40,23,41
2023-11-28,1087,146,77,66,32,69,34
2023-11-29,1087,150,101,96,36,49,60
2023-11-30,1087,132,91,98,44,41,54
2023-12-01,1087,148,89,70,44,59,26
2023-12-02,1087,120,93,87,48,27,39
2023-12-03,1087,147,73,53,38,74,15
2023-12-04,1087,140,83,67,33,57,34
2023-12-05,1087,123,70,51,41,53,10
2023-12-06,1087,131,83,90,44,48,46
2023-12-07,1087,142,88,93,42,54,51
2023-12-08,1087,135,99,90,37,36,53
2023-12-09,1087,120,76,96,39,44,57
2023-12-10,1087,103,70,85,53,33,32
2023-12-11,1087,114,91,84,43,23,41
2023-12-12,1087,121,79,88,40,42,48
2023-12-13,1087,148,90,90,35,58,55
2023-12-14,1087,114,70,54,36,44,18
2023-12-15,1087,102,75,72,42,27,30
2023-12-16,1087,108,84,63,44,24,19
2023-12-17,1087,103,83,95,43,20,52
2023-12-18,1087,125,84,81,28,41,53
2023-12-19,1087,104,82,74,36,22,38
2023-12-20,1087,113,71,84,32,42,52
2023-12-21,1087,101,81,90,46,20,44
2023-12-22,1087,143,71,99,33,72,66
2023-12-23,1087,127,95,92,36,32,56
2023-12-24,1087,125,83,68,44,42,24
2023-12-25,1087,100,73,85,36,27,49
2023-12-26,1087,108,73,73,49,35,24
2023-12-27,1087,131,90,69,40,41,29
2023-12-28,1087,101,90,93,41,11,52
2023-12-29,1087,123,92,67,41,31,26
2023-12-30,1087,109,71,69,40,38,29
2023-12-31,1087,145,84,100,37,61,63
2023-01-01,1088,146,81,53,42,65,11
2023-01-02,1088,145,82,76,34,63,42
2023-01-03,1088,141,87,69,36,54,33
2023-01-04,1088,131,97,63,46,34,17
2023-01-05,1088,140,92,83,34,48,49
2023-01-06,1088,105,84,63,39,21,24
2023-01-07,1088,140,87,63,36,53,27
2023-01-08,1088,102,75,100,39,27,61
2023-01-09,1088,143,69,86,40,74,46
2023-01-10,1088,120,84,86,44,36,42
2023-01-11,1088,113,85,99,35,28,64
2023-01-12,1088,106,70,73,34,36,39
2023-01-13,1088,117,91,81,41,26,40
2023-01-14,1088,108,80,86,34,28,52
2023-01-15,1088,115,70,77,49,45,28
2023-01-16,1088,144,83,51,27,61,24
2023-01-17,1088,145,94,67,30,51,37
2023-01-18,1088,125,68,81,45,57,36
2023-01-19,1088,101,88,95,47,13,48
2023-01-20,1088,132,91,95,44,41,51
2023-01-21,1088,123,74,50,40,49,10
2023-01-22,1088,112,83,55,28,29,27
2023-01-23,1088,111,95,80,37,16,43
2023-01-24,1088,138,82,85,34,56,51
2023-01-25,1088,138,84,85,41,54,44
2023-01-26,1088,122,65,88,41,57,47
2023-01-27,1088,118,81,61,43,37,18
2023-01-28,1088,110,86,98,41,24,57
2023-01-29,1088,121,97,75,37,24,38
2023-01-30,1088,112,65,90,44,47,46
2023-01-31,1088,146,85,50,38,61,12
2023-02-01,1088,125,67,53,42,58,11
2023-02-02,1088,132,77,86,42,55,44
2023-02-03,1088,124,88,50,45,36,5
2023-02-04,1088,142,69,96,45,73,51
2023-02-05,1088,111,77,64,47,34,17
2023-02-06,1088,124,79,92,47,45,45
2023-02-07,1088,131,86,89,38,45,51
2023-02-08,1088,138,73,59,38,65,21
2023-02-09,1088,118,69,70,43,49,27
2023-02-10,1088,104,72,51,35,32,16
2023-02-11,1088,103,88,75,35,15,40
2023-02-12,1088,133,81,92,35,52,57
2023-02-13,1088,113,81,51,39,32,12
2023-02-14,1088,116,77,57,35,39,22
2023-02-15,1088,139,77,97,29,62,68
2023-02-16,1088,115,70,60,45,45,15
2023-02-17,1088,147,64,60,30,83,30
2023-02-18,1088,102,90,63,29,12,34
2023-02-19,1088,133,78,86,36,55,50
2023-02-20,1088,117,73,83,29,44,54
2023-02-21,1088,113,81,74,36,32,38
2023-02-22,1088,143,93,77,56,50,21
2023-02-23,1088,110,63,65,39,47,26
2023-02-24,1088,147,85,93,32,62,61
2023-02-25,1088,138,92,92,45,46,47
2023-02-26,1088,142,67,83,36,75,47
2023-02-27,1088,136,78,83,39,58,44
2023-02-28,1088,143,87,80,41,56,39
2023-03-01,1088,140,73,80,37,67,43
2023-03-02,1088,117,68,69,43,49,26
2023-03-03,1088,115,84,62,46,31,16
2023-03-04,1088,109,67,61,37,42,24
2023-03-05,1088,126,82,95,34,44,61
2023-03-06,1088,112,71,97,34,41,63
2023-03-07,1088,144,74,53,39,70,14
2023-03-08,1088,141,65,87,48,76,39
2023-03-09,1088,141,87,93,40,54,53
2023-03-10,1088,122,87,73,38,35,35
2023-03-11,1088,104,60,92,63,44,29
2023-03-12,1088,145,76,82,45,69,37
2023-03-13,1088,135,86,57,43,49,14
2023-03-14,1088,113,77,56,38,36,18
2023-03-15,1088,102,103,71,46,-1,25
2023-03-16,1088,142,85,51,30,57,21
2023-03-17,1088,133,76,88,33,57,55
2023-03-18,1088,119,82,71,58,37,13
2023-03-19,1088,115,86,88,43,29,45
2023-03-20,1088,133,72,73,31,61,42
2023-03-21,1088,142,81,94,44,61,50
2023-03-22,1088,111,76,60,32,35,28
2023-03-23,1088,118,71,87,35,47,52
2023-03-24,1088,149,86,98,39,63,59
2023-03-25,1088,128,88,60,33,40,27
2023-03-26,1088,113,70,52,43,43,9
2023-03-27,1088,119,81,85,48,38,37
2023-03-28,1088,135,83,88,46,52,42
2023-03-29,1088,136,81,72,38,55,34
2023-03-30,1088,148,80,83,32,68,51
2023-03-31,1088,150,80,95,43,70,52
2023-04-01,1088,103,80,67,48,23,19
2023-04-02,1088,119,85,91,43,34,48
2023-04-03,1088,116,82,78,59,34,19
2023-04-04,1088,107,79,57,44,28,13
2023-04-05,1088,108,69,78,22,39,56
2023-04-06,1088,128,88,70,32,40,38
2023-04-07,1088,104,79,97,41,25,56
2023-04-08,1088,149,77,90,42,72,48
2023-04-09,1088,137,85,62,43,52,19
2023-04-10,1088,115,97,68,36,18,32
2023-04-11,1088,128,93,81,45,35,36
2023-04-12,1088,109,83,72,36,26,36
2023-04-13,1088,128,74,98,38,54,60
2023-04-14,1088,126,95,81,43,31,38
2023-04-15,1088,127,70,58,39,57,19
2023-04-16,1088,126,74,70,36,52,34
2023-04-17,1088,143,71,53,42,72,11
2023-04-18,1088,120,72,53,47,48,6
2023-04-19,1088,137,80,55,43,57,12
2023-04-20,1088,146,74,88,42,72,46
2023-04-21,1088,119,79,99,33,40,66
2023-04-22,1088,149,85,87,42,64,45
2023-04-23,1088,119,82,72,47,37,25
2023-04-24,1088,109,88,70,42,21,28
2023-04-25,1088,146,72,84,32,74,52
2023-04-26,1088,133,75,65,36,58,29
2023-04-27,1088,108,72,62,37,36,25
2023-04-28,1088,147,77,95,42,70,53
2023-04-29,1088,115,96,75,32,19,43
2023-04-30,1088,105,75,62,46,30,16
2023-05-01,1088,130,79,66,36,51,30
2023-05-02,1088,104,82,92,33,22,59
2023-05-03,1088,123,81,63,36,42,27
2023-05-04,1088,129,73,98,38,56,60
2023-05-05,1088,144,72,86,46,72,40
2023-05-06,1088,119,94,54,46,25,8
2023-05-07,1088,150,78,80,40,72,40
2023-05-08,1088,150,81,85,34,69,51
2023-05-09,1088,116,74,92,39,42,53
2023-05-10,1088,107,79,78,44,28,34
2023-05-11,1088,142,74,64,39,68,25
2023-05-12,1088,126,79,57,33,47,24
2023-05-13,1088,133,95,93,40,38,53
2023-05-14,1088,129,77,82,46,52,36
2023-05-15,1088,138,85,78,43,53,35
2023-05-16,1088,130,77,81,40,53,41
2023-05-17,1088,103,80,83,43,23,40
2023-05-18,1088,101,77,73,44,24,29
2023-05-19,1088,108,78,69,40,30,29
2023-05-20,1088,118,80,77,40,38,37
2023-05-21,1088,147,82,85,33,65,52
2023-05-22,1088,140,75,56,28,65,28
2023-05-23,1088,122,81,65,39,41,26
2023-05-24,1088,145,83,61,34,62,27
2023-05-25,1088,148,78,86,30,70,56
2023-05-26,1088,121,88,51,49,33,2
2023-05-27,1088,131,103,93,43,28,50
2023-05-28,1088,132,76,56,32,56,24
2023-05-29,1088,129,74,53,43,55,10
2023-05-30,1088,102,71,79,42,31,37
2023-05-31,1088,138,70,85,37,68,48
2023-06-01,1088,119,72,56,47,47,9
2023-06-02,1088,150,60,73,50,90,23
2023-06-03,1088,108,72,51,36,36,15
2023-06-04,1088,149,76,92,45,73,47
2023-06-05,1088,104,88,77,41,16,36
2023-06-06,1088,107,77,81,42,30,39
2023-06-07,1088,144,77,58,44,67,14
2023-06-08,1088,104,78,52,39,26,13
2023-06-09,1088,150,80,66,39,70,27
2023-06-10,1088,131,77,87,24,54,63
2023-06-11,1088,123,86,75,39,37,36
2023-06-12,1088,134,87,95,59,47,36
2023-06-13,1088,146,88,54,38,58,16
2023-06-14,1088,139,79,98,41,60,57
2023-06-15,1088,145,72,59,51,73,8
2023-06-16,1088,132,91,56,33,41,23
2023-06-17,1088,122,85,87,39,37,48
2023-06-18,1088,113,82,93,33,31,60
2023-06-19,1088,113,74,50,39,39,11
2023-06-20,1088,112,80,61,41,32,20
2023-06-21,1088,150,79,89,38,71,51
2023-06-22,1088,104,80,92,43,24,49
2023-06-23,1088,136,74,57,39,62,18
2023-06-24,1088,122,86,74,52,36,22
2023-06-25,1088,129,82,54,30,47,24
2023-06-26,1088,110,89,87,35,21,52
2023-06-27,1088,130,73,86,53,57,33
2023-06-28,1088,120,74,81,43,46,38
2023-06-29,1088,148,69,68,33,79,35
2023-06-30,1088,129,83,78,43,46,35
2023-07-01,1088,130,87,71,37,43,34
2023-07-02,1088,100,83,62,37,17,25
2023-07-03,1088,126,65,95,49,61,46
2023-07-04,1088,130,87,59,45,43,14
2023-07-05,1088,139,87,57,44,52,13
2023-07-06,1088,115,71,71,57,44,14
2023-07-07,1088,148,81,98,32,67,66
2023-07-08,1088,112,74,72,37,38,35
2023-07-09,1088,143,75,100,37,68,63
2023-07-10,1088,111,75,73,54,36,19
2023-07-11,1088,117,90,76,47,27,29
2023-07-12,1088,115,79,50,38,36,12
2023-07-13,1088,106,77,81,52,29,29
2023-07-14,1088,113,74,66,42,39,24
2023-07-15,1088,134,103,93,36,31,57
2023-07-16,1088,147,77,51,41,70,10
2023-07-17,1088,145,81,91,33,64,58
2023-07-18,1088,124,89,85,39,35,46
2023-07-19,1088,111,91,74,51,20,23
2023-07-20,1088,117,78,92,52,39,40
2023-07-21,1088,137,75,86,46,62,40
2023-07-22,1088,137,84,71,47,53,24
2023-07-23,1088,142,83,62,36,59,26
2023-07-24,1088,114,94,82,32,20,50
2023-07-25,1088,140,84,70,49,56,21
2023-07-26,1088,105,90,92,39,15,53
2023-07-27,1088,110,80,74,38,30,36
2023-07-28,1088,141,78,82,32,63,50
2023-07-29,1088,126,82,74,36,44,38
2023-07-30,1088,125,98,98,35,27,63
2023-07-31,1088,132,72,89,44,60,45
2023-08-01,1088,134,90,59,39,44,20
2023-08-02,1088,124,81,51,34,43,17
2023-08-03,1088,134,68,73,30,66,43
2023-08-04,1088,126,75,91,36,51,55
2023-08-05,1088,102,87,100,31,15,69
2023-08-06,1088,122,69,60,40,53,20
2023-08-07,1088,105,84,52,49,21,3
2023-08-08,1088,127,85,76,38,42,38
2023-08-09,1088,139,82,77,42,57,35
2023-08-10,1088,136,74,57,45,62,12
2023-08-11,1088,131,78,86,39,53,47
2023-08-12,1088,133,91,79,46,42,33
2023-08-13,1088,144,80,69,41,64,28
2023-08-14,1088,147,71,66,31,76,35
2023-08-15,1088,111,73,69,39,38,30
2023-08-16,1088,127,70,73,45,57,28
2023-08-17,1088,114,84,93,34,30,59
2023-08-18,1088,129,79,67,26,50,41
2023-08-19,1088,132,88,95,28,44,67
2023-08-20,1088,147,67,93,48,80,45
2023-08-21,1088,140,84,83,47,56,36
2023-08-22,1088,124,83,53,37,41,16
2023-08-23,1088,109,98,98,31,11,67
2023-08-24,1088,107,89,88,38,18,50
2023-08-25,1088,119,69,91,48,50,43
2023-08-26,1088,119,84,62,46,35,16
2023-08-27,1088,129,79,86,44,50,42
2023-08-28,1088,149,88,60,43,61,17
2023-08-29,1088,108,98,67,45,10,22
2023-08-30,1088,122,94,89,29,28,60
2023-08-31,1088,122,72,60,41,50,19
2023-09-01,1088,108,91,95,40,17,55
2023-09-02,1088,141,82,81,32,59,49
2023-09-03,1088,106,63,77,30,43,47
2023-09-04,1088,124,93,69,43,31,26
2023-09-05,1088,145,73,81,43,72,38
2023-09-06,1088,144,93,69,41,51,28
2023-09-07,1088,106,89,68,38,17,30
2023-09-08,1088,138,79,96,48,59,48
2023-09-09,1088,138,58,95,34,80,61
2023-09-10,1088,112,81,76,43,31,33
2023-09-11,1088,149,70,50,50,79,0
2023-09-12,1088,148,76,83,34,72,49
2023-09-13,1088,138,79,91,22,59,69
2023-09-14,1088,122,73,66,33,49,33
2023-09-15,1088,109,69,57,32,40,25
2023-09-16,1088,101,74,73,42,27,31
2023-09-17,1088,110,92,56,41,18,15
2023-09-18,1088,112,73,81,33,39,48
2023-09-19,1088,149,71,59,27,78,32
2023-09-20,1088,139,82,50,26,57,24
2023-09-21,1088,131,66,89,30,65,59
2023-09-22,1088,144,82,67,49,62,18
2023-09-23,1088,121,95,71,32,26,39
2023-09-24,1088,117,86,61,46,31,15
2023-09-25,1088,140,70,67,40,70,27
2023-09-26,1088,148,88,71,29,60,42
2023-09-27,1088,107,75,61,40,32,21
2023-09-28,1088,127,57,99,42,70,57
2023-09-29,1088,104,62,53,30,42,23
2023-09-30,1088,114,91,93,41,23,52
2023-10-01,1088,103,83,83,47,20,36
2023-10-02,1088,123,90,91,48,33,43
2023-10-03,1088,137,68,99,47,69,52
2023-10-04,1088,112,86,82,41,26,41
2023-10-05,1088,135,79,50,41,56,9
2023-10-06,1088,121,68,59,41,53,18
2023-10-07,1088,127,89,88,46,38,42
2023-10-08,1088,130,74,69,40,56,29
2023-10-09,1088,119,71,58,34,48,24
2023-10-10,1088,115,75,88,33,40,55
2023-10-11,1088,123,99,58,44,24,14
2023-10-12,1088,128,82,57,34,46,23
2023-10-13,1088,114,84,50,27,30,23
2023-10-14,1088,133,76,83,44,57,39
2023-10-15,1088,114,81,89,41,33,48
2023-10-16,1088,126,76,56,33,50,23
2023-10-17,1088,146,75,64,44,71,20
2023-10-18,1088,131,90,72,41,41,31
2023-10-19,1088,129,80,75,53,49,22
2023-10-20,1088,117,81,74,43,36,31
2023-10-21,1088,114,67,63,42,47,21
2023-10-22,1088,113,87,54,28,26,26
2023-10-23,1088,129,72,96,40,57,56
2023-10-24,1088,111,91,81,28,20,53
2023-10-25,1088,103,63,76,42,40,34
2023-10-26,1088,143,91,69,36,52,33
2023-10-27,1088,146,82,74,42,64,32
2023-10-28,1088,139,70,71,45,69,26
2023-10-29,1088,136,76,56,44,60,12
2023-10-30,1088,104,73,55,41,31,14
2023-10-31,1088,110,78,50,39,32,11
2023-11-01,1088,114,79,83,40,35,43
2023-11-02,1088,116,76,59,34,40,25
2023-11-03,1088,105,75,74,43,30,31
2023-11-04,1088,115,79,53,47,36,6
2023-11-05,1088,144,81,77,33,63,44
2023-11-06,1088,122,84,98,34,38,64
2023-11-07,1088,110,80,83,35,30,48
2023-11-08,1088,133,75,60,46,58,14
2023-11-09,1088,136,83,75,36,53,39
2023-11-10,1088,114,64,87,32,50,55
2023-11-11,1088,130,79,57,40,51,17
2023-11-12,1088,113,76,51,42,37,9
2023-11-13,1088,125,82,85,34,43,51
2023-11-14,1088,116,90,74,41,26,33
2023-11-15,1088,131,58,79,47,73,32
2023-11-16,1088,126,69,82,44,57,38
2023-11-17,1088,118,95,89,32,23,57
2023-11-18,1088,108,102,99,35,6,64
2023-11-19,1088,138,78,78,39,60,39
2023-11-20,1088,100,67,51,39,33,12
2023-11-21,1088,135,65,57,33,70,24
2023-11-22,1088,144,62,70,35,82,35
2023-11-23,1088,140,70,50,33,70,17
2023-11-24,1088,134,80,70,40,54,30
2023-11-25,1088,145,80,66,36,65,30
2023-11-26,1088,142,82,99,40,60,59
2023-11-27,1088,107,72,77,32,35,45
2023-11-28,1088,140,71,77,45,69,32
2023-11-29,1088,130,75,94,34,55,60
2023-11-30,1088,138,77,51,33,61,18
2023-12-01,1088,113,77,91,37,36,54
2023-12-02,1088,117,69,91,40,48,51
2023-12-03,1088,121,77,54,43,44,11
2023-12-04,1088,138,87,52,44,51,8
2023-12-05,1088,126,90,66,38,36,28
2023-12-06,1088,125,76,67,39,49,28
2023-12-07,1088,132,81,56,44,51,12
2023-12-08,1088,110,69,99,45,41,54
2023-12-09,1088,114,81,92,41,33,51
2023-12-10,1088,101,78,84,53,23,31
2023-12-11,1088,139,89,62,42,50,20
2023-12-12,1088,141,85,58,30,56,28
2023-12-13,1088,138,85,73,42,53,31
2023-12-14,1088,133,82,99,30,51,69
2023-12-15,1088,149,82,74,44,67,30
2023-12-16,1088,125,86,74,38,39,36
2023-12-17,1088,115,72,78,49,43,29
2023-12-18,1088,136,91,82,38,45,44
2023-12-19,1088,102,89,84,41,13,43
2023-12-20,1088,124,72,60,24,52,36
2023-12-21,1088,124,82,84,42,42,42
2023-12-22,1088,145,65,60,43,80,17
2023-12-23,1088,143,86,62,43,57,19
2023-12-24,1088,119,78,84,46,41,38
2023-12-25,1088,122,82,96,36,40,60
2023-12-26,1088,150,84,90,45,66,45
2023-12-27,1088,108,84,84,36,24,48
2023-12-28,1088,126,87,96,39,39,57
2023-12-29,1088,114,85,86,36,29,50
2023-12-30,1088,141,85,88,37,56,51
2023-12-31,1088,121,80,94,46,41,48
2023-01-01,1089,105,77,53,53,28,0
2023-01-02,1089,114,87,57,41,27,16
2023-01-03,1089,113,79,62,46,34,16
2023-01-04,1089,106,67,90,28,39,62
2023-01-05,1089,147,76,59,48,71,11
2023-01-06,1089,146,94,60,41,52,19
2023-01-07,1089,132,79,58,29,53,29
2023-01-08,1089,127,85,85,46,42,39
2023-01-09,1089,109,80,100,35,29,65
2023-01-10,1089,105,69,96,32,36,64
2023-01-11,1089,136,77,57,37,59,20
2023-01-12,1089,117,70,100,44,47,56
2023-01-13,1089,117,90,96,47,27,49
2023-01-14,1089,127,63,62,39,64,23
2023-01-15,1089,109,84,81,39,25,42
2023-01-16,1089,126,93,65,44,33,21
2023-01-17,1089,132,79,75,45,53,30
2023-01-18,1089,127,90,62,39,37,23
2023-01-19,1089,105,74,70,46,31,24
2023-01-20,1089,105,95,75,36,10,39
2023-01-21,1089,107,72,60,34,35,26
2023-01-22,1089,126,72,64,35,54,29
2023-01-23,1089,114,84,81,37,30,44
2023-01-24,1089,112,73,64,39,39,25
2023-01-25,1089,103,81,75,33,22,42
2023-01-26,1089,132,75,91,34,57,57
2023-01-27,1089,118,89,79,46,29,33
2023-01-28,1089,122,71,79,33,51,46
2023-01-29,1089,116,91,81,38,25,43
2023-01-30,1089,120,77,95,51,43,44
2023-01-31,1089,123,69,58,29,54,29
2023-02-01,1089,125,76,89,44,49,45
2023-02-02,1089,150,78,53,38,72,15
2023-02-03,1089,131,74,87,38,57,49
2023-02-04,1089,138,86,58,42,52,16
2023-02-05,1089,112,101,80,42,11,38
2023-02-06,1089,105,76,88,42,29,46
2023-02-07,1089,113,84,78,31,29,47
2023-02-08,1089,114,78,60,32,36,28
2023-02-09,1089,111,86,71,43,25,28
2023-02-10,1089,120,70,85,35,50,50
2023-02-11,1089,149,91,82,38,58,44
2023-02-12,1089,144,69,58,39,75,19
2023-02-13,1089,141,94,75,41,47,34
2023-02-14,1089,139,84,85,35,55,50
2023-02-15,1089,143,64,72,40,79,32
2023-02-16,1089,128,68,93,30,60,63
2023-02-17,1089,123,80,91,41,43,50
2023-02-18,1089,132,80,62,39,52,23
2023-02-19,1089,104,87,69,37,17,32
2023-02-20,1089,102,84,54,51,18,3
2023-02-21,1089,122,98,81,37,24,44
2023-02-22,1089,120,83,71,38,37,33
2023-02-23,1089,150,86,97,39,64,58
2023-02-24,1089,109,91,89,36,18,53
2023-02-25,1089,124,73,81,31,51,50
2023-02-26,1089,130,83,57,40,47,17
2023-02-27,1089,135,77,75,32,58,43
2023-02-28,1089,130,92,76,32,38,44
2023-03-01,1089,149,95,51,54,54,-3
2023-03-02,1089,149,79,86,47,70,39
2023-03-03,1089,110,67,81,39,43,42
2023-03-04,1089,120,89,65,36,31,29
2023-03-05,1089,119,63,96,44,56,52
2023-03-06,1089,141,80,100,42,61,58
2023-03-07,1089,116,79,62,37,37,25
2023-03-08,1089,114,79,51,35,35,16
2023-03-09,1089,133,81,70,53,52,17
2023-03-10,1089,124,98,52,32,26,20
2023-03-11,1089,150,82,68,41,68,27
2023-03-12,1089,116,86,92,36,30,56
2023-03-13,1089,146,79,100,31,67,69
2023-03-14,1089,140,91,82,40,49,42
2023-03-15,1089,140,75,74,36,65,38
2023-03-16,1089,130,73,88,39,57,49
2023-03-17,1089,148,91,64,46,57,18
2023-03-18,1089,103,82,72,41,21,31
2023-03-19,1089,111,85,98,45,26,53
2023-03-20,1089,113,71,70,44,42,26
2023-03-21,1089,125,82,95,42,43,53
2023-03-22,1089,129,80,62,47,49,15
2023-03-23,1089,131,89,92,44,42,48
2023-03-24,1089,112,82,80,32,30,48
2023-03-25,1089,130,70,54,43,60,11
2023-03-26,1089,109,73,70,50,36,20
2023-03-27,1089,105,73,61,34,32,27
2023-03-28,1089,141,89,88,32,52,56
2023-03-29,1089,129,82,58,40,47,18
2023-03-30,1089,138,90,100,44,48,56
2023-03-31,1089,149,88,52,43,61,9
2023-04-01,1089,112,67,77,48,45,29
2023-04-02,1089,145,86,84,37,59,47
2023-04-03,1089,149,84,71,47,65,24
2023-04-04,1089,139,79,82,58,60,24
2023-04-05,1089,136,88,70,44,48,26
2023-04-06,1089,141,93,61,40,48,21
2023-04-07,1089,137,85,78,34,52,44
2023-04-08,1089,113,75,59,39,38,20
2023-04-09,1089,124,89,90,43,35,47
2023-04-10,1089,111,82,68,38,29,30
2023-04-11,1089,150,82,88,34,68,54
2023-04-12,1089,122,65,98,36,57,62
2023-04-13,1089,141,87,69,42,54,27
2023-04-14,1089,143,81,54,34,62,20
2023-04-15,1089,143,77,58,34,66,24
2023-04-16,1089,114,85,64,41,29,23
2023-04-17,1089,112,85,95,52,27,43
2023-04-18,1089,105,79,82,34,26,48
2023-04-19,1089,126,64,65,36,62,29
2023-04-20,1089,134,64,79,40,70,39
2023-04-21,1089,131,87,50,37,44,13
2023-04-22,1089,114,96,57,43,18,14
2023-04-23,1089,138,83,61,35,55,26
2023-04-24,1089,139,78,94,43,61,51
2023-04-25,1089,148,81,58,38,67,20
2023-04-26,1089,109,83,73,38,26,35
2023-04-27,1089,130,81,69,43,49,26
2023-04-28,1089,123,73,88,39,50,49
2023-04-29,1089,105,80,70,40,25,30
2023-04-30,1089,116,80,94,31,36,63
2023-05-01,1089,115,100,71,32,15,39
2023-05-02,1089,142,78,83,41,64,42
2023-05-03,1089,141,83,58,36,58,22
2023-05-04,1089,128,96,92,42,32,50
2023-05-05,1089,142,70,64,31,72,33
2023-05-06,1089,143,89,71,54,54,17
2023-05-07,1089,106,75,64,41,31,23
2023-05-08,1089,141,80,56,43,61,13
2023-05-09,1089,104,73,86,34,31,52
2023-05-10,1089,143,76,76,38,67,38
2023-05-11,1089,119,70,75,36,49,39
2023-05-12,1089,116,80,90,37,36,53
2023-05-13,1089,115,75,91,43,40,48
2023-05-14,1089,117,68,56,38,49,18
2023-05-15,1089,140,53,100,37,87,63
2023-05-16,1089,104,77,65,45,27,20
2023-05-17,1089,107,86,78,33,21,45
2023-05-18,1089,102,72,98,40,30,58
2023-05-19,1089,102,85,53,31,17,22
2023-05-20,1089,147,83,88,44,64,44
2023-05-21,1089,136,83,77,39,53,38
2023-05-22,1089,142,86,73,43,56,30
2023-05-23,1089,135,82,91,38,53,53
2023-05-24,1089,113,73,90,31,40,59
2023-05-25,1089,101,77,86,37,24,49
2023-05-26,1089,116,70,58,40,46,18
2023-05-27,1089,106,93,82,30,13,52
2023-05-28,1089,128,61,91,35,67,56
2023-05-29,1089,121,74,90,37,47,53
2023-05-30,1089,130,87,96,48,43,48
2023-05-31,1089,128,79,62,39,49,23
2023-06-01,1089,114,61,87,33,53,54
2023-06-02,1089,127,91,67,42,36,25
2023-06-03,1089,113,90,82,35,23,47
2023-06-04,1089,118,84,79,39,34,40
2023-06-05,1089,115,76,72,48,39,24
2023-06-06,1089,132,78,56,36,54,20
2023-06-07,1089,133,79,78,44,54,34
2023-06-08,1089,134,64,71,32,70,39
2023-06-09,1089,129,67,67,39,62,28
2023-06-10,1089,128,72,66,38,56,28
2023-06-11,1089,112,81,58,47,31,11
2023-06-12,1089,116,87,74,31,29,43
2023-06-13,1089,118,73,90,44,45,46
2023-06-14,1089,114,89,62,40,25,22
2023-06-15,1089,113,85,50,40,28,10
2023-06-16,1089,144,90,64,49,54,15
2023-06-17,1089,149,81,91,36,68,55
2023-06-18,1089,112,77,96,37,35,59
2023-06-19,1089,132,98,99,43,34,56
2023-06-20,1089,144,97,76,40,47,36
2023-06-21,1089,132,94,55,37,38,18
2023-06-22,1089,100,70,89,25,30,64
2023-06-23,1089,123,62,87,44,61,43
2023-06-24,1089,125,86,78,46,39,32
2023-06-25,1089,136,66,90,56,70,34
2023-06-26,1089,117,87,50,30,30,20
2023-06-27,1089,145,76,91,54,69,37
2023-06-28,1089,124,84,78,34,40,44
2023-06-29,1089,131,74,74,42,57,32
2023-06-30,1089,144,86,66,40,58,26
2023-07-01,1089,110,92,99,34,18,65
2023-07-02,1089,144,88,99,44,56,55
2023-07-03,1089,111,85,78,37,26,41
2023-07-04,1089,127,88,85,41,39,44
2023-07-05,1089,135,71,65,35,64,30
2023-07-06,1089,125,69,74,40,56,34
2023-07-07,1089,136,77,72,48,59,24
2023-07-08,1089,130,74,74,39,56,35
2023-07-09,1089,113,82,60,39,31,21
2023-07-10,1089,103,80,50,44,23,6
2023-07-11,1089,115,72,54,36,43,18
2023-07-12,1089,126,89,100,39,37,61
2023-07-13,1089,141,77,97,38,64,59
2023-07-14,1089,150,65,51,48,85,3
2023-07-15,1089,141,84,68,52,57,16
2023-07-16,1089,150,62,72,47,88,25
2023-07-17,1089,111,90,59,35,21,24
2023-07-18,1089,149,82,89,46,67,43
2023-07-19,1089,121,88,87,44,33,43
2023-07-20,1089,119,87,96,35,32,61
2023-07-21,1089,123,77,71,34,46,37
2023-07-22,1089,132,73,68,43,59,25
2023-07-23,1089,102,66,92,41,36,51
2023-07-24,1089,141,69,76,43,72,33
2023-07-25,1089,119,98,91,35,21,56
2023-07-26,1089,148,77,85,35,71,50
2023-07-27,1089,120,68,70,35,52,35
2023-07-28,1089,124,65,70,42,59,28
2023-07-29,1089,105,61,68,48,44,20
2023-07-30,1089,121,86,68,56,35,12
2023-07-31,1089,113,75,72,42,38,30
2023-08-01,1089,128,74,67,46,54,21
2023-08-02,1089,110,86,58,52,24,6
2023-08-03,1089,110,74,92,40,36,52
2023-08-04,1089,142,76,62,38,66,24
2023-08-05,1089,124,80,84,56,44,28
2023-08-06,1089,104,79,58,48,25,10
2023-08-07,1089,103,65,52,40,38,12
2023-08-08,1089,107,69,70,38,38,32
2023-08-09,1089,103,74,60,39,29,21
2023-08-10,1089,100,90,78,53,10,25
2023-08-11,1089,119,81,64,39,38,25
2023-08-12,1089,103,85,65,24,18,41
2023-08-13,1089,111,66,96,39,45,57
2023-08-14,1089,134,88,62,39,46,23
2023-08-15,1089,112,71,72,48,41,24
2023-08-16,1089,136,89,85,38,47,47
2023-08-17,1089,101,86,79,46,15,33
2023-08-18,1089,114,84,86,30,30,56
2023-08-19,1089,147,73,93,48,74,45
2023-08-20,1089,109,69,56,41,40,15
2023-08-21,1089,129,98,83,44,31,39
2023-08-22,1089,141,81,90,48,60,42
2023-08-23,1089,101,92,75,44,9,31
2023-08-24,1089,104,74,93,47,30,46
2023-08-25,1089,103,80,65,47,23,18
2023-08-26,1089,141,87,74,33,54,41
2023-08-27,1089,133,71,87,39,62,48
2023-08-28,1089,105,91,86,45,14,41
2023-08-29,1089,126,65,70,38,61,32
2023-08-30,1089,124,80,61,46,44,15
2023-08-31,1089,119,95,64,38,24,26
2023-09-01,1089,142,85,88,38,57,50
2023-09-02,1089,139,72,92,36,67,56
2023-09-03,1089,139,71,57,44,68,13
2023-09-04,1089,121,85,93,32,36,61
2023-09-05,1089,144,86,83,40,58,43
2023-09-06,1089,144,85,80,28,59,52
2023-09-07,1089,126,94,89,39,32,50
2023-09-08,1089,115,70,96,36,45,60
2023-09-09,1089,104,79,72,44,25,28
2023-09-10,1089,132,83,52,39,49,13
2023-09-11,1089,117,90,86,42,27,44
2023-09-12,1089,130,82,98,31,48,67
2023-09-13,1089,139,85,58,43,54,15
2023-09-14,1089,114,72,56,50,42,6
2023-09-15,1089,147,78,64,30,69,34
2023-09-16,1089,131,90,93,40,41,53
2023-09-17,1089,115,77,64,30,38,34
2023-09-18,1089,145,77,73,32,68,41
2023-09-19,1089,144,99,61,39,45,22
2023-09-20,1089,101,87,64,52,14,12
2023-09-21,1089,102,77,62,46,25,16
2023-09-22,1089,117,68,95,41,49,54
2023-09-23,1089,143,79,96,51,64,45
2023-09-24,1089,100,88,72,37,12,35
2023-09-25,1089,101,105,63,45,-4,18
2023-09-26,1089,150,92,83,42,58,41
2023-09-27,1089,118,74,72,51,44,21
2023-09-28,1089,115,80,55,32,35,23
2023-09-29,1089,149,86,89,46,63,43
2023-09-30,1089,142,70,62,45,72,17
2023-10-01,1089,102,71,72,40,31,32
2023-10-02,1089,104,70,80,46,34,34
2023-10-03,1089,110,81,94,46,29,48
2023-10-04,1089,108,71,82,45,37,37
2023-10-05,1089,122,79,75,41,43,34
2023-10-06,1089,112,82,70,30,30,40
2023-10-07,1089,122,90,94,42,32,52
2023-10-08,1089,110,90,98,34,20,64
2023-10-09,1089,107,96,80,34,11,46
2023-10-10,1089,114,92,98,28,22,70
2023-10-11,1089,104,84,56,39,20,17
2023-10-12,1089,137,75,89,40,62,49
2023-10-13,1089,131,70,87,37,61,50
2023-10-14,1089,131,63,50,41,68,9
2023-10-15,1089,149,76,56,42,73,14
2023-10-16,1089,148,82,92,36,66,56
2023-10-17,1089,106,80,53,49,26,4
2023-10-18,1089,110,75,65,45,35,20
2023-10-19,1089,108,82,92,39,26,53
2023-10-20,1089,117,71,88,44,46,44
2023-10-21,1089,109,89,74,36,20,38
2023-10-22,1089,100,71,84,35,29,49
2023-10-23,1089,103,74,67,36,29,31
2023-10-24,1089,137,75,93,50,62,43
2023-10-25,1089,108,58,58,29,50,29
2023-10-26,1089,123,87,83,34,36,49
2023-10-27,1089,131,92,65,36,39,29
2023-10-28,1089,143,84,99,51,59,48
2023-10-29,1089,113,106,64,42,7,22
2023-10-30,1089,109,86,96,38,23,58
2023-10-31,1089,146,72,79,44,74,35
2023-11-01,1089,144,76,58,47,68,11
2023-11-02,1089,102,78,86,43,24,43
2023-11-03,1089,128,76,84,41,52,43
2023-11-04,1089,127,82,98,38,45,60
2023-11-05,1089,112,90,87,40,22,47
2023-11-06,1089,102,94,94,45,8,49
2023-11-07,1089,109,75,56,33,34,23
2023-11-08,1089,150,87,51,37,63,14
2023-11-09,1089,100,74,52,43,26,9
2023-11-10,1089,105,79,80,45,26,35
2023-11-11,1089,150,82,81,46,68,35
2023-11-12,1089,132,78,81,31,54,50
2023-11-13,1089,149,80,63,35,69,28
2023-11-14,1089,113,77,67,43,36,24
2023-11-15,1089,142,72,71,39,70,32
2023-11-16,1089,145,73,53,49,72,4
2023-11-17,1089,134,101,97,37,33,60
2023-11-18,1089,147,81,79,39,66,40
2023-11-19,1089,107,81,80,41,26,39
2023-11-20,1089,110,81,96,47,29,49
2023-11-21,1089,108,78,79,35,30,44
2023-11-22,1089,105,86,50,42,19,8
2023-11-23,1089,121,82,66,31,39,35
2023-11-24,1089,145,80,88,32,65,56
2023-11-25,1089,132,94,61,35,38,26
2023-11-26,1089,119,89,82,41,30,41
2023-11-27,1089,120,72,59,31,48,28
2023-11-28,1089,130,76,86,22,54,64
2023-11-29,1089,129,89,67,46,40,21
2023-11-30,1089,141,93,100,44,48,56
2023-12-01,1089,149,98,63,26,51,37
2023-12-02,1089,108,79,64,43,29,21
2023-12-03,1089,136,90,57,43,46,14
2023-12-04,1089,105,79,69,37,26,32
2023-12-05,1089,124,67,84,38,57,46
2023-12-06,1089,104,65,94,42,39,52
2023-12-07,1089,103,84,70,45,19,25
2023-12-08,1089,110,91,88,42,19,46
2023-12-09,1089,126,93,87,38,33,49
2023-12-10,1089,119,71,83,45,48,38
2023-12-11,1089,105,64,64,39,41,25
2023-12-12,1089,124,80,95,42,44,53
2023-12-13,1089,119,69,55,43,50,12
2023-12-14,1089,146,67,69,39,79,30
2023-12-15,1089,109,96,84,35,13,49
2023-12-16,1089,138,76,93,42,62,51
2023-12-17,1089,105,66,81,53,39,28
2023-12-18,1089,141,79,55,38,62,17
2023-12-19,1089,103,76,65,41,27,24
2023-12-20,1089,113,84,82,34,29,48
2023-12-21,1089,141,71,84,48,70,36
2023-12-22,1089,107,96,84,44,11,40
2023-12-23,1089,139,77,98,42,62,56
2023-12-24,1089,109,93,80,49,16,31
2023-12-25,1089,121,76,53,35,45,18
2023-12-26,1089,110,68,70,34,42,36
2023-12-27,1089,135,89,54,47,46,7
2023-12-28,1089,119,76,83,29,43,54
2023-12-29,1089,133,82,80,34,51,46
2023-12-30,1089,112,90,96,38,22,58
2023-12-31,1089,116,74,93,39,42,54
2023-01-01,1090,126,83,99,31,43,68
2023-01-02,1090,116,73,71,31,43,40
2023-01-03,1090,140,75,60,37,65,23
2023-01-04,1090,105,70,58,40,35,18
2023-01-05,1090,145,80,71,41,65,30
2023-01-06,1090,139,74,78,38,65,40
2023-01-07,1090,100,82,69,44,18,25
2023-01-08,1090,139,84,93,39,55,54
2023-01-09,1090,130,84,63,40,46,23
2023-01-10,1090,113,88,68,31,25,37
2023-01-11,1090,106,68,72,38,38,34
2023-01-12,1090,117,67,72,36,50,36
2023-01-13,1090,149,84,90,30,65,60
2023-01-14,1090,108,83,85,39,25,46
2023-01-15,1090,102,90,54,41,12,13
2023-01-16,1090,110,87,54,43,23,11
2023-01-17,1090,136,70,77,44,66,33
2023-01-18,1090,103,74,79,34,29,45
2023-01-19,1090,150,79,88,45,71,43
2023-01-20,1090,112,73,60,50,39,10
2023-01-21,1090,132,81,95,48,51,47
2023-01-22,1090,147,92,53,31,55,22
2023-01-23,1090,113,93,76,52,20,24
2023-01-24,1090,145,84,97,38,61,59
2023-01-25,1090,115,91,94,41,24,53
2023-01-26,1090,123,82,57,33,41,24
2023-01-27,1090,144,96,76,48,48,28
2023-01-28,1090,120,71,60,50,49,10
2023-01-29,1090,109,86,79,39,23,40
2023-01-30,1090,116,76,95,46,40,49
2023-01-31,1090,136,74,79,40,62,39
2023-02-01,1090,141,77,74,39,64,35
2023-02-02,1090,145,95,97,43,50,54
2023-02-03,1090,122,74,84,38,48,46
2023-02-04,1090,135,66,93,40,69,53
2023-02-05,1090,109,84,98,51,25,47
2023-02-06,1090,138,91,72,27,47,45
2023-02-07,1090,107,80,78,37,27,41
2023-02-08,1090,106,68,92,28,38,64
2023-02-09,1090,132,78,59,36,54,23
2023-02-10,1090,142,92,83,45,50,38
2023-02-11,1090,101,72,54,34,29,20
2023-02-12,1090,113,78,99,32,35,67
2023-02-13,1090,126,96,83,38,30,45
2023-02-14,1090,128,79,76,39,49,37
2023-02-15,1090,146,71,96,46,75,50
2023-02-16,1090,103,76,50,33,27,17
2023-02-17,1090,138,81,71,36,57,35
2023-02-18,1090,145,80,57,28,65,29
2023-02-19,1090,109,78,57,38,31,19
2023-02-20,1090,127,79,87,40,48,47
2023-02-21,1090,113,81,89,38,32,51
2023-02-22,1090,144,82,62,35,62,27
2023-02-23,1090,104,62,71,32,42,39
2023-02-24,1090,150,96,93,39,54,54
2023-02-25,1090,115,91,70,42,24,28
2023-02-26,1090,101,82,82,37,19,45
2023-02-27,1090,114,98,72,42,16,30
2023-02-28,1090,140,87,94,39,53,55
2023-03-01,1090,126,70,76,36,56,40
2023-03-02,1090,128,91,52,35,37,17
2023-03-03,1090,126,92,91,42,34,49
2023-03-04,1090,113,76,60,50,37,10
2023-03-05,1090,103,89,55,38,14,17
2023-03-06,1090,105,74,75,44,31,31
2023-03-07,1090,101,80,57,40,21,17
2023-03-08,1090,102,81,100,40,21,60
2023-03-09,1090,117,84,59,39,33,20
2023-03-10,1090,131,75,52,41,56,11
2023-03-11,1090,112,79,76,50,33,26
2023-03-12,1090,143,84,51,42,59,9
2023-03-13,1090,116,96,93,42,20,51
2023-03-14,1090,127,75,84,36,52,48
2023-03-15,1090,102,74,95,44,28,51
2023-03-16,1090,133,88,88,48,45,40
2023-03-17,1090,111,73,50,40,38,10
2023-03-18,1090,118,77,69,31,41,38
2023-03-19,1090,109,91,76,31,18,45
2023-03-20,1090,147,75,67,41,72,26
2023-03-21,1090,116,68,91,39,48,52
2023-03-22,1090,137,87,64,36,50,28
2023-03-23,1090,133,56,96,60,77,36
2023-03-24,1090,112,76,56,45,36,11
2023-03-25,1090,132,80,95,45,52,50
2023-03-26,1090,101,79,71,43,22,28
2023-03-27,1090,143,84,74,40,59,34
2023-03-28,1090,111,75,100,30,36,70
2023-03-29,1090,135,77,66,43,58,23
2023-03-30,1090,123,92,78,38,31,40
2023-03-31,1090,119,88,67,51,31,16
2023-04-01,1090,108,80,61,54,28,7
2023-04-02,1090,121,74,66,34,47,32
2023-04-03,1090,125,98,70,57,27,13
2023-04-04,1090,133,95,59,43,38,16
2023-04-05,1090,131,84,93,39,47,54
2023-04-06,1090,129,83,66,41,46,25
2023-04-07,1090,132,81,50,32,51,18
2023-04-08,1090,112,84,91,49,28,42
2023-04-09,1090,140,92,85,46,48,39
2023-04-10,1090,104,74,64,45,30,19
2023-04-11,1090,125,71,57,47,54,10
2023-04-12,1090,119,74,89,39,45,50
2023-04-13,1090,142,77,61,49,65,12
2023-04-14,1090,126,68,50,53,58,-3
2023-04-15,1090,100,86,79,40,14,39
2023-04-16,1090,122,95,81,32,27,49
2023-04-17,1090,118,80,71,40,38,31
2023-04-18,1090,104,70,61,38,34,23
2023-04-19,1090,109,85,66,40,24,26
2023-04-20,1090,122,84,91,38,38,53
2023-04-21,1090,125,86,91,50,39,41
2023-04-22,1090,103,67,95,52,36,43
2023-04-23,1090,131,71,75,38,60,37
2023-04-24,1090,140,91,79,39,49,40
2023-04-25,1090,117,70,63,49,47,14
2023-04-26,1090,119,77,89,37,42,52
2023-04-27,1090,120,85,94,36,35,58
2023-04-28,1090,144,90,93,41,54,52
2023-04-29,1090,115,80,75,29,35,46
2023-04-30,1090,130,101,97,44,29,53
2023-05-01,1090,109,66,69,42,43,27
2023-05-02,1090,142,72,55,35,70,20
2023-05-03,1090,113,77,100,38,36,62
2023-05-04,1090,104,94,90,37,10,53
2023-05-05,1090,101,73,99,45,28,54
2023-05-06,1090,134,76,54,42,58,12
2023-05-07,1090,129,69,82,41,60,41
2023-05-08,1090,102,81,69,42,21,27
2023-05-09,1090,136,81,73,42,55,31
2023-05-10,1090,125,84,71,36,41,35
2023-05-11,1090,129,95,59,37,34,22
2023-05-12,1090,127,91,50,46,36,4
2023-05-13,1090,129,86,85,42,43,43
2023-05-14,1090,125,80,100,29,45,71
2023-05-15,1090,117,68,83,51,49,32
2023-05-16,1090,125,73,78,32,52,46
2023-05-17,1090,139,85,95,37,54,58
2023-05-18,1090,127,88,96,40,39,56
2023-05-19,1090,142,88,75,39,54,36
2023-05-20,1090,100,74,51,33,26,18
2023-05-21,1090,120,83,65,41,37,24
2023-05-22,1090,103,86,57,50,17,7
2023-05-23,1090,106,84,61,40,22,21
2023-05-24,1090,139,75,68,43,64,25
2023-05-25,1090,113,68,50,42,45,8
2023-05-26,1090,129,93,94,41,36,53
2023-05-27,1090,114,91,96,39,23,57
2023-05-28,1090,138,70,75,35,68,40
2023-05-29,1090,136,78,73,44,58,29
2023-05-30,1090,104,86,51,42,18,9
2023-05-31,1090,141,82,84,42,59,42
2023-06-01,1090,113,94,67,42,19,25
2023-06-02,1090,122,77,75,30,45,45
2023-06-03,1090,115,99,61,37,16,24
2023-06-04,1090,108,82,91,39,26,52
2023-06-05,1090,146,79,60,38,67,22
2023-06-06,1090,120,71,60,40,49,20
2023-06-07,1090,149,70,89,34,79,55
2023-06-08,1090,120,59,61,45,61,16
2023-06-09,1090,148,88,98,43,60,55
2023-06-10,1090,105,81,69,53,24,16
2023-06-11,1090,114,74,83,45,40,38
2023-06-12,1090,107,87,91,45,20,46
2023-06-13,1090,121,86,89,30,35,59
2023-06-14,1090,129,83,66,49,46,17
2023-06-15,1090,107,85,100,34,22,66
2023-06-16,1090,132,65,88,44,67,44
2023-06-17,1090,143,77,77,42,66,35
2023-06-18,1090,115,87,54,35,28,19
2023-06-19,1090,102,87,76,38,15,38
2023-06-20,1090,147,81,84,42,66,42
2023-06-21,1090,121,60,96,40,61,56
2023-06-22,1090,108,82,51,47,26,4
2023-06-23,1090,142,72,78,49,70,29
2023-06-24,1090,133,80,94,47,53,47
2023-06-25,1090,113,87,60,55,26,5
2023-06-26,1090,143,78,74,22,65,52
2023-06-27,1090,103,82,95,31,21,64
2023-06-28,1090,106,78,56,43,28,13
2023-06-29,1090,112,81,82,35,31,47
2023-06-30,1090,149,85,85,34,64,51
2023-07-01,1090,104,93,72,44,11,28
2023-07-02,1090,129,82,62,41,47,21
2023-07-03,1090,103,77,81,46,26,35
2023-07-04,1090,108,83,56,48,25,8
2023-07-05,1090,107,66,65,50,41,15
2023-07-06,1090,127,96,97,46,31,51
2023-07-07,1090,116,90,56,36,26,20
2023-07-08,1090,113,71,57,46,42,11
2023-07-09,1090,146,88,80,46,58,34
2023-07-10,1090,102,76,59,42,26,17
2023-07-11,1090,138,87,61,57,51,4
2023-07-12,1090,145,68,81,49,77,32
2023-07-13,1090,103,84,52,45,19,7
2023-07-14,1090,113,80,84,42,33,42
2023-07-15,1090,122,82,55,42,40,13
2023-07-16,1090,107,80,92,47,27,45
2023-07-17,1090,115,94,97,40,21,57
2023-07-18,1090,144,81,87,28,63,59
2023-07-19,1090,106,107,78,47,-1,31
2023-07-20,1090,102,75,83,46,27,37
2023-07-21,1090,147,67,85,30,80,55
2023-07-22,1090,138,72,64,52,66,12
2023-07-23,1090,124,72,74,51,52,23
2023-07-24,1090,111,82,65,33,29,32
2023-07-25,1090,136,87,83,48,49,35
2023-07-26,1090,109,79,59,49,30,10
2023-07-27,1090,134,81,53,32,53,21
2023-07-28,1090,120,84,84,45,36,39
2023-07-29,1090,140,68,80,30,72,50
2023-07-30,1090,114,100,57,46,14,11
2023-07-31,1090,115,87,72,51,28,21
2023-08-01,1090,139,76,84,40,63,44
2023-08-02,1090,139,70,57,37,69,20
2023-08-03,1090,119,90,74,35,29,39
2023-08-04,1090,138,65,60,46,73,14
2023-08-05,1090,106,79,86,34,27,52
2023-08-06,1090,150,89,55,31,61,24
2023-08-07,1090,130,82,51,45,48,6
2023-08-08,1090,136,80,88,43,56,45
2023-08-09,1090,140,69,100,31,71,69
2023-08-10,1090,128,94,89,45,34,44
2023-08-11,1090,126,80,87,29,46,58
2023-08-12,1090,144,81,96,33,63,63
2023-08-13,1090,109,68,90,49,41,41
2023-08-14,1090,130,92,87,43,38,44
2023-08-15,1090,119,78,62,43,41,19
2023-08-16,1090,120,77,73,40,43,33
2023-08-17,1090,106,86,86,29,20,57
2023-08-18,1090,137,72,66,53,65,13
2023-08-19,1090,109,88,64,44,21,20
2023-08-20,1090,145,93,94,39,52,55
2023-08-21,1090,143,70,58,35,73,23
2023-08-22,1090,147,83,100,34,64,66
2023-08-23,1090,119,77,90,32,42,58
2023-08-24,1090,110,65,55,33,45,22
2023-08-25,1090,103,89,92,37,14,55
2023-08-26,1090,137,84,95,41,53,54
2023-08-27,1090,103,81,92,38,22,54
2023-08-28,1090,100,79,57,45,21,12
2023-08-29,1090,146,84,73,49,62,24
2023-08-30,1090,143,70,57,40,73,17
2023-08-31,1090,132,83,73,50,49,23
2023-09-01,1090,136,61,84,32,75,52
2023-09-02,1090,145,72,92,51,73,41
2023-09-03,1090,131,101,87,48,30,39
2023-09-04,1090,135,98,59,44,37,15
2023-09-05,1090,150,65,69,47,85,22
2023-09-06,1090,116,83,78,36,33,42
2023-09-07,1090,105,82,95,50,23,45
2023-09-08,1090,122,93,55,50,29,5
2023-09-09,1090,146,81,81,41,65,40
2023-09-10,1090,101,88,81,40,13,41
2023-09-11,1090,127,97,83,53,30,30
2023-09-12,1090,136,74,94,45,62,49
2023-09-13,1090,122,77,80,49,45,31
2023-09-14,1090,127,70,68,41,57,27
2023-09-15,1090,115,74,74,37,41,37
2023-09-16,1090,125,81,59,45,44,14
2023-09-17,1090,118,79,84,38,39,46
2023-09-18,1090,137,77,98,37,60,61
2023-09-19,1090,114,99,58,38,15,20
2023-09-20,1090,150,82,79,34,68,45
2023-09-21,1090,146,83,57,46,63,11
2023-09-22,1090,131,88,94,42,43,52
2023-09-23,1090,115,94,87,50,21,37
2023-09-24,1090,122,74,71,32,48,39
2023-09-25,1090,124,67,87,35,57,52
2023-09-26,1090,103,72,79,45,31,34
2023-09-27,1090,130,70,51,44,60,7
2023-09-28,1090,118,80,75,37,38,38
2023-09-29,1090,142,66,66,30,76,36
2023-09-30,1090,119,72,75,31,47,44
2023-10-01,1090,130,78,55,38,52,17
2023-10-02,1090,134,81,72,44,53,28
2023-10-03,1090,109,77,54,28,32,26
2023-10-04,1090,127,67,62,43,60,19
2023-10-05,1090,143,78,84,47,65,37
2023-10-06,1090,112,68,59,32,44,27
2023-10-07,1090,138,83,82,48,55,34
2023-10-08,1090,130,67,79,42,63,37
2023-10-09,1090,144,77,73,46,67,27
2023-10-10,1090,115,89,89,38,26,51
2023-10-11,1090,149,92,67,44,57,23
2023-10-12,1090,136,66,86,31,70,55
2023-10-13,1090,132,92,79,44,40,35
2023-10-14,1090,141,92,51,35,49,16
2023-10-15,1090,119,92,60,42,27,18
2023-10-16,1090,119,86,71,48,33,23
2023-10-17,1090,125,75,100,49,50,51
2023-10-18,1090,129,75,60,40,54,20
2023-10-19,1090,101,84,84,38,17,46
2023-10-20,1090,140,70,72,27,70,45
2023-10-21,1090,102,84,75,36,18,39
2023-10-22,1090,113,78,74,35,35,39
2023-10-23,1090,139,82,77,31,57,46
2023-10-24,1090,123,67,90,45,56,45
2023-10-25,1090,137,63,71,44,74,27
2023-10-26,1090,117,85,86,36,32,50
2023-10-27,1090,117,87,92,47,30,45
2023-10-28,1090,141,85,77,40,56,37
2023-10-29,1090,149,83,94,39,66,55
2023-10-30,1090,138,82,67,28,56,39
2023-10-31,1090,101,84,75,42,17,33
2023-11-01,1090,131,78,75,45,53,30
2023-11-02,1090,122,83,52,38,39,14
2023-11-03,1090,145,78,75,36,67,39
2023-11-04,1090,123,73,76,39,50,37
2023-11-05,1090,126,73,52,39,53,13
2023-11-06,1090,142,77,56,38,65,18
2023-11-07,1090,129,95,65,36,34,29
2023-11-08,1090,131,71,72,53,60,19
2023-11-09,1090,111,75,89,46,36,43
2023-11-10,1090,117,88,82,44,29,38
2023-11-11,1090,108,81,66,46,27,20
2023-11-12,1090,140,72,71,30,68,41
2023-11-13,1090,134,73,63,48,61,15
2023-11-14,1090,121,80,100,33,41,67
2023-11-15,1090,123,80,68,52,43,16
2023-11-16,1090,111,80,81,37,31,44
2023-11-17,1090,102,74,88,41,28,47
2023-11-18,1090,112,86,85,34,26,51
2023-11-19,1090,115,78,86,46,37,40
2023-11-20,1090,138,83,98,48,55,50
2023-11-21,1090,112,81,98,32,31,66
2023-11-22,1090,149,87,83,41,62,42
2023-11-23,1090,135,82,56,37,53,19
2023-11-24,1090,116,87,61,38,29,23
2023-11-25,1090,131,85,67,47,46,20
2023-11-26,1090,109,76,90,38,33,52
2023-11-27,1090,119,93,70,33,26,37
2023-11-28,1090,129,85,94,34,44,60
2023-11-29,1090,103,87,90,47,16,43
2023-11-30,1090,124,78,57,35,46,22
2023-12-01,1090,140,87,50,41,53,9
2023-12-02,1090,103,85,95,45,18,50
2023-12-03,1090,123,76,52,38,47,14
2023-12-04,1090,144,71,92,35,73,57
2023-12-05,1090,135,80,81,38,55,43
2023-12-06,1090,101,94,90,38,7,52
2023-12-07,1090,136,63,75,36,73,39
2023-12-08,1090,108,75,72,34,33,38
2023-12-09,1090,120,75,57,33,45,24
2023-12-10,1090,111,76,98,39,35,59
2023-12-11,1090,116,73,72,34,43,38
2023-12-12,1090,105,81,53,34,24,19
2023-12-13,1090,108,84,80,39,24,41
2023-12-14,1090,106,79,90,40,27,50
2023-12-15,1090,149,90,73,30,59,43
2023-12-16,1090,148,77,69,30,71,39
2023-12-17,1090,132,80,92,46,52,46
2023-12-18,1090,141,88,66,34,53,32
2023-12-19,1090,107,73,80,46,34,34
2023-12-20,1090,122,75,75,30,47,45
2023-12-21,1090,137,71,95,38,66,57
2023-12-22,1090,133,71,50,46,62,4
2023-12-23,1090,114,93,68,37,21,31
2023-12-24,1090,105,89,90,37,16,53
2023-12-25,1090,108,73,58,31,35,27
2023-12-26,1090,100,77,57,34,23,23
2023-12-27,1090,105,77,88,38,28,50
2023-12-28,1090,106,74,84,42,32,42
2023-12-29,1090,140,64,88,41,76,47
2023-12-30,1090,139,74,63,30,65,33
2023-12-31,1090,130,76,75,44,54,31
2023-01-01,1091,125,74,70,34,51,36
2023-01-02,1091,124,71,88,46,53,42
2023-01-03,1091,138,82,68,42,56,26
2023-01-04,1091,143,83,64,38,60,26
2023-01-05,1091,116,67,81,41,49,40
2023-01-06,1091,121,77,67,41,44,26
2023-01-07,1091,104,69,84,45,35,39
2023-01-08,1091,143,71,97,42,72,55
2023-01-09,1091,126,87,100,40,39,60
2023-01-10,1091,114,68,79,41,46,38
2023-01-11,1091,146,74,86,38,72,48
2023-01-12,1091,148,77,88,42,71,46
2023-01-13,1091,128,80,78,35,48,43
2023-01-14,1091,146,80,54,40,66,14
2023-01-15,1091,140,73,61,35,67,26
2023-01-16,1091,147,79,95,40,68,55
2023-01-17,1091,107,57,77,40,50,37
2023-01-18,1091,130,83,82,46,47,36
2023-01-19,1091,132,77,50,39,55,11
2023-01-20,1091,101,84,60,45,17,15
2023-01-21,1091,125,79,75,44,46,31
2023-01-22,1091,147,74,87,40,73,47
2023-01-23,1091,123,74,74,46,49,28
2023-01-24,1091,131,82,61,48,49,13
2023-01-25,1091,140,75,91,35,65,56
2023-01-26,1091,126,77,61,38,49,23
2023-01-27,1091,114,84,55,39,30,16
2023-01-28,1091,107,103,92,42,4,50
2023-01-29,1091,100,78,76,29,22,47
2023-01-30,1091,149,65,94,37,84,57
2023-01-31,1091,122,93,59,44,29,15
2023-02-01,1091,100,81,95,45,19,50
2023-02-02,1091,148,77,96,49,71,47
2023-02-03,1091,137,92,76,43,45,33
2023-02-04,1091,124,94,82,39,30,43
2023-02-05,1091,116,81,81,35,35,46
2023-02-06,1091,135,84,60,39,51,21
2023-02-07,1091,111,87,67,41,24,26
2023-02-08,1091,139,83,57,42,56,15
2023-02-09,1091,141,80,75,44,61,31
2023-02-10,1091,123,80,77,35,43,42
2023-02-11,1091,124,81,52,47,43,5
2023-02-12,1091,123,93,83,39,30,44
2023-02-13,1091,143,76,65,40,67,25
2023-02-14,1091,105,88,55,38,17,17
2023-02-15,1091,118,73,52,51,45,1
2023-02-16,1091,129,67,58,31,62,27
2023-02-17,1091,102,82,70,38,20,32
2023-02-18,1091,116,78,87,29,38,58
2023-02-19,1091,141,72,56,31,69,25
2023-02-20,1091,143,88,73,40,55,33
2023-02-21,1091,142,80,80,26,62,54
2023-02-22,1091,143,83,78,33,60,45
2023-02-23,1091,135,80,85,39,55,46
2023-02-24,1091,140,85,100,40,55,60
2023-02-25,1091,120,78,65,49,42,16
2023-02-26,1091,134,66,67,38,68,29
2023-02-27,1091,145,94,75,42,51,33
2023-02-28,1091,118,84,53,37,34,16
2023-03-01,1091,117,94,85,46,23,39
2023-03-02,1091,119,81,57,53,38,4
2023-03-03,1091,143,72,93,28,71,65
2023-03-04,1091,135,68,72,41,67,31
2023-03-05,1091,101,63,90,33,38,57
2023-03-06,1091,137,82,61,42,55,19
2023-03-07,1091,105,83,94,39,22,55
2023-03-08,1091,139,78,91,48,61,43
2023-03-09,1091,131,73,74,35,58,39
2023-03-10,1091,125,83,65,32,42,33
2023-03-11,1091,104,92,60,39,12,21
2023-03-12,1091,109,76,69,43,33,26
2023-03-13,1091,147,89,65,33,58,32
2023-03-14,1091,133,71,96,44,62,52
2023-03-15,1091,114,83,82,44,31,38
2023-03-16,1091,102,93,87,37,9,50
2023-03-17,1091,113,86,71,46,27,25
2023-03-18,1091,121,82,79,41,39,38
2023-03-19,1091,123,67,67,33,56,34
2023-03-20,1091,125,70,98,50,55,48
2023-03-21,1091,150,75,58,38,75,20
2023-03-22,1091,134,80,70,53,54,17
2023-03-23,1091,149,91,76,35,58,41
2023-03-24,1091,117,70,93,39,47,54
2023-03-25,1091,124,77,80,44,47,36
2023-03-26,1091,114,66,79,45,48,34
2023-03-27,1091,139,91,68,40,48,28
2023-03-28,1091,141,83,70,34,58,36
2023-03-29,1091,150,71,87,39,79,48
2023-03-30,1091,132,81,96,42,51,54
2023-03-31,1091,106,87,58,35,19,23
2023-04-01,1091,104,84,92,50,20,42
2023-04-02,1091,106,70,95,48,36,47
2023-04-03,1091,110,83,66,42,27,24
2023-04-04,1091,108,116,68,36,-8,32
2023-04-05,1091,125,85,85,41,40,44
2023-04-06,1091,142,92,91,52,50,39
2023-04-07,1091,107,84,74,37,23,37
2023-04-08,1091,129,76,96,41,53,55
2023-04-09,1091,117,73,85,40,44,45
2023-04-10,1091,149,71,71,41,78,30
2023-04-11,1091,105,72,85,44,33,41
2023-04-12,1091,106,73,56,45,33,11
2023-04-13,1091,116,73,75,42,43,33
2023-04-14,1091,104,88,58,47,16,11
2023-04-15,1091,130,69,76,44,61,32
2023-04-16,1091,149,83,57,38,66,19
2023-04-17,1091,121,80,67,32,41,35
2023-04-18,1091,114,82,58,36,32,22
2023-04-19,1091,121,97,64,32,24,32
2023-04-20,1091,110,81,59,41,29,18
2023-04-21,1091,126,71,80,33,55,47
2023-04-22,1091,101,89,70,45,12,25
2023-04-23,1091,115,87,83,33,28,50
2023-04-24,1091,133,93,54,40,40,14
2023-04-25,1091,122,88,65,44,34,21
2023-04-26,1091,134,75,72,54,59,18
2023-04-27,1091,115,86,94,45,29,49
2023-04-28,1091,148,69,76,39,79,37
2023-04-29,1091,116,77,60,30,39,30
2023-04-30,1091,123,76,72,35,47,37
2023-05-01,1091,128,89,56,43,39,13
2023-05-02,1091,135,71,57,45,64,12
2023-05-03,1091,149,77,55,35,72,20
2023-05-04,1091,125,98,60,43,27,17
2023-05-05,1091,123,72,95,37,51,58
2023-05-06,1091,131,76,76,53,55,23
2023-05-07,1091,125,91,100,41,34,59
2023-05-08,1091,125,90,88,49,35,39
2023-05-09,1091,121,89,71,46,32,25
2023-05-10,1091,120,78,82,39,42,43
2023-05-11,1091,148,71,88,55,77,33
2023-05-12,1091,127,76,61,24,51,37
2023-05-13,1091,101,80,72,40,21,32
2023-05-14,1091,117,73,88,34,44,54
2023-05-15,1091,116,92,80,34,24,46
2023-05-16,1091,123,78,92,42,45,50
2023-05-17,1091,133,76,61,37,57,24
2023-05-18,1091,117,77,50,35,40,15
2023-05-19,1091,147,78,75,41,69,34
2023-05-20,1091,107,86,53,43,21,10
2023-05-21,1091,146,68,56,39,78,17
2023-05-22,1091,149,70,54,36,79,18
2023-05-23,1091,109,78,60,41,31,19
2023-05-24,1091,147,87,87,39,60,48
2023-05-25,1091,122,82,61,39,40,22
2023-05-26,1091,149,94,63,38,55,25
2023-05-27,1091,128,59,82,50,69,32
2023-05-28,1091,107,66,76,44,41,32
2023-05-29,1091,141,85,99,42,56,57
2023-05-30,1091,130,73,100,32,57,68
2023-05-31,1091,143,72,75,36,71,39
2023-06-01,1091,144,82,54,36,62,18
2023-06-02,1091,146,75,95,49,71,46
2023-06-03,1091,145,63,54,42,82,12
2023-06-04,1091,143,86,78,40,57,38
2023-06-05,1091,111,82,94,55,29,39
2023-06-06,1091,101,78,55,50,23,5
2023-06-07,1091,110,75,72,47,35,25
2023-06-08,1091,128,66,55,42,62,13
2023-06-09,1091,122,98,51,36,24,15
2023-06-10,1091,115,71,74,41,44,33
2023-06-11,1091,109,84,61,31,25,30
2023-06-12,1091,127,84,84,44,43,40
2023-06-13,1091,102,83,88,39,19,49
2023-06-14,1091,134,82,63,50,52,13
2023-06-15,1091,136,87,94,50,49,44
2023-06-16,1091,115,88,69,39,27,30
2023-06-17,1091,106,87,80,32,19,48
2023-06-18,1091,134,81,77,37,53,40
2023-06-19,1091,138,73,89,38,65,51
2023-06-20,1091,140,62,65,43,78,22
2023-06-21,1091,125,70,68,30,55,38
2023-06-22,1091,106,67,85,35,39,50
2023-06-23,1091,103,83,94,47,20,47
2023-06-24,1091,117,86,79,44,31,35
2023-06-25,1091,118,76,62,38,42,24
2023-06-26,1091,111,73,86,28,38,58
2023-06-27,1091,100,77,56,31,23,25
2023-06-28,1091,133,69,66,36,64,30
2023-06-29,1091,142,73,85,31,69,54
2023-06-30,1091,120,76,84,32,44,52
2023-07-01,1091,119,81,84,35,38,49
2023-07-02,1091,119,78,81,41,41,40
2023-07-03,1091,143,70,90,34,73,56
2023-07-04,1091,114,82,81,52,32,29
2023-07-05,1091,141,69,63,45,72,18
2023-07-06,1091,131,79,78,34,52,44
2023-07-07,1091,143,88,59,39,55,20
2023-07-08,1091,102,70,70,34,32,36
2023-07-09,1091,128,89,74,36,39,38
2023-07-10,1091,138,75,72,39,63,33
2023-07-11,1091,111,89,64,42,22,22
2023-07-12,1091,105,80,64,36,25,28
2023-07-13,1091,117,74,77,37,43,40
2023-07-14,1091,110,103,98,51,7,47
2023-07-15,1091,104,91,75,39,13,36
2023-07-16,1091,143,106,90,39,37,51
2023-07-17,1091,146,80,95,37,66,58
2023-07-18,1091,124,60,80,32,64,48
2023-07-19,1091,112,79,98,45,33,53
2023-07-20,1091,143,61,62,42,82,20
2023-07-21,1091,134,78,97,37,56,60
2023-07-22,1091,111,93,58,35,18,23
2023-07-23,1091,147,79,58,55,68,3
2023-07-24,1091,126,90,61,42,36,19
2023-07-25,1091,145,83,68,44,62,24
2023-07-26,1091,126,90,52,44,36,8
2023-07-27,1091,144,85,90,30,59,60
2023-07-28,1091,111,89,60,43,22,17
2023-07-29,1091,111,72,87,42,39,45
2023-07-30,1091,131,84,60,31,47,29
2023-07-31,1091,125,81,83,47,44,36
2023-08-01,1091,114,71,55,37,43,18
2023-08-02,1091,149,73,72,51,76,21
2023-08-03,1091,148,63,52,37,85,15
2023-08-04,1091,103,92,85,33,11,52
2023-08-05,1091,144,76,55,39,68,16
2023-08-06,1091,141,89,98,43,52,55
2023-08-07,1091,140,74,99,51,66,48
2023-08-08,1091,129,74,97,30,55,67
2023-08-09,1091,108,83,64,46,25,18
2023-08-10,1091,124,69,90,30,55,60
2023-08-11,1091,129,75,88,36,54,52
2023-08-12,1091,148,95,63,38,53,25
2023-08-13,1091,132,89,59,44,43,15
2023-08-14,1091,107,93,86,44,14,42
2023-08-15,1091,138,89,64,34,49,30
2023-08-16,1091,125,78,96,37,47,59
2023-08-17,1091,135,88,91,47,47,44
2023-08-18,1091,127,73,60,52,54,8
2023-08-19,1091,117,85,81,42,32,39
2023-08-20,1091,117,80,58,35,37,23
2023-08-21,1091,114,79,98,32,35,66
2023-08-22,1091,142,82,56,34,60,22
2023-08-23,1091,113,63,57,41,50,16
2023-08-24,1091,150,85,66,47,65,19
2023-08-25,1091,134,73,50,46,61,4
2023-08-26,1091,118,79,87,39,39,48
2023-08-27,1091,107,86,94,42,21,52
2023-08-28,1091,114,80,72,42,34,30
2023-08-29,1091,105,82,98,36,23,62
2023-08-30,1091,126,66,87,33,60,54
2023-08-31,1091,104,67,61,40,37,21
2023-09-01,1091,136,81,53,36,55,17
2023-09-02,1091,131,83,95,42,48,53
2023-09-03,1091,116,70,67,35,46,32
2023-09-04,1091,146,73,100,33,73,67
2023-09-05,1091,143,85,86,47,58,39
2023-09-06,1091,150,87,74,32,63,42
2023-09-07,1091,142,79,62,26,63,36
2023-09-08,1091,149,88,61,39,61,22
2023-09-09,1091,136,69,96,46,67,50
2023-09-10,1091,128,86,53,52,42,1
2023-09-11,1091,131,76,62,44,55,18
2023-09-12,1091,142,86,76,37,56,39
2023-09-13,1091,137,67,61,44,70,17
2023-09-14,1091,107,73,51,49,34,2
2023-09-15,1091,119,83,60,49,36,11
2023-09-16,1091,148,88,72,41,60,31
2023-09-17,1091,147,86,62,34,61,28
2023-09-18,1091,104,81,50,36,23,14
2023-09-19,1091,142,81,97,30,61,67
2023-09-20,1091,149,81,93,45,68,48
2023-09-21,1091,135,77,67,47,58,20
2023-09-22,1091,111,82,93,42,29,51
2023-09-23,1091,110,77,79,38,33,41
2023-09-24,1091,109,90,92,39,19,53
2023-09-25,1091,118,82,66,36,36,30
2023-09-26,1091,103,74,82,36,29,46
2023-09-27,1091,144,75,69,49,69,20
2023-09-28,1091,144,66,96,39,78,57
2023-09-29,1091,101,71,93,38,30,55
2023-09-30,1091,136,83,60,36,53,24
2023-10-01,1091,131,74,96,35,57,61
2023-10-02,1091,149,71,99,39,78,60
2023-10-03,1091,123,79,81,40,44,41
2023-10-04,1091,131,80,62,39,51,23
2023-10-05,1091,120,94,62,52,26,10
2023-10-06,1091,133,87,84,40,46,44
2023-10-07,1091,132,76,86,47,56,39
2023-10-08,1091,148,92,73,59,56,14
2023-10-09,1091,137,76,74,41,61,33
2023-10-10,1091,134,73,64,47,61,17
2023-10-11,1091,140,83,89,53,57,36
2023-10-12,1091,105,71,69,43,34,26
2023-10-13,1091,133,85,55,53,48,2
2023-10-14,1091,149,88,64,35,61,29
2023-10-15,1091,146,80,88,37,66,51
2023-10-16,1091,126,88,100,46,38,54
2023-10-17,1091,108,63,86,35,45,51
2023-10-18,1091,129,66,86,48,63,38
2023-10-19,1091,117,87,72,29,30,43
2023-10-20,1091,123,77,62,33,46,29
2023-10-21,1091,140,73,70,39,67,31
2023-10-22,1091,116,67,82,46,49,36
2023-10-23,1091,129,75,61,51,54,10
2023-10-24,1091,100,79,68,40,21,28
2023-10-25,1091,149,66,57,41,83,16
2023-10-26,1091,134,98,85,34,36,51
2023-10-27,1091,114,63,89,30,51,59
2023-10-28,1091,120,80,67,32,40,35
2023-10-29,1091,117,80,92,32,37,60
2023-10-30,1091,127,75,88,40,52,48
2023-10-31,1091,140,68,89,31,72,58
2023-11-01,1091,139,96,70,43,43,27
2023-11-02,1091,144,64,93,46,80,47
2023-11-03,1091,134,82,84,44,52,40
2023-11-04,1091,121,79,66,39,42,27
2023-11-05,1091,116,93,61,47,23,14
2023-11-06,1091,121,92,59,38,29,21
2023-11-07,1091,127,90,66,39,37,27
2023-11-08,1091,105,67,79,35,38,44
2023-11-09,1091,132,86,63,43,46,20
2023-11-10,1091,121,85,86,40,36,46
2023-11-11,1091,150,72,52,37,78,15
2023-11-12,1091,101,81,69,42,20,27
2023-11-13,1091,123,80,83,38,43,45
2023-11-14,1091,145,72,68,52,73,16
2023-11-15,1091,105,88,88,56,17,32
2023-11-16,1091,132,69,76,35,63,41
2023-11-17,1091,140,84,63,43,56,20
2023-11-18,1091,113,82,82,32,31,50
2023-11-19,1091,146,65,71,35,81,36
2023-11-20,1091,100,80,81,49,20,32
2023-11-21,1091,102,68,89,47,34,42
2023-11-22,1091,149,75,71,27,74,44
2023-11-23,1091,103,63,89,31,40,58
2023-11-24,1091,113,79,54,47,34,7
2023-11-25,1091,115,82,94,45,33,49
2023-11-26,1091,110,82,83,46,28,37
2023-11-27,1091,119,78,83,38,41,45
2023-11-28,1091,107,77,68,33,30,35
2023-11-29,1091,125,77,51,30,48,21
2023-11-30,1091,135,73,66,45,62,21
2023-12-01,1091,143,80,58,41,63,17
2023-12-02,1091,128,80,54,51,48,3
2023-12-03,1091,114,99,50,37,15,13
2023-12-04,1091,134,72,99,42,62,57
2023-12-05,1091,108,73,74,42,35,32
2023-12-06,1091,111,81,53,40,30,13
2023-12-07,1091,129,82,98,48,47,50
2023-12-08,1091,137,75,99,47,62,52
2023-12-09,1091,143,86,76,51,57,25
2023-12-10,1091,136,85,89,50,51,39
2023-12-11,1091,135,79,98,55,56,43
2023-12-12,1091,116,87,73,43,29,30
2023-12-13,1091,133,68,77,40,65,37
2023-12-14,1091,100,82,81,45,18,36
2023-12-15,1091,146,80,62,39,66,23
2023-12-16,1091,121,83,78,46,38,32
2023-12-17,1091,116,83,73,37,33,36
2023-12-18,1091,139,83,96,48,56,48
2023-12-19,1091,121,89,96,34,32,62
2023-12-20,1091,128,77,62,41,51,21
2023-12-21,1091,137,80,86,44,57,42
2023-12-22,1091,104,87,50,41,17,9
2023-12-23,1091,123,57,51,36,66,15
2023-12-24,1091,133,79,93,44,54,49
2023-12-25,1091,103,80,97,36,23,61
2023-12-26,1091,140,77,76,44,63,32
2023-12-27,1091,146,64,82,46,82,36
2023-12-28,1091,147,71,90,40,76,50
2023-12-29,1091,147,73,96,37,74,59
2023-12-30,1091,106,77,79,32,29,47
2023-12-31,1091,150,74,58,36,76,22
2023-01-01,1092,118,78,56,38,40,18
2023-01-02,1092,135,84,98,45,51,53
2023-01-03,1092,101,89,70,38,12,32
2023-01-04,1092,117,92,81,39,25,42
2023-01-05,1092,126,85,61,34,41,27
2023-01-06,1092,131,81,79,43,50,36
2023-01-07,1092,107,76,75,46,31,29
2023-01-08,1092,148,77,90,47,71,43
2023-01-09,1092,104,93,62,24,11,38
2023-01-10,1092,107,93,67,44,14,23
2023-01-11,1092,104,77,89,31,27,58
2023-01-12,1092,104,84,61,34,20,27
2023-01-13,1092,146,75,51,46,71,5
2023-01-14,1092,120,74,87,42,46,45
2023-01-15,1092,125,79,89,33,46,56
2023-01-16,1092,118,83,66,40,35,26
2023-01-17,1092,146,83,85,45,63,40
2023-01-18,1092,101,101,70,53,0,17
2023-01-19,1092,108,84,97,43,24,54
2023-01-20,1092,118,76,86,44,42,42
2023-01-21,1092,115,81,98,37,34,61
2023-01-22,1092,148,81,88,41,67,47
2023-01-23,1092,121,71,92,47,50,45
2023-01-24,1092,107,86,94,31,21,63
2023-01-25,1092,117,71,50,39,46,11
2023-01-26,1092,116,77,89,39,39,50
2023-01-27,1092,117,74,50,41,43,9
2023-01-28,1092,101,83,64,34,18,30
2023-01-29,1092,129,72,100,32,57,68
2023-01-30,1092,134,97,99,45,37,54
2023-01-31,1092,147,83,58,35,64,23
2023-02-01,1092,106,74,72,42,32,30
2023-02-02,1092,107,71,58,47,36,11
2023-02-03,1092,123,94,90,37,29,53
2023-02-04,1092,149,90,91,35,59,56
2023-02-05,1092,120,75,80,45,45,35
2023-02-06,1092,129,94,83,45,35,38
2023-02-07,1092,140,73,54,32,67,22
2023-02-08,1092,114,80,64,39,34,25
2023-02-09,1092,110,79,79,47,31,32
2023-02-10,1092,110,90,83,43,20,40
2023-02-11,1092,105,87,57,45,18,12
2023-02-12,1092,123,90,90,42,33,48
2023-02-13,1092,149,69,50,30,80,20
2023-02-14,1092,145,85,63,39,60,24
2023-02-15,1092,141,74,58,44,67,14
2023-02-16,1092,149,95,80,33,54,47
2023-02-17,1092,132,61,87,40,71,47
2023-02-18,1092,143,67,55,33,76,22
2023-02-19,1092,116,87,98,46,29,52
2023-02-20,1092,111,59,90,52,52,38
2023-02-21,1092,101,82,84,39,19,45
2023-02-22,1092,122,89,90,48,33,42
2023-02-23,1092,115,80,99,33,35,66
2023-02-24,1092,113,53,68,44,60,24
2023-02-25,1092,102,78,84,36,24,48
2023-02-26,1092,109,84,68,41,25,27
2023-02-27,1092,117,70,85,48,47,37
2023-02-28,1092,149,71,100,43,78,57
2023-03-01,1092,148,81,83,42,67,41
2023-03-02,1092,144,73,51,31,71,20
2023-03-03,1092,149,62,51,53,87,-2
2023-03-04,1092,109,92,55,50,17,5
2023-03-05,1092,101,71,65,37,30,28
2023-03-06,1092,125,75,67,35,50,32
2023-03-07,1092,143,82,96,40,61,56
2023-03-08,1092,148,90,77,26,58,51
2023-03-09,1092,106,81,85,38,25,47
2023-03-10,1092,142,93,66,36,49,30
2023-03-11,1092,147,84,88,34,63,54
2023-03-12,1092,150,83,59,41,67,18
2023-03-13,1092,146,98,90,33,48,57
2023-03-14,1092,107,75,61,41,32,20
2023-03-15,1092,112,91,89,44,21,45
2023-03-16,1092,102,68,87,40,34,47
2023-03-17,1092,148,77,72,53,71,19
2023-03-18,1092,133,88,73,55,45,18
2023-03-19,1092,136,76,78,46,60,32
2023-03-20,1092,103,86,58,42,17,16
2023-03-21,1092,120,92,76,46,28,30
2023-03-22,1092,103,76,55,48,27,7
2023-03-23,1092,100,81,51,41,19,10
2023-03-24,1092,111,79,64,38,32,26
2023-03-25,1092,124,55,57,37,69,20
2023-03-26,1092,146,87,52,32,59,20
2023-03-27,1092,120,70,91,45,50,46
2023-03-28,1092,107,87,64,43,20,21
2023-03-29,1092,149,76,69,43,73,26
2023-03-30,1092,116,88,77,40,28,37
2023-03-31,1092,109,84,85,54,25,31
2023-04-01,1092,144,86,62,37,58,25
2023-04-02,1092,102,79,50,28,23,22
2023-04-03,1092,119,86,95,39,33,56
2023-04-04,1092,145,77,68,41,68,27
2023-04-05,1092,103,88,73,51,15,22
2023-04-06,1092,135,87,70,46,48,24
2023-04-07,1092,115,85,56,31,30,25
2023-04-08,1092,123,75,77,44,48,33
2023-04-09,1092,147,95,81,38,52,43
2023-04-10,1092,148,85,72,42,63,30
2023-04-11,1092,109,85,77,35,24,42
2023-04-12,1092,100,82,53,43,18,10
2023-04-13,1092,119,85,90,42,34,48
2023-04-14,1092,123,76,61,34,47,27
2023-04-15,1092,102,88,86,44,14,42
2023-04-16,1092,132,75,92,41,57,51
2023-04-17,1092,141,86,51,43,55,8
2023-04-18,1092,113,72,93,53,41,40
2023-04-19,1092,131,87,50,39,44,11
2023-04-20,1092,136,79,50,41,57,9
2023-04-21,1092,122,74,76,32,48,44
2023-04-22,1092,134,75,56,28,59,28
2023-04-23,1092,109,70,92,45,39,47
2023-04-24,1092,107,72,79,29,35,50
2023-04-25,1092,131,80,94,37,51,57
2023-04-26,1092,146,76,78,53,70,25
2023-04-27,1092,111,78,73,43,33,30
2023-04-28,1092,105,67,83,45,38,38
2023-04-29,1092,146,77,95,37,69,58
2023-04-30,1092,108,70,56,40,38,16
2023-05-01,1092,141,81,88,29,60,59
2023-05-02,1092,122,83,95,36,39,59
2023-05-03,1092,150,76,74,35,74,39
2023-05-04,1092,109,73,64,37,36,27
2023-05-05,1092,105,84,80,34,21,46
2023-05-06,1092,125,84,90,43,41,47
2023-05-07,1092,108,91,60,46,17,14
2023-05-08,1092,104,70,55,48,34,7
2023-05-09,1092,150,98,85,43,52,42
2023-05-10,1092,101,80,90,38,21,52
2023-05-11,1092,122,72,57,38,50,19
2023-05-12,1092,138,89,81,33,49,48
2023-05-13,1092,123,89,53,52,34,1
2023-05-14,1092,132,79,100,33,53,67
2023-05-15,1092,116,68,82,34,48,48
2023-05-16,1092,137,67,91,39,70,52
2023-05-17,1092,136,88,98,42,48,56
2023-05-18,1092,139,81,71,43,58,28
2023-05-19,1092,107,96,70,42,11,28
2023-05-20,1092,145,96,56,41,49,15
2023-05-21,1092,148,63,98,37,85,61
2023-05-22,1092,130,84,51,40,46,11
2023-05-23,1092,112,72,97,44,40,53
2023-05-24,1092,132,76,97,47,56,50
2023-05-25,1092,111,69,94,45,42,49
2023-05-26,1092,117,69,54,46,48,8
2023-05-27,1092,148,80,65,40,68,25
2023-05-28,1092,143,83,82,41,60,41
2023-05-29,1092,135,77,98,51,58,47
2023-05-30,1092,145,100,72,41,45,31
2023-05-31,1092,144,77,52,37,67,15
2023-06-01,1092,128,74,85,34,54,51
2023-06-02,1092,150,82,72,43,68,29
2023-06-03,1092,140,83,68,30,57,38
2023-06-04,1092,134,77,97,40,57,57
2023-06-05,1092,105,75,94,41,30,53
2023-06-06,1092,125,90,51,47,35,4
2023-06-07,1092,147,74,81,43,73,38
2023-06-08,1092,103,87,87,41,16,46
2023-06-09,1092,137,84,84,38,53,46
2023-06-10,1092,150,78,69,46,72,23
2023-06-11,1092,122,61,70,34,61,36
2023-06-12,1092,118,84,78,55,34,23
2023-06-13,1092,125,82,70,47,43,23
2023-06-14,1092,124,74,82,47,50,35
2023-06-15,1092,136,78,59,35,58,24
2023-06-16,1092,110,76,85,47,34,38
2023-06-17,1092,108,73,50,38,35,12
2023-06-18,1092,115,96,72,44,19,28
2023-06-19,1092,140,60,99,31,80,68
2023-06-20,1092,125,73,55,38,52,17
2023-06-21,1092,101,83,76,39,18,37
2023-06-22,1092,125,83,59,39,42,20
2023-06-23,1092,125,78,67,53,47,14
2023-06-24,1092,135,80,66,35,55,31
2023-06-25,1092,106,76,100,35,30,65
2023-06-26,1092,141,77,77,44,64,33
2023-06-27,1092,138,85,92,39,53,53
2023-06-28,1092,125,98,64,45,27,19
2023-06-29,1092,138,66,88,38,72,50
2023-06-30,1092,110,94,97,35,16,62
2023-07-01,1092,112,67,74,49,45,25
2023-07-02,1092,115,77,69,46,38,23
2023-07-03,1092,104,83,99,42,21,57
2023-07-04,1092,145,80,95,46,65,49
2023-07-05,1092,140,79,81,43,61,38
2023-07-06,1092,113,84,72,42,29,30
2023-07-07,1092,139,81,84,32,58,52
2023-07-08,1092,119,102,91,43,17,48
2023-07-09,1092,132,81,94,41,51,53
2023-07-10,1092,126,63,84,43,63,41
2023-07-11,1092,100,77,63,40,23,23
2023-07-12,1092,143,92,54,40,51,14
2023-07-13,1092,102,69,84,49,33,35
2023-07-14,1092,121,74,90,36,47,54
2023-07-15,1092,109,64,74,38,45,36
2023-07-16,1092,139,75,60,39,64,21
2023-07-17,1092,135,66,84,45,69,39
2023-07-18,1092,148,74,87,41,74,46
2023-07-19,1092,118,64,63,34,54,29
2023-07-20,1092,148,76,75,27,72,48
2023-07-21,1092,130,87,74,37,43,37
2023-07-22,1092,141,90,53,43,51,10
2023-07-23,1092,122,81,57,43,41,14
2023-07-24,1092,126,73,54,36,53,18
2023-07-25,1092,148,80,79,37,68,42
2023-07-26,1092,150,88,62,42,62,20
2023-07-27,1092,101,72,98,39,29,59
2023-07-28,1092,145,79,55,47,66,8
2023-07-29,1092,134,75,88,36,59,52
2023-07-30,1092,147,65,78,38,82,40
2023-07-31,1092,110,76,79,44,34,35
2023-08-01,1092,144,93,68,42,51,26
2023-08-02,1092,127,61,66,57,66,9
2023-08-03,1092,115,64,84,43,51,41
2023-08-04,1092,100,97,98,52,3,46
2023-08-05,1092,117,70,89,42,47,47
2023-08-06,1092,140,85,68,51,55,17
2023-08-07,1092,110,89,99,44,21,55
2023-08-08,1092,135,102,76,51,33,25
2023-08-09,1092,102,66,71,41,36,30
2023-08-10,1092,126,74,77,33,52,44
2023-08-11,1092,134,89,76,38,45,38
2023-08-12,1092,112,73,73,34,39,39
2023-08-13,1092,126,71,94,42,55,52
2023-08-14,1092,126,77,73,34,49,39
2023-08-15,1092,136,71,79,42,65,37
2023-08-16,1092,136,81,82,46,55,36
2023-08-17,1092,115,80,61,47,35,14
2023-08-18,1092,123,90,83,42,33,41
2023-08-19,1092,142,73,61,43,69,18
2023-08-20,1092,140,77,88,39,63,49
2023-08-21,1092,119,81,92,28,38,64
2023-08-22,1092,149,80,56,50,69,6
2023-08-23,1092,139,92,69,39,47,30
2023-08-24,1092,144,92,55,47,52,8
2023-08-25,1092,147,103,74,46,44,28
2023-08-26,1092,123,89,100,40,34,60
2023-08-27,1092,110,64,97,39,46,58
2023-08-28,1092,131,93,56,44,38,12
2023-08-29,1092,134,83,100,45,51,55
2023-08-30,1092,144,87,72,40,57,32
2023-08-31,1092,141,84,98,44,57,54
2023-09-01,1092,133,93,54,46,40,8
2023-09-02,1092,102,90,93,37,12,56
2023-09-03,1092,147,82,60,40,65,20
2023-09-04,1092,119,76,77,32,43,45
2023-09-05,1092,127,74,81,35,53,46
2023-09-06,1092,116,89,51,51,27,0
2023-09-07,1092,132,75,75,33,57,42
2023-09-08,1092,150,79,93,30,71,63
2023-09-09,1092,109,75,100,38,34,62
2023-09-10,1092,138,66,78,37,72,41
2023-09-11,1092,106,72,53,45,34,8
2023-09-12,1092,144,71,77,31,73,46
2023-09-13,1092,121,72,60,39,49,21
2023-09-14,1092,130,80,88,37,50,51
2023-09-15,1092,135,92,54,45,43,9
2023-09-16,1092,150,92,79,34,58,45
2023-09-17,1092,144,85,87,41,59,46
2023-09-18,1092,102,78,53,41,24,12
2023-09-19,1092,128,89,81,41,39,40
2023-09-20,1092,127,84,58,36,43,22
2023-09-21,1092,112,93,60,36,19,24
2023-09-22,1092,111,76,54,41,35,13
2023-09-23,1092,128,77,60,40,51,20
2023-09-24,1092,142,85,91,46,57,45
2023-09-25,1092,122,88,62,33,34,29
2023-09-26,1092,123,79,68,38,44,30
2023-09-27,1092,123,88,51,36,35,15
2023-09-28,1092,114,76,75,46,38,29
2023-09-29,1092,128,88,79,39,40,40
2023-09-30,1092,118,94,51,45,24,6
2023-10-01,1092,150,90,97,47,60,50
2023-10-02,1092,120,71,82,46,49,36
2023-10-03,1092,129,86,67,43,43,24
2023-10-04,1092,101,77,81,41,24,40
2023-10-05,1092,145,75,71,36,70,35
2023-10-06,1092,108,76,65,37,32,28
2023-10-07,1092,137,86,74,45,51,29
2023-10-08,1092,101,71,95,40,30,55
2023-10-09,1092,136,76,53,39,60,14
2023-10-10,1092,123,79,55,40,44,15
2023-10-11,1092,119,66,81,44,53,37
2023-10-12,1092,127,88,78,36,39,42
2023-10-13,1092,133,88,53,37,45,16
2023-10-14,1092,120,64,66,40,56,26
2023-10-15,1092,109,85,58,36,24,22
2023-10-16,1092,117,82,56,32,35,24
2023-10-17,1092,111,72,75,36,39,39
2023-10-18,1092,119,79,84,46,40,38
2023-10-19,1092,104,87,58,39,17,19
2023-10-20,1092,124,70,95,33,54,62
2023-10-21,1092,133,84,97,49,49,48
2023-10-22,1092,147,73,95,35,74,60
2023-10-23,1092,131,72,100,41,59,59
2023-10-24,1092,111,81,91,39,30,52
2023-10-25,1092,137,80,50,41,57,9
2023-10-26,1092,124,88,68,40,36,28
2023-10-27,1092,103,75,100,40,28,60
2023-10-28,1092,102,72,75,48,30,27
2023-10-29,1092,142,87,51,37,55,14
2023-10-30,1092,138,73,66,43,65,23
2023-10-31,1092,101,95,75,46,6,29
2023-11-01,1092,120,89,92,32,31,60
2023-11-02,1092,117,78,94,33,39,61
2023-11-03,1092,138,71,83,37,67,46
2023-11-04,1092,130,67,71,39,63,32
2023-11-05,1092,133,93,50,60,40,-10
2023-11-06,1092,124,88,95,48,36,47
2023-11-07,1092,150,80,67,28,70,39
2023-11-08,1092,131,104,93,43,27,50
2023-11-09,1092,128,80,96,39,48,57
2023-11-10,1092,145,87,66,36,58,30
2023-11-11,1092,135,79,57,40,56,17
2023-11-12,1092,111,82,83,36,29,47
2023-11-13,1092,123,65,61,36,58,25
2023-11-14,1092,143,80,65,47,63,18
2023-11-15,1092,144,78,80,38,66,42
2023-11-16,1092,127,93,76,45,34,31
2023-11-17,1092,130,75,67,42,55,25
2023-11-18,1092,100,73,78,45,27,33
2023-11-19,1092,109,94,69,38,15,31
2023-11-20,1092,121,83,52,40,38,12
2023-11-21,1092,136,75,86,28,61,58
2023-11-22,1092,147,86,64,47,61,17
2023-11-23,1092,105,71,74,27,34,47
2023-11-24,1092,110,73,96,42,37,54
2023-11-25,1092,114,64,64,40,50,24
2023-11-26,1092,123,79,67,39,44,28
2023-11-27,1092,120,73,68,36,47,32
2023-11-28,1092,129,89,97,28,40,69
2023-11-29,1092,127,86,100,52,41,48
2023-11-30,1092,104,79,86,33,25,53
2023-12-01,1092,110,79,92,38,31,54
2023-12-02,1092,149,80,89,50,69,39
2023-12-03,1092,133,80,62,29,53,33
2023-12-04,1092,131,83,93,42,48,51
2023-12-05,1092,132,72,58,44,60,14
2023-12-06,1092,144,78,98,30,66,68
2023-12-07,1092,146,77,51,54,69,-3
2023-12-08,1092,132,91,85,39,41,46
2023-12-09,1092,101,71,94,27,30,67
2023-12-10,1092,100,86,85,37,14,48
2023-12-11,1092,106,89,92,39,17,53
2023-12-12,1092,108,76,55,33,32,22
2023-12-13,1092,131,77,50,43,54,7
2023-12-14,1092,138,68,80,49,70,31
2023-12-15,1092,123,82,86,45,41,41
2023-12-16,1092,105,78,73,43,27,30
2023-12-17,1092,150,85,63,30,65,33
2023-12-18,1092,117,84,51,35,33,16
2023-12-19,1092,147,78,71,49,69,22
2023-12-20,1092,139,88,58,44,51,14
2023-12-21,1092,150,84,75,34,66,41
2023-12-22,1092,102,76,98,37,26,61
2023-12-23,1092,102,80,83,53,22,30
2023-12-24,1092,102,99,89,41,3,48
2023-12-25,1092,137,90,72,32,47,40
2023-12-26,1092,102,71,62,37,31,25
2023-12-27,1092,135,94,87,48,41,39
2023-12-28,1092,115,74,74,52,41,22
2023-12-29,1092,146,74,73,43,72,30
2023-12-30,1092,138,76,67,36,62,31
2023-12-31,1092,114,80,80,37,34,43
2023-01-01,1093,131,86,78,48,45,30
2023-01-02,1093,122,77,77,46,45,31
2023-01-03,1093,115,74,99,48,41,51
2023-01-04,1093,123,77,71,42,46,29
2023-01-05,1093,136,76,51,40,60,11
2023-01-06,1093,134,70,96,32,64,64
2023-01-07,1093,118,79,65,48,39,17
2023-01-08,1093,103,72,72,33,31,39
2023-01-09,1093,108,87,60,31,21,29
2023-01-10,1093,131,71,87,43,60,44
2023-01-11,1093,133,85,78,36,48,42
2023-01-12,1093,146,87,94,37,59,57
2023-01-13,1093,104,74,81,37,30,44
2023-01-14,1093,111,61,96,31,50,65
2023-01-15,1093,135,71,72,33,64,39
2023-01-16,1093,121,86,67,45,35,22
2023-01-17,1093,124,82,86,47,42,39
2023-01-18,1093,111,90,69,42,21,27
2023-01-19,1093,104,87,68,35,17,33
2023-01-20,1093,127,67,71,37,60,34
2023-01-21,1093,147,73,85,35,74,50
2023-01-22,1093,106,76,58,39,30,19
2023-01-23,1093,121,76,71,38,45,33
2023-01-24,1093,149,82,92,39,67,53
2023-01-25,1093,116,80,50,41,36,9
2023-01-26,1093,138,71,82,43,67,39
2023-01-27,1093,144,89,99,38,55,61
2023-01-28,1093,103,96,92,40,7,52
2023-01-29,1093,147,76,68,33,71,35
2023-01-30,1093,144,70,83,35,74,48
2023-01-31,1093,101,80,79,38,21,41
2023-02-01,1093,118,83,97,33,35,64
2023-02-02,1093,118,66,94,37,52,57
2023-02-03,1093,100,58,52,35,42,17
2023-02-04,1093,113,82,72,52,31,20
2023-02-05,1093,125,70,82,31,55,51
2023-02-06,1093,100,78,64,41,22,23
2023-02-07,1093,146,86,53,40,60,13
2023-02-08,1093,128,85,81,46,43,35
2023-02-09,1093,146,70,61,40,76,21
2023-02-10,1093,120,62,58,38,58,20
2023-02-11,1093,131,79,90,32,52,58
2023-02-12,1093,148,71,80,40,77,40
2023-02-13,1093,121,91,70,37,30,33
2023-02-14,1093,128,74,74,47,54,27
2023-02-15,1093,139,80,68,30,59,38
2023-02-16,1093,147,99,98,43,48,55
2023-02-17,1093,117,79,70,47,38,23
2023-02-18,1093,140,74,93,35,66,58
2023-02-19,1093,112,88,98,44,24,54
2023-02-20,1093,105,82,61,46,23,15
2023-02-21,1093,136,65,90,43,71,47
2023-02-22,1093,137,73,91,37,64,54
2023-02-23,1093,101,85,93,39,16,54
2023-02-24,1093,128,74,86,35,54,51
2023-02-25,1093,134,80,94,50,54,44
2023-02-26,1093,108,81,81,40,27,41
2023-02-27,1093,123,89,71,43,34,28
2023-02-28,1093,137,84,64,40,53,24
2023-03-01,1093,144,89,76,41,55,35
2023-03-02,1093,110,72,53,38,38,15
2023-03-03,1093,126,90,54,37,36,17
2023-03-04,1093,129,69,58,41,60,17
2023-03-05,1093,102,65,63,40,37,23
2023-03-06,1093,121,84,87,44,37,43
2023-03-07,1093,134,69,74,26,65,48
2023-03-08,1093,118,80,75,38,38,37
2023-03-09,1093,147,73,100,49,74,51
2023-03-10,1093,138,74,65,45,64,20
2023-03-11,1093,105,82,68,47,23,21
2023-03-12,1093,100,85,53,41,15,12
2023-03-13,1093,116,66,84,34,50,50
2023-03-14,1093,116,64,74,52,52,22
2023-03-15,1093,135,82,84,41,53,43
2023-03-16,1093,123,86,94,29,37,65
2023-03-17,1093,125,85,52,32,40,20
2023-03-18,1093,150,69,71,42,81,29
2023-03-19,1093,122,91,50,48,31,2
2023-03-20,1093,104,95,84,41,9,43
2023-03-21,1093,110,78,96,42,32,54
2023-03-22,1093,140,88,63,39,52,24
2023-03-23,1093,149,92,84,48,57,36
2023-03-24,1093,121,74,69,44,47,25
2023-03-25,1093,123,87,68,35,36,33
2023-03-26,1093,137,79,55,31,58,24
2023-03-27,1093,102,76,71,53,26,18
2023-03-28,1093,107,76,75,42,31,33
2023-03-29,1093,147,92,100,39,55,61
2023-03-30,1093,132,93,66,40,39,26
2023-03-31,1093,127,78,89,38,49,51
2023-04-01,1093,106,86,100,48,20,52
2023-04-02,1093,104,82,95,41,22,54
2023-04-03,1093,131,88,97,49,43,48
2023-04-04,1093,119,74,93,32,45,61
2023-04-05,1093,122,76,93,44,46,49
2023-04-06,1093,146,63,62,51,83,11
2023-04-07,1093,112,76,96,36,36,60
2023-04-08,1093,100,76,54,36,24,18
2023-04-09,1093,122,68,51,54,54,-3
2023-04-10,1093,121,73,60,50,48,10
2023-04-11,1093,137,79,86,29,58,57
2023-04-12,1093,131,76,92,45,55,47
2023-04-13,1093,146,89,61,36,57,25
2023-04-14,1093,133,89,71,49,44,22
2023-04-15,1093,129,85,90,39,44,51
2023-04-16,1093,138,84,85,30,54,55
2023-04-17,1093,109,89,91,46,20,45
2023-04-18,1093,102,83,86,47,19,39
2023-04-19,1093,127,94,82,34,33,48
2023-04-20,1093,147,78,67,42,69,25
2023-04-21,1093,131,85,89,48,46,41
2023-04-22,1093,112,92,70,48,20,22
2023-04-23,1093,108,94,100,39,14,61
2023-04-24,1093,110,78,62,39,32,23
2023-04-25,1093,133,76,69,32,57,37
2023-04-26,1093,147,72,70,44,75,26
2023-04-27,1093,139,90,92,48,49,44
2023-04-28,1093,141,71,84,40,70,44
2023-04-29,1093,124,86,82,39,38,43
2023-04-30,1093,108,68,97,47,40,50
2023-05-01,1093,133,78,72,41,55,31
2023-05-02,1093,120,77,51,45,43,6
2023-05-03,1093,140,72,99,39,68,60
2023-05-04,1093,137,85,90,35,52,55
2023-05-05,1093,124,83,97,47,41,50
2023-05-06,1093,114,77,68,38,37,30
2023-05-07,1093,105,104,81,51,1,30
2023-05-08,1093,108,76,75,42,32,33
2023-05-09,1093,111,84,93,33,27,60
2023-05-10,1093,134,82,85,52,52,33
2023-05-11,1093,145,74,93,51,71,42
2023-05-12,1093,131,77,50,46,54,4
2023-05-13,1093,139,82,88,36,57,52
2023-05-14,1093,150,70,69,27,80,42
2023-05-15,1093,129,72,85,44,57,41
2023-05-16,1093,116,75,79,30,41,49
2023-05-17,1093,107,97,73,37,10,36
2023-05-18,1093,130,77,52,42,53,10
2023-05-19,1093,140,60,72,34,80,38
2023-05-20,1093,114,87,97,57,27,40
2023-05-21,1093,124,57,85,45,67,40
2023-05-22,1093,118,85,81,49,33,32
2023-05-23,1093,101,75,50,53,26,-3
2023-05-24,1093,108,81,77,38,27,39
2023-05-25,1093,102,76,93,35,26,58
2023-05-26,1093,124,66,84,44,58,40
2023-05-27,1093,114,75,63,39,39,24
2023-05-28,1093,134,76,68,32,58,36
2023-05-29,1093,107,85,93,46,22,47
2023-05-30,1093,104,62,76,32,42,44
2023-05-31,1093,104,72,53,37,32,16
2023-06-01,1093,100,78,80,46,22,34
2023-06-02,1093,148,86,83,51,62,32
2023-06-03,1093,128,59,69,30,69,39
2023-06-04,1093,102,72,90,35,30,55
2023-06-05,1093,124,75,53,46,49,7
2023-06-06,1093,139,77,75,36,62,39
2023-06-07,1093,133,82,65,40,51,25
2023-06-08,1093,129,78,88,38,51,50
2023-06-09,1093,142,79,72,44,63,28
2023-06-10,1093,122,71,86,52,51,34
2023-06-11,1093,102,69,93,40,33,53
2023-06-12,1093,103,86,83,43,17,40
2023-06-13,1093,104,83,56,51,21,5
2023-06-14,1093,110,66,58,34,44,24
2023-06-15,1093,140,103,63,38,37,25
2023-06-16,1093,121,89,89,37,32,52
2023-06-17,1093,112,81,56,42,31,14
2023-06-18,1093,138,79,96,39,59,57
2023-06-19,1093,105,88,76,40,17,36
2023-06-20,1093,131,83,80,30,48,50
2023-06-21,1093,135,80,58,45,55,13
2023-06-22,1093,126,67,73,46,59,27
2023-06-23,1093,130,86,63,39,44,24
2023-06-24,1093,142,77,83,54,65,29
2023-06-25,1093,106,84,57,49,22,8
2023-06-26,1093,125,75,55,32,50,23
2023-06-27,1093,148,73,69,39,75,30
2023-06-28,1093,120,76,100,48,44,52
2023-06-29,1093,119,81,51,46,38,5
2023-06-30,1093,111,78,91,31,33,60
2023-07-01,1093,129,82,91,45,47,46
2023-07-02,1093,137,82,57,45,55,12
2023-07-03,1093,124,99,75,42,25,33
2023-07-04,1093,106,78,74,48,28,26
2023-07-05,1093,131,76,78,42,55,36
2023-07-06,1093,140,85,64,46,55,18
2023-07-07,1093,116,72,50,32,44,18
2023-07-08,1093,104,69,79,38,35,41
2023-07-09,1093,120,63,97,44,57,53
2023-07-10,1093,146,86,55,28,60,27
2023-07-11,1093,139,70,64,34,69,30
2023-07-12,1093,126,66,68,44,60,24
2023-07-13,1093,144,78,75,48,66,27
2023-07-14,1093,137,87,54,41,50,13
2023-07-15,1093,135,76,89,40,59,49
2023-07-16,1093,100,83,92,37,17,55
2023-07-17,1093,113,80,74,39,33,35
2023-07-18,1093,117,83,97,43,34,54
2023-07-19,1093,150,72,53,26,78,27
2023-07-20,1093,127,89,66,44,38,22
2023-07-21,1093,106,76,100,42,30,58
2023-07-22,1093,109,62,53,55,47,-2
2023-07-23,1093,104,88,85,53,16,32
2023-07-24,1093,113,84,92,35,29,57
2023-07-25,1093,110,77,82,30,33,52
2023-07-26,1093,115,75,67,49,40,18
2023-07-27,1093,146,81,55,48,65,7
2023-07-28,1093,144,66,68,41,78,27
2023-07-29,1093,127,65,66,39,62,27
2023-07-30,1093,119,86,61,44,33,17
2023-07-31,1093,110,82,60,43,28,17
2023-08-01,1093,126,92,63,51,34,12
2023-08-02,1093,131,83,80,50,48,30
2023-08-03,1093,113,76,62,34,37,28
2023-08-04,1093,146,79,81,46,67,35
2023-08-05,1093,150,85,73,44,65,29
2023-08-06,1093,121,99,68,39,22,29
2023-08-07,1093,121,82,58,28,39,30
2023-08-08,1093,115,76,95,44,39,51
2023-08-09,1093,113,95,58,39,18,19
2023-08-10,1093,110,79,79,32,31,47
2023-08-11,1093,139,59,78,34,80,44
2023-08-12,1093,124,67,88,34,57,54
2023-08-13,1093,102,96,88,38,6,50
2023-08-14,1093,140,101,64,41,39,23
2023-08-15,1093,140,83,72,25,57,47
2023-08-16,1093,100,78,51,33,22,18
2023-08-17,1093,137,68,62,40,69,22
2023-08-18,1093,143,93,72,46,50,26
2023-08-19,1093,125,89,89,42,36,47
2023-08-20,1093,120,83,89,39,37,50
2023-08-21,1093,130,71,52,45,59,7
2023-08-22,1093,133,70,92,45,63,47
2023-08-23,1093,118,88,68,38,30,30
2023-08-24,1093,138,71,71,44,67,27
2023-08-25,1093,119,67,74,41,52,33
2023-08-26,1093,129,69,76,33,60,43
2023-08-27,1093,118,79,67,45,39,22
2023-08-28,1093,118,72,96,32,46,64
2023-08-29,1093,140,74,84,36,66,48
2023-08-30,1093,107,81,100,33,26,67
2023-08-31,1093,110,66,89,42,44,47
2023-09-01,1093,119,78,84,40,41,44
2023-09-02,1093,105,82,94,32,23,62
2023-09-03,1093,131,84,61,50,47,11
2023-09-04,1093,109,76,91,54,33,37
2023-09-05,1093,120,92,86,36,28,50
2023-09-06,1093,136,68,57,40,68,17
2023-09-07,1093,102,80,58,31,22,27
2023-09-08,1093,104,66,98,42,38,56
2023-09-09,1093,107,85,59,48,22,11
2023-09-10,1093,106,95,93,52,11,41
2023-09-11,1093,139,70,70,34,69,36
2023-09-12,1093,131,72,72,34,59,38
2023-09-13,1093,116,101,60,38,15,22
2023-09-14,1093,133,83,78,36,50,42
2023-09-15,1093,111,92,54,40,19,14
2023-09-16,1093,120,72,93,34,48,59
2023-09-17,1093,139,87,57,39,52,18
2023-09-18,1093,138,85,95,39,53,56
2023-09-19,1093,135,64,60,40,71,20
2023-09-20,1093,133,87,54,30,46,24
2023-09-21,1093,113,70,66,41,43,25
2023-09-22,1093,108,84,71,54,24,17
2023-09-23,1093,117,76,55,48,41,7
2023-09-24,1093,118,85,96,46,33,50
2023-09-25,1093,148,80,58,46,68,12
2023-09-26,1093,110,69,54,39,41,15
2023-09-27,1093,135,72,84,51,63,33
2023-09-28,1093,105,85,66,40,20,26
2023-09-29,1093,120,69,95,27,51,68
2023-09-30,1093,137,80,58,44,57,14
2023-10-01,1093,112,78,80,28,34,52
2023-10-02,1093,138,76,62,38,62,24
2023-10-03,1093,138,72,72,33,66,39
2023-10-04,1093,124,66,87,46,58,41
2023-10-05,1093,109,69,67,47,40,20
2023-10-06,1093,129,87,72,42,42,30
2023-10-07,1093,115,78,93,33,37,60
2023-10-08,1093,150,76,64,35,74,29
2023-10-09,1093,106,66,58,33,40,25
2023-10-10,1093,114,77,64,48,37,16
2023-10-11,1093,144,90,65,45,54,20
2023-10-12,1093,140,78,84,46,62,38
2023-10-13,1093,101,59,98,41,42,57
2023-10-14,1093,140,67,54,49,73,5
2023-10-15,1093,141,84,50,41,57,9
2023-10-16,1093,119,91,74,37,28,37
2023-10-17,1093,149,64,66,52,85,14
2023-10-18,1093,123,81,79,39,42,40
2023-10-19,1093,131,78,74,42,53,32
2023-10-20,1093,110,73,80,44,37,36
2023-10-21,1093,122,74,83,52,48,31
2023-10-22,1093,132,72,82,32,60,50
2023-10-23,1093,106,81,97,31,25,66
2023-10-24,1093,110,78,61,49,32,12
2023-10-25,1093,148,90,87,40,58,47
2023-10-26,1093,139,89,73,39,50,34
2023-10-27,1093,119,72,60,43,47,17
2023-10-28,1093,146,76,80,33,70,47
2023-10-29,1093,103,82,78,50,21,28
2023-10-30,1093,143,82,87,36,61,51
2023-10-31,1093,134,86,85,34,48,51
2023-11-01,1093,112,87,82,54,25,28
2023-11-02,1093,112,71,58,35,41,23
2023-11-03,1093,111,71,90,45,40,45
2023-11-04,1093,141,79,63,50,62,13
2023-11-05,1093,109,71,61,42,38,19
2023-11-06,1093,125,76,77,29,49,48
2023-11-07,1093,150,84,78,45,66,33
2023-11-08,1093,119,88,51,40,31,11
2023-11-09,1093,120,65,96,27,55,69
2023-11-10,1093,118,84,79,32,34,47
2023-11-11,1093,145,80,92,42,65,50
2023-11-12,1093,104,73,71,43,31,28
2023-11-13,1093,116,89,75,40,27,35
2023-11-14,1093,135,93,81,40,42,41
2023-11-15,1093,148,67,98,32,81,66
2023-11-16,1093,104,76,65,36,28,29
2023-11-17,1093,145,91,75,38,54,37
2023-11-18,1093,140,71,99,31,69,68
2023-11-19,1093,122,75,52,48,47,4
2023-11-20,1093,109,75,67,52,34,15
2023-11-21,1093,133,81,76,38,52,38
2023-11-22,1093,144,75,82,43,69,39
2023-11-23,1093,116,89,60,30,27,30
2023-11-24,1093,143,83,63,45,60,18
2023-11-25,1093,132,86,72,43,46,29
2023-11-26,1093,147,83,63,45,64,18
2023-11-27,1093,115,86,80,45,29,35
2023-11-28,1093,110,78,71,40,32,31
2023-11-29,1093,116,79,81,46,37,35
2023-11-30,1093,115,71,62,42,44,20
2023-12-01,1093,135,96,86,39,39,47
2023-12-02,1093,140,77,50,36,63,14
2023-12-03,1093,130,65,98,36,65,62
2023-12-04,1093,115,67,70,39,48,31
2023-12-05,1093,121,66,78,36,55,42
2023-12-06,1093,130,69,70,37,61,33
2023-12-07,1093,138,89,56,37,49,19
2023-12-08,1093,118,94,92,41,24,51
2023-12-09,1093,123,77,70,40,46,30
2023-12-10,1093,122,90,70,37,32,33
2023-12-11,1093,114,73,72,39,41,33
2023-12-12,1093,117,71,89,44,46,45
2023-12-13,1093,109,84,67,32,25,35
2023-12-14,1093,135,97,75,42,38,33
2023-12-15,1093,131,78,69,33,53,36
2023-12-16,1093,106,75,58,39,31,19
2023-12-17,1093,148,94,88,31,54,57
2023-12-18,1093,103,85,55,44,18,11
2023-12-19,1093,110,63,76,40,47,36
2023-12-20,1093,105,77,78,49,28,29
2023-12-21,1093,137,79,55,44,58,11
2023-12-22,1093,145,63,80,34,82,46
2023-12-23,1093,131,81,91,43,50,48
2023-12-24,1093,100,84,69,37,16,32
2023-12-25,1093,101,78,53,52,23,1
2023-12-26,1093,133,97,75,36,36,39
2023-12-27,1093,103,83,52,40,20,12
2023-12-28,1093,125,83,58,40,42,18
2023-12-29,1093,136,94,64,42,42,22
2023-12-30,1093,122,76,53,34,46,19
2023-12-31,1093,120,90,57,37,30,20
2023-01-01,1094,127,76,96,50,51,46
2023-01-02,1094,105,75,87,31,30,56
2023-01-03,1094,100,80,62,39,20,23
2023-01-04,1094,103,78,90,31,25,59
2023-01-05,1094,126,84,65,40,42,25
2023-01-06,1094,139,86,90,46,53,44
2023-01-07,1094,145,76,53,43,69,10
2023-01-08,1094,135,74,76,48,61,28
2023-01-09,1094,108,88,73,33,20,40
2023-01-10,1094,125,74,55,27,51,28
2023-01-11,1094,125,77,94,53,48,41
2023-01-12,1094,112,79,79,27,33,52
2023-01-13,1094,100,75,58,39,25,19
2023-01-14,1094,146,75,80,41,71,39
2023-01-15,1094,108,80,94,33,28,61
2023-01-16,1094,118,73,51,37,45,14
2023-01-17,1094,134,94,50,42,40,8
2023-01-18,1094,110,77,83,43,33,40
2023-01-19,1094,140,76,62,38,64,24
2023-01-20,1094,118,77,58,37,41,21
2023-01-21,1094,114,73,100,35,41,65
2023-01-22,1094,139,67,88,43,72,45
2023-01-23,1094,110,87,84,44,23,40
2023-01-24,1094,116,70,67,45,46,22
2023-01-25,1094,132,83,68,32,49,36
2023-01-26,1094,141,87,73,42,54,31
2023-01-27,1094,123,76,65,50,47,15
2023-01-28,1094,137,72,66,37,65,29
2023-01-29,1094,114,79,63,31,35,32
2023-01-30,1094,136,87,91,45,49,46
2023-01-31,1094,105,67,82,46,38,36
2023-02-01,1094,123,79,75,35,44,40
2023-02-02,1094,104,81,78,34,23,44
2023-02-03,1094,103,88,54,24,15,30
2023-02-04,1094,111,93,92,47,18,45
2023-02-05,1094,108,74,96,38,34,58
2023-02-06,1094,115,80,92,41,35,51
2023-02-07,1094,108,78,69,31,30,38
2023-02-08,1094,121,90,50,30,31,20
2023-02-09,1094,111,82,63,32,29,31
2023-02-10,1094,127,82,88,43,45,45
2023-02-11,1094,131,83,82,40,48,42
2023-02-12,1094,145,78,95,40,67,55
2023-02-13,1094,136,86,62,40,50,22
2023-02-14,1094,145,76,96,35,69,61
2023-02-15,1094,106,71,53,35,35,18
2023-02-16,1094,108,82,76,42,26,34
2023-02-17,1094,108,88,57,42,20,15
2023-02-18,1094,128,81,56,40,47,16
2023-02-19,1094,147,84,97,34,63,63
2023-02-20,1094,143,72,69,42,71,27
2023-02-21,1094,136,84,91,46,52,45
2023-02-22,1094,149,92,57,34,57,23
2023-02-23,1094,103,71,59,45,32,14
2023-02-24,1094,144,80,60,39,64,21
2023-02-25,1094,105,71,54,46,34,8
2023-02-26,1094,134,78,99,47,56,52
2023-02-27,1094,129,82,68,54,47,14
2023-02-28,1094,107,75,61,45,32,16
2023-03-01,1094,150,80,95,49,70,46
2023-03-02,1094,147,76,77,38,71,39
2023-03-03,1094,146,78,68,37,68,31
2023-03-04,1094,114,79,67,49,35,18
2023-03-05,1094,102,82,78,33,20,45
2023-03-06,1094,108,58,62,40,50,22
2023-03-07,1094,150,90,59,42,60,17
2023-03-08,1094,100,72,71,39,28,32
2023-03-09,1094,108,90,50,43,18,7
2023-03-10,1094,145,83,93,40,62,53
2023-03-11,1094,106,87,67,45,19,22
2023-03-12,1094,107,92,83,30,15,53
2023-03-13,1094,100,96,52,35,4,17
2023-03-14,1094,148,89,96,45,59,51
2023-03-15,1094,139,70,65,38,69,27
2023-03-16,1094,100,75,67,41,25,26
2023-03-17,1094,133,85,52,44,48,8
2023-03-18,1094,102,75,88,35,27,53
2023-03-19,1094,101,82,75,41,19,34
2023-03-20,1094,138,64,99,36,74,63
2023-03-21,1094,140,78,80,48,62,32
2023-03-22,1094,141,73,64,45,68,19
2023-03-23,1094,124,69,80,36,55,44
2023-03-24,1094,115,79,89,45,36,44
2023-03-25,1094,120,76,66,42,44,24
2023-03-26,1094,115,68,98,32,47,66
2023-03-27,1094,146,79,92,30,67,62
2023-03-28,1094,101,89,80,35,12,45
2023-03-29,1094,126,92,93,40,34,53
2023-03-30,1094,101,78,71,36,23,35
2023-03-31,1094,102,73,97,44,29,53
2023-04-01,1094,123,58,64,37,65,27
2023-04-02,1094,120,64,82,43,56,39
2023-04-03,1094,111,78,82,36,33,46
2023-04-04,1094,115,72,62,37,43,25
2023-04-05,1094,122,88,98,38,34,60
2023-04-06,1094,147,90,51,39,57,12
2023-04-07,1094,130,85,91,38,45,53
2023-04-08,1094,139,57,75,32,82,43
2023-04-09,1094,117,59,78,54,58,24
2023-04-10,1094,106,92,94,44,14,50
2023-04-11,1094,139,79,53,45,60,8
2023-04-12,1094,140,73,78,39,67,39
2023-04-13,1094,111,83,68,57,28,11
2023-04-14,1094,147,76,64,28,71,36
2023-04-15,1094,121,76,60,32,45,28
2023-04-16,1094,141,81,100,39,60,61
2023-04-17,1094,102,74,66,39,28,27
2023-04-18,1094,143,80,57,43,63,14
2023-04-19,1094,126,85,91,43,41,48
2023-04-20,1094,111,93,97,39,18,58
2023-04-21,1094,125,90,85,39,35,46
2023-04-22,1094,106,68,57,47,38,10
2023-04-23,1094,148,83,83,34,65,49
2023-04-24,1094,147,80,72,37,67,35
2023-04-25,1094,111,78,88,35,33,53
2023-04-26,1094,108,72,96,44,36,52
2023-04-27,1094,103,61,97,35,42,62
2023-04-28,1094,107,93,60,41,14,19
2023-04-29,1094,114,70,75,42,44,33
2023-04-30,1094,123,73,54,39,50,15
2023-05-01,1094,146,90,87,47,56,40
2023-05-02,1094,141,76,83,41,65,42
2023-05-03,1094,132,72,93,35,60,58
2023-05-04,1094,148,78,98,54,70,44
2023-05-05,1094,126,85,93,44,41,49
2023-05-06,1094,106,77,95,32,29,63
2023-05-07,1094,131,76,65,52,55,13
2023-05-08,1094,139,70,56,42,69,14
2023-05-09,1094,120,90,52,35,30,17
2023-05-10,1094,146,80,53,39,66,14
2023-05-11,1094,127,80,74,53,47,21
2023-05-12,1094,145,75,95,38,70,57
2023-05-13,1094,150,87,54,30,63,24
2023-05-14,1094,100,83,82,36,17,46
2023-05-15,1094,100,66,93,35,34,58
2023-05-16,1094,139,83,78,41,56,37
2023-05-17,1094,149,78,52,41,71,11
2023-05-18,1094,133,74,62,38,59,24
2023-05-19,1094,106,77,73,40,29,33
2023-05-20,1094,148,78,78,38,70,40
2023-05-21,1094,109,80,97,39,29,58
2023-05-22,1094,130,79,55,40,51,15
2023-05-23,1094,100,77,64,35,23,29
2023-05-24,1094,118,78,58,36,40,22
2023-05-25,1094,147,80,56,33,67,23
2023-05-26,1094,137,80,73,36,57,37
2023-05-27,1094,120,87,99,46,33,53
2023-05-28,1094,142,89,55,38,53,17
2023-05-29,1094,144,80,63,46,64,17
2023-05-30,1094,150,86,93,41,64,52
2023-05-31,1094,117,85,77,23,32,54
2023-06-01,1094,110,79,50,44,31,6
2023-06-02,1094,129,89,66,37,40,29
2023-06-03,1094,140,96,68,52,44,16
2023-06-04,1094,150,88,61,37,62,24
2023-06-05,1094,109,91,94,43,18,51
2023-06-06,1094,126,75,75,28,51,47
2023-06-07,1094,144,94,76,39,50,37
2023-06-08,1094,115,83,71,29,32,42
2023-06-09,1094,117,81,74,47,36,27
2023-06-10,1094,124,70,56,31,54,25
2023-06-11,1094,110,78,67,29,32,38
2023-06-12,1094,119,78,67,47,41,20
2023-06-13,1094,113,85,65,32,28,33
2023-06-14,1094,111,69,87,33,42,54
2023-06-15,1094,111,76,95,27,35,68
2023-06-16,1094,138,83,71,28,55,43
2023-06-17,1094,128,85,95,49,43,46
2023-06-18,1094,124,82,56,42,42,14
2023-06-19,1094,119,79,56,45,40,11
2023-06-20,1094,126,82,72,49,44,23
2023-06-21,1094,133,73,66,40,60,26
2023-06-22,1094,136,85,95,27,51,68
2023-06-23,1094,107,99,70,38,8,32
2023-06-24,1094,131,80,68,39,51,29
2023-06-25,1094,113,84,51,40,29,11
2023-06-26,1094,117,78,83,40,39,43
2023-06-27,1094,121,68,73,46,53,27
2023-06-28,1094,127,71,97,45,56,52
2023-06-29,1094,111,77,69,36,34,33
2023-06-30,1094,104,78,99,41,26,58
2023-07-01,1094,105,90,77,45,15,32
2023-07-02,1094,113,81,95,45,32,50
2023-07-03,1094,145,82,99,41,63,58
2023-07-04,1094,111,80,97,38,31,59
2023-07-05,1094,141,90,72,40,51,32
2023-07-06,1094,132,87,66,45,45,21
2023-07-07,1094,131,82,99,37,49,62
2023-07-08,1094,108,76,66,41,32,25
2023-07-09,1094,125,62,57,29,63,28
2023-07-10,1094,143,78,95,35,65,60
2023-07-11,1094,120,81,62,41,39,21
2023-07-12,1094,102,91,87,40,11,47
2023-07-13,1094,137,83,85,34,54,51
2023-07-14,1094,110,72,71,47,38,24
2023-07-15,1094,123,81,67,36,42,31
2023-07-16,1094,148,76,75,42,72,33
2023-07-17,1094,107,82,80,50,25,30
2023-07-18,1094,146,89,95,47,57,48
2023-07-19,1094,123,81,90,44,42,46
2023-07-20,1094,122,77,69,39,45,30
2023-07-21,1094,116,79,72,40,37,32
2023-07-22,1094,114,77,97,41,37,56
2023-07-23,1094,111,76,86,47,35,39
2023-07-24,1094,101,90,92,33,11,59
2023-07-25,1094,121,68,75,44,53,31
2023-07-26,1094,104,71,94,37,33,57
2023-07-27,1094,103,74,74,39,29,35
2023-07-28,1094,117,77,51,30,40,21
2023-07-29,1094,128,71,63,40,57,23
2023-07-30,1094,145,86,84,39,59,45
2023-07-31,1094,149,83,50,39,66,11
2023-08-01,1094,136,87,79,38,49,41
2023-08-02,1094,120,70,90,39,50,51
2023-08-03,1094,113,68,86,33,45,53
2023-08-04,1094,116,78,68,48,38,20
2023-08-05,1094,133,78,65,36,55,29
2023-08-06,1094,140,93,75,46,47,29
2023-08-07,1094,127,80,53,45,47,8
2023-08-08,1094,129,86,60,35,43,25
2023-08-09,1094,111,84,72,32,27,40
2023-08-10,1094,118,81,96,39,37,57
2023-08-11,1094,137,70,87,38,67,49
2023-08-12,1094,113,70,89,36,43,53
2023-08-13,1094,134,71,77,38,63,39
2023-08-14,1094,146,67,52,41,79,11
2023-08-15,1094,104,78,61,46,26,15
2023-08-16,1094,119,74,91,33,45,58
2023-08-17,1094,115,68,90,33,47,57
2023-08-18,1094,148,66,67,35,82,32
2023-08-19,1094,133,76,54,35,57,19
2023-08-20,1094,108,77,63,36,31,27
2023-08-21,1094,118,70,70,42,48,28
2023-08-22,1094,130,94,82,33,36,49
2023-08-23,1094,124,69,83,44,55,39
2023-08-24,1094,101,91,51,35,10,16
2023-08-25,1094,144,76,53,41,68,12
2023-08-26,1094,111,97,69,34,14,35
2023-08-27,1094,131,72,72,53,59,19
2023-08-28,1094,127,71,66,29,56,37
2023-08-29,1094,119,91,100,30,28,70
2023-08-30,1094,127,76,88,46,51,42
2023-08-31,1094,129,78,69,50,51,19
2023-09-01,1094,144,90,91,35,54,56
2023-09-02,1094,121,78,53,43,43,10
2023-09-03,1094,147,79,61,57,68,4
2023-09-04,1094,143,67,85,36,76,49
2023-09-05,1094,139,90,53,43,49,10
2023-09-06,1094,119,82,85,44,37,41
2023-09-07,1094,138,86,60,40,52,20
2023-09-08,1094,147,88,56,36,59,20
2023-09-09,1094,125,64,65,29,61,36
2023-09-10,1094,114,84,88,40,30,48
2023-09-11,1094,129,77,81,31,52,50
2023-09-12,1094,145,88,77,45,57,32
2023-09-13,1094,114,79,97,53,35,44
2023-09-14,1094,127,87,86,37,40,49
2023-09-15,1094,128,75,71,32,53,39
2023-09-16,1094,103,84,88,48,19,40
2023-09-17,1094,138,79,62,43,59,19
2023-09-18,1094,143,79,79,35,64,44
2023-09-19,1094,143,74,52,34,69,18
2023-09-20,1094,148,65,59,41,83,18
2023-09-21,1094,111,67,60,44,44,16
2023-09-22,1094,129,67,100,36,62,64
2023-09-23,1094,108,79,68,46,29,22
2023-09-24,1094,100,88,74,36,12,38
2023-09-25,1094,105,73,53,38,32,15
2023-09-26,1094,106,74,56,53,32,3
2023-09-27,1094,107,92,87,47,15,40
2023-09-28,1094,103,68,82,37,35,45
2023-09-29,1094,126,81,77,33,45,44
2023-09-30,1094,120,70,96,46,50,50
2023-10-01,1094,144,79,99,34,65,65
2023-10-02,1094,149,80,50,38,69,12
2023-10-03,1094,105,82,77,39,23,38
2023-10-04,1094,109,84,90,46,25,44
2023-10-05,1094,129,76,90,32,53,58
2023-10-06,1094,132,84,53,43,48,10
2023-10-07,1094,137,62,82,30,75,52
2023-10-08,1094,149,74,82,35,75,47
2023-10-09,1094,133,72,51,46,61,5
2023-10-10,1094,136,88,87,39,48,48
2023-10-11,1094,102,87,82,43,15,39
2023-10-12,1094,136,79,80,50,57,30
2023-10-13,1094,121,92,100,58,29,42
2023-10-14,1094,144,79,79,31,65,48
2023-10-15,1094,141,85,85,39,56,46
2023-10-16,1094,134,76,53,44,58,9
2023-10-17,1094,111,84,93,38,27,55
2023-10-18,1094,136,67,71,44,69,27
2023-10-19,1094,107,82,88,40,25,48
2023-10-20,1094,149,90,94,40,59,54
2023-10-21,1094,122,79,71,44,43,27
2023-10-22,1094,149,72,98,41,77,57
2023-10-23,1094,114,87,74,36,27,38
2023-10-24,1094,131,83,82,39,48,43
2023-10-25,1094,147,75,64,42,72,22
2023-10-26,1094,142,69,72,33,73,39
2023-10-27,1094,107,65,68,42,42,26
2023-10-28,1094,137,71,57,50,66,7
2023-10-29,1094,148,81,59,53,67,6
2023-10-30,1094,100,84,73,51,16,22
2023-10-31,1094,121,91,93,41,30,52
2023-11-01,1094,145,72,82,41,73,41
2023-11-02,1094,122,91,55,37,31,18
2023-11-03,1094,134,75,89,47,59,42
2023-11-04,1094,135,86,54,29,49,25
2023-11-05,1094,146,76,70,34,70,36
2023-11-06,1094,143,84,55,47,59,8
2023-11-07,1094,123,72,50,40,51,10
2023-11-08,1094,101,78,65,38,23,27
2023-11-09,1094,102,83,59,38,19,21
2023-11-10,1094,137,88,94,35,49,59
2023-11-11,1094,148,74,78,33,74,45
2023-11-12,1094,122,86,60,30,36,30
2023-11-13,1094,130,68,64,42,62,22
2023-11-14,1094,129,77,56,35,52,21
2023-11-15,1094,101,70,51,39,31,12
2023-11-16,1094,131,96,81,35,35,46
2023-11-17,1094,129,69,66,35,60,31
2023-11-18,1094,130,78,52,39,52,13
2023-11-19,1094,137,78,65,36,59,29
2023-11-20,1094,148,78,65,32,70,33
2023-11-21,1094,112,79,97,38,33,59
2023-11-22,1094,118,69,74,35,49,39
2023-11-23,1094,146,79,84,43,67,41
2023-11-24,1094,117,85,56,40,32,16
2023-11-25,1094,114,78,65,35,36,30
2023-11-26,1094,113,79,77,34,34,43
2023-11-27,1094,111,92,77,41,19,36
2023-11-28,1094,114,78,93,42,36,51
2023-11-29,1094,115,83,78,34,32,44
2023-11-30,1094,146,92,65,41,54,24
2023-12-01,1094,124,73,66,28,51,38
2023-12-02,1094,113,67,83,42,46,41
2023-12-03,1094,124,86,50,35,38,15
2023-12-04,1094,123,92,97,37,31,60
2023-12-05,1094,131,88,97,38,43,59
2023-12-06,1094,113,61,71,33,52,38
2023-12-07,1094,120,71,65,49,49,16
2023-12-08,1094,144,76,84,47,68,37
2023-12-09,1094,122,79,77,50,43,27
2023-12-10,1094,148,89,72,38,59,34
2023-12-11,1094,127,94,64,41,33,23
2023-12-12,1094,136,80,63,45,56,18
2023-12-13,1094,115,66,100,39,49,61
2023-12-14,1094,139,88,89,58,51,31
2023-12-15,1094,114,71,77,49,43,28
2023-12-16,1094,123,87,59,48,36,11
2023-12-17,1094,112,82,92,44,30,48
2023-12-18,1094,132,78,54,38,54,16
2023-12-19,1094,115,82,96,47,33,49
2023-12-20,1094,126,69,74,42,57,32
2023-12-21,1094,119,78,57,51,41,6
2023-12-22,1094,144,83,69,27,61,42
2023-12-23,1094,133,63,91,39,70,52
2023-12-24,1094,149,70,51,37,79,14
2023-12-25,1094,143,90,96,38,53,58
2023-12-26,1094,119,68,53,38,51,15
2023-12-27,1094,103,89,53,49,14,4
2023-12-28,1094,135,82,92,39,53,53
2023-12-29,1094,125,74,59,37,51,22
2023-12-30,1094,118,75,64,39,43,25
2023-12-31,1094,116,75,71,39,41,32
2023-01-01,1095,109,95,75,40,14,35
2023-01-02,1095,147,68,96,38,79,58
2023-01-03,1095,135,79,51,32,56,19
2023-01-04,1095,109,75,77,37,34,40
2023-01-05,1095,140,59,93,45,81,48
2023-01-06,1095,116,81,52,43,35,9
2023-01-07,1095,102,93,75,41,9,34
2023-01-08,1095,128,82,68,43,46,25
2023-01-09,1095,120,72,87,45,48,42
2023-01-10,1095,117,78,85,26,39,59
2023-01-11,1095,122,93,78,34,29,44
2023-01-12,1095,136,86,50,40,50,10
2023-01-13,1095,109,84,87,46,25,41
2023-01-14,1095,131,67,57,35,64,22
2023-01-15,1095,119,63,97,33,56,64
2023-01-16,1095,150,92,63,50,58,13
2023-01-17,1095,132,83,61,26,49,35
2023-01-18,1095,131,88,73,38,43,35
2023-01-19,1095,127,72,57,36,55,21
2023-01-20,1095,138,87,54,38,51,16
2023-01-21,1095,115,82,91,54,33,37
2023-01-22,1095,133,85,59,36,48,23
2023-01-23,1095,146,95,51,52,51,-1
2023-01-24,1095,150,86,74,40,64,34
2023-01-25,1095,142,75,64,39,67,25
2023-01-26,1095,104,87,80,33,17,47
2023-01-27,1095,119,82,55,33,37,22
2023-01-28,1095,140,98,93,56,42,37
2023-01-29,1095,134,90,88,42,44,46
2023-01-30,1095,142,77,91,37,65,54
2023-01-31,1095,131,73,50,33,58,17
2023-02-01,1095,138,66,53,43,72,10
2023-02-02,1095,134,79,62,32,55,30
2023-02-03,1095,124,77,83,40,47,43
2023-02-04,1095,132,65,52,36,67,16
2023-02-05,1095,144,78,88,56,66,32
2023-02-06,1095,142,72,53,38,70,15
2023-02-07,1095,125,80,76,35,45,41
2023-02-08,1095,116,72,88,32,44,56
2023-02-09,1095,146,73,55,52,73,3
2023-02-10,1095,120,95,96,40,25,56
2023-02-11,1095,121,72,50,49,49,1
2023-02-12,1095,130,74,56,48,56,8
2023-02-13,1095,138,90,91,38,48,53
2023-02-14,1095,118,97,67,39,21,28
2023-02-15,1095,147,75,77,40,72,37
2023-02-16,1095,142,81,72,48,61,24
2023-02-17,1095,147,78,96,40,69,56
2023-02-18,1095,113,82,55,41,31,14
2023-02-19,1095,107,93,86,37,14,49
2023-02-20,1095,131,93,75,43,38,32
2023-02-21,1095,129,76,68,50,53,18
2023-02-22,1095,139,85,59,33,54,26
2023-02-23,1095,103,80,97,38,23,59
2023-02-24,1095,136,81,96,47,55,49
2023-02-25,1095,134,82,83,30,52,53
2023-02-26,1095,141,59,88,28,82,60
2023-02-27,1095,127,70,51,39,57,12
2023-02-28,1095,112,56,53,41,56,12
2023-03-01,1095,117,89,70,39,28,31
2023-03-02,1095,100,77,50,41,23,9
2023-03-03,1095,102,83,81,42,19,39
2023-03-04,1095,100,85,70,37,15,33
2023-03-05,1095,133,78,97,41,55,56
2023-03-06,1095,120,63,50,39,57,11
2023-03-07,1095,127,78,87,38,49,49
2023-03-08,1095,105,101,87,31,4,56
2023-03-09,1095,108,79,78,45,29,33
2023-03-10,1095,135,69,69,40,66,29
2023-03-11,1095,148,83,66,42,65,24
2023-03-12,1095,107,69,66,30,38,36
2023-03-13,1095,129,79,82,46,50,36
2023-03-14,1095,137,87,56,40,50,16
2023-03-15,1095,129,70,53,41,59,12
2023-03-16,1095,106,87,100,43,19,57
2023-03-17,1095,133,63,87,33,70,54
2023-03-18,1095,143,104,67,38,39,29
2023-03-19,1095,112,93,96,36,19,60
2023-03-20,1095,111,81,94,40,30,54
2023-03-21,1095,139,73,82,33,66,49
2023-03-22,1095,146,105,90,59,41,31
2023-03-23,1095,138,81,99,44,57,55
2023-03-24,1095,125,94,69,52,31,17
2023-03-25,1095,138,85,81,44,53,37
2023-03-26,1095,121,83,53,43,38,10
2023-03-27,1095,126,91,55,42,35,13
2023-03-28,1095,101,61,51,45,40,6
2023-03-29,1095,130,81,92,39,49,53
2023-03-30,1095,113,84,75,37,29,38
2023-03-31,1095,114,69,92,47,45,45
2023-04-01,1095,123,94,52,48,29,4
2023-04-02,1095,120,97,69,43,23,26
2023-04-03,1095,104,78,78,42,26,36
2023-04-04,1095,108,87,95,42,21,53
2023-04-05,1095,115,93,77,44,22,33
2023-04-06,1095,138,62,71,30,76,41
2023-04-07,1095,124,69,65,39,55,26
2023-04-08,1095,124,82,79,36,42,43
2023-04-09,1095,131,75,53,33,56,20
2023-04-10,1095,100,52,90,43,48,47
2023-04-11,1095,105,93,77,41,12,36
2023-04-12,1095,148,75,66,29,73,37
2023-04-13,1095,131,63,84,28,68,56
2023-04-14,1095,143,82,69,47,61,22
2023-04-15,1095,123,90,70,43,33,27
2023-04-16,1095,123,86,50,38,37,12
2023-04-17,1095,143,66,66,33,77,33
2023-04-18,1095,142,82,88,25,60,63
2023-04-19,1095,119,81,98,41,38,57
2023-04-20,1095,120,95,82,34,25,48
2023-04-21,1095,146,89,73,44,57,29
2023-04-22,1095,102,88,90,41,14,49
2023-04-23,1095,129,83,67,40,46,27
2023-04-24,1095,105,87,99,38,18,61
2023-04-25,1095,124,76,71,39,48,32
2023-04-26,1095,148,83,80,34,65,46
2023-04-27,1095,139,98,71,42,41,29
2023-04-28,1095,101,90,62,28,11,34
2023-04-29,1095,128,71,73,42,57,31
2023-04-30,1095,141,83,98,45,58,53
2023-05-01,1095,120,80,50,35,40,15
2023-05-02,1095,145,77,86,47,68,39
2023-05-03,1095,117,65,74,41,52,33
2023-05-04,1095,141,78,84,46,63,38
2023-05-05,1095,121,81,88,42,40,46
2023-05-06,1095,122,86,91,51,36,40
2023-05-07,1095,124,83,52,38,41,14
2023-05-08,1095,130,88,55,47,42,8
2023-05-09,1095,105,73,72,36,32,36
2023-05-10,1095,139,70,91,44,69,47
2023-05-11,1095,106,74,85,49,32,36
2023-05-12,1095,119,76,65,43,43,22
2023-05-13,1095,131,87,73,33,44,40
2023-05-14,1095,116,70,59,42,46,17
2023-05-15,1095,130,95,63,49,35,14
2023-05-16,1095,149,87,54,44,62,10
2023-05-17,1095,111,85,72,37,26,35
2023-05-18,1095,119,78,83,29,41,54
2023-05-19,1095,143,83,85,46,60,39
2023-05-20,1095,129,69,51,44,60,7
2023-05-21,1095,133,63,57,46,70,11
2023-05-22,1095,149,85,93,40,64,53
2023-05-23,1095,100,69,52,42,31,10
2023-05-24,1095,105,86,70,40,19,30
2023-05-25,1095,127,67,88,45,60,43
2023-05-26,1095,130,59,73,39,71,34
2023-05-27,1095,148,80,87,39,68,48
2023-05-28,1095,124,77,65,35,47,30
2023-05-29,1095,133,89,55,31,44,24
2023-05-30,1095,112,93,92,45,19,47
2023-05-31,1095,126,80,55,37,46,18
2023-06-01,1095,117,62,99,36,55,63
2023-06-02,1095,123,46,73,38,77,35
2023-06-03,1095,134,84,92,39,50,53
2023-06-04,1095,115,66,69,46,49,23
2023-06-05,1095,124,80,71,35,44,36
2023-06-06,1095,113,72,76,38,41,38
2023-06-07,1095,121,66,78,41,55,37
2023-06-08,1095,121,75,60,40,46,20
2023-06-09,1095,150,97,72,41,53,31
2023-06-10,1095,150,80,84,49,70,35
2023-06-11,1095,122,64,96,23,58,73
2023-06-12,1095,118,91,62,42,27,20
2023-06-13,1095,138,79,92,45,59,47
2023-06-14,1095,101,79,52,34,22,18
2023-06-15,1095,130,80,73,39,50,34
2023-06-16,1095,130,79,96,49,51,47
2023-06-17,1095,124,71,60,32,53,28
2023-06-18,1095,108,78,66,38,30,28
2023-06-19,1095,102,83,83,46,19,37
2023-06-20,1095,147,75,64,37,72,27
2023-06-21,1095,130,81,96,34,49,62
2023-06-22,1095,135,83,67,32,52,35
2023-06-23,1095,150,68,53,40,82,13
2023-06-24,1095,147,99,73,48,48,25
2023-06-25,1095,142,89,76,44,53,32
2023-06-26,1095,128,86,69,48,42,21
2023-06-27,1095,122,76,50,53,46,-3
2023-06-28,1095,147,75,93,42,72,51
2023-06-29,1095,100,73,60,48,27,12
2023-06-30,1095,103,64,85,47,39,38
2023-07-01,1095,103,77,71,50,26,21
2023-07-02,1095,129,63,66,34,66,32
2023-07-03,1095,141,68,86,39,73,47
2023-07-04,1095,129,78,100,28,51,72
2023-07-05,1095,104,78,92,44,26,48
2023-07-06,1095,128,117,73,33,11,40
2023-07-07,1095,123,81,98,38,42,60
2023-07-08,1095,136,80,97,41,56,56
2023-07-09,1095,119,81,62,34,38,28
2023-07-10,1095,128,83,76,43,45,33
2023-07-11,1095,104,82,85,44,22,41
2023-07-12,1095,128,86,81,34,42,47
2023-07-13,1095,145,76,51,43,69,8
2023-07-14,1095,114,76,78,46,38,32
2023-07-15,1095,133,75,70,34,58,36
2023-07-16,1095,137,78,54,44,59,10
2023-07-17,1095,126,69,91,53,57,38
2023-07-18,1095,132,76,84,33,56,51
2023-07-19,1095,131,82,73,23,49,50
2023-07-20,1095,110,75,56,32,35,24
2023-07-21,1095,117,82,75,29,35,46
2023-07-22,1095,126,84,71,39,42,32
2023-07-23,1095,138,66,71,34,72,37
2023-07-24,1095,118,69,90,38,49,52
2023-07-25,1095,135,72,58,36,63,22
2023-07-26,1095,129,76,58,34,53,24
2023-07-27,1095,138,65,88,38,73,50
2023-07-28,1095,126,75,67,43,51,24
2023-07-29,1095,141,90,87,44,51,43
2023-07-30,1095,116,79,95,39,37,56
2023-07-31,1095,139,71,61,40,68,21
2023-08-01,1095,114,82,69,44,32,25
2023-08-02,1095,150,80,84,59,70,25
2023-08-03,1095,118,85,96,38,33,58
2023-08-04,1095,150,82,50,27,68,23
2023-08-05,1095,100,76,65,44,24,21
2023-08-06,1095,130,71,61,34,59,27
2023-08-07,1095,142,83,61,47,59,14
2023-08-08,1095,105,72,98,42,33,56
2023-08-09,1095,137,80,88,40,57,48
2023-08-10,1095,125,80,77,40,45,37
2023-08-11,1095,140,97,94,43,43,51
2023-08-12,1095,123,74,98,39,49,59
2023-08-13,1095,133,72,87,50,61,37
2023-08-14,1095,148,84,59,40,64,19
2023-08-15,1095,110,77,95,37,33,58
2023-08-16,1095,149,70,100,33,79,67
2023-08-17,1095,130,85,98,36,45,62
2023-08-18,1095,147,79,64,44,68,20
2023-08-19,1095,116,77,99,30,39,69
2023-08-20,1095,121,77,70,38,44,32
2023-08-21,1095,117,85,95,36,32,59
2023-08-22,1095,100,73,66,37,27,29
2023-08-23,1095,125,90,86,37,35,49
2023-08-24,1095,132,74,89,43,58,46
2023-08-25,1095,122,82,57,28,40,29
2023-08-26,1095,108,73,92,38,35,54
2023-08-27,1095,150,85,62,39,65,23
2023-08-28,1095,110,80,73,50,30,23
2023-08-29,1095,146,87,91,38,59,53
2023-08-30,1095,121,77,100,45,44,55
2023-08-31,1095,129,77,79,33,52,46
2023-09-01,1095,136,90,77,34,46,43
2023-09-02,1095,105,77,56,37,28,19
2023-09-03,1095,124,70,65,41,54,24
2023-09-04,1095,106,98,51,38,8,13
2023-09-05,1095,121,69,54,52,52,2
2023-09-06,1095,148,79,88,53,69,35
2023-09-07,1095,122,85,68,46,37,22
2023-09-08,1095,114,76,99,48,38,51
2023-09-09,1095,124,77,99,41,47,58
2023-09-10,1095,106,79,99,42,27,57
2023-09-11,1095,119,66,67,35,53,32
2023-09-12,1095,130,88,98,46,42,52
2023-09-13,1095,145,79,76,33,66,43
2023-09-14,1095,141,79,95,37,62,58
2023-09-15,1095,138,89,55,43,49,12
2023-09-16,1095,125,89,95,49,36,46
2023-09-17,1095,139,68,76,46,71,30
2023-09-18,1095,107,88,68,51,19,17
2023-09-19,1095,131,68,63,48,63,15
2023-09-20,1095,116,86,79,35,30,44
2023-09-21,1095,118,94,98,36,24,62
2023-09-22,1095,102,81,86,37,21,49
2023-09-23,1095,113,103,90,37,10,53
2023-09-24,1095,110,71,61,37,39,24
2023-09-25,1095,125,74,91,41,51,50
2023-09-26,1095,103,87,74,38,16,36
2023-09-27,1095,118,88,85,33,30,52
2023-09-28,1095,103,78,73,46,25,27
2023-09-29,1095,134,75,51,43,59,8
2023-09-30,1095,120,92,58,39,28,19
2023-10-01,1095,149,77,67,42,72,25
2023-10-02,1095,119,75,81,38,44,43
2023-10-03,1095,105,87,52,31,18,21
2023-10-04,1095,116,67,98,31,49,67
2023-10-05,1095,142,96,64,38,46,26
2023-10-06,1095,142,81,99,33,61,66
2023-10-07,1095,137,66,99,45,71,54
2023-10-08,1095,148,70,91,45,78,46
2023-10-09,1095,145,72,92,51,73,41
2023-10-10,1095,123,95,92,34,28,58
2023-10-11,1095,140,87,66,45,53,21
2023-10-12,1095,124,94,95,34,30,61
2023-10-13,1095,140,77,65,43,63,22
2023-10-14,1095,104,87,67,38,17,29
2023-10-15,1095,100,80,76,43,20,33
2023-10-16,1095,149,64,87,45,85,42
2023-10-17,1095,150,77,66,45,73,21
2023-10-18,1095,126,77,71,37,49,34
2023-10-19,1095,135,66,88,40,69,48
2023-10-20,1095,145,76,84,47,69,37
2023-10-21,1095,142,67,56,47,75,9
2023-10-22,1095,110,75,64,32,35,32
2023-10-23,1095,102,74,64,32,28,32
2023-10-24,1095,106,68,66,47,38,19
2023-10-25,1095,125,83,95,45,42,50
2023-10-26,1095,124,72,77,34,52,43
2023-10-27,1095,116,77,57,32,39,25
2023-10-28,1095,125,91,74,33,34,41
2023-10-29,1095,115,87,65,37,28,28
2023-10-30,1095,126,99,54,39,27,15
2023-10-31,1095,142,76,100,46,66,54
2023-11-01,1095,135,71,96,38,64,58
2023-11-02,1095,129,79,80,41,50,39
2023-11-03,1095,106,81,100,36,25,64
2023-11-04,1095,119,80,65,34,39,31
2023-11-05,1095,134,77,52,35,57,17
2023-11-06,1095,135,68,95,55,67,40
2023-11-07,1095,135,58,64,39,77,25
2023-11-08,1095,120,78,96,43,42,53
2023-11-09,1095,142,77,63,41,65,22
2023-11-10,1095,128,81,74,28,47,46
2023-11-11,1095,142,78,91,40,64,51
2023-11-12,1095,109,83,71,30,26,41
2023-11-13,1095,122,79,53,42,43,11
2023-11-14,1095,115,90,72,42,25,30
2023-11-15,1095,139,61,95,38,78,57
2023-11-16,1095,134,68,69,33,66,36
2023-11-17,1095,128,90,87,42,38,45
2023-11-18,1095,135,70,72,47,65,25
2023-11-19,1095,124,91,99,29,33,70
2023-11-20,1095,125,89,76,38,36,38
2023-11-21,1095,131,98,64,44,33,20
2023-11-22,1095,143,77,78,38,66,40
2023-11-23,1095,106,95,61,48,11,13
2023-11-24,1095,136,66,68,38,70,30
2023-11-25,1095,111,67,94,38,44,56
2023-11-26,1095,106,74,95,31,32,64
2023-11-27,1095,131,80,92,38,51,54
2023-11-28,1095,100,77,67,48,23,19
2023-11-29,1095,141,73,81,46,68,35
2023-11-30,1095,132,91,89,37,41,52
2023-12-01,1095,137,66,93,43,71,50
2023-12-02,1095,104,79,71,36,25,35
2023-12-03,1095,132,90,62,50,42,12
2023-12-04,1095,135,93,71,34,42,37
2023-12-05,1095,104,82,56,40,22,16
2023-12-06,1095,111,63,92,45,48,47
2023-12-07,1095,114,93,86,46,21,40
2023-12-08,1095,122,74,93,37,48,56
2023-12-09,1095,119,74,77,55,45,22
2023-12-10,1095,148,71,52,39,77,13
2023-12-11,1095,147,85,61,49,62,12
2023-12-12,1095,131,96,87,37,35,50
2023-12-13,1095,129,80,66,47,49,19
2023-12-14,1095,104,75,67,33,29,34
2023-12-15,1095,130,75,94,36,55,58
2023-12-16,1095,113,86,72,42,27,30
2023-12-17,1095,104,79,70,42,25,28
2023-12-18,1095,117,64,90,47,53,43
2023-12-19,1095,109,85,96,42,24,54
2023-12-20,1095,132,73,80,36,59,44
2023-12-21,1095,147,67,62,48,80,14
2023-12-22,1095,115,73,90,40,42,50
2023-12-23,1095,126,88,95,50,38,45
2023-12-24,1095,148,85,85,48,63,37
2023-12-25,1095,132,74,86,45,58,41
2023-12-26,1095,102,74,92,42,28,50
2023-12-27,1095,110,78,97,36,32,61
2023-12-28,1095,100,76,78,38,24,40
2023-12-29,1095,145,73,64,49,72,15
2023-12-30,1095,150,78,65,43,72,22
2023-12-31,1095,132,93,86,29,39,57
2023-01-01,1096,117,96,62,48,21,14
2023-01-02,1096,135,70,87,37,65,50
2023-01-03,1096,123,79,91,40,44,51
2023-01-04,1096,144,74,58,43,70,15
2023-01-05,1096,109,76,74,40,33,34
2023-01-06,1096,145,88,83,52,57,31
2023-01-07,1096,112,101,83,36,11,47
2023-01-08,1096,108,69,99,41,39,58
2023-01-09,1096,103,89,63,42,14,21
2023-01-10,1096,106,66,95,38,40,57
2023-01-11,1096,150,70,62,42,80,20
2023-01-12,1096,150,65,52,38,85,14
2023-01-13,1096,118,75,91,40,43,51
2023-01-14,1096,116,79,70,27,37,43
2023-01-15,1096,116,76,56,44,40,12
2023-01-16,1096,131,82,72,38,49,34
2023-01-17,1096,125,75,91,33,50,58
2023-01-18,1096,118,74,66,31,44,35
2023-01-19,1096,121,66,87,37,55,50
2023-01-20,1096,123,86,61,45,37,16
2023-01-21,1096,103,61,77,38,42,39
2023-01-22,1096,149,82,69,42,67,27
2023-01-23,1096,142,75,66,39,67,27
2023-01-24,1096,135,95,85,34,40,51
2023-01-25,1096,107,78,84,42,29,42
2023-01-26,1096,123,82,92,45,41,47
2023-01-27,1096,127,73,62,33,54,29
2023-01-28,1096,138,88,69,42,50,27
2023-01-29,1096,106,98,67,41,8,26
2023-01-30,1096,108,85,57,30,23,27
2023-01-31,1096,120,71,85,42,49,43
2023-02-01,1096,125,68,55,36,57,19
2023-02-02,1096,142,71,60,38,71,22
2023-02-03,1096,104,73,61,36,31,25
2023-02-04,1096,133,93,65,43,40,22
2023-02-05,1096,136,79,68,44,57,24
2023-02-06,1096,108,89,73,49,19,24
2023-02-07,1096,138,80,84,44,58,40
2023-02-08,1096,146,77,100,41,69,59
2023-02-09,1096,110,88,51,32,22,19
2023-02-10,1096,115,81,55,45,34,10
2023-02-11,1096,100,75,86,38,25,48
2023-02-12,1096,146,77,86,38,69,48
2023-02-13,1096,121,76,50,39,45,11
2023-02-14,1096,105,72,82,35,33,47
2023-02-15,1096,146,86,59,35,60,24
2023-02-16,1096,137,71,93,33,66,60
2023-02-17,1096,133,82,88,42,51,46
2023-02-18,1096,131,66,89,50,65,39
2023-02-19,1096,150,79,79,44,71,35
2023-02-20,1096,124,70,70,37,54,33
2023-02-21,1096,108,82,64,43,26,21
2023-02-22,1096,133,93,63,38,40,25
2023-02-23,1096,144,80,63,39,64,24
2023-02-24,1096,150,75,75,43,75,32
2023-02-25,1096,124,84,89,48,40,41
2023-02-26,1096,123,84,65,51,39,14
2023-02-27,1096,149,66,50,37,83,13
2023-02-28,1096,116,90,71,42,26,29
2023-03-01,1096,118,86,88,47,32,41
2023-03-02,1096,123,81,79,38,42,41
2023-03-03,1096,107,75,74,44,32,30
2023-03-04,1096,109,82,93,52,27,41
2023-03-05,1096,118,83,84,45,35,39
2023-03-06,1096,101,66,51,41,35,10
2023-03-07,1096,117,69,65,38,48,27
2023-03-08,1096,133,86,76,39,47,37
2023-03-09,1096,103,79,56,44,24,12
2023-03-10,1096,104,57,75,37,47,38
2023-03-11,1096,143,84,78,36,59,42
2023-03-12,1096,122,73,72,37,49,35
2023-03-13,1096,118,81,54,38,37,16
2023-03-14,1096,123,87,61,45,36,16
2023-03-15,1096,105,77,83,41,28,42
2023-03-16,1096,114,83,73,41,31,32
2023-03-17,1096,117,73,76,48,44,28
2023-03-18,1096,115,86,53,35,29,18
2023-03-19,1096,120,62,75,43,58,32
2023-03-20,1096,103,87,94,44,16,50
2023-03-21,1096,119,87,82,43,32,39
2023-03-22,1096,103,72,88,55,31,33
2023-03-23,1096,117,77,93,39,40,54
2023-03-24,1096,139,98,65,42,41,23
2023-03-25,1096,126,65,77,38,61,39
2023-03-26,1096,126,89,95,40,37,55
2023-03-27,1096,142,80,83,30,62,53
2023-03-28,1096,107,77,71,34,30,37
2023-03-29,1096,122,90,50,43,32,7
2023-03-30,1096,116,79,76,34,37,42
2023-03-31,1096,124,85,62,26,39,36
2023-04-01,1096,141,83,78,45,58,33
2023-04-02,1096,108,85,57,43,23,14
2023-04-03,1096,120,78,67,49,42,18
2023-04-04,1096,127,94,85,46,33,39
2023-04-05,1096,148,70,70,49,78,21
2023-04-06,1096,109,84,57,38,25,19
2023-04-07,1096,115,73,92,28,42,64
2023-04-08,1096,103,78,55,32,25,23
2023-04-09,1096,111,82,70,43,29,27
2023-04-10,1096,126,71,73,38,55,35
2023-04-11,1096,108,80,76,45,28,31
2023-04-12,1096,118,89,96,42,29,54
2023-04-13,1096,134,76,55,39,58,16
2023-04-14,1096,118,68,90,52,50,38
2023-04-15,1096,105,80,70,33,25,37
2023-04-16,1096,124,75,91,38,49,53
2023-04-17,1096,141,79,91,29,62,62
2023-04-18,1096,114,69,83,36,45,47
2023-04-19,1096,149,78,65,27,71,38
2023-04-20,1096,143,78,68,41,65,27
2023-04-21,1096,137,86,81,50,51,31
2023-04-22,1096,103,88,91,42,15,49
2023-04-23,1096,101,74,87,43,27,44
2023-04-24,1096,141,77,78,43,64,35
2023-04-25,1096,104,63,58,37,41,21
2023-04-26,1096,110,77,84,40,33,44
2023-04-27,1096,102,91,58,36,11,22
2023-04-28,1096,115,82,98,41,33,57
2023-04-29,1096,118,77,60,45,41,15
2023-04-30,1096,130,72,82,36,58,46
2023-05-01,1096,134,81,99,33,53,66
2023-05-02,1096,140,67,99,49,73,50
2023-05-03,1096,123,67,63,37,56,26
2023-05-04,1096,133,81,77,34,52,43
2023-05-05,1096,114,98,52,43,16,9
2023-05-06,1096,107,82,84,34,25,50
2023-05-07,1096,117,75,50,45,42,5
2023-05-08,1096,124,90,94,38,34,56
2023-05-09,1096,112,76,65,43,36,22
2023-05-10,1096,106,85,68,37,21,31
2023-05-11,1096,149,81,69,43,68,26
2023-05-12,1096,136,78,59,49,58,10
2023-05-13,1096,137,86,65,55,51,10
2023-05-14,1096,139,69,90,53,70,37
2023-05-15,1096,135,69,99,48,66,51
2023-05-16,1096,128,79,56,39,49,17
2023-05-17,1096,148,84,76,42,64,34
2023-05-18,1096,122,79,57,45,43,12
2023-05-19,1096,116,85,51,39,31,12
2023-05-20,1096,132,72,79,38,60,41
2023-05-21,1096,146,90,92,45,56,47
2023-05-22,1096,102,83,97,44,19,53
2023-05-23,1096,124,79,75,36,45,39
2023-05-24,1096,134,79,65,46,55,19
2023-05-25,1096,146,85,73,37,61,36
2023-05-26,1096,128,92,81,45,36,36
2023-05-27,1096,115,80,87,42,35,45
2023-05-28,1096,122,85,58,45,37,13
2023-05-29,1096,142,75,68,46,67,22
2023-05-30,1096,130,77,96,44,53,52
2023-05-31,1096,109,81,58,47,28,11
2023-06-01,1096,141,78,76,32,63,44
2023-06-02,1096,113,80,58,49,33,9
2023-06-03,1096,150,71,53,34,79,19
2023-06-04,1096,150,72,50,37,78,13
2023-06-05,1096,114,91,79,47,23,32
2023-06-06,1096,118,83,95,27,35,68
2023-06-07,1096,139,81,53,36,58,17
2023-06-08,1096,150,86,97,43,64,54
2023-06-09,1096,102,87,68,43,15,25
2023-06-10,1096,145,83,97,43,62,54
2023-06-11,1096,136,80,87,39,56,48
2023-06-12,1096,116,64,72,53,52,19
2023-06-13,1096,117,88,74,38,29,36
2023-06-14,1096,115,84,68,43,31,25
2023-06-15,1096,115,72,99,44,43,55
2023-06-16,1096,148,85,67,49,63,18
2023-06-17,1096,147,65,69,42,82,27
2023-06-18,1096,148,68,60,42,80,18
2023-06-19,1096,110,71,63,45,39,18
2023-06-20,1096,121,78,61,43,43,18
2023-06-21,1096,103,80,57,43,23,14
2023-06-22,1096,113,64,83,30,49,53
2023-06-23,1096,107,82,83,44,25,39
2023-06-24,1096,116,63,53,27,53,26
2023-06-25,1096,131,71,83,41,60,42
2023-06-26,1096,141,97,73,40,44,33
2023-06-27,1096,120,84,54,56,36,-2
2023-06-28,1096,128,63,58,47,65,11
2023-06-29,1096,102,87,87,32,15,55
2023-06-30,1096,105,80,97,31,25,66
2023-07-01,1096,127,75,85,35,52,50
2023-07-02,1096,142,79,99,44,63,55
2023-07-03,1096,142,72,90,33,70,57
2023-07-04,1096,117,72,51,41,45,10
2023-07-05,1096,132,88,92,36,44,56
2023-07-06,1096,121,79,52,39,42,13
2023-07-07,1096,105,65,90,31,40,59
2023-07-08,1096,101,84,96,33,17,63
2023-07-09,1096,106,77,100,50,29,50
2023-07-10,1096,123,85,91,39,38,52
2023-07-11,1096,114,78,83,42,36,41
2023-07-12,1096,129,80,93,54,49,39
2023-07-13,1096,132,86,86,42,46,44
2023-07-14,1096,140,82,51,37,58,14
2023-07-15,1096,149,75,53,22,74,31
2023-07-16,1096,137,88,60,35,49,25
2023-07-17,1096,113,67,79,33,46,46
2023-07-18,1096,101,82,79,41,19,38
2023-07-19,1096,139,86,92,49,53,43
2023-07-20,1096,140,76,62,38,64,24
2023-07-21,1096,111,87,74,39,24,35
2023-07-22,1096,113,63,78,39,50,39
2023-07-23,1096,139,104,82,39,35,43
2023-07-24,1096,113,90,82,34,23,48
2023-07-25,1096,116,64,57,57,52,0
2023-07-26,1096,117,80,81,52,37,29
2023-07-27,1096,120,94,53,42,26,11
2023-07-28,1096,133,79,83,41,54,42
2023-07-29,1096,126,72,85,35,54,50
2023-07-30,1096,108,81,50,41,27,9
2023-07-31,1096,145,73,84,34,72,50
2023-08-01,1096,121,66,87,50,55,37
2023-08-02,1096,100,84,83,41,16,42
2023-08-03,1096,118,89,97,45,29,52
2023-08-04,1096,106,88,57,43,18,14
2023-08-05,1096,135,90,87,36,45,51
2023-08-06,1096,104,62,57,36,42,21
2023-08-07,1096,122,77,100,41,45,59
2023-08-08,1096,113,97,73,41,16,32
2023-08-09,1096,138,80,100,35,58,65
2023-08-10,1096,120,87,92,37,33,55
2023-08-11,1096,139,72,76,31,67,45
2023-08-12,1096,116,79,56,42,37,14
2023-08-13,1096,126,99,74,45,27,29
2023-08-14,1096,140,92,88,38,48,50
2023-08-15,1096,145,76,81,49,69,32
2023-08-16,1096,122,83,82,35,39,47
2023-08-17,1096,128,96,84,38,32,46
2023-08-18,1096,150,90,91,41,60,50
2023-08-19,1096,116,76,89,43,40,46
2023-08-20,1096,109,78,69,40,31,29
2023-08-21,1096,107,78,71,50,29,21
2023-08-22,1096,120,73,78,46,47,32
2023-08-23,1096,149,77,62,38,72,24
2023-08-24,1096,105,91,57,35,14,22
2023-08-25,1096,144,84,70,32,60,38
2023-08-26,1096,143,59,85,30,84,55
2023-08-27,1096,135,94,88,52,41,36
2023-08-28,1096,114,76,97,39,38,58
2023-08-29,1096,127,90,61,43,37,18
2023-08-30,1096,107,86,95,46,21,49
2023-08-31,1096,104,69,97,38,35,59
2023-09-01,1096,128,87,93,35,41,58
2023-09-02,1096,137,88,90,34,49,56
2023-09-03,1096,140,73,66,34,67,32
2023-09-04,1096,138,79,80,32,59,48
2023-09-05,1096,126,84,74,38,42,36
2023-09-06,1096,111,68,55,31,43,24
2023-09-07,1096,142,71,77,43,71,34
2023-09-08,1096,147,87,74,45,60,29
2023-09-09,1096,141,71,100,40,70,60
2023-09-10,1096,133,82,80,51,51,29
2023-09-11,1096,128,74,90,39,54,51
2023-09-12,1096,102,96,89,45,6,44
2023-09-13,1096,145,85,67,40,60,27
2023-09-14,1096,123,73,100,41,50,59
2023-09-15,1096,123,74,82,44,49,38
2023-09-16,1096,140,85,70,43,55,27
2023-09-17,1096,123,74,51,43,49,8
2023-09-18,1096,130,76,54,40,54,14
2023-09-19,1096,117,100,53,39,17,14
2023-09-20,1096,106,77,57,56,29,1
2023-09-21,1096,147,75,79,29,72,50
2023-09-22,1096,101,66,62,36,35,26
2023-09-23,1096,131,94,98,38,37,60
2023-09-24,1096,131,86,80,46,45,34
2023-09-25,1096,111,77,58,42,34,16
2023-09-26,1096,128,61,88,45,67,43
2023-09-27,1096,125,82,76,44,43,32
2023-09-28,1096,117,71,57,39,46,18
2023-09-29,1096,125,77,66,35,48,31
2023-09-30,1096,131,94,68,37,37,31
2023-10-01,1096,131,69,98,47,62,51
2023-10-02,1096,142,89,51,39,53,12
2023-10-03,1096,125,77,83,33,48,50
2023-10-04,1096,114,62,73,38,52,35
2023-10-05,1096,140,87,50,36,53,14
2023-10-06,1096,116,81,73,47,35,26
2023-10-07,1096,139,58,73,46,81,27
2023-10-08,1096,132,102,91,46,30,45
2023-10-09,1096,126,76,63,42,50,21
2023-10-10,1096,137,87,69,46,50,23
2023-10-11,1096,124,84,57,42,40,15
2023-10-12,1096,139,81,80,43,58,37
2023-10-13,1096,121,76,57,38,45,19
2023-10-14,1096,140,62,53,39,78,14
2023-10-15,1096,129,91,58,44,38,14
2023-10-16,1096,150,88,85,37,62,48
2023-10-17,1096,121,73,70,45,48,25
2023-10-18,1096,117,80,72,40,37,32
2023-10-19,1096,133,90,89,37,43,52
2023-10-20,1096,144,80,68,33,64,35
2023-10-21,1096,141,74,83,37,67,46
2023-10-22,1096,139,78,66,34,61,32
2023-10-23,1096,118,90,84,33,28,51
2023-10-24,1096,148,65,76,47,83,29
2023-10-25,1096,144,77,56,39,67,17
2023-10-26,1096,111,76,70,38,35,32
2023-10-27,1096,132,78,80,38,54,42
2023-10-28,1096,146,84,98,44,62,54
2023-10-29,1096,102,85,52,49,17,3
2023-10-30,1096,123,83,73,36,40,37
2023-10-31,1096,144,85,96,43,59,53
2023-11-01,1096,100,75,59,45,25,14
2023-11-02,1096,105,77,85,47,28,38
2023-11-03,1096,149,67,96,40,82,56
2023-11-04,1096,108,68,86,47,40,39
2023-11-05,1096,134,91,76,41,43,35
2023-11-06,1096,107,84,59,36,23,23
2023-11-07,1096,113,89,74,41,24,33
2023-11-08,1096,103,74,61,32,29,29
2023-11-09,1096,145,84,71,51,61,20
2023-11-10,1096,119,79,92,45,40,47
2023-11-11,1096,117,82,53,42,35,11
2023-11-12,1096,150,68,52,38,82,14
2023-11-13,1096,117,78,67,50,39,17
2023-11-14,1096,139,83,73,52,56,21
2023-11-15,1096,142,81,95,44,61,51
2023-11-16,1096,103,84,88,42,19,46
2023-11-17,1096,145,76,57,39,69,18
2023-11-18,1096,127,95,53,42,32,11
2023-11-19,1096,132,79,57,33,53,24
2023-11-20,1096,104,99,83,45,5,38
2023-11-21,1096,130,97,59,50,33,9
2023-11-22,1096,136,79,90,41,57,49
2023-11-23,1096,140,73,80,44,67,36
2023-11-24,1096,123,86,90,36,37,54
2023-11-25,1096,123,73,71,33,50,38
2023-11-26,1096,124,96,76,46,28,30
2023-11-27,1096,108,85,90,46,23,44
2023-11-28,1096,119,85,61,48,34,13
2023-11-29,1096,128,82,89,33,46,56
2023-11-30,1096,118,81,58,34,37,24
2023-12-01,1096,111,66,74,33,45,41
2023-12-02,1096,150,73,86,36,77,50
2023-12-03,1096,128,76,64,42,52,22
2023-12-04,1096,113,79,79,34,34,45
2023-12-05,1096,114,75,99,39,39,60
2023-12-06,1096,108,78,56,43,30,13
2023-12-07,1096,130,84,100,40,46,60
2023-12-08,1096,115,87,98,33,28,65
2023-12-09,1096,102,86,70,35,16,35
2023-12-10,1096,131,80,64,52,51,12
2023-12-11,1096,144,76,90,39,68,51
2023-12-12,1096,126,90,91,40,36,51
2023-12-13,1096,119,75,82,46,44,36
2023-12-14,1096,144,74,77,49,70,28
2023-12-15,1096,100,77,72,44,23,28
2023-12-16,1096,140,79,59,36,61,23
2023-12-17,1096,117,72,70,44,45,26
2023-12-18,1096,149,82,99,45,67,54
2023-12-19,1096,150,72,79,39,78,40
2023-12-20,1096,145,84,85,39,61,46
2023-12-21,1096,134,83,56,49,51,7
2023-12-22,1096,141,84,100,49,57,51
2023-12-23,1096,134,84,91,21,50,70
2023-12-24,1096,147,92,67,48,55,19
2023-12-25,1096,125,100,93,29,25,64
2023-12-26,1096,132,79,97,34,53,63
2023-12-27,1096,124,73,98,44,51,54
2023-12-28,1096,132,74,57,47,58,10
2023-12-29,1096,149,72,65,33,77,32
2023-12-30,1096,135,84,95,41,51,54
2023-12-31,1096,117,89,82,36,28,46
2023-01-01,1097,123,73,97,32,50,65
2023-01-02,1097,139,73,99,45,66,54
2023-01-03,1097,138,76,69,40,62,29
2023-01-04,1097,148,93,79,46,55,33
2023-01-05,1097,147,81,90,42,66,48
2023-01-06,1097,108,76,62,48,32,14
2023-01-07,1097,113,73,94,48,40,46
2023-01-08,1097,109,82,96,32,27,64
2023-01-09,1097,119,85,81,37,34,44
2023-01-10,1097,114,78,81,40,36,41
2023-01-11,1097,137,77,80,40,60,40
2023-01-12,1097,136,75,70,43,61,27
2023-01-13,1097,120,81,77,27,39,50
2023-01-14,1097,139,87,52,39,52,13
2023-01-15,1097,140,84,71,38,56,33
2023-01-16,1097,136,86,61,42,50,19
2023-01-17,1097,136,69,65,41,67,24
2023-01-18,1097,132,85,53,58,47,-5
2023-01-19,1097,150,84,60,45,66,15
2023-01-20,1097,112,84,84,37,28,47
2023-01-21,1097,109,62,62,30,47,32
2023-01-22,1097,114,77,52,32,37,20
2023-01-23,1097,103,69,67,40,34,27
2023-01-24,1097,106,85,65,44,21,21
2023-01-25,1097,110,88,89,45,22,44
2023-01-26,1097,133,86,56,36,47,20
2023-01-27,1097,150,77,69,36,73,33
2023-01-28,1097,144,87,96,31,57,65
2023-01-29,1097,138,87,60,42,51,18
2023-01-30,1097,115,95,57,46,20,11
2023-01-31,1097,113,82,52,50,31,2
2023-02-01,1097,139,73,82,40,66,42
2023-02-02,1097,137,81,52,38,56,14
2023-02-03,1097,135,71,97,32,64,65
2023-02-04,1097,127,77,85,44,50,41
2023-02-05,1097,122,72,81,44,50,37
2023-02-06,1097,122,76,73,38,46,35
2023-02-07,1097,147,86,54,33,61,21
2023-02-08,1097,143,83,59,39,60,20
2023-02-09,1097,118,82,56,35,36,21
2023-02-10,1097,150,80,98,34,70,64
2023-02-11,1097,136,89,87,38,47,49
2023-02-12,1097,103,84,78,43,19,35
2023-02-13,1097,143,80,64,39,63,25
2023-02-14,1097,101,81,70,46,20,24
2023-02-15,1097,125,77,76,30,48,46
2023-02-16,1097,110,76,68,32,34,36
2023-02-17,1097,134,78,95,37,56,58
2023-02-18,1097,123,68,53,37,55,16
2023-02-19,1097,144,81,54,41,63,13
2023-02-20,1097,102,93,70,38,9,32
2023-02-21,1097,150,82,50,34,68,16
2023-02-22,1097,125,64,77,28,61,49
2023-02-23,1097,132,84,78,41,48,37
2023-02-24,1097,113,84,58,40,29,18
2023-02-25,1097,106,82,99,41,24,58
2023-02-26,1097,101,82,81,32,19,49
2023-02-27,1097,112,91,78,44,21,34
2023-02-28,1097,145,72,72,38,73,34
2023-03-01,1097,149,77,83,40,72,43
2023-03-02,1097,107,70,97,33,37,64
2023-03-03,1097,140,84,52,32,56,20
2023-03-04,1097,146,80,88,40,66,48
2023-03-05,1097,118,80,69,31,38,38
2023-03-06,1097,106,83,68,33,23,35
2023-03-07,1097,150,73,92,42,77,50
2023-03-08,1097,111,74,79,45,37,34
2023-03-09,1097,149,92,60,31,57,29
2023-03-10,1097,125,70,70,51,55,19
2023-03-11,1097,107,98,63,38,9,25
2023-03-12,1097,132,68,62,39,64,23
2023-03-13,1097,146,69,88,51,77,37
2023-03-14,1097,128,70,76,49,58,27
2023-03-15,1097,112,75,62,42,37,20
2023-03-16,1097,110,85,85,47,25,38
2023-03-17,1097,111,85,79,32,26,47
2023-03-18,1097,123,88,65,39,35,26
2023-03-19,1097,136,92,59,43,44,16
2023-03-20,1097,137,79,53,28,58,25
2023-03-21,1097,132,98,61,35,34,26
2023-03-22,1097,133,75,56,35,58,21
2023-03-23,1097,100,82,97,47,18,50
2023-03-24,1097,116,89,84,38,27,46
2023-03-25,1097,100,98,76,48,2,28
2023-03-26,1097,102,84,100,42,18,58
2023-03-27,1097,101,79,98,39,22,59
2023-03-28,1097,150,76,64,43,74,21
2023-03-29,1097,119,83,86,46,36,40
2023-03-30,1097,148,78,69,40,70,29
2023-03-31,1097,119,72,58,32,47,26
2023-04-01,1097,135,79,50,42,56,8
2023-04-02,1097,120,76,83,49,44,34
2023-04-03,1097,103,84,79,39,19,40
2023-04-04,1097,118,92,92,44,26,48
2023-04-05,1097,148,84,95,40,64,55
2023-04-06,1097,125,86,76,42,39,34
2023-04-07,1097,124,79,94,46,45,48
2023-04-08,1097,123,81,96,30,42,66
2023-04-09,1097,135,72,85,34,63,51
2023-04-10,1097,104,79,90,40,25,50
2023-04-11,1097,100,80,68,32,20,36
2023-04-12,1097,125,102,100,30,23,70
2023-04-13,1097,103,84,87,36,19,51
2023-04-14,1097,121,73,65,39,48,26
2023-04-15,1097,104,72,63,39,32,24
2023-04-16,1097,120,86,96,32,34,64
2023-04-17,1097,138,83,56,35,55,21
2023-04-18,1097,135,75,77,32,60,45
2023-04-19,1097,122,84,80,32,38,48
2023-04-20,1097,113,76,65,40,37,25
2023-04-21,1097,138,88,50,40,50,10
2023-04-22,1097,112,93,86,37,19,49
2023-04-23,1097,119,84,52,43,35,9
2023-04-24,1097,106,104,53,50,2,3
2023-04-25,1097,109,58,73,35,51,38
2023-04-26,1097,102,88,85,45,14,40
2023-04-27,1097,134,71,89,46,63,43
2023-04-28,1097,143,91,54,40,52,14
2023-04-29,1097,104,86,83,39,18,44
2023-04-30,1097,121,91,58,35,30,23
2023-05-01,1097,103,78,81,36,25,45
2023-05-02,1097,125,90,76,34,35,42
2023-05-03,1097,119,79,79,48,40,31
2023-05-04,1097,140,82,51,28,58,23
2023-05-05,1097,150,81,58,40,69,18
2023-05-06,1097,123,76,85,38,47,47
2023-05-07,1097,130,92,57,35,38,22
2023-05-08,1097,139,79,53,39,60,14
2023-05-09,1097,127,85,97,36,42,61
2023-05-10,1097,109,85,72,47,24,25
2023-05-11,1097,105,102,51,47,3,4
2023-05-12,1097,135,88,90,53,47,37
2023-05-13,1097,136,82,63,37,54,26
2023-05-14,1097,141,72,74,41,69,33
2023-05-15,1097,127,89,84,39,38,45
2023-05-16,1097,150,84,58,41,66,17
2023-05-17,1097,145,76,83,39,69,44
2023-05-18,1097,130,85,83,36,45,47
2023-05-19,1097,147,90,66,46,57,20
2023-05-20,1097,108,85,52,35,23,17
2023-05-21,1097,124,80,98,38,44,60
2023-05-22,1097,105,84,54,30,21,24
2023-05-23,1097,150,78,54,33,72,21
2023-05-24,1097,141,81,69,44,60,25
2023-05-25,1097,119,88,98,21,31,77
2023-05-26,1097,111,63,94,38,48,56
2023-05-27,1097,102,71,76,41,31,35
2023-05-28,1097,107,62,70,30,45,40
2023-05-29,1097,100,66,75,42,34,33
2023-05-30,1097,122,78,78,44,44,34
2023-05-31,1097,107,84,62,29,23,33
2023-06-01,1097,139,83,50,51,56,-1
2023-06-02,1097,135,76,74,38,59,36
2023-06-03,1097,106,75,91,40,31,51
2023-06-04,1097,142,84,58,43,58,15
2023-06-05,1097,133,90,64,30,43,34
2023-06-06,1097,149,85,82,44,64,38
2023-06-07,1097,106,69,67,30,37,37
2023-06-08,1097,103,75,77,42,28,35
2023-06-09,1097,107,99,99,44,8,55
2023-06-10,1097,121,74,83,47,47,36
2023-06-11,1097,145,80,63,41,65,22
2023-06-12,1097,125,78,54,35,47,19
2023-06-13,1097,145,88,73,37,57,36
2023-06-14,1097,121,78,80,44,43,36
2023-06-15,1097,107,77,63,36,30,27
2023-06-16,1097,125,69,70,43,56,27
2023-06-17,1097,145,93,94,37,52,57
2023-06-18,1097,130,72,66,33,58,33
2023-06-19,1097,140,84,56,37,56,19
2023-06-20,1097,123,85,67,33,38,34
2023-06-21,1097,122,75,59,45,47,14
2023-06-22,1097,118,72,91,37,46,54
2023-06-23,1097,149,86,75,37,63,38
2023-06-24,1097,105,89,84,35,16,49
2023-06-25,1097,127,79,98,38,48,60
2023-06-26,1097,121,72,54,33,49,21
2023-06-27,1097,125,75,72,33,50,39
2023-06-28,1097,133,61,74,39,72,35
2023-06-29,1097,121,68,99,47,53,52
2023-06-30,1097,131,81,50,34,50,16
2023-07-01,1097,114,73,54,45,41,9
2023-07-02,1097,138,78,94,42,60,52
2023-07-03,1097,148,86,58,49,62,9
2023-07-04,1097,112,75,91,42,37,49
2023-07-05,1097,104,87,96,42,17,54
2023-07-06,1097,116,66,67,41,50,26
2023-07-07,1097,130,77,58,36,53,22
2023-07-08,1097,141,79,65,57,62,8
2023-07-09,1097,108,84,71,34,24,37
2023-07-10,1097,125,71,78,41,54,37
2023-07-11,1097,108,74,58,36,34,22
2023-07-12,1097,148,101,90,33,47,57
2023-07-13,1097,140,84,75,46,56,29
2023-07-14,1097,133,71,98,35,62,63
2023-07-15,1097,121,74,95,45,47,50
2023-07-16,1097,139,73,62,45,66,17
2023-07-17,1097,133,83,74,41,50,33
2023-07-18,1097,140,90,54,45,50,9
2023-07-19,1097,144,76,75,42,68,33
2023-07-20,1097,113,88,59,43,25,16
2023-07-21,1097,150,76,90,33,74,57
2023-07-22,1097,124,83,64,44,41,20
2023-07-23,1097,101,75,73,54,26,19
2023-07-24,1097,145,76,71,44,69,27
2023-07-25,1097,119,92,61,41,27,20
2023-07-26,1097,126,68,71,36,58,35
2023-07-27,1097,109,78,56,43,31,13
2023-07-28,1097,112,80,71,47,32,24
2023-07-29,1097,115,84,99,45,31,54
2023-07-30,1097,128,74,59,38,54,21
2023-07-31,1097,137,77,65,42,60,23
2023-08-01,1097,101,90,91,56,11,35
2023-08-02,1097,139,68,72,50,71,22
2023-08-03,1097,147,63,59,38,84,21
2023-08-04,1097,142,86,85,47,56,38
2023-08-05,1097,132,81,59,49,51,10
2023-08-06,1097,116,83,54,49,33,5
2023-08-07,1097,114,80,83,32,34,51
2023-08-08,1097,105,83,50,40,22,10
2023-08-09,1097,117,79,93,41,38,52
2023-08-10,1097,103,77,85,47,26,38
2023-08-11,1097,109,73,60,42,36,18
2023-08-12,1097,148,87,56,43,61,13
2023-08-13,1097,134,81,92,43,53,49
2023-08-14,1097,103,87,93,40,16,53
2023-08-15,1097,125,84,93,37,41,56
2023-08-16,1097,150,70,96,37,80,59
2023-08-17,1097,129,73,67,33,56,34
2023-08-18,1097,145,65,54,40,80,14
2023-08-19,1097,105,78,66,42,27,24
2023-08-20,1097,118,79,92,37,39,55
2023-08-21,1097,122,75,95,38,47,57
2023-08-22,1097,133,72,85,40,61,45
2023-08-23,1097,131,66,56,44,65,12
2023-08-24,1097,133,76,54,30,57,24
2023-08-25,1097,143,78,51,39,65,12
2023-08-26,1097,136,77,87,36,59,51
2023-08-27,1097,130,79,99,39,51,60
2023-08-28,1097,113,68,55,38,45,17
2023-08-29,1097,111,81,63,46,30,17
2023-08-30,1097,116,81,63,49,35,14
2023-08-31,1097,149,73,92,44,76,48
2023-09-01,1097,117,70,59,36,47,23
2023-09-02,1097,117,80,93,37,37,56
2023-09-03,1097,138,72,53,39,66,14
2023-09-04,1097,117,85,59,28,32,31
2023-09-05,1097,149,71,97,51,78,46
2023-09-06,1097,117,74,71,42,43,29
2023-09-07,1097,130,72,84,49,58,35
2023-09-08,1097,142,95,97,37,47,60
2023-09-09,1097,123,89,76,32,34,44
2023-09-10,1097,136,81,86,29,55,57
2023-09-11,1097,133,80,73,35,53,38
2023-09-12,1097,123,77,56,37,46,19
2023-09-13,1097,111,87,56,50,24,6
2023-09-14,1097,133,90,80,42,43,38
2023-09-15,1097,148,70,81,38,78,43
2023-09-16,1097,117,79,54,39,38,15
2023-09-17,1097,148,90,75,36,58,39
2023-09-18,1097,142,82,53,32,60,21
2023-09-19,1097,131,86,71,42,45,29
2023-09-20,1097,144,77,57,41,67,16
2023-09-21,1097,150,81,82,38,69,44
2023-09-22,1097,103,93,91,31,10,60
2023-09-23,1097,122,79,92,31,43,61
2023-09-24,1097,105,72,98,40,33,58
2023-09-25,1097,137,79,70,37,58,33
2023-09-26,1097,138,80,78,30,58,48
2023-09-27,1097,122,84,66,36,38,30
2023-09-28,1097,137,85,52,37,52,15
2023-09-29,1097,105,82,75,44,23,31
2023-09-30,1097,135,80,73,42,55,31
2023-10-01,1097,124,86,69,46,38,23
2023-10-02,1097,130,73,84,47,57,37
2023-10-03,1097,148,84,73,33,64,40
2023-10-04,1097,144,87,92,42,57,50
2023-10-05,1097,119,68,72,42,51,30
2023-10-06,1097,133,87,83,42,46,41
2023-10-07,1097,126,67,82,52,59,30
2023-10-08,1097,115,84,88,35,31,53
2023-10-09,1097,133,69,72,37,64,35
2023-10-10,1097,143,67,92,40,76,52
2023-10-11,1097,107,83,88,39,24,49
2023-10-12,1097,145,78,75,35,67,40
2023-10-13,1097,139,81,74,33,58,41
2023-10-14,1097,149,71,79,40,78,39
2023-10-15,1097,144,97,71,38,47,33
2023-10-16,1097,149,72,69,36,77,33
2023-10-17,1097,126,74,51,41,52,10
2023-10-18,1097,100,74,52,30,26,22
2023-10-19,1097,120,79,71,62,41,9
2023-10-20,1097,112,81,81,38,31,43
2023-10-21,1097,135,89,75,30,46,45
2023-10-22,1097,118,71,64,41,47,23
2023-10-23,1097,123,82,80,54,41,26
2023-10-24,1097,142,71,86,47,71,39
2023-10-25,1097,113,77,68,38,36,30
2023-10-26,1097,134,73,85,46,61,39
2023-10-27,1097,122,63,91,30,59,61
2023-10-28,1097,115,79,55,41,36,14
2023-10-29,1097,148,71,53,51,77,2
2023-10-30,1097,134,70,83,45,64,38
2023-10-31,1097,102,85,89,31,17,58
2023-11-01,1097,103,87,66,45,16,21
2023-11-02,1097,116,80,72,46,36,26
2023-11-03,1097,123,78,78,35,45,43
2023-11-04,1097,127,96,51,41,31,10
2023-11-05,1097,116,85,59,38,31,21
2023-11-06,1097,140,92,68,33,48,35
2023-11-07,1097,137,94,51,36,43,15
2023-11-08,1097,129,70,76,31,59,45
2023-11-09,1097,105,87,97,33,18,64
2023-11-10,1097,118,70,75,28,48,47
2023-11-11,1097,144,71,79,38,73,41
2023-11-12,1097,142,87,71,40,55,31
2023-11-13,1097,115,77,73,37,38,36
2023-11-14,1097,109,70,59,39,39,20
2023-11-15,1097,145,77,66,42,68,24
2023-11-16,1097,127,69,59,40,58,19
2023-11-17,1097,125,94,83,52,31,31
2023-11-18,1097,131,81,81,36,50,45
2023-11-19,1097,134,78,87,31,56,56
2023-11-20,1097,135,63,79,38,72,41
2023-11-21,1097,104,84,71,45,20,26
2023-11-22,1097,139,73,93,31,66,62
2023-11-23,1097,104,71,84,37,33,47
2023-11-24,1097,116,90,74,40,26,34
2023-11-25,1097,105,89,63,35,16,28
2023-11-26,1097,117,98,66,41,19,25
2023-11-27,1097,111,85,66,37,26,29
2023-11-28,1097,139,76,51,35,63,16
2023-11-29,1097,112,80,91,35,32,56
2023-11-30,1097,139,72,90,30,67,60
2023-12-01,1097,117,81,74,44,36,30
2023-12-02,1097,126,89,64,32,37,32
2023-12-03,1097,113,81,78,30,32,48
2023-12-04,1097,138,88,99,41,50,58
2023-12-05,1097,100,78,93,29,22,64
2023-12-06,1097,128,105,60,39,23,21
2023-12-07,1097,100,81,52,34,19,18
2023-12-08,1097,141,77,84,27,64,57
2023-12-09,1097,136,82,54,51,54,3
2023-12-10,1097,145,70,93,39,75,54
2023-12-11,1097,132,87,78,41,45,37
2023-12-12,1097,142,92,82,39,50,43
2023-12-13,1097,103,69,61,43,34,18
2023-12-14,1097,106,89,59,42,17,17
2023-12-15,1097,112,66,62,33,46,29
2023-12-16,1097,104,89,79,39,15,40
2023-12-17,1097,103,78,91,49,25,42
2023-12-18,1097,135,81,76,41,54,35
2023-12-19,1097,115,67,87,48,48,39
2023-12-20,1097,126,80,86,43,46,43
2023-12-21,1097,118,82,93,35,36,58
2023-12-22,1097,102,75,91,44,27,47
2023-12-23,1097,145,96,94,40,49,54
2023-12-24,1097,133,78,95,45,55,50
2023-12-25,1097,107,92,67,36,15,31
2023-12-26,1097,122,68,72,40,54,32
2023-12-27,1097,116,73,54,41,43,13
2023-12-28,1097,134,74,94,34,60,60
2023-12-29,1097,128,76,62,35,52,27
2023-12-30,1097,141,81,55,36,60,19
2023-12-31,1097,139,91,84,35,48,49
2023-01-01,1098,124,85,93,38,39,55
2023-01-02,1098,140,81,82,36,59,46
2023-01-03,1098,126,87,83,38,39,45
2023-01-04,1098,121,73,99,36,48,63
2023-01-05,1098,123,101,59,48,22,11
2023-01-06,1098,101,83,86,38,18,48
2023-01-07,1098,147,71,82,39,76,43
2023-01-08,1098,119,67,100,38,52,62
2023-01-09,1098,141,68,80,32,73,48
2023-01-10,1098,146,81,96,31,65,65
2023-01-11,1098,101,78,76,46,23,30
2023-01-12,1098,115,88,99,30,27,69
2023-01-13,1098,112,91,65,43,21,22
2023-01-14,1098,145,80,50,45,65,5
2023-01-15,1098,115,77,70,49,38,21
2023-01-16,1098,117,92,99,42,25,57
2023-01-17,1098,111,77,62,33,34,29
2023-01-18,1098,128,71,95,40,57,55
2023-01-19,1098,105,84,93,36,21,57
2023-01-20,1098,139,90,95,32,49,63
2023-01-21,1098,128,93,55,37,35,18
2023-01-22,1098,119,68,59,47,51,12
2023-01-23,1098,109,82,64,41,27,23
2023-01-24,1098,144,93,58,31,51,27
2023-01-25,1098,114,79,100,37,35,63
2023-01-26,1098,140,81,83,32,59,51
2023-01-27,1098,101,81,83,41,20,42
2023-01-28,1098,131,74,98,46,57,52
2023-01-29,1098,110,74,59,33,36,26
2023-01-30,1098,139,89,50,46,50,4
2023-01-31,1098,145,77,73,38,68,35
2023-02-01,1098,125,73,83,40,52,43
2023-02-02,1098,116,71,85,32,45,53
2023-02-03,1098,139,97,67,38,42,29
2023-02-04,1098,141,93,56,33,48,23
2023-02-05,1098,147,65,90,41,82,49
2023-02-06,1098,112,82,74,34,30,40
2023-02-07,1098,147,91,57,44,56,13
2023-02-08,1098,124,69,54,38,55,16
2023-02-09,1098,104,86,56,46,18,10
2023-02-10,1098,100,109,74,36,-9,38
2023-02-11,1098,116,68,66,41,48,25
2023-02-12,1098,124,76,85,43,48,42
2023-02-13,1098,113,66,70,41,47,29
2023-02-14,1098,147,81,87,48,66,39
2023-02-15,1098,101,60,55,43,41,12
2023-02-16,1098,122,101,74,32,21,42
2023-02-17,1098,116,72,91,36,44,55
2023-02-18,1098,147,80,84,27,67,57
2023-02-19,1098,142,88,53,43,54,10
2023-02-20,1098,142,82,75,42,60,33
2023-02-21,1098,136,73,98,37,63,61
2023-02-22,1098,128,87,61,39,41,22
2023-02-23,1098,142,86,75,55,56,20
2023-02-24,1098,133,75,50,39,58,11
2023-02-25,1098,128,77,71,36,51,35
2023-02-26,1098,118,78,64,38,40,26
2023-02-27,1098,110,72,100,36,38,64
2023-02-28,1098,148,76,95,37,72,58
2023-03-01,1098,139,60,94,32,79,62
2023-03-02,1098,149,87,53,37,62,16
2023-03-03,1098,132,98,100,39,34,61
2023-03-04,1098,142,83,77,39,59,38
2023-03-05,1098,138,82,51,35,56,16
2023-03-06,1098,147,84,87,36,63,51
2023-03-07,1098,130,78,88,39,52,49
2023-03-08,1098,114,81,72,42,33,30
2023-03-09,1098,122,83,93,49,39,44
2023-03-10,1098,148,67,88,40,81,48
2023-03-11,1098,111,76,65,41,35,24
2023-03-12,1098,112,86,98,55,26,43
2023-03-13,1098,105,73,68,43,32,25
2023-03-14,1098,117,83,62,37,34,25
2023-03-15,1098,133,82,69,41,51,28
2023-03-16,1098,150,96,60,49,54,11
2023-03-17,1098,137,81,92,26,56,66
2023-03-18,1098,101,77,71,50,24,21
2023-03-19,1098,122,80,55,42,42,13
2023-03-20,1098,116,94,65,48,22,17
2023-03-21,1098,100,85,81,37,15,44
2023-03-22,1098,131,66,71,50,65,21
2023-03-23,1098,104,74,62,33,30,29
2023-03-24,1098,143,77,99,39,66,60
2023-03-25,1098,141,79,68,42,62,26
2023-03-26,1098,121,81,90,51,40,39
2023-03-27,1098,114,81,90,36,33,54
2023-03-28,1098,111,70,88,40,41,48
2023-03-29,1098,143,92,78,48,51,30
2023-03-30,1098,127,77,76,49,50,27
2023-03-31,1098,139,90,67,35,49,32
2023-04-01,1098,123,72,74,50,51,24
2023-04-02,1098,149,102,53,38,47,15
2023-04-03,1098,100,80,51,41,20,10
2023-04-04,1098,108,75,77,43,33,34
2023-04-05,1098,110,83,54,48,27,6
2023-04-06,1098,130,101,95,35,29,60
2023-04-07,1098,121,70,51,41,51,10
2023-04-08,1098,104,85,93,40,19,53
2023-04-09,1098,110,85,51,42,25,9
2023-04-10,1098,106,79,58,49,27,9
2023-04-11,1098,131,88,67,39,43,28
2023-04-12,1098,135,93,95,36,42,59
2023-04-13,1098,100,68,64,40,32,24
2023-04-14,1098,138,73,69,46,65,23
2023-04-15,1098,146,79,96,44,67,52
2023-04-16,1098,119,77,71,34,42,37
2023-04-17,1098,113,80,55,43,33,12
2023-04-18,1098,103,88,81,44,15,37
2023-04-19,1098,123,70,76,45,53,31
2023-04-20,1098,144,98,76,36,46,40
2023-04-21,1098,115,78,74,44,37,30
2023-04-22,1098,127,76,58,29,51,29
2023-04-23,1098,107,82,95,30,25,65
2023-04-24,1098,106,73,64,44,33,20
2023-04-25,1098,150,80,56,47,70,9
2023-04-26,1098,109,75,54,43,34,11
2023-04-27,1098,150,76,88,35,74,53
2023-04-28,1098,104,83,90,46,21,44
2023-04-29,1098,127,79,92,46,48,46
2023-04-30,1098,111,90,78,46,21,32
2023-05-01,1098,136,81,62,40,55,22
2023-05-02,1098,111,79,99,43,32,56
2023-05-03,1098,143,79,82,40,64,42
2023-05-04,1098,139,80,58,41,59,17
2023-05-05,1098,121,77,75,30,44,45
2023-05-06,1098,113,104,50,42,9,8
2023-05-07,1098,114,85,85,38,29,47
2023-05-08,1098,106,74,65,32,32,33
2023-05-09,1098,141,64,81,44,77,37
2023-05-10,1098,101,77,50,38,24,12
2023-05-11,1098,146,76,54,40,70,14
2023-05-12,1098,149,87,89,42,62,47
2023-05-13,1098,107,81,70,38,26,32
2023-05-14,1098,142,65,70,39,77,31
2023-05-15,1098,119,69,65,40,50,25
2023-05-16,1098,103,87,58,43,16,15
2023-05-17,1098,143,92,93,38,51,55
2023-05-18,1098,110,87,99,43,23,56
2023-05-19,1098,127,85,68,38,42,30
2023-05-20,1098,129,79,86,39,50,47
2023-05-21,1098,129,70,80,37,59,43
2023-05-22,1098,147,80,68,43,67,25
2023-05-23,1098,131,77,97,34,54,63
2023-05-24,1098,139,88,59,39,51,20
2023-05-25,1098,109,57,100,38,52,62
2023-05-26,1098,140,79,73,52,61,21
2023-05-27,1098,148,72,87,43,76,44
2023-05-28,1098,149,94,74,39,55,35
2023-05-29,1098,131,77,53,32,54,21
2023-05-30,1098,148,95,75,46,53,29
2023-05-31,1098,120,77,90,39,43,51
2023-06-01,1098,128,97,93,40,31,53
2023-06-02,1098,112,67,100,37,45,63
2023-06-03,1098,130,77,72,31,53,41
2023-06-04,1098,121,87,63,37,34,26
2023-06-05,1098,144,74,55,31,70,24
2023-06-06,1098,138,68,82,36,70,46
2023-06-07,1098,129,73,78,32,56,46
2023-06-08,1098,132,86,55,49,46,6
2023-06-09,1098,142,83,70,32,59,38
2023-06-10,1098,129,62,68,34,67,34
2023-06-11,1098,100,70,54,47,30,7
2023-06-12,1098,140,89,77,38,51,39
2023-06-13,1098,126,81,71,36,45,35
2023-06-14,1098,112,85,70,36,27,34
2023-06-15,1098,116,100,55,40,16,15
2023-06-16,1098,121,86,66,44,35,22
2023-06-17,1098,146,90,61,33,56,28
2023-06-18,1098,127,83,76,44,44,32
2023-06-19,1098,113,90,50,32,23,18
2023-06-20,1098,143,72,88,41,71,47
2023-06-21,1098,111,80,54,32,31,22
2023-06-22,1098,126,71,58,30,55,28
2023-06-23,1098,118,82,52,45,36,7
2023-06-24,1098,120,69,60,42,51,18
2023-06-25,1098,118,84,67,31,34,36
2023-06-26,1098,150,95,72,43,55,29
2023-06-27,1098,122,80,96,33,42,63
2023-06-28,1098,129,88,67,42,41,25
2023-06-29,1098,141,90,92,50,51,42
2023-06-30,1098,117,80,100,46,37,54
2023-07-01,1098,110,83,99,37,27,62
2023-07-02,1098,133,93,54,44,40,10
2023-07-03,1098,116,78,65,44,38,21
2023-07-04,1098,119,84,93,37,35,56
2023-07-05,1098,111,81,78,46,30,32
2023-07-06,1098,147,72,64,34,75,30
2023-07-07,1098,122,98,88,21,24,67
2023-07-08,1098,141,84,79,30,57,49
2023-07-09,1098,119,89,71,41,30,30
2023-07-10,1098,133,84,89,40,49,49
2023-07-11,1098,111,90,88,47,21,41
2023-07-12,1098,125,94,64,46,31,18
2023-07-13,1098,144,79,53,44,65,9
2023-07-14,1098,115,91,66,37,24,29
2023-07-15,1098,129,89,50,39,40,11
2023-07-16,1098,113,89,57,44,24,13
2023-07-17,1098,123,93,94,40,30,54
2023-07-18,1098,117,75,61,35,42,26
2023-07-19,1098,106,88,78,54,18,24
2023-07-20,1098,127,65,97,43,62,54
2023-07-21,1098,129,89,57,47,40,10
2023-07-22,1098,111,77,62,38,34,24
2023-07-23,1098,127,77,51,38,50,13
2023-07-24,1098,114,68,73,46,46,27
2023-07-25,1098,114,80,53,37,34,16
2023-07-26,1098,142,70,59,44,72,15
2023-07-27,1098,101,85,53,37,16,16
2023-07-28,1098,114,89,94,42,25,52
2023-07-29,1098,142,66,94,31,76,63
2023-07-30,1098,138,76,83,43,62,40
2023-07-31,1098,147,85,63,34,62,29
2023-08-01,1098,133,84,69,34,49,35
2023-08-02,1098,140,66,56,46,74,10
2023-08-03,1098,112,94,60,39,18,21
2023-08-04,1098,131,81,65,41,50,24
2023-08-05,1098,140,75,63,45,65,18
2023-08-06,1098,142,81,97,36,61,61
2023-08-07,1098,112,88,64,46,24,18
2023-08-08,1098,106,73,71,36,33,35
2023-08-09,1098,131,89,53,44,42,9
2023-08-10,1098,140,81,65,35,59,30
2023-08-11,1098,139,78,81,26,61,55
2023-08-12,1098,107,74,100,42,33,58
2023-08-13,1098,128,72,55,40,56,15
2023-08-14,1098,125,84,54,51,41,3
2023-08-15,1098,124,95,93,42,29,51
2023-08-16,1098,141,81,93,32,60,61
2023-08-17,1098,121,91,96,34,30,62
2023-08-18,1098,110,67,54,38,43,16
2023-08-19,1098,139,93,70,37,46,33
2023-08-20,1098,119,81,100,46,38,54
2023-08-21,1098,106,95,81,39,11,42
2023-08-22,1098,135,84,52,33,51,19
2023-08-23,1098,101,92,79,40,9,39
2023-08-24,1098,137,73,68,36,64,32
2023-08-25,1098,101,91,88,31,10,57
2023-08-26,1098,146,70,52,43,76,9
2023-08-27,1098,130,76,93,41,54,52
2023-08-28,1098,141,79,87,36,62,51
2023-08-29,1098,137,73,64,31,64,33
2023-08-30,1098,148,87,100,46,61,54
2023-08-31,1098,120,73,61,29,47,32
2023-09-01,1098,109,79,56,30,30,26
2023-09-02,1098,140,70,71,29,70,42
2023-09-03,1098,100,86,84,44,14,40
2023-09-04,1098,129,79,91,38,50,53
2023-09-05,1098,100,73,65,42,27,23
2023-09-06,1098,143,84,58,50,59,8
2023-09-07,1098,142,75,66,41,67,25
2023-09-08,1098,146,80,63,35,66,28
2023-09-09,1098,128,94,75,44,34,31
2023-09-10,1098,115,74,73,53,41,20
2023-09-11,1098,105,92,63,32,13,31
2023-09-12,1098,128,90,86,49,38,37
2023-09-13,1098,149,89,83,39,60,44
2023-09-14,1098,119,74,95,36,45,59
2023-09-15,1098,109,78,84,40,31,44
2023-09-16,1098,113,80,71,47,33,24
2023-09-17,1098,135,68,57,39,67,18
2023-09-18,1098,136,93,50,33,43,17
2023-09-19,1098,133,90,93,39,43,54
2023-09-20,1098,149,69,58,46,80,12
2023-09-21,1098,149,75,92,38,74,54
2023-09-22,1098,114,85,63,46,29,17
2023-09-23,1098,147,102,82,27,45,55
2023-09-24,1098,133,75,70,49,58,21
2023-09-25,1098,129,79,56,40,50,16
2023-09-26,1098,102,76,65,50,26,15
2023-09-27,1098,104,71,82,50,33,32
2023-09-28,1098,147,78,68,44,69,24
2023-09-29,1098,141,82,64,38,59,26
2023-09-30,1098,139,64,51,45,75,6
2023-10-01,1098,114,103,95,37,11,58
2023-10-02,1098,125,76,57,62,49,-5
2023-10-03,1098,108,83,63,41,25,22
2023-10-04,1098,124,76,65,46,48,19
2023-10-05,1098,108,72,94,45,36,49
2023-10-06,1098,114,69,68,41,45,27
2023-10-07,1098,123,92,79,41,31,38
2023-10-08,1098,104,88,78,33,16,45
2023-10-09,1098,136,73,98,39,63,59
2023-10-10,1098,142,69,54,34,73,20
2023-10-11,1098,102,73,81,44,29,37
2023-10-12,1098,142,75,56,39,67,17
2023-10-13,1098,104,71,69,37,33,32
2023-10-14,1098,143,71,53,36,72,17
2023-10-15,1098,126,87,85,46,39,39
2023-10-16,1098,148,74,98,42,74,56
2023-10-17,1098,137,80,91,49,57,42
2023-10-18,1098,124,87,54,36,37,18
2023-10-19,1098,126,84,81,52,42,29
2023-10-20,1098,145,82,87,37,63,50
2023-10-21,1098,114,75,69,48,39,21
2023-10-22,1098,143,77,56,38,66,18
2023-10-23,1098,150,87,75,47,63,28
2023-10-24,1098,104,79,70,39,25,31
2023-10-25,1098,126,81,85,40,45,45
2023-10-26,1098,103,78,75,41,25,34
2023-10-27,1098,126,84,67,35,42,32
2023-10-28,1098,102,71,85,30,31,55
2023-10-29,1098,129,83,99,32,46,67
2023-10-30,1098,117,77,96,42,40,54
2023-10-31,1098,105,71,61,45,34,16
2023-11-01,1098,113,79,80,43,34,37
2023-11-02,1098,104,70,88,39,34,49
2023-11-03,1098,150,84,99,31,66,68
2023-11-04,1098,139,89,90,32,50,58
2023-11-05,1098,123,79,57,45,44,12
2023-11-06,1098,119,89,83,37,30,46
2023-11-07,1098,129,80,95,35,49,60
2023-11-08,1098,148,88,90,34,60,56
2023-11-09,1098,118,80,56,39,38,17
2023-11-10,1098,122,72,93,45,50,48
2023-11-11,1098,113,77,89,28,36,61
2023-11-12,1098,132,89,73,45,43,28
2023-11-13,1098,139,84,62,40,55,22
2023-11-14,1098,142,73,54,46,69,8
2023-11-15,1098,102,76,78,36,26,42
2023-11-16,1098,147,82,89,38,65,51
2023-11-17,1098,122,81,58,45,41,13
2023-11-18,1098,117,75,82,40,42,42
2023-11-19,1098,148,78,50,42,70,8
2023-11-20,1098,141,96,78,35,45,43
2023-11-21,1098,121,83,72,42,38,30
2023-11-22,1098,140,59,53,43,81,10
2023-11-23,1098,104,57,88,41,47,47
2023-11-24,1098,112,98,84,43,14,41
2023-11-25,1098,135,84,72,31,51,41
2023-11-26,1098,126,83,100,40,43,60
2023-11-27,1098,112,83,75,37,29,38
2023-11-28,1098,131,75,81,31,56,50
2023-11-29,1098,116,65,58,29,51,29
2023-11-30,1098,105,86,65,51,19,14
2023-12-01,1098,105,85,61,37,20,24
2023-12-02,1098,144,88,53,42,56,11
2023-12-03,1098,117,87,77,39,30,38
2023-12-04,1098,118,78,56,32,40,24
2023-12-05,1098,130,70,64,39,60,25
2023-12-06,1098,129,101,95,39,28,56
2023-12-07,1098,104,83,78,35,21,43
2023-12-08,1098,102,77,80,38,25,42
2023-12-09,1098,116,65,60,46,51,14
2023-12-10,1098,144,79,96,43,65,53
2023-12-11,1098,133,85,95,45,48,50
2023-12-12,1098,121,80,84,41,41,43
2023-12-13,1098,132,75,63,47,57,16
2023-12-14,1098,121,75,53,28,46,25
2023-12-15,1098,123,88,92,54,35,38
2023-12-16,1098,128,80,76,48,48,28
2023-12-17,1098,133,67,54,41,66,13
2023-12-18,1098,121,57,98,49,64,49
2023-12-19,1098,138,88,66,31,50,35
2023-12-20,1098,150,84,97,41,66,56
2023-12-21,1098,138,79,96,43,59,53
2023-12-22,1098,127,83,93,44,44,49
2023-12-23,1098,143,87,58,33,56,25
2023-12-24,1098,131,84,51,45,47,6
2023-12-25,1098,109,72,92,36,37,56
2023-12-26,1098,104,91,62,46,13,16
2023-12-27,1098,135,72,50,50,63,0
2023-12-28,1098,129,99,70,39,30,31
2023-12-29,1098,119,83,89,48,36,41
2023-12-30,1098,143,85,94,36,58,58
2023-12-31,1098,120,76,92,40,44,52
2023-01-01,1099,116,98,79,38,18,41
2023-01-02,1099,150,75,68,42,75,26
2023-01-03,1099,136,84,80,33,52,47
2023-01-04,1099,138,75,63,40,63,23
2023-01-05,1099,144,77,54,44,67,10
2023-01-06,1099,136,75,53,30,61,23
2023-01-07,1099,136,92,64,33,44,31
2023-01-08,1099,116,81,61,58,35,3
2023-01-09,1099,121,73,82,47,48,35
2023-01-10,1099,110,81,98,40,29,58
2023-01-11,1099,106,78,84,40,28,44
2023-01-12,1099,104,87,62,42,17,20
2023-01-13,1099,100,96,65,36,4,29
2023-01-14,1099,121,89,83,41,32,42
2023-01-15,1099,123,79,95,46,44,49
2023-01-16,1099,121,66,86,39,55,47
2023-01-17,1099,126,82,90,43,44,47
2023-01-18,1099,136,77,94,38,59,56
2023-01-19,1099,143,82,77,28,61,49
2023-01-20,1099,119,69,99,51,50,48
2023-01-21,1099,128,91,69,31,37,38
2023-01-22,1099,105,89,66,43,16,23
2023-01-23,1099,135,75,74,54,60,20
2023-01-24,1099,111,90,50,48,21,2
2023-01-25,1099,139,80,64,46,59,18
2023-01-26,1099,105,78,93,39,27,54
2023-01-27,1099,136,97,68,33,39,35
2023-01-28,1099,120,80,80,44,40,36
2023-01-29,1099,126,88,81,35,38,46
2023-01-30,1099,146,89,51,48,57,3
2023-01-31,1099,140,102,97,42,38,55
2023-02-01,1099,138,102,53,42,36,11
2023-02-02,1099,103,96,83,36,7,47
2023-02-03,1099,128,79,57,39,49,18
2023-02-04,1099,140,77,52,38,63,14
2023-02-05,1099,106,80,96,43,26,53
2023-02-06,1099,138,101,62,45,37,17
2023-02-07,1099,141,76,61,51,65,10
2023-02-08,1099,141,97,76,39,44,37
2023-02-09,1099,147,79,93,39,68,54
2023-02-10,1099,149,82,73,43,67,30
2023-02-11,1099,123,81,98,42,42,56
2023-02-12,1099,115,89,94,41,26,53
2023-02-13,1099,142,83,92,33,59,59
2023-02-14,1099,113,63,80,46,50,34
2023-02-15,1099,114,84,96,45,30,51
2023-02-16,1099,111,89,74,33,22,41
2023-02-17,1099,133,74,100,41,59,59
2023-02-18,1099,150,82,74,30,68,44
2023-02-19,1099,129,87,80,31,42,49
2023-02-20,1099,126,83,92,33,43,59
2023-02-21,1099,148,77,88,50,71,38
2023-02-22,1099,112,90,63,35,22,28
2023-02-23,1099,135,86,86,38,49,48
2023-02-24,1099,149,78,88,44,71,44
2023-02-25,1099,107,85,83,42,22,41
2023-02-26,1099,102,68,80,40,34,40
2023-02-27,1099,122,92,68,37,30,31
2023-02-28,1099,115,87,93,40,28,53
2023-03-01,1099,119,91,65,43,28,22
2023-03-02,1099,145,79,73,35,66,38
2023-03-03,1099,123,86,96,43,37,53
2023-03-04,1099,147,78,100,40,69,60
2023-03-05,1099,100,88,80,35,12,45
2023-03-06,1099,115,75,76,36,40,40
2023-03-07,1099,132,72,66,46,60,20
2023-03-08,1099,100,107,65,41,-7,24
2023-03-09,1099,129,73,96,42,56,54
2023-03-10,1099,122,85,52,38,37,14
2023-03-11,1099,137,82,79,36,55,43
2023-03-12,1099,148,73,52,30,75,22
2023-03-13,1099,117,68,70,47,49,23
2023-03-14,1099,141,71,87,57,70,30
2023-03-15,1099,123,72,75,48,51,27
2023-03-16,1099,146,82,97,43,64,54
2023-03-17,1099,108,81,59,42,27,17
2023-03-18,1099,116,63,78,48,53,30
2023-03-19,1099,123,75,95,41,48,54
2023-03-20,1099,120,80,52,35,40,17
2023-03-21,1099,127,88,70,42,39,28
2023-03-22,1099,103,75,72,39,28,33
2023-03-23,1099,107,68,82,37,39,45
2023-03-24,1099,127,76,79,38,51,41
2023-03-25,1099,108,76,67,32,32,35
2023-03-26,1099,126,66,70,45,60,25
2023-03-27,1099,129,76,99,50,53,49
2023-03-28,1099,146,76,65,33,70,32
2023-03-29,1099,122,71,96,47,51,49
2023-03-30,1099,106,90,61,48,16,13
2023-03-31,1099,141,85,71,49,56,22
2023-04-01,1099,148,82,82,23,66,59
2023-04-02,1099,118,79,77,53,39,24
2023-04-03,1099,117,76,62,36,41,26
2023-04-04,1099,131,82,72,42,49,30
2023-04-05,1099,139,72,62,38,67,24
2023-04-06,1099,143,72,82,38,71,44
2023-04-07,1099,123,82,75,55,41,20
2023-04-08,1099,125,82,88,47,43,41
2023-04-09,1099,123,69,82,36,54,46
2023-04-10,1099,125,82,73,42,43,31
2023-04-11,1099,115,76,58,40,39,18
2023-04-12,1099,134,79,53,42,55,11
2023-04-13,1099,102,88,60,41,14,19
2023-04-14,1099,145,80,85,41,65,44
2023-04-15,1099,150,96,78,43,54,35
2023-04-16,1099,102,70,52,32,32,20
2023-04-17,1099,135,81,74,42,54,32
2023-04-18,1099,101,92,56,36,9,20
2023-04-19,1099,107,68,66,37,39,29
2023-04-20,1099,110,76,54,36,34,18
2023-04-21,1099,140,84,87,36,56,51
2023-04-22,1099,123,89,99,41,34,58
2023-04-23,1099,133,72,82,37,61,45
2023-04-24,1099,102,86,86,47,16,39
2023-04-25,1099,146,80,64,35,66,29
2023-04-26,1099,140,69,86,29,71,57
2023-04-27,1099,135,77,55,48,58,7
2023-04-28,1099,122,79,97,49,43,48
2023-04-29,1099,146,67,57,36,79,21
2023-04-30,1099,147,75,85,37,72,48
2023-05-01,1099,117,89,73,43,28,30
2023-05-02,1099,120,62,51,46,58,5
2023-05-03,1099,114,87,51,36,27,15
2023-05-04,1099,104,83,83,33,21,50
2023-05-05,1099,114,76,92,44,38,48
2023-05-06,1099,119,96,70,30,23,40
2023-05-07,1099,118,81,59,31,37,28
2023-05-08,1099,129,81,92,29,48,63
2023-05-09,1099,106,87,100,29,19,71
2023-05-10,1099,111,78,69,41,33,28
2023-05-11,1099,117,77,92,43,40,49
2023-05-12,1099,111,66,89,49,45,40
2023-05-13,1099,130,66,83,40,64,43
2023-05-14,1099,144,70,67,46,74,21
2023-05-15,1099,115,87,63,48,28,15
2023-05-16,1099,104,89,65,38,15,27
2023-05-17,1099,145,81,52,43,64,9
2023-05-18,1099,121,81,64,38,40,26
2023-05-19,1099,133,75,59,30,58,29
2023-05-20,1099,149,78,86,41,71,45
2023-05-21,1099,101,77,96,40,24,56
2023-05-22,1099,112,80,67,46,32,21
2023-05-23,1099,146,84,73,33,62,40
2023-05-24,1099,147,71,59,39,76,20
2023-05-25,1099,130,91,66,40,39,26
2023-05-26,1099,147,79,70,40,68,30
2023-05-27,1099,115,88,67,42,27,25
2023-05-28,1099,103,85,76,43,18,33
2023-05-29,1099,125,82,71,32,43,39
2023-05-30,1099,144,83,57,45,61,12
2023-05-31,1099,146,75,93,59,71,34
2023-06-01,1099,121,86,56,39,35,17
2023-06-02,1099,150,84,86,31,66,55
2023-06-03,1099,128,71,90,38,57,52
2023-06-04,1099,142,92,96,42,50,54
2023-06-05,1099,138,91,81,49,47,32
2023-06-06,1099,137,104,53,38,33,15
2023-06-07,1099,143,70,51,40,73,11
2023-06-08,1099,132,74,52,27,58,25
2023-06-09,1099,148,83,78,32,65,46
2023-06-10,1099,124,77,99,28,47,71
2023-06-11,1099,118,74,93,40,44,53
2023-06-12,1099,112,72,61,36,40,25
2023-06-13,1099,135,75,72,35,60,37
2023-06-14,1099,147,65,100,37,82,63
2023-06-15,1099,108,83,71,40,25,31
2023-06-16,1099,146,86,71,33,60,38
2023-06-17,1099,141,74,55,34,67,21
2023-06-18,1099,138,77,61,32,61,29
2023-06-19,1099,136,81,55,34,55,21
2023-06-20,1099,126,95,78,41,31,37
2023-06-21,1099,150,82,83,41,68,42
2023-06-22,1099,104,84,61,44,20,17
2023-06-23,1099,101,85,68,33,16,35
2023-06-24,1099,136,73,58,42,63,16
2023-06-25,1099,102,67,61,30,35,31
2023-06-26,1099,103,72,91,40,31,51
2023-06-27,1099,128,79,69,49,49,20
2023-06-28,1099,130,86,96,38,44,58
2023-06-29,1099,130,76,99,41,54,58
2023-06-30,1099,121,68,68,36,53,32
2023-07-01,1099,135,81,52,44,54,8
2023-07-02,1099,147,76,92,39,71,53
2023-07-03,1099,132,92,100,46,40,54
2023-07-04,1099,148,88,70,46,60,24
2023-07-05,1099,122,72,54,32,50,22
2023-07-06,1099,136,64,87,36,72,51
2023-07-07,1099,125,72,66,42,53,24
2023-07-08,1099,115,86,81,47,29,34
2023-07-09,1099,148,68,69,39,80,30
2023-07-10,1099,119,98,92,42,21,50
2023-07-11,1099,123,73,93,33,50,60
2023-07-12,1099,115,85,100,37,30,63
2023-07-13,1099,110,72,100,49,38,51
2023-07-14,1099,117,75,96,40,42,56
2023-07-15,1099,145,63,89,35,82,54
2023-07-16,1099,127,93,57,37,34,20
2023-07-17,1099,138,92,98,38,46,60
2023-07-18,1099,143,72,86,41,71,45
2023-07-19,1099,112,89,86,43,23,43
2023-07-20,1099,135,81,57,33,54,24
2023-07-21,1099,104,82,90,36,22,54
2023-07-22,1099,144,80,98,38,64,60
2023-07-23,1099,114,72,53,44,42,9
2023-07-24,1099,125,73,98,45,52,53
2023-07-25,1099,119,86,61,45,33,16
2023-07-26,1099,145,73,90,43,72,47
2023-07-27,1099,110,98,99,34,12,65
2023-07-28,1099,148,80,96,35,68,61
2023-07-29,1099,124,82,59,36,42,23
2023-07-30,1099,135,83,55,40,52,15
2023-07-31,1099,103,71,62,44,32,18
2023-08-01,1099,129,81,67,41,48,26
2023-08-02,1099,148,66,62,34,82,28
2023-08-03,1099,104,71,92,38,33,54
2023-08-04,1099,137,81,50,47,56,3
2023-08-05,1099,114,73,100,53,41,47
2023-08-06,1099,108,58,58,44,50,14
2023-08-07,1099,100,81,67,35,19,32
2023-08-08,1099,103,77,56,41,26,15
2023-08-09,1099,109,65,100,45,44,55
2023-08-10,1099,146,79,53,44,67,9
2023-08-11,1099,103,78,86,36,25,50
2023-08-12,1099,104,84,99,31,20,68
2023-08-13,1099,106,72,69,47,34,22
2023-08-14,1099,149,82,72,46,67,26
2023-08-15,1099,134,88,88,34,46,54
2023-08-16,1099,128,86,86,42,42,44
2023-08-17,1099,131,72,51,40,59,11
2023-08-18,1099,144,84,78,41,60,37
2023-08-19,1099,133,75,77,45,58,32
2023-08-20,1099,108,96,62,30,12,32
2023-08-21,1099,105,89,72,36,16,36
2023-08-22,1099,138,76,92,41,62,51
2023-08-23,1099,109,82,84,37,27,47
2023-08-24,1099,150,52,69,36,98,33
2023-08-25,1099,142,86,94,50,56,44
2023-08-26,1099,103,87,80,38,16,42
2023-08-27,1099,106,74,73,50,32,23
2023-08-28,1099,128,84,73,36,44,37
2023-08-29,1099,125,85,70,42,40,28
2023-08-30,1099,129,75,59,36,54,23
2023-08-31,1099,147,71,95,37,76,58
2023-09-01,1099,120,84,50,31,36,19
2023-09-02,1099,133,74,65,40,59,25
2023-09-03,1099,110,80,66,43,30,23
2023-09-04,1099,117,68,97,47,49,50
2023-09-05,1099,122,63,99,41,59,58
2023-09-06,1099,121,75,76,41,46,35
2023-09-07,1099,113,73,85,43,40,42
2023-09-08,1099,138,83,70,32,55,38
2023-09-09,1099,149,79,52,37,70,15
2023-09-10,1099,115,82,95,38,33,57
2023-09-11,1099,123,72,88,39,51,49
2023-09-12,1099,141,90,99,41,51,58
2023-09-13,1099,102,76,89,39,26,50
2023-09-14,1099,147,78,77,44,69,33
2023-09-15,1099,146,92,93,33,54,60
2023-09-16,1099,123,85,57,50,38,7
2023-09-17,1099,115,74,93,50,41,43
2023-09-18,1099,144,81,94,33,63,61
2023-09-19,1099,140,77,100,41,63,59
2023-09-20,1099,132,69,80,35,63,45
2023-09-21,1099,124,75,76,39,49,37
2023-09-22,1099,141,82,52,42,59,10
2023-09-23,1099,101,67,98,44,34,54
2023-09-24,1099,126,71,60,46,55,14
2023-09-25,1099,114,76,75,27,38,48
2023-09-26,1099,133,75,90,28,58,62
2023-09-27,1099,123,87,86,43,36,43
2023-09-28,1099,139,74,91,38,65,53
2023-09-29,1099,105,66,72,49,39,23
2023-09-30,1099,133,79,51,43,54,8
2023-10-01,1099,121,76,65,36,45,29
2023-10-02,1099,146,67,98,32,79,66
2023-10-03,1099,106,85,54,46,21,8
2023-10-04,1099,112,62,98,34,50,64
2023-10-05,1099,130,79,75,45,51,30
2023-10-06,1099,148,90,65,49,58,16
2023-10-07,1099,146,71,56,29,75,27
2023-10-08,1099,106,91,89,40,15,49
2023-10-09,1099,118,65,75,35,53,40
2023-10-10,1099,134,86,88,41,48,47
2023-10-11,1099,113,95,82,42,18,40
2023-10-12,1099,138,85,94,41,53,53
2023-10-13,1099,103,75,97,52,28,45
2023-10-14,1099,130,76,74,38,54,36
2023-10-15,1099,110,74,60,48,36,12
2023-10-16,1099,118,75,58,47,43,11
2023-10-17,1099,108,75,71,42,33,29
2023-10-18,1099,125,67,55,45,58,10
2023-10-19,1099,123,91,74,40,32,34
2023-10-20,1099,106,82,96,44,24,52
2023-10-21,1099,108,89,92,47,19,45
2023-10-22,1099,121,75,80,42,46,38
2023-10-23,1099,148,79,95,31,69,64
2023-10-24,1099,128,81,77,40,47,37
2023-10-25,1099,124,78,54,33,46,21
2023-10-26,1099,126,75,74,45,51,29
2023-10-27,1099,104,81,83,37,23,46
2023-10-28,1099,101,65,87,47,36,40
2023-10-29,1099,148,62,56,22,86,34
2023-10-30,1099,131,79,90,42,52,48
2023-10-31,1099,103,90,97,46,13,51
2023-11-01,1099,140,69,88,42,71,46
2023-11-02,1099,142,71,76,49,71,27
2023-11-03,1099,146,81,86,41,65,45
2023-11-04,1099,104,75,53,40,29,13
2023-11-05,1099,108,82,86,38,26,48
2023-11-06,1099,134,73,92,34,61,58
2023-11-07,1099,139,75,99,45,64,54
2023-11-08,1099,115,110,88,36,5,52
2023-11-09,1099,149,72,56,32,77,24
2023-11-10,1099,105,86,94,35,19,59
2023-11-11,1099,125,72,90,41,53,49
2023-11-12,1099,147,74,73,49,73,24
2023-11-13,1099,149,79,86,39,70,47
2023-11-14,1099,128,58,72,52,70,20
2023-11-15,1099,146,83,89,37,63,52
2023-11-16,1099,107,90,63,38,17,25
2023-11-17,1099,108,79,85,43,29,42
2023-11-18,1099,123,84,74,42,39,32
2023-11-19,1099,119,77,70,50,42,20
2023-11-20,1099,130,93,91,41,37,50
2023-11-21,1099,138,80,52,41,58,11
2023-11-22,1099,110,66,82,44,44,38
2023-11-23,1099,103,73,94,36,30,58
2023-11-24,1099,146,82,53,25,64,28
2023-11-25,1099,132,75,97,38,57,59
2023-11-26,1099,143,69,79,41,74,38
2023-11-27,1099,133,75,69,35,58,34
2023-11-28,1099,122,82,64,40,40,24
2023-11-29,1099,138,79,87,51,59,36
2023-11-30,1099,105,87,55,40,18,15
2023-12-01,1099,136,78,83,46,58,37
2023-12-02,1099,121,87,85,42,34,43
2023-12-03,1099,149,95,94,53,54,41
2023-12-04,1099,133,82,64,30,51,34
2023-12-05,1099,115,90,97,23,25,74
2023-12-06,1099,112,63,63,47,49,16
2023-12-07,1099,117,87,95,42,30,53
2023-12-08,1099,103,95,77,43,8,34
2023-12-09,1099,100,67,53,39,33,14
2023-12-10,1099,145,72,91,26,73,65
2023-12-11,1099,103,58,90,41,45,49
2023-12-12,1099,129,75,79,51,54,28
2023-12-13,1099,110,80,82,41,30,41
2023-12-14,1099,142,92,89,38,50,51
2023-12-15,1099,113,88,68,32,25,36
2023-12-16,1099,147,73,57,51,74,6
2023-12-17,1099,132,73,64,52,59,12
2023-12-18,1099,128,77,66,45,51,21
2023-12-19,1099,147,83,88,33,64,55
2023-12-20,1099,123,74,84,41,49,43
2023-12-21,1099,111,86,56,33,25,23
2023-12-22,1099,119,63,81,38,56,43
2023-12-23,1099,120,77,69,35,43,34
2023-12-24,1099,137,77,57,37,60,20
2023-12-25,1099,105,87,85,45,18,40
2023-12-26,1099,131,87,75,37,44,38
2023-12-27,1099,131,72,52,41,59,11
2023-12-28,1099,112,83,51,39,29,12
2023-12-29,1099,115,72,62,49,43,13
2023-12-30,1099,132,79,92,37,53,55
2023-12-31,1099,131,85,96,38,46,58
2023-01-01,1100,112,77,63,53,35,10
2023-01-02,1100,117,83,53,34,34,19
2023-01-03,1100,127,89,59,43,38,16
2023-01-04,1100,104,92,54,33,12,21
2023-01-05,1100,150,74,88,36,76,52
2023-01-06,1100,144,92,88,33,52,55
2023-01-07,1100,147,79,59,46,68,13
2023-01-08,1100,146,86,100,37,60,63
2023-01-09,1100,139,76,59,38,63,21
2023-01-10,1100,111,68,55,47,43,8
2023-01-11,1100,132,84,73,40,48,33
2023-01-12,1100,119,81,87,43,38,44
2023-01-13,1100,126,82,76,51,44,25
2023-01-14,1100,108,81,87,51,27,36
2023-01-15,1100,106,81,68,34,25,34
2023-01-16,1100,134,67,55,50,67,5
2023-01-17,1100,137,58,78,37,79,41
2023-01-18,1100,123,69,87,32,54,55
2023-01-19,1100,139,68,81,40,71,41
2023-01-20,1100,117,68,69,38,49,31
2023-01-21,1100,133,57,100,30,76,70
2023-01-22,1100,109,75,79,35,34,44
2023-01-23,1100,128,80,73,26,48,47
2023-01-24,1100,101,90,74,32,11,42
2023-01-25,1100,121,82,68,50,39,18
2023-01-26,1100,122,70,68,40,52,28
2023-01-27,1100,136,82,81,52,54,29
2023-01-28,1100,111,75,67,41,36,26
2023-01-29,1100,110,63,90,42,47,48
2023-01-30,1100,139,77,67,36,62,31
2023-01-31,1100,120,70,52,39,50,13
2023-02-01,1100,144,76,89,46,68,43
2023-02-02,1100,111,79,56,36,32,20
2023-02-03,1100,131,77,97,43,54,54
2023-02-04,1100,106,82,63,34,24,29
2023-02-05,1100,139,80,52,40,59,12
2023-02-06,1100,135,58,82,45,77,37
2023-02-07,1100,130,74,81,47,56,34
2023-02-08,1100,122,76,52,44,46,8
2023-02-09,1100,129,64,56,38,65,18
2023-02-10,1100,130,77,78,41,53,37
2023-02-11,1100,140,86,60,41,54,19
2023-02-12,1100,135,79,95,49,56,46
2023-02-13,1100,108,88,64,44,20,20
2023-02-14,1100,125,74,76,45,51,31
2023-02-15,1100,110,87,57,35,23,22
2023-02-16,1100,119,98,56,40,21,16
2023-02-17,1100,126,79,83,40,47,43
2023-02-18,1100,138,69,65,24,69,41
2023-02-19,1100,144,77,50,30,67,20
2023-02-20,1100,117,74,68,45,43,23
2023-02-21,1100,112,98,69,44,14,25
2023-02-22,1100,136,79,66,28,57,38
2023-02-23,1100,121,68,79,30,53,49
2023-02-24,1100,140,84,78,33,56,45
2023-02-25,1100,107,77,86,43,30,43
2023-02-26,1100,123,89,58,50,34,8
2023-02-27,1100,125,68,86,34,57,52
2023-02-28,1100,132,84,53,36,48,17
2023-03-01,1100,129,79,84,41,50,43
2023-03-02,1100,150,87,96,36,63,60
2023-03-03,1100,131,78,58,42,53,16
2023-03-04,1100,113,87,85,37,26,48
2023-03-05,1100,124,64,84,42,60,42
2023-03-06,1100,149,73,55,39,76,16
2023-03-07,1100,134,75,77,37,59,40
2023-03-08,1100,104,79,54,40,25,14
2023-03-09,1100,130,75,81,46,55,35
2023-03-10,1100,119,84,70,33,35,37
2023-03-11,1100,122,62,69,40,60,29
2023-03-12,1100,145,85,58,33,60,25
2023-03-13,1100,140,88,89,39,52,50
2023-03-14,1100,106,85,73,38,21,35
2023-03-15,1100,127,77,84,33,50,51
2023-03-16,1100,135,80,95,40,55,55
2023-03-17,1100,139,77,69,39,62,30
2023-03-18,1100,137,84,82,49,53,33
2023-03-19,1100,123,66,67,38,57,29
2023-03-20,1100,124,85,52,58,39,-6
2023-03-21,1100,137,70,69,49,67,20
2023-03-22,1100,141,84,60,34,57,26
2023-03-23,1100,134,92,72,35,42,37
2023-03-24,1100,123,103,59,40,20,19
2023-03-25,1100,111,89,52,37,22,15
2023-03-26,1100,101,79,80,40,22,40
2023-03-27,1100,150,85,84,41,65,43
2023-03-28,1100,128,81,100,39,47,61
2023-03-29,1100,138,86,76,38,52,38
2023-03-30,1100,140,96,57,41,44,16
2023-03-31,1100,118,79,63,47,39,16
2023-04-01,1100,109,82,63,41,27,22
2023-04-02,1100,144,70,87,34,74,53
2023-04-03,1100,106,81,66,56,25,10
2023-04-04,1100,125,75,57,42,50,15
2023-04-05,1100,119,70,82,45,49,37
2023-04-06,1100,133,66,94,41,67,53
2023-04-07,1100,135,85,90,30,50,60
2023-04-08,1100,120,72,87,28,48,59
2023-04-09,1100,111,82,94,42,29,52
2023-04-10,1100,122,79,77,56,43,21
2023-04-11,1100,137,77,71,38,60,33
2023-04-12,1100,136,81,88,43,55,45
2023-04-13,1100,139,79,86,45,60,41
2023-04-14,1100,112,77,66,38,35,28
2023-04-15,1100,101,85,87,50,16,37
2023-04-16,1100,143,76,91,38,67,53
2023-04-17,1100,132,68,77,28,64,49
2023-04-18,1100,123,85,82,32,38,50
2023-04-19,1100,101,85,88,39,16,49
2023-04-20,1100,116,82,52,36,34,16
2023-04-21,1100,104,95,69,45,9,24
2023-04-22,1100,119,73,67,46,46,21
2023-04-23,1100,143,88,66,50,55,16
2023-04-24,1100,115,80,55,43,35,12
2023-04-25,1100,123,87,66,36,36,30
2023-04-26,1100,103,75,79,49,28,30
2023-04-27,1100,104,68,90,41,36,49
2023-04-28,1100,114,75,50,27,39,23
2023-04-29,1100,100,70,70,43,30,27
2023-04-30,1100,107,71,100,36,36,64
2023-05-01,1100,103,74,92,34,29,58
2023-05-02,1100,122,85,61,47,37,14
2023-05-03,1100,138,87,84,40,51,44
2023-05-04,1100,114,86,77,44,28,33
2023-05-05,1100,144,73,53,53,71,0
2023-05-06,1100,121,75,93,34,46,59
2023-05-07,1100,148,89,98,40,59,58
2023-05-08,1100,112,94,77,26,18,51
2023-05-09,1100,130,84,86,45,46,41
2023-05-10,1100,140,75,50,35,65,15
2023-05-11,1100,150,83,77,43,67,34
2023-05-12,1100,128,107,100,39,21,61
2023-05-13,1100,144,84,51,45,60,6
2023-05-14,1100,136,87,71,40,49,31
2023-05-15,1100,134,70,62,45,64,17
2023-05-16,1100,122,84,58,38,38,20
2023-05-17,1100,117,68,51,34,49,17
2023-05-18,1100,109,72,54,33,37,21
2023-05-19,1100,135,78,96,43,57,53
2023-05-20,1100,100,81,62,46,19,16
2023-05-21,1100,127,79,70,42,48,28
2023-05-22,1100,143,77,82,37,66,45
2023-05-23,1100,108,79,77,45,29,32
2023-05-24,1100,100,62,50,35,38,15
2023-05-25,1100,108,93,86,45,15,41
2023-05-26,1100,146,76,90,34,70,56
2023-05-27,1100,113,77,94,43,36,51
2023-05-28,1100,117,104,60,40,13,20
2023-05-29,1100,134,81,53,39,53,14
2023-05-30,1100,127,76,59,36,51,23
2023-05-31,1100,109,96,73,39,13,34
2023-06-01,1100,138,76,99,41,62,58
2023-06-02,1100,108,88,74,41,20,33
2023-06-03,1100,115,91,95,33,24,62
2023-06-04,1100,107,83,98,37,24,61
2023-06-05,1100,116,82,67,40,34,27
2023-06-06,1100,113,55,99,34,58,65
2023-06-07,1100,134,83,71,37,51,34
2023-06-08,1100,147,80,73,39,67,34
2023-06-09,1100,120,72,73,31,48,42
2023-06-10,1100,130,78,52,33,52,19
2023-06-11,1100,122,68,69,45,54,24
2023-06-12,1100,105,87,50,41,18,9
2023-06-13,1100,127,85,70,47,42,23
2023-06-14,1100,112,72,78,50,40,28
2023-06-15,1100,126,81,63,36,45,27
2023-06-16,1100,103,82,59,36,21,23
2023-06-17,1100,114,77,85,41,37,44
2023-06-18,1100,145,92,85,31,53,54
2023-06-19,1100,108,79,95,44,29,51
2023-06-20,1100,107,92,59,34,15,25
2023-06-21,1100,143,77,89,44,66,45
2023-06-22,1100,142,81,83,49,61,34
2023-06-23,1100,121,80,90,43,41,47
2023-06-24,1100,109,85,62,37,24,25
2023-06-25,1100,106,73,96,50,33,46
2023-06-26,1100,124,86,72,44,38,28
2023-06-27,1100,114,94,79,31,20,48
2023-06-28,1100,101,81,95,39,20,56
2023-06-29,1100,111,92,91,36,19,55
2023-06-30,1100,113,68,74,30,45,44
2023-07-01,1100,121,79,71,33,42,38
2023-07-02,1100,138,96,62,42,42,20
2023-07-03,1100,135,76,67,33,59,34
2023-07-04,1100,145,62,96,41,83,55
2023-07-05,1100,126,76,71,33,50,38
2023-07-06,1100,145,79,84,37,66,47
2023-07-07,1100,142,87,98,44,55,54
2023-07-08,1100,114,71,83,37,43,46
2023-07-09,1100,129,67,68,50,62,18
2023-07-10,1100,115,70,95,35,45,60
2023-07-11,1100,145,69,66,32,76,34
2023-07-12,1100,136,95,77,37,41,40
2023-07-13,1100,118,74,54,42,44,12
2023-07-14,1100,122,86,74,46,36,28
2023-07-15,1100,121,85,94,46,36,48
2023-07-16,1100,119,82,91,37,37,54
2023-07-17,1100,123,77,61,42,46,19
2023-07-18,1100,125,91,73,31,34,42
2023-07-19,1100,126,80,75,33,46,42
2023-07-20,1100,122,69,72,41,53,31
2023-07-21,1100,150,80,58,36,70,22
2023-07-22,1100,139,74,77,47,65,30
2023-07-23,1100,116,90,50,48,26,2
2023-07-24,1100,108,84,68,38,24,30
2023-07-25,1100,120,83,51,51,37,0
2023-07-26,1100,133,65,65,31,68,34
2023-07-27,1100,149,84,99,30,65,69
2023-07-28,1100,101,75,51,46,26,5
2023-07-29,1100,150,79,85,44,71,41
2023-07-30,1100,130,75,52,38,55,14
2023-07-31,1100,130,69,50,39,61,11
2023-08-01,1100,103,89,78,27,14,51
2023-08-02,1100,141,77,78,35,64,43
2023-08-03,1100,147,84,73,41,63,32
2023-08-04,1100,132,77,94,46,55,48
2023-08-05,1100,136,85,82,42,51,40
2023-08-06,1100,112,88,83,47,24,36
2023-08-07,1100,106,76,68,29,30,39
2023-08-08,1100,104,81,84,45,23,39
2023-08-09,1100,131,67,56,41,64,15
2023-08-10,1100,102,72,99,36,30,63
2023-08-11,1100,141,77,89,50,64,39
2023-08-12,1100,114,81,95,50,33,45
2023-08-13,1100,103,77,73,51,26,22
2023-08-14,1100,139,87,59,32,52,27
2023-08-15,1100,102,78,97,39,24,58
2023-08-16,1100,115,74,56,35,41,21
2023-08-17,1100,144,84,67,37,60,30
2023-08-18,1100,112,73,91,42,39,49
2023-08-19,1100,128,82,86,41,46,45
2023-08-20,1100,103,70,69,40,33,29
2023-08-21,1100,133,84,56,49,49,7
2023-08-22,1100,109,81,66,27,28,39
2023-08-23,1100,105,75,76,48,30,28
2023-08-24,1100,142,83,72,32,59,40
2023-08-25,1100,110,67,75,52,43,23
2023-08-26,1100,132,75,95,39,57,56
2023-08-27,1100,104,75,79,41,29,38
2023-08-28,1100,107,87,93,47,20,46
2023-08-29,1100,103,77,51,39,26,12
2023-08-30,1100,131,73,69,32,58,37
2023-08-31,1100,130,86,62,33,44,29
2023-09-01,1100,103,64,90,43,39,47
2023-09-02,1100,115,85,70,42,30,28
2023-09-03,1100,139,66,53,40,73,13
2023-09-04,1100,107,86,99,35,21,64
2023-09-05,1100,148,83,58,37,65,21
2023-09-06,1100,107,82,95,34,25,61
2023-09-07,1100,143,88,81,37,55,44
2023-09-08,1100,138,81,98,42,57,56
2023-09-09,1100,107,75,61,44,32,17
2023-09-10,1100,122,84,99,38,38,61
2023-09-11,1100,148,79,63,55,69,8
2023-09-12,1100,110,78,72,38,32,34
2023-09-13,1100,104,81,88,46,23,42
2023-09-14,1100,133,93,93,41,40,52
2023-09-15,1100,110,75,90,38,35,52
2023-09-16,1100,127,80,91,39,47,52
2023-09-17,1100,128,88,80,41,40,39
2023-09-18,1100,148,66,55,37,82,18
2023-09-19,1100,103,77,85,51,26,34
2023-09-20,1100,133,90,55,29,43,26
2023-09-21,1100,125,72,57,30,53,27
2023-09-22,1100,111,94,76,32,17,44
2023-09-23,1100,107,89,75,41,18,34
2023-09-24,1100,117,82,69,43,35,26
2023-09-25,1100,142,81,60,33,61,27
2023-09-26,1100,142,83,54,46,59,8
2023-09-27,1100,131,67,62,37,64,25
2023-09-28,1100,103,87,70,28,16,42
2023-09-29,1100,138,65,89,46,73,43
2023-09-30,1100,113,85,72,25,28,47
2023-10-01,1100,108,106,69,41,2,28
2023-10-02,1100,148,86,50,44,62,6
2023-10-03,1100,105,89,93,41,16,52
2023-10-04,1100,131,64,81,37,67,44
2023-10-05,1100,113,73,96,42,40,54
2023-10-06,1100,144,90,70,44,54,26
2023-10-07,1100,101,75,57,53,26,4
2023-10-08,1100,112,85,90,47,27,43
2023-10-09,1100,145,91,64,40,54,24
2023-10-10,1100,128,82,78,39,46,39
2023-10-11,1100,115,82,95,46,33,49
2023-10-12,1100,137,93,70,39,44,31
2023-10-13,1100,149,75,79,41,74,38
2023-10-14,1100,138,86,85,41,52,44
2023-10-15,1100,147,84,55,45,63,10
2023-10-16,1100,104,75,70,42,29,28
2023-10-17,1100,115,75,68,41,40,27
2023-10-18,1100,123,96,66,38,27,28
2023-10-19,1100,107,93,62,53,14,9
2023-10-20,1100,128,83,57,50,45,7
2023-10-21,1100,112,87,87,36,25,51
2023-10-22,1100,134,66,85,44,68,41
2023-10-23,1100,105,81,66,34,24,32
2023-10-24,1100,138,77,74,47,61,27
2023-10-25,1100,111,86,60,43,25,17
2023-10-26,1100,145,80,95,31,65,64
2023-10-27,1100,115,68,98,37,47,61
2023-10-28,1100,112,82,82,27,30,55
2023-10-29,1100,115,82,60,36,33,24
2023-10-30,1100,110,75,52,42,35,10
2023-10-31,1100,114,80,71,36,34,35
2023-11-01,1100,137,90,71,43,47,28
2023-11-02,1100,106,82,92,38,24,54
2023-11-03,1100,107,94,61,40,13,21
2023-11-04,1100,111,61,58,48,50,10
2023-11-05,1100,125,76,88,41,49,47
2023-11-06,1100,101,80,85,30,21,55
2023-11-07,1100,121,73,66,47,48,19
2023-11-08,1100,124,64,74,49,60,25
2023-11-09,1100,141,87,79,40,54,39
2023-11-10,1100,102,83,64,40,19,24
2023-11-11,1100,124,91,85,48,33,37
2023-11-12,1100,143,79,52,34,64,18
2023-11-13,1100,140,92,85,40,48,45
2023-11-14,1100,120,75,51,45,45,6
2023-11-15,1100,122,90,52,38,32,14
2023-11-16,1100,120,79,100,53,41,47
2023-11-17,1100,101,76,80,25,25,55
2023-11-18,1100,126,83,86,25,43,61
2023-11-19,1100,141,97,68,37,44,31
2023-11-20,1100,146,84,64,34,62,30
2023-11-21,1100,141,86,87,45,55,42
2023-11-22,1100,137,76,64,50,61,14
2023-11-23,1100,145,88,95,43,57,52
2023-11-24,1100,146,87,95,47,59,48
2023-11-25,1100,107,70,61,27,37,34
2023-11-26,1100,148,74,96,46,74,50
2023-11-27,1100,102,80,81,38,22,43
2023-11-28,1100,147,75,80,39,72,41
2023-11-29,1100,140,86,57,42,54,15
2023-11-30,1100,104,76,81,29,28,52
2023-12-01,1100,145,88,94,48,57,46
2023-12-02,1100,142,64,59,39,78,20
2023-12-03,1100,115,81,56,44,34,12
2023-12-04,1100,120,63,52,44,57,8
2023-12-05,1100,128,78,62,25,50,37
2023-12-06,1100,104,95,62,38,9,24
2023-12-07,1100,150,79,94,28,71,66
2023-12-08,1100,119,86,50,28,33,22
2023-12-09,1100,105,80,95,35,25,60
2023-12-10,1100,149,79,62,37,70,25
2023-12-11,1100,139,92,89,35,47,54
2023-12-12,1100,113,87,54,36,26,18
2023-12-13,1100,135,75,95,32,60,63
2023-12-14,1100,142,78,98,51,64,47
2023-12-15,1100,108,85,50,43,23,7
2023-12-16,1100,104,86,57,49,18,8
2023-12-17,1100,122,65,78,30,57,48
2023-12-18,1100,126,80,83,40,46,43
2023-12-19,1100,138,72,71,36,66,35
2023-12-20,1100,138,74,59,51,64,8
2023-12-21,1100,103,83,57,61,20,-4
2023-12-22,1100,133,79,68,49,54,19
2023-12-23,1100,138,79,86,41,59,45
2023-12-24,1100,101,54,79,35,47,44
2023-12-25,1100,123,81,75,43,42,32
2023-12-26,1100,133,71,82,33,62,49
2023-12-27,1100,146,79,92,42,67,50
2023-12-28,1100,117,85,53,38,32,15
2023-12-29,1100,140,67,76,31,73,45
2023-12-30,1100,107,80,88,36,27,52
2023-12-31,1100,126,81,95,37,45,58
2023-01-01,1000,107,78,61,45,29,16
2023-01-02,1000,147,80,56,49,67,7
2023-01-03,1000,132,75,50,47,57,3
2023-01-04,1000,113,76,85,33,37,52
2023-01-05,1000,104,73,63,32,31,31
2023-01-06,1000,142,64,90,35,78,55
2023-01-07,1000,106,98,71,40,8,31
2023-01-08,1000,110,86,69,35,24,34
2023-01-09,1000,121,85,55,42,36,13
2023-01-10,1000,107,65,96,52,42,44
2023-01-11,1000,126,97,99,39,29,60
2023-01-12,1000,117,91,97,39,26,58
2023-01-13,1000,102,88,62,42,14,20
2023-01-14,1000,115,82,70,42,33,28
2023-01-15,1000,108,89,73,46,19,27
2023-01-16,1000,105,86,83,43,19,40
2023-01-17,1000,106,72,92,40,34,52
2023-01-18,1000,103,72,98,40,31,58
2023-01-19,1000,104,83,99,38,21,61
2023-01-20,1000,122,64,93,49,58,44
2023-01-21,1000,139,69,100,39,70,61
2023-01-22,1000,147,78,52,46,69,6
2023-01-23,1000,130,70,72,34,60,38
2023-01-24,1000,115,65,71,37,50,34
2023-01-25,1000,111,81,62,51,30,11
2023-01-26,1000,137,73,91,43,64,48
2023-01-27,1000,114,70,68,39,44,29
2023-01-28,1000,104,75,81,38,29,43
2023-01-29,1000,135,75,63,35,60,28
2023-01-30,1000,145,76,56,33,69,23
2023-01-31,1000,120,83,81,49,37,32
2023-02-01,1000,111,103,96,40,8,56
2023-02-02,1000,135,86,58,42,49,16
2023-02-03,1000,147,92,89,41,55,48
2023-02-04,1000,109,78,92,39,31,53
2023-02-05,1000,149,74,66,43,75,23
2023-02-06,1000,136,61,63,47,75,16
2023-02-07,1000,123,91,67,55,32,12
2023-02-08,1000,106,59,62,41,47,21
2023-02-09,1000,110,76,72,39,34,33
2023-02-10,1000,122,77,97,35,45,62
2023-02-11,1000,109,85,74,45,24,29
2023-02-12,1000,112,82,94,49,30,45
2023-02-13,1000,119,88,64,46,31,18
2023-02-14,1000,122,97,83,44,25,39
2023-02-15,1000,101,76,61,36,25,25
2023-02-16,1000,142,60,59,48,82,11
2023-02-17,1000,103,89,73,38,14,35
2023-02-18,1000,124,75,62,33,49,29
2023-02-19,1000,116,77,98,32,39,66
2023-02-20,1000,120,66,100,34,54,66
2023-02-21,1000,118,74,69,42,44,27
2023-02-22,1000,124,83,57,26,41,31
2023-02-23,1000,128,77,91,38,51,53
2023-02-24,1000,148,68,74,43,80,31
2023-02-25,1000,111,77,95,46,34,49
2023-02-26,1000,140,81,74,34,59,40
2023-02-27,1000,114,84,68,29,30,39
2023-02-28,1000,114,91,68,44,23,24
2023-03-01,1000,101,75,94,45,26,49
2023-03-02,1000,121,73,65,46,48,19
2023-03-03,1000,106,80,99,41,26,58
2023-03-04,1000,140,96,80,42,44,38
2023-03-05,1000,112,88,64,39,24,25
2023-03-06,1000,118,77,57,46,41,11
2023-03-07,1000,130,111,67,48,19,19
2023-03-08,1000,149,90,86,42,59,44
2023-03-09,1000,143,76,69,32,67,37
2023-03-10,1000,100,102,74,39,-2,35
2023-03-11,1000,140,92,57,56,48,1
2023-03-12,1000,108,96,74,31,12,43
2023-03-13,1000,124,88,52,33,36,19
2023-03-14,1000,114,74,89,47,40,42
2023-03-15,1000,142,70,68,42,72,26
2023-03-16,1000,121,76,81,34,45,47
2023-03-17,1000,116,99,67,36,17,31
2023-03-18,1000,108,65,71,40,43,31
2023-03-19,1000,117,84,89,37,33,52
2023-03-20,1000,143,76,59,28,67,31
2023-03-21,1000,129,90,80,41,39,39
2023-03-22,1000,100,79,79,44,21,35
2023-03-23,1000,130,78,93,49,52,44
2023-03-24,1000,124,72,96,38,52,58
2023-03-25,1000,128,83,99,54,45,45
2023-03-26,1000,131,84,55,37,47,18
2023-03-27,1000,113,92,100,41,21,59
2023-03-28,1000,121,77,91,44,44,47
2023-03-29,1000,112,54,86,38,58,48
2023-03-30,1000,107,81,53,48,26,5
2023-03-31,1000,117,84,83,28,33,55
2023-04-01,1000,142,76,64,42,66,22
2023-04-02,1000,100,74,79,36,26,43
2023-04-03,1000,128,72,53,42,56,11
2023-04-04,1000,140,66,78,31,74,47
2023-04-05,1000,140,92,83,40,48,43
2023-04-06,1000,122,80,61,39,42,22
2023-04-07,1000,120,75,66,43,45,23
2023-04-08,1000,117,81,91,39,36,52
2023-04-09,1000,107,81,96,44,26,52
2023-04-10,1000,111,75,72,32,36,40
2023-04-11,1000,105,80,74,39,25,35
2023-04-12,1000,131,90,78,31,41,47
2023-04-13,1000,148,71,51,52,77,-1
2023-04-14,1000,148,72,80,39,76,41
2023-04-15,1000,106,88,99,52,18,47
2023-04-16,1000,108,79,71,55,29,16
2023-04-17,1000,133,83,99,39,50,60
2023-04-18,1000,106,80,68,38,26,30
2023-04-19,1000,100,77,96,52,23,44
2023-04-20,1000,129,79,72,50,50,22
2023-04-21,1000,112,93,89,49,19,40
2023-04-22,1000,103,72,50,40,31,10
2023-04-23,1000,105,77,71,30,28,41
2023-04-24,1000,143,90,53,33,53,20
2023-04-25,1000,120,77,85,37,43,48
2023-04-26,1000,133,73,63,26,60,37
2023-04-27,1000,104,75,64,33,29,31
2023-04-28,1000,104,76,50,43,28,7
2023-04-29,1000,118,82,63,38,36,25
2023-04-30,1000,140,71,76,44,69,32
2023-05-01,1000,150,94,61,50,56,11
2023-05-02,1000,100,73,94,47,27,47
2023-05-03,1000,148,82,75,38,66,37
2023-05-04,1000,114,83,86,43,31,43
2023-05-05,1000,101,71,90,35,30,55
2023-05-06,1000,135,88,69,39,47,30
2023-05-07,1000,132,71,78,41,61,37
2023-05-08,1000,133,63,70,48,70,22
2023-05-09,1000,129,70,62,36,59,26
2023-05-10,1000,145,63,69,42,82,27
2023-05-11,1000,140,89,83,52,51,31
2023-05-12,1000,134,73,87,38,61,49
2023-05-13,1000,111,80,94,37,31,57
2023-05-14,1000,120,64,77,39,56,38
2023-05-15,1000,138,75,67,41,63,26
2023-05-16,1000,128,68,73,34,60,39
2023-05-17,1000,123,93,59,36,30,23
2023-05-18,1000,101,74,68,32,27,36
2023-05-19,1000,146,73,66,35,73,31
2023-05-20,1000,137,85,95,38,52,57
2023-05-21,1000,112,95,50,42,17,8
2023-05-22,1000,150,81,99,41,69,58
2023-05-23,1000,109,71,100,43,38,57
2023-05-24,1000,115,80,94,27,35,67
2023-05-25,1000,146,77,93,44,69,49
2023-05-26,1000,100,66,70,47,34,23
2023-05-27,1000,124,82,71,44,42,27
2023-05-28,1000,100,92,70,34,8,36
2023-05-29,1000,143,75,93,55,68,38
2023-05-30,1000,116,85,80,36,31,44
2023-05-31,1000,105,68,97,35,37,62
2023-06-01,1000,104,88,70,35,16,35
2023-06-02,1000,129,87,62,43,42,19
2023-06-03,1000,118,65,62,42,53,20
2023-06-04,1000,121,87,56,40,34,16
2023-06-05,1000,128,76,70,41,52,29
2023-06-06,1000,102,75,62,42,27,20
2023-06-07,1000,133,73,82,43,60,39
2023-06-08,1000,127,86,55,46,41,9
2023-06-09,1000,147,69,95,47,78,48
2023-06-10,1000,114,78,66,43,36,23
2023-06-11,1000,101,67,89,31,34,58
2023-06-12,1000,147,85,77,26,62,51
2023-06-13,1000,119,65,95,37,54,58
2023-06-14,1000,133,83,97,32,50,65
2023-06-15,1000,120,75,70,37,45,33
2023-06-16,1000,122,88,50,41,34,9
2023-06-17,1000,110,69,54,48,41,6
2023-06-18,1000,123,69,51,37,54,14
2023-06-19,1000,121,72,71,45,49,26
2023-06-20,1000,134,78,61,40,56,21
2023-06-21,1000,128,79,51,38,49,13
2023-06-22,1000,100,69,55,41,31,14
2023-06-23,1000,127,86,57,34,41,23
2023-06-24,1000,132,86,86,42,46,44
2023-06-25,1000,101,94,56,38,7,18
2023-06-26,1000,103,98,65,31,5,34
2023-06-27,1000,123,81,71,32,42,39
2023-06-28,1000,106,60,95,44,46,51
2023-06-29,1000,131,81,86,38,50,48
2023-06-30,1000,150,80,93,41,70,52
2023-07-01,1000,133,79,61,43,54,18
2023-07-02,1000,127,77,67,41,50,26
2023-07-03,1000,130,76,57,48,54,9
2023-07-04,1000,143,67,82,42,76,40
2023-07-05,1000,146,69,98,37,77,61
2023-07-06,1000,108,80,91,49,28,42
2023-07-07,1000,128,103,86,49,25,37
2023-07-08,1000,123,94,89,39,29,50
2023-07-09,1000,143,73,85,37,70,48
2023-07-10,1000,131,69,94,53,62,41
2023-07-11,1000,144,74,69,33,70,36
2023-07-12,1000,144,80,92,42,64,50
2023-07-13,1000,103,64,59,34,39,25
2023-07-14,1000,143,88,71,40,55,31
2023-07-15,1000,130,80,100,36,50,64
2023-07-16,1000,120,73,83,40,47,43
2023-07-17,1000,139,99,75,38,40,37
2023-07-18,1000,147,74,96,32,73,64
2023-07-19,1000,108,83,62,29,25,33
2023-07-20,1000,115,72,57,41,43,16
2023-07-21,1000,121,80,85,39,41,46
2023-07-22,1000,141,85,89,42,56,47
2023-07-23,1000,111,80,90,44,31,46
2023-07-24,1000,106,74,95,35,32,60
2023-07-25,1000,127,87,69,37,40,32
2023-07-26,1000,143,84,66,52,59,14
2023-07-27,1000,107,84,83,46,23,37
2023-07-28,1000,135,73,93,42,62,51
2023-07-29,1000,101,79,71,25,22,46
2023-07-30,1000,120,66,59,45,54,14
2023-07-31,1000,125,72,71,41,53,30
2023-08-01,1000,145,69,71,41,76,30
2023-08-02,1000,140,73,99,33,67,66
2023-08-03,1000,107,72,88,43,35,45
2023-08-04,1000,121,90,67,40,31,27
2023-08-05,1000,125,80,70,40,45,30
2023-08-06,1000,118,72,93,55,46,38
2023-08-07,1000,111,81,67,42,30,25
2023-08-08,1000,122,78,74,33,44,41
2023-08-09,1000,119,80,98,39,39,59
2023-08-10,1000,116,82,91,35,34,56
2023-08-11,1000,121,95,68,47,26,21
2023-08-12,1000,108,85,94,54,23,40
2023-08-13,1000,127,83,91,44,44,47
2023-08-14,1000,123,93,98,36,30,62
2023-08-15,1000,137,98,77,46,39,31
2023-08-16,1000,137,71,63,39,66,24
2023-08-17,1000,121,91,85,36,30,49
2023-08-18,1000,115,78,89,34,37,55
2023-08-19,1000,122,81,97,42,41,55
2023-08-20,1000,139,95,67,37,44,30
2023-08-21,1000,106,78,99,32,28,67
2023-08-22,1000,128,78,50,40,50,10
2023-08-23,1000,122,79,52,41,43,11
2023-08-24,1000,140,79,86,47,61,39
2023-08-25,1000,143,78,62,41,65,21
2023-08-26,1000,129,102,63,40,27,23
2023-08-27,1000,100,82,96,34,18,62
2023-08-28,1000,143,63,91,51,80,40
2023-08-29,1000,108,67,78,41,41,37
2023-08-30,1000,145,82,56,41,63,15
2023-08-31,1000,125,86,78,39,39,39
2023-09-01,1000,140,70,70,37,70,33
2023-09-02,1000,147,81,94,44,66,50
2023-09-03,1000,104,86,61,42,18,19
2023-09-04,1000,124,78,60,37,46,23
2023-09-05,1000,135,91,99,42,44,57
2023-09-06,1000,122,74,81,54,48,27
2023-09-07,1000,107,85,53,36,22,17
2023-09-08,1000,105,73,85,42,32,43
2023-09-09,1000,109,83,97,47,26,50
2023-09-10,1000,135,86,98,32,49,66
2023-09-11,1000,139,73,96,41,66,55
2023-09-12,1000,109,78,95,38,31,57
2023-09-13,1000,118,89,93,39,29,54
2023-09-14,1000,150,62,69,50,88,19
2023-09-15,1000,141,86,98,38,55,60
2023-09-16,1000,138,90,97,48,48,49
2023-09-17,1000,120,77,79,51,43,28
2023-09-18,1000,150,86,58,51,64,7
2023-09-19,1000,109,81,96,32,28,64
2023-09-20,1000,149,75,66,41,74,25
2023-09-21,1000,133,94,73,45,39,28
2023-09-22,1000,132,80,94,35,52,59
2023-09-23,1000,109,72,68,45,37,23
2023-09-24,1000,102,87,69,48,15,21
2023-09-25,1000,143,77,79,44,66,35
2023-09-26,1000,118,78,84,39,40,45
2023-09-27,1000,122,77,54,34,45,20
2023-09-28,1000,105,78,68,34,27,34
2023-09-29,1000,148,87,67,32,61,35
2023-09-30,1000,142,62,90,42,80,48
2023-10-01,1000,114,86,78,37,28,41
2023-10-02,1000,116,76,65,38,40,27
2023-10-03,1000,137,83,94,34,54,60
2023-10-04,1000,117,81,97,49,36,48
2023-10-05,1000,113,81,77,42,32,35
2023-10-06,1000,104,88,78,50,16,28
2023-10-07,1000,141,95,88,40,46,48
2023-10-08,1000,150,80,91,31,70,60
2023-10-09,1000,137,65,90,42,72,48
2023-10-10,1000,143,80,73,40,63,33
2023-10-11,1000,135,87,87,43,48,44
2023-10-12,1000,102,85,68,42,17,26
2023-10-13,1000,115,84,90,51,31,39
2023-10-14,1000,112,78,74,40,34,34
2023-10-15,1000,136,71,71,54,65,17
2023-10-16,1000,142,80,77,48,62,29
2023-10-17,1000,128,83,80,41,45,39
2023-10-18,1000,132,87,57,32,45,25
2023-10-19,1000,136,95,93,43,41,50
2023-10-20,1000,127,82,59,41,45,18
2023-10-21,1000,105,79,50,50,26,0
2023-10-22,1000,119,84,99,33,35,66
2023-10-23,1000,149,75,66,37,74,29
2023-10-24,1000,132,96,71,33,36,38
2023-10-25,1000,116,95,85,41,21,44
2023-10-26,1000,130,73,83,36,57,47
2023-10-27,1000,127,79,56,47,48,9
2023-10-28,1000,131,90,83,40,41,43
2023-10-29,1000,149,76,59,34,73,25
2023-10-30,1000,130,88,85,40,42,45
2023-10-31,1000,116,86,100,36,30,64
2023-11-01,1000,110,90,92,38,20,54
2023-11-02,1000,101,72,82,50,29,32
2023-11-03,1000,141,78,50,40,63,10
2023-11-04,1000,122,96,98,49,26,49
2023-11-05,1000,136,74,96,40,62,56
2023-11-06,1000,100,83,57,40,17,17
2023-11-07,1000,130,80,63,31,50,32
2023-11-08,1000,131,68,66,48,63,18
2023-11-09,1000,107,94,97,27,13,70
2023-11-10,1000,117,76,99,29,41,70
2023-11-11,1000,105,68,51,28,37,23
2023-11-12,1000,114,90,80,35,24,45
2023-11-13,1000,125,96,76,36,29,40
2023-11-14,1000,132,72,81,36,60,45
2023-11-15,1000,111,92,63,44,19,19
2023-11-16,1000,101,83,80,43,18,37
2023-11-17,1000,106,93,64,42,13,22
2023-11-18,1000,119,64,95,35,55,60
2023-11-19,1000,111,88,72,50,23,22
2023-11-20,1000,150,87,100,37,63,63
2023-11-21,1000,133,84,80,35,49,45
2023-11-22,1000,141,88,64,36,53,28
2023-11-23,1000,101,88,71,43,13,28
2023-11-24,1000,105,94,61,40,11,21
2023-11-25,1000,122,82,77,34,40,43
2023-11-26,1000,111,76,74,28,35,46
2023-11-27,1000,103,80,93,39,23,54
2023-11-28,1000,130,72,80,36,58,44
2023-11-29,1000,112,78,76,42,34,34
2023-11-30,1000,129,77,84,49,52,35
2023-12-01,1000,119,84,62,40,35,22
2023-12-02,1000,145,81,53,42,64,11
2023-12-03,1000,146,72,73,38,74,35
2023-12-04,1000,137,89,77,42,48,35
2023-12-05,1000,140,84,89,46,56,43
2023-12-06,1000,131,71,58,44,60,14
2023-12-07,1000,134,79,57,47,55,10
2023-12-08,1000,119,56,100,34,63,66
2023-12-09,1000,114,78,67,35,36,32
2023-12-10,1000,130,77,93,37,53,56
2023-12-11,1000,105,83,90,43,22,47
2023-12-12,1000,133,82,99,33,51,66
2023-12-13,1000,111,80,85,53,31,32
2023-12-14,1000,148,63,66,56,85,10
2023-12-15,1000,149,74,78,39,75,39
2023-12-16,1000,127,93,93,30,34,63
2023-12-17,1000,127,84,60,30,43,30
2023-12-18,1000,129,86,87,48,43,39
2023-12-19,1000,132,80,99,38,52,61
2023-12-20,1000,109,82,100,35,27,65
2023-12-21,1000,127,82,58,36,45,22
2023-12-22,1000,144,70,84,39,74,45
2023-12-23,1000,147,72,66,52,75,14
2023-12-24,1000,117,93,95,27,24,68
2023-12-25,1000,132,62,83,40,70,43
2023-12-26,1000,138,90,57,48,48,9
2023-12-27,1000,105,81,99,26,24,73
2023-12-28,1000,134,78,78,43,56,35
2023-12-29,1000,131,77,98,27,54,71
2023-12-30,1000,106,77,58,50,29,8
2023-12-31,1000,147,77,73,41,70,32
2023-01-01,1001,103,91,73,50,12,23
2023-01-02,1001,144,85,62,42,59,20
2023-01-03,1001,103,91,61,42,12,19
2023-01-04,1001,108,68,68,27,40,41
2023-01-05,1001,149,82,66,39,67,27
2023-01-06,1001,122,88,83,40,34,43
2023-01-07,1001,143,77,64,37,66,27
2023-01-08,1001,111,84,95,34,27,61
2023-01-09,1001,130,93,63,38,37,25
2023-01-10,1001,112,92,68,41,20,27
2023-01-11,1001,125,78,92,32,47,60
2023-01-12,1001,128,89,61,39,39,22
2023-01-13,1001,131,82,93,43,49,50
2023-01-14,1001,107,71,50,47,36,3
2023-01-15,1001,145,77,69,29,68,40
2023-01-16,1001,125,87,83,41,38,42
2023-01-17,1001,134,79,84,53,55,31
2023-01-18,1001,133,92,81,49,41,32
2023-01-19,1001,122,87,95,40,35,55
2023-01-20,1001,100,81,84,46,19,38
2023-01-21,1001,126,68,85,40,58,45
2023-01-22,1001,148,97,88,37,51,51
2023-01-23,1001,149,73,63,38,76,25
2023-01-24,1001,122,97,84,46,25,38
2023-01-25,1001,107,60,63,45,47,18
2023-01-26,1001,113,80,67,47,33,20
2023-01-27,1001,127,72,76,39,55,37
2023-01-28,1001,130,77,98,54,53,44
2023-01-29,1001,126,85,92,36,41,56
2023-01-30,1001,139,69,76,44,70,32
2023-01-31,1001,130,86,92,46,44,46
2023-02-01,1001,131,83,55,41,48,14
2023-02-02,1001,126,62,50,39,64,11
2023-02-03,1001,130,87,85,48,43,37
2023-02-04,1001,142,90,84,36,52,48
2023-02-05,1001,135,89,57,33,46,24
2023-02-06,1001,142,64,54,41,78,13
2023-02-07,1001,118,86,66,42,32,24
2023-02-08,1001,131,75,58,46,56,12
2023-02-09,1001,103,85,96,31,18,65
2023-02-10,1001,106,76,61,37,30,24
2023-02-11,1001,103,87,100,50,16,50
2023-02-12,1001,142,73,75,43,69,32
2023-02-13,1001,103,78,92,44,25,48
2023-02-14,1001,137,89,85,34,48,51
2023-02-15,1001,114,67,52,50,47,2
2023-02-16,1001,109,102,93,40,7,53
2023-02-17,1001,121,78,76,37,43,39
2023-02-18,1001,116,78,57,30,38,27
2023-02-19,1001,110,85,87,56,25,31
2023-02-20,1001,116,83,71,38,33,33
2023-02-21,1001,129,88,55,43,41,12
2023-02-22,1001,139,86,77,40,53,37
2023-02-23,1001,113,79,100,43,34,57
2023-02-24,1001,145,76,52,48,69,4
2023-02-25,1001,120,74,100,47,46,53
2023-02-26,1001,133,73,62,49,60,13
2023-02-27,1001,149,78,90,46,71,44
2023-02-28,1001,126,84,65,39,42,26
2023-03-01,1001,140,85,79,37,55,42
2023-03-02,1001,129,92,91,45,37,46
2023-03-03,1001,127,83,66,43,44,23
2023-03-04,1001,110,81,52,45,29,7
2023-03-05,1001,132,75,85,38,57,47
2023-03-06,1001,144,77,53,47,67,6
2023-03-07,1001,149,79,76,38,70,38
2023-03-08,1001,132,66,87,33,66,54
2023-03-09,1001,147,68,53,41,79,12
2023-03-10,1001,148,64,91,37,84,54
2023-03-11,1001,106,81,56,56,25,0
2023-03-12,1001,128,101,78,42,27,36
2023-03-13,1001,121,77,64,34,44,30
2023-03-14,1001,135,86,56,33,49,23
2023-03-15,1001,112,107,71,39,5,32
2023-03-16,1001,142,80,75,40,62,35
2023-03-17,1001,136,76,57,38,60,19
2023-03-18,1001,129,76,70,41,53,29
2023-03-19,1001,126,97,86,51,29,35
2023-03-20,1001,149,82,85,30,67,55
2023-03-21,1001,133,77,65,46,56,19
2023-03-22,1001,120,72,76,43,48,33
2023-03-23,1001,121,73,97,39,48,58
2023-03-24,1001,132,79,89,46,53,43
2023-03-25,1001,136,76,75,40,60,35
2023-03-26,1001,124,84,79,39,40,40
2023-03-27,1001,131,66,90,52,65,38
2023-03-28,1001,106,87,57,38,19,19
2023-03-29,1001,134,75,79,42,59,37
2023-03-30,1001,106,72,91,36,34,55
2023-03-31,1001,142,77,50,46,65,4
2023-04-01,1001,146,79,98,41,67,57
2023-04-02,1001,126,81,85,31,45,54
2023-04-03,1001,120,77,51,33,43,18
2023-04-04,1001,120,79,90,21,41,69
2023-04-05,1001,122,70,79,41,52,38
2023-04-06,1001,116,71,98,41,45,57
2023-04-07,1001,109,88,59,35,21,24
2023-04-08,1001,121,90,50,33,31,17
2023-04-09,1001,143,73,63,33,70,30
2023-04-10,1001,127,83,80,47,44,33
2023-04-11,1001,123,89,80,40,34,40
2023-04-12,1001,135,78,82,41,57,41
2023-04-13,1001,122,92,66,35,30,31
2023-04-14,1001,131,79,61,52,52,9
2023-04-15,1001,105,87,56,42,18,14
2023-04-16,1001,146,80,76,32,66,44
2023-04-17,1001,116,85,52,42,31,10
2023-04-18,1001,140,70,84,33,70,51
2023-04-19,1001,102,99,95,37,3,58
2023-04-20,1001,147,77,53,33,70,20
2023-04-21,1001,140,99,98,46,41,52
2023-04-22,1001,144,62,80,46,82,34
2023-04-23,1001,101,90,85,36,11,49
2023-04-24,1001,116,72,68,34,44,34
2023-04-25,1001,133,90,69,43,43,26
2023-04-26,1001,117,102,99,54,15,45
2023-04-27,1001,117,75,63,45,42,18
2023-04-28,1001,145,84,68,46,61,22
2023-04-29,1001,115,80,74,34,35,40
2023-04-30,1001,111,85,56,49,26,7
2023-05-01,1001,107,90,86,40,17,46
2023-05-02,1001,123,85,57,39,38,18
2023-05-03,1001,138,65,97,43,73,54
2023-05-04,1001,109,88,53,38,21,15
2023-05-05,1001,108,84,61,32,24,29
2023-05-06,1001,135,80,66,38,55,28
2023-05-07,1001,125,84,91,42,41,49
2023-05-08,1001,148,92,55,38,56,17
2023-05-09,1001,117,92,57,33,25,24
2023-05-10,1001,102,82,57,33,20,24
2023-05-11,1001,147,76,82,32,71,50
2023-05-12,1001,106,74,90,33,32,57
2023-05-13,1001,122,65,62,48,57,14
2023-05-14,1001,130,77,93,39,53,54
2023-05-15,1001,103,86,78,44,17,34
2023-05-16,1001,136,79,70,36,57,34
2023-05-17,1001,117,94,64,42,23,22
2023-05-18,1001,109,97,64,35,12,29
2023-05-19,1001,127,68,92,34,59,58
2023-05-20,1001,149,82,74,48,67,26
2023-05-21,1001,146,85,54,30,61,24
2023-05-22,1001,138,88,54,56,50,-2
2023-05-23,1001,127,81,51,32,46,19
2023-05-24,1001,102,76,55,40,26,15
2023-05-25,1001,105,97,56,45,8,11
2023-05-26,1001,128,67,75,36,61,39
2023-05-27,1001,100,76,94,48,24,46
2023-05-28,1001,132,86,65,45,46,20
2023-05-29,1001,144,72,84,36,72,48
2023-05-30,1001,122,83,69,50,39,19
2023-05-31,1001,139,78,71,47,61,24
2023-06-01,1001,145,86,72,39,59,33
2023-06-02,1001,144,93,99,42,51,57
2023-06-03,1001,135,94,88,41,41,47
2023-06-04,1001,133,73,55,47,60,8
2023-06-05,1001,145,82,78,46,63,32
2023-06-06,1001,134,67,63,43,67,20
2023-06-07,1001,126,73,57,42,53,15
2023-06-08,1001,106,69,97,48,37,49
2023-06-09,1001,146,92,60,32,54,28
2023-06-10,1001,149,72,93,42,77,51
2023-06-11,1001,130,81,84,46,49,38
2023-06-12,1001,123,81,87,42,42,45
2023-06-13,1001,141,82,100,44,59,56
2023-06-14,1001,131,94,73,52,37,21
2023-06-15,1001,139,76,84,50,63,34
2023-06-16,1001,122,86,81,40,36,41
2023-06-17,1001,150,90,85,31,60,54
2023-06-18,1001,123,67,69,37,56,32
2023-06-19,1001,137,78,64,30,59,34
2023-06-20,1001,117,66,80,37,51,43
2023-06-21,1001,149,77,59,38,72,21
2023-06-22,1001,110,65,62,42,45,20
2023-06-23,1001,125,68,96,37,57,59
2023-06-24,1001,131,77,94,35,54,59
2023-06-25,1001,125,74,94,33,51,61
2023-06-26,1001,142,81,88,46,61,42
2023-06-27,1001,123,57,64,36,66,28
2023-06-28,1001,131,94,50,55,37,-5
2023-06-29,1001,144,91,93,37,53,56
2023-06-30,1001,108,79,64,44,29,20
2023-07-01,1001,108,86,64,38,22,26
2023-07-02,1001,132,78,50,44,54,6
2023-07-03,1001,110,76,67,42,34,25
2023-07-04,1001,109,81,99,37,28,62
2023-07-05,1001,104,62,85,39,42,46
2023-07-06,1001,113,69,53,44,44,9
2023-07-07,1001,142,78,64,38,64,26
2023-07-08,1001,150,89,89,51,61,38
2023-07-09,1001,133,78,72,50,55,22
2023-07-10,1001,150,83,50,37,67,13
2023-07-11,1001,119,74,97,37,45,60
2023-07-12,1001,141,69,65,54,72,11
2023-07-13,1001,100,78,55,52,22,3
2023-07-14,1001,148,82,97,39,66,58
2023-07-15,1001,122,76,86,38,46,48
2023-07-16,1001,117,81,76,39,36,37
2023-07-17,1001,113,72,67,36,41,31
2023-07-18,1001,117,92,67,34,25,33
2023-07-19,1001,100,91,89,44,9,45
2023-07-20,1001,119,90,63,45,29,18
2023-07-21,1001,150,89,55,46,61,9
2023-07-22,1001,131,86,91,49,45,42
2023-07-23,1001,116,79,87,49,37,38
2023-07-24,1001,146,81,97,38,65,59
2023-07-25,1001,105,79,78,33,26,45
2023-07-26,1001,110,78,51,47,32,4
2023-07-27,1001,136,79,51,35,57,16
2023-07-28,1001,100,85,61,43,15,18
2023-07-29,1001,127,93,79,49,34,30
2023-07-30,1001,107,83,76,43,24,33
2023-07-31,1001,100,67,94,44,33,50
2023-08-01,1001,126,66,93,39,60,54
2023-08-02,1001,139,86,91,40,53,51
2023-08-03,1001,101,76,56,45,25,11
2023-08-04,1001,119,70,53,45,49,8
2023-08-05,1001,141,80,95,57,61,38
2023-08-06,1001,106,78,62,53,28,9
2023-08-07,1001,129,65,66,33,64,33
2023-08-08,1001,148,72,71,38,76,33
2023-08-09,1001,114,89,89,37,25,52
2023-08-10,1001,133,75,82,35,58,47
2023-08-11,1001,137,93,53,46,44,7
2023-08-12,1001,102,91,87,36,11,51
2023-08-13,1001,133,84,73,29,49,44
2023-08-14,1001,129,72,50,30,57,20
2023-08-15,1001,123,84,60,37,39,23
2023-08-16,1001,117,93,60,35,24,25
2023-08-17,1001,133,90,56,46,43,10
2023-08-18,1001,104,74,89,35,30,54
2023-08-19,1001,146,66,98,47,80,51
2023-08-20,1001,102,77,50,47,25,3
2023-08-21,1001,144,95,58,45,49,13
2023-08-22,1001,147,64,88,55,83,33
2023-08-23,1001,125,69,98,46,56,52
2023-08-24,1001,148,93,97,41,55,56
2023-08-25,1001,126,79,91,34,47,57
2023-08-26,1001,147,86,82,37,61,45
2023-08-27,1001,109,95,70,40,14,30
2023-08-28,1001,125,72,93,37,53,56
2023-08-29,1001,147,86,87,38,61,49
2023-08-30,1001,131,78,80,60,53,20
2023-08-31,1001,121,80,66,35,41,31
2023-09-01,1001,124,77,99,44,47,55
2023-09-02,1001,112,77,100,40,35,60
2023-09-03,1001,113,78,73,51,35,22
2023-09-04,1001,138,70,76,49,68,27
2023-09-05,1001,102,83,81,39,19,42
2023-09-06,1001,150,82,99,30,68,69
2023-09-07,1001,145,77,81,44,68,37
2023-09-08,1001,138,70,68,41,68,27
2023-09-09,1001,136,83,57,45,53,12
2023-09-10,1001,119,87,91,36,32,55
2023-09-11,1001,138,97,68,48,41,20
2023-09-12,1001,130,92,67,46,38,21
2023-09-13,1001,101,96,58,40,5,18
2023-09-14,1001,138,83,80,35,55,45
2023-09-15,1001,131,84,63,29,47,34
2023-09-16,1001,124,81,85,38,43,47
2023-09-17,1001,102,70,90,41,32,49
2023-09-18,1001,115,84,93,45,31,48
2023-09-19,1001,126,84,57,45,42,12
2023-09-20,1001,144,85,81,47,59,34
2023-09-21,1001,126,73,65,34,53,31
2023-09-22,1001,113,75,95,40,38,55
2023-09-23,1001,108,79,89,38,29,51
2023-09-24,1001,128,96,89,40,32,49
2023-09-25,1001,133,77,99,48,56,51
2023-09-26,1001,138,72,74,48,66,26
2023-09-27,1001,103,63,54,33,40,21
2023-09-28,1001,136,82,80,36,54,44
2023-09-29,1001,124,84,60,42,40,18
2023-09-30,1001,103,68,86,42,35,44
2023-10-01,1001,103,89,81,40,14,41
2023-10-02,1001,123,77,70,41,46,29
2023-10-03,1001,138,72,69,48,66,21
2023-10-04,1001,139,82,90,46,57,44
2023-10-05,1001,121,69,55,34,52,21
2023-10-06,1001,126,95,72,30,31,42
2023-10-07,1001,146,78,79,31,68,48
2023-10-08,1001,136,79,96,39,57,57
2023-10-09,1001,126,84,82,55,42,27
2023-10-10,1001,135,70,61,40,65,21
2023-10-11,1001,102,88,87,46,14,41
2023-10-12,1001,107,80,91,34,27,57
2023-10-13,1001,149,72,66,37,77,29
2023-10-14,1001,147,84,80,42,63,38
2023-10-15,1001,123,86,78,38,37,40
2023-10-16,1001,150,87,90,29,63,61
2023-10-17,1001,100,89,64,46,11,18
2023-10-18,1001,104,73,75,34,31,41
2023-10-19,1001,100,85,80,45,15,35
2023-10-20,1001,114,90,86,41,24,45
2023-10-21,1001,119,69,83,32,50,51
2023-10-22,1001,150,66,63,43,84,20
2023-10-23,1001,105,75,95,37,30,58
2023-10-24,1001,112,74,95,40,38,55
2023-10-25,1001,139,91,93,46,48,47
2023-10-26,1001,109,74,87,32,35,55
2023-10-27,1001,148,88,99,38,60,61
2023-10-28,1001,114,92,90,37,22,53
2023-10-29,1001,147,87,50,33,60,17
2023-10-30,1001,117,73,76,49,44,27
2023-10-31,1001,107,86,92,34,21,58
2023-11-01,1001,117,73,69,55,44,14
2023-11-02,1001,140,74,100,38,66,62
2023-11-03,1001,132,81,52,40,51,12
2023-11-04,1001,107,87,97,32,20,65
2023-11-05,1001,110,75,95,36,35,59
2023-11-06,1001,101,82,77,42,19,35
2023-11-07,1001,135,60,91,40,75,51
2023-11-08,1001,109,70,95,34,39,61
2023-11-09,1001,109,88,66,32,21,34
2023-11-10,1001,111,78,79,41,33,38
2023-11-11,1001,105,86,82,36,19,46
2023-11-12,1001,134,64,99,51,70,48
2023-11-13,1001,111,80,62,44,31,18
2023-11-14,1001,111,99,89,35,12,54
2023-11-15,1001,104,77,55,39,27,16
2023-11-16,1001,127,80,64,44,47,20
2023-11-17,1001,129,71,90,46,58,44
2023-11-18,1001,118,82,85,54,36,31
2023-11-19,1001,120,61,57,32,59,25
2023-11-20,1001,138,61,68,40,77,28
2023-11-21,1001,128,76,57,34,52,23
2023-11-22,1001,127,88,56,47,39,9
2023-11-23,1001,141,79,94,47,62,47
2023-11-24,1001,116,69,53,35,47,18
2023-11-25,1001,130,73,66,37,57,29
2023-11-26,1001,137,88,80,43,49,37
2023-11-27,1001,137,78,82,39,59,43
2023-11-28,1001,110,99,97,39,11,58
2023-11-29,1001,108,81,85,32,27,53
2023-11-30,1001,133,87,67,40,46,27
2023-12-01,1001,145,75,63,26,70,37
2023-12-02,1001,122,67,86,38,55,48
2023-12-03,1001,117,83,68,40,34,28
2023-12-04,1001,122,62,60,35,60,25
2023-12-05,1001,149,85,60,37,64,23
2023-12-06,1001,119,84,99,42,35,57
2023-12-07,1001,115,79,94,46,36,48
2023-12-08,1001,132,84,58,44,48,14
2023-12-09,1001,100,67,83,38,33,45
2023-12-10,1001,149,76,76,33,73,43
2023-12-11,1001,141,85,95,48,56,47
2023-12-12,1001,150,101,61,47,49,14
2023-12-13,1001,119,72,84,37,47,47
2023-12-14,1001,123,73,58,42,50,16
2023-12-15,1001,122,86,80,42,36,38
2023-12-16,1001,122,76,55,47,46,8
2023-12-17,1001,138,75,69,45,63,24
2023-12-18,1001,147,83,67,35,64,32
2023-12-19,1001,144,73,70,30,71,40
2023-12-20,1001,128,84,75,53,44,22
2023-12-21,1001,103,67,87,48,36,39
2023-12-22,1001,137,68,62,44,69,18
2023-12-23,1001,114,94,82,30,20,52
2023-12-24,1001,121,61,72,34,60,38
2023-12-25,1001,134,85,89,55,49,34
2023-12-26,1001,109,80,92,52,29,40
2023-12-27,1001,109,83,98,42,26,56
2023-12-28,1001,122,82,100,51,40,49
2023-12-29,1001,100,88,91,46,12,45
2023-12-30,1001,139,76,57,47,63,10
2023-12-31,1001,138,69,67,36,69,31
2023-01-01,1002,132,88,89,45,44,44
2023-01-02,1002,108,84,98,53,24,45
2023-01-03,1002,103,83,99,37,20,62
2023-01-04,1002,115,79,79,44,36,35
2023-01-05,1002,104,76,93,33,28,60
2023-01-06,1002,107,79,100,47,28,53
2023-01-07,1002,146,78,96,34,68,62
2023-01-08,1002,118,84,55,36,34,19
2023-01-09,1002,150,65,71,24,85,47
2023-01-10,1002,150,89,89,39,61,50
2023-01-11,1002,109,111,59,44,-2,15
2023-01-12,1002,121,88,62,44,33,18
2023-01-13,1002,138,90,96,34,48,62
2023-01-14,1002,106,73,87,33,33,54
2023-01-15,1002,150,81,76,34,69,42
2023-01-16,1002,101,90,54,49,11,5
2023-01-17,1002,126,78,99,39,48,60
2023-01-18,1002,102,85,100,37,17,63
2023-01-19,1002,127,72,99,40,55,59
2023-01-20,1002,139,68,87,39,71,48
2023-01-21,1002,137,70,50,41,67,9
2023-01-22,1002,128,68,55,40,60,15
2023-01-23,1002,125,80,67,37,45,30
2023-01-24,1002,118,98,91,37,20,54
2023-01-25,1002,111,81,89,44,30,45
2023-01-26,1002,115,82,50,33,33,17
2023-01-27,1002,105,76,81,41,29,40
2023-01-28,1002,104,78,98,48,26,50
2023-01-29,1002,147,73,59,36,74,23
2023-01-30,1002,143,86,74,39,57,35
2023-01-31,1002,147,66,53,39,81,14
2023-02-01,1002,123,88,59,38,35,21
2023-02-02,1002,110,69,98,39,41,59
2023-02-03,1002,123,84,78,37,39,41
2023-02-04,1002,104,79,54,43,25,11
2023-02-05,1002,117,71,64,35,46,29
2023-02-06,1002,120,86,73,42,34,31
2023-02-07,1002,113,83,83,41,30,42
2023-02-08,1002,140,83,63,35,57,28
2023-02-09,1002,142,85,66,47,57,19
2023-02-10,1002,117,86,89,35,31,54
2023-02-11,1002,130,86,79,40,44,39
2023-02-12,1002,108,96,76,36,12,40
2023-02-13,1002,131,73,80,40,58,40
2023-02-14,1002,129,74,63,41,55,22
2023-02-15,1002,104,83,63,46,21,17
2023-02-16,1002,133,80,85,38,53,47
2023-02-17,1002,143,66,78,47,77,31
2023-02-18,1002,147,83,79,39,64,40
2023-02-19,1002,111,68,62,35,43,27
2023-02-20,1002,103,83,51,44,20,7
2023-02-21,1002,125,77,100,35,48,65
2023-02-22,1002,141,85,93,39,56,54
2023-02-23,1002,122,88,68,49,34,19
2023-02-24,1002,136,79,57,35,57,22
2023-02-25,1002,111,86,71,41,25,30
2023-02-26,1002,120,82,56,48,38,8
2023-02-27,1002,135,94,55,43,41,12
2023-02-28,1002,144,85,88,42,59,46
2023-03-01,1002,123,78,55,38,45,17
2023-03-02,1002,145,87,95,45,58,50
2023-03-03,1002,115,62,65,36,53,29
2023-03-04,1002,117,85,56,44,32,12
2023-03-05,1002,120,82,73,41,38,32
2023-03-06,1002,120,80,62,46,40,16
2023-03-07,1002,149,77,77,42,72,35
2023-03-08,1002,132,74,70,39,58,31
2023-03-09,1002,149,93,74,44,56,30
2023-03-10,1002,147,77,79,40,70,39
2023-03-11,1002,138,92,92,52,46,40
2023-03-12,1002,116,86,57,32,30,25
2023-03-13,1002,114,72,98,44,42,54
2023-03-14,1002,119,87,94,36,32,58
2023-03-15,1002,143,93,99,45,50,54
2023-03-16,1002,115,65,97,45,50,52
2023-03-17,1002,112,85,90,43,27,47
2023-03-18,1002,113,71,98,43,42,55
2023-03-19,1002,125,87,94,37,38,57
2023-03-20,1002,115,80,63,46,35,17
2023-03-21,1002,110,81,70,40,29,30
2023-03-22,1002,129,80,87,51,49,36
2023-03-23,1002,105,67,98,42,38,56
2023-03-24,1002,105,76,84,31,29,53
2023-03-25,1002,134,80,59,42,54,17
2023-03-26,1002,115,69,67,37,46,30
2023-03-27,1002,117,71,72,44,46,28
2023-03-28,1002,103,79,84,38,24,46
2023-03-29,1002,125,78,73,45,47,28
2023-03-30,1002,125,81,75,33,44,42
2023-03-31,1002,147,77,82,39,70,43
2023-04-01,1002,147,97,86,39,50,47
2023-04-02,1002,105,88,87,41,17,46
2023-04-03,1002,136,76,63,41,60,22
2023-04-04,1002,137,66,67,44,71,23
2023-04-05,1002,150,71,82,35,79,47
2023-04-06,1002,112,87,95,41,25,54
2023-04-07,1002,138,86,53,52,52,1
2023-04-08,1002,148,77,50,34,71,16
2023-04-09,1002,120,83,78,34,37,44
2023-04-10,1002,134,75,50,53,59,-3
2023-04-11,1002,140,78,64,38,62,26
2023-04-12,1002,139,77,62,55,62,7
2023-04-13,1002,134,63,50,30,71,20
2023-04-14,1002,109,79,84,33,30,51
2023-04-15,1002,104,93,52,44,11,8
2023-04-16,1002,132,91,67,32,41,35
2023-04-17,1002,115,66,74,48,49,26
2023-04-18,1002,144,62,99,37,82,62
2023-04-19,1002,105,94,90,41,11,49
2023-04-20,1002,116,90,98,37,26,61
2023-04-21,1002,138,80,86,31,58,55
2023-04-22,1002,147,68,68,51,79,17
2023-04-23,1002,119,72,86,41,47,45
2023-04-24,1002,147,80,63,29,67,34
2023-04-25,1002,143,83,54,38,60,16
2023-04-26,1002,114,81,52,46,33,6
2023-04-27,1002,142,99,53,48,43,5
2023-04-28,1002,134,76,80,31,58,49
2023-04-29,1002,106,79,67,41,27,26
2023-04-30,1002,114,71,83,53,43,30
2023-05-01,1002,147,81,78,56,66,22
2023-05-02,1002,128,67,79,61,61,18
2023-05-03,1002,122,77,76,31,45,45
2023-05-04,1002,103,86,68,46,17,22
2023-05-05,1002,149,87,98,37,62,61
2023-05-06,1002,103,79,78,41,24,37
2023-05-07,1002,132,67,98,27,65,71
2023-05-08,1002,135,91,88,44,44,44
2023-05-09,1002,150,76,80,50,74,30
2023-05-10,1002,123,76,65,40,47,25
2023-05-11,1002,119,68,83,39,51,44
2023-05-12,1002,142,88,95,46,54,49
2023-05-13,1002,145,90,70,44,55,26
2023-05-14,1002,139,92,93,48,47,45
2023-05-15,1002,146,77,72,26,69,46
2023-05-16,1002,120,76,94,31,44,63
2023-05-17,1002,143,88,71,47,55,24
2023-05-18,1002,101,72,53,52,29,1
2023-05-19,1002,137,74,74,37,63,37
2023-05-20,1002,133,70,54,40,63,14
2023-05-21,1002,133,77,88,39,56,49
2023-05-22,1002,150,78,53,43,72,10
2023-05-23,1002,110,83,79,36,27,43
2023-05-24,1002,119,83,63,44,36,19
2023-05-25,1002,108,74,92,37,34,55
2023-05-26,1002,102,76,62,39,26,23
2023-05-27,1002,138,81,52,29,57,23
2023-05-28,1002,133,87,62,38,46,24
2023-05-29,1002,132,88,81,39,44,42
2023-05-30,1002,113,73,98,40,40,58
2023-05-31,1002,106,77,77,38,29,39
2023-06-01,1002,100,71,51,42,29,9
2023-06-02,1002,120,93,54,33,27,21
2023-06-03,1002,111,63,58,32,48,26
2023-06-04,1002,128,83,78,39,45,39
2023-06-05,1002,115,91,97,32,24,65
2023-06-06,1002,131,76,53,43,55,10
2023-06-07,1002,137,63,86,39,74,47
2023-06-08,1002,138,83,92,35,55,57
2023-06-09,1002,150,76,85,41,74,44
2023-06-10,1002,119,68,64,34,51,30
2023-06-11,1002,123,83,76,39,40,37
2023-06-12,1002,112,96,80,50,16,30
2023-06-13,1002,131,83,75,32,48,43
2023-06-14,1002,130,79,68,36,51,32
2023-06-15,1002,138,73,74,45,65,29
2023-06-16,1002,131,86,72,47,45,25
2023-06-17,1002,123,93,70,43,30,27
2023-06-18,1002,134,88,57,40,46,17
2023-06-19,1002,104,65,91,39,39,52
2023-06-20,1002,135,77,60,41,58,19
2023-06-21,1002,103,82,88,30,21,58
2023-06-22,1002,117,71,59,36,46,23
2023-06-23,1002,130,74,79,32,56,47
2023-06-24,1002,127,80,57,44,47,13
2023-06-25,1002,115,75,54,45,40,9
2023-06-26,1002,139,81,100,35,58,65
2023-06-27,1002,122,61,65,37,61,28
2023-06-28,1002,119,80,76,43,39,33
2023-06-29,1002,142,80,55,40,62,15
2023-06-30,1002,113,68,96,33,45,63
2023-07-01,1002,116,75,70,31,41,39
2023-07-02,1002,115,94,80,36,21,44
2023-07-03,1002,111,76,63,42,35,21
2023-07-04,1002,107,71,59,37,36,22
2023-07-05,1002,100,84,58,34,16,24
2023-07-06,1002,106,82,82,39,24,43
2023-07-07,1002,132,76,84,51,56,33
2023-07-08,1002,123,84,90,41,39,49
2023-07-09,1002,133,87,86,37,46,49
2023-07-10,1002,140,72,72,45,68,27
2023-07-11,1002,115,71,59,50,44,9
2023-07-12,1002,123,82,59,46,41,13
2023-07-13,1002,104,45,65,51,59,14
2023-07-14,1002,123,77,53,43,46,10
2023-07-15,1002,145,87,98,32,58,66
2023-07-16,1002,129,78,57,47,51,10
2023-07-17,1002,117,70,74,41,47,33
2023-07-18,1002,116,80,54,38,36,16
2023-07-19,1002,129,70,87,39,59,48
2023-07-20,1002,127,90,93,35,37,58
2023-07-21,1002,134,79,53,33,55,20
2023-07-22,1002,118,93,75,40,25,35
2023-07-23,1002,112,80,91,33,32,58
2023-07-24,1002,107,91,65,45,16,20
2023-07-25,1002,114,82,98,45,32,53
2023-07-26,1002,119,76,94,45,43,49
2023-07-27,1002,142,65,94,40,77,54
2023-07-28,1002,140,83,69,29,57,40
2023-07-29,1002,122,95,88,44,27,44
2023-07-30,1002,132,68,67,43,64,24
2023-07-31,1002,103,91,78,31,12,47
2023-08-01,1002,123,65,97,24,58,73
2023-08-02,1002,110,88,97,34,22,63
2023-08-03,1002,100,76,97,42,24,55
2023-08-04,1002,142,86,63,35,56,28
2023-08-05,1002,108,74,83,34,34,49
2023-08-06,1002,138,76,98,52,62,46
2023-08-07,1002,106,63,67,39,43,28
2023-08-08,1002,111,87,60,42,24,18
2023-08-09,1002,134,78,100,42,56,58
2023-08-10,1002,117,71,51,36,46,15
2023-08-11,1002,142,86,80,43,56,37
2023-08-12,1002,132,84,74,44,48,30
2023-08-13,1002,110,74,93,49,36,44
2023-08-14,1002,103,90,91,55,13,36
2023-08-15,1002,107,77,62,38,30,24
2023-08-16,1002,126,86,53,22,40,31
2023-08-17,1002,120,88,51,51,32,0
2023-08-18,1002,105,85,82,46,20,36
2023-08-19,1002,133,90,94,37,43,57
2023-08-20,1002,118,92,99,43,26,56
2023-08-21,1002,122,80,84,43,42,41
2023-08-22,1002,102,69,84,33,33,51
2023-08-23,1002,105,87,61,48,18,13
2023-08-24,1002,110,85,67,33,25,34
2023-08-25,1002,108,73,93,36,35,57
2023-08-26,1002,106,88,57,38,18,19
2023-08-27,1002,145,82,56,44,63,12
2023-08-28,1002,127,79,58,44,48,14
2023-08-29,1002,142,86,97,33,56,64
2023-08-30,1002,110,78,59,44,32,15
2023-08-31,1002,105,78,74,39,27,35
2023-09-01,1002,140,95,82,47,45,35
2023-09-02,1002,136,76,66,40,60,26
2023-09-03,1002,134,79,55,43,55,12
2023-09-04,1002,115,89,95,31,26,64
2023-09-05,1002,100,101,66,38,-1,28
2023-09-06,1002,132,79,88,38,53,50
2023-09-07,1002,106,60,66,43,46,23
2023-09-08,1002,138,83,55,39,55,16
2023-09-09,1002,133,84,71,53,49,18
2023-09-10,1002,140,94,87,40,46,47
2023-09-11,1002,100,86,71,30,14,41
2023-09-12,1002,130,73,76,38,57,38
2023-09-13,1002,141,74,50,35,67,15
2023-09-14,1002,146,76,69,42,70,27
2023-09-15,1002,107,57,98,41,50,57
2023-09-16,1002,143,81,58,39,62,19
2023-09-17,1002,135,75,67,37,60,30
2023-09-18,1002,148,94,99,40,54,59
2023-09-19,1002,104,99,57,40,5,17
2023-09-20,1002,134,57,62,37,77,25
2023-09-21,1002,132,73,51,37,59,14
2023-09-22,1002,148,86,73,42,62,31
2023-09-23,1002,109,76,58,43,33,15
2023-09-24,1002,133,76,72,47,57,25
2023-09-25,1002,105,87,60,40,18,20
2023-09-26,1002,109,81,60,28,28,32
2023-09-27,1002,119,75,99,49,44,50
2023-09-28,1002,100,89,60,33,11,27
2023-09-29,1002,128,66,94,41,62,53
2023-09-30,1002,117,80,71,31,37,40
2023-10-01,1002,120,66,69,46,54,23
2023-10-02,1002,147,70,63,35,77,28
2023-10-03,1002,130,73,74,36,57,38
2023-10-04,1002,149,83,53,26,66,27
2023-10-05,1002,137,89,64,50,48,14
2023-10-06,1002,124,80,65,39,44,26
2023-10-07,1002,132,77,69,38,55,31
2023-10-08,1002,125,94,70,35,31,35
2023-10-09,1002,133,82,63,40,51,23
2023-10-10,1002,126,79,55,34,47,21
2023-10-11,1002,127,78,76,39,49,37
2023-10-12,1002,107,78,52,53,29,-1
2023-10-13,1002,142,83,64,38,59,26
2023-10-14,1002,132,71,63,28,61,35
2023-10-15,1002,139,85,77,33,54,44
2023-10-16,1002,124,83,70,43,41,27
2023-10-17,1002,113,67,50,42,46,8
2023-10-18,1002,137,70,71,50,67,21
2023-10-19,1002,116,70,77,37,46,40
2023-10-20,1002,141,87,82,49,54,33
2023-10-21,1002,133,78,76,43,55,33
2023-10-22,1002,125,81,64,33,44,31
2023-10-23,1002,136,87,87,33,49,54
2023-10-24,1002,127,78,97,41,49,56
2023-10-25,1002,111,100,87,50,11,37
2023-10-26,1002,103,84,50,62,19,-12
2023-10-27,1002,121,86,62,43,35,19
2023-10-28,1002,100,74,57,39,26,18
2023-10-29,1002,135,84,59,44,51,15
2023-10-30,1002,131,71,74,45,60,29
2023-10-31,1002,143,75,65,35,68,30
2023-11-01,1002,125,79,51,41,46,10
2023-11-02,1002,149,81,83,41,68,42
2023-11-03,1002,124,79,61,34,45,27
2023-11-04,1002,136,72,79,38,64,41
2023-11-05,1002,142,64,92,40,78,52
2023-11-06,1002,129,65,98,50,64,48
2023-11-07,1002,147,73,74,54,74,20
2023-11-08,1002,148,62,64,40,86,24
2023-11-09,1002,107,72,79,52,35,27
2023-11-10,1002,129,77,97,42,52,55
2023-11-11,1002,113,87,82,37,26,45
2023-11-12,1002,146,73,84,30,73,54
2023-11-13,1002,141,80,67,33,61,34
2023-11-14,1002,112,86,56,37,26,19
2023-11-15,1002,121,98,50,41,23,9
2023-11-16,1002,143,95,65,48,48,17
2023-11-17,1002,104,82,64,45,22,19
2023-11-18,1002,112,73,65,42,39,23
2023-11-19,1002,118,83,92,43,35,49
2023-11-20,1002,135,96,90,47,39,43
2023-11-21,1002,141,78,52,35,63,17
2023-11-22,1002,107,77,73,38,30,35
2023-11-23,1002,149,91,68,36,58,32
2023-11-24,1002,133,80,99,60,53,39
2023-11-25,1002,114,79,100,34,35,66
2023-11-26,1002,112,70,92,43,42,49
2023-11-27,1002,113,76,52,33,37,19
2023-11-28,1002,102,83,99,46,19,53
2023-11-29,1002,118,75,62,38,43,24
2023-11-30,1002,148,78,93,40,70,53
2023-12-01,1002,141,75,54,42,66,12
2023-12-02,1002,123,89,61,44,34,17
2023-12-03,1002,146,88,73,45,58,28
2023-12-04,1002,137,69,68,39,68,29
2023-12-05,1002,126,82,74,44,44,30
2023-12-06,1002,147,94,91,33,53,58
2023-12-07,1002,129,85,87,26,44,61
2023-12-08,1002,112,89,72,33,23,39
2023-12-09,1002,122,84,90,40,38,50
2023-12-10,1002,123,74,91,30,49,61
2023-12-11,1002,121,84,57,43,37,14
2023-12-12,1002,137,79,73,22,58,51
2023-12-13,1002,139,69,71,24,70,47
2023-12-14,1002,138,94,70,34,44,36
2023-12-15,1002,119,75,83,40,44,43
2023-12-16,1002,145,81,51,34,64,17
2023-12-17,1002,105,68,81,46,37,35
2023-12-18,1002,130,75,61,35,55,26
2023-12-19,1002,147,82,81,28,65,53
2023-12-20,1002,103,93,91,41,10,50
2023-12-21,1002,138,74,55,31,64,24
2023-12-22,1002,105,71,51,49,34,2
2023-12-23,1002,103,78,76,37,25,39
2023-12-24,1002,119,69,77,42,50,35
2023-12-25,1002,141,77,93,47,64,46
2023-12-26,1002,122,77,97,43,45,54
2023-12-27,1002,125,78,66,44,47,22
2023-12-28,1002,118,86,90,48,32,42
2023-12-29,1002,132,87,88,34,45,54
2023-12-30,1002,136,74,90,43,62,47
2023-12-31,1002,125,70,75,36,55,39
2023-01-01,1003,114,80,97,50,34,47
2023-01-02,1003,121,95,58,49,26,9
2023-01-03,1003,116,59,50,35,57,15
2023-01-04,1003,100,90,73,50,10,23
2023-01-05,1003,124,73,62,46,51,16
2023-01-06,1003,119,86,63,35,33,28
2023-01-07,1003,132,72,94,22,60,72
2023-01-08,1003,131,82,92,38,49,54
2023-01-09,1003,115,83,94,41,32,53
2023-01-10,1003,113,68,59,34,45,25
2023-01-11,1003,141,72,68,43,69,25
2023-01-12,1003,144,80,59,38,64,21
2023-01-13,1003,147,89,58,43,58,15
2023-01-14,1003,118,84,58,29,34,29
2023-01-15,1003,137,82,59,39,55,20
2023-01-16,1003,131,109,99,30,22,69
2023-01-17,1003,149,68,50,33,81,17
2023-01-18,1003,140,79,95,40,61,55
2023-01-19,1003,101,63,88,38,38,50
2023-01-20,1003,126,66,57,33,60,24
2023-01-21,1003,132,84,84,38,48,46
2023-01-22,1003,131,79,69,46,52,23
2023-01-23,1003,131,74,84,44,57,40
2023-01-24,1003,132,90,91,34,42,57
2023-01-25,1003,113,88,73,52,25,21
2023-01-26,1003,130,77,83,45,53,38
2023-01-27,1003,126,74,57,35,52,22
2023-01-28,1003,126,102,53,52,24,1
2023-01-29,1003,105,83,69,32,22,37
2023-01-30,1003,107,74,77,39,33,38
2023-01-31,1003,129,81,64,49,48,15
2023-02-01,1003,117,75,77,37,42,40
2023-02-02,1003,145,72,59,43,73,16
2023-02-03,1003,125,82,54,42,43,12
2023-02-04,1003,132,89,74,36,43,38
2023-02-05,1003,150,75,90,47,75,43
2023-02-06,1003,139,77,98,47,62,51
2023-02-07,1003,133,71,82,29,62,53
2023-02-08,1003,106,78,82,40,28,42
2023-02-09,1003,121,81,65,41,40,24
2023-02-10,1003,133,76,76,38,57,38
2023-02-11,1003,131,84,61,34,47,27
2023-02-12,1003,108,67,70,30,41,40
2023-02-13,1003,137,71,92,42,66,50
2023-02-14,1003,136,76,65,37,60,28
2023-02-15,1003,114,68,100,50,46,50
2023-02-16,1003,107,84,63,34,23,29
2023-02-17,1003,102,72,60,55,30,5
2023-02-18,1003,126,84,84,44,42,40
2023-02-19,1003,130,80,53,39,50,14
2023-02-20,1003,145,83,76,35,62,41
2023-02-21,1003,139,69,89,39,70,50
2023-02-22,1003,142,70,81,31,72,50
2023-02-23,1003,118,70,75,43,48,32
2023-02-24,1003,126,89,93,43,37,50
2023-02-25,1003,143,92,92,39,51,53
2023-02-26,1003,120,74,65,32,46,33
2023-02-27,1003,122,74,78,43,48,35
2023-02-28,1003,135,87,61,35,48,26
2023-03-01,1003,140,98,55,44,42,11
2023-03-02,1003,116,60,75,46,56,29
2023-03-03,1003,122,76,70,33,46,37
2023-03-04,1003,145,88,61,33,57,28
2023-03-05,1003,121,76,67,30,45,37
2023-03-06,1003,120,82,82,28,38,54
2023-03-07,1003,110,73,53,49,37,4
2023-03-08,1003,116,77,82,35,39,47
2023-03-09,1003,121,83,95,48,38,47
2023-03-10,1003,107,79,58,40,28,18
2023-03-11,1003,130,66,89,44,64,45
2023-03-12,1003,139,89,95,44,50,51
2023-03-13,1003,116,86,86,42,30,44
2023-03-14,1003,136,85,73,45,51,28
2023-03-15,1003,132,78,53,39,54,14
2023-03-16,1003,139,82,62,33,57,29
2023-03-17,1003,145,82,59,38,63,21
2023-03-18,1003,148,83,93,48,65,45
2023-03-19,1003,104,89,65,37,15,28
2023-03-20,1003,143,83,65,24,60,41
2023-03-21,1003,132,73,80,45,59,35
2023-03-22,1003,145,74,100,37,71,63
2023-03-23,1003,108,82,55,35,26,20
2023-03-24,1003,102,77,70,41,25,29
2023-03-25,1003,122,92,87,37,30,50
2023-03-26,1003,127,73,64,45,54,19
2023-03-27,1003,135,84,78,43,51,35
2023-03-28,1003,124,78,85,43,46,42
2023-03-29,1003,116,95,57,48,21,9
2023-03-30,1003,145,79,66,43,66,23
2023-03-31,1003,124,81,91,35,43,56
2023-04-01,1003,149,81,74,36,68,38
2023-04-02,1003,120,81,89,41,39,48
2023-04-03,1003,108,79,63,36,29,27
2023-04-04,1003,103,98,91,31,5,60
2023-04-05,1003,124,81,66,37,43,29
2023-04-06,1003,139,88,68,23,51,45
2023-04-07,1003,131,81,63,28,50,35
2023-04-08,1003,107,87,73,37,20,36
2023-04-09,1003,136,75,91,38,61,53
2023-04-10,1003,104,76,70,44,28,26
2023-04-11,1003,130,78,54,36,52,18
2023-04-12,1003,141,67,59,40,74,19
2023-04-13,1003,126,83,51,41,43,10
2023-04-14,1003,119,72,100,41,47,59
2023-04-15,1003,131,79,86,43,52,43
2023-04-16,1003,129,82,67,34,47,33
2023-04-17,1003,118,75,82,34,43,48
2023-04-18,1003,124,89,57,33,35,24
2023-04-19,1003,127,63,99,44,64,55
2023-04-20,1003,130,105,81,36,25,45
2023-04-21,1003,127,77,99,41,50,58
2023-04-22,1003,116,87,72,45,29,27
2023-04-23,1003,109,86,59,44,23,15
2023-04-24,1003,135,88,83,43,47,40
2023-04-25,1003,131,76,70,34,55,36
2023-04-26,1003,138,87,87,33,51,54
2023-04-27,1003,117,81,94,48,36,46
2023-04-28,1003,126,93,89,41,33,48
2023-04-29,1003,118,81,55,37,37,18
2023-04-30,1003,134,90,96,47,44,49
2023-05-01,1003,116,70,58,40,46,18
2023-05-02,1003,124,70,66,43,54,23
2023-05-03,1003,108,64,91,35,44,56
2023-05-04,1003,149,82,97,38,67,59
2023-05-05,1003,104,76,86,36,28,50
2023-05-06,1003,134,73,82,41,61,41
2023-05-07,1003,148,87,65,53,61,12
2023-05-08,1003,148,84,59,30,64,29
2023-05-09,1003,125,78,83,35,47,48
2023-05-10,1003,137,81,61,44,56,17
2023-05-11,1003,120,87,73,41,33,32
2023-05-12,1003,105,68,56,47,37,9
2023-05-13,1003,117,79,71,56,38,15
2023-05-14,1003,135,80,78,42,55,36
2023-05-15,1003,118,77,89,38,41,51
2023-05-16,1003,121,96,93,32,25,61
2023-05-17,1003,108,70,67,48,38,19
2023-05-18,1003,140,91,92,52,49,40
2023-05-19,1003,105,85,99,37,20,62
2023-05-20,1003,146,76,67,36,70,31
2023-05-21,1003,122,85,85,52,37,33
2023-05-22,1003,143,71,87,37,72,50
2023-05-23,1003,120,95,93,43,25,50
2023-05-24,1003,117,77,97,61,40,36
2023-05-25,1003,126,83,83,47,43,36
2023-05-26,1003,121,71,97,30,50,67
2023-05-27,1003,104,87,64,41,17,23
2023-05-28,1003,105,77,79,37,28,42
2023-05-29,1003,118,92,96,39,26,57
2023-05-30,1003,123,80,51,46,43,5
2023-05-31,1003,130,69,52,51,61,1
2023-06-01,1003,104,70,85,42,34,43
2023-06-02,1003,139,80,100,31,59,69
2023-06-03,1003,123,57,76,47,66,29
2023-06-04,1003,143,99,77,43,44,34
2023-06-05,1003,116,69,73,33,47,40
2023-06-06,1003,147,86,88,48,61,40
2023-06-07,1003,108,57,100,33,51,67
2023-06-08,1003,122,89,87,40,33,47
2023-06-09,1003,106,85,65,36,21,29
2023-06-10,1003,132,79,67,43,53,24
2023-06-11,1003,104,85,52,42,19,10
2023-06-12,1003,127,69,66,36,58,30
2023-06-13,1003,112,79,94,33,33,61
2023-06-14,1003,131,88,81,42,43,39
2023-06-15,1003,109,91,61,28,18,33
2023-06-16,1003,100,81,76,44,19,32
2023-06-17,1003,147,92,70,53,55,17
2023-06-18,1003,108,85,94,45,23,49
2023-06-19,1003,101,80,92,44,21,48
2023-06-20,1003,126,87,88,34,39,54
2023-06-21,1003,119,68,93,48,51,45
2023-06-22,1003,135,82,90,47,53,43
2023-06-23,1003,127,95,52,44,32,8
2023-06-24,1003,117,72,82,30,45,52
2023-06-25,1003,125,85,91,44,40,47
2023-06-26,1003,145,83,91,46,62,45
2023-06-27,1003,118,73,83,47,45,36
2023-06-28,1003,110,82,62,43,28,19
2023-06-29,1003,147,79,56,40,68,16
2023-06-30,1003,116,79,50,30,37,20
2023-07-01,1003,144,95,72,45,49,27
2023-07-02,1003,130,71,54,38,59,16
2023-07-03,1003,123,88,81,34,35,47
2023-07-04,1003,111,91,53,27,20,26
2023-07-05,1003,133,82,63,34,51,29
2023-07-06,1003,111,90,52,32,21,20
2023-07-07,1003,109,85,59,39,24,20
2023-07-08,1003,149,89,86,39,60,47
2023-07-09,1003,146,72,81,19,74,62
2023-07-10,1003,148,96,58,36,52,22
2023-07-11,1003,138,80,98,45,58,53
2023-07-12,1003,133,66,92,41,67,51
2023-07-13,1003,119,87,91,35,32,56
2023-07-14,1003,136,80,69,38,56,31
2023-07-15,1003,124,70,83,43,54,40
2023-07-16,1003,120,80,63,44,40,19
2023-07-17,1003,110,75,92,40,35,52
2023-07-18,1003,146,84,68,49,62,19
2023-07-19,1003,117,82,64,42,35,22
2023-07-20,1003,131,83,62,49,48,13
2023-07-21,1003,127,79,93,33,48,60
2023-07-22,1003,100,75,54,42,25,12
2023-07-23,1003,115,89,97,34,26,63
2023-07-24,1003,134,58,64,28,76,36
2023-07-25,1003,118,72,88,44,46,44
2023-07-26,1003,142,88,80,48,54,32
2023-07-27,1003,113,73,56,34,40,22
2023-07-28,1003,119,74,89,49,45,40
2023-07-29,1003,126,78,84,40,48,44
2023-07-30,1003,125,81,54,37,44,17
2023-07-31,1003,108,93,86,29,15,57
2023-08-01,1003,133,90,97,38,43,59
2023-08-02,1003,125,68,63,37,57,26
2023-08-03,1003,148,82,85,48,66,37
2023-08-04,1003,143,72,84,36,71,48
2023-08-05,1003,115,73,96,35,42,61
2023-08-06,1003,148,78,73,43,70,30
2023-08-07,1003,142,80,66,35,62,31
2023-08-08,1003,104,90,75,34,14,41
2023-08-09,1003,150,84,84,37,66,47
2023-08-10,1003,149,83,94,37,66,57
2023-08-11,1003,146,94,59,32,52,27
2023-08-12,1003,137,90,93,36,47,57
2023-08-13,1003,123,107,95,39,16,56
2023-08-14,1003,117,92,65,53,25,12
2023-08-15,1003,133,62,63,47,71,16
2023-08-16,1003,112,84,96,34,28,62
2023-08-17,1003,129,72,99,38,57,61
2023-08-18,1003,129,98,82,61,31,21
2023-08-19,1003,149,89,70,42,60,28
2023-08-20,1003,113,78,61,45,35,16
2023-08-21,1003,129,77,96,26,52,70
2023-08-22,1003,135,86,73,47,49,26
2023-08-23,1003,122,91,80,64,31,16
2023-08-24,1003,131,90,59,30,41,29
2023-08-25,1003,120,65,75,45,55,30
2023-08-26,1003,133,74,100,42,59,58
2023-08-27,1003,127,75,71,49,52,22
2023-08-28,1003,121,100,68,39,21,29
2023-08-29,1003,118,84,54,41,34,13
2023-08-30,1003,100,84,99,33,16,66
2023-08-31,1003,146,67,96,43,79,53
2023-09-01,1003,105,70,51,44,35,7
2023-09-02,1003,146,78,100,50,68,50
2023-09-03,1003,136,72,70,30,64,40
2023-09-04,1003,127,95,88,43,32,45
2023-09-05,1003,142,76,57,39,66,18
2023-09-06,1003,108,72,56,38,36,18
2023-09-07,1003,141,82,100,42,59,58
2023-09-08,1003,110,96,68,44,14,24
2023-09-09,1003,138,92,69,30,46,39
2023-09-10,1003,109,80,85,43,29,42
2023-09-11,1003,100,95,58,44,5,14
2023-09-12,1003,110,94,96,43,16,53
2023-09-13,1003,130,69,70,46,61,24
2023-09-14,1003,115,79,52,47,36,5
2023-09-15,1003,142,69,70,46,73,24
2023-09-16,1003,118,67,52,45,51,7
2023-09-17,1003,114,72,65,36,42,29
2023-09-18,1003,132,75,63,52,57,11
2023-09-19,1003,133,71,67,37,62,30
2023-09-20,1003,109,80,55,46,29,9
2023-09-21,1003,100,79,86,32,21,54
2023-09-22,1003,117,69,62,47,48,15
2023-09-23,1003,112,74,83,45,38,38
2023-09-24,1003,116,77,85,29,39,56
2023-09-25,1003,105,76,72,30,29,42
2023-09-26,1003,143,85,79,42,58,37
2023-09-27,1003,136,82,72,38,54,34
2023-09-28,1003,120,87,69,36,33,33
2023-09-29,1003,109,93,100,41,16,59
2023-09-30,1003,125,77,98,33,48,65
2023-10-01,1003,109,85,50,39,24,11
2023-10-02,1003,125,87,73,43,38,30
2023-10-03,1003,110,75,92,37,35,55
2023-10-04,1003,146,90,64,27,56,37
2023-10-05,1003,136,87,71,43,49,28
2023-10-06,1003,138,76,58,38,62,20
2023-10-07,1003,117,69,58,36,48,22
2023-10-08,1003,125,85,53,26,40,27
2023-10-09,1003,125,86,64,44,39,20
2023-10-10,1003,102,96,67,46,6,21
2023-10-11,1003,111,82,89,46,29,43
2023-10-12,1003,107,78,70,50,29,20
2023-10-13,1003,105,103,96,30,2,66
2023-10-14,1003,107,94,50,36,13,14
2023-10-15,1003,125,70,69,38,55,31
2023-10-16,1003,113,90,58,33,23,25
2023-10-17,1003,143,89,86,33,54,53
2023-10-18,1003,105,78,51,48,27,3
2023-10-19,1003,142,91,73,32,51,41
2023-10-20,1003,126,78,52,34,48,18
2023-10-21,1003,147,83,62,42,64,20
2023-10-22,1003,143,58,72,34,85,38
2023-10-23,1003,116,82,51,34,34,17
2023-10-24,1003,141,88,59,43,53,16
2023-10-25,1003,123,86,74,43,37,31
2023-10-26,1003,117,78,62,46,39,16
2023-10-27,1003,123,72,64,37,51,27
2023-10-28,1003,136,72,67,30,64,37
2023-10-29,1003,129,79,57,31,50,26
2023-10-30,1003,147,65,83,43,82,40
2023-10-31,1003,122,81,71,42,41,29
2023-11-01,1003,135,73,70,38,62,32
2023-11-02,1003,146,84,62,38,62,24
2023-11-03,1003,114,76,58,42,38,16
2023-11-04,1003,143,87,73,51,56,22
2023-11-05,1003,108,77,72,55,31,17
2023-11-06,1003,113,101,92,32,12,60
2023-11-07,1003,129,70,63,47,59,16
2023-11-08,1003,120,84,95,36,36,59
2023-11-09,1003,104,72,81,33,32,48
2023-11-10,1003,129,84,97,30,45,67
2023-11-11,1003,122,74,84,34,48,50
2023-11-12,1003,142,94,97,30,48,67
2023-11-13,1003,106,86,94,39,20,55
2023-11-14,1003,139,84,51,42,55,9
2023-11-15,1003,131,77,97,30,54,67
2023-11-16,1003,134,90,70,39,44,31
2023-11-17,1003,104,86,84,43,18,41
2023-11-18,1003,141,58,70,41,83,29
2023-11-19,1003,118,71,70,44,47,26
2023-11-20,1003,128,80,73,28,48,45
2023-11-21,1003,147,65,92,41,82,51
2023-11-22,1003,123,73,93,38,50,55
2023-11-23,1003,119,83,73,51,36,22
2023-11-24,1003,145,72,70,37,73,33
2023-11-25,1003,148,62,99,37,86,62
2023-11-26,1003,100,81,76,36,19,40
2023-11-27,1003,146,89,88,28,57,60
2023-11-28,1003,145,72,75,46,73,29
2023-11-29,1003,124,94,87,41,30,46
2023-11-30,1003,122,88,82,41,34,41
2023-12-01,1003,113,66,79,38,47,41
2023-12-02,1003,149,73,58,33,76,25
2023-12-03,1003,121,88,53,38,33,15
2023-12-04,1003,130,81,87,46,49,41
2023-12-05,1003,148,77,67,35,71,32
2023-12-06,1003,132,70,86,37,62,49
2023-12-07,1003,121,74,50,40,47,10
2023-12-08,1003,134,81,88,43,53,45
2023-12-09,1003,131,81,100,50,50,50
2023-12-10,1003,130,82,59,52,48,7
2023-12-11,1003,117,89,75,36,28,39
2023-12-12,1003,120,91,61,35,29,26
2023-12-13,1003,114,81,62,33,33,29
2023-12-14,1003,143,84,76,53,59,23
2023-12-15,1003,120,79,69,49,41,20
2023-12-16,1003,115,88,52,33,27,19
2023-12-17,1003,121,70,63,51,51,12
2023-12-18,1003,125,79,82,41,46,41
2023-12-19,1003,148,77,74,45,71,29
2023-12-20,1003,109,83,60,36,26,24
2023-12-21,1003,136,77,85,52,59,33
2023-12-22,1003,142,69,92,45,73,47
2023-12-23,1003,118,78,92,35,40,57
2023-12-24,1003,115,75,97,37,40,60
2023-12-25,1003,125,81,85,42,44,43
2023-12-26,1003,116,93,63,41,23,22
2023-12-27,1003,111,73,98,52,38,46
2023-12-28,1003,109,79,98,43,30,55
2023-12-29,1003,120,92,88,45,28,43
2023-12-30,1003,118,84,55,42,34,13
2023-12-31,1003,111,77,53,47,34,6
2023-01-01,1004,147,83,72,37,64,35
2023-01-02,1004,113,81,77,45,32,32
2023-01-03,1004,102,86,96,43,16,53
2023-01-04,1004,125,83,60,38,42,22
2023-01-05,1004,129,96,80,34,33,46
2023-01-06,1004,135,79,88,50,56,38
2023-01-07,1004,132,87,59,32,45,27
2023-01-08,1004,129,81,66,43,48,23
2023-01-09,1004,128,73,50,39,55,11
2023-01-10,1004,132,73,80,41,59,39
2023-01-11,1004,130,72,58,37,58,21
2023-01-12,1004,126,76,77,32,50,45
2023-01-13,1004,104,81,72,29,23,43
2023-01-14,1004,144,82,100,49,62,51
2023-01-15,1004,109,76,65,35,33,30
2023-01-16,1004,107,67,81,39,40,42
2023-01-17,1004,143,82,100,39,61,61
2023-01-18,1004,141,69,67,46,72,21
2023-01-19,1004,131,82,73,54,49,19
2023-01-20,1004,133,81,62,39,52,23
2023-01-21,1004,124,80,52,33,44,19
2023-01-22,1004,143,90,97,39,53,58
2023-01-23,1004,112,89,63,40,23,23
2023-01-24,1004,130,71,93,36,59,57
2023-01-25,1004,144,97,87,38,47,49
2023-01-26,1004,116,81,89,41,35,48
2023-01-27,1004,127,88,92,31,39,61
2023-01-28,1004,132,84,52,45,48,7
2023-01-29,1004,103,72,65,42,31,23
2023-01-30,1004,119,101,88,42,18,46
2023-01-31,1004,122,91,70,42,31,28
2023-02-01,1004,109,72,72,41,37,31
2023-02-02,1004,145,56,93,34,89,59
2023-02-03,1004,121,72,72,51,49,21
2023-02-04,1004,138,62,90,58,76,32
2023-02-05,1004,109,87,59,35,22,24
2023-02-06,1004,117,65,63,37,52,26
2023-02-07,1004,121,79,92,33,42,59
2023-02-08,1004,139,74,66,34,65,32
2023-02-09,1004,110,76,57,40,34,17
2023-02-10,1004,138,104,71,46,34,25
2023-02-11,1004,139,75,100,43,64,57
2023-02-12,1004,130,79,62,56,51,6
2023-02-13,1004,115,86,69,37,29,32
2023-02-14,1004,146,71,68,46,75,22
2023-02-15,1004,147,79,66,44,68,22
2023-02-16,1004,150,81,70,44,69,26
2023-02-17,1004,146,68,79,38,78,41
2023-02-18,1004,130,71,80,40,59,40
2023-02-19,1004,123,81,81,57,42,24
2023-02-20,1004,106,71,61,39,35,22
2023-02-21,1004,113,69,56,37,44,19
2023-02-22,1004,146,69,95,35,77,60
2023-02-23,1004,105,71,50,28,34,22
2023-02-24,1004,145,81,65,41,64,24
2023-02-25,1004,136,75,95,35,61,60
2023-02-26,1004,122,94,71,46,28,25
2023-02-27,1004,117,78,87,48,39,39
2023-02-28,1004,143,81,98,46,62,52
2023-03-01,1004,109,83,79,34,26,45
2023-03-02,1004,145,85,73,53,60,20
2023-03-03,1004,101,69,61,58,32,3
2023-03-04,1004,111,68,52,58,43,-6
2023-03-05,1004,108,73,93,43,35,50
2023-03-06,1004,118,93,69,36,25,33
2023-03-07,1004,100,83,68,37,17,31
2023-03-08,1004,137,76,88,39,61,49
2023-03-09,1004,142,69,60,45,73,15
2023-03-10,1004,131,84,60,38,47,22
2023-03-11,1004,129,77,57,36,52,21
2023-03-12,1004,149,93,83,51,56,32
2023-03-13,1004,148,89,69,41,59,28
2023-03-14,1004,136,91,80,39,45,41
2023-03-15,1004,112,92,65,28,20,37
2023-03-16,1004,111,76,88,40,35,48
2023-03-17,1004,137,79,81,42,58,39
2023-03-18,1004,129,81,64,37,48,27
2023-03-19,1004,124,79,70,35,45,35
2023-03-20,1004,122,74,92,46,48,46
2023-03-21,1004,109,82,76,37,27,39
2023-03-22,1004,117,74,96,50,43,46
2023-03-23,1004,145,80,80,37,65,43
2023-03-24,1004,125,94,94,27,31,67
2023-03-25,1004,104,82,76,43,22,33
2023-03-26,1004,126,88,53,29,38,24
2023-03-27,1004,124,92,81,45,32,36
2023-03-28,1004,102,82,64,37,20,27
2023-03-29,1004,111,74,64,45,37,19
2023-03-30,1004,148,84,76,34,64,42
2023-03-31,1004,135,87,72,53,48,19
2023-04-01,1004,108,85,53,41,23,12
2023-04-02,1004,149,67,84,35,82,49
2023-04-03,1004,116,72,69,43,44,26
2023-04-04,1004,113,71,94,35,42,59
2023-04-05,1004,126,70,63,47,56,16
2023-04-06,1004,134,96,89,40,38,49
2023-04-07,1004,117,82,90,48,35,42
2023-04-08,1004,118,71,62,48,47,14
2023-04-09,1004,104,73,99,38,31,61
2023-04-10,1004,103,69,52,41,34,11
2023-04-11,1004,128,68,95,43,60,52
2023-04-12,1004,104,80,82,44,24,38
2023-04-13,1004,111,73,95,48,38,47
2023-04-14,1004,124,80,70,31,44,39
2023-04-15,1004,142,70,81,41,72,40
2023-04-16,1004,147,88,86,42,59,44
2023-04-17,1004,120,73,77,45,47,32
2023-04-18,1004,148,71,84,53,77,31
2023-04-19,1004,126,86,61,37,40,24
2023-04-20,1004,149,82,96,44,67,52
2023-04-21,1004,142,76,52,44,66,8
2023-04-22,1004,114,80,77,39,34,38
2023-04-23,1004,114,78,100,37,36,63
2023-04-24,1004,100,89,51,38,11,13
2023-04-25,1004,143,76,78,51,67,27
2023-04-26,1004,148,76,99,33,72,66
2023-04-27,1004,115,76,62,42,39,20
2023-04-28,1004,142,92,56,56,50,0
2023-04-29,1004,109,79,92,36,30,56
2023-04-30,1004,106,80,76,35,26,41
2023-05-01,1004,118,103,71,41,15,30
2023-05-02,1004,140,80,100,35,60,65
2023-05-03,1004,117,83,77,29,34,48
2023-05-04,1004,113,85,76,36,28,40
2023-05-05,1004,125,82,74,42,43,32
2023-05-06,1004,116,65,94,52,51,42
2023-05-07,1004,111,82,61,42,29,19
2023-05-08,1004,104,70,50,40,34,10
2023-05-09,1004,138,88,69,45,50,24
2023-05-10,1004,146,81,89,43,65,46
2023-05-11,1004,132,81,52,39,51,13
2023-05-12,1004,112,80,96,46,32,50
2023-05-13,1004,138,62,88,30,76,58
2023-05-14,1004,103,91,66,31,12,35
2023-05-15,1004,145,71,86,39,74,47
2023-05-16,1004,130,75,98,30,55,68
2023-05-17,1004,122,75,58,39,47,19
2023-05-18,1004,132,80,72,39,52,33
2023-05-19,1004,109,93,95,41,16,54
2023-05-20,1004,116,70,56,26,46,30
2023-05-21,1004,139,99,57,35,40,22
2023-05-22,1004,107,77,97,38,30,59
2023-05-23,1004,131,96,68,43,35,25
2023-05-24,1004,117,96,59,41,21,18
2023-05-25,1004,106,81,51,42,25,9
2023-05-26,1004,114,76,74,33,38,41
2023-05-27,1004,115,87,99,48,28,51
2023-05-28,1004,135,83,87,25,52,62
2023-05-29,1004,119,98,80,39,21,41
2023-05-30,1004,138,77,63,52,61,11
2023-05-31,1004,136,81,65,39,55,26
2023-06-01,1004,127,69,89,39,58,50
2023-06-02,1004,137,74,69,42,63,27
2023-06-03,1004,104,95,75,41,9,34
2023-06-04,1004,126,88,80,42,38,38
2023-06-05,1004,128,89,100,36,39,64
2023-06-06,1004,123,78,62,40,45,22
2023-06-07,1004,107,87,96,44,20,52
2023-06-08,1004,112,92,89,38,20,51
2023-06-09,1004,135,78,62,39,57,23
2023-06-10,1004,147,95,94,45,52,49
2023-06-11,1004,100,65,86,37,35,49
2023-06-12,1004,129,60,51,33,69,18
2023-06-13,1004,123,91,94,33,32,61
2023-06-14,1004,132,81,63,56,51,7
2023-06-15,1004,129,61,97,33,68,64
2023-06-16,1004,102,79,63,45,23,18
2023-06-17,1004,106,76,59,51,30,8
2023-06-18,1004,128,88,56,48,40,8
2023-06-19,1004,106,88,87,33,18,54
2023-06-20,1004,130,67,76,32,63,44
2023-06-21,1004,141,92,89,36,49,53
2023-06-22,1004,125,76,84,42,49,42
2023-06-23,1004,124,80,72,46,44,26
2023-06-24,1004,117,74,61,45,43,16
2023-06-25,1004,100,76,69,55,24,14
2023-06-26,1004,112,82,100,57,30,43
2023-06-27,1004,103,82,65,32,21,33
2023-06-28,1004,139,89,80,44,50,36
2023-06-29,1004,145,76,66,41,69,25
2023-06-30,1004,142,82,99,42,60,57
2023-07-01,1004,116,86,72,43,30,29
2023-07-02,1004,114,98,84,50,16,34
2023-07-03,1004,119,94,56,45,25,11
2023-07-04,1004,116,89,89,45,27,44
2023-07-05,1004,143,80,78,39,63,39
2023-07-06,1004,146,79,71,34,67,37
2023-07-07,1004,102,61,69,39,41,30
2023-07-08,1004,108,86,85,46,22,39
2023-07-09,1004,145,79,89,48,66,41
2023-07-10,1004,137,73,95,38,64,57
2023-07-11,1004,103,87,57,57,16,0
2023-07-12,1004,100,89,88,32,11,56
2023-07-13,1004,146,73,79,38,73,41
2023-07-14,1004,115,73,98,44,42,54
2023-07-15,1004,123,84,55,38,39,17
2023-07-16,1004,128,80,79,41,48,38
2023-07-17,1004,138,105,98,38,33,60
2023-07-18,1004,149,81,52,42,68,10
2023-07-19,1004,109,78,81,46,31,35
2023-07-20,1004,133,87,98,36,46,62
2023-07-21,1004,147,67,53,36,80,17
2023-07-22,1004,149,77,76,39,72,37
2023-07-23,1004,126,82,62,41,44,21
2023-07-24,1004,126,76,99,39,50,60
2023-07-25,1004,144,94,63,41,50,22
2023-07-26,1004,108,93,79,38,15,41
2023-07-27,1004,134,94,77,50,40,27
2023-07-28,1004,110,63,69,44,47,25
2023-07-29,1004,141,84,81,50,57,31
2023-07-30,1004,110,77,99,35,33,64
2023-07-31,1004,132,68,62,41,64,21
2023-08-01,1004,105,77,51,42,28,9
2023-08-02,1004,103,72,69,42,31,27
2023-08-03,1004,144,58,73,34,86,39
2023-08-04,1004,108,89,65,37,19,28
2023-08-05,1004,109,80,97,48,29,49
2023-08-06,1004,124,74,92,38,50,54
2023-08-07,1004,119,87,52,34,32,18
2023-08-08,1004,122,70,83,40,52,43
2023-08-09,1004,145,92,81,39,53,42
2023-08-10,1004,115,72,54,32,43,22
2023-08-11,1004,138,79,60,35,59,25
2023-08-12,1004,141,70,82,44,71,38
2023-08-13,1004,125,70,56,29,55,27
2023-08-14,1004,123,83,67,40,40,27
2023-08-15,1004,124,72,82,45,52,37
2023-08-16,1004,142,93,76,36,49,40
2023-08-17,1004,119,94,60,43,25,17
2023-08-18,1004,147,91,72,44,56,28
2023-08-19,1004,126,66,97,38,60,59
2023-08-20,1004,103,90,65,45,13,20
2023-08-21,1004,127,79,94,56,48,38
2023-08-22,1004,102,72,68,45,30,23
2023-08-23,1004,113,87,91,29,26,62
2023-08-24,1004,137,67,72,41,70,31
2023-08-25,1004,114,70,69,35,44,34
2023-08-26,1004,138,81,52,34,57,18
2023-08-27,1004,127,84,96,41,43,55
2023-08-28,1004,127,78,51,33,49,18
2023-08-29,1004,136,102,67,34,34,33
2023-08-30,1004,112,75,58,39,37,19
2023-08-31,1004,109,90,67,39,19,28
2023-09-01,1004,122,78,81,38,44,43
2023-09-02,1004,147,80,57,40,67,17
2023-09-03,1004,147,78,86,52,69,34
2023-09-04,1004,139,78,65,35,61,30
2023-09-05,1004,113,61,63,33,52,30
2023-09-06,1004,110,74,80,33,36,47
2023-09-07,1004,107,76,83,51,31,32
2023-09-08,1004,143,90,96,45,53,51
2023-09-09,1004,139,87,66,35,52,31
2023-09-10,1004,144,59,77,60,85,17
2023-09-11,1004,114,71,50,45,43,5
2023-09-12,1004,108,62,98,31,46,67
2023-09-13,1004,121,84,76,41,37,35
2023-09-14,1004,103,76,69,45,27,24
2023-09-15,1004,134,79,74,46,55,28
2023-09-16,1004,104,87,89,31,17,58
2023-09-17,1004,123,72,71,42,51,29
2023-09-18,1004,116,85,62,43,31,19
2023-09-19,1004,145,84,56,29,61,27
2023-09-20,1004,121,80,90,43,41,47
2023-09-21,1004,139,76,95,32,63,63
2023-09-22,1004,121,67,82,42,54,40
2023-09-23,1004,102,80,82,35,22,47
2023-09-24,1004,101,82,95,48,19,47
2023-09-25,1004,131,90,64,48,41,16
2023-09-26,1004,148,81,96,40,67,56
2023-09-27,1004,114,72,85,47,42,38
2023-09-28,1004,135,94,60,28,41,32
2023-09-29,1004,142,76,90,43,66,47
2023-09-30,1004,136,70,100,35,66,65
2023-10-01,1004,114,85,58,42,29,16
2023-10-02,1004,112,74,79,41,38,38
2023-10-03,1004,106,109,62,49,-3,13
2023-10-04,1004,143,90,73,41,53,32
2023-10-05,1004,124,79,89,45,45,44
2023-10-06,1004,141,76,81,40,65,41
2023-10-07,1004,132,73,80,45,59,35
2023-10-08,1004,102,91,85,31,11,54
2023-10-09,1004,137,72,72,41,65,31
2023-10-10,1004,118,91,53,52,27,1
2023-10-11,1004,114,81,81,40,33,41
2023-10-12,1004,134,63,98,44,71,54
2023-10-13,1004,129,81,88,31,48,57
2023-10-14,1004,123,86,88,39,37,49
2023-10-15,1004,110,61,89,41,49,48
2023-10-16,1004,118,83,71,39,35,32
2023-10-17,1004,148,82,68,43,66,25
2023-10-18,1004,105,67,95,46,38,49
2023-10-19,1004,139,96,92,56,43,36
2023-10-20,1004,115,90,98,42,25,56
2023-10-21,1004,121,74,76,35,47,41
2023-10-22,1004,124,98,92,36,26,56
2023-10-23,1004,146,79,72,42,67,30
2023-10-24,1004,124,83,58,40,41,18
2023-10-25,1004,103,64,71,39,39,32
2023-10-26,1004,105,80,56,43,25,13
2023-10-27,1004,141,88,51,50,53,1
2023-10-28,1004,122,90,83,34,32,49
2023-10-29,1004,111,84,55,47,27,8
2023-10-30,1004,103,78,61,45,25,16
2023-10-31,1004,115,82,83,41,33,42
2023-11-01,1004,102,77,71,39,25,32
2023-11-02,1004,101,81,87,42,20,45
2023-11-03,1004,115,84,58,25,31,33
2023-11-04,1004,135,78,76,39,57,37
2023-11-05,1004,112,55,93,37,57,56
2023-11-06,1004,130,95,94,39,35,55
2023-11-07,1004,139,63,93,52,76,41
2023-11-08,1004,110,77,65,36,33,29
2023-11-09,1004,116,79,52,34,37,18
2023-11-10,1004,110,74,75,41,36,34
2023-11-11,1004,146,62,87,35,84,52
2023-11-12,1004,121,87,92,38,34,54
2023-11-13,1004,118,71,62,44,47,18
2023-11-14,1004,129,79,56,31,50,25
2023-11-15,1004,120,71,55,41,49,14
2023-11-16,1004,128,71,90,36,57,54
2023-11-17,1004,105,66,72,30,39,42
2023-11-18,1004,146,80,54,41,66,13
2023-11-19,1004,138,78,61,46,60,15
2023-11-20,1004,123,81,100,40,42,60
2023-11-21,1004,122,93,86,31,29,55
2023-11-22,1004,111,87,83,34,24,49
2023-11-23,1004,127,66,58,48,61,10
2023-11-24,1004,110,80,77,44,30,33
2023-11-25,1004,104,89,66,45,15,21
2023-11-26,1004,150,56,84,38,94,46
2023-11-27,1004,107,90,77,34,17,43
2023-11-28,1004,104,90,86,40,14,46
2023-11-29,1004,138,88,87,34,50,53
2023-11-30,1004,107,81,52,35,26,17
2023-12-01,1004,100,81,54,43,19,11
2023-12-02,1004,111,85,56,33,26,23
2023-12-03,1004,118,83,77,39,35,38
2023-12-04,1004,146,91,67,44,55,23
2023-12-05,1004,139,86,67,54,53,13
2023-12-06,1004,125,84,70,55,41,15
2023-12-07,1004,148,85,56,26,63,30
2023-12-08,1004,104,88,80,42,16,38
2023-12-09,1004,119,85,51,39,34,12
2023-12-10,1004,130,78,78,44,52,34
2023-12-11,1004,101,79,60,34,22,26
2023-12-12,1004,116,81,57,39,35,18
2023-12-13,1004,146,88,84,45,58,39
2023-12-14,1004,100,78,64,35,22,29
2023-12-15,1004,150,69,62,38,81,24
2023-12-16,1004,137,87,55,44,50,11
2023-12-17,1004,127,89,82,44,38,38
2023-12-18,1004,130,79,87,39,51,48
2023-12-19,1004,104,85,76,44,19,32
2023-12-20,1004,130,84,84,50,46,34
2023-12-21,1004,102,74,66,44,28,22
2023-12-22,1004,147,68,72,41,79,31
2023-12-23,1004,133,79,58,36,54,22
2023-12-24,1004,135,79,74,39,56,35
2023-12-25,1004,138,86,97,37,52,60
2023-12-26,1004,146,69,70,44,77,26
2023-12-27,1004,126,85,77,43,41,34
2023-12-28,1004,142,78,64,33,64,31
2023-12-29,1004,108,87,74,38,21,36
2023-12-30,1004,111,74,90,52,37,38
2023-12-31,1004,104,85,97,45,19,52
2023-01-01,1005,146,73,52,38,73,14
2023-01-02,1005,105,83,79,34,22,45
2023-01-03,1005,120,77,63,42,43,21
2023-01-04,1005,106,86,75,27,20,48
2023-01-05,1005,122,83,98,37,39,61
2023-01-06,1005,103,86,95,42,17,53
2023-01-07,1005,141,87,80,45,54,35
2023-01-08,1005,122,59,79,31,63,48
2023-01-09,1005,120,88,71,50,32,21
2023-01-10,1005,104,80,99,33,24,66
2023-01-11,1005,103,74,93,59,29,34
2023-01-12,1005,127,90,84,31,37,53
2023-01-13,1005,108,89,54,48,19,6
2023-01-14,1005,105,72,83,36,33,47
2023-01-15,1005,114,83,77,34,31,43
2023-01-16,1005,126,73,76,38,53,38
2023-01-17,1005,146,72,59,42,74,17
2023-01-18,1005,139,61,63,45,78,18
2023-01-19,1005,107,77,72,54,30,18
2023-01-20,1005,120,80,67,41,40,26
2023-01-21,1005,125,86,67,40,39,27
2023-01-22,1005,115,77,77,37,38,40
2023-01-23,1005,148,78,60,43,70,17
2023-01-24,1005,106,78,81,49,28,32
2023-01-25,1005,149,85,85,48,64,37
2023-01-26,1005,112,73,87,36,39,51
2023-01-27,1005,133,66,88,42,67,46
2023-01-28,1005,130,75,77,43,55,34
2023-01-29,1005,146,72,93,44,74,49
2023-01-30,1005,136,84,92,39,52,53
2023-01-31,1005,125,74,69,40,51,29
2023-02-01,1005,108,67,64,40,41,24
2023-02-02,1005,101,86,85,45,15,40
2023-02-03,1005,140,68,92,46,72,46
2023-02-04,1005,107,71,81,33,36,48
2023-02-05,1005,148,65,71,35,83,36
2023-02-06,1005,114,84,87,37,30,50
2023-02-07,1005,128,76,88,45,52,43
2023-02-08,1005,143,80,93,43,63,50
2023-02-09,1005,128,65,62,46,63,16
2023-02-10,1005,147,92,89,45,55,44
2023-02-11,1005,121,80,88,34,41,54
2023-02-12,1005,101,87,100,34,14,66
2023-02-13,1005,123,89,97,53,34,44
2023-02-14,1005,112,78,84,33,34,51
2023-02-15,1005,116,81,95,37,35,58
2023-02-16,1005,108,86,62,37,22,25
2023-02-17,1005,123,71,68,42,52,26
2023-02-18,1005,136,91,85,36,45,49
2023-02-19,1005,109,86,74,44,23,30
2023-02-20,1005,128,74,66,34,54,32
2023-02-21,1005,106,70,68,34,36,34
2023-02-22,1005,115,79,73,38,36,35
2023-02-23,1005,146,66,93,36,80,57
2023-02-24,1005,136,83,52,51,53,1
2023-02-25,1005,142,75,81,33,67,48
2023-02-26,1005,138,72,81,29,66,52
2023-02-27,1005,111,89,73,42,22,31
2023-02-28,1005,141,77,95,41,64,54
2023-03-01,1005,142,78,57,46,64,11
2023-03-02,1005,140,83,88,44,57,44
2023-03-03,1005,126,91,88,34,35,54
2023-03-04,1005,132,77,94,37,55,57
2023-03-05,1005,141,85,69,41,56,28
2023-03-06,1005,109,80,62,34,29,28
2023-03-07,1005,143,82,55,39,61,16
2023-03-08,1005,126,98,68,38,28,30
2023-03-09,1005,141,93,63,37,48,26
2023-03-10,1005,133,81,61,39,52,22
2023-03-11,1005,116,82,53,41,34,12
2023-03-12,1005,132,92,81,46,40,35
2023-03-13,1005,130,90,59,40,40,19
2023-03-14,1005,114,101,94,34,13,60
2023-03-15,1005,106,77,90,29,29,61
2023-03-16,1005,115,71,94,39,44,55
2023-03-17,1005,126,83,98,45,43,53
2023-03-18,1005,147,88,95,41,59,54
2023-03-19,1005,108,71,54,32,37,22
2023-03-20,1005,114,79,67,45,35,22
2023-03-21,1005,100,81,64,44,19,20
2023-03-22,1005,130,92,98,35,38,63
2023-03-23,1005,143,64,91,37,79,54
2023-03-24,1005,120,71,61,46,49,15
2023-03-25,1005,145,77,68,40,68,28
2023-03-26,1005,134,74,69,47,60,22
2023-03-27,1005,141,80,54,44,61,10
2023-03-28,1005,109,80,83,34,29,49
2023-03-29,1005,126,65,56,47,61,9
2023-03-30,1005,129,85,75,24,44,51
2023-03-31,1005,108,78,82,48,30,34
2023-04-01,1005,118,81,59,47,37,12
2023-04-02,1005,113,83,90,45,30,45
2023-04-03,1005,105,70,87,45,35,42
2023-04-04,1005,136,79,71,36,57,35
2023-04-05,1005,124,66,70,34,58,36
2023-04-06,1005,128,64,52,44,64,8
2023-04-07,1005,136,71,72,26,65,46
2023-04-08,1005,126,89,89,30,37,59
2023-04-09,1005,115,84,61,47,31,14
2023-04-10,1005,145,90,70,43,55,27
2023-04-11,1005,120,76,54,42,44,12
2023-04-12,1005,134,94,59,37,40,22
2023-04-13,1005,125,86,93,31,39,62
2023-04-14,1005,101,71,90,39,30,51
2023-04-15,1005,128,82,84,25,46,59
2023-04-16,1005,103,79,62,40,24,22
2023-04-17,1005,131,76,55,39,55,16
2023-04-18,1005,100,80,85,30,20,55
2023-04-19,1005,140,75,63,54,65,9
2023-04-20,1005,110,82,51,32,28,19
2023-04-21,1005,126,67,64,37,59,27
2023-04-22,1005,136,88,94,47,48,47
2023-04-23,1005,135,82,81,39,53,42
2023-04-24,1005,130,81,81,34,49,47
2023-04-25,1005,107,83,62,33,24,29
2023-04-26,1005,145,88,77,35,57,42
2023-04-27,1005,115,92,55,44,23,11
2023-04-28,1005,126,91,66,44,35,22
2023-04-29,1005,142,91,63,45,51,18
2023-04-30,1005,149,86,82,49,63,33
2023-05-01,1005,127,77,61,40,50,21
2023-05-02,1005,140,79,85,37,61,48
2023-05-03,1005,128,91,77,38,37,39
2023-05-04,1005,149,91,89,53,58,36
2023-05-05,1005,114,78,72,39,36,33
2023-05-06,1005,118,86,67,39,32,28
2023-05-07,1005,113,87,88,43,26,45
2023-05-08,1005,110,83,78,31,27,47
2023-05-09,1005,110,91,99,31,19,68
2023-05-10,1005,106,75,84,45,31,39
2023-05-11,1005,108,74,66,33,34,33
2023-05-12,1005,138,72,94,45,66,49
2023-05-13,1005,141,88,95,47,53,48
2023-05-14,1005,113,92,84,53,21,31
2023-05-15,1005,106,68,95,46,38,49
2023-05-16,1005,103,68,78,44,35,34
2023-05-17,1005,135,76,75,41,59,34
2023-05-18,1005,134,81,52,39,53,13
2023-05-19,1005,119,81,70,36,38,34
2023-05-20,1005,115,92,98,46,23,52
2023-05-21,1005,136,95,62,49,41,13
2023-05-22,1005,109,80,64,39,29,25
2023-05-23,1005,101,69,70,36,32,34
2023-05-24,1005,135,81,75,44,54,31
2023-05-25,1005,119,58,62,40,61,22
2023-05-26,1005,116,84,74,45,32,29
2023-05-27,1005,147,93,83,36,54,47
2023-05-28,1005,131,90,85,40,41,45
2023-05-29,1005,122,72,82,50,50,32
2023-05-30,1005,123,80,84,39,43,45
2023-05-31,1005,125,83,55,38,42,17
2023-06-01,1005,129,73,60,33,56,27
2023-06-02,1005,128,82,85,39,46,46
2023-06-03,1005,149,77,59,54,72,5
2023-06-04,1005,141,81,67,36,60,31
2023-06-05,1005,135,84,99,39,51,60
2023-06-06,1005,118,78,60,44,40,16
2023-06-07,1005,108,73,82,30,35,52
2023-06-08,1005,114,90,79,31,24,48
2023-06-09,1005,138,63,89,29,75,60
2023-06-10,1005,114,71,76,34,43,42
2023-06-11,1005,123,92,69,42,31,27
2023-06-12,1005,126,65,76,33,61,43
2023-06-13,1005,132,83,53,49,49,4
2023-06-14,1005,141,66,58,46,75,12
2023-06-15,1005,144,88,73,35,56,38
2023-06-16,1005,119,81,58,37,38,21
2023-06-17,1005,119,84,76,36,35,40
2023-06-18,1005,123,86,53,39,37,14
2023-06-19,1005,140,90,56,36,50,20
2023-06-20,1005,115,76,61,33,39,28
2023-06-21,1005,111,77,55,44,34,11
2023-06-22,1005,129,72,56,42,57,14
2023-06-23,1005,124,84,92,38,40,54
2023-06-24,1005,122,63,54,39,59,15
2023-06-25,1005,149,80,66,37,69,29
2023-06-26,1005,103,76,100,43,27,57
2023-06-27,1005,108,96,60,40,12,20
2023-06-28,1005,100,82,94,46,18,48
2023-06-29,1005,139,84,96,38,55,58
2023-06-30,1005,127,95,99,37,32,62
2023-07-01,1005,146,106,96,39,40,57
2023-07-02,1005,119,79,56,35,40,21
2023-07-03,1005,130,93,51,44,37,7
2023-07-04,1005,123,74,86,33,49,53
2023-07-05,1005,119,82,63,34,37,29
2023-07-06,1005,136,82,76,47,54,29
2023-07-07,1005,148,80,61,38,68,23
2023-07-08,1005,144,84,89,33,60,56
2023-07-09,1005,145,69,64,34,76,30
2023-07-10,1005,132,83,61,36,49,25
2023-07-11,1005,103,90,79,38,13,41
2023-07-12,1005,135,89,71,39,46,32
2023-07-13,1005,104,72,88,37,32,51
2023-07-14,1005,140,72,54,38,68,16
2023-07-15,1005,149,88,98,40,61,58
2023-07-16,1005,141,77,86,38,64,48
2023-07-17,1005,107,80,86,53,27,33
2023-07-18,1005,143,79,60,40,64,20
2023-07-19,1005,124,78,51,56,46,-5
2023-07-20,1005,120,78,63,30,42,33
2023-07-21,1005,129,88,73,35,41,38
2023-07-22,1005,134,93,97,40,41,57
2023-07-23,1005,149,77,76,57,72,19
2023-07-24,1005,133,72,83,50,61,33
2023-07-25,1005,121,73,61,41,48,20
2023-07-26,1005,136,87,77,30,49,47
2023-07-27,1005,139,83,59,41,56,18
2023-07-28,1005,140,70,71,51,70,20
2023-07-29,1005,138,76,68,35,62,33
2023-07-30,1005,122,84,93,45,38,48
2023-07-31,1005,114,80,83,39,34,44
2023-08-01,1005,115,75,54,46,40,8
2023-08-02,1005,133,78,96,38,55,58
2023-08-03,1005,150,86,93,50,64,43
2023-08-04,1005,128,89,89,48,39,41
2023-08-05,1005,146,77,66,40,69,26
2023-08-06,1005,130,69,62,40,61,22
2023-08-07,1005,139,105,66,40,34,26
2023-08-08,1005,143,82,73,34,61,39
2023-08-09,1005,140,68,60,41,72,19
2023-08-10,1005,134,66,98,41,68,57
2023-08-11,1005,149,85,88,53,64,35
2023-08-12,1005,126,86,84,29,40,55
2023-08-13,1005,143,89,72,50,54,22
2023-08-14,1005,149,92,56,35,57,21
2023-08-15,1005,139,69,88,44,70,44
2023-08-16,1005,121,78,59,42,43,17
2023-08-17,1005,133,82,61,45,51,16
2023-08-18,1005,150,81,73,41,69,32
2023-08-19,1005,120,101,60,41,19,19
2023-08-20,1005,124,93,81,38,31,43
2023-08-21,1005,149,90,74,37,59,37
2023-08-22,1005,117,71,70,30,46,40
2023-08-23,1005,111,64,57,51,47,6
2023-08-24,1005,114,68,92,33,46,59
2023-08-25,1005,130,93,52,45,37,7
2023-08-26,1005,129,81,57,33,48,24
2023-08-27,1005,147,72,92,33,75,59
2023-08-28,1005,150,72,72,50,78,22
2023-08-29,1005,132,64,51,36,68,15
2023-08-30,1005,140,81,77,36,59,41
2023-08-31,1005,130,93,55,40,37,15
2023-09-01,1005,120,90,58,41,30,17
2023-09-02,1005,113,79,53,46,34,7
2023-09-03,1005,131,78,79,33,53,46
2023-09-04,1005,131,73,50,51,58,-1
2023-09-05,1005,125,90,68,31,35,37
2023-09-06,1005,149,89,94,34,60,60
2023-09-07,1005,105,88,56,39,17,17
2023-09-08,1005,146,75,57,42,71,15
2023-09-09,1005,135,68,83,38,67,45
2023-09-10,1005,107,72,80,49,35,31
2023-09-11,1005,128,82,71,46,46,25
2023-09-12,1005,105,63,61,38,42,23
2023-09-13,1005,125,82,77,42,43,35
2023-09-14,1005,115,76,70,46,39,24
2023-09-15,1005,117,58,72,42,59,30
2023-09-16,1005,127,64,62,27,63,35
2023-09-17,1005,109,66,98,31,43,67
2023-09-18,1005,121,89,62,33,32,29
2023-09-19,1005,117,64,99,41,53,58
2023-09-20,1005,116,76,55,42,40,13
2023-09-21,1005,145,89,61,24,56,37
2023-09-22,1005,117,77,64,31,40,33
2023-09-23,1005,108,88,58,36,20,22
2023-09-24,1005,142,99,63,42,43,21
2023-09-25,1005,144,84,74,32,60,42
2023-09-26,1005,108,87,91,51,21,40
2023-09-27,1005,140,77,93,46,63,47
2023-09-28,1005,130,69,80,33,61,47
2023-09-29,1005,119,87,65,32,32,33
2023-09-30,1005,150,79,89,46,71,43
2023-10-01,1005,142,94,78,42,48,36
2023-10-02,1005,135,68,89,50,67,39
2023-10-03,1005,102,57,69,34,45,35
2023-10-04,1005,137,74,97,44,63,53
2023-10-05,1005,136,81,78,44,55,34
2023-10-06,1005,102,81,61,42,21,19
2023-10-07,1005,142,72,95,36,70,59
2023-10-08,1005,139,76,56,36,63,20
2023-10-09,1005,111,79,65,45,32,20
2023-10-10,1005,137,77,89,42,60,47
2023-10-11,1005,114,80,95,50,34,45
2023-10-12,1005,139,80,69,40,59,29
2023-10-13,1005,109,79,87,47,30,40
2023-10-14,1005,102,92,81,23,10,58
2023-10-15,1005,141,88,96,55,53,41
2023-10-16,1005,142,74,68,43,68,25
2023-10-17,1005,119,83,90,36,36,54
2023-10-18,1005,142,83,52,36,59,16
2023-10-19,1005,114,83,64,39,31,25
2023-10-20,1005,131,77,61,37,54,24
2023-10-21,1005,102,103,99,37,-1,62
2023-10-22,1005,140,79,72,36,61,36
2023-10-23,1005,118,75,77,37,43,40
2023-10-24,1005,108,73,85,31,35,54
2023-10-25,1005,113,76,75,42,37,33
2023-10-26,1005,147,92,94,36,55,58
2023-10-27,1005,144,71,72,34,73,38
2023-10-28,1005,108,80,75,39,28,36
2023-10-29,1005,136,84,96,39,52,57
2023-10-30,1005,112,96,99,46,16,53
2023-10-31,1005,150,70,82,35,80,47
2023-11-01,1005,105,76,86,46,29,40
2023-11-02,1005,127,72,63,40,55,23
2023-11-03,1005,122,84,58,42,38,16
2023-11-04,1005,145,96,66,45,49,21
2023-11-05,1005,105,76,50,23,29,27
2023-11-06,1005,129,95,69,37,34,32
2023-11-07,1005,137,55,58,55,82,3
2023-11-08,1005,100,89,91,49,11,42
2023-11-09,1005,147,64,71,51,83,20
2023-11-10,1005,101,91,90,32,10,58
2023-11-11,1005,145,69,53,35,76,18
2023-11-12,1005,128,76,58,33,52,25
2023-11-13,1005,141,84,79,43,57,36
2023-11-14,1005,121,78,52,36,43,16
2023-11-15,1005,101,100,78,43,1,35
2023-11-16,1005,144,62,56,35,82,21
2023-11-17,1005,108,86,81,34,22,47
2023-11-18,1005,136,86,81,42,50,39
2023-11-19,1005,136,91,90,42,45,48
2023-11-20,1005,107,98,67,39,9,28
2023-11-21,1005,121,83,98,35,38,63
2023-11-22,1005,110,88,64,33,22,31
2023-11-23,1005,106,99,61,46,7,15
2023-11-24,1005,112,86,65,37,26,28
2023-11-25,1005,120,91,85,41,29,44
2023-11-26,1005,113,103,96,38,10,58
2023-11-27,1005,145,92,71,40,53,31
2023-11-28,1005,120,75,58,44,45,14
2023-11-29,1005,144,82,56,41,62,15
2023-11-30,1005,139,71,89,31,68,58
2023-12-01,1005,101,82,74,38,19,36
2023-12-02,1005,133,65,92,44,68,48
2023-12-03,1005,118,63,51,30,55,21
2023-12-04,1005,150,85,52,44,65,8
2023-12-05,1005,109,94,57,45,15,12
2023-12-06,1005,105,82,51,39,23,12
2023-12-07,1005,130,75,64,47,55,17
2023-12-08,1005,128,80,94,54,48,40
2023-12-09,1005,136,89,79,37,47,42
2023-12-10,1005,126,85,90,38,41,52
2023-12-11,1005,100,90,82,47,10,35
2023-12-12,1005,124,75,95,35,49,60
2023-12-13,1005,128,72,97,33,56,64
2023-12-14,1005,124,93,54,44,31,10
2023-12-15,1005,124,90,89,38,34,51
2023-12-16,1005,127,74,77,45,53,32
2023-12-17,1005,125,85,74,48,40,26
2023-12-18,1005,129,87,96,36,42,60
2023-12-19,1005,110,70,88,42,40,46
2023-12-20,1005,143,89,62,36,54,26
2023-12-21,1005,139,78,72,36,61,36
2023-12-22,1005,132,79,91,45,53,46
2023-12-23,1005,109,82,52,36,27,16
2023-12-24,1005,148,70,73,33,78,40
2023-12-25,1005,103,88,98,49,15,49
2023-12-26,1005,113,69,59,36,44,23
2023-12-27,1005,128,85,74,42,43,32
2023-12-28,1005,122,89,55,36,33,19
2023-12-29,1005,133,73,59,42,60,17
2023-12-30,1005,127,75,68,40,52,28
2023-12-31,1005,138,71,64,39,67,25
2023-01-01,1006,106,83,66,45,23,21
2023-01-02,1006,117,61,80,47,56,33
2023-01-03,1006,123,72,67,40,51,27
2023-01-04,1006,145,68,71,43,77,28
2023-01-05,1006,134,73,71,41,61,30
2023-01-06,1006,100,75,91,46,25,45
2023-01-07,1006,142,78,97,42,64,55
2023-01-08,1006,130,87,81,41,43,40
2023-01-09,1006,115,90,90,32,25,58
2023-01-10,1006,106,86,91,35,20,56
2023-01-11,1006,121,80,72,48,41,24
2023-01-12,1006,106,94,92,49,12,43
2023-01-13,1006,138,76,86,42,62,44
2023-01-14,1006,111,67,62,33,44,29
2023-01-15,1006,122,78,95,30,44,65
2023-01-16,1006,120,82,64,38,38,26
2023-01-17,1006,128,87,69,52,41,17
2023-01-18,1006,147,77,58,41,70,17
2023-01-19,1006,141,92,96,38,49,58
2023-01-20,1006,120,80,81,31,40,50
2023-01-21,1006,133,89,67,36,44,31
2023-01-22,1006,109,85,84,38,24,46
2023-01-23,1006,141,99,65,36,42,29
2023-01-24,1006,106,91,70,40,15,30
2023-01-25,1006,131,86,63,34,45,29
2023-01-26,1006,125,81,97,50,44,47
2023-01-27,1006,103,89,61,38,14,23
2023-01-28,1006,131,79,70,32,52,38
2023-01-29,1006,125,79,51,37,46,14
2023-01-30,1006,138,61,56,42,77,14
2023-01-31,1006,129,63,53,44,66,9
2023-02-01,1006,109,76,76,39,33,37
2023-02-02,1006,128,79,63,32,49,31
2023-02-03,1006,121,73,53,39,48,14
2023-02-04,1006,104,73,50,41,31,9
2023-02-05,1006,117,68,78,39,49,39
2023-02-06,1006,128,80,50,41,48,9
2023-02-07,1006,144,66,69,37,78,32
2023-02-08,1006,119,62,72,38,57,34
2023-02-09,1006,104,77,95,32,27,63
2023-02-10,1006,129,78,50,35,51,15
2023-02-11,1006,149,80,73,41,69,32
2023-02-12,1006,122,73,64,39,49,25
2023-02-13,1006,114,84,66,46,30,20
2023-02-14,1006,117,65,80,36,52,44
2023-02-15,1006,103,75,65,33,28,32
2023-02-16,1006,148,81,86,37,67,49
2023-02-17,1006,100,84,55,29,16,26
2023-02-18,1006,120,69,78,40,51,38
2023-02-19,1006,102,80,84,35,22,49
2023-02-20,1006,120,79,87,43,41,44
2023-02-21,1006,119,78,79,15,41,64
2023-02-22,1006,139,84,56,41,55,15
2023-02-23,1006,139,92,79,37,47,42
2023-02-24,1006,108,69,90,37,39,53
2023-02-25,1006,100,88,79,56,12,23
2023-02-26,1006,100,82,79,52,18,27
2023-02-27,1006,103,72,87,29,31,58
2023-02-28,1006,142,98,66,34,44,32
2023-03-01,1006,140,73,84,50,67,34
2023-03-02,1006,138,62,68,31,76,37
2023-03-03,1006,120,71,85,47,49,38
2023-03-04,1006,104,72,75,46,32,29
2023-03-05,1006,131,81,80,51,50,29
2023-03-06,1006,115,72,76,38,43,38
2023-03-07,1006,132,81,52,39,51,13
2023-03-08,1006,133,80,54,37,53,17
2023-03-09,1006,140,107,62,30,33,32
2023-03-10,1006,113,96,69,35,17,34
2023-03-11,1006,108,85,74,44,23,30
2023-03-12,1006,145,76,83,49,69,34
2023-03-13,1006,105,77,94,39,28,55
2023-03-14,1006,113,75,99,33,38,66
2023-03-15,1006,133,74,81,39,59,42
2023-03-16,1006,112,102,62,53,10,9
2023-03-17,1006,115,76,77,48,39,29
2023-03-18,1006,114,80,89,36,34,53
2023-03-19,1006,146,69,87,36,77,51
2023-03-20,1006,127,95,75,38,32,37
2023-03-21,1006,120,90,65,42,30,23
2023-03-22,1006,106,86,87,35,20,52
2023-03-23,1006,102,89,59,43,13,16
2023-03-24,1006,124,73,91,46,51,45
2023-03-25,1006,117,82,72,43,35,29
2023-03-26,1006,106,78,68,49,28,19
2023-03-27,1006,110,102,70,29,8,41
2023-03-28,1006,125,95,87,49,30,38
2023-03-29,1006,137,83,96,41,54,55
2023-03-30,1006,118,94,72,41,24,31
2023-03-31,1006,116,71,84,38,45,46
2023-04-01,1006,125,79,65,42,46,23
2023-04-02,1006,116,80,93,45,36,48
2023-04-03,1006,123,74,84,42,49,42
2023-04-04,1006,126,81,88,38,45,50
2023-04-05,1006,139,83,53,31,56,22
2023-04-06,1006,124,80,93,35,44,58
2023-04-07,1006,150,87,98,33,63,65
2023-04-08,1006,148,77,92,47,71,45
2023-04-09,1006,122,78,57,42,44,15
2023-04-10,1006,101,73,51,49,28,2
2023-04-11,1006,113,73,100,38,40,62
2023-04-12,1006,110,86,70,40,24,30
2023-04-13,1006,125,66,91,48,59,43
2023-04-14,1006,116,63,61,43,53,18
2023-04-15,1006,137,83,65,39,54,26
2023-04-16,1006,100,72,74,44,28,30
2023-04-17,1006,111,75,58,32,36,26
2023-04-18,1006,145,84,86,31,61,55
2023-04-19,1006,102,94,60,44,8,16
2023-04-20,1006,129,77,81,36,52,45
2023-04-21,1006,109,69,70,41,40,29
2023-04-22,1006,128,100,81,31,28,50
2023-04-23,1006,108,80,65,51,28,14
2023-04-24,1006,122,73,89,42,49,47
2023-04-25,1006,129,93,76,36,36,40
2023-04-26,1006,129,79,60,53,50,7
2023-04-27,1006,138,80,52,29,58,23
2023-04-28,1006,120,78,90,47,42,43
2023-04-29,1006,122,58,52,45,64,7
2023-04-30,1006,116,74,70,43,42,27
2023-05-01,1006,136,91,61,37,45,24
2023-05-02,1006,127,68,73,39,59,34
2023-05-03,1006,138,61,59,38,77,21
2023-05-04,1006,105,86,85,36,19,49
2023-05-05,1006,107,87,58,29,20,29
2023-05-06,1006,136,83,79,40,53,39
2023-05-07,1006,108,76,79,32,32,47
2023-05-08,1006,137,80,60,40,57,20
2023-05-09,1006,122,73,64,42,49,22
2023-05-10,1006,119,64,82,41,55,41
2023-05-11,1006,114,76,63,33,38,30
2023-05-12,1006,131,97,60,31,34,29
2023-05-13,1006,130,85,72,37,45,35
2023-05-14,1006,114,71,59,34,43,25
2023-05-15,1006,143,74,66,53,69,13
2023-05-16,1006,119,83,58,47,36,11
2023-05-17,1006,100,87,65,46,13,19
2023-05-18,1006,105,89,70,35,16,35
2023-05-19,1006,121,84,66,49,37,17
2023-05-20,1006,140,74,90,42,66,48
2023-05-21,1006,134,72,67,40,62,27
2023-05-22,1006,135,89,79,54,46,25
2023-05-23,1006,146,61,82,51,85,31
2023-05-24,1006,145,86,83,36,59,47
2023-05-25,1006,135,91,74,47,44,27
2023-05-26,1006,122,82,100,43,40,57
2023-05-27,1006,141,78,54,45,63,9
2023-05-28,1006,129,94,93,35,35,58
2023-05-29,1006,135,86,59,25,49,34
2023-05-30,1006,150,92,77,35,58,42
2023-05-31,1006,148,85,55,39,63,16
2023-06-01,1006,110,74,87,45,36,42
2023-06-02,1006,131,89,66,33,42,33
2023-06-03,1006,127,73,86,50,54,36
2023-06-04,1006,125,77,66,37,48,29
2023-06-05,1006,136,84,75,31,52,44
2023-06-06,1006,140,86,97,47,54,50
2023-06-07,1006,112,67,60,46,45,14
2023-06-08,1006,150,73,74,45,77,29
2023-06-09,1006,146,76,85,44,70,41
2023-06-10,1006,127,84,51,41,43,10
2023-06-11,1006,118,68,79,34,50,45
2023-06-12,1006,150,87,85,48,63,37
2023-06-13,1006,139,82,76,49,57,27
2023-06-14,1006,104,83,52,48,21,4
2023-06-15,1006,146,73,62,47,73,15
2023-06-16,1006,129,77,63,34,52,29
2023-06-17,1006,121,74,56,41,47,15
2023-06-18,1006,137,100,95,43,37,52
2023-06-19,1006,127,61,83,45,66,38
2023-06-20,1006,130,77,97,39,53,58
2023-06-21,1006,147,84,57,30,63,27
2023-06-22,1006,101,88,92,37,13,55
2023-06-23,1006,140,61,73,46,79,27
2023-06-24,1006,140,74,81,45,66,36
2023-06-25,1006,147,66,58,43,81,15
2023-06-26,1006,104,72,90,40,32,50
2023-06-27,1006,144,75,98,28,69,70
2023-06-28,1006,135,79,100,31,56,69
2023-06-29,1006,106,82,63,40,24,23
2023-06-30,1006,104,67,88,28,37,60
2023-07-01,1006,105,93,78,33,12,45
2023-07-02,1006,118,87,50,27,31,23
2023-07-03,1006,140,75,69,44,65,25
2023-07-04,1006,150,66,70,32,84,38
2023-07-05,1006,126,79,54,41,47,13
2023-07-06,1006,133,89,96,31,44,65
2023-07-07,1006,131,74,86,41,57,45
2023-07-08,1006,106,91,76,37,15,39
2023-07-09,1006,116,70,74,39,46,35
2023-07-10,1006,102,73,82,45,29,37
2023-07-11,1006,131,91,53,47,40,6
2023-07-12,1006,100,72,98,46,28,52
2023-07-13,1006,144,74,51,45,70,6
2023-07-14,1006,124,78,84,29,46,55
2023-07-15,1006,112,71,96,44,41,52
2023-07-16,1006,127,82,72,48,45,24
2023-07-17,1006,119,68,56,45,51,11
2023-07-18,1006,145,79,85,37,66,48
2023-07-19,1006,103,75,94,43,28,51
2023-07-20,1006,121,76,62,35,45,27
2023-07-21,1006,106,67,66,39,39,27
2023-07-22,1006,135,97,71,39,38,32
2023-07-23,1006,114,75,52,37,39,15
2023-07-24,1006,100,80,54,32,20,22
2023-07-25,1006,132,79,62,41,53,21
2023-07-26,1006,107,75,63,36,32,27
2023-07-27,1006,119,91,60,47,28,13
2023-07-28,1006,136,76,60,37,60,23
2023-07-29,1006,106,95,52,31,11,21
2023-07-30,1006,145,73,81,34,72,47
2023-07-31,1006,149,74,82,35,75,47
2023-08-01,1006,122,87,78,42,35,36
2023-08-02,1006,101,89,95,61,12,34
2023-08-03,1006,134,85,97,34,49,63
2023-08-04,1006,146,76,84,47,70,37
2023-08-05,1006,149,76,93,44,73,49
2023-08-06,1006,109,74,87,50,35,37
2023-08-07,1006,123,75,57,40,48,17
2023-08-08,1006,102,81,55,38,21,17
2023-08-09,1006,133,79,53,42,54,11
2023-08-10,1006,121,81,83,43,40,40
2023-08-11,1006,137,83,53,33,54,20
2023-08-12,1006,132,89,93,33,43,60
2023-08-13,1006,132,95,55,39,37,16
2023-08-14,1006,131,82,92,46,49,46
2023-08-15,1006,143,78,67,31,65,36
2023-08-16,1006,115,85,96,31,30,65
2023-08-17,1006,140,71,76,36,69,40
2023-08-18,1006,111,102,71,51,9,20
2023-08-19,1006,116,79,56,47,37,9
2023-08-20,1006,112,88,55,41,24,14
2023-08-21,1006,117,70,59,38,47,21
2023-08-22,1006,119,99,60,42,20,18
2023-08-23,1006,110,92,51,39,18,12
2023-08-24,1006,136,90,85,43,46,42
2023-08-25,1006,124,93,99,34,31,65
2023-08-26,1006,144,65,73,48,79,25
2023-08-27,1006,126,57,74,32,69,42
2023-08-28,1006,150,77,78,32,73,46
2023-08-29,1006,120,72,100,35,48,65
2023-08-30,1006,148,81,68,29,67,39
2023-08-31,1006,107,83,68,38,24,30
2023-09-01,1006,119,80,57,41,39,16
2023-09-02,1006,103,74,53,44,29,9
2023-09-03,1006,138,73,94,37,65,57
2023-09-04,1006,108,73,74,29,35,45
2023-09-05,1006,133,82,94,39,51,55
2023-09-06,1006,122,77,68,40,45,28
2023-09-07,1006,142,71,93,47,71,46
2023-09-08,1006,119,86,67,40,33,27
2023-09-09,1006,103,87,85,32,16,53
2023-09-10,1006,149,79,78,36,70,42
2023-09-11,1006,116,100,82,43,16,39
2023-09-12,1006,119,83,61,35,36,26
2023-09-13,1006,115,76,88,31,39,57
2023-09-14,1006,130,69,94,44,61,50
2023-09-15,1006,105,85,80,58,20,22
2023-09-16,1006,117,74,78,38,43,40
2023-09-17,1006,139,93,94,57,46,37
2023-09-18,1006,150,99,75,26,51,49
2023-09-19,1006,138,84,71,26,54,45
2023-09-20,1006,117,98,90,56,19,34
2023-09-21,1006,122,80,52,43,42,9
2023-09-22,1006,105,69,92,44,36,48
2023-09-23,1006,142,80,95,40,62,55
2023-09-24,1006,123,68,67,42,55,25
2023-09-25,1006,144,79,97,33,65,64
2023-09-26,1006,115,88,89,40,27,49
2023-09-27,1006,129,76,54,41,53,13
2023-09-28,1006,101,73,52,36,28,16
2023-09-29,1006,113,84,80,38,29,42
2023-09-30,1006,133,84,65,37,49,28
2023-10-01,1006,133,69,63,46,64,17
2023-10-02,1006,103,77,55,47,26,8
2023-10-03,1006,143,72,77,40,71,37
2023-10-04,1006,143,83,97,31,60,66
2023-10-05,1006,113,60,92,46,53,46
2023-10-06,1006,137,78,100,32,59,68
2023-10-07,1006,135,83,97,40,52,57
2023-10-08,1006,111,91,90,38,20,52
2023-10-09,1006,150,86,59,40,64,19
2023-10-10,1006,104,83,86,32,21,54
2023-10-11,1006,129,62,58,33,67,25
2023-10-12,1006,123,91,95,39,32,56
2023-10-13,1006,118,89,96,44,29,52
2023-10-14,1006,146,82,73,55,64,18
2023-10-15,1006,101,86,86,45,15,41
2023-10-16,1006,129,74,52,38,55,14
2023-10-17,1006,104,62,69,38,42,31
2023-10-18,1006,102,76,97,43,26,54
2023-10-19,1006,150,66,79,23,84,56
2023-10-20,1006,141,67,83,48,74,35
2023-10-21,1006,142,79,90,31,63,59
2023-10-22,1006,137,99,96,44,38,52
2023-10-23,1006,130,91,100,41,39,59
2023-10-24,1006,125,84,74,38,41,36
2023-10-25,1006,145,74,72,41,71,31
2023-10-26,1006,123,77,84,39,46,45
2023-10-27,1006,129,80,59,41,49,18
2023-10-28,1006,140,75,51,36,65,15
2023-10-29,1006,137,71,87,39,66,48
2023-10-30,1006,129,86,98,50,43,48
2023-10-31,1006,143,88,55,33,55,22
2023-11-01,1006,144,82,87,49,62,38
2023-11-02,1006,120,70,51,43,50,8
2023-11-03,1006,128,71,87,46,57,41
2023-11-04,1006,110,76,76,43,34,33
2023-11-05,1006,144,98,85,41,46,44
2023-11-06,1006,111,78,58,43,33,15
2023-11-07,1006,117,83,53,39,34,14
2023-11-08,1006,136,82,75,36,54,39
2023-11-09,1006,129,66,99,35,63,64
2023-11-10,1006,144,68,98,40,76,58
2023-11-11,1006,136,79,86,36,57,50
2023-11-12,1006,135,86,98,38,49,60
2023-11-13,1006,110,84,68,40,26,28
2023-11-14,1006,129,74,71,29,55,42
2023-11-15,1006,139,71,93,50,68,43
2023-11-16,1006,142,74,96,40,68,56
2023-11-17,1006,123,80,75,39,43,36
2023-11-18,1006,123,86,78,44,37,34
2023-11-19,1006,122,89,88,37,33,51
2023-11-20,1006,129,84,65,33,45,32
2023-11-21,1006,146,84,52,54,62,-2
2023-11-22,1006,139,93,98,44,46,54
2023-11-23,1006,100,81,52,34,19,18
2023-11-24,1006,100,74,94,31,26,63
2023-11-25,1006,118,92,99,27,26,72
2023-11-26,1006,110,90,70,46,20,24
2023-11-27,1006,129,78,88,34,51,54
2023-11-28,1006,104,76,63,28,28,35
2023-11-29,1006,113,92,53,49,21,4
2023-11-30,1006,125,81,81,41,44,40
2023-12-01,1006,138,97,64,39,41,25
2023-12-02,1006,141,83,73,44,58,29
2023-12-03,1006,128,84,91,44,44,47
2023-12-04,1006,117,84,66,40,33,26
2023-12-05,1006,111,104,81,43,7,38
2023-12-06,1006,123,69,66,37,54,29
2023-12-07,1006,125,74,76,32,51,44
2023-12-08,1006,110,75,94,44,35,50
2023-12-09,1006,146,85,83,34,61,49
2023-12-10,1006,122,73,71,40,49,31
2023-12-11,1006,140,81,65,44,59,21
2023-12-12,1006,138,107,99,41,31,58
2023-12-13,1006,134,96,52,36,38,16
2023-12-14,1006,112,74,86,38,38,48
2023-12-15,1006,140,81,81,32,59,49
2023-12-16,1006,114,77,51,27,37,24
2023-12-17,1006,128,73,89,33,55,56
2023-12-18,1006,132,82,62,40,50,22
2023-12-19,1006,102,97,92,38,5,54
2023-12-20,1006,146,82,62,40,64,22
2023-12-21,1006,125,77,68,39,48,29
2023-12-22,1006,118,74,66,22,44,44
2023-12-23,1006,111,89,54,49,22,5
2023-12-24,1006,146,84,96,44,62,52
2023-12-25,1006,102,88,77,46,14,31
2023-12-26,1006,124,78,75,37,46,38
2023-12-27,1006,122,89,75,34,33,41
2023-12-28,1006,104,92,70,45,12,25
2023-12-29,1006,106,77,77,45,29,32
2023-12-30,1006,128,87,85,34,41,51
2023-12-31,1006,146,81,68,37,65,31
2023-01-01,1007,113,60,69,32,53,37
2023-01-02,1007,114,73,85,38,41,47
2023-01-03,1007,109,76,77,54,33,23
2023-01-04,1007,102,74,77,41,28,36
2023-01-05,1007,149,86,72,30,63,42
2023-01-06,1007,143,91,68,39,52,29
2023-01-07,1007,105,77,81,37,28,44
2023-01-08,1007,118,89,83,35,29,48
2023-01-09,1007,122,79,55,28,43,27
2023-01-10,1007,119,72,85,35,47,50
2023-01-11,1007,134,83,77,39,51,38
2023-01-12,1007,145,75,80,55,70,25
2023-01-13,1007,103,74,77,45,29,32
2023-01-14,1007,108,88,59,36,20,23
2023-01-15,1007,142,83,66,47,59,19
2023-01-16,1007,116,78,83,37,38,46
2023-01-17,1007,113,90,71,53,23,18
2023-01-18,1007,115,78,76,42,37,34
2023-01-19,1007,127,91,94,33,36,61
2023-01-20,1007,141,80,62,38,61,24
2023-01-21,1007,144,71,74,31,73,43
2023-01-22,1007,101,64,50,36,37,14
2023-01-23,1007,121,62,86,45,59,41
2023-01-24,1007,145,84,60,34,61,26
2023-01-25,1007,111,83,50,46,28,4
2023-01-26,1007,123,75,67,39,48,28
2023-01-27,1007,135,65,54,36,70,18
2023-01-28,1007,109,83,88,40,26,48
2023-01-29,1007,141,89,93,46,52,47
2023-01-30,1007,146,90,90,42,56,48
2023-01-31,1007,150,84,100,45,66,55
2023-02-01,1007,108,70,54,40,38,14
2023-02-02,1007,115,72,71,34,43,37
2023-02-03,1007,133,70,82,43,63,39
2023-02-04,1007,136,70,79,35,66,44
2023-02-05,1007,123,89,78,44,34,34
2023-02-06,1007,145,91,92,48,54,44
2023-02-07,1007,100,79,53,38,21,15
2023-02-08,1007,105,86,71,40,19,31
2023-02-09,1007,136,86,95,35,50,60
2023-02-10,1007,147,90,55,45,57,10
2023-02-11,1007,142,100,85,48,42,37
2023-02-12,1007,122,83,70,34,39,36
2023-02-13,1007,119,77,89,41,42,48
2023-02-14,1007,111,72,55,36,39,19
2023-02-15,1007,110,82,65,45,28,20
2023-02-16,1007,126,78,88,48,48,40
2023-02-17,1007,138,91,94,34,47,60
2023-02-18,1007,109,82,50,42,27,8
2023-02-19,1007,119,95,63,33,24,30
2023-02-20,1007,139,76,98,28,63,70
2023-02-21,1007,133,82,52,27,51,25
2023-02-22,1007,145,88,55,46,57,9
2023-02-23,1007,104,73,73,39,31,34
2023-02-24,1007,119,97,50,43,22,7
2023-02-25,1007,140,79,52,35,61,17
2023-02-26,1007,135,78,69,39,57,30
2023-02-27,1007,117,86,93,35,31,58
2023-02-28,1007,106,67,53,47,39,6
2023-03-01,1007,109,66,91,36,43,55
2023-03-02,1007,115,58,91,39,57,52
2023-03-03,1007,114,81,79,49,33,30
2023-03-04,1007,146,89,90,41,57,49
2023-03-05,1007,139,71,90,38,68,52
2023-03-06,1007,144,85,80,37,59,43
2023-03-07,1007,137,64,89,42,73,47
2023-03-08,1007,103,71,95,44,32,51
2023-03-09,1007,146,73,51,34,73,17
2023-03-10,1007,125,83,87,41,42,46
2023-03-11,1007,131,92,71,33,39,38
2023-03-12,1007,130,89,60,36,41,24
2023-03-13,1007,116,73,81,36,43,45
2023-03-14,1007,102,81,74,29,21,45
2023-03-15,1007,141,81,97,45,60,52
2023-03-16,1007,143,79,51,40,64,11
2023-03-17,1007,144,74,98,35,70,63
2023-03-18,1007,149,71,98,40,78,58
2023-03-19,1007,113,79,90,36,34,54
2023-03-20,1007,147,82,54,45,65,9
2023-03-21,1007,132,74,57,39,58,18
2023-03-22,1007,126,87,74,44,39,30
2023-03-23,1007,106,79,97,37,27,60
2023-03-24,1007,144,74,56,32,70,24
2023-03-25,1007,116,89,85,40,27,45
2023-03-26,1007,100,75,70,37,25,33
2023-03-27,1007,134,66,93,35,68,58
2023-03-28,1007,122,68,70,38,54,32
2023-03-29,1007,123,76,99,31,47,68
2023-03-30,1007,116,78,71,36,38,35
2023-03-31,1007,102,84,86,35,18,51
2023-04-01,1007,132,73,54,42,59,12
2023-04-02,1007,110,85,60,42,25,18
2023-04-03,1007,105,78,70,36,27,34
2023-04-04,1007,140,77,64,32,63,32
2023-04-05,1007,105,71,87,39,34,48
2023-04-06,1007,136,86,88,27,50,61
2023-04-07,1007,108,75,92,51,33,41
2023-04-08,1007,110,72,89,34,38,55
2023-04-09,1007,150,73,58,30,77,28
2023-04-10,1007,104,88,92,43,16,49
2023-04-11,1007,147,82,56,29,65,27
2023-04-12,1007,138,78,94,34,60,60
2023-04-13,1007,140,84,77,37,56,40
2023-04-14,1007,107,84,98,47,23,51
2023-04-15,1007,142,78,68,37,64,31
2023-04-16,1007,120,77,93,41,43,52
2023-04-17,1007,128,82,74,44,46,30
2023-04-18,1007,134,72,82,42,62,40
2023-04-19,1007,147,74,50,27,73,23
2023-04-20,1007,134,72,81,35,62,46
2023-04-21,1007,101,65,53,54,36,-1
2023-04-22,1007,114,71,87,42,43,45
2023-04-23,1007,142,88,83,48,54,35
2023-04-24,1007,127,73,53,34,54,19
2023-04-25,1007,101,73,53,48,28,5
2023-04-26,1007,127,66,76,52,61,24
2023-04-27,1007,124,84,81,41,40,40
2023-04-28,1007,130,80,75,44,50,31
2023-04-29,1007,125,69,89,30,56,59
2023-04-30,1007,120,82,68,46,38,22
2023-05-01,1007,130,84,69,37,46,32
2023-05-02,1007,123,84,88,41,39,47
2023-05-03,1007,127,97,98,42,30,56
2023-05-04,1007,134,96,97,46,38,51
2023-05-05,1007,127,86,63,38,41,25
2023-05-06,1007,100,62,100,33,38,67
2023-05-07,1007,148,76,65,49,72,16
2023-05-08,1007,142,83,56,45,59,11
2023-05-09,1007,136,87,62,44,49,18
2023-05-10,1007,137,100,85,42,37,43
2023-05-11,1007,149,79,80,37,70,43
2023-05-12,1007,117,94,56,42,23,14
2023-05-13,1007,107,87,95,35,20,60
2023-05-14,1007,124,59,58,48,65,10
2023-05-15,1007,140,79,53,39,61,14
2023-05-16,1007,126,94,71,38,32,33
2023-05-17,1007,132,88,67,32,44,35
2023-05-18,1007,113,86,53,32,27,21
2023-05-19,1007,145,77,88,43,68,45
2023-05-20,1007,117,85,54,46,32,8
2023-05-21,1007,107,68,100,34,39,66
2023-05-22,1007,146,73,80,43,73,37
2023-05-23,1007,139,84,90,44,55,46
2023-05-24,1007,108,78,77,45,30,32
2023-05-25,1007,150,65,82,44,85,38
2023-05-26,1007,118,79,72,32,39,40
2023-05-27,1007,113,79,61,29,34,32
2023-05-28,1007,127,89,56,55,38,1
2023-05-29,1007,136,82,86,34,54,52
2023-05-30,1007,106,72,64,42,34,22
2023-05-31,1007,117,79,97,39,38,58
2023-06-01,1007,149,77,67,36,72,31
2023-06-02,1007,111,91,84,41,20,43
2023-06-03,1007,120,86,79,33,34,46
2023-06-04,1007,100,87,61,42,13,19
2023-06-05,1007,129,58,90,45,71,45
2023-06-06,1007,132,71,50,32,61,18
2023-06-07,1007,119,66,98,44,53,54
2023-06-08,1007,117,77,56,34,40,22
2023-06-09,1007,104,77,68,38,27,30
2023-06-10,1007,144,84,80,33,60,47
2023-06-11,1007,140,72,62,42,68,20
2023-06-12,1007,143,80,61,32,63,29
2023-06-13,1007,142,58,51,39,84,12
2023-06-14,1007,147,95,95,39,52,56
2023-06-15,1007,123,76,81,49,47,32
2023-06-16,1007,137,73,50,40,64,10
2023-06-17,1007,110,69,80,44,41,36
2023-06-18,1007,121,70,83,35,51,48
2023-06-19,1007,113,83,73,46,30,27
2023-06-20,1007,120,100,97,49,20,48
2023-06-21,1007,106,85,86,41,21,45
2023-06-22,1007,135,71,91,52,64,39
2023-06-23,1007,113,75,74,25,38,49
2023-06-24,1007,148,75,79,36,73,43
2023-06-25,1007,128,68,63,25,60,38
2023-06-26,1007,135,74,90,40,61,50
2023-06-27,1007,150,93,67,38,57,29
2023-06-28,1007,113,69,79,40,44,39
2023-06-29,1007,143,84,69,37,59,32
2023-06-30,1007,112,95,82,51,17,31
2023-07-01,1007,110,87,72,43,23,29
2023-07-02,1007,104,71,60,43,33,17
2023-07-03,1007,114,79,89,39,35,50
2023-07-04,1007,148,92,59,32,56,27
2023-07-05,1007,114,87,73,37,27,36
2023-07-06,1007,145,88,50,45,57,5
2023-07-07,1007,107,61,88,40,46,48
2023-07-08,1007,127,93,93,31,34,62
2023-07-09,1007,116,83,53,39,33,14
2023-07-10,1007,134,71,62,40,63,22
2023-07-11,1007,112,96,50,33,16,17
2023-07-12,1007,133,89,74,38,44,36
2023-07-13,1007,132,74,52,30,58,22
2023-07-14,1007,101,81,77,38,20,39
2023-07-15,1007,100,83,83,37,17,46
2023-07-16,1007,103,78,62,42,25,20
2023-07-17,1007,140,92,90,44,48,46
2023-07-18,1007,102,76,82,42,26,40
2023-07-19,1007,120,74,88,51,46,37
2023-07-20,1007,100,90,91,38,10,53
2023-07-21,1007,111,77,74,24,34,50
2023-07-22,1007,103,71,53,30,32,23
2023-07-23,1007,141,87,57,32,54,25
2023-07-24,1007,130,79,77,33,51,44
2023-07-25,1007,140,67,68,39,73,29
2023-07-26,1007,120,86,100,52,34,48
2023-07-27,1007,142,79,82,44,63,38
2023-07-28,1007,103,93,70,33,10,37
2023-07-29,1007,111,66,79,36,45,43
2023-07-30,1007,129,93,82,46,36,36
2023-07-31,1007,142,77,91,47,65,44
2023-08-01,1007,120,79,70,40,41,30
2023-08-02,1007,129,69,90,47,60,43
2023-08-03,1007,106,77,77,45,29,32
2023-08-04,1007,110,68,82,51,42,31
2023-08-05,1007,139,78,79,39,61,40
2023-08-06,1007,149,87,83,38,62,45
2023-08-07,1007,132,80,84,30,52,54
2023-08-08,1007,148,101,75,41,47,34
2023-08-09,1007,118,109,70,35,9,35
2023-08-10,1007,103,76,81,38,27,43
2023-08-11,1007,128,73,93,44,55,49
2023-08-12,1007,150,85,84,38,65,46
2023-08-13,1007,136,89,65,39,47,26
2023-08-14,1007,139,94,97,43,45,54
2023-08-15,1007,107,76,84,33,31,51
2023-08-16,1007,112,88,88,45,24,43
2023-08-17,1007,140,95,63,40,45,23
2023-08-18,1007,134,79,90,41,55,49
2023-08-19,1007,108,66,69,40,42,29
2023-08-20,1007,138,82,59,38,56,21
2023-08-21,1007,138,83,100,46,55,54
2023-08-22,1007,109,72,67,41,37,26
2023-08-23,1007,108,83,86,39,25,47
2023-08-24,1007,135,83,85,44,52,41
2023-08-25,1007,140,83,63,39,57,24
2023-08-26,1007,118,93,70,37,25,33
2023-08-27,1007,135,82,81,43,53,38
2023-08-28,1007,121,77,68,39,44,29
2023-08-29,1007,122,94,95,40,28,55
2023-08-30,1007,125,87,58,45,38,13
2023-08-31,1007,100,82,84,35,18,49
2023-09-01,1007,105,86,65,34,19,31
2023-09-02,1007,115,89,81,46,26,35
2023-09-03,1007,118,85,67,49,33,18
2023-09-04,1007,107,78,67,42,29,25
2023-09-05,1007,117,78,55,40,39,15
2023-09-06,1007,129,80,88,54,49,34
2023-09-07,1007,108,78,72,42,30,30
2023-09-08,1007,116,77,95,33,39,62
2023-09-09,1007,142,76,98,38,66,60
2023-09-10,1007,146,97,77,46,49,31
2023-09-11,1007,114,78,80,44,36,36
2023-09-12,1007,112,73,87,45,39,42
2023-09-13,1007,126,89,73,44,37,29
2023-09-14,1007,112,73,95,37,39,58
2023-09-15,1007,122,92,67,30,30,37
2023-09-16,1007,105,68,82,40,37,42
2023-09-17,1007,144,92,68,39,52,29
2023-09-18,1007,146,63,78,45,83,33
2023-09-19,1007,101,74,52,40,27,12
2023-09-20,1007,129,78,66,33,51,33
2023-09-21,1007,146,90,87,46,56,41
2023-09-22,1007,133,84,81,40,49,41
2023-09-23,1007,144,72,80,38,72,42
2023-09-24,1007,100,70,80,36,30,44
2023-09-25,1007,123,77,83,34,46,49
2023-09-26,1007,101,67,76,38,34,38
2023-09-27,1007,148,85,50,36,63,14
2023-09-28,1007,116,76,72,36,40,36
2023-09-29,1007,108,62,82,34,46,48
2023-09-30,1007,105,87,88,47,18,41
2023-10-01,1007,117,78,94,37,39,57
2023-10-02,1007,124,74,70,40,50,30
2023-10-03,1007,118,70,58,38,48,20
2023-10-04,1007,104,68,83,30,36,53
2023-10-05,1007,125,66,50,32,59,18
2023-10-06,1007,107,78,98,36,29,62
2023-10-07,1007,138,85,78,41,53,37
2023-10-08,1007,125,89,78,47,36,31
2023-10-09,1007,128,81,98,41,47,57
2023-10-10,1007,128,84,94,45,44,49
2023-10-11,1007,117,74,54,51,43,3
2023-10-12,1007,134,73,60,36,61,24
2023-10-13,1007,106,72,58,43,34,15
2023-10-14,1007,117,79,72,40,38,32
2023-10-15,1007,105,72,59,54,33,5
2023-10-16,1007,110,71,97,32,39,65
2023-10-17,1007,145,78,91,48,67,43
2023-10-18,1007,147,67,95,47,80,48
2023-10-19,1007,127,86,73,36,41,37
2023-10-20,1007,114,66,91,30,48,61
2023-10-21,1007,143,79,73,37,64,36
2023-10-22,1007,146,68,55,43,78,12
2023-10-23,1007,113,71,81,40,42,41
2023-10-24,1007,108,66,56,44,42,12
2023-10-25,1007,105,78,65,45,27,20
2023-10-26,1007,135,101,56,33,34,23
2023-10-27,1007,133,80,68,46,53,22
2023-10-28,1007,114,77,92,38,37,54
2023-10-29,1007,105,63,82,43,42,39
2023-10-30,1007,117,80,78,55,37,23
2023-10-31,1007,139,84,66,37,55,29
2023-11-01,1007,129,73,77,35,56,42
2023-11-02,1007,135,74,85,39,61,46
2023-11-03,1007,107,66,56,44,41,12
2023-11-04,1007,116,59,91,36,57,55
2023-11-05,1007,129,84,54,41,45,13
2023-11-06,1007,107,79,56,43,28,13
2023-11-07,1007,144,99,70,36,45,34
2023-11-08,1007,135,85,99,37,50,62
2023-11-09,1007,121,87,86,38,34,48
2023-11-10,1007,122,81,79,32,41,47
2023-11-11,1007,130,83,89,39,47,50
2023-11-12,1007,105,97,80,38,8,42
2023-11-13,1007,146,86,62,48,60,14
2023-11-14,1007,112,83,64,36,29,28
2023-11-15,1007,128,93,52,52,35,0
2023-11-16,1007,125,86,74,35,39,39
2023-11-17,1007,101,73,55,45,28,10
2023-11-18,1007,127,63,81,40,64,41
2023-11-19,1007,134,79,69,34,55,35
2023-11-20,1007,149,78,60,44,71,16
2023-11-21,1007,140,81,51,41,59,10
2023-11-22,1007,140,73,99,33,67,66
2023-11-23,1007,117,89,75,30,28,45
2023-11-24,1007,118,92,100,39,26,61
2023-11-25,1007,100,96,73,45,4,28
2023-11-26,1007,130,84,63,36,46,27
2023-11-27,1007,141,75,75,33,66,42
2023-11-28,1007,126,83,81,39,43,42
2023-11-29,1007,139,87,71,39,52,32
2023-11-30,1007,109,65,79,31,44,48
2023-12-01,1007,104,87,67,49,17,18
2023-12-02,1007,136,92,62,40,44,22
2023-12-03,1007,142,85,82,35,57,47
2023-12-04,1007,137,71,69,30,66,39
2023-12-05,1007,100,83,75,34,17,41
2023-12-06,1007,145,63,96,37,82,59
2023-12-07,1007,137,74,60,45,63,15
2023-12-08,1007,150,86,60,45,64,15
2023-12-09,1007,137,81,99,40,56,59
2023-12-10,1007,115,87,55,47,28,8
2023-12-11,1007,120,70,80,30,50,50
2023-12-12,1007,101,88,85,45,13,40
2023-12-13,1007,109,76,96,33,33,63
2023-12-14,1007,142,79,75,34,63,41
2023-12-15,1007,148,78,99,36,70,63
2023-12-16,1007,148,84,71,44,64,27
2023-12-17,1007,110,104,87,33,6,54
2023-12-18,1007,111,68,77,41,43,36
2023-12-19,1007,129,89,83,56,40,27
2023-12-20,1007,110,69,58,44,41,14
2023-12-21,1007,105,73,75,41,32,34
2023-12-22,1007,116,90,100,38,26,62
2023-12-23,1007,114,66,80,42,48,38
2023-12-24,1007,122,86,57,41,36,16
2023-12-25,1007,148,72,81,38,76,43
2023-12-26,1007,107,75,55,41,32,14
2023-12-27,1007,147,83,77,37,64,40
2023-12-28,1007,142,60,69,43,82,26
2023-12-29,1007,128,72,83,35,56,48
2023-12-30,1007,116,73,87,43,43,44
2023-12-31,1007,121,80,90,35,41,55
2023-01-01,1008,100,81,50,49,19,1
2023-01-02,1008,117,80,93,39,37,54
2023-01-03,1008,144,79,90,44,65,46
2023-01-04,1008,106,69,71,39,37,32
2023-01-05,1008,120,91,55,37,29,18
2023-01-06,1008,124,75,68,39,49,29
2023-01-07,1008,122,85,96,35,37,61
2023-01-08,1008,139,81,63,41,58,22
2023-01-09,1008,130,72,95,31,58,64
2023-01-10,1008,103,94,73,44,9,29
2023-01-11,1008,119,81,55,35,38,20
2023-01-12,1008,121,77,53,39,44,14
2023-01-13,1008,120,88,57,53,32,4
2023-01-14,1008,136,89,59,45,47,14
2023-01-15,1008,103,88,88,28,15,60
2023-01-16,1008,143,78,89,50,65,39
2023-01-17,1008,143,73,72,42,70,30
2023-01-18,1008,108,88,75,39,20,36
2023-01-19,1008,140,85,77,49,55,28
2023-01-20,1008,104,89,82,32,15,50
2023-01-21,1008,112,74,54,38,38,16
2023-01-22,1008,140,85,85,37,55,48
2023-01-23,1008,102,74,56,39,28,17
2023-01-24,1008,106,64,67,49,42,18
2023-01-25,1008,124,82,83,27,42,56
2023-01-26,1008,103,85,92,41,18,51
2023-01-27,1008,129,71,72,39,58,33
2023-01-28,1008,102,96,75,45,6,30
2023-01-29,1008,110,89,74,33,21,41
2023-01-30,1008,117,85,79,46,32,33
2023-01-31,1008,132,107,51,30,25,21
2023-02-01,1008,149,79,99,32,70,67
2023-02-02,1008,103,75,66,33,28,33
2023-02-03,1008,142,69,52,37,73,15
2023-02-04,1008,101,95,52,41,6,11
2023-02-05,1008,109,81,83,31,28,52
2023-02-06,1008,148,71,94,53,77,41
2023-02-07,1008,108,78,52,37,30,15
2023-02-08,1008,146,97,91,44,49,47
2023-02-09,1008,140,79,72,32,61,40
2023-02-10,1008,140,85,76,34,55,42
2023-02-11,1008,142,81,53,40,61,13
2023-02-12,1008,103,88,76,37,15,39
2023-02-13,1008,100,84,78,40,16,38
2023-02-14,1008,138,79,65,46,59,19
2023-02-15,1008,104,94,85,44,10,41
2023-02-16,1008,133,90,77,46,43,31
2023-02-17,1008,135,82,73,38,53,35
2023-02-18,1008,102,107,60,32,-5,28
2023-02-19,1008,111,87,72,39,24,33
2023-02-20,1008,130,79,64,41,51,23
2023-02-21,1008,120,87,72,41,33,31
2023-02-22,1008,120,76,91,45,44,46
2023-02-23,1008,115,66,92,38,49,54
2023-02-24,1008,133,73,59,40,60,19
2023-02-25,1008,104,81,79,37,23,42
2023-02-26,1008,136,76,79,41,60,38
2023-02-27,1008,149,81,82,43,68,39
2023-02-28,1008,149,95,92,43,54,49
2023-03-01,1008,132,98,62,31,34,31
2023-03-02,1008,114,87,91,32,27,59
2023-03-03,1008,149,72,67,39,77,28
2023-03-04,1008,130,68,76,30,62,46
2023-03-05,1008,107,86,83,35,21,48
2023-03-06,1008,137,67,76,39,70,37
2023-03-07,1008,131,97,72,41,34,31
2023-03-08,1008,109,86,76,45,23,31
2023-03-09,1008,146,87,70,51,59,19
2023-03-10,1008,144,73,69,40,71,29
2023-03-11,1008,124,86,86,46,38,40
2023-03-12,1008,126,80,85,34,46,51
2023-03-13,1008,118,85,89,34,33,55
2023-03-14,1008,122,79,71,32,43,39
2023-03-15,1008,112,78,90,46,34,44
2023-03-16,1008,106,84,67,49,22,18
2023-03-17,1008,111,66,74,36,45,38
2023-03-18,1008,113,71,87,43,42,44
2023-03-19,1008,125,67,72,39,58,33
2023-03-20,1008,105,82,55,43,23,12
2023-03-21,1008,134,85,97,42,49,55
2023-03-22,1008,131,83,98,42,48,56
2023-03-23,1008,116,55,67,41,61,26
2023-03-24,1008,110,80,50,38,30,12
2023-03-25,1008,148,72,62,41,76,21
2023-03-26,1008,104,87,81,39,17,42
2023-03-27,1008,128,94,88,40,34,48
2023-03-28,1008,107,84,82,32,23,50
2023-03-29,1008,123,77,94,34,46,60
2023-03-30,1008,127,84,67,37,43,30
2023-03-31,1008,133,79,54,36,54,18
2023-04-01,1008,150,91,91,48,59,43
2023-04-02,1008,112,62,51,48,50,3
2023-04-03,1008,128,98,70,38,30,32
2023-04-04,1008,104,79,65,55,25,10
2023-04-05,1008,149,69,81,47,80,34
2023-04-06,1008,139,80,52,29,59,23
2023-04-07,1008,131,86,54,47,45,7
2023-04-08,1008,104,86,71,49,18,22
2023-04-09,1008,145,76,80,42,69,38
2023-04-10,1008,113,83,50,40,30,10
2023-04-11,1008,121,85,66,46,36,20
2023-04-12,1008,134,83,60,42,51,18
2023-04-13,1008,112,78,96,48,34,48
2023-04-14,1008,127,79,98,34,48,64
2023-04-15,1008,123,86,70,44,37,26
2023-04-16,1008,107,75,55,43,32,12
2023-04-17,1008,105,78,62,32,27,30
2023-04-18,1008,123,76,85,42,47,43
2023-04-19,1008,120,68,90,33,52,57
2023-04-20,1008,107,75,85,41,32,44
2023-04-21,1008,134,87,81,32,47,49
2023-04-22,1008,113,64,52,55,49,-3
2023-04-23,1008,105,85,59,42,20,17
2023-04-24,1008,142,62,53,40,80,13
2023-04-25,1008,125,81,84,33,44,51
2023-04-26,1008,142,95,57,34,47,23
2023-04-27,1008,146,77,87,46,69,41
2023-04-28,1008,139,65,87,36,74,51
2023-04-29,1008,116,89,84,49,27,35
2023-04-30,1008,128,80,50,50,48,0
2023-05-01,1008,130,72,95,39,58,56
2023-05-02,1008,103,80,54,53,23,1
2023-05-03,1008,126,76,71,39,50,32
2023-05-04,1008,103,97,58,36,6,22
2023-05-05,1008,112,73,57,31,39,26
2023-05-06,1008,132,83,64,37,49,27
2023-05-07,1008,135,80,84,39,55,45
2023-05-08,1008,116,86,94,37,30,57
2023-05-09,1008,130,81,83,34,49,49
2023-05-10,1008,120,89,98,28,31,70
2023-05-11,1008,106,73,52,41,33,11
2023-05-12,1008,115,64,88,25,51,63
2023-05-13,1008,145,68,52,42,77,10
2023-05-14,1008,146,87,82,41,59,41
2023-05-15,1008,129,49,72,31,80,41
2023-05-16,1008,142,83,96,35,59,61
2023-05-17,1008,113,66,68,35,47,33
2023-05-18,1008,130,80,53,47,50,6
2023-05-19,1008,138,87,60,38,51,22
2023-05-20,1008,138,82,94,42,56,52
2023-05-21,1008,119,85,56,44,34,12
2023-05-22,1008,114,77,90,32,37,58
2023-05-23,1008,113,82,70,36,31,34
2023-05-24,1008,119,63,71,40,56,31
2023-05-25,1008,130,84,57,39,46,18
2023-05-26,1008,112,88,90,34,24,56
2023-05-27,1008,105,76,90,37,29,53
2023-05-28,1008,127,77,90,43,50,47
2023-05-29,1008,111,67,89,47,44,42
2023-05-30,1008,147,77,78,36,70,42
2023-05-31,1008,124,74,84,45,50,39
2023-06-01,1008,109,68,64,41,41,23
2023-06-02,1008,101,91,100,44,10,56
2023-06-03,1008,100,85,93,45,15,48
2023-06-04,1008,102,86,98,44,16,54
2023-06-05,1008,124,88,87,39,36,48
2023-06-06,1008,102,92,85,38,10,47
2023-06-07,1008,122,72,92,35,50,57
2023-06-08,1008,106,82,87,41,24,46
2023-06-09,1008,122,73,72,28,49,44
2023-06-10,1008,101,84,62,42,17,20
2023-06-11,1008,128,76,66,45,52,21
2023-06-12,1008,102,77,73,43,25,30
2023-06-13,1008,103,82,81,44,21,37
2023-06-14,1008,120,79,87,46,41,41
2023-06-15,1008,117,90,66,35,27,31
2023-06-16,1008,135,80,84,42,55,42
2023-06-17,1008,134,89,59,30,45,29
2023-06-18,1008,135,80,73,31,55,42
2023-06-19,1008,136,83,90,39,53,51
2023-06-20,1008,145,80,81,43,65,38
2023-06-21,1008,109,98,55,31,11,24
2023-06-22,1008,101,69,58,42,32,16
2023-06-23,1008,146,74,67,42,72,25
2023-06-24,1008,102,79,61,36,23,25
2023-06-25,1008,126,79,62,37,47,25
2023-06-26,1008,129,76,58,46,53,12
2023-06-27,1008,128,70,97,42,58,55
2023-06-28,1008,110,73,65,38,37,27
2023-06-29,1008,131,82,79,44,49,35
2023-06-30,1008,123,70,87,34,53,53
2023-07-01,1008,121,73,62,34,48,28
2023-07-02,1008,105,88,90,50,17,40
2023-07-03,1008,101,75,53,33,26,20
2023-07-04,1008,102,82,88,53,20,35
2023-07-05,1008,120,70,98,29,50,69
2023-07-06,1008,100,65,60,42,35,18
2023-07-07,1008,124,84,61,52,40,9
2023-07-08,1008,110,76,77,32,34,45
2023-07-09,1008,132,82,75,48,50,27
2023-07-10,1008,114,88,53,42,26,11
2023-07-11,1008,109,83,81,38,26,43
2023-07-12,1008,100,76,63,31,24,32
2023-07-13,1008,147,70,64,43,77,21
2023-07-14,1008,100,81,94,38,19,56
2023-07-15,1008,131,81,74,33,50,41
2023-07-16,1008,105,84,96,33,21,63
2023-07-17,1008,145,89,56,44,56,12
2023-07-18,1008,137,75,65,37,62,28
2023-07-19,1008,144,84,74,36,60,38
2023-07-20,1008,116,68,71,34,48,37
2023-07-21,1008,150,91,75,37,59,38
2023-07-22,1008,132,74,75,47,58,28
2023-07-23,1008,126,70,86,45,56,41
2023-07-24,1008,135,82,88,53,53,35
2023-07-25,1008,111,92,76,37,19,39
2023-07-26,1008,116,85,57,40,31,17
2023-07-27,1008,143,90,84,50,53,34
2023-07-28,1008,118,82,59,50,36,9
2023-07-29,1008,139,89,51,30,50,21
2023-07-30,1008,130,83,85,45,47,40
2023-07-31,1008,134,76,86,50,58,36
2023-08-01,1008,116,79,59,37,37,22
2023-08-02,1008,112,93,81,47,19,34
2023-08-03,1008,149,88,66,33,61,33
2023-08-04,1008,125,82,74,40,43,34
2023-08-05,1008,137,85,70,37,52,33
2023-08-06,1008,131,73,81,35,58,46
2023-08-07,1008,128,72,61,53,56,8
2023-08-08,1008,114,83,83,34,31,49
2023-08-09,1008,120,81,74,54,39,20
2023-08-10,1008,111,76,93,50,35,43
2023-08-11,1008,113,74,79,53,39,26
2023-08-12,1008,147,84,80,45,63,35
2023-08-13,1008,123,93,82,31,30,51
2023-08-14,1008,133,77,77,40,56,37
2023-08-15,1008,130,85,80,38,45,42
2023-08-16,1008,149,75,81,42,74,39
2023-08-17,1008,108,84,94,52,24,42
2023-08-18,1008,134,85,93,45,49,48
2023-08-19,1008,103,74,85,28,29,57
2023-08-20,1008,106,82,68,21,24,47
2023-08-21,1008,147,76,60,59,71,1
2023-08-22,1008,113,70,78,24,43,54
2023-08-23,1008,102,75,100,46,27,54
2023-08-24,1008,140,77,79,27,63,52
2023-08-25,1008,138,76,62,40,62,22
2023-08-26,1008,129,98,65,57,31,8
2023-08-27,1008,128,76,57,39,52,18
2023-08-28,1008,114,73,93,50,41,43
2023-08-29,1008,149,69,98,34,80,64
2023-08-30,1008,139,78,56,36,61,20
2023-08-31,1008,147,77,51,46,70,5
2023-09-01,1008,147,87,83,35,60,48
2023-09-02,1008,129,65,82,44,64,38
2023-09-03,1008,140,87,99,48,53,51
2023-09-04,1008,139,81,68,37,58,31
2023-09-05,1008,140,76,90,45,64,45
2023-09-06,1008,141,77,89,35,64,54
2023-09-07,1008,134,91,55,35,43,20
2023-09-08,1008,126,71,70,49,55,21
2023-09-09,1008,123,76,58,51,47,7
2023-09-10,1008,131,84,68,43,47,25
2023-09-11,1008,118,59,57,29,59,28
2023-09-12,1008,136,77,78,39,59,39
2023-09-13,1008,142,75,76,37,67,39
2023-09-14,1008,116,79,100,44,37,56
2023-09-15,1008,117,80,58,31,37,27
2023-09-16,1008,130,75,96,43,55,53
2023-09-17,1008,117,91,65,37,26,28
2023-09-18,1008,109,71,99,48,38,51
2023-09-19,1008,102,73,74,46,29,28
2023-09-20,1008,105,84,57,45,21,12
2023-09-21,1008,137,73,68,33,64,35
2023-09-22,1008,123,67,86,51,56,35
2023-09-23,1008,118,73,69,45,45,24
2023-09-24,1008,138,77,58,33,61,25
2023-09-25,1008,144,103,51,35,41,16
2023-09-26,1008,134,78,79,38,56,41
2023-09-27,1008,129,78,75,36,51,39
2023-09-28,1008,110,71,94,44,39,50
2023-09-29,1008,110,81,55,36,29,19
2023-09-30,1008,125,88,60,44,37,16
2023-10-01,1008,115,78,93,40,37,53
2023-10-02,1008,138,67,58,37,71,21
2023-10-03,1008,122,80,79,35,42,44
2023-10-04,1008,102,83,77,35,19,42
2023-10-05,1008,105,83,56,42,22,14
2023-10-06,1008,143,83,60,39,60,21
2023-10-07,1008,145,73,82,40,72,42
2023-10-08,1008,122,62,71,28,60,43
2023-10-09,1008,122,88,52,43,34,9
2023-10-10,1008,110,73,89,31,37,58
2023-10-11,1008,111,82,78,37,29,41
2023-10-12,1008,144,80,52,35,64,17
2023-10-13,1008,116,87,97,35,29,62
2023-10-14,1008,150,72,69,39,78,30
2023-10-15,1008,136,82,86,45,54,41
2023-10-16,1008,125,72,61,42,53,19
2023-10-17,1008,107,77,89,31,30,58
2023-10-18,1008,115,79,75,40,36,35
2023-10-19,1008,144,68,81,41,76,40
2023-10-20,1008,136,74,77,38,62,39
2023-10-21,1008,140,82,81,45,58,36
2023-10-22,1008,111,92,69,40,19,29
2023-10-23,1008,150,83,81,37,67,44
2023-10-24,1008,122,88,56,56,34,0
2023-10-25,1008,120,71,57,38,49,19
2023-10-26,1008,118,74,68,49,44,19
2023-10-27,1008,121,75,90,43,46,47
2023-10-28,1008,107,76,71,35,31,36
2023-10-29,1008,141,99,55,38,42,17
2023-10-30,1008,120,77,84,52,43,32
2023-10-31,1008,129,85,77,44,44,33
2023-11-01,1008,104,70,80,30,34,50
2023-11-02,1008,141,68,62,43,73,19
2023-11-03,1008,149,74,94,40,75,54
2023-11-04,1008,112,72,78,43,40,35
2023-11-05,1008,142,66,92,43,76,49
2023-11-06,1008,141,74,68,36,67,32
2023-11-07,1008,125,81,52,34,44,18
2023-11-08,1008,129,93,100,40,36,60
2023-11-09,1008,110,85,78,32,25,46
2023-11-10,1008,141,81,83,39,60,44
2023-11-11,1008,112,68,62,46,44,16
2023-11-12,1008,106,94,94,46,12,48
2023-11-13,1008,141,91,94,34,50,60
2023-11-14,1008,143,73,93,41,70,52
2023-11-15,1008,130,68,89,39,62,50
2023-11-16,1008,105,86,74,31,19,43
2023-11-17,1008,143,81,62,40,62,22
2023-11-18,1008,146,69,71,39,77,32
2023-11-19,1008,123,77,97,44,46,53
2023-11-20,1008,121,87,98,27,34,71
2023-11-21,1008,127,100,100,30,27,70
2023-11-22,1008,106,83,98,25,23,73
2023-11-23,1008,124,78,95,33,46,62
2023-11-24,1008,121,74,91,52,47,39
2023-11-25,1008,108,85,75,43,23,32
2023-11-26,1008,150,76,85,40,74,45
2023-11-27,1008,128,70,70,38,58,32
2023-11-28,1008,119,79,65,39,40,26
2023-11-29,1008,125,77,85,39,48,46
2023-11-30,1008,145,69,56,29,76,27
2023-12-01,1008,106,78,85,31,28,54
2023-12-02,1008,119,82,55,35,37,20
2023-12-03,1008,138,90,81,38,48,43
2023-12-04,1008,100,91,94,49,9,45
2023-12-05,1008,110,66,83,40,44,43
2023-12-06,1008,102,81,77,36,21,41
2023-12-07,1008,147,88,93,36,59,57
2023-12-08,1008,111,78,90,41,33,49
2023-12-09,1008,124,78,58,45,46,13
2023-12-10,1008,106,90,51,37,16,14
2023-12-11,1008,136,72,79,51,64,28
2023-12-12,1008,103,87,62,35,16,27
2023-12-13,1008,137,83,93,48,54,45
2023-12-14,1008,111,65,59,31,46,28
2023-12-15,1008,109,98,76,36,11,40
2023-12-16,1008,130,83,55,44,47,11
2023-12-17,1008,103,69,51,49,34,2
2023-12-18,1008,135,80,60,50,55,10
2023-12-19,1008,110,71,83,33,39,50
2023-12-20,1008,150,69,93,33,81,60
2023-12-21,1008,149,81,98,43,68,55
2023-12-22,1008,118,71,84,32,47,52
2023-12-23,1008,131,92,53,44,39,9
2023-12-24,1008,143,104,72,42,39,30
2023-12-25,1008,134,80,88,44,54,44
2023-12-26,1008,124,83,64,40,41,24
2023-12-27,1008,141,76,51,37,65,14
2023-12-28,1008,133,81,92,40,52,52
2023-12-29,1008,132,71,96,46,61,50
2023-12-30,1008,137,79,79,30,58,49
2023-12-31,1008,108,68,94,34,40,60
2023-01-01,1009,125,85,80,36,40,44
2023-01-02,1009,149,79,88,38,70,50
2023-01-03,1009,104,84,68,37,20,31
2023-01-04,1009,114,51,54,47,63,7
2023-01-05,1009,142,85,86,34,57,52
2023-01-06,1009,135,90,79,43,45,36
2023-01-07,1009,136,81,70,40,55,30
2023-01-08,1009,123,74,93,46,49,47
2023-01-09,1009,116,85,71,26,31,45
2023-01-10,1009,134,73,51,57,61,-6
2023-01-11,1009,101,78,77,42,23,35
2023-01-12,1009,121,75,97,48,46,49
2023-01-13,1009,123,92,92,42,31,50
2023-01-14,1009,135,72,63,49,63,14
2023-01-15,1009,148,62,71,35,86,36
2023-01-16,1009,125,79,62,50,46,12
2023-01-17,1009,111,77,61,39,34,22
2023-01-18,1009,109,80,84,26,29,58
2023-01-19,1009,142,83,56,40,59,16
2023-01-20,1009,133,85,70,33,48,37
2023-01-21,1009,143,74,87,48,69,39
2023-01-22,1009,143,86,76,41,57,35
2023-01-23,1009,128,75,76,42,53,34
2023-01-24,1009,122,77,76,39,45,37
2023-01-25,1009,130,83,60,41,47,19
2023-01-26,1009,142,79,94,30,63,64
2023-01-27,1009,134,119,64,30,15,34
2023-01-28,1009,111,81,83,38,30,45
2023-01-29,1009,138,75,54,45,63,9
2023-01-30,1009,138,80,60,47,58,13
2023-01-31,1009,141,93,64,35,48,29
2023-02-01,1009,139,83,69,47,56,22
2023-02-02,1009,139,70,67,29,69,38
2023-02-03,1009,133,73,98,34,60,64
2023-02-04,1009,112,83,72,35,29,37
2023-02-05,1009,105,73,89,43,32,46
2023-02-06,1009,102,92,56,39,10,17
2023-02-07,1009,133,97,87,38,36,49
2023-02-08,1009,148,75,61,47,73,14
2023-02-09,1009,102,94,100,48,8,52
2023-02-10,1009,124,83,84,41,41,43
2023-02-11,1009,129,69,87,43,60,44
2023-02-12,1009,116,69,97,53,47,44
2023-02-13,1009,110,77,64,39,33,25
2023-02-14,1009,103,77,79,30,26,49
2023-02-15,1009,120,67,78,51,53,27
2023-02-16,1009,136,89,58,33,47,25
2023-02-17,1009,109,84,69,45,25,24
2023-02-18,1009,105,80,65,36,25,29
2023-02-19,1009,142,77,100,34,65,66
2023-02-20,1009,137,72,79,46,65,33
2023-02-21,1009,134,73,98,44,61,54
2023-02-22,1009,115,87,53,36,28,17
2023-02-23,1009,148,83,75,33,65,42
2023-02-24,1009,138,81,86,27,57,59
2023-02-25,1009,112,78,77,34,34,43
2023-02-26,1009,123,82,69,43,41,26
2023-02-27,1009,148,82,81,40,66,41
2023-02-28,1009,150,94,56,48,56,8
2023-03-01,1009,122,78,58,49,44,9
2023-03-02,1009,120,84,64,41,36,23
2023-03-03,1009,124,84,66,42,40,24
2023-03-04,1009,112,73,88,30,39,58
2023-03-05,1009,121,85,64,46,36,18
2023-03-06,1009,106,77,62,38,29,24
2023-03-07,1009,139,93,69,40,46,29
2023-03-08,1009,121,80,99,48,41,51
2023-03-09,1009,131,87,84,46,44,38
2023-03-10,1009,120,76,69,41,44,28
2023-03-11,1009,139,79,66,33,60,33
2023-03-12,1009,123,72,79,48,51,31
2023-03-13,1009,120,83,62,36,37,26
2023-03-14,1009,111,76,98,43,35,55
2023-03-15,1009,101,87,51,49,14,2
2023-03-16,1009,128,76,55,42,52,13
2023-03-17,1009,139,100,91,51,39,40
2023-03-18,1009,121,68,89,39,53,50
2023-03-19,1009,121,66,73,46,55,27
2023-03-20,1009,122,86,77,46,36,31
2023-03-21,1009,141,86,77,53,55,24
2023-03-22,1009,141,75,91,45,66,46
2023-03-23,1009,103,82,77,33,21,44
2023-03-24,1009,123,90,80,42,33,38
2023-03-25,1009,107,85,90,41,22,49
2023-03-26,1009,141,78,74,26,63,48
2023-03-27,1009,140,97,98,43,43,55
2023-03-28,1009,134,87,61,50,47,11
2023-03-29,1009,149,77,88,49,72,39
2023-03-30,1009,112,71,60,58,41,2
2023-03-31,1009,146,90,99,38,56,61
2023-04-01,1009,127,89,64,37,38,27
2023-04-02,1009,141,60,96,37,81,59
2023-04-03,1009,121,76,58,41,45,17
2023-04-04,1009,115,87,66,45,28,21
2023-04-05,1009,141,105,65,35,36,30
2023-04-06,1009,145,71,62,31,74,31
2023-04-07,1009,115,73,74,55,42,19
2023-04-08,1009,136,85,58,44,51,14
2023-04-09,1009,120,86,50,44,34,6
2023-04-10,1009,141,80,97,28,61,69
2023-04-11,1009,141,87,51,44,54,7
2023-04-12,1009,135,94,96,42,41,54
2023-04-13,1009,117,83,58,37,34,21
2023-04-14,1009,121,76,60,39,45,21
2023-04-15,1009,150,70,94,52,80,42
2023-04-16,1009,104,80,98,31,24,67
2023-04-17,1009,109,70,67,42,39,25
2023-04-18,1009,102,66,51,23,36,28
2023-04-19,1009,107,79,77,22,28,55
2023-04-20,1009,139,101,68,32,38,36
2023-04-21,1009,148,75,59,42,73,17
2023-04-22,1009,144,84,72,35,60,37
2023-04-23,1009,123,76,63,35,47,28
2023-04-24,1009,138,66,87,40,72,47
2023-04-25,1009,142,85,94,33,57,61
2023-04-26,1009,129,80,87,40,49,47
2023-04-27,1009,113,92,100,43,21,57
2023-04-28,1009,123,71,97,41,52,56
2023-04-29,1009,113,94,70,39,19,31
2023-04-30,1009,103,68,89,38,35,51
2023-05-01,1009,126,70,74,38,56,36
2023-05-02,1009,125,93,74,42,32,32
2023-05-03,1009,105,74,94,33,31,61
2023-05-04,1009,139,67,55,38,72,17
2023-05-05,1009,132,77,69,40,55,29
2023-05-06,1009,133,66,85,38,67,47
2023-05-07,1009,126,67,63,36,59,27
2023-05-08,1009,104,64,86,37,40,49
2023-05-09,1009,111,95,73,34,16,39
2023-05-10,1009,111,80,58,34,31,24
2023-05-11,1009,126,83,68,41,43,27
2023-05-12,1009,138,70,92,37,68,55
2023-05-13,1009,138,83,99,41,55,58
2023-05-14,1009,124,78,58,32,46,26
2023-05-15,1009,116,62,58,48,54,10
2023-05-16,1009,113,78,99,34,35,65
2023-05-17,1009,149,71,61,40,78,21
2023-05-18,1009,128,76,54,39,52,15
2023-05-19,1009,102,84,51,45,18,6
2023-05-20,1009,137,77,59,40,60,19
2023-05-21,1009,124,82,88,33,42,55
2023-05-22,1009,114,57,64,40,57,24
2023-05-23,1009,141,92,77,37,49,40
2023-05-24,1009,104,91,78,42,13,36
2023-05-25,1009,119,90,82,26,29,56
2023-05-26,1009,143,82,95,43,61,52
2023-05-27,1009,113,68,59,40,45,19
2023-05-28,1009,132,64,86,39,68,47
2023-05-29,1009,113,92,64,50,21,14
2023-05-30,1009,116,76,90,28,40,62
2023-05-31,1009,119,75,84,52,44,32
2023-06-01,1009,106,72,85,38,34,47
2023-06-02,1009,136,81,60,58,55,2
2023-06-03,1009,136,71,91,32,65,59
2023-06-04,1009,148,62,75,42,86,33
2023-06-05,1009,139,81,90,39,58,51
2023-06-06,1009,139,98,95,37,41,58
2023-06-07,1009,121,96,53,30,25,23
2023-06-08,1009,105,91,64,33,14,31
2023-06-09,1009,114,79,87,34,35,53
2023-06-10,1009,105,77,66,30,28,36
2023-06-11,1009,119,92,78,36,27,42
2023-06-12,1009,126,74,90,36,52,54
2023-06-13,1009,122,78,93,43,44,50
2023-06-14,1009,134,88,88,31,46,57
2023-06-15,1009,100,97,62,42,3,20
2023-06-16,1009,124,71,78,30,53,48
2023-06-17,1009,136,81,74,32,55,42
2023-06-18,1009,132,68,70,67,64,3
2023-06-19,1009,124,77,60,40,47,20
2023-06-20,1009,106,82,65,36,24,29
2023-06-21,1009,133,73,76,42,60,34
2023-06-22,1009,102,65,84,42,37,42
2023-06-23,1009,122,87,86,48,35,38
2023-06-24,1009,105,78,56,40,27,16
2023-06-25,1009,146,99,55,34,47,21
2023-06-26,1009,128,98,56,42,30,14
2023-06-27,1009,106,71,91,43,35,48
2023-06-28,1009,147,62,84,28,85,56
2023-06-29,1009,123,93,56,51,30,5
2023-06-30,1009,121,74,94,36,47,58
2023-07-01,1009,107,88,56,55,19,1
2023-07-02,1009,112,88,73,43,24,30
2023-07-03,1009,106,73,53,38,33,15
2023-07-04,1009,142,94,68,42,48,26
2023-07-05,1009,150,85,70,40,65,30
2023-07-06,1009,115,80,88,45,35,43
2023-07-07,1009,120,80,100,43,40,57
2023-07-08,1009,100,78,79,38,22,41
2023-07-09,1009,103,71,67,44,32,23
2023-07-10,1009,103,72,73,52,31,21
2023-07-11,1009,132,80,99,44,52,55
2023-07-12,1009,112,65,71,38,47,33
2023-07-13,1009,116,80,69,42,36,27
2023-07-14,1009,114,82,52,42,32,10
2023-07-15,1009,139,69,70,50,70,20
2023-07-16,1009,131,87,50,40,44,10
2023-07-17,1009,128,64,73,33,64,40
2023-07-18,1009,137,80,88,41,57,47
2023-07-19,1009,119,56,89,34,63,55
2023-07-20,1009,120,77,69,33,43,36
2023-07-21,1009,127,86,56,41,41,15
2023-07-22,1009,104,108,67,33,-4,34
2023-07-23,1009,118,73,92,35,45,57
2023-07-24,1009,149,99,66,44,50,22
2023-07-25,1009,115,81,60,28,34,32
2023-07-26,1009,134,69,79,41,65,38
2023-07-27,1009,134,86,52,36,48,16
2023-07-28,1009,148,75,81,49,73,32
2023-07-29,1009,133,69,52,24,64,28
2023-07-30,1009,147,99,52,36,48,16
2023-07-31,1009,128,88,60,28,40,32
2023-08-01,1009,136,68,63,50,68,13
2023-08-02,1009,147,90,92,35,57,57
2023-08-03,1009,133,76,99,39,57,60
2023-08-04,1009,133,99,51,26,34,25
2023-08-05,1009,146,84,83,34,62,49
2023-08-06,1009,136,84,69,34,52,35
2023-08-07,1009,116,69,87,39,47,48
2023-08-08,1009,142,84,86,42,58,44
2023-08-09,1009,114,81,65,47,33,18
2023-08-10,1009,130,82,75,31,48,44
2023-08-11,1009,147,83,50,41,64,9
2023-08-12,1009,147,74,97,44,73,53
2023-08-13,1009,110,73,67,51,37,16
2023-08-14,1009,149,67,57,44,82,13
2023-08-15,1009,116,80,94,46,36,48
2023-08-16,1009,121,78,70,42,43,28
2023-08-17,1009,134,73,66,42,61,24
2023-08-18,1009,135,101,60,43,34,17
2023-08-19,1009,115,66,93,29,49,64
2023-08-20,1009,132,82,96,44,50,52
2023-08-21,1009,127,93,89,41,34,48
2023-08-22,1009,117,77,57,42,40,15
2023-08-23,1009,117,84,91,32,33,59
2023-08-24,1009,114,90,96,43,24,53
2023-08-25,1009,107,77,85,31,30,54
2023-08-26,1009,148,68,56,47,80,9
2023-08-27,1009,150,69,56,42,81,14
2023-08-28,1009,148,77,64,35,71,29
2023-08-29,1009,130,71,85,47,59,38
2023-08-30,1009,123,83,100,46,40,54
2023-08-31,1009,137,84,75,32,53,43
2023-09-01,1009,120,67,98,45,53,53
2023-09-02,1009,129,79,65,55,50,10
2023-09-03,1009,145,89,56,39,56,17
2023-09-04,1009,136,69,92,38,67,54
2023-09-05,1009,109,69,98,56,40,42
2023-09-06,1009,127,68,98,49,59,49
2023-09-07,1009,102,91,74,37,11,37
2023-09-08,1009,122,85,76,44,37,32
2023-09-09,1009,127,73,55,34,54,21
2023-09-10,1009,150,84,76,37,66,39
2023-09-11,1009,119,80,90,50,39,40
2023-09-12,1009,141,87,69,34,54,35
2023-09-13,1009,132,78,69,44,54,25
2023-09-14,1009,149,76,71,34,73,37
2023-09-15,1009,135,70,96,40,65,56
2023-09-16,1009,117,90,82,33,27,49
2023-09-17,1009,112,81,74,44,31,30
2023-09-18,1009,130,84,97,36,46,61
2023-09-19,1009,138,90,89,33,48,56
2023-09-20,1009,106,70,83,49,36,34
2023-09-21,1009,112,79,56,41,33,15
2023-09-22,1009,136,80,96,43,56,53
2023-09-23,1009,117,79,82,36,38,46
2023-09-24,1009,141,87,81,38,54,43
2023-09-25,1009,134,89,69,53,45,16
2023-09-26,1009,105,67,98,41,38,57
2023-09-27,1009,113,90,71,38,23,33
2023-09-28,1009,109,81,77,50,28,27
2023-09-29,1009,131,80,54,43,51,11
2023-09-30,1009,123,85,54,53,38,1
2023-10-01,1009,140,70,51,31,70,20
2023-10-02,1009,117,82,89,48,35,41
2023-10-03,1009,103,82,73,35,21,38
2023-10-04,1009,123,65,82,38,58,44
2023-10-05,1009,126,75,81,30,51,51
2023-10-06,1009,102,85,66,45,17,21
2023-10-07,1009,124,76,57,39,48,18
2023-10-08,1009,144,86,57,43,58,14
2023-10-09,1009,150,86,76,36,64,40
2023-10-10,1009,118,79,53,44,39,9
2023-10-11,1009,110,86,75,43,24,32
2023-10-12,1009,127,71,99,41,56,58
2023-10-13,1009,134,100,93,34,34,59
2023-10-14,1009,139,85,76,43,54,33
2023-10-15,1009,115,80,67,40,35,27
2023-10-16,1009,150,72,97,49,78,48
2023-10-17,1009,117,81,72,34,36,38
2023-10-18,1009,103,83,77,35,20,42
2023-10-19,1009,135,71,60,41,64,19
2023-10-20,1009,109,88,59,28,21,31
2023-10-21,1009,137,85,70,36,52,34
2023-10-22,1009,104,75,67,30,29,37
2023-10-23,1009,140,93,100,45,47,55
2023-10-24,1009,148,84,87,40,64,47
2023-10-25,1009,135,81,74,37,54,37
2023-10-26,1009,133,85,57,39,48,18
2023-10-27,1009,150,83,90,47,67,43
2023-10-28,1009,107,70,70,40,37,30
2023-10-29,1009,123,72,68,31,51,37
2023-10-30,1009,123,95,83,30,28,53
2023-10-31,1009,129,85,64,57,44,7
2023-11-01,1009,130,77,58,43,53,15
2023-11-02,1009,120,92,61,50,28,11
2023-11-03,1009,105,79,63,34,26,29
2023-11-04,1009,103,76,74,38,27,36
2023-11-05,1009,116,76,96,34,40,62
2023-11-06,1009,106,62,100,52,44,48
2023-11-07,1009,114,72,71,44,42,27
2023-11-08,1009,135,82,56,48,53,8
2023-11-09,1009,109,123,61,38,-14,23
2023-11-10,1009,123,78,59,42,45,17
2023-11-11,1009,108,73,55,30,35,25
2023-11-12,1009,109,78,83,40,31,43
2023-11-13,1009,118,84,61,50,34,11
2023-11-14,1009,132,68,94,44,64,50
2023-11-15,1009,149,88,92,42,61,50
2023-11-16,1009,107,80,93,47,27,46
2023-11-17,1009,145,89,96,52,56,44
2023-11-18,1009,136,81,71,38,55,33
2023-11-19,1009,117,69,61,39,48,22
2023-11-20,1009,130,90,93,35,40,58
2023-11-21,1009,140,62,74,50,78,24
2023-11-22,1009,100,84,79,47,16,32
2023-11-23,1009,115,74,77,35,41,42
2023-11-24,1009,134,71,87,51,63,36
2023-11-25,1009,118,93,79,32,25,47
2023-11-26,1009,108,75,98,36,33,62
2023-11-27,1009,142,92,67,42,50,25
2023-11-28,1009,135,88,73,42,47,31
2023-11-29,1009,132,77,74,54,55,20
2023-11-30,1009,122,74,50,40,48,10
2023-12-01,1009,148,93,66,36,55,30
2023-12-02,1009,105,88,50,35,17,15
2023-12-03,1009,101,75,53,40,26,13
2023-12-04,1009,140,74,91,44,66,47
2023-12-05,1009,124,83,77,34,41,43
2023-12-06,1009,102,82,92,44,20,48
2023-12-07,1009,146,99,51,35,47,16
2023-12-08,1009,144,91,96,43,53,53
2023-12-09,1009,129,78,58,48,51,10
2023-12-10,1009,140,72,63,43,68,20
2023-12-11,1009,129,81,55,39,48,16
2023-12-12,1009,114,100,87,39,14,48
2023-12-13,1009,107,63,83,38,44,45
2023-12-14,1009,128,65,54,29,63,25
2023-12-15,1009,109,72,88,39,37,49
2023-12-16,1009,135,74,67,41,61,26
2023-12-17,1009,134,69,64,35,65,29
2023-12-18,1009,124,71,83,39,53,44
2023-12-19,1009,112,71,97,38,41,59
2023-12-20,1009,124,82,68,51,42,17
2023-12-21,1009,120,74,78,37,46,41
2023-12-22,1009,134,72,76,48,62,28
2023-12-23,1009,126,72,80,45,54,35
2023-12-24,1009,133,80,76,37,53,39
2023-12-25,1009,130,71,58,45,59,13
2023-12-26,1009,136,79,97,36,57,61
2023-12-27,1009,100,77,92,30,23,62
2023-12-28,1009,139,90,79,42,49,37
2023-12-29,1009,108,73,59,39,35,20
2023-12-30,1009,121,89,65,28,32,37
2023-12-31,1009,113,91,76,41,22,35
2023-01-01,1010,103,84,82,48,19,34
2023-01-02,1010,105,80,57,41,25,16
2023-01-03,1010,109,74,79,40,35,39
2023-01-04,1010,136,67,62,37,69,25
2023-01-05,1010,132,93,54,39,39,15
2023-01-06,1010,130,78,100,33,52,67
2023-01-07,1010,129,74,78,37,55,41
2023-01-08,1010,101,75,88,45,26,43
2023-01-09,1010,138,77,87,44,61,43
2023-01-10,1010,104,83,97,36,21,61
2023-01-11,1010,110,80,87,47,30,40
2023-01-12,1010,145,87,83,36,58,47
2023-01-13,1010,134,83,98,38,51,60
2023-01-14,1010,105,71,88,32,34,56
2023-01-15,1010,149,81,62,37,68,25
2023-01-16,1010,106,69,67,43,37,24
2023-01-17,1010,141,85,76,42,56,34
2023-01-18,1010,132,84,88,41,48,47
2023-01-19,1010,115,81,51,39,34,12
2023-01-20,1010,106,75,52,39,31,13
2023-01-21,1010,137,81,95,39,56,56
2023-01-22,1010,126,95,63,36,31,27
2023-01-23,1010,117,54,71,42,63,29
2023-01-24,1010,101,82,53,28,19,25
2023-01-25,1010,120,85,55,40,35,15
2023-01-26,1010,106,89,73,40,17,33
2023-01-27,1010,125,95,54,45,30,9
2023-01-28,1010,113,84,78,37,29,41
2023-01-29,1010,100,75,56,47,25,9
2023-01-30,1010,148,90,85,51,58,34
2023-01-31,1010,125,90,81,49,35,32
2023-02-01,1010,129,78,51,41,51,10
2023-02-02,1010,134,92,64,34,42,30
2023-02-03,1010,110,63,72,43,47,29
2023-02-04,1010,100,67,52,45,33,7
2023-02-05,1010,131,75,63,50,56,13
2023-02-06,1010,102,79,100,39,23,61
2023-02-07,1010,104,74,68,41,30,27
2023-02-08,1010,104,95,72,44,9,28
2023-02-09,1010,140,78,87,34,62,53
2023-02-10,1010,128,79,76,37,49,39
2023-02-11,1010,119,76,55,50,43,5
2023-02-12,1010,130,71,98,39,59,59
2023-02-13,1010,126,77,70,46,49,24
2023-02-14,1010,124,75,51,38,49,13
2023-02-15,1010,139,77,50,38,62,12
2023-02-16,1010,133,71,82,26,62,56
2023-02-17,1010,125,71,57,52,54,5
2023-02-18,1010,118,62,98,44,56,54
2023-02-19,1010,117,99,60,37,18,23
2023-02-20,1010,100,70,85,51,30,34
2023-02-21,1010,109,89,96,51,20,45
2023-02-22,1010,146,68,53,48,78,5
2023-02-23,1010,111,85,78,35,26,43
2023-02-24,1010,111,69,100,39,42,61
2023-02-25,1010,121,85,63,43,36,20
2023-02-26,1010,128,87,55,29,41,26
2023-02-27,1010,142,76,91,42,66,49
2023-02-28,1010,142,77,57,36,65,21
2023-03-01,1010,127,91,87,29,36,58
2023-03-02,1010,107,83,59,38,24,21
2023-03-03,1010,123,90,93,43,33,50
2023-03-04,1010,100,72,95,42,28,53
2023-03-05,1010,108,76,66,37,32,29
2023-03-06,1010,131,67,92,34,64,58
2023-03-07,1010,142,87,60,40,55,20
2023-03-08,1010,130,96,50,60,34,-10
2023-03-09,1010,130,75,86,44,55,42
2023-03-10,1010,121,79,95,48,42,47
2023-03-11,1010,117,81,76,37,36,39
2023-03-12,1010,108,79,97,34,29,63
2023-03-13,1010,100,75,57,53,25,4
2023-03-14,1010,124,100,77,31,24,46
2023-03-15,1010,139,76,56,46,63,10
2023-03-16,1010,140,72,89,40,68,49
2023-03-17,1010,106,69,77,37,37,40
2023-03-18,1010,101,92,86,35,9,51
2023-03-19,1010,107,69,58,40,38,18
2023-03-20,1010,103,80,79,38,23,41
2023-03-21,1010,105,89,79,45,16,34
2023-03-22,1010,137,71,71,48,66,23
2023-03-23,1010,134,69,91,36,65,55
2023-03-24,1010,116,88,58,39,28,19
2023-03-25,1010,144,70,74,38,74,36
2023-03-26,1010,103,80,94,25,23,69
2023-03-27,1010,107,86,98,31,21,67
2023-03-28,1010,142,66,60,39,76,21
2023-03-29,1010,134,78,98,46,56,52
2023-03-30,1010,129,81,78,40,48,38
2023-03-31,1010,114,78,69,40,36,29
2023-04-01,1010,113,91,83,45,22,38
2023-04-02,1010,132,81,77,29,51,48
2023-04-03,1010,148,90,58,37,58,21
2023-04-04,1010,116,78,92,31,38,61
2023-04-05,1010,100,75,53,39,25,14
2023-04-06,1010,119,82,91,30,37,61
2023-04-07,1010,125,88,92,35,37,57
2023-04-08,1010,146,84,82,49,62,33
2023-04-09,1010,115,88,59,43,27,16
2023-04-10,1010,115,82,63,45,33,18
2023-04-11,1010,139,87,61,38,52,23
2023-04-12,1010,109,76,94,43,33,51
2023-04-13,1010,105,69,67,39,36,28
2023-04-14,1010,119,82,70,49,37,21
2023-04-15,1010,129,84,80,36,45,44
2023-04-16,1010,115,82,100,38,33,62
2023-04-17,1010,131,90,83,41,41,42
2023-04-18,1010,146,94,75,48,52,27
2023-04-19,1010,111,79,81,47,32,34
2023-04-20,1010,147,85,55,42,62,13
2023-04-21,1010,135,80,93,38,55,55
2023-04-22,1010,135,71,52,42,64,10
2023-04-23,1010,146,90,82,39,56,43
2023-04-24,1010,108,86,79,33,22,46
2023-04-25,1010,118,86,80,43,32,37
2023-04-26,1010,112,86,91,40,26,51
2023-04-27,1010,132,86,85,37,46,48
2023-04-28,1010,104,70,78,45,34,33
2023-04-29,1010,112,89,51,30,23,21
2023-04-30,1010,149,77,77,27,72,50
2023-05-01,1010,128,81,63,47,47,16
2023-05-02,1010,118,58,70,43,60,27
2023-05-03,1010,141,84,56,41,57,15
2023-05-04,1010,112,67,98,50,45,48
2023-05-05,1010,120,69,78,45,51,33
2023-05-06,1010,143,66,51,29,77,22
2023-05-07,1010,137,60,98,25,77,73
2023-05-08,1010,137,73,52,44,64,8
2023-05-09,1010,149,74,99,42,75,57
2023-05-10,1010,129,77,100,49,52,51
2023-05-11,1010,108,92,91,36,16,55
2023-05-12,1010,140,86,80,40,54,40
2023-05-13,1010,100,71,60,39,29,21
2023-05-14,1010,146,78,72,48,68,24
2023-05-15,1010,110,84,72,32,26,40
2023-05-16,1010,110,90,79,39,20,40
2023-05-17,1010,123,75,51,37,48,14
2023-05-18,1010,102,65,57,37,37,20
2023-05-19,1010,110,73,54,36,37,18
2023-05-20,1010,111,63,79,40,48,39
2023-05-21,1010,138,76,100,42,62,58
2023-05-22,1010,139,83,78,45,56,33
2023-05-23,1010,135,83,99,30,52,69
2023-05-24,1010,122,95,97,42,27,55
2023-05-25,1010,115,74,89,23,41,66
2023-05-26,1010,102,81,88,61,21,27
2023-05-27,1010,147,97,93,33,50,60
2023-05-28,1010,107,76,74,42,31,32
2023-05-29,1010,135,73,59,41,62,18
2023-05-30,1010,132,83,90,41,49,49
2023-05-31,1010,141,95,83,33,46,50
2023-06-01,1010,138,74,84,43,64,41
2023-06-02,1010,123,83,80,38,40,42
2023-06-03,1010,114,74,87,44,40,43
2023-06-04,1010,100,88,67,33,12,34
2023-06-05,1010,116,62,67,36,54,31
2023-06-06,1010,119,86,60,30,33,30
2023-06-07,1010,112,88,67,41,24,26
2023-06-08,1010,120,78,99,38,42,61
2023-06-09,1010,112,84,67,44,28,23
2023-06-10,1010,108,82,99,31,26,68
2023-06-11,1010,138,68,95,37,70,58
2023-06-12,1010,133,77,54,40,56,14
2023-06-13,1010,139,77,78,38,62,40
2023-06-14,1010,119,87,77,42,32,35
2023-06-15,1010,149,90,50,39,59,11
2023-06-16,1010,143,87,99,38,56,61
2023-06-17,1010,148,66,89,51,82,38
2023-06-18,1010,103,72,54,31,31,23
2023-06-19,1010,142,72,97,47,70,50
2023-06-20,1010,107,85,72,41,22,31
2023-06-21,1010,127,89,59,37,38,22
2023-06-22,1010,128,88,66,41,40,25
2023-06-23,1010,104,80,67,41,24,26
2023-06-24,1010,115,81,88,36,34,52
2023-06-25,1010,150,78,67,38,72,29
2023-06-26,1010,104,85,86,50,19,36
2023-06-27,1010,131,70,90,47,61,43
2023-06-28,1010,139,66,53,39,73,14
2023-06-29,1010,147,77,62,33,70,29
2023-06-30,1010,119,86,77,39,33,38
2023-07-01,1010,126,80,51,40,46,11
2023-07-02,1010,137,89,93,44,48,49
2023-07-03,1010,118,86,63,36,32,27
2023-07-04,1010,137,79,74,38,58,36
2023-07-05,1010,135,89,86,38,46,48
2023-07-06,1010,144,70,74,36,74,38
2023-07-07,1010,119,78,80,30,41,50
2023-07-08,1010,121,84,98,38,37,60
2023-07-09,1010,108,90,81,37,18,44
2023-07-10,1010,111,75,52,47,36,5
2023-07-11,1010,105,64,56,35,41,21
2023-07-12,1010,114,73,99,29,41,70
2023-07-13,1010,138,63,58,39,75,19
2023-07-14,1010,145,75,67,49,70,18
2023-07-15,1010,142,89,89,37,53,52
2023-07-16,1010,139,81,100,38,58,62
2023-07-17,1010,147,79,73,34,68,39
2023-07-18,1010,133,77,90,46,56,44
2023-07-19,1010,108,75,54,48,33,6
2023-07-20,1010,130,85,99,37,45,62
2023-07-21,1010,129,91,70,44,38,26
2023-07-22,1010,118,57,73,42,61,31
2023-07-23,1010,102,87,77,36,15,41
2023-07-24,1010,129,69,86,38,60,48
2023-07-25,1010,146,97,51,41,49,10
2023-07-26,1010,150,82,94,31,68,63
2023-07-27,1010,123,85,87,35,38,52
2023-07-28,1010,146,78,94,34,68,60
2023-07-29,1010,122,79,65,32,43,33
2023-07-30,1010,134,70,57,44,64,13
2023-07-31,1010,116,93,73,41,23,32
2023-08-01,1010,105,94,86,42,11,44
2023-08-02,1010,144,84,56,42,60,14
2023-08-03,1010,135,62,96,35,73,61
2023-08-04,1010,102,95,67,42,7,25
2023-08-05,1010,110,84,66,36,26,30
2023-08-06,1010,104,67,74,47,37,27
2023-08-07,1010,140,82,60,44,58,16
2023-08-08,1010,102,88,86,43,14,43
2023-08-09,1010,107,75,67,34,32,33
2023-08-10,1010,129,68,89,46,61,43
2023-08-11,1010,148,85,100,41,63,59
2023-08-12,1010,136,93,85,49,43,36
2023-08-13,1010,125,85,67,42,40,25
2023-08-14,1010,131,81,84,47,50,37
2023-08-15,1010,101,74,99,32,27,67
2023-08-16,1010,146,90,94,35,56,59
2023-08-17,1010,124,86,74,38,38,36
2023-08-18,1010,101,79,65,43,22,22
2023-08-19,1010,114,57,59,35,57,24
2023-08-20,1010,120,74,92,38,46,54
2023-08-21,1010,110,68,81,50,42,31
2023-08-22,1010,103,83,51,36,20,15
2023-08-23,1010,148,78,77,34,70,43
2023-08-24,1010,128,76,70,36,52,34
2023-08-25,1010,108,81,97,28,27,69
2023-08-26,1010,122,71,73,44,51,29
2023-08-27,1010,115,88,55,41,27,14
2023-08-28,1010,121,72,94,50,49,44
2023-08-29,1010,120,86,52,44,34,8
2023-08-30,1010,135,80,52,39,55,13
2023-08-31,1010,122,83,77,35,39,42
2023-09-01,1010,102,82,72,44,20,28
2023-09-02,1010,118,89,78,30,29,48
2023-09-03,1010,122,90,59,40,32,19
2023-09-04,1010,134,77,99,33,57,66
2023-09-05,1010,104,74,97,30,30,67
2023-09-06,1010,118,75,97,30,43,67
2023-09-07,1010,142,76,93,40,66,53
2023-09-08,1010,131,80,73,38,51,35
2023-09-09,1010,120,70,61,47,50,14
2023-09-10,1010,142,70,54,42,72,12
2023-09-11,1010,110,68,64,36,42,28
2023-09-12,1010,122,68,98,34,54,64
2023-09-13,1010,132,76,79,33,56,46
2023-09-14,1010,148,72,50,33,76,17
2023-09-15,1010,134,71,98,46,63,52
2023-09-16,1010,105,82,99,44,23,55
2023-09-17,1010,140,67,75,39,73,36
2023-09-18,1010,109,77,69,41,32,28
2023-09-19,1010,138,85,95,35,53,60
2023-09-20,1010,109,88,50,42,21,8
2023-09-21,1010,123,75,78,49,48,29
2023-09-22,1010,132,71,75,39,61,36
2023-09-23,1010,104,80,95,45,24,50
2023-09-24,1010,113,94,58,36,19,22
2023-09-25,1010,103,70,62,41,33,21
2023-09-26,1010,112,65,94,39,47,55
2023-09-27,1010,115,80,79,40,35,39
2023-09-28,1010,137,87,73,31,50,42
2023-09-29,1010,124,82,80,36,42,44
2023-09-30,1010,102,79,61,45,23,16
2023-10-01,1010,101,75,89,34,26,55
2023-10-02,1010,124,87,90,36,37,54
2023-10-03,1010,136,78,67,38,58,29
2023-10-04,1010,113,84,88,36,29,52
2023-10-05,1010,131,77,63,54,54,9
2023-10-06,1010,120,70,67,41,50,26
2023-10-07,1010,136,72,81,42,64,39
2023-10-08,1010,103,76,77,50,27,27
2023-10-09,1010,123,74,81,46,49,35
2023-10-10,1010,100,85,81,36,15,45
2023-10-11,1010,127,59,84,38,68,46
2023-10-12,1010,148,81,89,49,67,40
2023-10-13,1010,141,86,82,41,55,41
2023-10-14,1010,140,85,80,34,55,46
2023-10-15,1010,103,87,71,39,16,32
2023-10-16,1010,112,89,70,36,23,34
2023-10-17,1010,111,113,57,39,-2,18
2023-10-18,1010,122,80,83,42,42,41
2023-10-19,1010,136,86,60,39,50,21
2023-10-20,1010,105,74,91,39,31,52
2023-10-21,1010,121,81,55,46,40,9
2023-10-22,1010,116,82,85,43,34,42
2023-10-23,1010,106,77,69,34,29,35
2023-10-24,1010,143,87,94,41,56,53
2023-10-25,1010,130,84,81,37,46,44
2023-10-26,1010,104,74,51,40,30,11
2023-10-27,1010,149,91,98,38,58,60
2023-10-28,1010,101,79,99,42,22,57
2023-10-29,1010,129,90,63,47,39,16
2023-10-30,1010,145,90,90,39,55,51
2023-10-31,1010,142,106,88,31,36,57
2023-11-01,1010,141,74,60,34,67,26
2023-11-02,1010,150,72,63,45,78,18
2023-11-03,1010,141,90,68,37,51,31
2023-11-04,1010,119,87,68,41,32,27
2023-11-05,1010,123,90,70,47,33,23
2023-11-06,1010,105,75,74,35,30,39
2023-11-07,1010,102,80,63,41,22,22
2023-11-08,1010,117,73,89,44,44,45
2023-11-09,1010,121,92,86,37,29,49
2023-11-10,1010,136,88,83,42,48,41
2023-11-11,1010,107,83,96,62,24,34
2023-11-12,1010,128,106,93,40,22,53
2023-11-13,1010,140,79,75,53,61,22
2023-11-14,1010,138,83,73,42,55,31
2023-11-15,1010,126,73,97,43,53,54
2023-11-16,1010,106,98,78,36,8,42
2023-11-17,1010,108,87,60,28,21,32
2023-11-18,1010,124,76,58,44,48,14
2023-11-19,1010,146,81,86,39,65,47
2023-11-20,1010,146,84,92,45,62,47
2023-11-21,1010,113,69,58,36,44,22
2023-11-22,1010,144,74,67,34,70,33
2023-11-23,1010,135,73,73,36,62,37
2023-11-24,1010,125,73,81,42,52,39
2023-11-25,1010,108,81,75,45,27,30
2023-11-26,1010,130,75,99,45,55,54
2023-11-27,1010,117,73,73,48,44,25
2023-11-28,1010,122,75,81,38,47,43
2023-11-29,1010,132,69,99,41,63,58
2023-11-30,1010,104,75,99,47,29,52
2023-12-01,1010,105,73,90,42,32,48
2023-12-02,1010,136,75,89,43,61,46
2023-12-03,1010,140,78,91,38,62,53
2023-12-04,1010,106,83,79,42,23,37
2023-12-05,1010,122,89,77,40,33,37
2023-12-06,1010,131,81,57,40,50,17
2023-12-07,1010,111,80,91,43,31,48
2023-12-08,1010,117,88,90,39,29,51
2023-12-09,1010,143,73,69,28,70,41
2023-12-10,1010,109,57,88,42,52,46
2023-12-11,1010,101,91,96,48,10,48
2023-12-12,1010,138,79,64,45,59,19
2023-12-13,1010,135,84,89,40,51,49
2023-12-14,1010,140,76,70,36,64,34
2023-12-15,1010,148,74,81,45,74,36
2023-12-16,1010,133,65,59,54,68,5
2023-12-17,1010,123,92,89,40,31,49
2023-12-18,1010,109,75,57,37,34,20
2023-12-19,1010,131,95,64,31,36,33
2023-12-20,1010,129,79,93,47,50,46
2023-12-21,1010,100,84,78,42,16,36
2023-12-22,1010,140,74,53,48,66,5
2023-12-23,1010,122,86,53,32,36,21
2023-12-24,1010,106,74,95,42,32,53
2023-12-25,1010,126,79,54,36,47,18
2023-12-26,1010,123,72,56,43,51,13
2023-12-27,1010,141,78,58,36,63,22
2023-12-28,1010,147,76,62,54,71,8
2023-12-29,1010,148,90,95,32,58,63
2023-12-30,1010,101,73,51,38,28,13
2023-12-31,1010,129,79,84,28,50,56
2023-01-01,1011,140,80,51,40,60,11
2023-01-02,1011,140,67,80,39,73,41
2023-01-03,1011,126,87,69,46,39,23
2023-01-04,1011,119,65,69,41,54,28
2023-01-05,1011,104,96,64,32,8,32
2023-01-06,1011,129,91,68,38,38,30
2023-01-07,1011,114,72,73,45,42,28
2023-01-08,1011,128,84,90,37,44,53
2023-01-09,1011,147,86,50,32,61,18
2023-01-10,1011,126,77,83,54,49,29
2023-01-11,1011,113,89,88,37,24,51
2023-01-12,1011,107,78,67,35,29,32
2023-01-13,1011,108,78,70,41,30,29
2023-01-14,1011,126,82,70,44,44,26
2023-01-15,1011,149,74,54,29,75,25
2023-01-16,1011,128,83,81,38,45,43
2023-01-17,1011,136,73,53,32,63,21
2023-01-18,1011,120,91,94,34,29,60
2023-01-19,1011,120,85,99,36,35,63
2023-01-20,1011,136,74,64,31,62,33
2023-01-21,1011,143,89,52,45,54,7
2023-01-22,1011,101,67,68,34,34,34
2023-01-23,1011,111,71,88,41,40,47
2023-01-24,1011,101,53,82,38,48,44
2023-01-25,1011,109,78,80,40,31,40
2023-01-26,1011,136,100,62,47,36,15
2023-01-27,1011,132,78,69,43,54,26
2023-01-28,1011,135,85,64,43,50,21
2023-01-29,1011,144,83,92,39,61,53
2023-01-30,1011,133,91,82,37,42,45
2023-01-31,1011,113,87,82,33,26,49
2023-02-01,1011,147,84,100,44,63,56
2023-02-02,1011,104,74,50,41,30,9
2023-02-03,1011,114,83,70,30,31,40
2023-02-04,1011,125,75,91,37,50,54
2023-02-05,1011,144,86,64,40,58,24
2023-02-06,1011,129,79,82,46,50,36
2023-02-07,1011,121,86,99,37,35,62
2023-02-08,1011,105,83,97,39,22,58
2023-02-09,1011,150,75,91,33,75,58
2023-02-10,1011,104,80,61,44,24,17
2023-02-11,1011,102,61,74,36,41,38
2023-02-12,1011,143,70,55,48,73,7
2023-02-13,1011,127,88,72,34,39,38
2023-02-14,1011,144,83,87,31,61,56
2023-02-15,1011,148,82,51,41,66,10
2023-02-16,1011,105,88,59,35,17,24
2023-02-17,1011,120,88,95,40,32,55
2023-02-18,1011,114,59,73,34,55,39
2023-02-19,1011,142,83,57,32,59,25
2023-02-20,1011,131,84,60,54,47,6
2023-02-21,1011,104,91,62,40,13,22
2023-02-22,1011,147,61,93,50,86,43
2023-02-23,1011,117,86,62,33,31,29
2023-02-24,1011,119,76,91,35,43,56
2023-02-25,1011,134,76,60,43,58,17
2023-02-26,1011,139,79,75,37,60,38
2023-02-27,1011,111,90,63,40,21,23
2023-02-28,1011,140,85,52,35,55,17
2023-03-01,1011,134,77,91,46,57,45
2023-03-02,1011,118,73,96,41,45,55
2023-03-03,1011,137,84,94,36,53,58
2023-03-04,1011,142,82,84,34,60,50
2023-03-05,1011,136,83,64,32,53,32
2023-03-06,1011,116,72,60,46,44,14
2023-03-07,1011,127,84,87,31,43,56
2023-03-08,1011,119,72,56,39,47,17
2023-03-09,1011,126,98,68,41,28,27
2023-03-10,1011,135,69,83,48,66,35
2023-03-11,1011,143,70,74,44,73,30
2023-03-12,1011,131,87,86,51,44,35
2023-03-13,1011,109,100,65,28,9,37
2023-03-14,1011,123,71,85,43,52,42
2023-03-15,1011,141,83,99,46,58,53
2023-03-16,1011,101,75,58,42,26,16
2023-03-17,1011,100,89,52,41,11,11
2023-03-18,1011,119,78,58,42,41,16
2023-03-19,1011,131,86,70,37,45,33
2023-03-20,1011,126,83,93,38,43,55
2023-03-21,1011,127,77,81,35,50,46
2023-03-22,1011,138,70,85,35,68,50
2023-03-23,1011,128,100,79,57,28,22
2023-03-24,1011,134,77,70,43,57,27
2023-03-25,1011,125,91,60,38,34,22
2023-03-26,1011,106,82,66,32,24,34
2023-03-27,1011,132,72,57,32,60,25
2023-03-28,1011,103,70,82,50,33,32
2023-03-29,1011,134,81,89,32,53,57
2023-03-30,1011,126,81,62,34,45,28
2023-03-31,1011,117,83,54,42,34,12
2023-04-01,1011,130,85,51,42,45,9
2023-04-02,1011,119,80,95,55,39,40
2023-04-03,1011,127,78,66,29,49,37
2023-04-04,1011,134,63,59,44,71,15
2023-04-05,1011,100,90,93,41,10,52
2023-04-06,1011,127,85,90,37,42,53
2023-04-07,1011,116,75,93,42,41,51
2023-04-08,1011,148,86,81,33,62,48
2023-04-09,1011,146,65,53,37,81,16
2023-04-10,1011,106,85,51,40,21,11
2023-04-11,1011,128,84,69,40,44,29
2023-04-12,1011,136,71,100,46,65,54
2023-04-13,1011,126,77,67,36,49,31
2023-04-14,1011,147,74,56,40,73,16
2023-04-15,1011,110,78,91,41,32,50
2023-04-16,1011,119,77,90,36,42,54
2023-04-17,1011,116,95,63,46,21,17
2023-04-18,1011,102,65,62,32,37,30
2023-04-19,1011,126,70,52,50,56,2
2023-04-20,1011,125,84,66,38,41,28
2023-04-21,1011,125,84,50,37,41,13
2023-04-22,1011,109,80,74,38,29,36
2023-04-23,1011,108,79,91,40,29,51
2023-04-24,1011,121,77,54,38,44,16
2023-04-25,1011,127,79,85,48,48,37
2023-04-26,1011,142,84,72,59,58,13
2023-04-27,1011,130,70,65,43,60,22
2023-04-28,1011,122,102,84,34,20,50
2023-04-29,1011,149,76,81,41,73,40
2023-04-30,1011,126,94,73,42,32,31
2023-05-01,1011,148,72,54,40,76,14
2023-05-02,1011,105,73,70,40,32,30
2023-05-03,1011,141,66,94,35,75,59
2023-05-04,1011,142,70,63,46,72,17
2023-05-05,1011,104,69,51,38,35,13
2023-05-06,1011,150,83,68,37,67,31
2023-05-07,1011,140,77,72,41,63,31
2023-05-08,1011,148,89,93,39,59,54
2023-05-09,1011,144,84,88,35,60,53
2023-05-10,1011,102,66,100,34,36,66
2023-05-11,1011,142,93,96,38,49,58
2023-05-12,1011,108,74,58,30,34,28
2023-05-13,1011,123,85,96,51,38,45
2023-05-14,1011,106,65,87,49,41,38
2023-05-15,1011,123,69,65,42,54,23
2023-05-16,1011,118,88,63,45,30,18
2023-05-17,1011,149,78,61,38,71,23
2023-05-18,1011,137,69,86,36,68,50
2023-05-19,1011,105,77,60,51,28,9
2023-05-20,1011,131,63,60,34,68,26
2023-05-21,1011,122,89,60,49,33,11
2023-05-22,1011,143,96,78,29,47,49
2023-05-23,1011,127,82,74,36,45,38
2023-05-24,1011,121,83,78,48,38,30
2023-05-25,1011,125,83,87,43,42,44
2023-05-26,1011,138,88,75,46,50,29
2023-05-27,1011,102,82,94,45,20,49
2023-05-28,1011,111,78,94,47,33,47
2023-05-29,1011,123,93,67,39,30,28
2023-05-30,1011,141,71,99,36,70,63
2023-05-31,1011,114,62,75,36,52,39
2023-06-01,1011,131,79,82,35,52,47
2023-06-02,1011,113,86,50,39,27,11
2023-06-03,1011,105,72,74,44,33,30
2023-06-04,1011,122,78,70,41,44,29
2023-06-05,1011,133,83,82,42,50,40
2023-06-06,1011,124,88,54,32,36,22
2023-06-07,1011,115,72,92,28,43,64
2023-06-08,1011,120,83,100,38,37,62
2023-06-09,1011,120,74,90,29,46,61
2023-06-10,1011,117,81,69,34,36,35
2023-06-11,1011,124,89,51,42,35,9
2023-06-12,1011,138,78,82,41,60,41
2023-06-13,1011,142,76,84,38,66,46
2023-06-14,1011,112,79,72,50,33,22
2023-06-15,1011,129,85,57,37,44,20
2023-06-16,1011,117,71,82,34,46,48
2023-06-17,1011,148,88,67,45,60,22
2023-06-18,1011,100,98,81,37,2,44
2023-06-19,1011,106,79,65,42,27,23
2023-06-20,1011,146,78,63,31,68,32
2023-06-21,1011,104,82,87,58,22,29
2023-06-22,1011,148,75,97,48,73,49
2023-06-23,1011,114,98,89,35,16,54
2023-06-24,1011,137,82,65,41,55,24
2023-06-25,1011,115,82,88,42,33,46
2023-06-26,1011,137,61,86,32,76,54
2023-06-27,1011,147,85,96,35,62,61
2023-06-28,1011,138,88,70,35,50,35
2023-06-29,1011,127,75,94,43,52,51
2023-06-30,1011,134,70,98,37,64,61
2023-07-01,1011,138,80,91,47,58,44
2023-07-02,1011,136,73,50,39,63,11
2023-07-03,1011,110,86,70,43,24,27
2023-07-04,1011,134,81,63,47,53,16
2023-07-05,1011,127,77,75,34,50,41
2023-07-06,1011,106,83,57,39,23,18
2023-07-07,1011,130,79,93,34,51,59
2023-07-08,1011,108,93,70,37,15,33
2023-07-09,1011,129,66,74,48,63,26
2023-07-10,1011,119,71,53,39,48,14
2023-07-11,1011,113,70,82,35,43,47
2023-07-12,1011,130,79,55,30,51,25
2023-07-13,1011,122,84,59,41,38,18
2023-07-14,1011,110,86,89,39,24,50
2023-07-15,1011,147,57,95,35,90,60
2023-07-16,1011,108,91,85,41,17,44
2023-07-17,1011,123,91,59,39,32,20
2023-07-18,1011,103,75,62,48,28,14
2023-07-19,1011,149,82,76,51,67,25
2023-07-20,1011,142,72,98,35,70,63
2023-07-21,1011,123,94,56,43,29,13
2023-07-22,1011,132,91,90,41,41,49
2023-07-23,1011,143,70,69,45,73,24
2023-07-24,1011,136,82,89,44,54,45
2023-07-25,1011,106,64,55,41,42,14
2023-07-26,1011,101,90,57,44,11,13
2023-07-27,1011,132,80,75,49,52,26
2023-07-28,1011,121,82,70,44,39,26
2023-07-29,1011,126,76,93,41,50,52
2023-07-30,1011,148,68,53,44,80,9
2023-07-31,1011,107,83,91,46,24,45
2023-08-01,1011,144,78,67,41,66,26
2023-08-02,1011,134,78,82,40,56,42
2023-08-03,1011,136,83,82,52,53,30
2023-08-04,1011,104,86,70,46,18,24
2023-08-05,1011,147,82,100,43,65,57
2023-08-06,1011,126,82,67,52,44,15
2023-08-07,1011,114,72,70,36,42,34
2023-08-08,1011,145,88,77,33,57,44
2023-08-09,1011,143,75,93,38,68,55
2023-08-10,1011,143,84,88,35,59,53
2023-08-11,1011,126,85,90,33,41,57
2023-08-12,1011,103,88,62,55,15,7
2023-08-13,1011,105,71,88,46,34,42
2023-08-14,1011,146,86,56,48,60,8
2023-08-15,1011,127,80,64,32,47,32
2023-08-16,1011,136,68,62,38,68,24
2023-08-17,1011,124,76,53,42,48,11
2023-08-18,1011,117,69,72,43,48,29
2023-08-19,1011,150,73,87,52,77,35
2023-08-20,1011,121,91,100,47,30,53
2023-08-21,1011,133,82,69,41,51,28
2023-08-22,1011,109,78,74,38,31,36
2023-08-23,1011,116,75,91,29,41,62
2023-08-24,1011,141,84,53,37,57,16
2023-08-25,1011,108,104,99,40,4,59
2023-08-26,1011,121,66,79,48,55,31
2023-08-27,1011,130,84,72,34,46,38
2023-08-28,1011,110,85,55,40,25,15
2023-08-29,1011,148,76,75,49,72,26
2023-08-30,1011,115,88,83,38,27,45
2023-08-31,1011,143,83,86,46,60,40
2023-09-01,1011,131,77,85,47,54,38
2023-09-02,1011,147,85,69,38,62,31
2023-09-03,1011,150,79,71,40,71,31
2023-09-04,1011,107,90,59,35,17,24
2023-09-05,1011,150,77,96,37,73,59
2023-09-06,1011,119,65,61,28,54,33
2023-09-07,1011,124,75,87,42,49,45
2023-09-08,1011,119,77,80,29,42,51
2023-09-09,1011,141,76,96,42,65,54
2023-09-10,1011,103,73,98,42,30,56
2023-09-11,1011,100,97,53,30,3,23
2023-09-12,1011,108,85,80,45,23,35
2023-09-13,1011,111,85,84,48,26,36
2023-09-14,1011,105,80,76,37,25,39
2023-09-15,1011,112,93,71,36,19,35
2023-09-16,1011,130,76,60,29,54,31
2023-09-17,1011,121,86,84,51,35,33
2023-09-18,1011,106,82,83,36,24,47
2023-09-19,1011,124,65,92,42,59,50
2023-09-20,1011,104,100,85,46,4,39
2023-09-21,1011,118,93,99,44,25,55
2023-09-22,1011,104,93,53,41,11,12
2023-09-23,1011,123,88,52,48,35,4
2023-09-24,1011,110,92,71,40,18,31
2023-09-25,1011,106,74,90,31,32,59
2023-09-26,1011,110,78,64,43,32,21
2023-09-27,1011,133,72,81,37,61,44
2023-09-28,1011,132,86,52,48,46,4
2023-09-29,1011,135,95,84,38,40,46
2023-09-30,1011,107,78,56,29,29,27
2023-10-01,1011,109,87,51,41,22,10
2023-10-02,1011,103,84,99,36,19,63
2023-10-03,1011,110,83,50,46,27,4
2023-10-04,1011,122,80,96,49,42,47
2023-10-05,1011,150,85,89,51,65,38
2023-10-06,1011,107,72,93,39,35,54
2023-10-07,1011,126,77,64,41,49,23
2023-10-08,1011,111,77,93,37,34,56
2023-10-09,1011,149,81,79,28,68,51
2023-10-10,1011,106,76,100,37,30,63
2023-10-11,1011,145,86,96,25,59,71
2023-10-12,1011,102,73,64,37,29,27
2023-10-13,1011,134,79,64,43,55,21
2023-10-14,1011,143,80,94,49,63,45
2023-10-15,1011,126,77,55,45,49,10
2023-10-16,1011,109,89,88,44,20,44
2023-10-17,1011,149,98,87,39,51,48
2023-10-18,1011,109,94,80,46,15,34
2023-10-19,1011,146,69,64,36,77,28
2023-10-20,1011,141,75,95,38,66,57
2023-10-21,1011,130,87,91,31,43,60
2023-10-22,1011,122,67,72,47,55,25
2023-10-23,1011,118,80,66,36,38,30
2023-10-24,1011,112,72,97,36,40,61
2023-10-25,1011,108,75,69,43,33,26
2023-10-26,1011,147,69,95,34,78,61
2023-10-27,1011,124,84,97,36,40,61
2023-10-28,1011,127,81,66,48,46,18
2023-10-29,1011,144,77,70,39,67,31
2023-10-30,1011,103,66,50,44,37,6
2023-10-31,1011,106,68,80,40,38,40
2023-11-01,1011,104,73,56,43,31,13
2023-11-02,1011,141,64,59,50,77,9
2023-11-03,1011,100,86,89,30,14,59
2023-11-04,1011,143,79,65,39,64,26
2023-11-05,1011,121,64,83,38,57,45
2023-11-06,1011,146,76,51,41,70,10
2023-11-07,1011,141,76,77,35,65,42
2023-11-08,1011,124,81,71,38,43,33
2023-11-09,1011,111,73,77,48,38,29
2023-11-10,1011,142,73,77,38,69,39
2023-11-11,1011,147,74,90,43,73,47
2023-11-12,1011,143,84,70,38,59,32
2023-11-13,1011,130,66,73,43,64,30
2023-11-14,1011,123,90,78,41,33,37
2023-11-15,1011,124,67,77,40,57,37
2023-11-16,1011,139,83,74,48,56,26
2023-11-17,1011,100,76,100,25,24,75
2023-11-18,1011,100,75,64,29,25,35
2023-11-19,1011,118,86,61,36,32,25
2023-11-20,1011,106,86,73,34,20,39
2023-11-21,1011,137,79,62,45,58,17
2023-11-22,1011,148,79,66,46,69,20
2023-11-23,1011,119,81,62,44,38,18
2023-11-24,1011,139,74,53,41,65,12
2023-11-25,1011,101,86,77,38,15,39
2023-11-26,1011,106,78,77,35,28,42
2023-11-27,1011,115,61,89,42,54,47
2023-11-28,1011,138,75,64,38,63,26
2023-11-29,1011,129,83,81,41,46,40
2023-11-30,1011,108,67,71,36,41,35
2023-12-01,1011,140,99,89,46,41,43
2023-12-02,1011,111,75,72,34,36,38
2023-12-03,1011,143,75,68,46,68,22
2023-12-04,1011,135,95,78,44,40,34
2023-12-05,1011,130,78,75,37,52,38
2023-12-06,1011,133,87,78,40,46,38
2023-12-07,1011,105,72,57,47,33,10
2023-12-08,1011,146,87,80,45,59,35
2023-12-09,1011,106,79,59,50,27,9
2023-12-10,1011,144,85,71,53,59,18
2023-12-11,1011,145,74,54,33,71,21
2023-12-12,1011,147,84,73,41,63,32
2023-12-13,1011,145,77,74,45,68,29
2023-12-14,1011,121,86,76,45,35,31
2023-12-15,1011,100,69,63,41,31,22
2023-12-16,1011,128,74,99,49,54,50
2023-12-17,1011,103,87,72,42,16,30
2023-12-18,1011,140,90,75,42,50,33
2023-12-19,1011,141,91,52,33,50,19
2023-12-20,1011,121,66,74,39,55,35
2023-12-21,1011,141,82,87,44,59,43
2023-12-22,1011,148,63,72,44,85,28
2023-12-23,1011,131,90,76,31,41,45
2023-12-24,1011,110,84,62,37,26,25
2023-12-25,1011,147,95,95,42,52,53
2023-12-26,1011,102,70,61,45,32,16
2023-12-27,1011,105,75,71,60,30,11
2023-12-28,1011,131,77,79,36,54,43
2023-12-29,1011,145,70,94,41,75,53
2023-12-30,1011,150,87,59,38,63,21
2023-12-31,1011,144,87,84,45,57,39
2023-01-01,1012,102,81,66,29,21,37
2023-01-02,1012,139,74,61,37,65,24
2023-01-03,1012,120,65,70,52,55,18
2023-01-04,1012,107,87,80,32,20,48
2023-01-05,1012,149,93,57,44,56,13
2023-01-06,1012,148,88,69,36,60,33
2023-01-07,1012,103,82,87,47,21,40
2023-01-08,1012,118,72,61,39,46,22
2023-01-09,1012,110,87,84,44,23,40
2023-01-10,1012,121,82,86,45,39,41
2023-01-11,1012,147,108,84,31,39,53
2023-01-12,1012,132,70,98,28,62,70
2023-01-13,1012,108,84,82,44,24,38
2023-01-14,1012,149,72,79,37,77,42
2023-01-15,1012,142,75,70,34,67,36
2023-01-16,1012,100,78,73,35,22,38
2023-01-17,1012,112,70,100,46,42,54
2023-01-18,1012,116,79,93,50,37,43
2023-01-19,1012,143,80,61,38,63,23
2023-01-20,1012,148,68,61,31,80,30
2023-01-21,1012,139,66,78,36,73,42
2023-01-22,1012,130,64,73,40,66,33
2023-01-23,1012,138,95,76,44,43,32
2023-01-24,1012,144,85,81,40,59,41
2023-01-25,1012,127,79,97,35,48,62
2023-01-26,1012,113,83,80,40,30,40
2023-01-27,1012,124,97,67,36,27,31
2023-01-28,1012,135,84,67,38,51,29
2023-01-29,1012,140,88,52,43,52,9
2023-01-30,1012,119,79,55,28,40,27
2023-01-31,1012,136,82,83,40,54,43
2023-02-01,1012,135,78,62,41,57,21
2023-02-02,1012,130,58,68,34,72,34
2023-02-03,1012,143,73,68,38,70,30
2023-02-04,1012,142,82,67,32,60,35
2023-02-05,1012,149,69,65,36,80,29
2023-02-06,1012,123,70,72,44,53,28
2023-02-07,1012,121,80,87,41,41,46
2023-02-08,1012,109,75,56,44,34,12
2023-02-09,1012,113,71,81,42,42,39
2023-02-10,1012,141,79,68,44,62,24
2023-02-11,1012,131,72,97,42,59,55
2023-02-12,1012,150,91,66,46,59,20
2023-02-13,1012,139,76,66,40,63,26
2023-02-14,1012,129,89,84,45,40,39
2023-02-15,1012,114,70,65,39,44,26
2023-02-16,1012,149,84,71,36,65,35
2023-02-17,1012,143,84,82,44,59,38
2023-02-18,1012,111,81,79,39,30,40
2023-02-19,1012,143,68,51,52,75,-1
2023-02-20,1012,131,86,68,39,45,29
2023-02-21,1012,124,86,84,36,38,48
2023-02-22,1012,141,72,50,31,69,19
2023-02-23,1012,109,62,74,44,47,30
2023-02-24,1012,134,70,69,32,64,37
2023-02-25,1012,149,63,54,39,86,15
2023-02-26,1012,112,70,62,42,42,20
2023-02-27,1012,145,88,94,37,57,57
2023-02-28,1012,105,76,84,45,29,39
2023-03-01,1012,126,76,69,49,50,20
2023-03-02,1012,101,76,64,44,25,20
2023-03-03,1012,149,64,60,45,85,15
2023-03-04,1012,109,84,78,36,25,42
2023-03-05,1012,150,77,83,28,73,55
2023-03-06,1012,109,71,98,36,38,62
2023-03-07,1012,109,87,98,42,22,56
2023-03-08,1012,118,89,85,33,29,52
2023-03-09,1012,139,74,52,43,65,9
2023-03-10,1012,123,97,62,49,26,13
2023-03-11,1012,135,88,85,36,47,49
2023-03-12,1012,105,88,67,44,17,23
2023-03-13,1012,140,81,86,32,59,54
2023-03-14,1012,106,79,55,44,27,11
2023-03-15,1012,102,99,89,49,3,40
2023-03-16,1012,147,68,96,25,79,71
2023-03-17,1012,109,89,56,47,20,9
2023-03-18,1012,108,71,65,46,37,19
2023-03-19,1012,127,80,71,40,47,31
2023-03-20,1012,147,83,59,35,64,24
2023-03-21,1012,106,61,78,34,45,44
2023-03-22,1012,107,84,70,33,23,37
2023-03-23,1012,138,83,70,43,55,27
2023-03-24,1012,141,94,93,36,47,57
2023-03-25,1012,136,82,60,42,54,18
2023-03-26,1012,133,71,54,34,62,20
2023-03-27,1012,148,67,75,43,81,32
2023-03-28,1012,146,66,59,37,80,22
2023-03-29,1012,117,78,98,34,39,64
2023-03-30,1012,126,86,100,45,40,55
2023-03-31,1012,145,80,89,43,65,46
2023-04-01,1012,141,81,91,44,60,47
2023-04-02,1012,150,83,66,39,67,27
2023-04-03,1012,126,82,66,43,44,23
2023-04-04,1012,131,73,66,47,58,19
2023-04-05,1012,109,83,66,43,26,23
2023-04-06,1012,145,89,78,36,56,42
2023-04-07,1012,120,88,64,32,32,32
2023-04-08,1012,150,93,55,50,57,5
2023-04-09,1012,105,79,74,51,26,23
2023-04-10,1012,143,80,98,36,63,62
2023-04-11,1012,146,76,60,30,70,30
2023-04-12,1012,126,68,64,38,58,26
2023-04-13,1012,117,58,70,47,59,23
2023-04-14,1012,128,69,99,45,59,54
2023-04-15,1012,122,65,95,54,57,41
2023-04-16,1012,134,94,88,41,40,47
2023-04-17,1012,136,87,87,49,49,38
2023-04-18,1012,144,80,98,44,64,54
2023-04-19,1012,100,89,78,42,11,36
2023-04-20,1012,119,83,94,33,36,61
2023-04-21,1012,129,75,100,40,54,60
2023-04-22,1012,129,80,75,43,49,32
2023-04-23,1012,127,81,67,40,46,27
2023-04-24,1012,100,75,78,49,25,29
2023-04-25,1012,122,68,68,43,54,25
2023-04-26,1012,136,85,68,35,51,33
2023-04-27,1012,147,77,82,53,70,29
2023-04-28,1012,109,78,52,34,31,18
2023-04-29,1012,121,57,67,51,64,16
2023-04-30,1012,112,78,50,34,34,16
2023-05-01,1012,131,77,74,46,54,28
2023-05-02,1012,101,76,70,42,25,28
2023-05-03,1012,127,81,54,27,46,27
2023-05-04,1012,150,70,98,34,80,64
2023-05-05,1012,140,94,98,45,46,53
2023-05-06,1012,127,67,56,39,60,17
2023-05-07,1012,107,65,76,39,42,37
2023-05-08,1012,139,78,62,31,61,31
2023-05-09,1012,136,73,89,45,63,44
2023-05-10,1012,111,75,51,42,36,9
2023-05-11,1012,141,83,78,39,58,39
2023-05-12,1012,143,83,71,47,60,24
2023-05-13,1012,103,69,60,26,34,34
2023-05-14,1012,110,92,94,39,18,55
2023-05-15,1012,145,80,84,33,65,51
2023-05-16,1012,136,77,100,34,59,66
2023-05-17,1012,131,75,67,45,56,22
2023-05-18,1012,115,80,85,40,35,45
2023-05-19,1012,103,75,57,49,28,8
2023-05-20,1012,103,77,51,39,26,12
2023-05-21,1012,103,75,95,49,28,46
2023-05-22,1012,137,92,76,46,45,30
2023-05-23,1012,137,67,55,50,70,5
2023-05-24,1012,126,80,92,37,46,55
2023-05-25,1012,137,89,87,44,48,43
2023-05-26,1012,120,77,53,38,43,15
2023-05-27,1012,137,71,54,41,66,13
2023-05-28,1012,133,91,55,36,42,19
2023-05-29,1012,134,88,99,49,46,50
2023-05-30,1012,110,79,61,47,31,14
2023-05-31,1012,101,85,66,49,16,17
2023-06-01,1012,108,85,58,32,23,26
2023-06-02,1012,105,89,98,38,16,60
2023-06-03,1012,126,90,86,51,36,35
2023-06-04,1012,110,77,96,47,33,49
2023-06-05,1012,132,72,61,27,60,34
2023-06-06,1012,106,84,98,49,22,49
2023-06-07,1012,107,83,84,47,24,37
2023-06-08,1012,106,75,95,37,31,58
2023-06-09,1012,140,88,55,46,52,9
2023-06-10,1012,142,81,89,47,61,42
2023-06-11,1012,131,80,81,41,51,40
2023-06-12,1012,112,83,99,47,29,52
2023-06-13,1012,116,81,81,33,35,48
2023-06-14,1012,123,82,75,31,41,44
2023-06-15,1012,101,79,68,26,22,42
2023-06-16,1012,132,78,72,46,54,26
2023-06-17,1012,122,66,91,39,56,52
2023-06-18,1012,139,71,86,40,68,46
2023-06-19,1012,134,82,60,40,52,20
2023-06-20,1012,133,74,88,39,59,49
2023-06-21,1012,137,70,63,40,67,23
2023-06-22,1012,132,71,51,36,61,15
2023-06-23,1012,123,78,57,29,45,28
2023-06-24,1012,121,73,68,53,48,15
2023-06-25,1012,148,76,67,35,72,32
2023-06-26,1012,144,81,69,41,63,28
2023-06-27,1012,109,81,61,45,28,16
2023-06-28,1012,140,73,86,33,67,53
2023-06-29,1012,101,85,80,35,16,45
2023-06-30,1012,125,90,70,44,35,26
2023-07-01,1012,137,75,55,42,62,13
2023-07-02,1012,101,71,71,43,30,28
2023-07-03,1012,109,68,60,48,41,12
2023-07-04,1012,147,75,95,43,72,52
2023-07-05,1012,137,85,67,47,52,20
2023-07-06,1012,101,80,71,43,21,28
2023-07-07,1012,128,77,91,38,51,53
2023-07-08,1012,123,84,66,29,39,37
2023-07-09,1012,117,76,61,37,41,24
2023-07-10,1012,135,60,86,38,75,48
2023-07-11,1012,136,71,70,52,65,18
2023-07-12,1012,150,83,88,38,67,50
2023-07-13,1012,128,72,57,33,56,24
2023-07-14,1012,143,71,77,35,72,42
2023-07-15,1012,127,76,52,46,51,6
2023-07-16,1012,147,81,56,41,66,15
2023-07-17,1012,123,87,64,27,36,37
2023-07-18,1012,103,72,60,41,31,19
2023-07-19,1012,141,69,76,34,72,42
2023-07-20,1012,137,81,51,44,56,7
2023-07-21,1012,131,75,95,49,56,46
2023-07-22,1012,140,66,82,42,74,40
2023-07-23,1012,122,76,78,38,46,40
2023-07-24,1012,130,81,94,40,49,54
2023-07-25,1012,132,87,51,42,45,9
2023-07-26,1012,140,72,82,36,68,46
2023-07-27,1012,115,82,85,37,33,48
2023-07-28,1012,131,82,53,32,49,21
2023-07-29,1012,134,75,77,55,59,22
2023-07-30,1012,108,73,88,44,35,44
2023-07-31,1012,113,87,88,57,26,31
2023-08-01,1012,133,67,78,40,66,38
2023-08-02,1012,132,82,91,41,50,50
2023-08-03,1012,116,88,74,45,28,29
2023-08-04,1012,135,84,70,39,51,31
2023-08-05,1012,121,91,88,58,30,30
2023-08-06,1012,109,82,91,49,27,42
2023-08-07,1012,129,83,86,41,46,45
2023-08-08,1012,146,106,74,44,40,30
2023-08-09,1012,120,94,99,28,26,71
2023-08-10,1012,139,67,55,41,72,14
2023-08-11,1012,124,78,63,48,46,15
2023-08-12,1012,137,74,61,47,63,14
2023-08-13,1012,146,82,67,42,64,25
2023-08-14,1012,108,83,71,36,25,35
2023-08-15,1012,129,92,85,45,37,40
2023-08-16,1012,122,75,78,35,47,43
2023-08-17,1012,125,92,84,37,33,47
2023-08-18,1012,121,84,76,41,37,35
2023-08-19,1012,140,62,73,45,78,28
2023-08-20,1012,133,84,88,38,49,50
2023-08-21,1012,137,85,51,40,52,11
2023-08-22,1012,140,71,66,35,69,31
2023-08-23,1012,108,71,81,44,37,37
2023-08-24,1012,108,92,61,39,16,22
2023-08-25,1012,139,82,77,44,57,33
2023-08-26,1012,117,76,94,35,41,59
2023-08-27,1012,119,91,97,36,28,61
2023-08-28,1012,112,70,96,45,42,51
2023-08-29,1012,107,81,69,28,26,41
2023-08-30,1012,123,84,68,39,39,29
2023-08-31,1012,125,87,55,39,38,16
2023-09-01,1012,105,65,87,38,40,49
2023-09-02,1012,106,95,97,42,11,55
2023-09-03,1012,148,63,97,44,85,53
2023-09-04,1012,147,82,77,37,65,40
2023-09-05,1012,122,85,100,48,37,52
2023-09-06,1012,121,64,76,32,57,44
2023-09-07,1012,110,88,59,35,22,24
2023-09-08,1012,103,91,69,42,12,27
2023-09-09,1012,103,78,63,33,25,30
2023-09-10,1012,128,77,97,41,51,56
2023-09-11,1012,115,81,54,38,34,16
2023-09-12,1012,127,95,79,42,32,37
2023-09-13,1012,144,99,51,42,45,9
2023-09-14,1012,112,76,55,39,36,16
2023-09-15,1012,116,103,88,43,13,45
2023-09-16,1012,140,74,96,38,66,58
2023-09-17,1012,118,68,67,37,50,30
2023-09-18,1012,146,76,57,36,70,21
2023-09-19,1012,126,81,72,40,45,32
2023-09-20,1012,104,79,93,50,25,43
2023-09-21,1012,134,84,72,33,50,39
2023-09-22,1012,116,68,81,34,48,47
2023-09-23,1012,131,72,72,51,59,21
2023-09-24,1012,150,69,98,34,81,64
2023-09-25,1012,128,76,68,20,52,48
2023-09-26,1012,144,77,99,40,67,59
2023-09-27,1012,115,91,88,45,24,43
2023-09-28,1012,130,76,99,45,54,54
2023-09-29,1012,138,103,88,37,35,51
2023-09-30,1012,134,83,50,38,51,12
2023-10-01,1012,109,81,71,43,28,28
2023-10-02,1012,111,93,87,42,18,45
2023-10-03,1012,114,87,52,44,27,8
2023-10-04,1012,103,83,81,41,20,40
2023-10-05,1012,134,87,65,35,47,30
2023-10-06,1012,140,69,52,41,71,11
2023-10-07,1012,126,85,94,45,41,49
2023-10-08,1012,135,77,59,40,58,19
2023-10-09,1012,119,94,53,45,25,8
2023-10-10,1012,139,79,51,44,60,7
2023-10-11,1012,130,84,92,44,46,48
2023-10-12,1012,147,74,60,35,73,25
2023-10-13,1012,104,93,100,26,11,74
2023-10-14,1012,149,79,100,39,70,61
2023-10-15,1012,145,55,83,35,90,48
2023-10-16,1012,144,73,58,38,71,20
2023-10-17,1012,131,78,74,38,53,36
2023-10-18,1012,102,74,70,36,28,34
2023-10-19,1012,147,88,60,44,59,16
2023-10-20,1012,130,64,95,42,66,53
2023-10-21,1012,105,84,55,41,21,14
2023-10-22,1012,110,95,59,49,15,10
2023-10-23,1012,130,99,64,46,31,18
2023-10-24,1012,111,91,85,43,20,42
2023-10-25,1012,121,84,71,52,37,19
2023-10-26,1012,118,67,69,36,51,33
2023-10-27,1012,149,83,69,45,66,24
2023-10-28,1012,126,66,55,41,60,14
2023-10-29,1012,125,94,51,35,31,16
2023-10-30,1012,145,77,77,37,68,40
2023-10-31,1012,107,70,100,34,37,66
2023-11-01,1012,134,84,55,38,50,17
2023-11-02,1012,132,88,92,42,44,50
2023-11-03,1012,103,87,60,31,16,29
2023-11-04,1012,114,79,76,37,35,39
2023-11-05,1012,147,85,59,33,62,26
2023-11-06,1012,114,79,61,38,35,23
2023-11-07,1012,110,84,68,55,26,13
2023-11-08,1012,101,60,89,41,41,48
2023-11-09,1012,125,69,52,37,56,15
2023-11-10,1012,109,73,81,33,36,48
2023-11-11,1012,139,73,98,45,66,53
2023-11-12,1012,148,79,65,39,69,26
2023-11-13,1012,145,69,85,39,76,46
2023-11-14,1012,125,71,67,45,54,22
2023-11-15,1012,108,70,91,49,38,42
2023-11-16,1012,115,72,88,31,43,57
2023-11-17,1012,128,77,78,47,51,31
2023-11-18,1012,149,73,71,47,76,24
2023-11-19,1012,104,101,58,45,3,13
2023-11-20,1012,141,67,53,40,74,13
2023-11-21,1012,144,72,53,32,72,21
2023-11-22,1012,103,68,98,42,35,56
2023-11-23,1012,102,90,51,43,12,8
2023-11-24,1012,126,81,100,38,45,62
2023-11-25,1012,108,90,96,44,18,52
2023-11-26,1012,129,80,82,38,49,44
2023-11-27,1012,130,86,72,41,44,31
2023-11-28,1012,147,63,85,37,84,48
2023-11-29,1012,147,82,87,35,65,52
2023-11-30,1012,107,87,65,43,20,22
2023-12-01,1012,102,55,79,42,47,37
2023-12-02,1012,139,74,98,43,65,55
2023-12-03,1012,147,82,86,42,65,44
2023-12-04,1012,140,77,89,41,63,48
2023-12-05,1012,119,83,65,38,36,27
2023-12-06,1012,118,75,100,36,43,64
2023-12-07,1012,138,85,92,27,53,65
2023-12-08,1012,101,75,62,46,26,16
2023-12-09,1012,117,72,65,45,45,20
2023-12-10,1012,108,65,64,37,43,27
2023-12-11,1012,115,82,59,41,33,18
2023-12-12,1012,133,78,80,37,55,43
2023-12-13,1012,103,75,53,34,28,19
2023-12-14,1012,119,72,84,33,47,51
2023-12-15,1012,136,79,51,38,57,13
2023-12-16,1012,107,71,53,45,36,8
2023-12-17,1012,116,82,79,38,34,41
2023-12-18,1012,118,75,84,38,43,46
2023-12-19,1012,100,72,80,39,28,41
2023-12-20,1012,139,72,93,35,67,58
2023-12-21,1012,130,76,54,38,54,16
2023-12-22,1012,148,68,52,45,80,7
2023-12-23,1012,147,69,72,42,78,30
2023-12-24,1012,130,91,87,35,39,52
2023-12-25,1012,129,71,83,41,58,42
2023-12-26,1012,113,69,71,40,44,31
2023-12-27,1012,123,97,91,39,26,52
2023-12-28,1012,114,65,76,39,49,37
2023-12-29,1012,122,99,64,52,23,12
2023-12-30,1012,142,73,99,35,69,64
2023-12-31,1012,147,75,76,32,72,44
2023-01-01,1013,122,74,61,46,48,15
2023-01-02,1013,148,85,77,40,63,37
2023-01-03,1013,121,97,97,41,24,56
2023-01-04,1013,107,74,71,46,33,25
2023-01-05,1013,143,85,56,45,58,11
2023-01-06,1013,149,79,68,44,70,24
2023-01-07,1013,113,89,89,28,24,61
2023-01-08,1013,129,85,56,37,44,19
2023-01-09,1013,109,85,78,42,24,36
2023-01-10,1013,133,64,76,61,69,15
2023-01-11,1013,132,72,87,40,60,47
2023-01-12,1013,113,69,61,37,44,24
2023-01-13,1013,100,81,92,34,19,58
2023-01-14,1013,110,85,54,50,25,4
2023-01-15,1013,148,82,64,40,66,24
2023-01-16,1013,118,84,58,42,34,16
2023-01-17,1013,124,67,59,35,57,24
2023-01-18,1013,106,84,95,31,22,64
2023-01-19,1013,142,98,59,44,44,15
2023-01-20,1013,111,78,69,30,33,39
2023-01-21,1013,123,74,50,44,49,6
2023-01-22,1013,101,83,93,36,18,57
2023-01-23,1013,123,94,52,41,29,11
2023-01-24,1013,116,76,68,38,40,30
2023-01-25,1013,138,85,57,37,53,20
2023-01-26,1013,124,91,88,37,33,51
2023-01-27,1013,130,76,54,43,54,11
2023-01-28,1013,138,82,98,35,56,63
2023-01-29,1013,135,72,89,42,63,47
2023-01-30,1013,146,73,73,38,73,35
2023-01-31,1013,102,86,88,36,16,52
2023-02-01,1013,111,67,60,47,44,13
2023-02-02,1013,103,85,52,35,18,17
2023-02-03,1013,103,91,54,36,12,18
2023-02-04,1013,108,81,94,51,27,43
2023-02-05,1013,121,74,66,42,47,24
2023-02-06,1013,125,67,81,37,58,44
2023-02-07,1013,135,88,82,45,47,37
2023-02-08,1013,133,73,63,32,60,31
2023-02-09,1013,131,77,56,48,54,8
2023-02-10,1013,134,92,70,43,42,27
2023-02-11,1013,102,88,82,38,14,44
2023-02-12,1013,132,66,65,46,66,19
2023-02-13,1013,148,72,66,29,76,37
2023-02-14,1013,142,76,53,44,66,9
2023-02-15,1013,146,76,50,41,70,9
2023-02-16,1013,108,83,98,37,25,61
2023-02-17,1013,140,82,72,41,58,31
2023-02-18,1013,103,74,82,28,29,54
2023-02-19,1013,136,68,73,37,68,36
2023-02-20,1013,105,73,75,42,32,33
2023-02-21,1013,148,95,78,43,53,35
2023-02-22,1013,132,91,59,44,41,15
2023-02-23,1013,131,73,66,34,58,32
2023-02-24,1013,114,93,50,36,21,14
2023-02-25,1013,145,107,77,47,38,30
2023-02-26,1013,138,69,95,35,69,60
2023-02-27,1013,114,67,100,45,47,55
2023-02-28,1013,129,75,50,37,54,13
2023-03-01,1013,118,77,79,35,41,44
2023-03-02,1013,103,90,80,44,13,36
2023-03-03,1013,129,84,61,38,45,23
2023-03-04,1013,143,83,54,41,60,13
2023-03-05,1013,138,63,66,47,75,19
2023-03-06,1013,136,77,92,34,59,58
2023-03-07,1013,143,83,74,37,60,37
2023-03-08,1013,132,76,90,48,56,42
2023-03-09,1013,110,81,77,42,29,35
2023-03-10,1013,147,96,86,41,51,45
2023-03-11,1013,118,92,61,48,26,13
2023-03-12,1013,144,71,96,31,73,65
2023-03-13,1013,149,79,61,40,70,21
2023-03-14,1013,116,77,56,40,39,16
2023-03-15,1013,147,81,84,43,66,41
2023-03-16,1013,114,80,56,47,34,9
2023-03-17,1013,135,89,63,29,46,34
2023-03-18,1013,134,82,95,44,52,51
2023-03-19,1013,128,85,91,38,43,53
2023-03-20,1013,147,74,51,46,73,5
2023-03-21,1013,144,79,51,33,65,18
2023-03-22,1013,103,74,99,52,29,47
2023-03-23,1013,146,75,81,27,71,54
2023-03-24,1013,150,89,80,48,61,32
2023-03-25,1013,145,73,63,26,72,37
2023-03-26,1013,146,80,79,46,66,33
2023-03-27,1013,123,96,67,53,27,14
2023-03-28,1013,110,70,59,43,40,16
2023-03-29,1013,140,77,73,40,63,33
2023-03-30,1013,149,69,53,43,80,10
2023-03-31,1013,146,84,71,48,62,23
2023-04-01,1013,135,73,98,44,62,54
2023-04-02,1013,104,83,56,41,21,15
2023-04-03,1013,114,86,63,38,28,25
2023-04-04,1013,125,90,65,29,35,36
2023-04-05,1013,142,81,80,39,61,41
2023-04-06,1013,130,72,84,29,58,55
2023-04-07,1013,147,72,66,45,75,21
2023-04-08,1013,111,70,88,36,41,52
2023-04-09,1013,106,73,61,45,33,16
2023-04-10,1013,130,97,100,32,33,68
2023-04-11,1013,138,78,73,37,60,36
2023-04-12,1013,133,80,72,44,53,28
2023-04-13,1013,114,76,74,36,38,38
2023-04-14,1013,113,83,85,40,30,45
2023-04-15,1013,128,79,71,44,49,27
2023-04-16,1013,112,72,70,36,40,34
2023-04-17,1013,105,89,75,44,16,31
2023-04-18,1013,133,87,86,43,46,43
2023-04-19,1013,138,76,77,41,62,36
2023-04-20,1013,147,80,73,27,67,46
2023-04-21,1013,114,70,89,42,44,47
2023-04-22,1013,147,93,95,42,54,53
2023-04-23,1013,114,98,75,36,16,39
2023-04-24,1013,143,83,88,46,60,42
2023-04-25,1013,120,70,92,48,50,44
2023-04-26,1013,104,80,88,35,24,53
2023-04-27,1013,135,78,76,32,57,44
2023-04-28,1013,148,74,53,43,74,10
2023-04-29,1013,148,76,56,38,72,18
2023-04-30,1013,146,70,70,42,76,28
2023-05-01,1013,124,73,100,36,51,64
2023-05-02,1013,141,88,89,55,53,34
2023-05-03,1013,132,82,94,39,50,55
2023-05-04,1013,102,92,98,40,10,58
2023-05-05,1013,135,88,89,50,47,39
2023-05-06,1013,131,69,98,43,62,55
2023-05-07,1013,112,87,97,43,25,54
2023-05-08,1013,136,80,99,30,56,69
2023-05-09,1013,104,87,85,36,17,49
2023-05-10,1013,140,76,68,31,64,37
2023-05-11,1013,142,72,88,45,70,43
2023-05-12,1013,132,90,84,37,42,47
2023-05-13,1013,103,75,51,44,28,7
2023-05-14,1013,100,86,94,43,14,51
2023-05-15,1013,121,69,83,42,52,41
2023-05-16,1013,138,81,79,45,57,34
2023-05-17,1013,102,84,78,47,18,31
2023-05-18,1013,146,85,68,35,61,33
2023-05-19,1013,104,75,71,31,29,40
2023-05-20,1013,109,84,74,53,25,21
2023-05-21,1013,115,91,98,43,24,55
2023-05-22,1013,150,60,57,37,90,20
2023-05-23,1013,116,86,77,38,30,39
2023-05-24,1013,129,88,65,39,41,26
2023-05-25,1013,112,88,61,39,24,22
2023-05-26,1013,123,84,79,30,39,49
2023-05-27,1013,143,68,64,34,75,30
2023-05-28,1013,146,79,51,42,67,9
2023-05-29,1013,147,73,69,32,74,37
2023-05-30,1013,124,89,99,43,35,56
2023-05-31,1013,104,84,93,39,20,54
2023-06-01,1013,134,71,50,46,63,4
2023-06-02,1013,145,82,78,38,63,40
2023-06-03,1013,132,81,100,30,51,70
2023-06-04,1013,134,98,90,39,36,51
2023-06-05,1013,150,67,91,37,83,54
2023-06-06,1013,115,73,78,55,42,23
2023-06-07,1013,103,78,58,37,25,21
2023-06-08,1013,106,75,72,40,31,32
2023-06-09,1013,138,81,75,38,57,37
2023-06-10,1013,147,79,76,44,68,32
2023-06-11,1013,142,85,59,44,57,15
2023-06-12,1013,111,89,80,37,22,43
2023-06-13,1013,122,72,95,43,50,52
2023-06-14,1013,101,71,93,35,30,58
2023-06-15,1013,135,83,81,36,52,45
2023-06-16,1013,134,90,96,39,44,57
2023-06-17,1013,140,88,74,50,52,24
2023-06-18,1013,121,89,98,43,32,55
2023-06-19,1013,128,63,91,27,65,64
2023-06-20,1013,136,73,93,41,63,52
2023-06-21,1013,148,91,65,40,57,25
2023-06-22,1013,104,80,60,34,24,26
2023-06-23,1013,137,96,68,51,41,17
2023-06-24,1013,129,93,77,43,36,34
2023-06-25,1013,102,76,84,40,26,44
2023-06-26,1013,100,79,100,41,21,59
2023-06-27,1013,134,66,75,36,68,39
2023-06-28,1013,137,76,94,34,61,60
2023-06-29,1013,114,82,81,31,32,50
2023-06-30,1013,119,66,52,42,53,10
2023-07-01,1013,110,84,77,31,26,46
2023-07-02,1013,131,66,94,39,65,55
2023-07-03,1013,140,77,87,40,63,47
2023-07-04,1013,132,68,68,37,64,31
2023-07-05,1013,101,52,50,39,49,11
2023-07-06,1013,131,77,89,39,54,50
2023-07-07,1013,115,72,52,38,43,14
2023-07-08,1013,110,79,69,29,31,40
2023-07-09,1013,118,105,50,48,13,2
2023-07-10,1013,145,92,59,42,53,17
2023-07-11,1013,135,83,86,39,52,47
2023-07-12,1013,136,99,84,49,37,35
2023-07-13,1013,126,74,90,42,52,48
2023-07-14,1013,147,94,95,38,53,57
2023-07-15,1013,115,73,57,34,42,23
2023-07-16,1013,101,77,64,31,24,33
2023-07-17,1013,141,76,86,43,65,43
2023-07-18,1013,149,82,81,49,67,32
2023-07-19,1013,118,67,70,44,51,26
2023-07-20,1013,128,80,85,34,48,51
2023-07-21,1013,115,84,86,49,31,37
2023-07-22,1013,111,82,61,28,29,33
2023-07-23,1013,100,75,100,35,25,65
2023-07-24,1013,132,83,59,39,49,20
2023-07-25,1013,115,76,60,37,39,23
2023-07-26,1013,138,77,57,35,61,22
2023-07-27,1013,143,78,63,38,65,25
2023-07-28,1013,123,72,82,36,51,46
2023-07-29,1013,149,80,84,43,69,41
2023-07-30,1013,101,77,79,27,24,52
2023-07-31,1013,144,84,71,40,60,31
2023-08-01,1013,101,82,74,39,19,35
2023-08-02,1013,134,80,65,29,54,36
2023-08-03,1013,134,80,97,29,54,68
2023-08-04,1013,135,74,74,44,61,30
2023-08-05,1013,112,80,96,54,32,42
2023-08-06,1013,132,91,76,37,41,39
2023-08-07,1013,146,58,55,39,88,16
2023-08-08,1013,107,88,91,40,19,51
2023-08-09,1013,150,74,94,30,76,64
2023-08-10,1013,131,84,71,46,47,25
2023-08-11,1013,109,80,85,48,29,37
2023-08-12,1013,121,82,97,38,39,59
2023-08-13,1013,123,75,76,39,48,37
2023-08-14,1013,145,70,51,39,75,12
2023-08-15,1013,112,83,67,32,29,35
2023-08-16,1013,135,71,70,36,64,34
2023-08-17,1013,111,77,52,47,34,5
2023-08-18,1013,100,72,71,38,28,33
2023-08-19,1013,107,75,61,40,32,21
2023-08-20,1013,121,85,96,39,36,57
2023-08-21,1013,141,90,99,46,51,53
2023-08-22,1013,102,86,91,37,16,54
2023-08-23,1013,109,95,70,42,14,28
2023-08-24,1013,101,70,100,42,31,58
2023-08-25,1013,114,66,79,44,48,35
2023-08-26,1013,118,77,64,40,41,24
2023-08-27,1013,138,93,84,37,45,47
2023-08-28,1013,126,80,80,34,46,46
2023-08-29,1013,150,86,53,43,64,10
2023-08-30,1013,112,87,60,43,25,17
2023-08-31,1013,144,99,66,36,45,30
2023-09-01,1013,107,68,56,39,39,17
2023-09-02,1013,114,85,83,44,29,39
2023-09-03,1013,125,82,62,39,43,23
2023-09-04,1013,114,87,93,41,27,52
2023-09-05,1013,109,80,71,41,29,30
2023-09-06,1013,109,85,98,40,24,58
2023-09-07,1013,133,85,85,44,48,41
2023-09-08,1013,139,79,63,45,60,18
2023-09-09,1013,125,76,97,35,49,62
2023-09-10,1013,142,86,68,45,56,23
2023-09-11,1013,150,68,72,44,82,28
2023-09-12,1013,113,83,64,35,30,29
2023-09-13,1013,132,82,58,37,50,21
2023-09-14,1013,130,98,72,36,32,36
2023-09-15,1013,145,73,63,36,72,27
2023-09-16,1013,140,71,59,54,69,5
2023-09-17,1013,106,71,81,42,35,39
2023-09-18,1013,108,78,90,40,30,50
2023-09-19,1013,139,74,81,38,65,43
2023-09-20,1013,114,79,71,39,35,32
2023-09-21,1013,119,75,99,32,44,67
2023-09-22,1013,122,87,94,39,35,55
2023-09-23,1013,126,79,53,52,47,1
2023-09-24,1013,145,61,64,33,84,31
2023-09-25,1013,113,95,97,40,18,57
2023-09-26,1013,125,77,99,48,48,51
2023-09-27,1013,133,77,97,41,56,56
2023-09-28,1013,100,78,53,44,22,9
2023-09-29,1013,103,80,87,39,23,48
2023-09-30,1013,115,76,59,39,39,20
2023-10-01,1013,116,97,69,47,19,22
2023-10-02,1013,113,72,69,47,41,22
2023-10-03,1013,123,105,86,40,18,46
2023-10-04,1013,141,74,89,36,67,53
2023-10-05,1013,113,75,90,32,38,58
2023-10-06,1013,113,78,68,47,35,21
2023-10-07,1013,108,88,82,41,20,41
2023-10-08,1013,144,74,58,40,70,18
2023-10-09,1013,112,83,52,36,29,16
2023-10-10,1013,102,72,86,40,30,46
2023-10-11,1013,118,75,64,48,43,16
2023-10-12,1013,135,65,95,38,70,57
2023-10-13,1013,143,88,97,27,55,70
2023-10-14,1013,148,95,67,46,53,21
2023-10-15,1013,147,72,91,34,75,57
2023-10-16,1013,108,62,59,39,46,20
2023-10-17,1013,124,88,50,40,36,10
2023-10-18,1013,114,83,79,44,31,35
2023-10-19,1013,126,78,67,37,48,30
2023-10-20,1013,145,96,99,47,49,52
2023-10-21,1013,135,66,54,42,69,12
2023-10-22,1013,135,76,73,39,59,34
2023-10-23,1013,141,73,75,39,68,36
2023-10-24,1013,134,75,67,39,59,28
2023-10-25,1013,145,73,57,41,72,16
2023-10-26,1013,147,71,93,41,76,52
2023-10-27,1013,143,87,66,37,56,29
2023-10-28,1013,120,90,50,30,30,20
2023-10-29,1013,119,78,81,34,41,47
2023-10-30,1013,100,62,54,52,38,2
2023-10-31,1013,144,83,58,41,61,17
2023-11-01,1013,148,60,64,45,88,19
2023-11-02,1013,141,74,69,44,67,25
2023-11-03,1013,112,98,94,28,14,66
2023-11-04,1013,148,86,76,39,62,37
2023-11-05,1013,146,71,68,47,75,21
2023-11-06,1013,111,88,96,54,23,42
2023-11-07,1013,145,77,67,35,68,32
2023-11-08,1013,149,71,94,41,78,53
2023-11-09,1013,122,90,57,44,32,13
2023-11-10,1013,109,84,92,32,25,60
2023-11-11,1013,115,85,62,36,30,26
2023-11-12,1013,129,77,96,34,52,62
2023-11-13,1013,143,87,78,26,56,52
2023-11-14,1013,133,92,93,38,41,55
2023-11-15,1013,124,84,64,33,40,31
2023-11-16,1013,129,96,58,43,33,15
2023-11-17,1013,137,83,51,45,54,6
2023-11-18,1013,118,82,53,53,36,0
2023-11-19,1013,102,78,57,48,24,9
2023-11-20,1013,114,85,78,44,29,34
2023-11-21,1013,127,74,67,48,53,19
2023-11-22,1013,115,96,52,41,19,11
2023-11-23,1013,121,85,50,42,36,8
2023-11-24,1013,110,89,56,44,21,12
2023-11-25,1013,111,73,74,51,38,23
2023-11-26,1013,122,78,59,40,44,19
2023-11-27,1013,131,72,88,49,59,39
2023-11-28,1013,117,75,71,49,42,22
2023-11-29,1013,139,76,83,29,63,54
2023-11-30,1013,143,83,79,38,60,41
2023-12-01,1013,101,93,98,41,8,57
2023-12-02,1013,110,79,84,45,31,39
2023-12-03,1013,119,76,88,40,43,48
2023-12-04,1013,141,94,91,30,47,61
2023-12-05,1013,133,79,63,41,54,22
2023-12-06,1013,147,76,89,40,71,49
2023-12-07,1013,136,87,61,49,49,12
2023-12-08,1013,111,80,83,38,31,45
2023-12-09,1013,107,74,94,36,33,58
2023-12-10,1013,145,78,83,30,67,53
2023-12-11,1013,138,78,65,28,60,37
2023-12-12,1013,114,74,50,53,40,-3
2023-12-13,1013,135,73,96,40,62,56
2023-12-14,1013,140,90,69,27,50,42
2023-12-15,1013,148,84,85,36,64,49
2023-12-16,1013,124,73,83,42,51,41
2023-12-17,1013,108,79,58,50,29,8
2023-12-18,1013,113,82,88,45,31,43
2023-12-19,1013,130,76,100,33,54,67
2023-12-20,1013,127,89,84,53,38,31
2023-12-21,1013,114,81,65,41,33,24
2023-12-22,1013,109,90,71,39,19,32
2023-12-23,1013,104,76,70,44,28,26
2023-12-24,1013,116,87,78,35,29,43
2023-12-25,1013,115,77,93,42,38,51
2023-12-26,1013,148,87,67,40,61,27
2023-12-27,1013,108,82,59,43,26,16
2023-12-28,1013,118,82,76,39,36,37
2023-12-29,1013,100,77,59,36,23,23
2023-12-30,1013,130,68,54,44,62,10
2023-12-31,1013,135,67,94,27,68,67
2023-01-01,1014,126,87,70,44,39,26
2023-01-02,1014,137,75,78,39,62,39
2023-01-03,1014,146,73,82,45,73,37
2023-01-04,1014,115,83,76,30,32,46
2023-01-05,1014,134,87,71,50,47,21
2023-01-06,1014,130,85,79,35,45,44
2023-01-07,1014,121,71,62,32,50,30
2023-01-08,1014,128,69,70,43,59,27
2023-01-09,1014,117,101,82,41,16,41
2023-01-10,1014,143,66,75,35,77,40
2023-01-11,1014,106,79,51,43,27,8
2023-01-12,1014,118,80,95,33,38,62
2023-01-13,1014,131,66,50,38,65,12
2023-01-14,1014,114,76,85,42,38,43
2023-01-15,1014,111,72,86,35,39,51
2023-01-16,1014,138,99,75,36,39,39
2023-01-17,1014,127,92,100,37,35,63
2023-01-18,1014,115,74,67,31,41,36
2023-01-19,1014,111,87,62,40,24,22
2023-01-20,1014,131,65,62,37,66,25
2023-01-21,1014,144,75,60,40,69,20
2023-01-22,1014,112,103,71,33,9,38
2023-01-23,1014,114,74,63,42,40,21
2023-01-24,1014,135,92,65,33,43,32
2023-01-25,1014,129,76,61,35,53,26
2023-01-26,1014,105,80,83,47,25,36
2023-01-27,1014,129,71,100,42,58,58
2023-01-28,1014,143,76,80,40,67,40
2023-01-29,1014,116,75,94,48,41,46
2023-01-30,1014,112,73,72,38,39,34
2023-01-31,1014,137,75,81,43,62,38
2023-02-01,1014,138,112,73,46,26,27
2023-02-02,1014,142,83,99,45,59,54
2023-02-03,1014,149,86,52,37,63,15
2023-02-04,1014,139,75,55,33,64,22
2023-02-05,1014,127,74,87,51,53,36
2023-02-06,1014,140,93,59,31,47,28
2023-02-07,1014,106,81,80,35,25,45
2023-02-08,1014,116,86,82,31,30,51
2023-02-09,1014,140,91,71,38,49,33
2023-02-10,1014,124,81,55,51,43,4
2023-02-11,1014,141,79,72,54,62,18
2023-02-12,1014,108,66,68,32,42,36
2023-02-13,1014,145,87,61,43,58,18
2023-02-14,1014,123,65,100,51,58,49
2023-02-15,1014,121,82,81,43,39,38
2023-02-16,1014,139,75,95,38,64,57
2023-02-17,1014,108,76,55,33,32,22
2023-02-18,1014,133,72,58,25,61,33
2023-02-19,1014,109,79,77,54,30,23
2023-02-20,1014,102,74,55,29,28,26
2023-02-21,1014,128,81,79,34,47,45
2023-02-22,1014,145,74,60,46,71,14
2023-02-23,1014,123,81,84,38,42,46
2023-02-24,1014,108,79,60,36,29,24
2023-02-25,1014,140,85,75,38,55,37
2023-02-26,1014,146,85,52,46,61,6
2023-02-27,1014,142,69,96,37,73,59
2023-02-28,1014,116,82,75,41,34,34
2023-03-01,1014,116,95,89,39,21,50
2023-03-02,1014,132,98,66,34,34,32
2023-03-03,1014,111,74,78,37,37,41
2023-03-04,1014,128,82,55,43,46,12
2023-03-05,1014,117,65,59,39,52,20
2023-03-06,1014,119,79,69,38,40,31
2023-03-07,1014,136,87,95,35,49,60
2023-03-08,1014,116,75,99,53,41,46
2023-03-09,1014,121,86,61,46,35,15
2023-03-10,1014,132,79,88,39,53,49
2023-03-11,1014,114,81,72,50,33,22
2023-03-12,1014,102,72,64,44,30,20
2023-03-13,1014,138,85,93,52,53,41
2023-03-14,1014,113,85,55,42,28,13
2023-03-15,1014,135,94,62,45,41,17
2023-03-16,1014,119,89,55,37,30,18
2023-03-17,1014,117,93,59,44,24,15
2023-03-18,1014,143,82,59,39,61,20
2023-03-19,1014,105,77,56,40,28,16
2023-03-20,1014,117,60,99,40,57,59
2023-03-21,1014,115,95,84,54,20,30
2023-03-22,1014,137,69,97,47,68,50
2023-03-23,1014,127,72,62,33,55,29
2023-03-24,1014,107,66,81,41,41,40
2023-03-25,1014,138,75,81,40,63,41
2023-03-26,1014,138,87,73,45,51,28
2023-03-27,1014,140,89,99,31,51,68
2023-03-28,1014,100,86,67,34,14,33
2023-03-29,1014,138,85,86,45,53,41
2023-03-30,1014,103,82,58,52,21,6
2023-03-31,1014,103,89,71,40,14,31
2023-04-01,1014,114,85,84,45,29,39
2023-04-02,1014,132,80,95,44,52,51
2023-04-03,1014,143,84,83,47,59,36
2023-04-04,1014,105,83,97,40,22,57
2023-04-05,1014,107,102,78,42,5,36
2023-04-06,1014,116,87,80,41,29,39
2023-04-07,1014,135,86,65,46,49,19
2023-04-08,1014,115,79,93,39,36,54
2023-04-09,1014,114,81,84,34,33,50
2023-04-10,1014,128,74,51,31,54,20
2023-04-11,1014,118,58,76,29,60,47
2023-04-12,1014,120,66,95,43,54,52
2023-04-13,1014,135,91,82,31,44,51
2023-04-14,1014,108,86,58,41,22,17
2023-04-15,1014,145,97,50,41,48,9
2023-04-16,1014,129,93,73,38,36,35
2023-04-17,1014,141,77,70,47,64,23
2023-04-18,1014,149,62,75,49,87,26
2023-04-19,1014,121,77,76,38,44,38
2023-04-20,1014,131,84,56,35,47,21
2023-04-21,1014,144,83,68,33,61,35
2023-04-22,1014,106,89,97,36,17,61
2023-04-23,1014,147,84,88,40,63,48
2023-04-24,1014,130,84,64,42,46,22
2023-04-25,1014,127,82,89,40,45,49
2023-04-26,1014,138,77,72,42,61,30
2023-04-27,1014,106,63,82,49,43,33
2023-04-28,1014,121,79,55,42,42,13
2023-04-29,1014,135,74,91,40,61,51
2023-04-30,1014,112,70,67,40,42,27
2023-05-01,1014,127,83,99,35,44,64
2023-05-02,1014,146,88,57,47,58,10
2023-05-03,1014,104,74,99,45,30,54
2023-05-04,1014,137,77,72,43,60,29
2023-05-05,1014,145,104,51,36,41,15
2023-05-06,1014,149,75,52,34,74,18
2023-05-07,1014,125,84,82,43,41,39
2023-05-08,1014,100,76,99,42,24,57
2023-05-09,1014,110,74,82,34,36,48
2023-05-10,1014,121,91,96,30,30,66
2023-05-11,1014,118,93,73,40,25,33
2023-05-12,1014,142,81,51,31,61,20
2023-05-13,1014,133,67,82,28,66,54
2023-05-14,1014,103,73,57,47,30,10
2023-05-15,1014,130,83,64,40,47,24
2023-05-16,1014,121,77,93,39,44,54
2023-05-17,1014,146,84,85,43,62,42
2023-05-18,1014,116,85,52,41,31,11
2023-05-19,1014,103,90,91,51,13,40
2023-05-20,1014,144,88,84,41,56,43
2023-05-21,1014,101,93,93,52,8,41
2023-05-22,1014,106,79,95,46,27,49
2023-05-23,1014,142,67,69,32,75,37
2023-05-24,1014,149,62,78,49,87,29
2023-05-25,1014,148,88,100,31,60,69
2023-05-26,1014,142,85,55,31,57,24
2023-05-27,1014,103,72,55,33,31,22
2023-05-28,1014,117,97,86,45,20,41
2023-05-29,1014,131,79,95,38,52,57
2023-05-30,1014,138,82,51,32,56,19
2023-05-31,1014,107,77,56,38,30,18
2023-06-01,1014,108,82,77,44,26,33
2023-06-02,1014,116,87,94,51,29,43
2023-06-03,1014,146,80,63,41,66,22
2023-06-04,1014,100,68,97,45,32,52
2023-06-05,1014,146,69,98,40,77,58
2023-06-06,1014,146,80,53,34,66,19
2023-06-07,1014,134,77,100,38,57,62
2023-06-08,1014,126,75,62,41,51,21
2023-06-09,1014,147,86,91,37,61,54
2023-06-10,1014,144,78,51,40,66,11
2023-06-11,1014,126,79,91,51,47,40
2023-06-12,1014,113,76,73,36,37,37
2023-06-13,1014,122,68,84,39,54,45
2023-06-14,1014,126,76,81,34,50,47
2023-06-15,1014,111,87,71,32,24,39
2023-06-16,1014,131,96,53,40,35,13
2023-06-17,1014,101,64,77,39,37,38
2023-06-18,1014,145,83,70,47,62,23
2023-06-19,1014,107,84,65,41,23,24
2023-06-20,1014,118,76,92,52,42,40
2023-06-21,1014,141,96,63,38,45,25
2023-06-22,1014,101,79,91,41,22,50
2023-06-23,1014,141,95,54,35,46,19
2023-06-24,1014,110,78,91,32,32,59
2023-06-25,1014,105,72,52,43,33,9
2023-06-26,1014,120,70,86,54,50,32
2023-06-27,1014,106,66,98,37,40,61
2023-06-28,1014,144,81,65,45,63,20
2023-06-29,1014,109,87,60,43,22,17
2023-06-30,1014,147,78,86,37,69,49
2023-07-01,1014,107,92,100,50,15,50
2023-07-02,1014,110,83,63,31,27,32
2023-07-03,1014,116,79,100,29,37,71
2023-07-04,1014,106,90,65,35,16,30
2023-07-05,1014,102,77,96,31,25,65
2023-07-06,1014,119,79,51,35,40,16
2023-07-07,1014,127,68,74,46,59,28
2023-07-08,1014,150,81,87,29,69,58
2023-07-09,1014,118,94,58,46,24,12
2023-07-10,1014,148,84,56,38,64,18
2023-07-11,1014,133,71,52,31,62,21
2023-07-12,1014,145,74,76,40,71,36
2023-07-13,1014,130,76,82,42,54,40
2023-07-14,1014,104,73,73,40,31,33
2023-07-15,1014,106,77,76,49,29,27
2023-07-16,1014,131,71,52,27,60,25
2023-07-17,1014,125,66,69,46,59,23
2023-07-18,1014,112,63,76,51,49,25
2023-07-19,1014,106,79,94,57,27,37
2023-07-20,1014,133,82,76,26,51,50
2023-07-21,1014,113,75,97,37,38,60
2023-07-22,1014,133,101,64,37,32,27
2023-07-23,1014,103,92,95,39,11,56
2023-07-24,1014,104,61,75,47,43,28
2023-07-25,1014,117,90,77,46,27,31
2023-07-26,1014,122,74,88,34,48,54
2023-07-27,1014,114,89,59,46,25,13
2023-07-28,1014,144,78,62,34,66,28
2023-07-29,1014,127,87,57,55,40,2
2023-07-30,1014,129,88,98,36,41,62
2023-07-31,1014,136,103,62,27,33,35
2023-08-01,1014,150,84,75,38,66,37
2023-08-02,1014,128,91,53,39,37,14
2023-08-03,1014,110,85,68,38,25,30
2023-08-04,1014,143,76,63,36,67,27
2023-08-05,1014,125,74,96,26,51,70
2023-08-06,1014,146,93,91,53,53,38
2023-08-07,1014,145,66,91,41,79,50
2023-08-08,1014,135,76,98,36,59,62
2023-08-09,1014,115,92,90,30,23,60
2023-08-10,1014,138,85,95,38,53,57
2023-08-11,1014,146,76,59,42,70,17
2023-08-12,1014,123,80,68,48,43,20
2023-08-13,1014,142,69,75,44,73,31
2023-08-14,1014,147,93,63,46,54,17
2023-08-15,1014,105,92,89,38,13,51
2023-08-16,1014,136,71,96,36,65,60
2023-08-17,1014,101,67,77,46,34,31
2023-08-18,1014,117,67,95,33,50,62
2023-08-19,1014,102,88,86,49,14,37
2023-08-20,1014,141,85,85,39,56,46
2023-08-21,1014,112,75,83,40,37,43
2023-08-22,1014,107,66,72,48,41,24
2023-08-23,1014,101,78,67,36,23,31
2023-08-24,1014,114,67,51,45,47,6
2023-08-25,1014,143,69,51,32,74,19
2023-08-26,1014,127,80,75,42,47,33
2023-08-27,1014,145,78,82,43,67,39
2023-08-28,1014,118,66,68,41,52,27
2023-08-29,1014,124,76,89,45,48,44
2023-08-30,1014,109,94,60,35,15,25
2023-08-31,1014,133,73,89,34,60,55
2023-09-01,1014,103,85,57,50,18,7
2023-09-02,1014,138,101,97,45,37,52
2023-09-03,1014,115,71,87,39,44,48
2023-09-04,1014,140,82,68,50,58,18
2023-09-05,1014,139,85,54,39,54,15
2023-09-06,1014,110,83,78,62,27,16
2023-09-07,1014,111,92,84,51,19,33
2023-09-08,1014,100,68,70,41,32,29
2023-09-09,1014,103,74,82,46,29,36
2023-09-10,1014,145,87,88,56,58,32
2023-09-11,1014,126,96,66,41,30,25
2023-09-12,1014,113,73,50,43,40,7
2023-09-13,1014,121,73,75,41,48,34
2023-09-14,1014,111,86,65,31,25,34
2023-09-15,1014,111,82,56,37,29,19
2023-09-16,1014,131,74,60,29,57,31
2023-09-17,1014,112,90,98,44,22,54
2023-09-18,1014,113,79,79,49,34,30
2023-09-19,1014,144,73,100,51,71,49
2023-09-20,1014,117,86,86,39,31,47
2023-09-21,1014,148,78,52,35,70,17
2023-09-22,1014,123,85,54,35,38,19
2023-09-23,1014,147,100,76,40,47,36
2023-09-24,1014,118,69,50,33,49,17
2023-09-25,1014,146,71,96,38,75,58
2023-09-26,1014,102,80,57,46,22,11
2023-09-27,1014,136,75,58,37,61,21
2023-09-28,1014,116,79,87,39,37,48
2023-09-29,1014,131,92,51,46,39,5
2023-09-30,1014,102,70,83,40,32,43
2023-10-01,1014,146,75,87,36,71,51
2023-10-02,1014,134,78,70,44,56,26
2023-10-03,1014,133,93,82,33,40,49
2023-10-04,1014,145,86,76,30,59,46
2023-10-05,1014,101,78,94,34,23,60
2023-10-06,1014,136,80,100,40,56,60
2023-10-07,1014,123,85,90,41,38,49
2023-10-08,1014,129,78,85,44,51,41
2023-10-09,1014,135,84,93,28,51,65
2023-10-10,1014,101,91,61,41,10,20
2023-10-11,1014,138,85,78,39,53,39
2023-10-12,1014,145,74,100,36,71,64
2023-10-13,1014,150,74,93,40,76,53
2023-10-14,1014,135,79,94,36,56,58
2023-10-15,1014,121,69,89,37,52,52
2023-10-16,1014,105,83,85,44,22,41
2023-10-17,1014,134,89,96,34,45,62
2023-10-18,1014,110,79,60,44,31,16
2023-10-19,1014,125,90,100,40,35,60
2023-10-20,1014,117,84,61,49,33,12
2023-10-21,1014,135,65,63,43,70,20
2023-10-22,1014,147,103,77,40,44,37
2023-10-23,1014,102,70,61,54,32,7
2023-10-24,1014,142,59,72,33,83,39
2023-10-25,1014,146,81,65,41,65,24
2023-10-26,1014,140,75,75,34,65,41
2023-10-27,1014,147,95,84,41,52,43
2023-10-28,1014,126,73,72,42,53,30
2023-10-29,1014,113,99,50,41,14,9
2023-10-30,1014,139,75,55,53,64,2
2023-10-31,1014,100,75,94,37,25,57
2023-11-01,1014,120,79,84,36,41,48
2023-11-02,1014,141,73,78,37,68,41
2023-11-03,1014,142,101,68,45,41,23
2023-11-04,1014,117,95,82,45,22,37
2023-11-05,1014,102,68,94,38,34,56
2023-11-06,1014,147,89,80,39,58,41
2023-11-07,1014,142,71,78,52,71,26
2023-11-08,1014,132,84,84,32,48,52
2023-11-09,1014,134,90,91,42,44,49
2023-11-10,1014,112,81,89,38,31,51
2023-11-11,1014,121,88,68,34,33,34
2023-11-12,1014,142,79,83,42,63,41
2023-11-13,1014,136,79,100,49,57,51
2023-11-14,1014,140,84,60,45,56,15
2023-11-15,1014,136,84,85,45,52,40
2023-11-16,1014,147,77,100,30,70,70
2023-11-17,1014,136,87,53,51,49,2
2023-11-18,1014,110,83,54,39,27,15
2023-11-19,1014,132,78,51,40,54,11
2023-11-20,1014,140,83,86,35,57,51
2023-11-21,1014,107,84,83,29,23,54
2023-11-22,1014,137,87,66,27,50,39
2023-11-23,1014,146,91,94,32,55,62
2023-11-24,1014,116,85,75,44,31,31
2023-11-25,1014,132,95,74,46,37,28
2023-11-26,1014,147,96,89,38,51,51
2023-11-27,1014,127,94,81,44,33,37
2023-11-28,1014,109,70,83,48,39,35
2023-11-29,1014,103,81,91,35,22,56
2023-11-30,1014,107,70,59,38,37,21
2023-12-01,1014,140,78,69,28,62,41
2023-12-02,1014,137,67,94,43,70,51
2023-12-03,1014,125,66,75,45,59,30
2023-12-04,1014,144,89,83,36,55,47
2023-12-05,1014,118,90,74,36,28,38
2023-12-06,1014,101,97,71,44,4,27
2023-12-07,1014,113,73,96,43,40,53
2023-12-08,1014,105,85,55,35,20,20
2023-12-09,1014,138,63,55,32,75,23
2023-12-10,1014,145,76,61,41,69,20
2023-12-11,1014,132,72,73,36,60,37
2023-12-12,1014,132,96,98,35,36,63
2023-12-13,1014,143,77,68,46,66,22
2023-12-14,1014,142,69,96,33,73,63
2023-12-15,1014,131,79,89,40,52,49
2023-12-16,1014,129,73,91,40,56,51
2023-12-17,1014,133,80,65,41,53,24
2023-12-18,1014,133,61,61,39,72,22
2023-12-19,1014,145,70,56,39,75,17
2023-12-20,1014,110,75,64,44,35,20
2023-12-21,1014,108,88,72,34,20,38
2023-12-22,1014,126,88,85,33,38,52
2023-12-23,1014,126,89,78,37,37,41
2023-12-24,1014,131,77,81,45,54,36
2023-12-25,1014,105,92,79,49,13,30
2023-12-26,1014,125,76,73,37,49,36
2023-12-27,1014,135,81,85,44,54,41
2023-12-28,1014,102,79,81,39,23,42
2023-12-29,1014,128,87,79,33,41,46
2023-12-30,1014,136,60,62,19,76,43
2023-12-31,1014,107,76,65,41,31,24
2023-01-01,1015,126,84,92,35,42,57
2023-01-02,1015,122,79,70,40,43,30
2023-01-03,1015,129,74,88,55,55,33
2023-01-04,1015,114,77,79,49,37,30
2023-01-05,1015,117,81,95,38,36,57
2023-01-06,1015,122,67,63,43,55,20
2023-01-07,1015,107,92,94,39,15,55
2023-01-08,1015,122,73,83,33,49,50
2023-01-09,1015,100,79,59,39,21,20
2023-01-10,1015,130,74,54,48,56,6
2023-01-11,1015,132,87,75,45,45,30
2023-01-12,1015,114,93,98,35,21,63
2023-01-13,1015,122,84,63,42,38,21
2023-01-14,1015,131,86,87,47,45,40
2023-01-15,1015,127,90,66,33,37,33
2023-01-16,1015,107,68,100,33,39,67
2023-01-17,1015,144,63,80,33,81,47
2023-01-18,1015,127,94,50,30,33,20
2023-01-19,1015,150,78,77,42,72,35
2023-01-20,1015,143,76,94,41,67,53
2023-01-21,1015,129,75,90,40,54,50
2023-01-22,1015,108,72,78,37,36,41
2023-01-23,1015,139,55,70,51,84,19
2023-01-24,1015,107,94,64,39,13,25
2023-01-25,1015,127,77,89,51,50,38
2023-01-26,1015,120,83,53,45,37,8
2023-01-27,1015,123,71,98,34,52,64
2023-01-28,1015,136,99,99,40,37,59
2023-01-29,1015,146,69,96,49,77,47
2023-01-30,1015,144,77,68,43,67,25
2023-01-31,1015,101,70,88,36,31,52
2023-02-01,1015,103,71,51,47,32,4
2023-02-02,1015,111,91,50,39,20,11
2023-02-03,1015,106,74,78,32,32,46
2023-02-04,1015,107,65,54,46,42,8
2023-02-05,1015,109,83,93,44,26,49
2023-02-06,1015,139,89,98,34,50,64
2023-02-07,1015,150,96,97,38,54,59
2023-02-08,1015,124,79,85,53,45,32
2023-02-09,1015,115,78,98,52,37,46
2023-02-10,1015,147,85,56,32,62,24
2023-02-11,1015,102,81,79,45,21,34
2023-02-12,1015,143,87,80,52,56,28
2023-02-13,1015,132,89,50,38,43,12
2023-02-14,1015,108,81,64,38,27,26
2023-02-15,1015,125,76,81,37,49,44
2023-02-16,1015,133,102,70,52,31,18
2023-02-17,1015,128,63,62,42,65,20
2023-02-18,1015,105,68,70,47,37,23
2023-02-19,1015,100,104,99,40,-4,59
2023-02-20,1015,145,79,65,34,66,31
2023-02-21,1015,100,70,83,45,30,38
2023-02-22,1015,124,84,62,34,40,28
2023-02-23,1015,102,87,61,44,15,17
2023-02-24,1015,148,79,67,39,69,28
2023-02-25,1015,105,83,90,37,22,53
2023-02-26,1015,128,92,80,25,36,55
2023-02-27,1015,138,73,58,38,65,20
2023-02-28,1015,150,88,86,38,62,48
2023-03-01,1015,109,72,50,57,37,-7
2023-03-02,1015,110,82,77,38,28,39
2023-03-03,1015,129,74,67,30,55,37
2023-03-04,1015,103,78,67,40,25,27
2023-03-05,1015,127,81,54,32,46,22
2023-03-06,1015,124,82,98,39,42,59
2023-03-07,1015,143,80,64,34,63,30
2023-03-08,1015,138,70,61,48,68,13
2023-03-09,1015,108,92,100,31,16,69
2023-03-10,1015,117,85,56,33,32,23
2023-03-11,1015,149,83,68,33,66,35
2023-03-12,1015,142,65,86,36,77,50
2023-03-13,1015,125,71,73,35,54,38
2023-03-14,1015,127,88,99,50,39,49
2023-03-15,1015,123,85,75,36,38,39
2023-03-16,1015,108,83,86,39,25,47
2023-03-17,1015,108,91,85,41,17,44
2023-03-18,1015,140,77,90,43,63,47
2023-03-19,1015,106,74,54,32,32,22
2023-03-20,1015,110,82,66,43,28,23
2023-03-21,1015,150,77,76,36,73,40
2023-03-22,1015,121,90,71,33,31,38
2023-03-23,1015,121,75,51,46,46,5
2023-03-24,1015,138,80,70,33,58,37
2023-03-25,1015,125,67,75,52,58,23
2023-03-26,1015,134,97,89,34,37,55
2023-03-27,1015,112,83,61,41,29,20
2023-03-28,1015,129,88,55,51,41,4
2023-03-29,1015,118,87,58,46,31,12
2023-03-30,1015,114,60,54,42,54,12
2023-03-31,1015,117,76,86,46,41,40
2023-04-01,1015,139,70,56,31,69,25
2023-04-02,1015,128,89,61,39,39,22
2023-04-03,1015,112,85,54,45,27,9
2023-04-04,1015,129,77,83,34,52,49
2023-04-05,1015,133,69,65,41,64,24
2023-04-06,1015,117,61,53,30,56,23
2023-04-07,1015,129,61,60,39,68,21
2023-04-08,1015,142,82,66,47,60,19
2023-04-09,1015,113,79,63,29,34,34
2023-04-10,1015,143,80,61,34,63,27
2023-04-11,1015,143,61,94,47,82,47
2023-04-12,1015,141,72,54,50,69,4
2023-04-13,1015,112,72,77,32,40,45
2023-04-14,1015,146,63,82,40,83,42
2023-04-15,1015,121,92,60,47,29,13
2023-04-16,1015,137,86,67,37,51,30
2023-04-17,1015,100,70,62,36,30,26
2023-04-18,1015,122,78,90,36,44,54
2023-04-19,1015,135,82,51,30,53,21
2023-04-20,1015,115,76,95,31,39,64
2023-04-21,1015,111,80,83,41,31,42
2023-04-22,1015,108,61,53,31,47,22
2023-04-23,1015,108,88,63,39,20,24
2023-04-24,1015,126,74,67,48,52,19
2023-04-25,1015,119,73,80,48,46,32
2023-04-26,1015,118,82,52,33,36,19
2023-04-27,1015,144,76,83,37,68,46
2023-04-28,1015,142,86,54,39,56,15
2023-04-29,1015,149,89,57,28,60,29
2023-04-30,1015,133,75,72,41,58,31
2023-05-01,1015,147,88,84,63,59,21
2023-05-02,1015,111,80,100,41,31,59
2023-05-03,1015,106,83,50,43,23,7
2023-05-04,1015,144,87,57,39,57,18
2023-05-05,1015,135,61,94,41,74,53
2023-05-06,1015,127,79,72,39,48,33
2023-05-07,1015,122,84,99,47,38,52
2023-05-08,1015,125,73,72,40,52,32
2023-05-09,1015,116,74,99,39,42,60
2023-05-10,1015,107,82,86,35,25,51
2023-05-11,1015,134,72,50,56,62,-6
2023-05-12,1015,122,75,59,47,47,12
2023-05-13,1015,144,86,75,43,58,32
2023-05-14,1015,113,85,92,25,28,67
2023-05-15,1015,142,75,50,36,67,14
2023-05-16,1015,131,91,53,38,40,15
2023-05-17,1015,139,71,100,33,68,67
2023-05-18,1015,150,77,84,34,73,50
2023-05-19,1015,116,81,77,46,35,31
2023-05-20,1015,142,84,55,35,58,20
2023-05-21,1015,116,80,66,39,36,27
2023-05-22,1015,128,87,52,44,41,8
2023-05-23,1015,136,84,52,35,52,17
2023-05-24,1015,142,79,88,47,63,41
2023-05-25,1015,108,73,83,37,35,46
2023-05-26,1015,119,70,94,45,49,49
2023-05-27,1015,141,84,89,37,57,52
2023-05-28,1015,118,67,97,28,51,69
2023-05-29,1015,117,76,73,51,41,22
2023-05-30,1015,109,84,65,44,25,21
2023-05-31,1015,105,100,81,54,5,27
2023-06-01,1015,140,80,62,59,60,3
2023-06-02,1015,110,74,50,34,36,16
2023-06-03,1015,102,84,54,49,18,5
2023-06-04,1015,143,74,85,40,69,45
2023-06-05,1015,122,87,88,49,35,39
2023-06-06,1015,147,79,58,29,68,29
2023-06-07,1015,134,78,67,41,56,26
2023-06-08,1015,140,82,100,39,58,61
2023-06-09,1015,126,84,94,44,42,50
2023-06-10,1015,114,67,65,53,47,12
2023-06-11,1015,107,71,63,52,36,11
2023-06-12,1015,149,82,90,46,67,44
2023-06-13,1015,129,73,62,43,56,19
2023-06-14,1015,139,83,74,40,56,34
2023-06-15,1015,134,84,60,53,50,7
2023-06-16,1015,128,78,70,44,50,26
2023-06-17,1015,149,65,75,32,84,43
2023-06-18,1015,118,86,54,35,32,19
2023-06-19,1015,145,73,70,39,72,31
2023-06-20,1015,114,69,53,44,45,9
2023-06-21,1015,134,89,99,50,45,49
2023-06-22,1015,122,84,85,43,38,42
2023-06-23,1015,104,89,52,42,15,10
2023-06-24,1015,138,76,70,31,62,39
2023-06-25,1015,107,84,87,26,23,61
2023-06-26,1015,136,74,52,38,62,14
2023-06-27,1015,149,83,62,33,66,29
2023-06-28,1015,115,89,63,44,26,19
2023-06-29,1015,149,79,91,32,70,59
2023-06-30,1015,119,79,88,52,40,36
2023-07-01,1015,119,81,60,34,38,26
2023-07-02,1015,110,89,56,32,21,24
2023-07-03,1015,121,82,86,38,39,48
2023-07-04,1015,116,75,60,42,41,18
2023-07-05,1015,100,78,54,31,22,23
2023-07-06,1015,149,93,71,36,56,35
2023-07-07,1015,126,76,82,43,50,39
2023-07-08,1015,141,98,77,53,43,24
2023-07-09,1015,103,69,94,47,34,47
2023-07-10,1015,101,81,82,40,20,42
2023-07-11,1015,120,78,98,43,42,55
2023-07-12,1015,129,78,76,32,51,44
2023-07-13,1015,147,77,90,42,70,48
2023-07-14,1015,104,67,93,44,37,49
2023-07-15,1015,117,75,94,36,42,58
2023-07-16,1015,138,84,78,42,54,36
2023-07-17,1015,107,88,82,35,19,47
2023-07-18,1015,100,89,89,49,11,40
2023-07-19,1015,119,76,95,35,43,60
2023-07-20,1015,145,75,71,35,70,36
2023-07-21,1015,100,88,71,41,12,30
2023-07-22,1015,107,75,67,34,32,33
2023-07-23,1015,105,84,57,40,21,17
2023-07-24,1015,114,72,64,37,42,27
2023-07-25,1015,145,74,70,39,71,31
2023-07-26,1015,114,72,89,31,42,58
2023-07-27,1015,101,83,56,42,18,14
2023-07-28,1015,134,87,82,40,47,42
2023-07-29,1015,148,77,71,45,71,26
2023-07-30,1015,101,91,78,39,10,39
2023-07-31,1015,144,80,82,34,64,48
2023-08-01,1015,114,84,82,38,30,44
2023-08-02,1015,131,77,90,42,54,48
2023-08-03,1015,131,77,61,41,54,20
2023-08-04,1015,119,92,76,37,27,39
2023-08-05,1015,149,72,67,43,77,24
2023-08-06,1015,150,101,63,43,49,20
2023-08-07,1015,145,74,70,45,71,25
2023-08-08,1015,140,98,58,39,42,19
2023-08-09,1015,131,82,87,37,49,50
2023-08-10,1015,128,81,74,50,47,24
2023-08-11,1015,109,79,74,38,30,36
2023-08-12,1015,113,92,78,38,21,40
2023-08-13,1015,143,92,78,42,51,36
2023-08-14,1015,117,82,56,28,35,28
2023-08-15,1015,110,67,69,45,43,24
2023-08-16,1015,118,85,81,42,33,39
2023-08-17,1015,123,97,82,46,26,36
2023-08-18,1015,137,92,50,49,45,1
2023-08-19,1015,139,68,60,30,71,30
2023-08-20,1015,101,75,82,32,26,50
2023-08-21,1015,104,88,86,38,16,48
2023-08-22,1015,138,72,82,37,66,45
2023-08-23,1015,137,85,79,44,52,35
2023-08-24,1015,127,72,89,43,55,46
2023-08-25,1015,145,78,99,36,67,63
2023-08-26,1015,138,77,85,42,61,43
2023-08-27,1015,140,77,66,41,63,25
2023-08-28,1015,136,81,99,38,55,61
2023-08-29,1015,139,80,75,44,59,31
2023-08-30,1015,123,83,96,49,40,47
2023-08-31,1015,115,81,53,31,34,22
2023-09-01,1015,112,78,59,43,34,16
2023-09-02,1015,116,84,82,45,32,37
2023-09-03,1015,131,71,63,43,60,20
2023-09-04,1015,115,72,95,46,43,49
2023-09-05,1015,145,83,97,51,62,46
2023-09-06,1015,122,85,81,43,37,38
2023-09-07,1015,103,84,87,34,19,53
2023-09-08,1015,148,83,91,45,65,46
2023-09-09,1015,109,81,88,31,28,57
2023-09-10,1015,103,77,76,34,26,42
2023-09-11,1015,111,74,64,42,37,22
2023-09-12,1015,143,86,83,35,57,48
2023-09-13,1015,102,78,77,35,24,42
2023-09-14,1015,115,84,67,37,31,30
2023-09-15,1015,135,76,70,35,59,35
2023-09-16,1015,119,90,60,51,29,9
2023-09-17,1015,140,76,91,39,64,52
2023-09-18,1015,133,87,56,52,46,4
2023-09-19,1015,135,89,50,53,46,-3
2023-09-20,1015,123,82,64,45,41,19
2023-09-21,1015,147,82,67,46,65,21
2023-09-22,1015,145,93,93,41,52,52
2023-09-23,1015,143,84,84,43,59,41
2023-09-24,1015,113,79,84,33,34,51
2023-09-25,1015,112,76,75,47,36,28
2023-09-26,1015,108,92,97,35,16,62
2023-09-27,1015,137,88,93,42,49,51
2023-09-28,1015,141,84,79,42,57,37
2023-09-29,1015,105,71,82,27,34,55
2023-09-30,1015,121,89,91,51,32,40
2023-10-01,1015,148,94,89,48,54,41
2023-10-02,1015,145,91,58,45,54,13
2023-10-03,1015,106,79,75,47,27,28
2023-10-04,1015,144,82,69,42,62,27
2023-10-05,1015,103,90,81,33,13,48
2023-10-06,1015,135,78,50,32,57,18
2023-10-07,1015,121,87,96,35,34,61
2023-10-08,1015,132,80,98,38,52,60
2023-10-09,1015,121,81,81,35,40,46
2023-10-10,1015,113,87,89,42,26,47
2023-10-11,1015,136,94,98,46,42,52
2023-10-12,1015,145,85,74,41,60,33
2023-10-13,1015,100,87,60,43,13,17
2023-10-14,1015,107,76,65,31,31,34
2023-10-15,1015,150,94,65,41,56,24
2023-10-16,1015,139,92,56,37,47,19
2023-10-17,1015,113,78,93,45,35,48
2023-10-18,1015,117,81,66,34,36,32
2023-10-19,1015,115,95,74,37,20,37
2023-10-20,1015,110,90,61,38,20,23
2023-10-21,1015,142,85,94,39,57,55
2023-10-22,1015,123,80,99,34,43,65
2023-10-23,1015,139,81,77,44,58,33
2023-10-24,1015,127,76,87,30,51,57
2023-10-25,1015,116,80,69,44,36,25
2023-10-26,1015,136,86,57,44,50,13
2023-10-27,1015,120,85,83,46,35,37
2023-10-28,1015,109,77,81,45,32,36
2023-10-29,1015,122,80,76,42,42,34
2023-10-30,1015,131,77,80,47,54,33
2023-10-31,1015,129,88,89,42,41,47
2023-11-01,1015,101,70,81,35,31,46
2023-11-02,1015,112,77,56,50,35,6
2023-11-03,1015,141,99,59,50,42,9
2023-11-04,1015,145,75,57,35,70,22
2023-11-05,1015,103,71,60,39,32,21
2023-11-06,1015,119,73,62,43,46,19
2023-11-07,1015,102,76,80,45,26,35
2023-11-08,1015,133,76,58,44,57,14
2023-11-09,1015,140,77,91,41,63,50
2023-11-10,1015,137,69,92,41,68,51
2023-11-11,1015,116,86,80,42,30,38
2023-11-12,1015,112,82,60,37,30,23
2023-11-13,1015,113,83,97,36,30,61
2023-11-14,1015,114,65,54,44,49,10
2023-11-15,1015,128,95,96,38,33,58
2023-11-16,1015,124,84,89,38,40,51
2023-11-17,1015,136,89,99,44,47,55
2023-11-18,1015,130,78,97,45,52,52
2023-11-19,1015,149,85,91,30,64,61
2023-11-20,1015,123,86,55,56,37,-1
2023-11-21,1015,148,82,93,42,66,51
2023-11-22,1015,107,65,75,39,42,36
2023-11-23,1015,113,83,95,38,30,57
2023-11-24,1015,103,69,56,49,34,7
2023-11-25,1015,149,92,60,29,57,31
2023-11-26,1015,107,83,63,34,24,29
2023-11-27,1015,150,74,96,51,76,45
2023-11-28,1015,101,76,67,36,25,31
2023-11-29,1015,129,82,55,45,47,10
2023-11-30,1015,133,70,96,38,63,58
2023-12-01,1015,128,77,100,36,51,64
2023-12-02,1015,135,69,62,40,66,22
2023-12-03,1015,136,67,87,35,69,52
2023-12-04,1015,106,74,62,45,32,17
2023-12-05,1015,122,78,84,46,44,38
2023-12-06,1015,122,89,87,36,33,51
2023-12-07,1015,124,91,91,29,33,62
2023-12-08,1015,120,91,65,43,29,22
2023-12-09,1015,129,74,53,40,55,13
2023-12-10,1015,124,77,75,39,47,36
2023-12-11,1015,117,73,55,42,44,13
2023-12-12,1015,124,79,54,32,45,22
2023-12-13,1015,134,78,71,40,56,31
2023-12-14,1015,111,87,69,35,24,34
2023-12-15,1015,128,66,70,36,62,34
2023-12-16,1015,124,84,87,40,40,47
2023-12-17,1015,103,83,87,46,20,41
2023-12-18,1015,131,71,97,40,60,57
2023-12-19,1015,150,71,66,42,79,24
2023-12-20,1015,105,74,77,40,31,37
2023-12-21,1015,101,74,83,40,27,43
2023-12-22,1015,119,86,80,41,33,39
2023-12-23,1015,136,79,88,37,57,51
2023-12-24,1015,149,62,54,36,87,18
2023-12-25,1015,145,77,94,45,68,49
2023-12-26,1015,136,72,77,51,64,26
2023-12-27,1015,105,69,98,41,36,57
2023-12-28,1015,109,76,60,41,33,19
2023-12-29,1015,110,74,82,48,36,34
2023-12-30,1015,114,86,90,28,28,62
2023-12-31,1015,106,86,60,40,20,20
2023-01-01,1016,120,79,77,30,41,47
2023-01-02,1016,144,81,62,42,63,20
2023-01-03,1016,144,76,69,35,68,34
2023-01-04,1016,137,91,75,29,46,46
2023-01-05,1016,105,72,96,40,33,56
2023-01-06,1016,117,63,55,34,54,21
2023-01-07,1016,136,84,76,49,52,27
2023-01-08,1016,109,73,56,45,36,11
2023-01-09,1016,148,71,99,33,77,66
2023-01-10,1016,139,66,53,37,73,16
2023-01-11,1016,140,75,56,42,65,14
2023-01-12,1016,146,85,88,47,61,41
2023-01-13,1016,117,84,81,42,33,39
2023-01-14,1016,103,55,78,42,48,36
2023-01-15,1016,133,72,86,31,61,55
2023-01-16,1016,103,74,75,35,29,40
2023-01-17,1016,133,66,82,41,67,41
2023-01-18,1016,110,66,82,49,44,33
2023-01-19,1016,146,87,58,43,59,15
2023-01-20,1016,119,80,85,30,39,55
2023-01-21,1016,135,84,70,38,51,32
2023-01-22,1016,150,82,87,35,68,52
2023-01-23,1016,143,82,89,32,61,57
2023-01-24,1016,128,88,98,51,40,47
2023-01-25,1016,129,70,92,42,59,50
2023-01-26,1016,101,85,63,45,16,18
2023-01-27,1016,146,76,58,33,70,25
2023-01-28,1016,101,82,85,32,19,53
2023-01-29,1016,134,82,83,38,52,45
2023-01-30,1016,135,81,52,35,54,17
2023-01-31,1016,142,67,52,49,75,3
2023-02-01,1016,118,107,55,34,11,21
2023-02-02,1016,139,67,70,41,72,29
2023-02-03,1016,121,70,76,29,51,47
2023-02-04,1016,121,80,54,31,41,23
2023-02-05,1016,130,91,80,43,39,37
2023-02-06,1016,112,80,93,41,32,52
2023-02-07,1016,119,81,50,47,38,3
2023-02-08,1016,101,73,72,45,28,27
2023-02-09,1016,121,77,69,45,44,24
2023-02-10,1016,129,75,51,37,54,14
2023-02-11,1016,126,89,62,30,37,32
2023-02-12,1016,127,92,82,50,35,32
2023-02-13,1016,144,89,83,39,55,44
2023-02-14,1016,102,91,92,42,11,50
2023-02-15,1016,105,85,88,43,20,45
2023-02-16,1016,144,73,52,45,71,7
2023-02-17,1016,139,77,74,31,62,43
2023-02-18,1016,106,59,57,44,47,13
2023-02-19,1016,135,66,62,37,69,25
2023-02-20,1016,101,85,97,35,16,62
2023-02-21,1016,143,82,69,33,61,36
2023-02-22,1016,150,87,82,43,63,39
2023-02-23,1016,139,79,99,34,60,65
2023-02-24,1016,128,92,68,56,36,12
2023-02-25,1016,142,94,89,32,48,57
2023-02-26,1016,109,90,77,51,19,26
2023-02-27,1016,150,83,87,41,67,46
2023-02-28,1016,138,78,95,43,60,52
2023-03-01,1016,101,73,82,33,28,49
2023-03-02,1016,123,86,97,41,37,56
2023-03-03,1016,138,84,97,42,54,55
2023-03-04,1016,137,74,57,42,63,15
2023-03-05,1016,126,80,94,42,46,52
2023-03-06,1016,149,87,64,41,62,23
2023-03-07,1016,140,87,66,38,53,28
2023-03-08,1016,100,81,90,41,19,49
2023-03-09,1016,136,74,76,45,62,31
2023-03-10,1016,135,81,88,30,54,58
2023-03-11,1016,108,77,66,37,31,29
2023-03-12,1016,122,72,60,36,50,24
2023-03-13,1016,108,70,86,39,38,47
2023-03-14,1016,142,81,72,39,61,33
2023-03-15,1016,111,72,65,33,39,32
2023-03-16,1016,146,86,100,35,60,65
2023-03-17,1016,137,84,52,36,53,16
2023-03-18,1016,134,80,99,37,54,62
2023-03-19,1016,109,67,88,37,42,51
2023-03-20,1016,120,71,50,48,49,2
2023-03-21,1016,131,81,59,41,50,18
2023-03-22,1016,112,70,99,39,42,60
2023-03-23,1016,116,74,100,35,42,65
2023-03-24,1016,126,63,62,32,63,30
2023-03-25,1016,120,85,69,30,35,39
2023-03-26,1016,149,91,52,42,58,10
2023-03-27,1016,115,77,98,49,38,49
2023-03-28,1016,120,75,93,35,45,58
2023-03-29,1016,139,75,56,35,64,21
2023-03-30,1016,143,84,60,43,59,17
2023-03-31,1016,110,87,70,41,23,29
2023-04-01,1016,129,63,73,39,66,34
2023-04-02,1016,122,86,97,41,36,56
2023-04-03,1016,128,78,62,46,50,16
2023-04-04,1016,122,71,65,52,51,13
2023-04-05,1016,137,63,64,31,74,33
2023-04-06,1016,134,79,78,39,55,39
2023-04-07,1016,131,74,92,42,57,50
2023-04-08,1016,132,81,76,40,51,36
2023-04-09,1016,103,75,66,50,28,16
2023-04-10,1016,124,74,56,39,50,17
2023-04-11,1016,102,78,95,42,24,53
2023-04-12,1016,108,74,86,47,34,39
2023-04-13,1016,123,104,96,39,19,57
2023-04-14,1016,102,86,68,36,16,32
2023-04-15,1016,139,75,75,46,64,29
2023-04-16,1016,132,104,93,44,28,49
2023-04-17,1016,139,102,89,32,37,57
2023-04-18,1016,113,84,91,33,29,58
2023-04-19,1016,144,100,64,45,44,19
2023-04-20,1016,118,82,68,47,36,21
2023-04-21,1016,108,83,50,43,25,7
2023-04-22,1016,149,77,83,33,72,50
2023-04-23,1016,138,79,72,50,59,22
2023-04-24,1016,121,80,68,40,41,28
2023-04-25,1016,119,82,82,30,37,52
2023-04-26,1016,112,81,73,49,31,24
2023-04-27,1016,104,67,83,39,37,44
2023-04-28,1016,127,73,69,44,54,25
2023-04-29,1016,149,78,50,37,71,13
2023-04-30,1016,130,72,54,42,58,12
2023-05-01,1016,150,59,54,48,91,6
2023-05-02,1016,112,70,69,35,42,34
2023-05-03,1016,113,88,90,34,25,56
2023-05-04,1016,125,100,72,37,25,35
2023-05-05,1016,116,70,83,43,46,40
2023-05-06,1016,124,63,98,35,61,63
2023-05-07,1016,119,79,99,39,40,60
2023-05-08,1016,138,74,98,31,64,67
2023-05-09,1016,128,85,89,30,43,59
2023-05-10,1016,140,67,81,38,73,43
2023-05-11,1016,113,77,70,42,36,28
2023-05-12,1016,113,87,57,40,26,17
2023-05-13,1016,103,78,91,37,25,54
2023-05-14,1016,139,93,64,38,46,26
2023-05-15,1016,124,68,55,51,56,4
2023-05-16,1016,133,64,83,40,69,43
2023-05-17,1016,101,83,64,41,18,23
2023-05-18,1016,119,76,98,37,43,61
2023-05-19,1016,144,65,70,32,79,38
2023-05-20,1016,125,67,93,45,58,48
2023-05-21,1016,120,91,73,34,29,39
2023-05-22,1016,123,81,81,48,42,33
2023-05-23,1016,132,72,58,41,60,17
2023-05-24,1016,147,76,93,41,71,52
2023-05-25,1016,137,78,66,35,59,31
2023-05-26,1016,106,88,99,44,18,55
2023-05-27,1016,123,75,99,34,48,65
2023-05-28,1016,150,90,90,45,60,45
2023-05-29,1016,129,74,87,44,55,43
2023-05-30,1016,122,74,62,40,48,22
2023-05-31,1016,112,87,53,41,25,12
2023-06-01,1016,123,89,79,34,34,45
2023-06-02,1016,134,94,98,45,40,53
2023-06-03,1016,129,91,92,32,38,60
2023-06-04,1016,118,95,98,33,23,65
2023-06-05,1016,115,82,73,46,33,27
2023-06-06,1016,105,73,78,36,32,42
2023-06-07,1016,108,89,70,43,19,27
2023-06-08,1016,130,84,54,34,46,20
2023-06-09,1016,120,80,57,29,40,28
2023-06-10,1016,106,71,83,46,35,37
2023-06-11,1016,114,75,99,38,39,61
2023-06-12,1016,112,78,90,44,34,46
2023-06-13,1016,104,94,71,42,10,29
2023-06-14,1016,126,82,59,35,44,24
2023-06-15,1016,131,73,70,41,58,29
2023-06-16,1016,126,84,65,53,42,12
2023-06-17,1016,131,95,100,42,36,58
2023-06-18,1016,104,96,96,47,8,49
2023-06-19,1016,117,81,94,39,36,55
2023-06-20,1016,143,75,86,38,68,48
2023-06-21,1016,149,92,66,40,57,26
2023-06-22,1016,110,84,85,38,26,47
2023-06-23,1016,116,86,77,43,30,34
2023-06-24,1016,100,76,61,36,24,25
2023-06-25,1016,145,96,66,39,49,27
2023-06-26,1016,131,92,51,37,39,14
2023-06-27,1016,123,74,54,42,49,12
2023-06-28,1016,132,74,51,38,58,13
2023-06-29,1016,141,80,75,33,61,42
2023-06-30,1016,104,99,74,38,5,36
2023-07-01,1016,141,86,68,42,55,26
2023-07-02,1016,133,88,78,36,45,42
2023-07-03,1016,139,90,61,45,49,16
2023-07-04,1016,140,78,56,52,62,4
2023-07-05,1016,128,71,58,46,57,12
2023-07-06,1016,130,88,50,35,42,15
2023-07-07,1016,125,76,58,39,49,19
2023-07-08,1016,150,84,78,38,66,40
2023-07-09,1016,146,64,81,44,82,37
2023-07-10,1016,104,84,93,38,20,55
2023-07-11,1016,126,88,57,52,38,5
2023-07-12,1016,134,75,72,27,59,45
2023-07-13,1016,110,71,56,33,39,23
2023-07-14,1016,143,87,94,42,56,52
2023-07-15,1016,149,80,69,40,69,29
2023-07-16,1016,115,95,59,40,20,19
2023-07-17,1016,147,82,96,45,65,51
2023-07-18,1016,108,86,90,42,22,48
2023-07-19,1016,113,70,60,30,43,30
2023-07-20,1016,129,82,97,27,47,70
2023-07-21,1016,120,81,93,41,39,52
2023-07-22,1016,141,75,63,39,66,24
2023-07-23,1016,143,77,50,42,66,8
2023-07-24,1016,104,87,72,39,17,33
2023-07-25,1016,144,85,80,43,59,37
2023-07-26,1016,139,82,73,44,57,29
2023-07-27,1016,111,85,83,37,26,46
2023-07-28,1016,110,67,97,39,43,58
2023-07-29,1016,146,73,81,34,73,47
2023-07-30,1016,129,76,66,51,53,15
2023-07-31,1016,133,83,55,43,50,12
2023-08-01,1016,133,72,68,39,61,29
2023-08-02,1016,124,77,78,45,47,33
2023-08-03,1016,126,85,69,37,41,32
2023-08-04,1016,100,93,81,41,7,40
2023-08-05,1016,115,78,80,37,37,43
2023-08-06,1016,105,84,100,45,21,55
2023-08-07,1016,109,80,54,33,29,21
2023-08-08,1016,118,76,79,36,42,43
2023-08-09,1016,130,89,91,40,41,51
2023-08-10,1016,134,86,81,37,48,44
2023-08-11,1016,110,74,62,37,36,25
2023-08-12,1016,101,90,61,39,11,22
2023-08-13,1016,106,94,94,35,12,59
2023-08-14,1016,111,79,79,48,32,31
2023-08-15,1016,104,95,58,38,9,20
2023-08-16,1016,115,51,80,37,64,43
2023-08-17,1016,110,78,61,46,32,15
2023-08-18,1016,146,73,77,43,73,34
2023-08-19,1016,148,88,74,38,60,36
2023-08-20,1016,123,74,56,40,49,16
2023-08-21,1016,146,70,100,38,76,62
2023-08-22,1016,124,79,92,36,45,56
2023-08-23,1016,100,70,71,30,30,41
2023-08-24,1016,126,84,95,39,42,56
2023-08-25,1016,123,69,76,43,54,33
2023-08-26,1016,103,71,57,51,32,6
2023-08-27,1016,102,89,67,40,13,27
2023-08-28,1016,127,85,58,42,42,16
2023-08-29,1016,128,84,54,36,44,18
2023-08-30,1016,105,72,77,43,33,34
2023-08-31,1016,146,66,83,52,80,31
2023-09-01,1016,102,75,67,47,27,20
2023-09-02,1016,136,78,50,35,58,15
2023-09-03,1016,117,75,72,39,42,33
2023-09-04,1016,138,87,53,38,51,15
2023-09-05,1016,145,86,59,44,59,15
2023-09-06,1016,141,85,65,41,56,24
2023-09-07,1016,128,80,99,40,48,59
2023-09-08,1016,144,78,100,40,66,60
2023-09-09,1016,103,67,94,51,36,43
2023-09-10,1016,147,86,98,43,61,55
2023-09-11,1016,108,86,75,22,22,53
2023-09-12,1016,109,81,86,28,28,58
2023-09-13,1016,113,95,85,37,18,48
2023-09-14,1016,132,87,61,31,45,30
2023-09-15,1016,119,68,96,30,51,66
2023-09-16,1016,126,82,51,33,44,18
2023-09-17,1016,132,82,56,46,50,10
2023-09-18,1016,128,78,54,43,50,11
2023-09-19,1016,118,80,60,34,38,26
2023-09-20,1016,149,69,71,36,80,35
2023-09-21,1016,138,69,74,41,69,33
2023-09-22,1016,118,81,95,45,37,50
2023-09-23,1016,127,82,89,38,45,51
2023-09-24,1016,150,83,74,46,67,28
2023-09-25,1016,123,83,62,37,40,25
2023-09-26,1016,137,87,59,40,50,19
2023-09-27,1016,118,79,55,36,39,19
2023-09-28,1016,147,82,74,33,65,41
2023-09-29,1016,110,81,79,41,29,38
2023-09-30,1016,129,79,67,41,50,26
2023-10-01,1016,101,88,96,52,13,44
2023-10-02,1016,112,76,66,50,36,16
2023-10-03,1016,120,72,95,34,48,61
2023-10-04,1016,135,64,84,48,71,36
2023-10-05,1016,134,82,79,38,52,41
2023-10-06,1016,132,61,90,38,71,52
2023-10-07,1016,130,77,62,42,53,20
2023-10-08,1016,116,82,88,40,34,48
2023-10-09,1016,143,92,57,37,51,20
2023-10-10,1016,142,88,91,51,54,40
2023-10-11,1016,150,104,74,39,46,35
2023-10-12,1016,128,72,85,38,56,47
2023-10-13,1016,117,94,78,41,23,37
2023-10-14,1016,112,81,95,46,31,49
2023-10-15,1016,109,78,81,41,31,40
2023-10-16,1016,126,81,87,34,45,53
2023-10-17,1016,150,85,96,28,65,68
2023-10-18,1016,110,92,86,47,18,39
2023-10-19,1016,135,79,90,25,56,65
2023-10-20,1016,142,73,76,41,69,35
2023-10-21,1016,149,69,74,42,80,32
2023-10-22,1016,103,86,80,40,17,40
2023-10-23,1016,135,85,92,33,50,59
2023-10-24,1016,144,60,51,36,84,15
2023-10-25,1016,102,87,90,38,15,52
2023-10-26,1016,144,82,100,44,62,56
2023-10-27,1016,114,69,55,44,45,11
2023-10-28,1016,126,71,97,39,55,58
2023-10-29,1016,121,75,51,40,46,11
2023-10-30,1016,101,74,89,51,27,38
2023-10-31,1016,130,72,69,39,58,30
2023-11-01,1016,101,83,96,28,18,68
2023-11-02,1016,117,89,64,41,28,23
2023-11-03,1016,136,83,77,30,53,47
2023-11-04,1016,148,81,90,41,67,49
2023-11-05,1016,107,94,57,30,13,27
2023-11-06,1016,109,77,83,49,32,34
2023-11-07,1016,139,75,73,38,64,35
2023-11-08,1016,108,73,67,35,35,32
2023-11-09,1016,135,77,57,40,58,17
2023-11-10,1016,102,88,75,48,14,27
2023-11-11,1016,119,89,85,32,30,53
2023-11-12,1016,113,85,70,38,28,32
2023-11-13,1016,107,80,57,52,27,5
2023-11-14,1016,119,85,77,36,34,41
2023-11-15,1016,132,76,67,32,56,35
2023-11-16,1016,150,74,68,48,76,20
2023-11-17,1016,127,70,76,36,57,40
2023-11-18,1016,129,68,59,35,61,24
2023-11-19,1016,142,69,57,25,73,32
2023-11-20,1016,138,68,72,44,70,28
2023-11-21,1016,150,67,81,36,83,45
2023-11-22,1016,141,71,80,42,70,38
2023-11-23,1016,114,75,86,44,39,42
2023-11-24,1016,134,76,67,42,58,25
2023-11-25,1016,145,83,51,35,62,16
2023-11-26,1016,101,58,75,50,43,25
2023-11-27,1016,133,86,81,35,47,46
2023-11-28,1016,147,77,78,43,70,35
2023-11-29,1016,123,88,69,42,35,27
2023-11-30,1016,149,87,84,41,62,43
2023-12-01,1016,132,74,55,33,58,22
2023-12-02,1016,117,81,86,42,36,44
2023-12-03,1016,129,77,63,36,52,27
2023-12-04,1016,140,71,51,32,69,19
2023-12-05,1016,129,88,68,28,41,40
2023-12-06,1016,103,86,59,47,17,12
2023-12-07,1016,120,84,76,52,36,24
2023-12-08,1016,117,71,74,32,46,42
2023-12-09,1016,107,67,54,45,40,9
2023-12-10,1016,124,69,67,44,55,23
2023-12-11,1016,113,64,94,46,49,48
2023-12-12,1016,138,84,80,45,54,35
2023-12-13,1016,120,85,96,39,35,57
2023-12-14,1016,109,74,58,43,35,15
2023-12-15,1016,135,72,97,47,63,50
2023-12-16,1016,132,90,63,42,42,21
2023-12-17,1016,113,65,80,35,48,45
2023-12-18,1016,121,64,75,43,57,32
2023-12-19,1016,134,75,53,40,59,13
2023-12-20,1016,100,84,55,40,16,15
2023-12-21,1016,108,84,63,40,24,23
2023-12-22,1016,114,85,61,33,29,28
2023-12-23,1016,126,78,63,37,48,26
2023-12-24,1016,124,77,69,37,47,32
2023-12-25,1016,103,74,72,43,29,29
2023-12-26,1016,115,73,88,39,42,49
2023-12-27,1016,116,90,53,46,26,7
2023-12-28,1016,116,92,91,45,24,46
2023-12-29,1016,103,100,100,45,3,55
2023-12-30,1016,103,79,82,40,24,42
2023-12-31,1016,112,87,77,39,25,38
2023-01-01,1017,108,64,77,32,44,45
2023-01-02,1017,115,66,82,37,49,45
2023-01-03,1017,138,86,84,35,52,49
2023-01-04,1017,125,81,53,59,44,-6
2023-01-05,1017,134,73,69,46,61,23
2023-01-06,1017,105,70,81,49,35,32
2023-01-07,1017,114,70,78,37,44,41
2023-01-08,1017,102,89,50,39,13,11
2023-01-09,1017,137,86,94,53,51,41
2023-01-10,1017,140,87,70,52,53,18
2023-01-11,1017,125,64,89,42,61,47
2023-01-12,1017,136,73,68,52,63,16
2023-01-13,1017,140,79,87,30,61,57
2023-01-14,1017,128,62,57,25,66,32
2023-01-15,1017,107,62,75,38,45,37
2023-01-16,1017,115,100,53,31,15,22
2023-01-17,1017,117,75,82,47,42,35
2023-01-18,1017,140,72,98,50,68,48
2023-01-19,1017,125,76,75,39,49,36
2023-01-20,1017,106,71,76,47,35,29
2023-01-21,1017,132,79,55,30,53,25
2023-01-22,1017,129,70,53,45,59,8
2023-01-23,1017,120,81,69,43,39,26
2023-01-24,1017,123,68,69,33,55,36
2023-01-25,1017,147,76,82,38,71,44
2023-01-26,1017,146,72,53,27,74,26
2023-01-27,1017,143,83,64,36,60,28
2023-01-28,1017,117,85,97,35,32,62
2023-01-29,1017,139,75,77,35,64,42
2023-01-30,1017,120,80,84,35,40,49
2023-01-31,1017,132,65,79,35,67,44
2023-02-01,1017,149,89,91,34,60,57
2023-02-02,1017,139,96,94,44,43,50
2023-02-03,1017,138,99,75,31,39,44
2023-02-04,1017,106,89,51,46,17,5
2023-02-05,1017,134,79,86,43,55,43
2023-02-06,1017,142,78,83,30,64,53
2023-02-07,1017,121,84,94,42,37,52
2023-02-08,1017,108,64,82,45,44,37
2023-02-09,1017,135,81,78,58,54,20
2023-02-10,1017,127,71,83,29,56,54
2023-02-11,1017,149,79,66,35,70,31
2023-02-12,1017,134,76,73,33,58,40
2023-02-13,1017,122,59,98,36,63,62
2023-02-14,1017,141,84,81,50,57,31
2023-02-15,1017,111,64,60,38,47,22
2023-02-16,1017,104,92,84,36,12,48
2023-02-17,1017,109,74,69,27,35,42
2023-02-18,1017,104,78,59,41,26,18
2023-02-19,1017,136,86,53,30,50,23
2023-02-20,1017,127,77,79,42,50,37
2023-02-21,1017,115,91,56,38,24,18
2023-02-22,1017,143,79,78,41,64,37
2023-02-23,1017,100,65,73,27,35,46
2023-02-24,1017,144,97,63,49,47,14
2023-02-25,1017,136,69,93,45,67,48
2023-02-26,1017,120,89,87,33,31,54
2023-02-27,1017,134,80,70,31,54,39
2023-02-28,1017,125,76,62,45,49,17
2023-03-01,1017,143,80,93,35,63,58
2023-03-02,1017,134,80,56,44,54,12
2023-03-03,1017,109,86,60,57,23,3
2023-03-04,1017,111,85,53,41,26,12
2023-03-05,1017,136,70,69,42,66,27
2023-03-06,1017,128,80,89,40,48,49
2023-03-07,1017,143,86,61,47,57,14
2023-03-08,1017,113,72,50,48,41,2
2023-03-09,1017,140,72,87,37,68,50
2023-03-10,1017,110,78,97,31,32,66
2023-03-11,1017,102,77,54,39,25,15
2023-03-12,1017,120,80,58,33,40,25
2023-03-13,1017,144,76,66,48,68,18
2023-03-14,1017,112,87,74,42,25,32
2023-03-15,1017,111,70,99,37,41,62
2023-03-16,1017,131,88,69,43,43,26
2023-03-17,1017,131,86,70,42,45,28
2023-03-18,1017,104,58,87,40,46,47
2023-03-19,1017,143,106,85,44,37,41
2023-03-20,1017,149,77,66,30,72,36
2023-03-21,1017,134,81,88,45,53,43
2023-03-22,1017,101,93,85,41,8,44
2023-03-23,1017,117,94,84,44,23,40
2023-03-24,1017,142,71,84,45,71,39
2023-03-25,1017,133,78,70,41,55,29
2023-03-26,1017,119,85,58,36,34,22
2023-03-27,1017,137,80,71,51,57,20
2023-03-28,1017,102,84,69,45,18,24
2023-03-29,1017,111,99,97,38,12,59
2023-03-30,1017,149,75,87,33,74,54
2023-03-31,1017,131,84,94,43,47,51
2023-04-01,1017,117,96,91,46,21,45
2023-04-02,1017,112,70,75,47,42,28
2023-04-03,1017,138,68,52,44,70,8
2023-04-04,1017,133,87,56,42,46,14
2023-04-05,1017,136,83,67,46,53,21
2023-04-06,1017,115,75,95,46,40,49
2023-04-07,1017,113,83,51,35,30,16
2023-04-08,1017,146,80,61,24,66,37
2023-04-09,1017,132,80,92,49,52,43
2023-04-10,1017,143,77,50,40,66,10
2023-04-11,1017,105,80,56,45,25,11
2023-04-12,1017,120,79,55,52,41,3
2023-04-13,1017,147,84,93,41,63,52
2023-04-14,1017,117,83,55,45,34,10
2023-04-15,1017,106,89,67,37,17,30
2023-04-16,1017,114,75,98,30,39,68
2023-04-17,1017,142,92,74,46,50,28
2023-04-18,1017,150,71,64,43,79,21
2023-04-19,1017,141,95,77,36,46,41
2023-04-20,1017,110,85,81,47,25,34
2023-04-21,1017,133,84,83,33,49,50
2023-04-22,1017,123,71,71,34,52,37
2023-04-23,1017,107,73,77,35,34,42
2023-04-24,1017,115,70,64,37,45,27
2023-04-25,1017,147,88,97,42,59,55
2023-04-26,1017,123,98,64,45,25,19
2023-04-27,1017,134,78,63,46,56,17
2023-04-28,1017,123,88,96,41,35,55
2023-04-29,1017,142,97,83,38,45,45
2023-04-30,1017,118,83,88,39,35,49
2023-05-01,1017,144,97,79,46,47,33
2023-05-02,1017,145,91,81,41,54,40
2023-05-03,1017,119,84,56,40,35,16
2023-05-04,1017,141,86,61,35,55,26
2023-05-05,1017,144,76,65,40,68,25
2023-05-06,1017,125,81,93,42,44,51
2023-05-07,1017,125,82,98,37,43,61
2023-05-08,1017,139,83,93,42,56,51
2023-05-09,1017,104,78,67,39,26,28
2023-05-10,1017,110,77,92,39,33,53
2023-05-11,1017,101,95,56,37,6,19
2023-05-12,1017,147,74,59,40,73,19
2023-05-13,1017,118,78,94,29,40,65
2023-05-14,1017,104,80,84,45,24,39
2023-05-15,1017,144,81,63,39,63,24
2023-05-16,1017,145,87,63,54,58,9
2023-05-17,1017,136,79,90,36,57,54
2023-05-18,1017,147,83,60,47,64,13
2023-05-19,1017,124,77,75,48,47,27
2023-05-20,1017,129,77,99,39,52,60
2023-05-21,1017,146,76,85,47,70,38
2023-05-22,1017,115,72,90,32,43,58
2023-05-23,1017,144,53,97,45,91,52
2023-05-24,1017,124,92,61,37,32,24
2023-05-25,1017,121,70,90,39,51,51
2023-05-26,1017,147,80,53,38,67,15
2023-05-27,1017,142,73,94,44,69,50
2023-05-28,1017,133,81,61,43,52,18
2023-05-29,1017,131,65,50,48,66,2
2023-05-30,1017,118,75,60,39,43,21
2023-05-31,1017,121,89,55,36,32,19
2023-06-01,1017,108,83,58,43,25,15
2023-06-02,1017,132,79,63,39,53,24
2023-06-03,1017,102,80,76,43,22,33
2023-06-04,1017,144,57,87,43,87,44
2023-06-05,1017,129,78,81,41,51,40
2023-06-06,1017,100,72,73,48,28,25
2023-06-07,1017,101,72,93,50,29,43
2023-06-08,1017,119,62,54,49,57,5
2023-06-09,1017,113,95,51,35,18,16
2023-06-10,1017,109,80,53,41,29,12
2023-06-11,1017,116,68,59,36,48,23
2023-06-12,1017,133,70,85,29,63,56
2023-06-13,1017,102,89,82,39,13,43
2023-06-14,1017,134,86,70,46,48,24
2023-06-15,1017,137,77,62,35,60,27
2023-06-16,1017,142,92,60,35,50,25
2023-06-17,1017,144,73,50,35,71,15
2023-06-18,1017,101,81,52,50,20,2
2023-06-19,1017,111,97,71,47,14,24
2023-06-20,1017,106,86,80,35,20,45
2023-06-21,1017,145,94,56,45,51,11
2023-06-22,1017,117,86,100,27,31,73
2023-06-23,1017,124,73,65,34,51,31
2023-06-24,1017,135,93,90,48,42,42
2023-06-25,1017,111,90,70,37,21,33
2023-06-26,1017,114,95,68,42,19,26
2023-06-27,1017,108,66,99,46,42,53
2023-06-28,1017,133,70,81,41,63,40
2023-06-29,1017,131,56,58,47,75,11
2023-06-30,1017,123,76,73,38,47,35
2023-07-01,1017,117,86,88,41,31,47
2023-07-02,1017,140,62,66,51,78,15
2023-07-03,1017,103,64,78,48,39,30
2023-07-04,1017,111,69,100,33,42,67
2023-07-05,1017,135,81,86,37,54,49
2023-07-06,1017,140,76,52,46,64,6
2023-07-07,1017,137,74,65,37,63,28
2023-07-08,1017,115,70,79,41,45,38
2023-07-09,1017,118,92,83,30,26,53
2023-07-10,1017,107,91,53,49,16,4
2023-07-11,1017,111,74,99,36,37,63
2023-07-12,1017,119,83,70,31,36,39
2023-07-13,1017,144,78,94,42,66,52
2023-07-14,1017,140,75,94,36,65,58
2023-07-15,1017,102,88,74,27,14,47
2023-07-16,1017,109,74,85,38,35,47
2023-07-17,1017,122,77,60,32,45,28
2023-07-18,1017,106,82,87,47,24,40
2023-07-19,1017,137,78,85,39,59,46
2023-07-20,1017,114,67,64,39,47,25
2023-07-21,1017,120,65,100,56,55,44
2023-07-22,1017,142,74,77,49,68,28
2023-07-23,1017,137,75,82,47,62,35
2023-07-24,1017,105,75,79,34,30,45
2023-07-25,1017,125,93,91,36,32,55
2023-07-26,1017,127,84,50,44,43,6
2023-07-27,1017,121,92,70,35,29,35
2023-07-28,1017,139,81,65,47,58,18
2023-07-29,1017,127,77,83,45,50,38
2023-07-30,1017,125,93,90,32,32,58
2023-07-31,1017,103,65,93,34,38,59
2023-08-01,1017,120,89,98,41,31,57
2023-08-02,1017,107,79,83,42,28,41
2023-08-03,1017,118,77,82,41,41,41
2023-08-04,1017,114,81,82,41,33,41
2023-08-05,1017,118,76,89,44,42,45
2023-08-06,1017,120,87,68,34,33,34
2023-08-07,1017,142,72,95,37,70,58
2023-08-08,1017,130,83,86,43,47,43
2023-08-09,1017,119,69,58,32,50,26
2023-08-10,1017,118,86,91,44,32,47
2023-08-11,1017,150,62,74,44,88,30
2023-08-12,1017,117,79,62,37,38,25
2023-08-13,1017,130,81,62,34,49,28
2023-08-14,1017,122,83,94,49,39,45
2023-08-15,1017,129,83,57,38,46,19
2023-08-16,1017,144,73,88,32,71,56
2023-08-17,1017,139,103,85,23,36,62
2023-08-18,1017,136,64,85,36,72,49
2023-08-19,1017,135,82,52,39,53,13
2023-08-20,1017,115,93,55,52,22,3
2023-08-21,1017,113,72,92,38,41,54
2023-08-22,1017,150,70,76,40,80,36
2023-08-23,1017,132,82,54,37,50,17
2023-08-24,1017,139,69,72,36,70,36
2023-08-25,1017,137,87,81,42,50,39
2023-08-26,1017,108,73,68,43,35,25
2023-08-27,1017,141,73,66,32,68,34
2023-08-28,1017,117,78,63,41,39,22
2023-08-29,1017,127,66,69,38,61,31
2023-08-30,1017,147,83,84,39,64,45
2023-08-31,1017,147,83,59,40,64,19
2023-09-01,1017,133,62,58,43,71,15
2023-09-02,1017,114,74,100,35,40,65
2023-09-03,1017,119,74,68,43,45,25
2023-09-04,1017,123,80,76,35,43,41
2023-09-05,1017,140,88,100,41,52,59
2023-09-06,1017,118,71,72,32,47,40
2023-09-07,1017,112,68,72,30,44,42
2023-09-08,1017,139,83,71,49,56,22
2023-09-09,1017,103,82,53,50,21,3
2023-09-10,1017,128,70,56,35,58,21
2023-09-11,1017,135,82,73,48,53,25
2023-09-12,1017,127,68,53,46,59,7
2023-09-13,1017,128,55,83,45,73,38
2023-09-14,1017,144,89,70,36,55,34
2023-09-15,1017,134,86,61,43,48,18
2023-09-16,1017,133,93,95,53,40,42
2023-09-17,1017,116,79,97,50,37,47
2023-09-18,1017,117,96,86,44,21,42
2023-09-19,1017,106,98,56,42,8,14
2023-09-20,1017,143,71,74,50,72,24
2023-09-21,1017,114,67,59,39,47,20
2023-09-22,1017,138,71,69,48,67,21
2023-09-23,1017,108,75,81,44,33,37
2023-09-24,1017,116,72,87,30,44,57
2023-09-25,1017,102,83,72,36,19,36
2023-09-26,1017,109,87,58,39,22,19
2023-09-27,1017,129,72,79,35,57,44
2023-09-28,1017,146,80,78,41,66,37
2023-09-29,1017,118,75,52,36,43,16
2023-09-30,1017,146,76,65,35,70,30
2023-10-01,1017,135,83,56,38,52,18
2023-10-02,1017,102,83,73,51,19,22
2023-10-03,1017,103,87,78,50,16,28
2023-10-04,1017,128,72,73,44,56,29
2023-10-05,1017,125,90,97,42,35,55
2023-10-06,1017,102,72,92,44,30,48
2023-10-07,1017,111,82,66,39,29,27
2023-10-08,1017,105,78,52,43,27,9
2023-10-09,1017,107,70,73,40,37,33
2023-10-10,1017,110,72,81,34,38,47
2023-10-11,1017,148,102,86,35,46,51
2023-10-12,1017,135,98,100,37,37,63
2023-10-13,1017,137,71,72,45,66,27
2023-10-14,1017,147,67,75,46,80,29
2023-10-15,1017,130,83,83,40,47,43
2023-10-16,1017,130,80,88,49,50,39
2023-10-17,1017,145,86,69,39,59,30
2023-10-18,1017,110,85,86,39,25,47
2023-10-19,1017,126,80,80,41,46,39
2023-10-20,1017,133,75,100,49,58,51
2023-10-21,1017,150,73,61,38,77,23
2023-10-22,1017,142,72,69,48,70,21
2023-10-23,1017,109,73,65,41,36,24
2023-10-24,1017,140,63,64,41,77,23
2023-10-25,1017,130,76,96,45,54,51
2023-10-26,1017,143,91,71,46,52,25
2023-10-27,1017,134,88,83,38,46,45
2023-10-28,1017,137,57,54,35,80,19
2023-10-29,1017,113,77,87,37,36,50
2023-10-30,1017,119,74,87,40,45,47
2023-10-31,1017,131,95,54,50,36,4
2023-11-01,1017,139,83,63,37,56,26
2023-11-02,1017,141,88,57,39,53,18
2023-11-03,1017,115,92,83,40,23,43
2023-11-04,1017,107,82,62,40,25,22
2023-11-05,1017,147,69,58,43,78,15
2023-11-06,1017,103,79,55,36,24,19
2023-11-07,1017,127,89,88,37,38,51
2023-11-08,1017,107,68,91,36,39,55
2023-11-09,1017,148,86,100,29,62,71
2023-11-10,1017,125,82,92,44,43,48
2023-11-11,1017,132,84,88,49,48,39
2023-11-12,1017,148,70,90,33,78,57
2023-11-13,1017,105,70,56,50,35,6
2023-11-14,1017,142,97,50,35,45,15
2023-11-15,1017,129,89,92,45,40,47
2023-11-16,1017,149,88,85,38,61,47
2023-11-17,1017,145,86,82,35,59,47
2023-11-18,1017,128,66,77,37,62,40
2023-11-19,1017,140,70,95,42,70,53
2023-11-20,1017,116,65,69,36,51,33
2023-11-21,1017,118,83,58,48,35,10
2023-11-22,1017,133,88,76,46,45,30
2023-11-23,1017,112,79,56,30,33,26
2023-11-24,1017,106,84,62,43,22,19
2023-11-25,1017,146,96,97,38,50,59
2023-11-26,1017,144,82,92,43,62,49
2023-11-27,1017,144,85,75,49,59,26
2023-11-28,1017,139,67,68,41,72,27
2023-11-29,1017,145,82,91,24,63,67
2023-11-30,1017,134,79,85,33,55,52
2023-12-01,1017,150,70,86,51,80,35
2023-12-02,1017,131,87,91,36,44,55
2023-12-03,1017,124,86,98,38,38,60
2023-12-04,1017,104,68,79,44,36,35
2023-12-05,1017,139,67,89,40,72,49
2023-12-06,1017,102,91,73,28,11,45
2023-12-07,1017,146,84,60,53,62,7
2023-12-08,1017,117,76,63,52,41,11
2023-12-09,1017,143,110,82,30,33,52
2023-12-10,1017,136,71,58,37,65,21
2023-12-11,1017,112,82,74,45,30,29
2023-12-12,1017,149,69,87,27,80,60
2023-12-13,1017,141,82,53,43,59,10
2023-12-14,1017,116,65,99,30,51,69
2023-12-15,1017,119,86,75,44,33,31
2023-12-16,1017,124,74,58,35,50,23
2023-12-17,1017,111,78,51,47,33,4
2023-12-18,1017,137,80,99,40,57,59
2023-12-19,1017,126,80,53,43,46,10
2023-12-20,1017,144,74,73,42,70,31
2023-12-21,1017,108,84,95,34,24,61
2023-12-22,1017,136,77,62,33,59,29
2023-12-23,1017,109,76,53,42,33,11
2023-12-24,1017,137,90,98,41,47,57
2023-12-25,1017,150,85,62,44,65,18
2023-12-26,1017,134,85,74,42,49,32
2023-12-27,1017,146,74,97,49,72,48
2023-12-28,1017,126,75,71,47,51,24
2023-12-29,1017,136,75,54,44,61,10
2023-12-30,1017,128,89,93,34,39,59
2023-12-31,1017,139,78,93,46,61,47
2023-01-01,1018,140,96,75,44,44,31
2023-01-02,1018,128,94,79,34,34,45
2023-01-03,1018,109,69,74,45,40,29
2023-01-04,1018,117,75,94,54,42,40
2023-01-05,1018,142,74,92,44,68,48
2023-01-06,1018,108,80,97,37,28,60
2023-01-07,1018,100,64,80,33,36,47
2023-01-08,1018,105,79,60,46,26,14
2023-01-09,1018,122,82,59,35,40,24
2023-01-10,1018,144,77,80,31,67,49
2023-01-11,1018,136,78,78,42,58,36
2023-01-12,1018,105,81,83,39,24,44
2023-01-13,1018,108,69,68,42,39,26
2023-01-14,1018,144,89,90,44,55,46
2023-01-15,1018,140,81,50,37,59,13
2023-01-16,1018,135,70,96,44,65,52
2023-01-17,1018,146,67,98,39,79,59
2023-01-18,1018,134,92,82,55,42,27
2023-01-19,1018,120,72,74,33,48,41
2023-01-20,1018,132,80,99,27,52,72
2023-01-21,1018,116,83,67,40,33,27
2023-01-22,1018,102,92,61,39,10,22
2023-01-23,1018,103,114,87,41,-11,46
2023-01-24,1018,141,80,92,34,61,58
2023-01-25,1018,128,75,91,37,53,54
2023-01-26,1018,139,73,78,44,66,34
2023-01-27,1018,130,91,60,40,39,20
2023-01-28,1018,101,78,80,39,23,41
2023-01-29,1018,143,77,88,28,66,60
2023-01-30,1018,109,73,66,38,36,28
2023-01-31,1018,136,79,66,46,57,20
2023-02-01,1018,141,88,69,32,53,37
2023-02-02,1018,120,71,61,48,49,13
2023-02-03,1018,124,83,66,33,41,33
2023-02-04,1018,138,79,97,34,59,63
2023-02-05,1018,124,82,53,41,42,12
2023-02-06,1018,100,93,100,56,7,44
2023-02-07,1018,116,84,92,30,32,62
2023-02-08,1018,123,82,78,40,41,38
2023-02-09,1018,132,61,86,38,71,48
2023-02-10,1018,133,72,82,38,61,44
2023-02-11,1018,141,83,88,44,58,44
2023-02-12,1018,136,67,75,46,69,29
2023-02-13,1018,124,92,73,33,32,40
2023-02-14,1018,128,91,59,40,37,19
2023-02-15,1018,135,76,59,34,59,25
2023-02-16,1018,100,76,94,48,24,46
2023-02-17,1018,107,87,63,47,20,16
2023-02-18,1018,127,81,87,36,46,51
2023-02-19,1018,146,93,84,27,53,57
2023-02-20,1018,114,70,50,35,44,15
2023-02-21,1018,149,90,74,45,59,29
2023-02-22,1018,128,78,99,34,50,65
2023-02-23,1018,146,80,95,39,66,56
2023-02-24,1018,119,78,54,36,41,18
2023-02-25,1018,144,82,82,36,62,46
2023-02-26,1018,113,80,59,45,33,14
2023-02-27,1018,147,100,63,53,47,10
2023-02-28,1018,123,75,95,29,48,66
2023-03-01,1018,115,76,51,37,39,14
2023-03-02,1018,125,92,81,35,33,46
2023-03-03,1018,113,72,89,44,41,45
2023-03-04,1018,117,72,74,36,45,38
2023-03-05,1018,106,88,75,35,18,40
2023-03-06,1018,148,75,91,40,73,51
2023-03-07,1018,128,80,53,48,48,5
2023-03-08,1018,138,73,94,41,65,53
2023-03-09,1018,146,88,71,35,58,36
2023-03-10,1018,145,101,83,43,44,40
2023-03-11,1018,134,75,59,35,59,24
2023-03-12,1018,114,90,81,45,24,36
2023-03-13,1018,126,85,53,34,41,19
2023-03-14,1018,138,79,71,33,59,38
2023-03-15,1018,105,96,76,51,9,25
2023-03-16,1018,147,76,99,46,71,53
2023-03-17,1018,122,80,90,47,42,43
2023-03-18,1018,137,83,85,38,54,47
2023-03-19,1018,117,66,50,31,51,19
2023-03-20,1018,135,85,69,47,50,22
2023-03-21,1018,117,86,81,53,31,28
2023-03-22,1018,127,67,65,32,60,33
2023-03-23,1018,104,102,88,55,2,33
2023-03-24,1018,101,87,77,46,14,31
2023-03-25,1018,112,77,87,35,35,52
2023-03-26,1018,115,80,61,42,35,19
2023-03-27,1018,109,89,58,39,20,19
2023-03-28,1018,127,81,84,36,46,48
2023-03-29,1018,109,91,58,31,18,27
2023-03-30,1018,139,81,91,26,58,65
2023-03-31,1018,133,76,52,40,57,12
2023-04-01,1018,130,73,58,50,57,8
2023-04-02,1018,127,77,85,36,50,49
2023-04-03,1018,122,87,97,41,35,56
2023-04-04,1018,104,62,69,52,42,17
2023-04-05,1018,107,80,100,56,27,44
2023-04-06,1018,131,89,94,32,42,62
2023-04-07,1018,146,89,50,34,57,16
2023-04-08,1018,124,82,56,43,42,13
2023-04-09,1018,147,76,94,44,71,50
2023-04-10,1018,105,71,66,31,34,35
2023-04-11,1018,129,79,54,38,50,16
2023-04-12,1018,103,77,50,34,26,16
2023-04-13,1018,112,84,71,49,28,22
2023-04-14,1018,119,74,73,40,45,33
2023-04-15,1018,145,87,99,41,58,58
2023-04-16,1018,141,89,53,52,52,1
2023-04-17,1018,122,75,80,40,47,40
2023-04-18,1018,138,85,72,47,53,25
2023-04-19,1018,133,82,72,34,51,38
2023-04-20,1018,117,93,68,50,24,18
2023-04-21,1018,126,87,73,47,39,26
2023-04-22,1018,118,67,84,43,51,41
2023-04-23,1018,145,76,96,42,69,54
2023-04-24,1018,114,81,63,40,33,23
2023-04-25,1018,136,92,61,40,44,21
2023-04-26,1018,114,72,90,28,42,62
2023-04-27,1018,149,85,88,33,64,55
2023-04-28,1018,140,68,75,49,72,26
2023-04-29,1018,125,74,98,48,51,50
2023-04-30,1018,125,81,88,38,44,50
2023-05-01,1018,129,90,65,41,39,24
2023-05-02,1018,135,83,92,33,52,59
2023-05-03,1018,113,85,50,45,28,5
2023-05-04,1018,149,63,70,34,86,36
2023-05-05,1018,144,82,80,41,62,39
2023-05-06,1018,100,68,58,54,32,4
2023-05-07,1018,100,81,83,41,19,42
2023-05-08,1018,112,68,62,38,44,24
2023-05-09,1018,142,66,63,37,76,26
2023-05-10,1018,149,63,79,46,86,33
2023-05-11,1018,132,79,74,35,53,39
2023-05-12,1018,126,75,66,46,51,20
2023-05-13,1018,141,76,70,38,65,32
2023-05-14,1018,147,89,86,42,58,44
2023-05-15,1018,104,90,75,50,14,25
2023-05-16,1018,115,76,100,52,39,48
2023-05-17,1018,135,80,54,41,55,13
2023-05-18,1018,106,73,68,51,33,17
2023-05-19,1018,147,91,96,41,56,55
2023-05-20,1018,141,77,53,39,64,14
2023-05-21,1018,138,77,88,42,61,46
2023-05-22,1018,126,67,56,39,59,17
2023-05-23,1018,145,88,61,53,57,8
2023-05-24,1018,149,71,51,31,78,20
2023-05-25,1018,125,60,71,37,65,34
2023-05-26,1018,142,73,95,40,69,55
2023-05-27,1018,122,71,57,42,51,15
2023-05-28,1018,107,79,56,40,28,16
2023-05-29,1018,126,76,55,41,50,14
2023-05-30,1018,136,79,55,41,57,14
2023-05-31,1018,117,79,53,34,38,19
2023-06-01,1018,115,85,72,38,30,34
2023-06-02,1018,118,74,58,30,44,28
2023-06-03,1018,113,86,65,44,27,21
2023-06-04,1018,128,77,71,36,51,35
2023-06-05,1018,130,75,59,26,55,33
2023-06-06,1018,105,71,93,45,34,48
2023-06-07,1018,137,78,84,47,59,37
2023-06-08,1018,129,86,71,47,43,24
2023-06-09,1018,101,92,56,31,9,25
2023-06-10,1018,117,83,73,44,34,29
2023-06-11,1018,103,84,97,43,19,54
2023-06-12,1018,120,94,95,42,26,53
2023-06-13,1018,121,84,99,47,37,52
2023-06-14,1018,112,73,50,32,39,18
2023-06-15,1018,133,78,83,34,55,49
2023-06-16,1018,119,82,62,40,37,22
2023-06-17,1018,109,94,86,41,15,45
2023-06-18,1018,128,81,65,36,47,29
2023-06-19,1018,129,95,70,48,34,22
2023-06-20,1018,135,84,56,42,51,14
2023-06-21,1018,120,78,95,45,42,50
2023-06-22,1018,143,82,71,38,61,33
2023-06-23,1018,114,82,98,46,32,52
2023-06-24,1018,110,69,73,40,41,33
2023-06-25,1018,104,98,89,32,6,57
2023-06-26,1018,139,84,75,28,55,47
2023-06-27,1018,143,89,95,37,54,58
2023-06-28,1018,129,69,71,56,60,15
2023-06-29,1018,113,107,93,46,6,47
2023-06-30,1018,147,75,61,37,72,24
2023-07-01,1018,106,71,73,48,35,25
2023-07-02,1018,110,73,96,46,37,50
2023-07-03,1018,113,74,96,36,39,60
2023-07-04,1018,103,84,56,46,19,10
2023-07-05,1018,129,78,92,29,51,63
2023-07-06,1018,111,78,75,41,33,34
2023-07-07,1018,100,73,74,35,27,39
2023-07-08,1018,145,77,93,33,68,60
2023-07-09,1018,101,72,86,42,29,44
2023-07-10,1018,134,72,92,46,62,46
2023-07-11,1018,148,95,98,50,53,48
2023-07-12,1018,113,102,81,36,11,45
2023-07-13,1018,118,68,53,54,50,-1
2023-07-14,1018,115,78,56,41,37,15
2023-07-15,1018,117,81,72,48,36,24
2023-07-16,1018,106,83,77,32,23,45
2023-07-17,1018,111,86,98,31,25,67
2023-07-18,1018,129,68,81,44,61,37
2023-07-19,1018,140,75,53,35,65,18
2023-07-20,1018,142,73,90,50,69,40
2023-07-21,1018,138,102,67,44,36,23
2023-07-22,1018,131,81,92,39,50,53
2023-07-23,1018,138,85,54,38,53,16
2023-07-24,1018,139,92,60,47,47,13
2023-07-25,1018,138,70,58,25,68,33
2023-07-26,1018,127,93,77,56,34,21
2023-07-27,1018,112,69,81,46,43,35
2023-07-28,1018,109,88,56,40,21,16
2023-07-29,1018,109,66,63,35,43,28
2023-07-30,1018,115,87,73,40,28,33
2023-07-31,1018,131,84,61,36,47,25
2023-08-01,1018,119,77,64,40,42,24
2023-08-02,1018,103,96,84,34,7,50
2023-08-03,1018,140,80,69,33,60,36
2023-08-04,1018,120,79,62,34,41,28
2023-08-05,1018,125,71,79,45,54,34
2023-08-06,1018,118,78,78,35,40,43
2023-08-07,1018,102,78,69,50,24,19
2023-08-08,1018,125,63,93,41,62,52
2023-08-09,1018,146,69,65,42,77,23
2023-08-10,1018,107,85,68,36,22,32
2023-08-11,1018,111,67,69,44,44,25
2023-08-12,1018,146,72,82,38,74,44
2023-08-13,1018,142,81,57,35,61,22
2023-08-14,1018,131,71,65,33,60,32
2023-08-15,1018,128,82,91,31,46,60
2023-08-16,1018,132,80,79,50,52,29
2023-08-17,1018,118,94,79,33,24,46
2023-08-18,1018,116,89,76,36,27,40
2023-08-19,1018,115,67,51,32,48,19
2023-08-20,1018,113,88,52,51,25,1
2023-08-21,1018,124,93,63,43,31,20
2023-08-22,1018,102,69,91,48,33,43
2023-08-23,1018,139,75,52,40,64,12
2023-08-24,1018,132,87,53,34,45,19
2023-08-25,1018,117,78,51,36,39,15
2023-08-26,1018,108,85,98,47,23,51
2023-08-27,1018,125,97,81,49,28,32
2023-08-28,1018,112,81,80,35,31,45
2023-08-29,1018,116,84,90,35,32,55
2023-08-30,1018,116,107,90,40,9,50
2023-08-31,1018,132,79,70,34,53,36
2023-09-01,1018,123,85,75,53,38,22
2023-09-02,1018,101,80,74,31,21,43
2023-09-03,1018,102,93,85,41,9,44
2023-09-04,1018,146,84,81,40,62,41
2023-09-05,1018,134,91,54,32,43,22
2023-09-06,1018,116,83,94,37,33,57
2023-09-07,1018,146,89,95,46,57,49
2023-09-08,1018,141,84,97,43,57,54
2023-09-09,1018,122,90,59,42,32,17
2023-09-10,1018,106,76,68,57,30,11
2023-09-11,1018,130,82,69,50,48,19
2023-09-12,1018,150,58,52,47,92,5
2023-09-13,1018,147,74,52,55,73,-3
2023-09-14,1018,110,72,86,32,38,54
2023-09-15,1018,149,70,52,39,79,13
2023-09-16,1018,100,73,93,27,27,66
2023-09-17,1018,135,79,80,36,56,44
2023-09-18,1018,130,76,79,33,54,46
2023-09-19,1018,119,101,80,41,18,39
2023-09-20,1018,117,103,99,39,14,60
2023-09-21,1018,101,84,51,40,17,11
2023-09-22,1018,131,97,76,47,34,29
2023-09-23,1018,132,90,85,45,42,40
2023-09-24,1018,137,79,70,38,58,32
2023-09-25,1018,139,92,75,49,47,26
2023-09-26,1018,113,85,94,38,28,56
2023-09-27,1018,117,86,81,36,31,45
2023-09-28,1018,136,78,54,39,58,15
2023-09-29,1018,138,80,92,42,58,50
2023-09-30,1018,131,72,86,43,59,43
2023-10-01,1018,122,88,62,42,34,20
2023-10-02,1018,122,97,81,31,25,50
2023-10-03,1018,122,77,80,27,45,53
2023-10-04,1018,105,81,58,45,24,13
2023-10-05,1018,142,70,92,38,72,54
2023-10-06,1018,143,67,79,48,76,31
2023-10-07,1018,146,85,97,37,61,60
2023-10-08,1018,106,85,87,40,21,47
2023-10-09,1018,143,91,75,41,52,34
2023-10-10,1018,138,89,59,43,49,16
2023-10-11,1018,114,83,65,35,31,30
2023-10-12,1018,115,71,64,33,44,31
2023-10-13,1018,132,82,75,36,50,39
2023-10-14,1018,100,95,71,35,5,36
2023-10-15,1018,144,85,52,35,59,17
2023-10-16,1018,100,76,74,37,24,37
2023-10-17,1018,144,85,53,34,59,19
2023-10-18,1018,104,68,51,42,36,9
2023-10-19,1018,142,63,99,38,79,61
2023-10-20,1018,122,93,74,41,29,33
2023-10-21,1018,112,85,63,35,27,28
2023-10-22,1018,131,78,66,33,53,33
2023-10-23,1018,105,71,68,34,34,34
2023-10-24,1018,118,84,94,44,34,50
2023-10-25,1018,127,67,69,34,60,35
2023-10-26,1018,139,74,62,32,65,30
2023-10-27,1018,103,63,66,39,40,27
2023-10-28,1018,149,74,87,30,75,57
2023-10-29,1018,134,82,83,53,52,30
2023-10-30,1018,117,95,96,36,22,60
2023-10-31,1018,122,68,80,44,54,36
2023-11-01,1018,107,76,61,43,31,18
2023-11-02,1018,128,93,54,54,35,0
2023-11-03,1018,118,98,86,42,20,44
2023-11-04,1018,143,80,90,47,63,43
2023-11-05,1018,102,68,80,48,34,32
2023-11-06,1018,142,80,87,32,62,55
2023-11-07,1018,113,75,55,37,38,18
2023-11-08,1018,117,97,85,38,20,47
2023-11-09,1018,131,76,75,35,55,40
2023-11-10,1018,102,72,65,56,30,9
2023-11-11,1018,120,79,55,45,41,10
2023-11-12,1018,131,68,93,38,63,55
2023-11-13,1018,136,78,58,47,58,11
2023-11-14,1018,106,89,93,56,17,37
2023-11-15,1018,111,75,70,36,36,34
2023-11-16,1018,111,80,77,44,31,33
2023-11-17,1018,114,81,66,41,33,25
2023-11-18,1018,131,89,58,31,42,27
2023-11-19,1018,122,77,60,38,45,22
2023-11-20,1018,114,84,91,43,30,48
2023-11-21,1018,113,75,88,38,38,50
2023-11-22,1018,101,88,95,46,13,49
2023-11-23,1018,138,83,67,49,55,18
2023-11-24,1018,139,70,53,45,69,8
2023-11-25,1018,149,83,96,38,66,58
2023-11-26,1018,141,82,58,48,59,10
2023-11-27,1018,143,73,87,42,70,45
2023-11-28,1018,114,82,81,48,32,33
2023-11-29,1018,106,78,90,38,28,52
2023-11-30,1018,104,84,64,34,20,30
2023-12-01,1018,125,74,72,50,51,22
2023-12-02,1018,128,78,66,29,50,37
2023-12-03,1018,108,82,90,37,26,53
2023-12-04,1018,134,73,82,53,61,29
2023-12-05,1018,124,82,81,48,42,33
2023-12-06,1018,100,104,90,39,-4,51
2023-12-07,1018,101,93,50,35,8,15
2023-12-08,1018,106,81,89,33,25,56
2023-12-09,1018,119,68,56,45,51,11
2023-12-10,1018,149,88,51,56,61,-5
2023-12-11,1018,111,75,67,32,36,35
2023-12-12,1018,127,70,84,39,57,45
2023-12-13,1018,144,74,52,33,70,19
2023-12-14,1018,104,71,58,36,33,22
2023-12-15,1018,139,72,80,52,67,28
2023-12-16,1018,100,72,91,34,28,57
2023-12-17,1018,148,91,56,40,57,16
2023-12-18,1018,111,80,75,42,31,33
2023-12-19,1018,121,85,60,45,36,15
2023-12-20,1018,137,81,95,45,56,50
2023-12-21,1018,133,87,89,47,46,42
2023-12-22,1018,134,84,96,49,50,47
2023-12-23,1018,122,80,90,39,42,51
2023-12-24,1018,112,84,56,41,28,15
2023-12-25,1018,145,69,57,34,76,23
2023-12-26,1018,141,85,72,47,56,25
2023-12-27,1018,137,87,59,39,50,20
2023-12-28,1018,100,80,77,56,20,21
2023-12-29,1018,149,73,83,27,76,56
2023-12-30,1018,122,78,51,40,44,11
2023-12-31,1018,121,72,91,43,49,48
2023-01-01,1019,105,87,97,40,18,57
2023-01-02,1019,107,70,56,45,37,11
2023-01-03,1019,122,98,92,42,24,50
2023-01-04,1019,120,86,89,36,34,53
2023-01-05,1019,128,70,69,35,58,34
2023-01-06,1019,146,71,89,39,75,50
2023-01-07,1019,118,86,53,44,32,9
2023-01-08,1019,121,72,58,33,49,25
2023-01-09,1019,144,82,76,38,62,38
2023-01-10,1019,133,86,72,39,47,33
2023-01-11,1019,101,91,85,33,10,52
2023-01-12,1019,141,87,64,35,54,29
2023-01-13,1019,140,70,56,42,70,14
2023-01-14,1019,129,77,84,37,52,47
2023-01-15,1019,100,92,82,32,8,50
2023-01-16,1019,137,70,77,41,67,36
2023-01-17,1019,122,80,86,47,42,39
2023-01-18,1019,132,64,58,37,68,21
2023-01-19,1019,148,83,80,37,65,43
2023-01-20,1019,102,88,57,38,14,19
2023-01-21,1019,137,73,72,44,64,28
2023-01-22,1019,140,72,96,42,68,54
2023-01-23,1019,129,76,89,41,53,48
2023-01-24,1019,108,75,57,39,33,18
2023-01-25,1019,102,86,94,40,16,54
2023-01-26,1019,136,69,52,32,67,20
2023-01-27,1019,128,84,86,52,44,34
2023-01-28,1019,145,85,88,42,60,46
2023-01-29,1019,117,77,78,37,40,41
2023-01-30,1019,143,79,80,46,64,34
2023-01-31,1019,104,94,73,50,10,23
2023-02-01,1019,123,86,68,48,37,20
2023-02-02,1019,101,89,95,43,12,52
2023-02-03,1019,146,72,74,47,74,27
2023-02-04,1019,116,60,71,33,56,38
2023-02-05,1019,123,79,55,34,44,21
2023-02-06,1019,143,79,57,47,64,10
2023-02-07,1019,139,63,93,45,76,48
2023-02-08,1019,125,86,92,51,39,41
2023-02-09,1019,123,77,68,32,46,36
2023-02-10,1019,111,106,89,56,5,33
2023-02-11,1019,140,84,65,42,56,23
2023-02-12,1019,132,74,83,44,58,39
2023-02-13,1019,102,75,76,35,27,41
2023-02-14,1019,138,78,84,40,60,44
2023-02-15,1019,132,86,60,35,46,25
2023-02-16,1019,136,86,85,53,50,32
2023-02-17,1019,100,74,52,48,26,4
2023-02-18,1019,140,76,59,39,64,20
2023-02-19,1019,130,86,56,43,44,13
2023-02-20,1019,127,104,63,47,23,16
2023-02-21,1019,149,92,89,41,57,48
2023-02-22,1019,109,86,87,41,23,46
2023-02-23,1019,141,87,96,37,54,59
2023-02-24,1019,139,84,53,43,55,10
2023-02-25,1019,139,82,91,31,57,60
2023-02-26,1019,146,86,84,39,60,45
2023-02-27,1019,100,81,72,48,19,24
2023-02-28,1019,136,77,56,42,59,14
2023-03-01,1019,135,66,97,42,69,55
2023-03-02,1019,121,75,78,45,46,33
2023-03-03,1019,106,86,50,33,20,17
2023-03-04,1019,116,74,65,43,42,22
2023-03-05,1019,118,75,52,47,43,5
2023-03-06,1019,132,87,78,35,45,43
2023-03-07,1019,100,78,91,37,22,54
2023-03-08,1019,142,83,93,44,59,49
2023-03-09,1019,132,72,76,38,60,38
2023-03-10,1019,106,82,80,28,24,52
2023-03-11,1019,133,81,58,44,52,14
2023-03-12,1019,146,74,52,38,72,14
2023-03-13,1019,124,88,58,38,36,20
2023-03-14,1019,128,102,92,36,26,56
2023-03-15,1019,141,84,62,37,57,25
2023-03-16,1019,103,77,94,38,26,56
2023-03-17,1019,145,82,65,36,63,29
2023-03-18,1019,125,62,58,45,63,13
2023-03-19,1019,126,70,67,40,56,27
2023-03-20,1019,100,68,56,43,32,13
2023-03-21,1019,122,79,58,40,43,18
2023-03-22,1019,118,73,100,44,45,56
2023-03-23,1019,125,78,88,51,47,37
2023-03-24,1019,101,92,100,35,9,65
2023-03-25,1019,103,63,67,47,40,20
2023-03-26,1019,140,77,71,41,63,30
2023-03-27,1019,150,78,94,51,72,43
2023-03-28,1019,113,65,51,34,48,17
2023-03-29,1019,133,89,97,34,44,63
2023-03-30,1019,104,71,75,40,33,35
2023-03-31,1019,100,81,79,30,19,49
2023-04-01,1019,144,102,98,43,42,55
2023-04-02,1019,150,71,98,40,79,58
2023-04-03,1019,116,76,62,40,40,22
2023-04-04,1019,132,86,88,30,46,58
2023-04-05,1019,133,82,64,33,51,31
2023-04-06,1019,100,91,82,54,9,28
2023-04-07,1019,117,75,51,36,42,15
2023-04-08,1019,115,89,99,34,26,65
2023-04-09,1019,130,75,76,33,55,43
2023-04-10,1019,140,79,56,47,61,9
2023-04-11,1019,135,86,51,39,49,12
2023-04-12,1019,150,87,72,42,63,30
2023-04-13,1019,132,74,78,36,58,42
2023-04-14,1019,121,95,84,34,26,50
2023-04-15,1019,128,76,77,44,52,33
2023-04-16,1019,129,76,92,35,53,57
2023-04-17,1019,142,72,62,44,70,18
2023-04-18,1019,101,77,59,43,24,16
2023-04-19,1019,149,77,66,42,72,24
2023-04-20,1019,125,70,73,44,55,29
2023-04-21,1019,105,74,83,48,31,35
2023-04-22,1019,141,84,74,46,57,28
2023-04-23,1019,129,87,85,48,42,37
2023-04-24,1019,125,77,91,31,48,60
2023-04-25,1019,103,74,67,29,29,38
2023-04-26,1019,131,71,54,40,60,14
2023-04-27,1019,105,79,72,34,26,38
2023-04-28,1019,142,83,68,29,59,39
2023-04-29,1019,101,67,82,46,34,36
2023-04-30,1019,138,78,62,49,60,13
2023-05-01,1019,149,59,70,33,90,37
2023-05-02,1019,129,66,65,42,63,23
2023-05-03,1019,121,78,54,44,43,10
2023-05-04,1019,101,67,96,33,34,63
2023-05-05,1019,131,88,58,37,43,21
2023-05-06,1019,117,80,98,48,37,50
2023-05-07,1019,141,77,95,50,64,45
2023-05-08,1019,137,98,96,33,39,63
2023-05-09,1019,108,73,98,37,35,61
2023-05-10,1019,143,76,93,41,67,52
2023-05-11,1019,139,85,85,40,54,45
2023-05-12,1019,142,66,66,28,76,38
2023-05-13,1019,146,79,98,41,67,57
2023-05-14,1019,121,83,85,39,38,46
2023-05-15,1019,138,82,72,45,56,27
2023-05-16,1019,113,91,59,39,22,20
2023-05-17,1019,147,80,62,53,67,9
2023-05-18,1019,145,74,54,53,71,1
2023-05-19,1019,107,69,73,40,38,33
2023-05-20,1019,115,84,93,35,31,58
2023-05-21,1019,113,90,79,37,23,42
2023-05-22,1019,149,93,78,51,56,27
2023-05-23,1019,148,87,82,43,61,39
2023-05-24,1019,117,90,81,41,27,40
2023-05-25,1019,146,65,64,47,81,17
2023-05-26,1019,127,78,74,44,49,30
2023-05-27,1019,150,79,53,44,71,9
2023-05-28,1019,145,67,99,39,78,60
2023-05-29,1019,121,87,93,42,34,51
2023-05-30,1019,103,70,83,41,33,42
2023-05-31,1019,146,83,74,30,63,44
2023-06-01,1019,133,90,54,42,43,12
2023-06-02,1019,133,84,94,45,49,49
2023-06-03,1019,103,81,85,35,22,50
2023-06-04,1019,133,92,77,32,41,45
2023-06-05,1019,135,75,68,35,60,33
2023-06-06,1019,111,97,100,30,14,70
2023-06-07,1019,107,79,62,34,28,28
2023-06-08,1019,114,62,67,37,52,30
2023-06-09,1019,134,80,90,49,54,41
2023-06-10,1019,102,89,51,47,13,4
2023-06-11,1019,134,99,82,33,35,49
2023-06-12,1019,136,99,70,46,37,24
2023-06-13,1019,101,87,54,44,14,10
2023-06-14,1019,116,80,68,43,36,25
2023-06-15,1019,137,85,100,40,52,60
2023-06-16,1019,138,85,71,36,53,35
2023-06-17,1019,102,68,58,46,34,12
2023-06-18,1019,134,86,53,33,48,20
2023-06-19,1019,122,65,59,42,57,17
2023-06-20,1019,145,73,96,52,72,44
2023-06-21,1019,114,77,94,54,37,40
2023-06-22,1019,110,74,68,45,36,23
2023-06-23,1019,136,72,67,43,64,24
2023-06-24,1019,131,76,69,47,55,22
2023-06-25,1019,144,62,53,55,82,-2
2023-06-26,1019,148,64,65,37,84,28
2023-06-27,1019,144,90,54,45,54,9
2023-06-28,1019,122,90,70,42,32,28
2023-06-29,1019,117,72,77,42,45,35
2023-06-30,1019,149,71,82,42,78,40
2023-07-01,1019,121,80,91,48,41,43
2023-07-02,1019,145,95,67,44,50,23
2023-07-03,1019,127,76,56,38,51,18
2023-07-04,1019,145,78,73,53,67,20
2023-07-05,1019,140,81,85,31,59,54
2023-07-06,1019,115,59,50,36,56,14
2023-07-07,1019,150,50,62,26,100,36
2023-07-08,1019,123,92,63,38,31,25
2023-07-09,1019,102,85,93,29,17,64
2023-07-10,1019,108,71,95,41,37,54
2023-07-11,1019,103,86,67,33,17,34
2023-07-12,1019,150,70,67,26,80,41
2023-07-13,1019,140,92,54,49,48,5
2023-07-14,1019,147,88,53,43,59,10
2023-07-15,1019,119,75,80,44,44,36
2023-07-16,1019,139,73,95,46,66,49
2023-07-17,1019,143,83,98,37,60,61
2023-07-18,1019,103,89,78,27,14,51
2023-07-19,1019,128,91,74,34,37,40
2023-07-20,1019,115,82,58,52,33,6
2023-07-21,1019,148,80,69,41,68,28
2023-07-22,1019,100,78,76,26,22,50
2023-07-23,1019,118,88,58,37,30,21
2023-07-24,1019,102,101,69,41,1,28
2023-07-25,1019,129,88,83,36,41,47
2023-07-26,1019,146,78,64,34,68,30
2023-07-27,1019,100,85,100,29,15,71
2023-07-28,1019,123,75,66,60,48,6
2023-07-29,1019,121,76,95,42,45,53
2023-07-30,1019,114,76,75,43,38,32
2023-07-31,1019,141,90,53,37,51,16
2023-08-01,1019,105,85,93,33,20,60
2023-08-02,1019,100,88,71,36,12,35
2023-08-03,1019,111,71,78,40,40,38
2023-08-04,1019,134,81,51,26,53,25
2023-08-05,1019,107,85,99,39,22,60
2023-08-06,1019,147,88,60,35,59,25
2023-08-07,1019,112,83,81,57,29,24
2023-08-08,1019,104,95,89,39,9,50
2023-08-09,1019,141,88,81,47,53,34
2023-08-10,1019,107,98,51,41,9,10
2023-08-11,1019,146,68,97,46,78,51
2023-08-12,1019,118,73,100,40,45,60
2023-08-13,1019,135,95,61,36,40,25
2023-08-14,1019,116,78,66,43,38,23
2023-08-15,1019,125,64,70,32,61,38
2023-08-16,1019,149,74,97,41,75,56
2023-08-17,1019,135,107,64,46,28,18
2023-08-18,1019,126,68,69,34,58,35
2023-08-19,1019,138,78,53,39,60,14
2023-08-20,1019,115,95,62,42,20,20
2023-08-21,1019,143,76,87,38,67,49
2023-08-22,1019,150,60,61,47,90,14
2023-08-23,1019,150,59,75,38,91,37
2023-08-24,1019,132,80,58,43,52,15
2023-08-25,1019,128,94,78,28,34,50
2023-08-26,1019,107,59,74,35,48,39
2023-08-27,1019,142,72,69,48,70,21
2023-08-28,1019,104,72,77,43,32,34
2023-08-29,1019,101,81,50,45,20,5
2023-08-30,1019,138,101,82,48,37,34
2023-08-31,1019,116,88,79,35,28,44
2023-09-01,1019,101,96,99,39,5,60
2023-09-02,1019,136,67,74,35,69,39
2023-09-03,1019,108,77,71,29,31,42
2023-09-04,1019,107,86,59,52,21,7
2023-09-05,1019,123,76,63,37,47,26
2023-09-06,1019,123,88,67,42,35,25
2023-09-07,1019,139,85,94,40,54,54
2023-09-08,1019,107,74,77,41,33,36
2023-09-09,1019,114,85,97,36,29,61
2023-09-10,1019,132,76,77,43,56,34
2023-09-11,1019,110,80,88,29,30,59
2023-09-12,1019,126,88,84,39,38,45
2023-09-13,1019,131,86,90,37,45,53
2023-09-14,1019,139,68,64,41,71,23
2023-09-15,1019,125,80,70,41,45,29
2023-09-16,1019,113,81,89,46,32,43
2023-09-17,1019,126,77,99,43,49,56
2023-09-18,1019,146,73,80,56,73,24
2023-09-19,1019,114,85,61,36,29,25
2023-09-20,1019,124,73,78,41,51,37
2023-09-21,1019,144,84,91,36,60,55
2023-09-22,1019,129,77,52,29,52,23
2023-09-23,1019,123,86,82,35,37,47
2023-09-24,1019,149,89,85,42,60,43
2023-09-25,1019,142,71,76,29,71,47
2023-09-26,1019,130,82,69,34,48,35
2023-09-27,1019,139,93,80,46,46,34
2023-09-28,1019,137,81,62,47,56,15
2023-09-29,1019,137,82,60,25,55,35
2023-09-30,1019,113,90,83,42,23,41
2023-10-01,1019,114,74,72,43,40,29
2023-10-02,1019,149,84,91,33,65,58
2023-10-03,1019,129,93,96,44,36,52
2023-10-04,1019,131,72,93,50,59,43
2023-10-05,1019,150,91,67,40,59,27
2023-10-06,1019,122,82,66,42,40,24
2023-10-07,1019,106,93,75,43,13,32
2023-10-08,1019,133,76,86,27,57,59
2023-10-09,1019,125,69,77,40,56,37
2023-10-10,1019,128,72,62,32,56,30
2023-10-11,1019,138,84,55,39,54,16
2023-10-12,1019,121,87,81,38,34,43
2023-10-13,1019,118,86,71,51,32,20
2023-10-14,1019,119,93,64,37,26,27
2023-10-15,1019,136,85,78,45,51,33
2023-10-16,1019,141,79,60,46,62,14
2023-10-17,1019,123,79,61,45,44,16
2023-10-18,1019,101,78,55,44,23,11
2023-10-19,1019,148,75,89,25,73,64
2023-10-20,1019,122,61,78,55,61,23
2023-10-21,1019,105,95,60,43,10,17
2023-10-22,1019,129,98,100,28,31,72
2023-10-23,1019,100,82,82,42,18,40
2023-10-24,1019,147,86,88,28,61,60
2023-10-25,1019,125,90,67,41,35,26
2023-10-26,1019,109,80,83,29,29,54
2023-10-27,1019,131,82,86,44,49,42
2023-10-28,1019,118,78,63,43,40,20
2023-10-29,1019,149,70,61,36,79,25
2023-10-30,1019,109,71,94,44,38,50
2023-10-31,1019,141,77,62,49,64,13
2023-11-01,1019,135,90,99,52,45,47
2023-11-02,1019,105,83,94,50,22,44
2023-11-03,1019,122,53,66,47,69,19
2023-11-04,1019,130,94,56,38,36,18
2023-11-05,1019,137,84,54,38,53,16
2023-11-06,1019,113,88,61,35,25,26
2023-11-07,1019,119,80,86,39,39,47
2023-11-08,1019,107,72,91,53,35,38
2023-11-09,1019,125,59,97,47,66,50
2023-11-10,1019,122,77,100,24,45,76
2023-11-11,1019,147,83,58,39,64,19
2023-11-12,1019,113,82,63,51,31,12
2023-11-13,1019,111,81,51,41,30,10
2023-11-14,1019,148,82,91,30,66,61
2023-11-15,1019,122,81,78,40,41,38
2023-11-16,1019,126,74,77,43,52,34
2023-11-17,1019,103,72,94,39,31,55
2023-11-18,1019,118,88,58,48,30,10
2023-11-19,1019,127,79,52,43,48,9
2023-11-20,1019,122,91,85,41,31,44
2023-11-21,1019,105,81,53,35,24,18
2023-11-22,1019,118,68,72,39,50,33
2023-11-23,1019,139,67,53,41,72,12
2023-11-24,1019,129,75,78,40,54,38
2023-11-25,1019,141,104,64,47,37,17
2023-11-26,1019,138,73,74,38,65,36
2023-11-27,1019,130,87,95,37,43,58
2023-11-28,1019,109,63,86,38,46,48
2023-11-29,1019,118,82,60,49,36,11
2023-11-30,1019,136,81,100,31,55,69
2023-12-01,1019,118,87,87,46,31,41
2023-12-02,1019,129,95,75,40,34,35
2023-12-03,1019,123,79,62,39,44,23
2023-12-04,1019,138,73,72,36,65,36
2023-12-05,1019,144,65,69,38,79,31
2023-12-06,1019,123,90,69,40,33,29
2023-12-07,1019,122,78,87,38,44,49
2023-12-08,1019,122,77,60,43,45,17
2023-12-09,1019,128,96,79,57,32,22
2023-12-10,1019,119,75,60,27,44,33
2023-12-11,1019,123,81,95,37,42,58
2023-12-12,1019,129,72,100,39,57,61
2023-12-13,1019,114,78,59,43,36,16
2023-12-14,1019,103,71,95,36,32,59
2023-12-15,1019,108,88,69,37,20,32
2023-12-16,1019,114,76,54,50,38,4
2023-12-17,1019,106,79,89,44,27,45
2023-12-18,1019,147,62,88,36,85,52
2023-12-19,1019,140,83,70,39,57,31
2023-12-20,1019,140,81,78,45,59,33
2023-12-21,1019,123,88,77,45,35,32
2023-12-22,1019,138,68,92,39,70,53
2023-12-23,1019,129,77,73,32,52,41
2023-12-24,1019,145,71,59,26,74,33
2023-12-25,1019,106,85,78,31,21,47
2023-12-26,1019,140,82,90,42,58,48
2023-12-27,1019,130,73,90,31,57,59
2023-12-28,1019,121,70,80,45,51,35
2023-12-29,1019,106,82,67,38,24,29
2023-12-30,1019,110,90,68,37,20,31
2023-12-31,1019,113,86,74,37,27,37
2023-01-01,1020,129,80,87,41,49,46
2023-01-02,1020,134,72,68,50,62,18
2023-01-03,1020,119,90,88,33,29,55
2023-01-04,1020,149,63,78,44,86,34
2023-01-05,1020,116,84,77,30,32,47
2023-01-06,1020,100,85,63,34,15,29
2023-01-07,1020,110,73,92,35,37,57
2023-01-08,1020,148,87,52,44,61,8
2023-01-09,1020,105,68,65,41,37,24
2023-01-10,1020,104,71,52,47,33,5
2023-01-11,1020,121,62,88,39,59,49
2023-01-12,1020,139,70,90,46,69,44
2023-01-13,1020,143,100,50,45,43,5
2023-01-14,1020,127,72,98,44,55,54
2023-01-15,1020,108,89,98,46,19,52
2023-01-16,1020,112,73,90,52,39,38
2023-01-17,1020,114,95,54,33,19,21
2023-01-18,1020,124,82,89,27,42,62
2023-01-19,1020,135,71,67,44,64,23
2023-01-20,1020,116,79,57,27,37,30
2023-01-21,1020,142,74,65,44,68,21
2023-01-22,1020,118,77,92,37,41,55
2023-01-23,1020,137,82,78,51,55,27
2023-01-24,1020,138,76,90,52,62,38
2023-01-25,1020,133,72,89,40,61,49
2023-01-26,1020,105,93,95,43,12,52
2023-01-27,1020,118,78,77,45,40,32
2023-01-28,1020,145,79,74,31,66,43
2023-01-29,1020,121,73,67,38,48,29
2023-01-30,1020,148,81,81,35,67,46
2023-01-31,1020,134,82,54,34,52,20
2023-02-01,1020,115,84,57,43,31,14
2023-02-02,1020,109,83,76,41,26,35
2023-02-03,1020,129,72,70,47,57,23
2023-02-04,1020,103,82,68,42,21,26
2023-02-05,1020,117,96,66,38,21,28
2023-02-06,1020,134,103,69,48,31,21
2023-02-07,1020,130,81,56,35,49,21
2023-02-08,1020,103,101,59,45,2,14
2023-02-09,1020,143,77,59,41,66,18
2023-02-10,1020,143,97,78,52,46,26
2023-02-11,1020,146,84,98,42,62,56
2023-02-12,1020,148,95,67,40,53,27
2023-02-13,1020,150,78,76,41,72,35
2023-02-14,1020,150,77,51,46,73,5
2023-02-15,1020,115,89,81,41,26,40
2023-02-16,1020,150,74,62,41,76,21
2023-02-17,1020,118,87,72,50,31,22
2023-02-18,1020,120,88,79,40,32,39
2023-02-19,1020,119,63,92,30,56,62
2023-02-20,1020,132,86,58,48,46,10
2023-02-21,1020,105,79,98,39,26,59
2023-02-22,1020,124,81,55,35,43,20
2023-02-23,1020,131,68,84,28,63,56
2023-02-24,1020,127,74,62,46,53,16
2023-02-25,1020,122,102,59,38,20,21
2023-02-26,1020,115,77,93,34,38,59
2023-02-27,1020,131,91,77,45,40,32
2023-02-28,1020,116,75,57,39,41,18
2023-03-01,1020,133,82,77,27,51,50
2023-03-02,1020,132,81,87,38,51,49
2023-03-03,1020,143,71,51,39,72,12
2023-03-04,1020,127,83,89,31,44,58
2023-03-05,1020,109,91,95,36,18,59
2023-03-06,1020,115,81,93,57,34,36
2023-03-07,1020,144,81,57,54,63,3
2023-03-08,1020,124,89,59,41,35,18
2023-03-09,1020,125,100,91,28,25,63
2023-03-10,1020,150,80,99,39,70,60
2023-03-11,1020,122,78,60,40,44,20
2023-03-12,1020,122,78,99,40,44,59
2023-03-13,1020,126,79,65,38,47,27
2023-03-14,1020,147,69,67,41,78,26
2023-03-15,1020,133,78,68,37,55,31
2023-03-16,1020,105,86,72,36,19,36
2023-03-17,1020,144,83,63,36,61,27
2023-03-18,1020,103,70,78,25,33,53
2023-03-19,1020,116,96,92,40,20,52
2023-03-20,1020,112,86,86,34,26,52
2023-03-21,1020,149,79,52,42,70,10
2023-03-22,1020,143,76,88,47,67,41
2023-03-23,1020,124,81,76,27,43,49
2023-03-24,1020,131,83,83,47,48,36
2023-03-25,1020,103,74,70,33,29,37
2023-03-26,1020,109,80,55,44,29,11
2023-03-27,1020,136,83,58,39,53,19
2023-03-28,1020,138,75,64,44,63,20
2023-03-29,1020,120,83,50,40,37,10
2023-03-30,1020,111,77,74,50,34,24
2023-03-31,1020,115,78,62,46,37,16
2023-04-01,1020,130,82,50,39,48,11
2023-04-02,1020,144,84,96,37,60,59
2023-04-03,1020,112,64,78,33,48,45
2023-04-04,1020,108,79,61,41,29,20
2023-04-05,1020,148,85,89,51,63,38
2023-04-06,1020,117,65,54,38,52,16
2023-04-07,1020,120,78,67,43,42,24
2023-04-08,1020,129,79,85,39,50,46
2023-04-09,1020,125,75,55,40,50,15
2023-04-10,1020,117,83,51,41,34,10
2023-04-11,1020,110,68,68,51,42,17
2023-04-12,1020,128,78,60,36,50,24
2023-04-13,1020,131,90,65,35,41,30
2023-04-14,1020,102,85,98,32,17,66
2023-04-15,1020,118,87,65,35,31,30
2023-04-16,1020,141,76,99,39,65,60
2023-04-17,1020,127,92,58,37,35,21
2023-04-18,1020,144,80,55,48,64,7
2023-04-19,1020,142,80,75,42,62,33
2023-04-20,1020,108,93,86,41,15,45
2023-04-21,1020,111,74,85,45,37,40
2023-04-22,1020,120,72,63,48,48,15
2023-04-23,1020,115,66,60,33,49,27
2023-04-24,1020,103,82,66,39,21,27
2023-04-25,1020,115,85,69,43,30,26
2023-04-26,1020,136,75,73,35,61,38
2023-04-27,1020,143,69,70,41,74,29
2023-04-28,1020,107,80,72,41,27,31
2023-04-29,1020,101,84,78,38,17,40
2023-04-30,1020,118,88,89,29,30,60
2023-05-01,1020,115,85,51,41,30,10
2023-05-02,1020,123,91,91,46,32,45
2023-05-03,1020,145,93,62,39,52,23
2023-05-04,1020,110,77,52,37,33,15
2023-05-05,1020,116,68,88,42,48,46
2023-05-06,1020,126,85,68,41,41,27
2023-05-07,1020,135,91,79,32,44,47
2023-05-08,1020,103,74,66,39,29,27
2023-05-09,1020,106,81,69,41,25,28
2023-05-10,1020,127,80,58,46,47,12
2023-05-11,1020,142,83,62,53,59,9
2023-05-12,1020,149,67,97,29,82,68
2023-05-13,1020,146,72,86,37,74,49
2023-05-14,1020,150,95,80,47,55,33
2023-05-15,1020,104,92,98,34,12,64
2023-05-16,1020,116,88,65,36,28,29
2023-05-17,1020,145,71,90,32,74,58
2023-05-18,1020,112,81,57,42,31,15
2023-05-19,1020,121,94,75,39,27,36
2023-05-20,1020,112,80,75,44,32,31
2023-05-21,1020,132,79,71,47,53,24
2023-05-22,1020,111,84,72,40,27,32
2023-05-23,1020,102,71,56,41,31,15
2023-05-24,1020,140,96,53,35,44,18
2023-05-25,1020,127,82,86,40,45,46
2023-05-26,1020,136,85,80,40,51,40
2023-05-27,1020,131,103,52,48,28,4
2023-05-28,1020,146,81,51,49,65,2
2023-05-29,1020,126,73,98,37,53,61
2023-05-30,1020,134,80,53,51,54,2
2023-05-31,1020,110,65,83,34,45,49
2023-06-01,1020,116,81,50,45,35,5
2023-06-02,1020,140,81,100,38,59,62
2023-06-03,1020,123,91,90,28,32,62
2023-06-04,1020,135,80,75,44,55,31
2023-06-05,1020,115,85,67,32,30,35
2023-06-06,1020,150,75,98,43,75,55
2023-06-07,1020,103,78,52,35,25,17
2023-06-08,1020,130,76,67,33,54,34
2023-06-09,1020,126,89,87,45,37,42
2023-06-10,1020,116,82,65,50,34,15
2023-06-11,1020,146,79,55,37,67,18
2023-06-12,1020,102,83,67,42,19,25
2023-06-13,1020,135,70,94,36,65,58
2023-06-14,1020,104,81,77,33,23,44
2023-06-15,1020,116,91,66,33,25,33
2023-06-16,1020,115,83,67,45,32,22
2023-06-17,1020,103,71,87,42,32,45
2023-06-18,1020,100,84,75,40,16,35
2023-06-19,1020,132,81,59,30,51,29
2023-06-20,1020,134,73,100,36,61,64
2023-06-21,1020,119,85,96,34,34,62
2023-06-22,1020,144,79,51,42,65,9
2023-06-23,1020,123,79,71,37,44,34
2023-06-24,1020,107,73,95,42,34,53
2023-06-25,1020,145,93,86,42,52,44
2023-06-26,1020,143,89,82,39,54,43
2023-06-27,1020,127,87,86,39,40,47
2023-06-28,1020,133,77,68,36,56,32
2023-06-29,1020,131,81,95,47,50,48
2023-06-30,1020,130,82,58,41,48,17
2023-07-01,1020,140,96,56,49,44,7
2023-07-02,1020,149,86,92,46,63,46
2023-07-03,1020,126,84,95,48,42,47
2023-07-04,1020,107,78,83,39,29,44
2023-07-05,1020,143,81,89,34,62,55
2023-07-06,1020,145,62,82,44,83,38
2023-07-07,1020,150,79,91,38,71,53
2023-07-08,1020,101,77,96,43,24,53
2023-07-09,1020,125,79,76,45,46,31
2023-07-10,1020,115,84,69,43,31,26
2023-07-11,1020,110,83,59,39,27,20
2023-07-12,1020,105,72,94,34,33,60
2023-07-13,1020,116,81,56,31,35,25
2023-07-14,1020,105,90,54,35,15,19
2023-07-15,1020,130,81,76,50,49,26
2023-07-16,1020,138,90,89,58,48,31
2023-07-17,1020,143,74,84,29,69,55
2023-07-18,1020,124,80,54,47,44,7
2023-07-19,1020,122,78,80,46,44,34
2023-07-20,1020,123,101,87,39,22,48
2023-07-21,1020,128,72,90,47,56,43
2023-07-22,1020,110,86,61,35,24,26
2023-07-23,1020,109,81,79,32,28,47
2023-07-24,1020,150,72,93,39,78,54
2023-07-25,1020,122,74,94,40,48,54
2023-07-26,1020,110,85,82,32,25,50
2023-07-27,1020,119,92,74,37,27,37
2023-07-28,1020,127,78,79,39,49,40
2023-07-29,1020,131,91,100,31,40,69
2023-07-30,1020,134,82,54,48,52,6
2023-07-31,1020,103,86,59,42,17,17
2023-08-01,1020,121,80,77,40,41,37
2023-08-02,1020,137,84,78,38,53,40
2023-08-03,1020,112,72,92,37,40,55
2023-08-04,1020,147,83,51,45,64,6
2023-08-05,1020,129,67,78,42,62,36
2023-08-06,1020,113,91,70,30,22,40
2023-08-07,1020,113,88,60,44,25,16
2023-08-08,1020,142,81,78,44,61,34
2023-08-09,1020,136,73,75,46,63,29
2023-08-10,1020,104,90,91,36,14,55
2023-08-11,1020,116,83,53,34,33,19
2023-08-12,1020,138,88,83,33,50,50
2023-08-13,1020,125,80,68,40,45,28
2023-08-14,1020,147,76,70,33,71,37
2023-08-15,1020,136,92,74,37,44,37
2023-08-16,1020,132,65,68,39,67,29
2023-08-17,1020,116,82,88,31,34,57
2023-08-18,1020,122,90,99,33,32,66
2023-08-19,1020,144,74,56,45,70,11
2023-08-20,1020,112,68,79,33,44,46
2023-08-21,1020,107,94,70,43,13,27
2023-08-22,1020,139,64,95,41,75,54
2023-08-23,1020,110,79,63,49,31,14
2023-08-24,1020,133,71,70,33,62,37
2023-08-25,1020,103,93,89,35,10,54
2023-08-26,1020,117,91,65,39,26,26
2023-08-27,1020,110,89,61,42,21,19
2023-08-28,1020,106,74,54,33,32,21
2023-08-29,1020,144,80,53,44,64,9
2023-08-30,1020,124,77,63,51,47,12
2023-08-31,1020,140,84,89,26,56,63
2023-09-01,1020,133,91,72,39,42,33
2023-09-02,1020,135,86,88,37,49,51
2023-09-03,1020,120,76,83,56,44,27
2023-09-04,1020,132,72,96,51,60,45
2023-09-05,1020,128,83,65,44,45,21
2023-09-06,1020,141,69,99,36,72,63
2023-09-07,1020,133,84,95,54,49,41
2023-09-08,1020,115,71,83,36,44,47
2023-09-09,1020,115,91,94,40,24,54
2023-09-10,1020,111,96,89,42,15,47
2023-09-11,1020,121,96,93,47,25,46
2023-09-12,1020,135,75,87,42,60,45
2023-09-13,1020,105,90,82,30,15,52
2023-09-14,1020,106,76,81,36,30,45
2023-09-15,1020,106,75,91,40,31,51
2023-09-16,1020,115,98,92,42,17,50
2023-09-17,1020,143,76,61,49,67,12
2023-09-18,1020,139,79,66,35,60,31
2023-09-19,1020,131,85,55,44,46,11
2023-09-20,1020,101,83,67,42,18,25
2023-09-21,1020,129,77,89,45,52,44
2023-09-22,1020,130,77,64,48,53,16
2023-09-23,1020,122,78,77,46,44,31
2023-09-24,1020,116,78,51,36,38,15
2023-09-25,1020,139,78,93,42,61,51
2023-09-26,1020,102,70,79,42,32,37
2023-09-27,1020,115,85,71,45,30,26
2023-09-28,1020,112,60,96,38,52,58
2023-09-29,1020,107,74,86,44,33,42
2023-09-30,1020,118,75,85,51,43,34
2023-10-01,1020,132,84,83,40,48,43
2023-10-02,1020,133,90,50,48,43,2
2023-10-03,1020,123,98,58,43,25,15
2023-10-04,1020,150,75,73,42,75,31
2023-10-05,1020,140,72,67,39,68,28
2023-10-06,1020,106,82,93,54,24,39
2023-10-07,1020,117,82,89,43,35,46
2023-10-08,1020,113,82,51,46,31,5
2023-10-09,1020,124,79,99,43,45,56
2023-10-10,1020,129,77,78,42,52,36
2023-10-11,1020,122,89,98,46,33,52
2023-10-12,1020,146,73,73,45,73,28
2023-10-13,1020,116,82,89,43,34,46
2023-10-14,1020,127,89,56,45,38,11
2023-10-15,1020,122,69,66,44,53,22
2023-10-16,1020,117,78,56,40,39,16
2023-10-17,1020,115,75,64,39,40,25
2023-10-18,1020,102,78,81,48,24,33
2023-10-19,1020,133,79,78,34,54,44
2023-10-20,1020,112,72,85,35,40,50
2023-10-21,1020,127,85,57,40,42,17
2023-10-22,1020,118,95,95,38,23,57
2023-10-23,1020,142,74,89,50,68,39
2023-10-24,1020,105,88,92,36,17,56
2023-10-25,1020,137,78,91,40,59,51
2023-10-26,1020,147,86,87,36,61,51
2023-10-27,1020,133,87,95,52,46,43
2023-10-28,1020,113,88,62,31,25,31
2023-10-29,1020,140,76,62,61,64,1
2023-10-30,1020,145,77,78,36,68,42
2023-10-31,1020,140,82,93,46,58,47
2023-11-01,1020,121,56,61,35,65,26
2023-11-02,1020,117,82,58,37,35,21
2023-11-03,1020,123,91,76,40,32,36
2023-11-04,1020,111,78,76,43,33,33
2023-11-05,1020,142,85,84,47,57,37
2023-11-06,1020,100,82,84,36,18,48
2023-11-07,1020,118,79,61,47,39,14
2023-11-08,1020,129,80,93,36,49,57
2023-11-09,1020,142,65,73,39,77,34
2023-11-10,1020,145,68,53,32,77,21
2023-11-11,1020,139,71,72,49,68,23
2023-11-12,1020,105,79,52,32,26,20
2023-11-13,1020,104,72,65,35,32,30
2023-11-14,1020,132,83,96,41,49,55
2023-11-15,1020,120,82,97,41,38,56
2023-11-16,1020,132,79,74,39,53,35
2023-11-17,1020,146,85,72,44,61,28
2023-11-18,1020,124,71,50,45,53,5
2023-11-19,1020,124,80,92,34,44,58
2023-11-20,1020,138,83,80,39,55,41
2023-11-21,1020,100,72,76,46,28,30
2023-11-22,1020,100,75,87,36,25,51
2023-11-23,1020,109,90,66,46,19,20
2023-11-24,1020,129,68,98,43,61,55
2023-11-25,1020,149,80,80,25,69,55
2023-11-26,1020,112,89,79,42,23,37
2023-11-27,1020,110,79,94,35,31,59
2023-11-28,1020,117,101,60,32,16,28
2023-11-29,1020,149,85,95,39,64,56
2023-11-30,1020,126,74,90,42,52,48
2023-12-01,1020,132,83,66,36,49,30
2023-12-02,1020,105,77,97,40,28,57
2023-12-03,1020,137,84,65,33,53,32
2023-12-04,1020,103,88,57,31,15,26
2023-12-05,1020,150,70,75,43,80,32
2023-12-06,1020,115,91,86,47,24,39
2023-12-07,1020,140,102,69,33,38,36
2023-12-08,1020,113,76,87,46,37,41
2023-12-09,1020,111,83,87,50,28,37
2023-12-10,1020,104,77,85,49,27,36
2023-12-11,1020,110,88,78,41,22,37
2023-12-12,1020,115,78,55,48,37,7
2023-12-13,1020,133,71,83,43,62,40
2023-12-14,1020,131,95,88,40,36,48
2023-12-15,1020,139,85,80,43,54,37
2023-12-16,1020,110,69,89,44,41,45
2023-12-17,1020,131,81,55,45,50,10
2023-12-18,1020,102,82,82,39,20,43
2023-12-19,1020,116,91,73,37,25,36
2023-12-20,1020,112,89,90,48,23,42
2023-12-21,1020,100,73,87,36,27,51
2023-12-22,1020,145,76,67,36,69,31
2023-12-23,1020,113,71,97,46,42,51
2023-12-24,1020,143,79,80,37,64,43
2023-12-25,1020,129,76,54,32,53,22
2023-12-26,1020,135,88,79,42,47,37
2023-12-27,1020,134,96,62,44,38,18
2023-12-28,1020,101,91,64,39,10,25
2023-12-29,1020,138,81,55,40,57,15
2023-12-30,1020,138,71,75,45,67,30
2023-12-31,1020,148,90,68,38,58,30
2023-01-01,1021,114,116,57,33,-2,24
2023-01-02,1021,100,75,77,40,25,37
2023-01-03,1021,108,81,86,52,27,34
2023-01-04,1021,112,69,83,36,43,47
2023-01-05,1021,118,86,50,41,32,9
2023-01-06,1021,105,87,82,35,18,47
2023-01-07,1021,115,80,89,37,35,52
2023-01-08,1021,100,86,100,40,14,60
2023-01-09,1021,128,65,89,33,63,56
2023-01-10,1021,139,91,77,42,48,35
2023-01-11,1021,140,85,77,34,55,43
2023-01-12,1021,122,96,72,37,26,35
2023-01-13,1021,124,87,59,35,37,24
2023-01-14,1021,136,89,78,35,47,43
2023-01-15,1021,104,93,82,37,11,45
2023-01-16,1021,107,69,57,28,38,29
2023-01-17,1021,139,75,85,39,64,46
2023-01-18,1021,102,70,73,34,32,39
2023-01-19,1021,142,85,60,40,57,20
2023-01-20,1021,136,81,53,42,55,11
2023-01-21,1021,140,81,82,42,59,40
2023-01-22,1021,131,90,96,36,41,60
2023-01-23,1021,107,76,61,40,31,21
2023-01-24,1021,143,87,64,36,56,28
2023-01-25,1021,115,81,53,39,34,14
2023-01-26,1021,150,65,85,45,85,40
2023-01-27,1021,123,67,71,37,56,34
2023-01-28,1021,117,86,64,44,31,20
2023-01-29,1021,122,99,79,34,23,45
2023-01-30,1021,134,83,96,39,51,57
2023-01-31,1021,130,85,66,43,45,23
2023-02-01,1021,102,86,97,39,16,58
2023-02-02,1021,104,79,93,50,25,43
2023-02-03,1021,111,71,99,49,40,50
2023-02-04,1021,123,92,65,44,31,21
2023-02-05,1021,126,84,57,45,42,12
2023-02-06,1021,101,74,54,38,27,16
2023-02-07,1021,122,94,61,34,28,27
2023-02-08,1021,115,69,95,33,46,62
2023-02-09,1021,123,85,65,39,38,26
2023-02-10,1021,125,90,64,44,35,20
2023-02-11,1021,125,96,82,41,29,41
2023-02-12,1021,120,79,83,45,41,38
2023-02-13,1021,107,66,82,47,41,35
2023-02-14,1021,106,92,56,32,14,24
2023-02-15,1021,118,77,92,50,41,42
2023-02-16,1021,119,77,82,45,42,37
2023-02-17,1021,139,68,85,38,71,47
2023-02-18,1021,100,83,94,38,17,56
2023-02-19,1021,105,80,60,36,25,24
2023-02-20,1021,106,78,57,49,28,8
2023-02-21,1021,107,79,72,44,28,28
2023-02-22,1021,137,88,82,40,49,42
2023-02-23,1021,150,68,87,51,82,36
2023-02-24,1021,148,75,82,43,73,39
2023-02-25,1021,144,82,60,45,62,15
2023-02-26,1021,130,71,52,42,59,10
2023-02-27,1021,103,71,100,37,32,63
2023-02-28,1021,117,93,60,38,24,22
2023-03-01,1021,106,85,60,41,21,19
2023-03-02,1021,132,84,52,39,48,13
2023-03-03,1021,104,79,99,40,25,59
2023-03-04,1021,128,72,85,48,56,37
2023-03-05,1021,105,85,84,36,20,48
2023-03-06,1021,114,82,62,43,32,19
2023-03-07,1021,128,81,77,43,47,34
2023-03-08,1021,100,84,85,42,16,43
2023-03-09,1021,149,73,59,48,76,11
2023-03-10,1021,136,68,66,49,68,17
2023-03-11,1021,145,79,86,35,66,51
2023-03-12,1021,143,72,92,34,71,58
2023-03-13,1021,129,84,80,38,45,42
2023-03-14,1021,116,73,86,31,43,55
2023-03-15,1021,105,68,71,39,37,32
2023-03-16,1021,131,65,55,36,66,19
2023-03-17,1021,137,73,84,46,64,38
2023-03-18,1021,100,79,55,27,21,28
2023-03-19,1021,110,82,58,59,28,-1
2023-03-20,1021,132,68,59,34,64,25
2023-03-21,1021,146,80,97,47,66,50
2023-03-22,1021,100,69,69,37,31,32
2023-03-23,1021,107,74,78,33,33,45
2023-03-24,1021,148,82,70,31,66,39
2023-03-25,1021,120,87,81,40,33,41
2023-03-26,1021,123,95,68,38,28,30
2023-03-27,1021,142,84,96,50,58,46
2023-03-28,1021,132,76,94,45,56,49
2023-03-29,1021,125,79,85,32,46,53
2023-03-30,1021,121,79,71,38,42,33
2023-03-31,1021,118,84,75,42,34,33
2023-04-01,1021,112,82,78,42,30,36
2023-04-02,1021,100,83,96,39,17,57
2023-04-03,1021,130,79,100,41,51,59
2023-04-04,1021,145,90,100,37,55,63
2023-04-05,1021,117,79,53,40,38,13
2023-04-06,1021,101,68,75,38,33,37
2023-04-07,1021,146,96,76,28,50,48
2023-04-08,1021,120,58,85,43,62,42
2023-04-09,1021,114,85,83,48,29,35
2023-04-10,1021,119,77,87,40,42,47
2023-04-11,1021,147,91,85,38,56,47
2023-04-12,1021,135,92,54,45,43,9
2023-04-13,1021,107,91,55,39,16,16
2023-04-14,1021,137,83,63,48,54,15
2023-04-15,1021,143,100,77,44,43,33
2023-04-16,1021,113,74,59,36,39,23
2023-04-17,1021,133,72,68,42,61,26
2023-04-18,1021,133,86,78,35,47,43
2023-04-19,1021,127,85,89,43,42,46
2023-04-20,1021,127,99,96,29,28,67
2023-04-21,1021,140,72,87,39,68,48
2023-04-22,1021,104,79,78,39,25,39
2023-04-23,1021,124,70,52,37,54,15
2023-04-24,1021,139,86,94,29,53,65
2023-04-25,1021,120,82,58,46,38,12
2023-04-26,1021,102,86,99,43,16,56
2023-04-27,1021,123,75,97,41,48,56
2023-04-28,1021,140,81,62,41,59,21
2023-04-29,1021,100,85,75,37,15,38
2023-04-30,1021,101,87,60,40,14,20
2023-05-01,1021,127,89,85,34,38,51
2023-05-02,1021,140,86,62,43,54,19
2023-05-03,1021,113,81,79,33,32,46
2023-05-04,1021,150,79,50,42,71,8
2023-05-05,1021,130,58,71,44,72,27
2023-05-06,1021,103,70,57,34,33,23
2023-05-07,1021,108,79,67,40,29,27
2023-05-08,1021,137,68,100,32,69,68
2023-05-09,1021,110,70,78,44,40,34
2023-05-10,1021,101,89,97,49,12,48
2023-05-11,1021,135,68,87,26,67,61
2023-05-12,1021,137,66,54,45,71,9
2023-05-13,1021,123,90,70,32,33,38
2023-05-14,1021,133,75,90,44,58,46
2023-05-15,1021,142,85,87,46,57,41
2023-05-16,1021,141,85,54,30,56,24
2023-05-17,1021,122,94,64,49,28,15
2023-05-18,1021,105,69,57,43,36,14
2023-05-19,1021,136,79,50,43,57,7
2023-05-20,1021,116,74,81,41,42,40
2023-05-21,1021,105,82,51,35,23,16
2023-05-22,1021,111,66,52,43,45,9
2023-05-23,1021,114,82,100,41,32,59
2023-05-24,1021,102,113,65,33,-11,32
2023-05-25,1021,112,79,54,42,33,12
2023-05-26,1021,132,84,55,33,48,22
2023-05-27,1021,112,81,100,38,31,62
2023-05-28,1021,104,79,100,50,25,50
2023-05-29,1021,126,93,68,45,33,23
2023-05-30,1021,120,88,89,49,32,40
2023-05-31,1021,146,65,86,30,81,56
2023-06-01,1021,148,73,72,47,75,25
2023-06-02,1021,103,63,53,33,40,20
2023-06-03,1021,134,85,93,40,49,53
2023-06-04,1021,107,84,88,35,23,53
2023-06-05,1021,129,66,78,49,63,29
2023-06-06,1021,125,83,92,36,42,56
2023-06-07,1021,111,69,62,51,42,11
2023-06-08,1021,104,87,77,35,17,42
2023-06-09,1021,145,82,84,46,63,38
2023-06-10,1021,131,90,82,36,41,46
2023-06-11,1021,104,67,62,35,37,27
2023-06-12,1021,117,70,87,39,47,48
2023-06-13,1021,114,78,67,40,36,27
2023-06-14,1021,111,85,54,47,26,7
2023-06-15,1021,149,83,64,46,66,18
2023-06-16,1021,132,87,74,30,45,44
2023-06-17,1021,107,88,51,32,19,19
2023-06-18,1021,109,87,88,29,22,59
2023-06-19,1021,132,66,76,39,66,37
2023-06-20,1021,134,73,71,36,61,35
2023-06-21,1021,127,103,95,49,24,46
2023-06-22,1021,137,69,70,51,68,19
2023-06-23,1021,139,79,87,38,60,49
2023-06-24,1021,128,56,61,33,72,28
2023-06-25,1021,111,68,99,40,43,59
2023-06-26,1021,108,78,50,37,30,13
2023-06-27,1021,116,91,100,36,25,64
2023-06-28,1021,123,78,58,49,45,9
2023-06-29,1021,149,72,99,45,77,54
2023-06-30,1021,135,85,99,28,50,71
2023-07-01,1021,144,78,68,44,66,24
2023-07-02,1021,134,78,96,34,56,62
2023-07-03,1021,112,83,85,51,29,34
2023-07-04,1021,146,82,73,46,64,27
2023-07-05,1021,116,76,91,40,40,51
2023-07-06,1021,128,83,59,43,45,16
2023-07-07,1021,145,57,56,42,88,14
2023-07-08,1021,137,81,80,41,56,39
2023-07-09,1021,134,86,92,39,48,53
2023-07-10,1021,108,81,55,34,27,21
2023-07-11,1021,126,75,62,31,51,31
2023-07-12,1021,123,86,61,45,37,16
2023-07-13,1021,115,76,53,48,39,5
2023-07-14,1021,111,72,61,32,39,29
2023-07-15,1021,112,93,52,40,19,12
2023-07-16,1021,105,88,88,32,17,56
2023-07-17,1021,130,86,68,42,44,26
2023-07-18,1021,118,89,65,32,29,33
2023-07-19,1021,105,91,50,36,14,14
2023-07-20,1021,129,69,87,32,60,55
2023-07-21,1021,127,77,62,35,50,27
2023-07-22,1021,108,85,89,43,23,46
2023-07-23,1021,101,79,87,32,22,55
2023-07-24,1021,113,71,79,49,42,30
2023-07-25,1021,110,93,89,36,17,53
2023-07-26,1021,126,69,88,46,57,42
2023-07-27,1021,136,78,69,50,58,19
2023-07-28,1021,138,71,86,39,67,47
2023-07-29,1021,122,68,59,26,54,33
2023-07-30,1021,108,93,65,38,15,27
2023-07-31,1021,113,85,60,37,28,23
2023-08-01,1021,139,74,81,48,65,33
2023-08-02,1021,137,83,80,39,54,41
2023-08-03,1021,103,66,79,39,37,40
2023-08-04,1021,130,80,74,48,50,26
2023-08-05,1021,105,74,67,40,31,27
2023-08-06,1021,135,74,51,45,61,6
2023-08-07,1021,125,56,73,37,69,36
2023-08-08,1021,144,91,88,34,53,54
2023-08-09,1021,147,78,83,37,69,46
2023-08-10,1021,150,82,75,53,68,22
2023-08-11,1021,113,88,89,49,25,40
2023-08-12,1021,117,81,96,46,36,50
2023-08-13,1021,114,88,83,55,26,28
2023-08-14,1021,144,88,93,44,56,49
2023-08-15,1021,150,79,95,39,71,56
2023-08-16,1021,150,79,62,38,71,24
2023-08-17,1021,111,76,71,28,35,43
2023-08-18,1021,140,88,55,40,52,15
2023-08-19,1021,149,94,97,45,55,52
2023-08-20,1021,110,78,97,33,32,64
2023-08-21,1021,101,79,50,45,22,5
2023-08-22,1021,148,82,61,36,66,25
2023-08-23,1021,116,75,83,44,41,39
2023-08-24,1021,116,93,91,40,23,51
2023-08-25,1021,124,85,63,39,39,24
2023-08-26,1021,117,78,76,43,39,33
2023-08-27,1021,124,79,83,31,45,52
2023-08-28,1021,128,66,68,52,62,16
2023-08-29,1021,113,78,52,41,35,11
2023-08-30,1021,128,94,60,37,34,23
2023-08-31,1021,142,92,72,41,50,31
2023-09-01,1021,146,74,50,36,72,14
2023-09-02,1021,116,98,88,35,18,53
2023-09-03,1021,106,91,99,34,15,65
2023-09-04,1021,126,82,59,35,44,24
2023-09-05,1021,122,77,66,49,45,17
2023-09-06,1021,110,77,77,35,33,42
2023-09-07,1021,131,88,62,49,43,13
2023-09-08,1021,110,77,91,47,33,44
2023-09-09,1021,149,67,51,35,82,16
2023-09-10,1021,140,84,58,34,56,24
2023-09-11,1021,127,75,77,43,52,34
2023-09-12,1021,116,78,79,41,38,38
2023-09-13,1021,133,86,68,36,47,32
2023-09-14,1021,114,93,80,30,21,50
2023-09-15,1021,130,76,85,36,54,49
2023-09-16,1021,105,100,57,46,5,11
2023-09-17,1021,108,105,98,39,3,59
2023-09-18,1021,137,70,57,52,67,5
2023-09-19,1021,116,91,75,46,25,29
2023-09-20,1021,145,76,90,41,69,49
2023-09-21,1021,147,93,70,36,54,34
2023-09-22,1021,138,68,100,40,70,60
2023-09-23,1021,112,93,79,37,19,42
2023-09-24,1021,133,97,65,40,36,25
2023-09-25,1021,117,83,91,35,34,56
2023-09-26,1021,128,81,82,38,47,44
2023-09-27,1021,145,67,75,32,78,43
2023-09-28,1021,131,79,89,32,52,57
2023-09-29,1021,150,81,71,35,69,36
2023-09-30,1021,138,94,54,34,44,20
2023-10-01,1021,146,88,87,37,58,50
2023-10-02,1021,143,99,53,49,44,4
2023-10-03,1021,139,79,100,39,60,61
2023-10-04,1021,139,82,93,32,57,61
2023-10-05,1021,119,81,86,39,38,47
2023-10-06,1021,140,76,58,30,64,28
2023-10-07,1021,142,70,73,42,72,31
2023-10-08,1021,105,90,83,41,15,42
2023-10-09,1021,109,75,73,45,34,28
2023-10-10,1021,104,76,100,26,28,74
2023-10-11,1021,118,71,67,41,47,26
2023-10-12,1021,112,67,88,42,45,46
2023-10-13,1021,121,75,72,40,46,32
2023-10-14,1021,150,72,50,42,78,8
2023-10-15,1021,138,93,92,48,45,44
2023-10-16,1021,144,62,78,46,82,32
2023-10-17,1021,132,74,91,32,58,59
2023-10-18,1021,117,67,59,36,50,23
2023-10-19,1021,111,84,54,47,27,7
2023-10-20,1021,140,91,66,45,49,21
2023-10-21,1021,116,80,65,39,36,26
2023-10-22,1021,104,90,50,37,14,13
2023-10-23,1021,141,73,80,32,68,48
2023-10-24,1021,144,79,75,38,65,37
2023-10-25,1021,113,90,59,39,23,20
2023-10-26,1021,150,84,93,42,66,51
2023-10-27,1021,138,82,72,38,56,34
2023-10-28,1021,126,83,74,32,43,42
2023-10-29,1021,121,77,67,38,44,29
2023-10-30,1021,134,75,91,43,59,48
2023-10-31,1021,136,72,90,30,64,60
2023-11-01,1021,108,98,62,31,10,31
2023-11-02,1021,144,86,65,36,58,29
2023-11-03,1021,135,85,78,37,50,41
2023-11-04,1021,105,76,76,45,29,31
2023-11-05,1021,108,61,82,35,47,47
2023-11-06,1021,138,67,53,30,71,23
2023-11-07,1021,107,90,83,27,17,56
2023-11-08,1021,114,88,66,35,26,31
2023-11-09,1021,106,75,97,38,31,59
2023-11-10,1021,110,77,59,47,33,12
2023-11-11,1021,126,88,66,36,38,30
2023-11-12,1021,141,63,52,27,78,25
2023-11-13,1021,134,74,61,30,60,31
2023-11-14,1021,144,84,65,36,60,29
2023-11-15,1021,136,66,52,34,70,18
2023-11-16,1021,114,83,86,39,31,47
2023-11-17,1021,129,87,57,36,42,21
2023-11-18,1021,117,80,66,35,37,31
2023-11-19,1021,123,72,90,42,51,48
2023-11-20,1021,133,73,95,41,60,54
2023-11-21,1021,105,80,58,40,25,18
2023-11-22,1021,113,72,50,46,41,4
2023-11-23,1021,133,78,64,33,55,31
2023-11-24,1021,105,84,54,38,21,16
2023-11-25,1021,136,90,55,46,46,9
2023-11-26,1021,119,74,92,42,45,50
2023-11-27,1021,107,81,72,35,26,37
2023-11-28,1021,148,76,69,41,72,28
2023-11-29,1021,108,78,55,34,30,21
2023-11-30,1021,141,84,79,38,57,41
2023-12-01,1021,149,81,59,42,68,17
2023-12-02,1021,128,73,72,48,55,24
2023-12-03,1021,148,77,75,38,71,37
2023-12-04,1021,100,86,94,33,14,61
2023-12-05,1021,148,77,94,46,71,48
2023-12-06,1021,112,77,69,45,35,24
2023-12-07,1021,133,80,66,49,53,17
2023-12-08,1021,125,64,69,47,61,22
2023-12-09,1021,109,86,70,32,23,38
2023-12-10,1021,129,101,83,35,28,48
2023-12-11,1021,143,86,100,38,57,62
2023-12-12,1021,104,76,73,37,28,36
2023-12-13,1021,118,78,58,35,40,23
2023-12-14,1021,149,73,97,40,76,57
2023-12-15,1021,121,89,51,38,32,13
2023-12-16,1021,125,75,81,40,50,41
2023-12-17,1021,106,96,62,36,10,26
2023-12-18,1021,112,84,98,42,28,56
2023-12-19,1021,148,68,69,37,80,32
2023-12-20,1021,113,81,63,43,32,20
2023-12-21,1021,109,76,65,44,33,21
2023-12-22,1021,135,80,50,35,55,15
2023-12-23,1021,135,66,51,42,69,9
2023-12-24,1021,130,77,97,44,53,53
2023-12-25,1021,134,77,72,36,57,36
2023-12-26,1021,146,95,84,51,51,33
2023-12-27,1021,127,63,88,37,64,51
2023-12-28,1021,111,81,54,39,30,15
2023-12-29,1021,129,85,60,37,44,23
2023-12-30,1021,113,72,81,41,41,40
2023-12-31,1021,116,74,61,32,42,29
2023-01-01,1022,106,64,82,42,42,40
2023-01-02,1022,145,87,52,39,58,13
2023-01-03,1022,140,79,63,46,61,17
2023-01-04,1022,144,87,51,38,57,13
2023-01-05,1022,127,95,99,35,32,64
2023-01-06,1022,148,75,68,28,73,40
2023-01-07,1022,140,84,89,42,56,47
2023-01-08,1022,136,80,81,42,56,39
2023-01-09,1022,124,77,73,44,47,29
2023-01-10,1022,141,74,95,36,67,59
2023-01-11,1022,105,67,77,47,38,30
2023-01-12,1022,145,80,57,35,65,22
2023-01-13,1022,135,62,98,34,73,64
2023-01-14,1022,148,79,80,42,69,38
2023-01-15,1022,137,90,95,33,47,62
2023-01-16,1022,123,87,60,45,36,15
2023-01-17,1022,136,73,72,43,63,29
2023-01-18,1022,104,73,98,54,31,44
2023-01-19,1022,124,73,91,35,51,56
2023-01-20,1022,129,86,82,42,43,40
2023-01-21,1022,126,87,95,23,39,72
2023-01-22,1022,107,76,56,31,31,25
2023-01-23,1022,123,62,99,40,61,59
2023-01-24,1022,106,92,93,39,14,54
2023-01-25,1022,125,78,79,32,47,47
2023-01-26,1022,102,60,77,42,42,35
2023-01-27,1022,150,96,69,44,54,25
2023-01-28,1022,103,74,65,46,29,19
2023-01-29,1022,139,79,65,40,60,25
2023-01-30,1022,126,85,61,40,41,21
2023-01-31,1022,122,81,70,46,41,24
2023-02-01,1022,100,83,70,39,17,31
2023-02-02,1022,118,67,67,41,51,26
2023-02-03,1022,142,64,77,40,78,37
2023-02-04,1022,109,85,82,63,24,19
2023-02-05,1022,134,89,98,33,45,65
2023-02-06,1022,127,73,81,40,54,41
2023-02-07,1022,114,80,97,39,34,58
2023-02-08,1022,131,92,51,46,39,5
2023-02-09,1022,109,78,98,54,31,44
2023-02-10,1022,128,80,66,36,48,30
2023-02-11,1022,118,79,70,37,39,33
2023-02-12,1022,112,93,75,46,19,29
2023-02-13,1022,134,64,81,40,70,41
2023-02-14,1022,131,88,79,36,43,43
2023-02-15,1022,124,53,85,38,71,47
2023-02-16,1022,109,85,65,55,24,10
2023-02-17,1022,128,98,90,52,30,38
2023-02-18,1022,129,82,81,26,47,55
2023-02-19,1022,115,63,96,40,52,56
2023-02-20,1022,136,82,88,30,54,58
2023-02-21,1022,112,85,62,28,27,34
2023-02-22,1022,114,68,60,35,46,25
2023-02-23,1022,134,84,91,41,50,50
2023-02-24,1022,147,80,81,40,67,41
2023-02-25,1022,146,89,67,50,57,17
2023-02-26,1022,132,79,65,40,53,25
2023-02-27,1022,131,76,99,38,55,61
2023-02-28,1022,120,86,67,47,34,20
2023-03-01,1022,123,87,52,29,36,23
2023-03-02,1022,103,86,54,31,17,23
2023-03-03,1022,133,77,55,38,56,17
2023-03-04,1022,102,85,61,27,17,34
2023-03-05,1022,109,63,64,37,46,27
2023-03-06,1022,120,88,64,37,32,27
2023-03-07,1022,144,77,54,36,67,18
2023-03-08,1022,135,72,99,38,63,61
2023-03-09,1022,116,68,66,43,48,23
2023-03-10,1022,118,80,91,45,38,46
2023-03-11,1022,146,75,84,48,71,36
2023-03-12,1022,145,81,62,52,64,10
2023-03-13,1022,106,74,53,44,32,9
2023-03-14,1022,135,77,89,33,58,56
2023-03-15,1022,110,67,60,33,43,27
2023-03-16,1022,119,71,77,42,48,35
2023-03-17,1022,134,82,88,38,52,50
2023-03-18,1022,150,69,82,40,81,42
2023-03-19,1022,140,76,86,38,64,48
2023-03-20,1022,116,86,79,43,30,36
2023-03-21,1022,103,84,81,43,19,38
2023-03-22,1022,108,81,99,32,27,67
2023-03-23,1022,119,69,83,38,50,45
2023-03-24,1022,133,89,71,33,44,38
2023-03-25,1022,108,93,70,37,15,33
2023-03-26,1022,111,69,93,47,42,46
2023-03-27,1022,115,93,56,38,22,18
2023-03-28,1022,140,83,69,45,57,24
2023-03-29,1022,122,78,66,50,44,16
2023-03-30,1022,104,87,83,43,17,40
2023-03-31,1022,124,68,51,50,56,1
2023-04-01,1022,125,88,71,42,37,29
2023-04-02,1022,118,75,63,37,43,26
2023-04-03,1022,129,70,85,32,59,53
2023-04-04,1022,104,77,57,45,27,12
2023-04-05,1022,129,91,82,38,38,44
2023-04-06,1022,101,90,60,43,11,17
2023-04-07,1022,143,64,51,30,79,21
2023-04-08,1022,131,79,89,39,52,50
2023-04-09,1022,139,82,93,51,57,42
2023-04-10,1022,101,90,70,35,11,35
2023-04-11,1022,121,87,68,31,34,37
2023-04-12,1022,103,84,70,36,19,34
2023-04-13,1022,136,85,54,40,51,14
2023-04-14,1022,104,75,100,49,29,51
2023-04-15,1022,148,81,76,35,67,41
2023-04-16,1022,122,71,80,38,51,42
2023-04-17,1022,126,87,92,45,39,47
2023-04-18,1022,148,67,57,43,81,14
2023-04-19,1022,133,84,65,31,49,34
2023-04-20,1022,133,92,71,37,41,34
2023-04-21,1022,137,82,98,31,55,67
2023-04-22,1022,135,89,79,28,46,51
2023-04-23,1022,132,79,68,50,53,18
2023-04-24,1022,145,68,68,38,77,30
2023-04-25,1022,117,94,61,32,23,29
2023-04-26,1022,149,68,77,37,81,40
2023-04-27,1022,139,63,61,30,76,31
2023-04-28,1022,127,58,79,33,69,46
2023-04-29,1022,129,78,79,35,51,44
2023-04-30,1022,108,83,85,45,25,40
2023-05-01,1022,139,79,70,39,60,31
2023-05-02,1022,148,68,57,37,80,20
2023-05-03,1022,108,75,80,26,33,54
2023-05-04,1022,139,67,82,47,72,35
2023-05-05,1022,145,81,63,44,64,19
2023-05-06,1022,137,87,76,46,50,30
2023-05-07,1022,146,97,95,36,49,59
2023-05-08,1022,133,96,63,38,37,25
2023-05-09,1022,104,69,83,39,35,44
2023-05-10,1022,109,91,92,38,18,54
2023-05-11,1022,131,71,82,39,60,43
2023-05-12,1022,127,87,51,42,40,9
2023-05-13,1022,101,71,99,40,30,59
2023-05-14,1022,114,86,52,35,28,17
2023-05-15,1022,126,77,65,38,49,27
2023-05-16,1022,103,82,69,41,21,28
2023-05-17,1022,134,79,67,39,55,28
2023-05-18,1022,132,91,62,35,41,27
2023-05-19,1022,112,91,52,38,21,14
2023-05-20,1022,142,73,50,37,69,13
2023-05-21,1022,113,78,89,46,35,43
2023-05-22,1022,138,74,84,38,64,46
2023-05-23,1022,125,68,69,48,57,21
2023-05-24,1022,101,81,76,39,20,37
2023-05-25,1022,130,69,59,41,61,18
2023-05-26,1022,145,68,85,39,77,46
2023-05-27,1022,120,87,85,31,33,54
2023-05-28,1022,129,68,76,38,61,38
2023-05-29,1022,116,70,91,44,46,47
2023-05-30,1022,144,71,91,44,73,47
2023-05-31,1022,139,77,71,48,62,23
2023-06-01,1022,147,81,96,44,66,52
2023-06-02,1022,142,86,74,31,56,43
2023-06-03,1022,129,80,93,35,49,58
2023-06-04,1022,110,74,89,33,36,56
2023-06-05,1022,144,81,57,36,63,21
2023-06-06,1022,119,86,66,30,33,36
2023-06-07,1022,137,88,65,34,49,31
2023-06-08,1022,140,85,77,39,55,38
2023-06-09,1022,115,78,68,40,37,28
2023-06-10,1022,101,72,85,41,29,44
2023-06-11,1022,118,81,63,43,37,20
2023-06-12,1022,107,82,76,36,25,40
2023-06-13,1022,124,66,80,37,58,43
2023-06-14,1022,104,82,98,45,22,53
2023-06-15,1022,141,83,70,38,58,32
2023-06-16,1022,114,85,90,43,29,47
2023-06-17,1022,119,73,86,41,46,45
2023-06-18,1022,146,82,91,39,64,52
2023-06-19,1022,102,89,86,44,13,42
2023-06-20,1022,121,77,80,42,44,38
2023-06-21,1022,109,77,63,47,32,16
2023-06-22,1022,142,83,73,40,59,33
2023-06-23,1022,117,83,67,47,34,20
2023-06-24,1022,149,84,67,43,65,24
2023-06-25,1022,118,91,66,38,27,28
2023-06-26,1022,119,80,58,42,39,16
2023-06-27,1022,135,90,51,46,45,5
2023-06-28,1022,102,84,64,43,18,21
2023-06-29,1022,108,89,99,50,19,49
2023-06-30,1022,115,96,83,41,19,42
2023-07-01,1022,145,72,75,34,73,41
2023-07-02,1022,107,73,53,33,34,20
2023-07-03,1022,128,99,59,40,29,19
2023-07-04,1022,115,75,73,34,40,39
2023-07-05,1022,102,83,96,34,19,62
2023-07-06,1022,107,87,93,33,20,60
2023-07-07,1022,146,85,74,57,61,17
2023-07-08,1022,112,84,92,42,28,50
2023-07-09,1022,117,77,70,39,40,31
2023-07-10,1022,147,77,58,41,70,17
2023-07-11,1022,117,91,67,35,26,32
2023-07-12,1022,106,84,78,47,22,31
2023-07-13,1022,109,89,59,45,20,14
2023-07-14,1022,113,78,80,45,35,35
2023-07-15,1022,143,61,96,41,82,55
2023-07-16,1022,146,72,90,41,74,49
2023-07-17,1022,109,93,62,46,16,16
2023-07-18,1022,110,83,75,42,27,33
2023-07-19,1022,129,77,83,43,52,40
2023-07-20,1022,101,73,79,32,28,47
2023-07-21,1022,141,75,52,44,66,8
2023-07-22,1022,125,69,92,43,56,49
2023-07-23,1022,147,68,70,40,79,30
2023-07-24,1022,149,82,52,36,67,16
2023-07-25,1022,122,93,89,42,29,47
2023-07-26,1022,130,89,57,47,41,10
2023-07-27,1022,104,64,68,29,40,39
2023-07-28,1022,139,109,53,38,30,15
2023-07-29,1022,115,83,93,44,32,49
2023-07-30,1022,105,91,94,49,14,45
2023-07-31,1022,109,77,57,26,32,31
2023-08-01,1022,102,79,51,47,23,4
2023-08-02,1022,123,87,75,44,36,31
2023-08-03,1022,139,84,61,33,55,28
2023-08-04,1022,105,86,50,32,19,18
2023-08-05,1022,128,79,98,33,49,65
2023-08-06,1022,106,82,52,36,24,16
2023-08-07,1022,110,71,69,42,39,27
2023-08-08,1022,101,86,83,29,15,54
2023-08-09,1022,150,77,92,41,73,51
2023-08-10,1022,109,77,60,32,32,28
2023-08-11,1022,141,96,52,39,45,13
2023-08-12,1022,147,76,77,44,71,33
2023-08-13,1022,123,72,78,32,51,46
2023-08-14,1022,140,92,57,42,48,15
2023-08-15,1022,144,77,87,46,67,41
2023-08-16,1022,149,96,74,37,53,37
2023-08-17,1022,104,81,75,37,23,38
2023-08-18,1022,132,84,95,40,48,55
2023-08-19,1022,150,78,87,43,72,44
2023-08-20,1022,119,82,83,49,37,34
2023-08-21,1022,148,100,80,49,48,31
2023-08-22,1022,124,83,71,31,41,40
2023-08-23,1022,132,82,81,54,50,27
2023-08-24,1022,136,91,58,40,45,18
2023-08-25,1022,133,82,55,36,51,19
2023-08-26,1022,111,82,81,39,29,42
2023-08-27,1022,132,60,78,42,72,36
2023-08-28,1022,114,96,78,39,18,39
2023-08-29,1022,111,82,89,38,29,51
2023-08-30,1022,109,76,50,48,33,2
2023-08-31,1022,128,93,69,38,35,31
2023-09-01,1022,104,65,75,37,39,38
2023-09-02,1022,100,73,81,31,27,50
2023-09-03,1022,112,93,65,34,19,31
2023-09-04,1022,131,69,62,41,62,21
2023-09-05,1022,132,67,90,39,65,51
2023-09-06,1022,118,71,52,36,47,16
2023-09-07,1022,105,83,82,32,22,50
2023-09-08,1022,122,76,79,44,46,35
2023-09-09,1022,109,77,52,45,32,7
2023-09-10,1022,123,75,60,38,48,22
2023-09-11,1022,114,68,86,50,46,36
2023-09-12,1022,120,82,85,45,38,40
2023-09-13,1022,131,76,92,46,55,46
2023-09-14,1022,100,85,87,44,15,43
2023-09-15,1022,106,76,74,35,30,39
2023-09-16,1022,122,75,64,44,47,20
2023-09-17,1022,146,81,63,53,65,10
2023-09-18,1022,140,62,54,38,78,16
2023-09-19,1022,138,99,79,31,39,48
2023-09-20,1022,115,79,86,38,36,48
2023-09-21,1022,128,88,59,49,40,10
2023-09-22,1022,110,95,98,50,15,48
2023-09-23,1022,132,77,96,55,55,41
2023-09-24,1022,118,73,90,43,45,47
2023-09-25,1022,119,80,79,30,39,49
2023-09-26,1022,106,83,78,31,23,47
2023-09-27,1022,130,74,96,40,56,56
2023-09-28,1022,112,85,80,38,27,42
2023-09-29,1022,138,79,60,51,59,9
2023-09-30,1022,103,62,82,42,41,40
2023-10-01,1022,102,85,69,50,17,19
2023-10-02,1022,142,83,73,47,59,26
2023-10-03,1022,117,60,72,46,57,26
2023-10-04,1022,143,73,83,43,70,40
2023-10-05,1022,140,82,73,35,58,38
2023-10-06,1022,129,91,59,38,38,21
2023-10-07,1022,146,71,94,24,75,70
2023-10-08,1022,149,87,80,32,62,48
2023-10-09,1022,141,90,86,37,51,49
2023-10-10,1022,120,74,55,38,46,17
2023-10-11,1022,146,80,100,37,66,63
2023-10-12,1022,108,83,94,33,25,61
2023-10-13,1022,123,100,68,35,23,33
2023-10-14,1022,102,82,60,39,20,21
2023-10-15,1022,124,57,99,51,67,48
2023-10-16,1022,115,83,82,27,32,55
2023-10-17,1022,142,75,69,41,67,28
2023-10-18,1022,131,78,79,39,53,40
2023-10-19,1022,129,79,78,43,50,35
2023-10-20,1022,145,71,90,38,74,52
2023-10-21,1022,114,85,89,35,29,54
2023-10-22,1022,144,75,81,41,69,40
2023-10-23,1022,129,77,71,34,52,37
2023-10-24,1022,100,87,85,42,13,43
2023-10-25,1022,123,75,87,43,48,44
2023-10-26,1022,133,84,68,35,49,33
2023-10-27,1022,138,79,64,40,59,24
2023-10-28,1022,143,107,98,34,36,64
2023-10-29,1022,105,84,54,47,21,7
2023-10-30,1022,104,74,80,46,30,34
2023-10-31,1022,147,70,89,50,77,39
2023-11-01,1022,116,81,71,35,35,36
2023-11-02,1022,101,78,51,30,23,21
2023-11-03,1022,100,100,62,34,0,28
2023-11-04,1022,104,81,79,46,23,33
2023-11-05,1022,122,74,55,46,48,9
2023-11-06,1022,147,83,90,36,64,54
2023-11-07,1022,131,74,53,42,57,11
2023-11-08,1022,144,71,68,43,73,25
2023-11-09,1022,107,72,68,37,35,31
2023-11-10,1022,119,82,83,44,37,39
2023-11-11,1022,115,87,74,43,28,31
2023-11-12,1022,133,77,68,51,56,17
2023-11-13,1022,133,72,90,50,61,40
2023-11-14,1022,121,98,100,30,23,70
2023-11-15,1022,110,85,86,32,25,54
2023-11-16,1022,141,76,72,42,65,30
2023-11-17,1022,137,59,84,35,78,49
2023-11-18,1022,123,83,68,33,40,35
2023-11-19,1022,127,71,71,48,56,23
2023-11-20,1022,120,93,72,33,27,39
2023-11-21,1022,129,78,54,33,51,21
2023-11-22,1022,142,85,93,39,57,54
2023-11-23,1022,112,83,54,45,29,9
2023-11-24,1022,101,90,56,31,11,25
2023-11-25,1022,104,54,67,48,50,19
2023-11-26,1022,139,88,72,32,51,40
2023-11-27,1022,114,83,98,45,31,53
2023-11-28,1022,132,101,85,36,31,49
2023-11-29,1022,106,78,50,38,28,12
2023-11-30,1022,112,67,89,51,45,38
2023-12-01,1022,136,73,62,49,63,13
2023-12-02,1022,138,71,51,51,67,0
2023-12-03,1022,103,86,51,36,17,15
2023-12-04,1022,109,95,50,37,14,13
2023-12-05,1022,131,73,88,39,58,49
2023-12-06,1022,102,78,71,42,24,29
2023-12-07,1022,111,78,64,38,33,26
2023-12-08,1022,129,74,80,37,55,43
2023-12-09,1022,141,79,71,50,62,21
2023-12-10,1022,133,85,56,29,48,27
2023-12-11,1022,108,84,76,49,24,27
2023-12-12,1022,100,60,88,52,40,36
2023-12-13,1022,139,94,69,47,45,22
2023-12-14,1022,121,66,97,40,55,57
2023-12-15,1022,137,78,64,40,59,24
2023-12-16,1022,137,74,89,43,63,46
2023-12-17,1022,122,78,74,39,44,35
2023-12-18,1022,134,70,54,34,64,20
2023-12-19,1022,140,76,76,56,64,20
2023-12-20,1022,134,87,77,32,47,45
2023-12-21,1022,138,93,72,50,45,22
2023-12-22,1022,104,75,95,38,29,57
2023-12-23,1022,106,76,55,40,30,15
2023-12-24,1022,144,94,77,49,50,28
2023-12-25,1022,141,58,81,50,83,31
2023-12-26,1022,135,78,59,60,57,-1
2023-12-27,1022,108,76,93,51,32,42
2023-12-28,1022,134,69,77,31,65,46
2023-12-29,1022,128,61,62,30,67,32
2023-12-30,1022,110,85,50,39,25,11
2023-12-31,1022,136,62,88,48,74,40
2023-01-01,1023,117,92,51,31,25,20
2023-01-02,1023,118,87,68,33,31,35
2023-01-03,1023,121,74,99,36,47,63
2023-01-04,1023,134,73,94,34,61,60
2023-01-05,1023,137,81,70,43,56,27
2023-01-06,1023,134,90,58,42,44,16
2023-01-07,1023,139,73,55,41,66,14
2023-01-08,1023,118,73,83,41,45,42
2023-01-09,1023,135,73,94,41,62,53
2023-01-10,1023,124,83,96,36,41,60
2023-01-11,1023,148,75,84,46,73,38
2023-01-12,1023,106,71,63,37,35,26
2023-01-13,1023,142,69,70,37,73,33
2023-01-14,1023,131,80,63,36,51,27
2023-01-15,1023,125,79,87,44,46,43
2023-01-16,1023,140,83,66,47,57,19
2023-01-17,1023,114,68,69,37,46,32
2023-01-18,1023,112,90,72,34,22,38
2023-01-19,1023,134,60,79,36,74,43
2023-01-20,1023,141,80,51,37,61,14
2023-01-21,1023,119,73,58,31,46,27
2023-01-22,1023,139,73,75,42,66,33
2023-01-23,1023,130,86,98,38,44,60
2023-01-24,1023,141,94,99,46,47,53
2023-01-25,1023,109,85,91,45,24,46
2023-01-26,1023,139,89,78,45,50,33
2023-01-27,1023,113,85,89,45,28,44
2023-01-28,1023,133,82,98,44,51,54
2023-01-29,1023,121,91,51,40,30,11
2023-01-30,1023,123,69,56,44,54,12
2023-01-31,1023,110,87,67,52,23,15
2023-02-01,1023,102,71,81,45,31,36
2023-02-02,1023,138,71,71,42,67,29
2023-02-03,1023,108,79,68,36,29,32
2023-02-04,1023,147,82,75,40,65,35
2023-02-05,1023,134,78,67,33,56,34
2023-02-06,1023,147,89,91,43,58,48
2023-02-07,1023,128,64,73,41,64,32
2023-02-08,1023,101,90,73,37,11,36
2023-02-09,1023,130,74,92,33,56,59
2023-02-10,1023,144,86,64,37,58,27
2023-02-11,1023,130,81,69,33,49,36
2023-02-12,1023,146,78,61,37,68,24
2023-02-13,1023,142,76,93,42,66,51
2023-02-14,1023,144,81,65,36,63,29
2023-02-15,1023,133,69,52,34,64,18
2023-02-16,1023,126,103,63,35,23,28
2023-02-17,1023,106,72,55,35,34,20
2023-02-18,1023,106,82,100,53,24,47
2023-02-19,1023,111,66,88,44,45,44
2023-02-20,1023,146,66,100,47,80,53
2023-02-21,1023,112,98,66,34,14,32
2023-02-22,1023,145,74,93,53,71,40
2023-02-23,1023,103,94,74,48,9,26
2023-02-24,1023,110,74,65,35,36,30
2023-02-25,1023,102,96,70,38,6,32
2023-02-26,1023,116,78,60,40,38,20
2023-02-27,1023,134,87,51,45,47,6
2023-02-28,1023,143,80,54,33,63,21
2023-03-01,1023,114,86,60,33,28,27
2023-03-02,1023,100,81,97,35,19,62
2023-03-03,1023,120,87,95,40,33,55
2023-03-04,1023,105,92,78,50,13,28
2023-03-05,1023,124,76,69,37,48,32
2023-03-06,1023,122,98,73,30,24,43
2023-03-07,1023,141,81,75,40,60,35
2023-03-08,1023,115,66,91,30,49,61
2023-03-09,1023,114,83,57,40,31,17
2023-03-10,1023,150,80,87,41,70,46
2023-03-11,1023,104,71,81,43,33,38
2023-03-12,1023,105,72,69,45,33,24
2023-03-13,1023,135,93,57,36,42,21
2023-03-14,1023,147,78,60,44,69,16
2023-03-15,1023,145,88,69,37,57,32
2023-03-16,1023,103,75,65,50,28,15
2023-03-17,1023,146,78,61,55,68,6
2023-03-18,1023,110,74,75,36,36,39
2023-03-19,1023,134,70,63,36,64,27
2023-03-20,1023,130,77,81,39,53,42
2023-03-21,1023,145,83,97,32,62,65
2023-03-22,1023,147,72,77,29,75,48
2023-03-23,1023,127,75,75,34,52,41
2023-03-24,1023,114,77,81,35,37,46
2023-03-25,1023,115,83,63,49,32,14
2023-03-26,1023,143,80,89,50,63,39
2023-03-27,1023,100,94,52,45,6,7
2023-03-28,1023,103,86,80,33,17,47
2023-03-29,1023,110,65,67,36,45,31
2023-03-30,1023,107,91,65,43,16,22
2023-03-31,1023,135,73,63,40,62,23
2023-04-01,1023,138,71,94,51,67,43
2023-04-02,1023,135,85,59,42,50,17
2023-04-03,1023,121,70,53,45,51,8
2023-04-04,1023,129,73,76,38,56,38
2023-04-05,1023,113,59,55,36,54,19
2023-04-06,1023,146,85,65,37,61,28
2023-04-07,1023,103,74,74,35,29,39
2023-04-08,1023,121,72,95,36,49,59
2023-04-09,1023,137,81,58,41,56,17
2023-04-10,1023,101,79,98,34,22,64
2023-04-11,1023,109,66,73,37,43,36
2023-04-12,1023,117,99,88,42,18,46
2023-04-13,1023,123,89,51,41,34,10
2023-04-14,1023,143,85,57,33,58,24
2023-04-15,1023,126,103,93,40,23,53
2023-04-16,1023,141,89,53,39,52,14
2023-04-17,1023,104,80,77,43,24,34
2023-04-18,1023,104,68,67,46,36,21
2023-04-19,1023,115,93,90,54,22,36
2023-04-20,1023,107,96,80,44,11,36
2023-04-21,1023,113,77,58,38,36,20
2023-04-22,1023,137,80,84,39,57,45
2023-04-23,1023,129,78,61,35,51,26
2023-04-24,1023,148,76,69,43,72,26
2023-04-25,1023,116,78,66,30,38,36
2023-04-26,1023,103,83,75,32,20,43
2023-04-27,1023,111,69,66,33,42,33
2023-04-28,1023,131,86,87,37,45,50
2023-04-29,1023,121,82,76,49,39,27
2023-04-30,1023,125,72,67,45,53,22
2023-05-01,1023,148,90,78,33,58,45
2023-05-02,1023,140,78,92,46,62,46
2023-05-03,1023,128,92,56,44,36,12
2023-05-04,1023,144,73,87,36,71,51
2023-05-05,1023,124,78,92,47,46,45
2023-05-06,1023,131,78,58,39,53,19
2023-05-07,1023,112,80,88,44,32,44
2023-05-08,1023,109,89,51,40,20,11
2023-05-09,1023,147,74,86,41,73,45
2023-05-10,1023,106,79,77,41,27,36
2023-05-11,1023,140,78,77,37,62,40
2023-05-12,1023,119,88,92,43,31,49
2023-05-13,1023,132,75,82,42,57,40
2023-05-14,1023,126,66,100,53,60,47
2023-05-15,1023,139,78,68,37,61,31
2023-05-16,1023,125,70,56,39,55,17
2023-05-17,1023,110,88,57,32,22,25
2023-05-18,1023,104,81,56,43,23,13
2023-05-19,1023,150,92,80,50,58,30
2023-05-20,1023,122,67,90,32,55,58
2023-05-21,1023,124,88,57,33,36,24
2023-05-22,1023,113,87,84,36,26,48
2023-05-23,1023,144,81,97,43,63,54
2023-05-24,1023,125,80,81,39,45,42
2023-05-25,1023,118,81,71,40,37,31
2023-05-26,1023,121,79,99,53,42,46
2023-05-27,1023,130,81,96,48,49,48
2023-05-28,1023,128,73,62,33,55,29
2023-05-29,1023,150,88,94,43,62,51
2023-05-30,1023,149,76,53,45,73,8
2023-05-31,1023,104,73,59,28,31,31
2023-06-01,1023,102,90,61,37,12,24
2023-06-02,1023,147,98,67,45,49,22
2023-06-03,1023,140,86,61,33,54,28
2023-06-04,1023,103,87,90,38,16,52
2023-06-05,1023,148,78,62,38,70,24
2023-06-06,1023,107,80,57,35,27,22
2023-06-07,1023,139,78,57,46,61,11
2023-06-08,1023,142,86,84,59,56,25
2023-06-09,1023,136,74,64,31,62,33
2023-06-10,1023,146,78,99,49,68,50
2023-06-11,1023,109,82,53,35,27,18
2023-06-12,1023,130,83,98,29,47,69
2023-06-13,1023,139,81,59,36,58,23
2023-06-14,1023,143,77,91,37,66,54
2023-06-15,1023,141,68,82,41,73,41
2023-06-16,1023,125,83,66,30,42,36
2023-06-17,1023,134,98,90,35,36,55
2023-06-18,1023,110,64,100,35,46,65
2023-06-19,1023,103,63,97,35,40,62
2023-06-20,1023,150,88,69,27,62,42
2023-06-21,1023,140,90,61,34,50,27
2023-06-22,1023,122,87,53,28,35,25
2023-06-23,1023,125,63,70,29,62,41
2023-06-24,1023,133,83,66,40,50,26
2023-06-25,1023,101,81,67,35,20,32
2023-06-26,1023,144,80,54,50,64,4
2023-06-27,1023,143,85,97,46,58,51
2023-06-28,1023,133,68,82,37,65,45
2023-06-29,1023,108,71,76,41,37,35
2023-06-30,1023,131,100,97,39,31,58
2023-07-01,1023,125,73,62,35,52,27
2023-07-02,1023,137,85,57,46,52,11
2023-07-03,1023,139,88,79,49,51,30
2023-07-04,1023,103,76,91,37,27,54
2023-07-05,1023,115,99,80,34,16,46
2023-07-06,1023,117,84,83,25,33,58
2023-07-07,1023,116,83,83,42,33,41
2023-07-08,1023,108,99,56,33,9,23
2023-07-09,1023,129,74,66,46,55,20
2023-07-10,1023,102,76,75,43,26,32
2023-07-11,1023,104,90,86,29,14,57
2023-07-12,1023,104,81,100,47,23,53
2023-07-13,1023,143,79,69,33,64,36
2023-07-14,1023,126,95,90,53,31,37
2023-07-15,1023,148,71,77,45,77,32
2023-07-16,1023,112,85,57,34,27,23
2023-07-17,1023,137,82,53,45,55,8
2023-07-18,1023,110,79,65,33,31,32
2023-07-19,1023,112,84,91,44,28,47
2023-07-20,1023,150,75,76,35,75,41
2023-07-21,1023,106,77,64,53,29,11
2023-07-22,1023,109,93,60,32,16,28
2023-07-23,1023,114,77,82,47,37,35
2023-07-24,1023,110,80,78,38,30,40
2023-07-25,1023,139,83,81,38,56,43
2023-07-26,1023,141,70,56,39,71,17
2023-07-27,1023,135,80,81,47,55,34
2023-07-28,1023,113,86,83,46,27,37
2023-07-29,1023,139,78,90,36,61,54
2023-07-30,1023,134,84,71,31,50,40
2023-07-31,1023,131,94,71,38,37,33
2023-08-01,1023,145,91,81,34,54,47
2023-08-02,1023,137,75,92,42,62,50
2023-08-03,1023,137,76,88,37,61,51
2023-08-04,1023,100,78,73,38,22,35
2023-08-05,1023,116,73,65,36,43,29
2023-08-06,1023,135,85,84,34,50,50
2023-08-07,1023,126,76,89,51,50,38
2023-08-08,1023,134,65,73,49,69,24
2023-08-09,1023,142,79,60,35,63,25
2023-08-10,1023,103,68,53,48,35,5
2023-08-11,1023,127,70,74,39,57,35
2023-08-12,1023,107,79,53,28,28,25
2023-08-13,1023,134,93,93,42,41,51
2023-08-14,1023,126,69,88,47,57,41
2023-08-15,1023,148,94,93,39,54,54
2023-08-16,1023,101,77,94,40,24,54
2023-08-17,1023,113,101,98,42,12,56
2023-08-18,1023,138,90,78,50,48,28
2023-08-19,1023,139,74,63,30,65,33
2023-08-20,1023,132,70,61,38,62,23
2023-08-21,1023,101,88,86,33,13,53
2023-08-22,1023,105,93,64,42,12,22
2023-08-23,1023,142,91,57,50,51,7
2023-08-24,1023,130,88,85,33,42,52
2023-08-25,1023,134,83,86,46,51,40
2023-08-26,1023,107,76,87,44,31,43
2023-08-27,1023,125,87,78,52,38,26
2023-08-28,1023,118,86,89,43,32,46
2023-08-29,1023,116,81,70,33,35,37
2023-08-30,1023,106,79,50,37,27,13
2023-08-31,1023,130,76,85,38,54,47
2023-09-01,1023,141,77,99,55,64,44
2023-09-02,1023,126,75,75,34,51,41
2023-09-03,1023,134,87,66,50,47,16
2023-09-04,1023,109,82,65,37,27,28
2023-09-05,1023,116,105,70,40,11,30
2023-09-06,1023,128,78,99,37,50,62
2023-09-07,1023,101,87,83,45,14,38
2023-09-08,1023,150,73,96,41,77,55
2023-09-09,1023,126,81,97,42,45,55
2023-09-10,1023,113,91,91,47,22,44
2023-09-11,1023,149,76,51,51,73,0
2023-09-12,1023,138,78,70,42,60,28
2023-09-13,1023,112,82,97,43,30,54
2023-09-14,1023,145,91,83,51,54,32
2023-09-15,1023,114,75,77,41,39,36
2023-09-16,1023,133,81,78,49,52,29
2023-09-17,1023,142,82,62,46,60,16
2023-09-18,1023,105,71,56,50,34,6
2023-09-19,1023,100,88,85,41,12,44
2023-09-20,1023,103,83,57,38,20,19
2023-09-21,1023,110,92,67,38,18,29
2023-09-22,1023,145,82,86,39,63,47
2023-09-23,1023,122,75,71,32,47,39
2023-09-24,1023,101,67,66,42,34,24
2023-09-25,1023,101,84,97,37,17,60
2023-09-26,1023,120,75,72,37,45,35
2023-09-27,1023,142,87,50,34,55,16
2023-09-28,1023,131,72,66,40,59,26
2023-09-29,1023,103,95,65,37,8,28
2023-09-30,1023,120,77,59,31,43,28
2023-10-01,1023,110,71,86,30,39,56
2023-10-02,1023,134,70,72,61,64,11
2023-10-03,1023,142,79,72,65,63,7
2023-10-04,1023,137,79,62,50,58,12
2023-10-05,1023,143,84,79,38,59,41
2023-10-06,1023,138,74,65,54,64,11
2023-10-07,1023,112,95,90,40,17,50
2023-10-08,1023,143,70,65,45,73,20
2023-10-09,1023,133,90,96,38,43,58
2023-10-10,1023,147,83,74,36,64,38
2023-10-11,1023,126,78,99,46,48,53
2023-10-12,1023,111,75,60,40,36,20
2023-10-13,1023,100,85,73,41,15,32
2023-10-14,1023,138,86,78,32,52,46
2023-10-15,1023,108,83,76,40,25,36
2023-10-16,1023,100,89,54,40,11,14
2023-10-17,1023,107,74,60,39,33,21
2023-10-18,1023,139,75,96,36,64,60
2023-10-19,1023,119,76,96,46,43,50
2023-10-20,1023,128,71,66,36,57,30
2023-10-21,1023,115,69,85,37,46,48
2023-10-22,1023,128,76,77,30,52,47
2023-10-23,1023,131,95,55,37,36,18
2023-10-24,1023,108,77,74,42,31,32
2023-10-25,1023,126,73,69,48,53,21
2023-10-26,1023,108,68,81,26,40,55
2023-10-27,1023,131,68,81,40,63,41
2023-10-28,1023,132,70,78,41,62,37
2023-10-29,1023,114,52,86,35,62,51
2023-10-30,1023,110,82,92,41,28,51
2023-10-31,1023,102,70,76,32,32,44
2023-11-01,1023,106,98,71,42,8,29
2023-11-02,1023,144,76,62,38,68,24
2023-11-03,1023,143,77,85,46,66,39
2023-11-04,1023,134,85,56,39,49,17
2023-11-05,1023,146,73,74,41,73,33
2023-11-06,1023,150,77,51,37,73,14
2023-11-07,1023,105,101,76,35,4,41
2023-11-08,1023,112,84,59,47,28,12
2023-11-09,1023,138,91,71,47,47,24
2023-11-10,1023,109,69,68,29,40,39
2023-11-11,1023,146,70,73,43,76,30
2023-11-12,1023,149,82,84,42,67,42
2023-11-13,1023,148,75,91,26,73,65
2023-11-14,1023,113,85,83,38,28,45
2023-11-15,1023,120,97,100,44,23,56
2023-11-16,1023,133,77,51,49,56,2
2023-11-17,1023,106,65,71,48,41,23
2023-11-18,1023,129,81,91,40,48,51
2023-11-19,1023,112,81,53,39,31,14
2023-11-20,1023,105,84,86,34,21,52
2023-11-21,1023,119,92,92,42,27,50
2023-11-22,1023,117,61,88,38,56,50
2023-11-23,1023,139,85,60,37,54,23
2023-11-24,1023,103,73,61,42,30,19
2023-11-25,1023,148,82,96,30,66,66
2023-11-26,1023,117,71,82,39,46,43
2023-11-27,1023,125,91,90,36,34,54
2023-11-28,1023,110,83,78,50,27,28
2023-11-29,1023,101,87,82,39,14,43
2023-11-30,1023,135,84,51,30,51,21
2023-12-01,1023,150,86,59,35,64,24
2023-12-02,1023,147,77,64,44,70,20
2023-12-03,1023,120,88,70,31,32,39
2023-12-04,1023,110,66,71,36,44,35
2023-12-05,1023,110,70,60,43,40,17
2023-12-06,1023,137,83,93,43,54,50
2023-12-07,1023,131,80,54,44,51,10
2023-12-08,1023,123,69,57,39,54,18
2023-12-09,1023,132,91,81,45,41,36
2023-12-10,1023,101,91,63,52,10,11
2023-12-11,1023,134,92,63,46,42,17
2023-12-12,1023,102,78,92,38,24,54
2023-12-13,1023,143,84,94,34,59,60
2023-12-14,1023,101,69,71,42,32,29
2023-12-15,1023,101,78,66,43,23,23
2023-12-16,1023,115,72,86,37,43,49
2023-12-17,1023,140,69,73,53,71,20
2023-12-18,1023,133,73,66,38,60,28
2023-12-19,1023,114,91,92,33,23,59
2023-12-20,1023,115,71,89,51,44,38
2023-12-21,1023,110,66,53,43,44,10
2023-12-22,1023,122,85,70,46,37,24
2023-12-23,1023,120,72,80,32,48,48
2023-12-24,1023,112,86,78,44,26,34
2023-12-25,1023,112,82,63,39,30,24
2023-12-26,1023,109,75,99,36,34,63
2023-12-27,1023,114,99,63,50,15,13
2023-12-28,1023,101,79,61,52,22,9
2023-12-29,1023,144,75,51,40,69,11
2023-12-30,1023,127,93,90,33,34,57
2023-12-31,1023,102,73,84,37,29,47
2023-01-01,1024,124,86,84,38,38,46
2023-01-02,1024,144,75,53,44,69,9
2023-01-03,1024,138,87,78,26,51,52
2023-01-04,1024,106,83,50,29,23,21
2023-01-05,1024,105,79,100,34,26,66
2023-01-06,1024,101,76,78,60,25,18
2023-01-07,1024,125,91,58,39,34,19
2023-01-08,1024,116,87,99,42,29,57
2023-01-09,1024,129,72,72,42,57,30
2023-01-10,1024,123,98,99,44,25,55
2023-01-11,1024,135,69,79,35,66,44
2023-01-12,1024,117,86,73,45,31,28
2023-01-13,1024,144,80,55,34,64,21
2023-01-14,1024,119,79,97,35,40,62
2023-01-15,1024,126,95,92,40,31,52
2023-01-16,1024,137,75,77,35,62,42
2023-01-17,1024,115,54,88,43,61,45
2023-01-18,1024,119,74,87,40,45,47
2023-01-19,1024,115,70,66,56,45,10
2023-01-20,1024,127,76,51,47,51,4
2023-01-21,1024,142,82,60,33,60,27
2023-01-22,1024,104,89,86,39,15,47
2023-01-23,1024,136,79,99,30,57,69
2023-01-24,1024,105,85,73,44,20,29
2023-01-25,1024,119,65,55,30,54,25
2023-01-26,1024,143,75,96,47,68,49
2023-01-27,1024,104,80,57,37,24,20
2023-01-28,1024,119,70,91,33,49,58
2023-01-29,1024,129,83,91,42,46,49
2023-01-30,1024,119,90,61,52,29,9
2023-01-31,1024,129,67,86,30,62,56
2023-02-01,1024,149,76,90,33,73,57
2023-02-02,1024,141,78,90,38,63,52
2023-02-03,1024,136,71,75,28,65,47
2023-02-04,1024,133,74,79,31,59,48
2023-02-05,1024,101,92,74,46,9,28
2023-02-06,1024,116,88,95,39,28,56
2023-02-07,1024,139,92,50,42,47,8
2023-02-08,1024,108,68,65,33,40,32
2023-02-09,1024,108,77,69,42,31,27
2023-02-10,1024,100,83,88,38,17,50
2023-02-11,1024,120,79,56,51,41,5
2023-02-12,1024,133,83,51,40,50,11
2023-02-13,1024,125,82,88,46,43,42
2023-02-14,1024,115,71,97,47,44,50
2023-02-15,1024,139,91,77,49,48,28
2023-02-16,1024,142,103,57,40,39,17
2023-02-17,1024,127,82,51,35,45,16
2023-02-18,1024,125,92,94,49,33,45
2023-02-19,1024,124,77,57,37,47,20
2023-02-20,1024,116,75,61,34,41,27
2023-02-21,1024,114,69,93,34,45,59
2023-02-22,1024,132,80,58,39,52,19
2023-02-23,1024,127,67,58,36,60,22
2023-02-24,1024,148,66,89,34,82,55
2023-02-25,1024,146,74,88,35,72,53
2023-02-26,1024,124,95,55,44,29,11
2023-02-27,1024,118,68,98,28,50,70
2023-02-28,1024,138,87,70,28,51,42
2023-03-01,1024,145,75,64,37,70,27
2023-03-02,1024,127,74,100,46,53,54
2023-03-03,1024,113,83,60,38,30,22
2023-03-04,1024,145,83,80,35,62,45
2023-03-05,1024,123,75,85,37,48,48
2023-03-06,1024,105,85,64,35,20,29
2023-03-07,1024,101,90,96,40,11,56
2023-03-08,1024,135,84,78,38,51,40
2023-03-09,1024,149,86,78,45,63,33
2023-03-10,1024,128,77,95,44,51,51
2023-03-11,1024,107,73,53,47,34,6
2023-03-12,1024,141,73,76,44,68,32
2023-03-13,1024,129,74,69,48,55,21
2023-03-14,1024,106,76,98,34,30,64
2023-03-15,1024,128,73,100,36,55,64
2023-03-16,1024,132,57,58,42,75,16
2023-03-17,1024,104,84,57,42,20,15
2023-03-18,1024,140,81,61,38,59,23
2023-03-19,1024,102,75,76,48,27,28
2023-03-20,1024,126,81,92,39,45,53
2023-03-21,1024,136,87,74,37,49,37
2023-03-22,1024,127,71,52,29,56,23
2023-03-23,1024,118,92,99,28,26,71
2023-03-24,1024,144,73,69,43,71,26
2023-03-25,1024,141,77,61,38,64,23
2023-03-26,1024,147,69,77,34,78,43
2023-03-27,1024,128,96,72,46,32,26
2023-03-28,1024,101,84,79,35,17,44
2023-03-29,1024,101,83,88,29,18,59
2023-03-30,1024,125,83,88,36,42,52
2023-03-31,1024,103,83,74,32,20,42
2023-04-01,1024,103,85,69,41,18,28
2023-04-02,1024,105,99,55,43,6,12
2023-04-03,1024,128,71,65,35,57,30
2023-04-04,1024,149,95,83,18,54,65
2023-04-05,1024,116,89,54,44,27,10
2023-04-06,1024,115,74,72,33,41,39
2023-04-07,1024,116,69,73,39,47,34
2023-04-08,1024,127,86,56,37,41,19
2023-04-09,1024,130,71,65,44,59,21
2023-04-10,1024,104,61,99,38,43,61
2023-04-11,1024,114,81,67,37,33,30
2023-04-12,1024,145,82,63,43,63,20
2023-04-13,1024,112,80,74,40,32,34
2023-04-14,1024,139,106,50,54,33,-4
2023-04-15,1024,125,99,91,39,26,52
2023-04-16,1024,146,82,79,27,64,52
2023-04-17,1024,113,73,74,47,40,27
2023-04-18,1024,110,72,99,29,38,70
2023-04-19,1024,140,85,51,44,55,7
2023-04-20,1024,140,79,93,54,61,39
2023-04-21,1024,112,61,88,33,51,55
2023-04-22,1024,101,91,54,30,10,24
2023-04-23,1024,101,80,62,47,21,15
2023-04-24,1024,133,72,72,33,61,39
2023-04-25,1024,139,97,66,35,42,31
2023-04-26,1024,128,78,74,40,50,34
2023-04-27,1024,147,87,56,38,60,18
2023-04-28,1024,131,85,66,36,46,30
2023-04-29,1024,118,79,95,40,39,55
2023-04-30,1024,150,72,89,37,78,52
2023-05-01,1024,110,85,69,44,25,25
2023-05-02,1024,102,89,62,41,13,21
2023-05-03,1024,114,72,75,28,42,47
2023-05-04,1024,139,61,52,49,78,3
2023-05-05,1024,125,88,63,32,37,31
2023-05-06,1024,107,84,79,45,23,34
2023-05-07,1024,102,82,89,45,20,44
2023-05-08,1024,128,71,96,32,57,64
2023-05-09,1024,143,81,74,40,62,34
2023-05-10,1024,118,89,100,40,29,60
2023-05-11,1024,111,93,98,38,18,60
2023-05-12,1024,105,49,95,38,56,57
2023-05-13,1024,107,92,79,42,15,37
2023-05-14,1024,133,79,69,47,54,22
2023-05-15,1024,128,68,56,37,60,19
2023-05-16,1024,117,86,92,44,31,48
2023-05-17,1024,121,88,88,41,33,47
2023-05-18,1024,137,69,79,36,68,43
2023-05-19,1024,149,72,51,45,77,6
2023-05-20,1024,109,83,78,50,26,28
2023-05-21,1024,113,90,71,36,23,35
2023-05-22,1024,125,78,87,48,47,39
2023-05-23,1024,147,72,71,42,75,29
2023-05-24,1024,112,67,93,44,45,49
2023-05-25,1024,144,69,69,42,75,27
2023-05-26,1024,117,93,63,37,24,26
2023-05-27,1024,117,73,98,32,44,66
2023-05-28,1024,113,93,84,34,20,50
2023-05-29,1024,136,88,69,25,48,44
2023-05-30,1024,106,78,96,42,28,54
2023-05-31,1024,107,69,95,38,38,57
2023-06-01,1024,101,86,52,43,15,9
2023-06-02,1024,104,83,64,42,21,22
2023-06-03,1024,126,81,75,23,45,52
2023-06-04,1024,148,81,87,43,67,44
2023-06-05,1024,107,85,88,34,22,54
2023-06-06,1024,102,92,57,30,10,27
2023-06-07,1024,132,97,60,33,35,27
2023-06-08,1024,108,76,75,42,32,33
2023-06-09,1024,120,84,98,38,36,60
2023-06-10,1024,119,93,80,31,26,49
2023-06-11,1024,104,71,68,42,33,26
2023-06-12,1024,139,74,61,39,65,22
2023-06-13,1024,103,93,71,35,10,36
2023-06-14,1024,130,76,50,34,54,16
2023-06-15,1024,148,77,53,33,71,20
2023-06-16,1024,105,70,99,43,35,56
2023-06-17,1024,113,73,68,43,40,25
2023-06-18,1024,141,86,60,40,55,20
2023-06-19,1024,149,88,100,48,61,52
2023-06-20,1024,127,77,72,38,50,34
2023-06-21,1024,119,97,71,42,22,29
2023-06-22,1024,116,87,100,42,29,58
2023-06-23,1024,124,72,70,30,52,40
2023-06-24,1024,115,80,91,35,35,56
2023-06-25,1024,115,82,77,39,33,38
2023-06-26,1024,133,70,97,34,63,63
2023-06-27,1024,126,74,50,42,52,8
2023-06-28,1024,121,74,61,38,47,23
2023-06-29,1024,113,77,89,51,36,38
2023-06-30,1024,106,85,92,29,21,63
2023-07-01,1024,147,89,54,40,58,14
2023-07-02,1024,106,83,56,43,23,13
2023-07-03,1024,140,79,66,37,61,29
2023-07-04,1024,124,76,100,33,48,67
2023-07-05,1024,134,71,93,41,63,52
2023-07-06,1024,120,92,100,39,28,61
2023-07-07,1024,119,78,82,36,41,46
2023-07-08,1024,118,80,62,48,38,14
2023-07-09,1024,140,80,57,35,60,22
2023-07-10,1024,109,66,94,54,43,40
2023-07-11,1024,143,81,78,40,62,38
2023-07-12,1024,105,73,86,37,32,49
2023-07-13,1024,138,71,51,42,67,9
2023-07-14,1024,104,81,90,43,23,47
2023-07-15,1024,109,81,89,37,28,52
2023-07-16,1024,110,101,62,27,9,35
2023-07-17,1024,139,108,77,33,31,44
2023-07-18,1024,146,82,77,31,64,46
2023-07-19,1024,140,65,88,43,75,45
2023-07-20,1024,112,77,81,31,35,50
2023-07-21,1024,110,94,87,45,16,42
2023-07-22,1024,114,75,67,42,39,25
2023-07-23,1024,118,70,50,32,48,18
2023-07-24,1024,119,101,70,33,18,37
2023-07-25,1024,137,94,77,35,43,42
2023-07-26,1024,110,75,98,39,35,59
2023-07-27,1024,132,81,85,38,51,47
2023-07-28,1024,105,85,58,38,20,20
2023-07-29,1024,104,74,79,38,30,41
2023-07-30,1024,120,82,58,52,38,6
2023-07-31,1024,137,77,66,33,60,33
2023-08-01,1024,123,78,63,36,45,27
2023-08-02,1024,107,63,55,34,44,21
2023-08-03,1024,136,87,97,46,49,51
2023-08-04,1024,149,87,70,38,62,32
2023-08-05,1024,135,75,91,37,60,54
2023-08-06,1024,118,80,66,40,38,26
2023-08-07,1024,101,85,86,44,16,42
2023-08-08,1024,129,82,90,47,47,43
2023-08-09,1024,118,79,67,50,39,17
2023-08-10,1024,103,83,61,46,20,15
2023-08-11,1024,115,70,90,26,45,64
2023-08-12,1024,127,67,73,44,60,29
2023-08-13,1024,110,77,67,33,33,34
2023-08-14,1024,149,77,79,46,72,33
2023-08-15,1024,131,81,99,45,50,54
2023-08-16,1024,112,93,99,46,19,53
2023-08-17,1024,118,79,74,45,39,29
2023-08-18,1024,147,86,81,41,61,40
2023-08-19,1024,102,93,78,41,9,37
2023-08-20,1024,125,95,55,32,30,23
2023-08-21,1024,147,80,76,49,67,27
2023-08-22,1024,123,78,86,48,45,38
2023-08-23,1024,137,70,61,41,67,20
2023-08-24,1024,120,73,69,28,47,41
2023-08-25,1024,139,76,74,42,63,32
2023-08-26,1024,101,84,70,40,17,30
2023-08-27,1024,119,88,56,38,31,18
2023-08-28,1024,125,91,97,42,34,55
2023-08-29,1024,131,80,59,39,51,20
2023-08-30,1024,124,85,56,48,39,8
2023-08-31,1024,107,97,99,37,10,62
2023-09-01,1024,114,105,97,31,9,66
2023-09-02,1024,106,76,80,34,30,46
2023-09-03,1024,124,87,75,35,37,40
2023-09-04,1024,105,91,93,34,14,59
2023-09-05,1024,130,81,79,34,49,45
2023-09-06,1024,124,88,59,37,36,22
2023-09-07,1024,109,97,79,36,12,43
2023-09-08,1024,137,78,53,39,59,14
2023-09-09,1024,110,95,66,44,15,22
2023-09-10,1024,139,89,93,45,50,48
2023-09-11,1024,150,94,57,40,56,17
2023-09-12,1024,147,100,66,41,47,25
2023-09-13,1024,129,74,58,43,55,15
2023-09-14,1024,104,94,61,41,10,20
2023-09-15,1024,101,84,73,36,17,37
2023-09-16,1024,119,70,86,43,49,43
2023-09-17,1024,106,79,52,42,27,10
2023-09-18,1024,147,81,81,39,66,42
2023-09-19,1024,133,82,56,40,51,16
2023-09-20,1024,140,84,63,46,56,17
2023-09-21,1024,132,71,78,42,61,36
2023-09-22,1024,113,85,100,33,28,67
2023-09-23,1024,109,70,66,19,39,47
2023-09-24,1024,109,98,81,41,11,40
2023-09-25,1024,110,88,59,56,22,3
2023-09-26,1024,139,77,56,40,62,16
2023-09-27,1024,101,79,68,35,22,33
2023-09-28,1024,145,71,75,35,74,40
2023-09-29,1024,105,81,61,38,24,23
2023-09-30,1024,116,82,78,39,34,39
2023-10-01,1024,104,85,74,36,19,38
2023-10-02,1024,143,82,52,34,61,18
2023-10-03,1024,130,69,53,40,61,13
2023-10-04,1024,109,107,89,55,2,34
2023-10-05,1024,142,64,54,42,78,12
2023-10-06,1024,141,78,90,40,63,50
2023-10-07,1024,116,73,94,38,43,56
2023-10-08,1024,127,80,94,46,47,48
2023-10-09,1024,120,87,94,45,33,49
2023-10-10,1024,122,67,53,43,55,10
2023-10-11,1024,111,78,57,56,33,1
2023-10-12,1024,148,83,57,42,65,15
2023-10-13,1024,143,67,89,51,76,38
2023-10-14,1024,125,74,82,40,51,42
2023-10-15,1024,116,81,81,43,35,38
2023-10-16,1024,100,85,52,36,15,16
2023-10-17,1024,141,73,79,37,68,42
2023-10-18,1024,148,74,69,45,74,24
2023-10-19,1024,110,71,72,37,39,35
2023-10-20,1024,123,58,74,48,65,26
2023-10-21,1024,137,85,61,50,52,11
2023-10-22,1024,131,83,88,28,48,60
2023-10-23,1024,139,68,88,38,71,50
2023-10-24,1024,104,85,76,25,19,51
2023-10-25,1024,112,89,59,43,23,16
2023-10-26,1024,129,86,100,35,43,65
2023-10-27,1024,148,72,93,31,76,62
2023-10-28,1024,106,84,83,37,22,46
2023-10-29,1024,127,78,94,40,49,54
2023-10-30,1024,102,88,85,41,14,44
2023-10-31,1024,140,82,83,32,58,51
2023-11-01,1024,128,67,73,35,61,38
2023-11-02,1024,115,74,96,33,41,63
2023-11-03,1024,110,89,96,38,21,58
2023-11-04,1024,111,74,75,39,37,36
2023-11-05,1024,134,84,78,32,50,46
2023-11-06,1024,149,89,84,34,60,50
2023-11-07,1024,107,89,70,37,18,33
2023-11-08,1024,138,96,62,51,42,11
2023-11-09,1024,106,74,55,44,32,11
2023-11-10,1024,129,79,99,37,50,62
2023-11-11,1024,105,84,76,46,21,30
2023-11-12,1024,118,62,87,41,56,46
2023-11-13,1024,118,80,76,37,38,39
2023-11-14,1024,110,81,73,33,29,40
2023-11-15,1024,119,96,50,36,23,14
2023-11-16,1024,115,94,57,56,21,1
2023-11-17,1024,118,99,82,35,19,47
2023-11-18,1024,123,65,68,43,58,25
2023-11-19,1024,136,76,59,47,60,12
2023-11-20,1024,103,92,90,39,11,51
2023-11-21,1024,148,64,71,35,84,36
2023-11-22,1024,124,77,59,42,47,17
2023-11-23,1024,108,71,81,37,37,44
2023-11-24,1024,105,97,59,34,8,25
2023-11-25,1024,149,77,97,34,72,63
2023-11-26,1024,137,84,92,47,53,45
2023-11-27,1024,108,67,68,50,41,18
2023-11-28,1024,111,80,90,24,31,66
2023-11-29,1024,126,84,57,41,42,16
2023-11-30,1024,123,80,85,55,43,30
2023-12-01,1024,126,80,99,48,46,51
2023-12-02,1024,137,85,97,40,52,57
2023-12-03,1024,111,71,57,30,40,27
2023-12-04,1024,127,83,74,40,44,34
2023-12-05,1024,122,80,85,46,42,39
2023-12-06,1024,122,76,64,28,46,36
2023-12-07,1024,110,76,84,38,34,46
2023-12-08,1024,131,70,92,41,61,51
2023-12-09,1024,116,91,81,30,25,51
2023-12-10,1024,110,69,54,30,41,24
2023-12-11,1024,136,80,79,32,56,47
2023-12-12,1024,124,78,72,37,46,35
2023-12-13,1024,101,72,75,44,29,31
2023-12-14,1024,134,88,66,30,46,36
2023-12-15,1024,141,73,71,42,68,29
2023-12-16,1024,128,101,93,38,27,55
2023-12-17,1024,102,73,61,31,29,30
2023-12-18,1024,113,68,66,37,45,29
2023-12-19,1024,142,67,90,39,75,51
2023-12-20,1024,128,77,99,46,51,53
2023-12-21,1024,142,84,100,44,58,56
2023-12-22,1024,146,90,76,39,56,37
2023-12-23,1024,139,64,92,48,75,44
2023-12-24,1024,129,81,73,39,48,34
2023-12-25,1024,131,76,57,42,55,15
2023-12-26,1024,112,83,99,40,29,59
2023-12-27,1024,105,90,72,30,15,42
2023-12-28,1024,102,92,65,41,10,24
2023-12-29,1024,112,69,67,41,43,26
2023-12-30,1024,108,68,76,48,40,28
2023-12-31,1024,111,83,91,37,28,54
2023-01-01,1025,119,98,57,34,21,23
2023-01-02,1025,111,70,100,34,41,66
2023-01-03,1025,136,73,81,52,63,29
2023-01-04,1025,138,78,83,31,60,52
2023-01-05,1025,106,87,50,46,19,4
2023-01-06,1025,105,96,55,39,9,16
2023-01-07,1025,128,78,56,34,50,22
2023-01-08,1025,150,88,50,48,62,2
2023-01-09,1025,131,79,58,37,52,21
2023-01-10,1025,119,82,87,49,37,38
2023-01-11,1025,102,62,92,32,40,60
2023-01-12,1025,144,83,77,47,61,30
2023-01-13,1025,144,72,58,46,72,12
2023-01-14,1025,134,71,99,43,63,56
2023-01-15,1025,141,76,81,42,65,39
2023-01-16,1025,128,71,65,43,57,22
2023-01-17,1025,104,83,70,31,21,39
2023-01-18,1025,127,80,64,42,47,22
2023-01-19,1025,109,80,66,49,29,17
2023-01-20,1025,148,88,50,34,60,16
2023-01-21,1025,100,77,66,28,23,38
2023-01-22,1025,105,79,83,50,26,33
2023-01-23,1025,123,75,99,38,48,61
2023-01-24,1025,101,90,92,50,11,42
2023-01-25,1025,138,83,83,42,55,41
2023-01-26,1025,108,80,82,36,28,46
2023-01-27,1025,114,71,50,41,43,9
2023-01-28,1025,108,77,69,48,31,21
2023-01-29,1025,117,59,98,49,58,49
2023-01-30,1025,116,109,72,36,7,36
2023-01-31,1025,135,66,73,36,69,37
2023-02-01,1025,132,71,55,43,61,12
2023-02-02,1025,130,75,97,42,55,55
2023-02-03,1025,140,80,52,40,60,12
2023-02-04,1025,133,76,100,37,57,63
2023-02-05,1025,145,84,56,40,61,16
2023-02-06,1025,147,79,80,43,68,37
2023-02-07,1025,150,80,87,38,70,49
2023-02-08,1025,107,79,60,36,28,24
2023-02-09,1025,139,77,65,38,62,27
2023-02-10,1025,115,79,58,42,36,16
2023-02-11,1025,102,68,84,40,34,44
2023-02-12,1025,121,72,59,45,49,14
2023-02-13,1025,114,94,68,39,20,29
2023-02-14,1025,137,86,60,44,51,16
2023-02-15,1025,109,81,52,53,28,-1
2023-02-16,1025,112,88,88,35,24,53
2023-02-17,1025,145,72,82,44,73,38
2023-02-18,1025,106,84,96,41,22,55
2023-02-19,1025,111,82,53,51,29,2
2023-02-20,1025,146,84,60,37,62,23
2023-02-21,1025,128,83,66,47,45,19
2023-02-22,1025,115,82,95,37,33,58
2023-02-23,1025,113,98,56,41,15,15
2023-02-24,1025,137,90,69,42,47,27
2023-02-25,1025,131,83,91,33,48,58
2023-02-26,1025,143,91,61,38,52,23
2023-02-27,1025,144,77,90,47,67,43
2023-02-28,1025,128,66,96,42,62,54
2023-03-01,1025,139,91,61,44,48,17
2023-03-02,1025,111,73,92,40,38,52
2023-03-03,1025,135,85,96,44,50,52
2023-03-04,1025,108,92,78,41,16,37
2023-03-05,1025,116,80,97,44,36,53
2023-03-06,1025,100,77,68,42,23,26
2023-03-07,1025,133,75,70,37,58,33
2023-03-08,1025,148,74,77,36,74,41
2023-03-09,1025,100,81,73,33,19,40
2023-03-10,1025,127,72,98,36,55,62
2023-03-11,1025,141,87,73,35,54,38
2023-03-12,1025,130,73,54,50,57,4
2023-03-13,1025,134,75,86,39,59,47
2023-03-14,1025,124,73,56,34,51,22
2023-03-15,1025,121,82,83,40,39,43
2023-03-16,1025,147,71,83,45,76,38
2023-03-17,1025,148,71,62,46,77,16
2023-03-18,1025,120,65,96,37,55,59
2023-03-19,1025,147,84,81,35,63,46
2023-03-20,1025,114,79,100,37,35,63
2023-03-21,1025,142,79,74,37,63,37
2023-03-22,1025,127,76,90,29,51,61
2023-03-23,1025,112,86,94,42,26,52
2023-03-24,1025,149,63,77,39,86,38
2023-03-25,1025,112,89,53,35,23,18
2023-03-26,1025,127,91,90,35,36,55
2023-03-27,1025,133,94,64,33,39,31
2023-03-28,1025,134,94,100,56,40,44
2023-03-29,1025,107,83,76,39,24,37
2023-03-30,1025,128,72,100,54,56,46
2023-03-31,1025,136,83,73,40,53,33
2023-04-01,1025,138,79,80,31,59,49
2023-04-02,1025,140,68,51,31,72,20
2023-04-03,1025,115,76,50,38,39,12
2023-04-04,1025,102,84,67,40,18,27
2023-04-05,1025,107,78,97,40,29,57
2023-04-06,1025,107,76,87,34,31,53
2023-04-07,1025,115,75,60,43,40,17
2023-04-08,1025,132,86,81,40,46,41
2023-04-09,1025,113,70,76,43,43,33
2023-04-10,1025,101,91,58,40,10,18
2023-04-11,1025,143,86,76,35,57,41
2023-04-12,1025,150,97,79,56,53,23
2023-04-13,1025,106,78,87,45,28,42
2023-04-14,1025,128,88,62,42,40,20
2023-04-15,1025,144,81,96,34,63,62
2023-04-16,1025,132,77,90,46,55,44
2023-04-17,1025,131,90,80,33,41,47
2023-04-18,1025,133,79,52,32,54,20
2023-04-19,1025,127,66,89,40,61,49
2023-04-20,1025,112,94,64,42,18,22
2023-04-21,1025,150,91,59,55,59,4
2023-04-22,1025,136,83,59,32,53,27
2023-04-23,1025,139,84,88,35,55,53
2023-04-24,1025,114,87,96,40,27,56
2023-04-25,1025,133,95,75,37,38,38
2023-04-26,1025,128,78,91,49,50,42
2023-04-27,1025,113,81,62,30,32,32
2023-04-28,1025,112,89,50,43,23,7
2023-04-29,1025,122,77,85,38,45,47
2023-04-30,1025,114,71,94,40,43,54
2023-05-01,1025,105,99,74,42,6,32
2023-05-02,1025,129,85,92,47,44,45
2023-05-03,1025,135,67,85,38,68,47
2023-05-04,1025,101,81,100,35,20,65
2023-05-05,1025,128,61,50,37,67,13
2023-05-06,1025,126,74,71,34,52,37
2023-05-07,1025,102,81,88,33,21,55
2023-05-08,1025,117,87,97,37,30,60
2023-05-09,1025,148,84,94,39,64,55
2023-05-10,1025,147,83,86,34,64,52
2023-05-11,1025,114,97,69,46,17,23
2023-05-12,1025,114,80,56,35,34,21
2023-05-13,1025,135,74,94,41,61,53
2023-05-14,1025,142,78,54,42,64,12
2023-05-15,1025,119,94,75,38,25,37
2023-05-16,1025,142,66,51,34,76,17
2023-05-17,1025,140,70,61,36,70,25
2023-05-18,1025,147,87,50,31,60,19
2023-05-19,1025,125,60,76,34,65,42
2023-05-20,1025,121,85,67,45,36,22
2023-05-21,1025,118,68,96,50,50,46
2023-05-22,1025,137,88,71,33,49,38
2023-05-23,1025,132,95,58,49,37,9
2023-05-24,1025,130,83,81,38,47,43
2023-05-25,1025,105,72,78,44,33,34
2023-05-26,1025,133,75,60,32,58,28
2023-05-27,1025,117,76,73,41,41,32
2023-05-28,1025,117,88,95,46,29,49
2023-05-29,1025,125,93,94,57,32,37
2023-05-30,1025,117,88,91,31,29,60
2023-05-31,1025,120,86,55,48,34,7
2023-06-01,1025,130,97,61,37,33,24
2023-06-02,1025,101,77,75,51,24,24
2023-06-03,1025,120,71,70,44,49,26
2023-06-04,1025,128,68,77,35,60,42
2023-06-05,1025,109,75,66,34,34,32
2023-06-06,1025,120,76,90,35,44,55
2023-06-07,1025,116,88,56,35,28,21
2023-06-08,1025,102,86,99,44,16,55
2023-06-09,1025,145,60,97,31,85,66
2023-06-10,1025,145,82,92,41,63,51
2023-06-11,1025,143,80,81,31,63,50
2023-06-12,1025,104,85,53,39,19,14
2023-06-13,1025,106,69,84,33,37,51
2023-06-14,1025,112,73,69,50,39,19
2023-06-15,1025,113,77,71,38,36,33
2023-06-16,1025,139,81,70,44,58,26
2023-06-17,1025,130,97,100,38,33,62
2023-06-18,1025,111,87,61,33,24,28
2023-06-19,1025,121,90,73,40,31,33
2023-06-20,1025,122,69,74,41,53,33
2023-06-21,1025,111,81,95,30,30,65
2023-06-22,1025,129,82,54,52,47,2
2023-06-23,1025,116,81,79,49,35,30
2023-06-24,1025,137,75,71,44,62,27
2023-06-25,1025,127,81,75,37,46,38
2023-06-26,1025,127,87,93,37,40,56
2023-06-27,1025,140,87,73,33,53,40
2023-06-28,1025,132,72,68,51,60,17
2023-06-29,1025,131,84,61,34,47,27
2023-06-30,1025,132,81,59,53,51,6
2023-07-01,1025,147,95,51,37,52,14
2023-07-02,1025,127,83,56,24,44,32
2023-07-03,1025,106,68,66,41,38,25
2023-07-04,1025,150,73,63,42,77,21
2023-07-05,1025,107,90,54,41,17,13
2023-07-06,1025,125,78,91,34,47,57
2023-07-07,1025,136,69,98,47,67,51
2023-07-08,1025,145,76,93,38,69,55
2023-07-09,1025,126,82,70,44,44,26
2023-07-10,1025,118,82,72,41,36,31
2023-07-11,1025,140,83,100,53,57,47
2023-07-12,1025,124,77,93,40,47,53
2023-07-13,1025,149,92,99,48,57,51
2023-07-14,1025,133,78,75,46,55,29
2023-07-15,1025,148,92,100,36,56,64
2023-07-16,1025,101,81,51,46,20,5
2023-07-17,1025,120,73,61,46,47,15
2023-07-18,1025,103,69,76,42,34,34
2023-07-19,1025,149,94,88,38,55,50
2023-07-20,1025,100,63,76,44,37,32
2023-07-21,1025,112,82,74,27,30,47
2023-07-22,1025,126,76,87,44,50,43
2023-07-23,1025,122,76,61,31,46,30
2023-07-24,1025,107,108,56,46,-1,10
2023-07-25,1025,129,87,69,52,42,17
2023-07-26,1025,102,81,92,40,21,52
2023-07-27,1025,144,83,63,55,61,8
2023-07-28,1025,122,83,67,39,39,28
2023-07-29,1025,114,79,85,42,35,43
2023-07-30,1025,103,89,98,41,14,57
2023-07-31,1025,121,78,85,33,43,52
2023-08-01,1025,137,76,80,39,61,41
2023-08-02,1025,102,87,71,38,15,33
2023-08-03,1025,149,92,89,45,57,44
2023-08-04,1025,112,92,58,42,20,16
2023-08-05,1025,108,81,88,37,27,51
2023-08-06,1025,110,101,53,29,9,24
2023-08-07,1025,103,74,69,42,29,27
2023-08-08,1025,149,76,71,40,73,31
2023-08-09,1025,136,78,56,39,58,17
2023-08-10,1025,101,93,89,42,8,47
2023-08-11,1025,125,89,71,42,36,29
2023-08-12,1025,146,69,52,45,77,7
2023-08-13,1025,132,83,85,34,49,51
2023-08-14,1025,126,90,57,48,36,9
2023-08-15,1025,119,93,62,35,26,27
2023-08-16,1025,110,80,53,36,30,17
2023-08-17,1025,137,75,65,41,62,24
2023-08-18,1025,114,93,74,42,21,32
2023-08-19,1025,120,83,52,36,37,16
2023-08-20,1025,113,91,83,38,22,45
2023-08-21,1025,148,93,100,34,55,66
2023-08-22,1025,128,62,80,37,66,43
2023-08-23,1025,133,80,53,34,53,19
2023-08-24,1025,108,90,58,40,18,18
2023-08-25,1025,115,77,73,35,38,38
2023-08-26,1025,105,65,56,36,40,20
2023-08-27,1025,133,78,88,48,55,40
2023-08-28,1025,101,72,87,42,29,45
2023-08-29,1025,150,91,79,39,59,40
2023-08-30,1025,106,97,93,43,9,50
2023-08-31,1025,140,63,51,31,77,20
2023-09-01,1025,144,67,62,46,77,16
2023-09-02,1025,111,81,92,42,30,50
2023-09-03,1025,126,93,52,35,33,17
2023-09-04,1025,130,77,85,46,53,39
2023-09-05,1025,135,64,51,42,71,9
2023-09-06,1025,127,71,74,28,56,46
2023-09-07,1025,140,75,72,44,65,28
2023-09-08,1025,131,67,79,36,64,43
2023-09-09,1025,147,86,95,43,61,52
2023-09-10,1025,150,85,56,56,65,0
2023-09-11,1025,114,76,89,42,38,47
2023-09-12,1025,115,76,61,42,39,19
2023-09-13,1025,111,79,69,37,32,32
2023-09-14,1025,124,66,85,34,58,51
2023-09-15,1025,111,62,57,45,49,12
2023-09-16,1025,116,77,84,42,39,42
2023-09-17,1025,111,71,77,39,40,38
2023-09-18,1025,145,82,85,46,63,39
2023-09-19,1025,129,69,89,45,60,44
2023-09-20,1025,134,86,64,48,48,16
2023-09-21,1025,102,86,54,40,16,14
2023-09-22,1025,112,74,55,43,38,12
2023-09-23,1025,111,85,75,50,26,25
2023-09-24,1025,136,73,90,45,63,45
2023-09-25,1025,103,81,85,33,22,52
2023-09-26,1025,137,73,56,54,64,2
2023-09-27,1025,115,80,97,37,35,60
2023-09-28,1025,115,94,51,45,21,6
2023-09-29,1025,103,73,87,33,30,54
2023-09-30,1025,104,61,93,35,43,58
2023-10-01,1025,113,72,92,45,41,47
2023-10-02,1025,136,62,95,34,74,61
2023-10-03,1025,143,86,68,34,57,34
2023-10-04,1025,140,83,95,45,57,50
2023-10-05,1025,121,81,78,36,40,42
2023-10-06,1025,108,64,83,37,44,46
2023-10-07,1025,116,71,93,35,45,58
2023-10-08,1025,128,77,92,43,51,49
2023-10-09,1025,135,85,96,33,50,63
2023-10-10,1025,145,80,97,40,65,57
2023-10-11,1025,111,76,84,31,35,53
2023-10-12,1025,133,87,66,31,46,35
2023-10-13,1025,137,74,82,50,63,32
2023-10-14,1025,123,91,50,43,32,7
2023-10-15,1025,122,72,96,42,50,54
2023-10-16,1025,113,84,94,31,29,63
2023-10-17,1025,147,76,65,42,71,23
2023-10-18,1025,124,81,85,35,43,50
2023-10-19,1025,131,72,68,35,59,33
2023-10-20,1025,133,79,60,38,54,22
2023-10-21,1025,112,84,50,26,28,24
2023-10-22,1025,134,87,92,45,47,47
2023-10-23,1025,116,71,75,47,45,28
2023-10-24,1025,118,67,75,45,51,30
2023-10-25,1025,128,65,57,39,63,18
2023-10-26,1025,103,82,88,39,21,49
2023-10-27,1025,118,91,66,45,27,21
2023-10-28,1025,130,75,75,37,55,38
2023-10-29,1025,100,81,87,48,19,39
2023-10-30,1025,123,71,55,35,52,20
2023-10-31,1025,126,70,96,52,56,44
2023-11-01,1025,121,69,53,44,52,9
2023-11-02,1025,147,87,53,30,60,23
2023-11-03,1025,147,85,92,41,62,51
2023-11-04,1025,150,79,75,38,71,37
2023-11-05,1025,117,77,69,47,40,22
2023-11-06,1025,140,68,85,34,72,51
2023-11-07,1025,139,67,95,42,72,53
2023-11-08,1025,106,84,61,48,22,13
2023-11-09,1025,134,87,53,45,47,8
2023-11-10,1025,144,75,57,38,69,19
2023-11-11,1025,106,80,90,46,26,44
2023-11-12,1025,117,80,57,38,37,19
2023-11-13,1025,136,68,50,37,68,13
2023-11-14,1025,133,76,78,43,57,35
2023-11-15,1025,139,86,84,38,53,46
2023-11-16,1025,132,75,79,32,57,47
2023-11-17,1025,119,81,78,50,38,28
2023-11-18,1025,148,85,97,52,63,45
2023-11-19,1025,118,86,97,43,32,54
2023-11-20,1025,124,83,52,43,41,9
2023-11-21,1025,124,81,80,45,43,35
2023-11-22,1025,107,98,83,36,9,47
2023-11-23,1025,101,77,81,28,24,53
2023-11-24,1025,120,94,85,46,26,39
2023-11-25,1025,140,72,93,38,68,55
2023-11-26,1025,118,68,96,37,50,59
2023-11-27,1025,116,95,65,52,21,13
2023-11-28,1025,143,94,75,39,49,36
2023-11-29,1025,124,80,86,46,44,40
2023-11-30,1025,136,105,99,35,31,64
2023-12-01,1025,149,74,53,38,75,15
2023-12-02,1025,143,93,78,42,50,36
2023-12-03,1025,116,79,99,31,37,68
2023-12-04,1025,145,88,58,34,57,24
2023-12-05,1025,112,76,58,30,36,28
2023-12-06,1025,127,82,62,37,45,25
2023-12-07,1025,130,73,81,45,57,36
2023-12-08,1025,109,77,94,38,32,56
2023-12-09,1025,126,76,52,41,50,11
2023-12-10,1025,147,91,84,40,56,44
2023-12-11,1025,112,85,74,48,27,26
2023-12-12,1025,124,70,58,42,54,16
2023-12-13,1025,113,65,58,49,48,9
2023-12-14,1025,103,86,62,37,17,25
2023-12-15,1025,129,82,80,31,47,49
2023-12-16,1025,109,74,98,28,35,70
2023-12-17,1025,113,80,85,37,33,48
2023-12-18,1025,147,85,68,42,62,26
2023-12-19,1025,131,73,58,50,58,8
2023-12-20,1025,126,90,77,34,36,43
2023-12-21,1025,125,78,90,33,47,57
2023-12-22,1025,144,92,63,44,52,19
2023-12-23,1025,106,61,55,44,45,11
2023-12-24,1025,146,87,57,44,59,13
2023-12-25,1025,127,83,60,37,44,23
2023-12-26,1025,138,67,53,46,71,7
2023-12-27,1025,125,80,98,41,45,57
2023-12-28,1025,120,78,92,35,42,57
2023-12-29,1025,110,73,91,36,37,55
2023-12-30,1025,115,80,62,44,35,18
2023-12-31,1025,105,74,74,43,31,31
2023-01-01,1026,133,70,92,45,63,47
2023-01-02,1026,107,86,69,48,21,21
2023-01-03,1026,144,69,52,33,75,19
2023-01-04,1026,112,77,50,47,35,3
2023-01-05,1026,142,78,77,32,64,45
2023-01-06,1026,138,79,72,36,59,36
2023-01-07,1026,126,72,84,46,54,38
2023-01-08,1026,118,86,63,43,32,20
2023-01-09,1026,146,65,66,39,81,27
2023-01-10,1026,129,83,69,24,46,45
2023-01-11,1026,111,81,77,43,30,34
2023-01-12,1026,110,77,51,38,33,13
2023-01-13,1026,113,90,79,48,23,31
2023-01-14,1026,106,79,99,49,27,50
2023-01-15,1026,143,62,65,35,81,30
2023-01-16,1026,105,85,70,42,20,28
2023-01-17,1026,148,76,58,49,72,9
2023-01-18,1026,130,75,65,40,55,25
2023-01-19,1026,135,90,90,37,45,53
2023-01-20,1026,123,74,76,44,49,32
2023-01-21,1026,134,66,59,46,68,13
2023-01-22,1026,117,89,75,42,28,33
2023-01-23,1026,141,83,72,38,58,34
2023-01-24,1026,142,91,98,37,51,61
2023-01-25,1026,150,85,86,31,65,55
2023-01-26,1026,125,65,83,34,60,49
2023-01-27,1026,116,81,67,33,35,34
2023-01-28,1026,107,66,52,39,41,13
2023-01-29,1026,124,73,99,32,51,67
2023-01-30,1026,115,80,51,36,35,15
2023-01-31,1026,100,78,58,42,22,16
2023-02-01,1026,143,84,61,45,59,16
2023-02-02,1026,114,68,87,40,46,47
2023-02-03,1026,121,87,98,40,34,58
2023-02-04,1026,108,79,57,44,29,13
2023-02-05,1026,132,71,86,50,61,36
2023-02-06,1026,135,79,90,46,56,44
2023-02-07,1026,131,67,76,48,64,28
2023-02-08,1026,149,95,68,28,54,40
2023-02-09,1026,121,86,61,32,35,29
2023-02-10,1026,141,79,78,50,62,28
2023-02-11,1026,136,70,62,43,66,19
2023-02-12,1026,144,73,65,32,71,33
2023-02-13,1026,126,79,99,44,47,55
2023-02-14,1026,104,63,66,41,41,25
2023-02-15,1026,127,80,60,36,47,24
2023-02-16,1026,129,76,84,28,53,56
2023-02-17,1026,144,81,86,43,63,43
2023-02-18,1026,134,88,91,38,46,53
2023-02-19,1026,116,87,83,48,29,35
2023-02-20,1026,108,76,62,44,32,18
2023-02-21,1026,124,80,80,35,44,45
2023-02-22,1026,138,88,84,53,50,31
2023-02-23,1026,125,75,96,42,50,54
2023-02-24,1026,100,68,83,44,32,39
2023-02-25,1026,110,79,59,48,31,11
2023-02-26,1026,113,90,61,41,23,20
2023-02-27,1026,104,80,93,41,24,52
2023-02-28,1026,100,87,79,38,13,41
2023-03-01,1026,110,76,78,49,34,29
2023-03-02,1026,145,89,59,33,56,26
2023-03-03,1026,104,78,57,40,26,17
2023-03-04,1026,131,102,94,40,29,54
2023-03-05,1026,148,98,64,33,50,31
2023-03-06,1026,122,82,74,42,40,32
2023-03-07,1026,102,97,92,46,5,46
2023-03-08,1026,149,87,76,44,62,32
2023-03-09,1026,144,79,85,43,65,42
2023-03-10,1026,140,94,99,35,46,64
2023-03-11,1026,115,77,88,40,38,48
2023-03-12,1026,103,78,100,30,25,70
2023-03-13,1026,150,81,80,33,69,47
2023-03-14,1026,136,77,71,51,59,20
2023-03-15,1026,138,69,59,30,69,29
2023-03-16,1026,105,84,79,39,21,40
2023-03-17,1026,139,77,57,42,62,15
2023-03-18,1026,147,79,71,30,68,41
2023-03-19,1026,127,78,50,26,49,24
2023-03-20,1026,106,93,79,44,13,35
2023-03-21,1026,106,87,53,42,19,11
2023-03-22,1026,107,75,51,45,32,6
2023-03-23,1026,132,81,91,46,51,45
2023-03-24,1026,114,79,73,40,35,33
2023-03-25,1026,142,94,96,44,48,52
2023-03-26,1026,135,83,81,25,52,56
2023-03-27,1026,135,88,85,30,47,55
2023-03-28,1026,111,78,84,38,33,46
2023-03-29,1026,114,91,52,40,23,12
2023-03-30,1026,115,78,62,41,37,21
2023-03-31,1026,138,77,57,30,61,27
2023-04-01,1026,143,76,90,40,67,50
2023-04-02,1026,100,79,69,45,21,24
2023-04-03,1026,138,69,60,56,69,4
2023-04-04,1026,146,87,54,46,59,8
2023-04-05,1026,131,73,91,37,58,54
2023-04-06,1026,125,86,89,45,39,44
2023-04-07,1026,135,97,56,37,38,19
2023-04-08,1026,110,93,78,44,17,34
2023-04-09,1026,150,73,65,42,77,23
2023-04-10,1026,138,80,62,36,58,26
2023-04-11,1026,112,74,99,31,38,68
2023-04-12,1026,107,81,75,31,26,44
2023-04-13,1026,105,79,95,40,26,55
2023-04-14,1026,124,102,97,39,22,58
2023-04-15,1026,126,67,94,42,59,52
2023-04-16,1026,103,75,83,49,28,34
2023-04-17,1026,127,80,75,33,47,42
2023-04-18,1026,106,79,92,42,27,50
2023-04-19,1026,139,82,78,35,57,43
2023-04-20,1026,142,82,91,43,60,48
2023-04-21,1026,131,78,67,32,53,35
2023-04-22,1026,150,76,88,33,74,55
2023-04-23,1026,123,82,52,52,41,0
2023-04-24,1026,145,80,77,47,65,30
2023-04-25,1026,147,73,97,33,74,64
2023-04-26,1026,112,89,65,36,23,29
2023-04-27,1026,130,81,77,46,49,31
2023-04-28,1026,111,72,72,48,39,24
2023-04-29,1026,125,65,66,36,60,30
2023-04-30,1026,112,80,50,42,32,8
2023-05-01,1026,111,58,66,33,53,33
2023-05-02,1026,110,84,84,37,26,47
2023-05-03,1026,138,86,59,42,52,17
2023-05-04,1026,130,88,65,33,42,32
2023-05-05,1026,100,94,90,45,6,45
2023-05-06,1026,127,82,90,41,45,49
2023-05-07,1026,143,89,75,50,54,25
2023-05-08,1026,101,81,63,41,20,22
2023-05-09,1026,108,75,60,39,33,21
2023-05-10,1026,123,79,89,32,44,57
2023-05-11,1026,122,92,92,38,30,54
2023-05-12,1026,120,100,94,53,20,41
2023-05-13,1026,126,82,84,26,44,58
2023-05-14,1026,122,88,71,41,34,30
2023-05-15,1026,118,70,85,35,48,50
2023-05-16,1026,133,80,62,44,53,18
2023-05-17,1026,140,76,99,45,64,54
2023-05-18,1026,119,88,87,35,31,52
2023-05-19,1026,121,85,62,49,36,13
2023-05-20,1026,102,88,58,49,14,9
2023-05-21,1026,148,77,75,52,71,23
2023-05-22,1026,112,73,84,31,39,53
2023-05-23,1026,140,78,68,49,62,19
2023-05-24,1026,116,64,99,32,52,67
2023-05-25,1026,134,83,82,38,51,44
2023-05-26,1026,142,92,92,30,50,62
2023-05-27,1026,139,90,71,45,49,26
2023-05-28,1026,141,82,99,37,59,62
2023-05-29,1026,131,76,98,42,55,56
2023-05-30,1026,125,71,85,44,54,41
2023-05-31,1026,118,81,86,62,37,24
2023-06-01,1026,139,72,84,33,67,51
2023-06-02,1026,121,82,68,36,39,32
2023-06-03,1026,102,78,67,40,24,27
2023-06-04,1026,101,75,71,35,26,36
2023-06-05,1026,145,81,86,35,64,51
2023-06-06,1026,139,78,72,40,61,32
2023-06-07,1026,130,106,73,38,24,35
2023-06-08,1026,131,73,94,42,58,52
2023-06-09,1026,143,84,50,44,59,6
2023-06-10,1026,106,79,83,40,27,43
2023-06-11,1026,124,84,98,50,40,48
2023-06-12,1026,137,82,69,35,55,34
2023-06-13,1026,140,81,84,53,59,31
2023-06-14,1026,102,79,55,42,23,13
2023-06-15,1026,119,82,98,41,37,57
2023-06-16,1026,107,74,81,35,33,46
2023-06-17,1026,129,82,96,52,47,44
2023-06-18,1026,100,84,92,43,16,49
2023-06-19,1026,120,83,100,32,37,68
2023-06-20,1026,112,79,65,43,33,22
2023-06-21,1026,130,74,97,40,56,57
2023-06-22,1026,121,74,87,34,47,53
2023-06-23,1026,137,82,72,39,55,33
2023-06-24,1026,133,77,76,43,56,33
2023-06-25,1026,108,93,94,31,15,63
2023-06-26,1026,104,59,90,44,45,46
2023-06-27,1026,113,60,86,40,53,46
2023-06-28,1026,120,72,89,40,48,49
2023-06-29,1026,142,86,100,47,56,53
2023-06-30,1026,132,96,59,41,36,18
2023-07-01,1026,127,82,98,30,45,68
2023-07-02,1026,132,90,64,39,42,25
2023-07-03,1026,129,62,89,35,67,54
2023-07-04,1026,102,72,64,46,30,18
2023-07-05,1026,132,55,95,33,77,62
2023-07-06,1026,107,82,90,37,25,53
2023-07-07,1026,110,81,89,29,29,60
2023-07-08,1026,134,78,71,49,56,22
2023-07-09,1026,147,76,95,48,71,47
2023-07-10,1026,103,66,96,33,37,63
2023-07-11,1026,139,74,58,39,65,19
2023-07-12,1026,117,90,73,42,27,31
2023-07-13,1026,119,83,68,41,36,27
2023-07-14,1026,135,79,100,31,56,69
2023-07-15,1026,141,69,71,47,72,24
2023-07-16,1026,141,89,60,42,52,18
2023-07-17,1026,106,78,68,39,28,29
2023-07-18,1026,142,81,91,50,61,41
2023-07-19,1026,106,83,78,53,23,25
2023-07-20,1026,104,82,62,36,22,26
2023-07-21,1026,130,91,68,42,39,26
2023-07-22,1026,109,74,51,28,35,23
2023-07-23,1026,108,70,70,34,38,36
2023-07-24,1026,148,89,96,48,59,48
2023-07-25,1026,133,88,59,47,45,12
2023-07-26,1026,124,75,92,44,49,48
2023-07-27,1026,132,73,66,43,59,23
2023-07-28,1026,119,85,50,37,34,13
2023-07-29,1026,148,81,51,40,67,11
2023-07-30,1026,120,82,74,43,38,31
2023-07-31,1026,129,76,100,42,53,58
2023-08-01,1026,102,93,69,49,9,20
2023-08-02,1026,101,76,72,36,25,36
2023-08-03,1026,102,71,86,34,31,52
2023-08-04,1026,107,68,100,46,39,54
2023-08-05,1026,150,85,76,36,65,40
2023-08-06,1026,106,85,98,40,21,58
2023-08-07,1026,127,78,58,43,49,15
2023-08-08,1026,142,95,57,51,47,6
2023-08-09,1026,116,82,92,44,34,48
2023-08-10,1026,106,75,73,34,31,39
2023-08-11,1026,145,84,72,44,61,28
2023-08-12,1026,119,67,52,45,52,7
2023-08-13,1026,139,73,92,34,66,58
2023-08-14,1026,116,84,99,36,32,63
2023-08-15,1026,126,78,64,45,48,19
2023-08-16,1026,136,95,63,49,41,14
2023-08-17,1026,122,70,76,29,52,47
2023-08-18,1026,102,81,79,44,21,35
2023-08-19,1026,129,81,65,34,48,31
2023-08-20,1026,144,84,82,36,60,46
2023-08-21,1026,141,94,98,46,47,52
2023-08-22,1026,123,82,59,35,41,24
2023-08-23,1026,143,89,56,32,54,24
2023-08-24,1026,137,66,50,57,71,-7
2023-08-25,1026,140,83,93,54,57,39
2023-08-26,1026,109,85,61,35,24,26
2023-08-27,1026,134,83,86,45,51,41
2023-08-28,1026,140,70,71,38,70,33
2023-08-29,1026,105,76,80,47,29,33
2023-08-30,1026,147,84,97,49,63,48
2023-08-31,1026,143,74,58,43,69,15
2023-09-01,1026,102,81,82,45,21,37
2023-09-02,1026,119,77,66,35,42,31
2023-09-03,1026,117,70,98,39,47,59
2023-09-04,1026,111,88,72,45,23,27
2023-09-05,1026,133,81,78,49,52,29
2023-09-06,1026,135,86,80,37,49,43
2023-09-07,1026,126,82,87,46,44,41
2023-09-08,1026,104,76,53,32,28,21
2023-09-09,1026,137,73,56,50,64,6
2023-09-10,1026,146,81,88,49,65,39
2023-09-11,1026,113,68,93,43,45,50
2023-09-12,1026,113,76,56,52,37,4
2023-09-13,1026,120,83,63,36,37,27
2023-09-14,1026,142,84,66,43,58,23
2023-09-15,1026,135,71,50,44,64,6
2023-09-16,1026,102,68,53,37,34,16
2023-09-17,1026,105,97,65,44,8,21
2023-09-18,1026,132,77,72,42,55,30
2023-09-19,1026,147,92,66,38,55,28
2023-09-20,1026,131,84,67,42,47,25
2023-09-21,1026,130,78,55,34,52,21
2023-09-22,1026,121,93,52,28,28,24
2023-09-23,1026,118,85,69,36,33,33
2023-09-24,1026,142,86,60,32,56,28
2023-09-25,1026,102,88,75,38,14,37
2023-09-26,1026,145,69,52,28,76,24
2023-09-27,1026,122,68,84,36,54,48
2023-09-28,1026,140,82,80,44,58,36
2023-09-29,1026,121,83,70,29,38,41
2023-09-30,1026,138,85,73,39,53,34
2023-10-01,1026,150,80,72,38,70,34
2023-10-02,1026,148,82,64,36,66,28
2023-10-03,1026,133,77,86,33,56,53
2023-10-04,1026,127,92,94,34,35,60
2023-10-05,1026,102,86,93,39,16,54
2023-10-06,1026,149,92,82,54,57,28
2023-10-07,1026,100,97,52,38,3,14
2023-10-08,1026,112,86,88,32,26,56
2023-10-09,1026,104,93,95,55,11,40
2023-10-10,1026,128,78,85,42,50,43
2023-10-11,1026,137,78,53,44,59,9
2023-10-12,1026,121,74,81,44,47,37
2023-10-13,1026,100,87,64,37,13,27
2023-10-14,1026,125,73,78,47,52,31
2023-10-15,1026,118,87,90,53,31,37
2023-10-16,1026,111,71,76,35,40,41
2023-10-17,1026,100,87,98,30,13,68
2023-10-18,1026,149,76,62,47,73,15
2023-10-19,1026,147,86,53,30,61,23
2023-10-20,1026,104,80,65,49,24,16
2023-10-21,1026,109,74,91,42,35,49
2023-10-22,1026,136,82,88,46,54,42
2023-10-23,1026,103,74,51,42,29,9
2023-10-24,1026,133,80,94,33,53,61
2023-10-25,1026,106,71,97,47,35,50
2023-10-26,1026,133,71,78,31,62,47
2023-10-27,1026,126,97,58,41,29,17
2023-10-28,1026,150,75,90,50,75,40
2023-10-29,1026,136,77,67,37,59,30
2023-10-30,1026,142,86,77,28,56,49
2023-10-31,1026,130,84,73,42,46,31
2023-11-01,1026,131,91,97,37,40,60
2023-11-02,1026,135,85,53,31,50,22
2023-11-03,1026,114,73,92,35,41,57
2023-11-04,1026,120,61,54,40,59,14
2023-11-05,1026,104,81,62,44,23,18
2023-11-06,1026,140,84,70,51,56,19
2023-11-07,1026,124,80,90,35,44,55
2023-11-08,1026,127,85,95,38,42,57
2023-11-09,1026,135,76,62,53,59,9
2023-11-10,1026,117,96,80,30,21,50
2023-11-11,1026,141,86,78,37,55,41
2023-11-12,1026,115,96,67,39,19,28
2023-11-13,1026,121,88,83,39,33,44
2023-11-14,1026,128,78,62,37,50,25
2023-11-15,1026,144,81,61,28,63,33
2023-11-16,1026,147,68,85,38,79,47
2023-11-17,1026,113,83,95,47,30,48
2023-11-18,1026,107,80,93,34,27,59
2023-11-19,1026,139,66,50,51,73,-1
2023-11-20,1026,100,67,90,42,33,48
2023-11-21,1026,101,72,93,28,29,65
2023-11-22,1026,101,76,87,45,25,42
2023-11-23,1026,142,81,88,33,61,55
2023-11-24,1026,108,81,93,38,27,55
2023-11-25,1026,110,88,90,50,22,40
2023-11-26,1026,112,85,99,39,27,60
2023-11-27,1026,148,77,78,41,71,37
2023-11-28,1026,112,78,97,29,34,68
2023-11-29,1026,118,79,79,36,39,43
2023-11-30,1026,111,77,91,37,34,54
2023-12-01,1026,120,81,56,46,39,10
2023-12-02,1026,141,70,81,36,71,45
2023-12-03,1026,112,82,72,41,30,31
2023-12-04,1026,117,83,70,40,34,30
2023-12-05,1026,106,59,90,36,47,54
2023-12-06,1026,125,79,52,31,46,21
2023-12-07,1026,111,74,87,36,37,51
2023-12-08,1026,127,86,86,45,41,41
2023-12-09,1026,120,83,90,49,37,41
2023-12-10,1026,129,87,71,30,42,41
2023-12-11,1026,102,76,90,47,26,43
2023-12-12,1026,135,73,57,39,62,18
2023-12-13,1026,126,82,71,37,44,34
2023-12-14,1026,118,59,70,30,59,40
2023-12-15,1026,134,96,66,35,38,31
2023-12-16,1026,107,81,81,42,26,39
2023-12-17,1026,103,78,94,44,25,50
2023-12-18,1026,145,85,87,38,60,49
2023-12-19,1026,107,59,91,37,48,54
2023-12-20,1026,150,85,84,44,65,40
2023-12-21,1026,147,69,100,42,78,58
2023-12-22,1026,102,84,66,50,18,16
2023-12-23,1026,145,80,66,43,65,23
2023-12-24,1026,134,81,75,50,53,25
2023-12-25,1026,122,70,62,35,52,27
2023-12-26,1026,107,76,69,31,31,38
2023-12-27,1026,108,72,76,37,36,39
2023-12-28,1026,108,83,93,42,25,51
2023-12-29,1026,111,75,88,47,36,41
2023-12-30,1026,119,77,50,41,42,9
2023-12-31,1026,139,89,79,33,50,46
2023-01-01,1027,131,82,98,41,49,57
2023-01-02,1027,119,85,57,39,34,18
2023-01-03,1027,150,89,57,44,61,13
2023-01-04,1027,100,73,68,49,27,19
2023-01-05,1027,115,90,70,39,25,31
2023-01-06,1027,144,90,99,37,54,62
2023-01-07,1027,115,82,67,35,33,32
2023-01-08,1027,149,91,65,29,58,36
2023-01-09,1027,114,85,73,35,29,38
2023-01-10,1027,130,85,54,33,45,21
2023-01-11,1027,113,73,58,51,40,7
2023-01-12,1027,108,82,72,42,26,30
2023-01-13,1027,106,88,78,43,18,35
2023-01-14,1027,120,70,66,44,50,22
2023-01-15,1027,111,76,83,27,35,56
2023-01-16,1027,124,85,69,42,39,27
2023-01-17,1027,104,85,51,37,19,14
2023-01-18,1027,146,77,70,32,69,38
2023-01-19,1027,119,58,79,34,61,45
2023-01-20,1027,108,68,68,50,40,18
2023-01-21,1027,117,85,95,45,32,50
2023-01-22,1027,125,78,88,43,47,45
2023-01-23,1027,127,97,87,37,30,50
2023-01-24,1027,130,76,57,36,54,21
2023-01-25,1027,134,74,58,54,60,4
2023-01-26,1027,134,87,66,35,47,31
2023-01-27,1027,138,96,96,38,42,58
2023-01-28,1027,142,70,94,51,72,43
2023-01-29,1027,128,72,85,34,56,51
2023-01-30,1027,131,97,71,39,34,32
2023-01-31,1027,133,81,92,46,52,46
2023-02-01,1027,110,79,55,26,31,29
2023-02-02,1027,100,80,88,35,20,53
2023-02-03,1027,150,53,71,36,97,35
2023-02-04,1027,121,77,93,51,44,42
2023-02-05,1027,104,91,51,48,13,3
2023-02-06,1027,134,98,81,39,36,42
2023-02-07,1027,145,86,100,50,59,50
2023-02-08,1027,135,80,71,39,55,32
2023-02-09,1027,124,89,79,33,35,46
2023-02-10,1027,100,92,91,38,8,53
2023-02-11,1027,139,77,54,42,62,12
2023-02-12,1027,136,75,55,47,61,8
2023-02-13,1027,104,79,71,48,25,23
2023-02-14,1027,119,76,73,49,43,24
2023-02-15,1027,150,85,67,41,65,26
2023-02-16,1027,112,73,56,40,39,16
2023-02-17,1027,116,87,70,35,29,35
2023-02-18,1027,120,71,52,36,49,16
2023-02-19,1027,119,78,97,34,41,63
2023-02-20,1027,150,91,63,35,59,28
2023-02-21,1027,139,84,70,41,55,29
2023-02-22,1027,142,91,68,33,51,35
2023-02-23,1027,143,86,53,43,57,10
2023-02-24,1027,103,85,63,44,18,19
2023-02-25,1027,126,89,82,39,37,43
2023-02-26,1027,126,76,95,40,50,55
2023-02-27,1027,139,87,50,36,52,14
2023-02-28,1027,120,84,88,27,36,61
2023-03-01,1027,138,71,95,44,67,51
2023-03-02,1027,137,83,95,47,54,48
2023-03-03,1027,102,81,58,47,21,11
2023-03-04,1027,119,69,67,31,50,36
2023-03-05,1027,150,69,50,34,81,16
2023-03-06,1027,104,103,85,47,1,38
2023-03-07,1027,138,107,68,33,31,35
2023-03-08,1027,106,84,56,32,22,24
2023-03-09,1027,108,69,62,33,39,29
2023-03-10,1027,134,65,88,52,69,36
2023-03-11,1027,103,87,77,42,16,35
2023-03-12,1027,141,83,97,27,58,70
2023-03-13,1027,128,66,82,50,62,32
2023-03-14,1027,109,68,66,35,41,31
2023-03-15,1027,117,78,51,48,39,3
2023-03-16,1027,143,75,56,30,68,26
2023-03-17,1027,111,83,55,43,28,12
2023-03-18,1027,119,69,78,34,50,44
2023-03-19,1027,126,84,67,40,42,27
2023-03-20,1027,120,81,92,43,39,49
2023-03-21,1027,129,72,60,40,57,20
2023-03-22,1027,120,80,95,44,40,51
2023-03-23,1027,138,87,82,44,51,38
2023-03-24,1027,132,85,100,43,47,57
2023-03-25,1027,103,80,96,43,23,53
2023-03-26,1027,104,82,69,38,22,31
2023-03-27,1027,103,76,96,53,27,43
2023-03-28,1027,134,74,81,32,60,49
2023-03-29,1027,129,86,85,43,43,42
2023-03-30,1027,137,79,94,36,58,58
2023-03-31,1027,115,80,51,39,35,12
2023-04-01,1027,144,83,93,43,61,50
2023-04-02,1027,134,79,94,33,55,61
2023-04-03,1027,120,82,84,38,38,46
2023-04-04,1027,102,91,55,59,11,-4
2023-04-05,1027,107,91,52,37,16,15
2023-04-06,1027,104,70,94,33,34,61
2023-04-07,1027,125,76,86,43,49,43
2023-04-08,1027,119,86,90,47,33,43
2023-04-09,1027,118,82,94,48,36,46
2023-04-10,1027,144,75,92,48,69,44
2023-04-11,1027,144,76,50,37,68,13
2023-04-12,1027,108,90,70,39,18,31
2023-04-13,1027,116,68,92,43,48,49
2023-04-14,1027,136,85,83,33,51,50
2023-04-15,1027,144,71,79,45,73,34
2023-04-16,1027,135,76,75,35,59,40
2023-04-17,1027,111,94,80,36,17,44
2023-04-18,1027,121,71,55,38,50,17
2023-04-19,1027,148,84,50,38,64,12
2023-04-20,1027,145,74,55,39,71,16
2023-04-21,1027,128,92,55,39,36,16
2023-04-22,1027,127,90,95,44,37,51
2023-04-23,1027,130,71,87,39,59,48
2023-04-24,1027,142,63,87,50,79,37
2023-04-25,1027,113,87,70,44,26,26
2023-04-26,1027,116,57,51,36,59,15
2023-04-27,1027,117,73,56,39,44,17
2023-04-28,1027,131,73,67,38,58,29
2023-04-29,1027,126,87,78,35,39,43
2023-04-30,1027,143,70,65,48,73,17
2023-05-01,1027,127,79,61,42,48,19
2023-05-02,1027,117,87,54,37,30,17
2023-05-03,1027,130,83,66,39,47,27
2023-05-04,1027,133,73,59,39,60,20
2023-05-05,1027,132,85,80,42,47,38
2023-05-06,1027,133,72,54,51,61,3
2023-05-07,1027,107,69,96,35,38,61
2023-05-08,1027,114,57,90,38,57,52
2023-05-09,1027,119,88,94,34,31,60
2023-05-10,1027,149,73,56,25,76,31
2023-05-11,1027,119,82,61,38,37,23
2023-05-12,1027,111,77,59,55,34,4
2023-05-13,1027,120,77,59,44,43,15
2023-05-14,1027,148,72,95,39,76,56
2023-05-15,1027,113,87,50,43,26,7
2023-05-16,1027,100,66,53,45,34,8
2023-05-17,1027,142,92,64,33,50,31
2023-05-18,1027,119,76,53,43,43,10
2023-05-19,1027,112,87,86,33,25,53
2023-05-20,1027,147,90,98,32,57,66
2023-05-21,1027,101,82,62,34,19,28
2023-05-22,1027,138,70,99,35,68,64
2023-05-23,1027,107,74,97,43,33,54
2023-05-24,1027,135,91,92,33,44,59
2023-05-25,1027,145,89,80,33,56,47
2023-05-26,1027,129,88,94,50,41,44
2023-05-27,1027,124,64,86,42,60,44
2023-05-28,1027,110,64,91,41,46,50
2023-05-29,1027,134,86,96,40,48,56
2023-05-30,1027,104,105,79,44,-1,35
2023-05-31,1027,145,86,81,49,59,32
2023-06-01,1027,110,73,70,45,37,25
2023-06-02,1027,124,71,77,42,53,35
2023-06-03,1027,150,81,69,25,69,44
2023-06-04,1027,105,68,92,45,37,47
2023-06-05,1027,141,84,72,32,57,40
2023-06-06,1027,127,94,84,41,33,43
2023-06-07,1027,114,80,53,34,34,19
2023-06-08,1027,150,80,60,42,70,18
2023-06-09,1027,100,86,84,37,14,47
2023-06-10,1027,126,82,53,36,44,17
2023-06-11,1027,128,77,92,40,51,52
2023-06-12,1027,137,76,52,34,61,18
2023-06-13,1027,119,71,98,40,48,58
2023-06-14,1027,143,84,88,32,59,56
2023-06-15,1027,134,65,75,30,69,45
2023-06-16,1027,124,71,89,37,53,52
2023-06-17,1027,120,75,84,47,45,37
2023-06-18,1027,137,70,52,37,67,15
2023-06-19,1027,102,77,71,36,25,35
2023-06-20,1027,130,70,97,38,60,59
2023-06-21,1027,111,86,71,29,25,42
2023-06-22,1027,105,77,83,41,28,42
2023-06-23,1027,112,81,62,39,31,23
2023-06-24,1027,103,72,70,36,31,34
2023-06-25,1027,136,96,63,45,40,18
2023-06-26,1027,143,78,87,27,65,60
2023-06-27,1027,116,68,92,44,48,48
2023-06-28,1027,102,88,93,47,14,46
2023-06-29,1027,144,71,69,39,73,30
2023-06-30,1027,102,77,74,43,25,31
2023-07-01,1027,136,79,56,45,57,11
2023-07-02,1027,140,86,77,30,54,47
2023-07-03,1027,132,89,55,43,43,12
2023-07-04,1027,117,85,74,45,32,29
2023-07-05,1027,112,76,70,38,36,32
2023-07-06,1027,133,86,81,41,47,40
2023-07-07,1027,125,83,57,33,42,24
2023-07-08,1027,136,71,52,51,65,1
2023-07-09,1027,137,74,77,44,63,33
2023-07-10,1027,143,79,73,38,64,35
2023-07-11,1027,145,76,96,32,69,64
2023-07-12,1027,132,66,99,50,66,49
2023-07-13,1027,149,69,96,36,80,60
2023-07-14,1027,116,84,55,36,32,19
2023-07-15,1027,131,79,75,41,52,34
2023-07-16,1027,105,70,50,46,35,4
2023-07-17,1027,148,82,93,46,66,47
2023-07-18,1027,105,89,73,37,16,36
2023-07-19,1027,107,78,66,44,29,22
2023-07-20,1027,104,84,79,41,20,38
2023-07-21,1027,125,78,55,38,47,17
2023-07-22,1027,126,72,75,41,54,34
2023-07-23,1027,150,75,70,44,75,26
2023-07-24,1027,123,81,85,34,42,51
2023-07-25,1027,130,88,56,53,42,3
2023-07-26,1027,135,67,51,38,68,13
2023-07-27,1027,133,81,73,34,52,39
2023-07-28,1027,113,82,76,37,31,39
2023-07-29,1027,149,73,98,29,76,69
2023-07-30,1027,148,81,60,40,67,20
2023-07-31,1027,105,75,62,42,30,20
2023-08-01,1027,120,91,81,48,29,33
2023-08-02,1027,104,84,62,38,20,24
2023-08-03,1027,137,69,68,45,68,23
2023-08-04,1027,140,78,66,37,62,29
2023-08-05,1027,118,78,86,39,40,47
2023-08-06,1027,103,73,69,32,30,37
2023-08-07,1027,142,92,82,35,50,47
2023-08-08,1027,149,74,96,41,75,55
2023-08-09,1027,112,71,95,36,41,59
2023-08-10,1027,129,92,52,38,37,14
2023-08-11,1027,108,92,76,47,16,29
2023-08-12,1027,140,79,80,52,61,28
2023-08-13,1027,140,63,51,55,77,-4
2023-08-14,1027,139,92,57,54,47,3
2023-08-15,1027,149,97,65,38,52,27
2023-08-16,1027,141,75,98,48,66,50
2023-08-17,1027,129,87,88,36,42,52
2023-08-18,1027,105,70,86,29,35,57
2023-08-19,1027,117,82,57,52,35,5
2023-08-20,1027,143,73,63,34,70,29
2023-08-21,1027,129,70,62,37,59,25
2023-08-22,1027,133,78,56,43,55,13
2023-08-23,1027,120,61,63,38,59,25
2023-08-24,1027,100,84,96,32,16,64
2023-08-25,1027,128,79,74,31,49,43
2023-08-26,1027,112,92,60,55,20,5
2023-08-27,1027,137,81,59,35,56,24
2023-08-28,1027,119,90,70,39,29,31
2023-08-29,1027,126,84,76,26,42,50
2023-08-30,1027,104,76,68,41,28,27
2023-08-31,1027,137,77,79,38,60,41
2023-09-01,1027,123,74,52,41,49,11
2023-09-02,1027,117,72,51,56,45,-5
2023-09-03,1027,107,71,87,40,36,47
2023-09-04,1027,126,67,88,50,59,38
2023-09-05,1027,141,69,71,39,72,32
2023-09-06,1027,137,79,79,35,58,44
2023-09-07,1027,119,87,91,44,32,47
2023-09-08,1027,144,79,66,45,65,21
2023-09-09,1027,132,62,87,46,70,41
2023-09-10,1027,148,78,86,38,70,48
2023-09-11,1027,144,83,64,51,61,13
2023-09-12,1027,104,66,77,38,38,39
2023-09-13,1027,145,65,66,38,80,28
2023-09-14,1027,149,87,81,38,62,43
2023-09-15,1027,141,64,86,34,77,52
2023-09-16,1027,107,83,53,35,24,18
2023-09-17,1027,115,80,83,44,35,39
2023-09-18,1027,145,80,76,56,65,20
2023-09-19,1027,106,99,67,28,7,39
2023-09-20,1027,135,82,97,34,53,63
2023-09-21,1027,115,72,64,28,43,36
2023-09-22,1027,125,92,89,43,33,46
2023-09-23,1027,149,74,91,42,75,49
2023-09-24,1027,108,88,82,43,20,39
2023-09-25,1027,122,83,51,36,39,15
2023-09-26,1027,118,99,70,31,19,39
2023-09-27,1027,114,59,65,37,55,28
2023-09-28,1027,114,69,82,39,45,43
2023-09-29,1027,118,84,69,31,34,38
2023-09-30,1027,116,82,78,49,34,29
2023-10-01,1027,134,69,92,42,65,50
2023-10-02,1027,114,100,65,49,14,16
2023-10-03,1027,106,61,75,48,45,27
2023-10-04,1027,101,86,73,65,15,8
2023-10-05,1027,123,79,53,38,44,15
2023-10-06,1027,117,74,96,54,43,42
2023-10-07,1027,127,69,54,35,58,19
2023-10-08,1027,121,70,92,42,51,50
2023-10-09,1027,133,90,57,33,43,24
2023-10-10,1027,114,78,78,44,36,34
2023-10-11,1027,148,92,61,44,56,17
2023-10-12,1027,146,80,79,40,66,39
2023-10-13,1027,102,97,86,29,5,57
2023-10-14,1027,144,95,95,46,49,49
2023-10-15,1027,117,70,58,47,47,11
2023-10-16,1027,112,85,61,35,27,26
2023-10-17,1027,147,82,51,46,65,5
2023-10-18,1027,132,88,84,42,44,42
2023-10-19,1027,147,69,61,50,78,11
2023-10-20,1027,107,86,93,44,21,49
2023-10-21,1027,126,91,74,52,35,22
2023-10-22,1027,147,88,53,37,59,16
2023-10-23,1027,138,89,96,49,49,47
2023-10-24,1027,115,55,80,35,60,45
2023-10-25,1027,125,72,100,33,53,67
2023-10-26,1027,129,82,57,44,47,13
2023-10-27,1027,122,78,93,41,44,52
2023-10-28,1027,127,70,87,53,57,34
2023-10-29,1027,113,81,52,50,32,2
2023-10-30,1027,115,73,63,51,42,12
2023-10-31,1027,136,68,56,35,68,21
2023-11-01,1027,127,77,78,43,50,35
2023-11-02,1027,147,89,66,39,58,27
2023-11-03,1027,118,83,78,52,35,26
2023-11-04,1027,121,78,56,54,43,2
2023-11-05,1027,129,79,61,49,50,12
2023-11-06,1027,125,82,51,38,43,13
2023-11-07,1027,141,77,73,58,64,15
2023-11-08,1027,124,73,70,34,51,36
2023-11-09,1027,115,65,54,27,50,27
2023-11-10,1027,145,82,98,39,63,59
2023-11-11,1027,103,75,59,30,28,29
2023-11-12,1027,127,89,93,47,38,46
2023-11-13,1027,103,82,63,45,21,18
2023-11-14,1027,145,84,63,47,61,16
2023-11-15,1027,101,80,90,31,21,59
2023-11-16,1027,127,78,95,35,49,60
2023-11-17,1027,111,59,82,40,52,42
2023-11-18,1027,136,77,52,44,59,8
2023-11-19,1027,120,87,67,42,33,25
2023-11-20,1027,145,91,97,35,54,62
2023-11-21,1027,121,86,62,40,35,22
2023-11-22,1027,107,86,53,35,21,18
2023-11-23,1027,105,95,98,33,10,65
2023-11-24,1027,120,93,75,41,27,34
2023-11-25,1027,131,80,56,47,51,9
2023-11-26,1027,109,71,73,37,38,36
2023-11-27,1027,124,85,77,45,39,32
2023-11-28,1027,112,82,50,47,30,3
2023-11-29,1027,143,79,83,40,64,43
2023-11-30,1027,130,80,59,48,50,11
2023-12-01,1027,114,90,87,39,24,48
2023-12-02,1027,148,72,52,38,76,14
2023-12-03,1027,103,89,82,37,14,45
2023-12-04,1027,124,83,61,46,41,15
2023-12-05,1027,119,70,74,35,49,39
2023-12-06,1027,146,62,83,43,84,40
2023-12-07,1027,100,97,97,35,3,62
2023-12-08,1027,143,95,92,31,48,61
2023-12-09,1027,126,84,55,37,42,18
2023-12-10,1027,142,78,93,33,64,60
2023-12-11,1027,106,78,89,31,28,58
2023-12-12,1027,135,79,84,39,56,45
2023-12-13,1027,147,85,76,40,62,36
2023-12-14,1027,105,103,71,40,2,31
2023-12-15,1027,126,77,72,39,49,33
2023-12-16,1027,139,83,73,37,56,36
2023-12-17,1027,124,81,92,37,43,55
2023-12-18,1027,141,90,80,43,51,37
2023-12-19,1027,120,84,57,46,36,11
2023-12-20,1027,140,78,98,39,62,59
2023-12-21,1027,108,94,71,35,14,36
2023-12-22,1027,136,84,76,35,52,41
2023-12-23,1027,110,72,74,41,38,33
2023-12-24,1027,142,79,54,33,63,21
2023-12-25,1027,136,79,65,47,57,18
2023-12-26,1027,103,91,97,44,12,53
2023-12-27,1027,117,85,93,39,32,54
2023-12-28,1027,140,78,98,44,62,54
2023-12-29,1027,134,72,98,46,62,52
2023-12-30,1027,128,90,90,45,38,45
2023-12-31,1027,133,83,74,40,50,34
2023-01-01,1028,146,84,96,33,62,63
2023-01-02,1028,112,69,59,43,43,16
2023-01-03,1028,130,86,85,31,44,54
2023-01-04,1028,149,80,82,35,69,47
2023-01-05,1028,107,82,93,41,25,52
2023-01-06,1028,100,69,55,39,31,16
2023-01-07,1028,117,67,83,46,50,37
2023-01-08,1028,116,80,68,46,36,22
2023-01-09,1028,148,86,57,33,62,24
2023-01-10,1028,149,92,64,47,57,17
2023-01-11,1028,141,87,76,46,54,30
2023-01-12,1028,127,80,55,37,47,18
2023-01-13,1028,100,71,86,28,29,58
2023-01-14,1028,113,84,100,43,29,57
2023-01-15,1028,122,91,50,42,31,8
2023-01-16,1028,128,80,56,35,48,21
2023-01-17,1028,117,50,97,51,67,46
2023-01-18,1028,127,61,55,51,66,4
2023-01-19,1028,138,84,95,46,54,49
2023-01-20,1028,103,83,51,45,20,6
2023-01-21,1028,131,77,87,43,54,44
2023-01-22,1028,103,77,55,31,26,24
2023-01-23,1028,136,86,81,39,50,42
2023-01-24,1028,103,80,98,41,23,57
2023-01-25,1028,121,88,98,47,33,51
2023-01-26,1028,134,88,60,30,46,30
2023-01-27,1028,129,58,70,34,71,36
2023-01-28,1028,115,76,66,37,39,29
2023-01-29,1028,107,72,69,54,35,15
2023-01-30,1028,106,79,82,32,27,50
2023-01-31,1028,101,74,55,45,27,10
2023-02-01,1028,101,109,75,33,-8,42
2023-02-02,1028,131,95,88,39,36,49
2023-02-03,1028,137,84,88,36,53,52
2023-02-04,1028,112,80,82,42,32,40
2023-02-05,1028,107,64,88,39,43,49
2023-02-06,1028,144,68,68,53,76,15
2023-02-07,1028,124,76,91,33,48,58
2023-02-08,1028,106,79,60,58,27,2
2023-02-09,1028,117,67,93,52,50,41
2023-02-10,1028,112,97,58,30,15,28
2023-02-11,1028,122,86,51,42,36,9
2023-02-12,1028,147,76,51,32,71,19
2023-02-13,1028,104,93,87,47,11,40
2023-02-14,1028,130,83,85,41,47,44
2023-02-15,1028,110,98,69,29,12,40
2023-02-16,1028,125,74,92,39,51,53
2023-02-17,1028,113,86,60,40,27,20
2023-02-18,1028,100,80,81,37,20,44
2023-02-19,1028,137,85,54,51,52,3
2023-02-20,1028,110,62,51,47,48,4
2023-02-21,1028,125,67,98,41,58,57
2023-02-22,1028,121,83,70,34,38,36
2023-02-23,1028,125,91,76,46,34,30
2023-02-24,1028,103,96,79,36,7,43
2023-02-25,1028,130,77,69,35,53,34
2023-02-26,1028,141,84,89,41,57,48
2023-02-27,1028,140,62,77,26,78,51
2023-02-28,1028,103,84,71,45,19,26
2023-03-01,1028,105,70,98,45,35,53
2023-03-02,1028,121,79,65,38,42,27
2023-03-03,1028,137,85,83,42,52,41
2023-03-04,1028,143,76,63,40,67,23
2023-03-05,1028,125,67,88,29,58,59
2023-03-06,1028,124,79,50,41,45,9
2023-03-07,1028,103,87,78,44,16,34
2023-03-08,1028,134,78,95,32,56,63
2023-03-09,1028,145,85,82,39,60,43
2023-03-10,1028,122,82,94,34,40,60
2023-03-11,1028,111,88,75,44,23,31
2023-03-12,1028,137,67,85,43,70,42
2023-03-13,1028,145,75,76,48,70,28
2023-03-14,1028,147,70,85,38,77,47
2023-03-15,1028,146,76,97,41,70,56
2023-03-16,1028,143,76,51,34,67,17
2023-03-17,1028,123,78,90,55,45,35
2023-03-18,1028,123,80,61,53,43,8
2023-03-19,1028,119,73,99,47,46,52
2023-03-20,1028,103,93,57,44,10,13
2023-03-21,1028,144,83,62,43,61,19
2023-03-22,1028,150,70,85,39,80,46
2023-03-23,1028,144,86,50,37,58,13
2023-03-24,1028,101,69,50,46,32,4
2023-03-25,1028,100,90,70,36,10,34
2023-03-26,1028,135,79,98,35,56,63
2023-03-27,1028,108,88,50,50,20,0
2023-03-28,1028,126,70,80,33,56,47
2023-03-29,1028,101,71,53,39,30,14
2023-03-30,1028,125,89,69,41,36,28
2023-03-31,1028,144,80,69,43,64,26
2023-04-01,1028,121,94,84,49,27,35
2023-04-02,1028,143,85,98,48,58,50
2023-04-03,1028,145,75,53,41,70,12
2023-04-04,1028,145,82,63,41,63,22
2023-04-05,1028,142,72,73,37,70,36
2023-04-06,1028,104,71,71,36,33,35
2023-04-07,1028,114,78,93,44,36,49
2023-04-08,1028,109,71,63,40,38,23
2023-04-09,1028,126,74,76,32,52,44
2023-04-10,1028,116,80,94,35,36,59
2023-04-11,1028,110,77,77,28,33,49
2023-04-12,1028,116,89,78,46,27,32
2023-04-13,1028,143,72,53,46,71,7
2023-04-14,1028,141,80,50,43,61,7
2023-04-15,1028,102,83,62,38,19,24
2023-04-16,1028,141,88,95,34,53,61
2023-04-17,1028,143,80,87,46,63,41
2023-04-18,1028,139,86,95,37,53,58
2023-04-19,1028,127,90,62,54,37,8
2023-04-20,1028,127,86,90,45,41,45
2023-04-21,1028,129,83,58,49,46,9
2023-04-22,1028,124,84,70,45,40,25
2023-04-23,1028,104,74,79,41,30,38
2023-04-24,1028,113,74,95,30,39,65
2023-04-25,1028,101,75,72,32,26,40
2023-04-26,1028,133,74,78,43,59,35
2023-04-27,1028,109,62,78,48,47,30
2023-04-28,1028,146,80,57,37,66,20
2023-04-29,1028,123,81,55,35,42,20
2023-04-30,1028,100,91,87,39,9,48
2023-05-01,1028,132,94,73,47,38,26
2023-05-02,1028,116,71,86,40,45,46
2023-05-03,1028,148,70,56,37,78,19
2023-05-04,1028,143,73,94,36,70,58
2023-05-05,1028,116,70,55,35,46,20
2023-05-06,1028,149,93,96,40,56,56
2023-05-07,1028,112,84,80,30,28,50
2023-05-08,1028,138,84,53,51,54,2
2023-05-09,1028,115,71,77,43,44,34
2023-05-10,1028,128,84,63,45,44,18
2023-05-11,1028,136,87,75,33,49,42
2023-05-12,1028,134,84,64,43,50,21
2023-05-13,1028,115,60,85,46,55,39
2023-05-14,1028,123,100,91,35,23,56
2023-05-15,1028,145,72,58,48,73,10
2023-05-16,1028,133,71,67,37,62,30
2023-05-17,1028,115,76,67,49,39,18
2023-05-18,1028,136,76,94,33,60,61
2023-05-19,1028,118,82,62,36,36,26
2023-05-20,1028,110,90,50,28,20,22
2023-05-21,1028,134,81,50,43,53,7
2023-05-22,1028,136,70,61,42,66,19
2023-05-23,1028,145,68,61,31,77,30
2023-05-24,1028,150,72,82,45,78,37
2023-05-25,1028,140,72,56,42,68,14
2023-05-26,1028,141,78,84,35,63,49
2023-05-27,1028,126,77,53,37,49,16
2023-05-28,1028,140,72,94,46,68,48
2023-05-29,1028,135,84,53,40,51,13
2023-05-30,1028,100,77,80,34,23,46
2023-05-31,1028,105,88,78,31,17,47
2023-06-01,1028,102,85,89,52,17,37
2023-06-02,1028,120,70,55,39,50,16
2023-06-03,1028,143,91,86,45,52,41
2023-06-04,1028,111,91,85,53,20,32
2023-06-05,1028,130,67,65,51,63,14
2023-06-06,1028,112,74,83,41,38,42
2023-06-07,1028,127,84,65,43,43,22
2023-06-08,1028,146,86,62,36,60,26
2023-06-09,1028,136,99,65,39,37,26
2023-06-10,1028,100,73,68,32,27,36
2023-06-11,1028,130,75,98,45,55,53
2023-06-12,1028,113,91,71,43,22,28
2023-06-13,1028,114,82,90,38,32,52
2023-06-14,1028,133,83,91,30,50,61
2023-06-15,1028,126,90,88,37,36,51
2023-06-16,1028,123,72,88,47,51,41
2023-06-17,1028,124,69,55,30,55,25
2023-06-18,1028,101,73,94,38,28,56
2023-06-19,1028,122,65,62,42,57,20
2023-06-20,1028,148,69,69,40,79,29
2023-06-21,1028,129,88,60,40,41,20
2023-06-22,1028,110,69,99,42,41,57
2023-06-23,1028,129,84,87,40,45,47
2023-06-24,1028,113,94,82,45,19,37
2023-06-25,1028,126,90,76,30,36,46
2023-06-26,1028,103,69,100,33,34,67
2023-06-27,1028,121,93,58,45,28,13
2023-06-28,1028,129,107,68,40,22,28
2023-06-29,1028,116,81,63,32,35,31
2023-06-30,1028,132,74,63,37,58,26
2023-07-01,1028,125,80,65,44,45,21
2023-07-02,1028,101,87,63,45,14,18
2023-07-03,1028,120,82,77,40,38,37
2023-07-04,1028,149,70,52,36,79,16
2023-07-05,1028,121,81,74,47,40,27
2023-07-06,1028,149,77,82,35,72,47
2023-07-07,1028,120,102,77,33,18,44
2023-07-08,1028,102,82,86,41,20,45
2023-07-09,1028,101,74,96,37,27,59
2023-07-10,1028,148,99,81,43,49,38
2023-07-11,1028,137,69,52,40,68,12
2023-07-12,1028,149,89,89,41,60,48
2023-07-13,1028,102,85,95,38,17,57
2023-07-14,1028,142,68,54,48,74,6
2023-07-15,1028,103,92,53,42,11,11
2023-07-16,1028,150,95,73,43,55,30
2023-07-17,1028,129,64,86,35,65,51
2023-07-18,1028,100,73,79,41,27,38
2023-07-19,1028,133,84,53,42,49,11
2023-07-20,1028,148,68,81,32,80,49
2023-07-21,1028,103,95,58,40,8,18
2023-07-22,1028,136,92,84,47,44,37
2023-07-23,1028,128,80,57,43,48,14
2023-07-24,1028,131,95,95,43,36,52
2023-07-25,1028,104,71,73,32,33,41
2023-07-26,1028,115,80,68,34,35,34
2023-07-27,1028,125,83,76,34,42,42
2023-07-28,1028,114,71,77,43,43,34
2023-07-29,1028,131,93,74,50,38,24
2023-07-30,1028,115,82,86,36,33,50
2023-07-31,1028,106,86,72,31,20,41
2023-08-01,1028,101,93,79,42,8,37
2023-08-02,1028,103,80,60,42,23,18
2023-08-03,1028,120,73,74,41,47,33
2023-08-04,1028,143,81,97,38,62,59
2023-08-05,1028,115,80,78,41,35,37
2023-08-06,1028,140,70,56,40,70,16
2023-08-07,1028,131,67,88,38,64,50
2023-08-08,1028,145,71,82,42,74,40
2023-08-09,1028,138,68,55,37,70,18
2023-08-10,1028,106,69,85,43,37,42
2023-08-11,1028,133,80,90,34,53,56
2023-08-12,1028,125,58,59,41,67,18
2023-08-13,1028,111,93,55,43,18,12
2023-08-14,1028,129,96,80,48,33,32
2023-08-15,1028,124,98,79,41,26,38
2023-08-16,1028,137,90,72,29,47,43
2023-08-17,1028,112,89,87,41,23,46
2023-08-18,1028,143,66,62,42,77,20
2023-08-19,1028,148,81,56,42,67,14
2023-08-20,1028,142,89,66,39,53,27
2023-08-21,1028,147,90,95,49,57,46
2023-08-22,1028,130,66,86,31,64,55
2023-08-23,1028,100,77,65,41,23,24
2023-08-24,1028,124,86,92,37,38,55
2023-08-25,1028,131,77,95,30,54,65
2023-08-26,1028,112,81,83,34,31,49
2023-08-27,1028,141,81,60,47,60,13
2023-08-28,1028,143,82,61,41,61,20
2023-08-29,1028,120,88,66,48,32,18
2023-08-30,1028,149,91,65,38,58,27
2023-08-31,1028,146,88,100,57,58,43
2023-09-01,1028,133,87,74,40,46,34
2023-09-02,1028,121,87,53,41,34,12
2023-09-03,1028,124,71,99,44,53,55
2023-09-04,1028,106,68,95,38,38,57
2023-09-05,1028,114,76,62,42,38,20
2023-09-06,1028,134,81,59,28,53,31
2023-09-07,1028,119,70,96,42,49,54
2023-09-08,1028,140,73,62,45,67,17
2023-09-09,1028,116,84,63,33,32,30
2023-09-10,1028,105,69,74,31,36,43
2023-09-11,1028,119,85,80,36,34,44
2023-09-12,1028,104,102,66,45,2,21
2023-09-13,1028,142,75,50,31,67,19
2023-09-14,1028,150,84,67,47,66,20
2023-09-15,1028,135,81,78,41,54,37
2023-09-16,1028,136,65,100,36,71,64
2023-09-17,1028,100,87,96,50,13,46
2023-09-18,1028,138,82,53,43,56,10
2023-09-19,1028,116,79,82,37,37,45
2023-09-20,1028,134,96,90,32,38,58
2023-09-21,1028,128,91,54,34,37,20
2023-09-22,1028,149,90,79,45,59,34
2023-09-23,1028,122,82,59,52,40,7
2023-09-24,1028,127,92,71,51,35,20
2023-09-25,1028,108,84,85,32,24,53
2023-09-26,1028,138,84,79,46,54,33
2023-09-27,1028,137,81,64,38,56,26
2023-09-28,1028,127,92,71,45,35,26
2023-09-29,1028,115,77,50,45,38,5
2023-09-30,1028,102,93,72,28,9,44
2023-10-01,1028,111,70,72,29,41,43
2023-10-02,1028,102,89,73,42,13,31
2023-10-03,1028,145,81,88,41,64,47
2023-10-04,1028,125,77,96,45,48,51
2023-10-05,1028,107,70,59,49,37,10
2023-10-06,1028,103,81,69,33,22,36
2023-10-07,1028,118,75,81,24,43,57
2023-10-08,1028,129,79,58,40,50,18
2023-10-09,1028,117,94,57,48,23,9
2023-10-10,1028,138,66,71,32,72,39
2023-10-11,1028,135,86,91,47,49,44
2023-10-12,1028,143,89,96,37,54,59
2023-10-13,1028,125,68,61,45,57,16
2023-10-14,1028,133,71,100,41,62,59
2023-10-15,1028,143,70,85,34,73,51
2023-10-16,1028,129,65,88,32,64,56
2023-10-17,1028,137,79,84,49,58,35
2023-10-18,1028,126,88,74,45,38,29
2023-10-19,1028,100,80,76,34,20,42
2023-10-20,1028,138,76,59,32,62,27
2023-10-21,1028,106,88,64,39,18,25
2023-10-22,1028,137,88,67,34,49,33
2023-10-23,1028,142,69,97,36,73,61
2023-10-24,1028,149,70,52,40,79,12
2023-10-25,1028,130,78,90,46,52,44
2023-10-26,1028,125,73,65,37,52,28
2023-10-27,1028,141,75,87,48,66,39
2023-10-28,1028,105,79,58,40,26,18
2023-10-29,1028,123,80,60,40,43,20
2023-10-30,1028,121,69,59,42,52,17
2023-10-31,1028,112,77,54,37,35,17
2023-11-01,1028,121,70,75,40,51,35
2023-11-02,1028,129,76,76,43,53,33
2023-11-03,1028,138,90,66,35,48,31
2023-11-04,1028,110,83,59,37,27,22
2023-11-05,1028,143,70,55,40,73,15
2023-11-06,1028,126,93,66,41,33,25
2023-11-07,1028,149,70,71,39,79,32
2023-11-08,1028,105,73,78,41,32,37
2023-11-09,1028,135,67,50,39,68,11
2023-11-10,1028,141,75,100,41,66,59
2023-11-11,1028,117,91,50,37,26,13
2023-11-12,1028,121,77,59,44,44,15
2023-11-13,1028,106,79,76,49,27,27
2023-11-14,1028,103,76,98,38,27,60
2023-11-15,1028,126,87,85,42,39,43
2023-11-16,1028,136,76,98,36,60,62
2023-11-17,1028,103,85,51,49,18,2
2023-11-18,1028,150,71,61,36,79,25
2023-11-19,1028,101,68,83,48,33,35
2023-11-20,1028,146,87,72,39,59,33
2023-11-21,1028,137,63,52,31,74,21
2023-11-22,1028,127,101,99,40,26,59
2023-11-23,1028,103,84,80,50,19,30
2023-11-24,1028,138,99,89,40,39,49
2023-11-25,1028,144,87,76,34,57,42
2023-11-26,1028,129,73,68,44,56,24
2023-11-27,1028,120,89,51,40,31,11
2023-11-28,1028,101,78,100,36,23,64
2023-11-29,1028,110,79,76,41,31,35
2023-11-30,1028,108,85,73,42,23,31
2023-12-01,1028,120,83,50,39,37,11
2023-12-02,1028,110,66,52,37,44,15
2023-12-03,1028,114,99,82,37,15,45
2023-12-04,1028,126,66,99,37,60,62
2023-12-05,1028,143,78,50,34,65,16
2023-12-06,1028,134,87,85,43,47,42
2023-12-07,1028,121,86,61,33,35,28
2023-12-08,1028,122,78,87,51,44,36
2023-12-09,1028,136,89,62,43,47,19
2023-12-10,1028,147,87,79,52,60,27
2023-12-11,1028,113,77,89,28,36,61
2023-12-12,1028,139,69,84,50,70,34
2023-12-13,1028,113,81,94,38,32,56
2023-12-14,1028,145,82,85,38,63,47
2023-12-15,1028,147,87,79,41,60,38
2023-12-16,1028,108,78,58,33,30,25
2023-12-17,1028,130,69,81,37,61,44
2023-12-18,1028,147,91,70,41,56,29
2023-12-19,1028,139,83,57,33,56,24
2023-12-20,1028,125,68,71,40,57,31
2023-12-21,1028,114,78,65,37,36,28
2023-12-22,1028,118,84,54,37,34,17
2023-12-23,1028,106,93,70,52,13,18
2023-12-24,1028,116,84,64,41,32,23
2023-12-25,1028,145,91,100,49,54,51
2023-12-26,1028,142,70,63,37,72,26
2023-12-27,1028,150,83,83,38,67,45
2023-12-28,1028,101,84,78,35,17,43
2023-12-29,1028,109,74,54,43,35,11
2023-12-30,1028,116,91,85,50,25,35
2023-12-31,1028,136,77,53,47,59,6
2023-01-01,1029,124,81,65,42,43,23
2023-01-02,1029,134,86,94,35,48,59
2023-01-03,1029,128,79,92,39,49,53
2023-01-04,1029,103,87,79,42,16,37
2023-01-05,1029,130,58,61,26,72,35
2023-01-06,1029,139,76,60,37,63,23
2023-01-07,1029,103,67,60,33,36,27
2023-01-08,1029,145,75,93,44,70,49
2023-01-09,1029,109,62,63,40,47,23
2023-01-10,1029,139,66,61,35,73,26
2023-01-11,1029,112,85,56,56,27,0
2023-01-12,1029,110,81,58,38,29,20
2023-01-13,1029,149,82,97,39,67,58
2023-01-14,1029,138,77,85,38,61,47
2023-01-15,1029,125,78,89,37,47,52
2023-01-16,1029,103,81,88,39,22,49
2023-01-17,1029,147,73,92,44,74,48
2023-01-18,1029,101,100,100,34,1,66
2023-01-19,1029,120,67,72,38,53,34
2023-01-20,1029,148,74,81,33,74,48
2023-01-21,1029,120,89,78,34,31,44
2023-01-22,1029,137,89,98,42,48,56
2023-01-23,1029,127,81,93,39,46,54
2023-01-24,1029,111,87,88,48,24,40
2023-01-25,1029,101,103,94,38,-2,56
2023-01-26,1029,145,77,78,46,68,32
2023-01-27,1029,102,82,96,54,20,42
2023-01-28,1029,131,85,59,24,46,35
2023-01-29,1029,124,79,64,36,45,28
2023-01-30,1029,106,63,52,43,43,9
2023-01-31,1029,119,80,58,30,39,28
2023-02-01,1029,124,90,76,26,34,50
2023-02-02,1029,128,73,83,48,55,35
2023-02-03,1029,113,73,93,41,40,52
2023-02-04,1029,101,83,50,52,18,-2
2023-02-05,1029,139,67,97,49,72,48
2023-02-06,1029,148,69,71,43,79,28
2023-02-07,1029,134,79,64,37,55,27
2023-02-08,1029,115,72,50,37,43,13
2023-02-09,1029,116,90,63,47,26,16
2023-02-10,1029,138,75,100,46,63,54
2023-02-11,1029,102,82,88,43,20,45
2023-02-12,1029,126,88,73,46,38,27
2023-02-13,1029,137,82,98,41,55,57
2023-02-14,1029,129,64,85,42,65,43
2023-02-15,1029,133,92,52,34,41,18
2023-02-16,1029,127,88,62,37,39,25
2023-02-17,1029,131,80,81,42,51,39
2023-02-18,1029,105,112,85,39,-7,46
2023-02-19,1029,107,70,76,40,37,36
2023-02-20,1029,137,56,79,40,81,39
2023-02-21,1029,104,77,84,49,27,35
2023-02-22,1029,122,76,100,45,46,55
2023-02-23,1029,119,53,56,38,66,18
2023-02-24,1029,140,83,86,51,57,35
2023-02-25,1029,135,80,93,38,55,55
2023-02-26,1029,150,83,97,41,67,56
2023-02-27,1029,119,72,51,34,47,17
2023-02-28,1029,147,70,98,34,77,64
2023-03-01,1029,108,96,66,36,12,30
2023-03-02,1029,128,73,81,33,55,48
2023-03-03,1029,114,85,62,38,29,24
2023-03-04,1029,130,79,53,31,51,22
2023-03-05,1029,138,65,75,45,73,30
2023-03-06,1029,127,79,54,37,48,17
2023-03-07,1029,106,87,79,40,19,39
2023-03-08,1029,142,82,65,52,60,13
2023-03-09,1029,139,68,94,39,71,55
2023-03-10,1029,125,73,68,45,52,23
2023-03-11,1029,149,79,72,33,70,39
2023-03-12,1029,133,80,55,29,53,26
2023-03-13,1029,129,80,65,38,49,27
2023-03-14,1029,124,82,99,40,42,59
2023-03-15,1029,147,61,82,50,86,32
2023-03-16,1029,144,67,86,45,77,41
2023-03-17,1029,128,106,92,59,22,33
2023-03-18,1029,106,97,69,44,9,25
2023-03-19,1029,111,75,53,39,36,14
2023-03-20,1029,122,98,90,42,24,48
2023-03-21,1029,132,76,60,32,56,28
2023-03-22,1029,133,77,73,35,56,38
2023-03-23,1029,127,85,55,37,42,18
2023-03-24,1029,115,87,65,40,28,25
2023-03-25,1029,124,82,76,36,42,40
2023-03-26,1029,141,77,82,34,64,48
2023-03-27,1029,145,85,83,37,60,46
2023-03-28,1029,122,71,88,38,51,50
2023-03-29,1029,111,88,78,41,23,37
2023-03-30,1029,122,92,93,43,30,50
2023-03-31,1029,145,79,64,39,66,25
2023-04-01,1029,127,81,79,39,46,40
2023-04-02,1029,132,82,86,39,50,47
2023-04-03,1029,117,77,79,35,40,44
2023-04-04,1029,122,82,61,47,40,14
2023-04-05,1029,140,73,53,36,67,17
2023-04-06,1029,142,81,80,29,61,51
2023-04-07,1029,148,82,66,39,66,27
2023-04-08,1029,145,86,91,37,59,54
2023-04-09,1029,104,69,79,32,35,47
2023-04-10,1029,101,94,55,26,7,29
2023-04-11,1029,136,80,97,55,56,42
2023-04-12,1029,118,88,93,38,30,55
2023-04-13,1029,100,88,72,35,12,37
2023-04-14,1029,146,90,90,50,56,40
2023-04-15,1029,105,79,94,43,26,51
2023-04-16,1029,112,74,90,41,38,49
2023-04-17,1029,124,77,54,38,47,16
2023-04-18,1029,138,76,99,35,62,64
2023-04-19,1029,109,82,67,55,27,12
2023-04-20,1029,147,69,69,37,78,32
2023-04-21,1029,121,70,95,34,51,61
2023-04-22,1029,148,71,74,42,77,32
2023-04-23,1029,134,77,76,42,57,34
2023-04-24,1029,138,78,90,49,60,41
2023-04-25,1029,144,75,80,51,69,29
2023-04-26,1029,135,77,72,36,58,36
2023-04-27,1029,112,96,79,39,16,40
2023-04-28,1029,133,84,70,37,49,33
2023-04-29,1029,125,78,51,46,47,5
2023-04-30,1029,125,80,91,40,45,51
2023-05-01,1029,104,82,62,51,22,11
2023-05-02,1029,115,66,68,50,49,18
2023-05-03,1029,125,78,50,37,47,13
2023-05-04,1029,122,88,97,36,34,61
2023-05-05,1029,149,71,76,33,78,43
2023-05-06,1029,113,95,87,43,18,44
2023-05-07,1029,124,77,91,42,47,49
2023-05-08,1029,142,67,100,33,75,67
2023-05-09,1029,134,70,73,31,64,42
2023-05-10,1029,100,66,59,51,34,8
2023-05-11,1029,114,84,62,35,30,27
2023-05-12,1029,143,83,54,36,60,18
2023-05-13,1029,110,87,94,30,23,64
2023-05-14,1029,136,63,74,51,73,23
2023-05-15,1029,116,90,90,44,26,46
2023-05-16,1029,124,69,81,37,55,44
2023-05-17,1029,115,73,93,42,42,51
2023-05-18,1029,115,75,61,42,40,19
2023-05-19,1029,110,69,51,36,41,15
2023-05-20,1029,149,91,76,38,58,38
2023-05-21,1029,107,62,100,51,45,49
2023-05-22,1029,109,78,74,42,31,32
2023-05-23,1029,130,82,64,40,48,24
2023-05-24,1029,144,76,82,42,68,40
2023-05-25,1029,117,92,50,39,25,11
2023-05-26,1029,105,89,100,41,16,59
2023-05-27,1029,124,85,54,33,39,21
2023-05-28,1029,140,80,98,40,60,58
2023-05-29,1029,102,85,72,36,17,36
2023-05-30,1029,142,87,60,37,55,23
2023-05-31,1029,149,91,60,42,58,18
2023-06-01,1029,119,88,69,53,31,16
2023-06-02,1029,142,68,69,36,74,33
2023-06-03,1029,101,80,75,32,21,43
2023-06-04,1029,135,87,73,38,48,35
2023-06-05,1029,136,99,81,51,37,30
2023-06-06,1029,113,91,82,38,22,44
2023-06-07,1029,150,64,77,33,86,44
2023-06-08,1029,146,85,64,36,61,28
2023-06-09,1029,110,72,98,47,38,51
2023-06-10,1029,106,77,61,53,29,8
2023-06-11,1029,117,73,88,43,44,45
2023-06-12,1029,117,79,71,32,38,39
2023-06-13,1029,112,65,65,32,47,33
2023-06-14,1029,140,77,89,33,63,56
2023-06-15,1029,149,95,67,53,54,14
2023-06-16,1029,148,83,68,43,65,25
2023-06-17,1029,115,79,68,39,36,29
2023-06-18,1029,100,83,66,45,17,21
2023-06-19,1029,144,71,61,30,73,31
2023-06-20,1029,137,83,77,50,54,27
2023-06-21,1029,108,84,67,33,24,34
2023-06-22,1029,125,82,61,38,43,23
2023-06-23,1029,148,77,91,42,71,49
2023-06-24,1029,119,83,62,43,36,19
2023-06-25,1029,134,81,58,26,53,32
2023-06-26,1029,114,76,87,37,38,50
2023-06-27,1029,148,83,61,53,65,8
2023-06-28,1029,114,84,96,43,30,53
2023-06-29,1029,146,82,86,47,64,39
2023-06-30,1029,150,82,72,43,68,29
2023-07-01,1029,143,84,77,39,59,38
2023-07-02,1029,116,82,54,45,34,9
2023-07-03,1029,107,79,80,33,28,47
2023-07-04,1029,134,79,85,37,55,48
2023-07-05,1029,138,75,90,39,63,51
2023-07-06,1029,130,76,79,38,54,41
2023-07-07,1029,149,74,65,49,75,16
2023-07-08,1029,123,77,80,35,46,45
2023-07-09,1029,135,91,54,43,44,11
2023-07-10,1029,120,74,81,42,46,39
2023-07-11,1029,105,97,95,46,8,49
2023-07-12,1029,116,91,93,48,25,45
2023-07-13,1029,114,86,51,33,28,18
2023-07-14,1029,112,59,57,39,53,18
2023-07-15,1029,115,82,73,36,33,37
2023-07-16,1029,150,78,69,39,72,30
2023-07-17,1029,144,98,92,41,46,51
2023-07-18,1029,138,87,79,44,51,35
2023-07-19,1029,141,79,66,50,62,16
2023-07-20,1029,124,83,75,48,41,27
2023-07-21,1029,149,78,76,48,71,28
2023-07-22,1029,140,76,70,39,64,31
2023-07-23,1029,106,88,87,36,18,51
2023-07-24,1029,125,73,50,47,52,3
2023-07-25,1029,123,86,71,32,37,39
2023-07-26,1029,136,93,69,35,43,34
2023-07-27,1029,133,79,79,42,54,37
2023-07-28,1029,136,86,61,44,50,17
2023-07-29,1029,106,82,88,29,24,59
2023-07-30,1029,127,78,69,34,49,35
2023-07-31,1029,102,84,53,41,18,12
2023-08-01,1029,117,73,80,41,44,39
2023-08-02,1029,113,67,77,52,46,25
2023-08-03,1029,125,100,89,35,25,54
2023-08-04,1029,111,93,61,34,18,27
2023-08-05,1029,149,89,63,34,60,29
2023-08-06,1029,128,83,93,53,45,40
2023-08-07,1029,125,67,76,44,58,32
2023-08-08,1029,119,83,60,49,36,11
2023-08-09,1029,142,77,79,38,65,41
2023-08-10,1029,111,73,73,41,38,32
2023-08-11,1029,137,80,63,35,57,28
2023-08-12,1029,122,68,73,49,54,24
2023-08-13,1029,124,78,90,33,46,57
2023-08-14,1029,118,94,72,36,24,36
2023-08-15,1029,142,75,73,33,67,40
2023-08-16,1029,125,83,87,51,42,36
2023-08-17,1029,138,74,81,60,64,21
2023-08-18,1029,145,83,87,38,62,49
2023-08-19,1029,126,81,88,33,45,55
2023-08-20,1029,135,83,62,44,52,18
2023-08-21,1029,114,86,58,47,28,11
2023-08-22,1029,100,82,90,20,18,70
2023-08-23,1029,139,80,76,38,59,38
2023-08-24,1029,124,83,71,39,41,32
2023-08-25,1029,103,78,80,37,25,43
2023-08-26,1029,126,79,81,43,47,38
2023-08-27,1029,139,101,99,41,38,58
2023-08-28,1029,115,66,77,37,49,40
2023-08-29,1029,123,92,62,41,31,21
2023-08-30,1029,138,92,83,29,46,54
2023-08-31,1029,122,77,62,39,45,23
2023-09-01,1029,146,89,64,29,57,35
2023-09-02,1029,132,70,58,35,62,23
2023-09-03,1029,123,82,99,34,41,65
2023-09-04,1029,150,103,94,41,47,53
2023-09-05,1029,122,87,66,51,35,15
2023-09-06,1029,127,76,60,38,51,22
2023-09-07,1029,122,86,97,45,36,52
2023-09-08,1029,127,85,66,37,42,29
2023-09-09,1029,116,70,98,33,46,65
2023-09-10,1029,113,77,54,33,36,21
2023-09-11,1029,145,93,83,30,52,53
2023-09-12,1029,121,80,58,34,41,24
2023-09-13,1029,113,82,66,32,31,34
2023-09-14,1029,125,88,74,50,37,24
2023-09-15,1029,135,75,67,46,60,21
2023-09-16,1029,101,78,82,36,23,46
2023-09-17,1029,132,89,78,41,43,37
2023-09-18,1029,112,83,66,33,29,33
2023-09-19,1029,115,87,71,38,28,33
2023-09-20,1029,130,81,99,38,49,61
2023-09-21,1029,129,73,56,46,56,10
2023-09-22,1029,119,88,86,44,31,42
2023-09-23,1029,125,85,97,37,40,60
2023-09-24,1029,108,90,76,44,18,32
2023-09-25,1029,137,82,61,27,55,34
2023-09-26,1029,126,83,56,43,43,13
2023-09-27,1029,108,64,90,52,44,38
2023-09-28,1029,108,59,67,37,49,30
2023-09-29,1029,107,89,91,50,18,41
2023-09-30,1029,136,75,72,52,61,20
2023-10-01,1029,100,91,76,33,9,43
2023-10-02,1029,146,78,69,34,68,35
2023-10-03,1029,145,98,63,42,47,21
2023-10-04,1029,145,90,51,40,55,11
2023-10-05,1029,135,76,70,51,59,19
2023-10-06,1029,105,84,89,45,21,44
2023-10-07,1029,104,87,90,39,17,51
2023-10-08,1029,103,83,78,40,20,38
2023-10-09,1029,139,79,82,33,60,49
2023-10-10,1029,138,80,98,48,58,50
2023-10-11,1029,126,89,55,38,37,17
2023-10-12,1029,141,91,98,40,50,58
2023-10-13,1029,129,87,70,46,42,24
2023-10-14,1029,125,95,95,41,30,54
2023-10-15,1029,127,95,80,44,32,36
2023-10-16,1029,118,74,68,34,44,34
2023-10-17,1029,126,84,67,49,42,18
2023-10-18,1029,109,85,53,42,24,11
2023-10-19,1029,122,84,70,39,38,31
2023-10-20,1029,126,70,53,40,56,13
2023-10-21,1029,134,95,95,49,39,46
2023-10-22,1029,137,91,85,47,46,38
2023-10-23,1029,110,96,62,40,14,22
2023-10-24,1029,137,71,94,45,66,49
2023-10-25,1029,139,84,79,37,55,42
2023-10-26,1029,101,76,95,40,25,55
2023-10-27,1029,143,90,86,41,53,45
2023-10-28,1029,116,80,64,45,36,19
2023-10-29,1029,142,78,97,44,64,53
2023-10-30,1029,128,78,68,34,50,34
2023-10-31,1029,150,79,96,51,71,45
2023-11-01,1029,109,96,62,50,13,12
2023-11-02,1029,141,62,72,45,79,27
2023-11-03,1029,141,81,53,44,60,9
2023-11-04,1029,110,77,83,34,33,49
2023-11-05,1029,141,81,78,35,60,43
2023-11-06,1029,117,73,91,36,44,55
2023-11-07,1029,148,84,55,55,64,0
2023-11-08,1029,103,91,60,40,12,20
2023-11-09,1029,125,73,100,39,52,61
2023-11-10,1029,123,68,98,47,55,51
2023-11-11,1029,118,57,74,43,61,31
2023-11-12,1029,101,86,80,37,15,43
2023-11-13,1029,107,71,60,31,36,29
2023-11-14,1029,134,94,96,39,40,57
2023-11-15,1029,109,74,90,40,35,50
2023-11-16,1029,123,82,93,35,41,58
2023-11-17,1029,107,79,90,40,28,50
2023-11-18,1029,150,70,78,43,80,35
2023-11-19,1029,110,80,65,34,30,31
2023-11-20,1029,122,71,87,50,51,37
2023-11-21,1029,140,84,53,28,56,25
2023-11-22,1029,122,91,81,48,31,33
2023-11-23,1029,144,79,72,46,65,26
2023-11-24,1029,100,79,75,29,21,46
2023-11-25,1029,143,72,100,39,71,61
2023-11-26,1029,124,87,71,62,37,9
2023-11-27,1029,110,71,55,45,39,10
2023-11-28,1029,146,83,69,34,63,35
2023-11-29,1029,121,77,98,49,44,49
2023-11-30,1029,136,69,51,36,67,15
2023-12-01,1029,143,72,72,40,71,32
2023-12-02,1029,116,80,54,40,36,14
2023-12-03,1029,142,83,70,38,59,32
2023-12-04,1029,140,81,68,30,59,38
2023-12-05,1029,148,88,54,37,60,17
2023-12-06,1029,149,62,82,39,87,43
2023-12-07,1029,134,77,87,40,57,47
2023-12-08,1029,114,85,96,34,29,62
2023-12-09,1029,148,92,95,36,56,59
2023-12-10,1029,100,84,96,54,16,42
2023-12-11,1029,103,79,53,40,24,13
2023-12-12,1029,145,74,71,48,71,23
2023-12-13,1029,132,81,66,41,51,25
2023-12-14,1029,141,102,79,36,39,43
2023-12-15,1029,104,83,65,44,21,21
2023-12-16,1029,137,76,93,53,61,40
2023-12-17,1029,115,79,70,42,36,28
2023-12-18,1029,140,71,54,36,69,18
2023-12-19,1029,133,88,52,38,45,14
2023-12-20,1029,123,83,54,37,40,17
2023-12-21,1029,105,72,55,47,33,8
2023-12-22,1029,132,80,92,40,52,52
2023-12-23,1029,121,65,63,42,56,21
2023-12-24,1029,118,72,59,50,46,9
2023-12-25,1029,117,69,99,43,48,56
2023-12-26,1029,139,82,51,42,57,9
2023-12-27,1029,125,75,60,32,50,28
2023-12-28,1029,149,73,80,39,76,41
2023-12-29,1029,141,97,66,45,44,21
2023-12-30,1029,132,63,94,48,69,46
2023-12-31,1029,149,73,55,43,76,12
2023-01-01,1030,131,63,99,40,68,59
2023-01-02,1030,111,83,69,38,28,31
2023-01-03,1030,144,87,91,41,57,50
2023-01-04,1030,142,85,72,44,57,28
2023-01-05,1030,104,85,72,43,19,29
2023-01-06,1030,149,63,83,38,86,45
2023-01-07,1030,100,79,58,39,21,19
2023-01-08,1030,108,80,99,34,28,65
2023-01-09,1030,128,75,54,35,53,19
2023-01-10,1030,140,73,62,36,67,26
2023-01-11,1030,137,78,79,38,59,41
2023-01-12,1030,107,83,97,43,24,54
2023-01-13,1030,141,84,78,44,57,34
2023-01-14,1030,125,87,60,43,38,17
2023-01-15,1030,108,90,55,40,18,15
2023-01-16,1030,124,73,55,52,51,3
2023-01-17,1030,115,79,86,37,36,49
2023-01-18,1030,140,69,87,41,71,46
2023-01-19,1030,145,81,55,43,64,12
2023-01-20,1030,111,82,54,38,29,16
2023-01-21,1030,140,76,57,41,64,16
2023-01-22,1030,121,71,98,39,50,59
2023-01-23,1030,146,87,88,49,59,39
2023-01-24,1030,111,86,85,47,25,38
2023-01-25,1030,135,64,74,33,71,41
2023-01-26,1030,117,84,74,42,33,32
2023-01-27,1030,133,69,87,46,64,41
2023-01-28,1030,124,81,89,40,43,49
2023-01-29,1030,100,80,72,35,20,37
2023-01-30,1030,131,66,59,41,65,18
2023-01-31,1030,150,69,89,37,81,52
2023-02-01,1030,126,74,59,42,52,17
2023-02-02,1030,120,91,85,54,29,31
2023-02-03,1030,133,68,75,38,65,37
2023-02-04,1030,136,79,84,36,57,48
2023-02-05,1030,135,75,93,36,60,57
2023-02-06,1030,146,88,94,59,58,35
2023-02-07,1030,144,99,70,33,45,37
2023-02-08,1030,119,79,73,50,40,23
2023-02-09,1030,127,77,97,41,50,56
2023-02-10,1030,134,73,73,42,61,31
2023-02-11,1030,108,79,56,40,29,16
2023-02-12,1030,130,80,80,31,50,49
2023-02-13,1030,135,68,100,37,67,63
2023-02-14,1030,141,76,63,30,65,33
2023-02-15,1030,139,70,74,38,69,36
2023-02-16,1030,103,88,93,36,15,57
2023-02-17,1030,120,78,87,47,42,40
2023-02-18,1030,136,85,84,35,51,49
2023-02-19,1030,111,71,79,30,40,49
2023-02-20,1030,115,82,62,49,33,13
2023-02-21,1030,139,85,75,44,54,31
2023-02-22,1030,115,88,71,27,27,44
2023-02-23,1030,122,86,71,27,36,44
2023-02-24,1030,123,70,59,48,53,11
2023-02-25,1030,129,67,59,35,62,24
2023-02-26,1030,103,92,84,37,11,47
2023-02-27,1030,124,65,57,40,59,17
2023-02-28,1030,128,88,64,40,40,24
2023-03-01,1030,135,70,92,50,65,42
2023-03-02,1030,112,68,72,42,44,30
2023-03-03,1030,101,72,73,47,29,26
2023-03-04,1030,136,86,84,38,50,46
2023-03-05,1030,109,71,76,45,38,31
2023-03-06,1030,146,85,55,40,61,15
2023-03-07,1030,138,88,65,44,50,21
2023-03-08,1030,108,89,75,37,19,38
2023-03-09,1030,149,87,54,43,62,11
2023-03-10,1030,124,79,75,28,45,47
2023-03-11,1030,128,79,65,39,49,26
2023-03-12,1030,130,84,71,40,46,31
2023-03-13,1030,136,85,65,39,51,26
2023-03-14,1030,139,89,96,40,50,56
2023-03-15,1030,111,76,98,38,35,60
2023-03-16,1030,113,69,50,40,44,10
2023-03-17,1030,145,82,72,46,63,26
2023-03-18,1030,102,93,87,38,9,49
2023-03-19,1030,128,78,81,44,50,37
2023-03-20,1030,102,89,65,43,13,22
2023-03-21,1030,131,74,55,32,57,23
2023-03-22,1030,126,65,68,39,61,29
2023-03-23,1030,134,94,60,45,40,15
2023-03-24,1030,147,76,95,44,71,51
2023-03-25,1030,107,66,84,33,41,51
2023-03-26,1030,107,72,59,32,35,27
2023-03-27,1030,101,71,73,48,30,25
2023-03-28,1030,148,62,65,37,86,28
2023-03-29,1030,147,72,58,35,75,23
2023-03-30,1030,127,72,58,37,55,21
2023-03-31,1030,140,88,80,34,52,46
2023-04-01,1030,100,85,77,28,15,49
2023-04-02,1030,140,90,100,42,50,58
2023-04-03,1030,116,86,76,50,30,26
2023-04-04,1030,134,89,53,24,45,29
2023-04-05,1030,126,85,100,41,41,59
2023-04-06,1030,148,96,86,36,52,50
2023-04-07,1030,125,73,75,35,52,40
2023-04-08,1030,109,77,56,43,32,13
2023-04-09,1030,117,69,65,41,48,24
2023-04-10,1030,116,93,54,38,23,16
2023-04-11,1030,129,83,83,37,46,46
2023-04-12,1030,105,92,93,40,13,53
2023-04-13,1030,109,89,58,39,20,19
2023-04-14,1030,145,77,56,40,68,16
2023-04-15,1030,100,78,88,33,22,55
2023-04-16,1030,111,73,90,51,38,39
2023-04-17,1030,105,91,65,39,14,26
2023-04-18,1030,132,79,81,34,53,47
2023-04-19,1030,146,80,87,33,66,54
2023-04-20,1030,147,72,79,34,75,45
2023-04-21,1030,144,81,67,42,63,25
2023-04-22,1030,133,64,96,45,69,51
2023-04-23,1030,106,81,56,35,25,21
2023-04-24,1030,122,70,56,46,52,10
2023-04-25,1030,131,81,55,36,50,19
2023-04-26,1030,110,69,81,35,41,46
2023-04-27,1030,122,81,99,49,41,50
2023-04-28,1030,122,65,60,34,57,26
2023-04-29,1030,126,71,100,52,55,48
2023-04-30,1030,114,85,97,38,29,59
2023-05-01,1030,109,81,77,32,28,45
2023-05-02,1030,130,75,71,33,55,38
2023-05-03,1030,105,69,53,43,36,10
2023-05-04,1030,104,64,89,47,40,42
2023-05-05,1030,115,86,60,33,29,27
2023-05-06,1030,113,74,75,35,39,40
2023-05-07,1030,118,87,85,34,31,51
2023-05-08,1030,111,82,90,50,29,40
2023-05-09,1030,126,76,50,35,50,15
2023-05-10,1030,146,89,78,46,57,32
2023-05-11,1030,111,82,87,33,29,54
2023-05-12,1030,125,66,82,38,59,44
2023-05-13,1030,103,83,87,44,20,43
2023-05-14,1030,117,71,60,43,46,17
2023-05-15,1030,146,84,70,45,62,25
2023-05-16,1030,143,81,55,36,62,19
2023-05-17,1030,144,88,85,43,56,42
2023-05-18,1030,139,76,56,47,63,9
2023-05-19,1030,127,76,79,42,51,37
2023-05-20,1030,144,82,82,28,62,54
2023-05-21,1030,123,74,65,30,49,35
2023-05-22,1030,139,89,90,39,50,51
2023-05-23,1030,121,73,94,49,48,45
2023-05-24,1030,114,68,93,42,46,51
2023-05-25,1030,100,78,78,34,22,44
2023-05-26,1030,124,78,77,43,46,34
2023-05-27,1030,117,72,66,41,45,25
2023-05-28,1030,111,81,97,44,30,53
2023-05-29,1030,142,94,86,34,48,52
2023-05-30,1030,101,83,96,42,18,54
2023-05-31,1030,124,70,91,40,54,51
2023-06-01,1030,131,77,82,41,54,41
2023-06-02,1030,150,78,88,42,72,46
2023-06-03,1030,149,72,57,35,77,22
2023-06-04,1030,149,90,56,30,59,26
2023-06-05,1030,110,66,76,42,44,34
2023-06-06,1030,108,85,84,41,23,43
2023-06-07,1030,126,92,72,40,34,32
2023-06-08,1030,143,88,83,41,55,42
2023-06-09,1030,120,81,56,31,39,25
2023-06-10,1030,106,76,85,44,30,41
2023-06-11,1030,144,78,63,45,66,18
2023-06-12,1030,118,91,98,46,27,52
2023-06-13,1030,146,87,93,36,59,57
2023-06-14,1030,120,90,51,35,30,16
2023-06-15,1030,104,72,80,40,32,40
2023-06-16,1030,132,77,83,43,55,40
2023-06-17,1030,146,68,82,51,78,31
2023-06-18,1030,146,78,57,38,68,19
2023-06-19,1030,136,84,67,31,52,36
2023-06-20,1030,150,71,62,37,79,25
2023-06-21,1030,134,72,89,57,62,32
2023-06-22,1030,150,77,79,46,73,33
2023-06-23,1030,123,76,75,25,47,50
2023-06-24,1030,139,81,54,41,58,13
2023-06-25,1030,116,74,73,39,42,34
2023-06-26,1030,101,84,71,28,17,43
2023-06-27,1030,113,77,53,37,36,16
2023-06-28,1030,134,79,58,39,55,19
2023-06-29,1030,131,76,88,37,55,51
2023-06-30,1030,148,67,100,34,81,66
2023-07-01,1030,125,66,95,35,59,60
2023-07-02,1030,112,75,88,39,37,49
2023-07-03,1030,140,80,52,41,60,11
2023-07-04,1030,144,77,62,41,67,21
2023-07-05,1030,143,70,78,30,73,48
2023-07-06,1030,124,70,60,34,54,26
2023-07-07,1030,135,81,62,46,54,16
2023-07-08,1030,102,80,62,45,22,17
2023-07-09,1030,101,73,57,49,28,8
2023-07-10,1030,109,76,88,35,33,53
2023-07-11,1030,130,83,69,39,47,30
2023-07-12,1030,119,66,94,36,53,58
2023-07-13,1030,109,69,90,43,40,47
2023-07-14,1030,116,72,56,38,44,18
2023-07-15,1030,113,67,93,33,46,60
2023-07-16,1030,133,74,57,43,59,14
2023-07-17,1030,131,82,60,40,49,20
2023-07-18,1030,123,90,62,48,33,14
2023-07-19,1030,125,61,83,33,64,50
2023-07-20,1030,123,89,81,39,34,42
2023-07-21,1030,122,67,63,45,55,18
2023-07-22,1030,118,72,89,48,46,41
2023-07-23,1030,112,76,53,29,36,24
2023-07-24,1030,121,83,58,37,38,21
2023-07-25,1030,148,67,58,48,81,10
2023-07-26,1030,102,73,91,32,29,59
2023-07-27,1030,113,95,62,45,18,17
2023-07-28,1030,138,73,60,29,65,31
2023-07-29,1030,144,77,90,35,67,55
2023-07-30,1030,105,83,79,27,22,52
2023-07-31,1030,116,91,59,35,25,24
2023-08-01,1030,117,100,82,41,17,41
2023-08-02,1030,117,80,78,43,37,35
2023-08-03,1030,145,70,52,30,75,22
2023-08-04,1030,113,77,70,30,36,40
2023-08-05,1030,120,81,90,37,39,53
2023-08-06,1030,149,77,77,36,72,41
2023-08-07,1030,109,94,60,40,15,20
2023-08-08,1030,141,85,83,43,56,40
2023-08-09,1030,118,69,88,37,49,51
2023-08-10,1030,146,70,81,37,76,44
2023-08-11,1030,119,75,86,52,44,34
2023-08-12,1030,138,77,65,57,61,8
2023-08-13,1030,136,82,76,33,54,43
2023-08-14,1030,124,64,63,33,60,30
2023-08-15,1030,118,73,94,33,45,61
2023-08-16,1030,120,73,96,35,47,61
2023-08-17,1030,104,98,53,32,6,21
2023-08-18,1030,102,71,61,32,31,29
2023-08-19,1030,101,79,51,37,22,14
2023-08-20,1030,135,83,68,38,52,30
2023-08-21,1030,109,78,66,43,31,23
2023-08-22,1030,123,80,78,43,43,35
2023-08-23,1030,114,88,99,43,26,56
2023-08-24,1030,131,82,56,34,49,22
2023-08-25,1030,105,72,52,29,33,23
2023-08-26,1030,105,88,88,42,17,46
2023-08-27,1030,128,95,78,39,33,39
2023-08-28,1030,139,86,54,40,53,14
2023-08-29,1030,149,82,60,36,67,24
2023-08-30,1030,143,83,55,46,60,9
2023-08-31,1030,150,86,99,46,64,53
2023-09-01,1030,106,93,61,38,13,23
2023-09-02,1030,113,77,76,47,36,29
2023-09-03,1030,114,64,71,30,50,41
2023-09-04,1030,133,79,79,41,54,38
2023-09-05,1030,121,80,67,29,41,38
2023-09-06,1030,131,67,70,38,64,32
2023-09-07,1030,124,78,52,37,46,15
2023-09-08,1030,107,56,88,38,51,50
2023-09-09,1030,140,79,53,43,61,10
2023-09-10,1030,117,83,58,30,34,28
2023-09-11,1030,105,94,94,41,11,53
2023-09-12,1030,115,86,93,38,29,55
2023-09-13,1030,142,79,63,36,63,27
2023-09-14,1030,130,93,55,37,37,18
2023-09-15,1030,123,88,58,40,35,18
2023-09-16,1030,105,89,64,41,16,23
2023-09-17,1030,141,72,72,42,69,30
2023-09-18,1030,130,82,87,26,48,61
2023-09-19,1030,145,65,82,43,80,39
2023-09-20,1030,129,71,83,49,58,34
2023-09-21,1030,134,88,97,37,46,60
2023-09-22,1030,148,75,87,31,73,56
2023-09-23,1030,101,68,58,35,33,23
2023-09-24,1030,134,77,76,47,57,29
2023-09-25,1030,138,88,65,38,50,27
2023-09-26,1030,105,83,67,43,22,24
2023-09-27,1030,108,66,68,36,42,32
2023-09-28,1030,110,59,68,35,51,33
2023-09-29,1030,149,71,80,27,78,53
2023-09-30,1030,121,95,81,43,26,38
2023-10-01,1030,145,88,74,43,57,31
2023-10-02,1030,132,79,70,43,53,27
2023-10-03,1030,108,69,79,36,39,43
2023-10-04,1030,137,69,99,42,68,57
2023-10-05,1030,100,87,87,46,13,41
2023-10-06,1030,107,85,55,32,22,23
2023-10-07,1030,149,90,59,41,59,18
2023-10-08,1030,100,76,78,40,24,38
2023-10-09,1030,137,86,67,28,51,39
2023-10-10,1030,140,62,87,47,78,40
2023-10-11,1030,135,70,61,37,65,24
2023-10-12,1030,132,74,68,45,58,23
2023-10-13,1030,102,71,59,37,31,22
2023-10-14,1030,125,77,66,36,48,30
2023-10-15,1030,103,68,84,43,35,41
2023-10-16,1030,106,74,62,39,32,23
2023-10-17,1030,138,104,80,41,34,39
2023-10-18,1030,117,69,84,32,48,52
2023-10-19,1030,104,79,72,39,25,33
2023-10-20,1030,127,80,57,40,47,17
2023-10-21,1030,148,77,88,39,71,49
2023-10-22,1030,149,75,55,43,74,12
2023-10-23,1030,132,86,50,43,46,7
2023-10-24,1030,141,89,78,38,52,40
2023-10-25,1030,110,89,73,36,21,37
2023-10-26,1030,145,75,54,46,70,8
2023-10-27,1030,145,79,86,41,66,45
2023-10-28,1030,147,79,81,32,68,49
2023-10-29,1030,133,93,72,36,40,36
2023-10-30,1030,113,96,56,43,17,13
2023-10-31,1030,111,64,73,51,47,22
2023-11-01,1030,120,83,57,39,37,18
2023-11-02,1030,136,68,84,36,68,48
2023-11-03,1030,128,75,71,53,53,18
2023-11-04,1030,138,75,53,38,63,15
2023-11-05,1030,121,80,75,42,41,33
2023-11-06,1030,109,71,98,49,38,49
2023-11-07,1030,133,69,67,41,64,26
2023-11-08,1030,149,79,97,37,70,60
2023-11-09,1030,149,63,68,21,86,47
2023-11-10,1030,141,78,89,36,63,53
2023-11-11,1030,113,78,84,34,35,50
2023-11-12,1030,108,77,61,50,31,11
2023-11-13,1030,108,83,86,36,25,50
2023-11-14,1030,100,59,54,39,41,15
2023-11-15,1030,138,80,50,50,58,0
2023-11-16,1030,110,96,50,33,14,17
2023-11-17,1030,124,86,74,39,38,35
2023-11-18,1030,144,92,70,44,52,26
2023-11-19,1030,150,80,71,35,70,36
2023-11-20,1030,102,91,100,34,11,66
2023-11-21,1030,106,82,51,35,24,16
2023-11-22,1030,134,82,88,36,52,52
2023-11-23,1030,118,61,68,34,57,34
2023-11-24,1030,122,78,56,37,44,19
2023-11-25,1030,119,93,90,47,26,43
2023-11-26,1030,110,92,87,41,18,46
2023-11-27,1030,108,87,89,44,21,45
2023-11-28,1030,123,72,99,35,51,64
2023-11-29,1030,110,77,97,46,33,51
2023-11-30,1030,119,92,68,39,27,29
2023-12-01,1030,148,83,84,62,65,22
2023-12-02,1030,146,75,87,43,71,44
2023-12-03,1030,105,101,65,49,4,16
2023-12-04,1030,122,87,50,44,35,6
2023-12-05,1030,140,65,87,36,75,51
2023-12-06,1030,126,71,65,47,55,18
2023-12-07,1030,149,79,90,40,70,50
2023-12-08,1030,133,85,72,27,48,45
2023-12-09,1030,134,79,53,35,55,18
2023-12-10,1030,104,78,61,43,26,18
2023-12-11,1030,145,77,89,31,68,58
2023-12-12,1030,134,75,56,30,59,26
2023-12-13,1030,146,77,51,46,69,5
2023-12-14,1030,139,98,86,41,41,45
2023-12-15,1030,123,78,74,42,45,32
2023-12-16,1030,136,101,84,49,35,35
2023-12-17,1030,142,75,86,52,67,34
2023-12-18,1030,127,65,67,41,62,26
2023-12-19,1030,124,81,50,31,43,19
2023-12-20,1030,145,79,68,26,66,42
2023-12-21,1030,109,81,71,39,28,32
2023-12-22,1030,106,99,80,34,7,46
2023-12-23,1030,143,63,75,40,80,35
2023-12-24,1030,111,64,64,42,47,22
2023-12-25,1030,135,71,71,38,64,33
2023-12-26,1030,130,71,57,40,59,17
2023-12-27,1030,106,102,80,37,4,43
2023-12-28,1030,135,74,53,45,61,8
2023-12-29,1030,125,79,62,41,46,21
2023-12-30,1030,106,104,51,55,2,-4
2023-12-31,1030,122,87,88,46,35,42
2023-01-01,1031,100,88,58,43,12,15
2023-01-02,1031,119,73,98,43,46,55
2023-01-03,1031,132,78,98,48,54,50
2023-01-04,1031,124,87,57,30,37,27
2023-01-05,1031,119,70,94,38,49,56
2023-01-06,1031,126,86,61,37,40,24
2023-01-07,1031,105,81,72,33,24,39
2023-01-08,1031,113,71,54,32,42,22
2023-01-09,1031,124,58,80,46,66,34
2023-01-10,1031,125,76,62,53,49,9
2023-01-11,1031,120,74,63,38,46,25
2023-01-12,1031,127,74,98,33,53,65
2023-01-13,1031,138,86,51,42,52,9
2023-01-14,1031,135,78,69,27,57,42
2023-01-15,1031,139,77,76,47,62,29
2023-01-16,1031,102,85,76,35,17,41
2023-01-17,1031,127,87,74,45,40,29
2023-01-18,1031,125,68,67,36,57,31
2023-01-19,1031,143,79,59,46,64,13
2023-01-20,1031,107,76,69,29,31,40
2023-01-21,1031,143,79,88,39,64,49
2023-01-22,1031,146,95,89,42,51,47
2023-01-23,1031,111,82,79,34,29,45
2023-01-24,1031,144,82,81,45,62,36
2023-01-25,1031,108,67,59,39,41,20
2023-01-26,1031,128,66,94,32,62,62
2023-01-27,1031,147,77,68,45,70,23
2023-01-28,1031,137,72,57,41,65,16
2023-01-29,1031,118,81,53,38,37,15
2023-01-30,1031,140,84,69,49,56,20
2023-01-31,1031,114,74,58,28,40,30
2023-02-01,1031,105,83,71,33,22,38
2023-02-02,1031,103,59,70,37,44,33
2023-02-03,1031,145,77,80,50,68,30
2023-02-04,1031,111,91,79,36,20,43
2023-02-05,1031,105,76,72,40,29,32
2023-02-06,1031,103,70,64,38,33,26
2023-02-07,1031,147,65,85,40,82,45
2023-02-08,1031,100,74,53,39,26,14
2023-02-09,1031,128,65,99,41,63,58
2023-02-10,1031,125,74,51,39,51,12
2023-02-11,1031,121,83,94,34,38,60
2023-02-12,1031,149,81,96,45,68,51
2023-02-13,1031,139,79,84,41,60,43
2023-02-14,1031,117,90,95,38,27,57
2023-02-15,1031,130,80,69,57,50,12
2023-02-16,1031,145,87,70,32,58,38
2023-02-17,1031,128,77,54,41,51,13
2023-02-18,1031,145,85,50,40,60,10
2023-02-19,1031,134,90,83,43,44,40
2023-02-20,1031,137,85,64,36,52,28
2023-02-21,1031,122,64,94,52,58,42
2023-02-22,1031,149,99,73,28,50,45
2023-02-23,1031,131,80,72,41,51,31
2023-02-24,1031,105,94,72,43,11,29
2023-02-25,1031,138,95,52,43,43,9
2023-02-26,1031,115,86,50,36,29,14
2023-02-27,1031,139,72,98,33,67,65
2023-02-28,1031,133,75,55,38,58,17
2023-03-01,1031,109,83,66,39,26,27
2023-03-02,1031,136,84,87,42,52,45
2023-03-03,1031,150,81,93,41,69,52
2023-03-04,1031,147,65,86,35,82,51
2023-03-05,1031,141,78,98,43,63,55
2023-03-06,1031,133,78,63,32,55,31
2023-03-07,1031,102,76,99,32,26,67
2023-03-08,1031,100,73,83,30,27,53
2023-03-09,1031,128,86,76,36,42,40
2023-03-10,1031,135,86,51,42,49,9
2023-03-11,1031,117,76,75,38,41,37
2023-03-12,1031,107,65,92,31,42,61
2023-03-13,1031,100,85,87,46,15,41
2023-03-14,1031,139,72,77,35,67,42
2023-03-15,1031,117,79,58,33,38,25
2023-03-16,1031,135,87,87,35,48,52
2023-03-17,1031,104,84,81,37,20,44
2023-03-18,1031,110,87,67,42,23,25
2023-03-19,1031,140,77,60,46,63,14
2023-03-20,1031,150,69,55,33,81,22
2023-03-21,1031,117,80,88,53,37,35
2023-03-22,1031,112,68,72,36,44,36
2023-03-23,1031,101,85,95,36,16,59
2023-03-24,1031,130,85,82,35,45,47
2023-03-25,1031,109,80,90,34,29,56
2023-03-26,1031,112,79,53,40,33,13
2023-03-27,1031,107,79,99,37,28,62
2023-03-28,1031,103,101,83,29,2,54
2023-03-29,1031,102,64,61,35,38,26
2023-03-30,1031,110,87,67,38,23,29
2023-03-31,1031,128,73,78,44,55,34
2023-04-01,1031,140,89,50,41,51,9
2023-04-02,1031,124,87,56,44,37,12
2023-04-03,1031,123,87,82,44,36,38
2023-04-04,1031,114,93,52,47,21,5
2023-04-05,1031,114,84,78,40,30,38
2023-04-06,1031,129,82,75,43,47,32
2023-04-07,1031,110,94,54,46,16,8
2023-04-08,1031,150,70,78,48,80,30
2023-04-09,1031,136,66,67,54,70,13
2023-04-10,1031,141,86,70,33,55,37
2023-04-11,1031,101,87,98,50,14,48
2023-04-12,1031,139,89,85,37,50,48
2023-04-13,1031,107,90,77,44,17,33
2023-04-14,1031,150,77,54,40,73,14
2023-04-15,1031,142,79,89,31,63,58
2023-04-16,1031,135,89,98,43,46,55
2023-04-17,1031,127,76,89,47,51,42
2023-04-18,1031,119,78,60,42,41,18
2023-04-19,1031,104,79,52,38,25,14
2023-04-20,1031,124,74,74,55,50,19
2023-04-21,1031,115,79,50,40,36,10
2023-04-22,1031,139,83,96,31,56,65
2023-04-23,1031,133,82,99,48,51,51
2023-04-24,1031,115,73,60,36,42,24
2023-04-25,1031,136,74,59,30,62,29
2023-04-26,1031,143,88,96,33,55,63
2023-04-27,1031,126,84,74,38,42,36
2023-04-28,1031,148,86,100,43,62,57
2023-04-29,1031,139,88,90,47,51,43
2023-04-30,1031,114,79,98,46,35,52
2023-05-01,1031,136,72,82,57,64,25
2023-05-02,1031,120,91,85,41,29,44
2023-05-03,1031,123,77,86,39,46,47
2023-05-04,1031,113,58,67,42,55,25
2023-05-05,1031,144,86,90,40,58,50
2023-05-06,1031,147,90,60,44,57,16
2023-05-07,1031,130,86,75,41,44,34
2023-05-08,1031,150,84,87,45,66,42
2023-05-09,1031,106,82,73,39,24,34
2023-05-10,1031,112,65,61,33,47,28
2023-05-11,1031,139,83,90,39,56,51
2023-05-12,1031,104,89,94,46,15,48
2023-05-13,1031,100,97,55,45,3,10
2023-05-14,1031,126,82,52,40,44,12
2023-05-15,1031,140,94,59,36,46,23
2023-05-16,1031,124,75,76,42,49,34
2023-05-17,1031,144,85,63,45,59,18
2023-05-18,1031,131,85,69,45,46,24
2023-05-19,1031,112,73,86,38,39,48
2023-05-20,1031,110,80,72,42,30,30
2023-05-21,1031,117,81,73,48,36,25
2023-05-22,1031,148,89,99,34,59,65
2023-05-23,1031,122,84,100,50,38,50
2023-05-24,1031,125,86,86,51,39,35
2023-05-25,1031,121,73,53,36,48,17
2023-05-26,1031,122,90,61,26,32,35
2023-05-27,1031,111,88,81,36,23,45
2023-05-28,1031,140,77,79,37,63,42
2023-05-29,1031,103,83,50,43,20,7
2023-05-30,1031,109,71,80,38,38,42
2023-05-31,1031,115,90,64,31,25,33
2023-06-01,1031,101,81,94,37,20,57
2023-06-02,1031,137,92,65,35,45,30
2023-06-03,1031,107,86,92,38,21,54
2023-06-04,1031,125,83,83,39,42,44
2023-06-05,1031,102,87,51,38,15,13
2023-06-06,1031,139,99,57,34,40,23
2023-06-07,1031,131,77,92,44,54,48
2023-06-08,1031,128,71,98,44,57,54
2023-06-09,1031,127,88,59,41,39,18
2023-06-10,1031,142,92,74,60,50,14
2023-06-11,1031,104,64,95,41,40,54
2023-06-12,1031,108,73,57,40,35,17
2023-06-13,1031,133,81,80,43,52,37
2023-06-14,1031,117,80,59,41,37,18
2023-06-15,1031,109,91,58,46,18,12
2023-06-16,1031,135,79,96,33,56,63
2023-06-17,1031,144,74,96,40,70,56
2023-06-18,1031,136,80,66,42,56,24
2023-06-19,1031,121,71,97,45,50,52
2023-06-20,1031,110,90,75,38,20,37
2023-06-21,1031,122,81,60,38,41,22
2023-06-22,1031,106,81,89,34,25,55
2023-06-23,1031,107,67,73,47,40,26
2023-06-24,1031,108,81,72,45,27,27
2023-06-25,1031,148,87,59,39,61,20
2023-06-26,1031,106,73,50,47,33,3
2023-06-27,1031,136,74,60,34,62,26
2023-06-28,1031,129,80,57,52,49,5
2023-06-29,1031,149,71,92,41,78,51
2023-06-30,1031,136,78,77,39,58,38
2023-07-01,1031,144,91,98,45,53,53
2023-07-02,1031,111,80,73,42,31,31
2023-07-03,1031,101,95,70,40,6,30
2023-07-04,1031,137,76,71,33,61,38
2023-07-05,1031,129,81,64,42,48,22
2023-07-06,1031,105,77,66,43,28,23
2023-07-07,1031,118,83,51,33,35,18
2023-07-08,1031,143,84,79,39,59,40
2023-07-09,1031,106,80,85,37,26,48
2023-07-10,1031,108,90,59,41,18,18
2023-07-11,1031,150,79,89,39,71,50
2023-07-12,1031,115,76,60,32,39,28
2023-07-13,1031,110,79,90,35,31,55
2023-07-14,1031,141,88,89,40,53,49
2023-07-15,1031,144,100,65,26,44,39
2023-07-16,1031,128,73,66,45,55,21
2023-07-17,1031,130,82,97,31,48,66
2023-07-18,1031,140,88,50,39,52,11
2023-07-19,1031,150,84,71,44,66,27
2023-07-20,1031,115,96,96,42,19,54
2023-07-21,1031,137,75,76,37,62,39
2023-07-22,1031,132,69,60,40,63,20
2023-07-23,1031,109,82,95,41,27,54
2023-07-24,1031,148,82,85,42,66,43
2023-07-25,1031,142,71,51,54,71,-3
2023-07-26,1031,135,87,64,48,48,16
2023-07-27,1031,132,69,88,51,63,37
2023-07-28,1031,122,82,67,31,40,36
2023-07-29,1031,132,74,96,42,58,54
2023-07-30,1031,105,93,70,45,12,25
2023-07-31,1031,150,87,94,44,63,50
2023-08-01,1031,137,80,81,40,57,41
2023-08-02,1031,149,92,81,35,57,46
2023-08-03,1031,117,80,94,44,37,50
2023-08-04,1031,142,59,82,30,83,52
2023-08-05,1031,149,85,55,37,64,18
2023-08-06,1031,118,72,84,33,46,51
2023-08-07,1031,108,89,100,32,19,68
2023-08-08,1031,134,77,90,34,57,56
2023-08-09,1031,130,62,51,29,68,22
2023-08-10,1031,109,76,53,30,33,23
2023-08-11,1031,123,87,70,41,36,29
2023-08-12,1031,113,102,65,38,11,27
2023-08-13,1031,127,76,57,37,51,20
2023-08-14,1031,140,80,64,35,60,29
2023-08-15,1031,119,82,73,45,37,28
2023-08-16,1031,125,80,66,32,45,34
2023-08-17,1031,102,83,81,48,19,33
2023-08-18,1031,108,70,98,43,38,55
2023-08-19,1031,102,85,95,39,17,56
2023-08-20,1031,108,89,58,43,19,15
2023-08-21,1031,109,75,58,34,34,24
2023-08-22,1031,139,84,71,41,55,30
2023-08-23,1031,133,75,73,42,58,31
2023-08-24,1031,150,64,51,42,86,9
2023-08-25,1031,135,89,98,35,46,63
2023-08-26,1031,111,69,52,50,42,2
2023-08-27,1031,138,62,88,34,76,54
2023-08-28,1031,121,80,93,35,41,58
2023-08-29,1031,111,81,52,39,30,13
2023-08-30,1031,137,92,64,52,45,12
2023-08-31,1031,126,86,76,34,40,42
2023-09-01,1031,133,84,72,36,49,36
2023-09-02,1031,117,78,73,42,39,31
2023-09-03,1031,119,72,90,31,47,59
2023-09-04,1031,126,76,85,40,50,45
2023-09-05,1031,133,70,73,44,63,29
2023-09-06,1031,135,74,61,40,61,21
2023-09-07,1031,103,78,53,41,25,12
2023-09-08,1031,109,87,50,48,22,2
2023-09-09,1031,103,78,95,45,25,50
2023-09-10,1031,141,87,87,38,54,49
2023-09-11,1031,108,80,92,35,28,57
2023-09-12,1031,130,59,74,42,71,32
2023-09-13,1031,131,72,73,35,59,38
2023-09-14,1031,132,85,96,31,47,65
2023-09-15,1031,117,90,53,45,27,8
2023-09-16,1031,102,93,90,39,9,51
2023-09-17,1031,104,83,83,38,21,45
2023-09-18,1031,102,73,93,41,29,52
2023-09-19,1031,144,81,78,33,63,45
2023-09-20,1031,120,78,60,41,42,19
2023-09-21,1031,125,66,90,41,59,49
2023-09-22,1031,138,81,56,46,57,10
2023-09-23,1031,123,78,57,41,45,16
2023-09-24,1031,117,76,67,44,41,23
2023-09-25,1031,115,79,50,44,36,6
2023-09-26,1031,124,80,77,38,44,39
2023-09-27,1031,101,77,67,36,24,31
2023-09-28,1031,114,85,52,53,29,-1
2023-09-29,1031,130,72,83,41,58,42
2023-09-30,1031,136,87,92,43,49,49
2023-10-01,1031,137,72,96,47,65,49
2023-10-02,1031,136,55,86,37,81,49
2023-10-03,1031,118,72,54,38,46,16
2023-10-04,1031,136,87,65,35,49,30
2023-10-05,1031,117,87,84,37,30,47
2023-10-06,1031,124,82,87,39,42,48
2023-10-07,1031,127,74,68,42,53,26
2023-10-08,1031,137,68,81,42,69,39
2023-10-09,1031,102,65,77,37,37,40
2023-10-10,1031,118,82,60,32,36,28
2023-10-11,1031,108,69,61,42,39,19
2023-10-12,1031,146,74,69,34,72,35
2023-10-13,1031,115,93,60,44,22,16
2023-10-14,1031,134,70,67,35,64,32
2023-10-15,1031,110,61,93,47,49,46
2023-10-16,1031,146,89,89,36,57,53
2023-10-17,1031,127,79,59,37,48,22
2023-10-18,1031,135,83,76,40,52,36
2023-10-19,1031,109,81,88,48,28,40
2023-10-20,1031,138,75,83,36,63,47
2023-10-21,1031,121,69,99,41,52,58
2023-10-22,1031,129,80,96,48,49,48
2023-10-23,1031,115,84,60,36,31,24
2023-10-24,1031,134,92,84,43,42,41
2023-10-25,1031,137,81,80,40,56,40
2023-10-26,1031,123,69,83,46,54,37
2023-10-27,1031,110,81,51,43,29,8
2023-10-28,1031,114,76,87,40,38,47
2023-10-29,1031,101,71,89,41,30,48
2023-10-30,1031,132,73,95,38,59,57
2023-10-31,1031,114,91,64,48,23,16
2023-11-01,1031,131,91,51,53,40,-2
2023-11-02,1031,130,72,58,36,58,22
2023-11-03,1031,111,80,57,41,31,16
2023-11-04,1031,111,74,98,35,37,63
2023-11-05,1031,128,86,86,46,42,40
2023-11-06,1031,142,74,54,52,68,2
2023-11-07,1031,104,81,51,43,23,8
2023-11-08,1031,141,73,56,32,68,24
2023-11-09,1031,113,99,67,47,14,20
2023-11-10,1031,131,81,88,43,50,45
2023-11-11,1031,121,79,68,44,42,24
2023-11-12,1031,128,86,53,27,42,26
2023-11-13,1031,143,81,72,38,62,34
2023-11-14,1031,148,77,59,30,71,29
2023-11-15,1031,106,78,71,43,28,28
2023-11-16,1031,141,80,68,41,61,27
2023-11-17,1031,109,94,98,44,15,54
2023-11-18,1031,137,100,98,37,37,61
2023-11-19,1031,127,87,53,46,40,7
2023-11-20,1031,139,84,76,30,55,46
2023-11-21,1031,119,74,89,34,45,55
2023-11-22,1031,106,79,86,45,27,41
2023-11-23,1031,129,85,61,52,44,9
2023-11-24,1031,126,76,50,36,50,14
2023-11-25,1031,116,82,87,35,34,52
2023-11-26,1031,130,89,76,42,41,34
2023-11-27,1031,115,75,54,48,40,6
2023-11-28,1031,126,85,93,43,41,50
2023-11-29,1031,120,101,97,36,19,61
2023-11-30,1031,134,76,50,34,58,16
2023-12-01,1031,111,86,81,33,25,48
2023-12-02,1031,118,83,69,41,35,28
2023-12-03,1031,102,65,84,41,37,43
2023-12-04,1031,136,69,55,51,67,4
2023-12-05,1031,123,80,91,37,43,54
2023-12-06,1031,106,73,78,48,33,30
2023-12-07,1031,106,87,75,49,19,26
2023-12-08,1031,100,88,75,40,12,35
2023-12-09,1031,111,84,87,32,27,55
2023-12-10,1031,101,76,68,31,25,37
2023-12-11,1031,108,77,82,30,31,52
2023-12-12,1031,105,74,54,37,31,17
2023-12-13,1031,109,79,94,46,30,48
2023-12-14,1031,108,77,81,44,31,37
2023-12-15,1031,136,84,99,43,52,56
2023-12-16,1031,132,81,74,33,51,41
2023-12-17,1031,105,69,67,39,36,28
2023-12-18,1031,111,72,60,44,39,16
2023-12-19,1031,105,65,61,50,40,11
2023-12-20,1031,104,80,64,51,24,13
2023-12-21,1031,135,96,59,41,39,18
2023-12-22,1031,116,81,57,42,35,15
2023-12-23,1031,101,84,62,37,17,25
2023-12-24,1031,103,85,100,38,18,62
2023-12-25,1031,127,92,57,44,35,13
2023-12-26,1031,114,78,69,34,36,35
2023-12-27,1031,102,91,51,37,11,14
2023-12-28,1031,133,62,75,45,71,30
2023-12-29,1031,111,66,57,26,45,31
2023-12-30,1031,129,77,76,45,52,31
2023-12-31,1031,119,84,78,35,35,43
2023-01-01,1032,104,78,56,39,26,17
2023-01-02,1032,135,85,99,47,50,52
2023-01-03,1032,117,65,74,43,52,31
2023-01-04,1032,133,85,68,38,48,30
2023-01-05,1032,133,75,99,37,58,62
2023-01-06,1032,110,87,63,41,23,22
2023-01-07,1032,115,72,81,36,43,45
2023-01-08,1032,139,73,58,41,66,17
2023-01-09,1032,147,75,59,34,72,25
2023-01-10,1032,130,92,61,29,38,32
2023-01-11,1032,150,77,72,38,73,34
2023-01-12,1032,140,76,75,30,64,45
2023-01-13,1032,136,67,90,37,69,53
2023-01-14,1032,136,85,85,34,51,51
2023-01-15,1032,125,92,61,37,33,24
2023-01-16,1032,135,75,75,39,60,36
2023-01-17,1032,129,87,65,34,42,31
2023-01-18,1032,123,81,87,36,42,51
2023-01-19,1032,115,65,94,34,50,60
2023-01-20,1032,109,74,64,49,35,15
2023-01-21,1032,127,83,96,40,44,56
2023-01-22,1032,140,83,68,45,57,23
2023-01-23,1032,141,72,58,42,69,16
2023-01-24,1032,149,68,66,50,81,16
2023-01-25,1032,127,96,100,40,31,60
2023-01-26,1032,137,88,73,47,49,26
2023-01-27,1032,148,76,98,32,72,66
2023-01-28,1032,137,78,92,34,59,58
2023-01-29,1032,118,87,96,34,31,62
2023-01-30,1032,127,94,92,42,33,50
2023-01-31,1032,100,79,86,33,21,53
2023-02-01,1032,122,67,52,35,55,17
2023-02-02,1032,138,70,60,43,68,17
2023-02-03,1032,106,70,90,38,36,52
2023-02-04,1032,107,78,57,37,29,20
2023-02-05,1032,118,76,82,47,42,35
2023-02-06,1032,113,82,62,46,31,16
2023-02-07,1032,123,83,92,31,40,61
2023-02-08,1032,120,86,69,48,34,21
2023-02-09,1032,129,81,88,43,48,45
2023-02-10,1032,106,90,70,37,16,33
2023-02-11,1032,150,85,82,38,65,44
2023-02-12,1032,135,75,88,48,60,40
2023-02-13,1032,128,89,74,38,39,36
2023-02-14,1032,105,89,74,34,16,40
2023-02-15,1032,113,77,61,42,36,19
2023-02-16,1032,125,73,57,53,52,4
2023-02-17,1032,106,70,56,40,36,16
2023-02-18,1032,131,75,69,36,56,33
2023-02-19,1032,118,84,77,44,34,33
2023-02-20,1032,142,84,58,40,58,18
2023-02-21,1032,122,78,93,42,44,51
2023-02-22,1032,131,70,53,39,61,14
2023-02-23,1032,132,73,65,38,59,27
2023-02-24,1032,140,73,55,30,67,25
2023-02-25,1032,132,79,68,39,53,29
2023-02-26,1032,126,89,62,33,37,29
2023-02-27,1032,144,90,94,48,54,46
2023-02-28,1032,133,87,84,29,46,55
2023-03-01,1032,112,81,82,46,31,36
2023-03-02,1032,116,67,93,41,49,52
2023-03-03,1032,137,69,96,36,68,60
2023-03-04,1032,112,89,58,31,23,27
2023-03-05,1032,115,83,66,41,32,25
2023-03-06,1032,124,74,87,48,50,39
2023-03-07,1032,125,80,85,45,45,40
2023-03-08,1032,139,76,51,43,63,8
2023-03-09,1032,119,76,63,40,43,23
2023-03-10,1032,131,97,66,43,34,23
2023-03-11,1032,147,81,99,41,66,58
2023-03-12,1032,101,81,88,39,20,49
2023-03-13,1032,115,88,87,26,27,61
2023-03-14,1032,149,66,98,37,83,61
2023-03-15,1032,113,76,83,34,37,49
2023-03-16,1032,120,82,54,32,38,22
2023-03-17,1032,103,91,55,42,12,13
2023-03-18,1032,147,78,50,39,69,11
2023-03-19,1032,100,75,54,32,25,22
2023-03-20,1032,104,90,70,52,14,18
2023-03-21,1032,127,76,64,53,51,11
2023-03-22,1032,145,66,67,38,79,29
2023-03-23,1032,101,91,72,39,10,33
2023-03-24,1032,111,92,52,45,19,7
2023-03-25,1032,148,97,98,39,51,59
2023-03-26,1032,137,87,98,39,50,59
2023-03-27,1032,139,75,95,37,64,58
2023-03-28,1032,131,72,80,46,59,34
2023-03-29,1032,103,85,50,36,18,14
2023-03-30,1032,125,73,85,37,52,48
2023-03-31,1032,114,89,97,44,25,53
2023-04-01,1032,104,63,53,43,41,10
2023-04-02,1032,149,88,70,42,61,28
2023-04-03,1032,127,83,50,34,44,16
2023-04-04,1032,150,69,94,40,81,54
2023-04-05,1032,103,78,61,37,25,24
2023-04-06,1032,127,88,98,39,39,59
2023-04-07,1032,139,78,100,36,61,64
2023-04-08,1032,141,57,51,42,84,9
2023-04-09,1032,101,85,57,39,16,18
2023-04-10,1032,113,80,52,37,33,15
2023-04-11,1032,121,88,68,44,33,24
2023-04-12,1032,106,80,69,46,26,23
2023-04-13,1032,122,80,86,35,42,51
2023-04-14,1032,120,88,60,42,32,18
2023-04-15,1032,145,82,52,39,63,13
2023-04-16,1032,142,93,76,42,49,34
2023-04-17,1032,100,73,80,34,27,46
2023-04-18,1032,113,80,97,33,33,64
2023-04-19,1032,145,72,83,36,73,47
2023-04-20,1032,119,84,88,34,35,54
2023-04-21,1032,150,71,93,44,79,49
2023-04-22,1032,146,69,54,44,77,10
2023-04-23,1032,124,79,70,35,45,35
2023-04-24,1032,106,66,56,29,40,27
2023-04-25,1032,125,79,72,37,46,35
2023-04-26,1032,124,89,72,32,35,40
2023-04-27,1032,130,82,91,40,48,51
2023-04-28,1032,149,82,72,43,67,29
2023-04-29,1032,120,61,79,38,59,41
2023-04-30,1032,118,94,81,42,24,39
2023-05-01,1032,148,61,84,33,87,51
2023-05-02,1032,132,82,74,51,50,23
2023-05-03,1032,121,75,63,51,46,12
2023-05-04,1032,128,86,88,41,42,47
2023-05-05,1032,131,85,93,39,46,54
2023-05-06,1032,129,87,64,53,42,11
2023-05-07,1032,100,82,66,41,18,25
2023-05-08,1032,123,77,50,36,46,14
2023-05-09,1032,131,79,53,41,52,12
2023-05-10,1032,131,89,69,37,42,32
2023-05-11,1032,129,86,99,34,43,65
2023-05-12,1032,126,80,84,36,46,48
2023-05-13,1032,129,76,95,49,53,46
2023-05-14,1032,124,104,59,29,20,30
2023-05-15,1032,134,88,67,44,46,23
2023-05-16,1032,116,72,77,39,44,38
2023-05-17,1032,106,82,78,45,24,33
2023-05-18,1032,113,77,88,35,36,53
2023-05-19,1032,107,81,66,51,26,15
2023-05-20,1032,145,73,90,38,72,52
2023-05-21,1032,132,67,66,44,65,22
2023-05-22,1032,108,71,62,54,37,8
2023-05-23,1032,126,103,76,53,23,23
2023-05-24,1032,111,65,81,38,46,43
2023-05-25,1032,144,95,58,35,49,23
2023-05-26,1032,147,78,57,44,69,13
2023-05-27,1032,106,68,53,43,38,10
2023-05-28,1032,145,58,53,42,87,11
2023-05-29,1032,102,81,83,45,21,38
2023-05-30,1032,147,83,90,35,64,55
2023-05-31,1032,100,92,100,48,8,52
2023-06-01,1032,136,77,53,44,59,9
2023-06-02,1032,119,70,87,39,49,48
2023-06-03,1032,141,81,75,42,60,33
2023-06-04,1032,128,95,93,45,33,48
2023-06-05,1032,123,81,55,46,42,9
2023-06-06,1032,121,99,72,47,22,25
2023-06-07,1032,110,102,79,37,8,42
2023-06-08,1032,101,78,99,48,23,51
2023-06-09,1032,111,69,69,49,42,20
2023-06-10,1032,124,89,95,41,35,54
2023-06-11,1032,135,85,62,44,50,18
2023-06-12,1032,117,78,51,37,39,14
2023-06-13,1032,125,89,60,39,36,21
2023-06-14,1032,112,71,85,38,41,47
2023-06-15,1032,135,80,100,44,55,56
2023-06-16,1032,103,83,59,49,20,10
2023-06-17,1032,129,63,92,26,66,66
2023-06-18,1032,132,90,60,30,42,30
2023-06-19,1032,148,78,99,44,70,55
2023-06-20,1032,123,77,67,42,46,25
2023-06-21,1032,137,83,90,41,54,49
2023-06-22,1032,117,83,54,37,34,17
2023-06-23,1032,135,60,54,32,75,22
2023-06-24,1032,114,79,74,39,35,35
2023-06-25,1032,146,82,71,32,64,39
2023-06-26,1032,135,80,55,43,55,12
2023-06-27,1032,109,89,95,39,20,56
2023-06-28,1032,149,93,77,44,56,33
2023-06-29,1032,136,88,51,41,48,10
2023-06-30,1032,128,87,96,43,41,53
2023-07-01,1032,115,88,80,39,27,41
2023-07-02,1032,119,83,64,45,36,19
2023-07-03,1032,106,87,55,26,19,29
2023-07-04,1032,113,85,62,34,28,28
2023-07-05,1032,115,85,100,52,30,48
2023-07-06,1032,101,100,64,48,1,16
2023-07-07,1032,108,80,90,38,28,52
2023-07-08,1032,122,75,79,58,47,21
2023-07-09,1032,119,74,86,26,45,60
2023-07-10,1032,121,89,51,40,32,11
2023-07-11,1032,103,85,60,35,18,25
2023-07-12,1032,113,73,85,46,40,39
2023-07-13,1032,133,77,75,45,56,30
2023-07-14,1032,141,90,94,44,51,50
2023-07-15,1032,120,82,92,50,38,42
2023-07-16,1032,107,83,62,40,24,22
2023-07-17,1032,124,66,83,37,58,46
2023-07-18,1032,135,90,94,38,45,56
2023-07-19,1032,133,92,75,46,41,29
2023-07-20,1032,136,84,85,42,52,43
2023-07-21,1032,101,82,99,38,19,61
2023-07-22,1032,122,66,94,47,56,47
2023-07-23,1032,113,89,78,39,24,39
2023-07-24,1032,134,72,52,47,62,5
2023-07-25,1032,113,86,85,37,27,48
2023-07-26,1032,143,78,54,31,65,23
2023-07-27,1032,119,81,85,41,38,44
2023-07-28,1032,115,75,65,38,40,27
2023-07-29,1032,121,68,64,28,53,36
2023-07-30,1032,144,78,70,46,66,24
2023-07-31,1032,116,77,81,47,39,34
2023-08-01,1032,104,80,52,37,24,15
2023-08-02,1032,112,87,74,44,25,30
2023-08-03,1032,139,73,68,33,66,35
2023-08-04,1032,120,80,59,42,40,17
2023-08-05,1032,119,87,65,35,32,30
2023-08-06,1032,146,78,98,43,68,55
2023-08-07,1032,137,72,56,32,65,24
2023-08-08,1032,142,82,94,51,60,43
2023-08-09,1032,138,86,76,40,52,36
2023-08-10,1032,133,83,52,44,50,8
2023-08-11,1032,144,67,88,48,77,40
2023-08-12,1032,133,82,84,39,51,45
2023-08-13,1032,106,80,84,46,26,38
2023-08-14,1032,116,91,89,35,25,54
2023-08-15,1032,105,72,50,33,33,17
2023-08-16,1032,109,77,71,34,32,37
2023-08-17,1032,145,77,74,37,68,37
2023-08-18,1032,142,88,90,44,54,46
2023-08-19,1032,146,79,64,42,67,22
2023-08-20,1032,131,90,57,46,41,11
2023-08-21,1032,145,90,78,37,55,41
2023-08-22,1032,114,83,79,42,31,37
2023-08-23,1032,150,91,85,40,59,45
2023-08-24,1032,147,84,70,28,63,42
2023-08-25,1032,142,83,70,30,59,40
2023-08-26,1032,133,92,91,42,41,49
2023-08-27,1032,103,84,58,32,19,26
2023-08-28,1032,123,78,76,52,45,24
2023-08-29,1032,136,79,75,46,57,29
2023-08-30,1032,141,79,89,33,62,56
2023-08-31,1032,130,87,85,42,43,43
2023-09-01,1032,136,66,85,37,70,48
2023-09-02,1032,150,95,88,35,55,53
2023-09-03,1032,139,76,98,33,63,65
2023-09-04,1032,129,82,89,39,47,50
2023-09-05,1032,136,62,94,42,74,52
2023-09-06,1032,104,85,100,47,19,53
2023-09-07,1032,138,86,75,30,52,45
2023-09-08,1032,145,76,99,35,69,64
2023-09-09,1032,140,73,59,41,67,18
2023-09-10,1032,104,89,85,37,15,48
2023-09-11,1032,102,91,58,42,11,16
2023-09-12,1032,104,67,83,34,37,49
2023-09-13,1032,129,79,54,43,50,11
2023-09-14,1032,144,71,80,41,73,39
2023-09-15,1032,109,86,57,31,23,26
2023-09-16,1032,121,73,73,38,48,35
2023-09-17,1032,107,85,52,30,22,22
2023-09-18,1032,103,79,57,36,24,21
2023-09-19,1032,104,81,81,49,23,32
2023-09-20,1032,116,94,82,33,22,49
2023-09-21,1032,113,74,69,35,39,34
2023-09-22,1032,123,88,96,32,35,64
2023-09-23,1032,106,82,85,41,24,44
2023-09-24,1032,144,72,58,26,72,32
2023-09-25,1032,129,77,81,34,52,47
2023-09-26,1032,102,82,78,35,20,43
2023-09-27,1032,103,72,100,47,31,53
2023-09-28,1032,146,82,72,33,64,39
2023-09-29,1032,109,81,71,34,28,37
2023-09-30,1032,150,65,50,37,85,13
2023-10-01,1032,122,79,66,43,43,23
2023-10-02,1032,105,82,84,43,23,41
2023-10-03,1032,115,71,62,34,44,28
2023-10-04,1032,105,66,63,36,39,27
2023-10-05,1032,120,70,56,33,50,23
2023-10-06,1032,145,68,98,38,77,60
2023-10-07,1032,134,72,87,42,62,45
2023-10-08,1032,136,89,83,31,47,52
2023-10-09,1032,111,85,89,44,26,45
2023-10-10,1032,101,72,68,51,29,17
2023-10-11,1032,118,78,72,42,40,30
2023-10-12,1032,146,71,63,42,75,21
2023-10-13,1032,136,78,68,32,58,36
2023-10-14,1032,146,75,64,44,71,20
2023-10-15,1032,136,79,77,42,57,35
2023-10-16,1032,133,89,53,37,44,16
2023-10-17,1032,145,72,94,40,73,54
2023-10-18,1032,146,70,64,44,76,20
2023-10-19,1032,144,64,100,32,80,68
2023-10-20,1032,123,89,88,28,34,60
2023-10-21,1032,133,87,86,33,46,53
2023-10-22,1032,126,78,55,36,48,19
2023-10-23,1032,103,67,78,51,36,27
2023-10-24,1032,133,69,88,44,64,44
2023-10-25,1032,121,78,74,40,43,34
2023-10-26,1032,126,72,83,43,54,40
2023-10-27,1032,126,84,70,37,42,33
2023-10-28,1032,137,104,97,40,33,57
2023-10-29,1032,113,85,79,36,28,43
2023-10-30,1032,102,94,52,55,8,-3
2023-10-31,1032,143,89,57,34,54,23
2023-11-01,1032,104,102,100,33,2,67
2023-11-02,1032,140,87,63,38,53,25
2023-11-03,1032,102,66,96,48,36,48
2023-11-04,1032,103,62,86,49,41,37
2023-11-05,1032,128,75,73,41,53,32
2023-11-06,1032,150,97,74,39,53,35
2023-11-07,1032,135,95,74,32,40,42
2023-11-08,1032,116,78,80,45,38,35
2023-11-09,1032,112,91,85,41,21,44
2023-11-10,1032,108,90,89,31,18,58
2023-11-11,1032,141,76,55,43,65,12
2023-11-12,1032,129,94,69,46,35,23
2023-11-13,1032,116,77,65,36,39,29
2023-11-14,1032,115,76,82,43,39,39
2023-11-15,1032,111,73,93,42,38,51
2023-11-16,1032,119,81,96,44,38,52
2023-11-17,1032,141,85,96,43,56,53
2023-11-18,1032,136,83,98,39,53,59
2023-11-19,1032,118,86,80,40,32,40
2023-11-20,1032,128,80,58,36,48,22
2023-11-21,1032,116,60,73,38,56,35
2023-11-22,1032,127,66,77,33,61,44
2023-11-23,1032,127,72,62,34,55,28
2023-11-24,1032,103,86,64,38,17,26
2023-11-25,1032,128,86,98,30,42,68
2023-11-26,1032,131,84,75,29,47,46
2023-11-27,1032,104,76,63,35,28,28
2023-11-28,1032,115,78,82,38,37,44
2023-11-29,1032,132,81,82,39,51,43
2023-11-30,1032,111,77,89,45,34,44
2023-12-01,1032,112,82,96,46,30,50
2023-12-02,1032,139,64,88,41,75,47
2023-12-03,1032,109,76,63,40,33,23
2023-12-04,1032,100,78,81,46,22,35
2023-12-05,1032,124,79,98,33,45,65
2023-12-06,1032,122,72,85,43,50,42
2023-12-07,1032,111,61,91,40,50,51
2023-12-08,1032,149,83,73,43,66,30
2023-12-09,1032,113,72,93,40,41,53
2023-12-10,1032,141,72,99,39,69,60
2023-12-11,1032,133,88,70,45,45,25
2023-12-12,1032,132,90,73,38,42,35
2023-12-13,1032,136,79,64,34,57,30
2023-12-14,1032,104,68,51,51,36,0
2023-12-15,1032,124,85,95,38,39,57
2023-12-16,1032,128,82,77,48,46,29
2023-12-17,1032,127,83,62,40,44,22
2023-12-18,1032,100,86,86,46,14,40
2023-12-19,1032,135,79,95,46,56,49
2023-12-20,1032,110,104,91,45,6,46
2023-12-21,1032,108,83,91,37,25,54
2023-12-22,1032,108,73,82,38,35,44
2023-12-23,1032,132,81,93,32,51,61
2023-12-24,1032,130,88,89,31,42,58
2023-12-25,1032,104,94,97,32,10,65
2023-12-26,1032,131,89,57,39,42,18
2023-12-27,1032,104,58,68,44,46,24
2023-12-28,1032,107,66,97,36,41,61
2023-12-29,1032,114,81,68,39,33,29
2023-12-30,1032,143,83,53,39,60,14
2023-12-31,1032,147,91,71,38,56,33
2023-01-01,1033,139,78,61,41,61,20
2023-01-02,1033,107,71,100,40,36,60
2023-01-03,1033,143,94,73,52,49,21
2023-01-04,1033,119,100,55,38,19,17
2023-01-05,1033,139,82,90,32,57,58
2023-01-06,1033,144,108,95,60,36,35
2023-01-07,1033,135,82,79,38,53,41
2023-01-08,1033,132,70,86,39,62,47
2023-01-09,1033,141,83,88,36,58,52
2023-01-10,1033,113,96,76,36,17,40
2023-01-11,1033,130,84,94,35,46,59
2023-01-12,1033,103,67,61,25,36,36
2023-01-13,1033,121,86,78,39,35,39
2023-01-14,1033,135,72,89,32,63,57
2023-01-15,1033,127,94,76,45,33,31
2023-01-16,1033,114,76,99,40,38,59
2023-01-17,1033,143,89,53,35,54,18
2023-01-18,1033,142,67,82,48,75,34
2023-01-19,1033,124,73,58,34,51,24
2023-01-20,1033,126,78,91,35,48,56
2023-01-21,1033,107,70,51,36,37,15
2023-01-22,1033,133,73,53,28,60,25
2023-01-23,1033,109,76,68,45,33,23
2023-01-24,1033,136,88,74,53,48,21
2023-01-25,1033,119,85,94,36,34,58
2023-01-26,1033,110,67,69,53,43,16
2023-01-27,1033,104,80,74,41,24,33
2023-01-28,1033,118,79,79,40,39,39
2023-01-29,1033,147,82,93,31,65,62
2023-01-30,1033,110,75,60,50,35,10
2023-01-31,1033,124,77,80,42,47,38
2023-02-01,1033,118,73,93,36,45,57
2023-02-02,1033,128,74,74,35,54,39
2023-02-03,1033,106,72,96,43,34,53
2023-02-04,1033,146,97,74,42,49,32
2023-02-05,1033,135,88,78,42,47,36
2023-02-06,1033,109,89,65,30,20,35
2023-02-07,1033,116,73,97,40,43,57
2023-02-08,1033,106,82,98,42,24,56
2023-02-09,1033,132,78,81,45,54,36
2023-02-10,1033,141,96,67,33,45,34
2023-02-11,1033,126,86,86,37,40,49
2023-02-12,1033,102,86,68,50,16,18
2023-02-13,1033,102,87,60,42,15,18
2023-02-14,1033,120,77,57,50,43,7
2023-02-15,1033,140,78,89,44,62,45
2023-02-16,1033,128,75,63,41,53,22
2023-02-17,1033,106,85,58,37,21,21
2023-02-18,1033,116,80,88,38,36,50
2023-02-19,1033,109,93,95,47,16,48
2023-02-20,1033,113,66,82,43,47,39
2023-02-21,1033,148,84,82,46,64,36
2023-02-22,1033,123,98,93,37,25,56
2023-02-23,1033,118,81,97,44,37,53
2023-02-24,1033,114,80,81,35,34,46
2023-02-25,1033,132,83,53,44,49,9
2023-02-26,1033,113,72,94,34,41,60
2023-02-27,1033,115,75,58,39,40,19
2023-02-28,1033,146,79,72,38,67,34
2023-03-01,1033,101,78,53,32,23,21
2023-03-02,1033,137,69,55,45,68,10
2023-03-03,1033,132,71,96,40,61,56
2023-03-04,1033,110,83,100,38,27,62
2023-03-05,1033,146,87,92,42,59,50
2023-03-06,1033,150,77,73,35,73,38
2023-03-07,1033,111,99,68,46,12,22
2023-03-08,1033,116,75,64,47,41,17
2023-03-09,1033,141,88,96,39,53,57
2023-03-10,1033,124,76,78,37,48,41
2023-03-11,1033,133,61,64,39,72,25
2023-03-12,1033,150,69,78,30,81,48
2023-03-13,1033,116,63,70,27,53,43
2023-03-14,1033,109,85,83,47,24,36
2023-03-15,1033,116,61,95,40,55,55
2023-03-16,1033,118,71,67,48,47,19
2023-03-17,1033,125,87,79,32,38,47
2023-03-18,1033,147,76,65,45,71,20
2023-03-19,1033,126,91,66,43,35,23
2023-03-20,1033,136,87,83,39,49,44
2023-03-21,1033,133,55,99,37,78,62
2023-03-22,1033,122,82,65,50,40,15
2023-03-23,1033,119,75,86,36,44,50
2023-03-24,1033,102,84,88,40,18,48
2023-03-25,1033,141,75,70,36,66,34
2023-03-26,1033,110,77,99,45,33,54
2023-03-27,1033,125,76,66,31,49,35
2023-03-28,1033,146,91,99,53,55,46
2023-03-29,1033,119,80,86,46,39,40
2023-03-30,1033,144,76,69,44,68,25
2023-03-31,1033,119,91,61,50,28,11
2023-04-01,1033,104,77,72,41,27,31
2023-04-02,1033,116,77,69,53,39,16
2023-04-03,1033,113,80,70,32,33,38
2023-04-04,1033,111,94,83,35,17,48
2023-04-05,1033,100,93,84,39,7,45
2023-04-06,1033,142,78,54,35,64,19
2023-04-07,1033,142,88,76,50,54,26
2023-04-08,1033,103,88,97,60,15,37
2023-04-09,1033,132,87,70,33,45,37
2023-04-10,1033,144,72,52,40,72,12
2023-04-11,1033,133,71,63,51,62,12
2023-04-12,1033,140,79,87,39,61,48
2023-04-13,1033,122,79,100,31,43,69
2023-04-14,1033,118,66,78,37,52,41
2023-04-15,1033,108,79,86,42,29,44
2023-04-16,1033,131,64,75,39,67,36
2023-04-17,1033,112,86,67,40,26,27
2023-04-18,1033,102,71,65,32,31,33
2023-04-19,1033,117,78,72,48,39,24
2023-04-20,1033,142,73,95,33,69,62
2023-04-21,1033,144,61,57,41,83,16
2023-04-22,1033,129,88,93,41,41,52
2023-04-23,1033,146,85,99,54,61,45
2023-04-24,1033,111,83,77,44,28,33
2023-04-25,1033,103,88,64,37,15,27
2023-04-26,1033,141,94,73,50,47,23
2023-04-27,1033,148,87,52,49,61,3
2023-04-28,1033,134,76,81,49,58,32
2023-04-29,1033,106,79,84,46,27,38
2023-04-30,1033,118,69,52,41,49,11
2023-05-01,1033,123,72,95,44,51,51
2023-05-02,1033,113,69,60,32,44,28
2023-05-03,1033,108,90,62,46,18,16
2023-05-04,1033,124,82,61,33,42,28
2023-05-05,1033,137,90,87,41,47,46
2023-05-06,1033,102,86,95,43,16,52
2023-05-07,1033,128,90,67,40,38,27
2023-05-08,1033,108,70,69,37,38,32
2023-05-09,1033,109,63,56,36,46,20
2023-05-10,1033,142,64,76,44,78,32
2023-05-11,1033,148,76,65,38,72,27
2023-05-12,1033,108,69,81,39,39,42
2023-05-13,1033,112,102,84,32,10,52
2023-05-14,1033,133,78,84,41,55,43
2023-05-15,1033,120,62,74,38,58,36
2023-05-16,1033,141,85,59,40,56,19
2023-05-17,1033,149,91,54,41,58,13
2023-05-18,1033,105,85,91,36,20,55
2023-05-19,1033,149,84,75,34,65,41
2023-05-20,1033,112,86,90,39,26,51
2023-05-21,1033,102,73,91,35,29,56
2023-05-22,1033,130,91,56,32,39,24
2023-05-23,1033,131,75,84,33,56,51
2023-05-24,1033,148,79,76,40,69,36
2023-05-25,1033,136,76,50,38,60,12
2023-05-26,1033,117,90,61,33,27,28
2023-05-27,1033,111,60,90,36,51,54
2023-05-28,1033,126,92,97,39,34,58
2023-05-29,1033,117,75,58,33,42,25
2023-05-30,1033,136,72,93,46,64,47
2023-05-31,1033,100,79,66,34,21,32
2023-06-01,1033,122,73,92,32,49,60
2023-06-02,1033,147,83,85,29,64,56
2023-06-03,1033,110,87,73,43,23,30
2023-06-04,1033,126,93,75,40,33,35
2023-06-05,1033,104,70,61,51,34,10
2023-06-06,1033,137,76,89,41,61,48
2023-06-07,1033,131,73,55,36,58,19
2023-06-08,1033,138,77,95,51,61,44
2023-06-09,1033,114,76,57,37,38,20
2023-06-10,1033,148,85,51,45,63,6
2023-06-11,1033,124,101,56,39,23,17
2023-06-12,1033,118,84,55,42,34,13
2023-06-13,1033,110,72,100,39,38,61
2023-06-14,1033,144,83,91,39,61,52
2023-06-15,1033,138,95,59,49,43,10
2023-06-16,1033,150,82,54,44,68,10
2023-06-17,1033,137,94,78,36,43,42
2023-06-18,1033,105,79,67,37,26,30
2023-06-19,1033,126,73,52,44,53,8
2023-06-20,1033,143,81,80,34,62,46
2023-06-21,1033,117,73,83,37,44,46
2023-06-22,1033,143,76,53,43,67,10
2023-06-23,1033,114,77,85,38,37,47
2023-06-24,1033,139,76,93,38,63,55
2023-06-25,1033,143,85,98,53,58,45
2023-06-26,1033,124,79,83,38,45,45
2023-06-27,1033,122,97,67,33,25,34
2023-06-28,1033,143,80,82,43,63,39
2023-06-29,1033,107,79,76,52,28,24
2023-06-30,1033,142,77,60,38,65,22
2023-07-01,1033,124,78,83,35,46,48
2023-07-02,1033,142,84,93,36,58,57
2023-07-03,1033,141,87,60,31,54,29
2023-07-04,1033,110,78,96,31,32,65
2023-07-05,1033,139,73,60,37,66,23
2023-07-06,1033,138,90,96,46,48,50
2023-07-07,1033,121,67,94,35,54,59
2023-07-08,1033,100,65,65,37,35,28
2023-07-09,1033,108,72,87,41,36,46
2023-07-10,1033,136,75,71,41,61,30
2023-07-11,1033,131,70,77,48,61,29
2023-07-12,1033,141,84,76,44,57,32
2023-07-13,1033,115,81,99,38,34,61
2023-07-14,1033,142,71,79,35,71,44
2023-07-15,1033,122,96,65,52,26,13
2023-07-16,1033,142,74,97,50,68,47
2023-07-17,1033,111,80,83,54,31,29
2023-07-18,1033,143,79,87,35,64,52
2023-07-19,1033,113,71,85,38,42,47
2023-07-20,1033,130,85,97,42,45,55
2023-07-21,1033,111,76,68,44,35,24
2023-07-22,1033,106,62,58,42,44,16
2023-07-23,1033,109,88,82,40,21,42
2023-07-24,1033,101,82,82,25,19,57
2023-07-25,1033,136,92,85,46,44,39
2023-07-26,1033,138,78,86,32,60,54
2023-07-27,1033,113,80,90,34,33,56
2023-07-28,1033,124,71,90,42,53,48
2023-07-29,1033,116,96,97,35,20,62
2023-07-30,1033,113,76,78,35,37,43
2023-07-31,1033,108,93,94,50,15,44
2023-08-01,1033,147,80,88,31,67,57
2023-08-02,1033,112,73,68,45,39,23
2023-08-03,1033,101,72,91,49,29,42
2023-08-04,1033,109,70,67,45,39,22
2023-08-05,1033,134,101,96,48,33,48
2023-08-06,1033,130,88,92,48,42,44
2023-08-07,1033,101,64,96,36,37,60
2023-08-08,1033,108,70,59,30,38,29
2023-08-09,1033,132,73,95,49,59,46
2023-08-10,1033,111,93,51,42,18,9
2023-08-11,1033,124,65,68,43,59,25
2023-08-12,1033,108,85,80,33,23,47
2023-08-13,1033,127,79,92,41,48,51
2023-08-14,1033,142,80,73,43,62,30
2023-08-15,1033,123,81,95,32,42,63
2023-08-16,1033,141,66,72,46,75,26
2023-08-17,1033,125,83,58,37,42,21
2023-08-18,1033,131,84,66,45,47,21
2023-08-19,1033,146,79,59,38,67,21
2023-08-20,1033,138,83,53,53,55,0
2023-08-21,1033,128,80,93,31,48,62
2023-08-22,1033,146,76,51,39,70,12
2023-08-23,1033,115,79,61,34,36,27
2023-08-24,1033,133,84,71,39,49,32
2023-08-25,1033,143,85,57,41,58,16
2023-08-26,1033,112,85,83,40,27,43
2023-08-27,1033,114,66,51,40,48,11
2023-08-28,1033,119,74,88,38,45,50
2023-08-29,1033,122,74,78,42,48,36
2023-08-30,1033,117,84,95,49,33,46
2023-08-31,1033,148,87,83,46,61,37
2023-09-01,1033,150,83,50,43,67,7
2023-09-02,1033,100,80,81,48,20,33
2023-09-03,1033,108,74,85,49,34,36
2023-09-04,1033,127,88,63,33,39,30
2023-09-05,1033,136,82,67,41,54,26
2023-09-06,1033,122,70,89,37,52,52
2023-09-07,1033,131,91,72,42,40,30
2023-09-08,1033,105,79,85,37,26,48
2023-09-09,1033,122,68,51,44,54,7
2023-09-10,1033,120,55,57,38,65,19
2023-09-11,1033,110,90,79,33,20,46
2023-09-12,1033,113,83,63,38,30,25
2023-09-13,1033,132,65,93,32,67,61
2023-09-14,1033,105,80,50,34,25,16
2023-09-15,1033,140,70,83,33,70,50
2023-09-16,1033,145,80,89,55,65,34
2023-09-17,1033,127,55,73,37,72,36
2023-09-18,1033,134,69,84,28,65,56
2023-09-19,1033,144,82,84,37,62,47
2023-09-20,1033,131,82,58,45,49,13
2023-09-21,1033,104,72,63,39,32,24
2023-09-22,1033,130,80,94,47,50,47
2023-09-23,1033,127,81,63,40,46,23
2023-09-24,1033,106,83,69,34,23,35
2023-09-25,1033,124,73,60,48,51,12
2023-09-26,1033,108,66,77,43,42,34
2023-09-27,1033,102,98,64,32,4,32
2023-09-28,1033,147,67,79,44,80,35
2023-09-29,1033,102,83,70,44,19,26
2023-09-30,1033,125,80,95,44,45,51
2023-10-01,1033,144,79,92,46,65,46
2023-10-02,1033,127,71,70,42,56,28
2023-10-03,1033,121,75,98,43,46,55
2023-10-04,1033,110,83,64,42,27,22
2023-10-05,1033,140,96,92,38,44,54
2023-10-06,1033,102,82,58,39,20,19
2023-10-07,1033,144,87,85,36,57,49
2023-10-08,1033,113,69,94,41,44,53
2023-10-09,1033,147,89,95,39,58,56
2023-10-10,1033,105,74,94,36,31,58
2023-10-11,1033,136,79,100,31,57,69
2023-10-12,1033,143,76,68,50,67,18
2023-10-13,1033,129,93,69,47,36,22
2023-10-14,1033,140,92,90,39,48,51
2023-10-15,1033,137,73,57,37,64,20
2023-10-16,1033,114,74,69,51,40,18
2023-10-17,1033,136,88,81,42,48,39
2023-10-18,1033,105,97,86,26,8,60
2023-10-19,1033,135,67,86,43,68,43
2023-10-20,1033,137,98,66,40,39,26
2023-10-21,1033,109,74,88,36,35,52
2023-10-22,1033,137,82,71,37,55,34
2023-10-23,1033,112,84,96,52,28,44
2023-10-24,1033,141,81,95,30,60,65
2023-10-25,1033,105,97,63,42,8,21
2023-10-26,1033,121,99,75,43,22,32
2023-10-27,1033,112,64,59,50,48,9
2023-10-28,1033,142,77,73,25,65,48
2023-10-29,1033,102,89,54,38,13,16
2023-10-30,1033,108,67,92,40,41,52
2023-10-31,1033,111,65,56,47,46,9
2023-11-01,1033,135,75,87,33,60,54
2023-11-02,1033,148,85,86,47,63,39
2023-11-03,1033,112,82,97,44,30,53
2023-11-04,1033,120,93,56,38,27,18
2023-11-05,1033,146,70,89,43,76,46
2023-11-06,1033,109,91,77,47,18,30
2023-11-07,1033,100,92,81,53,8,28
2023-11-08,1033,128,68,55,33,60,22
2023-11-09,1033,100,73,63,38,27,25
2023-11-10,1033,126,78,59,51,48,8
2023-11-11,1033,147,84,74,37,63,37
2023-11-12,1033,142,81,60,46,61,14
2023-11-13,1033,107,76,70,34,31,36
2023-11-14,1033,110,81,90,43,29,47
2023-11-15,1033,129,65,98,46,64,52
2023-11-16,1033,129,73,89,32,56,57
2023-11-17,1033,101,81,55,36,20,19
2023-11-18,1033,135,67,66,52,68,14
2023-11-19,1033,111,78,53,46,33,7
2023-11-20,1033,130,68,93,42,62,51
2023-11-21,1033,114,91,88,35,23,53
2023-11-22,1033,105,68,99,46,37,53
2023-11-23,1033,128,72,96,43,56,53
2023-11-24,1033,107,75,85,51,32,34
2023-11-25,1033,107,77,87,41,30,46
2023-11-26,1033,119,88,62,37,31,25
2023-11-27,1033,131,79,91,36,52,55
2023-11-28,1033,140,82,63,44,58,19
2023-11-29,1033,121,102,66,39,19,27
2023-11-30,1033,149,79,58,44,70,14
2023-12-01,1033,124,80,62,35,44,27
2023-12-02,1033,114,83,75,43,31,32
2023-12-03,1033,138,82,77,40,56,37
2023-12-04,1033,104,65,62,47,39,15
2023-12-05,1033,109,92,68,30,17,38
2023-12-06,1033,145,99,66,45,46,21
2023-12-07,1033,123,78,92,30,45,62
2023-12-08,1033,105,79,87,46,26,41
2023-12-09,1033,147,66,83,41,81,42
2023-12-10,1033,129,72,64,44,57,20
2023-12-11,1033,127,77,61,39,50,22
2023-12-12,1033,107,88,80,41,19,39
2023-12-13,1033,130,86,64,30,44,34
2023-12-14,1033,105,94,54,52,11,2
2023-12-15,1033,112,75,71,43,37,28
2023-12-16,1033,133,82,94,44,51,50
2023-12-17,1033,105,89,94,42,16,52
2023-12-18,1033,106,65,81,29,41,52
2023-12-19,1033,110,84,69,33,26,36
2023-12-20,1033,148,79,98,47,69,51
2023-12-21,1033,116,70,73,36,46,37
2023-12-22,1033,108,84,56,40,24,16
2023-12-23,1033,141,100,98,41,41,57
2023-12-24,1033,124,81,98,42,43,56
2023-12-25,1033,118,87,84,38,31,46
2023-12-26,1033,146,84,52,45,62,7
2023-12-27,1033,129,84,75,34,45,41
2023-12-28,1033,100,70,88,35,30,53
2023-12-29,1033,120,85,52,36,35,16
2023-12-30,1033,147,85,65,39,62,26
2023-12-31,1033,105,76,55,36,29,19
2023-01-01,1034,139,88,58,41,51,17
2023-01-02,1034,106,74,98,29,32,69
2023-01-03,1034,125,79,51,43,46,8
2023-01-04,1034,130,76,67,49,54,18
2023-01-05,1034,121,69,71,50,52,21
2023-01-06,1034,105,76,61,40,29,21
2023-01-07,1034,119,74,61,32,45,29
2023-01-08,1034,111,67,68,52,44,16
2023-01-09,1034,120,74,67,56,46,11
2023-01-10,1034,112,78,79,35,34,44
2023-01-11,1034,132,76,87,43,56,44
2023-01-12,1034,126,91,97,32,35,65
2023-01-13,1034,114,62,97,37,52,60
2023-01-14,1034,120,67,54,40,53,14
2023-01-15,1034,150,78,83,44,72,39
2023-01-16,1034,126,77,86,50,49,36
2023-01-17,1034,111,69,58,37,42,21
2023-01-18,1034,137,78,85,48,59,37
2023-01-19,1034,115,68,60,41,47,19
2023-01-20,1034,100,74,86,34,26,52
2023-01-21,1034,110,69,85,34,41,51
2023-01-22,1034,139,85,68,48,54,20
2023-01-23,1034,143,71,96,42,72,54
2023-01-24,1034,124,80,72,51,44,21
2023-01-25,1034,130,71,50,31,59,19
2023-01-26,1034,140,66,67,35,74,32
2023-01-27,1034,108,80,96,43,28,53
2023-01-28,1034,149,89,55,35,60,20
2023-01-29,1034,120,68,54,38,52,16
2023-01-30,1034,149,87,95,45,62,50
2023-01-31,1034,115,73,92,41,42,51
2023-02-01,1034,115,90,98,38,25,60
2023-02-02,1034,117,89,97,24,28,73
2023-02-03,1034,146,78,65,48,68,17
2023-02-04,1034,125,89,100,33,36,67
2023-02-05,1034,102,74,55,39,28,16
2023-02-06,1034,128,73,56,51,55,5
2023-02-07,1034,108,71,55,33,37,22
2023-02-08,1034,102,65,96,30,37,66
2023-02-09,1034,144,66,54,39,78,15
2023-02-10,1034,149,76,100,50,73,50
2023-02-11,1034,113,75,93,37,38,56
2023-02-12,1034,106,88,72,42,18,30
2023-02-13,1034,131,89,67,43,42,24
2023-02-14,1034,119,77,74,43,42,31
2023-02-15,1034,101,72,96,41,29,55
2023-02-16,1034,108,102,79,45,6,34
2023-02-17,1034,115,88,84,41,27,43
2023-02-18,1034,104,68,68,41,36,27
2023-02-19,1034,108,72,73,36,36,37
2023-02-20,1034,112,67,90,38,45,52
2023-02-21,1034,107,69,63,35,38,28
2023-02-22,1034,115,81,97,35,34,62
2023-02-23,1034,115,79,93,44,36,49
2023-02-24,1034,149,82,62,45,67,17
2023-02-25,1034,141,100,84,38,41,46
2023-02-26,1034,106,79,94,36,27,58
2023-02-27,1034,123,87,97,48,36,49
2023-02-28,1034,114,68,93,43,46,50
2023-03-01,1034,127,72,76,37,55,39
2023-03-02,1034,128,81,66,48,47,18
2023-03-03,1034,128,70,93,40,58,53
2023-03-04,1034,110,93,89,44,17,45
2023-03-05,1034,106,81,86,43,25,43
2023-03-06,1034,126,71,88,37,55,51
2023-03-07,1034,102,73,95,38,29,57
2023-03-08,1034,109,84,50,35,25,15
2023-03-09,1034,121,78,56,36,43,20
2023-03-10,1034,123,79,56,45,44,11
2023-03-11,1034,146,80,74,47,66,27
2023-03-12,1034,115,83,67,47,32,20
2023-03-13,1034,127,85,75,50,42,25
2023-03-14,1034,129,82,76,39,47,37
2023-03-15,1034,134,91,56,51,43,5
2023-03-16,1034,113,87,93,44,26,49
2023-03-17,1034,150,76,95,30,74,65
2023-03-18,1034,126,84,98,37,42,61
2023-03-19,1034,118,78,86,29,40,57
2023-03-20,1034,101,74,73,45,27,28
2023-03-21,1034,144,75,64,39,69,25
2023-03-22,1034,113,71,96,32,42,64
2023-03-23,1034,116,78,62,42,38,20
2023-03-24,1034,114,76,77,41,38,36
2023-03-25,1034,112,81,83,36,31,47
2023-03-26,1034,106,66,68,33,40,35
2023-03-27,1034,142,78,68,45,64,23
2023-03-28,1034,131,85,80,45,46,35
2023-03-29,1034,140,71,69,42,69,27
2023-03-30,1034,115,86,53,38,29,15
2023-03-31,1034,135,90,96,43,45,53
2023-04-01,1034,150,84,58,43,66,15
2023-04-02,1034,122,69,71,29,53,42
2023-04-03,1034,129,79,89,36,50,53
2023-04-04,1034,120,73,60,44,47,16
2023-04-05,1034,140,87,54,37,53,17
2023-04-06,1034,114,78,50,40,36,10
2023-04-07,1034,112,71,66,24,41,42
2023-04-08,1034,111,77,51,32,34,19
2023-04-09,1034,123,72,83,46,51,37
2023-04-10,1034,132,64,53,36,68,17
2023-04-11,1034,110,76,52,48,34,4
2023-04-12,1034,135,85,78,39,50,39
2023-04-13,1034,125,78,67,42,47,25
2023-04-14,1034,120,81,79,53,39,26
2023-04-15,1034,147,91,88,28,56,60
2023-04-16,1034,132,78,86,40,54,46
2023-04-17,1034,150,76,85,45,74,40
2023-04-18,1034,143,78,66,49,65,17
2023-04-19,1034,129,80,99,37,49,62
2023-04-20,1034,113,86,93,59,27,34
2023-04-21,1034,144,84,76,48,60,28
2023-04-22,1034,150,74,90,52,76,38
2023-04-23,1034,114,83,78,43,31,35
2023-04-24,1034,106,65,60,40,41,20
2023-04-25,1034,149,78,96,52,71,44
2023-04-26,1034,132,86,92,34,46,58
2023-04-27,1034,136,97,90,36,39,54
2023-04-28,1034,149,93,64,41,56,23
2023-04-29,1034,145,92,78,42,53,36
2023-04-30,1034,144,98,74,43,46,31
2023-05-01,1034,138,92,81,51,46,30
2023-05-02,1034,119,102,90,27,17,63
2023-05-03,1034,105,86,75,35,19,40
2023-05-04,1034,120,88,62,42,32,20
2023-05-05,1034,143,71,67,34,72,33
2023-05-06,1034,121,83,73,30,38,43
2023-05-07,1034,122,73,76,40,49,36
2023-05-08,1034,118,79,72,33,39,39
2023-05-09,1034,109,73,87,43,36,44
2023-05-10,1034,108,79,86,32,29,54
2023-05-11,1034,123,76,97,37,47,60
2023-05-12,1034,115,81,80,36,34,44
2023-05-13,1034,116,101,91,43,15,48
2023-05-14,1034,148,79,75,44,69,31
2023-05-15,1034,127,82,85,46,45,39
2023-05-16,1034,135,80,85,40,55,45
2023-05-17,1034,113,92,98,37,21,61
2023-05-18,1034,131,78,90,37,53,53
2023-05-19,1034,138,64,72,43,74,29
2023-05-20,1034,146,72,74,34,74,40
2023-05-21,1034,126,60,80,37,66,43
2023-05-22,1034,107,80,79,45,27,34
2023-05-23,1034,149,71,61,47,78,14
2023-05-24,1034,139,87,70,29,52,41
2023-05-25,1034,121,93,57,54,28,3
2023-05-26,1034,131,79,88,36,52,52
2023-05-27,1034,111,72,88,30,39,58
2023-05-28,1034,143,84,51,39,59,12
2023-05-29,1034,149,80,72,29,69,43
2023-05-30,1034,103,76,80,51,27,29
2023-05-31,1034,105,77,96,35,28,61
2023-06-01,1034,103,86,65,53,17,12
2023-06-02,1034,106,62,62,21,44,41
2023-06-03,1034,141,75,71,41,66,30
2023-06-04,1034,120,71,78,34,49,44
2023-06-05,1034,140,83,69,49,57,20
2023-06-06,1034,112,86,100,50,26,50
2023-06-07,1034,145,91,74,42,54,32
2023-06-08,1034,134,75,91,50,59,41
2023-06-09,1034,125,81,63,38,44,25
2023-06-10,1034,133,88,58,42,45,16
2023-06-11,1034,128,88,67,26,40,41
2023-06-12,1034,111,87,61,43,24,18
2023-06-13,1034,138,77,71,41,61,30
2023-06-14,1034,122,79,81,39,43,42
2023-06-15,1034,120,86,56,44,34,12
2023-06-16,1034,108,97,76,44,11,32
2023-06-17,1034,106,75,52,36,31,16
2023-06-18,1034,114,85,63,43,29,20
2023-06-19,1034,131,65,52,41,66,11
2023-06-20,1034,141,73,50,47,68,3
2023-06-21,1034,129,79,73,38,50,35
2023-06-22,1034,143,89,80,34,54,46
2023-06-23,1034,102,85,69,27,17,42
2023-06-24,1034,113,79,87,60,34,27
2023-06-25,1034,136,83,76,44,53,32
2023-06-26,1034,135,88,69,54,47,15
2023-06-27,1034,139,87,91,37,52,54
2023-06-28,1034,102,74,51,36,28,15
2023-06-29,1034,133,78,55,40,55,15
2023-06-30,1034,127,76,54,37,51,17
2023-07-01,1034,132,71,70,38,61,32
2023-07-02,1034,105,72,51,40,33,11
2023-07-03,1034,113,71,77,46,42,31
2023-07-04,1034,116,72,88,35,44,53
2023-07-05,1034,133,95,100,44,38,56
2023-07-06,1034,149,96,87,38,53,49
2023-07-07,1034,131,83,95,43,48,52
2023-07-08,1034,141,75,53,38,66,15
2023-07-09,1034,141,70,99,33,71,66
2023-07-10,1034,104,82,96,31,22,65
2023-07-11,1034,101,76,62,44,25,18
2023-07-12,1034,114,75,75,46,39,29
2023-07-13,1034,131,82,68,44,49,24
2023-07-14,1034,128,93,76,39,35,37
2023-07-15,1034,122,78,69,43,44,26
2023-07-16,1034,109,62,81,35,47,46
2023-07-17,1034,124,87,63,39,37,24
2023-07-18,1034,145,77,66,43,68,23
2023-07-19,1034,129,89,69,38,40,31
2023-07-20,1034,122,72,52,45,50,7
2023-07-21,1034,140,77,75,46,63,29
2023-07-22,1034,147,85,99,24,62,75
2023-07-23,1034,101,82,80,35,19,45
2023-07-24,1034,105,75,72,32,30,40
2023-07-25,1034,137,88,73,36,49,37
2023-07-26,1034,124,74,56,42,50,14
2023-07-27,1034,100,77,70,39,23,31
2023-07-28,1034,128,70,92,43,58,49
2023-07-29,1034,134,80,79,34,54,45
2023-07-30,1034,112,86,67,55,26,12
2023-07-31,1034,132,84,88,30,48,58
2023-08-01,1034,138,91,65,37,47,28
2023-08-02,1034,141,91,73,53,50,20
2023-08-03,1034,137,92,96,48,45,48
2023-08-04,1034,148,81,87,42,67,45
2023-08-05,1034,139,80,84,38,59,46
2023-08-06,1034,135,84,64,42,51,22
2023-08-07,1034,114,94,82,40,20,42
2023-08-08,1034,125,77,53,35,48,18
2023-08-09,1034,125,82,82,42,43,40
2023-08-10,1034,144,78,50,43,66,7
2023-08-11,1034,114,71,64,35,43,29
2023-08-12,1034,130,86,74,49,44,25
2023-08-13,1034,109,91,72,41,18,31
2023-08-14,1034,149,77,61,40,72,21
2023-08-15,1034,125,68,90,36,57,54
2023-08-16,1034,123,72,67,47,51,20
2023-08-17,1034,107,73,90,47,34,43
2023-08-18,1034,117,77,80,50,40,30
2023-08-19,1034,105,83,83,39,22,44
2023-08-20,1034,136,90,82,41,46,41
2023-08-21,1034,117,76,86,44,41,42
2023-08-22,1034,115,79,100,37,36,63
2023-08-23,1034,110,84,86,36,26,50
2023-08-24,1034,144,75,79,46,69,33
2023-08-25,1034,121,89,78,40,32,38
2023-08-26,1034,128,84,74,47,44,27
2023-08-27,1034,149,65,92,41,84,51
2023-08-28,1034,150,87,63,43,63,20
2023-08-29,1034,116,90,88,33,26,55
2023-08-30,1034,142,82,83,34,60,49
2023-08-31,1034,108,66,98,41,42,57
2023-09-01,1034,106,75,75,45,31,30
2023-09-02,1034,129,75,80,41,54,39
2023-09-03,1034,102,68,59,41,34,18
2023-09-04,1034,123,83,61,40,40,21
2023-09-05,1034,147,82,97,41,65,56
2023-09-06,1034,141,86,92,41,55,51
2023-09-07,1034,137,84,60,39,53,21
2023-09-08,1034,115,70,59,46,45,13
2023-09-09,1034,116,94,63,40,22,23
2023-09-10,1034,122,83,68,43,39,25
2023-09-11,1034,106,77,68,39,29,29
2023-09-12,1034,112,69,68,41,43,27
2023-09-13,1034,120,75,62,38,45,24
2023-09-14,1034,106,64,73,45,42,28
2023-09-15,1034,140,85,91,41,55,50
2023-09-16,1034,118,86,98,45,32,53
2023-09-17,1034,137,85,83,41,52,42
2023-09-18,1034,109,83,78,37,26,41
2023-09-19,1034,129,82,61,33,47,28
2023-09-20,1034,133,87,99,42,46,57
2023-09-21,1034,127,87,69,40,40,29
2023-09-22,1034,103,75,69,34,28,35
2023-09-23,1034,118,67,97,40,51,57
2023-09-24,1034,146,67,55,43,79,12
2023-09-25,1034,127,77,54,30,50,24
2023-09-26,1034,127,96,50,41,31,9
2023-09-27,1034,121,68,58,47,53,11
2023-09-28,1034,113,71,83,41,42,42
2023-09-29,1034,107,92,53,40,15,13
2023-09-30,1034,136,68,81,37,68,44
2023-10-01,1034,133,71,74,32,62,42
2023-10-02,1034,139,98,63,33,41,30
2023-10-03,1034,149,85,59,56,64,3
2023-10-04,1034,102,90,86,48,12,38
2023-10-05,1034,124,87,86,39,37,47
2023-10-06,1034,119,90,69,40,29,29
2023-10-07,1034,126,88,93,30,38,63
2023-10-08,1034,102,75,68,43,27,25
2023-10-09,1034,114,97,100,36,17,64
2023-10-10,1034,132,75,95,32,57,63
2023-10-11,1034,147,75,75,30,72,45
2023-10-12,1034,106,80,53,27,26,26
2023-10-13,1034,142,83,71,46,59,25
2023-10-14,1034,104,63,85,38,41,47
2023-10-15,1034,113,77,61,53,36,8
2023-10-16,1034,125,82,80,32,43,48
2023-10-17,1034,144,78,84,35,66,49
2023-10-18,1034,103,75,76,49,28,27
2023-10-19,1034,147,87,94,46,60,48
2023-10-20,1034,114,73,90,40,41,50
2023-10-21,1034,101,73,92,39,28,53
2023-10-22,1034,136,81,76,32,55,44
2023-10-23,1034,144,73,96,41,71,55
2023-10-24,1034,145,79,76,32,66,44
2023-10-25,1034,100,83,75,41,17,34
2023-10-26,1034,127,87,87,39,40,48
2023-10-27,1034,121,90,65,41,31,24
2023-10-28,1034,135,64,67,32,71,35
2023-10-29,1034,149,78,59,48,71,11
2023-10-30,1034,109,69,58,45,40,13
2023-10-31,1034,113,64,86,39,49,47
2023-11-01,1034,116,64,54,40,52,14
2023-11-02,1034,127,76,67,37,51,30
2023-11-03,1034,121,95,91,34,26,57
2023-11-04,1034,107,71,80,44,36,36
2023-11-05,1034,115,78,69,33,37,36
2023-11-06,1034,130,80,83,52,50,31
2023-11-07,1034,108,84,75,44,24,31
2023-11-08,1034,110,84,89,39,26,50
2023-11-09,1034,104,102,72,46,2,26
2023-11-10,1034,107,84,83,48,23,35
2023-11-11,1034,140,77,67,40,63,27
2023-11-12,1034,144,73,83,32,71,51
2023-11-13,1034,149,70,92,25,79,67
2023-11-14,1034,109,90,82,38,19,44
2023-11-15,1034,124,93,94,48,31,46
2023-11-16,1034,144,74,50,39,70,11
2023-11-17,1034,105,77,51,48,28,3
2023-11-18,1034,111,84,74,38,27,36
2023-11-19,1034,149,86,83,43,63,40
2023-11-20,1034,145,88,87,35,57,52
2023-11-21,1034,137,87,52,41,50,11
2023-11-22,1034,122,95,61,43,27,18
2023-11-23,1034,141,78,91,40,63,51
2023-11-24,1034,138,74,92,48,64,44
2023-11-25,1034,122,76,57,35,46,22
2023-11-26,1034,109,74,95,40,35,55
2023-11-27,1034,145,65,60,37,80,23
2023-11-28,1034,127,63,66,39,64,27
2023-11-29,1034,118,68,60,46,50,14
2023-11-30,1034,100,94,64,32,6,32
2023-12-01,1034,145,77,50,45,68,5
2023-12-02,1034,148,80,97,44,68,53
2023-12-03,1034,108,78,81,45,30,36
2023-12-04,1034,128,84,87,45,44,42
2023-12-05,1034,107,71,98,33,36,65
2023-12-06,1034,120,95,55,32,25,23
2023-12-07,1034,108,73,91,35,35,56
2023-12-08,1034,138,79,93,29,59,64
2023-12-09,1034,144,85,92,33,59,59
2023-12-10,1034,134,89,55,52,45,3
2023-12-11,1034,113,83,79,51,30,28
2023-12-12,1034,119,72,75,38,47,37
2023-12-13,1034,135,90,52,39,45,13
2023-12-14,1034,127,72,83,35,55,48
2023-12-15,1034,129,72,96,37,57,59
2023-12-16,1034,130,70,66,42,60,24
2023-12-17,1034,110,69,80,61,41,19
2023-12-18,1034,146,71,67,45,75,22
2023-12-19,1034,108,75,59,42,33,17
2023-12-20,1034,101,89,53,43,12,10
2023-12-21,1034,128,79,88,40,49,48
2023-12-22,1034,142,66,59,39,76,20
2023-12-23,1034,116,73,68,38,43,30
2023-12-24,1034,135,89,90,36,46,54
2023-12-25,1034,150,68,92,34,82,58
2023-12-26,1034,102,82,85,37,20,48
2023-12-27,1034,126,81,91,39,45,52
2023-12-28,1034,108,85,82,46,23,36
2023-12-29,1034,104,65,77,35,39,42
2023-12-30,1034,100,71,56,40,29,16
2023-12-31,1034,114,72,63,36,42,27
2023-01-01,1035,138,59,79,56,79,23
2023-01-02,1035,141,76,55,40,65,15
2023-01-03,1035,114,82,91,42,32,49
2023-01-04,1035,131,65,74,37,66,37
2023-01-05,1035,125,76,50,45,49,5
2023-01-06,1035,125,84,86,38,41,48
2023-01-07,1035,133,72,83,27,61,56
2023-01-08,1035,119,81,97,45,38,52
2023-01-09,1035,100,89,52,38,11,14
2023-01-10,1035,115,93,83,53,22,30
2023-01-11,1035,138,87,79,43,51,36
2023-01-12,1035,101,73,77,43,28,34
2023-01-13,1035,111,58,81,34,53,47
2023-01-14,1035,132,55,61,35,77,26
2023-01-15,1035,111,84,50,38,27,12
2023-01-16,1035,150,84,50,52,66,-2
2023-01-17,1035,119,90,53,48,29,5
2023-01-18,1035,105,85,50,31,20,19
2023-01-19,1035,123,81,86,41,42,45
2023-01-20,1035,126,84,79,42,42,37
2023-01-21,1035,125,75,83,44,50,39
2023-01-22,1035,130,77,83,53,53,30
2023-01-23,1035,143,74,54,41,69,13
2023-01-24,1035,126,69,58,50,57,8
2023-01-25,1035,119,86,53,38,33,15
2023-01-26,1035,139,76,100,41,63,59
2023-01-27,1035,109,75,95,39,34,56
2023-01-28,1035,118,74,97,44,44,53
2023-01-29,1035,134,76,99,26,58,73
2023-01-30,1035,131,87,77,38,44,39
2023-01-31,1035,149,96,84,40,53,44
2023-02-01,1035,132,67,61,42,65,19
2023-02-02,1035,123,77,71,43,46,28
2023-02-03,1035,142,84,90,42,58,48
2023-02-04,1035,121,80,80,43,41,37
2023-02-05,1035,107,76,77,35,31,42
2023-02-06,1035,102,95,92,37,7,55
2023-02-07,1035,134,93,99,38,41,61
2023-02-08,1035,100,85,87,38,15,49
2023-02-09,1035,122,92,58,50,30,8
2023-02-10,1035,122,85,61,33,37,28
2023-02-11,1035,118,81,74,43,37,31
2023-02-12,1035,141,75,69,32,66,37
2023-02-13,1035,107,98,64,37,9,27
2023-02-14,1035,128,69,71,43,59,28
2023-02-15,1035,147,85,52,38,62,14
2023-02-16,1035,106,66,66,40,40,26
2023-02-17,1035,110,89,73,43,21,30
2023-02-18,1035,112,92,71,47,20,24
2023-02-19,1035,115,68,80,49,47,31
2023-02-20,1035,129,85,81,42,44,39
2023-02-21,1035,129,87,79,45,42,34
2023-02-22,1035,148,86,93,41,62,52
2023-02-23,1035,100,90,65,39,10,26
2023-02-24,1035,139,75,51,41,64,10
2023-02-25,1035,103,64,73,35,39,38
2023-02-26,1035,106,83,73,40,23,33
2023-02-27,1035,139,65,68,29,74,39
2023-02-28,1035,123,86,94,46,37,48
2023-03-01,1035,138,85,79,40,53,39
2023-03-02,1035,146,84,95,38,62,57
2023-03-03,1035,110,79,65,42,31,23
2023-03-04,1035,124,100,50,29,24,21
2023-03-05,1035,111,80,57,42,31,15
2023-03-06,1035,117,84,77,45,33,32
2023-03-07,1035,122,83,78,38,39,40
2023-03-08,1035,111,73,88,39,38,49
2023-03-09,1035,111,83,50,37,28,13
2023-03-10,1035,125,70,94,34,55,60
2023-03-11,1035,146,75,81,39,71,42
2023-03-12,1035,120,83,51,36,37,15
2023-03-13,1035,104,81,54,44,23,10
2023-03-14,1035,100,77,69,43,23,26
2023-03-15,1035,109,67,61,46,42,15
2023-03-16,1035,126,76,63,46,50,17
2023-03-17,1035,125,78,96,40,47,56
2023-03-18,1035,114,90,74,32,24,42
2023-03-19,1035,132,81,67,38,51,29
2023-03-20,1035,148,75,100,36,73,64
2023-03-21,1035,144,80,90,35,64,55
2023-03-22,1035,146,81,92,39,65,53
2023-03-23,1035,106,89,56,29,17,27
2023-03-24,1035,142,71,73,37,71,36
2023-03-25,1035,118,83,81,36,35,45
2023-03-26,1035,122,62,84,38,60,46
2023-03-27,1035,136,62,85,44,74,41
2023-03-28,1035,150,76,97,42,74,55
2023-03-29,1035,137,69,59,33,68,26
2023-03-30,1035,145,87,74,40,58,34
2023-03-31,1035,130,101,95,46,29,49
2023-04-01,1035,112,84,88,36,28,52
2023-04-02,1035,130,86,97,46,44,51
2023-04-03,1035,112,71,77,31,41,46
2023-04-04,1035,142,100,73,43,42,30
2023-04-05,1035,121,76,60,37,45,23
2023-04-06,1035,143,72,98,34,71,64
2023-04-07,1035,146,73,75,47,73,28
2023-04-08,1035,103,81,63,37,22,26
2023-04-09,1035,120,88,92,37,32,55
2023-04-10,1035,120,76,91,42,44,49
2023-04-11,1035,106,74,59,48,32,11
2023-04-12,1035,105,83,79,41,22,38
2023-04-13,1035,110,81,84,46,29,38
2023-04-14,1035,149,82,56,42,67,14
2023-04-15,1035,125,75,76,41,50,35
2023-04-16,1035,112,82,92,49,30,43
2023-04-17,1035,105,93,66,44,12,22
2023-04-18,1035,114,78,78,35,36,43
2023-04-19,1035,146,91,79,42,55,37
2023-04-20,1035,137,77,99,37,60,62
2023-04-21,1035,108,85,52,47,23,5
2023-04-22,1035,119,70,64,50,49,14
2023-04-23,1035,100,101,92,47,-1,45
2023-04-24,1035,100,75,80,39,25,41
2023-04-25,1035,121,96,65,49,25,16
2023-04-26,1035,120,92,80,39,28,41
2023-04-27,1035,134,81,84,51,53,33
2023-04-28,1035,108,90,54,43,18,11
2023-04-29,1035,115,71,56,52,44,4
2023-04-30,1035,145,87,77,35,58,42
2023-05-01,1035,133,80,89,43,53,46
2023-05-02,1035,128,78,83,38,50,45
2023-05-03,1035,136,84,71,40,52,31
2023-05-04,1035,125,80,88,25,45,63
2023-05-05,1035,108,72,98,48,36,50
2023-05-06,1035,127,77,73,43,50,30
2023-05-07,1035,116,75,76,43,41,33
2023-05-08,1035,108,59,80,48,49,32
2023-05-09,1035,117,76,84,55,41,29
2023-05-10,1035,108,85,83,45,23,38
2023-05-11,1035,129,70,74,44,59,30
2023-05-12,1035,115,89,95,51,26,44
2023-05-13,1035,107,71,75,39,36,36
2023-05-14,1035,136,83,83,43,53,40
2023-05-15,1035,132,77,80,31,55,49
2023-05-16,1035,140,68,70,42,72,28
2023-05-17,1035,109,79,85,39,30,46
2023-05-18,1035,110,74,92,45,36,47
2023-05-19,1035,138,70,51,41,68,10
2023-05-20,1035,125,93,53,51,32,2
2023-05-21,1035,129,81,65,47,48,18
2023-05-22,1035,135,91,95,36,44,59
2023-05-23,1035,147,98,93,44,49,49
2023-05-24,1035,105,84,63,32,21,31
2023-05-25,1035,107,83,99,40,24,59
2023-05-26,1035,122,87,87,44,35,43
2023-05-27,1035,105,85,56,39,20,17
2023-05-28,1035,140,87,57,41,53,16
2023-05-29,1035,101,81,50,37,20,13
2023-05-30,1035,113,100,77,30,13,47
2023-05-31,1035,114,68,86,40,46,46
2023-06-01,1035,126,82,65,50,44,15
2023-06-02,1035,109,94,100,42,15,58
2023-06-03,1035,122,71,60,52,51,8
2023-06-04,1035,110,68,51,47,42,4
2023-06-05,1035,123,88,67,49,35,18
2023-06-06,1035,123,78,59,35,45,24
2023-06-07,1035,146,77,67,34,69,33
2023-06-08,1035,137,84,52,33,53,19
2023-06-09,1035,117,73,97,51,44,46
2023-06-10,1035,116,73,73,30,43,43
2023-06-11,1035,139,73,93,38,66,55
2023-06-12,1035,140,76,84,45,64,39
2023-06-13,1035,139,70,61,38,69,23
2023-06-14,1035,107,82,77,33,25,44
2023-06-15,1035,100,66,57,45,34,12
2023-06-16,1035,104,72,97,37,32,60
2023-06-17,1035,137,89,74,45,48,29
2023-06-18,1035,133,85,72,34,48,38
2023-06-19,1035,122,92,90,29,30,61
2023-06-20,1035,112,83,69,42,29,27
2023-06-21,1035,135,77,83,42,58,41
2023-06-22,1035,139,79,56,28,60,28
2023-06-23,1035,107,72,100,36,35,64
2023-06-24,1035,115,82,67,33,33,34
2023-06-25,1035,104,78,87,45,26,42
2023-06-26,1035,111,81,87,44,30,43
2023-06-27,1035,101,76,77,35,25,42
2023-06-28,1035,149,72,50,43,77,7
2023-06-29,1035,115,90,85,36,25,49
2023-06-30,1035,120,88,82,33,32,49
2023-07-01,1035,128,73,87,37,55,50
2023-07-02,1035,102,77,74,39,25,35
2023-07-03,1035,137,68,62,39,69,23
2023-07-04,1035,116,92,76,51,24,25
2023-07-05,1035,113,77,75,44,36,31
2023-07-06,1035,143,76,80,49,67,31
2023-07-07,1035,131,97,84,43,34,41
2023-07-08,1035,113,81,72,39,32,33
2023-07-09,1035,127,84,94,38,43,56
2023-07-10,1035,102,85,66,45,17,21
2023-07-11,1035,114,63,57,36,51,21
2023-07-12,1035,125,72,73,51,53,22
2023-07-13,1035,115,73,84,49,42,35
2023-07-14,1035,126,63,71,47,63,24
2023-07-15,1035,140,86,99,37,54,62
2023-07-16,1035,112,94,80,38,18,42
2023-07-17,1035,103,71,94,40,32,54
2023-07-18,1035,114,76,93,44,38,49
2023-07-19,1035,136,81,68,33,55,35
2023-07-20,1035,133,74,62,50,59,12
2023-07-21,1035,147,68,58,40,79,18
2023-07-22,1035,119,78,84,46,41,38
2023-07-23,1035,125,72,68,34,53,34
2023-07-24,1035,124,84,81,47,40,34
2023-07-25,1035,132,70,67,42,62,25
2023-07-26,1035,119,66,83,33,53,50
2023-07-27,1035,129,60,70,46,69,24
2023-07-28,1035,103,75,75,42,28,33
2023-07-29,1035,103,78,56,45,25,11
2023-07-30,1035,112,98,63,45,14,18
2023-07-31,1035,116,97,72,41,19,31
2023-08-01,1035,112,90,95,40,22,55
2023-08-02,1035,124,78,66,42,46,24
2023-08-03,1035,105,61,87,54,44,33
2023-08-04,1035,123,74,88,44,49,44
2023-08-05,1035,149,77,94,42,72,52
2023-08-06,1035,113,70,59,37,43,22
2023-08-07,1035,133,81,62,29,52,33
2023-08-08,1035,116,71,50,36,45,14
2023-08-09,1035,118,70,83,30,48,53
2023-08-10,1035,140,87,85,35,53,50
2023-08-11,1035,105,83,87,38,22,49
2023-08-12,1035,116,78,72,29,38,43
2023-08-13,1035,147,78,82,52,69,30
2023-08-14,1035,133,73,62,44,60,18
2023-08-15,1035,126,80,51,41,46,10
2023-08-16,1035,118,69,86,38,49,48
2023-08-17,1035,149,75,98,43,74,55
2023-08-18,1035,123,75,90,39,48,51
2023-08-19,1035,133,65,92,36,68,56
2023-08-20,1035,134,83,86,39,51,47
2023-08-21,1035,149,75,74,32,74,42
2023-08-22,1035,104,78,50,47,26,3
2023-08-23,1035,141,71,57,46,70,11
2023-08-24,1035,112,81,53,41,31,12
2023-08-25,1035,121,72,95,48,49,47
2023-08-26,1035,148,76,100,49,72,51
2023-08-27,1035,148,71,71,44,77,27
2023-08-28,1035,141,81,81,41,60,40
2023-08-29,1035,144,79,73,44,65,29
2023-08-30,1035,119,70,82,41,49,41
2023-08-31,1035,118,91,67,35,27,32
2023-09-01,1035,117,85,81,36,32,45
2023-09-02,1035,119,92,85,50,27,35
2023-09-03,1035,133,88,66,42,45,24
2023-09-04,1035,118,91,58,34,27,24
2023-09-05,1035,148,73,60,52,75,8
2023-09-06,1035,140,85,54,46,55,8
2023-09-07,1035,132,80,100,47,52,53
2023-09-08,1035,116,55,61,37,61,24
2023-09-09,1035,150,98,83,40,52,43
2023-09-10,1035,148,76,79,37,72,42
2023-09-11,1035,140,66,63,39,74,24
2023-09-12,1035,108,89,80,39,19,41
2023-09-13,1035,103,77,59,41,26,18
2023-09-14,1035,136,67,54,36,69,18
2023-09-15,1035,142,79,87,38,63,49
2023-09-16,1035,128,64,96,40,64,56
2023-09-17,1035,118,90,73,43,28,30
2023-09-18,1035,124,81,94,38,43,56
2023-09-19,1035,107,71,74,42,36,32
2023-09-20,1035,110,79,61,42,31,19
2023-09-21,1035,134,67,68,49,67,19
2023-09-22,1035,140,62,90,43,78,47
2023-09-23,1035,124,88,53,36,36,17
2023-09-24,1035,127,83,81,32,44,49
2023-09-25,1035,127,81,89,45,46,44
2023-09-26,1035,142,86,65,24,56,41
2023-09-27,1035,125,73,96,42,52,54
2023-09-28,1035,116,77,55,53,39,2
2023-09-29,1035,148,85,52,35,63,17
2023-09-30,1035,125,74,71,32,51,39
2023-10-01,1035,119,78,55,35,41,20
2023-10-02,1035,118,92,67,35,26,32
2023-10-03,1035,143,91,81,27,52,54
2023-10-04,1035,136,78,73,31,58,42
2023-10-05,1035,137,64,80,45,73,35
2023-10-06,1035,141,86,94,41,55,53
2023-10-07,1035,141,82,56,38,59,18
2023-10-08,1035,108,78,67,42,30,25
2023-10-09,1035,100,75,99,38,25,61
2023-10-10,1035,115,87,87,31,28,56
2023-10-11,1035,127,79,92,40,48,52
2023-10-12,1035,140,86,77,45,54,32
2023-10-13,1035,120,84,70,30,36,40
2023-10-14,1035,121,91,93,30,30,63
2023-10-15,1035,119,72,66,42,47,24
2023-10-16,1035,147,63,96,35,84,61
2023-10-17,1035,147,82,52,27,65,25
2023-10-18,1035,133,82,95,36,51,59
2023-10-19,1035,147,89,75,44,58,31
2023-10-20,1035,101,80,71,42,21,29
2023-10-21,1035,111,80,61,45,31,16
2023-10-22,1035,100,91,99,32,9,67
2023-10-23,1035,121,80,71,38,41,33
2023-10-24,1035,116,73,53,34,43,19
2023-10-25,1035,136,81,67,25,55,42
2023-10-26,1035,120,76,64,53,44,11
2023-10-27,1035,138,81,51,41,57,10
2023-10-28,1035,119,74,80,46,45,34
2023-10-29,1035,150,86,61,41,64,20
2023-10-30,1035,111,79,91,38,32,53
2023-10-31,1035,105,79,60,42,26,18
2023-11-01,1035,143,101,63,32,42,31
2023-11-02,1035,139,75,56,38,64,18
2023-11-03,1035,142,74,69,44,68,25
2023-11-04,1035,132,77,76,38,55,38
2023-11-05,1035,107,59,51,50,48,1
2023-11-06,1035,141,81,68,33,60,35
2023-11-07,1035,118,86,57,38,32,19
2023-11-08,1035,114,84,74,27,30,47
2023-11-09,1035,125,87,80,36,38,44
2023-11-10,1035,125,78,97,46,47,51
2023-11-11,1035,139,68,84,34,71,50
2023-11-12,1035,135,80,50,44,55,6
2023-11-13,1035,112,75,82,46,37,36
2023-11-14,1035,123,77,52,39,46,13
2023-11-15,1035,136,70,96,39,66,57
2023-11-16,1035,137,78,65,31,59,34
2023-11-17,1035,124,74,51,44,50,7
2023-11-18,1035,100,80,99,35,20,64
2023-11-19,1035,115,89,92,48,26,44
2023-11-20,1035,113,75,56,37,38,19
2023-11-21,1035,130,91,76,34,39,42
2023-11-22,1035,110,71,77,48,39,29
2023-11-23,1035,139,84,95,35,55,60
2023-11-24,1035,138,85,59,34,53,25
2023-11-25,1035,113,62,90,35,51,55
2023-11-26,1035,127,87,69,33,40,36
2023-11-27,1035,121,83,70,44,38,26
2023-11-28,1035,110,84,85,46,26,39
2023-11-29,1035,127,83,99,40,44,59
2023-11-30,1035,143,65,85,37,78,48
2023-12-01,1035,132,73,95,33,59,62
2023-12-02,1035,109,67,100,40,42,60
2023-12-03,1035,148,71,63,33,77,30
2023-12-04,1035,131,85,79,32,46,47
2023-12-05,1035,135,82,91,39,53,52
2023-12-06,1035,116,76,51,41,40,10
2023-12-07,1035,112,93,84,36,19,48
2023-12-08,1035,148,79,60,41,69,19
2023-12-09,1035,100,87,85,50,13,35
2023-12-10,1035,113,78,74,38,35,36
2023-12-11,1035,147,80,68,33,67,35
2023-12-12,1035,125,74,78,57,51,21
2023-12-13,1035,106,77,51,43,29,8
2023-12-14,1035,121,75,100,36,46,64
2023-12-15,1035,137,94,51,40,43,11
2023-12-16,1035,100,81,72,34,19,38
2023-12-17,1035,129,65,71,36,64,35
2023-12-18,1035,102,86,56,43,16,13
2023-12-19,1035,124,73,96,34,51,62
2023-12-20,1035,137,86,51,43,51,8
2023-12-21,1035,102,74,52,36,28,16
2023-12-22,1035,113,77,97,38,36,59
2023-12-23,1035,119,84,76,27,35,49
2023-12-24,1035,111,78,69,65,33,4
2023-12-25,1035,101,85,53,28,16,25
2023-12-26,1035,108,75,76,48,33,28
2023-12-27,1035,138,76,95,44,62,51
2023-12-28,1035,134,82,69,34,52,35
2023-12-29,1035,124,80,52,34,44,18
2023-12-30,1035,121,71,61,43,50,18
2023-12-31,1035,112,92,62,34,20,28
2023-01-01,1036,135,87,62,42,48,20
2023-01-02,1036,110,71,50,47,39,3
2023-01-03,1036,111,63,69,30,48,39
2023-01-04,1036,142,85,98,47,57,51
2023-01-05,1036,131,87,95,29,44,66
2023-01-06,1036,135,74,85,40,61,45
2023-01-07,1036,122,82,78,28,40,50
2023-01-08,1036,107,91,51,29,16,22
2023-01-09,1036,111,105,93,35,6,58
2023-01-10,1036,132,90,97,35,42,62
2023-01-11,1036,138,70,51,41,68,10
2023-01-12,1036,121,83,96,30,38,66
2023-01-13,1036,106,76,89,40,30,49
2023-01-14,1036,105,71,62,39,34,23
2023-01-15,1036,139,81,97,30,58,67
2023-01-16,1036,148,102,74,50,46,24
2023-01-17,1036,150,81,74,36,69,38
2023-01-18,1036,115,72,97,30,43,67
2023-01-19,1036,130,81,53,39,49,14
2023-01-20,1036,116,69,78,46,47,32
2023-01-21,1036,102,65,75,29,37,46
2023-01-22,1036,138,76,93,44,62,49
2023-01-23,1036,125,74,63,36,51,27
2023-01-24,1036,134,81,57,44,53,13
2023-01-25,1036,116,67,56,38,49,18
2023-01-26,1036,138,91,54,40,47,14
2023-01-27,1036,130,76,50,27,54,23
2023-01-28,1036,144,90,51,36,54,15
2023-01-29,1036,142,82,58,43,60,15
2023-01-30,1036,105,72,96,35,33,61
2023-01-31,1036,123,94,64,36,29,28
2023-02-01,1036,106,90,97,34,16,63
2023-02-02,1036,116,83,51,39,33,12
2023-02-03,1036,141,66,93,42,75,51
2023-02-04,1036,142,74,79,43,68,36
2023-02-05,1036,147,75,98,41,72,57
2023-02-06,1036,104,98,96,43,6,53
2023-02-07,1036,114,81,71,42,33,29
2023-02-08,1036,146,98,69,40,48,29
2023-02-09,1036,116,78,59,35,38,24
2023-02-10,1036,149,84,91,37,65,54
2023-02-11,1036,123,95,83,38,28,45
2023-02-12,1036,106,70,99,38,36,61
2023-02-13,1036,126,93,96,42,33,54
2023-02-14,1036,129,67,84,39,62,45
2023-02-15,1036,128,79,54,35,49,19
2023-02-16,1036,139,80,88,39,59,49
2023-02-17,1036,125,81,97,46,44,51
2023-02-18,1036,109,76,65,41,33,24
2023-02-19,1036,121,76,91,40,45,51
2023-02-20,1036,137,68,90,39,69,51
2023-02-21,1036,147,69,99,42,78,57
2023-02-22,1036,120,82,73,46,38,27
2023-02-23,1036,106,75,81,39,31,42
2023-02-24,1036,116,91,77,45,25,32
2023-02-25,1036,132,87,53,27,45,26
2023-02-26,1036,123,90,90,45,33,45
2023-02-27,1036,101,69,95,25,32,70
2023-02-28,1036,147,84,68,34,63,34
2023-03-01,1036,147,63,65,33,84,32
2023-03-02,1036,123,78,66,36,45,30
2023-03-03,1036,108,76,65,35,32,30
2023-03-04,1036,104,86,66,46,18,20
2023-03-05,1036,136,69,88,38,67,50
2023-03-06,1036,149,80,57,37,69,20
2023-03-07,1036,148,79,57,38,69,19
2023-03-08,1036,138,98,58,36,40,22
2023-03-09,1036,108,94,85,37,14,48
2023-03-10,1036,110,92,83,33,18,50
2023-03-11,1036,115,79,63,22,36,41
2023-03-12,1036,125,77,97,44,48,53
2023-03-13,1036,149,73,55,33,76,22
2023-03-14,1036,126,66,62,40,60,22
2023-03-15,1036,110,86,50,40,24,10
2023-03-16,1036,115,94,86,39,21,47
2023-03-17,1036,146,72,57,47,74,10
2023-03-18,1036,100,73,85,45,27,40
2023-03-19,1036,129,87,80,31,42,49
2023-03-20,1036,115,75,85,26,40,59
2023-03-21,1036,112,85,62,31,27,31
2023-03-22,1036,114,78,86,31,36,55
2023-03-23,1036,101,89,89,48,12,41
2023-03-24,1036,138,94,60,38,44,22
2023-03-25,1036,101,68,74,44,33,30
2023-03-26,1036,103,72,56,45,31,11
2023-03-27,1036,121,65,75,44,56,31
2023-03-28,1036,115,88,86,36,27,50
2023-03-29,1036,135,83,93,49,52,44
2023-03-30,1036,113,79,57,41,34,16
2023-03-31,1036,101,78,90,46,23,44
2023-04-01,1036,132,71,69,37,61,32
2023-04-02,1036,116,62,91,47,54,44
2023-04-03,1036,112,85,77,46,27,31
2023-04-04,1036,127,75,80,41,52,39
2023-04-05,1036,128,100,70,45,28,25
2023-04-06,1036,120,94,66,27,26,39
2023-04-07,1036,119,89,82,46,30,36
2023-04-08,1036,147,72,56,34,75,22
2023-04-09,1036,100,80,54,43,20,11
2023-04-10,1036,145,71,51,41,74,10
2023-04-11,1036,103,86,71,36,17,35
2023-04-12,1036,113,69,94,33,44,61
2023-04-13,1036,150,86,63,34,64,29
2023-04-14,1036,106,82,88,27,24,61
2023-04-15,1036,109,71,85,36,38,49
2023-04-16,1036,108,73,90,42,35,48
2023-04-17,1036,100,80,93,52,20,41
2023-04-18,1036,134,90,64,46,44,18
2023-04-19,1036,120,95,58,39,25,19
2023-04-20,1036,118,80,91,31,38,60
2023-04-21,1036,141,96,66,34,45,32
2023-04-22,1036,124,76,85,42,48,43
2023-04-23,1036,146,81,99,40,65,59
2023-04-24,1036,142,68,75,38,74,37
2023-04-25,1036,140,73,55,52,67,3
2023-04-26,1036,115,85,55,38,30,17
2023-04-27,1036,116,88,99,41,28,58
2023-04-28,1036,123,86,84,40,37,44
2023-04-29,1036,127,73,76,51,54,25
2023-04-30,1036,109,67,62,40,42,22
2023-05-01,1036,135,85,85,46,50,39
2023-05-02,1036,138,89,71,50,49,21
2023-05-03,1036,115,88,73,40,27,33
2023-05-04,1036,120,94,66,42,26,24
2023-05-05,1036,150,80,54,43,70,11
2023-05-06,1036,123,87,68,42,36,26
2023-05-07,1036,148,75,61,41,73,20
2023-05-08,1036,150,73,75,40,77,35
2023-05-09,1036,121,73,54,34,48,20
2023-05-10,1036,106,75,90,42,31,48
2023-05-11,1036,133,74,88,34,59,54
2023-05-12,1036,102,73,62,49,29,13
2023-05-13,1036,148,85,91,38,63,53
2023-05-14,1036,102,64,82,28,38,54
2023-05-15,1036,132,73,90,38,59,52
2023-05-16,1036,148,80,57,38,68,19
2023-05-17,1036,111,73,89,43,38,46
2023-05-18,1036,106,78,58,34,28,24
2023-05-19,1036,125,97,85,40,28,45
2023-05-20,1036,115,81,90,33,34,57
2023-05-21,1036,102,69,50,46,33,4
2023-05-22,1036,110,77,64,53,33,11
2023-05-23,1036,112,66,90,40,46,50
2023-05-24,1036,110,74,71,50,36,21
2023-05-25,1036,144,80,67,37,64,30
2023-05-26,1036,142,95,92,49,47,43
2023-05-27,1036,140,74,50,41,66,9
2023-05-28,1036,142,66,64,33,76,31
2023-05-29,1036,143,88,87,46,55,41
2023-05-30,1036,136,85,97,27,51,70
2023-05-31,1036,121,73,71,39,48,32
2023-06-01,1036,102,72,94,45,30,49
2023-06-02,1036,133,85,57,34,48,23
2023-06-03,1036,109,89,65,41,20,24
2023-06-04,1036,100,98,95,41,2,54
2023-06-05,1036,118,77,76,45,41,31
2023-06-06,1036,110,80,53,41,30,12
2023-06-07,1036,137,76,60,35,61,25
2023-06-08,1036,138,66,64,46,72,18
2023-06-09,1036,103,74,78,28,29,50
2023-06-10,1036,136,86,53,46,50,7
2023-06-11,1036,107,77,81,41,30,40
2023-06-12,1036,106,85,61,44,21,17
2023-06-13,1036,128,77,91,39,51,52
2023-06-14,1036,141,77,80,45,64,35
2023-06-15,1036,146,70,84,41,76,43
2023-06-16,1036,143,78,64,33,65,31
2023-06-17,1036,112,76,75,33,36,42
2023-06-18,1036,147,96,81,43,51,38
2023-06-19,1036,115,83,69,40,32,29
2023-06-20,1036,119,91,72,36,28,36
2023-06-21,1036,140,88,91,42,52,49
2023-06-22,1036,138,74,97,42,64,55
2023-06-23,1036,138,77,57,44,61,13
2023-06-24,1036,127,77,80,53,50,27
2023-06-25,1036,115,87,68,36,28,32
2023-06-26,1036,134,83,56,40,51,16
2023-06-27,1036,113,79,91,43,34,48
2023-06-28,1036,121,82,54,39,39,15
2023-06-29,1036,146,83,80,49,63,31
2023-06-30,1036,110,77,85,42,33,43
2023-07-01,1036,123,71,65,43,52,22
2023-07-02,1036,138,96,76,39,42,37
2023-07-03,1036,136,95,97,30,41,67
2023-07-04,1036,117,66,70,46,51,24
2023-07-05,1036,138,81,79,42,57,37
2023-07-06,1036,141,78,60,43,63,17
2023-07-07,1036,150,77,60,39,73,21
2023-07-08,1036,110,78,66,37,32,29
2023-07-09,1036,149,76,75,38,73,37
2023-07-10,1036,127,94,64,38,33,26
2023-07-11,1036,108,83,100,30,25,70
2023-07-12,1036,111,69,51,36,42,15
2023-07-13,1036,116,77,95,35,39,60
2023-07-14,1036,107,88,61,37,19,24
2023-07-15,1036,114,84,72,48,30,24
2023-07-16,1036,126,84,63,35,42,28
2023-07-17,1036,142,74,62,42,68,20
2023-07-18,1036,118,66,73,40,52,33
2023-07-19,1036,127,85,50,46,42,4
2023-07-20,1036,149,78,78,30,71,48
2023-07-21,1036,146,88,51,33,58,18
2023-07-22,1036,100,76,52,41,24,11
2023-07-23,1036,123,80,83,40,43,43
2023-07-24,1036,133,92,74,38,41,36
2023-07-25,1036,119,78,91,31,41,60
2023-07-26,1036,129,65,99,42,64,57
2023-07-27,1036,101,89,70,35,12,35
2023-07-28,1036,139,78,98,30,61,68
2023-07-29,1036,122,65,88,32,57,56
2023-07-30,1036,109,82,95,40,27,55
2023-07-31,1036,123,72,76,43,51,33
2023-08-01,1036,133,81,78,36,52,42
2023-08-02,1036,115,89,85,39,26,46
2023-08-03,1036,123,65,84,34,58,50
2023-08-04,1036,117,84,56,44,33,12
2023-08-05,1036,117,88,98,34,29,64
2023-08-06,1036,129,73,64,44,56,20
2023-08-07,1036,101,78,95,45,23,50
2023-08-08,1036,122,71,52,45,51,7
2023-08-09,1036,149,70,99,38,79,61
2023-08-10,1036,140,80,55,43,60,12
2023-08-11,1036,141,72,53,36,69,17
2023-08-12,1036,119,73,71,35,46,36
2023-08-13,1036,135,85,96,35,50,61
2023-08-14,1036,108,74,95,43,34,52
2023-08-15,1036,117,79,81,38,38,43
2023-08-16,1036,133,81,58,39,52,19
2023-08-17,1036,108,83,79,32,25,47
2023-08-18,1036,144,96,70,42,48,28
2023-08-19,1036,109,93,60,41,16,19
2023-08-20,1036,103,79,95,45,24,50
2023-08-21,1036,129,79,71,32,50,39
2023-08-22,1036,121,72,60,38,49,22
2023-08-23,1036,122,81,51,37,41,14
2023-08-24,1036,141,84,69,42,57,27
2023-08-25,1036,114,73,82,25,41,57
2023-08-26,1036,150,72,61,36,78,25
2023-08-27,1036,100,65,65,39,35,26
2023-08-28,1036,105,79,55,42,26,13
2023-08-29,1036,118,81,97,53,37,44
2023-08-30,1036,148,79,93,61,69,32
2023-08-31,1036,114,88,62,37,26,25
2023-09-01,1036,144,92,82,38,52,44
2023-09-02,1036,140,79,84,43,61,41
2023-09-03,1036,124,81,79,42,43,37
2023-09-04,1036,110,94,67,41,16,26
2023-09-05,1036,127,100,94,34,27,60
2023-09-06,1036,104,79,88,44,25,44
2023-09-07,1036,136,72,96,32,64,64
2023-09-08,1036,138,90,60,38,48,22
2023-09-09,1036,128,76,69,39,52,30
2023-09-10,1036,107,83,51,47,24,4
2023-09-11,1036,133,85,63,40,48,23
2023-09-12,1036,119,80,52,45,39,7
2023-09-13,1036,131,79,77,43,52,34
2023-09-14,1036,107,71,55,43,36,12
2023-09-15,1036,106,73,74,38,33,36
2023-09-16,1036,113,63,80,37,50,43
2023-09-17,1036,125,70,80,40,55,40
2023-09-18,1036,106,77,94,40,29,54
2023-09-19,1036,143,94,50,41,49,9
2023-09-20,1036,107,77,50,47,30,3
2023-09-21,1036,131,70,58,41,61,17
2023-09-22,1036,112,81,51,44,31,7
2023-09-23,1036,113,77,100,38,36,62
2023-09-24,1036,133,87,89,42,46,47
2023-09-25,1036,149,78,72,45,71,27
2023-09-26,1036,120,72,87,31,48,56
2023-09-27,1036,121,79,64,33,42,31
2023-09-28,1036,143,93,78,36,50,42
2023-09-29,1036,106,93,58,44,13,14
2023-09-30,1036,110,99,100,36,11,64
2023-10-01,1036,130,82,63,39,48,24
2023-10-02,1036,102,69,76,39,33,37
2023-10-03,1036,140,90,59,48,50,11
2023-10-04,1036,100,81,78,47,19,31
2023-10-05,1036,119,84,64,32,35,32
2023-10-06,1036,121,85,82,31,36,51
2023-10-07,1036,119,78,73,46,41,27
2023-10-08,1036,102,80,68,39,22,29
2023-10-09,1036,136,79,83,37,57,46
2023-10-10,1036,123,67,78,43,56,35
2023-10-11,1036,120,75,100,42,45,58
2023-10-12,1036,101,74,86,37,27,49
2023-10-13,1036,105,75,93,30,30,63
2023-10-14,1036,138,83,69,31,55,38
2023-10-15,1036,124,83,76,38,41,38
2023-10-16,1036,122,71,75,43,51,32
2023-10-17,1036,125,89,92,43,36,49
2023-10-18,1036,148,96,53,52,52,1
2023-10-19,1036,149,80,95,36,69,59
2023-10-20,1036,105,71,86,44,34,42
2023-10-21,1036,136,83,62,43,53,19
2023-10-22,1036,104,81,95,43,23,52
2023-10-23,1036,123,83,71,37,40,34
2023-10-24,1036,116,90,100,38,26,62
2023-10-25,1036,106,98,85,39,8,46
2023-10-26,1036,115,59,60,36,56,24
2023-10-27,1036,138,61,93,41,77,52
2023-10-28,1036,134,68,68,34,66,34
2023-10-29,1036,105,83,66,39,22,27
2023-10-30,1036,118,83,91,41,35,50
2023-10-31,1036,120,76,97,33,44,64
2023-11-01,1036,137,94,80,36,43,44
2023-11-02,1036,143,78,81,33,65,48
2023-11-03,1036,117,79,66,34,38,32
2023-11-04,1036,130,91,87,30,39,57
2023-11-05,1036,149,74,53,43,75,10
2023-11-06,1036,117,73,87,37,44,50
2023-11-07,1036,129,86,97,43,43,54
2023-11-08,1036,134,69,86,35,65,51
2023-11-09,1036,124,86,91,47,38,44
2023-11-10,1036,118,70,95,25,48,70
2023-11-11,1036,116,79,95,36,37,59
2023-11-12,1036,132,80,60,28,52,32
2023-11-13,1036,102,80,52,41,22,11
2023-11-14,1036,103,84,71,49,19,22
2023-11-15,1036,137,68,86,47,69,39
2023-11-16,1036,114,92,87,34,22,53
2023-11-17,1036,111,87,76,41,24,35
2023-11-18,1036,136,82,75,51,54,24
2023-11-19,1036,133,58,86,35,75,51
2023-11-20,1036,101,93,72,37,8,35
2023-11-21,1036,112,76,84,39,36,45
2023-11-22,1036,142,65,73,49,77,24
2023-11-23,1036,129,85,73,38,44,35
2023-11-24,1036,101,72,84,34,29,50
2023-11-25,1036,119,79,82,40,40,42
2023-11-26,1036,124,88,55,37,36,18
2023-11-27,1036,136,83,56,33,53,23
2023-11-28,1036,131,88,66,31,43,35
2023-11-29,1036,110,67,67,38,43,29
2023-11-30,1036,105,66,80,45,39,35
2023-12-01,1036,102,72,78,36,30,42
2023-12-02,1036,128,65,75,38,63,37
2023-12-03,1036,148,87,79,42,61,37
2023-12-04,1036,131,74,90,38,57,52
2023-12-05,1036,135,82,95,46,53,49
2023-12-06,1036,109,89,51,29,20,22
2023-12-07,1036,116,90,96,45,26,51
2023-12-08,1036,126,74,84,39,52,45
2023-12-09,1036,101,71,96,50,30,46
2023-12-10,1036,101,99,60,50,2,10
2023-12-11,1036,123,87,72,37,36,35
2023-12-12,1036,107,66,62,40,41,22
2023-12-13,1036,125,84,65,45,41,20
2023-12-14,1036,129,92,64,39,37,25
2023-12-15,1036,128,76,69,33,52,36
2023-12-16,1036,107,87,75,36,20,39
2023-12-17,1036,100,63,86,55,37,31
2023-12-18,1036,143,72,81,37,71,44
2023-12-19,1036,134,81,99,33,53,66
2023-12-20,1036,108,87,56,45,21,11
2023-12-21,1036,141,84,82,43,57,39
2023-12-22,1036,126,100,96,38,26,58
2023-12-23,1036,130,73,91,39,57,52
2023-12-24,1036,118,83,80,31,35,49
2023-12-25,1036,133,72,100,25,61,75
2023-12-26,1036,143,78,75,42,65,33
2023-12-27,1036,114,72,78,41,42,37
2023-12-28,1036,133,82,66,44,51,22
2023-12-29,1036,112,81,64,41,31,23
2023-12-30,1036,135,78,66,35,57,31
2023-12-31,1036,142,70,53,48,72,5
2023-01-01,1037,127,74,60,47,53,13
2023-01-02,1037,111,78,67,42,33,25
2023-01-03,1037,110,81,62,36,29,26
2023-01-04,1037,147,81,92,32,66,60
2023-01-05,1037,139,90,94,38,49,56
2023-01-06,1037,104,77,93,46,27,47
2023-01-07,1037,124,70,63,55,54,8
2023-01-08,1037,139,89,52,42,50,10
2023-01-09,1037,118,68,70,44,50,26
2023-01-10,1037,114,96,93,31,18,62
2023-01-11,1037,126,73,61,40,53,21
2023-01-12,1037,117,74,50,37,43,13
2023-01-13,1037,137,92,73,37,45,36
2023-01-14,1037,110,82,90,45,28,45
2023-01-15,1037,102,68,96,41,34,55
2023-01-16,1037,140,96,68,45,44,23
2023-01-17,1037,124,70,100,33,54,67
2023-01-18,1037,116,80,63,34,36,29
2023-01-19,1037,121,68,83,47,53,36
2023-01-20,1037,140,96,58,35,44,23
2023-01-21,1037,107,63,84,40,44,44
2023-01-22,1037,138,81,85,28,57,57
2023-01-23,1037,145,90,100,34,55,66
2023-01-24,1037,108,68,92,40,40,52
2023-01-25,1037,105,84,81,43,21,38
2023-01-26,1037,100,77,66,40,23,26
2023-01-27,1037,108,77,85,49,31,36
2023-01-28,1037,149,66,97,39,83,58
2023-01-29,1037,136,87,65,36,49,29
2023-01-30,1037,136,86,75,43,50,32
2023-01-31,1037,121,81,51,37,40,14
2023-02-01,1037,127,84,82,32,43,50
2023-02-02,1037,142,80,90,44,62,46
2023-02-03,1037,111,78,52,45,33,7
2023-02-04,1037,148,86,63,47,62,16
2023-02-05,1037,107,81,100,44,26,56
2023-02-06,1037,123,82,68,31,41,37
2023-02-07,1037,123,82,81,53,41,28
2023-02-08,1037,123,76,89,47,47,42
2023-02-09,1037,108,73,99,47,35,52
2023-02-10,1037,150,95,55,43,55,12
2023-02-11,1037,100,86,90,38,14,52
2023-02-12,1037,145,82,72,37,63,35
2023-02-13,1037,107,82,99,42,25,57
2023-02-14,1037,119,83,78,38,36,40
2023-02-15,1037,127,83,54,34,44,20
2023-02-16,1037,139,73,87,35,66,52
2023-02-17,1037,101,93,75,45,8,30
2023-02-18,1037,108,71,57,41,37,16
2023-02-19,1037,137,73,51,41,64,10
2023-02-20,1037,116,83,88,43,33,45
2023-02-21,1037,104,70,62,39,34,23
2023-02-22,1037,144,88,99,35,56,64
2023-02-23,1037,114,77,81,39,37,42
2023-02-24,1037,137,88,76,37,49,39
2023-02-25,1037,123,96,77,43,27,34
2023-02-26,1037,111,67,86,42,44,44
2023-02-27,1037,133,82,68,49,51,19
2023-02-28,1037,105,81,93,49,24,44
2023-03-01,1037,128,81,54,37,47,17
2023-03-02,1037,108,74,77,30,34,47
2023-03-03,1037,127,62,72,46,65,26
2023-03-04,1037,118,100,77,46,18,31
2023-03-05,1037,140,91,79,35,49,44
2023-03-06,1037,135,80,79,45,55,34
2023-03-07,1037,139,72,88,47,67,41
2023-03-08,1037,118,84,96,31,34,65
2023-03-09,1037,138,74,75,31,64,44
2023-03-10,1037,130,76,93,41,54,52
2023-03-11,1037,108,92,77,46,16,31
2023-03-12,1037,128,82,79,41,46,38
2023-03-13,1037,119,85,99,42,34,57
2023-03-14,1037,128,94,78,42,34,36
2023-03-15,1037,145,79,58,32,66,26
2023-03-16,1037,108,72,70,32,36,38
2023-03-17,1037,110,83,82,31,27,51
2023-03-18,1037,142,92,51,32,50,19
2023-03-19,1037,138,69,62,29,69,33
2023-03-20,1037,133,76,89,47,57,42
2023-03-21,1037,111,60,78,34,51,44
2023-03-22,1037,146,96,60,26,50,34
2023-03-23,1037,105,75,96,46,30,50
2023-03-24,1037,139,95,88,41,44,47
2023-03-25,1037,103,82,93,30,21,63
2023-03-26,1037,118,85,54,44,33,10
2023-03-27,1037,101,105,54,47,-4,7
2023-03-28,1037,115,75,52,40,40,12
2023-03-29,1037,148,77,66,38,71,28
2023-03-30,1037,128,53,88,43,75,45
2023-03-31,1037,124,71,98,54,53,44
2023-04-01,1037,120,62,93,36,58,57
2023-04-02,1037,133,81,66,47,52,19
2023-04-03,1037,119,77,55,41,42,14
2023-04-04,1037,106,84,55,44,22,11
2023-04-05,1037,108,91,75,36,17,39
2023-04-06,1037,124,72,73,45,52,28
2023-04-07,1037,130,78,53,50,52,3
2023-04-08,1037,118,88,61,33,30,28
2023-04-09,1037,104,93,66,41,11,25
2023-04-10,1037,115,73,59,41,42,18
2023-04-11,1037,148,76,95,42,72,53
2023-04-12,1037,110,95,70,47,15,23
2023-04-13,1037,137,85,59,44,52,15
2023-04-14,1037,112,87,92,31,25,61
2023-04-15,1037,103,78,94,43,25,51
2023-04-16,1037,111,87,59,46,24,13
2023-04-17,1037,128,81,89,32,47,57
2023-04-18,1037,112,71,53,46,41,7
2023-04-19,1037,147,68,96,36,79,60
2023-04-20,1037,119,69,72,38,50,34
2023-04-21,1037,131,79,85,39,52,46
2023-04-22,1037,130,97,95,39,33,56
2023-04-23,1037,143,81,79,29,62,50
2023-04-24,1037,149,85,72,29,64,43
2023-04-25,1037,130,97,52,47,33,5
2023-04-26,1037,140,75,70,40,65,30
2023-04-27,1037,140,69,88,33,71,55
2023-04-28,1037,120,88,86,43,32,43
2023-04-29,1037,133,89,70,50,44,20
2023-04-30,1037,131,91,99,47,40,52
2023-05-01,1037,146,87,97,38,59,59
2023-05-02,1037,121,68,90,24,53,66
2023-05-03,1037,146,95,64,40,51,24
2023-05-04,1037,122,75,65,42,47,23
2023-05-05,1037,128,79,75,44,49,31
2023-05-06,1037,132,88,67,31,44,36
2023-05-07,1037,102,77,50,40,25,10
2023-05-08,1037,133,88,99,42,45,57
2023-05-09,1037,148,91,67,45,57,22
2023-05-10,1037,104,71,94,43,33,51
2023-05-11,1037,139,52,52,42,87,10
2023-05-12,1037,118,80,77,39,38,38
2023-05-13,1037,146,76,88,33,70,55
2023-05-14,1037,115,79,82,45,36,37
2023-05-15,1037,100,77,66,51,23,15
2023-05-16,1037,127,81,93,45,46,48
2023-05-17,1037,126,61,57,30,65,27
2023-05-18,1037,149,54,68,37,95,31
2023-05-19,1037,142,91,76,43,51,33
2023-05-20,1037,140,72,98,40,68,58
2023-05-21,1037,140,79,83,32,61,51
2023-05-22,1037,111,53,70,39,58,31
2023-05-23,1037,108,80,84,33,28,51
2023-05-24,1037,123,85,91,46,38,45
2023-05-25,1037,113,91,93,45,22,48
2023-05-26,1037,107,68,56,45,39,11
2023-05-27,1037,131,57,83,43,74,40
2023-05-28,1037,100,104,65,47,-4,18
2023-05-29,1037,138,75,74,51,63,23
2023-05-30,1037,136,100,97,40,36,57
2023-05-31,1037,115,75,66,50,40,16
2023-06-01,1037,117,93,82,56,24,26
2023-06-02,1037,125,70,56,40,55,16
2023-06-03,1037,102,84,62,34,18,28
2023-06-04,1037,110,80,65,32,30,33
2023-06-05,1037,121,82,77,35,39,42
2023-06-06,1037,111,98,86,39,13,47
2023-06-07,1037,128,64,81,43,64,38
2023-06-08,1037,139,79,97,40,60,57
2023-06-09,1037,129,77,55,51,52,4
2023-06-10,1037,106,78,57,46,28,11
2023-06-11,1037,106,97,95,42,9,53
2023-06-12,1037,102,77,80,36,25,44
2023-06-13,1037,142,77,86,26,65,60
2023-06-14,1037,130,86,88,43,44,45
2023-06-15,1037,117,82,77,39,35,38
2023-06-16,1037,137,75,69,31,62,38
2023-06-17,1037,140,82,75,51,58,24
2023-06-18,1037,140,83,91,38,57,53
2023-06-19,1037,116,94,68,52,22,16
2023-06-20,1037,147,90,68,26,57,42
2023-06-21,1037,110,79,65,45,31,20
2023-06-22,1037,112,81,94,47,31,47
2023-06-23,1037,104,80,100,33,24,67
2023-06-24,1037,132,91,93,39,41,54
2023-06-25,1037,116,92,100,56,24,44
2023-06-26,1037,130,76,55,43,54,12
2023-06-27,1037,125,65,58,42,60,16
2023-06-28,1037,125,105,87,55,20,32
2023-06-29,1037,103,83,54,37,20,17
2023-06-30,1037,137,66,77,39,71,38
2023-07-01,1037,109,76,67,47,33,20
2023-07-02,1037,106,72,77,63,34,14
2023-07-03,1037,123,78,69,33,45,36
2023-07-04,1037,125,82,91,34,43,57
2023-07-05,1037,145,69,81,47,76,34
2023-07-06,1037,144,68,63,43,76,20
2023-07-07,1037,116,82,81,38,34,43
2023-07-08,1037,138,69,84,43,69,41
2023-07-09,1037,126,61,57,42,65,15
2023-07-10,1037,116,74,65,32,42,33
2023-07-11,1037,129,76,91,39,53,52
2023-07-12,1037,138,88,72,41,50,31
2023-07-13,1037,123,70,76,37,53,39
2023-07-14,1037,145,83,59,47,62,12
2023-07-15,1037,119,86,98,43,33,55
2023-07-16,1037,128,53,64,35,75,29
2023-07-17,1037,132,73,87,54,59,33
2023-07-18,1037,101,72,75,31,29,44
2023-07-19,1037,105,77,64,47,28,17
2023-07-20,1037,114,89,88,34,25,54
2023-07-21,1037,118,75,100,42,43,58
2023-07-22,1037,138,88,72,36,50,36
2023-07-23,1037,138,71,54,50,67,4
2023-07-24,1037,147,71,67,35,76,32
2023-07-25,1037,129,79,91,34,50,57
2023-07-26,1037,144,92,70,47,52,23
2023-07-27,1037,124,66,54,38,58,16
2023-07-28,1037,141,87,50,34,54,16
2023-07-29,1037,137,76,83,38,61,45
2023-07-30,1037,113,81,73,39,32,34
2023-07-31,1037,123,78,98,36,45,62
2023-08-01,1037,109,88,58,37,21,21
2023-08-02,1037,106,94,97,35,12,62
2023-08-03,1037,146,75,75,51,71,24
2023-08-04,1037,126,63,80,45,63,35
2023-08-05,1037,119,81,98,40,38,58
2023-08-06,1037,119,83,88,26,36,62
2023-08-07,1037,110,85,57,40,25,17
2023-08-08,1037,149,86,85,46,63,39
2023-08-09,1037,147,76,96,48,71,48
2023-08-10,1037,118,91,68,36,27,32
2023-08-11,1037,143,86,89,37,57,52
2023-08-12,1037,114,79,77,35,35,42
2023-08-13,1037,138,103,68,46,35,22
2023-08-14,1037,129,79,88,42,50,46
2023-08-15,1037,113,86,72,38,27,34
2023-08-16,1037,100,80,62,47,20,15
2023-08-17,1037,120,72,78,42,48,36
2023-08-18,1037,117,70,70,41,47,29
2023-08-19,1037,136,92,75,33,44,42
2023-08-20,1037,128,80,60,31,48,29
2023-08-21,1037,130,71,84,36,59,48
2023-08-22,1037,123,69,69,45,54,24
2023-08-23,1037,141,81,68,47,60,21
2023-08-24,1037,115,74,99,50,41,49
2023-08-25,1037,109,90,89,35,19,54
2023-08-26,1037,146,78,99,41,68,58
2023-08-27,1037,146,76,55,40,70,15
2023-08-28,1037,150,75,80,39,75,41
2023-08-29,1037,131,75,87,33,56,54
2023-08-30,1037,139,74,100,48,65,52
2023-08-31,1037,111,69,65,35,42,30
2023-09-01,1037,125,80,91,44,45,47
2023-09-02,1037,105,78,50,41,27,9
2023-09-03,1037,107,63,72,51,44,21
2023-09-04,1037,128,88,97,44,40,53
2023-09-05,1037,109,92,88,34,17,54
2023-09-06,1037,143,92,72,41,51,31
2023-09-07,1037,126,87,84,35,39,49
2023-09-08,1037,116,82,50,39,34,11
2023-09-09,1037,130,74,68,38,56,30
2023-09-10,1037,140,73,99,38,67,61
2023-09-11,1037,141,88,98,32,53,66
2023-09-12,1037,110,70,67,40,40,27
2023-09-13,1037,106,82,86,37,24,49
2023-09-14,1037,128,77,98,37,51,61
2023-09-15,1037,119,82,69,36,37,33
2023-09-16,1037,137,85,65,39,52,26
2023-09-17,1037,133,76,77,37,57,40
2023-09-18,1037,125,85,56,49,40,7
2023-09-19,1037,103,66,58,38,37,20
2023-09-20,1037,103,71,68,37,32,31
2023-09-21,1037,110,88,68,38,22,30
2023-09-22,1037,104,74,71,34,30,37
2023-09-23,1037,106,82,59,30,24,29
2023-09-24,1037,119,85,99,33,34,66
2023-09-25,1037,136,78,62,35,58,27
2023-09-26,1037,125,108,75,49,17,26
2023-09-27,1037,134,79,99,27,55,72
2023-09-28,1037,140,74,85,40,66,45
2023-09-29,1037,103,81,54,39,22,15
2023-09-30,1037,131,81,95,40,50,55
2023-10-01,1037,102,94,89,43,8,46
2023-10-02,1037,107,82,88,50,25,38
2023-10-03,1037,136,85,53,39,51,14
2023-10-04,1037,138,84,96,31,54,65
2023-10-05,1037,137,88,50,42,49,8
2023-10-06,1037,145,98,50,43,47,7
2023-10-07,1037,108,70,81,27,38,54
2023-10-08,1037,111,90,88,48,21,40
2023-10-09,1037,143,67,71,36,76,35
2023-10-10,1037,128,82,71,36,46,35
2023-10-11,1037,101,71,61,35,30,26
2023-10-12,1037,122,65,95,35,57,60
2023-10-13,1037,149,81,81,42,68,39
2023-10-14,1037,126,76,56,46,50,10
2023-10-15,1037,104,86,67,38,18,29
2023-10-16,1037,142,91,61,53,51,8
2023-10-17,1037,115,83,90,31,32,59
2023-10-18,1037,130,91,99,27,39,72
2023-10-19,1037,138,82,97,41,56,56
2023-10-20,1037,122,90,56,40,32,16
2023-10-21,1037,140,70,56,39,70,17
2023-10-22,1037,117,79,79,39,38,40
2023-10-23,1037,137,91,98,34,46,64
2023-10-24,1037,150,70,76,54,80,22
2023-10-25,1037,129,96,52,45,33,7
2023-10-26,1037,141,77,74,35,64,39
2023-10-27,1037,113,92,73,40,21,33
2023-10-28,1037,119,64,89,43,55,46
2023-10-29,1037,113,93,68,47,20,21
2023-10-30,1037,105,62,70,42,43,28
2023-10-31,1037,122,77,55,36,45,19
2023-11-01,1037,102,77,54,32,25,22
2023-11-02,1037,124,94,82,42,30,40
2023-11-03,1037,105,81,99,41,24,58
2023-11-04,1037,137,83,91,26,54,65
2023-11-05,1037,125,75,97,35,50,62
2023-11-06,1037,146,80,57,35,66,22
2023-11-07,1037,137,70,56,32,67,24
2023-11-08,1037,116,70,66,29,46,37
2023-11-09,1037,102,76,92,47,26,45
2023-11-10,1037,109,77,93,45,32,48
2023-11-11,1037,103,65,77,39,38,38
2023-11-12,1037,119,75,52,37,44,15
2023-11-13,1037,120,75,98,34,45,64
2023-11-14,1037,145,86,62,39,59,23
2023-11-15,1037,142,66,68,45,76,23
2023-11-16,1037,138,81,80,49,57,31
2023-11-17,1037,143,83,50,38,60,12
2023-11-18,1037,125,84,68,38,41,30
2023-11-19,1037,127,76,74,27,51,47
2023-11-20,1037,113,78,87,48,35,39
2023-11-21,1037,119,83,64,34,36,30
2023-11-22,1037,147,76,64,36,71,28
2023-11-23,1037,104,86,84,35,18,49
2023-11-24,1037,107,69,95,29,38,66
2023-11-25,1037,129,83,98,51,46,47
2023-11-26,1037,130,82,96,36,48,60
2023-11-27,1037,142,83,78,40,59,38
2023-11-28,1037,147,91,51,39,56,12
2023-11-29,1037,105,79,96,37,26,59
2023-11-30,1037,130,86,86,38,44,48
2023-12-01,1037,128,78,53,39,50,14
2023-12-02,1037,130,76,54,42,54,12
2023-12-03,1037,136,88,89,45,48,44
2023-12-04,1037,126,83,83,49,43,34
2023-12-05,1037,125,89,79,50,36,29
2023-12-06,1037,124,88,82,52,36,30
2023-12-07,1037,130,90,82,36,40,46
2023-12-08,1037,127,82,96,42,45,54
2023-12-09,1037,143,75,88,41,68,47
2023-12-10,1037,133,77,67,29,56,38
2023-12-11,1037,115,96,63,52,19,11
2023-12-12,1037,143,69,89,34,74,55
2023-12-13,1037,140,92,94,40,48,54
2023-12-14,1037,106,72,72,37,34,35
2023-12-15,1037,127,76,99,41,51,58
2023-12-16,1037,108,93,57,43,15,14
2023-12-17,1037,145,89,70,28,56,42
2023-12-18,1037,145,90,59,41,55,18
2023-12-19,1037,122,86,76,44,36,32
2023-12-20,1037,102,91,95,46,11,49
2023-12-21,1037,112,79,96,27,33,69
2023-12-22,1037,106,81,100,38,25,62
2023-12-23,1037,118,77,58,51,41,7
2023-12-24,1037,121,79,84,38,42,46
2023-12-25,1037,109,78,89,44,31,45
2023-12-26,1037,124,70,83,45,54,38
2023-12-27,1037,142,84,52,47,58,5
2023-12-28,1037,102,77,88,45,25,43
2023-12-29,1037,105,89,82,33,16,49
2023-12-30,1037,125,74,99,37,51,62
2023-12-31,1037,118,81,80,50,37,30
2023-01-01,1038,132,80,81,31,52,50
2023-01-02,1038,139,74,61,40,65,21
2023-01-03,1038,138,93,83,38,45,45
2023-01-04,1038,142,67,54,39,75,15
2023-01-05,1038,126,86,70,35,40,35
2023-01-06,1038,139,83,66,35,56,31
2023-01-07,1038,121,78,69,34,43,35
2023-01-08,1038,150,80,100,42,70,58
2023-01-09,1038,100,91,80,33,9,47
2023-01-10,1038,111,77,92,40,34,52
2023-01-11,1038,126,82,68,33,44,35
2023-01-12,1038,100,78,75,40,22,35
2023-01-13,1038,106,74,54,43,32,11
2023-01-14,1038,100,77,91,44,23,47
2023-01-15,1038,128,59,66,33,69,33
2023-01-16,1038,121,93,55,36,28,19
2023-01-17,1038,150,89,89,39,61,50
2023-01-18,1038,131,102,56,45,29,11
2023-01-19,1038,147,92,80,46,55,34
2023-01-20,1038,144,78,66,39,66,27
2023-01-21,1038,109,66,59,41,43,18
2023-01-22,1038,133,74,85,44,59,41
2023-01-23,1038,150,86,73,42,64,31
2023-01-24,1038,114,76,67,35,38,32
2023-01-25,1038,147,92,80,36,55,44
2023-01-26,1038,141,87,77,37,54,40
2023-01-27,1038,112,69,81,40,43,41
2023-01-28,1038,125,80,74,42,45,32
2023-01-29,1038,123,83,65,36,40,29
2023-01-30,1038,109,78,82,45,31,37
2023-01-31,1038,103,76,90,49,27,41
2023-02-01,1038,115,85,55,37,30,18
2023-02-02,1038,141,97,59,55,44,4
2023-02-03,1038,113,82,67,46,31,21
2023-02-04,1038,107,82,58,26,25,32
2023-02-05,1038,127,70,86,47,57,39
2023-02-06,1038,116,86,58,37,30,21
2023-02-07,1038,108,79,58,37,29,21
2023-02-08,1038,131,72,91,43,59,48
2023-02-09,1038,104,78,97,41,26,56
2023-02-10,1038,123,91,59,47,32,12
2023-02-11,1038,116,84,86,42,32,44
2023-02-12,1038,140,90,52,42,50,10
2023-02-13,1038,147,75,91,32,72,59
2023-02-14,1038,147,88,65,40,59,25
2023-02-15,1038,119,97,55,44,22,11
2023-02-16,1038,141,86,78,34,55,44
2023-02-17,1038,122,101,61,34,21,27
2023-02-18,1038,148,85,70,34,63,36
2023-02-19,1038,122,60,63,40,62,23
2023-02-20,1038,140,77,70,44,63,26
2023-02-21,1038,107,71,83,43,36,40
2023-02-22,1038,117,91,78,42,26,36
2023-02-23,1038,114,77,78,46,37,32
2023-02-24,1038,124,92,95,42,32,53
2023-02-25,1038,149,92,98,36,57,62
2023-02-26,1038,101,94,61,52,7,9
2023-02-27,1038,142,86,92,47,56,45
2023-02-28,1038,125,100,84,34,25,50
2023-03-01,1038,124,99,60,35,25,25
2023-03-02,1038,110,81,87,31,29,56
2023-03-03,1038,130,78,59,45,52,14
2023-03-04,1038,140,77,95,43,63,52
2023-03-05,1038,148,87,71,51,61,20
2023-03-06,1038,140,80,82,38,60,44
2023-03-07,1038,139,82,80,50,57,30
2023-03-08,1038,101,84,59,41,17,18
2023-03-09,1038,101,93,51,47,8,4
2023-03-10,1038,102,101,72,37,1,35
2023-03-11,1038,121,69,67,38,52,29
2023-03-12,1038,134,82,98,42,52,56
2023-03-13,1038,137,70,84,38,67,46
2023-03-14,1038,144,80,85,32,64,53
2023-03-15,1038,106,92,55,37,14,18
2023-03-16,1038,101,86,92,32,15,60
2023-03-17,1038,102,95,77,34,7,43
2023-03-18,1038,147,92,59,42,55,17
2023-03-19,1038,137,81,95,35,56,60
2023-03-20,1038,133,72,60,37,61,23
2023-03-21,1038,126,92,71,41,34,30
2023-03-22,1038,100,73,83,36,27,47
2023-03-23,1038,126,82,62,42,44,20
2023-03-24,1038,101,74,99,48,27,51
2023-03-25,1038,147,81,94,42,66,52
2023-03-26,1038,100,77,88,31,23,57
2023-03-27,1038,104,71,77,53,33,24
2023-03-28,1038,131,79,98,35,52,63
2023-03-29,1038,104,80,66,40,24,26
2023-03-30,1038,142,70,53,30,72,23
2023-03-31,1038,117,87,71,30,30,41
2023-04-01,1038,126,84,92,44,42,48
2023-04-02,1038,115,79,98,54,36,44
2023-04-03,1038,101,92,52,45,9,7
2023-04-04,1038,133,61,52,38,72,14
2023-04-05,1038,140,73,55,37,67,18
2023-04-06,1038,127,79,90,39,48,51
2023-04-07,1038,112,71,87,43,41,44
2023-04-08,1038,103,77,55,40,26,15
2023-04-09,1038,107,104,97,28,3,69
2023-04-10,1038,140,95,100,43,45,57
2023-04-11,1038,146,79,73,42,67,31
2023-04-12,1038,103,91,77,49,12,28
2023-04-13,1038,100,77,59,43,23,16
2023-04-14,1038,117,81,100,37,36,63
2023-04-15,1038,143,71,75,47,72,28
2023-04-16,1038,109,85,54,41,24,13
2023-04-17,1038,145,83,88,38,62,50
2023-04-18,1038,120,66,80,44,54,36
2023-04-19,1038,128,89,54,40,39,14
2023-04-20,1038,118,74,88,37,44,51
2023-04-21,1038,118,77,93,41,41,52
2023-04-22,1038,109,80,64,43,29,21
2023-04-23,1038,136,75,53,43,61,10
2023-04-24,1038,150,80,87,36,70,51
2023-04-25,1038,142,90,89,46,52,43
2023-04-26,1038,139,66,76,37,73,39
2023-04-27,1038,113,88,100,30,25,70
2023-04-28,1038,146,70,96,36,76,60
2023-04-29,1038,124,74,55,44,50,11
2023-04-30,1038,132,87,88,42,45,46
2023-05-01,1038,150,72,83,51,78,32
2023-05-02,1038,127,78,71,41,49,30
2023-05-03,1038,137,78,93,30,59,63
2023-05-04,1038,118,91,65,37,27,28
2023-05-05,1038,114,87,77,34,27,43
2023-05-06,1038,131,80,75,39,51,36
2023-05-07,1038,121,92,55,36,29,19
2023-05-08,1038,149,89,75,43,60,32
2023-05-09,1038,118,99,96,35,19,61
2023-05-10,1038,102,68,60,31,34,29
2023-05-11,1038,145,79,85,48,66,37
2023-05-12,1038,139,85,53,43,54,10
2023-05-13,1038,105,76,91,40,29,51
2023-05-14,1038,100,86,55,50,14,5
2023-05-15,1038,125,75,56,32,50,24
2023-05-16,1038,141,76,89,43,65,46
2023-05-17,1038,121,86,55,49,35,6
2023-05-18,1038,148,85,75,44,63,31
2023-05-19,1038,149,83,90,37,66,53
2023-05-20,1038,117,88,62,43,29,19
2023-05-21,1038,147,71,87,40,76,47
2023-05-22,1038,136,90,87,36,46,51
2023-05-23,1038,119,70,79,25,49,54
2023-05-24,1038,143,87,77,40,56,37
2023-05-25,1038,115,100,87,32,15,55
2023-05-26,1038,128,82,78,32,46,46
2023-05-27,1038,143,82,98,50,61,48
2023-05-28,1038,150,80,100,32,70,68
2023-05-29,1038,133,101,67,35,32,32
2023-05-30,1038,128,86,52,47,42,5
2023-05-31,1038,103,89,66,36,14,30
2023-06-01,1038,107,80,68,33,27,35
2023-06-02,1038,113,79,96,37,34,59
2023-06-03,1038,111,90,78,41,21,37
2023-06-04,1038,108,71,60,40,37,20
2023-06-05,1038,108,69,69,30,39,39
2023-06-06,1038,125,78,81,44,47,37
2023-06-07,1038,124,87,82,43,37,39
2023-06-08,1038,118,69,84,38,49,46
2023-06-09,1038,125,94,82,43,31,39
2023-06-10,1038,103,83,65,44,20,21
2023-06-11,1038,148,77,65,37,71,28
2023-06-12,1038,128,76,94,39,52,55
2023-06-13,1038,123,86,67,32,37,35
2023-06-14,1038,118,85,65,35,33,30
2023-06-15,1038,117,82,60,39,35,21
2023-06-16,1038,129,73,55,56,56,-1
2023-06-17,1038,147,86,88,44,61,44
2023-06-18,1038,102,83,85,45,19,40
2023-06-19,1038,126,80,70,46,46,24
2023-06-20,1038,131,85,53,44,46,9
2023-06-21,1038,135,105,96,49,30,47
2023-06-22,1038,130,80,61,40,50,21
2023-06-23,1038,135,90,99,43,45,56
2023-06-24,1038,115,104,99,35,11,64
2023-06-25,1038,150,78,94,50,72,44
2023-06-26,1038,120,89,85,38,31,47
2023-06-27,1038,104,73,66,48,31,18
2023-06-28,1038,119,70,87,43,49,44
2023-06-29,1038,104,67,60,41,37,19
2023-06-30,1038,120,84,99,46,36,53
2023-07-01,1038,148,83,83,41,65,42
2023-07-02,1038,117,90,76,39,27,37
2023-07-03,1038,107,71,60,56,36,4
2023-07-04,1038,128,84,95,36,44,59
2023-07-05,1038,101,97,95,34,4,61
2023-07-06,1038,106,75,87,33,31,54
2023-07-07,1038,100,84,91,41,16,50
2023-07-08,1038,117,80,64,50,37,14
2023-07-09,1038,106,87,91,32,19,59
2023-07-10,1038,141,72,97,40,69,57
2023-07-11,1038,150,75,89,33,75,56
2023-07-12,1038,131,90,74,40,41,34
2023-07-13,1038,121,96,84,40,25,44
2023-07-14,1038,145,89,51,41,56,10
2023-07-15,1038,101,91,93,41,10,52
2023-07-16,1038,134,63,92,38,71,54
2023-07-17,1038,101,74,73,42,27,31
2023-07-18,1038,116,74,64,43,42,21
2023-07-19,1038,140,86,95,32,54,63
2023-07-20,1038,125,71,97,41,54,56
2023-07-21,1038,119,77,87,45,42,42
2023-07-22,1038,108,97,56,36,11,20
2023-07-23,1038,130,71,82,29,59,53
2023-07-24,1038,143,85,74,38,58,36
2023-07-25,1038,139,84,70,42,55,28
2023-07-26,1038,102,63,96,37,39,59
2023-07-27,1038,108,82,96,31,26,65
2023-07-28,1038,146,79,71,45,67,26
2023-07-29,1038,101,71,68,35,30,33
2023-07-30,1038,117,85,72,47,32,25
2023-07-31,1038,126,95,69,47,31,22
2023-08-01,1038,112,84,59,41,28,18
2023-08-02,1038,117,64,77,38,53,39
2023-08-03,1038,146,90,100,35,56,65
2023-08-04,1038,132,73,51,39,59,12
2023-08-05,1038,150,75,70,40,75,30
2023-08-06,1038,108,81,64,43,27,21
2023-08-07,1038,125,77,55,44,48,11
2023-08-08,1038,100,76,83,46,24,37
2023-08-09,1038,131,85,100,36,46,64
2023-08-10,1038,139,70,95,40,69,55
2023-08-11,1038,109,80,100,37,29,63
2023-08-12,1038,120,72,86,44,48,42
2023-08-13,1038,150,87,92,33,63,59
2023-08-14,1038,101,67,54,46,34,8
2023-08-15,1038,145,67,97,29,78,68
2023-08-16,1038,124,86,64,54,38,10
2023-08-17,1038,138,98,88,40,40,48
2023-08-18,1038,127,79,52,50,48,2
2023-08-19,1038,141,81,60,37,60,23
2023-08-20,1038,113,79,94,43,34,51
2023-08-21,1038,148,84,73,41,64,32
2023-08-22,1038,110,91,81,41,19,40
2023-08-23,1038,132,72,100,31,60,69
2023-08-24,1038,141,69,59,38,72,21
2023-08-25,1038,115,96,96,41,19,55
2023-08-26,1038,118,76,50,41,42,9
2023-08-27,1038,136,104,79,43,32,36
2023-08-28,1038,126,73,63,58,53,5
2023-08-29,1038,143,93,83,26,50,57
2023-08-30,1038,128,75,62,38,53,24
2023-08-31,1038,120,84,78,45,36,33
2023-09-01,1038,124,70,97,39,54,58
2023-09-02,1038,128,90,53,46,38,7
2023-09-03,1038,109,73,100,51,36,49
2023-09-04,1038,114,93,75,35,21,40
2023-09-05,1038,119,64,67,37,55,30
2023-09-06,1038,123,81,72,46,42,26
2023-09-07,1038,150,71,79,33,79,46
2023-09-08,1038,132,73,60,36,59,24
2023-09-09,1038,127,82,97,42,45,55
2023-09-10,1038,145,86,88,46,59,42
2023-09-11,1038,123,71,58,42,52,16
2023-09-12,1038,138,97,92,36,41,56
2023-09-13,1038,111,83,86,47,28,39
2023-09-14,1038,137,86,100,54,51,46
2023-09-15,1038,127,75,54,39,52,15
2023-09-16,1038,131,87,63,48,44,15
2023-09-17,1038,136,77,76,31,59,45
2023-09-18,1038,104,89,56,30,15,26
2023-09-19,1038,124,71,98,38,53,60
2023-09-20,1038,147,70,57,51,77,6
2023-09-21,1038,138,72,55,38,66,17
2023-09-22,1038,101,67,88,46,34,42
2023-09-23,1038,108,77,77,45,31,32
2023-09-24,1038,114,91,88,33,23,55
2023-09-25,1038,112,67,59,34,45,25
2023-09-26,1038,104,82,51,41,22,10
2023-09-27,1038,142,77,71,46,65,25
2023-09-28,1038,146,75,73,27,71,46
2023-09-29,1038,150,87,97,37,63,60
2023-09-30,1038,138,96,77,50,42,27
2023-10-01,1038,102,71,82,42,31,40
2023-10-02,1038,121,77,95,41,44,54
2023-10-03,1038,118,82,91,41,36,50
2023-10-04,1038,108,93,55,46,15,9
2023-10-05,1038,133,87,55,46,46,9
2023-10-06,1038,105,92,65,40,13,25
2023-10-07,1038,146,74,69,39,72,30
2023-10-08,1038,126,71,75,44,55,31
2023-10-09,1038,140,91,53,38,49,15
2023-10-10,1038,102,86,65,40,16,25
2023-10-11,1038,149,95,60,43,54,17
2023-10-12,1038,122,71,79,45,51,34
2023-10-13,1038,119,68,55,48,51,7
2023-10-14,1038,102,83,93,34,19,59
2023-10-15,1038,118,89,68,46,29,22
2023-10-16,1038,121,81,73,44,40,29
2023-10-17,1038,135,88,62,39,47,23
2023-10-18,1038,150,93,89,43,57,46
2023-10-19,1038,134,81,76,49,53,27
2023-10-20,1038,127,90,50,36,37,14
2023-10-21,1038,142,82,73,49,60,24
2023-10-22,1038,101,88,88,34,13,54
2023-10-23,1038,103,83,83,52,20,31
2023-10-24,1038,125,65,63,39,60,24
2023-10-25,1038,128,86,80,39,42,41
2023-10-26,1038,138,81,50,39,57,11
2023-10-27,1038,149,96,82,52,53,30
2023-10-28,1038,101,72,94,37,29,57
2023-10-29,1038,116,84,72,40,32,32
2023-10-30,1038,130,77,58,46,53,12
2023-10-31,1038,126,71,81,40,55,41
2023-11-01,1038,134,74,97,51,60,46
2023-11-02,1038,117,91,87,43,26,44
2023-11-03,1038,136,100,93,50,36,43
2023-11-04,1038,140,79,75,41,61,34
2023-11-05,1038,125,76,86,33,49,53
2023-11-06,1038,147,67,51,42,80,9
2023-11-07,1038,118,83,52,47,35,5
2023-11-08,1038,105,86,58,38,19,20
2023-11-09,1038,108,77,75,39,31,36
2023-11-10,1038,118,73,60,55,45,5
2023-11-11,1038,147,97,71,33,50,38
2023-11-12,1038,105,78,74,44,27,30
2023-11-13,1038,106,73,63,37,33,26
2023-11-14,1038,115,84,64,33,31,31
2023-11-15,1038,117,87,53,28,30,25
2023-11-16,1038,126,82,82,44,44,38
2023-11-17,1038,144,71,72,37,73,35
2023-11-18,1038,101,92,100,41,9,59
2023-11-19,1038,131,81,72,43,50,29
2023-11-20,1038,136,81,78,46,55,32
2023-11-21,1038,111,69,85,43,42,42
2023-11-22,1038,141,83,73,37,58,36
2023-11-23,1038,147,86,58,39,61,19
2023-11-24,1038,125,83,54,46,42,8
2023-11-25,1038,139,69,80,27,70,53
2023-11-26,1038,145,86,68,35,59,33
2023-11-27,1038,142,75,59,35,67,24
2023-11-28,1038,113,86,88,44,27,44
2023-11-29,1038,121,69,72,52,52,20
2023-11-30,1038,111,87,59,27,24,32
2023-12-01,1038,140,77,79,31,63,48
2023-12-02,1038,137,97,84,36,40,48
2023-12-03,1038,134,78,66,40,56,26
2023-12-04,1038,133,64,92,38,69,54
2023-12-05,1038,114,69,93,43,45,50
2023-12-06,1038,124,77,71,52,47,19
2023-12-07,1038,115,67,53,49,48,4
2023-12-08,1038,138,56,85,33,82,52
2023-12-09,1038,128,77,83,33,51,50
2023-12-10,1038,129,92,68,44,37,24
2023-12-11,1038,144,69,56,47,75,9
2023-12-12,1038,148,78,60,32,70,28
2023-12-13,1038,113,91,54,44,22,10
2023-12-14,1038,144,68,59,41,76,18
2023-12-15,1038,106,67,55,56,39,-1
2023-12-16,1038,143,87,79,37,56,42
2023-12-17,1038,115,72,80,26,43,54
2023-12-18,1038,117,94,88,47,23,41
2023-12-19,1038,131,75,70,35,56,35
2023-12-20,1038,105,72,75,40,33,35
2023-12-21,1038,121,71,58,38,50,20
2023-12-22,1038,101,88,77,45,13,32
2023-12-23,1038,130,67,82,41,63,41
2023-12-24,1038,118,81,51,44,37,7
2023-12-25,1038,108,77,100,46,31,54
2023-12-26,1038,131,86,50,39,45,11
2023-12-27,1038,134,86,75,35,48,40
2023-12-28,1038,113,72,71,44,41,27
2023-12-29,1038,142,81,93,31,61,62
2023-12-30,1038,128,73,97,50,55,47
2023-12-31,1038,132,80,63,38,52,25
2023-01-01,1039,149,89,71,41,60,30
2023-01-02,1039,109,79,80,36,30,44
2023-01-03,1039,121,94,97,36,27,61
2023-01-04,1039,113,69,61,47,44,14
2023-01-05,1039,103,89,80,32,14,48
2023-01-06,1039,116,93,51,36,23,15
2023-01-07,1039,132,68,53,37,64,16
2023-01-08,1039,123,88,84,31,35,53
2023-01-09,1039,135,80,75,27,55,48
2023-01-10,1039,119,70,82,41,49,41
2023-01-11,1039,101,85,96,46,16,50
2023-01-12,1039,108,77,54,30,31,24
2023-01-13,1039,103,94,100,53,9,47
2023-01-14,1039,100,83,94,45,17,49
2023-01-15,1039,127,77,60,37,50,23
2023-01-16,1039,100,75,92,36,25,56
2023-01-17,1039,142,76,74,36,66,38
2023-01-18,1039,139,76,83,47,63,36
2023-01-19,1039,120,78,91,42,42,49
2023-01-20,1039,100,75,85,38,25,47
2023-01-21,1039,147,67,100,38,80,62
2023-01-22,1039,101,79,53,38,22,15
2023-01-23,1039,137,85,76,41,52,35
2023-01-24,1039,109,79,64,44,30,20
2023-01-25,1039,108,80,71,45,28,26
2023-01-26,1039,123,82,56,42,41,14
2023-01-27,1039,121,85,88,39,36,49
2023-01-28,1039,129,75,79,52,54,27
2023-01-29,1039,116,96,58,34,20,24
2023-01-30,1039,150,79,96,36,71,60
2023-01-31,1039,108,72,66,38,36,28
2023-02-01,1039,140,74,85,38,66,47
2023-02-02,1039,133,78,98,36,55,62
2023-02-03,1039,149,69,59,32,80,27
2023-02-04,1039,146,76,57,41,70,16
2023-02-05,1039,140,85,61,39,55,22
2023-02-06,1039,119,77,66,39,42,27
2023-02-07,1039,119,90,80,40,29,40
2023-02-08,1039,124,79,88,48,45,40
2023-02-09,1039,106,76,50,47,30,3
2023-02-10,1039,105,87,64,35,18,29
2023-02-11,1039,133,79,80,37,54,43
2023-02-12,1039,112,70,65,38,42,27
2023-02-13,1039,109,81,92,36,28,56
2023-02-14,1039,127,69,90,41,58,49
2023-02-15,1039,139,79,72,47,60,25
2023-02-16,1039,143,83,74,40,60,34
2023-02-17,1039,132,84,93,41,48,52
2023-02-18,1039,101,76,57,38,25,19
2023-02-19,1039,148,76,92,39,72,53
2023-02-20,1039,121,79,96,46,42,50
2023-02-21,1039,150,75,54,35,75,19
2023-02-22,1039,148,89,57,41,59,16
2023-02-23,1039,102,78,93,36,24,57
2023-02-24,1039,100,69,91,37,31,54
2023-02-25,1039,137,79,77,44,58,33
2023-02-26,1039,116,83,98,37,33,61
2023-02-27,1039,126,85,84,45,41,39
2023-02-28,1039,123,93,75,38,30,37
2023-03-01,1039,119,74,77,32,45,45
2023-03-02,1039,130,73,55,39,57,16
2023-03-03,1039,143,86,81,41,57,40
2023-03-04,1039,121,67,50,43,54,7
2023-03-05,1039,120,72,70,45,48,25
2023-03-06,1039,102,101,94,46,1,48
2023-03-07,1039,138,70,74,42,68,32
2023-03-08,1039,109,76,69,28,33,41
2023-03-09,1039,125,90,87,42,35,45
2023-03-10,1039,146,89,93,54,57,39
2023-03-11,1039,107,76,94,39,31,55
2023-03-12,1039,114,92,57,43,22,14
2023-03-13,1039,110,79,82,33,31,49
2023-03-14,1039,147,81,51,53,66,-2
2023-03-15,1039,130,70,90,31,60,59
2023-03-16,1039,133,86,87,39,47,48
2023-03-17,1039,107,69,83,38,38,45
2023-03-18,1039,119,69,65,51,50,14
2023-03-19,1039,143,79,65,33,64,32
2023-03-20,1039,131,83,53,36,48,17
2023-03-21,1039,143,77,63,45,66,18
2023-03-22,1039,111,81,67,52,30,15
2023-03-23,1039,139,77,73,37,62,36
2023-03-24,1039,112,74,78,47,38,31
2023-03-25,1039,141,67,55,42,74,13
2023-03-26,1039,128,73,57,36,55,21
2023-03-27,1039,110,80,83,49,30,34
2023-03-28,1039,143,69,57,53,74,4
2023-03-29,1039,127,66,58,46,61,12
2023-03-30,1039,123,98,72,38,25,34
2023-03-31,1039,148,85,92,34,63,58
2023-04-01,1039,150,78,56,43,72,13
2023-04-02,1039,101,74,93,30,27,63
2023-04-03,1039,120,89,66,43,31,23
2023-04-04,1039,107,70,61,42,37,19
2023-04-05,1039,104,102,61,48,2,13
2023-04-06,1039,112,77,60,41,35,19
2023-04-07,1039,143,91,68,36,52,32
2023-04-08,1039,133,98,68,34,35,34
2023-04-09,1039,135,72,61,47,63,14
2023-04-10,1039,149,77,52,38,72,14
2023-04-11,1039,128,76,52,40,52,12
2023-04-12,1039,102,85,99,32,17,67
2023-04-13,1039,120,77,70,42,43,28
2023-04-14,1039,127,72,99,40,55,59
2023-04-15,1039,129,93,74,44,36,30
2023-04-16,1039,114,54,53,47,60,6
2023-04-17,1039,120,84,94,45,36,49
2023-04-18,1039,118,84,89,50,34,39
2023-04-19,1039,140,75,74,25,65,49
2023-04-20,1039,136,85,64,45,51,19
2023-04-21,1039,118,77,84,36,41,48
2023-04-22,1039,135,80,97,38,55,59
2023-04-23,1039,142,81,82,29,61,53
2023-04-24,1039,129,77,70,26,52,44
2023-04-25,1039,108,80,75,40,28,35
2023-04-26,1039,123,69,50,54,54,-4
2023-04-27,1039,133,75,98,39,58,59
2023-04-28,1039,141,78,90,35,63,55
2023-04-29,1039,130,73,52,43,57,9
2023-04-30,1039,105,76,55,34,29,21
2023-05-01,1039,101,90,89,37,11,52
2023-05-02,1039,100,88,69,38,12,31
2023-05-03,1039,146,90,82,45,56,37
2023-05-04,1039,122,69,93,34,53,59
2023-05-05,1039,115,87,97,40,28,57
2023-05-06,1039,127,73,85,42,54,43
2023-05-07,1039,114,74,60,36,40,24
2023-05-08,1039,116,79,52,49,37,3
2023-05-09,1039,124,87,69,50,37,19
2023-05-10,1039,104,71,67,49,33,18
2023-05-11,1039,150,71,53,48,79,5
2023-05-12,1039,106,70,81,49,36,32
2023-05-13,1039,123,88,65,47,35,18
2023-05-14,1039,117,70,66,60,47,6
2023-05-15,1039,150,56,65,37,94,28
2023-05-16,1039,113,76,98,40,37,58
2023-05-17,1039,134,68,77,45,66,32
2023-05-18,1039,147,67,59,33,80,26
2023-05-19,1039,150,81,51,55,69,-4
2023-05-20,1039,136,87,78,37,49,41
2023-05-21,1039,140,79,54,43,61,11
2023-05-22,1039,131,84,70,43,47,27
2023-05-23,1039,137,80,93,51,57,42
2023-05-24,1039,105,69,88,39,36,49
2023-05-25,1039,114,64,81,40,50,41
2023-05-26,1039,110,62,56,36,48,20
2023-05-27,1039,107,91,52,46,16,6
2023-05-28,1039,131,79,85,47,52,38
2023-05-29,1039,131,89,76,40,42,36
2023-05-30,1039,134,81,78,42,53,36
2023-05-31,1039,119,71,53,45,48,8
2023-06-01,1039,113,76,90,42,37,48
2023-06-02,1039,109,72,67,43,37,24
2023-06-03,1039,143,67,71,33,76,38
2023-06-04,1039,139,86,65,41,53,24
2023-06-05,1039,145,99,59,36,46,23
2023-06-06,1039,127,85,92,32,42,60
2023-06-07,1039,135,90,97,40,45,57
2023-06-08,1039,137,63,71,43,74,28
2023-06-09,1039,132,85,65,45,47,20
2023-06-10,1039,130,81,73,39,49,34
2023-06-11,1039,101,70,66,35,31,31
2023-06-12,1039,138,85,76,45,53,31
2023-06-13,1039,107,65,50,41,42,9
2023-06-14,1039,145,82,100,36,63,64
2023-06-15,1039,101,94,82,33,7,49
2023-06-16,1039,104,75,51,48,29,3
2023-06-17,1039,120,85,59,37,35,22
2023-06-18,1039,148,82,97,42,66,55
2023-06-19,1039,127,88,91,52,39,39
2023-06-20,1039,128,70,62,34,58,28
2023-06-21,1039,116,83,86,52,33,34
2023-06-22,1039,138,84,74,53,54,21
2023-06-23,1039,128,86,50,55,42,-5
2023-06-24,1039,128,79,80,33,49,47
2023-06-25,1039,134,94,98,28,40,70
2023-06-26,1039,146,93,79,48,53,31
2023-06-27,1039,104,74,51,31,30,20
2023-06-28,1039,118,73,61,38,45,23
2023-06-29,1039,145,80,78,37,65,41
2023-06-30,1039,115,85,83,34,30,49
2023-07-01,1039,132,85,92,45,47,47
2023-07-02,1039,138,76,83,38,62,45
2023-07-03,1039,112,82,93,43,30,50
2023-07-04,1039,119,89,75,46,30,29
2023-07-05,1039,115,82,91,37,33,54
2023-07-06,1039,135,72,92,44,63,48
2023-07-07,1039,101,93,52,31,8,21
2023-07-08,1039,108,84,69,46,24,23
2023-07-09,1039,146,103,72,37,43,35
2023-07-10,1039,110,92,65,38,18,27
2023-07-11,1039,109,90,53,43,19,10
2023-07-12,1039,124,68,78,33,56,45
2023-07-13,1039,120,85,54,27,35,27
2023-07-14,1039,101,79,77,33,22,44
2023-07-15,1039,121,88,70,42,33,28
2023-07-16,1039,142,84,79,45,58,34
2023-07-17,1039,112,76,54,49,36,5
2023-07-18,1039,120,82,79,39,38,40
2023-07-19,1039,147,86,58,41,61,17
2023-07-20,1039,150,92,51,43,58,8
2023-07-21,1039,124,83,86,50,41,36
2023-07-22,1039,142,69,68,35,73,33
2023-07-23,1039,106,95,89,48,11,41
2023-07-24,1039,125,69,98,37,56,61
2023-07-25,1039,101,75,70,38,26,32
2023-07-26,1039,132,60,77,39,72,38
2023-07-27,1039,140,83,60,53,57,7
2023-07-28,1039,142,79,66,38,63,28
2023-07-29,1039,146,81,91,45,65,46
2023-07-30,1039,113,72,95,41,41,54
2023-07-31,1039,114,80,91,48,34,43
2023-08-01,1039,138,80,79,49,58,30
2023-08-02,1039,141,86,51,32,55,19
2023-08-03,1039,116,91,57,33,25,24
2023-08-04,1039,145,78,73,41,67,32
2023-08-05,1039,141,92,79,46,49,33
2023-08-06,1039,127,70,58,39,57,19
2023-08-07,1039,127,77,91,36,50,55
2023-08-08,1039,137,87,98,29,50,69
2023-08-09,1039,109,92,71,31,17,40
2023-08-10,1039,107,89,61,41,18,20
2023-08-11,1039,143,75,54,40,68,14
2023-08-12,1039,136,73,64,44,63,20
2023-08-13,1039,107,71,60,38,36,22
2023-08-14,1039,132,81,51,41,51,10
2023-08-15,1039,141,85,53,38,56,15
2023-08-16,1039,103,72,71,37,31,34
2023-08-17,1039,122,100,89,48,22,41
2023-08-18,1039,148,72,74,36,76,38
2023-08-19,1039,138,73,88,32,65,56
2023-08-20,1039,121,95,50,31,26,19
2023-08-21,1039,108,77,67,44,31,23
2023-08-22,1039,136,79,58,43,57,15
2023-08-23,1039,146,90,69,35,56,34
2023-08-24,1039,122,78,52,46,44,6
2023-08-25,1039,110,75,89,27,35,62
2023-08-26,1039,113,73,93,33,40,60
2023-08-27,1039,100,76,72,42,24,30
2023-08-28,1039,106,82,91,56,24,35
2023-08-29,1039,125,81,75,50,44,25
2023-08-30,1039,134,92,94,50,42,44
2023-08-31,1039,132,85,57,39,47,18
2023-09-01,1039,100,72,97,31,28,66
2023-09-02,1039,136,62,100,38,74,62
2023-09-03,1039,101,64,63,45,37,18
2023-09-04,1039,127,72,56,47,55,9
2023-09-05,1039,143,92,82,40,51,42
2023-09-06,1039,136,94,87,41,42,46
2023-09-07,1039,121,83,59,37,38,22
2023-09-08,1039,101,76,84,44,25,40
2023-09-09,1039,123,77,72,29,46,43
2023-09-10,1039,103,75,80,29,28,51
2023-09-11,1039,109,90,50,37,19,13
2023-09-12,1039,118,84,78,39,34,39
2023-09-13,1039,150,86,88,43,64,45
2023-09-14,1039,140,70,58,43,70,15
2023-09-15,1039,130,78,69,48,52,21
2023-09-16,1039,105,83,74,35,22,39
2023-09-17,1039,143,79,81,55,64,26
2023-09-18,1039,118,87,68,33,31,35
2023-09-19,1039,128,106,90,38,22,52
2023-09-20,1039,129,80,88,33,49,55
2023-09-21,1039,119,102,93,39,17,54
2023-09-22,1039,136,69,78,53,67,25
2023-09-23,1039,117,81,89,56,36,33
2023-09-24,1039,139,72,58,33,67,25
2023-09-25,1039,137,86,85,50,51,35
2023-09-26,1039,140,86,74,42,54,32
2023-09-27,1039,134,79,95,43,55,52
2023-09-28,1039,144,92,88,52,52,36
2023-09-29,1039,149,85,80,36,64,44
2023-09-30,1039,109,92,62,33,17,29
2023-10-01,1039,144,77,68,34,67,34
2023-10-02,1039,114,84,99,39,30,60
2023-10-03,1039,117,90,78,41,27,37
2023-10-04,1039,146,69,79,32,77,47
2023-10-05,1039,147,98,77,45,49,32
2023-10-06,1039,110,91,75,38,19,37
2023-10-07,1039,124,93,79,54,31,25
2023-10-08,1039,150,89,71,36,61,35
2023-10-09,1039,100,76,65,36,24,29
2023-10-10,1039,115,71,95,37,44,58
2023-10-11,1039,117,76,59,42,41,17
2023-10-12,1039,105,75,100,32,30,68
2023-10-13,1039,106,101,78,49,5,29
2023-10-14,1039,150,85,84,44,65,40
2023-10-15,1039,139,65,56,39,74,17
2023-10-16,1039,112,91,58,45,21,13
2023-10-17,1039,139,76,52,36,63,16
2023-10-18,1039,121,78,85,38,43,47
2023-10-19,1039,105,70,55,40,35,15
2023-10-20,1039,117,79,75,33,38,42
2023-10-21,1039,106,79,93,33,27,60
2023-10-22,1039,108,99,72,38,9,34
2023-10-23,1039,117,85,56,39,32,17
2023-10-24,1039,101,78,80,34,23,46
2023-10-25,1039,138,75,50,36,63,14
2023-10-26,1039,147,66,75,49,81,26
2023-10-27,1039,114,83,94,55,31,39
2023-10-28,1039,146,72,86,36,74,50
2023-10-29,1039,115,69,63,37,46,26
2023-10-30,1039,129,89,62,32,40,30
2023-10-31,1039,101,87,69,26,14,43
2023-11-01,1039,147,81,54,44,66,10
2023-11-02,1039,103,86,90,30,17,60
2023-11-03,1039,121,88,51,50,33,1
2023-11-04,1039,127,99,96,27,28,69
2023-11-05,1039,132,88,86,40,44,46
2023-11-06,1039,112,96,65,39,16,26
2023-11-07,1039,116,88,85,30,28,55
2023-11-08,1039,141,91,50,46,50,4
2023-11-09,1039,132,76,74,35,56,39
2023-11-10,1039,144,86,83,37,58,46
2023-11-11,1039,138,80,65,51,58,14
2023-11-12,1039,123,71,83,40,52,43
2023-11-13,1039,139,93,91,41,46,50
2023-11-14,1039,139,80,95,44,59,51
2023-11-15,1039,105,76,73,35,29,38
2023-11-16,1039,139,85,86,42,54,44
2023-11-17,1039,149,74,89,43,75,46
2023-11-18,1039,130,73,55,35,57,20
2023-11-19,1039,104,65,98,37,39,61
2023-11-20,1039,121,85,74,37,36,37
2023-11-21,1039,126,81,57,41,45,16
2023-11-22,1039,105,82,64,40,23,24
2023-11-23,1039,107,82,52,43,25,9
2023-11-24,1039,101,95,77,32,6,45
2023-11-25,1039,104,75,58,41,29,17
2023-11-26,1039,124,93,75,38,31,37
2023-11-27,1039,134,83,51,40,51,11
2023-11-28,1039,113,75,67,36,38,31
2023-11-29,1039,148,73,80,61,75,19
2023-11-30,1039,129,86,77,32,43,45
2023-12-01,1039,141,77,56,42,64,14
2023-12-02,1039,148,78,64,34,70,30
2023-12-03,1039,142,72,52,46,70,6
2023-12-04,1039,101,68,63,33,33,30
2023-12-05,1039,130,66,97,41,64,56
2023-12-06,1039,103,79,51,40,24,11
2023-12-07,1039,106,68,61,38,38,23
2023-12-08,1039,130,68,92,42,62,50
2023-12-09,1039,145,75,93,34,70,59
2023-12-10,1039,111,94,62,47,17,15
2023-12-11,1039,150,65,98,36,85,62
2023-12-12,1039,133,78,68,42,55,26
2023-12-13,1039,111,101,62,34,10,28
2023-12-14,1039,136,90,52,32,46,20
2023-12-15,1039,103,70,58,53,33,5
2023-12-16,1039,146,91,84,39,55,45
2023-12-17,1039,115,86,83,44,29,39
2023-12-18,1039,128,81,91,48,47,43
2023-12-19,1039,116,84,78,40,32,38
2023-12-20,1039,102,84,79,39,18,40
2023-12-21,1039,113,70,69,36,43,33
2023-12-22,1039,131,79,52,45,52,7
2023-12-23,1039,129,80,68,39,49,29
2023-12-24,1039,144,65,64,40,79,24
2023-12-25,1039,115,79,69,45,36,24
2023-12-26,1039,117,71,70,50,46,20
2023-12-27,1039,114,92,69,38,22,31
2023-12-28,1039,136,82,61,33,54,28
2023-12-29,1039,109,84,96,31,25,65
2023-12-30,1039,147,86,84,43,61,41
2023-12-31,1039,108,83,82,53,25,29
2023-01-01,1040,147,79,52,52,68,0
2023-01-02,1040,102,86,66,44,16,22
2023-01-03,1040,150,80,85,57,70,28
2023-01-04,1040,107,89,80,35,18,45
2023-01-05,1040,147,68,74,47,79,27
2023-01-06,1040,106,70,86,39,36,47
2023-01-07,1040,136,79,70,38,57,32
2023-01-08,1040,117,77,62,45,40,17
2023-01-09,1040,117,90,81,40,27,41
2023-01-10,1040,145,76,99,32,69,67
2023-01-11,1040,112,74,91,42,38,49
2023-01-12,1040,147,93,83,34,54,49
2023-01-13,1040,141,65,90,49,76,41
2023-01-14,1040,117,87,53,47,30,6
2023-01-15,1040,104,86,81,40,18,41
2023-01-16,1040,127,88,91,29,39,62
2023-01-17,1040,131,79,60,35,52,25
2023-01-18,1040,115,62,57,45,53,12
2023-01-19,1040,105,81,95,38,24,57
2023-01-20,1040,102,75,69,35,27,34
2023-01-21,1040,128,85,78,28,43,50
2023-01-22,1040,150,80,58,42,70,16
2023-01-23,1040,129,88,89,40,41,49
2023-01-24,1040,150,84,74,32,66,42
2023-01-25,1040,109,68,72,37,41,35
2023-01-26,1040,113,98,90,41,15,49
2023-01-27,1040,145,78,92,43,67,49
2023-01-28,1040,122,96,81,39,26,42
2023-01-29,1040,147,80,78,45,67,33
2023-01-30,1040,119,81,87,45,38,42
2023-01-31,1040,132,74,79,55,58,24
2023-02-01,1040,112,81,89,34,31,55
2023-02-02,1040,131,70,71,35,61,36
2023-02-03,1040,104,84,90,32,20,58
2023-02-04,1040,137,78,56,36,59,20
2023-02-05,1040,127,73,60,41,54,19
2023-02-06,1040,145,90,51,40,55,11
2023-02-07,1040,148,82,51,40,66,11
2023-02-08,1040,127,81,63,33,46,30
2023-02-09,1040,100,90,91,40,10,51
2023-02-10,1040,114,87,75,36,27,39
2023-02-11,1040,109,82,50,50,27,0
2023-02-12,1040,139,78,79,31,61,48
2023-02-13,1040,104,80,61,34,24,27
2023-02-14,1040,111,87,93,37,24,56
2023-02-15,1040,139,76,57,41,63,16
2023-02-16,1040,145,84,54,43,61,11
2023-02-17,1040,147,81,69,37,66,32
2023-02-18,1040,104,87,72,42,17,30
2023-02-19,1040,143,76,69,36,67,33
2023-02-20,1040,111,108,59,46,3,13
2023-02-21,1040,122,85,76,43,37,33
2023-02-22,1040,146,73,54,39,73,15
2023-02-23,1040,111,79,70,41,32,29
2023-02-24,1040,125,75,75,39,50,36
2023-02-25,1040,127,85,76,35,42,41
2023-02-26,1040,101,73,71,31,28,40
2023-02-27,1040,142,69,56,47,73,9
2023-02-28,1040,129,101,79,40,28,39
2023-03-01,1040,107,77,63,41,30,22
2023-03-02,1040,139,68,83,32,71,51
2023-03-03,1040,140,75,96,30,65,66
2023-03-04,1040,127,69,95,45,58,50
2023-03-05,1040,101,87,56,38,14,18
2023-03-06,1040,129,78,64,40,51,24
2023-03-07,1040,145,82,55,43,63,12
2023-03-08,1040,130,80,74,36,50,38
2023-03-09,1040,116,77,89,33,39,56
2023-03-10,1040,118,90,95,36,28,59
2023-03-11,1040,108,74,77,50,34,27
2023-03-12,1040,124,75,92,43,49,49
2023-03-13,1040,132,85,65,30,47,35
2023-03-14,1040,135,79,59,48,56,11
2023-03-15,1040,125,65,57,50,60,7
2023-03-16,1040,103,81,94,54,22,40
2023-03-17,1040,116,85,74,36,31,38
2023-03-18,1040,111,83,80,39,28,41
2023-03-19,1040,122,74,96,44,48,52
2023-03-20,1040,123,88,74,35,35,39
2023-03-21,1040,148,68,88,35,80,53
2023-03-22,1040,127,68,84,37,59,47
2023-03-23,1040,112,68,59,43,44,16
2023-03-24,1040,113,78,56,40,35,16
2023-03-25,1040,140,80,62,41,60,21
2023-03-26,1040,145,91,65,46,54,19
2023-03-27,1040,115,81,65,38,34,27
2023-03-28,1040,118,82,74,43,36,31
2023-03-29,1040,122,90,98,48,32,50
2023-03-30,1040,128,83,80,47,45,33
2023-03-31,1040,139,70,86,39,69,47
2023-04-01,1040,120,84,96,35,36,61
2023-04-02,1040,146,89,67,32,57,35
2023-04-03,1040,127,84,83,37,43,46
2023-04-04,1040,138,96,79,36,42,43
2023-04-05,1040,124,74,64,36,50,28
2023-04-06,1040,148,99,93,30,49,63
2023-04-07,1040,105,66,50,46,39,4
2023-04-08,1040,104,94,67,44,10,23
2023-04-09,1040,128,77,77,46,51,31
2023-04-10,1040,127,85,64,46,42,18
2023-04-11,1040,148,80,77,40,68,37
2023-04-12,1040,102,77,68,43,25,25
2023-04-13,1040,127,90,66,44,37,22
2023-04-14,1040,136,69,55,31,67,24
2023-04-15,1040,109,97,97,35,12,62
2023-04-16,1040,145,76,67,49,69,18
2023-04-17,1040,124,71,89,44,53,45
2023-04-18,1040,122,76,71,45,46,26
2023-04-19,1040,121,76,100,42,45,58
2023-04-20,1040,112,62,84,37,50,47
2023-04-21,1040,125,70,52,34,55,18
2023-04-22,1040,144,83,61,41,61,20
2023-04-23,1040,115,88,52,46,27,6
2023-04-24,1040,102,84,95,44,18,51
2023-04-25,1040,114,80,73,29,34,44
2023-04-26,1040,109,95,75,43,14,32
2023-04-27,1040,146,76,88,36,70,52
2023-04-28,1040,101,84,86,46,17,40
2023-04-29,1040,110,78,67,49,32,18
2023-04-30,1040,148,94,67,42,54,25
2023-05-01,1040,138,86,87,37,52,50
2023-05-02,1040,127,84,87,43,43,44
2023-05-03,1040,144,80,91,45,64,46
2023-05-04,1040,109,77,91,46,32,45
2023-05-05,1040,101,81,75,46,20,29
2023-05-06,1040,139,69,97,34,70,63
2023-05-07,1040,122,97,79,39,25,40
2023-05-08,1040,143,80,54,43,63,11
2023-05-09,1040,104,97,59,31,7,28
2023-05-10,1040,138,79,56,41,59,15
2023-05-11,1040,131,83,61,38,48,23
2023-05-12,1040,127,86,62,38,41,24
2023-05-13,1040,112,108,100,38,4,62
2023-05-14,1040,118,72,100,27,46,73
2023-05-15,1040,134,78,65,40,56,25
2023-05-16,1040,147,75,91,41,72,50
2023-05-17,1040,133,79,63,37,54,26
2023-05-18,1040,137,74,94,33,63,61
2023-05-19,1040,145,97,98,36,48,62
2023-05-20,1040,132,79,94,44,53,50
2023-05-21,1040,138,98,89,36,40,53
2023-05-22,1040,118,90,81,38,28,43
2023-05-23,1040,148,76,72,45,72,27
2023-05-24,1040,111,79,67,48,32,19
2023-05-25,1040,113,84,58,38,29,20
2023-05-26,1040,124,79,76,40,45,36
2023-05-27,1040,133,94,85,44,39,41
2023-05-28,1040,120,63,86,42,57,44
2023-05-29,1040,107,88,65,46,19,19
2023-05-30,1040,134,50,57,35,84,22
2023-05-31,1040,148,82,74,38,66,36
2023-06-01,1040,105,49,52,33,56,19
2023-06-02,1040,119,80,98,44,39,54
2023-06-03,1040,136,76,96,33,60,63
2023-06-04,1040,123,85,67,42,38,25
2023-06-05,1040,118,92,83,45,26,38
2023-06-06,1040,109,74,79,44,35,35
2023-06-07,1040,110,94,68,36,16,32
2023-06-08,1040,131,78,71,47,53,24
2023-06-09,1040,127,76,93,48,51,45
2023-06-10,1040,103,84,59,31,19,28
2023-06-11,1040,130,82,68,38,48,30
2023-06-12,1040,118,77,75,40,41,35
2023-06-13,1040,115,72,52,35,43,17
2023-06-14,1040,120,77,87,44,43,43
2023-06-15,1040,135,101,71,35,34,36
2023-06-16,1040,140,84,80,35,56,45
2023-06-17,1040,103,76,92,37,27,55
2023-06-18,1040,103,79,61,44,24,17
2023-06-19,1040,148,79,94,33,69,61
2023-06-20,1040,103,82,71,34,21,37
2023-06-21,1040,128,81,57,55,47,2
2023-06-22,1040,140,82,71,39,58,32
2023-06-23,1040,138,96,69,51,42,18
2023-06-24,1040,141,86,90,38,55,52
2023-06-25,1040,144,80,55,45,64,10
2023-06-26,1040,150,77,80,43,73,37
2023-06-27,1040,101,71,96,41,30,55
2023-06-28,1040,139,66,80,50,73,30
2023-06-29,1040,119,74,86,33,45,53
2023-06-30,1040,145,86,80,46,59,34
2023-07-01,1040,116,75,66,41,41,25
2023-07-02,1040,133,83,75,41,50,34
2023-07-03,1040,114,88,80,46,26,34
2023-07-04,1040,127,82,64,43,45,21
2023-07-05,1040,140,87,60,35,53,25
2023-07-06,1040,118,78,55,51,40,4
2023-07-07,1040,119,91,70,29,28,41
2023-07-08,1040,103,65,76,47,38,29
2023-07-09,1040,102,89,64,33,13,31
2023-07-10,1040,109,71,59,41,38,18
2023-07-11,1040,115,97,50,47,18,3
2023-07-12,1040,114,84,86,45,30,41
2023-07-13,1040,106,90,92,34,16,58
2023-07-14,1040,104,92,88,36,12,52
2023-07-15,1040,117,73,95,41,44,54
2023-07-16,1040,105,101,63,44,4,19
2023-07-17,1040,102,91,52,42,11,10
2023-07-18,1040,108,80,81,37,28,44
2023-07-19,1040,144,75,86,28,69,58
2023-07-20,1040,148,79,92,43,69,49
2023-07-21,1040,131,84,97,43,47,54
2023-07-22,1040,100,77,85,32,23,53
2023-07-23,1040,145,80,63,36,65,27
2023-07-24,1040,122,79,78,36,43,42
2023-07-25,1040,148,74,68,40,74,28
2023-07-26,1040,130,82,75,33,48,42
2023-07-27,1040,150,61,55,31,89,24
2023-07-28,1040,128,66,97,47,62,50
2023-07-29,1040,103,73,96,44,30,52
2023-07-30,1040,127,70,53,37,57,16
2023-07-31,1040,135,87,83,36,48,47
2023-08-01,1040,104,84,92,45,20,47
2023-08-02,1040,103,71,79,40,32,39
2023-08-03,1040,148,85,92,42,63,50
2023-08-04,1040,140,80,91,36,60,55
2023-08-05,1040,113,75,76,45,38,31
2023-08-06,1040,118,86,80,45,32,35
2023-08-07,1040,121,70,84,38,51,46
2023-08-08,1040,125,80,98,32,45,66
2023-08-09,1040,144,79,62,35,65,27
2023-08-10,1040,145,91,57,47,54,10
2023-08-11,1040,104,84,70,42,20,28
2023-08-12,1040,104,84,55,43,20,12
2023-08-13,1040,119,69,99,36,50,63
2023-08-14,1040,140,85,57,44,55,13
2023-08-15,1040,102,83,61,41,19,20
2023-08-16,1040,132,70,60,34,62,26
2023-08-17,1040,140,76,77,36,64,41
2023-08-18,1040,112,85,91,32,27,59
2023-08-19,1040,147,58,99,36,89,63
2023-08-20,1040,127,81,50,31,46,19
2023-08-21,1040,128,79,68,42,49,26
2023-08-22,1040,140,85,79,34,55,45
2023-08-23,1040,132,79,98,42,53,56
2023-08-24,1040,148,79,94,34,69,60
2023-08-25,1040,140,70,64,44,70,20
2023-08-26,1040,135,83,94,54,52,40
2023-08-27,1040,106,74,51,41,32,10
2023-08-28,1040,145,87,57,42,58,15
2023-08-29,1040,106,74,75,32,32,43
2023-08-30,1040,116,67,97,41,49,56
2023-08-31,1040,115,79,50,44,36,6
2023-09-01,1040,131,78,75,41,53,34
2023-09-02,1040,130,64,71,40,66,31
2023-09-03,1040,105,72,73,44,33,29
2023-09-04,1040,126,80,72,42,46,30
2023-09-05,1040,148,85,98,31,63,67
2023-09-06,1040,143,68,89,58,75,31
2023-09-07,1040,122,76,54,38,46,16
2023-09-08,1040,107,79,68,37,28,31
2023-09-09,1040,104,83,62,36,21,26
2023-09-10,1040,125,85,65,32,40,33
2023-09-11,1040,143,79,64,43,64,21
2023-09-12,1040,109,76,88,35,33,53
2023-09-13,1040,128,85,80,33,43,47
2023-09-14,1040,103,95,88,40,8,48
2023-09-15,1040,113,81,87,56,32,31
2023-09-16,1040,132,85,85,34,47,51
2023-09-17,1040,149,87,74,46,62,28
2023-09-18,1040,149,66,92,42,83,50
2023-09-19,1040,135,81,55,26,54,29
2023-09-20,1040,128,83,98,46,45,52
2023-09-21,1040,131,88,88,42,43,46
2023-09-22,1040,115,69,87,32,46,55
2023-09-23,1040,103,86,78,40,17,38
2023-09-24,1040,125,78,69,30,47,39
2023-09-25,1040,118,73,69,45,45,24
2023-09-26,1040,122,78,87,48,44,39
2023-09-27,1040,131,89,82,37,42,45
2023-09-28,1040,142,104,70,35,38,35
2023-09-29,1040,119,86,83,48,33,35
2023-09-30,1040,115,71,74,36,44,38
2023-10-01,1040,130,83,50,36,47,14
2023-10-02,1040,105,73,88,37,32,51
2023-10-03,1040,148,92,66,36,56,30
2023-10-04,1040,122,80,95,43,42,52
2023-10-05,1040,108,74,66,44,34,22
2023-10-06,1040,146,85,87,47,61,40
2023-10-07,1040,139,80,97,40,59,57
2023-10-08,1040,140,84,68,39,56,29
2023-10-09,1040,140,85,87,42,55,45
2023-10-10,1040,149,78,87,38,71,49
2023-10-11,1040,102,93,78,32,9,46
2023-10-12,1040,102,74,52,41,28,11
2023-10-13,1040,108,93,90,35,15,55
2023-10-14,1040,105,88,63,44,17,19
2023-10-15,1040,142,74,64,36,68,28
2023-10-16,1040,143,93,54,39,50,15
2023-10-17,1040,114,71,87,28,43,59
2023-10-18,1040,138,76,72,31,62,41
2023-10-19,1040,114,78,99,41,36,58
2023-10-20,1040,142,104,76,32,38,44
2023-10-21,1040,110,71,89,45,39,44
2023-10-22,1040,121,76,68,46,45,22
2023-10-23,1040,115,76,76,45,39,31
2023-10-24,1040,113,74,71,44,39,27
2023-10-25,1040,129,80,74,40,49,34
2023-10-26,1040,110,71,71,36,39,35
2023-10-27,1040,146,76,92,32,70,60
2023-10-28,1040,145,76,58,33,69,25
2023-10-29,1040,124,76,98,35,48,63
2023-10-30,1040,116,64,53,43,52,10
2023-10-31,1040,149,72,58,32,77,26
2023-11-01,1040,103,102,65,41,1,24
2023-11-02,1040,119,94,86,28,25,58
2023-11-03,1040,115,70,66,45,45,21
2023-11-04,1040,147,80,52,49,67,3
2023-11-05,1040,125,89,53,37,36,16
2023-11-06,1040,136,69,77,44,67,33
2023-11-07,1040,100,80,78,39,20,39
2023-11-08,1040,100,60,76,45,40,31
2023-11-09,1040,142,78,81,35,64,46
2023-11-10,1040,101,78,96,34,23,62
2023-11-11,1040,148,83,51,39,65,12
2023-11-12,1040,114,86,98,46,28,52
2023-11-13,1040,145,74,98,40,71,58
2023-11-14,1040,134,73,77,46,61,31
2023-11-15,1040,134,85,64,37,49,27
2023-11-16,1040,147,80,91,41,67,50
2023-11-17,1040,135,83,79,39,52,40
2023-11-18,1040,126,86,88,39,40,49
2023-11-19,1040,134,76,58,48,58,10
2023-11-20,1040,145,63,70,29,82,41
2023-11-21,1040,129,95,50,36,34,14
2023-11-22,1040,138,93,59,38,45,21
2023-11-23,1040,130,76,76,33,54,43
2023-11-24,1040,141,87,69,52,54,17
2023-11-25,1040,140,81,81,44,59,37
2023-11-26,1040,145,82,95,37,63,58
2023-11-27,1040,107,56,51,40,51,11
2023-11-28,1040,115,78,83,39,37,44
2023-11-29,1040,118,79,74,35,39,39
2023-11-30,1040,135,75,72,30,60,42
2023-12-01,1040,119,78,51,38,41,13
2023-12-02,1040,129,90,82,34,39,48
2023-12-03,1040,126,71,76,51,55,25
2023-12-04,1040,106,78,96,38,28,58
2023-12-05,1040,104,87,98,34,17,64
2023-12-06,1040,126,73,94,47,53,47
2023-12-07,1040,143,73,87,42,70,45
2023-12-08,1040,128,69,67,42,59,25
2023-12-09,1040,108,72,83,45,36,38
2023-12-10,1040,119,83,59,50,36,9
2023-12-11,1040,139,69,76,46,70,30
2023-12-12,1040,138,68,86,41,70,45
2023-12-13,1040,148,77,57,40,71,17
2023-12-14,1040,138,85,64,45,53,19
2023-12-15,1040,118,90,74,38,28,36
2023-12-16,1040,145,91,97,56,54,41
2023-12-17,1040,121,87,62,44,34,18
2023-12-18,1040,139,79,55,37,60,18
2023-12-19,1040,144,75,61,37,69,24
2023-12-20,1040,146,67,67,47,79,20
2023-12-21,1040,111,65,93,52,46,41
2023-12-22,1040,115,82,83,31,33,52
2023-12-23,1040,138,83,75,31,55,44
2023-12-24,1040,143,88,94,39,55,55
2023-12-25,1040,103,85,60,38,18,22
2023-12-26,1040,115,83,60,41,32,19
2023-12-27,1040,142,81,64,36,61,28
2023-12-28,1040,150,72,50,26,78,24
2023-12-29,1040,103,84,75,47,19,28
2023-12-30,1040,100,68,82,55,32,27
2023-12-31,1040,144,69,92,54,75,38
2023-01-01,1041,123,73,85,38,50,47
2023-01-02,1041,102,85,82,60,17,22
2023-01-03,1041,117,79,91,39,38,52
2023-01-04,1041,121,100,86,44,21,42
2023-01-05,1041,114,68,57,45,46,12
2023-01-06,1041,142,76,74,39,66,35
2023-01-07,1041,125,73,57,59,52,-2
2023-01-08,1041,130,64,95,34,66,61
2023-01-09,1041,119,68,89,34,51,55
2023-01-10,1041,129,66,76,35,63,41
2023-01-11,1041,142,97,85,30,45,55
2023-01-12,1041,126,77,63,33,49,30
2023-01-13,1041,133,72,67,44,61,23
2023-01-14,1041,134,68,63,39,66,24
2023-01-15,1041,106,99,54,44,7,10
2023-01-16,1041,148,91,74,46,57,28
2023-01-17,1041,127,95,57,37,32,20
2023-01-18,1041,147,82,82,43,65,39
2023-01-19,1041,147,65,95,44,82,51
2023-01-20,1041,135,81,95,42,54,53
2023-01-21,1041,106,82,65,52,24,13
2023-01-22,1041,147,73,73,48,74,25
2023-01-23,1041,138,71,54,37,67,17
2023-01-24,1041,127,82,100,33,45,67
2023-01-25,1041,133,100,72,44,33,28
2023-01-26,1041,107,70,69,28,37,41
2023-01-27,1041,131,82,72,43,49,29
2023-01-28,1041,148,82,74,42,66,32
2023-01-29,1041,116,82,50,38,34,12
2023-01-30,1041,101,68,83,49,33,34
2023-01-31,1041,140,64,90,41,76,49
2023-02-01,1041,110,71,68,38,39,30
2023-02-02,1041,124,69,65,35,55,30
2023-02-03,1041,129,79,52,40,50,12
2023-02-04,1041,107,79,80,44,28,36
2023-02-05,1041,111,92,74,39,19,35
2023-02-06,1041,111,79,55,38,32,17
2023-02-07,1041,131,95,86,43,36,43
2023-02-08,1041,147,85,81,52,62,29
2023-02-09,1041,136,63,67,28,73,39
2023-02-10,1041,108,84,50,46,24,4
2023-02-11,1041,110,78,91,38,32,53
2023-02-12,1041,123,85,77,32,38,45
2023-02-13,1041,103,98,73,31,5,42
2023-02-14,1041,115,76,56,40,39,16
2023-02-15,1041,150,60,87,30,90,57
2023-02-16,1041,135,74,90,53,61,37
2023-02-17,1041,118,70,91,42,48,49
2023-02-18,1041,116,71,83,38,45,45
2023-02-19,1041,106,77,61,34,29,27
2023-02-20,1041,100,83,84,34,17,50
2023-02-21,1041,143,79,100,38,64,62
2023-02-22,1041,119,90,95,47,29,48
2023-02-23,1041,105,82,87,36,23,51
2023-02-24,1041,133,78,95,32,55,63
2023-02-25,1041,129,82,50,43,47,7
2023-02-26,1041,131,73,72,40,58,32
2023-02-27,1041,111,66,57,32,45,25
2023-02-28,1041,116,92,61,36,24,25
2023-03-01,1041,143,78,89,44,65,45
2023-03-02,1041,113,102,95,43,11,52
2023-03-03,1041,116,85,89,33,31,56
2023-03-04,1041,119,59,58,47,60,11
2023-03-05,1041,137,81,67,36,56,31
2023-03-06,1041,128,112,54,42,16,12
2023-03-07,1041,109,76,57,39,33,18
2023-03-08,1041,128,81,80,44,47,36
2023-03-09,1041,141,72,62,36,69,26
2023-03-10,1041,131,70,82,40,61,42
2023-03-11,1041,100,77,72,37,23,35
2023-03-12,1041,134,73,79,43,61,36
2023-03-13,1041,108,74,83,42,34,41
2023-03-14,1041,100,75,60,41,25,19
2023-03-15,1041,141,65,51,53,76,-2
2023-03-16,1041,122,82,98,39,40,59
2023-03-17,1041,140,88,89,40,52,49
2023-03-18,1041,123,78,50,45,45,5
2023-03-19,1041,124,79,86,37,45,49
2023-03-20,1041,129,86,60,44,43,16
2023-03-21,1041,118,81,57,40,37,17
2023-03-22,1041,144,79,64,31,65,33
2023-03-23,1041,139,87,84,42,52,42
2023-03-24,1041,116,98,94,43,18,51
2023-03-25,1041,149,78,65,35,71,30
2023-03-26,1041,109,84,100,36,25,64
2023-03-27,1041,128,70,53,37,58,16
2023-03-28,1041,143,86,57,37,57,20
2023-03-29,1041,129,69,88,42,60,46
2023-03-30,1041,148,74,71,31,74,40
2023-03-31,1041,114,62,61,29,52,32
2023-04-01,1041,125,72,72,47,53,25
2023-04-02,1041,139,90,77,41,49,36
2023-04-03,1041,120,73,98,43,47,55
2023-04-04,1041,117,88,84,44,29,40
2023-04-05,1041,120,83,62,45,37,17
2023-04-06,1041,129,82,70,50,47,20
2023-04-07,1041,133,72,59,43,61,16
2023-04-08,1041,145,79,59,46,66,13
2023-04-09,1041,119,73,94,42,46,52
2023-04-10,1041,110,85,50,42,25,8
2023-04-11,1041,108,83,86,45,25,41
2023-04-12,1041,111,81,77,22,30,55
2023-04-13,1041,136,67,64,32,69,32
2023-04-14,1041,132,79,59,38,53,21
2023-04-15,1041,121,79,52,46,42,6
2023-04-16,1041,128,78,67,39,50,28
2023-04-17,1041,138,65,97,28,73,69
2023-04-18,1041,107,71,69,39,36,30
2023-04-19,1041,138,69,51,37,69,14
2023-04-20,1041,138,88,56,38,50,18
2023-04-21,1041,127,76,76,32,51,44
2023-04-22,1041,133,82,67,39,51,28
2023-04-23,1041,126,62,82,45,64,37
2023-04-24,1041,106,80,75,42,26,33
2023-04-25,1041,129,90,95,30,39,65
2023-04-26,1041,102,84,91,29,18,62
2023-04-27,1041,102,88,90,42,14,48
2023-04-28,1041,100,84,58,41,16,17
2023-04-29,1041,131,79,97,44,52,53
2023-04-30,1041,125,82,61,29,43,32
2023-05-01,1041,129,86,73,44,43,29
2023-05-02,1041,114,84,70,49,30,21
2023-05-03,1041,121,81,73,49,40,24
2023-05-04,1041,109,85,96,32,24,64
2023-05-05,1041,130,70,64,48,60,16
2023-05-06,1041,121,77,76,42,44,34
2023-05-07,1041,137,78,98,38,59,60
2023-05-08,1041,133,76,86,53,57,33
2023-05-09,1041,144,86,81,28,58,53
2023-05-10,1041,112,86,76,43,26,33
2023-05-11,1041,112,78,60,42,34,18
2023-05-12,1041,117,63,96,39,54,57
2023-05-13,1041,131,94,88,45,37,43
2023-05-14,1041,141,79,88,46,62,42
2023-05-15,1041,110,94,84,44,16,40
2023-05-16,1041,119,73,79,49,46,30
2023-05-17,1041,113,73,98,29,40,69
2023-05-18,1041,110,85,69,46,25,23
2023-05-19,1041,121,84,87,48,37,39
2023-05-20,1041,125,100,58,40,25,18
2023-05-21,1041,133,86,54,48,47,6
2023-05-22,1041,109,74,82,37,35,45
2023-05-23,1041,103,70,59,45,33,14
2023-05-24,1041,146,57,84,48,89,36
2023-05-25,1041,107,80,67,33,27,34
2023-05-26,1041,101,90,84,38,11,46
2023-05-27,1041,127,94,54,44,33,10
2023-05-28,1041,136,66,59,31,70,28
2023-05-29,1041,137,70,84,42,67,42
2023-05-30,1041,111,77,65,22,34,43
2023-05-31,1041,131,76,54,37,55,17
2023-06-01,1041,137,87,62,34,50,28
2023-06-02,1041,148,67,97,43,81,54
2023-06-03,1041,132,75,64,51,57,13
2023-06-04,1041,111,73,92,45,38,47
2023-06-05,1041,145,93,95,34,52,61
2023-06-06,1041,138,100,63,45,38,18
2023-06-07,1041,108,78,69,29,30,40
2023-06-08,1041,110,75,52,33,35,19
2023-06-09,1041,137,91,93,37,46,56
2023-06-10,1041,100,86,73,38,14,35
2023-06-11,1041,124,73,82,32,51,50
2023-06-12,1041,130,60,56,31,70,25
2023-06-13,1041,114,74,50,42,40,8
2023-06-14,1041,149,69,81,31,80,50
2023-06-15,1041,150,88,81,40,62,41
2023-06-16,1041,130,74,86,32,56,54
2023-06-17,1041,101,72,64,38,29,26
2023-06-18,1041,119,71,78,41,48,37
2023-06-19,1041,132,102,96,36,30,60
2023-06-20,1041,112,81,97,45,31,52
2023-06-21,1041,116,74,53,39,42,14
2023-06-22,1041,133,80,95,37,53,58
2023-06-23,1041,143,65,97,40,78,57
2023-06-24,1041,129,69,64,38,60,26
2023-06-25,1041,111,85,83,35,26,48
2023-06-26,1041,133,86,95,43,47,52
2023-06-27,1041,124,79,79,46,45,33
2023-06-28,1041,140,72,96,47,68,49
2023-06-29,1041,104,86,77,35,18,42
2023-06-30,1041,125,91,56,49,34,7
2023-07-01,1041,143,74,71,37,69,34
2023-07-02,1041,138,77,98,44,61,54
2023-07-03,1041,132,84,61,39,48,22
2023-07-04,1041,128,79,76,43,49,33
2023-07-05,1041,120,92,68,46,28,22
2023-07-06,1041,112,81,66,37,31,29
2023-07-07,1041,144,97,93,44,47,49
2023-07-08,1041,133,70,94,37,63,57
2023-07-09,1041,144,69,91,40,75,51
2023-07-10,1041,100,74,83,55,26,28
2023-07-11,1041,128,65,93,45,63,48
2023-07-12,1041,143,61,72,30,82,42
2023-07-13,1041,111,89,97,41,22,56
2023-07-14,1041,115,82,54,36,33,18
2023-07-15,1041,134,76,87,33,58,54
2023-07-16,1041,102,75,79,41,27,38
2023-07-17,1041,119,69,95,38,50,57
2023-07-18,1041,101,79,97,45,22,52
2023-07-19,1041,130,71,52,45,59,7
2023-07-20,1041,117,86,88,39,31,49
2023-07-21,1041,147,70,53,36,77,17
2023-07-22,1041,132,80,71,30,52,41
2023-07-23,1041,134,75,52,48,59,4
2023-07-24,1041,124,75,52,41,49,11
2023-07-25,1041,109,82,62,38,27,24
2023-07-26,1041,101,77,77,34,24,43
2023-07-27,1041,131,68,58,46,63,12
2023-07-28,1041,106,83,99,39,23,60
2023-07-29,1041,125,70,61,35,55,26
2023-07-30,1041,141,70,59,41,71,18
2023-07-31,1041,134,62,89,43,72,46
2023-08-01,1041,107,82,74,27,25,47
2023-08-02,1041,103,79,100,48,24,52
2023-08-03,1041,137,82,51,33,55,18
2023-08-04,1041,105,89,96,29,16,67
2023-08-05,1041,116,86,80,38,30,42
2023-08-06,1041,120,91,69,39,29,30
2023-08-07,1041,140,77,70,39,63,31
2023-08-08,1041,138,73,67,42,65,25
2023-08-09,1041,135,77,81,31,58,50
2023-08-10,1041,139,91,87,36,48,51
2023-08-11,1041,117,90,56,45,27,11
2023-08-12,1041,147,73,56,37,74,19
2023-08-13,1041,125,93,92,37,32,55
2023-08-14,1041,101,72,72,41,29,31
2023-08-15,1041,102,88,83,43,14,40
2023-08-16,1041,108,92,86,42,16,44
2023-08-17,1041,136,75,72,44,61,28
2023-08-18,1041,113,82,77,41,31,36
2023-08-19,1041,120,84,70,43,36,27
2023-08-20,1041,108,92,83,47,16,36
2023-08-21,1041,100,73,78,41,27,37
2023-08-22,1041,135,82,56,48,53,8
2023-08-23,1041,136,78,84,41,58,43
2023-08-24,1041,128,96,96,41,32,55
2023-08-25,1041,137,78,54,36,59,18
2023-08-26,1041,144,82,97,37,62,60
2023-08-27,1041,115,94,81,34,21,47
2023-08-28,1041,140,92,50,42,48,8
2023-08-29,1041,106,79,50,38,27,12
2023-08-30,1041,108,63,50,44,45,6
2023-08-31,1041,119,68,53,43,51,10
2023-09-01,1041,139,79,95,47,60,48
2023-09-02,1041,118,101,70,40,17,30
2023-09-03,1041,102,97,70,35,5,35
2023-09-04,1041,131,70,87,40,61,47
2023-09-05,1041,126,81,76,45,45,31
2023-09-06,1041,116,71,61,44,45,17
2023-09-07,1041,106,83,67,33,23,34
2023-09-08,1041,104,88,74,48,16,26
2023-09-09,1041,115,72,60,37,43,23
2023-09-10,1041,117,91,61,40,26,21
2023-09-11,1041,106,85,60,43,21,17
2023-09-12,1041,140,84,60,38,56,22
2023-09-13,1041,125,72,51,54,53,-3
2023-09-14,1041,133,73,76,56,60,20
2023-09-15,1041,124,66,76,38,58,38
2023-09-16,1041,102,78,74,48,24,26
2023-09-17,1041,145,80,76,46,65,30
2023-09-18,1041,138,89,61,51,49,10
2023-09-19,1041,129,90,73,33,39,40
2023-09-20,1041,123,73,62,37,50,25
2023-09-21,1041,149,104,73,51,45,22
2023-09-22,1041,122,81,56,45,41,11
2023-09-23,1041,129,99,55,51,30,4
2023-09-24,1041,103,75,53,54,28,-1
2023-09-25,1041,140,95,69,41,45,28
2023-09-26,1041,136,77,78,39,59,39
2023-09-27,1041,100,88,97,45,12,52
2023-09-28,1041,123,80,62,42,43,20
2023-09-29,1041,119,91,94,30,28,64
2023-09-30,1041,117,74,52,42,43,10
2023-10-01,1041,104,79,58,38,25,20
2023-10-02,1041,117,90,63,40,27,23
2023-10-03,1041,147,69,70,32,78,38
2023-10-04,1041,128,78,73,41,50,32
2023-10-05,1041,126,83,91,27,43,64
2023-10-06,1041,101,73,61,31,28,30
2023-10-07,1041,142,95,93,29,47,64
2023-10-08,1041,109,94,89,46,15,43
2023-10-09,1041,122,81,77,35,41,42
2023-10-10,1041,124,77,94,44,47,50
2023-10-11,1041,138,68,82,49,70,33
2023-10-12,1041,145,81,97,44,64,53
2023-10-13,1041,107,90,76,34,17,42
2023-10-14,1041,150,95,53,34,55,19
2023-10-15,1041,127,67,74,50,60,24
2023-10-16,1041,125,85,86,42,40,44
2023-10-17,1041,133,84,78,45,49,33
2023-10-18,1041,101,84,50,36,17,14
2023-10-19,1041,104,95,69,44,9,25
2023-10-20,1041,135,71,58,44,64,14
2023-10-21,1041,122,82,56,38,40,18
2023-10-22,1041,130,89,91,48,41,43
2023-10-23,1041,129,89,68,42,40,26
2023-10-24,1041,146,81,68,34,65,34
2023-10-25,1041,148,71,74,50,77,24
2023-10-26,1041,149,76,94,44,73,50
2023-10-27,1041,103,76,51,35,27,16
2023-10-28,1041,144,96,95,39,48,56
2023-10-29,1041,104,80,67,40,24,27
2023-10-30,1041,142,87,85,48,55,37
2023-10-31,1041,117,74,100,36,43,64
2023-11-01,1041,145,85,90,38,60,52
2023-11-02,1041,130,79,73,37,51,36
2023-11-03,1041,114,95,74,39,19,35
2023-11-04,1041,123,68,60,37,55,23
2023-11-05,1041,101,79,55,38,22,17
2023-11-06,1041,119,77,74,44,42,30
2023-11-07,1041,136,90,70,34,46,36
2023-11-08,1041,127,78,98,40,49,58
2023-11-09,1041,100,85,74,33,15,41
2023-11-10,1041,139,90,87,32,49,55
2023-11-11,1041,119,74,86,31,45,55
2023-11-12,1041,119,91,59,46,28,13
2023-11-13,1041,120,68,55,42,52,13
2023-11-14,1041,127,68,50,33,59,17
2023-11-15,1041,108,88,64,43,20,21
2023-11-16,1041,129,92,63,36,37,27
2023-11-17,1041,144,85,74,52,59,22
2023-11-18,1041,132,97,93,29,35,64
2023-11-19,1041,104,83,75,39,21,36
2023-11-20,1041,138,71,88,44,67,44
2023-11-21,1041,134,68,77,39,66,38
2023-11-22,1041,149,76,95,41,73,54
2023-11-23,1041,115,72,78,38,43,40
2023-11-24,1041,127,80,81,34,47,47
2023-11-25,1041,108,91,57,41,17,16
2023-11-26,1041,102,78,100,39,24,61
2023-11-27,1041,145,83,51,34,62,17
2023-11-28,1041,147,78,57,33,69,24
2023-11-29,1041,136,72,90,42,64,48
2023-11-30,1041,132,83,91,38,49,53
2023-12-01,1041,126,99,76,30,27,46
2023-12-02,1041,114,78,77,40,36,37
2023-12-03,1041,126,74,94,34,52,60
2023-12-04,1041,128,70,92,52,58,40
2023-12-05,1041,107,68,59,39,39,20
2023-12-06,1041,123,83,57,28,40,29
2023-12-07,1041,145,89,91,39,56,52
2023-12-08,1041,123,83,67,42,40,25
2023-12-09,1041,108,79,86,37,29,49
2023-12-10,1041,139,81,51,22,58,29
2023-12-11,1041,106,83,53,50,23,3
2023-12-12,1041,108,77,66,56,31,10
2023-12-13,1041,149,85,90,38,64,52
2023-12-14,1041,149,68,80,38,81,42
2023-12-15,1041,134,73,72,40,61,32
2023-12-16,1041,134,75,53,39,59,14
2023-12-17,1041,101,68,88,32,33,56
2023-12-18,1041,125,80,71,47,45,24
2023-12-19,1041,127,76,94,54,51,40
2023-12-20,1041,132,82,57,43,50,14
2023-12-21,1041,103,90,81,37,13,44
2023-12-22,1041,102,96,99,43,6,56
2023-12-23,1041,127,86,58,37,41,21
2023-12-24,1041,141,81,87,43,60,44
2023-12-25,1041,133,83,53,37,50,16
2023-12-26,1041,104,77,73,25,27,48
2023-12-27,1041,136,96,81,44,40,37
2023-12-28,1041,119,84,78,35,35,43
2023-12-29,1041,144,75,60,41,69,19
2023-12-30,1041,126,102,77,40,24,37
2023-12-31,1041,116,70,73,41,46,32
2023-01-01,1042,110,80,80,53,30,27
2023-01-02,1042,123,78,57,31,45,26
2023-01-03,1042,103,74,50,37,29,13
2023-01-04,1042,139,98,55,48,41,7
2023-01-05,1042,139,92,95,32,47,63
2023-01-06,1042,135,85,93,26,50,67
2023-01-07,1042,105,75,58,37,30,21
2023-01-08,1042,128,74,60,35,54,25
2023-01-09,1042,135,85,58,50,50,8
2023-01-10,1042,109,87,97,44,22,53
2023-01-11,1042,112,77,89,38,35,51
2023-01-12,1042,140,63,60,49,77,11
2023-01-13,1042,101,83,53,36,18,17
2023-01-14,1042,107,67,95,30,40,65
2023-01-15,1042,143,74,87,40,69,47
2023-01-16,1042,106,93,91,35,13,56
2023-01-17,1042,101,81,58,42,20,16
2023-01-18,1042,132,92,64,37,40,27
2023-01-19,1042,109,95,85,31,14,54
2023-01-20,1042,137,92,98,48,45,50
2023-01-21,1042,113,81,91,44,32,47
2023-01-22,1042,123,83,53,33,40,20
2023-01-23,1042,141,72,88,42,69,46
2023-01-24,1042,102,89,79,53,13,26
2023-01-25,1042,143,98,91,33,45,58
2023-01-26,1042,110,90,73,34,20,39
2023-01-27,1042,142,72,63,37,70,26
2023-01-28,1042,138,74,76,50,64,26
2023-01-29,1042,126,87,54,41,39,13
2023-01-30,1042,115,93,83,37,22,46
2023-01-31,1042,129,94,98,37,35,61
2023-02-01,1042,128,85,86,39,43,47
2023-02-02,1042,134,73,60,40,61,20
2023-02-03,1042,100,75,97,32,25,65
2023-02-04,1042,115,87,67,33,28,34
2023-02-05,1042,114,82,74,41,32,33
2023-02-06,1042,119,76,69,38,43,31
2023-02-07,1042,126,74,90,42,52,48
2023-02-08,1042,117,92,88,48,25,40
2023-02-09,1042,145,87,89,34,58,55
2023-02-10,1042,126,51,92,43,75,49
2023-02-11,1042,130,85,76,29,45,47
2023-02-12,1042,120,90,73,28,30,45
2023-02-13,1042,117,66,87,30,51,57
2023-02-14,1042,109,70,67,37,39,30
2023-02-15,1042,107,79,96,40,28,56
2023-02-16,1042,110,80,77,42,30,35
2023-02-17,1042,126,75,52,44,51,8
2023-02-18,1042,146,87,80,40,59,40
2023-02-19,1042,134,91,50,40,43,10
2023-02-20,1042,140,87,68,44,53,24
2023-02-21,1042,125,83,55,37,42,18
2023-02-22,1042,129,79,70,42,50,28
2023-02-23,1042,101,61,65,39,40,26
2023-02-24,1042,132,78,62,46,54,16
2023-02-25,1042,113,91,96,32,22,64
2023-02-26,1042,132,87,86,39,45,47
2023-02-27,1042,131,78,79,34,53,45
2023-02-28,1042,145,84,58,44,61,14
2023-03-01,1042,112,69,69,44,43,25
2023-03-02,1042,141,64,94,38,77,56
2023-03-03,1042,127,75,88,45,52,43
2023-03-04,1042,118,84,66,44,34,22
2023-03-05,1042,113,62,63,44,51,19
2023-03-06,1042,107,80,90,34,27,56
2023-03-07,1042,109,81,98,40,28,58
2023-03-08,1042,137,86,89,42,51,47
2023-03-09,1042,106,75,64,32,31,32
2023-03-10,1042,105,63,100,39,42,61
2023-03-11,1042,112,77,51,43,35,8
2023-03-12,1042,143,89,88,43,54,45
2023-03-13,1042,148,75,60,44,73,16
2023-03-14,1042,119,83,95,30,36,65
2023-03-15,1042,135,76,72,35,59,37
2023-03-16,1042,145,86,97,36,59,61
2023-03-17,1042,145,77,100,36,68,64
2023-03-18,1042,113,54,91,35,59,56
2023-03-19,1042,142,82,64,47,60,17
2023-03-20,1042,142,76,93,29,66,64
2023-03-21,1042,121,91,53,37,30,16
2023-03-22,1042,102,87,92,46,15,46
2023-03-23,1042,123,85,77,46,38,31
2023-03-24,1042,139,80,72,35,59,37
2023-03-25,1042,120,73,69,43,47,26
2023-03-26,1042,106,87,69,39,19,30
2023-03-27,1042,104,76,82,30,28,52
2023-03-28,1042,107,90,65,41,17,24
2023-03-29,1042,141,83,87,42,58,45
2023-03-30,1042,100,84,79,42,16,37
2023-03-31,1042,122,87,54,45,35,9
2023-04-01,1042,128,78,67,43,50,24
2023-04-02,1042,113,71,77,48,42,29
2023-04-03,1042,143,64,96,27,79,69
2023-04-04,1042,110,78,89,51,32,38
2023-04-05,1042,150,92,57,35,58,22
2023-04-06,1042,135,74,69,41,61,28
2023-04-07,1042,122,80,71,36,42,35
2023-04-08,1042,107,80,97,40,27,57
2023-04-09,1042,139,73,91,37,66,54
2023-04-10,1042,148,81,69,44,67,25
2023-04-11,1042,150,89,97,27,61,70
2023-04-12,1042,102,76,93,35,26,58
2023-04-13,1042,144,69,86,50,75,36
2023-04-14,1042,107,76,58,37,31,21
2023-04-15,1042,126,72,89,36,54,53
2023-04-16,1042,129,85,84,43,44,41
2023-04-17,1042,120,71,67,40,49,27
2023-04-18,1042,138,84,79,41,54,38
2023-04-19,1042,131,79,56,46,52,10
2023-04-20,1042,127,88,76,41,39,35
2023-04-21,1042,121,89,99,29,32,70
2023-04-22,1042,106,86,100,40,20,60
2023-04-23,1042,131,64,78,44,67,34
2023-04-24,1042,106,84,57,54,22,3
2023-04-25,1042,131,89,87,34,42,53
2023-04-26,1042,147,76,53,38,71,15
2023-04-27,1042,133,83,58,37,50,21
2023-04-28,1042,115,60,69,36,55,33
2023-04-29,1042,129,86,68,29,43,39
2023-04-30,1042,144,81,81,35,63,46
2023-05-01,1042,149,90,85,45,59,40
2023-05-02,1042,145,71,88,34,74,54
2023-05-03,1042,130,73,53,35,57,18
2023-05-04,1042,107,89,100,41,18,59
2023-05-05,1042,107,91,63,35,16,28
2023-05-06,1042,144,81,87,44,63,43
2023-05-07,1042,104,81,89,42,23,47
2023-05-08,1042,124,82,89,37,42,52
2023-05-09,1042,118,66,98,39,52,59
2023-05-10,1042,104,64,73,37,40,36
2023-05-11,1042,135,72,56,37,63,19
2023-05-12,1042,110,73,53,44,37,9
2023-05-13,1042,138,92,75,41,46,34
2023-05-14,1042,134,64,63,36,70,27
2023-05-15,1042,117,82,58,44,35,14
2023-05-16,1042,129,84,88,47,45,41
2023-05-17,1042,143,93,67,38,50,29
2023-05-18,1042,105,79,97,38,26,59
2023-05-19,1042,139,69,76,41,70,35
2023-05-20,1042,125,74,74,37,51,37
2023-05-21,1042,105,78,85,34,27,51
2023-05-22,1042,139,79,97,42,60,55
2023-05-23,1042,113,67,83,32,46,51
2023-05-24,1042,101,86,74,41,15,33
2023-05-25,1042,142,86,100,34,56,66
2023-05-26,1042,130,94,59,48,36,11
2023-05-27,1042,150,87,60,42,63,18
2023-05-28,1042,150,69,64,42,81,22
2023-05-29,1042,113,79,59,39,34,20
2023-05-30,1042,138,80,91,47,58,44
2023-05-31,1042,141,93,86,49,48,37
2023-06-01,1042,146,72,68,45,74,23
2023-06-02,1042,108,82,64,44,26,20
2023-06-03,1042,147,84,85,35,63,50
2023-06-04,1042,101,71,64,38,30,26
2023-06-05,1042,140,68,64,40,72,24
2023-06-06,1042,126,80,61,42,46,19
2023-06-07,1042,129,96,99,36,33,63
2023-06-08,1042,116,64,63,39,52,24
2023-06-09,1042,103,77,79,45,26,34
2023-06-10,1042,136,78,72,40,58,32
2023-06-11,1042,111,84,81,40,27,41
2023-06-12,1042,105,78,61,39,27,22
2023-06-13,1042,127,96,90,41,31,49
2023-06-14,1042,125,78,54,42,47,12
2023-06-15,1042,138,72,82,42,66,40
2023-06-16,1042,116,67,78,42,49,36
2023-06-17,1042,133,78,69,48,55,21
2023-06-18,1042,142,89,91,31,53,60
2023-06-19,1042,106,74,92,33,32,59
2023-06-20,1042,123,80,90,40,43,50
2023-06-21,1042,110,63,66,37,47,29
2023-06-22,1042,105,87,62,35,18,27
2023-06-23,1042,118,84,67,33,34,34
2023-06-24,1042,136,68,94,31,68,63
2023-06-25,1042,142,75,95,47,67,48
2023-06-26,1042,126,81,84,41,45,43
2023-06-27,1042,126,75,83,37,51,46
2023-06-28,1042,123,86,62,42,37,20
2023-06-29,1042,145,78,54,35,67,19
2023-06-30,1042,140,70,54,42,70,12
2023-07-01,1042,114,65,83,50,49,33
2023-07-02,1042,134,82,61,43,52,18
2023-07-03,1042,141,81,98,38,60,60
2023-07-04,1042,101,86,75,34,15,41
2023-07-05,1042,145,94,100,48,51,52
2023-07-06,1042,139,89,53,36,50,17
2023-07-07,1042,139,93,86,36,46,50
2023-07-08,1042,100,71,81,39,29,42
2023-07-09,1042,115,72,54,37,43,17
2023-07-10,1042,127,106,52,30,21,22
2023-07-11,1042,139,84,56,48,55,8
2023-07-12,1042,135,77,63,37,58,26
2023-07-13,1042,146,83,70,32,63,38
2023-07-14,1042,115,89,60,48,26,12
2023-07-15,1042,130,79,94,39,51,55
2023-07-16,1042,109,92,59,34,17,25
2023-07-17,1042,131,91,60,52,40,8
2023-07-18,1042,142,80,88,39,62,49
2023-07-19,1042,121,84,67,28,37,39
2023-07-20,1042,150,77,67,32,73,35
2023-07-21,1042,117,84,82,43,33,39
2023-07-22,1042,147,81,76,44,66,32
2023-07-23,1042,132,95,76,43,37,33
2023-07-24,1042,102,77,77,40,25,37
2023-07-25,1042,130,85,83,39,45,44
2023-07-26,1042,110,78,51,39,32,12
2023-07-27,1042,118,86,76,33,32,43
2023-07-28,1042,104,80,80,40,24,40
2023-07-29,1042,113,81,85,50,32,35
2023-07-30,1042,149,77,65,43,72,22
2023-07-31,1042,109,79,54,33,30,21
2023-08-01,1042,143,89,73,28,54,45
2023-08-02,1042,130,72,55,57,58,-2
2023-08-03,1042,130,78,78,40,52,38
2023-08-04,1042,105,76,98,42,29,56
2023-08-05,1042,100,88,63,28,12,35
2023-08-06,1042,113,77,94,53,36,41
2023-08-07,1042,105,80,59,43,25,16
2023-08-08,1042,126,74,98,32,52,66
2023-08-09,1042,102,74,64,36,28,28
2023-08-10,1042,117,87,56,34,30,22
2023-08-11,1042,130,78,59,33,52,26
2023-08-12,1042,143,89,83,34,54,49
2023-08-13,1042,127,91,75,31,36,44
2023-08-14,1042,106,80,98,41,26,57
2023-08-15,1042,102,81,87,31,21,56
2023-08-16,1042,136,80,67,33,56,34
2023-08-17,1042,138,71,51,30,67,21
2023-08-18,1042,114,97,92,43,17,49
2023-08-19,1042,143,64,91,42,79,49
2023-08-20,1042,130,77,80,54,53,26
2023-08-21,1042,148,78,100,39,70,61
2023-08-22,1042,150,69,88,36,81,52
2023-08-23,1042,136,68,100,38,68,62
2023-08-24,1042,104,60,57,42,44,15
2023-08-25,1042,143,82,99,41,61,58
2023-08-26,1042,109,82,79,38,27,41
2023-08-27,1042,117,82,91,36,35,55
2023-08-28,1042,101,91,78,34,10,44
2023-08-29,1042,120,67,59,27,53,32
2023-08-30,1042,118,84,64,40,34,24
2023-08-31,1042,144,70,81,30,74,51
2023-09-01,1042,142,81,65,40,61,25
2023-09-02,1042,107,69,58,49,38,9
2023-09-03,1042,131,79,62,49,52,13
2023-09-04,1042,140,75,64,34,65,30
2023-09-05,1042,141,78,65,40,63,25
2023-09-06,1042,148,95,96,36,53,60
2023-09-07,1042,131,66,60,47,65,13
2023-09-08,1042,143,76,80,35,67,45
2023-09-09,1042,121,90,99,40,31,59
2023-09-10,1042,142,73,86,37,69,49
2023-09-11,1042,125,83,53,40,42,13
2023-09-12,1042,147,92,100,44,55,56
2023-09-13,1042,106,82,94,38,24,56
2023-09-14,1042,129,84,59,31,45,28
2023-09-15,1042,127,88,84,47,39,37
2023-09-16,1042,138,78,96,44,60,52
2023-09-17,1042,113,75,51,40,38,11
2023-09-18,1042,125,84,76,36,41,40
2023-09-19,1042,110,83,92,44,27,48
2023-09-20,1042,143,87,75,34,56,41
2023-09-21,1042,122,88,62,39,34,23
2023-09-22,1042,115,68,92,36,47,56
2023-09-23,1042,124,73,97,36,51,61
2023-09-24,1042,147,95,60,40,52,20
2023-09-25,1042,148,61,90,51,87,39
2023-09-26,1042,102,60,66,37,42,29
2023-09-27,1042,108,82,60,37,26,23
2023-09-28,1042,131,85,59,48,46,11
2023-09-29,1042,112,81,82,32,31,50
2023-09-30,1042,101,88,58,29,13,29
2023-10-01,1042,133,84,70,51,49,19
2023-10-02,1042,103,69,87,45,34,42
2023-10-03,1042,133,87,66,43,46,23
2023-10-04,1042,118,70,81,43,48,38
2023-10-05,1042,144,87,59,31,57,28
2023-10-06,1042,120,74,61,32,46,29
2023-10-07,1042,107,77,55,45,30,10
2023-10-08,1042,146,99,64,37,47,27
2023-10-09,1042,147,75,50,44,72,6
2023-10-10,1042,115,72,56,39,43,17
2023-10-11,1042,149,74,64,37,75,27
2023-10-12,1042,125,87,99,42,38,57
2023-10-13,1042,108,83,51,37,25,14
2023-10-14,1042,103,83,68,39,20,29
2023-10-15,1042,126,89,55,43,37,12
2023-10-16,1042,133,84,60,33,49,27
2023-10-17,1042,142,87,53,36,55,17
2023-10-18,1042,131,85,95,39,46,56
2023-10-19,1042,127,78,96,50,49,46
2023-10-20,1042,105,75,85,45,30,40
2023-10-21,1042,104,86,92,43,18,49
2023-10-22,1042,110,88,84,51,22,33
2023-10-23,1042,149,72,88,49,77,39
2023-10-24,1042,122,75,77,41,47,36
2023-10-25,1042,103,97,60,38,6,22
2023-10-26,1042,131,77,66,41,54,25
2023-10-27,1042,142,97,88,33,45,55
2023-10-28,1042,135,86,59,36,49,23
2023-10-29,1042,146,83,65,40,63,25
2023-10-30,1042,119,69,65,39,50,26
2023-10-31,1042,147,77,84,45,70,39
2023-11-01,1042,116,88,96,44,28,52
2023-11-02,1042,102,86,67,28,16,39
2023-11-03,1042,121,88,87,33,33,54
2023-11-04,1042,139,62,63,35,77,28
2023-11-05,1042,130,79,98,33,51,65
2023-11-06,1042,111,77,98,50,34,48
2023-11-07,1042,134,89,89,34,45,55
2023-11-08,1042,147,92,89,44,55,45
2023-11-09,1042,108,90,74,43,18,31
2023-11-10,1042,130,83,91,28,47,63
2023-11-11,1042,124,73,64,40,51,24
2023-11-12,1042,133,86,52,52,47,0
2023-11-13,1042,144,75,70,34,69,36
2023-11-14,1042,148,65,52,39,83,13
2023-11-15,1042,121,84,71,41,37,30
2023-11-16,1042,110,90,100,33,20,67
2023-11-17,1042,148,92,70,40,56,30
2023-11-18,1042,139,74,67,26,65,41
2023-11-19,1042,114,86,67,39,28,28
2023-11-20,1042,115,74,87,45,41,42
2023-11-21,1042,144,89,77,44,55,33
2023-11-22,1042,107,69,93,45,38,48
2023-11-23,1042,117,85,59,43,32,16
2023-11-24,1042,119,67,88,39,52,49
2023-11-25,1042,141,84,59,36,57,23
2023-11-26,1042,124,83,75,44,41,31
2023-11-27,1042,145,87,67,38,58,29
2023-11-28,1042,127,76,61,38,51,23
2023-11-29,1042,114,91,63,45,23,18
2023-11-30,1042,136,73,79,44,63,35
2023-12-01,1042,142,81,70,47,61,23
2023-12-02,1042,109,74,95,40,35,55
2023-12-03,1042,117,86,93,46,31,47
2023-12-04,1042,129,72,92,41,57,51
2023-12-05,1042,144,74,79,37,70,42
2023-12-06,1042,106,76,94,35,30,59
2023-12-07,1042,136,84,74,43,52,31
2023-12-08,1042,133,85,82,49,48,33
2023-12-09,1042,150,73,68,40,77,28
2023-12-10,1042,110,77,67,31,33,36
2023-12-11,1042,119,97,95,35,22,60
2023-12-12,1042,140,72,68,41,68,27
2023-12-13,1042,145,93,70,31,52,39
2023-12-14,1042,122,83,90,48,39,42
2023-12-15,1042,130,72,83,30,58,53
2023-12-16,1042,114,78,62,32,36,30
2023-12-17,1042,117,87,91,40,30,51
2023-12-18,1042,112,77,71,34,35,37
2023-12-19,1042,150,72,91,38,78,53
2023-12-20,1042,101,87,93,50,14,43
2023-12-21,1042,116,82,65,36,34,29
2023-12-22,1042,111,88,92,43,23,49
2023-12-23,1042,120,79,65,33,41,32
2023-12-24,1042,133,70,90,39,63,51
2023-12-25,1042,113,77,76,40,36,36
2023-12-26,1042,131,79,80,36,52,44
2023-12-27,1042,110,82,55,51,28,4
2023-12-28,1042,135,79,76,38,56,38
2023-12-29,1042,118,87,97,35,31,62
2023-12-30,1042,110,80,69,29,30,40
2023-12-31,1042,146,72,78,50,74,28
2023-01-01,1043,134,83,59,28,51,31
2023-01-02,1043,131,79,73,48,52,25
2023-01-03,1043,107,79,87,43,28,44
2023-01-04,1043,128,86,50,39,42,11
2023-01-05,1043,135,82,70,29,53,41
2023-01-06,1043,118,86,91,52,32,39
2023-01-07,1043,102,61,59,42,41,17
2023-01-08,1043,119,77,59,41,42,18
2023-01-09,1043,125,69,83,37,56,46
2023-01-10,1043,100,78,56,30,22,26
2023-01-11,1043,135,73,62,32,62,30
2023-01-12,1043,131,66,53,30,65,23
2023-01-13,1043,122,71,91,46,51,45
2023-01-14,1043,124,79,79,32,45,47
2023-01-15,1043,129,70,61,36,59,25
2023-01-16,1043,123,79,80,24,44,56
2023-01-17,1043,103,81,92,40,22,52
2023-01-18,1043,107,71,50,45,36,5
2023-01-19,1043,117,61,81,33,56,48
2023-01-20,1043,129,58,97,40,71,57
2023-01-21,1043,110,64,72,45,46,27
2023-01-22,1043,127,75,83,39,52,44
2023-01-23,1043,138,77,81,40,61,41
2023-01-24,1043,134,83,87,37,51,50
2023-01-25,1043,122,76,60,29,46,31
2023-01-26,1043,134,93,89,47,41,42
2023-01-27,1043,110,76,87,38,34,49
2023-01-28,1043,108,98,83,26,10,57
2023-01-29,1043,144,71,93,24,73,69
2023-01-30,1043,125,91,88,50,34,38
2023-01-31,1043,123,90,83,64,33,19
2023-02-01,1043,125,101,82,33,24,49
2023-02-02,1043,144,71,99,37,73,62
2023-02-03,1043,100,95,79,40,5,39
2023-02-04,1043,114,88,99,37,26,62
2023-02-05,1043,132,88,88,45,44,43
2023-02-06,1043,144,89,90,42,55,48
2023-02-07,1043,107,73,76,32,34,44
2023-02-08,1043,122,65,66,38,57,28
2023-02-09,1043,150,93,53,43,57,10
2023-02-10,1043,150,83,62,42,67,20
2023-02-11,1043,104,87,63,43,17,20
2023-02-12,1043,106,76,85,39,30,46
2023-02-13,1043,137,101,63,36,36,27
2023-02-14,1043,105,74,80,45,31,35
2023-02-15,1043,142,75,86,47,67,39
2023-02-16,1043,111,72,73,43,39,30
2023-02-17,1043,102,80,88,34,22,54
2023-02-18,1043,142,75,93,38,67,55
2023-02-19,1043,122,90,87,43,32,44
2023-02-20,1043,119,91,69,40,28,29
2023-02-21,1043,112,88,79,36,24,43
2023-02-22,1043,106,80,95,39,26,56
2023-02-23,1043,101,80,97,39,21,58
2023-02-24,1043,142,98,57,49,44,8
2023-02-25,1043,119,90,90,34,29,56
2023-02-26,1043,138,72,50,51,66,-1
2023-02-27,1043,138,71,55,49,67,6
2023-02-28,1043,105,69,100,33,36,67
2023-03-01,1043,129,82,76,35,47,41
2023-03-02,1043,150,81,84,43,69,41
2023-03-03,1043,114,81,81,43,33,38
2023-03-04,1043,119,81,58,37,38,21
2023-03-05,1043,143,79,100,42,64,58
2023-03-06,1043,134,74,81,33,60,48
2023-03-07,1043,128,80,60,32,48,28
2023-03-08,1043,131,78,73,27,53,46
2023-03-09,1043,100,67,63,34,33,29
2023-03-10,1043,119,71,95,41,48,54
2023-03-11,1043,145,84,76,42,61,34
2023-03-12,1043,121,72,74,31,49,43
2023-03-13,1043,129,66,64,39,63,25
2023-03-14,1043,133,76,96,48,57,48
2023-03-15,1043,118,74,68,39,44,29
2023-03-16,1043,144,76,88,42,68,46
2023-03-17,1043,132,68,85,35,64,50
2023-03-18,1043,124,89,58,43,35,15
2023-03-19,1043,109,77,100,26,32,74
2023-03-20,1043,135,86,96,35,49,61
2023-03-21,1043,129,76,98,31,53,67
2023-03-22,1043,144,70,61,48,74,13
2023-03-23,1043,104,75,69,50,29,19
2023-03-24,1043,111,83,89,37,28,52
2023-03-25,1043,100,75,92,42,25,50
2023-03-26,1043,149,88,59,33,61,26
2023-03-27,1043,150,94,95,27,56,68
2023-03-28,1043,133,80,79,51,53,28
2023-03-29,1043,134,67,58,35,67,23
2023-03-30,1043,107,78,54,45,29,9
2023-03-31,1043,140,100,90,39,40,51
2023-04-01,1043,117,86,95,28,31,67
2023-04-02,1043,146,95,85,52,51,33
2023-04-03,1043,134,82,90,43,52,47
2023-04-04,1043,119,89,87,48,30,39
2023-04-05,1043,118,79,91,43,39,48
2023-04-06,1043,132,98,88,29,34,59
2023-04-07,1043,112,76,60,37,36,23
2023-04-08,1043,138,77,91,37,61,54
2023-04-09,1043,132,69,100,41,63,59
2023-04-10,1043,112,75,98,36,37,62
2023-04-11,1043,138,84,65,40,54,25
2023-04-12,1043,104,83,61,47,21,14
2023-04-13,1043,105,65,69,30,40,39
2023-04-14,1043,113,73,83,27,40,56
2023-04-15,1043,122,82,71,34,40,37
2023-04-16,1043,107,86,95,40,21,55
2023-04-17,1043,112,71,96,33,41,63
2023-04-18,1043,122,88,74,40,34,34
2023-04-19,1043,121,88,66,32,33,34
2023-04-20,1043,116,84,97,39,32,58
2023-04-21,1043,130,93,97,41,37,56
2023-04-22,1043,119,68,84,42,51,42
2023-04-23,1043,123,85,61,29,38,32
2023-04-24,1043,100,99,95,46,1,49
2023-04-25,1043,126,67,79,41,59,38
2023-04-26,1043,149,91,68,29,58,39
2023-04-27,1043,136,80,94,40,56,54
2023-04-28,1043,133,74,91,33,59,58
2023-04-29,1043,133,65,79,49,68,30
2023-04-30,1043,149,68,80,26,81,54
2023-05-01,1043,110,96,76,47,14,29
2023-05-02,1043,147,95,70,48,52,22
2023-05-03,1043,139,73,77,37,66,40
2023-05-04,1043,132,86,83,43,46,40
2023-05-05,1043,143,86,75,44,57,31
2023-05-06,1043,147,66,86,37,81,49
2023-05-07,1043,112,71,100,45,41,55
2023-05-08,1043,119,78,59,30,41,29
2023-05-09,1043,130,67,61,34,63,27
2023-05-10,1043,101,77,68,39,24,29
2023-05-11,1043,148,95,85,42,53,43
2023-05-12,1043,126,86,71,37,40,34
2023-05-13,1043,144,78,66,46,66,20
2023-05-14,1043,130,89,53,42,41,11
2023-05-15,1043,128,93,98,44,35,54
2023-05-16,1043,150,91,85,50,59,35
2023-05-17,1043,138,74,82,40,64,42
2023-05-18,1043,136,72,63,42,64,21
2023-05-19,1043,126,64,72,44,62,28
2023-05-20,1043,131,81,50,48,50,2
2023-05-21,1043,137,70,85,36,67,49
2023-05-22,1043,124,79,97,42,45,55
2023-05-23,1043,111,69,69,36,42,33
2023-05-24,1043,133,76,87,31,57,56
2023-05-25,1043,115,78,79,42,37,37
2023-05-26,1043,101,70,87,39,31,48
2023-05-27,1043,145,73,71,40,72,31
2023-05-28,1043,117,86,84,35,31,49
2023-05-29,1043,123,73,64,45,50,19
2023-05-30,1043,107,89,61,45,18,16
2023-05-31,1043,119,76,79,43,43,36
2023-06-01,1043,129,67,73,37,62,36
2023-06-02,1043,139,84,77,41,55,36
2023-06-03,1043,111,71,69,40,40,29
2023-06-04,1043,118,76,55,40,42,15
2023-06-05,1043,130,71,76,34,59,42
2023-06-06,1043,101,72,71,46,29,25
2023-06-07,1043,115,72,97,36,43,61
2023-06-08,1043,131,83,77,51,48,26
2023-06-09,1043,101,82,63,38,19,25
2023-06-10,1043,113,88,58,17,25,41
2023-06-11,1043,120,73,58,51,47,7
2023-06-12,1043,130,88,53,38,42,15
2023-06-13,1043,149,68,71,43,81,28
2023-06-14,1043,141,63,59,52,78,7
2023-06-15,1043,149,81,92,37,68,55
2023-06-16,1043,123,81,99,42,42,57
2023-06-17,1043,108,79,56,42,29,14
2023-06-18,1043,115,70,58,45,45,13
2023-06-19,1043,139,60,77,48,79,29
2023-06-20,1043,101,75,76,38,26,38
2023-06-21,1043,119,77,71,42,42,29
2023-06-22,1043,119,89,54,44,30,10
2023-06-23,1043,137,80,95,47,57,48
2023-06-24,1043,150,77,94,45,73,49
2023-06-25,1043,132,95,72,23,37,49
2023-06-26,1043,123,82,54,37,41,17
2023-06-27,1043,145,81,94,36,64,58
2023-06-28,1043,103,72,53,36,31,17
2023-06-29,1043,143,82,98,36,61,62
2023-06-30,1043,105,69,86,37,36,49
2023-07-01,1043,103,71,74,39,32,35
2023-07-02,1043,143,87,63,37,56,26
2023-07-03,1043,143,83,68,38,60,30
2023-07-04,1043,143,66,91,32,77,59
2023-07-05,1043,135,79,78,42,56,36
2023-07-06,1043,129,71,63,49,58,14
2023-07-07,1043,108,75,74,36,33,38
2023-07-08,1043,141,87,76,46,54,30
2023-07-09,1043,139,76,52,40,63,12
2023-07-10,1043,150,74,54,41,76,13
2023-07-11,1043,117,80,64,40,37,24
2023-07-12,1043,121,84,94,39,37,55
2023-07-13,1043,107,79,59,46,28,13
2023-07-14,1043,149,94,61,30,55,31
2023-07-15,1043,118,67,58,31,51,27
2023-07-16,1043,108,70,84,43,38,41
2023-07-17,1043,100,72,60,33,28,27
2023-07-18,1043,143,79,76,45,64,31
2023-07-19,1043,116,75,54,39,41,15
2023-07-20,1043,115,82,58,47,33,11
2023-07-21,1043,131,73,65,35,58,30
2023-07-22,1043,128,71,81,34,57,47
2023-07-23,1043,104,81,73,31,23,42
2023-07-24,1043,140,93,85,34,47,51
2023-07-25,1043,105,73,56,54,32,2
2023-07-26,1043,122,72,55,40,50,15
2023-07-27,1043,104,85,56,37,19,19
2023-07-28,1043,117,66,60,36,51,24
2023-07-29,1043,136,77,63,35,59,28
2023-07-30,1043,120,64,94,42,56,52
2023-07-31,1043,140,87,70,40,53,30
2023-08-01,1043,119,82,59,34,37,25
2023-08-02,1043,140,80,58,33,60,25
2023-08-03,1043,148,67,67,44,81,23
2023-08-04,1043,145,74,97,47,71,50
2023-08-05,1043,136,69,84,49,67,35
2023-08-06,1043,102,85,95,26,17,69
2023-08-07,1043,118,89,93,34,29,59
2023-08-08,1043,121,79,50,33,42,17
2023-08-09,1043,121,81,80,46,40,34
2023-08-10,1043,105,90,89,36,15,53
2023-08-11,1043,121,90,77,35,31,42
2023-08-12,1043,131,87,98,38,44,60
2023-08-13,1043,101,89,58,41,12,17
2023-08-14,1043,103,76,92,27,27,65
2023-08-15,1043,105,79,96,32,26,64
2023-08-16,1043,125,77,59,34,48,25
2023-08-17,1043,126,78,98,50,48,48
2023-08-18,1043,115,85,99,32,30,67
2023-08-19,1043,131,76,63,44,55,19
2023-08-20,1043,140,73,65,43,67,22
2023-08-21,1043,102,87,53,41,15,12
2023-08-22,1043,144,88,53,36,56,17
2023-08-23,1043,112,72,82,43,40,39
2023-08-24,1043,139,84,65,33,55,32
2023-08-25,1043,109,64,95,31,45,64
2023-08-26,1043,123,80,92,38,43,54
2023-08-27,1043,108,63,63,42,45,21
2023-08-28,1043,132,75,52,40,57,12
2023-08-29,1043,128,67,65,33,61,32
2023-08-30,1043,114,78,57,41,36,16
2023-08-31,1043,107,83,58,40,24,18
2023-09-01,1043,131,94,62,35,37,27
2023-09-02,1043,149,79,73,41,70,32
2023-09-03,1043,111,82,71,42,29,29
2023-09-04,1043,102,83,90,38,19,52
2023-09-05,1043,108,76,73,42,32,31
2023-09-06,1043,124,69,87,37,55,50
2023-09-07,1043,101,66,64,49,35,15
2023-09-08,1043,118,71,88,44,47,44
2023-09-09,1043,142,68,90,44,74,46
2023-09-10,1043,114,86,99,39,28,60
2023-09-11,1043,126,75,88,50,51,38
2023-09-12,1043,135,108,91,37,27,54
2023-09-13,1043,133,68,51,45,65,6
2023-09-14,1043,141,89,73,29,52,44
2023-09-15,1043,135,78,84,31,57,53
2023-09-16,1043,146,96,72,43,50,29
2023-09-17,1043,145,78,91,44,67,47
2023-09-18,1043,118,79,86,46,39,40
2023-09-19,1043,121,82,97,41,39,56
2023-09-20,1043,137,100,87,46,37,41
2023-09-21,1043,108,86,51,42,22,9
2023-09-22,1043,129,80,78,47,49,31
2023-09-23,1043,124,69,50,37,55,13
2023-09-24,1043,141,82,50,38,59,12
2023-09-25,1043,108,73,96,38,35,58
2023-09-26,1043,138,69,83,38,69,45
2023-09-27,1043,141,81,86,34,60,52
2023-09-28,1043,111,71,82,32,40,50
2023-09-29,1043,144,89,66,40,55,26
2023-09-30,1043,143,92,74,39,51,35
2023-10-01,1043,143,79,93,38,64,55
2023-10-02,1043,142,77,60,43,65,17
2023-10-03,1043,127,74,85,28,53,57
2023-10-04,1043,107,76,100,31,31,69
2023-10-05,1043,137,74,52,29,63,23
2023-10-06,1043,109,81,64,47,28,17
2023-10-07,1043,121,83,99,37,38,62
2023-10-08,1043,143,83,82,43,60,39
2023-10-09,1043,122,71,79,39,51,40
2023-10-10,1043,137,70,78,42,67,36
2023-10-11,1043,138,68,100,27,70,73
2023-10-12,1043,104,69,100,42,35,58
2023-10-13,1043,131,73,81,37,58,44
2023-10-14,1043,148,68,63,29,80,34
2023-10-15,1043,127,62,56,47,65,9
2023-10-16,1043,125,77,78,52,48,26
2023-10-17,1043,149,77,86,39,72,47
2023-10-18,1043,102,81,87,35,21,52
2023-10-19,1043,121,83,80,44,38,36
2023-10-20,1043,121,89,53,41,32,12
2023-10-21,1043,110,86,71,37,24,34
2023-10-22,1043,141,74,76,43,67,33
2023-10-23,1043,136,93,98,36,43,62
2023-10-24,1043,149,95,73,50,54,23
2023-10-25,1043,110,76,52,38,34,14
2023-10-26,1043,124,89,99,38,35,61
2023-10-27,1043,124,76,79,33,48,46
2023-10-28,1043,103,88,88,35,15,53
2023-10-29,1043,114,68,89,41,46,48
2023-10-30,1043,108,75,87,47,33,40
2023-10-31,1043,134,85,85,36,49,49
2023-11-01,1043,103,86,75,32,17,43
2023-11-02,1043,121,76,79,49,45,30
2023-11-03,1043,117,77,56,44,40,12
2023-11-04,1043,112,73,53,42,39,11
2023-11-05,1043,108,71,93,33,37,60
2023-11-06,1043,149,82,52,41,67,11
2023-11-07,1043,135,71,55,37,64,18
2023-11-08,1043,127,93,76,38,34,38
2023-11-09,1043,107,87,68,43,20,25
2023-11-10,1043,140,89,78,27,51,51
2023-11-11,1043,142,78,67,42,64,25
2023-11-12,1043,137,73,86,50,64,36
2023-11-13,1043,106,73,89,47,33,42
2023-11-14,1043,113,70,97,42,43,55
2023-11-15,1043,110,77,59,50,33,9
2023-11-16,1043,138,78,70,35,60,35
2023-11-17,1043,126,69,68,43,57,25
2023-11-18,1043,128,79,77,38,49,39
2023-11-19,1043,107,85,76,46,22,30
2023-11-20,1043,124,83,51,33,41,18
2023-11-21,1043,148,89,51,37,59,14
2023-11-22,1043,113,78,94,48,35,46
2023-11-23,1043,119,92,50,39,27,11
2023-11-24,1043,111,82,51,35,29,16
2023-11-25,1043,115,97,68,42,18,26
2023-11-26,1043,137,64,82,33,73,49
2023-11-27,1043,146,77,97,45,69,52
2023-11-28,1043,143,82,72,40,61,32
2023-11-29,1043,105,83,71,39,22,32
2023-11-30,1043,148,92,85,41,56,44
2023-12-01,1043,127,92,99,48,35,51
2023-12-02,1043,136,66,72,37,70,35
2023-12-03,1043,115,88,65,37,27,28
2023-12-04,1043,142,81,60,38,61,22
2023-12-05,1043,130,84,83,42,46,41
2023-12-06,1043,129,81,91,36,48,55
2023-12-07,1043,115,77,100,38,38,62
2023-12-08,1043,134,73,79,39,61,40
2023-12-09,1043,110,74,88,36,36,52
2023-12-10,1043,102,68,76,41,34,35
2023-12-11,1043,101,80,67,38,21,29
2023-12-12,1043,106,77,94,54,29,40
2023-12-13,1043,106,92,64,49,14,15
2023-12-14,1043,104,78,76,41,26,35
2023-12-15,1043,142,88,62,32,54,30
2023-12-16,1043,108,73,55,49,35,6
2023-12-17,1043,109,99,83,32,10,51
2023-12-18,1043,101,76,79,33,25,46
2023-12-19,1043,150,74,71,44,76,27
2023-12-20,1043,141,87,76,32,54,44
2023-12-21,1043,139,86,76,43,53,33
2023-12-22,1043,119,84,97,30,35,67
2023-12-23,1043,125,90,83,38,35,45
2023-12-24,1043,116,87,96,40,29,56
2023-12-25,1043,144,62,92,43,82,49
2023-12-26,1043,135,77,90,37,58,53
2023-12-27,1043,132,78,68,53,54,15
2023-12-28,1043,118,86,79,48,32,31
2023-12-29,1043,114,69,91,45,45,46
2023-12-30,1043,135,78,59,52,57,7
2023-12-31,1043,143,89,99,42,54,57
2023-01-01,1044,104,85,65,41,19,24
2023-01-02,1044,142,80,94,40,62,54
2023-01-03,1044,109,89,56,33,20,23
2023-01-04,1044,107,98,57,41,9,16
2023-01-05,1044,149,74,75,27,75,48
2023-01-06,1044,138,85,96,44,53,52
2023-01-07,1044,113,88,81,56,25,25
2023-01-08,1044,116,85,55,23,31,32
2023-01-09,1044,132,70,52,53,62,-1
2023-01-10,1044,105,88,94,39,17,55
2023-01-11,1044,140,77,89,39,63,50
2023-01-12,1044,104,62,80,36,42,44
2023-01-13,1044,134,85,70,37,49,33
2023-01-14,1044,134,69,70,37,65,33
2023-01-15,1044,116,68,68,38,48,30
2023-01-16,1044,111,61,88,49,50,39
2023-01-17,1044,144,88,73,53,56,20
2023-01-18,1044,146,69,57,35,77,22
2023-01-19,1044,114,75,70,42,39,28
2023-01-20,1044,113,93,66,38,20,28
2023-01-21,1044,145,87,51,39,58,12
2023-01-22,1044,115,64,57,41,51,16
2023-01-23,1044,121,66,88,50,55,38
2023-01-24,1044,145,80,61,33,65,28
2023-01-25,1044,115,82,82,34,33,48
2023-01-26,1044,130,81,86,33,49,53
2023-01-27,1044,121,83,88,34,38,54
2023-01-28,1044,134,84,54,39,50,15
2023-01-29,1044,147,71,80,35,76,45
2023-01-30,1044,149,86,79,44,63,35
2023-01-31,1044,123,71,79,42,52,37
2023-02-01,1044,138,68,91,41,70,50
2023-02-02,1044,106,89,66,50,17,16
2023-02-03,1044,121,80,88,34,41,54
2023-02-04,1044,114,80,83,47,34,36
2023-02-05,1044,110,87,53,41,23,12
2023-02-06,1044,141,90,79,34,51,45
2023-02-07,1044,121,82,55,44,39,11
2023-02-08,1044,141,92,56,48,49,8
2023-02-09,1044,135,94,73,36,41,37
2023-02-10,1044,142,87,54,44,55,10
2023-02-11,1044,139,83,98,38,56,60
2023-02-12,1044,125,74,59,27,51,32
2023-02-13,1044,101,85,88,41,16,47
2023-02-14,1044,136,96,77,36,40,41
2023-02-15,1044,150,64,67,47,86,20
2023-02-16,1044,134,82,50,39,52,11
2023-02-17,1044,126,60,85,33,66,52
2023-02-18,1044,110,58,76,47,52,29
2023-02-19,1044,104,74,97,57,30,40
2023-02-20,1044,145,77,84,25,68,59
2023-02-21,1044,145,83,66,33,62,33
2023-02-22,1044,129,85,74,35,44,39
2023-02-23,1044,109,78,63,48,31,15
2023-02-24,1044,123,85,95,25,38,70
2023-02-25,1044,106,85,56,55,21,1
2023-02-26,1044,146,83,67,36,63,31
2023-02-27,1044,149,96,96,44,53,52
2023-02-28,1044,144,79,87,38,65,49
2023-03-01,1044,148,71,83,37,77,46
2023-03-02,1044,101,85,98,45,16,53
2023-03-03,1044,147,63,84,34,84,50
2023-03-04,1044,118,75,76,41,43,35
2023-03-05,1044,102,87,68,36,15,32
2023-03-06,1044,126,88,61,39,38,22
2023-03-07,1044,112,71,70,39,41,31
2023-03-08,1044,139,78,58,28,61,30
2023-03-09,1044,104,94,50,47,10,3
2023-03-10,1044,134,77,62,44,57,18
2023-03-11,1044,101,75,86,39,26,47
2023-03-12,1044,146,89,74,35,57,39
2023-03-13,1044,132,76,96,27,56,69
2023-03-14,1044,110,89,59,33,21,26
2023-03-15,1044,111,78,78,45,33,33
2023-03-16,1044,148,82,71,33,66,38
2023-03-17,1044,101,91,53,32,10,21
2023-03-18,1044,101,75,69,29,26,40
2023-03-19,1044,134,74,65,44,60,21
2023-03-20,1044,145,75,78,31,70,47
2023-03-21,1044,103,93,52,32,10,20
2023-03-22,1044,104,85,52,36,19,16
2023-03-23,1044,140,83,59,39,57,20
2023-03-24,1044,138,78,52,36,60,16
2023-03-25,1044,102,84,70,41,18,29
2023-03-26,1044,129,76,64,41,53,23
2023-03-27,1044,117,87,57,36,30,21
2023-03-28,1044,141,86,88,43,55,45
2023-03-29,1044,103,108,74,40,-5,34
2023-03-30,1044,145,79,74,40,66,34
2023-03-31,1044,110,74,54,33,36,21
2023-04-01,1044,138,89,65,41,49,24
2023-04-02,1044,146,77,100,47,69,53
2023-04-03,1044,108,83,98,52,25,46
2023-04-04,1044,100,67,84,45,33,39
2023-04-05,1044,145,100,92,41,45,51
2023-04-06,1044,149,72,65,38,77,27
2023-04-07,1044,114,79,87,48,35,39
2023-04-08,1044,126,73,65,48,53,17
2023-04-09,1044,115,94,50,47,21,3
2023-04-10,1044,107,80,72,39,27,33
2023-04-11,1044,122,81,89,36,41,53
2023-04-12,1044,135,82,67,33,53,34
2023-04-13,1044,124,78,85,44,46,41
2023-04-14,1044,124,62,69,34,62,35
2023-04-15,1044,117,71,88,40,46,48
2023-04-16,1044,129,80,59,41,49,18
2023-04-17,1044,130,69,98,37,61,61
2023-04-18,1044,137,69,73,37,68,36
2023-04-19,1044,146,87,96,34,59,62
2023-04-20,1044,118,68,83,28,50,55
2023-04-21,1044,131,95,87,33,36,54
2023-04-22,1044,148,80,82,34,68,48
2023-04-23,1044,146,76,78,36,70,42
2023-04-24,1044,123,89,84,32,34,52
2023-04-25,1044,146,75,90,44,71,46
2023-04-26,1044,135,62,57,32,73,25
2023-04-27,1044,127,83,94,34,44,60
2023-04-28,1044,105,65,98,44,40,54
2023-04-29,1044,148,76,75,37,72,38
2023-04-30,1044,113,69,64,28,44,36
2023-05-01,1044,103,85,51,44,18,7
2023-05-02,1044,135,75,62,45,60,17
2023-05-03,1044,133,62,83,33,71,50
2023-05-04,1044,104,67,55,37,37,18
2023-05-05,1044,126,84,87,39,42,48
2023-05-06,1044,122,94,90,50,28,40
2023-05-07,1044,132,76,51,33,56,18
2023-05-08,1044,150,88,51,43,62,8
2023-05-09,1044,127,74,68,47,53,21
2023-05-10,1044,149,84,75,49,65,26
2023-05-11,1044,102,82,53,43,20,10
2023-05-12,1044,102,82,78,45,20,33
2023-05-13,1044,150,59,85,35,91,50
2023-05-14,1044,145,89,97,40,56,57
2023-05-15,1044,131,72,85,50,59,35
2023-05-16,1044,140,89,55,55,51,0
2023-05-17,1044,115,87,83,47,28,36
2023-05-18,1044,150,85,60,30,65,30
2023-05-19,1044,129,89,97,44,40,53
2023-05-20,1044,115,83,85,45,32,40
2023-05-21,1044,149,89,73,44,60,29
2023-05-22,1044,113,91,79,38,22,41
2023-05-23,1044,129,81,84,40,48,44
2023-05-24,1044,105,70,85,42,35,43
2023-05-25,1044,147,83,96,40,64,56
2023-05-26,1044,136,75,90,36,61,54
2023-05-27,1044,119,87,80,30,32,50
2023-05-28,1044,135,69,95,42,66,53
2023-05-29,1044,129,89,53,42,40,11
2023-05-30,1044,130,85,80,42,45,38
2023-05-31,1044,100,73,86,42,27,44
2023-06-01,1044,141,70,54,32,71,22
2023-06-02,1044,101,84,52,50,17,2
2023-06-03,1044,113,92,99,35,21,64
2023-06-04,1044,132,69,89,33,63,56
2023-06-05,1044,109,75,64,36,34,28
2023-06-06,1044,114,65,91,46,49,45
2023-06-07,1044,126,76,61,41,50,20
2023-06-08,1044,119,67,93,46,52,47
2023-06-09,1044,140,82,78,47,58,31
2023-06-10,1044,138,69,75,35,69,40
2023-06-11,1044,125,87,92,32,38,60
2023-06-12,1044,139,81,51,38,58,13
2023-06-13,1044,114,75,90,48,39,42
2023-06-14,1044,108,98,100,51,10,49
2023-06-15,1044,105,103,87,37,2,50
2023-06-16,1044,105,78,51,34,27,17
2023-06-17,1044,128,89,54,47,39,7
2023-06-18,1044,146,77,52,48,69,4
2023-06-19,1044,146,80,91,47,66,44
2023-06-20,1044,106,78,53,33,28,20
2023-06-21,1044,134,62,55,48,72,7
2023-06-22,1044,149,87,83,30,62,53
2023-06-23,1044,134,81,74,47,53,27
2023-06-24,1044,105,70,81,45,35,36
2023-06-25,1044,135,74,89,39,61,50
2023-06-26,1044,135,82,57,34,53,23
2023-06-27,1044,146,74,55,42,72,13
2023-06-28,1044,103,82,88,38,21,50
2023-06-29,1044,103,79,95,42,24,53
2023-06-30,1044,103,95,89,49,8,40
2023-07-01,1044,131,62,77,35,69,42
2023-07-02,1044,149,76,94,59,73,35
2023-07-03,1044,111,64,59,47,47,12
2023-07-04,1044,118,70,92,28,48,64
2023-07-05,1044,100,71,71,48,29,23
2023-07-06,1044,144,51,60,36,93,24
2023-07-07,1044,111,82,85,39,29,46
2023-07-08,1044,150,74,98,48,76,50
2023-07-09,1044,102,75,72,42,27,30
2023-07-10,1044,113,60,61,27,53,34
2023-07-11,1044,148,118,82,40,30,42
2023-07-12,1044,134,90,64,43,44,21
2023-07-13,1044,101,94,82,37,7,45
2023-07-14,1044,131,76,88,33,55,55
2023-07-15,1044,132,88,78,34,44,44
2023-07-16,1044,150,72,81,46,78,35
2023-07-17,1044,134,88,74,46,46,28
2023-07-18,1044,107,94,54,35,13,19
2023-07-19,1044,108,80,51,39,28,12
2023-07-20,1044,149,79,70,54,70,16
2023-07-21,1044,140,77,77,30,63,47
2023-07-22,1044,137,66,63,58,71,5
2023-07-23,1044,133,76,52,43,57,9
2023-07-24,1044,127,80,70,47,47,23
2023-07-25,1044,126,82,76,33,44,43
2023-07-26,1044,110,77,72,36,33,36
2023-07-27,1044,130,72,75,45,58,30
2023-07-28,1044,101,87,59,42,14,17
2023-07-29,1044,103,90,62,38,13,24
2023-07-30,1044,101,77,59,43,24,16
2023-07-31,1044,121,80,89,42,41,47
2023-08-01,1044,135,87,79,41,48,38
2023-08-02,1044,145,74,57,32,71,25
2023-08-03,1044,110,94,92,32,16,60
2023-08-04,1044,106,75,62,43,31,19
2023-08-05,1044,134,80,97,35,54,62
2023-08-06,1044,101,75,75,36,26,39
2023-08-07,1044,113,71,86,38,42,48
2023-08-08,1044,128,86,73,52,42,21
2023-08-09,1044,113,78,89,33,35,56
2023-08-10,1044,126,94,85,50,32,35
2023-08-11,1044,100,85,74,44,15,30
2023-08-12,1044,106,89,73,45,17,28
2023-08-13,1044,145,75,65,37,70,28
2023-08-14,1044,124,80,96,40,44,56
2023-08-15,1044,127,81,74,40,46,34
2023-08-16,1044,141,72,78,57,69,21
2023-08-17,1044,137,84,85,39,53,46
2023-08-18,1044,108,74,70,36,34,34
2023-08-19,1044,141,74,56,39,67,17
2023-08-20,1044,104,68,59,46,36,13
2023-08-21,1044,128,79,90,39,49,51
2023-08-22,1044,128,72,99,39,56,60
2023-08-23,1044,140,80,96,44,60,52
2023-08-24,1044,147,77,88,40,70,48
2023-08-25,1044,128,78,94,44,50,50
2023-08-26,1044,147,72,89,49,75,40
2023-08-27,1044,140,90,62,37,50,25
2023-08-28,1044,146,82,58,34,64,24
2023-08-29,1044,128,85,51,38,43,13
2023-08-30,1044,109,74,83,32,35,51
2023-08-31,1044,107,85,90,40,22,50
2023-09-01,1044,100,93,77,40,7,37
2023-09-02,1044,131,77,83,36,54,47
2023-09-03,1044,112,68,82,40,44,42
2023-09-04,1044,117,78,80,38,39,42
2023-09-05,1044,107,78,90,36,29,54
2023-09-06,1044,123,88,64,46,35,18
2023-09-07,1044,150,82,85,35,68,50
2023-09-08,1044,108,77,97,55,31,42
2023-09-09,1044,146,86,91,47,60,44
2023-09-10,1044,138,85,52,31,53,21
2023-09-11,1044,124,106,95,38,18,57
2023-09-12,1044,142,68,55,33,74,22
2023-09-13,1044,126,82,56,46,44,10
2023-09-14,1044,130,71,67,41,59,26
2023-09-15,1044,106,66,75,40,40,35
2023-09-16,1044,103,75,54,46,28,8
2023-09-17,1044,148,75,95,39,73,56
2023-09-18,1044,147,85,90,37,62,53
2023-09-19,1044,131,81,84,36,50,48
2023-09-20,1044,131,71,57,44,60,13
2023-09-21,1044,137,89,95,38,48,57
2023-09-22,1044,106,96,83,34,10,49
2023-09-23,1044,123,84,75,56,39,19
2023-09-24,1044,101,72,85,46,29,39
2023-09-25,1044,117,80,58,42,37,16
2023-09-26,1044,142,69,93,37,73,56
2023-09-27,1044,137,95,94,35,42,59
2023-09-28,1044,105,77,95,43,28,52
2023-09-29,1044,100,87,51,41,13,10
2023-09-30,1044,140,80,75,44,60,31
2023-10-01,1044,145,63,74,28,82,46
2023-10-02,1044,141,86,96,38,55,58
2023-10-03,1044,125,70,100,37,55,63
2023-10-04,1044,108,78,53,50,30,3
2023-10-05,1044,137,77,50,49,60,1
2023-10-06,1044,124,77,100,51,47,49
2023-10-07,1044,142,76,80,31,66,49
2023-10-08,1044,126,71,52,45,55,7
2023-10-09,1044,129,85,87,43,44,44
2023-10-10,1044,129,63,55,43,66,12
2023-10-11,1044,118,84,90,45,34,45
2023-10-12,1044,113,82,64,50,31,14
2023-10-13,1044,101,70,61,39,31,22
2023-10-14,1044,109,81,98,47,28,51
2023-10-15,1044,129,100,76,38,29,38
2023-10-16,1044,139,83,70,37,56,33
2023-10-17,1044,120,83,74,51,37,23
2023-10-18,1044,139,64,65,49,75,16
2023-10-19,1044,101,84,94,34,17,60
2023-10-20,1044,124,90,65,46,34,19
2023-10-21,1044,141,79,99,43,62,56
2023-10-22,1044,125,77,69,45,48,24
2023-10-23,1044,121,77,89,52,44,37
2023-10-24,1044,118,76,60,42,42,18
2023-10-25,1044,143,74,87,38,69,49
2023-10-26,1044,109,99,66,41,10,25
2023-10-27,1044,121,91,99,49,30,50
2023-10-28,1044,131,72,94,47,59,47
2023-10-29,1044,122,78,54,42,44,12
2023-10-30,1044,142,92,77,44,50,33
2023-10-31,1044,144,75,92,44,69,48
2023-11-01,1044,102,68,62,49,34,13
2023-11-02,1044,149,78,56,49,71,7
2023-11-03,1044,142,104,70,37,38,33
2023-11-04,1044,121,79,75,38,42,37
2023-11-05,1044,126,70,92,45,56,47
2023-11-06,1044,148,70,96,55,78,41
2023-11-07,1044,100,65,96,38,35,58
2023-11-08,1044,102,89,95,55,13,40
2023-11-09,1044,124,62,62,36,62,26
2023-11-10,1044,134,70,69,41,64,28
2023-11-11,1044,121,94,51,37,27,14
2023-11-12,1044,136,79,89,30,57,59
2023-11-13,1044,111,88,73,28,23,45
2023-11-14,1044,143,88,75,50,55,25
2023-11-15,1044,106,76,60,38,30,22
2023-11-16,1044,143,81,70,48,62,22
2023-11-17,1044,101,90,59,36,11,23
2023-11-18,1044,128,73,85,58,55,27
2023-11-19,1044,108,69,84,47,39,37
2023-11-20,1044,123,77,82,52,46,30
2023-11-21,1044,112,83,92,34,29,58
2023-11-22,1044,150,71,88,35,79,53
2023-11-23,1044,114,92,73,42,22,31
2023-11-24,1044,116,94,58,43,22,15
2023-11-25,1044,125,92,95,43,33,52
2023-11-26,1044,103,77,62,28,26,34
2023-11-27,1044,104,99,90,37,5,53
2023-11-28,1044,127,79,83,35,48,48
2023-11-29,1044,148,100,69,53,48,16
2023-11-30,1044,144,82,51,40,62,11
2023-12-01,1044,118,76,68,35,42,33
2023-12-02,1044,130,94,93,31,36,62
2023-12-03,1044,126,98,52,44,28,8
2023-12-04,1044,144,85,80,46,59,34
2023-12-05,1044,118,61,83,34,57,49
2023-12-06,1044,109,92,56,34,17,22
2023-12-07,1044,100,89,65,56,11,9
2023-12-08,1044,113,87,70,48,26,22
2023-12-09,1044,108,81,94,31,27,63
2023-12-10,1044,149,78,64,59,71,5
2023-12-11,1044,136,69,76,29,67,47
2023-12-12,1044,149,86,96,48,63,48
2023-12-13,1044,123,66,66,47,57,19
2023-12-14,1044,150,60,64,43,90,21
2023-12-15,1044,121,90,78,42,31,36
2023-12-16,1044,132,88,99,46,44,53
2023-12-17,1044,134,88,59,48,46,11
2023-12-18,1044,137,90,52,53,47,-1
2023-12-19,1044,135,75,63,41,60,22
2023-12-20,1044,125,61,58,42,64,16
2023-12-21,1044,128,67,58,29,61,29
2023-12-22,1044,118,72,85,40,46,45
2023-12-23,1044,124,80,82,40,44,42
2023-12-24,1044,125,87,60,34,38,26
2023-12-25,1044,118,67,77,38,51,39
2023-12-26,1044,142,79,54,37,63,17
2023-12-27,1044,146,68,60,39,78,21
2023-12-28,1044,142,98,84,39,44,45
2023-12-29,1044,113,94,64,50,19,14
2023-12-30,1044,108,92,54,36,16,18
2023-12-31,1044,101,84,57,26,17,31
2023-01-01,1045,109,73,60,39,36,21
2023-01-02,1045,142,72,54,35,70,19
2023-01-03,1045,125,75,94,30,50,64
2023-01-04,1045,110,78,79,54,32,25
2023-01-05,1045,116,88,78,39,28,39
2023-01-06,1045,150,72,93,35,78,58
2023-01-07,1045,142,90,80,46,52,34
2023-01-08,1045,102,75,88,40,27,48
2023-01-09,1045,127,90,55,42,37,13
2023-01-10,1045,116,92,71,35,24,36
2023-01-11,1045,140,78,63,34,62,29
2023-01-12,1045,115,81,88,42,34,46
2023-01-13,1045,124,75,94,45,49,49
2023-01-14,1045,126,84,79,32,42,47
2023-01-15,1045,112,74,90,41,38,49
2023-01-16,1045,109,76,66,33,33,33
2023-01-17,1045,149,75,78,32,74,46
2023-01-18,1045,146,69,80,40,77,40
2023-01-19,1045,112,74,51,43,38,8
2023-01-20,1045,145,75,78,40,70,38
2023-01-21,1045,122,84,70,44,38,26
2023-01-22,1045,143,74,50,35,69,15
2023-01-23,1045,123,75,56,36,48,20
2023-01-24,1045,110,75,67,43,35,24
2023-01-25,1045,134,82,70,40,52,30
2023-01-26,1045,104,95,81,46,9,35
2023-01-27,1045,126,56,81,33,70,48
2023-01-28,1045,128,91,51,40,37,11
2023-01-29,1045,121,70,89,35,51,54
2023-01-30,1045,119,77,50,36,42,14
2023-01-31,1045,113,76,73,47,37,26
2023-02-01,1045,105,97,100,44,8,56
2023-02-02,1045,119,79,74,38,40,36
2023-02-03,1045,134,72,76,40,62,36
2023-02-04,1045,124,86,84,44,38,40
2023-02-05,1045,123,79,68,38,44,30
2023-02-06,1045,133,88,52,45,45,7
2023-02-07,1045,122,88,53,45,34,8
2023-02-08,1045,125,73,51,41,52,10
2023-02-09,1045,127,72,79,40,55,39
2023-02-10,1045,124,92,62,39,32,23
2023-02-11,1045,146,78,76,36,68,40
2023-02-12,1045,141,89,91,43,52,48
2023-02-13,1045,143,75,76,39,68,37
2023-02-14,1045,139,79,94,51,60,43
2023-02-15,1045,128,72,56,50,56,6
2023-02-16,1045,102,68,90,51,34,39
2023-02-17,1045,132,86,54,40,46,14
2023-02-18,1045,131,76,80,50,55,30
2023-02-19,1045,149,80,55,45,69,10
2023-02-20,1045,149,72,54,46,77,8
2023-02-21,1045,120,82,67,47,38,20
2023-02-22,1045,108,72,78,52,36,26
2023-02-23,1045,132,78,64,45,54,19
2023-02-24,1045,118,83,75,47,35,28
2023-02-25,1045,120,89,69,37,31,32
2023-02-26,1045,114,75,87,40,39,47
2023-02-27,1045,104,87,70,24,17,46
2023-02-28,1045,108,73,58,42,35,16
2023-03-01,1045,113,79,64,47,34,17
2023-03-02,1045,101,91,76,42,10,34
2023-03-03,1045,106,65,59,42,41,17
2023-03-04,1045,141,94,100,31,47,69
2023-03-05,1045,109,85,64,48,24,16
2023-03-06,1045,112,88,94,32,24,62
2023-03-07,1045,101,77,55,35,24,20
2023-03-08,1045,123,81,85,30,42,55
2023-03-09,1045,123,80,100,39,43,61
2023-03-10,1045,122,90,86,45,32,41
2023-03-11,1045,139,75,61,36,64,25
2023-03-12,1045,126,82,97,34,44,63
2023-03-13,1045,137,76,76,38,61,38
2023-03-14,1045,112,97,75,41,15,34
2023-03-15,1045,135,73,97,36,62,61
2023-03-16,1045,137,82,86,37,55,49
2023-03-17,1045,112,78,68,29,34,39
2023-03-18,1045,145,67,80,29,78,51
2023-03-19,1045,147,81,72,42,66,30
2023-03-20,1045,138,87,82,40,51,42
2023-03-21,1045,117,83,78,42,34,36
2023-03-22,1045,110,78,74,50,32,24
2023-03-23,1045,142,81,66,43,61,23
2023-03-24,1045,143,76,83,40,67,43
2023-03-25,1045,127,80,79,44,47,35
2023-03-26,1045,101,73,98,43,28,55
2023-03-27,1045,106,87,78,49,19,29
2023-03-28,1045,118,100,74,46,18,28
2023-03-29,1045,119,78,63,32,41,31
2023-03-30,1045,105,65,50,47,40,3
2023-03-31,1045,120,83,82,52,37,30
2023-04-01,1045,142,85,82,37,57,45
2023-04-02,1045,148,71,68,41,77,27
2023-04-03,1045,128,70,98,41,58,57
2023-04-04,1045,147,91,55,49,56,6
2023-04-05,1045,127,83,63,40,44,23
2023-04-06,1045,109,97,55,44,12,11
2023-04-07,1045,145,78,72,38,67,34
2023-04-08,1045,119,96,86,36,23,50
2023-04-09,1045,133,74,90,35,59,55
2023-04-10,1045,150,76,94,44,74,50
2023-04-11,1045,100,58,59,43,42,16
2023-04-12,1045,150,79,69,38,71,31
2023-04-13,1045,126,93,94,35,33,59
2023-04-14,1045,125,92,66,52,33,14
2023-04-15,1045,145,81,90,37,64,53
2023-04-16,1045,148,87,99,38,61,61
2023-04-17,1045,140,71,51,30,69,21
2023-04-18,1045,131,88,57,45,43,12
2023-04-19,1045,113,79,62,33,34,29
2023-04-20,1045,101,78,54,40,23,14
2023-04-21,1045,113,81,63,40,32,23
2023-04-22,1045,103,76,57,29,27,28
2023-04-23,1045,141,83,95,38,58,57
2023-04-24,1045,134,63,100,37,71,63
2023-04-25,1045,131,77,68,48,54,20
2023-04-26,1045,117,74,82,43,43,39
2023-04-27,1045,117,83,67,45,34,22
2023-04-28,1045,120,80,65,24,40,41
2023-04-29,1045,100,82,50,35,18,15
2023-04-30,1045,100,81,83,39,19,44
2023-05-01,1045,102,77,88,39,25,49
2023-05-02,1045,131,65,75,28,66,47
2023-05-03,1045,112,96,71,34,16,37
2023-05-04,1045,133,76,70,39,57,31
2023-05-05,1045,136,75,80,37,61,43
2023-05-06,1045,107,81,97,29,26,68
2023-05-07,1045,128,80,59,43,48,16
2023-05-08,1045,144,78,100,34,66,66
2023-05-09,1045,108,82,78,42,26,36
2023-05-10,1045,100,89,74,42,11,32
2023-05-11,1045,116,74,54,34,42,20
2023-05-12,1045,118,68,67,44,50,23
2023-05-13,1045,111,71,54,53,40,1
2023-05-14,1045,142,90,53,40,52,13
2023-05-15,1045,127,71,70,25,56,45
2023-05-16,1045,145,81,85,25,64,60
2023-05-17,1045,134,76,83,46,58,37
2023-05-18,1045,103,83,63,40,20,23
2023-05-19,1045,109,79,59,38,30,21
2023-05-20,1045,101,92,82,43,9,39
2023-05-21,1045,126,81,85,39,45,46
2023-05-22,1045,140,85,89,34,55,55
2023-05-23,1045,112,93,64,35,19,29
2023-05-24,1045,140,77,91,32,63,59
2023-05-25,1045,110,69,61,41,41,20
2023-05-26,1045,126,87,77,24,39,53
2023-05-27,1045,100,87,51,34,13,17
2023-05-28,1045,107,72,58,39,35,19
2023-05-29,1045,120,75,64,41,45,23
2023-05-30,1045,130,77,78,36,53,42
2023-05-31,1045,150,86,86,31,64,55
2023-06-01,1045,125,80,86,28,45,58
2023-06-02,1045,107,88,92,34,19,58
2023-06-03,1045,123,74,75,45,49,30
2023-06-04,1045,146,76,96,43,70,53
2023-06-05,1045,139,63,73,50,76,23
2023-06-06,1045,150,90,84,41,60,43
2023-06-07,1045,102,80,70,51,22,19
2023-06-08,1045,128,72,56,38,56,18
2023-06-09,1045,110,78,53,45,32,8
2023-06-10,1045,113,88,89,32,25,57
2023-06-11,1045,145,90,62,37,55,25
2023-06-12,1045,122,94,56,43,28,13
2023-06-13,1045,145,79,82,31,66,51
2023-06-14,1045,130,77,62,53,53,9
2023-06-15,1045,146,97,58,39,49,19
2023-06-16,1045,148,81,93,46,67,47
2023-06-17,1045,119,85,98,39,34,59
2023-06-18,1045,115,74,97,38,41,59
2023-06-19,1045,145,86,98,40,59,58
2023-06-20,1045,135,75,64,37,60,27
2023-06-21,1045,134,84,80,48,50,32
2023-06-22,1045,120,78,64,38,42,26
2023-06-23,1045,141,82,100,41,59,59
2023-06-24,1045,112,73,64,39,39,25
2023-06-25,1045,139,81,88,53,58,35
2023-06-26,1045,129,71,87,37,58,50
2023-06-27,1045,115,98,90,34,17,56
2023-06-28,1045,104,80,85,46,24,39
2023-06-29,1045,101,88,71,51,13,20
2023-06-30,1045,126,73,83,30,53,53
2023-07-01,1045,116,74,84,51,42,33
2023-07-02,1045,109,96,52,35,13,17
2023-07-03,1045,103,76,58,49,27,9
2023-07-04,1045,132,76,51,38,56,13
2023-07-05,1045,130,73,67,38,57,29
2023-07-06,1045,129,84,53,49,45,4
2023-07-07,1045,138,75,58,44,63,14
2023-07-08,1045,130,80,78,52,50,26
2023-07-09,1045,119,79,68,38,40,30
2023-07-10,1045,145,72,78,30,73,48
2023-07-11,1045,135,85,66,50,50,16
2023-07-12,1045,137,90,67,33,47,34
2023-07-13,1045,108,72,97,38,36,59
2023-07-14,1045,137,86,75,41,51,34
2023-07-15,1045,115,62,82,31,53,51
2023-07-16,1045,139,71,80,39,68,41
2023-07-17,1045,137,89,70,41,48,29
2023-07-18,1045,135,68,53,34,67,19
2023-07-19,1045,134,69,74,29,65,45
2023-07-20,1045,125,78,87,40,47,47
2023-07-21,1045,129,81,62,43,48,19
2023-07-22,1045,116,71,52,40,45,12
2023-07-23,1045,102,81,68,39,21,29
2023-07-24,1045,115,57,56,36,58,20
2023-07-25,1045,102,82,64,36,20,28
2023-07-26,1045,107,72,72,49,35,23
2023-07-27,1045,126,74,72,39,52,33
2023-07-28,1045,121,76,82,32,45,50
2023-07-29,1045,120,66,91,50,54,41
2023-07-30,1045,114,82,87,44,32,43
2023-07-31,1045,117,73,75,42,44,33
2023-08-01,1045,138,88,52,46,50,6
2023-08-02,1045,133,75,86,44,58,42
2023-08-03,1045,108,87,71,46,21,25
2023-08-04,1045,117,83,76,40,34,36
2023-08-05,1045,105,69,68,43,36,25
2023-08-06,1045,137,81,51,58,56,-7
2023-08-07,1045,114,64,74,45,50,29
2023-08-08,1045,149,84,93,44,65,49
2023-08-09,1045,113,81,71,37,32,34
2023-08-10,1045,102,77,78,49,25,29
2023-08-11,1045,106,84,76,35,22,41
2023-08-12,1045,129,90,78,43,39,35
2023-08-13,1045,129,72,67,40,57,27
2023-08-14,1045,136,66,93,45,70,48
2023-08-15,1045,117,77,85,42,40,43
2023-08-16,1045,106,78,57,37,28,20
2023-08-17,1045,101,76,95,39,25,56
2023-08-18,1045,110,86,100,39,24,61
2023-08-19,1045,122,65,70,36,57,34
2023-08-20,1045,102,80,89,35,22,54
2023-08-21,1045,101,80,57,50,21,7
2023-08-22,1045,101,75,60,37,26,23
2023-08-23,1045,148,70,80,44,78,36
2023-08-24,1045,130,60,78,41,70,37
2023-08-25,1045,128,71,84,37,57,47
2023-08-26,1045,136,80,94,41,56,53
2023-08-27,1045,141,102,90,35,39,55
2023-08-28,1045,117,70,87,47,47,40
2023-08-29,1045,140,84,61,24,56,37
2023-08-30,1045,124,71,59,41,53,18
2023-08-31,1045,113,79,70,35,34,35
2023-09-01,1045,143,98,69,33,45,36
2023-09-02,1045,145,86,71,51,59,20
2023-09-03,1045,132,90,75,40,42,35
2023-09-04,1045,139,81,85,42,58,43
2023-09-05,1045,121,71,87,41,50,46
2023-09-06,1045,105,90,51,55,15,-4
2023-09-07,1045,145,91,94,49,54,45
2023-09-08,1045,119,63,99,43,56,56
2023-09-09,1045,148,85,100,38,63,62
2023-09-10,1045,129,71,76,33,58,43
2023-09-11,1045,112,61,64,36,51,28
2023-09-12,1045,132,58,86,41,74,45
2023-09-13,1045,106,87,55,38,19,17
2023-09-14,1045,121,76,69,42,45,27
2023-09-15,1045,113,93,84,40,20,44
2023-09-16,1045,131,79,90,38,52,52
2023-09-17,1045,126,72,60,36,54,24
2023-09-18,1045,122,90,69,45,32,24
2023-09-19,1045,116,95,96,56,21,40
2023-09-20,1045,134,85,73,47,49,26
2023-09-21,1045,103,86,68,42,17,26
2023-09-22,1045,110,97,69,35,13,34
2023-09-23,1045,115,87,91,46,28,45
2023-09-24,1045,136,60,82,42,76,40
2023-09-25,1045,142,81,54,43,61,11
2023-09-26,1045,113,80,73,41,33,32
2023-09-27,1045,126,96,93,37,30,56
2023-09-28,1045,148,88,71,39,60,32
2023-09-29,1045,127,91,59,45,36,14
2023-09-30,1045,134,76,57,45,58,12
2023-10-01,1045,134,83,60,45,51,15
2023-10-02,1045,126,85,94,44,41,50
2023-10-03,1045,110,75,70,49,35,21
2023-10-04,1045,147,99,66,43,48,23
2023-10-05,1045,149,74,66,41,75,25
2023-10-06,1045,122,82,90,44,40,46
2023-10-07,1045,138,77,88,36,61,52
2023-10-08,1045,129,90,92,51,39,41
2023-10-09,1045,135,95,53,36,40,17
2023-10-10,1045,120,69,96,27,51,69
2023-10-11,1045,141,97,83,29,44,54
2023-10-12,1045,120,83,88,44,37,44
2023-10-13,1045,128,75,65,36,53,29
2023-10-14,1045,100,87,67,35,13,32
2023-10-15,1045,109,82,95,38,27,57
2023-10-16,1045,135,73,96,48,62,48
2023-10-17,1045,125,82,94,30,43,64
2023-10-18,1045,102,78,80,42,24,38
2023-10-19,1045,135,96,90,41,39,49
2023-10-20,1045,129,76,59,39,53,20
2023-10-21,1045,120,71,91,46,49,45
2023-10-22,1045,144,84,80,31,60,49
2023-10-23,1045,141,81,71,41,60,30
2023-10-24,1045,119,85,84,46,34,38
2023-10-25,1045,145,65,78,46,80,32
2023-10-26,1045,129,91,64,44,38,20
2023-10-27,1045,102,86,83,41,16,42
2023-10-28,1045,147,80,64,35,67,29
2023-10-29,1045,108,83,54,33,25,21
2023-10-30,1045,102,77,100,36,25,64
2023-10-31,1045,104,83,91,40,21,51
2023-11-01,1045,100,76,54,36,24,18
2023-11-02,1045,142,80,81,32,62,49
2023-11-03,1045,138,86,94,42,52,52
2023-11-04,1045,145,71,89,40,74,49
2023-11-05,1045,118,77,100,43,41,57
2023-11-06,1045,116,64,93,41,52,52
2023-11-07,1045,146,88,90,41,58,49
2023-11-08,1045,120,89,74,34,31,40
2023-11-09,1045,120,94,56,44,26,12
2023-11-10,1045,105,72,87,33,33,54
2023-11-11,1045,137,93,99,43,44,56
2023-11-12,1045,136,72,65,37,64,28
2023-11-13,1045,119,74,79,31,45,48
2023-11-14,1045,108,64,77,39,44,38
2023-11-15,1045,102,75,63,34,27,29
2023-11-16,1045,132,77,68,43,55,25
2023-11-17,1045,125,88,61,32,37,29
2023-11-18,1045,127,83,58,35,44,23
2023-11-19,1045,101,70,66,35,31,31
2023-11-20,1045,142,95,78,38,47,40
2023-11-21,1045,106,83,88,51,23,37
2023-11-22,1045,137,76,53,40,61,13
2023-11-23,1045,134,82,99,45,52,54
2023-11-24,1045,135,78,54,43,57,11
2023-11-25,1045,135,82,97,32,53,65
2023-11-26,1045,114,70,90,46,44,44
2023-11-27,1045,110,70,62,46,40,16
2023-11-28,1045,136,78,95,39,58,56
2023-11-29,1045,137,86,58,43,51,15
2023-11-30,1045,104,70,93,26,34,67
2023-12-01,1045,140,83,88,42,57,46
2023-12-02,1045,113,96,58,43,17,15
2023-12-03,1045,148,78,73,20,70,53
2023-12-04,1045,104,93,66,60,11,6
2023-12-05,1045,148,90,58,51,58,7
2023-12-06,1045,133,68,89,41,65,48
2023-12-07,1045,101,87,55,29,14,26
2023-12-08,1045,117,70,91,39,47,52
2023-12-09,1045,107,77,65,47,30,18
2023-12-10,1045,122,86,69,38,36,31
2023-12-11,1045,100,90,74,39,10,35
2023-12-12,1045,134,65,70,38,69,32
2023-12-13,1045,146,75,51,35,71,16
2023-12-14,1045,130,100,60,35,30,25
2023-12-15,1045,130,64,96,37,66,59
2023-12-16,1045,142,78,85,41,64,44
2023-12-17,1045,105,78,76,37,27,39
2023-12-18,1045,124,80,60,37,44,23
2023-12-19,1045,138,70,62,47,68,15
2023-12-20,1045,108,73,79,31,35,48
2023-12-21,1045,104,91,50,34,13,16
2023-12-22,1045,129,79,78,36,50,42
2023-12-23,1045,123,76,82,44,47,38
2023-12-24,1045,149,75,51,38,74,13
2023-12-25,1045,122,78,88,49,44,39
2023-12-26,1045,119,77,95,38,42,57
2023-12-27,1045,106,81,88,33,25,55
2023-12-28,1045,124,72,87,46,52,41
2023-12-29,1045,107,81,75,51,26,24
2023-12-30,1045,134,72,83,29,62,54
2023-12-31,1045,106,75,84,29,31,55
2023-01-01,1046,109,77,52,33,32,19
2023-01-02,1046,124,89,73,35,35,38
2023-01-03,1046,136,76,64,46,60,18
2023-01-04,1046,130,72,97,40,58,57
2023-01-05,1046,120,94,80,39,26,41
2023-01-06,1046,117,91,99,40,26,59
2023-01-07,1046,104,81,50,41,23,9
2023-01-08,1046,133,81,53,38,52,15
2023-01-09,1046,114,89,57,40,25,17
2023-01-10,1046,105,82,98,41,23,57
2023-01-11,1046,100,71,97,49,29,48
2023-01-12,1046,126,78,95,28,48,67
2023-01-13,1046,139,72,68,45,67,23
2023-01-14,1046,141,79,95,40,62,55
2023-01-15,1046,127,72,76,42,55,34
2023-01-16,1046,146,71,59,44,75,15
2023-01-17,1046,143,61,85,32,82,53
2023-01-18,1046,144,76,53,52,68,1
2023-01-19,1046,114,78,75,50,36,25
2023-01-20,1046,112,87,97,36,25,61
2023-01-21,1046,140,90,96,41,50,55
2023-01-22,1046,111,82,54,40,29,14
2023-01-23,1046,126,86,92,47,40,45
2023-01-24,1046,126,73,59,43,53,16
2023-01-25,1046,143,68,83,34,75,49
2023-01-26,1046,105,72,70,44,33,26
2023-01-27,1046,141,78,96,38,63,58
2023-01-28,1046,131,95,70,44,36,26
2023-01-29,1046,111,78,94,38,33,56
2023-01-30,1046,142,69,74,35,73,39
2023-01-31,1046,145,100,98,35,45,63
2023-02-01,1046,135,77,80,31,58,49
2023-02-02,1046,144,80,62,44,64,18
2023-02-03,1046,120,88,83,36,32,47
2023-02-04,1046,134,76,52,45,58,7
2023-02-05,1046,126,74,74,45,52,29
2023-02-06,1046,150,65,58,35,85,23
2023-02-07,1046,107,60,90,39,47,51
2023-02-08,1046,115,89,57,30,26,27
2023-02-09,1046,143,88,66,40,55,26
2023-02-10,1046,113,73,97,51,40,46
2023-02-11,1046,115,77,67,44,38,23
2023-02-12,1046,148,79,75,32,69,43
2023-02-13,1046,138,66,88,48,72,40
2023-02-14,1046,120,77,100,45,43,55
2023-02-15,1046,104,78,91,42,26,49
2023-02-16,1046,143,71,73,39,72,34
2023-02-17,1046,126,96,58,36,30,22
2023-02-18,1046,148,80,94,39,68,55
2023-02-19,1046,128,90,57,34,38,23
2023-02-20,1046,111,66,83,41,45,42
2023-02-21,1046,101,93,58,36,8,22
2023-02-22,1046,143,103,78,36,40,42
2023-02-23,1046,106,72,51,42,34,9
2023-02-24,1046,115,71,79,34,44,45
2023-02-25,1046,109,69,96,47,40,49
2023-02-26,1046,131,68,68,39,63,29
2023-02-27,1046,138,46,97,38,92,59
2023-02-28,1046,116,80,76,39,36,37
2023-03-01,1046,120,73,73,29,47,44
2023-03-02,1046,129,85,88,29,44,59
2023-03-03,1046,149,68,81,44,81,37
2023-03-04,1046,147,73,91,45,74,46
2023-03-05,1046,136,76,75,34,60,41
2023-03-06,1046,108,71,93,46,37,47
2023-03-07,1046,106,78,68,42,28,26
2023-03-08,1046,146,78,72,48,68,24
2023-03-09,1046,127,73,63,34,54,29
2023-03-10,1046,141,72,90,29,69,61
2023-03-11,1046,140,83,68,47,57,21
2023-03-12,1046,137,86,88,32,51,56
2023-03-13,1046,121,97,66,44,24,22
2023-03-14,1046,102,74,56,31,28,25
2023-03-15,1046,145,73,63,41,72,22
2023-03-16,1046,142,83,56,36,59,20
2023-03-17,1046,136,96,67,45,40,22
2023-03-18,1046,123,88,80,34,35,46
2023-03-19,1046,109,83,85,45,26,40
2023-03-20,1046,111,83,98,37,28,61
2023-03-21,1046,148,90,70,36,58,34
2023-03-22,1046,142,75,94,36,67,58
2023-03-23,1046,121,79,53,46,42,7
2023-03-24,1046,121,84,70,48,37,22
2023-03-25,1046,136,63,55,41,73,14
2023-03-26,1046,101,93,82,43,8,39
2023-03-27,1046,100,95,74,55,5,19
2023-03-28,1046,115,89,73,43,26,30
2023-03-29,1046,142,75,97,45,67,52
2023-03-30,1046,127,73,55,46,54,9
2023-03-31,1046,104,82,89,45,22,44
2023-04-01,1046,100,77,51,45,23,6
2023-04-02,1046,121,90,82,43,31,39
2023-04-03,1046,126,68,98,31,58,67
2023-04-04,1046,129,74,100,48,55,52
2023-04-05,1046,111,69,70,45,42,25
2023-04-06,1046,110,68,54,36,42,18
2023-04-07,1046,149,67,56,44,82,12
2023-04-08,1046,102,86,55,42,16,13
2023-04-09,1046,138,70,57,44,68,13
2023-04-10,1046,126,75,70,32,51,38
2023-04-11,1046,147,76,93,40,71,53
2023-04-12,1046,105,83,86,36,22,50
2023-04-13,1046,119,78,51,42,41,9
2023-04-14,1046,119,52,57,40,67,17
2023-04-15,1046,137,92,96,32,45,64
2023-04-16,1046,144,82,54,37,62,17
2023-04-17,1046,148,64,100,41,84,59
2023-04-18,1046,123,85,52,37,38,15
2023-04-19,1046,136,82,98,33,54,65
2023-04-20,1046,122,70,59,39,52,20
2023-04-21,1046,127,74,70,37,53,33
2023-04-22,1046,145,77,74,35,68,39
2023-04-23,1046,125,90,85,43,35,42
2023-04-24,1046,126,92,95,41,34,54
2023-04-25,1046,136,69,51,44,67,7
2023-04-26,1046,113,76,57,41,37,16
2023-04-27,1046,106,79,79,41,27,38
2023-04-28,1046,122,64,88,37,58,51
2023-04-29,1046,142,75,55,37,67,18
2023-04-30,1046,136,86,93,39,50,54
2023-05-01,1046,126,88,54,45,38,9
2023-05-02,1046,135,86,76,39,49,37
2023-05-03,1046,148,75,54,35,73,19
2023-05-04,1046,131,78,85,49,53,36
2023-05-05,1046,107,77,64,41,30,23
2023-05-06,1046,102,81,63,33,21,30
2023-05-07,1046,116,88,97,29,28,68
2023-05-08,1046,127,80,73,38,47,35
2023-05-09,1046,126,96,79,38,30,41
2023-05-10,1046,148,81,64,33,67,31
2023-05-11,1046,142,76,50,39,66,11
2023-05-12,1046,101,74,52,40,27,12
2023-05-13,1046,143,75,84,29,68,55
2023-05-14,1046,112,78,79,41,34,38
2023-05-15,1046,121,80,98,43,41,55
2023-05-16,1046,126,69,94,42,57,52
2023-05-17,1046,121,88,87,43,33,44
2023-05-18,1046,115,74,88,34,41,54
2023-05-19,1046,117,70,64,43,47,21
2023-05-20,1046,113,84,70,33,29,37
2023-05-21,1046,102,73,97,46,29,51
2023-05-22,1046,100,65,61,38,35,23
2023-05-23,1046,139,72,100,42,67,58
2023-05-24,1046,147,84,92,41,63,51
2023-05-25,1046,101,70,56,51,31,5
2023-05-26,1046,131,90,65,43,41,22
2023-05-27,1046,140,70,62,40,70,22
2023-05-28,1046,117,97,80,39,20,41
2023-05-29,1046,145,89,70,36,56,34
2023-05-30,1046,101,72,59,39,29,20
2023-05-31,1046,144,86,91,45,58,46
2023-06-01,1046,118,85,59,43,33,16
2023-06-02,1046,120,81,79,36,39,43
2023-06-03,1046,127,83,57,40,44,17
2023-06-04,1046,149,69,91,43,80,48
2023-06-05,1046,115,92,95,40,23,55
2023-06-06,1046,129,88,57,39,41,18
2023-06-07,1046,140,82,80,36,58,44
2023-06-08,1046,120,69,76,43,51,33
2023-06-09,1046,147,75,94,42,72,52
2023-06-10,1046,131,71,78,36,60,42
2023-06-11,1046,123,61,60,42,62,18
2023-06-12,1046,137,59,68,39,78,29
2023-06-13,1046,100,84,52,41,16,11
2023-06-14,1046,119,91,98,40,28,58
2023-06-15,1046,117,100,98,44,17,54
2023-06-16,1046,108,81,75,38,27,37
2023-06-17,1046,100,85,73,47,15,26
2023-06-18,1046,115,81,52,31,34,21
2023-06-19,1046,123,72,94,41,51,53
2023-06-20,1046,123,76,78,42,47,36
2023-06-21,1046,124,91,57,44,33,13
2023-06-22,1046,129,70,58,42,59,16
2023-06-23,1046,105,90,73,47,15,26
2023-06-24,1046,102,84,55,30,18,25
2023-06-25,1046,121,80,56,50,41,6
2023-06-26,1046,125,91,60,44,34,16
2023-06-27,1046,148,78,52,43,70,9
2023-06-28,1046,135,77,57,44,58,13
2023-06-29,1046,100,72,67,43,28,24
2023-06-30,1046,124,93,81,44,31,37
2023-07-01,1046,138,83,71,38,55,33
2023-07-02,1046,121,81,95,39,40,56
2023-07-03,1046,142,75,68,47,67,21
2023-07-04,1046,116,101,56,39,15,17
2023-07-05,1046,138,81,82,30,57,52
2023-07-06,1046,125,79,71,45,46,26
2023-07-07,1046,144,73,97,33,71,64
2023-07-08,1046,138,73,66,35,65,31
2023-07-09,1046,102,77,75,37,25,38
2023-07-10,1046,123,87,71,41,36,30
2023-07-11,1046,148,78,93,36,70,57
2023-07-12,1046,123,89,76,43,34,33
2023-07-13,1046,150,84,62,40,66,22
2023-07-14,1046,131,95,88,38,36,50
2023-07-15,1046,143,67,66,45,76,21
2023-07-16,1046,121,80,75,42,41,33
2023-07-17,1046,132,83,98,36,49,62
2023-07-18,1046,132,70,66,40,62,26
2023-07-19,1046,150,67,88,47,83,41
2023-07-20,1046,142,67,63,39,75,24
2023-07-21,1046,110,97,55,33,13,22
2023-07-22,1046,102,75,97,37,27,60
2023-07-23,1046,138,71,61,34,67,27
2023-07-24,1046,149,73,74,33,76,41
2023-07-25,1046,100,69,74,45,31,29
2023-07-26,1046,123,82,73,41,41,32
2023-07-27,1046,140,76,72,39,64,33
2023-07-28,1046,138,85,94,36,53,58
2023-07-29,1046,106,82,100,46,24,54
2023-07-30,1046,108,82,88,38,26,50
2023-07-31,1046,146,92,66,49,54,17
2023-08-01,1046,143,80,85,45,63,40
2023-08-02,1046,117,82,100,44,35,56
2023-08-03,1046,118,81,68,39,37,29
2023-08-04,1046,109,80,58,39,29,19
2023-08-05,1046,128,79,69,32,49,37
2023-08-06,1046,119,77,65,36,42,29
2023-08-07,1046,113,96,75,29,17,46
2023-08-08,1046,113,71,65,35,42,30
2023-08-09,1046,131,71,58,35,60,23
2023-08-10,1046,128,70,51,32,58,19
2023-08-11,1046,140,70,62,47,70,15
2023-08-12,1046,100,73,59,39,27,20
2023-08-13,1046,107,88,80,37,19,43
2023-08-14,1046,117,69,72,34,48,38
2023-08-15,1046,107,87,90,36,20,54
2023-08-16,1046,122,80,96,41,42,55
2023-08-17,1046,114,79,82,45,35,37
2023-08-18,1046,132,91,81,36,41,45
2023-08-19,1046,105,79,87,50,26,37
2023-08-20,1046,125,86,99,48,39,51
2023-08-21,1046,142,86,79,41,56,38
2023-08-22,1046,145,83,71,28,62,43
2023-08-23,1046,115,77,55,40,38,15
2023-08-24,1046,150,80,91,44,70,47
2023-08-25,1046,146,97,72,37,49,35
2023-08-26,1046,116,91,71,39,25,32
2023-08-27,1046,100,84,58,39,16,19
2023-08-28,1046,117,76,79,39,41,40
2023-08-29,1046,122,58,85,43,64,42
2023-08-30,1046,139,81,72,43,58,29
2023-08-31,1046,145,84,82,34,61,48
2023-09-01,1046,115,65,59,49,50,10
2023-09-02,1046,111,82,98,50,29,48
2023-09-03,1046,149,67,89,44,82,45
2023-09-04,1046,122,73,81,33,49,48
2023-09-05,1046,136,79,60,37,57,23
2023-09-06,1046,144,71,64,31,73,33
2023-09-07,1046,142,76,93,56,66,37
2023-09-08,1046,142,91,85,33,51,52
2023-09-09,1046,148,78,80,47,70,33
2023-09-10,1046,118,67,54,41,51,13
2023-09-11,1046,132,75,58,44,57,14
2023-09-12,1046,119,87,73,39,32,34
2023-09-13,1046,140,95,91,41,45,50
2023-09-14,1046,148,86,94,50,62,44
2023-09-15,1046,111,84,61,45,27,16
2023-09-16,1046,105,94,95,39,11,56
2023-09-17,1046,128,88,86,47,40,39
2023-09-18,1046,127,71,86,30,56,56
2023-09-19,1046,137,103,56,30,34,26
2023-09-20,1046,146,71,54,32,75,22
2023-09-21,1046,109,96,69,34,13,35
2023-09-22,1046,147,79,69,41,68,28
2023-09-23,1046,121,72,52,37,49,15
2023-09-24,1046,143,67,50,40,76,10
2023-09-25,1046,145,86,99,40,59,59
2023-09-26,1046,143,85,84,37,58,47
2023-09-27,1046,137,72,56,30,65,26
2023-09-28,1046,107,86,91,45,21,46
2023-09-29,1046,103,75,87,34,28,53
2023-09-30,1046,139,92,62,37,47,25
2023-10-01,1046,127,64,89,47,63,42
2023-10-02,1046,149,76,54,55,73,-1
2023-10-03,1046,129,81,73,44,48,29
2023-10-04,1046,146,70,55,49,76,6
2023-10-05,1046,105,83,86,41,22,45
2023-10-06,1046,101,81,78,29,20,49
2023-10-07,1046,109,68,82,45,41,37
2023-10-08,1046,109,78,60,29,31,31
2023-10-09,1046,139,78,54,49,61,5
2023-10-10,1046,105,79,99,37,26,62
2023-10-11,1046,128,83,55,36,45,19
2023-10-12,1046,104,90,96,34,14,62
2023-10-13,1046,118,79,73,37,39,36
2023-10-14,1046,115,91,65,38,24,27
2023-10-15,1046,136,59,91,43,77,48
2023-10-16,1046,142,85,51,33,57,18
2023-10-17,1046,124,89,95,31,35,64
2023-10-18,1046,119,78,69,29,41,40
2023-10-19,1046,112,93,61,42,19,19
2023-10-20,1046,126,84,77,44,42,33
2023-10-21,1046,127,68,90,50,59,40
2023-10-22,1046,129,72,59,31,57,28
2023-10-23,1046,131,80,54,40,51,14
2023-10-24,1046,114,73,56,32,41,24
2023-10-25,1046,143,79,63,37,64,26
2023-10-26,1046,148,69,92,40,79,52
2023-10-27,1046,149,73,65,36,76,29
2023-10-28,1046,100,81,65,45,19,20
2023-10-29,1046,131,81,90,36,50,54
2023-10-30,1046,144,81,97,53,63,44
2023-10-31,1046,104,83,84,44,21,40
2023-11-01,1046,117,83,61,36,34,25
2023-11-02,1046,129,80,51,51,49,0
2023-11-03,1046,119,95,73,43,24,30
2023-11-04,1046,142,87,57,40,55,17
2023-11-05,1046,147,94,58,43,53,15
2023-11-06,1046,135,88,88,38,47,50
2023-11-07,1046,135,75,98,44,60,54
2023-11-08,1046,130,97,83,36,33,47
2023-11-09,1046,137,70,65,36,67,29
2023-11-10,1046,116,88,75,40,28,35
2023-11-11,1046,142,75,51,40,67,11
2023-11-12,1046,116,64,100,40,52,60
2023-11-13,1046,116,71,94,36,45,58
2023-11-14,1046,148,76,69,36,72,33
2023-11-15,1046,146,95,74,48,51,26
2023-11-16,1046,127,81,58,36,46,22
2023-11-17,1046,122,80,65,42,42,23
2023-11-18,1046,145,89,87,42,56,45
2023-11-19,1046,127,79,94,34,48,60
2023-11-20,1046,143,75,51,54,68,-3
2023-11-21,1046,145,80,96,44,65,52
2023-11-22,1046,150,73,77,33,77,44
2023-11-23,1046,110,85,80,40,25,40
2023-11-24,1046,132,89,59,38,43,21
2023-11-25,1046,126,80,94,36,46,58
2023-11-26,1046,138,75,89,39,63,50
2023-11-27,1046,109,83,56,42,26,14
2023-11-28,1046,108,82,52,47,26,5
2023-11-29,1046,138,80,67,42,58,25
2023-11-30,1046,139,73,76,40,66,36
2023-12-01,1046,121,79,81,35,42,46
2023-12-02,1046,144,87,57,29,57,28
2023-12-03,1046,110,85,63,47,25,16
2023-12-04,1046,130,88,71,43,42,28
2023-12-05,1046,125,98,83,39,27,44
2023-12-06,1046,119,86,53,47,33,6
2023-12-07,1046,122,66,98,37,56,61
2023-12-08,1046,142,87,59,33,55,26
2023-12-09,1046,144,75,61,38,69,23
2023-12-10,1046,143,74,65,43,69,22
2023-12-11,1046,121,85,87,36,36,51
2023-12-12,1046,111,81,83,39,30,44
2023-12-13,1046,149,76,66,34,73,32
2023-12-14,1046,104,85,66,45,19,21
2023-12-15,1046,145,89,72,45,56,27
2023-12-16,1046,107,78,54,42,29,12
2023-12-17,1046,150,74,64,37,76,27
2023-12-18,1046,118,86,58,50,32,8
2023-12-19,1046,125,81,74,41,44,33
2023-12-20,1046,137,68,76,37,69,39
2023-12-21,1046,103,72,50,34,31,16
2023-12-22,1046,113,88,81,44,25,37
2023-12-23,1046,105,63,78,33,42,45
2023-12-24,1046,133,74,100,40,59,60
2023-12-25,1046,131,78,92,38,53,54
2023-12-26,1046,113,69,77,44,44,33
2023-12-27,1046,130,68,98,32,62,66
2023-12-28,1046,149,62,75,27,87,48
2023-12-29,1046,132,72,55,45,60,10
2023-12-30,1046,122,84,64,34,38,30
2023-12-31,1046,131,85,50,34,46,16
2023-01-01,1047,141,68,84,46,73,38
2023-01-02,1047,109,68,85,38,41,47
2023-01-03,1047,122,92,68,37,30,31
2023-01-04,1047,129,79,97,49,50,48
2023-01-05,1047,101,88,96,40,13,56
2023-01-06,1047,106,93,81,44,13,37
2023-01-07,1047,126,86,77,36,40,41
2023-01-08,1047,150,76,75,51,74,24
2023-01-09,1047,113,84,97,35,29,62
2023-01-10,1047,143,96,75,37,47,38
2023-01-11,1047,125,83,100,51,42,49
2023-01-12,1047,116,91,67,52,25,15
2023-01-13,1047,111,78,65,50,33,15
2023-01-14,1047,145,73,56,33,72,23
2023-01-15,1047,105,92,100,33,13,67
2023-01-16,1047,134,91,81,27,43,54
2023-01-17,1047,113,81,60,38,32,22
2023-01-18,1047,120,78,70,53,42,17
2023-01-19,1047,108,91,78,42,17,36
2023-01-20,1047,105,73,100,43,32,57
2023-01-21,1047,115,83,53,61,32,-8
2023-01-22,1047,118,78,77,36,40,41
2023-01-23,1047,110,73,74,42,37,32
2023-01-24,1047,126,91,67,38,35,29
2023-01-25,1047,129,78,97,41,51,56
2023-01-26,1047,102,92,80,42,10,38
2023-01-27,1047,104,99,86,41,5,45
2023-01-28,1047,123,82,50,45,41,5
2023-01-29,1047,126,78,66,43,48,23
2023-01-30,1047,114,94,81,46,20,35
2023-01-31,1047,100,81,54,61,19,-7
2023-02-01,1047,142,82,92,34,60,58
2023-02-02,1047,113,81,58,39,32,19
2023-02-03,1047,113,92,77,42,21,35
2023-02-04,1047,131,76,87,43,55,44
2023-02-05,1047,104,77,88,33,27,55
2023-02-06,1047,121,61,51,42,60,9
2023-02-07,1047,105,91,78,33,14,45
2023-02-08,1047,145,70,56,44,75,12
2023-02-09,1047,149,91,81,49,58,32
2023-02-10,1047,122,104,99,39,18,60
2023-02-11,1047,148,84,96,30,64,66
2023-02-12,1047,126,72,96,41,54,55
2023-02-13,1047,113,88,91,41,25,50
2023-02-14,1047,139,77,97,39,62,58
2023-02-15,1047,121,84,56,38,37,18
2023-02-16,1047,129,67,76,36,62,40
2023-02-17,1047,137,98,90,41,39,49
2023-02-18,1047,113,74,82,43,39,39
2023-02-19,1047,133,86,70,34,47,36
2023-02-20,1047,104,92,95,41,12,54
2023-02-21,1047,140,91,81,29,49,52
2023-02-22,1047,126,91,62,36,35,26
2023-02-23,1047,115,68,82,47,47,35
2023-02-24,1047,120,74,65,57,46,8
2023-02-25,1047,104,70,60,36,34,24
2023-02-26,1047,118,68,93,38,50,55
2023-02-27,1047,127,85,57,29,42,28
2023-02-28,1047,116,80,61,30,36,31
2023-03-01,1047,129,92,77,37,37,40
2023-03-02,1047,138,62,53,35,76,18
2023-03-03,1047,132,64,90,38,68,52
2023-03-04,1047,137,82,95,44,55,51
2023-03-05,1047,132,88,92,40,44,52
2023-03-06,1047,114,82,74,33,32,41
2023-03-07,1047,100,56,52,37,44,15
2023-03-08,1047,140,56,65,41,84,24
2023-03-09,1047,144,86,80,43,58,37
2023-03-10,1047,135,76,54,35,59,19
2023-03-11,1047,115,81,53,38,34,15
2023-03-12,1047,103,81,94,45,22,49
2023-03-13,1047,117,64,66,37,53,29
2023-03-14,1047,146,73,94,46,73,48
2023-03-15,1047,117,75,87,45,42,42
2023-03-16,1047,135,85,77,40,50,37
2023-03-17,1047,114,72,74,33,42,41
2023-03-18,1047,113,81,53,31,32,22
2023-03-19,1047,116,89,83,32,27,51
2023-03-20,1047,111,83,51,46,28,5
2023-03-21,1047,121,75,61,36,46,25
2023-03-22,1047,106,82,57,43,24,14
2023-03-23,1047,101,86,73,38,15,35
2023-03-24,1047,146,82,62,35,64,27
2023-03-25,1047,131,69,89,45,62,44
2023-03-26,1047,108,85,82,42,23,40
2023-03-27,1047,105,72,56,37,33,19
2023-03-28,1047,121,72,78,55,49,23
2023-03-29,1047,136,90,90,48,46,42
2023-03-30,1047,108,101,55,44,7,11
2023-03-31,1047,134,106,75,44,28,31
2023-04-01,1047,149,76,57,44,73,13
2023-04-02,1047,100,81,100,45,19,55
2023-04-03,1047,124,80,58,53,44,5
2023-04-04,1047,134,68,87,37,66,50
2023-04-05,1047,119,84,89,34,35,55
2023-04-06,1047,115,89,77,35,26,42
2023-04-07,1047,132,83,85,34,49,51
2023-04-08,1047,141,78,93,44,63,49
2023-04-09,1047,114,76,67,38,38,29
2023-04-10,1047,130,100,56,36,30,20
2023-04-11,1047,122,75,97,48,47,49
2023-04-12,1047,150,60,74,41,90,33
2023-04-13,1047,138,74,71,45,64,26
2023-04-14,1047,146,82,74,51,64,23
2023-04-15,1047,127,75,95,32,52,63
2023-04-16,1047,128,78,79,45,50,34
2023-04-17,1047,149,81,75,48,68,27
2023-04-18,1047,101,74,73,46,27,27
2023-04-19,1047,125,70,77,48,55,29
2023-04-20,1047,128,87,80,52,41,28
2023-04-21,1047,100,74,51,51,26,0
2023-04-22,1047,124,86,95,42,38,53
2023-04-23,1047,119,82,79,42,37,37
2023-04-24,1047,129,76,74,46,53,28
2023-04-25,1047,141,88,51,41,53,10
2023-04-26,1047,140,66,88,35,74,53
2023-04-27,1047,120,80,86,38,40,48
2023-04-28,1047,110,82,81,47,28,34
2023-04-29,1047,139,77,62,34,62,28
2023-04-30,1047,137,89,81,44,48,37
2023-05-01,1047,111,105,68,45,6,23
2023-05-02,1047,100,66,87,51,34,36
2023-05-03,1047,120,79,75,48,41,27
2023-05-04,1047,120,79,88,35,41,53
2023-05-05,1047,114,92,87,40,22,47
2023-05-06,1047,116,78,64,42,38,22
2023-05-07,1047,141,82,76,51,59,25
2023-05-08,1047,100,92,90,38,8,52
2023-05-09,1047,115,84,72,42,31,30
2023-05-10,1047,143,82,94,36,61,58
2023-05-11,1047,137,72,99,40,65,59
2023-05-12,1047,127,90,92,37,37,55
2023-05-13,1047,108,72,50,42,36,8
2023-05-14,1047,125,65,98,38,60,60
2023-05-15,1047,119,80,88,44,39,44
2023-05-16,1047,107,79,58,49,28,9
2023-05-17,1047,132,88,87,34,44,53
2023-05-18,1047,104,88,97,49,16,48
2023-05-19,1047,105,69,90,53,36,37
2023-05-20,1047,148,82,68,30,66,38
2023-05-21,1047,148,80,73,54,68,19
2023-05-22,1047,129,88,71,37,41,34
2023-05-23,1047,103,82,64,35,21,29
2023-05-24,1047,110,83,89,37,27,52
2023-05-25,1047,108,83,85,40,25,45
2023-05-26,1047,102,91,64,39,11,25
2023-05-27,1047,130,88,68,47,42,21
2023-05-28,1047,118,70,80,46,48,34
2023-05-29,1047,120,90,58,40,30,18
2023-05-30,1047,136,89,84,42,47,42
2023-05-31,1047,138,86,56,51,52,5
2023-06-01,1047,101,69,72,40,32,32
2023-06-02,1047,135,72,70,45,63,25
2023-06-03,1047,128,73,60,47,55,13
2023-06-04,1047,118,87,68,50,31,18
2023-06-05,1047,122,88,88,32,34,56
2023-06-06,1047,104,80,76,43,24,33
2023-06-07,1047,147,79,86,38,68,48
2023-06-08,1047,126,77,77,34,49,43
2023-06-09,1047,106,80,99,38,26,61
2023-06-10,1047,123,82,56,33,41,23
2023-06-11,1047,135,88,60,39,47,21
2023-06-12,1047,114,80,58,39,34,19
2023-06-13,1047,126,85,77,35,41,42
2023-06-14,1047,120,70,93,38,50,55
2023-06-15,1047,131,82,82,48,49,34
2023-06-16,1047,105,78,66,38,27,28
2023-06-17,1047,103,84,63,38,19,25
2023-06-18,1047,104,93,97,40,11,57
2023-06-19,1047,113,83,91,41,30,50
2023-06-20,1047,110,72,86,41,38,45
2023-06-21,1047,139,70,93,38,69,55
2023-06-22,1047,137,73,92,32,64,60
2023-06-23,1047,143,80,82,44,63,38
2023-06-24,1047,123,68,65,40,55,25
2023-06-25,1047,125,107,85,48,18,37
2023-06-26,1047,116,91,94,34,25,60
2023-06-27,1047,104,84,54,38,20,16
2023-06-28,1047,135,83,83,35,52,48
2023-06-29,1047,129,85,89,49,44,40
2023-06-30,1047,106,77,76,45,29,31
2023-07-01,1047,133,89,54,38,44,16
2023-07-02,1047,129,82,99,40,47,59
2023-07-03,1047,110,82,52,35,28,17
2023-07-04,1047,101,80,95,46,21,49
2023-07-05,1047,131,53,75,38,78,37
2023-07-06,1047,149,90,70,43,59,27
2023-07-07,1047,130,87,95,34,43,61
2023-07-08,1047,135,86,77,42,49,35
2023-07-09,1047,127,85,70,43,42,27
2023-07-10,1047,104,71,88,35,33,53
2023-07-11,1047,133,73,86,50,60,36
2023-07-12,1047,139,84,56,39,55,17
2023-07-13,1047,136,77,80,42,59,38
2023-07-14,1047,127,87,89,51,40,38
2023-07-15,1047,116,80,52,41,36,11
2023-07-16,1047,147,91,90,37,56,53
2023-07-17,1047,134,76,90,35,58,55
2023-07-18,1047,119,98,52,38,21,14
2023-07-19,1047,146,77,51,34,69,17
2023-07-20,1047,131,84,65,26,47,39
2023-07-21,1047,117,73,85,43,44,42
2023-07-22,1047,103,77,76,43,26,33
2023-07-23,1047,104,84,71,27,20,44
2023-07-24,1047,118,115,99,33,3,66
2023-07-25,1047,118,86,91,30,32,61
2023-07-26,1047,118,67,52,31,51,21
2023-07-27,1047,107,85,92,34,22,58
2023-07-28,1047,150,74,68,38,76,30
2023-07-29,1047,122,79,54,41,43,13
2023-07-30,1047,115,70,100,41,45,59
2023-07-31,1047,131,75,86,37,56,49
2023-08-01,1047,110,79,82,32,31,50
2023-08-02,1047,105,79,55,47,26,8
2023-08-03,1047,130,82,57,41,48,16
2023-08-04,1047,126,88,56,48,38,8
2023-08-05,1047,137,88,56,45,49,11
2023-08-06,1047,116,83,100,41,33,59
2023-08-07,1047,101,83,98,42,18,56
2023-08-08,1047,147,79,57,35,68,22
2023-08-09,1047,117,85,97,43,32,54
2023-08-10,1047,136,79,65,37,57,28
2023-08-11,1047,103,74,59,33,29,26
2023-08-12,1047,109,82,60,38,27,22
2023-08-13,1047,109,73,91,35,36,56
2023-08-14,1047,111,82,70,36,29,34
2023-08-15,1047,148,68,64,39,80,25
2023-08-16,1047,107,83,75,42,24,33
2023-08-17,1047,137,66,64,34,71,30
2023-08-18,1047,116,63,67,32,53,35
2023-08-19,1047,121,74,99,49,47,50
2023-08-20,1047,149,74,83,38,75,45
2023-08-21,1047,115,97,68,36,18,32
2023-08-22,1047,129,91,50,40,38,10
2023-08-23,1047,131,76,86,41,55,45
2023-08-24,1047,130,61,83,51,69,32
2023-08-25,1047,127,80,81,42,47,39
2023-08-26,1047,141,84,50,45,57,5
2023-08-27,1047,142,82,55,33,60,22
2023-08-28,1047,112,87,80,34,25,46
2023-08-29,1047,140,80,73,29,60,44
2023-08-30,1047,114,65,98,37,49,61
2023-08-31,1047,109,66,53,37,43,16
2023-09-01,1047,111,75,63,41,36,22
2023-09-02,1047,107,84,61,43,23,18
2023-09-03,1047,113,86,50,40,27,10
2023-09-04,1047,146,80,88,37,66,51
2023-09-05,1047,136,61,56,43,75,13
2023-09-06,1047,119,71,83,51,48,32
2023-09-07,1047,124,77,53,49,47,4
2023-09-08,1047,143,59,76,30,84,46
2023-09-09,1047,118,76,63,49,42,14
2023-09-10,1047,106,65,77,27,41,50
2023-09-11,1047,117,65,55,36,52,19
2023-09-12,1047,140,84,79,41,56,38
2023-09-13,1047,111,71,72,34,40,38
2023-09-14,1047,127,86,83,50,41,33
2023-09-15,1047,105,106,74,50,-1,24
2023-09-16,1047,143,74,83,42,69,41
2023-09-17,1047,150,81,97,38,69,59
2023-09-18,1047,111,76,99,49,35,50
2023-09-19,1047,132,84,81,44,48,37
2023-09-20,1047,139,76,84,35,63,49
2023-09-21,1047,104,81,76,25,23,51
2023-09-22,1047,114,91,70,45,23,25
2023-09-23,1047,116,82,86,43,34,43
2023-09-24,1047,123,80,93,42,43,51
2023-09-25,1047,138,57,100,38,81,62
2023-09-26,1047,112,85,62,37,27,25
2023-09-27,1047,106,87,71,32,19,39
2023-09-28,1047,112,80,96,35,32,61
2023-09-29,1047,129,86,73,34,43,39
2023-09-30,1047,110,87,94,26,23,68
2023-10-01,1047,135,78,82,59,57,23
2023-10-02,1047,145,90,58,53,55,5
2023-10-03,1047,148,87,71,36,61,35
2023-10-04,1047,109,83,81,41,26,40
2023-10-05,1047,111,78,55,51,33,4
2023-10-06,1047,125,96,89,30,29,59
2023-10-07,1047,117,74,92,47,43,45
2023-10-08,1047,147,74,56,26,73,30
2023-10-09,1047,123,71,59,31,52,28
2023-10-10,1047,150,93,79,52,57,27
2023-10-11,1047,133,72,98,45,61,53
2023-10-12,1047,106,72,88,40,34,48
2023-10-13,1047,127,85,77,44,42,33
2023-10-14,1047,110,74,78,32,36,46
2023-10-15,1047,125,72,68,41,53,27
2023-10-16,1047,109,91,65,29,18,36
2023-10-17,1047,140,89,83,45,51,38
2023-10-18,1047,109,76,55,34,33,21
2023-10-19,1047,107,83,65,33,24,32
2023-10-20,1047,140,78,94,41,62,53
2023-10-21,1047,120,80,54,45,40,9
2023-10-22,1047,123,90,97,45,33,52
2023-10-23,1047,150,84,74,43,66,31
2023-10-24,1047,109,72,98,43,37,55
2023-10-25,1047,136,78,84,39,58,45
2023-10-26,1047,112,72,66,36,40,30
2023-10-27,1047,102,84,73,47,18,26
2023-10-28,1047,107,86,82,37,21,45
2023-10-29,1047,103,71,58,40,32,18
2023-10-30,1047,134,77,59,44,57,15
2023-10-31,1047,129,77,59,31,52,28
2023-11-01,1047,149,68,58,41,81,17
2023-11-02,1047,144,65,70,31,79,39
2023-11-03,1047,148,82,73,47,66,26
2023-11-04,1047,119,88,100,35,31,65
2023-11-05,1047,102,86,90,41,16,49
2023-11-06,1047,103,78,69,47,25,22
2023-11-07,1047,132,97,87,47,35,40
2023-11-08,1047,104,79,77,43,25,34
2023-11-09,1047,121,82,76,40,39,36
2023-11-10,1047,135,77,58,49,58,9
2023-11-11,1047,144,87,79,44,57,35
2023-11-12,1047,144,76,95,48,68,47
2023-11-13,1047,122,62,60,35,60,25
2023-11-14,1047,118,72,66,43,46,23
2023-11-15,1047,140,73,88,42,67,46
2023-11-16,1047,111,64,74,50,47,24
2023-11-17,1047,123,79,78,33,44,45
2023-11-18,1047,129,72,65,35,57,30
2023-11-19,1047,148,58,75,45,90,30
2023-11-20,1047,121,89,65,37,32,28
2023-11-21,1047,150,83,50,29,67,21
2023-11-22,1047,148,74,57,38,74,19
2023-11-23,1047,132,89,57,36,43,21
2023-11-24,1047,102,81,51,42,21,9
2023-11-25,1047,126,74,90,39,52,51
2023-11-26,1047,133,71,50,56,62,-6
2023-11-27,1047,131,68,72,42,63,30
2023-11-28,1047,101,79,72,32,22,40
2023-11-29,1047,119,89,87,52,30,35
2023-11-30,1047,107,99,99,40,8,59
2023-12-01,1047,119,84,74,42,35,32
2023-12-02,1047,107,100,84,45,7,39
2023-12-03,1047,129,73,65,41,56,24
2023-12-04,1047,113,72,87,40,41,47
2023-12-05,1047,116,66,74,46,50,28
2023-12-06,1047,111,82,95,46,29,49
2023-12-07,1047,100,74,59,29,26,30
2023-12-08,1047,100,84,74,38,16,36
2023-12-09,1047,134,81,83,37,53,46
2023-12-10,1047,142,75,97,35,67,62
2023-12-11,1047,124,104,78,49,20,29
2023-12-12,1047,108,76,80,39,32,41
2023-12-13,1047,141,82,77,45,59,32
2023-12-14,1047,130,86,98,37,44,61
2023-12-15,1047,147,92,58,48,55,10
2023-12-16,1047,135,66,96,40,69,56
2023-12-17,1047,104,88,69,47,16,22
2023-12-18,1047,124,62,68,34,62,34
2023-12-19,1047,143,77,65,38,66,27
2023-12-20,1047,127,79,73,52,48,21
2023-12-21,1047,139,84,58,35,55,23
2023-12-22,1047,123,82,77,44,41,33
2023-12-23,1047,114,70,86,34,44,52
2023-12-24,1047,136,58,74,33,78,41
2023-12-25,1047,113,80,74,47,33,27
2023-12-26,1047,148,88,60,46,60,14
2023-12-27,1047,132,85,53,42,47,11
2023-12-28,1047,148,79,52,44,69,8
2023-12-29,1047,104,93,65,38,11,27
2023-12-30,1047,105,79,100,45,26,55
2023-12-31,1047,111,79,51,40,32,11
2023-01-01,1048,136,91,77,45,45,32
2023-01-02,1048,146,84,99,36,62,63
2023-01-03,1048,128,78,71,52,50,19
2023-01-04,1048,141,78,59,30,63,29
2023-01-05,1048,150,82,72,34,68,38
2023-01-06,1048,132,83,57,42,49,15
2023-01-07,1048,138,62,88,42,76,46
2023-01-08,1048,142,78,75,39,64,36
2023-01-09,1048,116,88,77,43,28,34
2023-01-10,1048,129,73,66,42,56,24
2023-01-11,1048,106,76,66,40,30,26
2023-01-12,1048,106,63,64,43,43,21
2023-01-13,1048,109,74,77,44,35,33
2023-01-14,1048,147,85,73,42,62,31
2023-01-15,1048,146,82,97,37,64,60
2023-01-16,1048,122,79,61,52,43,9
2023-01-17,1048,136,88,53,36,48,17
2023-01-18,1048,149,85,63,45,64,18
2023-01-19,1048,141,88,71,48,53,23
2023-01-20,1048,146,78,85,58,68,27
2023-01-21,1048,137,101,68,40,36,28
2023-01-22,1048,125,89,95,38,36,57
2023-01-23,1048,140,80,56,41,60,15
2023-01-24,1048,108,90,93,40,18,53
2023-01-25,1048,141,79,56,48,62,8
2023-01-26,1048,129,80,62,50,49,12
2023-01-27,1048,100,75,70,40,25,30
2023-01-28,1048,143,87,69,34,56,35
2023-01-29,1048,119,66,72,39,53,33
2023-01-30,1048,107,83,99,49,24,50
2023-01-31,1048,114,74,52,41,40,11
2023-02-01,1048,111,76,65,36,35,29
2023-02-02,1048,109,75,94,43,34,51
2023-02-03,1048,123,68,90,38,55,52
2023-02-04,1048,132,82,50,42,50,8
2023-02-05,1048,129,75,91,28,54,63
2023-02-06,1048,135,77,99,35,58,64
2023-02-07,1048,148,77,56,39,71,17
2023-02-08,1048,139,66,68,47,73,21
2023-02-09,1048,132,88,51,47,44,4
2023-02-10,1048,135,68,78,34,67,44
2023-02-11,1048,140,76,58,52,64,6
2023-02-12,1048,133,80,100,32,53,68
2023-02-13,1048,143,89,84,41,54,43
2023-02-14,1048,117,62,93,32,55,61
2023-02-15,1048,110,80,59,42,30,17
2023-02-16,1048,105,77,56,45,28,11
2023-02-17,1048,135,81,81,47,54,34
2023-02-18,1048,148,90,100,33,58,67
2023-02-19,1048,103,72,77,38,31,39
2023-02-20,1048,147,90,87,32,57,55
2023-02-21,1048,146,55,59,36,91,23
2023-02-22,1048,136,95,75,51,41,24
2023-02-23,1048,132,96,96,39,36,57
2023-02-24,1048,135,86,71,39,49,32
2023-02-25,1048,115,90,95,49,25,46
2023-02-26,1048,141,68,75,39,73,36
2023-02-27,1048,117,74,86,43,43,43
2023-02-28,1048,123,74,66,36,49,30
2023-03-01,1048,100,75,78,44,25,34
2023-03-02,1048,123,70,60,32,53,28
2023-03-03,1048,131,71,77,34,60,43
2023-03-04,1048,129,92,64,45,37,19
2023-03-05,1048,137,89,75,37,48,38
2023-03-06,1048,139,87,95,34,52,61
2023-03-07,1048,107,83,85,31,24,54
2023-03-08,1048,118,81,85,47,37,38
2023-03-09,1048,143,74,75,36,69,39
2023-03-10,1048,116,84,80,28,32,52
2023-03-11,1048,114,70,80,34,44,46
2023-03-12,1048,119,79,79,45,40,34
2023-03-13,1048,148,67,55,50,81,5
2023-03-14,1048,124,79,74,41,45,33
2023-03-15,1048,149,74,84,50,75,34
2023-03-16,1048,122,65,59,30,57,29
2023-03-17,1048,150,66,64,49,84,15
2023-03-18,1048,134,77,85,38,57,47
2023-03-19,1048,110,86,79,42,24,37
2023-03-20,1048,143,77,86,41,66,45
2023-03-21,1048,102,72,81,39,30,42
2023-03-22,1048,146,75,73,40,71,33
2023-03-23,1048,122,97,51,32,25,19
2023-03-24,1048,106,79,58,28,27,30
2023-03-25,1048,111,103,60,35,8,25
2023-03-26,1048,146,76,64,32,70,32
2023-03-27,1048,127,67,67,32,60,35
2023-03-28,1048,124,81,54,38,43,16
2023-03-29,1048,105,63,88,33,42,55
2023-03-30,1048,123,70,94,36,53,58
2023-03-31,1048,148,76,67,53,72,14
2023-04-01,1048,134,95,55,37,39,18
2023-04-02,1048,137,80,78,41,57,37
2023-04-03,1048,132,78,81,40,54,41
2023-04-04,1048,132,85,86,27,47,59
2023-04-05,1048,116,66,78,43,50,35
2023-04-06,1048,133,99,57,38,34,19
2023-04-07,1048,101,78,65,36,23,29
2023-04-08,1048,109,76,90,45,33,45
2023-04-09,1048,122,75,80,33,47,47
2023-04-10,1048,145,73,68,50,72,18
2023-04-11,1048,140,75,75,53,65,22
2023-04-12,1048,129,76,81,38,53,43
2023-04-13,1048,116,79,78,39,37,39
2023-04-14,1048,105,77,80,31,28,49
2023-04-15,1048,147,80,60,42,67,18
2023-04-16,1048,133,77,63,31,56,32
2023-04-17,1048,123,83,97,34,40,63
2023-04-18,1048,106,74,65,38,32,27
2023-04-19,1048,110,64,99,38,46,61
2023-04-20,1048,129,74,64,38,55,26
2023-04-21,1048,112,73,61,43,39,18
2023-04-22,1048,112,97,62,46,15,16
2023-04-23,1048,125,87,93,44,38,49
2023-04-24,1048,106,82,58,39,24,19
2023-04-25,1048,102,102,59,41,0,18
2023-04-26,1048,145,59,85,46,86,39
2023-04-27,1048,104,80,87,48,24,39
2023-04-28,1048,118,90,52,47,28,5
2023-04-29,1048,125,81,98,45,44,53
2023-04-30,1048,112,87,77,36,25,41
2023-05-01,1048,132,76,63,48,56,15
2023-05-02,1048,138,90,88,44,48,44
2023-05-03,1048,147,91,50,34,56,16
2023-05-04,1048,121,81,74,50,40,24
2023-05-05,1048,141,81,92,54,60,38
2023-05-06,1048,122,85,90,58,37,32
2023-05-07,1048,138,81,59,35,57,24
2023-05-08,1048,102,89,64,32,13,32
2023-05-09,1048,104,68,65,56,36,9
2023-05-10,1048,104,79,70,38,25,32
2023-05-11,1048,109,77,79,44,32,35
2023-05-12,1048,101,98,71,42,3,29
2023-05-13,1048,147,84,93,38,63,55
2023-05-14,1048,142,81,57,42,61,15
2023-05-15,1048,128,92,53,47,36,6
2023-05-16,1048,116,79,60,23,37,37
2023-05-17,1048,127,98,89,43,29,46
2023-05-18,1048,128,79,59,43,49,16
2023-05-19,1048,100,74,77,42,26,35
2023-05-20,1048,150,65,68,39,85,29
2023-05-21,1048,139,81,50,42,58,8
2023-05-22,1048,119,89,93,55,30,38
2023-05-23,1048,125,88,73,42,37,31
2023-05-24,1048,142,79,55,42,63,13
2023-05-25,1048,136,82,65,49,54,16
2023-05-26,1048,115,83,64,28,32,36
2023-05-27,1048,144,79,87,40,65,47
2023-05-28,1048,149,73,90,41,76,49
2023-05-29,1048,149,79,64,36,70,28
2023-05-30,1048,133,81,88,35,52,53
2023-05-31,1048,104,84,87,32,20,55
2023-06-01,1048,102,81,96,45,21,51
2023-06-02,1048,130,77,71,35,53,36
2023-06-03,1048,148,77,100,51,71,49
2023-06-04,1048,142,67,58,36,75,22
2023-06-05,1048,101,78,52,34,23,18
2023-06-06,1048,113,89,98,28,24,70
2023-06-07,1048,150,76,71,38,74,33
2023-06-08,1048,138,88,67,43,50,24
2023-06-09,1048,123,93,52,37,30,15
2023-06-10,1048,114,86,76,39,28,37
2023-06-11,1048,105,66,81,37,39,44
2023-06-12,1048,139,79,65,35,60,30
2023-06-13,1048,133,69,87,45,64,42
2023-06-14,1048,114,79,87,45,35,42
2023-06-15,1048,119,72,72,42,47,30
2023-06-16,1048,136,91,86,36,45,50
2023-06-17,1048,112,78,54,34,34,20
2023-06-18,1048,127,85,77,31,42,46
2023-06-19,1048,119,64,73,33,55,40
2023-06-20,1048,107,73,65,35,34,30
2023-06-21,1048,138,82,58,49,56,9
2023-06-22,1048,107,69,87,30,38,57
2023-06-23,1048,110,91,52,30,19,22
2023-06-24,1048,146,89,88,40,57,48
2023-06-25,1048,109,86,76,46,23,30
2023-06-26,1048,139,77,98,46,62,52
2023-06-27,1048,114,75,72,44,39,28
2023-06-28,1048,103,57,80,40,46,40
2023-06-29,1048,141,89,53,42,52,11
2023-06-30,1048,121,90,57,42,31,15
2023-07-01,1048,132,88,74,42,44,32
2023-07-02,1048,137,78,78,35,59,43
2023-07-03,1048,124,91,83,48,33,35
2023-07-04,1048,136,80,96,39,56,57
2023-07-05,1048,116,78,55,36,38,19
2023-07-06,1048,133,85,83,33,48,50
2023-07-07,1048,150,74,71,44,76,27
2023-07-08,1048,146,89,97,43,57,54
2023-07-09,1048,120,87,67,40,33,27
2023-07-10,1048,118,82,64,46,36,18
2023-07-11,1048,123,89,97,45,34,52
2023-07-12,1048,138,70,79,33,68,46
2023-07-13,1048,121,68,53,32,53,21
2023-07-14,1048,122,79,92,45,43,47
2023-07-15,1048,138,79,60,37,59,23
2023-07-16,1048,122,74,52,44,48,8
2023-07-17,1048,133,85,86,35,48,51
2023-07-18,1048,114,82,98,34,32,64
2023-07-19,1048,106,67,87,36,39,51
2023-07-20,1048,146,65,96,38,81,58
2023-07-21,1048,143,93,88,49,50,39
2023-07-22,1048,118,90,57,42,28,15
2023-07-23,1048,138,72,76,56,66,20
2023-07-24,1048,105,85,90,45,20,45
2023-07-25,1048,111,83,83,45,28,38
2023-07-26,1048,109,99,87,41,10,46
2023-07-27,1048,102,78,68,44,24,24
2023-07-28,1048,120,80,62,46,40,16
2023-07-29,1048,120,89,54,39,31,15
2023-07-30,1048,147,64,92,35,83,57
2023-07-31,1048,135,92,79,42,43,37
2023-08-01,1048,150,83,65,44,67,21
2023-08-02,1048,109,89,76,39,20,37
2023-08-03,1048,111,81,88,49,30,39
2023-08-04,1048,139,76,51,42,63,9
2023-08-05,1048,123,78,61,26,45,35
2023-08-06,1048,134,71,73,47,63,26
2023-08-07,1048,127,78,71,53,49,18
2023-08-08,1048,116,85,69,49,31,20
2023-08-09,1048,125,86,87,47,39,40
2023-08-10,1048,147,85,57,44,62,13
2023-08-11,1048,121,73,100,33,48,67
2023-08-12,1048,129,76,75,28,53,47
2023-08-13,1048,113,77,57,42,36,15
2023-08-14,1048,107,77,91,46,30,45
2023-08-15,1048,115,80,73,39,35,34
2023-08-16,1048,128,86,73,34,42,39
2023-08-17,1048,148,90,86,49,58,37
2023-08-18,1048,134,79,78,47,55,31
2023-08-19,1048,124,96,90,27,28,63
2023-08-20,1048,132,81,95,35,51,60
2023-08-21,1048,114,90,51,42,24,9
2023-08-22,1048,121,86,88,41,35,47
2023-08-23,1048,147,70,61,33,77,28
2023-08-24,1048,127,82,92,36,45,56
2023-08-25,1048,113,69,60,41,44,19
2023-08-26,1048,119,57,89,36,62,53
2023-08-27,1048,112,79,79,35,33,44
2023-08-28,1048,106,94,55,48,12,7
2023-08-29,1048,104,68,87,39,36,48
2023-08-30,1048,110,76,83,36,34,47
2023-08-31,1048,139,80,86,30,59,56
2023-09-01,1048,105,72,56,46,33,10
2023-09-02,1048,150,89,59,33,61,26
2023-09-03,1048,137,77,86,35,60,51
2023-09-04,1048,121,81,74,40,40,34
2023-09-05,1048,129,74,94,37,55,57
2023-09-06,1048,142,95,68,41,47,27
2023-09-07,1048,150,73,61,37,77,24
2023-09-08,1048,119,85,52,36,34,16
2023-09-09,1048,104,71,63,53,33,10
2023-09-10,1048,150,82,97,41,68,56
2023-09-11,1048,143,92,82,41,51,41
2023-09-12,1048,114,92,68,41,22,27
2023-09-13,1048,127,78,51,41,49,10
2023-09-14,1048,105,74,96,41,31,55
2023-09-15,1048,107,73,50,37,34,13
2023-09-16,1048,140,85,92,40,55,52
2023-09-17,1048,105,81,75,55,24,20
2023-09-18,1048,112,76,94,44,36,50
2023-09-19,1048,115,76,57,40,39,17
2023-09-20,1048,121,84,88,42,37,46
2023-09-21,1048,114,84,100,35,30,65
2023-09-22,1048,130,73,53,32,57,21
2023-09-23,1048,124,69,73,42,55,31
2023-09-24,1048,120,79,83,39,41,44
2023-09-25,1048,130,81,54,36,49,18
2023-09-26,1048,138,63,98,35,75,63
2023-09-27,1048,143,81,52,35,62,17
2023-09-28,1048,135,68,97,46,67,51
2023-09-29,1048,125,76,100,46,49,54
2023-09-30,1048,105,83,65,39,22,26
2023-10-01,1048,123,81,71,40,42,31
2023-10-02,1048,110,70,65,50,40,15
2023-10-03,1048,147,90,66,40,57,26
2023-10-04,1048,131,81,53,44,50,9
2023-10-05,1048,120,89,65,30,31,35
2023-10-06,1048,142,91,65,36,51,29
2023-10-07,1048,126,63,91,31,63,60
2023-10-08,1048,117,76,90,40,41,50
2023-10-09,1048,124,75,85,33,49,52
2023-10-10,1048,131,94,50,44,37,6
2023-10-11,1048,135,88,68,34,47,34
2023-10-12,1048,121,81,74,37,40,37
2023-10-13,1048,109,78,70,43,31,27
2023-10-14,1048,115,85,85,34,30,51
2023-10-15,1048,102,87,90,34,15,56
2023-10-16,1048,141,80,55,43,61,12
2023-10-17,1048,115,71,92,37,44,55
2023-10-18,1048,131,98,61,52,33,9
2023-10-19,1048,125,79,84,50,46,34
2023-10-20,1048,129,72,64,33,57,31
2023-10-21,1048,141,89,96,38,52,58
2023-10-22,1048,123,77,59,31,46,28
2023-10-23,1048,126,75,81,39,51,42
2023-10-24,1048,105,88,51,40,17,11
2023-10-25,1048,107,57,53,33,50,20
2023-10-26,1048,116,74,52,39,42,13
2023-10-27,1048,138,89,73,35,49,38
2023-10-28,1048,146,80,68,55,66,13
2023-10-29,1048,128,78,74,44,50,30
2023-10-30,1048,119,86,70,41,33,29
2023-10-31,1048,136,87,89,37,49,52
2023-11-01,1048,115,70,61,37,45,24
2023-11-02,1048,122,80,85,34,42,51
2023-11-03,1048,125,72,78,46,53,32
2023-11-04,1048,129,77,77,41,52,36
2023-11-05,1048,149,73,69,30,76,39
2023-11-06,1048,100,73,50,36,27,14
2023-11-07,1048,126,78,60,33,48,27
2023-11-08,1048,118,93,52,38,25,14
2023-11-09,1048,132,85,71,34,47,37
2023-11-10,1048,106,82,91,42,24,49
2023-11-11,1048,100,70,98,43,30,55
2023-11-12,1048,107,87,84,45,20,39
2023-11-13,1048,144,63,52,48,81,4
2023-11-14,1048,144,76,53,48,68,5
2023-11-15,1048,120,69,66,52,51,14
2023-11-16,1048,123,87,92,39,36,53
2023-11-17,1048,106,79,66,42,27,24
2023-11-18,1048,104,93,95,30,11,65
2023-11-19,1048,121,84,79,47,37,32
2023-11-20,1048,125,80,51,39,45,12
2023-11-21,1048,147,66,61,41,81,20
2023-11-22,1048,104,74,83,40,30,43
2023-11-23,1048,118,92,100,44,26,56
2023-11-24,1048,113,70,52,34,43,18
2023-11-25,1048,112,80,61,35,32,26
2023-11-26,1048,136,64,82,37,72,45
2023-11-27,1048,115,85,86,37,30,49
2023-11-28,1048,148,88,56,31,60,25
2023-11-29,1048,103,85,59,43,18,16
2023-11-30,1048,115,101,59,30,14,29
2023-12-01,1048,122,111,91,45,11,46
2023-12-02,1048,150,94,52,50,56,2
2023-12-03,1048,111,101,71,43,10,28
2023-12-04,1048,145,71,79,43,74,36
2023-12-05,1048,118,78,80,52,40,28
2023-12-06,1048,127,89,89,43,38,46
2023-12-07,1048,124,55,77,51,69,26
2023-12-08,1048,132,71,71,40,61,31
2023-12-09,1048,143,79,76,48,64,28
2023-12-10,1048,148,78,69,32,70,37
2023-12-11,1048,137,82,96,42,55,54
2023-12-12,1048,107,104,95,44,3,51
2023-12-13,1048,126,90,74,48,36,26
2023-12-14,1048,107,85,77,53,22,24
2023-12-15,1048,145,74,59,33,71,26
2023-12-16,1048,148,83,57,37,65,20
2023-12-17,1048,138,88,81,42,50,39
2023-12-18,1048,133,68,82,31,65,51
2023-12-19,1048,124,89,98,43,35,55
2023-12-20,1048,116,85,98,29,31,69
2023-12-21,1048,133,90,68,38,43,30
2023-12-22,1048,101,78,62,46,23,16
2023-12-23,1048,104,67,52,39,37,13
2023-12-24,1048,150,86,97,27,64,70
2023-12-25,1048,136,72,82,41,64,41
2023-12-26,1048,120,78,80,39,42,41
2023-12-27,1048,145,78,89,35,67,54
2023-12-28,1048,111,70,82,33,41,49
2023-12-29,1048,108,93,66,50,15,16
2023-12-30,1048,103,75,60,45,28,15
2023-12-31,1048,109,78,79,47,31,32
